0.89514111836656 2.4593266540535 0.200363775049706 -0.172332756738931 0.613698368432558 1 1 1 2 2 1 1 0 0 0 1 0 0 1 0 1 2 1 2 2 0 1 2 1 1 1 1 0 2 2 2 2 0 1 2 0 0 0 1 0 1 0 0 1 2 2 2 2 0 0 0 1 2 0 1 2 2 2 2 2 1 1 0 2 2 1 0 2 1 1 2 2 1 0 0 1 1 0 0 1 0 0 1 2 2 2 2 2 0 1 0 0 0 2 2 2 0 0 2 1 1 1 1 2 2 1 1 0 0 0 1 0 0 1 0 1 2 1 2 2 0 1 2 1 1 1 1 0 2 2 2 2 0 1 2 0 0 0 1 0 1 0 0 1 2 2 2 2 0 0 0 1 2 0 1 2 2 2 2 2 1 1 0 2 2 1 0 2 1 1 2 2 1 0 0 1 1 0 0 1 0 0 1 2 2 2 2 2 0 1 0 0 0 2 2 2 0 0 2 1 1
-0.349252048451752 0.192133392802629 -1.47043326474457 1.19119162193117 3.00221717167636 1 2 0 1 0 0 2 1 2 2 2 2 0 1 0 1 1 1 1 2 0 0 2 1 1 2 2 0 2 2 1 2 1 2 2 2 2 0 1 0 2 1 1 1 1 2 0 2 0 1 0 1 2 0 0 2 2 1 1 2 1 2 1 2 1 1 0 1 1 0 2 2 0 1 0 0 1 0 0 2 2 0 1 2 1 2 2 2 1 2 0 1 1 2 0 0 0 0 2 2 0 2 0 1 0 0 2 1 2 2 2 2 0 1 0 1 1 1 1 2 0 0 2 1 1 2 2 0 2 2 1 2 1 2 2 2 2 0 1 0 2 1 1 1 1 2 0 2 0 1 0 1 2 0 0 2 2 1 1 2 1 2 1 2 1 1 0 1 1 0 2 2 0 1 0 0 1 0 0 2 2 0 1 2 1 2 2 2 1 2 0 1 1 2 0 0 0 0 2 2 0
1.44164339061841 -0.355756958054684 -1.38114450522938 0.353472502251505 -0.29637337922924 1 2 1 0 1 0 1 1 2 2 2 2 0 2 0 2 2 1 1 2 0 0 2 1 0 1 2 0 1 0 1 1 0 2 2 1 1 0 2 0 2 1 2 2 1 1 0 2 0 0 0 0 2 0 1 2 1 1 1 0 0 2 1 2 0 1 1 2 0 1 2 2 0 0 1 1 2 2 1 2 0 0 1 0 1 2 2 2 1 2 0 1 1 2 1 2 1 1 2 2 1 2 1 0 1 0 1 1 2 2 2 2 0 2 0 2 2 1 1 2 0 0 2 1 0 1 2 0 1 0 1 1 0 2 2 1 1 0 2 0 2 1 2 2 1 1 0 2 0 0 0 0 2 0 1 2 1 1 1 0 0 2 1 2 0 1 1 2 0 1 2 2 0 0 1 1 2 2 1 2 0 0 1 0 1 2 2 2 1 2 0 1 1 2 1 2 1 1 2 2 1
-0.550852128436441 0.365433376413372 -0.453650805134859 0.603222060194714 -1.08200872406481 1 2 1 2 2 0 1 1 2 1 1 1 0 2 1 2 2 1 2 2 0 0 2 1 1 2 1 0 2 2 1 2 0 1 2 1 1 0 2 0 2 2 0 0 1 1 0 2 1 1 0 1 2 0 0 1 0 0 1 0 0 2 2 2 1 2 1 2 0 0 1 2 0 0 0 0 1 2 1 2 2 0 2 1 1 2 2 1 0 2 2 2 1 2 2 2 0 0 0 1 0 2 1 2 2 0 1 1 2 1 1 1 0 2 1 2 2 1 2 2 0 0 2 1 1 2 1 0 2 2 1 2 0 1 2 1 1 0 2 0 2 2 0 0 1 1 0 2 1 1 0 1 2 0 0 1 0 0 1 0 0 2 2 2 1 2 1 2 0 0 1 2 0 0 0 0 1 2 1 2 2 0 2 1 1 2 2 1 0 2 2 2 1 2 2 2 0 0 0 1 0
-0.0567891810641895 -1.49285238720355 0.51564354445192 0.110319295140485 -0.855439606209259 1 2 2 1 2 1 0 1 1 1 2 2 0 2 1 2 1 0 2 2 0 1 2 2 0 2 1 0 0 1 1 2 0 2 2 2 2 1 2 0 2 0 1 1 0 1 1 2 0 0 0 1 2 0 1 2 2 1 1 1 0 2 1 2 1 1 0 2 1 2 2 2 0 0 0 1 2 1 1 2 2 0 1 1 0 2 2 2 0 1 1 2 1 2 1 1 0 0 2 2 1 2 2 1 2 1 0 1 1 1 2 2 0 2 1 2 1 0 2 2 0 1 2 2 0 2 1 0 0 1 1 2 0 2 2 2 2 1 2 0 2 0 1 1 0 1 1 2 0 0 0 1 2 0 1 2 2 1 1 1 0 2 1 2 1 1 0 2 1 2 2 2 0 0 0 1 2 1 1 2 2 0 1 1 0 2 2 2 0 1 1 2 1 2 1 1 0 0 2 2 1
0.319803295081655 -0.159820743125562 1.1581912234951 0.377340930600993 -0.785540249742367 1 1 0 0 1 0 1 0 1 2 2 2 0 1 0 0 2 2 1 2 0 0 2 0 1 1 0 0 1 1 1 2 0 2 2 1 1 0 2 1 1 1 0 0 2 2 1 2 0 1 1 2 2 0 1 1 1 1 1 1 0 1 1 2 1 0 0 1 0 2 2 2 0 0 0 2 1 2 1 2 0 0 0 1 0 2 2 0 0 1 0 1 1 2 1 1 1 1 2 1 0 1 0 0 1 0 1 0 1 2 2 2 0 1 0 0 2 2 1 2 0 0 2 0 1 1 0 0 1 1 1 2 0 2 2 1 1 0 2 1 1 1 0 0 2 2 1 2 0 1 1 2 2 0 1 1 1 1 1 1 0 1 1 2 1 0 0 1 0 2 2 2 0 0 0 2 1 2 1 2 0 0 0 1 0 2 2 0 0 1 0 1 1 2 1 1 1 1 2 1 0
-1.59318011939159 1.57449277703248 -0.355449439405878 -0.832470143986734 0.745626968435143 1 2 1 2 2 1 2 0 0 0 1 1 0 2 0 1 2 2 2 2 0 0 1 1 1 2 0 0 1 1 1 1 0 1 2 1 1 0 1 0 1 1 2 1 1 1 0 2 0 1 0 0 1 0 1 2 0 1 1 1 1 2 2 2 1 1 1 2 1 2 2 2 0 0 0 0 0 1 2 2 2 0 1 2 1 2 2 2 0 2 2 1 0 2 1 0 0 1 2 1 0 2 1 2 2 1 2 0 0 0 1 1 0 2 0 1 2 2 2 2 0 0 1 1 1 2 0 0 1 1 1 1 0 1 2 1 1 0 1 0 1 1 2 1 1 1 0 2 0 1 0 0 1 0 1 2 0 1 1 1 1 2 2 2 1 1 1 2 1 2 2 2 0 0 0 0 0 1 2 2 2 0 1 2 1 2 2 2 0 2 2 1 0 2 1 0 0 1 2 1 0
-0.273366392164175 0.307142701014278 -0.0719959553061972 0.0623195643583823 -0.244333129187017 1 2 2 1 2 0 1 0 0 0 2 2 0 1 0 2 2 0 2 2 0 1 2 1 2 2 1 1 2 2 2 2 0 1 2 2 1 1 2 0 1 1 1 1 1 1 0 2 0 0 0 1 2 0 0 0 1 2 2 1 0 0 0 2 2 2 0 2 1 1 2 2 0 0 0 0 1 1 0 2 1 0 2 2 0 2 1 1 0 1 2 1 2 2 1 1 0 0 2 2 1 2 2 1 2 0 1 0 0 0 2 2 0 1 0 2 2 0 2 2 0 1 2 1 2 2 1 1 2 2 2 2 0 1 2 2 1 1 2 0 1 1 1 1 1 1 0 2 0 0 0 1 2 0 0 0 1 2 2 1 0 0 0 2 2 2 0 2 1 1 2 2 0 0 0 0 1 1 0 2 1 0 2 2 0 2 1 1 0 1 2 1 2 2 1 1 0 0 2 2 1
-0.333604219738264 1.35015024912513 -0.375410178291314 0.90045667535067 0.508773551171781 1 1 0 2 1 0 2 0 1 2 2 2 0 2 0 2 2 0 2 2 0 2 2 1 1 2 1 0 1 1 2 2 0 2 1 0 0 0 1 0 1 0 1 1 0 0 1 2 1 2 1 1 2 0 1 2 1 1 0 0 0 0 1 2 2 1 0 1 0 1 1 2 0 0 1 2 1 0 0 0 1 1 1 2 0 2 2 2 2 1 1 1 1 2 1 2 0 1 2 2 0 1 0 2 1 0 2 0 1 2 2 2 0 2 0 2 2 0 2 2 0 2 2 1 1 2 1 0 1 1 2 2 0 2 1 0 0 0 1 0 1 0 1 1 0 0 1 2 1 2 1 1 2 0 1 2 1 1 0 0 0 0 1 2 2 1 0 1 0 1 1 2 0 0 1 2 1 0 0 0 1 1 1 2 0 2 2 2 2 1 1 1 1 2 1 2 0 1 2 2 0
0.408615318608051 -0.123562606557154 0.330009085368677 0.660352743628904 0.967040078458737 1 2 1 1 2 1 2 1 1 0 2 2 0 1 0 2 2 2 2 1 0 1 2 0 1 2 0 0 2 1 1 2 1 2 2 1 2 1 1 0 2 2 1 1 1 1 1 2 1 1 0 2 1 0 1 2 1 1 0 1 0 0 1 2 2 2 0 1 0 0 0 2 0 0 0 0 1 1 1 2 1 0 1 2 0 2 2 2 0 2 1 1 1 2 1 1 0 0 2 1 0 2 1 1 2 1 2 1 1 0 2 2 0 1 0 2 2 2 2 1 0 1 2 0 1 2 0 0 2 1 1 2 1 2 2 1 2 1 1 0 2 2 1 1 1 1 1 2 1 1 0 2 1 0 1 2 1 1 0 1 0 0 1 2 2 2 0 1 0 0 0 2 0 0 0 0 1 1 1 2 1 0 1 2 0 2 2 2 0 2 1 1 1 2 1 1 0 0 2 1 0
-1.1635234985405 1.0821396339694 -0.264955294833244 -0.00903843496347196 1.56452486119209 -1 2 0 1 0 0 2 0 1 1 2 1 0 2 0 0 1 1 2 2 0 0 2 0 0 2 1 0 1 2 2 2 0 2 2 2 2 0 2 0 2 1 1 1 0 1 0 1 1 2 0 1 2 0 0 1 0 0 1 0 0 1 1 2 0 0 0 2 1 2 2 2 0 0 0 0 1 1 1 2 1 0 1 2 1 2 2 2 2 2 1 1 2 2 1 2 0 0 1 1 0 -2 0 -1 0 0 -2 0 -1 -1 -2 -1 0 -2 0 0 -1 -1 -2 -2 0 0 -2 0 0 -2 -1 0 -1 -2 -2 -2 0 -2 -2 -2 -2 0 -2 0 -2 -1 -1 -1 0 -1 0 -1 -1 -2 0 -1 -2 0 0 -1 0 0 -1 0 0 -1 -1 -2 0 0 0 -2 -1 -2 -2 -2 0 0 0 0 -1 -1 -1 -2 -1 0 -1 -2 -1 -2 -2 -2 -2 -2 -1 -1 -2 -2 -1 -2 0 0 -1 -1 0
0.469753225938527 -0.166961924372391 0.313079444349741 1.02923070085311 -0.738132062254646 -1 2 0 2 1 1 2 0 0 0 2 1 0 1 0 1 1 1 2 2 0 2 2 1 0 2 1 0 2 2 2 2 0 1 2 0 1 0 1 0 2 0 1 2 1 1 2 2 1 2 1 2 2 0 0 1 2 2 1 1 2 2 1 2 1 0 0 2 0 0 2 2 0 1 0 0 1 0 0 0 0 0 0 1 0 2 2 2 0 2 1 2 1 2 1 2 0 0 1 2 0 -2 0 -2 -1 -1 -2 0 0 0 -2 -1 0 -1 0 -1 -1 -1 -2 -2 0 -2 -2 -1 0 -2 -1 0 -2 -2 -2 -2 0 -1 -2 0 -1 0 -1 0 -2 0 -1 -2 -1 -1 -2 -2 -1 -2 -1 -2 -2 0 0 -1 -2 -2 -1 -1 -2 -2 -1 -2 -1 0 0 -2 0 0 -2 -2 0 -1 0 0 -1 0 0 0 0 0 0 -1 0 -2 -2 -2 0 -2 -1 -2 -1 -2 -1 -2 0 0 -1 -2 0
-1.04619382893973 1.3479461683358 0.11320099577702 0.466760207130774 -0.221819585027421 -1 1 1 2 1 1 2 1 1 0 1 1 0 2 0 0 1 0 1 2 0 0 2 0 1 0 1 0 2 2 2 2 0 1 2 0 2 1 2 0 2 1 2 1 1 1 0 2 1 1 0 0 2 0 0 1 1 1 1 1 0 2 1 2 1 0 0 2 0 2 2 2 0 1 1 1 2 2 0 2 0 0 1 1 0 1 2 2 1 2 0 0 2 2 1 1 0 1 2 2 1 -1 -1 -2 -1 -1 -2 -1 -1 0 -1 -1 0 -2 0 0 -1 0 -1 -2 0 0 -2 0 -1 0 -1 0 -2 -2 -2 -2 0 -1 -2 0 -2 -1 -2 0 -2 -1 -2 -1 -1 -1 0 -2 -1 -1 0 0 -2 0 0 -1 -1 -1 -1 -1 0 -2 -1 -2 -1 0 0 -2 0 -2 -2 -2 0 -1 -1 -1 -2 -2 0 -2 0 0 -1 -1 0 -1 -2 -2 -1 -2 0 0 -2 -2 -1 -1 0 -1 -2 -2 -1
-0.367710846994392 0.126044067856395 0.31558615763715 -0.520149900010118 -0.306190515785947 1 2 0 1 1 0 0 1 2 2 2 1 0 2 0 1 2 1 0 1 0 1 2 1 1 1 1 0 2 1 1 1 0 1 2 1 2 1 1 0 2 2 1 1 0 1 0 2 0 1 0 0 2 0 2 2 2 2 0 0 0 2 2 2 0 0 0 2 0 2 2 2 0 0 0 1 1 2 1 2 2 0 0 1 0 1 1 1 0 1 1 2 2 2 2 2 2 1 2 2 0 2 0 1 1 0 0 1 2 2 2 1 0 2 0 1 2 1 0 1 0 1 2 1 1 1 1 0 2 1 1 1 0 1 2 1 2 1 1 0 2 2 1 1 0 1 0 2 0 1 0 0 2 0 2 2 2 2 0 0 0 2 2 2 0 0 0 2 0 2 2 2 0 0 0 1 1 2 1 2 2 0 0 1 0 1 1 1 0 1 1 2 2 2 2 2 2 1 2 2 0
0.130025320614607 0.473291523988737 0.327973971203435 0.3402129393796 0.896641027642185 -1 2 1 2 2 2 2 0 0 0 1 2 0 2 1 1 2 1 2 2 0 0 1 1 0 0 0 0 1 2 2 1 0 2 2 1 2 0 2 0 1 1 2 1 0 0 0 1 0 0 0 1 1 0 1 1 1 1 1 1 0 1 0 2 1 1 1 2 0 1 2 2 1 0 0 1 2 1 1 2 1 0 1 2 1 2 2 2 0 1 1 2 1 2 1 1 0 0 1 2 0 -2 -1 -2 -2 -2 -2 0 0 0 -1 -2 0 -2 -1 -1 -2 -1 -2 -2 0 0 -1 -1 0 0 0 0 -1 -2 -2 -1 0 -2 -2 -1 -2 0 -2 0 -1 -1 -2 -1 0 0 0 -1 0 0 0 -1 -1 0 -1 -1 -1 -1 -1 -1 0 -1 0 -2 -1 -1 -1 -2 0 -1 -2 -2 -1 0 0 -1 -2 -1 -1 -2 -1 0 -1 -2 -1 -2 -2 -2 0 -1 -1 -2 -1 -2 -1 -1 0 0 -1 -2 0
-1.19229381356682 -1.25155045462572 -0.0304899983306652 0.410273277841323 0.120320983680395 1 2 1 1 2 1 0 0 0 0 0 0 0 2 0 1 1 1 2 2 0 2 2 1 2 2 2 0 1 1 0 1 0 1 2 2 1 0 2 0 1 1 1 1 2 2 0 2 0 1 0 2 2 0 0 1 1 1 0 0 1 1 1 2 2 1 1 1 0 1 2 2 1 0 0 1 1 2 0 0 2 1 2 2 1 2 2 2 0 1 0 2 1 2 2 2 0 1 2 2 1 2 1 1 2 1 0 0 0 0 0 0 0 2 0 1 1 1 2 2 0 2 2 1 2 2 2 0 1 1 0 1 0 1 2 2 1 0 2 0 1 1 1 1 2 2 0 2 0 1 0 2 2 0 0 1 1 1 0 0 1 1 1 2 2 1 1 1 0 1 2 2 1 0 0 1 1 2 0 0 2 1 2 2 1 2 2 2 0 1 0 2 1 2 2 2 0 1 2 2 1
0.105791763575288 -0.487547078629787 -0.275692832857903 -0.282440464840426 0.109934108916915 -1 2 0 0 2 1 2 0 0 2 2 1 0 2 0 2 2 2 2 2 1 2 2 0 1 2 0 0 1 2 2 2 0 2 2 1 2 0 0 0 2 2 1 2 1 2 0 2 1 2 0 0 1 0 1 1 2 1 1 1 0 1 1 2 2 1 1 2 2 2 2 2 0 1 0 0 0 1 0 2 1 0 2 1 0 1 2 2 1 2 1 1 1 2 2 2 0 0 1 1 0 -2 0 0 -2 -1 -2 0 0 -2 -2 -1 0 -2 0 -2 -2 -2 -2 -2 -1 -2 -2 0 -1 -2 0 0 -1 -2 -2 -2 0 -2 -2 -1 -2 0 0 0 -2 -2 -1 -2 -1 -2 0 -2 -1 -2 0 0 -1 0 -1 -1 -2 -1 -1 -1 0 -1 -1 -2 -2 -1 -1 -2 -2 -2 -2 -2 0 -1 0 0 0 -1 0 -2 -1 0 -2 -1 0 -1 -2 -2 -1 -2 -1 -1 -1 -2 -2 -2 0 0 -1 -1 0
0.168616756180051 2.18684636322856 -1.38537332693005 -2.20265198433254 -2.26870343496602 1 2 1 1 1 0 0 0 1 1 2 1 0 2 1 2 2 2 2 2 0 0 1 0 2 2 1 0 2 2 0 1 0 2 1 0 0 0 1 0 0 0 1 0 0 1 1 2 1 1 1 0 2 0 1 2 2 2 2 2 1 2 2 2 1 0 0 0 0 1 2 2 0 0 0 1 1 1 0 1 1 0 0 0 0 1 2 1 0 1 1 2 1 2 1 2 0 1 2 2 1 2 1 1 1 0 0 0 1 1 2 1 0 2 1 2 2 2 2 2 0 0 1 0 2 2 1 0 2 2 0 1 0 2 1 0 0 0 1 0 0 0 1 0 0 1 1 2 1 1 1 0 2 0 1 2 2 2 2 2 1 2 2 2 1 0 0 0 0 1 2 2 0 0 0 1 1 1 0 1 1 0 0 0 0 1 2 1 0 1 1 2 1 2 1 2 0 1 2 2 1
-0.0545656675717062 0.864608651070468 -0.562847890846297 1.13404572061723 0.27245068906727 1 2 2 1 1 0 0 1 1 1 2 2 0 2 1 2 2 1 1 1 0 1 2 1 1 2 0 0 1 2 1 2 0 2 2 0 0 0 1 0 2 1 1 1 0 1 0 2 0 1 0 0 1 0 0 0 1 1 0 0 0 0 1 2 1 0 0 1 0 1 2 2 0 0 0 0 1 1 1 1 1 0 0 1 0 2 2 2 1 2 1 1 1 2 1 1 0 0 1 2 1 2 2 1 1 0 0 1 1 1 2 2 0 2 1 2 2 1 1 1 0 1 2 1 1 2 0 0 1 2 1 2 0 2 2 0 0 0 1 0 2 1 1 1 0 1 0 2 0 1 0 0 1 0 0 0 1 1 0 0 0 0 1 2 1 0 0 1 0 1 2 2 0 0 0 0 1 1 1 1 1 0 0 1 0 2 2 2 1 2 1 1 1 2 1 1 0 0 1 2 1
0.110164542423712 0.57093627386163 0.105448603785087 -0.256636222423751 -1.33401758850149 -1 2 0 2 1 0 1 1 0 1 2 1 0 2 0 1 2 1 2 2 0 0 2 1 1 2 2 0 2 1 1 2 0 2 2 1 2 0 1 0 2 1 1 1 0 1 0 1 0 1 0 1 1 0 1 2 2 2 1 2 2 2 0 2 2 1 0 2 1 2 2 2 0 0 0 1 1 1 0 2 1 0 1 0 0 2 2 2 2 2 1 1 0 2 0 0 0 0 2 2 0 -2 0 -2 -1 0 -1 -1 0 -1 -2 -1 0 -2 0 -1 -2 -1 -2 -2 0 0 -2 -1 -1 -2 -2 0 -2 -1 -1 -2 0 -2 -2 -1 -2 0 -1 0 -2 -1 -1 -1 0 -1 0 -1 0 -1 0 -1 -1 0 -1 -2 -2 -2 -1 -2 -2 -2 0 -2 -2 -1 0 -2 -1 -2 -2 -2 0 0 0 -1 -1 -1 0 -2 -1 0 -1 0 0 -2 -2 -2 -2 -2 -1 -1 0 -2 0 0 0 0 -2 -2 0
0.448204072458449 0.0387670332101731 -0.835641449695612 0.535669715422754 0.552318084301348 -1 2 1 2 2 1 2 1 0 0 1 2 0 2 1 1 1 0 0 2 1 1 2 1 1 2 1 0 2 1 2 2 0 2 2 0 1 0 1 0 2 0 1 2 0 1 1 2 0 1 0 1 1 0 2 2 2 2 2 1 1 1 1 2 1 2 1 2 0 1 2 2 0 0 0 0 1 2 0 2 1 0 1 1 0 2 2 1 0 1 0 1 2 2 2 1 0 0 2 2 0 -2 -1 -2 -2 -1 -2 -1 0 0 -1 -2 0 -2 -1 -1 -1 0 0 -2 -1 -1 -2 -1 -1 -2 -1 0 -2 -1 -2 -2 0 -2 -2 0 -1 0 -1 0 -2 0 -1 -2 0 -1 -1 -2 0 -1 0 -1 -1 0 -2 -2 -2 -2 -2 -1 -1 -1 -1 -2 -1 -2 -1 -2 0 -1 -2 -2 0 0 0 0 -1 -2 0 -2 -1 0 -1 -1 0 -2 -2 -1 0 -1 0 -1 -2 -2 -2 -1 0 0 -2 -2 0
-1.19111188525782 0.470968083489353 0.279150045123601 -1.24589538204019 1.28187203608029 1 2 1 2 2 2 2 0 0 0 2 1 0 2 0 1 2 0 1 2 0 0 1 0 2 2 1 0 2 2 2 2 0 0 2 0 1 0 1 0 2 1 0 2 1 2 1 2 0 1 0 1 1 0 0 2 0 0 0 1 1 2 2 2 1 2 0 1 1 2 2 2 0 0 0 1 0 1 1 2 0 0 0 1 0 1 2 0 1 2 0 1 1 2 2 1 0 1 2 2 0 2 1 2 2 2 2 0 0 0 2 1 0 2 0 1 2 0 1 2 0 0 1 0 2 2 1 0 2 2 2 2 0 0 2 0 1 0 1 0 2 1 0 2 1 2 1 2 0 1 0 1 1 0 0 2 0 0 0 1 1 2 2 2 1 2 0 1 1 2 2 2 0 0 0 1 0 1 1 2 0 0 0 1 0 1 2 0 1 2 0 1 1 2 2 1 0 1 2 2 0
0.0303969579625446 -0.260891395878624 -1.93198260356501 0.567504119393238 1.33974793678153 -1 2 1 2 2 0 1 0 0 1 2 0 0 2 1 1 1 0 1 2 0 0 1 0 1 2 1 0 1 1 1 1 0 1 2 0 0 0 0 0 0 1 0 0 0 0 0 2 0 1 0 0 1 0 0 2 1 1 1 1 1 2 1 2 2 1 0 2 0 0 1 2 0 0 1 2 2 1 1 2 0 0 2 2 0 1 2 2 1 1 0 1 1 2 2 1 0 0 2 2 0 -2 -1 -2 -2 0 -1 0 0 -1 -2 0 0 -2 -1 -1 -1 0 -1 -2 0 0 -1 0 -1 -2 -1 0 -1 -1 -1 -1 0 -1 -2 0 0 0 0 0 0 -1 0 0 0 0 0 -2 0 -1 0 0 -1 0 0 -2 -1 -1 -1 -1 -1 -2 -1 -2 -2 -1 0 -2 0 0 -1 -2 0 0 -1 -2 -2 -1 -1 -2 0 0 -2 -2 0 -1 -2 -2 -1 -1 0 -1 -1 -2 -2 -1 0 0 -2 -2 0
0.271949546737446 0.230351297532657 2.81338082877741 -0.366667973633019 -1.46063590053398 -1 2 1 2 2 0 1 0 1 1 1 1 0 2 0 2 2 2 2 2 0 2 2 2 2 2 1 0 2 2 2 2 0 2 2 0 1 0 2 0 1 0 0 1 2 1 0 2 1 2 1 0 2 1 2 2 1 0 2 2 2 2 1 2 2 1 0 2 1 2 2 2 0 0 0 1 2 2 2 2 1 0 0 1 0 2 2 2 1 2 0 2 1 2 2 1 0 0 1 2 1 -2 -1 -2 -2 0 -1 0 -1 -1 -1 -1 0 -2 0 -2 -2 -2 -2 -2 0 -2 -2 -2 -2 -2 -1 0 -2 -2 -2 -2 0 -2 -2 0 -1 0 -2 0 -1 0 0 -1 -2 -1 0 -2 -1 -2 -1 0 -2 -1 -2 -2 -1 0 -2 -2 -2 -2 -1 -2 -2 -1 0 -2 -1 -2 -2 -2 0 0 0 -1 -2 -2 -2 -2 -1 0 0 -1 0 -2 -2 -2 -1 -2 0 -2 -1 -2 -2 -1 0 0 -1 -2 -1
-0.431349219826637 -0.409976770478964 1.51795414680377 0.628549157993646 -0.00851221422764155 -1 2 1 1 1 0 0 1 2 1 2 2 0 1 0 1 1 0 2 2 1 2 2 1 1 1 2 0 1 2 2 2 0 1 2 1 2 0 1 0 1 1 1 0 0 0 0 2 1 2 1 1 1 0 0 2 2 1 2 2 1 1 1 2 1 2 1 2 1 1 2 2 0 0 0 0 2 2 1 2 1 0 2 2 2 2 2 2 2 2 1 1 1 2 2 2 1 1 2 2 0 -2 -1 -1 -1 0 0 -1 -2 -1 -2 -2 0 -1 0 -1 -1 0 -2 -2 -1 -2 -2 -1 -1 -1 -2 0 -1 -2 -2 -2 0 -1 -2 -1 -2 0 -1 0 -1 -1 -1 0 0 0 0 -2 -1 -2 -1 -1 -1 0 0 -2 -2 -1 -2 -2 -1 -1 -1 -2 -1 -2 -1 -2 -1 -1 -2 -2 0 0 0 0 -2 -2 -1 -2 -1 0 -2 -2 -2 -2 -2 -2 -2 -2 -1 -1 -1 -2 -2 -2 -1 -1 -2 -2 0
-0.741270361108427 0.096834251020051 0.098877694394369 -0.66189565030736 1.26414239813136 1 2 0 2 1 0 1 0 1 1 2 2 0 2 0 2 2 1 1 1 1 2 2 2 0 1 0 0 0 1 1 2 0 0 2 1 0 0 1 0 1 1 2 1 2 2 0 2 0 0 0 0 2 0 0 2 1 1 1 1 0 1 2 2 1 1 1 2 1 2 2 2 0 0 0 1 1 1 2 2 1 0 1 2 1 2 2 2 0 2 2 2 0 2 2 2 0 0 1 2 1 2 0 2 1 0 1 0 1 1 2 2 0 2 0 2 2 1 1 1 1 2 2 2 0 1 0 0 0 1 1 2 0 0 2 1 0 0 1 0 1 1 2 1 2 2 0 2 0 0 0 0 2 0 0 2 1 1 1 1 0 1 2 2 1 1 1 2 1 2 2 2 0 0 0 1 1 1 2 2 1 0 1 2 1 2 2 2 0 2 2 2 0 2 2 2 0 0 1 2 1
1.30326018400368 0.873499055279526 -0.421762618599263 -2.05869011778636 0.998447155393827 1 2 2 1 2 0 1 1 1 2 2 0 0 2 0 2 2 1 2 2 0 1 2 2 2 2 2 1 2 2 2 2 2 2 2 2 2 0 2 0 2 1 0 1 1 2 1 2 0 1 0 0 2 0 0 1 0 0 1 0 0 2 1 2 1 0 1 2 1 1 2 2 0 0 0 0 1 1 0 2 1 0 1 1 0 1 2 1 1 2 1 2 2 2 1 2 2 0 2 2 1 2 2 1 2 0 1 1 1 2 2 0 0 2 0 2 2 1 2 2 0 1 2 2 2 2 2 1 2 2 2 2 2 2 2 2 2 0 2 0 2 1 0 1 1 2 1 2 0 1 0 0 2 0 0 1 0 0 1 0 0 2 1 2 1 0 1 2 1 1 2 2 0 0 0 0 1 1 0 2 1 0 1 1 0 1 2 1 1 2 1 2 2 2 1 2 2 0 2 2 1
1.23847058338833 -0.303251436994588 -0.714055339153728 -1.48072134703985 -0.789255308294203 -1 1 0 1 1 0 0 0 1 0 2 1 0 2 0 2 2 1 2 2 0 1 2 2 2 2 2 1 1 1 1 1 0 2 2 2 2 0 1 0 2 1 1 1 1 1 0 0 0 0 0 2 2 0 0 1 0 0 0 0 0 1 0 2 2 2 1 1 1 2 2 2 0 0 0 1 1 1 1 2 2 1 2 1 1 2 2 2 1 2 1 1 2 2 2 2 0 2 2 1 0 -1 0 -1 -1 0 0 0 -1 0 -2 -1 0 -2 0 -2 -2 -1 -2 -2 0 -1 -2 -2 -2 -2 -2 -1 -1 -1 -1 -1 0 -2 -2 -2 -2 0 -1 0 -2 -1 -1 -1 -1 -1 0 0 0 0 0 -2 -2 0 0 -1 0 0 0 0 0 -1 0 -2 -2 -2 -1 -1 -1 -2 -2 -2 0 0 0 -1 -1 -1 -1 -2 -2 -1 -2 -1 -1 -2 -2 -2 -1 -2 -1 -1 -2 -2 -2 -2 0 -2 -2 -1 0
-0.580048798843743 -0.739228662813234 -0.0291555080599108 -0.732037747144381 2.31619526040558 -1 2 2 2 1 0 1 0 2 1 2 2 1 2 1 2 2 1 2 2 1 1 2 0 2 2 1 1 2 1 1 2 1 2 2 1 2 0 2 0 2 2 2 1 0 0 0 2 0 2 0 1 2 0 0 1 1 1 2 1 1 1 1 2 1 2 1 2 0 2 2 2 0 0 1 1 0 2 2 2 1 0 1 2 1 2 2 2 0 1 1 2 1 2 1 2 1 1 2 2 0 -2 -2 -2 -1 0 -1 0 -2 -1 -2 -2 -1 -2 -1 -2 -2 -1 -2 -2 -1 -1 -2 0 -2 -2 -1 -1 -2 -1 -1 -2 -1 -2 -2 -1 -2 0 -2 0 -2 -2 -2 -1 0 0 0 -2 0 -2 0 -1 -2 0 0 -1 -1 -1 -2 -1 -1 -1 -1 -2 -1 -2 -1 -2 0 -2 -2 -2 0 0 -1 -1 0 -2 -2 -2 -1 0 -1 -2 -1 -2 -2 -2 0 -1 -1 -2 -1 -2 -1 -2 -1 -1 -2 -2 0
0.924757546305234 1.49851840752714 0.0760769426731474 -0.770114291132799 -1.10444306335743 -1 1 1 2 1 1 1 0 0 1 2 1 0 0 0 1 1 0 1 2 0 0 2 1 2 2 1 0 2 2 2 2 0 1 2 2 0 0 0 0 1 1 1 0 1 2 1 2 1 1 0 1 1 0 0 2 2 1 0 0 0 1 2 2 1 1 0 2 1 2 2 2 0 0 0 1 1 1 1 2 0 0 0 1 0 2 1 1 0 2 0 1 2 2 2 1 0 0 1 2 0 -1 -1 -2 -1 -1 -1 0 0 -1 -2 -1 0 0 0 -1 -1 0 -1 -2 0 0 -2 -1 -2 -2 -1 0 -2 -2 -2 -2 0 -1 -2 -2 0 0 0 0 -1 -1 -1 0 -1 -2 -1 -2 -1 -1 0 -1 -1 0 0 -2 -2 -1 0 0 0 -1 -2 -2 -1 -1 0 -2 -1 -2 -2 -2 0 0 0 -1 -1 -1 -1 -2 0 0 0 -1 0 -2 -1 -1 0 -2 0 -1 -2 -2 -2 -1 0 0 -1 -2 0
0.756795741699362 -1.63320099981147 -0.996685118323617 0.464355480649078 0.34114156008884 -1 2 2 2 2 0 1 0 1 1 1 1 0 2 0 1 2 0 2 2 0 1 2 0 0 2 1 1 2 2 2 2 1 2 2 1 0 0 1 0 1 1 1 0 0 0 0 2 0 1 0 0 2 0 0 1 0 1 0 2 1 2 2 2 2 2 0 2 1 2 2 2 0 0 0 1 2 1 1 2 1 0 1 2 0 2 2 0 0 2 2 1 1 2 2 1 0 0 2 2 1 -2 -2 -2 -2 0 -1 0 -1 -1 -1 -1 0 -2 0 -1 -2 0 -2 -2 0 -1 -2 0 0 -2 -1 -1 -2 -2 -2 -2 -1 -2 -2 -1 0 0 -1 0 -1 -1 -1 0 0 0 0 -2 0 -1 0 0 -2 0 0 -1 0 -1 0 -2 -1 -2 -2 -2 -2 -2 0 -2 -1 -2 -2 -2 0 0 0 -1 -2 -1 -1 -2 -1 0 -1 -2 0 -2 -2 0 0 -2 -2 -1 -1 -2 -2 -1 0 0 -2 -2 -1
-1.31529788872784 -0.927233820583514 -1.30013711917654 -1.16691652336261 -0.673565704867306 -1 2 0 1 2 1 1 0 0 1 1 1 0 2 0 2 2 1 2 2 0 0 2 2 2 2 2 0 1 2 0 1 0 1 2 1 2 0 1 0 2 2 1 1 0 1 0 1 0 1 0 0 2 0 0 1 1 1 0 0 1 2 1 2 1 2 1 2 1 1 1 2 0 0 0 2 1 1 1 2 0 0 0 1 0 1 2 2 1 2 0 1 1 2 2 2 1 0 2 2 2 -2 0 -1 -2 -1 -1 0 0 -1 -1 -1 0 -2 0 -2 -2 -1 -2 -2 0 0 -2 -2 -2 -2 -2 0 -1 -2 0 -1 0 -1 -2 -1 -2 0 -1 0 -2 -2 -1 -1 0 -1 0 -1 0 -1 0 0 -2 0 0 -1 -1 -1 0 0 -1 -2 -1 -2 -1 -2 -1 -2 -1 -1 -1 -2 0 0 0 -2 -1 -1 -1 -2 0 0 0 -1 0 -1 -2 -2 -1 -2 0 -1 -1 -2 -2 -2 -1 0 -2 -2 -2
-0.0470376030372665 0.503142136153149 -0.53756422425058 1.34595058229199 1.16744834619323 -1 2 1 2 1 0 1 1 0 0 2 0 0 2 0 2 2 2 2 2 0 1 2 1 1 2 2 0 1 2 1 2 0 2 2 2 2 1 2 0 1 0 0 1 1 1 0 2 0 1 1 1 2 0 2 2 1 2 1 1 0 2 1 2 1 0 0 0 0 1 2 2 0 0 0 1 2 2 2 2 1 0 1 2 0 2 2 2 2 2 1 0 0 2 2 2 1 1 2 2 2 -2 -1 -2 -1 0 -1 -1 0 0 -2 0 0 -2 0 -2 -2 -2 -2 -2 0 -1 -2 -1 -1 -2 -2 0 -1 -2 -1 -2 0 -2 -2 -2 -2 -1 -2 0 -1 0 0 -1 -1 -1 0 -2 0 -1 -1 -1 -2 0 -2 -2 -1 -2 -1 -1 0 -2 -1 -2 -1 0 0 0 0 -1 -2 -2 0 0 0 -1 -2 -2 -2 -2 -1 0 -1 -2 0 -2 -2 -2 -2 -2 -1 0 0 -2 -2 -2 -1 -1 -2 -2 -2
-0.576961973650048 -0.0146630073274317 0.00944747721438763 -0.470334886747595 -0.911353257128535 -1 2 2 2 2 1 2 2 1 1 2 2 0 2 1 2 2 2 2 2 0 0 2 1 2 1 1 0 1 1 1 1 1 2 2 0 0 0 1 0 0 0 1 2 1 1 1 2 0 1 0 1 1 0 0 0 0 0 0 0 0 1 0 2 1 1 0 2 1 1 2 2 0 0 0 0 0 2 1 2 2 0 1 1 0 0 2 1 2 2 1 2 1 2 2 2 1 0 2 2 2 -2 -2 -2 -2 -1 -2 -2 -1 -1 -2 -2 0 -2 -1 -2 -2 -2 -2 -2 0 0 -2 -1 -2 -1 -1 0 -1 -1 -1 -1 -1 -2 -2 0 0 0 -1 0 0 0 -1 -2 -1 -1 -1 -2 0 -1 0 -1 -1 0 0 0 0 0 0 0 0 -1 0 -2 -1 -1 0 -2 -1 -1 -2 -2 0 0 0 0 0 -2 -1 -2 -2 0 -1 -1 0 0 -2 -1 -2 -2 -1 -2 -1 -2 -2 -2 -1 0 -2 -2 -2
-0.245703864354176 0.548058850159345 0.295280868134839 -0.217603344189413 2.48077258919411 1 1 0 1 1 1 1 0 0 1 2 1 0 1 1 2 2 0 2 2 0 0 2 0 0 2 1 1 2 2 2 2 0 1 2 2 2 0 2 0 2 1 2 1 0 1 1 2 2 2 0 2 1 0 0 1 0 1 1 0 0 2 2 2 2 2 1 2 1 2 2 2 0 0 1 1 1 1 0 2 0 0 1 1 0 2 2 2 1 2 0 0 0 2 0 0 0 0 2 2 1 1 0 1 1 1 1 0 0 1 2 1 0 1 1 2 2 0 2 2 0 0 2 0 0 2 1 1 2 2 2 2 0 1 2 2 2 0 2 0 2 1 2 1 0 1 1 2 2 2 0 2 1 0 0 1 0 1 1 0 0 2 2 2 2 2 1 2 1 2 2 2 0 0 1 1 1 1 0 2 0 0 1 1 0 2 2 2 1 2 0 0 0 2 0 0 0 0 2 2 1
0.941003703323175 0.903523630166954 0.332621864700253 0.996145256568971 1.48614206775353 1 2 1 2 2 1 2 0 0 0 1 0 0 2 0 2 2 0 2 2 0 2 2 1 1 1 0 0 1 0 1 1 0 2 2 1 1 0 1 0 2 0 1 1 0 0 1 2 0 1 0 0 2 1 0 0 1 2 1 0 0 1 1 2 1 2 1 2 2 2 2 2 0 0 0 2 2 2 1 2 2 0 1 1 0 1 1 1 0 1 0 0 0 2 0 1 0 0 1 0 0 2 1 2 2 1 2 0 0 0 1 0 0 2 0 2 2 0 2 2 0 2 2 1 1 1 0 0 1 0 1 1 0 2 2 1 1 0 1 0 2 0 1 1 0 0 1 2 0 1 0 0 2 1 0 0 1 2 1 0 0 1 1 2 1 2 1 2 2 2 2 2 0 0 0 2 2 2 1 2 2 0 1 1 0 1 1 1 0 1 0 0 0 2 0 1 0 0 1 0 0
-1.08403384214596 -0.503790512362616 -0.368142624423934 -1.19781593675049 0.583138715836635 -1 1 1 2 2 1 1 0 0 0 1 1 0 2 0 2 1 1 2 2 0 1 2 1 1 2 1 0 2 2 1 2 0 1 1 1 2 0 0 0 1 0 1 1 1 1 1 2 0 1 0 1 1 0 0 1 0 1 1 0 0 2 2 2 1 0 0 1 0 1 2 2 0 0 0 1 1 0 0 2 1 0 0 0 0 2 1 2 2 2 2 1 1 2 1 1 0 1 2 2 1 -1 -1 -2 -2 -1 -1 0 0 0 -1 -1 0 -2 0 -2 -1 -1 -2 -2 0 -1 -2 -1 -1 -2 -1 0 -2 -2 -1 -2 0 -1 -1 -1 -2 0 0 0 -1 0 -1 -1 -1 -1 -1 -2 0 -1 0 -1 -1 0 0 -1 0 -1 -1 0 0 -2 -2 -2 -1 0 0 -1 0 -1 -2 -2 0 0 0 -1 -1 0 0 -2 -1 0 0 0 0 -2 -1 -2 -2 -2 -2 -1 -1 -2 -1 -1 0 -1 -2 -2 -1
-0.572049305893706 -0.52002996923628 -1.44221669717955 -1.13678857600208 2.67156493113397 -1 1 1 2 2 1 1 1 2 2 2 1 0 2 0 1 2 0 1 2 0 0 1 0 1 2 2 0 2 1 1 2 0 2 2 1 2 0 2 0 2 2 0 0 1 1 2 2 0 1 0 0 2 0 0 2 1 0 0 0 0 1 2 2 1 1 0 0 0 1 2 2 0 0 0 0 1 0 0 2 2 1 1 1 0 2 2 2 2 2 1 1 1 2 1 1 0 1 2 1 0 -1 -1 -2 -2 -1 -1 -1 -2 -2 -2 -1 0 -2 0 -1 -2 0 -1 -2 0 0 -1 0 -1 -2 -2 0 -2 -1 -1 -2 0 -2 -2 -1 -2 0 -2 0 -2 -2 0 0 -1 -1 -2 -2 0 -1 0 0 -2 0 0 -2 -1 0 0 0 0 -1 -2 -2 -1 -1 0 0 0 -1 -2 -2 0 0 0 0 -1 0 0 -2 -2 -1 -1 -1 0 -2 -2 -2 -2 -2 -1 -1 -1 -2 -1 -1 0 -1 -2 -1 0
1.52357177574012 0.698718843266265 0.906921170849434 -0.176477278709713 -2.28782799332702 -1 2 1 2 2 1 2 1 1 1 1 1 0 2 0 1 2 1 2 2 0 0 2 2 0 2 1 0 2 2 0 0 0 2 2 2 2 0 2 0 2 2 2 1 1 2 0 1 0 1 0 2 1 0 0 2 1 1 0 0 0 0 1 2 2 1 0 2 1 0 2 2 0 0 0 0 1 1 2 2 1 1 2 2 0 2 2 1 0 2 0 1 1 2 2 1 1 1 2 2 0 -2 -1 -2 -2 -1 -2 -1 -1 -1 -1 -1 0 -2 0 -1 -2 -1 -2 -2 0 0 -2 -2 0 -2 -1 0 -2 -2 0 0 0 -2 -2 -2 -2 0 -2 0 -2 -2 -2 -1 -1 -2 0 -1 0 -1 0 -2 -1 0 0 -2 -1 -1 0 0 0 0 -1 -2 -2 -1 0 -2 -1 0 -2 -2 0 0 0 0 -1 -1 -2 -2 -1 -1 -2 -2 0 -2 -2 -1 0 -2 0 -1 -1 -2 -2 -1 -1 -1 -2 -2 0
2.60307421375319 -0.649466534060937 -0.594526455628316 -0.529519393245173 0.421604555573691 -1 2 1 2 2 1 0 0 0 0 0 0 0 1 0 2 2 0 2 2 0 1 2 2 1 2 0 0 1 2 2 2 1 2 2 0 0 0 1 0 0 0 0 1 1 1 1 2 1 2 1 2 1 0 0 0 0 1 2 1 1 2 1 2 0 0 0 2 1 1 2 2 0 0 0 1 1 0 0 1 1 0 0 1 0 1 2 2 1 2 0 0 0 2 1 2 1 0 2 2 1 -2 -1 -2 -2 -1 0 0 0 0 0 0 0 -1 0 -2 -2 0 -2 -2 0 -1 -2 -2 -1 -2 0 0 -1 -2 -2 -2 -1 -2 -2 0 0 0 -1 0 0 0 0 -1 -1 -1 -1 -2 -1 -2 -1 -2 -1 0 0 0 0 -1 -2 -1 -1 -2 -1 -2 0 0 0 -2 -1 -1 -2 -2 0 0 0 -1 -1 0 0 -1 -1 0 0 -1 0 -1 -2 -2 -1 -2 0 0 0 -2 -1 -2 -1 0 -2 -2 -1
0.0803221818204347 -0.0775044302905048 -0.393988575700298 -1.27302087209134 -0.388976841552077 1 2 0 2 2 0 1 1 1 1 2 1 0 2 0 1 2 2 1 2 0 1 2 0 1 2 2 0 2 1 1 1 0 2 1 0 1 0 1 0 2 2 2 2 0 2 0 2 0 2 1 1 1 0 0 1 0 0 0 0 0 2 1 2 1 2 1 1 0 2 1 1 0 0 1 0 0 0 0 1 1 0 2 2 0 2 2 1 0 1 1 1 1 2 2 0 0 0 2 2 0 2 0 2 2 0 1 1 1 1 2 1 0 2 0 1 2 2 1 2 0 1 2 0 1 2 2 0 2 1 1 1 0 2 1 0 1 0 1 0 2 2 2 2 0 2 0 2 0 2 1 1 1 0 0 1 0 0 0 0 0 2 1 2 1 2 1 1 0 2 1 1 0 0 1 0 0 0 0 1 1 0 2 2 0 2 2 1 0 1 1 1 1 2 2 0 0 0 2 2 0
0.233546179894355 1.12665550226945 -2.64901738871572 -0.521804050664997 0.873993751430386 1 2 0 0 1 0 0 1 1 1 2 1 0 2 0 2 2 2 1 2 0 0 2 1 2 1 1 0 2 2 2 2 1 2 2 2 2 1 2 0 2 2 1 0 0 1 0 2 0 1 0 1 2 0 0 1 0 2 2 2 0 1 1 2 0 1 0 2 0 1 2 2 0 0 1 2 1 0 0 1 0 0 2 2 0 2 2 2 0 2 1 1 1 2 1 2 0 0 2 2 1 2 0 0 1 0 0 1 1 1 2 1 0 2 0 2 2 2 1 2 0 0 2 1 2 1 1 0 2 2 2 2 1 2 2 2 2 1 2 0 2 2 1 0 0 1 0 2 0 1 0 1 2 0 0 1 0 2 2 2 0 1 1 2 0 1 0 2 0 1 2 2 0 0 1 2 1 0 0 1 0 0 2 2 0 2 2 2 0 2 1 1 1 2 1 2 0 0 2 2 1
-0.484747339289893 0.446848405771297 0.458392803232038 -0.630277032121028 1.2125283784031 -1 2 1 1 2 0 1 0 0 0 1 1 0 2 1 1 2 1 1 2 0 1 2 1 0 1 2 0 2 2 2 1 0 0 2 1 1 1 1 0 2 2 2 2 1 1 0 1 0 2 2 1 2 0 0 1 1 1 1 1 1 2 1 2 1 1 1 2 0 1 2 2 0 0 0 1 2 2 0 1 2 1 2 2 1 2 2 2 1 2 0 1 2 2 2 2 0 0 2 2 1 -2 -1 -1 -2 0 -1 0 0 0 -1 -1 0 -2 -1 -1 -2 -1 -1 -2 0 -1 -2 -1 0 -1 -2 0 -2 -2 -2 -1 0 0 -2 -1 -1 -1 -1 0 -2 -2 -2 -2 -1 -1 0 -1 0 -2 -2 -1 -2 0 0 -1 -1 -1 -1 -1 -1 -2 -1 -2 -1 -1 -1 -2 0 -1 -2 -2 0 0 0 -1 -2 -2 0 -1 -2 -1 -2 -2 -1 -2 -2 -2 -1 -2 0 -1 -2 -2 -2 -2 0 0 -2 -2 -1
-1.95969201794587 0.880211734593291 0.42920118941542 0.594467048996418 2.08902222541861 -1 2 1 0 2 0 1 2 1 1 1 2 0 2 0 1 1 0 2 2 0 0 2 1 2 2 1 0 2 2 0 1 0 1 2 1 1 0 0 0 2 0 0 1 0 0 0 2 0 1 0 1 1 0 0 0 2 1 0 1 0 1 2 2 2 2 1 2 1 2 2 2 0 0 0 2 2 1 0 2 1 1 2 1 0 2 2 2 1 2 1 2 1 2 0 0 1 0 1 1 0 -2 -1 0 -2 0 -1 -2 -1 -1 -1 -2 0 -2 0 -1 -1 0 -2 -2 0 0 -2 -1 -2 -2 -1 0 -2 -2 0 -1 0 -1 -2 -1 -1 0 0 0 -2 0 0 -1 0 0 0 -2 0 -1 0 -1 -1 0 0 0 -2 -1 0 -1 0 -1 -2 -2 -2 -2 -1 -2 -1 -2 -2 -2 0 0 0 -2 -2 -1 0 -2 -1 -1 -2 -1 0 -2 -2 -2 -1 -2 -1 -2 -1 -2 0 0 -1 0 -1 -1 0
0.292552406584981 -0.0242467690479237 -1.04156933749172 0.174342272899936 -0.0336085176063515 1 2 2 2 2 0 2 1 0 0 1 1 0 1 0 2 2 2 2 2 0 0 2 0 0 1 1 0 0 1 0 1 0 2 2 1 1 0 2 0 1 0 1 0 1 1 0 1 0 1 0 0 2 0 0 2 1 1 0 0 0 0 0 2 2 1 1 2 1 2 2 2 1 1 1 2 1 2 1 2 1 1 1 1 1 1 1 1 0 2 0 1 1 2 2 2 1 0 2 2 0 2 2 2 2 0 2 1 0 0 1 1 0 1 0 2 2 2 2 2 0 0 2 0 0 1 1 0 0 1 0 1 0 2 2 1 1 0 2 0 1 0 1 0 1 1 0 1 0 1 0 0 2 0 0 2 1 1 0 0 0 0 0 2 2 1 1 2 1 2 2 2 1 1 1 2 1 2 1 2 1 1 1 1 1 1 1 1 0 2 0 1 1 2 2 2 1 0 2 2 0
-0.419631332018518 0.323486653500364 -0.375431677703873 0.0481418751598358 -0.172379922261151 1 2 1 0 0 0 0 1 2 2 2 2 0 1 0 1 2 1 1 2 0 0 2 0 1 2 1 0 2 2 1 1 0 2 2 1 0 0 2 0 2 2 2 1 0 2 1 2 0 1 0 2 1 0 0 1 1 1 0 0 0 2 0 2 2 2 2 2 1 1 1 2 0 0 0 0 1 1 0 2 2 1 2 2 1 2 2 2 0 2 2 1 2 2 2 1 0 0 1 2 1 2 1 0 0 0 0 1 2 2 2 2 0 1 0 1 2 1 1 2 0 0 2 0 1 2 1 0 2 2 1 1 0 2 2 1 0 0 2 0 2 2 2 1 0 2 1 2 0 1 0 2 1 0 0 1 1 1 0 0 0 2 0 2 2 2 2 2 1 1 1 2 0 0 0 0 1 1 0 2 2 1 2 2 1 2 2 2 0 2 2 1 2 2 2 1 0 0 1 2 1
0.660826573271694 0.72061067631236 -0.163660069676994 -1.08617174666942 0.712296725977152 1 2 1 2 2 0 1 0 0 1 2 1 0 0 0 1 1 1 2 2 0 0 2 1 0 1 0 0 1 2 2 2 0 1 2 0 1 0 1 0 1 1 1 1 0 0 0 2 0 0 0 0 2 1 0 0 1 1 2 2 0 1 0 2 2 1 0 2 0 1 2 2 0 0 0 0 2 1 0 2 1 0 1 2 2 2 2 2 1 2 1 1 2 2 1 1 0 1 1 2 1 2 1 2 2 0 1 0 0 1 2 1 0 0 0 1 1 1 2 2 0 0 2 1 0 1 0 0 1 2 2 2 0 1 2 0 1 0 1 0 1 1 1 1 0 0 0 2 0 0 0 0 2 1 0 0 1 1 2 2 0 1 0 2 2 1 0 2 0 1 2 2 0 0 0 0 2 1 0 2 1 0 1 2 2 2 2 2 1 2 1 1 2 2 1 1 0 1 1 2 1
0.523791461949191 -0.348999803038366 0.0799522670610028 1.03891517093079 0.577274229172551 1 2 1 1 1 1 2 0 0 0 0 0 0 1 0 2 2 2 2 2 0 1 2 1 0 2 1 0 2 1 0 1 0 2 2 1 2 0 1 0 1 2 0 0 0 0 0 2 0 1 0 1 2 0 1 1 1 2 1 0 0 0 0 2 2 2 1 2 0 2 2 1 0 0 0 0 1 0 0 1 1 1 2 2 0 1 2 2 0 2 0 0 2 2 2 2 0 0 2 2 1 2 1 1 1 1 2 0 0 0 0 0 0 1 0 2 2 2 2 2 0 1 2 1 0 2 1 0 2 1 0 1 0 2 2 1 2 0 1 0 1 2 0 0 0 0 0 2 0 1 0 1 2 0 1 1 1 2 1 0 0 0 0 2 2 2 1 2 0 2 2 1 0 0 0 0 1 0 0 1 1 1 2 2 0 1 2 2 0 2 0 0 2 2 2 2 0 0 2 2 1
-1.16951784671489 2.09941891421354 -1.42120725547864 0.823643491167014 1.44911746487196 -1 2 2 2 2 1 2 2 1 2 2 1 0 2 0 1 2 1 1 2 0 0 2 0 2 2 1 0 2 2 1 1 0 2 2 1 1 0 0 0 0 0 1 1 1 2 1 2 0 0 0 0 2 0 0 1 1 1 1 0 0 1 1 2 2 1 0 2 0 1 1 2 0 0 1 1 2 2 1 1 1 0 0 1 0 2 2 1 0 2 0 0 1 2 2 2 0 0 1 2 0 -2 -2 -2 -2 -1 -2 -2 -1 -2 -2 -1 0 -2 0 -1 -2 -1 -1 -2 0 0 -2 0 -2 -2 -1 0 -2 -2 -1 -1 0 -2 -2 -1 -1 0 0 0 0 0 -1 -1 -1 -2 -1 -2 0 0 0 0 -2 0 0 -1 -1 -1 -1 0 0 -1 -1 -2 -2 -1 0 -2 0 -1 -1 -2 0 0 -1 -1 -2 -2 -1 -1 -1 0 0 -1 0 -2 -2 -1 0 -2 0 0 -1 -2 -2 -2 0 0 -1 -2 0
1.05140335939557 -0.974790904321616 -1.19920755252831 -0.941862548242383 1.5416618431998 1 2 0 1 1 0 0 1 1 1 2 2 0 2 0 1 2 2 2 2 0 2 2 1 2 2 1 0 1 2 1 2 1 2 1 0 1 0 1 0 2 1 2 0 0 0 0 2 0 1 0 1 2 0 0 2 1 2 1 1 1 2 1 2 1 0 0 1 0 2 2 2 0 0 1 2 0 1 1 2 0 0 0 1 0 2 2 2 1 2 1 0 2 2 2 2 1 1 2 2 2 2 0 1 1 0 0 1 1 1 2 2 0 2 0 1 2 2 2 2 0 2 2 1 2 2 1 0 1 2 1 2 1 2 1 0 1 0 1 0 2 1 2 0 0 0 0 2 0 1 0 1 2 0 0 2 1 2 1 1 1 2 1 2 1 0 0 1 0 2 2 2 0 0 1 2 0 1 1 2 0 0 0 1 0 2 2 2 1 2 1 0 2 2 2 2 1 1 2 2 2
1.84393619137823 0.245088108961579 0.179246641342229 1.17401598740569 -0.989819172936476 -1 2 2 2 2 0 0 2 2 2 2 2 0 2 0 1 0 0 1 2 0 1 1 0 1 2 1 0 1 1 1 2 0 2 2 0 1 1 2 0 2 1 0 1 1 2 1 2 1 2 0 2 1 0 0 1 1 1 1 0 0 2 1 2 2 2 1 2 2 2 2 2 0 0 0 0 2 1 1 2 1 0 1 2 0 2 2 2 2 2 2 2 1 2 2 2 0 1 2 2 0 -2 -2 -2 -2 0 0 -2 -2 -2 -2 -2 0 -2 0 -1 0 0 -1 -2 0 -1 -1 0 -1 -2 -1 0 -1 -1 -1 -2 0 -2 -2 0 -1 -1 -2 0 -2 -1 0 -1 -1 -2 -1 -2 -1 -2 0 -2 -1 0 0 -1 -1 -1 -1 0 0 -2 -1 -2 -2 -2 -1 -2 -2 -2 -2 -2 0 0 0 0 -2 -1 -1 -2 -1 0 -1 -2 0 -2 -2 -2 -2 -2 -2 -2 -1 -2 -2 -2 0 -1 -2 -2 0
-0.661951992237589 -0.173886409943032 -0.818095110844857 -0.867165589809144 -1.46984508261153 1 1 1 1 1 2 2 1 1 1 2 0 0 2 0 2 2 1 2 2 0 1 2 2 2 2 2 0 1 1 1 2 0 2 2 1 0 0 2 0 1 0 2 1 1 1 1 2 0 1 0 1 2 0 1 2 1 1 0 0 0 2 0 2 1 1 0 1 0 1 2 2 0 0 0 0 1 1 1 2 0 0 1 2 0 2 2 2 2 2 2 2 1 2 2 2 0 0 2 2 2 1 1 1 1 2 2 1 1 1 2 0 0 2 0 2 2 1 2 2 0 1 2 2 2 2 2 0 1 1 1 2 0 2 2 1 0 0 2 0 1 0 2 1 1 1 1 2 0 1 0 1 2 0 1 2 1 1 0 0 0 2 0 2 1 1 0 1 0 1 2 2 0 0 0 0 1 1 1 2 0 0 1 2 0 2 2 2 2 2 2 2 1 2 2 2 0 0 2 2 2
-0.166963291344761 0.694017469891695 0.0847034135238034 -1.27304373898356 0.751938167012948 -1 1 1 1 2 0 1 0 0 1 2 1 0 2 0 0 1 1 2 2 0 0 2 0 0 2 0 0 2 2 2 2 0 2 2 1 2 0 2 0 2 1 1 1 1 1 0 2 0 1 0 1 2 0 0 1 1 1 0 0 0 1 0 2 2 1 1 2 0 1 1 1 0 0 0 0 1 1 0 1 1 0 1 2 1 2 2 2 2 2 2 1 2 2 2 2 1 0 1 1 0 -1 -1 -1 -2 0 -1 0 0 -1 -2 -1 0 -2 0 0 -1 -1 -2 -2 0 0 -2 0 0 -2 0 0 -2 -2 -2 -2 0 -2 -2 -1 -2 0 -2 0 -2 -1 -1 -1 -1 -1 0 -2 0 -1 0 -1 -2 0 0 -1 -1 -1 0 0 0 -1 0 -2 -2 -1 -1 -2 0 -1 -1 -1 0 0 0 0 -1 -1 0 -1 -1 0 -1 -2 -1 -2 -2 -2 -2 -2 -2 -1 -2 -2 -2 -2 -1 0 -1 -1 0
0.262513454018462 -1.05741349641359 2.44583262124203 1.50020268431968 -0.166320856032021 1 1 1 2 2 0 0 0 1 1 1 2 1 2 1 1 2 1 2 2 0 1 2 1 2 2 1 0 2 2 2 1 0 2 2 0 1 1 2 0 1 1 0 1 1 2 1 2 0 0 0 2 2 0 1 1 1 1 1 1 0 1 1 2 1 0 0 2 1 2 2 2 0 0 0 1 2 2 2 2 0 0 1 2 0 2 2 0 0 2 0 0 0 2 1 1 0 0 2 2 0 1 1 2 2 0 0 0 1 1 1 2 1 2 1 1 2 1 2 2 0 1 2 1 2 2 1 0 2 2 2 1 0 2 2 0 1 1 2 0 1 1 0 1 1 2 1 2 0 0 0 2 2 0 1 1 1 1 1 1 0 1 1 2 1 0 0 2 1 2 2 2 0 0 0 1 2 2 2 2 0 0 1 2 0 2 2 0 0 2 0 0 0 2 1 1 0 0 2 2 0
-0.620603561646154 0.795416016741067 0.876112958261445 -0.538918706970967 -0.232539921179886 1 2 1 1 2 1 2 1 0 1 2 1 0 2 0 2 2 0 2 2 0 1 2 1 2 2 1 0 1 1 0 1 0 2 2 1 0 0 1 0 2 2 1 2 0 0 1 2 1 2 1 2 2 0 0 0 1 1 2 2 0 2 1 2 2 2 0 1 0 2 2 2 1 0 0 0 2 1 1 2 1 0 0 1 0 1 2 1 0 2 1 0 2 2 1 2 0 1 2 2 1 2 1 1 2 1 2 1 0 1 2 1 0 2 0 2 2 0 2 2 0 1 2 1 2 2 1 0 1 1 0 1 0 2 2 1 0 0 1 0 2 2 1 2 0 0 1 2 1 2 1 2 2 0 0 0 1 1 2 2 0 2 1 2 2 2 0 1 0 2 2 2 1 0 0 0 2 1 1 2 1 0 0 1 0 1 2 1 0 2 1 0 2 2 1 2 0 1 2 2 1
-0.842908297131371 -0.20295274305445 0.509955476835694 -2.01750506645607 0.686564565242519 -1 1 0 2 1 0 1 0 0 1 1 2 0 0 0 1 1 0 1 2 0 0 2 1 1 2 1 0 1 2 2 2 0 2 2 1 0 0 0 0 1 1 1 0 1 0 0 2 0 0 0 0 2 0 0 1 1 2 1 0 1 2 2 2 2 1 1 2 1 2 2 2 0 1 0 0 1 2 0 2 1 0 0 1 0 2 2 2 2 2 1 2 1 2 2 2 0 0 1 2 0 -1 0 -2 -1 0 -1 0 0 -1 -1 -2 0 0 0 -1 -1 0 -1 -2 0 0 -2 -1 -1 -2 -1 0 -1 -2 -2 -2 0 -2 -2 -1 0 0 0 0 -1 -1 -1 0 -1 0 0 -2 0 0 0 0 -2 0 0 -1 -1 -2 -1 0 -1 -2 -2 -2 -2 -1 -1 -2 -1 -2 -2 -2 0 -1 0 0 -1 -2 0 -2 -1 0 0 -1 0 -2 -2 -2 -2 -2 -1 -2 -1 -2 -2 -2 0 0 -1 -2 0
0.015679302268349 -1.44787665448144 0.134743055270874 -0.602426331207448 0.0213020580020015 -1 2 1 1 2 1 0 0 0 1 2 2 0 2 0 2 2 1 2 2 0 0 2 1 1 2 1 0 2 2 1 2 1 2 2 2 1 0 1 0 2 1 2 1 0 2 1 2 1 2 1 1 1 0 0 0 0 0 0 0 0 1 0 2 1 1 1 2 2 2 2 2 0 0 0 2 1 2 0 1 2 0 1 1 0 1 1 1 0 1 0 1 1 2 2 2 0 0 2 1 0 -2 -1 -1 -2 -1 0 0 0 -1 -2 -2 0 -2 0 -2 -2 -1 -2 -2 0 0 -2 -1 -1 -2 -1 0 -2 -2 -1 -2 -1 -2 -2 -2 -1 0 -1 0 -2 -1 -2 -1 0 -2 -1 -2 -1 -2 -1 -1 -1 0 0 0 0 0 0 0 0 -1 0 -2 -1 -1 -1 -2 -2 -2 -2 -2 0 0 0 -2 -1 -2 0 -1 -2 0 -1 -1 0 -1 -1 -1 0 -1 0 -1 -1 -2 -2 -2 0 0 -2 -1 0
-1.21492039122674 -1.61231127646369 -0.490874421609271 0.122545213080945 -1.11795526804389 -1 2 1 2 1 0 1 1 1 0 1 0 0 2 0 1 2 0 0 2 0 1 2 1 0 2 1 0 2 1 1 2 0 1 2 1 0 0 1 0 1 0 1 1 0 1 1 2 0 2 0 0 2 0 0 1 1 0 0 1 0 2 0 2 1 2 0 2 1 2 2 2 0 0 0 1 1 0 0 0 1 1 1 1 0 2 2 2 0 2 1 1 2 2 2 2 2 2 2 2 1 -2 -1 -2 -1 0 -1 -1 -1 0 -1 0 0 -2 0 -1 -2 0 0 -2 0 -1 -2 -1 0 -2 -1 0 -2 -1 -1 -2 0 -1 -2 -1 0 0 -1 0 -1 0 -1 -1 0 -1 -1 -2 0 -2 0 0 -2 0 0 -1 -1 0 0 -1 0 -2 0 -2 -1 -2 0 -2 -1 -2 -2 -2 0 0 0 -1 -1 0 0 0 -1 -1 -1 -1 0 -2 -2 -2 0 -2 -1 -1 -2 -2 -2 -2 -2 -2 -2 -2 -1
0.233700226522343 -0.407660136338428 -1.03961472850246 -1.3503069814638 1.75598979863874 -1 2 1 2 1 0 1 0 0 1 2 2 0 2 0 1 1 0 1 2 0 1 2 1 0 2 2 1 1 2 2 2 1 2 2 1 1 0 1 0 0 0 0 0 0 1 0 2 0 0 0 1 0 0 1 2 1 1 0 1 0 1 1 2 1 0 0 0 0 2 2 2 0 0 0 1 1 2 1 2 2 0 1 1 0 2 2 2 2 2 0 1 0 2 1 2 1 1 1 2 0 -2 -1 -2 -1 0 -1 0 0 -1 -2 -2 0 -2 0 -1 -1 0 -1 -2 0 -1 -2 -1 0 -2 -2 -1 -1 -2 -2 -2 -1 -2 -2 -1 -1 0 -1 0 0 0 0 0 0 -1 0 -2 0 0 0 -1 0 0 -1 -2 -1 -1 0 -1 0 -1 -1 -2 -1 0 0 0 0 -2 -2 -2 0 0 0 -1 -1 -2 -1 -2 -2 0 -1 -1 0 -2 -2 -2 -2 -2 0 -1 0 -2 -1 -2 -1 -1 -1 -2 0
-1.0059981638586 -0.336615022884304 -0.240307227254169 -0.343937566109034 -0.759114383486171 1 2 2 2 2 1 2 1 1 1 1 1 0 2 0 2 1 1 1 2 0 1 1 1 2 2 2 0 0 1 1 2 0 2 2 2 1 0 0 0 2 0 1 1 1 1 1 2 0 0 0 1 2 0 1 1 0 0 0 0 0 2 1 2 0 0 0 1 0 1 2 2 1 0 0 1 2 2 1 2 0 0 1 1 0 0 2 2 1 2 2 1 1 2 0 1 0 0 1 2 0 2 2 2 2 1 2 1 1 1 1 1 0 2 0 2 1 1 1 2 0 1 1 1 2 2 2 0 0 1 1 2 0 2 2 2 1 0 0 0 2 0 1 1 1 1 1 2 0 0 0 1 2 0 1 1 0 0 0 0 0 2 1 2 0 0 0 1 0 1 2 2 1 0 0 1 2 2 1 2 0 0 1 1 0 0 2 2 1 2 2 1 1 2 0 1 0 0 1 2 0
0.192601421261218 0.65264760969911 -0.244949858917321 0.706656469943426 0.497805772510306 -1 2 0 1 2 0 1 0 0 0 1 1 0 2 0 2 2 1 1 2 0 0 2 1 1 2 0 0 1 0 1 1 0 2 2 0 0 0 2 0 2 1 1 0 1 2 0 2 0 1 0 0 1 0 0 1 1 2 2 1 0 2 1 2 0 1 0 1 0 0 1 2 0 0 0 0 1 0 0 1 0 0 0 2 1 2 2 2 1 2 0 0 2 2 1 2 1 0 2 2 0 -2 0 -1 -2 0 -1 0 0 0 -1 -1 0 -2 0 -2 -2 -1 -1 -2 0 0 -2 -1 -1 -2 0 0 -1 0 -1 -1 0 -2 -2 0 0 0 -2 0 -2 -1 -1 0 -1 -2 0 -2 0 -1 0 0 -1 0 0 -1 -1 -2 -2 -1 0 -2 -1 -2 0 -1 0 -1 0 0 -1 -2 0 0 0 0 -1 0 0 -1 0 0 0 -2 -1 -2 -2 -2 -1 -2 0 0 -2 -2 -1 -2 -1 0 -2 -2 0
0.668907094918982 -0.812351195056217 -0.714771983046233 1.491285101192 2.01717868622524 -1 1 0 1 2 0 1 0 0 0 2 1 0 2 0 1 2 0 1 2 0 0 2 2 2 2 0 0 1 2 2 1 0 2 2 0 2 0 2 0 2 1 1 1 0 1 0 1 0 2 0 0 2 1 1 2 1 1 0 0 0 1 1 2 1 0 0 2 0 1 1 2 0 0 0 0 1 1 2 2 0 0 0 0 0 1 1 1 1 2 0 0 1 2 2 2 1 0 2 2 0 -1 0 -1 -2 0 -1 0 0 0 -2 -1 0 -2 0 -1 -2 0 -1 -2 0 0 -2 -2 -2 -2 0 0 -1 -2 -2 -1 0 -2 -2 0 -2 0 -2 0 -2 -1 -1 -1 0 -1 0 -1 0 -2 0 0 -2 -1 -1 -2 -1 -1 0 0 0 -1 -1 -2 -1 0 0 -2 0 -1 -1 -2 0 0 0 0 -1 -1 -2 -2 0 0 0 0 0 -1 -1 -1 -1 -2 0 0 -1 -2 -2 -2 -1 0 -2 -2 0
-1.24809252453631 0.498534290107578 -0.760494767778027 0.148623185140024 0.035491677571355 -1 2 0 1 2 1 2 0 0 0 1 0 0 1 0 1 1 2 2 2 0 1 2 1 1 1 1 0 2 2 1 1 0 2 2 1 0 0 1 0 2 2 2 1 2 1 1 2 0 1 0 1 2 0 0 1 1 2 1 1 0 2 1 2 2 1 0 2 1 2 2 2 0 0 0 0 1 0 0 1 0 0 0 1 0 1 2 2 0 2 0 0 1 2 1 2 1 0 2 2 0 -2 0 -1 -2 -1 -2 0 0 0 -1 0 0 -1 0 -1 -1 -2 -2 -2 0 -1 -2 -1 -1 -1 -1 0 -2 -2 -1 -1 0 -2 -2 -1 0 0 -1 0 -2 -2 -2 -1 -2 -1 -1 -2 0 -1 0 -1 -2 0 0 -1 -1 -2 -1 -1 0 -2 -1 -2 -2 -1 0 -2 -1 -2 -2 -2 0 0 0 0 -1 0 0 -1 0 0 0 -1 0 -1 -2 -2 0 -2 0 0 -1 -2 -1 -2 -1 0 -2 -2 0
0.693067405945328 -1.81281872439127 -0.925031850488812 -0.343497877097143 0.525820607501925 -1 1 1 2 1 0 2 0 0 0 1 1 0 1 0 2 2 2 1 2 0 1 2 2 1 2 1 0 2 2 2 2 0 2 2 0 1 0 1 0 1 0 1 1 0 1 1 2 0 2 0 0 1 0 1 1 2 1 1 0 1 2 1 2 1 0 0 1 1 1 2 2 0 0 1 1 1 2 1 2 2 0 2 2 1 2 2 2 1 2 1 1 1 2 1 1 0 0 2 2 2 -1 -1 -2 -1 0 -2 0 0 0 -1 -1 0 -1 0 -2 -2 -2 -1 -2 0 -1 -2 -2 -1 -2 -1 0 -2 -2 -2 -2 0 -2 -2 0 -1 0 -1 0 -1 0 -1 -1 0 -1 -1 -2 0 -2 0 0 -1 0 -1 -1 -2 -1 -1 0 -1 -2 -1 -2 -1 0 0 -1 -1 -1 -2 -2 0 0 -1 -1 -1 -2 -1 -2 -2 0 -2 -2 -1 -2 -2 -2 -1 -2 -1 -1 -1 -2 -1 -1 0 0 -2 -2 -2
-1.06152808229801 1.64216400355337 0.495189095422692 -0.411367248087901 0.143061631784734 -1 2 0 1 1 0 1 0 0 0 1 2 0 0 0 1 2 0 1 2 0 2 2 1 1 2 1 0 2 2 1 1 0 2 1 1 1 0 1 0 2 1 1 0 0 0 0 1 0 1 0 2 2 0 1 2 1 0 1 0 0 1 1 1 0 1 0 1 0 0 1 2 0 0 0 0 2 0 0 2 1 0 0 2 0 1 2 2 1 2 1 2 0 2 1 1 0 0 2 2 0 -2 0 -1 -1 0 -1 0 0 0 -1 -2 0 0 0 -1 -2 0 -1 -2 0 -2 -2 -1 -1 -2 -1 0 -2 -2 -1 -1 0 -2 -1 -1 -1 0 -1 0 -2 -1 -1 0 0 0 0 -1 0 -1 0 -2 -2 0 -1 -2 -1 0 -1 0 0 -1 -1 -1 0 -1 0 -1 0 0 -1 -2 0 0 0 0 -2 0 0 -2 -1 0 0 -2 0 -1 -2 -2 -1 -2 -1 -2 0 -2 -1 -1 0 0 -2 -2 0
1.59543664633944 -1.32153597251803 -0.236733103832117 0.272867875660278 0.450231599056486 -1 2 1 1 2 1 2 1 1 0 2 2 1 2 0 2 2 1 2 2 1 1 2 2 1 2 2 0 1 1 1 2 2 2 2 1 1 0 1 0 2 0 0 1 0 1 0 2 1 2 1 2 2 0 0 1 2 1 1 1 0 2 0 2 1 1 0 2 2 2 2 2 0 0 1 1 2 2 1 2 1 0 0 2 0 2 2 1 1 2 1 1 1 2 2 2 0 0 1 1 0 -2 -1 -1 -2 -1 -2 -1 -1 0 -2 -2 -1 -2 0 -2 -2 -1 -2 -2 -1 -1 -2 -2 -1 -2 -2 0 -1 -1 -1 -2 -2 -2 -2 -1 -1 0 -1 0 -2 0 0 -1 0 -1 0 -2 -1 -2 -1 -2 -2 0 0 -1 -2 -1 -1 -1 0 -2 0 -2 -1 -1 0 -2 -2 -2 -2 -2 0 0 -1 -1 -2 -2 -1 -2 -1 0 0 -2 0 -2 -2 -1 -1 -2 -1 -1 -1 -2 -2 -2 0 0 -1 -1 0
-0.489596237738077 1.07389441256215 0.351872804288764 -1.34705128248208 -1.2880483111158 -1 2 1 2 2 1 2 0 1 0 1 1 0 2 0 1 2 1 2 2 0 0 2 1 1 1 0 0 1 2 2 2 1 2 2 1 2 0 1 0 2 2 2 2 1 1 0 2 0 1 0 1 1 0 0 1 1 1 1 0 0 1 1 2 2 0 0 1 0 0 2 2 0 0 0 1 2 1 1 1 1 0 1 2 1 2 2 1 0 1 0 2 1 2 2 2 1 1 2 2 1 -2 -1 -2 -2 -1 -2 0 -1 0 -1 -1 0 -2 0 -1 -2 -1 -2 -2 0 0 -2 -1 -1 -1 0 0 -1 -2 -2 -2 -1 -2 -2 -1 -2 0 -1 0 -2 -2 -2 -2 -1 -1 0 -2 0 -1 0 -1 -1 0 0 -1 -1 -1 -1 0 0 -1 -1 -2 -2 0 0 -1 0 0 -2 -2 0 0 0 -1 -2 -1 -1 -1 -1 0 -1 -2 -1 -2 -2 -1 0 -1 0 -2 -1 -2 -2 -2 -1 -1 -2 -2 -1
-0.455492553393823 -1.17159806967645 0.185611220807355 -1.75670640325013 0.205967723683258 -1 1 0 0 2 1 1 0 0 0 1 2 0 1 0 2 1 1 2 2 0 0 2 2 1 2 0 0 1 1 1 2 1 2 2 0 2 2 2 0 2 1 1 1 0 0 0 2 0 2 0 0 1 0 0 1 1 2 1 1 0 2 2 2 2 1 1 2 1 2 2 2 1 1 1 1 1 2 2 2 0 0 0 2 0 1 2 1 1 2 0 0 1 2 1 1 0 1 1 2 1 -1 0 0 -2 -1 -1 0 0 0 -1 -2 0 -1 0 -2 -1 -1 -2 -2 0 0 -2 -2 -1 -2 0 0 -1 -1 -1 -2 -1 -2 -2 0 -2 -2 -2 0 -2 -1 -1 -1 0 0 0 -2 0 -2 0 0 -1 0 0 -1 -1 -2 -1 -1 0 -2 -2 -2 -2 -1 -1 -2 -1 -2 -2 -2 -1 -1 -1 -1 -1 -2 -2 -2 0 0 0 -2 0 -1 -2 -1 -1 -2 0 0 -1 -2 -1 -1 0 -1 -1 -2 -1
-1.16945962443113 0.963162240375042 -0.445502964248495 -0.230773624915884 -0.204663808005223 1 2 2 2 2 1 1 0 0 0 1 2 0 2 0 2 2 2 2 2 0 2 2 1 1 1 1 0 2 2 0 0 0 2 2 1 1 1 2 0 1 1 1 1 0 1 2 2 0 2 0 0 2 1 1 2 1 2 2 2 1 1 2 2 0 0 0 2 1 1 2 1 0 0 0 1 2 1 0 1 1 0 1 2 1 2 2 2 1 2 2 1 1 2 2 2 0 1 2 2 0 2 2 2 2 1 1 0 0 0 1 2 0 2 0 2 2 2 2 2 0 2 2 1 1 1 1 0 2 2 0 0 0 2 2 1 1 1 2 0 1 1 1 1 0 1 2 2 0 2 0 0 2 1 1 2 1 2 2 2 1 1 2 2 0 0 0 2 1 1 2 1 0 0 0 1 2 1 0 1 1 0 1 2 1 2 2 2 1 2 2 1 1 2 2 2 0 1 2 2 0
2.41453838068532 0.840847340438665 1.57199503746718 -1.65179387305446 -1.68123467271778 1 2 1 1 1 0 1 0 0 1 1 1 0 1 0 2 2 0 1 2 0 1 2 1 2 2 1 0 1 2 2 2 0 1 2 0 2 0 1 0 1 2 2 1 1 2 0 2 2 2 0 2 1 0 1 0 1 0 0 0 0 0 0 2 1 1 0 1 0 1 2 2 0 0 0 0 0 1 0 1 1 0 0 1 2 2 2 2 1 2 1 1 2 2 1 2 1 1 2 2 1 2 1 1 1 0 1 0 0 1 1 1 0 1 0 2 2 0 1 2 0 1 2 1 2 2 1 0 1 2 2 2 0 1 2 0 2 0 1 0 1 2 2 1 1 2 0 2 2 2 0 2 1 0 1 0 1 0 0 0 0 0 0 2 1 1 0 1 0 1 2 2 0 0 0 0 0 1 0 1 1 0 0 1 2 2 2 2 1 2 1 1 2 2 1 2 1 1 2 2 1
-0.921407425708032 -0.85142464397148 -0.764754766016426 0.487464093319465 -0.512138748149313 -1 2 1 2 1 0 0 0 0 0 2 2 0 2 0 0 2 0 1 2 0 0 1 2 2 2 2 0 2 1 2 2 0 2 2 1 1 0 0 0 1 0 1 0 0 0 1 2 1 2 0 1 2 0 0 1 0 1 1 1 0 1 0 2 0 0 0 1 0 1 2 2 0 1 0 0 1 2 0 2 1 1 1 1 0 2 2 2 0 1 0 0 2 2 1 2 1 0 2 2 0 -2 -1 -2 -1 0 0 0 0 0 -2 -2 0 -2 0 0 -2 0 -1 -2 0 0 -1 -2 -2 -2 -2 0 -2 -1 -2 -2 0 -2 -2 -1 -1 0 0 0 -1 0 -1 0 0 0 -1 -2 -1 -2 0 -1 -2 0 0 -1 0 -1 -1 -1 0 -1 0 -2 0 0 0 -1 0 -1 -2 -2 0 -1 0 0 -1 -2 0 -2 -1 -1 -1 -1 0 -2 -2 -2 0 -1 0 0 -2 -2 -1 -2 -1 0 -2 -2 0
0.270254231513329 -0.0240991545008238 -0.440785546776807 0.45397643855283 1.24533601080718 1 2 0 1 1 0 1 0 0 0 2 2 0 2 0 2 2 1 1 2 0 1 2 0 1 2 0 0 0 1 1 2 0 2 2 2 1 0 1 0 1 1 2 1 1 2 1 2 0 0 0 2 2 0 0 0 0 1 0 1 0 2 0 2 2 1 1 1 0 0 2 2 0 0 0 1 2 0 1 2 1 0 0 1 0 2 2 2 1 2 2 2 2 2 1 2 1 1 1 2 1 2 0 1 1 0 1 0 0 0 2 2 0 2 0 2 2 1 1 2 0 1 2 0 1 2 0 0 0 1 1 2 0 2 2 2 1 0 1 0 1 1 2 1 1 2 1 2 0 0 0 2 2 0 0 0 0 1 0 1 0 2 0 2 2 1 1 1 0 0 2 2 0 0 0 1 2 0 1 2 1 0 0 1 0 2 2 2 1 2 2 2 2 2 1 2 1 1 1 2 1
-0.633387025231195 0.14106967970049 0.448764421373448 0.321701854636829 -1.27632734784354 -1 2 1 2 1 0 1 2 1 0 1 1 0 2 0 2 1 0 1 2 0 0 2 0 0 0 0 0 1 0 0 1 0 2 2 0 0 0 2 0 2 1 1 1 0 0 0 1 0 2 0 0 1 0 0 1 0 2 2 1 0 0 0 2 1 1 0 2 0 1 2 2 1 1 0 0 1 2 0 1 1 0 2 2 0 2 2 2 2 2 1 1 1 2 1 2 1 1 2 2 2 -2 -1 -2 -1 0 -1 -2 -1 0 -1 -1 0 -2 0 -2 -1 0 -1 -2 0 0 -2 0 0 0 0 0 -1 0 0 -1 0 -2 -2 0 0 0 -2 0 -2 -1 -1 -1 0 0 0 -1 0 -2 0 0 -1 0 0 -1 0 -2 -2 -1 0 0 0 -2 -1 -1 0 -2 0 -1 -2 -2 -1 -1 0 0 -1 -2 0 -1 -1 0 -2 -2 0 -2 -2 -2 -2 -2 -1 -1 -1 -2 -1 -2 -1 -1 -2 -2 -2
-0.504777529537899 0.446945258540135 2.32177053999808 -1.13223366047049 -1.10654073284648 -1 2 1 1 2 1 0 2 2 2 1 0 0 2 0 2 2 1 1 2 0 1 2 1 1 2 1 0 2 2 2 2 0 2 2 1 0 0 2 0 2 1 2 1 0 1 0 2 0 2 0 0 2 0 0 2 2 0 1 1 0 1 1 2 2 1 1 2 2 2 2 2 0 0 1 1 1 1 0 2 0 0 1 2 1 1 2 1 0 1 1 2 2 2 0 1 0 0 2 2 0 -2 -1 -1 -2 -1 0 -2 -2 -2 -1 0 0 -2 0 -2 -2 -1 -1 -2 0 -1 -2 -1 -1 -2 -1 0 -2 -2 -2 -2 0 -2 -2 -1 0 0 -2 0 -2 -1 -2 -1 0 -1 0 -2 0 -2 0 0 -2 0 0 -2 -2 0 -1 -1 0 -1 -1 -2 -2 -1 -1 -2 -2 -2 -2 -2 0 0 -1 -1 -1 -1 0 -2 0 0 -1 -2 -1 -1 -2 -1 0 -1 -1 -2 -2 -2 0 -1 0 0 -2 -2 0
-1.25281730567684 -0.670407665280741 0.15176974361277 -0.142021705287584 -1.46046897407554 -1 2 0 1 2 0 1 1 2 2 1 1 0 1 0 1 1 0 2 2 1 2 2 0 1 2 1 0 2 2 2 2 0 2 2 2 2 1 2 0 2 2 1 0 0 2 1 2 1 2 0 0 1 0 0 0 0 2 0 0 0 2 2 2 1 2 1 2 2 2 2 2 0 0 0 1 2 2 1 2 0 0 2 0 0 1 2 2 1 2 1 2 2 2 2 2 0 1 2 1 0 -2 0 -1 -2 0 -1 -1 -2 -2 -1 -1 0 -1 0 -1 -1 0 -2 -2 -1 -2 -2 0 -1 -2 -1 0 -2 -2 -2 -2 0 -2 -2 -2 -2 -1 -2 0 -2 -2 -1 0 0 -2 -1 -2 -1 -2 0 0 -1 0 0 0 0 -2 0 0 0 -2 -2 -2 -1 -2 -1 -2 -2 -2 -2 -2 0 0 0 -1 -2 -2 -1 -2 0 0 -2 0 0 -1 -2 -2 -1 -2 -1 -2 -2 -2 -2 -2 0 -1 -2 -1 0
-0.694776520039448 1.57691439260674 1.39190988248664 -0.659755346663382 0.167723374836056 -1 2 1 1 2 0 2 1 1 2 2 2 0 1 0 1 2 1 2 2 0 2 2 1 0 1 1 1 2 1 1 1 0 2 1 0 1 0 1 0 1 0 0 0 0 0 0 2 0 2 0 1 2 0 0 2 0 0 0 1 0 1 0 2 1 0 0 1 1 1 2 2 0 0 0 0 1 1 1 1 2 0 1 2 0 2 2 1 0 2 2 1 1 2 1 0 0 0 1 1 0 -2 -1 -1 -2 0 -2 -1 -1 -2 -2 -2 0 -1 0 -1 -2 -1 -2 -2 0 -2 -2 -1 0 -1 -1 -1 -2 -1 -1 -1 0 -2 -1 0 -1 0 -1 0 -1 0 0 0 0 0 0 -2 0 -2 0 -1 -2 0 0 -2 0 0 0 -1 0 -1 0 -2 -1 0 0 -1 -1 -1 -2 -2 0 0 0 0 -1 -1 -1 -1 -2 0 -1 -2 0 -2 -2 -1 0 -2 -2 -1 -1 -2 -1 0 0 0 -1 -1 0
-1.15170693773367 -1.67229282743417 -0.145736965846692 -1.54224820151774 -0.914537529331782 -1 2 1 2 2 2 2 0 0 0 1 2 0 2 0 0 1 0 1 2 0 1 2 0 2 2 0 0 2 2 2 1 0 2 2 2 1 0 1 0 2 1 1 1 0 1 1 2 0 2 0 2 2 0 0 1 0 0 0 0 0 1 1 2 2 1 0 2 0 0 1 1 0 0 0 2 2 1 1 2 1 0 1 1 0 2 2 2 1 2 0 0 2 2 1 1 0 0 2 2 0 -2 -1 -2 -2 -2 -2 0 0 0 -1 -2 0 -2 0 0 -1 0 -1 -2 0 -1 -2 0 -2 -2 0 0 -2 -2 -2 -1 0 -2 -2 -2 -1 0 -1 0 -2 -1 -1 -1 0 -1 -1 -2 0 -2 0 -2 -2 0 0 -1 0 0 0 0 0 -1 -1 -2 -2 -1 0 -2 0 0 -1 -1 0 0 0 -2 -2 -1 -1 -2 -1 0 -1 -1 0 -2 -2 -2 -1 -2 0 0 -2 -2 -1 -1 0 0 -2 -2 0
-0.766952939830748 -1.04171307290658 -0.641342767323846 -0.82530037468743 -0.869195661049215 1 2 1 1 1 0 1 0 0 1 1 0 0 1 0 2 1 0 1 2 0 0 2 0 0 1 1 0 2 2 1 2 0 2 2 1 2 1 2 0 2 1 2 1 0 0 0 2 1 0 0 1 2 0 1 1 1 2 2 1 0 1 1 2 2 0 1 2 1 2 2 2 0 0 0 2 1 0 0 2 0 0 0 2 0 2 2 2 0 2 0 0 0 2 0 0 0 0 2 2 1 2 1 1 1 0 1 0 0 1 1 0 0 1 0 2 1 0 1 2 0 0 2 0 0 1 1 0 2 2 1 2 0 2 2 1 2 1 2 0 2 1 2 1 0 0 0 2 1 0 0 1 2 0 1 1 1 2 2 1 0 1 1 2 2 0 1 2 1 2 2 2 0 0 0 2 1 0 0 2 0 0 0 2 0 2 2 2 0 2 0 0 0 2 0 0 0 0 2 2 1
-0.693374351238186 -0.0664096256103242 0.593027032653018 -0.290199658859209 1.24506733940044 1 2 0 2 2 0 1 0 0 0 2 2 0 1 0 1 1 0 1 2 0 1 2 1 1 2 2 0 2 1 2 2 1 2 2 1 2 1 2 0 2 1 0 0 0 0 0 2 0 1 0 0 0 0 0 0 0 1 0 0 0 1 0 2 1 0 0 2 1 1 2 2 0 0 0 1 2 2 1 2 1 0 0 2 1 2 2 1 2 2 2 1 0 2 0 0 0 0 2 2 0 2 0 2 2 0 1 0 0 0 2 2 0 1 0 1 1 0 1 2 0 1 2 1 1 2 2 0 2 1 2 2 1 2 2 1 2 1 2 0 2 1 0 0 0 0 0 2 0 1 0 0 0 0 0 0 0 1 0 0 0 1 0 2 1 0 0 2 1 1 2 2 0 0 0 1 2 2 1 2 1 0 0 2 1 2 2 1 2 2 2 1 0 2 0 0 0 0 2 2 0
-1.69132667754758 -0.00896317978869552 -0.321439431970375 0.29723643232677 0.273698834597136 -1 1 0 1 1 0 0 1 1 2 1 1 0 2 0 2 2 2 2 2 0 1 2 2 1 1 1 0 2 2 1 2 1 2 2 0 2 0 2 0 1 1 1 1 2 2 1 2 0 1 0 1 1 0 0 1 0 0 0 1 0 1 0 2 2 2 1 2 2 1 2 2 0 0 0 2 1 1 1 2 0 0 0 2 0 2 2 2 2 2 0 0 2 2 2 1 0 0 1 2 1 -1 0 -1 -1 0 0 -1 -1 -2 -1 -1 0 -2 0 -2 -2 -2 -2 -2 0 -1 -2 -2 -1 -1 -1 0 -2 -2 -1 -2 -1 -2 -2 0 -2 0 -2 0 -1 -1 -1 -1 -2 -2 -1 -2 0 -1 0 -1 -1 0 0 -1 0 0 0 -1 0 -1 0 -2 -2 -2 -1 -2 -2 -1 -2 -2 0 0 0 -2 -1 -1 -1 -2 0 0 0 -2 0 -2 -2 -2 -2 -2 0 0 -2 -2 -2 -1 0 0 -1 -2 -1
-2.98006515763947 0.98073765136402 -1.38318683504121 -2.67082975103259 0.534404404078218 -1 2 1 2 1 1 2 0 0 0 1 0 0 1 0 0 1 1 2 2 0 1 2 1 2 1 0 0 2 2 1 2 0 2 2 0 1 0 1 0 2 1 1 1 1 2 1 2 0 1 0 2 2 0 0 1 2 1 0 0 1 2 0 2 0 1 1 2 0 2 2 2 0 0 0 1 1 1 1 2 0 0 0 0 0 1 1 1 1 2 1 0 2 2 1 2 0 0 1 2 0 -2 -1 -2 -1 -1 -2 0 0 0 -1 0 0 -1 0 0 -1 -1 -2 -2 0 -1 -2 -1 -2 -1 0 0 -2 -2 -1 -2 0 -2 -2 0 -1 0 -1 0 -2 -1 -1 -1 -1 -2 -1 -2 0 -1 0 -2 -2 0 0 -1 -2 -1 0 0 -1 -2 0 -2 0 -1 -1 -2 0 -2 -2 -2 0 0 0 -1 -1 -1 -1 -2 0 0 0 0 0 -1 -1 -1 -1 -2 -1 0 -2 -2 -1 -2 0 0 -1 -2 0
2.24821807684184 0.374724075095685 -0.55832842117924 0.958276653463361 0.850926308454418 -1 1 1 2 2 1 2 1 2 1 1 2 0 1 0 2 2 2 2 2 0 2 2 1 2 2 2 1 2 2 2 2 0 2 2 2 2 0 1 0 2 1 1 0 1 1 0 1 0 0 0 1 1 0 0 0 0 0 0 0 0 2 1 1 0 1 0 2 0 0 1 2 0 0 0 0 0 0 0 0 1 0 0 2 0 2 2 2 2 2 1 2 0 2 0 1 0 0 0 2 0 -1 -1 -2 -2 -1 -2 -1 -2 -1 -1 -2 0 -1 0 -2 -2 -2 -2 -2 0 -2 -2 -1 -2 -2 -2 -1 -2 -2 -2 -2 0 -2 -2 -2 -2 0 -1 0 -2 -1 -1 0 -1 -1 0 -1 0 0 0 -1 -1 0 0 0 0 0 0 0 0 -2 -1 -1 0 -1 0 -2 0 0 -1 -2 0 0 0 0 0 0 0 0 -1 0 0 -2 0 -2 -2 -2 -2 -2 -1 -2 0 -2 0 -1 0 0 0 -2 0
0.812729021633964 -0.111185999056461 -1.53334654562579 -0.907962183185944 0.691864863654466 -1 2 1 2 2 1 1 0 1 2 2 2 0 1 0 0 0 0 1 2 0 1 2 1 2 2 1 0 1 1 1 1 0 2 2 0 1 0 1 0 1 0 1 1 2 2 2 2 1 1 0 1 1 0 1 1 2 2 1 1 1 2 1 2 1 1 0 1 0 2 2 2 0 0 0 0 0 1 0 0 0 1 1 2 0 2 2 2 1 2 2 2 2 2 2 2 0 0 1 2 0 -2 -1 -2 -2 -1 -1 0 -1 -2 -2 -2 0 -1 0 0 0 0 -1 -2 0 -1 -2 -1 -2 -2 -1 0 -1 -1 -1 -1 0 -2 -2 0 -1 0 -1 0 -1 0 -1 -1 -2 -2 -2 -2 -1 -1 0 -1 -1 0 -1 -1 -2 -2 -1 -1 -1 -2 -1 -2 -1 -1 0 -1 0 -2 -2 -2 0 0 0 0 0 -1 0 0 0 -1 -1 -2 0 -2 -2 -2 -1 -2 -2 -2 -2 -2 -2 -2 0 0 -1 -2 0
0.0070382585317492 0.683301664805243 -0.0606900799252717 0.138081348186453 -2.22745142425374 -1 1 1 2 0 0 1 1 0 1 2 0 0 2 0 1 1 0 1 2 0 1 2 0 2 2 2 0 2 2 1 1 0 2 2 2 2 0 1 0 2 2 2 1 0 0 0 1 0 1 1 2 1 0 0 1 1 1 1 2 1 1 1 2 1 0 0 2 1 2 2 2 1 1 0 1 1 1 0 2 1 1 1 2 0 2 2 2 1 2 1 1 2 2 2 2 1 0 2 2 0 -1 -1 -2 0 0 -1 -1 0 -1 -2 0 0 -2 0 -1 -1 0 -1 -2 0 -1 -2 0 -2 -2 -2 0 -2 -2 -1 -1 0 -2 -2 -2 -2 0 -1 0 -2 -2 -2 -1 0 0 0 -1 0 -1 -1 -2 -1 0 0 -1 -1 -1 -1 -2 -1 -1 -1 -2 -1 0 0 -2 -1 -2 -2 -2 -1 -1 0 -1 -1 -1 0 -2 -1 -1 -1 -2 0 -2 -2 -2 -1 -2 -1 -1 -2 -2 -2 -2 -1 0 -2 -2 0
0.00180105489533743 1.98887306415115 0.0936714136511725 -0.871294011940936 -0.220329957275956 -1 2 0 1 2 0 1 1 1 1 1 1 0 2 0 2 2 0 2 2 0 1 2 2 2 2 0 0 2 1 2 2 0 2 2 1 2 0 0 0 2 1 0 0 0 2 1 2 0 0 0 0 2 0 1 1 0 0 1 1 0 2 2 2 2 1 0 2 0 0 1 1 0 1 0 0 0 0 0 1 1 0 1 0 0 2 2 2 1 1 0 2 1 2 2 1 0 0 2 2 0 -2 0 -1 -2 0 -1 -1 -1 -1 -1 -1 0 -2 0 -2 -2 0 -2 -2 0 -1 -2 -2 -2 -2 0 0 -2 -1 -2 -2 0 -2 -2 -1 -2 0 0 0 -2 -1 0 0 0 -2 -1 -2 0 0 0 0 -2 0 -1 -1 0 0 -1 -1 0 -2 -2 -2 -2 -1 0 -2 0 0 -1 -1 0 -1 0 0 0 0 0 -1 -1 0 -1 0 0 -2 -2 -2 -1 -1 0 -2 -1 -2 -2 -1 0 0 -2 -2 0
-2.07959604571631 0.102068577402482 -0.890757458983512 0.785133046858206 0.999258828452624 -1 2 1 2 1 0 2 1 1 0 1 1 0 2 0 2 1 0 2 2 0 1 2 1 2 2 2 0 1 1 1 1 0 1 2 1 1 1 2 0 1 1 2 2 0 1 0 2 1 1 1 2 2 0 0 1 0 1 0 1 0 1 0 2 2 1 1 2 0 2 2 2 0 0 0 0 0 0 0 0 1 0 0 2 1 2 2 2 1 2 2 2 2 2 2 2 0 0 1 1 0 -2 -1 -2 -1 0 -2 -1 -1 0 -1 -1 0 -2 0 -2 -1 0 -2 -2 0 -1 -2 -1 -2 -2 -2 0 -1 -1 -1 -1 0 -1 -2 -1 -1 -1 -2 0 -1 -1 -2 -2 0 -1 0 -2 -1 -1 -1 -2 -2 0 0 -1 0 -1 0 -1 0 -1 0 -2 -2 -1 -1 -2 0 -2 -2 -2 0 0 0 0 0 0 0 0 -1 0 0 -2 -1 -2 -2 -2 -1 -2 -2 -2 -2 -2 -2 -2 0 0 -1 -1 0
0.13309452428083 -0.0792150769781385 0.334682206198844 0.58590993142385 -1.4925033488482 1 2 0 1 2 0 1 0 0 0 2 2 0 2 0 1 1 1 2 2 1 2 2 1 2 2 1 1 2 1 0 1 0 2 2 1 1 0 0 0 1 1 0 1 0 2 1 2 0 1 0 1 2 0 1 1 2 0 1 1 0 1 1 2 1 1 1 2 0 1 1 2 0 0 0 0 2 2 1 2 0 0 0 1 0 2 2 2 1 2 1 1 1 2 2 2 0 2 2 1 0 2 0 1 2 0 1 0 0 0 2 2 0 2 0 1 1 1 2 2 1 2 2 1 2 2 1 1 2 1 0 1 0 2 2 1 1 0 0 0 1 1 0 1 0 2 1 2 0 1 0 1 2 0 1 1 2 0 1 1 0 1 1 2 1 1 1 2 0 1 1 2 0 0 0 0 2 2 1 2 0 0 0 1 0 2 2 2 1 2 1 1 1 2 2 2 0 2 2 1 0
0.26296443032923 0.305816834035683 -1.53072789156159 -0.176453075355867 0.939091689127579 1 1 1 1 0 0 1 1 1 2 2 2 0 1 0 1 2 1 2 1 0 0 2 1 0 1 0 0 2 2 2 2 1 2 2 1 0 1 2 0 2 1 1 1 0 2 1 2 0 0 0 0 1 0 0 0 0 0 0 1 0 1 1 2 2 1 0 1 0 0 2 2 0 0 0 1 2 2 1 2 1 0 2 2 1 2 2 2 1 2 0 0 1 2 2 2 1 0 1 1 0 1 1 1 0 0 1 1 1 2 2 2 0 1 0 1 2 1 2 1 0 0 2 1 0 1 0 0 2 2 2 2 1 2 2 1 0 1 2 0 2 1 1 1 0 2 1 2 0 0 0 0 1 0 0 0 0 0 0 1 0 1 1 2 2 1 0 1 0 0 2 2 0 0 0 1 2 2 1 2 1 0 2 2 1 2 2 2 1 2 0 0 1 2 2 2 1 0 1 1 0
-1.31720354790225 0.504319875680744 0.576824264460601 0.1011555998443 -0.220385719400916 1 2 1 1 1 0 1 1 0 0 1 1 0 2 1 1 1 0 2 2 0 1 2 2 2 1 0 0 2 2 1 1 0 2 2 1 2 0 2 0 2 2 2 0 1 1 0 2 0 2 0 2 2 0 1 2 0 1 1 2 0 1 2 2 2 0 0 2 0 1 2 2 0 1 1 1 2 0 0 1 1 0 1 1 0 1 2 1 0 2 1 2 2 2 2 2 0 0 1 1 0 2 1 1 1 0 1 1 0 0 1 1 0 2 1 1 1 0 2 2 0 1 2 2 2 1 0 0 2 2 1 1 0 2 2 1 2 0 2 0 2 2 2 0 1 1 0 2 0 2 0 2 2 0 1 2 0 1 1 2 0 1 2 2 2 0 0 2 0 1 2 2 0 1 1 1 2 0 0 1 1 0 1 1 0 1 2 1 0 2 1 2 2 2 2 2 0 0 1 1 0
-1.25730082694852 0.266208619661471 -0.467585331693771 -0.662161959013012 -0.286326150043487 -1 1 0 1 1 0 1 0 1 1 1 1 0 2 0 1 1 0 2 2 0 0 1 1 1 2 1 0 2 1 1 1 0 2 2 2 1 0 1 0 2 0 0 0 1 1 0 1 0 0 0 0 2 0 0 1 2 1 2 2 0 2 1 2 2 2 0 1 1 2 2 1 0 0 0 0 0 1 0 1 2 0 0 1 1 2 2 2 0 2 2 2 1 2 2 2 1 1 2 2 1 -1 0 -1 -1 0 -1 0 -1 -1 -1 -1 0 -2 0 -1 -1 0 -2 -2 0 0 -1 -1 -1 -2 -1 0 -2 -1 -1 -1 0 -2 -2 -2 -1 0 -1 0 -2 0 0 0 -1 -1 0 -1 0 0 0 0 -2 0 0 -1 -2 -1 -2 -2 0 -2 -1 -2 -2 -2 0 -1 -1 -2 -2 -1 0 0 0 0 0 -1 0 -1 -2 0 0 -1 -1 -2 -2 -2 0 -2 -2 -2 -1 -2 -2 -2 -1 -1 -2 -2 -1
0.713048602005827 -0.25556275264771 -1.73897705284931 1.07622971972556 1.28960868729052 -1 1 0 1 1 0 1 0 0 0 1 1 0 2 0 0 2 1 1 2 0 2 2 1 1 2 2 0 2 0 1 1 0 2 2 1 2 0 1 0 1 1 1 1 2 1 0 2 0 2 0 0 1 0 0 2 2 1 0 0 0 2 2 2 2 1 0 2 0 0 2 2 0 0 0 1 0 2 1 2 1 0 1 1 0 1 2 2 2 2 0 2 0 2 0 1 0 1 2 2 1 -1 0 -1 -1 0 -1 0 0 0 -1 -1 0 -2 0 0 -2 -1 -1 -2 0 -2 -2 -1 -1 -2 -2 0 -2 0 -1 -1 0 -2 -2 -1 -2 0 -1 0 -1 -1 -1 -1 -2 -1 0 -2 0 -2 0 0 -1 0 0 -2 -2 -1 0 0 0 -2 -2 -2 -2 -1 0 -2 0 0 -2 -2 0 0 0 -1 0 -2 -1 -2 -1 0 -1 -1 0 -1 -2 -2 -2 -2 0 -2 0 -2 0 -1 0 -1 -2 -2 -1
0.0499918157015562 0.433117085876033 2.32035083587235 -0.179567254178865 0.656141347592879 -1 1 0 1 1 0 0 0 1 1 2 0 0 2 0 1 2 1 0 2 0 0 2 1 2 2 1 0 2 2 1 2 1 2 2 0 1 0 1 0 0 1 1 1 1 0 0 2 0 2 0 2 2 0 0 0 0 1 0 1 0 1 0 1 0 0 0 1 0 1 2 2 0 0 0 1 0 1 0 2 1 0 0 0 0 0 2 0 0 2 0 0 1 2 1 1 1 0 1 2 0 -1 0 -1 -1 0 0 0 -1 -1 -2 0 0 -2 0 -1 -2 -1 0 -2 0 0 -2 -1 -2 -2 -1 0 -2 -2 -1 -2 -1 -2 -2 0 -1 0 -1 0 0 -1 -1 -1 -1 0 0 -2 0 -2 0 -2 -2 0 0 0 0 -1 0 -1 0 -1 0 -1 0 0 0 -1 0 -1 -2 -2 0 0 0 -1 0 -1 0 -2 -1 0 0 0 0 0 -2 0 0 -2 0 0 -1 -2 -1 -1 -1 0 -1 -2 0
0.521029280251677 0.858038525085166 1.11333700971802 -1.07507905861833 -0.188930781555672 1 2 1 2 2 2 2 1 1 1 2 2 0 2 0 1 2 0 0 2 1 2 2 2 2 1 1 0 1 2 1 2 0 2 2 1 2 0 1 0 2 2 1 1 0 2 0 1 0 1 0 1 2 0 0 0 0 2 1 0 0 1 1 2 1 1 1 2 0 1 2 2 0 1 1 2 2 2 1 2 0 0 0 2 0 2 1 1 0 1 0 0 1 2 1 1 0 0 1 2 0 2 1 2 2 2 2 1 1 1 2 2 0 2 0 1 2 0 0 2 1 2 2 2 2 1 1 0 1 2 1 2 0 2 2 1 2 0 1 0 2 2 1 1 0 2 0 1 0 1 0 1 2 0 0 0 0 2 1 0 0 1 1 2 1 1 1 2 0 1 2 2 0 1 1 2 2 2 1 2 0 0 0 2 0 2 1 1 0 1 0 0 1 2 1 1 0 0 1 2 0
-0.796261521375436 -1.43138055571991 0.0238977533570538 2.26202203889302 -1.16291030032999 1 2 1 1 2 1 0 1 1 1 2 2 0 2 0 1 1 0 2 2 0 0 2 0 1 1 1 0 1 1 0 2 0 0 2 2 2 2 2 0 2 0 0 1 1 0 0 2 1 2 1 1 2 1 1 2 1 1 1 0 0 1 0 2 2 1 0 2 0 1 2 2 0 0 1 1 2 1 1 2 2 1 0 1 0 2 2 2 0 2 1 0 1 2 1 0 0 0 1 2 0 2 1 1 2 1 0 1 1 1 2 2 0 2 0 1 1 0 2 2 0 0 2 0 1 1 1 0 1 1 0 2 0 0 2 2 2 2 2 0 2 0 0 1 1 0 0 2 1 2 1 1 2 1 1 2 1 1 1 0 0 1 0 2 2 1 0 2 0 1 2 2 0 0 1 1 2 1 1 2 2 1 0 1 0 2 2 2 0 2 1 0 1 2 1 0 0 0 1 2 0
0.830080090130843 0.917251242010193 -0.507433333318615 -1.26970288583422 -1.83301926830029 1 2 0 2 2 1 1 1 2 1 2 1 0 2 0 2 1 1 2 2 0 1 2 1 1 2 1 0 1 2 1 1 0 2 2 1 2 1 2 0 2 1 1 1 0 1 0 2 0 1 0 0 2 0 0 1 2 2 1 1 0 2 1 2 0 1 0 0 0 1 2 2 0 0 0 0 2 1 1 2 2 0 1 2 1 2 1 1 1 1 0 1 1 2 1 2 0 0 2 2 0 2 0 2 2 1 1 1 2 1 2 1 0 2 0 2 1 1 2 2 0 1 2 1 1 2 1 0 1 2 1 1 0 2 2 1 2 1 2 0 2 1 1 1 0 1 0 2 0 1 0 0 2 0 0 1 2 2 1 1 0 2 1 2 0 1 0 0 0 1 2 2 0 0 0 0 2 1 1 2 2 0 1 2 1 2 1 1 1 1 0 1 1 2 1 2 0 0 2 2 0
-0.529208794225799 -0.10424410236331 0.728258402466447 0.558942027728053 -0.253553013705476 -1 2 2 1 2 1 2 1 1 0 1 1 0 2 0 2 2 2 2 2 0 1 2 2 2 2 2 1 2 2 1 2 0 2 2 2 2 1 1 0 1 1 1 1 1 1 1 2 0 2 0 1 1 0 0 1 0 1 1 0 0 2 1 2 0 0 0 1 1 1 1 2 0 0 0 2 1 0 0 1 1 0 0 2 1 2 2 2 0 1 1 1 0 2 1 0 0 0 1 2 0 -2 -2 -1 -2 -1 -2 -1 -1 0 -1 -1 0 -2 0 -2 -2 -2 -2 -2 0 -1 -2 -2 -2 -2 -2 -1 -2 -2 -1 -2 0 -2 -2 -2 -2 -1 -1 0 -1 -1 -1 -1 -1 -1 -1 -2 0 -2 0 -1 -1 0 0 -1 0 -1 -1 0 0 -2 -1 -2 0 0 0 -1 -1 -1 -1 -2 0 0 0 -2 -1 0 0 -1 -1 0 0 -2 -1 -2 -2 -2 0 -1 -1 -1 0 -2 -1 0 0 0 -1 -2 0
1.10558543742261 0.353832463185758 1.27237667953716 0.185675787101942 -1.2409343044789 1 2 1 2 1 0 2 0 0 0 1 2 0 1 0 1 1 0 1 2 0 1 2 0 1 2 2 1 2 2 2 2 0 2 2 0 0 0 1 0 0 0 1 1 1 1 1 2 0 1 0 0 1 0 1 0 0 0 0 0 0 1 0 2 2 2 0 2 0 1 2 2 0 0 1 1 1 2 2 2 1 0 1 1 0 1 2 2 1 2 0 2 1 2 1 1 1 0 2 2 0 2 1 2 1 0 2 0 0 0 1 2 0 1 0 1 1 0 1 2 0 1 2 0 1 2 2 1 2 2 2 2 0 2 2 0 0 0 1 0 0 0 1 1 1 1 1 2 0 1 0 0 1 0 1 0 0 0 0 0 0 1 0 2 2 2 0 2 0 1 2 2 0 0 1 1 1 2 2 2 1 0 1 1 0 1 2 2 1 2 0 2 1 2 1 1 1 0 2 2 0
-1.09347390482135 -0.808340747767357 0.166324821269562 0.277167034273714 0.440430581774082 -1 2 1 1 1 0 1 1 0 0 1 2 0 2 0 2 1 0 1 1 0 0 2 1 1 1 1 0 1 2 1 2 0 2 2 2 1 0 2 0 1 1 1 0 1 1 0 1 0 2 0 1 0 0 0 1 2 1 1 1 0 1 1 2 2 1 0 1 0 2 2 2 0 0 1 2 2 2 2 2 2 1 0 2 1 1 2 2 1 2 2 2 0 2 2 2 1 0 1 2 0 -2 -1 -1 -1 0 -1 -1 0 0 -1 -2 0 -2 0 -2 -1 0 -1 -1 0 0 -2 -1 -1 -1 -1 0 -1 -2 -1 -2 0 -2 -2 -2 -1 0 -2 0 -1 -1 -1 0 -1 -1 0 -1 0 -2 0 -1 0 0 0 -1 -2 -1 -1 -1 0 -1 -1 -2 -2 -1 0 -1 0 -2 -2 -2 0 0 -1 -2 -2 -2 -2 -2 -2 -1 0 -2 -1 -1 -2 -2 -1 -2 -2 -2 0 -2 -2 -2 -1 0 -1 -2 0
0.97797477901405 1.10004157223976 -1.39341291317787 0.363634642913075 -1.08775842061537 -1 2 0 2 2 1 2 0 0 0 2 2 0 2 0 0 0 0 0 1 0 1 2 1 1 2 1 0 1 1 1 2 0 2 2 0 1 0 1 0 2 2 2 1 0 1 0 2 0 0 0 1 1 0 0 1 1 1 1 1 0 2 1 2 2 1 0 2 0 2 2 2 0 0 0 1 2 2 0 1 0 0 1 2 0 2 2 2 1 2 0 0 1 2 0 0 0 0 2 2 0 -2 0 -2 -2 -1 -2 0 0 0 -2 -2 0 -2 0 0 0 0 0 -1 0 -1 -2 -1 -1 -2 -1 0 -1 -1 -1 -2 0 -2 -2 0 -1 0 -1 0 -2 -2 -2 -1 0 -1 0 -2 0 0 0 -1 -1 0 0 -1 -1 -1 -1 -1 0 -2 -1 -2 -2 -1 0 -2 0 -2 -2 -2 0 0 0 -1 -2 -2 0 -1 0 0 -1 -2 0 -2 -2 -2 -1 -2 0 0 -1 -2 0 0 0 0 -2 -2 0
-0.626885861465701 0.369390971382633 0.262698312487263 -1.00451538263989 0.13696939380068 -1 2 2 2 2 1 2 1 0 1 1 1 0 1 0 1 1 0 2 2 0 0 1 0 2 2 1 0 0 1 1 2 0 2 2 0 2 0 1 0 2 1 1 1 1 2 1 2 0 1 0 1 2 0 1 2 1 2 1 2 0 2 2 2 1 1 0 2 1 1 2 2 0 2 0 0 0 1 0 2 1 1 2 2 0 2 2 2 1 0 0 1 1 2 2 2 0 1 1 2 0 -2 -2 -2 -2 -1 -2 -1 0 -1 -1 -1 0 -1 0 -1 -1 0 -2 -2 0 0 -1 0 -2 -2 -1 0 0 -1 -1 -2 0 -2 -2 0 -2 0 -1 0 -2 -1 -1 -1 -1 -2 -1 -2 0 -1 0 -1 -2 0 -1 -2 -1 -2 -1 -2 0 -2 -2 -2 -1 -1 0 -2 -1 -1 -2 -2 0 -2 0 0 0 -1 0 -2 -1 -1 -2 -2 0 -2 -2 -2 -1 0 0 -1 -1 -2 -2 -2 0 -1 -1 -2 0
