0.0198781938059256 0.688536009047007 0.901706501014261 -0.352546992061373 0.307778032725001 1 1 2 0 0 1 0 0 0 0 0 0 2 2 2 0 0 0 2 1 1 1 2 1 0 0 1 2 2 2 0 2 0 0 1 0 0 2 0 1 0 2 0 0 0 1 2 2 1 0 2 1 1 1 2 2 0 1 2 2 2 2 2 2 0 1 2 2 0 2 2 1 2 1 1 0 0 1 0 0 2 0 0 1 1 2 0 0 0 2 2 0 0 2 1 2 0 2 1 2 0 1 2 0 0 1 0 0 0 0 0 0 2 2 2 0 0 0 2 1 1 1 2 1 0 0 1 2 2 2 0 2 0 0 1 0 0 2 0 1 0 2 0 0 0 1 2 2 1 0 2 1 1 1 2 2 0 1 2 2 2 2 2 2 0 1 2 2 0 2 2 1 2 1 1 0 0 1 0 0 2 0 0 1 1 2 0 0 0 2 2 0 0 2 1 2 0 2 1 2 0
0.332839125861084 -0.772395154976401 0.31691390892894 1.50212225374596 -0.0704427099098167 1 0 1 0 0 2 1 0 0 0 1 1 2 1 2 2 1 0 2 2 0 2 2 1 0 0 1 2 2 2 1 2 1 2 1 0 0 1 0 0 0 1 0 0 0 1 2 1 0 0 2 2 2 0 1 2 1 0 0 1 1 2 1 2 0 2 2 2 1 1 2 0 2 2 0 0 1 2 2 0 2 0 1 2 2 1 1 0 0 1 2 0 0 2 0 2 1 1 0 0 0 0 1 0 0 2 1 0 0 0 1 1 2 1 2 2 1 0 2 2 0 2 2 1 0 0 1 2 2 2 1 2 1 2 1 0 0 1 0 0 0 1 0 0 0 1 2 1 0 0 2 2 2 0 1 2 1 0 0 1 1 2 1 2 0 2 2 2 1 1 2 0 2 2 0 0 1 2 2 0 2 0 1 2 2 1 1 0 0 1 2 0 0 2 0 2 1 1 0 0 0
0.045122249329336 0.429838380430741 -0.947244159503468 0.137417765332784 2.08224979942966 -1 1 2 0 1 2 1 0 0 0 1 0 0 0 1 2 2 0 1 1 0 0 1 0 0 0 1 2 1 2 0 2 0 1 1 0 0 2 0 0 0 2 1 0 0 1 2 2 1 0 2 0 1 2 2 2 0 0 0 1 1 2 1 0 0 2 2 1 0 0 0 0 2 1 1 0 1 2 0 0 2 0 0 0 0 0 0 0 1 0 2 1 0 2 0 1 1 1 0 1 1 -1 -2 0 -1 -2 -1 0 0 0 -1 0 0 0 -1 -2 -2 0 -1 -1 0 0 -1 0 0 0 -1 -2 -1 -2 0 -2 0 -1 -1 0 0 -2 0 0 0 -2 -1 0 0 -1 -2 -2 -1 0 -2 0 -1 -2 -2 -2 0 0 0 -1 -1 -2 -1 0 0 -2 -2 -1 0 0 0 0 -2 -1 -1 0 -1 -2 0 0 -2 0 0 0 0 0 0 0 -1 0 -2 -1 0 -2 0 -1 -1 -1 0 -1 -1
-0.351894328059236 1.26733335601695 -0.459146907011452 -0.244964298291006 0.806765489231084 -1 1 1 0 1 2 1 2 1 1 1 0 2 2 2 2 1 0 2 1 1 2 2 2 0 0 1 2 0 2 0 1 0 0 1 0 0 1 0 0 0 2 1 0 1 0 2 1 0 0 0 0 1 1 1 1 0 0 1 1 2 2 2 0 0 1 2 2 1 1 1 0 2 1 1 0 0 2 0 0 1 0 0 0 0 1 0 0 0 1 2 0 1 1 0 2 1 2 0 0 0 -1 -1 0 -1 -2 -1 -2 -1 -1 -1 0 -2 -2 -2 -2 -1 0 -2 -1 -1 -2 -2 -2 0 0 -1 -2 0 -2 0 -1 0 0 -1 0 0 -1 0 0 0 -2 -1 0 -1 0 -2 -1 0 0 0 0 -1 -1 -1 -1 0 0 -1 -1 -2 -2 -2 0 0 -1 -2 -2 -1 -1 -1 0 -2 -1 -1 0 0 -2 0 0 -1 0 0 0 0 -1 0 0 0 -1 -2 0 -1 -1 0 -2 -1 -2 0 0 0
0.844220549590292 0.385589453312803 0.510597669100411 -0.629772207133292 0.674641457286253 1 0 1 0 0 1 1 0 1 1 2 0 1 2 2 2 2 1 2 1 0 2 2 1 0 1 2 2 2 2 0 2 0 2 2 0 0 2 0 0 0 1 0 0 1 1 2 1 0 0 2 2 2 1 2 2 0 0 2 2 2 2 2 1 0 1 2 2 0 1 1 0 1 1 1 0 0 2 1 0 2 0 1 0 0 2 1 0 2 2 2 1 1 2 0 1 0 1 1 1 0 0 1 0 0 1 1 0 1 1 2 0 1 2 2 2 2 1 2 1 0 2 2 1 0 1 2 2 2 2 0 2 0 2 2 0 0 2 0 0 0 1 0 0 1 1 2 1 0 0 2 2 2 1 2 2 0 0 2 2 2 2 2 1 0 1 2 2 0 1 1 0 1 1 1 0 0 2 1 0 2 0 1 0 0 2 1 0 2 2 2 1 1 2 0 1 0 1 1 1 0
-1.05521526545677 -1.21987653385726 -0.0497658348607375 1.74281030963614 -0.60547440767288 1 1 2 0 0 2 2 1 2 0 1 0 0 1 1 2 1 0 2 0 1 1 2 0 0 1 1 2 0 2 0 2 0 0 0 0 0 2 0 2 0 2 1 1 1 1 2 1 1 0 2 1 0 0 0 1 0 0 1 2 1 2 2 2 0 1 1 1 0 1 1 0 1 0 0 0 0 2 1 0 1 1 0 0 1 1 1 0 1 1 2 1 1 1 1 2 1 1 1 1 0 1 2 0 0 2 2 1 2 0 1 0 0 1 1 2 1 0 2 0 1 1 2 0 0 1 1 2 0 2 0 2 0 0 0 0 0 2 0 2 0 2 1 1 1 1 2 1 1 0 2 1 0 0 0 1 0 0 1 2 1 2 2 2 0 1 1 1 0 1 1 0 1 0 0 0 0 2 1 0 1 1 0 0 1 1 1 0 1 1 2 1 1 1 1 2 1 1 1 1 0
0.174465201117616 0.45250336310612 -0.802491761522328 0.245538587181319 -0.134923003349384 1 0 2 0 1 2 1 0 1 0 1 1 2 2 2 2 2 0 2 1 0 0 1 0 0 0 0 2 2 2 0 2 0 2 1 0 0 2 0 0 0 0 0 0 0 0 1 0 0 0 2 0 0 0 1 2 0 0 1 2 2 2 2 0 0 1 2 2 0 0 0 0 2 0 0 0 0 1 0 0 2 1 0 0 1 2 0 0 0 1 2 2 1 2 1 2 2 2 2 1 0 0 2 0 1 2 1 0 1 0 1 1 2 2 2 2 2 0 2 1 0 0 1 0 0 0 0 2 2 2 0 2 0 2 1 0 0 2 0 0 0 0 0 0 0 0 1 0 0 0 2 0 0 0 1 2 0 0 1 2 2 2 2 0 0 1 2 2 0 0 0 0 2 0 0 0 0 1 0 0 2 1 0 0 1 2 0 0 0 1 2 2 1 2 1 2 2 2 2 1 0
1.51363484127755 0.590149009290383 0.26356680163546 -0.528578485226491 2.0713057941853 -1 1 2 0 0 1 0 0 1 0 1 0 1 0 2 2 1 0 2 2 0 0 1 0 0 0 1 2 1 2 0 2 0 1 2 0 0 2 0 0 0 1 0 0 0 1 2 2 1 0 0 2 1 1 1 1 0 0 0 2 2 2 1 1 0 2 2 2 0 0 1 0 2 0 1 0 1 2 0 0 2 0 1 0 0 0 0 0 1 0 2 1 0 2 0 0 0 1 0 0 0 -1 -2 0 0 -1 0 0 -1 0 -1 0 -1 0 -2 -2 -1 0 -2 -2 0 0 -1 0 0 0 -1 -2 -1 -2 0 -2 0 -1 -2 0 0 -2 0 0 0 -1 0 0 0 -1 -2 -2 -1 0 0 -2 -1 -1 -1 -1 0 0 0 -2 -2 -2 -1 -1 0 -2 -2 -2 0 0 -1 0 -2 0 -1 0 -1 -2 0 0 -2 0 -1 0 0 0 0 0 -1 0 -2 -1 0 -2 0 0 0 -1 0 0 0
1.28399925804998 -0.443146399934417 -2.08240057626374 2.43122707327061 -0.627737327970867 -1 0 0 0 0 2 0 0 0 0 1 1 2 2 2 2 2 0 2 1 2 1 2 1 0 0 2 2 0 2 0 2 1 2 1 0 0 2 0 1 0 0 0 0 1 0 2 2 1 0 1 0 0 0 0 0 0 0 1 2 1 2 2 2 0 1 2 2 0 1 1 0 2 1 0 0 0 1 0 0 0 0 1 2 1 2 0 0 1 2 2 2 1 2 1 2 1 1 0 1 0 0 0 0 0 -2 0 0 0 0 -1 -1 -2 -2 -2 -2 -2 0 -2 -1 -2 -1 -2 -1 0 0 -2 -2 0 -2 0 -2 -1 -2 -1 0 0 -2 0 -1 0 0 0 0 -1 0 -2 -2 -1 0 -1 0 0 0 0 0 0 0 -1 -2 -1 -2 -2 -2 0 -1 -2 -2 0 -1 -1 0 -2 -1 0 0 0 -1 0 0 0 0 -1 -2 -1 -2 0 0 -1 -2 -2 -2 -1 -2 -1 -2 -1 -1 0 -1 0
-2.08057406588434 -0.29241989349547 -0.6219678746129 -2.22936477297116 0.858021943718696 1 0 2 0 1 1 1 0 0 0 2 1 2 2 1 1 1 1 2 1 2 2 2 1 0 0 1 2 1 2 0 2 1 1 1 0 0 2 0 0 0 2 1 0 1 1 2 2 2 0 2 0 0 1 1 2 0 0 2 2 2 2 2 2 0 0 1 2 0 1 0 0 2 1 1 0 1 2 0 0 1 1 0 1 1 2 1 0 0 0 2 1 1 2 1 2 0 0 0 0 0 0 2 0 1 1 1 0 0 0 2 1 2 2 1 1 1 1 2 1 2 2 2 1 0 0 1 2 1 2 0 2 1 1 1 0 0 2 0 0 0 2 1 0 1 1 2 2 2 0 2 0 0 1 1 2 0 0 2 2 2 2 2 2 0 0 1 2 0 1 0 0 2 1 1 0 1 2 0 0 1 1 0 1 1 2 1 0 0 0 2 1 1 2 1 2 0 0 0 0 0
1.28704954815169 1.29010325297418 2.25805589628654 -0.474283525360767 0.675874764215939 1 1 2 0 0 2 0 0 0 0 2 0 1 1 2 2 0 0 2 2 1 2 2 1 0 1 2 2 1 2 1 2 0 0 2 0 0 2 0 0 0 2 2 1 2 0 2 0 0 0 2 1 0 0 1 2 0 0 1 2 2 2 2 2 0 1 1 1 0 0 1 0 2 1 0 1 0 2 1 0 2 0 0 0 1 1 1 0 0 1 2 0 0 2 1 1 0 0 0 2 0 1 2 0 0 2 0 0 0 0 2 0 1 1 2 2 0 0 2 2 1 2 2 1 0 1 2 2 1 2 1 2 0 0 2 0 0 2 0 0 0 2 2 1 2 0 2 0 0 0 2 1 0 0 1 2 0 0 1 2 2 2 2 2 0 1 1 1 0 0 1 0 2 1 0 1 0 2 1 0 2 0 0 0 1 1 1 0 0 1 2 0 0 2 1 1 0 0 0 2 0
1.34713503287861 -0.557210076266482 1.60434566580251 0.963215875070884 1.75287197012117 1 1 2 0 0 2 1 0 0 0 2 0 1 1 1 2 1 0 2 2 0 1 2 1 0 0 0 2 1 2 0 2 1 2 2 0 0 2 0 1 0 1 1 2 1 1 2 2 1 0 2 1 1 1 2 1 0 0 1 2 2 2 2 2 1 2 2 2 1 2 2 1 2 1 0 0 0 1 0 0 1 1 0 0 0 1 0 0 1 1 2 1 0 1 0 0 1 2 1 0 0 1 2 0 0 2 1 0 0 0 2 0 1 1 1 2 1 0 2 2 0 1 2 1 0 0 0 2 1 2 0 2 1 2 2 0 0 2 0 1 0 1 1 2 1 1 2 2 1 0 2 1 1 1 2 1 0 0 1 2 2 2 2 2 1 2 2 2 1 2 2 1 2 1 0 0 0 1 0 0 1 1 0 0 0 1 0 0 1 1 2 1 0 1 0 0 1 2 1 0 0
-0.497014067986629 0.778277554166128 0.841311651280973 -1.15268201510501 -0.72615219955597 1 1 1 0 1 1 0 1 2 0 1 0 1 1 1 2 1 0 2 2 2 2 2 2 0 0 1 2 2 2 0 2 1 0 1 0 0 0 0 1 0 1 0 0 0 0 2 2 1 0 2 1 0 0 1 2 0 0 0 0 0 2 1 1 0 2 2 2 1 2 2 0 2 2 1 0 1 2 0 0 1 0 0 0 1 1 0 0 0 1 2 1 1 2 2 2 1 1 1 0 0 1 1 0 1 1 0 1 2 0 1 0 1 1 1 2 1 0 2 2 2 2 2 2 0 0 1 2 2 2 0 2 1 0 1 0 0 0 0 1 0 1 0 0 0 0 2 2 1 0 2 1 0 0 1 2 0 0 0 0 0 2 1 1 0 2 2 2 1 2 2 0 2 2 1 0 1 2 0 0 1 0 0 0 1 1 0 0 0 1 2 1 1 2 2 2 1 1 1 0 0
-0.454175107377088 0.625575555781215 0.490299506918535 0.38773203295536 -0.0993021824907007 -1 1 2 0 1 2 1 1 1 0 0 0 2 2 2 2 1 0 2 1 1 1 2 2 1 0 1 2 1 2 1 2 0 2 1 0 0 2 0 1 1 2 0 0 2 0 2 1 1 0 1 1 0 2 2 2 1 0 1 1 1 2 1 1 0 2 2 2 1 2 2 1 2 1 0 0 0 2 0 0 1 0 0 0 1 2 0 0 0 1 2 0 0 2 1 2 1 0 0 1 0 -1 -2 0 -1 -2 -1 -1 -1 0 0 0 -2 -2 -2 -2 -1 0 -2 -1 -1 -1 -2 -2 -1 0 -1 -2 -1 -2 -1 -2 0 -2 -1 0 0 -2 0 -1 -1 -2 0 0 -2 0 -2 -1 -1 0 -1 -1 0 -2 -2 -2 -1 0 -1 -1 -1 -2 -1 -1 0 -2 -2 -2 -1 -2 -2 -1 -2 -1 0 0 0 -2 0 0 -1 0 0 0 -1 -2 0 0 0 -1 -2 0 0 -2 -1 -2 -1 0 0 -1 0
0.49051839893358 -0.471288509162081 -0.0819952055962865 1.30210099837169 -0.392838485708646 1 1 2 0 0 2 0 0 1 1 2 0 2 1 2 2 2 0 1 0 0 0 1 0 0 0 0 2 1 2 0 2 0 1 2 0 1 2 0 0 1 2 1 1 2 1 2 2 1 0 2 1 2 1 1 1 0 0 0 1 2 2 1 2 0 1 2 2 0 1 1 0 2 0 0 0 0 2 0 0 0 1 0 0 0 2 1 0 0 1 2 0 0 2 1 2 0 1 2 1 0 1 2 0 0 2 0 0 1 1 2 0 2 1 2 2 2 0 1 0 0 0 1 0 0 0 0 2 1 2 0 2 0 1 2 0 1 2 0 0 1 2 1 1 2 1 2 2 1 0 2 1 2 1 1 1 0 0 0 1 2 2 1 2 0 1 2 2 0 1 1 0 2 0 0 0 0 2 0 0 0 1 0 0 0 2 1 0 0 1 2 0 0 2 1 2 0 1 2 1 0
-0.893717036321106 0.515515631306109 1.9134950196001 -1.62536357675623 -0.517761691124765 1 2 2 0 0 2 2 1 1 1 2 0 2 1 2 1 1 0 2 0 1 2 2 1 0 1 1 2 1 2 0 2 1 0 0 0 0 1 0 0 0 2 1 0 0 0 2 1 1 0 1 0 2 1 2 1 0 1 1 1 1 2 2 1 0 2 1 2 0 0 1 0 2 0 0 0 0 2 0 0 0 0 0 0 0 2 1 0 0 1 1 0 1 2 1 2 1 1 0 1 0 2 2 0 0 2 2 1 1 1 2 0 2 1 2 1 1 0 2 0 1 2 2 1 0 1 1 2 1 2 0 2 1 0 0 0 0 1 0 0 0 2 1 0 0 0 2 1 1 0 1 0 2 1 2 1 0 1 1 1 1 2 2 1 0 2 1 2 0 0 1 0 2 0 0 0 0 2 0 0 0 0 0 0 0 2 1 0 0 1 1 0 1 2 1 2 1 1 0 1 0
-0.230999279978025 -0.193667913569729 0.437939455909094 -1.9512723361319 -1.52766810582551 1 1 1 0 0 2 0 1 0 0 1 0 1 1 1 2 1 0 2 0 0 0 1 1 0 0 0 1 1 2 0 2 0 1 2 0 0 2 0 0 0 1 0 0 1 0 2 2 2 0 1 1 1 0 1 2 0 0 0 1 1 2 2 2 0 0 1 2 0 0 1 0 2 0 2 0 0 1 0 0 2 0 0 0 1 2 1 0 0 1 2 0 0 1 0 2 2 1 1 1 0 1 1 0 0 2 0 1 0 0 1 0 1 1 1 2 1 0 2 0 0 0 1 1 0 0 0 1 1 2 0 2 0 1 2 0 0 2 0 0 0 1 0 0 1 0 2 2 2 0 1 1 1 0 1 2 0 0 0 1 1 2 2 2 0 0 1 2 0 0 1 0 2 0 2 0 0 1 0 0 2 0 0 0 1 2 1 0 0 1 2 0 0 1 0 2 2 1 1 1 0
0.773456123460241 1.35181828608377 -0.514381298615469 -1.4785323664746 -0.809698376952373 -1 0 1 0 0 2 0 0 0 0 1 0 1 1 2 1 0 0 2 2 1 1 2 2 0 1 1 2 2 2 0 2 0 0 1 0 0 2 0 2 0 1 0 1 1 2 2 1 1 0 2 1 0 0 2 2 0 0 1 1 2 2 2 2 0 0 1 2 2 1 1 1 2 0 0 0 0 0 0 0 1 0 0 1 1 1 1 0 1 0 2 1 0 2 0 2 1 1 0 0 0 0 -1 0 0 -2 0 0 0 0 -1 0 -1 -1 -2 -1 0 0 -2 -2 -1 -1 -2 -2 0 -1 -1 -2 -2 -2 0 -2 0 0 -1 0 0 -2 0 -2 0 -1 0 -1 -1 -2 -2 -1 -1 0 -2 -1 0 0 -2 -2 0 0 -1 -1 -2 -2 -2 -2 0 0 -1 -2 -2 -1 -1 -1 -2 0 0 0 0 0 0 0 -1 0 0 -1 -1 -1 -1 0 -1 0 -2 -1 0 -2 0 -2 -1 -1 0 0 0
-1.57171205023525 1.51912841907913 1.02020400588138 -0.453950850681511 0.341113264774535 -1 1 1 0 0 2 0 1 1 0 2 0 1 0 0 2 1 0 2 1 2 0 1 1 0 0 1 1 0 2 1 2 1 2 1 0 1 1 0 1 0 2 0 0 1 0 2 1 1 1 2 2 1 2 2 1 0 1 2 2 2 2 2 1 0 2 1 2 0 0 1 0 2 1 0 0 0 1 0 1 2 0 0 1 1 2 0 0 0 0 2 0 0 2 0 2 1 1 0 0 0 -1 -1 0 0 -2 0 -1 -1 0 -2 0 -1 0 0 -2 -1 0 -2 -1 -2 0 -1 -1 0 0 -1 -1 0 -2 -1 -2 -1 -2 -1 0 -1 -1 0 -1 0 -2 0 0 -1 0 -2 -1 -1 -1 -2 -2 -1 -2 -2 -1 0 -1 -2 -2 -2 -2 -2 -1 0 -2 -1 -2 0 0 -1 0 -2 -1 0 0 0 -1 0 -1 -2 0 0 -1 -1 -2 0 0 0 0 -2 0 0 -2 0 -2 -1 -1 0 0 0
1.31723436018751 1.22328235899309 1.06803038742572 0.331809364092935 -0.402136711530918 1 0 2 0 0 2 1 0 0 0 1 0 1 1 2 1 0 0 2 2 2 2 2 1 0 0 1 2 1 2 0 2 1 2 1 0 0 2 0 0 0 1 1 1 1 0 2 2 1 0 0 0 0 0 1 2 0 0 1 2 1 2 2 2 1 2 2 2 1 2 2 1 2 0 0 0 1 2 0 1 2 0 0 1 1 2 1 0 0 0 2 1 1 1 2 2 2 1 0 0 0 0 2 0 0 2 1 0 0 0 1 0 1 1 2 1 0 0 2 2 2 2 2 1 0 0 1 2 1 2 0 2 1 2 1 0 0 2 0 0 0 1 1 1 1 0 2 2 1 0 0 0 0 0 1 2 0 0 1 2 1 2 2 2 1 2 2 2 1 2 2 1 2 0 0 0 1 2 0 1 2 0 0 1 1 2 1 0 0 0 2 1 1 1 2 2 2 1 0 0 0
-1.05170968899017 -0.959569829549721 0.121634398693848 0.716126893438523 0.228075557919687 -1 1 2 0 0 2 1 0 0 1 2 0 1 1 2 2 2 0 2 1 0 1 2 2 0 0 2 2 2 2 1 2 1 2 0 0 0 2 0 1 0 2 1 1 1 0 2 2 2 0 2 1 0 0 2 2 0 1 2 2 2 2 2 2 0 1 2 2 0 2 1 0 2 1 0 0 0 2 0 0 1 0 1 1 1 2 0 0 1 0 2 1 0 2 0 2 1 1 1 1 0 -1 -2 0 0 -2 -1 0 0 -1 -2 0 -1 -1 -2 -2 -2 0 -2 -1 0 -1 -2 -2 0 0 -2 -2 -2 -2 -1 -2 -1 -2 0 0 0 -2 0 -1 0 -2 -1 -1 -1 0 -2 -2 -2 0 -2 -1 0 0 -2 -2 0 -1 -2 -2 -2 -2 -2 -2 0 -1 -2 -2 0 -2 -1 0 -2 -1 0 0 0 -2 0 0 -1 0 -1 -1 -1 -2 0 0 -1 0 -2 -1 0 -2 0 -2 -1 -1 -1 -1 0
1.38438511676364 1.08562319151222 -0.125848891872017 0.953773087337194 0.462057625053466 -1 1 1 0 0 2 0 0 1 1 2 0 2 2 2 2 0 0 1 2 1 2 2 1 0 0 1 2 1 2 0 2 0 1 1 0 0 2 0 0 0 2 1 0 1 1 2 1 1 0 1 1 0 0 1 1 0 0 1 2 2 2 2 1 0 2 2 2 2 2 2 1 2 2 1 0 0 2 1 1 2 0 2 1 1 2 0 0 0 0 2 1 0 2 1 2 2 1 0 0 0 -1 -1 0 0 -2 0 0 -1 -1 -2 0 -2 -2 -2 -2 0 0 -1 -2 -1 -2 -2 -1 0 0 -1 -2 -1 -2 0 -2 0 -1 -1 0 0 -2 0 0 0 -2 -1 0 -1 -1 -2 -1 -1 0 -1 -1 0 0 -1 -1 0 0 -1 -2 -2 -2 -2 -1 0 -2 -2 -2 -2 -2 -2 -1 -2 -2 -1 0 0 -2 -1 -1 -2 0 -2 -1 -1 -2 0 0 0 0 -2 -1 0 -2 -1 -2 -2 -1 0 0 0
0.435865052090068 0.426280093415486 0.0814746903802222 1.77408146192755 -0.22955961580342 -1 1 2 0 0 2 0 1 2 1 2 1 2 1 2 2 0 0 2 2 1 2 2 2 1 1 2 2 1 1 0 2 1 1 1 0 0 1 0 1 0 0 0 0 1 1 2 1 0 0 2 1 1 0 2 2 1 0 1 1 1 1 1 1 0 2 2 2 0 0 1 0 2 1 0 0 0 1 0 1 2 2 0 0 1 2 2 0 0 0 2 0 1 2 0 2 2 0 0 0 0 -1 -2 0 0 -2 0 -1 -2 -1 -2 -1 -2 -1 -2 -2 0 0 -2 -2 -1 -2 -2 -2 -1 -1 -2 -2 -1 -1 0 -2 -1 -1 -1 0 0 -1 0 -1 0 0 0 0 -1 -1 -2 -1 0 0 -2 -1 -1 0 -2 -2 -1 0 -1 -1 -1 -1 -1 -1 0 -2 -2 -2 0 0 -1 0 -2 -1 0 0 0 -1 0 -1 -2 -2 0 0 -1 -2 -2 0 0 0 -2 0 -1 -2 0 -2 -2 0 0 0 0
-0.137849365941297 -0.15199453296229 -0.985670609002544 -1.20130283113865 -1.18982070935254 -1 0 2 0 1 0 0 1 0 1 2 0 1 1 1 1 0 0 1 1 0 1 2 1 0 0 2 2 2 2 0 2 0 1 1 0 0 2 0 1 0 2 1 1 1 2 2 2 1 1 2 1 0 1 1 1 0 0 2 1 1 2 1 2 0 2 2 2 1 1 1 1 2 1 0 0 0 2 0 1 1 0 0 0 0 2 0 0 0 0 2 1 0 0 1 2 1 1 1 2 0 0 -2 0 -1 0 0 -1 0 -1 -2 0 -1 -1 -1 -1 0 0 -1 -1 0 -1 -2 -1 0 0 -2 -2 -2 -2 0 -2 0 -1 -1 0 0 -2 0 -1 0 -2 -1 -1 -1 -2 -2 -2 -1 -1 -2 -1 0 -1 -1 -1 0 0 -2 -1 -1 -2 -1 -2 0 -2 -2 -2 -1 -1 -1 -1 -2 -1 0 0 0 -2 0 -1 -1 0 0 0 0 -2 0 0 0 0 -2 -1 0 0 -1 -2 -1 -1 -1 -2 0
-1.83264762823496 -1.31134502105209 -0.25586522360223 -0.939055997630366 -2.51897436421519 -1 0 1 0 0 1 0 0 0 0 2 0 2 2 1 2 1 0 2 1 0 1 2 2 0 0 1 2 2 2 1 2 1 1 1 0 0 2 0 1 1 1 1 0 0 0 2 1 0 0 1 1 1 1 0 0 0 0 1 1 1 2 2 2 0 1 1 2 0 0 0 0 2 1 0 0 0 2 0 0 2 0 1 2 1 2 0 0 1 0 2 0 0 2 1 1 1 1 0 0 0 0 -1 0 0 -1 0 0 0 0 -2 0 -2 -2 -1 -2 -1 0 -2 -1 0 -1 -2 -2 0 0 -1 -2 -2 -2 -1 -2 -1 -1 -1 0 0 -2 0 -1 -1 -1 -1 0 0 0 -2 -1 0 0 -1 -1 -1 -1 0 0 0 0 -1 -1 -1 -2 -2 -2 0 -1 -1 -2 0 0 0 0 -2 -1 0 0 0 -2 0 0 -2 0 -1 -2 -1 -2 0 0 -1 0 -2 0 0 -2 -1 -1 -1 -1 0 0 0
1.94527421324754 1.9159587845543 0.901017255381329 1.58651253321475 -0.115527687220625 1 1 2 0 1 2 0 0 1 0 2 0 1 1 2 2 1 0 2 1 0 0 2 1 0 0 1 2 1 2 1 2 1 1 0 0 0 2 0 1 1 0 0 0 0 1 2 0 1 1 2 2 1 0 2 1 0 0 1 2 2 2 0 0 0 1 1 1 1 1 1 0 2 1 0 0 0 1 0 0 0 0 0 0 0 2 0 0 1 1 1 0 0 2 1 2 1 0 1 0 0 1 2 0 1 2 0 0 1 0 2 0 1 1 2 2 1 0 2 1 0 0 2 1 0 0 1 2 1 2 1 2 1 1 0 0 0 2 0 1 1 0 0 0 0 1 2 0 1 1 2 2 1 0 2 1 0 0 1 2 2 2 0 0 0 1 1 1 1 1 1 0 2 1 0 0 0 1 0 0 0 0 0 0 0 2 0 0 1 1 1 0 0 2 1 2 1 0 1 0 0
-0.643555266170571 0.053226177084642 -1.48493489143687 -1.18508649817236 -0.2826984886656 -1 0 2 0 0 2 0 0 1 1 2 0 2 1 2 1 1 0 2 1 1 2 2 0 0 1 2 2 2 2 0 2 0 1 2 0 0 2 0 0 0 2 1 0 0 0 2 1 1 0 2 1 0 1 2 2 0 0 1 1 2 2 2 1 0 1 1 2 1 1 1 0 1 0 0 0 0 1 1 1 1 0 0 0 0 2 2 0 1 2 2 1 1 1 0 2 1 2 1 1 0 0 -2 0 0 -2 0 0 -1 -1 -2 0 -2 -1 -2 -1 -1 0 -2 -1 -1 -2 -2 0 0 -1 -2 -2 -2 -2 0 -2 0 -1 -2 0 0 -2 0 0 0 -2 -1 0 0 0 -2 -1 -1 0 -2 -1 0 -1 -2 -2 0 0 -1 -1 -2 -2 -2 -1 0 -1 -1 -2 -1 -1 -1 0 -1 0 0 0 0 -1 -1 -1 -1 0 0 0 0 -2 -2 0 -1 -2 -2 -1 -1 -1 0 -2 -1 -2 -1 -1 0
-1.4360468640958 1.07170663738558 0.803384755470181 0.00196689040463456 -1.22883533914488 1 0 2 0 1 2 0 0 1 0 2 0 2 2 2 2 2 0 1 1 1 1 2 1 0 0 1 2 2 2 0 2 1 1 0 0 0 1 0 0 0 1 1 0 2 0 2 2 2 0 1 0 0 1 0 0 0 0 1 1 1 2 2 2 0 1 2 2 0 0 0 0 1 2 2 2 1 2 1 1 1 0 1 0 0 1 0 0 0 1 2 1 1 2 0 2 2 2 1 1 1 0 2 0 1 2 0 0 1 0 2 0 2 2 2 2 2 0 1 1 1 1 2 1 0 0 1 2 2 2 0 2 1 1 0 0 0 1 0 0 0 1 1 0 2 0 2 2 2 0 1 0 0 1 0 0 0 0 1 1 1 2 2 2 0 1 2 2 0 0 0 0 1 2 2 2 1 2 1 1 1 0 1 0 0 1 0 0 0 1 2 1 1 2 0 2 2 2 1 1 1
0.864797703340357 -2.23297799173117 -0.6099626992256 -0.00739476706901498 1.32234732670588 -1 1 2 0 0 2 0 0 1 0 2 1 2 1 2 2 1 0 2 1 0 1 2 1 0 0 0 2 1 2 0 2 0 0 1 0 0 1 0 1 0 2 0 0 1 0 2 1 1 1 2 0 0 0 1 2 0 0 0 1 1 2 1 1 0 1 2 2 0 2 2 0 2 2 2 0 0 1 0 0 2 0 0 0 0 1 0 0 0 0 2 2 1 1 1 2 0 1 1 0 0 -1 -2 0 0 -2 0 0 -1 0 -2 -1 -2 -1 -2 -2 -1 0 -2 -1 0 -1 -2 -1 0 0 0 -2 -1 -2 0 -2 0 0 -1 0 0 -1 0 -1 0 -2 0 0 -1 0 -2 -1 -1 -1 -2 0 0 0 -1 -2 0 0 0 -1 -1 -2 -1 -1 0 -1 -2 -2 0 -2 -2 0 -2 -2 -2 0 0 -1 0 0 -2 0 0 0 0 -1 0 0 0 0 -2 -2 -1 -1 -1 -2 0 -1 -1 0 0
-0.941782197974075 -0.897502013008431 0.119989559706142 0.34513234515699 1.2120076674306 -1 1 0 0 2 2 2 1 2 2 2 1 2 2 2 2 1 0 2 1 0 1 2 2 0 2 1 2 1 2 0 2 1 2 2 0 1 2 0 1 0 1 0 0 1 1 2 0 1 0 2 1 1 0 1 2 0 0 1 2 1 2 2 1 0 1 1 2 0 1 1 0 1 0 0 0 0 0 0 0 0 1 0 1 0 1 0 0 0 1 2 1 1 2 2 2 1 1 0 1 0 -1 0 0 -2 -2 -2 -1 -2 -2 -2 -1 -2 -2 -2 -2 -1 0 -2 -1 0 -1 -2 -2 0 -2 -1 -2 -1 -2 0 -2 -1 -2 -2 0 -1 -2 0 -1 0 -1 0 0 -1 -1 -2 0 -1 0 -2 -1 -1 0 -1 -2 0 0 -1 -2 -1 -2 -2 -1 0 -1 -1 -2 0 -1 -1 0 -1 0 0 0 0 0 0 0 0 -1 0 -1 0 -1 0 0 0 -1 -2 -1 -1 -2 -2 -2 -1 -1 0 -1 0
-1.00777202187505 2.31762995166713 -0.586309981174453 -0.148127113850691 -0.302397857013234 1 1 0 0 1 2 1 0 1 2 2 0 1 1 2 2 1 0 1 0 0 2 2 1 0 0 2 2 2 2 0 1 1 2 1 0 0 2 0 0 0 2 2 2 2 2 2 2 0 0 1 1 2 1 2 2 1 1 1 2 2 2 2 1 0 0 1 2 0 1 1 1 2 0 1 0 0 2 0 0 1 0 0 0 0 1 1 0 0 0 2 0 1 2 1 2 1 1 0 1 0 1 0 0 1 2 1 0 1 2 2 0 1 1 2 2 1 0 1 0 0 2 2 1 0 0 2 2 2 2 0 1 1 2 1 0 0 2 0 0 0 2 2 2 2 2 2 2 0 0 1 1 2 1 2 2 1 1 1 2 2 2 2 1 0 0 1 2 0 1 1 1 2 0 1 0 0 2 0 0 1 0 0 0 0 1 1 0 0 0 2 0 1 2 1 2 1 1 0 1 0
2.32278982639067 -0.268837018772921 -1.41543609191438 -0.340731235759435 0.460477834912893 -1 0 1 0 0 2 0 0 0 0 2 0 1 1 2 1 0 0 2 1 0 2 2 2 0 1 2 2 2 2 0 2 0 1 1 0 0 2 0 1 1 1 1 0 0 1 2 2 1 0 2 2 2 2 2 2 0 1 2 1 1 2 0 1 0 1 1 2 0 1 1 0 2 0 0 0 0 1 0 0 2 0 1 1 0 2 0 0 0 0 2 0 0 2 2 2 2 1 1 0 0 0 -1 0 0 -2 0 0 0 0 -2 0 -1 -1 -2 -1 0 0 -2 -1 0 -2 -2 -2 0 -1 -2 -2 -2 -2 0 -2 0 -1 -1 0 0 -2 0 -1 -1 -1 -1 0 0 -1 -2 -2 -1 0 -2 -2 -2 -2 -2 -2 0 -1 -2 -1 -1 -2 0 -1 0 -1 -1 -2 0 -1 -1 0 -2 0 0 0 0 -1 0 0 -2 0 -1 -1 0 -2 0 0 0 0 -2 0 0 -2 -2 -2 -2 -1 -1 0 0
0.0480055022584132 0.704290316736497 1.07540210117581 -0.349379007447732 1.61563936833636 1 1 2 0 0 2 2 0 0 1 2 0 2 1 1 2 1 0 2 0 0 1 2 2 0 1 1 2 2 2 0 2 0 1 1 0 0 2 0 1 0 2 0 0 0 0 2 2 1 0 2 2 1 0 1 1 0 0 0 2 0 2 2 2 0 2 2 2 1 2 1 0 2 2 2 0 1 2 0 1 2 1 1 0 1 1 0 0 0 0 2 1 1 1 0 2 1 2 0 0 0 1 2 0 0 2 2 0 0 1 2 0 2 1 1 2 1 0 2 0 0 1 2 2 0 1 1 2 2 2 0 2 0 1 1 0 0 2 0 1 0 2 0 0 0 0 2 2 1 0 2 2 1 0 1 1 0 0 0 2 0 2 2 2 0 2 2 2 1 2 1 0 2 2 2 0 1 2 0 1 2 1 1 0 1 1 0 0 0 0 2 1 1 1 0 2 1 2 0 0 0
-0.548190214468996 1.01668906765377 0.21819068267828 0.114875393378279 -0.403392831612878 1 1 2 0 0 2 1 1 0 0 1 0 2 1 2 2 1 0 2 0 1 1 2 2 0 1 0 2 1 2 0 1 0 1 1 1 0 1 0 1 0 1 0 1 1 1 2 2 2 0 2 2 1 0 1 2 0 1 2 2 2 2 2 1 0 0 1 2 0 1 2 1 2 2 1 0 0 1 0 0 2 0 0 1 1 2 1 1 1 1 2 1 1 2 0 1 1 1 0 0 0 1 2 0 0 2 1 1 0 0 1 0 2 1 2 2 1 0 2 0 1 1 2 2 0 1 0 2 1 2 0 1 0 1 1 1 0 1 0 1 0 1 0 1 1 1 2 2 2 0 2 2 1 0 1 2 0 1 2 2 2 2 2 1 0 0 1 2 0 1 2 1 2 2 1 0 0 1 0 0 2 0 0 1 1 2 1 1 1 1 2 1 1 2 0 1 1 1 0 0 0
-0.933527483128043 1.03794133364457 0.686251307354622 -1.07972814371168 0.0279202697284255 1 0 1 0 1 2 1 1 1 1 2 0 0 0 2 2 1 0 2 2 1 1 2 1 0 0 0 2 2 2 0 2 0 2 2 0 0 2 0 1 1 2 0 1 2 2 2 2 1 0 1 0 1 2 2 2 0 0 1 2 2 2 2 2 0 1 2 2 0 1 0 0 1 0 0 0 0 2 0 0 1 0 1 1 1 2 2 1 1 2 1 0 0 2 1 2 2 1 0 0 0 0 1 0 1 2 1 1 1 1 2 0 0 0 2 2 1 0 2 2 1 1 2 1 0 0 0 2 2 2 0 2 0 2 2 0 0 2 0 1 1 2 0 1 2 2 2 2 1 0 1 0 1 2 2 2 0 0 1 2 2 2 2 2 0 1 2 2 0 1 0 0 1 0 0 0 0 2 0 0 1 0 1 1 1 2 2 1 1 2 1 0 0 2 1 2 2 1 0 0 0
3.08034846274622 -0.974770929901613 -0.29671608694731 -0.345001467411619 0.673751600570551 1 2 2 0 1 2 1 0 1 1 2 0 1 1 2 2 1 0 2 1 1 1 2 2 0 1 0 2 0 1 0 2 1 2 1 0 0 2 0 1 0 2 0 0 0 0 2 0 0 0 2 2 1 1 2 1 0 0 0 0 2 2 1 2 0 1 2 2 0 0 1 0 2 1 1 0 1 1 1 1 1 0 0 0 1 1 0 0 0 0 1 0 0 2 1 2 2 2 1 1 0 2 2 0 1 2 1 0 1 1 2 0 1 1 2 2 1 0 2 1 1 1 2 2 0 1 0 2 0 1 0 2 1 2 1 0 0 2 0 1 0 2 0 0 0 0 2 0 0 0 2 2 1 1 2 1 0 0 0 0 2 2 1 2 0 1 2 2 0 0 1 0 2 1 1 0 1 1 1 1 1 0 0 0 1 1 0 0 0 0 1 0 0 2 1 2 2 2 1 1 0
0.390641294985061 -0.0755577306930929 -0.273978857465325 1.40687822850967 -0.702465637807408 1 1 2 0 0 2 1 0 0 0 2 0 2 2 2 2 1 0 2 2 1 1 2 1 0 0 1 2 1 2 0 2 2 2 2 0 0 1 0 0 0 1 0 0 0 0 2 1 1 0 2 1 0 0 1 2 0 1 1 2 2 2 2 1 0 1 1 2 0 1 1 0 2 2 1 1 1 2 0 1 1 0 0 0 0 1 0 0 0 0 2 0 0 2 0 1 0 1 0 1 0 1 2 0 0 2 1 0 0 0 2 0 2 2 2 2 1 0 2 2 1 1 2 1 0 0 1 2 1 2 0 2 2 2 2 0 0 1 0 0 0 1 0 0 0 0 2 1 1 0 2 1 0 0 1 2 0 1 1 2 2 2 2 1 0 1 1 2 0 1 1 0 2 2 1 1 1 2 0 1 1 0 0 0 0 1 0 0 0 0 2 0 0 2 0 1 0 1 0 1 0
0.97731319424014 0.471775428773629 -1.15383869825782 0.319611205443321 2.44827009640643 1 0 1 0 1 2 0 0 0 0 2 0 1 0 1 2 1 0 2 0 1 1 1 0 0 0 0 2 1 2 1 2 0 0 1 0 0 2 0 1 0 2 0 2 1 2 2 2 1 0 2 0 1 1 2 2 0 0 1 1 1 2 2 2 1 2 2 2 2 2 2 1 2 0 0 0 2 2 0 1 1 0 1 1 2 2 1 0 0 1 2 0 0 1 0 2 1 1 0 1 0 0 1 0 1 2 0 0 0 0 2 0 1 0 1 2 1 0 2 0 1 1 1 0 0 0 0 2 1 2 1 2 0 0 1 0 0 2 0 1 0 2 0 2 1 2 2 2 1 0 2 0 1 1 2 2 0 0 1 1 1 2 2 2 1 2 2 2 2 2 2 1 2 0 0 0 2 2 0 1 1 0 1 1 2 2 1 0 0 1 2 0 0 1 0 2 1 1 0 1 0
-0.84107940725845 0.0379531879310084 0.950810095315575 -0.0827829814997658 0.995242182258674 -1 1 2 0 0 2 0 0 0 1 2 0 1 2 2 2 2 0 2 2 1 1 2 2 0 0 1 2 0 1 0 2 1 1 2 0 0 1 0 0 0 2 1 2 0 0 2 2 1 0 2 0 1 0 2 1 0 0 1 2 2 2 2 2 0 2 2 2 0 1 2 1 2 1 0 0 1 1 0 2 2 1 1 1 1 1 1 0 0 1 2 0 0 1 1 2 1 1 0 1 0 -1 -2 0 0 -2 0 0 0 -1 -2 0 -1 -2 -2 -2 -2 0 -2 -2 -1 -1 -2 -2 0 0 -1 -2 0 -1 0 -2 -1 -1 -2 0 0 -1 0 0 0 -2 -1 -2 0 0 -2 -2 -1 0 -2 0 -1 0 -2 -1 0 0 -1 -2 -2 -2 -2 -2 0 -2 -2 -2 0 -1 -2 -1 -2 -1 0 0 -1 -1 0 -2 -2 -1 -1 -1 -1 -1 -1 0 0 -1 -2 0 0 -1 -1 -2 -1 -1 0 -1 0
-2.02500586544864 -0.517242353800992 -0.285932757944897 -2.9669744436932 0.249227577278378 -1 1 1 0 0 2 0 0 0 0 2 1 1 1 2 2 1 0 2 1 0 1 2 2 0 0 1 2 1 2 1 2 1 1 1 0 0 2 0 0 0 0 1 0 0 0 2 2 2 0 1 2 0 0 1 2 0 0 1 2 2 2 2 2 0 2 2 2 1 0 1 0 2 0 0 0 0 1 0 0 1 0 0 1 0 2 1 1 1 1 2 1 1 1 1 2 2 2 2 1 0 -1 -1 0 0 -2 0 0 0 0 -2 -1 -1 -1 -2 -2 -1 0 -2 -1 0 -1 -2 -2 0 0 -1 -2 -1 -2 -1 -2 -1 -1 -1 0 0 -2 0 0 0 0 -1 0 0 0 -2 -2 -2 0 -1 -2 0 0 -1 -2 0 0 -1 -2 -2 -2 -2 -2 0 -2 -2 -2 -1 0 -1 0 -2 0 0 0 0 -1 0 0 -1 0 0 -1 0 -2 -1 -1 -1 -1 -2 -1 -1 -1 -1 -2 -2 -2 -2 -1 0
-0.619802021729459 0.199565631687223 1.18910362350108 0.391151430980324 1.2642144006806 1 1 2 0 1 2 1 0 1 1 2 0 1 1 2 2 1 0 1 0 0 1 2 1 0 0 0 1 0 2 0 2 0 1 2 0 0 2 0 1 0 1 0 0 2 0 2 2 1 0 2 1 1 1 1 2 1 0 2 2 2 2 2 2 0 2 2 2 0 0 0 0 2 0 0 0 0 1 0 0 1 1 0 0 0 1 0 0 0 0 2 0 0 1 0 2 1 1 0 0 0 1 2 0 1 2 1 0 1 1 2 0 1 1 2 2 1 0 1 0 0 1 2 1 0 0 0 1 0 2 0 2 0 1 2 0 0 2 0 1 0 1 0 0 2 0 2 2 1 0 2 1 1 1 1 2 1 0 2 2 2 2 2 2 0 2 2 2 0 0 0 0 2 0 0 0 0 1 0 0 1 1 0 0 0 1 0 0 0 0 2 0 0 1 0 2 1 1 0 0 0
-0.823070882946609 0.0589174125613523 -0.891836399896895 0.0670462689634147 -0.0841803969007342 1 0 2 0 0 1 0 1 1 0 2 1 2 1 2 2 1 1 2 1 0 1 2 1 0 0 0 2 0 1 0 2 1 1 1 0 0 2 0 0 0 2 1 0 0 1 2 1 1 0 1 1 1 0 1 0 0 0 0 0 2 2 1 2 0 2 2 2 0 1 1 1 2 0 1 0 1 1 0 1 2 0 0 0 1 1 0 0 1 2 2 1 1 2 1 2 1 1 0 1 0 0 2 0 0 1 0 1 1 0 2 1 2 1 2 2 1 1 2 1 0 1 2 1 0 0 0 2 0 1 0 2 1 1 1 0 0 2 0 0 0 2 1 0 0 1 2 1 1 0 1 1 1 0 1 0 0 0 0 0 2 2 1 2 0 2 2 2 0 1 1 1 2 0 1 0 1 1 0 1 2 0 0 0 1 1 0 0 1 2 2 1 1 2 1 2 1 1 0 1 0
0.909668419991781 -0.230534722038437 1.06637246083612 -0.638328170086552 1.81556787277431 1 1 2 0 0 2 0 1 0 1 2 1 2 2 1 2 2 0 2 0 0 2 2 2 0 0 1 2 0 2 0 1 1 1 2 0 1 2 0 0 0 2 0 1 1 1 2 2 2 0 2 2 2 0 2 1 0 0 1 1 1 2 0 0 0 1 2 2 1 2 2 0 2 1 1 0 1 2 0 0 1 0 1 0 1 1 0 0 1 1 2 0 0 2 1 2 0 0 0 0 0 1 2 0 0 2 0 1 0 1 2 1 2 2 1 2 2 0 2 0 0 2 2 2 0 0 1 2 0 2 0 1 1 1 2 0 1 2 0 0 0 2 0 1 1 1 2 2 2 0 2 2 2 0 2 1 0 0 1 1 1 2 0 0 0 1 2 2 1 2 2 0 2 1 1 0 1 2 0 0 1 0 1 0 1 1 0 0 1 1 2 0 0 2 1 2 0 0 0 0 0
0.14006508957987 -0.129245073538041 -0.131794737918072 0.438893864192137 -1.44258961255559 1 0 1 0 0 2 0 0 0 0 2 1 1 1 2 2 2 0 2 2 1 0 2 2 0 1 0 1 1 2 0 2 0 2 2 0 0 2 0 0 0 1 1 1 2 1 2 2 1 0 2 1 2 1 2 2 1 1 1 2 2 2 2 1 0 1 1 2 0 0 1 0 2 1 1 0 1 1 0 1 2 0 0 0 0 1 0 0 1 1 2 1 0 1 0 2 0 0 0 0 0 0 1 0 0 2 0 0 0 0 2 1 1 1 2 2 2 0 2 2 1 0 2 2 0 1 0 1 1 2 0 2 0 2 2 0 0 2 0 0 0 1 1 1 2 1 2 2 1 0 2 1 2 1 2 2 1 1 1 2 2 2 2 1 0 1 1 2 0 0 1 0 2 1 1 0 1 1 0 1 2 0 0 0 0 1 0 0 1 1 2 1 0 1 0 2 0 0 0 0 0
0.540671707737194 1.36923358969053 0.763171441490274 0.303058553309575 1.09548287374831 1 0 2 0 1 2 1 1 0 0 1 0 1 1 1 2 2 0 2 2 1 1 2 1 0 0 1 2 1 2 0 1 1 2 1 0 0 2 0 1 0 2 1 1 1 2 2 1 2 0 1 1 1 0 1 1 0 1 1 0 1 2 2 2 0 2 2 2 1 1 1 0 2 1 1 0 1 1 0 0 2 0 0 0 0 0 0 0 0 0 2 0 1 1 0 2 1 0 0 1 1 0 2 0 1 2 1 1 0 0 1 0 1 1 1 2 2 0 2 2 1 1 2 1 0 0 1 2 1 2 0 1 1 2 1 0 0 2 0 1 0 2 1 1 1 2 2 1 2 0 1 1 1 0 1 1 0 1 1 0 1 2 2 2 0 2 2 2 1 1 1 0 2 1 1 0 1 1 0 0 2 0 0 0 0 0 0 0 0 0 2 0 1 1 0 2 1 0 0 1 1
0.753980599573763 0.606606585852081 -0.085057883378161 0.0927587310553235 0.305200888876772 -1 1 2 0 1 2 1 1 1 2 2 1 2 2 2 2 1 0 2 0 1 2 2 1 0 0 1 2 2 2 0 2 0 2 1 0 0 1 0 1 0 2 2 0 1 2 2 2 1 0 1 1 1 0 1 2 0 0 2 2 2 2 2 2 0 2 2 1 0 2 1 0 2 1 0 0 1 2 0 0 1 0 0 1 0 2 0 0 0 0 2 1 1 2 0 1 0 1 1 1 0 -1 -2 0 -1 -2 -1 -1 -1 -2 -2 -1 -2 -2 -2 -2 -1 0 -2 0 -1 -2 -2 -1 0 0 -1 -2 -2 -2 0 -2 0 -2 -1 0 0 -1 0 -1 0 -2 -2 0 -1 -2 -2 -2 -1 0 -1 -1 -1 0 -1 -2 0 0 -2 -2 -2 -2 -2 -2 0 -2 -2 -1 0 -2 -1 0 -2 -1 0 0 -1 -2 0 0 -1 0 0 -1 0 -2 0 0 0 0 -2 -1 -1 -2 0 -1 0 -1 -1 -1 0
0.104136107279482 -0.725105601628145 -0.61302956558891 0.387611973579924 -0.123609325491368 1 1 2 0 1 2 0 0 1 1 2 1 2 1 2 2 1 0 2 2 1 2 2 1 0 0 1 2 1 2 1 2 1 2 2 0 1 2 0 0 0 2 0 1 1 1 2 2 1 0 0 0 0 0 2 2 0 0 0 0 0 2 0 0 0 1 1 1 0 0 2 1 2 1 0 0 0 1 0 0 1 0 1 1 1 2 2 0 1 2 1 0 0 2 1 2 1 2 1 1 1 1 2 0 1 2 0 0 1 1 2 1 2 1 2 2 1 0 2 2 1 2 2 1 0 0 1 2 1 2 1 2 1 2 2 0 1 2 0 0 0 2 0 1 1 1 2 2 1 0 0 0 0 0 2 2 0 0 0 0 0 2 0 0 0 1 1 1 0 0 2 1 2 1 0 0 0 1 0 0 1 0 1 1 1 2 2 0 1 2 1 0 0 2 1 2 1 2 1 1 1
0.830190168133125 0.926682947903515 -0.131717043948566 0.887568196563667 -0.315378041480729 -1 1 2 0 1 2 2 0 2 1 2 0 2 2 1 2 2 0 2 1 0 0 1 2 0 0 0 2 0 2 0 1 0 1 1 0 1 1 0 0 0 2 0 0 1 1 2 1 1 0 2 2 1 1 1 1 1 1 1 2 1 2 2 2 0 1 2 2 0 1 2 0 2 2 1 0 1 1 0 0 2 1 1 1 1 2 1 0 0 1 2 1 1 2 1 1 0 1 1 1 0 -1 -2 0 -1 -2 -2 0 -2 -1 -2 0 -2 -2 -1 -2 -2 0 -2 -1 0 0 -1 -2 0 0 0 -2 0 -2 0 -1 0 -1 -1 0 -1 -1 0 0 0 -2 0 0 -1 -1 -2 -1 -1 0 -2 -2 -1 -1 -1 -1 -1 -1 -1 -2 -1 -2 -2 -2 0 -1 -2 -2 0 -1 -2 0 -2 -2 -1 0 -1 -1 0 0 -2 -1 -1 -1 -1 -2 -1 0 0 -1 -2 -1 -1 -2 -1 -1 0 -1 -1 -1 0
-0.0122780290743216 1.48944710715527 0.511177644767762 1.14536712221873 -0.231736628228302 1 1 2 0 0 2 0 0 0 0 2 0 1 0 0 1 1 0 2 1 1 1 2 1 0 0 0 1 1 2 0 2 0 0 1 0 0 2 0 1 0 2 2 1 1 0 2 2 1 0 1 0 0 1 2 1 0 1 1 2 2 2 2 2 0 2 2 2 0 0 0 0 2 2 0 0 0 1 0 0 1 0 0 0 1 2 1 0 1 0 2 1 0 2 2 2 2 2 1 2 0 1 2 0 0 2 0 0 0 0 2 0 1 0 0 1 1 0 2 1 1 1 2 1 0 0 0 1 1 2 0 2 0 0 1 0 0 2 0 1 0 2 2 1 1 0 2 2 1 0 1 0 0 1 2 1 0 1 1 2 2 2 2 2 0 2 2 2 0 0 0 0 2 2 0 0 0 1 0 0 1 0 0 0 1 2 1 0 1 0 2 1 0 2 2 2 2 2 1 2 0
-0.373396572643035 0.356286091196056 1.78312196506542 -0.550115781957963 1.21761058354252 1 0 2 0 0 1 0 1 0 0 1 0 1 1 2 2 2 0 2 2 1 1 2 1 0 1 2 2 1 2 0 2 1 1 1 0 0 1 0 1 0 2 1 0 1 2 2 2 2 0 2 0 0 0 0 1 0 0 1 2 2 2 2 2 0 1 1 1 0 1 1 0 2 1 1 0 0 1 0 0 1 1 0 0 0 1 1 1 1 0 2 1 0 1 1 2 2 2 1 2 0 0 2 0 0 1 0 1 0 0 1 0 1 1 2 2 2 0 2 2 1 1 2 1 0 1 2 2 1 2 0 2 1 1 1 0 0 1 0 1 0 2 1 0 1 2 2 2 2 0 2 0 0 0 0 1 0 0 1 2 2 2 2 2 0 1 1 1 0 1 1 0 2 1 1 0 0 1 0 0 1 1 0 0 0 1 1 1 1 0 2 1 0 1 1 2 2 2 1 2 0
0.940557220098469 0.272899137017235 0.403561260798618 -1.33749945507848 1.90050045424507 1 0 1 0 1 2 1 2 1 1 2 1 2 2 2 2 2 0 2 2 1 2 2 2 0 0 1 2 1 2 1 2 0 1 2 0 0 1 0 1 0 1 0 0 0 0 2 1 0 0 1 1 1 1 1 2 0 0 2 2 2 2 2 2 0 2 2 2 0 0 0 0 2 1 1 1 0 1 0 0 1 0 0 0 0 1 0 0 0 1 2 1 0 1 0 2 1 1 1 2 0 0 1 0 1 2 1 2 1 1 2 1 2 2 2 2 2 0 2 2 1 2 2 2 0 0 1 2 1 2 1 2 0 1 2 0 0 1 0 1 0 1 0 0 0 0 2 1 0 0 1 1 1 1 1 2 0 0 2 2 2 2 2 2 0 2 2 2 0 0 0 0 2 1 1 1 0 1 0 0 1 0 0 0 0 1 0 0 0 1 2 1 0 1 0 2 1 1 1 2 0
-0.0800531462053658 0.309999047933063 0.522657657863597 0.315974036581592 0.492913271304466 1 0 2 0 0 2 1 0 0 0 2 1 2 1 1 2 1 0 2 2 0 0 2 2 0 1 2 2 2 2 0 1 0 1 2 0 0 1 0 0 0 1 0 0 0 1 2 2 2 0 1 1 0 0 1 1 0 1 1 2 2 2 2 1 0 2 2 2 1 2 1 1 2 0 0 0 0 2 0 0 1 1 0 0 0 1 1 0 0 1 2 0 0 1 0 1 1 0 0 1 0 0 2 0 0 2 1 0 0 0 2 1 2 1 1 2 1 0 2 2 0 0 2 2 0 1 2 2 2 2 0 1 0 1 2 0 0 1 0 0 0 1 0 0 0 1 2 2 2 0 1 1 0 0 1 1 0 1 1 2 2 2 2 1 0 2 2 2 1 2 1 1 2 0 0 0 0 2 0 0 1 1 0 0 0 1 1 0 0 1 2 0 0 1 0 1 1 0 0 1 0
-0.460428939592591 0.036984735145801 -1.33833405643902 -0.416257703534543 0.346643458906509 1 0 2 0 0 1 0 0 0 0 1 0 1 0 1 2 1 0 2 1 0 1 1 1 0 1 1 2 1 2 0 2 1 1 1 0 0 1 0 2 0 2 0 0 1 2 2 1 1 0 1 0 0 0 1 0 0 0 2 2 1 2 2 2 0 2 2 2 0 1 0 0 2 0 1 0 0 1 0 1 2 1 0 0 0 2 1 1 2 2 1 0 0 0 0 2 2 1 0 1 0 0 2 0 0 1 0 0 0 0 1 0 1 0 1 2 1 0 2 1 0 1 1 1 0 1 1 2 1 2 0 2 1 1 1 0 0 1 0 2 0 2 0 0 1 2 2 1 1 0 1 0 0 0 1 0 0 0 2 2 1 2 2 2 0 2 2 2 0 1 0 0 2 0 1 0 0 1 0 1 2 1 0 0 0 2 1 1 2 2 1 0 0 0 0 2 2 1 0 1 0
-0.142620662562599 -0.945624809279891 -1.32528392679394 -0.865888283463685 -0.974480247703559 1 0 2 0 1 2 0 0 0 0 0 0 1 1 1 2 1 0 2 2 0 1 2 2 0 0 1 2 0 2 0 1 1 2 1 0 0 2 0 0 0 0 0 0 0 2 2 2 1 0 2 2 1 0 1 0 0 0 2 2 1 2 1 1 0 2 2 2 0 2 2 1 2 2 1 0 1 2 2 1 2 0 1 0 0 2 1 0 1 1 2 0 0 0 0 2 2 1 0 0 0 0 2 0 1 2 0 0 0 0 0 0 1 1 1 2 1 0 2 2 0 1 2 2 0 0 1 2 0 2 0 1 1 2 1 0 0 2 0 0 0 0 0 0 0 2 2 2 1 0 2 2 1 0 1 0 0 0 2 2 1 2 1 1 0 2 2 2 0 2 2 1 2 2 1 0 1 2 2 1 2 0 1 0 0 2 1 0 1 1 2 0 0 0 0 2 2 1 0 0 0
0.192048080977388 0.707881349482131 -1.89501546223383 0.222073393044009 1.1524600766194 -1 0 1 0 1 2 0 0 1 2 2 0 2 0 1 2 2 0 1 1 2 2 2 1 0 0 2 2 1 2 1 2 1 1 1 0 0 2 0 1 0 1 1 1 0 1 2 1 0 0 2 1 1 0 0 0 0 0 0 1 1 2 2 1 0 1 2 2 0 1 2 1 2 0 0 0 0 0 0 0 1 0 1 0 0 0 0 0 0 0 2 0 0 2 2 2 1 0 0 1 0 0 -1 0 -1 -2 0 0 -1 -2 -2 0 -2 0 -1 -2 -2 0 -1 -1 -2 -2 -2 -1 0 0 -2 -2 -1 -2 -1 -2 -1 -1 -1 0 0 -2 0 -1 0 -1 -1 -1 0 -1 -2 -1 0 0 -2 -1 -1 0 0 0 0 0 0 -1 -1 -2 -2 -1 0 -1 -2 -2 0 -1 -2 -1 -2 0 0 0 0 0 0 0 -1 0 -1 0 0 0 0 0 0 0 -2 0 0 -2 -2 -2 -1 0 0 -1 0
0.77026270576614 0.929333226709125 0.32966309427021 0.802486712109767 0.130141736867664 -1 0 2 0 1 2 1 0 1 0 2 0 2 1 2 2 0 0 2 0 0 1 1 0 0 0 1 2 1 2 0 0 0 0 1 0 0 2 0 1 0 2 1 1 2 2 2 2 2 0 2 0 1 0 1 2 0 0 0 1 1 1 0 0 0 0 2 2 0 0 0 0 2 0 0 0 1 2 1 1 2 1 0 0 0 1 1 0 0 0 2 1 2 2 0 0 0 1 1 1 1 0 -2 0 -1 -2 -1 0 -1 0 -2 0 -2 -1 -2 -2 0 0 -2 0 0 -1 -1 0 0 0 -1 -2 -1 -2 0 0 0 0 -1 0 0 -2 0 -1 0 -2 -1 -1 -2 -2 -2 -2 -2 0 -2 0 -1 0 -1 -2 0 0 0 -1 -1 -1 0 0 0 0 -2 -2 0 0 0 0 -2 0 0 0 -1 -2 -1 -1 -2 -1 0 0 0 -1 -1 0 0 0 -2 -1 -2 -2 0 0 0 -1 -1 -1 -1
1.0905319060503 1.00661607557856 0.78663125318579 0.358312528979818 0.579813380520783 1 2 2 0 1 2 0 0 0 0 1 0 1 0 1 1 2 0 2 1 1 1 2 2 0 1 1 2 0 2 0 2 0 1 2 0 1 1 0 2 1 2 2 1 1 0 2 2 2 0 1 0 1 0 2 1 0 2 1 2 1 2 2 2 0 2 2 2 1 1 1 0 2 0 0 0 0 2 0 0 2 0 0 0 0 1 0 0 0 0 2 0 0 1 0 1 1 0 0 0 0 2 2 0 1 2 0 0 0 0 1 0 1 0 1 1 2 0 2 1 1 1 2 2 0 1 1 2 0 2 0 2 0 1 2 0 1 1 0 2 1 2 2 1 1 0 2 2 2 0 1 0 1 0 2 1 0 2 1 2 1 2 2 2 0 2 2 2 1 1 1 0 2 0 0 0 0 2 0 0 2 0 0 0 0 1 0 0 0 0 2 0 0 1 0 1 1 0 0 0 0
1.21469471232944 -1.3222298464061 -0.355204168675224 0.704349518248769 0.892578751566059 -1 1 2 0 2 2 2 0 0 0 2 0 1 0 1 1 0 0 2 2 2 2 2 2 0 0 1 2 2 2 0 2 0 1 2 0 0 2 0 1 0 2 0 0 0 0 2 1 1 0 1 2 0 1 2 2 0 0 0 2 2 2 1 2 0 2 2 1 0 0 1 0 2 1 1 0 1 2 1 1 1 1 0 1 1 2 1 0 0 0 2 0 0 1 2 2 1 0 1 1 0 -1 -2 0 -2 -2 -2 0 0 0 -2 0 -1 0 -1 -1 0 0 -2 -2 -2 -2 -2 -2 0 0 -1 -2 -2 -2 0 -2 0 -1 -2 0 0 -2 0 -1 0 -2 0 0 0 0 -2 -1 -1 0 -1 -2 0 -1 -2 -2 0 0 0 -2 -2 -2 -1 -2 0 -2 -2 -1 0 0 -1 0 -2 -1 -1 0 -1 -2 -1 -1 -1 -1 0 -1 -1 -2 -1 0 0 0 -2 0 0 -1 -2 -2 -1 0 -1 -1 0
2.31147195547291 -0.63817281179484 0.689326174841189 -0.415081346662133 1.6318877810355 1 1 2 0 0 2 0 1 1 0 1 0 2 2 2 2 1 0 2 2 2 2 1 1 0 0 1 2 2 2 1 2 1 1 2 0 0 2 0 1 0 2 2 2 1 1 2 2 1 0 2 1 1 0 2 2 0 1 2 2 2 2 2 2 0 1 2 2 0 1 1 1 2 0 0 0 1 2 0 0 2 0 0 0 0 2 0 0 0 0 2 0 0 1 1 2 1 1 0 1 0 1 2 0 0 2 0 1 1 0 1 0 2 2 2 2 1 0 2 2 2 2 1 1 0 0 1 2 2 2 1 2 1 1 2 0 0 2 0 1 0 2 2 2 1 1 2 2 1 0 2 1 1 0 2 2 0 1 2 2 2 2 2 2 0 1 2 2 0 1 1 1 2 0 0 0 1 2 0 0 2 0 0 0 0 2 0 0 0 0 2 0 0 1 1 2 1 1 0 1 0
-0.647579683877041 0.166873390019079 -1.85343244970096 0.570481529662441 1.00057056956605 1 2 2 0 0 2 1 0 1 0 1 0 1 1 2 2 1 0 2 1 0 1 2 1 0 0 2 2 2 2 1 2 0 2 1 0 0 2 0 0 0 2 1 1 1 2 2 2 1 0 2 1 1 2 1 1 0 0 1 2 0 2 2 2 0 1 1 2 0 2 2 1 2 1 0 0 1 2 0 1 2 1 0 0 0 2 1 0 0 2 2 0 0 1 0 1 0 0 0 0 0 2 2 0 0 2 1 0 1 0 1 0 1 1 2 2 1 0 2 1 0 1 2 1 0 0 2 2 2 2 1 2 0 2 1 0 0 2 0 0 0 2 1 1 1 2 2 2 1 0 2 1 1 2 1 1 0 0 1 2 0 2 2 2 0 1 1 2 0 2 2 1 2 1 0 0 1 2 0 1 2 1 0 0 0 2 1 0 0 2 2 0 0 1 0 1 0 0 0 0 0
-0.214868907070403 0.818737484531185 0.448508873640342 -0.513590853624962 -0.423649468742304 -1 0 0 0 0 1 0 1 1 0 2 1 2 1 0 2 1 0 2 2 1 1 2 1 0 0 1 2 1 2 0 2 1 1 2 0 0 2 0 0 0 1 0 0 1 1 2 1 0 0 1 0 0 1 0 0 0 0 1 1 1 2 1 2 0 2 2 1 0 2 2 0 2 0 0 0 1 2 0 0 0 0 0 0 0 2 0 0 0 1 1 0 0 2 0 2 1 2 1 0 0 0 0 0 0 -1 0 -1 -1 0 -2 -1 -2 -1 0 -2 -1 0 -2 -2 -1 -1 -2 -1 0 0 -1 -2 -1 -2 0 -2 -1 -1 -2 0 0 -2 0 0 0 -1 0 0 -1 -1 -2 -1 0 0 -1 0 0 -1 0 0 0 0 -1 -1 -1 -2 -1 -2 0 -2 -2 -1 0 -2 -2 0 -2 0 0 0 -1 -2 0 0 0 0 0 0 0 -2 0 0 0 -1 -1 0 0 -2 0 -2 -1 -2 -1 0 0
-1.26050342647659 2.38359872463304 -0.177492787608478 -0.932568309060243 1.51078243980678 -1 1 2 0 0 1 0 0 2 2 2 0 1 1 1 2 1 0 2 2 0 0 1 1 0 1 1 2 2 2 1 1 0 2 1 0 0 1 0 1 0 2 1 0 1 0 2 2 1 0 2 0 0 0 0 1 0 0 1 1 2 2 1 1 0 1 1 2 0 0 0 0 2 0 1 0 0 1 0 0 1 0 0 0 0 1 0 0 0 1 2 1 0 1 1 2 0 1 0 0 0 -1 -2 0 0 -1 0 0 -2 -2 -2 0 -1 -1 -1 -2 -1 0 -2 -2 0 0 -1 -1 0 -1 -1 -2 -2 -2 -1 -1 0 -2 -1 0 0 -1 0 -1 0 -2 -1 0 -1 0 -2 -2 -1 0 -2 0 0 0 0 -1 0 0 -1 -1 -2 -2 -1 -1 0 -1 -1 -2 0 0 0 0 -2 0 -1 0 0 -1 0 0 -1 0 0 0 0 -1 0 0 0 -1 -2 -1 0 -1 -1 -2 0 -1 0 0 0
-1.49365445073642 1.17166457476787 -1.46200306798898 1.20913732903591 3.02220965506176 -1 1 2 0 0 2 1 1 1 1 2 0 2 2 1 1 0 0 2 1 1 1 2 1 0 1 1 2 2 2 1 2 0 0 0 0 0 1 0 0 0 2 0 1 2 1 2 2 1 0 2 1 1 0 1 0 0 0 0 1 0 2 1 0 0 0 2 2 0 1 0 0 2 2 1 0 0 1 0 0 2 0 1 0 0 2 1 0 1 1 2 1 2 2 2 2 1 1 1 2 1 -1 -2 0 0 -2 -1 -1 -1 -1 -2 0 -2 -2 -1 -1 0 0 -2 -1 -1 -1 -2 -1 0 -1 -1 -2 -2 -2 -1 -2 0 0 0 0 0 -1 0 0 0 -2 0 -1 -2 -1 -2 -2 -1 0 -2 -1 -1 0 -1 0 0 0 0 -1 0 -2 -1 0 0 0 -2 -2 0 -1 0 0 -2 -2 -1 0 0 -1 0 0 -2 0 -1 0 0 -2 -1 0 -1 -1 -2 -1 -2 -2 -2 -2 -1 -1 -1 -2 -1
0.510185969002998 1.18368226855156 -1.25622784297045 -0.185618353241996 0.417602232211537 -1 0 2 0 0 2 2 1 0 0 2 0 0 0 1 2 2 0 2 2 1 2 2 1 0 2 2 2 1 2 0 2 1 1 1 0 0 2 0 0 0 2 0 1 0 0 2 0 0 0 2 1 0 0 2 1 0 0 1 1 2 2 1 1 0 0 1 2 0 1 2 0 2 1 1 0 0 1 0 0 2 1 0 0 0 0 1 0 0 0 1 0 0 1 0 2 1 1 1 1 0 0 -2 0 0 -2 -2 -1 0 0 -2 0 0 0 -1 -2 -2 0 -2 -2 -1 -2 -2 -1 0 -2 -2 -2 -1 -2 0 -2 -1 -1 -1 0 0 -2 0 0 0 -2 0 -1 0 0 -2 0 0 0 -2 -1 0 0 -2 -1 0 0 -1 -1 -2 -2 -1 -1 0 0 -1 -2 0 -1 -2 0 -2 -1 -1 0 0 -1 0 0 -2 -1 0 0 0 0 -1 0 0 0 -1 0 0 -1 0 -2 -1 -1 -1 -1 0
-1.0506133620495 -0.762526352865916 -0.111328563343744 -0.401666743355707 -0.575311181508245 1 1 2 0 0 2 2 1 2 1 1 0 1 1 2 2 2 0 2 2 1 2 2 1 0 0 2 2 1 2 0 2 1 0 2 0 0 2 0 2 1 2 0 0 1 1 2 2 2 0 2 1 1 0 0 0 0 0 1 1 1 2 2 2 0 1 1 2 0 0 0 0 1 2 2 0 0 1 1 0 1 0 1 1 1 2 1 1 1 0 2 1 0 1 0 1 0 1 1 1 0 1 2 0 0 2 2 1 2 1 1 0 1 1 2 2 2 0 2 2 1 2 2 1 0 0 2 2 1 2 0 2 1 0 2 0 0 2 0 2 1 2 0 0 1 1 2 2 2 0 2 1 1 0 0 0 0 0 1 1 1 2 2 2 0 1 1 2 0 0 0 0 1 2 2 0 0 1 1 0 1 0 1 1 1 2 1 1 1 0 2 1 0 1 0 1 0 1 1 1 0
-0.0861530547483105 0.24107877130809 -0.12357756113761 1.37024824299839 -1.8699157998007 -1 1 2 0 0 2 1 1 1 0 2 0 1 1 2 2 1 0 2 2 1 2 2 2 0 0 1 2 2 2 0 2 0 1 1 0 0 2 0 0 0 2 1 0 1 1 2 1 1 0 1 0 1 1 1 2 0 0 1 2 2 2 2 1 0 1 1 1 0 0 0 0 1 0 0 0 0 2 0 1 2 0 0 0 0 2 0 0 0 0 2 0 0 2 0 1 1 1 0 1 0 -1 -2 0 0 -2 -1 -1 -1 0 -2 0 -1 -1 -2 -2 -1 0 -2 -2 -1 -2 -2 -2 0 0 -1 -2 -2 -2 0 -2 0 -1 -1 0 0 -2 0 0 0 -2 -1 0 -1 -1 -2 -1 -1 0 -1 0 -1 -1 -1 -2 0 0 -1 -2 -2 -2 -2 -1 0 -1 -1 -1 0 0 0 0 -1 0 0 0 0 -2 0 -1 -2 0 0 0 0 -2 0 0 0 0 -2 0 0 -2 0 -1 -1 -1 0 -1 0
1.283612354778 1.31213816726174 0.32706621251372 1.13364424460469 -2.44926974763455 -1 2 2 0 1 2 0 0 0 0 1 0 1 1 2 2 2 0 2 1 0 1 2 2 0 0 1 2 1 2 0 2 1 2 1 0 1 2 0 0 0 1 1 1 1 0 2 1 1 0 1 1 1 1 2 1 1 0 1 1 0 2 2 1 0 2 1 2 0 1 1 0 1 1 1 0 0 1 0 0 1 1 0 0 0 2 0 0 1 1 2 1 0 2 0 2 2 1 0 0 0 -2 -2 0 -1 -2 0 0 0 0 -1 0 -1 -1 -2 -2 -2 0 -2 -1 0 -1 -2 -2 0 0 -1 -2 -1 -2 0 -2 -1 -2 -1 0 -1 -2 0 0 0 -1 -1 -1 -1 0 -2 -1 -1 0 -1 -1 -1 -1 -2 -1 -1 0 -1 -1 0 -2 -2 -1 0 -2 -1 -2 0 -1 -1 0 -1 -1 -1 0 0 -1 0 0 -1 -1 0 0 0 -2 0 0 -1 -1 -2 -1 0 -2 0 -2 -2 -1 0 0 0
-1.16947160107249 0.130569712360692 -0.31825883285704 0.45923628003208 1.43320508784321 -1 2 2 0 2 2 1 0 0 0 2 0 2 2 2 2 1 0 2 1 1 1 2 2 0 1 1 2 0 2 0 2 0 0 0 0 1 1 0 0 0 2 1 2 2 0 2 1 1 0 2 1 2 0 2 2 0 1 2 2 2 2 2 2 0 1 1 1 0 1 2 0 2 2 1 0 0 2 0 0 1 0 0 0 1 2 1 0 1 0 1 0 0 2 2 2 1 1 1 1 0 -2 -2 0 -2 -2 -1 0 0 0 -2 0 -2 -2 -2 -2 -1 0 -2 -1 -1 -1 -2 -2 0 -1 -1 -2 0 -2 0 -2 0 0 0 0 -1 -1 0 0 0 -2 -1 -2 -2 0 -2 -1 -1 0 -2 -1 -2 0 -2 -2 0 -1 -2 -2 -2 -2 -2 -2 0 -1 -1 -1 0 -1 -2 0 -2 -2 -1 0 0 -2 0 0 -1 0 0 0 -1 -2 -1 0 -1 0 -1 0 0 -2 -2 -2 -1 -1 -1 -1 0
1.17996771240764 1.11543313013636 1.75663749647081 -1.24971075479931 -0.772355933197377 1 0 2 0 1 2 1 1 1 1 2 0 2 1 2 2 1 0 2 1 0 0 2 1 1 1 1 2 2 2 0 2 0 0 1 0 0 0 0 0 0 2 0 0 2 1 2 1 1 0 1 0 0 1 2 2 0 0 1 1 1 2 1 1 0 1 2 2 1 1 1 0 2 1 0 0 0 1 0 0 2 0 1 0 0 1 1 0 0 1 2 0 0 2 1 2 0 1 1 1 0 0 2 0 1 2 1 1 1 1 2 0 2 1 2 2 1 0 2 1 0 0 2 1 1 1 1 2 2 2 0 2 0 0 1 0 0 0 0 0 0 2 0 0 2 1 2 1 1 0 1 0 0 1 2 2 0 0 1 1 1 2 1 1 0 1 2 2 1 1 1 0 2 1 0 0 0 1 0 0 2 0 1 0 0 1 1 0 0 1 2 0 0 2 1 2 0 1 1 1 0
-0.159704896136604 0.684942764766376 -1.21354578377047 0.484431805352202 0.277929794510958 -1 2 2 0 1 2 1 1 2 0 2 0 2 2 2 2 1 0 2 1 1 1 0 0 0 0 1 2 1 2 0 2 0 0 1 0 0 2 0 1 0 1 0 1 2 2 2 2 2 0 2 2 0 1 1 1 0 1 2 2 2 2 1 1 0 1 2 2 1 1 1 0 2 1 0 0 0 0 0 1 2 1 0 0 0 1 1 0 0 1 1 1 0 2 1 2 2 1 1 1 1 -2 -2 0 -1 -2 -1 -1 -2 0 -2 0 -2 -2 -2 -2 -1 0 -2 -1 -1 -1 0 0 0 0 -1 -2 -1 -2 0 -2 0 0 -1 0 0 -2 0 -1 0 -1 0 -1 -2 -2 -2 -2 -2 0 -2 -2 0 -1 -1 -1 0 -1 -2 -2 -2 -2 -1 -1 0 -1 -2 -2 -1 -1 -1 0 -2 -1 0 0 0 0 0 -1 -2 -1 0 0 0 -1 -1 0 0 -1 -1 -1 0 -2 -1 -2 -2 -1 -1 -1 -1
0.201641647541455 -1.84385902306728 -1.43598891680392 -0.206280283117302 -1.44087836816693 1 2 2 0 1 2 0 1 1 0 2 0 2 1 2 2 2 1 2 2 2 2 2 2 0 2 2 2 2 2 0 1 1 2 2 0 1 2 0 1 0 2 2 2 1 0 2 2 2 0 0 0 0 1 2 1 0 0 0 1 1 2 2 2 0 1 1 2 2 2 1 0 1 0 0 0 1 2 0 0 2 1 1 0 0 2 1 0 0 0 1 1 1 2 0 1 1 1 0 1 0 2 2 0 1 2 0 1 1 0 2 0 2 1 2 2 2 1 2 2 2 2 2 2 0 2 2 2 2 2 0 1 1 2 2 0 1 2 0 1 0 2 2 2 1 0 2 2 2 0 0 0 0 1 2 1 0 0 0 1 1 2 2 2 0 1 1 2 2 2 1 0 1 0 0 0 1 2 0 0 2 1 1 0 0 2 1 0 0 0 1 1 1 2 0 1 1 1 0 1 0
-0.467122566081926 0.788232928761614 0.871269061053546 -1.02919326019326 -0.335137011980251 1 0 2 0 0 2 1 1 1 2 2 0 1 1 1 2 2 0 1 2 1 0 2 1 0 0 2 2 2 2 0 2 1 2 2 0 0 2 0 0 0 2 1 1 0 1 2 1 1 0 2 1 1 0 1 1 0 0 0 1 0 1 0 1 0 0 2 1 0 1 0 0 2 0 0 0 0 1 0 1 2 1 0 1 0 2 1 0 0 0 2 1 1 2 1 2 2 1 1 0 0 0 2 0 0 2 1 1 1 2 2 0 1 1 1 2 2 0 1 2 1 0 2 1 0 0 2 2 2 2 0 2 1 2 2 0 0 2 0 0 0 2 1 1 0 1 2 1 1 0 2 1 1 0 1 1 0 0 0 1 0 1 0 1 0 0 2 1 0 1 0 0 2 0 0 0 0 1 0 1 2 1 0 1 0 2 1 0 0 0 2 1 1 2 1 2 2 1 1 0 0
0.747146814802097 0.890340343726989 -1.08013893266623 -0.975268164280408 1.30569312287168 1 0 0 0 0 2 1 0 0 0 0 0 0 0 2 2 2 0 2 2 1 2 2 0 0 1 1 2 1 2 0 1 0 0 0 0 0 1 0 1 0 2 1 0 1 1 2 1 1 0 2 1 2 2 2 2 2 1 2 1 2 2 2 1 0 2 2 2 0 0 1 1 2 1 0 0 0 2 0 0 1 0 0 0 0 1 0 0 0 0 2 0 0 2 1 2 0 1 1 2 1 0 0 0 0 2 1 0 0 0 0 0 0 0 2 2 2 0 2 2 1 2 2 0 0 1 1 2 1 2 0 1 0 0 0 0 0 1 0 1 0 2 1 0 1 1 2 1 1 0 2 1 2 2 2 2 2 1 2 1 2 2 2 1 0 2 2 2 0 0 1 1 2 1 0 0 0 2 0 0 1 0 0 0 0 1 0 0 0 0 2 0 0 2 1 2 0 1 1 2 1
-0.957391218358713 0.0291031773263181 0.301578021622832 0.761278850584931 -0.77613620153193 1 1 1 0 0 2 1 0 0 0 1 0 1 1 2 2 1 0 2 2 2 1 2 1 0 1 2 2 2 2 0 2 0 0 1 0 0 2 0 1 0 2 1 0 0 0 2 1 0 0 2 1 1 1 2 1 0 0 1 2 1 2 1 0 1 2 2 2 2 2 1 0 2 2 1 0 0 2 0 0 2 0 0 0 0 2 2 1 2 1 2 1 0 0 0 1 0 1 1 1 0 1 1 0 0 2 1 0 0 0 1 0 1 1 2 2 1 0 2 2 2 1 2 1 0 1 2 2 2 2 0 2 0 0 1 0 0 2 0 1 0 2 1 0 0 0 2 1 0 0 2 1 1 1 2 1 0 0 1 2 1 2 1 0 1 2 2 2 2 2 1 0 2 2 1 0 0 2 0 0 2 0 0 0 0 2 2 1 2 1 2 1 0 0 0 1 0 1 1 1 0
0.153594697240008 -0.283105362072412 -1.35412519011423 -2.52729673057042 -0.54643282243589 1 1 1 0 0 2 0 0 1 0 2 0 2 2 2 2 2 0 1 2 1 1 2 1 0 0 0 2 1 2 1 2 0 1 2 0 1 2 1 1 0 2 1 1 2 0 2 1 1 0 1 0 0 0 1 2 0 1 1 1 2 2 1 2 0 1 2 2 0 0 2 0 2 2 1 0 0 2 1 0 2 1 0 1 0 1 0 0 0 1 2 1 0 2 1 2 1 2 2 2 1 1 1 0 0 2 0 0 1 0 2 0 2 2 2 2 2 0 1 2 1 1 2 1 0 0 0 2 1 2 1 2 0 1 2 0 1 2 1 1 0 2 1 1 2 0 2 1 1 0 1 0 0 0 1 2 0 1 1 1 2 2 1 2 0 1 2 2 0 0 2 0 2 2 1 0 0 2 1 0 2 1 0 1 0 1 0 0 0 1 2 1 0 2 1 2 1 2 2 2 1
-0.754129013805171 -1.30801925347635 2.21246661832513 1.95907415794544 1.08322540967543 1 0 2 0 0 2 2 0 1 1 2 0 1 1 2 2 1 0 2 2 0 1 2 2 0 0 1 2 1 2 0 2 1 1 2 0 0 2 0 0 0 1 0 0 1 0 2 1 1 0 1 0 0 0 2 2 0 0 2 2 1 2 1 2 0 2 2 2 1 1 1 0 2 0 0 0 0 2 0 0 2 0 0 0 1 2 1 0 1 0 2 2 1 2 0 1 0 1 0 0 0 0 2 0 0 2 2 0 1 1 2 0 1 1 2 2 1 0 2 2 0 1 2 2 0 0 1 2 1 2 0 2 1 1 2 0 0 2 0 0 0 1 0 0 1 0 2 1 1 0 1 0 0 0 2 2 0 0 2 2 1 2 1 2 0 2 2 2 1 1 1 0 2 0 0 0 0 2 0 0 2 0 0 0 1 2 1 0 1 0 2 2 1 2 0 1 0 1 0 0 0
-0.371375863537239 -0.829761178664317 -0.621373525784713 -0.413143327032723 0.872962287562393 -1 1 2 0 2 2 1 0 0 0 2 0 1 1 2 2 1 0 2 2 0 1 1 0 0 0 2 2 2 2 1 2 0 1 1 0 1 2 0 0 0 2 0 1 1 0 2 1 0 0 0 0 0 0 1 1 0 0 2 2 2 2 2 2 0 1 1 1 0 0 0 0 2 0 0 0 1 2 0 0 2 1 1 1 1 2 1 0 0 0 2 2 1 1 0 2 2 1 0 1 0 -1 -2 0 -2 -2 -1 0 0 0 -2 0 -1 -1 -2 -2 -1 0 -2 -2 0 -1 -1 0 0 0 -2 -2 -2 -2 -1 -2 0 -1 -1 0 -1 -2 0 0 0 -2 0 -1 -1 0 -2 -1 0 0 0 0 0 0 -1 -1 0 0 -2 -2 -2 -2 -2 -2 0 -1 -1 -1 0 0 0 0 -2 0 0 0 -1 -2 0 0 -2 -1 -1 -1 -1 -2 -1 0 0 0 -2 -2 -1 -1 0 -2 -2 -1 0 -1 0
1.829248925411 -1.57072095413854 1.01060799660706 0.14106153987771 0.00407452894262261 -1 0 1 0 0 2 1 0 1 1 1 0 2 0 1 1 1 0 2 2 2 2 2 2 0 1 1 1 0 2 0 2 1 1 2 0 0 2 1 2 0 2 0 0 1 2 2 2 1 0 0 0 0 0 0 0 0 0 2 2 2 2 2 1 0 2 2 2 0 1 1 1 2 0 0 0 1 1 1 1 2 0 0 0 1 1 0 0 0 0 2 1 0 2 0 2 2 2 2 1 0 0 -1 0 0 -2 -1 0 -1 -1 -1 0 -2 0 -1 -1 -1 0 -2 -2 -2 -2 -2 -2 0 -1 -1 -1 0 -2 0 -2 -1 -1 -2 0 0 -2 -1 -2 0 -2 0 0 -1 -2 -2 -2 -1 0 0 0 0 0 0 0 0 0 -2 -2 -2 -2 -2 -1 0 -2 -2 -2 0 -1 -1 -1 -2 0 0 0 -1 -1 -1 -1 -2 0 0 0 -1 -1 0 0 0 0 -2 -1 0 -2 0 -2 -2 -2 -2 -1 0
1.72198125427126 0.448615259524308 0.188482678073119 1.89588866169344 -0.422820217965751 -1 0 2 0 0 1 0 1 2 1 2 0 2 1 1 2 2 1 2 1 0 1 1 1 0 0 2 2 1 2 0 2 0 2 2 0 0 2 0 1 0 1 0 0 1 1 2 2 1 0 1 1 0 0 1 1 0 0 1 2 2 2 2 2 0 2 2 2 1 1 2 0 2 1 1 0 1 2 0 0 1 0 0 0 0 2 1 0 0 0 2 1 1 1 0 2 1 1 1 0 0 0 -2 0 0 -1 0 -1 -2 -1 -2 0 -2 -1 -1 -2 -2 -1 -2 -1 0 -1 -1 -1 0 0 -2 -2 -1 -2 0 -2 0 -2 -2 0 0 -2 0 -1 0 -1 0 0 -1 -1 -2 -2 -1 0 -1 -1 0 0 -1 -1 0 0 -1 -2 -2 -2 -2 -2 0 -2 -2 -2 -1 -1 -2 0 -2 -1 -1 0 -1 -2 0 0 -1 0 0 0 0 -2 -1 0 0 0 -2 -1 -1 -1 0 -2 -1 -1 -1 0 0
0.847746064207326 0.787168341685255 0.529991480672524 0.443689559153056 -0.759256137167046 -1 0 2 0 1 2 1 0 0 0 2 0 2 1 1 2 1 0 2 1 0 1 2 1 0 0 0 2 1 2 0 2 1 1 2 0 0 2 0 1 0 2 1 1 1 0 2 1 1 0 1 1 1 0 1 2 0 0 0 0 0 2 2 1 0 1 2 2 0 0 1 0 2 1 1 1 2 2 1 1 2 1 0 0 0 1 0 0 0 0 2 1 0 1 0 1 0 0 0 0 0 0 -2 0 -1 -2 -1 0 0 0 -2 0 -2 -1 -1 -2 -1 0 -2 -1 0 -1 -2 -1 0 0 0 -2 -1 -2 0 -2 -1 -1 -2 0 0 -2 0 -1 0 -2 -1 -1 -1 0 -2 -1 -1 0 -1 -1 -1 0 -1 -2 0 0 0 0 0 -2 -2 -1 0 -1 -2 -2 0 0 -1 0 -2 -1 -1 -1 -2 -2 -1 -1 -2 -1 0 0 0 -1 0 0 0 0 -2 -1 0 -1 0 -1 0 0 0 0 0
1.10860518876488 1.4079429828482 1.83064499445836 -0.219728728930441 0.298455617369082 1 0 1 0 0 2 0 0 0 0 2 0 1 0 1 2 1 0 2 2 2 2 2 2 0 0 2 2 1 2 0 1 0 1 2 0 0 1 0 0 0 2 1 2 2 1 2 1 0 0 1 0 0 1 2 2 1 1 2 2 2 2 1 1 0 1 1 1 0 0 0 0 1 0 0 0 1 2 0 1 1 0 0 0 0 1 0 0 0 0 2 2 2 2 1 2 1 1 1 2 0 0 1 0 0 2 0 0 0 0 2 0 1 0 1 2 1 0 2 2 2 2 2 2 0 0 2 2 1 2 0 1 0 1 2 0 0 1 0 0 0 2 1 2 2 1 2 1 0 0 1 0 0 1 2 2 1 1 2 2 2 2 1 1 0 1 1 1 0 0 0 0 1 0 0 0 1 2 0 1 1 0 0 0 0 1 0 0 0 0 2 2 2 2 1 2 1 1 1 2 0
0.76873265209397 -1.76729027953501 -2.38651891414986 -0.0169047649311227 0.989048262386272 1 2 1 0 0 1 0 0 0 0 2 0 2 1 2 2 1 0 2 1 1 2 2 2 1 0 0 2 1 2 0 2 1 1 0 0 0 2 0 1 0 2 0 1 1 1 2 2 0 0 1 0 0 0 1 2 0 0 1 0 1 2 2 1 0 0 2 1 0 0 0 0 1 1 0 1 0 2 0 0 2 2 0 0 0 2 1 0 0 0 2 2 1 2 1 2 2 2 2 2 1 2 1 0 0 1 0 0 0 0 2 0 2 1 2 2 1 0 2 1 1 2 2 2 1 0 0 2 1 2 0 2 1 1 0 0 0 2 0 1 0 2 0 1 1 1 2 2 0 0 1 0 0 0 1 2 0 0 1 0 1 2 2 1 0 0 2 1 0 0 0 0 1 1 0 1 0 2 0 0 2 2 0 0 0 2 1 0 0 0 2 2 1 2 1 2 2 2 2 2 1
0.0601970713426257 -0.628021206497245 -1.31635607002984 -0.0891797621238431 -1.32066967253941 -1 0 2 0 0 2 0 0 0 1 2 1 2 2 2 2 2 0 2 2 2 2 2 2 0 0 0 2 1 2 0 2 0 1 2 0 0 2 0 2 0 1 0 0 1 0 2 2 2 0 0 0 0 0 1 1 0 0 2 2 2 2 2 2 1 2 2 1 0 0 2 0 2 2 1 0 1 2 1 1 2 1 1 0 1 2 1 0 0 1 2 0 0 1 0 1 1 0 0 0 1 0 -2 0 0 -2 0 0 0 -1 -2 -1 -2 -2 -2 -2 -2 0 -2 -2 -2 -2 -2 -2 0 0 0 -2 -1 -2 0 -2 0 -1 -2 0 0 -2 0 -2 0 -1 0 0 -1 0 -2 -2 -2 0 0 0 0 0 -1 -1 0 0 -2 -2 -2 -2 -2 -2 -1 -2 -2 -1 0 0 -2 0 -2 -2 -1 0 -1 -2 -1 -1 -2 -1 -1 0 -1 -2 -1 0 0 -1 -2 0 0 -1 0 -1 -1 0 0 0 -1
1.10115343271211 0.872937414299335 1.28395977025311 -1.07908892710833 -0.234893928531178 -1 0 1 0 0 2 1 0 0 1 2 1 2 1 2 2 2 0 2 2 1 1 2 1 0 0 1 2 0 2 0 1 2 0 2 0 0 1 0 0 0 1 0 1 2 1 2 1 1 0 1 1 0 0 1 2 0 1 2 2 2 2 1 2 0 1 2 2 0 1 1 0 2 2 0 0 1 2 2 0 2 0 0 0 0 2 0 0 0 1 2 1 0 2 1 2 2 2 0 1 0 0 -1 0 0 -2 -1 0 0 -1 -2 -1 -2 -1 -2 -2 -2 0 -2 -2 -1 -1 -2 -1 0 0 -1 -2 0 -2 0 -1 -2 0 -2 0 0 -1 0 0 0 -1 0 -1 -2 -1 -2 -1 -1 0 -1 -1 0 0 -1 -2 0 -1 -2 -2 -2 -2 -1 -2 0 -1 -2 -2 0 -1 -1 0 -2 -2 0 0 -1 -2 -2 0 -2 0 0 0 0 -2 0 0 0 -1 -2 -1 0 -2 -1 -2 -2 -2 0 -1 0
0.4250752916151 0.177105612192345 -0.675382136025515 0.29797911611831 0.170612924446385 -1 1 1 0 0 1 0 2 1 1 2 0 0 1 2 2 2 0 1 1 0 0 1 1 0 1 1 2 2 2 1 2 1 2 2 0 0 1 0 1 0 1 0 0 0 1 2 2 2 0 1 2 1 0 1 1 0 0 0 0 1 2 2 2 0 0 1 2 0 2 2 0 2 1 1 0 2 2 1 0 1 0 0 0 0 1 1 0 0 0 2 2 1 1 1 2 2 1 1 1 0 -1 -1 0 0 -1 0 -2 -1 -1 -2 0 0 -1 -2 -2 -2 0 -1 -1 0 0 -1 -1 0 -1 -1 -2 -2 -2 -1 -2 -1 -2 -2 0 0 -1 0 -1 0 -1 0 0 0 -1 -2 -2 -2 0 -1 -2 -1 0 -1 -1 0 0 0 0 -1 -2 -2 -2 0 0 -1 -2 0 -2 -2 0 -2 -1 -1 0 -2 -2 -1 0 -1 0 0 0 0 -1 -1 0 0 0 -2 -2 -1 -1 -1 -2 -2 -1 -1 -1 0
0.250450478334839 0.406911619861131 0.719121297460681 -0.646810916061112 0.606931520379438 1 1 1 0 2 2 1 2 2 2 2 0 1 1 1 2 2 0 1 1 1 1 2 1 0 0 0 2 1 2 0 2 1 1 1 0 1 2 0 0 0 1 0 0 1 0 2 2 2 0 2 0 1 0 0 2 0 0 1 1 0 2 1 1 1 2 1 2 0 0 2 1 2 2 0 0 1 1 0 0 1 0 0 1 1 2 1 0 1 1 2 0 0 2 0 2 2 1 0 0 0 1 1 0 2 2 1 2 2 2 2 0 1 1 1 2 2 0 1 1 1 1 2 1 0 0 0 2 1 2 0 2 1 1 1 0 1 2 0 0 0 1 0 0 1 0 2 2 2 0 2 0 1 0 0 2 0 0 1 1 0 2 1 1 1 2 1 2 0 0 2 1 2 2 0 0 1 1 0 0 1 0 0 1 1 2 1 0 1 1 2 0 0 2 0 2 2 1 0 0 0
1.01834644880697 -0.152803699313319 -0.509009860156777 -0.881396032552073 -0.348864511582468 1 1 2 0 0 2 2 1 1 1 2 0 2 1 1 2 0 0 2 1 1 2 2 0 0 1 2 2 1 2 0 2 0 0 2 0 1 2 0 0 0 2 1 1 2 1 2 2 2 0 1 0 0 0 0 1 0 0 1 2 2 2 2 1 0 2 2 2 1 1 0 0 2 0 0 0 2 2 0 0 0 0 0 0 1 2 1 0 1 1 2 0 0 0 0 2 1 1 1 1 0 1 2 0 0 2 2 1 1 1 2 0 2 1 1 2 0 0 2 1 1 2 2 0 0 1 2 2 1 2 0 2 0 0 2 0 1 2 0 0 0 2 1 1 2 1 2 2 2 0 1 0 0 0 0 1 0 0 1 2 2 2 2 1 0 2 2 2 1 1 0 0 2 0 0 0 2 2 0 0 0 0 0 0 1 2 1 0 1 1 2 0 0 0 0 2 1 1 1 1 0
-0.552974063856947 0.405924470286061 0.578777503867441 1.17843503833576 -1.09744652319961 -1 0 1 0 0 1 0 0 0 0 2 0 2 0 2 2 0 0 2 0 0 1 1 1 0 0 1 2 2 2 0 1 0 1 0 0 0 2 0 0 0 2 0 0 1 0 2 1 1 0 0 0 0 0 1 1 0 0 2 1 1 2 2 2 0 1 2 2 0 1 1 0 1 1 0 0 0 1 0 0 0 0 0 1 1 2 1 0 0 0 1 1 1 1 1 2 1 1 0 1 0 0 -1 0 0 -1 0 0 0 0 -2 0 -2 0 -2 -2 0 0 -2 0 0 -1 -1 -1 0 0 -1 -2 -2 -2 0 -1 0 -1 0 0 0 -2 0 0 0 -2 0 0 -1 0 -2 -1 -1 0 0 0 0 0 -1 -1 0 0 -2 -1 -1 -2 -2 -2 0 -1 -2 -2 0 -1 -1 0 -1 -1 0 0 0 -1 0 0 0 0 0 -1 -1 -2 -1 0 0 0 -1 -1 -1 -1 -1 -2 -1 -1 0 -1 0
1.60142415073642 -0.688479542100305 -0.0183563090398919 -1.77204818682299 1.55890955930311 -1 1 2 0 0 2 0 0 0 1 2 0 2 0 1 2 0 0 1 1 1 1 2 2 0 0 1 2 0 2 0 2 0 0 1 0 0 2 0 1 1 2 1 0 2 1 2 1 2 0 2 1 2 1 2 2 0 0 1 2 1 2 1 0 0 0 2 1 0 1 1 0 2 1 1 0 0 1 0 0 1 1 1 1 1 2 1 0 0 1 2 1 0 2 1 1 1 1 0 0 0 -1 -2 0 0 -2 0 0 0 -1 -2 0 -2 0 -1 -2 0 0 -1 -1 -1 -1 -2 -2 0 0 -1 -2 0 -2 0 -2 0 0 -1 0 0 -2 0 -1 -1 -2 -1 0 -2 -1 -2 -1 -2 0 -2 -1 -2 -1 -2 -2 0 0 -1 -2 -1 -2 -1 0 0 0 -2 -1 0 -1 -1 0 -2 -1 -1 0 0 -1 0 0 -1 -1 -1 -1 -1 -2 -1 0 0 -1 -2 -1 0 -2 -1 -1 -1 -1 0 0 0
0.782421696213716 0.109536710483837 0.0251671245271845 -0.647400083085002 -0.275458453223573 1 1 2 0 1 2 1 0 1 1 2 0 1 0 2 2 1 0 1 1 0 1 2 2 0 0 0 2 0 2 0 2 1 2 1 0 0 2 0 0 0 2 0 0 1 1 2 2 2 0 1 1 1 0 1 1 0 0 1 1 1 2 2 1 0 2 2 1 0 1 1 0 2 1 0 0 0 2 0 0 1 1 0 0 0 2 0 0 0 2 2 0 1 2 1 2 0 0 0 1 1 1 2 0 1 2 1 0 1 1 2 0 1 0 2 2 1 0 1 1 0 1 2 2 0 0 0 2 0 2 0 2 1 2 1 0 0 2 0 0 0 2 0 0 1 1 2 2 2 0 1 1 1 0 1 1 0 0 1 1 1 2 2 1 0 2 2 1 0 1 1 0 2 1 0 0 0 2 0 0 1 1 0 0 0 2 0 0 0 2 2 0 1 2 1 2 0 0 0 1 1
-1.43273573746692 -0.878010073160042 0.693035264068898 -0.576818019294195 -0.530301224789383 -1 0 2 0 0 2 2 1 1 1 1 0 1 1 2 2 1 0 2 1 1 0 2 1 0 0 1 2 1 2 0 2 0 0 1 0 0 2 0 1 0 1 0 0 1 1 2 0 1 0 2 0 0 1 2 2 0 0 1 2 1 2 2 2 1 2 2 2 0 1 2 1 2 2 0 0 0 1 0 0 1 0 2 1 2 2 1 0 0 0 1 0 0 1 0 1 1 1 0 0 0 0 -2 0 0 -2 -2 -1 -1 -1 -1 0 -1 -1 -2 -2 -1 0 -2 -1 -1 0 -2 -1 0 0 -1 -2 -1 -2 0 -2 0 0 -1 0 0 -2 0 -1 0 -1 0 0 -1 -1 -2 0 -1 0 -2 0 0 -1 -2 -2 0 0 -1 -2 -1 -2 -2 -2 -1 -2 -2 -2 0 -1 -2 -1 -2 -2 0 0 0 -1 0 0 -1 0 -2 -1 -2 -2 -1 0 0 0 -1 0 0 -1 0 -1 -1 -1 0 0 0
1.22513904485228 -1.23793729527147 0.061462714433872 -1.31463265313783 0.858339896665118 1 0 2 0 0 2 1 0 0 0 2 1 2 1 1 1 1 0 1 0 0 2 2 2 0 1 1 2 2 2 1 2 1 2 2 0 1 2 0 1 0 0 0 0 1 0 2 2 1 0 1 0 0 1 1 1 0 1 2 2 2 2 2 1 0 2 2 2 0 1 1 1 1 0 0 0 1 1 0 0 2 0 0 0 0 1 1 0 1 0 2 2 0 2 1 1 0 0 0 1 0 0 2 0 0 2 1 0 0 0 2 1 2 1 1 1 1 0 1 0 0 2 2 2 0 1 1 2 2 2 1 2 1 2 2 0 1 2 0 1 0 0 0 0 1 0 2 2 1 0 1 0 0 1 1 1 0 1 2 2 2 2 2 1 0 2 2 2 0 1 1 1 1 0 0 0 1 1 0 0 2 0 0 0 0 1 1 0 1 0 2 2 0 2 1 1 0 0 0 1 0
0.505125704655205 -0.597122994751942 -1.23116699417351 1.0734305481415 -0.131837656863106 -1 1 1 0 0 2 1 0 0 0 2 1 2 1 2 2 2 1 2 1 1 0 2 1 0 0 1 2 2 2 0 1 0 1 1 0 0 0 0 0 0 2 1 1 1 0 2 2 2 0 2 0 0 0 2 2 0 0 1 1 1 2 1 1 0 1 1 2 1 0 0 0 2 1 1 0 1 2 1 0 1 0 1 0 1 2 1 0 1 1 2 1 0 1 0 2 2 2 2 1 0 -1 -1 0 0 -2 -1 0 0 0 -2 -1 -2 -1 -2 -2 -2 -1 -2 -1 -1 0 -2 -1 0 0 -1 -2 -2 -2 0 -1 0 -1 -1 0 0 0 0 0 0 -2 -1 -1 -1 0 -2 -2 -2 0 -2 0 0 0 -2 -2 0 0 -1 -1 -1 -2 -1 -1 0 -1 -1 -2 -1 0 0 0 -2 -1 -1 0 -1 -2 -1 0 -1 0 -1 0 -1 -2 -1 0 -1 -1 -2 -1 0 -1 0 -2 -2 -2 -2 -1 0
0.691017782977074 -1.44883048890974 -0.147966220189384 1.28587856106562 -0.0415994433454287 -1 0 2 0 0 1 0 1 1 1 2 1 2 2 2 2 2 0 2 1 1 2 2 0 0 1 1 2 2 2 0 2 0 0 2 0 0 2 0 0 0 2 0 1 2 0 2 2 2 0 2 2 1 0 0 0 0 0 1 1 1 2 1 1 0 2 2 2 1 2 1 0 2 0 0 0 1 2 0 0 2 1 1 1 2 2 1 0 0 0 2 0 0 2 0 2 1 1 1 1 0 0 -2 0 0 -1 0 -1 -1 -1 -2 -1 -2 -2 -2 -2 -2 0 -2 -1 -1 -2 -2 0 0 -1 -1 -2 -2 -2 0 -2 0 0 -2 0 0 -2 0 0 0 -2 0 -1 -2 0 -2 -2 -2 0 -2 -2 -1 0 0 0 0 0 -1 -1 -1 -2 -1 -1 0 -2 -2 -2 -1 -2 -1 0 -2 0 0 0 -1 -2 0 0 -2 -1 -1 -1 -2 -2 -1 0 0 0 -2 0 0 -2 0 -2 -1 -1 -1 -1 0
0.557979706919329 -0.631380701608054 0.260821165104784 1.40897057071801 -1.87461833216928 1 0 2 0 0 2 1 2 1 1 2 0 2 2 2 2 2 0 1 1 0 1 1 1 0 1 1 2 0 1 0 2 1 1 1 0 0 1 0 0 0 1 1 1 1 1 2 2 1 0 2 2 2 1 1 0 0 0 1 2 2 2 2 2 0 2 2 2 1 0 0 0 1 0 0 0 1 2 1 1 2 0 0 0 0 1 0 0 0 0 2 1 0 2 1 2 1 2 2 1 0 0 2 0 0 2 1 2 1 1 2 0 2 2 2 2 2 0 1 1 0 1 1 1 0 1 1 2 0 1 0 2 1 1 1 0 0 1 0 0 0 1 1 1 1 1 2 2 1 0 2 2 2 1 1 0 0 0 1 2 2 2 2 2 0 2 2 2 1 0 0 0 1 0 0 0 1 2 1 1 2 0 0 0 0 1 0 0 0 0 2 1 0 2 1 2 1 2 2 1 0
0.770795699048429 0.454944685810788 -0.17530550694923 -0.223386464109369 0.980272168437779 -1 0 1 0 1 2 2 0 0 0 2 0 2 1 2 2 1 0 2 1 0 0 2 2 0 1 2 2 0 1 0 2 0 0 1 0 0 1 0 0 0 2 1 1 1 0 2 2 1 0 1 2 1 1 2 2 1 2 1 2 2 2 2 2 0 1 2 2 0 1 1 0 1 0 0 0 1 1 0 0 1 0 0 0 0 1 1 0 0 0 2 2 0 2 1 2 1 2 1 2 0 0 -1 0 -1 -2 -2 0 0 0 -2 0 -2 -1 -2 -2 -1 0 -2 -1 0 0 -2 -2 0 -1 -2 -2 0 -1 0 -2 0 0 -1 0 0 -1 0 0 0 -2 -1 -1 -1 0 -2 -2 -1 0 -1 -2 -1 -1 -2 -2 -1 -2 -1 -2 -2 -2 -2 -2 0 -1 -2 -2 0 -1 -1 0 -1 0 0 0 -1 -1 0 0 -1 0 0 0 0 -1 -1 0 0 0 -2 -2 0 -2 -1 -2 -1 -2 -1 -2 0
0.080960942763108 -0.00995693203332761 -1.5513477296953 -0.371732638025632 -0.291202600385465 1 1 2 0 0 2 2 0 0 1 2 0 2 2 2 2 2 0 2 0 0 2 2 1 0 1 2 2 1 2 1 2 1 2 2 0 0 2 0 2 0 0 1 1 2 1 2 1 1 0 2 2 1 0 2 2 0 1 2 2 2 2 2 2 0 2 1 1 0 1 0 0 2 1 1 0 0 2 1 0 2 0 0 0 0 2 0 0 1 0 2 1 1 2 0 1 2 2 0 2 1 1 2 0 0 2 2 0 0 1 2 0 2 2 2 2 2 0 2 0 0 2 2 1 0 1 2 2 1 2 1 2 1 2 2 0 0 2 0 2 0 0 1 1 2 1 2 1 1 0 2 2 1 0 2 2 0 1 2 2 2 2 2 2 0 2 1 1 0 1 0 0 2 1 1 0 0 2 1 0 2 0 0 0 0 2 0 0 1 0 2 1 1 2 0 1 2 2 0 2 1
-0.644827503753239 -0.642486975179093 -0.283944659525056 0.631730145947478 -0.00735029219146364 -1 0 1 0 0 2 1 0 0 0 1 0 1 0 2 2 0 0 2 1 0 0 2 1 0 0 0 2 1 2 0 2 0 1 1 0 0 1 0 1 0 1 1 0 1 1 2 2 0 0 2 1 1 1 1 2 0 0 1 2 2 2 2 2 0 1 2 2 0 0 1 0 2 1 0 0 0 2 0 0 1 0 0 0 2 2 1 0 1 1 2 0 1 2 2 2 2 2 2 1 0 0 -1 0 0 -2 -1 0 0 0 -1 0 -1 0 -2 -2 0 0 -2 -1 0 0 -2 -1 0 0 0 -2 -1 -2 0 -2 0 -1 -1 0 0 -1 0 -1 0 -1 -1 0 -1 -1 -2 -2 0 0 -2 -1 -1 -1 -1 -2 0 0 -1 -2 -2 -2 -2 -2 0 -1 -2 -2 0 0 -1 0 -2 -1 0 0 0 -2 0 0 -1 0 0 0 -2 -2 -1 0 -1 -1 -2 0 -1 -2 -2 -2 -2 -2 -2 -1 0
-0.252738185876773 -1.33477315187991 1.36906380249528 -1.58573536166896 -0.874274320362528 -1 1 2 0 0 2 0 0 1 1 2 0 1 1 2 2 0 0 2 1 1 1 2 1 0 0 1 2 1 2 0 2 0 1 1 0 0 2 0 0 0 2 1 0 0 0 2 1 2 0 1 1 0 0 2 2 1 0 1 1 1 2 1 2 0 1 2 1 0 1 1 0 2 1 0 0 0 1 0 0 1 0 0 0 0 1 0 0 0 1 1 0 0 1 0 1 0 1 0 0 0 -1 -2 0 0 -2 0 0 -1 -1 -2 0 -1 -1 -2 -2 0 0 -2 -1 -1 -1 -2 -1 0 0 -1 -2 -1 -2 0 -2 0 -1 -1 0 0 -2 0 0 0 -2 -1 0 0 0 -2 -1 -2 0 -1 -1 0 0 -2 -2 -1 0 -1 -1 -1 -2 -1 -2 0 -1 -2 -1 0 -1 -1 0 -2 -1 0 0 0 -1 0 0 -1 0 0 0 0 -1 0 0 0 -1 -1 0 0 -1 0 -1 0 -1 0 0 0
1.53551450844754 -0.980505698700342 -0.716148207637062 -1.57689502720605 0.0488426809544013 1 1 2 0 0 2 0 0 1 1 2 0 2 0 2 2 1 0 1 1 0 0 2 1 0 1 2 2 2 2 0 2 0 0 1 0 0 1 0 0 0 1 0 0 0 0 2 1 1 0 1 0 1 0 2 2 0 1 1 1 1 2 2 1 0 0 2 1 0 2 2 1 2 2 0 0 0 2 0 0 1 0 0 0 1 2 0 0 0 0 2 0 1 2 2 2 2 0 0 1 0 1 2 0 0 2 0 0 1 1 2 0 2 0 2 2 1 0 1 1 0 0 2 1 0 1 2 2 2 2 0 2 0 0 1 0 0 1 0 0 0 1 0 0 0 0 2 1 1 0 1 0 1 0 2 2 0 1 1 1 1 2 2 1 0 0 2 1 0 2 2 1 2 2 0 0 0 2 0 0 1 0 0 0 1 2 0 0 0 0 2 0 1 2 2 2 2 0 0 1 0
