-1.17511580888045 -0.102888765103948 0.837121716962972 0.690861061441885 1.36547102343608 1 1 2 1 2 2 1 1 1 0 2 2 1 0 0 1 1 0 0 0 2 0 0 1 0 0 1 2 2 1 2 1 1 2 0 1 1 1 1 0 1 0 0 2 2 1 2 0 2 2 1 2 0 2 0 0 2 2 1 2 1 0 2 0 0 2 2 1 0 2 1 1 0 0 2 1 1 1 0 1 2 0 2 2 1 2 2 1 1 2 2 1 2 2 2 1 1 0 0 2 2 1 2 1 2 2 1 1 1 0 2 2 1 0 0 1 1 0 0 0 2 0 0 1 0 0 1 2 2 1 2 1 1 2 0 1 1 1 1 0 1 0 0 2 2 1 2 0 2 2 1 2 0 2 0 0 2 2 1 2 1 0 2 0 0 2 2 1 0 2 1 1 0 0 2 1 1 1 0 1 2 0 2 2 1 2 2 1 1 2 2 1 2 2 2 1 1 0 0 2 2
0.0461544874318843 -0.919263684551781 -1.50614458647363 -1.44553700651387 -0.329269475280997 -1 0 0 1 2 2 1 1 2 0 2 0 0 1 0 1 2 1 0 2 2 0 0 1 0 1 1 1 2 1 2 1 0 0 0 1 2 1 1 1 1 0 1 2 1 0 1 2 2 1 0 2 0 1 0 0 0 0 0 0 0 0 1 1 0 2 1 2 0 2 2 2 1 1 2 2 2 2 1 1 1 0 2 1 0 2 2 1 1 1 1 0 2 2 1 1 1 0 0 2 2 0 0 -1 -2 -2 -1 -1 -2 0 -2 0 0 -1 0 -1 -2 -1 0 -2 -2 0 0 -1 0 -1 -1 -1 -2 -1 -2 -1 0 0 0 -1 -2 -1 -1 -1 -1 0 -1 -2 -1 0 -1 -2 -2 -1 0 -2 0 -1 0 0 0 0 0 0 0 0 -1 -1 0 -2 -1 -2 0 -2 -2 -2 -1 -1 -2 -2 -2 -2 -1 -1 -1 0 -2 -1 0 -2 -2 -1 -1 -1 -1 0 -2 -2 -1 -1 -1 0 0 -2 -2
-0.900058689809774 -0.686955181785841 -1.73873825348984 -0.73391844945653 -2.10262862146102 1 1 2 2 2 2 2 2 2 0 2 1 0 1 0 0 2 1 2 2 2 0 0 0 0 1 0 1 2 1 1 0 0 1 0 2 1 2 1 0 1 0 1 2 2 2 1 1 2 2 1 2 0 2 1 0 2 2 1 1 1 0 1 2 1 2 1 1 0 2 1 0 0 0 2 1 1 1 0 1 1 0 2 2 2 1 2 1 0 1 2 2 2 2 2 1 1 0 0 2 2 1 2 2 2 2 2 2 2 0 2 1 0 1 0 0 2 1 2 2 2 0 0 0 0 1 0 1 2 1 1 0 0 1 0 2 1 2 1 0 1 0 1 2 2 2 1 1 2 2 1 2 0 2 1 0 2 2 1 1 1 0 1 2 1 2 1 1 0 2 1 0 0 0 2 1 1 1 0 1 1 0 2 2 2 1 2 1 0 1 2 2 2 2 2 1 1 0 0 2 2
-1.05192060090458 -0.934208794126293 0.535001709069396 -0.993942675844842 1.41105995712315 1 2 2 2 2 2 1 2 1 0 2 1 1 0 0 1 1 0 1 1 1 0 2 2 1 1 1 2 2 1 2 1 0 1 0 1 1 2 2 1 1 1 1 2 2 0 1 0 0 1 0 2 0 1 2 1 2 1 1 2 1 0 1 1 1 2 2 2 1 2 2 2 0 1 2 2 2 2 0 1 1 0 1 0 1 0 1 1 0 1 2 1 2 2 1 1 1 0 0 2 1 2 2 2 2 2 1 2 1 0 2 1 1 0 0 1 1 0 1 1 1 0 2 2 1 1 1 2 2 1 2 1 0 1 0 1 1 2 2 1 1 1 1 2 2 0 1 0 0 1 0 2 0 1 2 1 2 1 1 2 1 0 1 1 1 2 2 2 1 2 2 2 0 1 2 2 2 2 0 1 1 0 1 0 1 0 1 1 0 1 2 1 2 2 1 1 1 0 0 2 1
-1.05830096242277 0.21416844952013 -0.372697081630147 0.0804607344771838 1.20265711700854 1 0 1 0 2 2 2 2 1 0 2 2 1 2 0 0 1 1 2 2 2 1 1 1 1 1 2 2 2 1 2 1 0 1 0 0 2 2 1 2 2 1 2 2 2 0 0 1 1 2 1 2 0 2 0 0 1 1 0 0 0 0 1 1 2 2 2 2 1 2 2 1 1 0 2 2 1 2 0 1 1 0 2 1 1 0 1 0 0 0 2 0 2 2 2 1 1 0 0 1 1 0 1 0 2 2 2 2 1 0 2 2 1 2 0 0 1 1 2 2 2 1 1 1 1 1 2 2 2 1 2 1 0 1 0 0 2 2 1 2 2 1 2 2 2 0 0 1 1 2 1 2 0 2 0 0 1 1 0 0 0 0 1 1 2 2 2 2 1 2 2 1 1 0 2 2 1 2 0 1 1 0 2 1 1 0 1 0 0 0 2 0 2 2 2 1 1 0 0 1 1
-0.149755739872902 0.381552350631508 -0.0886766682896492 0.80926570339077 0.0149143280392105 -1 2 0 0 2 1 0 2 1 0 2 1 0 1 0 1 2 1 1 2 2 2 0 1 0 0 0 1 2 2 1 1 0 2 0 1 2 2 2 2 1 0 0 2 2 1 2 2 2 1 0 2 0 1 1 1 2 0 1 2 2 0 0 0 0 2 2 2 1 2 1 0 0 0 2 0 1 2 0 2 1 0 2 1 2 2 2 0 0 1 1 0 1 2 2 1 1 0 1 2 2 -2 0 0 -2 -1 0 -2 -1 0 -2 -1 0 -1 0 -1 -2 -1 -1 -2 -2 -2 0 -1 0 0 0 -1 -2 -2 -1 -1 0 -2 0 -1 -2 -2 -2 -2 -1 0 0 -2 -2 -1 -2 -2 -2 -1 0 -2 0 -1 -1 -1 -2 0 -1 -2 -2 0 0 0 0 -2 -2 -2 -1 -2 -1 0 0 0 -2 0 -1 -2 0 -2 -1 0 -2 -1 -2 -2 -2 0 0 -1 -1 0 -1 -2 -2 -1 -1 0 -1 -2 -2
-1.42626973704023 0.0769744213167628 -1.17457556899249 0.327253632847466 0.572840430609527 1 2 1 0 2 1 0 1 1 0 2 2 0 1 1 2 1 0 2 1 2 1 1 0 0 1 1 2 1 0 1 1 1 1 0 2 2 0 2 2 2 2 1 2 2 1 1 0 1 1 0 2 0 2 2 1 2 2 2 2 2 1 2 1 0 1 1 1 0 2 1 0 0 0 2 0 0 0 0 0 1 0 2 0 0 1 2 0 1 2 2 1 2 2 2 0 0 0 0 1 0 2 1 0 2 1 0 1 1 0 2 2 0 1 1 2 1 0 2 1 2 1 1 0 0 1 1 2 1 0 1 1 1 1 0 2 2 0 2 2 2 2 1 2 2 1 1 0 1 1 0 2 0 2 2 1 2 2 2 2 2 1 2 1 0 1 1 1 0 2 1 0 0 0 2 0 0 0 0 0 1 0 2 0 0 1 2 0 1 2 2 1 2 2 2 0 0 0 0 1 0
1.37209118244018 1.21353994472201 -0.554059024136286 0.000664972890753405 0.728074736234586 1 1 1 0 1 1 0 0 1 0 2 2 2 2 1 0 2 1 1 2 2 2 0 1 1 0 1 2 2 2 2 1 2 2 0 2 2 2 1 1 0 0 1 1 0 0 0 0 1 2 0 2 0 2 0 0 2 2 0 1 0 0 2 1 0 0 1 2 1 1 1 1 0 0 2 0 1 2 0 1 0 0 2 2 0 2 2 1 1 1 2 1 2 2 1 1 2 0 0 1 1 1 1 0 1 1 0 0 1 0 2 2 2 2 1 0 2 1 1 2 2 2 0 1 1 0 1 2 2 2 2 1 2 2 0 2 2 2 1 1 0 0 1 1 0 0 0 0 1 2 0 2 0 2 0 0 2 2 0 1 0 0 2 1 0 0 1 2 1 1 1 1 0 0 2 0 1 2 0 1 0 0 2 2 0 2 2 1 1 1 2 1 2 2 1 1 2 0 0 1 1
1.24812255966629 -0.718815553857221 -0.772767211464287 -0.0349164806956942 1.3968898559552 1 1 1 0 2 2 0 0 1 0 2 2 0 1 1 2 2 1 0 1 1 0 2 2 1 0 1 1 2 2 2 1 1 2 0 0 2 2 2 2 1 2 1 2 2 1 0 1 1 2 0 2 0 0 1 0 1 1 0 0 0 0 1 0 0 1 1 1 1 2 2 1 0 0 2 1 1 1 0 1 1 0 1 2 2 0 2 0 1 1 1 1 2 2 2 1 1 0 0 2 2 1 1 0 2 2 0 0 1 0 2 2 0 1 1 2 2 1 0 1 1 0 2 2 1 0 1 1 2 2 2 1 1 2 0 0 2 2 2 2 1 2 1 2 2 1 0 1 1 2 0 2 0 0 1 0 1 1 0 0 0 0 1 0 0 1 1 1 1 2 2 1 0 0 2 1 1 1 0 1 1 0 1 2 2 0 2 0 1 1 1 1 2 2 2 1 1 0 0 2 2
-0.416539134194929 -1.78739353570297 0.410275890050133 1.29377500934852 0.976506413640088 -1 1 0 0 1 2 0 1 2 2 2 2 1 2 0 1 2 2 2 2 2 1 1 1 1 1 0 2 2 1 2 1 1 2 0 0 0 1 0 1 1 0 0 2 2 0 0 1 1 1 0 2 0 1 1 0 2 1 0 1 1 0 1 0 0 1 1 2 0 2 1 1 0 1 2 0 1 2 0 1 2 0 2 2 1 1 2 1 1 1 2 1 2 2 2 1 2 1 0 2 1 -1 0 0 -1 -2 0 -1 -2 -2 -2 -2 -1 -2 0 -1 -2 -2 -2 -2 -2 -1 -1 -1 -1 -1 0 -2 -2 -1 -2 -1 -1 -2 0 0 0 -1 0 -1 -1 0 0 -2 -2 0 0 -1 -1 -1 0 -2 0 -1 -1 0 -2 -1 0 -1 -1 0 -1 0 0 -1 -1 -2 0 -2 -1 -1 0 -1 -2 0 -1 -2 0 -1 -2 0 -2 -2 -1 -1 -2 -1 -1 -1 -2 -1 -2 -2 -2 -1 -2 -1 0 -2 -1
2.34265167479441 -0.670714611902951 1.26373795820132 -0.838764622990872 -0.798125548199178 1 1 1 2 2 2 0 0 1 0 2 2 1 0 0 1 2 2 2 2 2 1 0 1 2 1 1 1 2 2 2 2 1 2 0 2 2 2 2 2 1 1 0 2 0 1 1 1 2 2 0 2 0 1 0 0 1 0 0 2 2 1 2 2 0 1 1 2 1 2 2 0 0 0 2 0 1 1 0 1 1 1 2 1 2 1 2 0 1 1 1 1 2 2 2 1 2 0 0 2 2 1 1 2 2 2 0 0 1 0 2 2 1 0 0 1 2 2 2 2 2 1 0 1 2 1 1 1 2 2 2 2 1 2 0 2 2 2 2 2 1 1 0 2 0 1 1 1 2 2 0 2 0 1 0 0 1 0 0 2 2 1 2 2 0 1 1 2 1 2 2 0 0 0 2 0 1 1 0 1 1 1 2 1 2 1 2 0 1 1 1 1 2 2 2 1 2 0 0 2 2
-1.36465921722834 -0.682696001482452 -1.28590987683401 -0.176050508897532 -0.95370126906426 1 1 2 0 2 1 0 0 1 0 2 1 1 2 0 1 2 1 0 1 2 1 1 2 0 0 1 2 1 1 2 1 1 1 0 2 2 1 2 2 1 1 2 2 0 1 0 1 2 2 1 2 0 2 2 0 1 1 0 2 2 0 2 0 0 2 1 2 0 2 2 2 1 0 2 0 1 0 0 0 0 0 2 2 2 1 1 2 1 2 2 1 2 2 1 1 1 0 0 2 0 1 2 0 2 1 0 0 1 0 2 1 1 2 0 1 2 1 0 1 2 1 1 2 0 0 1 2 1 1 2 1 1 1 0 2 2 1 2 2 1 1 2 2 0 1 0 1 2 2 1 2 0 2 2 0 1 1 0 2 2 0 2 0 0 2 1 2 0 2 2 2 1 0 2 0 1 0 0 0 0 0 2 2 2 1 1 2 1 2 2 1 2 2 1 1 1 0 0 2 0
0.789772386205261 -0.660667166103838 1.47330014223558 1.05202513698711 2.15780219908491 -1 1 1 0 2 2 0 0 1 0 2 1 0 2 1 1 2 1 1 2 2 0 1 2 1 1 1 2 2 2 1 0 1 2 0 1 2 0 1 1 0 1 1 2 2 0 0 0 1 1 0 2 0 2 2 0 2 1 0 2 2 0 1 1 0 1 1 2 1 2 2 1 0 0 2 0 2 2 0 0 0 0 0 0 1 0 0 1 1 1 2 0 2 2 2 1 1 0 0 2 2 -1 -1 0 -2 -2 0 0 -1 0 -2 -1 0 -2 -1 -1 -2 -1 -1 -2 -2 0 -1 -2 -1 -1 -1 -2 -2 -2 -1 0 -1 -2 0 -1 -2 0 -1 -1 0 -1 -1 -2 -2 0 0 0 -1 -1 0 -2 0 -2 -2 0 -2 -1 0 -2 -2 0 -1 -1 0 -1 -1 -2 -1 -2 -2 -1 0 0 -2 0 -2 -2 0 0 0 0 0 0 -1 0 0 -1 -1 -1 -2 0 -2 -2 -2 -1 -1 0 0 -2 -2
-1.46119798522799 1.55278464129211 -0.320116173574221 0.432214724049024 -0.117134325911776 -1 1 1 0 1 1 0 1 1 0 2 1 0 2 0 2 2 1 0 1 1 1 1 1 1 1 2 2 2 1 1 0 0 1 0 1 2 1 1 1 0 1 0 2 2 2 2 0 1 2 1 2 0 0 0 0 1 0 1 0 0 0 2 2 2 2 1 2 1 2 0 1 0 0 2 2 1 1 0 2 2 0 2 1 2 0 1 0 0 2 2 1 2 2 2 2 1 0 0 2 1 -1 -1 0 -1 -1 0 -1 -1 0 -2 -1 0 -2 0 -2 -2 -1 0 -1 -1 -1 -1 -1 -1 -1 -2 -2 -2 -1 -1 0 0 -1 0 -1 -2 -1 -1 -1 0 -1 0 -2 -2 -2 -2 0 -1 -2 -1 -2 0 0 0 0 -1 0 -1 0 0 0 -2 -2 -2 -2 -1 -2 -1 -2 0 -1 0 0 -2 -2 -1 -1 0 -2 -2 0 -2 -1 -2 0 -1 0 0 -2 -2 -1 -2 -2 -2 -2 -1 0 0 -2 -1
-2.0970666465258 -0.524362354413914 -0.760367107724659 -2.00498697429529 0.919295045237718 -1 0 1 1 1 2 1 1 2 0 2 1 0 0 0 2 2 0 1 1 2 1 1 2 0 0 1 2 1 1 1 1 1 2 0 2 2 1 1 2 1 0 1 2 2 1 2 0 2 2 0 2 0 0 0 0 2 0 1 0 0 0 0 0 0 1 0 2 0 2 1 1 0 0 2 1 1 0 0 1 2 0 2 2 1 1 2 0 1 1 1 2 2 2 2 0 1 0 0 2 2 0 -1 -1 -1 -2 -1 -1 -2 0 -2 -1 0 0 0 -2 -2 0 -1 -1 -2 -1 -1 -2 0 0 -1 -2 -1 -1 -1 -1 -1 -2 0 -2 -2 -1 -1 -2 -1 0 -1 -2 -2 -1 -2 0 -2 -2 0 -2 0 0 0 0 -2 0 -1 0 0 0 0 0 0 -1 0 -2 0 -2 -1 -1 0 0 -2 -1 -1 0 0 -1 -2 0 -2 -2 -1 -1 -2 0 -1 -1 -1 -2 -2 -2 -2 0 -1 0 0 -2 -2
-0.337122989954256 -0.215184062047241 -2.11766903909267 2.63917329498657 0.698085829413943 -1 0 0 0 1 1 0 0 1 0 2 2 2 1 1 2 2 2 1 1 2 2 1 1 0 0 0 2 2 0 2 0 1 2 0 1 2 2 2 2 2 0 0 2 1 1 0 0 1 1 0 2 0 2 1 1 0 0 0 0 1 0 1 0 0 2 2 2 0 2 2 1 0 0 2 1 1 0 0 2 1 1 2 1 1 2 2 0 0 1 1 0 1 2 1 2 1 0 0 1 2 0 0 0 -1 -1 0 0 -1 0 -2 -2 -2 -1 -1 -2 -2 -2 -1 -1 -2 -2 -1 -1 0 0 0 -2 -2 0 -2 0 -1 -2 0 -1 -2 -2 -2 -2 -2 0 0 -2 -1 -1 0 0 -1 -1 0 -2 0 -2 -1 -1 0 0 0 0 -1 0 -1 0 0 -2 -2 -2 0 -2 -2 -1 0 0 -2 -1 -1 0 0 -2 -1 -1 -2 -1 -1 -2 -2 0 0 -1 -1 0 -1 -2 -1 -2 -1 0 0 -1 -2
-2.93441918508903 -0.722083205809714 0.411684739951426 -0.72317678500435 0.298453811660253 -1 1 1 0 2 2 1 1 2 0 2 1 0 1 0 0 2 1 1 1 2 0 1 1 0 0 0 1 1 0 2 1 1 2 1 2 1 0 0 2 0 0 1 2 1 1 1 0 1 1 0 2 0 2 0 0 2 1 1 0 1 0 2 2 1 2 1 1 0 1 2 1 0 0 2 0 2 0 0 1 2 1 2 2 2 2 2 0 1 2 2 1 2 2 2 1 0 0 0 2 1 -1 -1 0 -2 -2 -1 -1 -2 0 -2 -1 0 -1 0 0 -2 -1 -1 -1 -2 0 -1 -1 0 0 0 -1 -1 0 -2 -1 -1 -2 -1 -2 -1 0 0 -2 0 0 -1 -2 -1 -1 -1 0 -1 -1 0 -2 0 -2 0 0 -2 -1 -1 0 -1 0 -2 -2 -1 -2 -1 -1 0 -1 -2 -1 0 0 -2 0 -2 0 0 -1 -2 -1 -2 -2 -2 -2 -2 0 -1 -2 -2 -1 -2 -2 -2 -1 0 0 0 -2 -1
0.738649275946946 -0.380885898613298 1.30332694682454 0.124407599736983 0.388025108379004 1 0 0 2 2 1 0 1 1 0 2 2 1 0 0 1 2 1 1 2 2 0 1 1 0 1 0 1 2 1 2 0 1 1 0 2 2 1 1 2 1 1 2 2 1 0 0 0 1 2 1 2 0 0 0 0 2 1 1 1 2 1 1 1 0 2 0 1 1 2 2 1 0 0 1 0 0 2 0 1 0 0 1 2 1 1 1 0 0 1 2 1 2 2 2 1 1 0 0 1 1 0 0 2 2 1 0 1 1 0 2 2 1 0 0 1 2 1 1 2 2 0 1 1 0 1 0 1 2 1 2 0 1 1 0 2 2 1 1 2 1 1 2 2 1 0 0 0 1 2 1 2 0 0 0 0 2 1 1 1 2 1 1 1 0 2 0 1 1 2 2 1 0 0 1 0 0 2 0 1 0 0 1 2 1 1 1 0 0 1 2 1 2 2 2 1 1 0 0 1 1
-0.689040175398452 0.911333008361119 -0.579486408634026 -0.47484835351019 1.87757566569146 1 1 1 0 2 2 0 0 2 1 2 1 0 0 0 1 2 0 1 1 2 2 1 1 1 1 1 2 2 1 1 0 0 1 0 1 1 1 0 2 1 1 1 2 2 2 2 1 1 1 1 2 0 2 1 1 2 2 2 2 1 1 1 1 0 2 1 2 1 2 2 2 1 0 2 2 2 0 0 2 2 0 2 1 1 2 1 0 1 1 2 0 2 2 0 1 0 0 0 2 2 1 1 0 2 2 0 0 2 1 2 1 0 0 0 1 2 0 1 1 2 2 1 1 1 1 1 2 2 1 1 0 0 1 0 1 1 1 0 2 1 1 1 2 2 2 2 1 1 1 1 2 0 2 1 1 2 2 2 2 1 1 1 1 0 2 1 2 1 2 2 2 1 0 2 2 2 0 0 2 2 0 2 1 1 2 1 0 1 1 2 0 2 2 0 1 0 0 0 2 2
-0.0666267689091003 1.06915309165661 -1.96082550533028 0.604904575561212 3.07627887869905 -1 0 1 1 2 2 1 2 1 0 2 0 0 0 0 0 1 1 2 2 2 1 1 2 2 2 2 2 2 2 2 1 1 1 0 1 2 2 1 1 0 1 1 2 0 1 2 1 2 1 0 2 0 2 2 2 2 0 1 1 1 0 1 0 0 0 2 2 0 2 2 2 0 1 2 2 2 2 0 1 1 0 1 1 1 1 2 0 0 0 2 1 1 2 1 1 1 0 0 1 2 0 -1 -1 -2 -2 -1 -2 -1 0 -2 0 0 0 0 0 -1 -1 -2 -2 -2 -1 -1 -2 -2 -2 -2 -2 -2 -2 -2 -1 -1 -1 0 -1 -2 -2 -1 -1 0 -1 -1 -2 0 -1 -2 -1 -2 -1 0 -2 0 -2 -2 -2 -2 0 -1 -1 -1 0 -1 0 0 0 -2 -2 0 -2 -2 -2 0 -1 -2 -2 -2 -2 0 -1 -1 0 -1 -1 -1 -1 -2 0 0 0 -2 -1 -1 -2 -1 -1 -1 0 0 -1 -2
0.791351175270781 -1.20899935484172 -1.8561864550848 0.227674541691971 -1.19420105930606 1 1 1 2 2 1 0 1 1 0 2 1 1 0 0 1 1 1 1 2 2 0 0 0 0 0 0 2 1 0 1 1 2 2 0 1 2 1 2 2 1 1 1 2 2 2 2 2 2 1 0 2 0 1 0 1 2 1 1 2 1 1 1 0 0 1 0 1 0 2 1 1 0 1 2 2 2 1 0 1 2 0 2 1 1 2 2 0 1 2 2 2 2 2 2 0 1 1 0 2 2 1 1 2 2 1 0 1 1 0 2 1 1 0 0 1 1 1 1 2 2 0 0 0 0 0 0 2 1 0 1 1 2 2 0 1 2 1 2 2 1 1 1 2 2 2 2 2 2 1 0 2 0 1 0 1 2 1 1 2 1 1 1 0 0 1 0 1 0 2 1 1 0 1 2 2 2 1 0 1 2 0 2 1 1 2 2 0 1 2 2 2 2 2 2 0 1 1 0 2 2
-0.878917684763844 0.37566385425246 -1.2890067186384 -0.520538559015296 -0.490520888461998 -1 1 2 1 1 2 1 0 1 0 2 1 0 0 0 0 1 1 0 2 2 0 2 2 2 1 2 2 2 1 1 0 1 1 0 0 1 1 2 1 1 1 1 2 2 1 1 2 2 2 2 2 0 1 0 0 2 0 0 0 0 0 1 1 0 1 1 2 1 2 2 1 0 0 1 2 2 0 1 2 2 1 1 1 1 1 2 1 0 1 2 0 2 2 2 0 1 0 0 2 1 -1 -2 -1 -1 -2 -1 0 -1 0 -2 -1 0 0 0 0 -1 -1 0 -2 -2 0 -2 -2 -2 -1 -2 -2 -2 -1 -1 0 -1 -1 0 0 -1 -1 -2 -1 -1 -1 -1 -2 -2 -1 -1 -2 -2 -2 -2 -2 0 -1 0 0 -2 0 0 0 0 0 -1 -1 0 -1 -1 -2 -1 -2 -2 -1 0 0 -1 -2 -2 0 -1 -2 -2 -1 -1 -1 -1 -1 -2 -1 0 -1 -2 0 -2 -2 -2 0 -1 0 0 -2 -1
-1.36062830516182 -0.486636856646478 2.14586260567991 -0.959933019018863 0.771527971422948 1 2 2 1 2 2 2 2 2 1 2 2 0 1 0 0 2 1 1 1 1 0 1 2 0 1 1 2 2 1 2 1 1 1 0 0 1 0 0 1 2 2 2 2 2 2 2 1 1 2 2 2 0 0 1 0 2 2 1 1 2 1 2 1 0 1 1 1 0 1 1 1 0 0 2 0 2 0 0 2 1 1 2 1 2 2 2 1 1 1 2 1 2 2 1 1 1 0 0 0 1 2 2 1 2 2 2 2 2 1 2 2 0 1 0 0 2 1 1 1 1 0 1 2 0 1 1 2 2 1 2 1 1 1 0 0 1 0 0 1 2 2 2 2 2 2 2 1 1 2 2 2 0 0 1 0 2 2 1 1 2 1 2 1 0 1 1 1 0 1 1 1 0 0 2 0 2 0 0 2 1 1 2 1 2 2 2 1 1 1 2 1 2 2 1 1 1 0 0 0 1
0.650215085621547 1.29026458825676 -0.30288152244515 0.326247055118041 0.261949672498507 -1 1 0 0 2 2 1 1 2 0 2 2 0 0 0 1 1 1 1 1 1 0 0 2 2 1 1 2 2 2 1 1 0 0 0 0 2 2 1 0 1 0 1 2 0 0 1 1 2 1 0 2 0 1 0 0 2 0 0 0 0 0 1 1 0 1 1 2 0 2 2 1 2 0 1 0 2 1 0 1 2 1 2 2 1 1 2 1 2 1 1 1 2 2 2 1 2 0 0 2 2 -1 0 0 -2 -2 -1 -1 -2 0 -2 -2 0 0 0 -1 -1 -1 -1 -1 -1 0 0 -2 -2 -1 -1 -2 -2 -2 -1 -1 0 0 0 0 -2 -2 -1 0 -1 0 -1 -2 0 0 -1 -1 -2 -1 0 -2 0 -1 0 0 -2 0 0 0 0 0 -1 -1 0 -1 -1 -2 0 -2 -2 -1 -2 0 -1 0 -2 -1 0 -1 -2 -1 -2 -2 -1 -1 -2 -1 -2 -1 -1 -1 -2 -2 -2 -1 -2 0 0 -2 -2
0.263635348681805 0.459145300733094 -0.197062759553264 -0.390591238437328 0.279042429050244 -1 1 1 0 2 2 0 2 2 0 2 1 0 0 0 1 2 0 1 1 2 0 2 2 1 1 1 2 2 2 0 0 1 1 0 2 2 2 1 1 1 2 0 1 1 0 1 0 1 2 0 2 0 0 2 1 2 0 1 2 2 0 1 0 0 2 1 2 2 2 2 2 2 1 2 1 2 2 0 0 0 0 1 0 0 0 2 1 1 1 2 1 2 2 2 0 1 0 0 1 0 -1 -1 0 -2 -2 0 -2 -2 0 -2 -1 0 0 0 -1 -2 0 -1 -1 -2 0 -2 -2 -1 -1 -1 -2 -2 -2 0 0 -1 -1 0 -2 -2 -2 -1 -1 -1 -2 0 -1 -1 0 -1 0 -1 -2 0 -2 0 0 -2 -1 -2 0 -1 -2 -2 0 -1 0 0 -2 -1 -2 -2 -2 -2 -2 -2 -1 -2 -1 -2 -2 0 0 0 0 -1 0 0 0 -2 -1 -1 -1 -2 -1 -2 -2 -2 0 -1 0 0 -1 0
-0.261083089295717 0.858299822374056 1.56281561410007 1.44865182455067 0.107515722634792 -1 1 1 1 2 2 1 0 1 0 2 2 1 1 0 1 2 1 0 1 2 0 1 2 1 0 1 2 1 1 2 1 2 2 0 1 2 2 2 2 2 2 2 2 1 1 1 1 2 1 1 2 0 1 1 1 2 1 0 1 1 0 1 0 0 1 1 2 1 2 2 1 0 1 2 1 1 0 0 1 1 0 2 0 0 1 2 0 1 1 1 2 2 2 2 1 2 0 0 1 2 -1 -1 -1 -2 -2 -1 0 -1 0 -2 -2 -1 -1 0 -1 -2 -1 0 -1 -2 0 -1 -2 -1 0 -1 -2 -1 -1 -2 -1 -2 -2 0 -1 -2 -2 -2 -2 -2 -2 -2 -2 -1 -1 -1 -1 -2 -1 -1 -2 0 -1 -1 -1 -2 -1 0 -1 -1 0 -1 0 0 -1 -1 -2 -1 -2 -2 -1 0 -1 -2 -1 -1 0 0 -1 -1 0 -2 0 0 -1 -2 0 -1 -1 -1 -2 -2 -2 -2 -1 -2 0 0 -1 -2
-1.92363848821834 0.0814369985148308 -0.408939877110361 0.194807729659212 -0.0265327663827853 1 1 1 0 2 2 1 1 1 0 2 1 1 0 0 2 2 1 2 1 1 0 1 2 1 1 2 2 2 0 1 1 1 2 1 2 1 1 0 2 1 0 1 2 2 0 1 1 2 2 0 1 0 1 1 1 2 2 2 1 0 0 2 2 0 1 0 2 1 2 1 0 0 2 2 1 1 1 0 0 1 0 1 1 1 1 1 0 0 1 2 1 2 2 2 1 1 0 1 2 2 1 1 0 2 2 1 1 1 0 2 1 1 0 0 2 2 1 2 1 1 0 1 2 1 1 2 2 2 0 1 1 1 2 1 2 1 1 0 2 1 0 1 2 2 0 1 1 2 2 0 1 0 1 1 1 2 2 2 1 0 0 2 2 0 1 0 2 1 2 1 0 0 2 2 1 1 1 0 0 1 0 1 1 1 1 1 0 0 1 2 1 2 2 2 1 1 0 1 2 2
0.274421844898408 -0.239469956634241 0.700141722383951 0.221400537119069 1.70892773255863 -1 0 0 0 2 2 0 0 2 1 2 0 0 1 0 1 0 0 1 1 2 0 1 2 0 2 1 2 2 1 2 2 2 2 0 1 2 2 1 1 2 1 2 2 2 2 2 2 2 2 1 2 0 1 0 0 2 2 1 2 0 0 0 0 0 2 0 2 0 2 1 0 0 1 2 1 1 0 0 0 1 0 2 0 0 2 2 0 0 1 2 1 2 2 1 0 0 0 0 1 1 0 0 0 -2 -2 0 0 -2 -1 -2 0 0 -1 0 -1 0 0 -1 -1 -2 0 -1 -2 0 -2 -1 -2 -2 -1 -2 -2 -2 -2 0 -1 -2 -2 -1 -1 -2 -1 -2 -2 -2 -2 -2 -2 -2 -2 -1 -2 0 -1 0 0 -2 -2 -1 -2 0 0 0 0 0 -2 0 -2 0 -2 -1 0 0 -1 -2 -1 -1 0 0 0 -1 0 -2 0 0 -2 -2 0 0 -1 -2 -1 -2 -2 -1 0 0 0 0 -1 -1
-0.0400280564638808 -0.406321789663202 -0.580360105504827 -0.251349817822636 0.321449850528884 -1 2 2 2 2 2 2 2 2 0 2 2 1 1 0 1 1 0 1 1 1 0 1 2 1 1 2 2 2 1 2 0 0 0 0 2 2 1 1 2 1 1 0 2 0 0 0 0 1 1 0 2 0 2 1 0 2 1 2 1 0 1 1 1 1 2 1 2 1 2 2 1 1 2 2 1 1 0 0 1 2 1 2 1 1 1 2 1 1 2 2 2 2 2 2 1 1 0 0 2 1 -2 -2 -2 -2 -2 -2 -2 -2 0 -2 -2 -1 -1 0 -1 -1 0 -1 -1 -1 0 -1 -2 -1 -1 -2 -2 -2 -1 -2 0 0 0 0 -2 -2 -1 -1 -2 -1 -1 0 -2 0 0 0 0 -1 -1 0 -2 0 -2 -1 0 -2 -1 -2 -1 0 -1 -1 -1 -1 -2 -1 -2 -1 -2 -2 -1 -1 -2 -2 -1 -1 0 0 -1 -2 -1 -2 -1 -1 -1 -2 -1 -1 -2 -2 -2 -2 -2 -2 -1 -1 0 0 -2 -1
-0.52112891249249 0.942318677485076 0.0901199369860125 0.46412858744685 1.25361721215956 1 0 0 0 2 1 0 0 1 0 2 2 0 0 0 1 1 0 0 1 2 1 0 1 1 1 2 2 2 2 2 2 2 2 0 2 2 0 2 1 1 2 2 2 1 0 2 2 2 2 1 2 1 2 1 0 2 2 1 1 1 0 2 1 0 0 0 2 0 1 1 1 0 0 2 1 2 1 0 1 2 0 1 1 1 1 2 0 0 0 2 2 2 2 2 2 1 0 0 2 1 0 0 0 2 1 0 0 1 0 2 2 0 0 0 1 1 0 0 1 2 1 0 1 1 1 2 2 2 2 2 2 2 2 0 2 2 0 2 1 1 2 2 2 1 0 2 2 2 2 1 2 1 2 1 0 2 2 1 1 1 0 2 1 0 0 0 2 0 1 1 1 0 0 2 1 2 1 0 1 2 0 1 1 1 1 2 0 0 0 2 2 2 2 2 2 1 0 0 2 1
-0.749859245852656 0.0127348913210262 2.19622509616879 -0.680010802422538 0.617659213057392 -1 1 1 0 2 2 0 1 1 0 2 1 0 0 0 1 2 1 1 1 2 0 0 0 0 0 1 1 2 2 2 2 1 2 0 2 2 2 2 2 2 0 0 2 1 1 1 1 2 2 1 2 0 1 0 0 1 1 0 1 1 0 2 1 1 2 1 2 0 1 1 0 0 0 2 1 1 0 0 2 2 0 2 2 2 2 2 1 0 0 1 1 2 2 1 0 0 0 0 1 2 -1 -1 0 -2 -2 0 -1 -1 0 -2 -1 0 0 0 -1 -2 -1 -1 -1 -2 0 0 0 0 0 -1 -1 -2 -2 -2 -2 -1 -2 0 -2 -2 -2 -2 -2 -2 0 0 -2 -1 -1 -1 -1 -2 -2 -1 -2 0 -1 0 0 -1 -1 0 -1 -1 0 -2 -1 -1 -2 -1 -2 0 -1 -1 0 0 0 -2 -1 -1 0 0 -2 -2 0 -2 -2 -2 -2 -2 -1 0 0 -1 -1 -2 -2 -1 0 0 0 0 -1 -2
-0.235073198212512 0.951420318950785 -0.0479661913289853 -1.05829167128719 1.72398671302055 -1 1 2 0 2 2 1 1 1 0 2 2 0 1 0 2 2 2 2 1 2 1 0 0 0 1 2 2 2 2 0 0 1 2 0 2 1 0 2 2 1 2 1 2 1 0 1 0 0 1 0 2 0 2 1 0 2 1 0 0 1 0 1 1 0 1 1 2 0 1 1 1 0 1 2 2 2 1 0 1 0 0 2 2 1 2 2 0 0 0 2 2 2 2 2 2 1 0 0 2 1 -1 -2 0 -2 -2 -1 -1 -1 0 -2 -2 0 -1 0 -2 -2 -2 -2 -1 -2 -1 0 0 0 -1 -2 -2 -2 -2 0 0 -1 -2 0 -2 -1 0 -2 -2 -1 -2 -1 -2 -1 0 -1 0 0 -1 0 -2 0 -2 -1 0 -2 -1 0 0 -1 0 -1 -1 0 -1 -1 -2 0 -1 -1 -1 0 -1 -2 -2 -2 -1 0 -1 0 0 -2 -2 -1 -2 -2 0 0 0 -2 -2 -2 -2 -2 -2 -1 0 0 -2 -1
-0.973204446948036 0.828735637877635 -0.920547335957049 0.489161056354175 -0.0944024260927117 -1 0 1 0 2 2 0 1 1 0 2 2 2 2 1 2 2 2 2 2 1 0 1 2 1 2 2 2 2 2 2 1 1 2 1 2 2 2 2 1 1 2 1 2 2 2 1 1 1 2 0 2 0 2 0 0 2 1 1 1 1 0 2 2 1 2 1 2 1 2 2 0 0 0 1 0 1 0 0 1 2 1 2 1 2 2 2 1 1 1 2 0 2 2 1 1 1 0 0 2 2 0 -1 0 -2 -2 0 -1 -1 0 -2 -2 -2 -2 -1 -2 -2 -2 -2 -2 -1 0 -1 -2 -1 -2 -2 -2 -2 -2 -2 -1 -1 -2 -1 -2 -2 -2 -2 -1 -1 -2 -1 -2 -2 -2 -1 -1 -1 -2 0 -2 0 -2 0 0 -2 -1 -1 -1 -1 0 -2 -2 -1 -2 -1 -2 -1 -2 -2 0 0 0 -1 0 -1 0 0 -1 -2 -1 -2 -1 -2 -2 -2 -1 -1 -1 -2 0 -2 -2 -1 -1 -1 0 0 -2 -2
-0.0110737702070973 1.31769394657068 0.0676245363019859 0.312488407910976 -0.0959641155515003 1 0 0 1 2 0 0 0 0 0 2 1 0 1 0 1 2 1 2 1 1 0 1 2 2 2 2 2 2 2 1 1 1 1 0 2 2 2 2 1 2 1 2 2 1 1 2 1 2 2 0 2 0 1 1 0 1 1 2 2 1 0 1 1 1 2 2 2 0 2 1 1 0 1 2 1 2 1 0 1 1 0 2 2 1 0 1 1 1 2 2 0 2 2 1 2 2 1 0 2 2 0 0 1 2 0 0 0 0 0 2 1 0 1 0 1 2 1 2 1 1 0 1 2 2 2 2 2 2 2 1 1 1 1 0 2 2 2 2 1 2 1 2 2 1 1 2 1 2 2 0 2 0 1 1 0 1 1 2 2 1 0 1 1 1 2 2 2 0 2 1 1 0 1 2 1 2 1 0 1 1 0 2 2 1 0 1 1 1 2 2 0 2 2 1 2 2 1 0 2 2
-0.570310438112685 0.150285174498402 -0.450580790607393 -0.72007654200556 -0.248252248325395 -1 1 0 0 1 2 0 0 1 0 2 1 1 1 0 0 1 0 2 2 2 1 1 0 0 1 1 2 1 0 2 0 2 1 0 1 2 2 1 2 1 1 1 2 1 1 2 1 1 2 0 2 0 0 0 0 2 0 0 0 0 0 2 0 1 2 2 2 0 2 1 1 0 0 2 1 1 1 0 0 1 0 2 0 1 0 2 0 2 2 2 2 2 2 2 1 1 0 0 2 1 -1 0 0 -1 -2 0 0 -1 0 -2 -1 -1 -1 0 0 -1 0 -2 -2 -2 -1 -1 0 0 -1 -1 -2 -1 0 -2 0 -2 -1 0 -1 -2 -2 -1 -2 -1 -1 -1 -2 -1 -1 -2 -1 -1 -2 0 -2 0 0 0 0 -2 0 0 0 0 0 -2 0 -1 -2 -2 -2 0 -2 -1 -1 0 0 -2 -1 -1 -1 0 0 -1 0 -2 0 -1 0 -2 0 -2 -2 -2 -2 -2 -2 -2 -1 -1 0 0 -2 -1
0.993463287053727 0.583312948859725 -0.830791199674713 -0.742813445670874 -2.76852070732137 -1 0 1 0 2 2 0 1 2 2 2 2 0 2 0 1 2 0 1 2 2 0 0 2 2 2 2 2 2 1 2 0 1 1 0 0 1 1 1 0 0 0 0 2 0 0 1 1 2 2 1 2 0 2 2 0 2 0 0 1 1 1 1 1 0 1 1 2 1 2 2 1 0 0 2 2 2 0 0 1 2 1 1 2 2 1 2 0 0 1 1 2 2 2 2 2 1 1 0 2 2 0 -1 0 -2 -2 0 -1 -2 -2 -2 -2 0 -2 0 -1 -2 0 -1 -2 -2 0 0 -2 -2 -2 -2 -2 -2 -1 -2 0 -1 -1 0 0 -1 -1 -1 0 0 0 0 -2 0 0 -1 -1 -2 -2 -1 -2 0 -2 -2 0 -2 0 0 -1 -1 -1 -1 -1 0 -1 -1 -2 -1 -2 -2 -1 0 0 -2 -2 -2 0 0 -1 -2 -1 -1 -2 -2 -1 -2 0 0 -1 -1 -2 -2 -2 -2 -2 -1 -1 0 -2 -2
0.98720197792145 0.153159857961118 0.884294086845606 -0.118563081376934 1.29712790840852 1 2 1 0 1 1 0 1 1 0 2 1 0 1 0 1 1 2 1 1 2 0 1 1 0 0 1 2 2 2 1 0 0 1 0 0 1 1 2 1 1 1 1 2 2 0 0 0 1 2 0 2 0 1 1 0 2 0 1 1 2 0 2 2 1 2 1 2 0 2 0 0 0 0 2 1 2 1 0 0 0 0 0 2 1 0 2 1 1 2 1 2 2 2 2 0 0 0 0 2 1 2 1 0 1 1 0 1 1 0 2 1 0 1 0 1 1 2 1 1 2 0 1 1 0 0 1 2 2 2 1 0 0 1 0 0 1 1 2 1 1 1 1 2 2 0 0 0 1 2 0 2 0 1 1 0 2 0 1 1 2 0 2 2 1 2 1 2 0 2 0 0 0 0 2 1 2 1 0 0 0 0 0 2 1 0 2 1 1 2 1 2 2 2 2 0 0 0 0 2 1
-1.16993933499338 -0.878173253646349 0.349519692669792 0.309937028556106 0.24889430840278 1 1 1 1 2 1 1 1 2 0 2 2 1 2 0 1 2 0 0 2 2 1 1 1 1 1 1 2 2 2 2 0 1 0 0 0 2 2 1 1 0 0 0 2 1 0 1 0 0 1 0 2 0 2 0 0 1 0 0 1 0 0 1 0 0 2 2 2 1 2 2 0 0 0 1 0 0 0 0 0 2 1 2 2 2 2 2 1 0 0 1 0 1 2 1 1 2 1 0 2 2 1 1 1 2 1 1 1 2 0 2 2 1 2 0 1 2 0 0 2 2 1 1 1 1 1 1 2 2 2 2 0 1 0 0 0 2 2 1 1 0 0 0 2 1 0 1 0 0 1 0 2 0 2 0 0 1 0 0 1 0 0 1 0 0 2 2 2 1 2 2 0 0 0 1 0 0 0 0 0 2 1 2 2 2 2 2 1 0 0 1 0 1 2 1 1 2 1 0 2 2
-0.375522472071422 -0.831938634055924 -0.0878591701539023 -1.57005477444751 0.51901287094904 -1 0 0 0 2 2 0 1 2 0 2 1 0 1 0 0 1 0 0 1 2 0 2 2 2 2 0 2 2 1 1 1 1 1 0 0 2 1 1 2 1 1 1 2 2 2 1 1 0 2 0 2 0 1 1 0 1 1 1 1 0 1 1 0 0 1 0 2 0 1 0 0 0 1 2 1 2 1 0 0 1 0 2 2 1 2 2 2 1 2 2 1 2 2 2 1 1 0 0 2 2 0 0 0 -2 -2 0 -1 -2 0 -2 -1 0 -1 0 0 -1 0 0 -1 -2 0 -2 -2 -2 -2 0 -2 -2 -1 -1 -1 -1 -1 0 0 -2 -1 -1 -2 -1 -1 -1 -2 -2 -2 -1 -1 0 -2 0 -2 0 -1 -1 0 -1 -1 -1 -1 0 -1 -1 0 0 -1 0 -2 0 -1 0 0 0 -1 -2 -1 -2 -1 0 0 -1 0 -2 -2 -1 -2 -2 -2 -1 -2 -2 -1 -2 -2 -2 -1 -1 0 0 -2 -2
0.159722777113711 0.65409935455745 1.71895660902558 0.230881321833907 1.77699276303559 1 2 1 0 1 1 1 1 2 1 2 0 0 1 0 1 1 0 2 2 2 1 1 1 0 0 1 2 1 0 2 2 1 2 0 2 2 2 2 2 2 2 1 2 2 2 1 1 0 0 0 2 0 1 1 0 2 1 1 1 0 0 1 0 0 1 1 2 0 1 1 0 0 0 2 1 1 0 0 0 1 1 2 2 1 1 2 1 1 0 2 2 2 2 2 0 1 1 0 2 2 2 1 0 1 1 1 1 2 1 2 0 0 1 0 1 1 0 2 2 2 1 1 1 0 0 1 2 1 0 2 2 1 2 0 2 2 2 2 2 2 2 1 2 2 2 1 1 0 0 0 2 0 1 1 0 2 1 1 1 0 0 1 0 0 1 1 2 0 1 1 0 0 0 2 1 1 0 0 0 1 1 2 2 1 1 2 1 1 0 2 2 2 2 2 0 1 1 0 2 2
2.19016002489608 -0.213927395880144 0.844886492157809 0.365409494035906 0.565891432203509 -1 1 2 2 2 1 1 1 2 0 2 2 0 0 0 0 1 1 1 1 2 1 1 2 2 2 1 1 2 1 2 1 1 2 0 2 2 2 1 1 1 0 0 2 1 0 1 1 0 0 0 2 0 0 1 0 1 0 1 0 0 0 1 1 0 1 2 2 0 2 2 1 0 0 1 0 0 1 0 1 2 0 2 0 1 2 2 0 0 0 2 1 2 2 1 0 1 0 0 2 2 -1 -2 -2 -2 -1 -1 -1 -2 0 -2 -2 0 0 0 0 -1 -1 -1 -1 -2 -1 -1 -2 -2 -2 -1 -1 -2 -1 -2 -1 -1 -2 0 -2 -2 -2 -1 -1 -1 0 0 -2 -1 0 -1 -1 0 0 0 -2 0 0 -1 0 -1 0 -1 0 0 0 -1 -1 0 -1 -2 -2 0 -2 -2 -1 0 0 -1 0 0 -1 0 -1 -2 0 -2 0 -1 -2 -2 0 0 0 -2 -1 -2 -2 -1 0 -1 0 0 -2 -2
0.769679552201238 2.06997502601649 0.462094757404755 0.590601601961371 0.874435240539509 -1 2 1 1 2 1 0 1 1 0 2 2 1 2 0 2 1 1 2 1 2 0 0 1 1 1 1 2 2 1 1 0 1 1 0 2 2 2 2 2 2 2 1 2 1 1 1 0 1 2 1 2 0 1 0 0 2 0 0 0 1 0 1 0 0 1 2 2 0 1 0 0 0 0 2 0 1 1 1 1 2 1 2 1 1 1 2 0 1 0 1 1 1 2 2 0 1 1 1 2 1 -2 -1 -1 -2 -1 0 -1 -1 0 -2 -2 -1 -2 0 -2 -1 -1 -2 -1 -2 0 0 -1 -1 -1 -1 -2 -2 -1 -1 0 -1 -1 0 -2 -2 -2 -2 -2 -2 -2 -1 -2 -1 -1 -1 0 -1 -2 -1 -2 0 -1 0 0 -2 0 0 0 -1 0 -1 0 0 -1 -2 -2 0 -1 0 0 0 0 -2 0 -1 -1 -1 -1 -2 -1 -2 -1 -1 -1 -2 0 -1 0 -1 -1 -1 -2 -2 0 -1 -1 -1 -2 -1
-0.760962279277896 -1.74360783031876 -0.976959668968349 -0.280685479436565 0.816447452785315 1 0 1 1 2 2 2 2 1 0 2 1 0 0 0 0 0 0 1 1 2 0 1 2 1 1 2 2 2 1 2 1 1 1 0 0 1 2 1 0 1 1 1 2 1 0 1 0 0 1 0 2 0 0 0 0 1 0 0 0 1 0 2 0 0 1 1 2 0 2 1 0 0 0 2 1 1 1 0 1 1 0 1 1 1 2 2 0 0 0 2 0 2 2 2 1 1 1 0 2 1 0 1 1 2 2 2 2 1 0 2 1 0 0 0 0 0 0 1 1 2 0 1 2 1 1 2 2 2 1 2 1 1 1 0 0 1 2 1 0 1 1 1 2 1 0 1 0 0 1 0 2 0 0 0 0 1 0 0 0 1 0 2 0 0 1 1 2 0 2 1 0 0 0 2 1 1 1 0 1 1 0 1 1 1 2 2 0 0 0 2 0 2 2 2 1 1 1 0 2 1
0.602720666933187 0.599094200925314 0.980659490239823 -0.0700987525261801 1.23630801500665 1 1 2 1 2 2 2 1 1 0 2 1 0 0 0 1 1 0 0 1 1 0 1 2 1 0 0 2 1 1 2 1 1 1 0 2 2 2 1 2 2 1 0 2 2 0 1 2 2 2 0 2 0 0 1 0 1 0 0 0 1 0 2 1 0 2 2 2 1 2 2 2 1 1 2 2 2 0 0 2 2 0 2 2 1 1 2 0 1 0 1 0 2 2 2 1 2 0 1 2 2 1 2 1 2 2 2 1 1 0 2 1 0 0 0 1 1 0 0 1 1 0 1 2 1 0 0 2 1 1 2 1 1 1 0 2 2 2 1 2 2 1 0 2 2 0 1 2 2 2 0 2 0 0 1 0 1 0 0 0 1 0 2 1 0 2 2 2 1 2 2 2 1 1 2 2 2 0 0 2 2 0 2 2 1 1 2 0 1 0 1 0 2 2 2 1 2 0 1 2 2
-2.53214623665674 0.931053809547361 -0.108367772426052 -1.24903410251375 1.38576050236525 -1 1 1 0 2 2 1 1 1 0 2 1 0 0 0 0 2 0 0 0 1 0 1 1 0 0 0 2 2 2 2 0 0 1 1 2 2 2 1 2 0 0 0 2 1 2 1 1 2 2 1 2 0 1 1 0 2 2 0 2 0 0 0 0 1 2 1 2 0 1 2 1 0 0 2 1 1 1 0 1 2 1 2 2 2 2 2 0 0 0 0 0 1 1 1 1 1 0 0 2 2 -1 -1 0 -2 -2 -1 -1 -1 0 -2 -1 0 0 0 0 -2 0 0 0 -1 0 -1 -1 0 0 0 -2 -2 -2 -2 0 0 -1 -1 -2 -2 -2 -1 -2 0 0 0 -2 -1 -2 -1 -1 -2 -2 -1 -2 0 -1 -1 0 -2 -2 0 -2 0 0 0 0 -1 -2 -1 -2 0 -1 -2 -1 0 0 -2 -1 -1 -1 0 -1 -2 -1 -2 -2 -2 -2 -2 0 0 0 0 0 -1 -1 -1 -1 -1 0 0 -2 -2
-0.073468965454953 0.0835798837386923 -0.258058509644042 -0.334706123044085 -0.784254450598001 1 1 1 1 1 2 1 1 1 1 2 1 1 2 1 1 1 0 0 0 1 0 0 1 0 0 1 2 2 1 2 0 0 1 0 0 2 1 2 2 1 0 0 2 2 2 1 1 1 1 0 2 0 1 1 0 2 1 0 1 1 0 2 0 0 1 1 2 1 2 2 0 0 0 2 1 2 1 0 2 2 0 2 1 1 1 2 1 1 2 2 1 2 2 1 1 1 0 0 2 2 1 1 1 1 2 1 1 1 1 2 1 1 2 1 1 1 0 0 0 1 0 0 1 0 0 1 2 2 1 2 0 0 1 0 0 2 1 2 2 1 0 0 2 2 2 1 1 1 1 0 2 0 1 1 0 2 1 0 1 1 0 2 0 0 1 1 2 1 2 2 0 0 0 2 1 2 1 0 2 2 0 2 1 1 1 2 1 1 2 2 1 2 2 1 1 1 0 0 2 2
-0.49761899904188 -1.2807849824708 -0.339780367552984 -1.21421931159972 1.28754818445904 -1 1 0 2 2 2 2 2 2 1 2 1 0 1 1 2 2 0 0 1 2 1 1 2 1 0 2 2 2 1 2 2 1 2 0 1 2 2 1 1 0 1 1 2 0 1 2 2 0 1 1 2 0 2 1 0 2 1 0 0 0 0 1 0 0 2 0 1 0 2 1 2 2 1 2 2 2 2 0 0 1 0 1 0 1 0 2 1 0 1 2 0 1 1 0 0 1 0 0 1 1 -1 0 -2 -2 -2 -2 -2 -2 -1 -2 -1 0 -1 -1 -2 -2 0 0 -1 -2 -1 -1 -2 -1 0 -2 -2 -2 -1 -2 -2 -1 -2 0 -1 -2 -2 -1 -1 0 -1 -1 -2 0 -1 -2 -2 0 -1 -1 -2 0 -2 -1 0 -2 -1 0 0 0 0 -1 0 0 -2 0 -1 0 -2 -1 -2 -2 -1 -2 -2 -2 -2 0 0 -1 0 -1 0 -1 0 -2 -1 0 -1 -2 0 -1 -1 0 0 -1 0 0 -1 -1
0.696640242437214 -0.332368527011608 0.431380242800404 -0.697681488051699 -1.41592375383644 -1 2 2 0 1 1 0 1 2 0 2 2 0 0 0 1 2 2 2 2 2 0 0 0 0 2 2 2 2 1 2 1 1 1 0 1 2 1 2 1 0 0 0 1 1 0 0 0 1 2 0 2 0 2 1 0 2 2 2 1 1 1 2 1 1 2 2 2 0 1 1 0 0 0 2 0 1 0 0 0 1 0 2 2 1 1 2 1 1 1 1 1 2 2 1 2 2 1 1 2 1 -2 -2 0 -1 -1 0 -1 -2 0 -2 -2 0 0 0 -1 -2 -2 -2 -2 -2 0 0 0 0 -2 -2 -2 -2 -1 -2 -1 -1 -1 0 -1 -2 -1 -2 -1 0 0 0 -1 -1 0 0 0 -1 -2 0 -2 0 -2 -1 0 -2 -2 -2 -1 -1 -1 -2 -1 -1 -2 -2 -2 0 -1 -1 0 0 0 -2 0 -1 0 0 0 -1 0 -2 -2 -1 -1 -2 -1 -1 -1 -1 -1 -2 -2 -1 -2 -2 -1 -1 -2 -1
-1.0789545234234 -0.00419158307674606 1.48044595558394 1.79344200658121 -0.476074566854708 1 2 1 0 2 1 0 0 1 0 2 1 0 1 0 0 0 1 2 2 2 0 1 1 1 1 1 1 1 0 1 1 1 2 0 1 2 2 2 2 2 1 1 2 1 1 0 0 1 1 0 2 0 1 1 1 2 0 1 1 1 0 0 0 0 2 2 2 1 2 2 2 0 1 2 0 1 0 0 0 2 1 1 1 1 1 2 0 1 0 1 0 2 2 2 2 2 1 0 2 2 2 1 0 2 1 0 0 1 0 2 1 0 1 0 0 0 1 2 2 2 0 1 1 1 1 1 1 1 0 1 1 1 2 0 1 2 2 2 2 2 1 1 2 1 1 0 0 1 1 0 2 0 1 1 1 2 0 1 1 1 0 0 0 0 2 2 2 1 2 2 2 0 1 2 0 1 0 0 0 2 1 1 1 1 1 2 0 1 0 1 0 2 2 2 2 2 1 0 2 2
-1.10710433926125 0.264139195784952 0.236846115347394 0.937101798503668 -0.342374738459408 -1 1 1 0 2 2 0 0 0 0 2 1 0 1 0 1 2 2 1 1 2 1 1 1 1 1 2 2 2 2 2 1 0 1 0 0 1 0 0 2 0 0 1 2 2 2 1 1 1 1 0 2 0 1 1 1 2 1 0 0 1 0 2 2 0 1 1 2 1 2 1 1 0 0 1 1 1 0 0 1 1 0 2 2 1 1 2 0 1 1 2 1 2 2 2 1 1 0 0 0 0 -1 -1 0 -2 -2 0 0 0 0 -2 -1 0 -1 0 -1 -2 -2 -1 -1 -2 -1 -1 -1 -1 -1 -2 -2 -2 -2 -2 -1 0 -1 0 0 -1 0 0 -2 0 0 -1 -2 -2 -2 -1 -1 -1 -1 0 -2 0 -1 -1 -1 -2 -1 0 0 -1 0 -2 -2 0 -1 -1 -2 -1 -2 -1 -1 0 0 -1 -1 -1 0 0 -1 -1 0 -2 -2 -1 -1 -2 0 -1 -1 -2 -1 -2 -2 -2 -1 -1 0 0 0 0
-1.14941111931554 -0.742496987941706 0.386188554934652 1.39211250275736 0.0198827101808295 1 2 1 0 2 2 1 0 2 0 2 1 0 1 0 0 1 1 1 2 2 0 0 0 0 0 0 2 2 1 1 1 1 2 0 1 1 1 2 2 1 1 2 0 1 1 1 0 1 1 1 2 0 2 2 1 2 2 2 1 0 0 2 1 1 2 2 2 0 2 2 2 2 1 2 2 1 0 0 1 1 0 2 2 2 2 2 0 0 1 2 2 2 2 1 1 1 1 0 1 1 2 1 0 2 2 1 0 2 0 2 1 0 1 0 0 1 1 1 2 2 0 0 0 0 0 0 2 2 1 1 1 1 2 0 1 1 1 2 2 1 1 2 0 1 1 1 0 1 1 1 2 0 2 2 1 2 2 2 1 0 0 2 1 1 2 2 2 0 2 2 2 2 1 2 2 1 0 0 1 1 0 2 2 2 2 2 0 0 1 2 2 2 2 1 1 1 1 0 1 1
-1.2977534692382 0.0198044267772634 -0.0668959244333758 0.0558440090694608 -0.711288262629951 1 2 2 1 2 2 0 1 2 1 2 1 0 0 0 0 1 2 2 2 2 2 1 1 1 0 1 2 1 0 1 1 1 2 0 2 2 1 1 2 2 2 2 1 0 1 1 0 1 1 0 1 0 2 1 0 2 1 0 1 1 0 2 0 0 2 1 2 1 2 2 2 1 1 2 0 1 2 0 1 2 1 2 1 0 0 2 0 2 1 1 2 2 2 2 1 2 0 1 2 2 2 2 1 2 2 0 1 2 1 2 1 0 0 0 0 1 2 2 2 2 2 1 1 1 0 1 2 1 0 1 1 1 2 0 2 2 1 1 2 2 2 2 1 0 1 1 0 1 1 0 1 0 2 1 0 2 1 0 1 1 0 2 0 0 2 1 2 1 2 2 2 1 1 2 0 1 2 0 1 2 1 2 1 0 0 2 0 2 1 1 2 2 2 2 1 2 0 1 2 2
-0.305872018878921 -0.184231060033854 -1.84825460386597 -1.32392152523887 -0.188830745129006 1 1 1 0 2 2 0 0 1 1 2 1 0 1 0 2 2 2 1 1 2 1 1 1 0 0 1 2 2 1 2 1 2 1 1 1 2 0 0 1 0 0 0 2 1 0 0 0 0 1 0 2 0 0 0 1 2 1 1 1 2 1 1 0 1 1 1 2 0 1 1 0 0 0 2 1 1 0 0 0 0 0 2 1 1 0 2 1 1 1 2 1 2 2 2 0 1 0 0 1 1 1 1 0 2 2 0 0 1 1 2 1 0 1 0 2 2 2 1 1 2 1 1 1 0 0 1 2 2 1 2 1 2 1 1 1 2 0 0 1 0 0 0 2 1 0 0 0 0 1 0 2 0 0 0 1 2 1 1 1 2 1 1 0 1 1 1 2 0 1 1 0 0 0 2 1 1 0 0 0 0 0 2 1 1 0 2 1 1 1 2 1 2 2 2 0 1 0 0 1 1
3.24641812516891 0.16394927147454 -1.03352183837659 -1.20163465793935 -0.14233798182115 -1 1 1 0 1 2 1 1 2 0 1 2 0 1 0 1 1 1 1 1 2 0 1 2 1 0 0 1 2 2 2 2 2 1 1 1 2 2 1 2 1 1 1 2 2 1 0 0 1 1 1 2 0 2 1 0 2 0 0 1 2 0 1 0 0 2 1 2 0 2 2 1 0 1 2 1 1 1 0 2 1 0 2 2 2 2 2 0 0 0 1 1 2 2 2 1 1 1 0 2 1 -1 -1 0 -1 -2 -1 -1 -2 0 -1 -2 0 -1 0 -1 -1 -1 -1 -1 -2 0 -1 -2 -1 0 0 -1 -2 -2 -2 -2 -2 -1 -1 -1 -2 -2 -1 -2 -1 -1 -1 -2 -2 -1 0 0 -1 -1 -1 -2 0 -2 -1 0 -2 0 0 -1 -2 0 -1 0 0 -2 -1 -2 0 -2 -2 -1 0 -1 -2 -1 -1 -1 0 -2 -1 0 -2 -2 -2 -2 -2 0 0 0 -1 -1 -2 -2 -2 -1 -1 -1 0 -2 -1
-0.167648521622102 -0.939998763615171 -0.953918739900117 1.8585490478767 0.160483309070684 1 1 1 0 2 2 1 0 2 0 2 1 0 1 0 0 2 1 1 1 2 0 0 1 1 0 1 2 2 0 2 2 1 0 0 1 2 1 2 1 1 1 2 2 2 1 1 0 0 1 1 2 0 1 0 0 2 1 0 0 0 0 2 1 0 1 0 1 0 2 2 2 1 2 2 0 1 0 0 0 0 0 2 1 1 1 2 0 0 1 2 1 2 2 1 2 1 0 0 2 2 1 1 0 2 2 1 0 2 0 2 1 0 1 0 0 2 1 1 1 2 0 0 1 1 0 1 2 2 0 2 2 1 0 0 1 2 1 2 1 1 1 2 2 2 1 1 0 0 1 1 2 0 1 0 0 2 1 0 0 0 0 2 1 0 1 0 1 0 2 2 2 1 2 2 0 1 0 0 0 0 0 2 1 1 1 2 0 0 1 2 1 2 2 1 2 1 0 0 2 2
-1.78460195325371 0.0119989032703826 -0.419516720877907 -1.27740305797112 0.847500011707537 1 1 2 1 2 1 0 0 1 0 2 0 1 1 0 1 2 1 1 2 2 0 1 0 0 0 1 2 2 2 2 0 0 0 0 1 2 2 2 2 0 1 0 2 1 1 2 1 2 2 1 2 0 1 0 0 2 1 0 0 1 0 2 0 0 1 1 2 0 2 1 1 0 1 2 1 1 0 0 1 2 0 1 1 0 1 1 1 1 1 2 1 2 2 2 2 2 0 0 2 2 1 2 1 2 1 0 0 1 0 2 0 1 1 0 1 2 1 1 2 2 0 1 0 0 0 1 2 2 2 2 0 0 0 0 1 2 2 2 2 0 1 0 2 1 1 2 1 2 2 1 2 0 1 0 0 2 1 0 0 1 0 2 0 0 1 1 2 0 2 1 1 0 1 2 1 1 0 0 1 2 0 1 1 0 1 1 1 1 1 2 1 2 2 2 2 2 0 0 2 2
-0.33023188251164 1.05670657591468 -1.52349635326478 0.828752838338202 1.03297097972966 -1 1 2 1 2 1 0 1 2 0 2 2 0 1 0 2 1 1 1 2 2 0 1 2 1 1 1 1 2 1 2 1 1 2 1 2 2 2 1 2 0 0 0 2 1 1 0 0 2 2 0 2 0 1 1 1 2 2 1 1 1 1 2 0 0 1 1 1 0 2 1 0 0 0 2 1 2 1 0 2 2 1 2 2 1 2 2 1 0 0 1 0 2 2 2 1 1 0 0 1 1 -1 -2 -1 -2 -1 0 -1 -2 0 -2 -2 0 -1 0 -2 -1 -1 -1 -2 -2 0 -1 -2 -1 -1 -1 -1 -2 -1 -2 -1 -1 -2 -1 -2 -2 -2 -1 -2 0 0 0 -2 -1 -1 0 0 -2 -2 0 -2 0 -1 -1 -1 -2 -2 -1 -1 -1 -1 -2 0 0 -1 -1 -1 0 -2 -1 0 0 0 -2 -1 -2 -1 0 -2 -2 -1 -2 -2 -1 -2 -2 -1 0 0 -1 0 -2 -2 -2 -1 -1 0 0 -1 -1
-0.382864832926022 -1.07839590673235 -0.340544901197358 -1.76768442826644 -0.971868972883163 1 0 0 1 2 1 0 1 0 0 2 2 0 0 0 1 2 1 1 1 2 0 1 1 0 1 1 2 1 0 2 2 2 2 0 2 1 1 1 0 1 0 0 2 2 2 1 2 1 2 0 2 0 2 2 1 2 0 1 1 0 0 2 0 0 2 2 2 1 2 1 1 1 1 2 2 2 0 1 2 1 0 0 1 1 1 1 0 0 0 0 0 1 2 2 2 2 1 1 2 2 0 0 1 2 1 0 1 0 0 2 2 0 0 0 1 2 1 1 1 2 0 1 1 0 1 1 2 1 0 2 2 2 2 0 2 1 1 1 0 1 0 0 2 2 2 1 2 1 2 0 2 0 2 2 1 2 0 1 1 0 0 2 0 0 2 2 2 1 2 1 1 1 1 2 2 2 0 1 2 1 0 0 1 1 1 1 0 0 0 0 0 1 2 2 2 2 1 1 2 2
0.421223316514501 0.255595138149889 -1.2467460623937 -0.374453326957338 2.30611579867605 1 2 1 1 2 2 1 1 0 0 2 0 0 1 0 1 1 1 1 1 1 0 1 2 0 0 1 2 2 1 2 1 1 2 1 2 2 1 2 0 0 0 0 2 2 1 2 0 2 2 1 2 0 1 1 0 2 1 1 1 1 0 2 2 1 2 2 2 0 1 1 1 0 0 1 0 1 1 0 1 2 1 2 1 2 2 2 0 0 1 2 2 2 2 2 1 1 0 0 1 0 2 1 1 2 2 1 1 0 0 2 0 0 1 0 1 1 1 1 1 1 0 1 2 0 0 1 2 2 1 2 1 1 2 1 2 2 1 2 0 0 0 0 2 2 1 2 0 2 2 1 2 0 1 1 0 2 1 1 1 1 0 2 2 1 2 2 2 0 1 1 1 0 0 1 0 1 1 0 1 2 1 2 1 2 2 2 0 0 1 2 2 2 2 2 1 1 0 0 1 0
-0.656441998687056 0.664847975514436 0.293775223965355 -0.0433818588112305 -1.61200214859981 -1 2 2 1 2 2 0 1 2 0 2 0 0 1 0 0 1 0 0 1 2 0 1 2 0 0 1 1 1 1 2 2 1 2 0 2 2 2 2 2 1 0 0 2 1 0 1 0 2 2 0 2 0 2 2 1 2 1 1 0 0 0 1 1 1 1 0 2 0 1 0 0 0 0 2 1 0 0 0 1 2 0 2 1 2 1 2 1 1 1 2 1 2 2 2 2 2 1 0 2 2 -2 -2 -1 -2 -2 0 -1 -2 0 -2 0 0 -1 0 0 -1 0 0 -1 -2 0 -1 -2 0 0 -1 -1 -1 -1 -2 -2 -1 -2 0 -2 -2 -2 -2 -2 -1 0 0 -2 -1 0 -1 0 -2 -2 0 -2 0 -2 -2 -1 -2 -1 -1 0 0 0 -1 -1 -1 -1 0 -2 0 -1 0 0 0 0 -2 -1 0 0 0 -1 -2 0 -2 -1 -2 -1 -2 -1 -1 -1 -2 -1 -2 -2 -2 -2 -2 -1 0 -2 -2
-0.614159142970564 1.64726620141142 -0.554144695353229 -0.275800038433962 1.42453423131817 -1 0 1 0 1 1 1 1 1 0 2 0 0 0 0 0 2 0 1 1 2 0 0 0 1 1 1 2 1 1 2 2 1 1 0 1 1 1 2 1 1 1 1 2 2 0 1 0 0 2 0 2 0 1 1 1 2 1 1 1 1 0 1 0 0 2 1 2 0 2 2 1 0 0 2 1 1 0 1 1 2 0 2 2 2 2 2 1 1 2 2 1 2 2 1 1 0 0 0 1 0 0 -1 0 -1 -1 -1 -1 -1 0 -2 0 0 0 0 0 -2 0 -1 -1 -2 0 0 0 -1 -1 -1 -2 -1 -1 -2 -2 -1 -1 0 -1 -1 -1 -2 -1 -1 -1 -1 -2 -2 0 -1 0 0 -2 0 -2 0 -1 -1 -1 -2 -1 -1 -1 -1 0 -1 0 0 -2 -1 -2 0 -2 -2 -1 0 0 -2 -1 -1 0 -1 -1 -2 0 -2 -2 -2 -2 -2 -1 -1 -2 -2 -1 -2 -2 -1 -1 0 0 0 -1 0
0.514278995314699 0.0327250610981702 0.813996523494344 -0.309610301728563 -0.898970843172099 1 0 1 0 2 2 0 1 2 0 2 0 0 0 1 0 0 0 1 1 2 0 1 2 1 1 2 2 2 1 2 1 1 2 0 1 2 2 1 1 0 1 1 0 1 0 1 0 1 2 0 2 0 1 1 0 2 1 0 0 1 0 2 0 0 0 0 2 0 1 1 0 0 0 2 1 1 0 0 1 2 0 2 2 2 2 2 0 0 0 2 2 2 2 2 2 1 1 0 2 0 0 1 0 2 2 0 1 2 0 2 0 0 0 1 0 0 0 1 1 2 0 1 2 1 1 2 2 2 1 2 1 1 2 0 1 2 2 1 1 0 1 1 0 1 0 1 0 1 2 0 2 0 1 1 0 2 1 0 0 1 0 2 0 0 0 0 2 0 1 1 0 0 0 2 1 1 0 0 1 2 0 2 2 2 2 2 0 0 0 2 2 2 2 2 2 1 1 0 2 0
2.2191332118744 0.992716261508315 -1.08243305492585 1.68072803974916 1.75869165315756 1 0 1 1 2 1 1 2 2 1 2 0 0 0 0 0 1 1 2 2 2 0 0 1 1 0 1 1 1 1 2 2 1 1 0 1 1 1 1 1 0 0 0 2 1 0 1 1 1 1 0 2 0 1 0 0 2 0 1 2 1 0 1 2 1 2 2 2 0 2 1 1 0 0 2 0 1 1 0 0 1 0 1 0 1 0 2 0 0 1 2 1 2 2 2 2 1 0 0 2 1 0 1 1 2 1 1 2 2 1 2 0 0 0 0 0 1 1 2 2 2 0 0 1 1 0 1 1 1 1 2 2 1 1 0 1 1 1 1 1 0 0 0 2 1 0 1 1 1 1 0 2 0 1 0 0 2 0 1 2 1 0 1 2 1 2 2 2 0 2 1 1 0 0 2 0 1 1 0 0 1 0 1 0 1 0 2 0 0 1 2 1 2 2 2 2 1 0 0 2 1
1.6752361988995 -1.41454689787818 1.76175233309435 0.307785387742154 1.70263150599536 1 1 1 2 2 2 1 2 1 0 2 1 0 1 0 1 2 0 1 1 2 1 1 1 0 0 0 1 2 2 2 1 1 2 0 0 2 2 2 1 1 0 0 2 2 1 1 1 2 1 1 2 0 1 1 1 2 2 0 1 1 0 1 0 0 2 2 2 1 1 1 0 0 0 2 1 2 1 0 0 0 0 2 2 2 2 2 0 1 0 1 1 2 2 2 1 1 0 0 2 2 1 1 2 2 2 1 2 1 0 2 1 0 1 0 1 2 0 1 1 2 1 1 1 0 0 0 1 2 2 2 1 1 2 0 0 2 2 2 1 1 0 0 2 2 1 1 1 2 1 1 2 0 1 1 1 2 2 0 1 1 0 1 0 0 2 2 2 1 1 1 0 0 0 2 1 2 1 0 0 0 0 2 2 2 2 2 0 1 0 1 1 2 2 2 1 1 0 0 2 2
1.36453998423256 -0.0602234504911549 -0.332873660470684 -2.33535182025471 -1.77732087860555 -1 1 1 2 2 2 0 1 2 0 2 2 2 1 1 2 2 2 2 1 2 1 2 2 1 1 2 2 2 2 2 1 1 1 0 1 2 0 1 2 1 0 1 2 2 1 1 0 0 1 1 2 0 1 1 1 2 2 1 1 0 0 2 0 1 2 2 2 1 2 1 1 0 0 2 1 0 0 1 2 2 0 1 0 0 0 2 0 0 1 2 2 2 2 1 0 2 0 0 2 2 -1 -1 -2 -2 -2 0 -1 -2 0 -2 -2 -2 -1 -1 -2 -2 -2 -2 -1 -2 -1 -2 -2 -1 -1 -2 -2 -2 -2 -2 -1 -1 -1 0 -1 -2 0 -1 -2 -1 0 -1 -2 -2 -1 -1 0 0 -1 -1 -2 0 -1 -1 -1 -2 -2 -1 -1 0 0 -2 0 -1 -2 -2 -2 -1 -2 -1 -1 0 0 -2 -1 0 0 -1 -2 -2 0 -1 0 0 0 -2 0 0 -1 -2 -2 -2 -2 -1 0 -2 0 0 -2 -2
-1.58309168098751 -2.16234486773845 -1.19899009568007 1.05707233744264 -0.0583129160108061 -1 2 2 0 2 2 1 1 2 0 2 2 1 0 0 0 0 1 0 1 2 2 1 2 1 1 1 1 2 2 2 0 1 1 0 1 2 2 1 2 1 1 1 2 1 1 1 0 1 1 1 2 0 2 0 0 2 0 1 1 2 0 2 0 0 1 1 2 1 2 1 0 0 0 1 0 1 0 0 1 1 0 2 1 1 1 2 0 0 1 2 0 2 2 2 1 2 1 0 1 1 -2 -2 0 -2 -2 -1 -1 -2 0 -2 -2 -1 0 0 0 0 -1 0 -1 -2 -2 -1 -2 -1 -1 -1 -1 -2 -2 -2 0 -1 -1 0 -1 -2 -2 -1 -2 -1 -1 -1 -2 -1 -1 -1 0 -1 -1 -1 -2 0 -2 0 0 -2 0 -1 -1 -2 0 -2 0 0 -1 -1 -2 -1 -2 -1 0 0 0 -1 0 -1 0 0 -1 -1 0 -2 -1 -1 -1 -2 0 0 -1 -2 0 -2 -2 -2 -1 -2 -1 0 -1 -1
1.79384296055949 0.0835136274711832 2.2035629480974 -0.330439444494661 1.30721970349678 -1 1 2 2 2 2 1 1 1 0 2 2 1 1 0 2 2 1 1 2 2 2 1 2 1 1 2 2 2 0 2 0 0 0 0 0 1 2 1 2 2 1 2 2 2 2 2 1 1 1 0 2 0 1 0 0 2 2 1 0 0 0 2 1 0 2 2 2 2 2 1 1 1 1 2 2 2 2 0 1 2 0 1 0 1 1 2 0 0 0 0 0 2 2 2 1 1 0 0 1 2 -1 -2 -2 -2 -2 -1 -1 -1 0 -2 -2 -1 -1 0 -2 -2 -1 -1 -2 -2 -2 -1 -2 -1 -1 -2 -2 -2 0 -2 0 0 0 0 0 -1 -2 -1 -2 -2 -1 -2 -2 -2 -2 -2 -1 -1 -1 0 -2 0 -1 0 0 -2 -2 -1 0 0 0 -2 -1 0 -2 -2 -2 -2 -2 -1 -1 -1 -1 -2 -2 -2 -2 0 -1 -2 0 -1 0 -1 -1 -2 0 0 0 0 0 -2 -2 -2 -1 -1 0 0 -1 -2
-0.160159573775778 -0.181989911695184 0.619552696251258 -0.803084018983002 1.16550406307031 1 1 0 1 2 1 0 0 2 1 2 1 1 2 1 0 1 0 1 1 1 0 1 0 0 0 1 2 2 0 2 0 0 2 1 1 2 1 1 1 1 1 2 1 1 1 1 1 2 1 1 2 0 2 1 1 2 0 1 1 1 0 2 1 1 0 0 2 1 2 2 1 0 1 2 1 2 1 0 1 1 0 2 0 0 1 2 0 0 0 2 2 2 2 2 1 1 0 0 2 2 1 0 1 2 1 0 0 2 1 2 1 1 2 1 0 1 0 1 1 1 0 1 0 0 0 1 2 2 0 2 0 0 2 1 1 2 1 1 1 1 1 2 1 1 1 1 1 2 1 1 2 0 2 1 1 2 0 1 1 1 0 2 1 1 0 0 2 1 2 2 1 0 1 2 1 2 1 0 1 1 0 2 0 0 1 2 0 0 0 2 2 2 2 2 1 1 0 0 2 2
1.22588887320873 0.624808515243171 0.749112500000102 0.475541981902075 -1.27663068822214 -1 1 1 1 2 2 1 1 2 0 2 2 1 2 0 1 2 2 1 2 2 2 0 1 0 0 1 2 2 2 2 2 1 2 0 1 2 2 1 1 0 0 0 2 1 1 1 1 2 2 1 2 0 2 2 1 2 1 1 1 1 1 1 1 0 2 1 2 0 2 2 2 1 2 2 2 2 2 0 1 1 0 2 2 2 1 2 0 0 0 1 1 2 2 2 2 1 1 1 2 2 -1 -1 -1 -2 -2 -1 -1 -2 0 -2 -2 -1 -2 0 -1 -2 -2 -1 -2 -2 -2 0 -1 0 0 -1 -2 -2 -2 -2 -2 -1 -2 0 -1 -2 -2 -1 -1 0 0 0 -2 -1 -1 -1 -1 -2 -2 -1 -2 0 -2 -2 -1 -2 -1 -1 -1 -1 -1 -1 -1 0 -2 -1 -2 0 -2 -2 -2 -1 -2 -2 -2 -2 -2 0 -1 -1 0 -2 -2 -2 -1 -2 0 0 0 -1 -1 -2 -2 -2 -2 -1 -1 -1 -2 -2
-0.450374714799255 -0.426217446343244 0.415266660752314 0.511728891370859 -0.0420798895760448 -1 0 0 0 1 2 1 1 1 0 2 1 0 1 1 2 2 1 1 1 2 0 2 2 1 0 1 2 2 2 1 0 0 1 0 1 2 0 1 1 1 0 0 2 2 2 0 0 0 0 0 2 0 1 1 0 2 2 2 2 2 1 1 0 0 1 1 1 0 2 2 1 1 1 2 0 1 0 0 1 1 0 2 0 1 1 2 0 0 0 0 0 2 2 0 0 0 0 0 2 2 0 0 0 -1 -2 -1 -1 -1 0 -2 -1 0 -1 -1 -2 -2 -1 -1 -1 -2 0 -2 -2 -1 0 -1 -2 -2 -2 -1 0 0 -1 0 -1 -2 0 -1 -1 -1 0 0 -2 -2 -2 0 0 0 0 0 -2 0 -1 -1 0 -2 -2 -2 -2 -2 -1 -1 0 0 -1 -1 -1 0 -2 -2 -1 -1 -1 -2 0 -1 0 0 -1 -1 0 -2 0 -1 -1 -2 0 0 0 0 0 -2 -2 0 0 0 0 0 -2 -2
0.605431952401333 -0.346609650557038 -0.982233148537168 -0.632870587834277 -1.50386327000405 -1 0 0 0 2 2 0 2 2 0 2 1 0 1 0 1 2 1 2 2 2 1 1 2 0 0 1 2 2 1 2 1 0 1 0 1 2 1 1 2 2 0 1 2 1 1 2 0 1 2 0 2 0 1 0 0 2 1 1 1 2 0 1 2 1 1 0 1 0 2 1 0 0 0 2 0 1 0 0 1 1 0 2 2 1 0 2 0 1 1 1 2 2 2 2 1 0 0 0 2 2 0 0 0 -2 -2 0 -2 -2 0 -2 -1 0 -1 0 -1 -2 -1 -2 -2 -2 -1 -1 -2 0 0 -1 -2 -2 -1 -2 -1 0 -1 0 -1 -2 -1 -1 -2 -2 0 -1 -2 -1 -1 -2 0 -1 -2 0 -2 0 -1 0 0 -2 -1 -1 -1 -2 0 -1 -2 -1 -1 0 -1 0 -2 -1 0 0 0 -2 0 -1 0 0 -1 -1 0 -2 -2 -1 0 -2 0 -1 -1 -1 -2 -2 -2 -2 -1 0 0 0 -2 -2
1.75074637012291 1.49650907885244 0.572302493867874 1.03962207680916 -1.16988112975557 -1 0 1 0 2 2 1 1 2 0 2 2 0 2 1 1 1 1 1 1 2 1 1 0 0 1 0 1 1 2 2 0 0 0 0 1 2 1 1 1 1 0 0 2 1 2 1 1 1 1 0 1 0 0 1 0 2 1 1 1 1 0 0 0 0 1 1 2 0 2 2 1 0 0 2 0 0 0 0 1 2 1 2 2 2 2 2 0 0 1 2 1 1 2 2 2 2 0 0 2 2 0 -1 0 -2 -2 -1 -1 -2 0 -2 -2 0 -2 -1 -1 -1 -1 -1 -1 -2 -1 -1 0 0 -1 0 -1 -1 -2 -2 0 0 0 0 -1 -2 -1 -1 -1 -1 0 0 -2 -1 -2 -1 -1 -1 -1 0 -1 0 0 -1 0 -2 -1 -1 -1 -1 0 0 0 0 -1 -1 -2 0 -2 -2 -1 0 0 -2 0 0 0 0 -1 -2 -1 -2 -2 -2 -2 -2 0 0 -1 -2 -1 -1 -2 -2 -2 -2 0 0 -2 -2
-0.964688175242006 0.273248405927369 -1.38359442252673 0.733462460595733 0.552918738400315 1 0 0 0 2 2 0 0 1 0 2 2 1 1 0 1 2 0 2 2 2 0 0 2 2 1 1 1 1 1 1 1 0 0 0 0 2 1 1 1 0 1 1 2 2 2 2 1 2 1 1 2 0 1 1 0 2 1 0 0 0 0 1 0 0 0 1 2 0 1 1 1 1 1 2 1 2 2 0 2 1 0 1 1 1 1 2 0 0 1 1 1 2 2 2 1 1 0 0 2 2 0 0 0 2 2 0 0 1 0 2 2 1 1 0 1 2 0 2 2 2 0 0 2 2 1 1 1 1 1 1 1 0 0 0 0 2 1 1 1 0 1 1 2 2 2 2 1 2 1 1 2 0 1 1 0 2 1 0 0 0 0 1 0 0 0 1 2 0 1 1 1 1 1 2 1 2 2 0 2 1 0 1 1 1 1 2 0 0 1 1 1 2 2 2 1 1 0 0 2 2
1.36356471898562 0.623610269387217 0.982130611159848 0.77405719125254 0.540620908310713 1 1 1 1 2 1 0 0 1 0 2 1 1 0 0 0 1 0 0 1 2 1 1 2 2 2 2 1 2 2 2 1 0 1 0 1 2 2 2 2 2 1 0 2 0 0 1 0 1 1 0 2 0 2 1 0 2 0 2 2 1 0 1 0 0 1 1 2 1 2 1 1 0 1 2 0 2 2 0 1 2 0 2 2 1 1 2 0 1 1 1 1 2 2 2 1 1 0 0 2 2 1 1 1 2 1 0 0 1 0 2 1 1 0 0 0 1 0 0 1 2 1 1 2 2 2 2 1 2 2 2 1 0 1 0 1 2 2 2 2 2 1 0 2 0 0 1 0 1 1 0 2 0 2 1 0 2 0 2 2 1 0 1 0 0 1 1 2 1 2 1 1 0 1 2 0 2 2 0 1 2 0 2 2 1 1 2 0 1 1 1 1 2 2 2 1 1 0 0 2 2
-1.03994731675921 -1.26958948236817 1.19094990863968 0.839308294885412 1.14465763784738 1 0 0 0 2 1 0 0 1 0 2 2 0 0 1 1 1 0 0 2 2 0 1 0 0 0 0 2 2 2 2 1 1 1 0 1 2 1 0 0 2 2 1 2 2 1 1 1 2 2 0 2 0 1 0 0 1 0 0 0 0 0 2 1 0 2 2 2 0 2 0 0 0 0 2 1 2 1 0 0 1 0 2 2 2 2 2 1 1 0 0 0 2 2 2 2 2 1 0 2 1 0 0 0 2 1 0 0 1 0 2 2 0 0 1 1 1 0 0 2 2 0 1 0 0 0 0 2 2 2 2 1 1 1 0 1 2 1 0 0 2 2 1 2 2 1 1 1 2 2 0 2 0 1 0 0 1 0 0 0 0 0 2 1 0 2 2 2 0 2 0 0 0 0 2 1 2 1 0 0 1 0 2 2 2 2 2 1 1 0 0 0 2 2 2 2 2 1 0 2 1
-2.22831738812178 1.0150842800108 0.143793418246014 0.854427889093635 1.61954860852958 1 0 1 0 2 1 1 1 2 0 2 2 1 1 0 1 2 2 2 1 2 1 1 1 1 0 2 2 2 2 2 2 1 2 0 2 1 0 0 0 1 1 1 2 1 1 1 0 0 0 0 2 0 2 0 0 1 0 0 0 1 1 1 0 0 1 1 2 0 1 1 0 0 0 0 0 0 0 0 0 0 0 2 1 1 2 2 1 1 1 1 0 2 2 2 1 1 0 0 2 2 0 1 0 2 1 1 1 2 0 2 2 1 1 0 1 2 2 2 1 2 1 1 1 1 0 2 2 2 2 2 2 1 2 0 2 1 0 0 0 1 1 1 2 1 1 1 0 0 0 0 2 0 2 0 0 1 0 0 0 1 1 1 0 0 1 1 2 0 1 1 0 0 0 0 0 0 0 0 0 0 0 2 1 1 2 2 1 1 1 1 0 2 2 2 1 1 0 0 2 2
1.88185810672486 1.07776050298602 0.406197926373894 -1.38276444017421 -0.626606847526278 1 0 0 0 1 1 1 0 1 0 2 1 1 0 0 1 2 1 0 2 2 1 0 0 0 0 0 1 1 1 2 1 1 1 0 0 1 2 1 1 0 0 0 2 0 0 0 1 1 1 0 2 0 2 0 0 2 0 0 1 0 0 1 0 0 2 1 2 0 2 1 1 1 0 2 2 2 1 0 1 2 1 2 2 2 2 2 0 0 1 2 1 2 2 2 1 1 0 0 2 2 0 0 0 1 1 1 0 1 0 2 1 1 0 0 1 2 1 0 2 2 1 0 0 0 0 0 1 1 1 2 1 1 1 0 0 1 2 1 1 0 0 0 2 0 0 0 1 1 1 0 2 0 2 0 0 2 0 0 1 0 0 1 0 0 2 1 2 0 2 1 1 1 0 2 2 2 1 0 1 2 1 2 2 2 2 2 0 0 1 2 1 2 2 2 1 1 0 0 2 2
1.1257982777734 1.69268254272325 -0.458588937629883 -0.653276639698414 1.41672412058066 -1 0 0 0 0 1 0 0 1 0 2 0 0 0 0 0 2 0 1 0 1 0 1 2 2 2 2 2 2 2 2 1 2 1 0 1 2 2 2 1 1 0 1 2 1 1 0 1 1 1 0 1 0 1 1 1 2 1 1 1 0 0 2 1 1 2 1 2 0 2 1 0 0 1 2 1 1 1 0 0 1 0 1 0 2 2 2 0 0 1 1 1 1 2 2 1 1 1 0 1 1 0 0 0 0 -1 0 0 -1 0 -2 0 0 0 0 0 -2 0 -1 0 -1 0 -1 -2 -2 -2 -2 -2 -2 -2 -2 -1 -2 -1 0 -1 -2 -2 -2 -1 -1 0 -1 -2 -1 -1 0 -1 -1 -1 0 -1 0 -1 -1 -1 -2 -1 -1 -1 0 0 -2 -1 -1 -2 -1 -2 0 -2 -1 0 0 -1 -2 -1 -1 -1 0 0 -1 0 -1 0 -2 -2 -2 0 0 -1 -1 -1 -1 -2 -2 -1 -1 -1 0 -1 -1
-2.2340155523269 -0.0710589690526087 -0.263505676589761 -0.00368767580138448 -1.56583779735885 -1 1 1 0 2 2 1 1 2 0 2 2 0 0 0 2 2 2 2 1 1 0 0 1 1 1 1 2 2 1 2 1 0 0 0 2 1 1 1 0 0 0 0 2 2 2 2 1 2 1 0 2 0 2 2 2 2 2 2 2 1 0 1 1 0 1 1 2 1 2 2 2 2 1 2 1 1 1 0 1 1 0 1 2 2 1 2 1 2 2 1 1 2 2 2 1 1 0 0 2 2 -1 -1 0 -2 -2 -1 -1 -2 0 -2 -2 0 0 0 -2 -2 -2 -2 -1 -1 0 0 -1 -1 -1 -1 -2 -2 -1 -2 -1 0 0 0 -2 -1 -1 -1 0 0 0 0 -2 -2 -2 -2 -1 -2 -1 0 -2 0 -2 -2 -2 -2 -2 -2 -2 -1 0 -1 -1 0 -1 -1 -2 -1 -2 -2 -2 -2 -1 -2 -1 -1 -1 0 -1 -1 0 -1 -2 -2 -1 -2 -1 -2 -2 -1 -1 -2 -2 -2 -1 -1 0 0 -2 -2
-1.58808721890338 -1.05862768549011 -0.88797211613089 2.52361412818077 -1.12324955447295 -1 1 2 2 2 2 0 1 2 0 2 2 0 0 0 0 1 1 1 2 2 1 2 2 1 0 1 2 2 2 2 1 1 1 0 2 1 2 1 1 2 2 1 2 1 0 1 2 2 2 0 2 0 2 1 0 2 1 1 1 1 0 1 1 0 1 1 1 0 2 2 1 0 0 2 2 2 0 0 2 2 0 2 2 1 0 2 0 0 0 0 0 2 2 2 1 1 1 0 2 2 -1 -2 -2 -2 -2 0 -1 -2 0 -2 -2 0 0 0 0 -1 -1 -1 -2 -2 -1 -2 -2 -1 0 -1 -2 -2 -2 -2 -1 -1 -1 0 -2 -1 -2 -1 -1 -2 -2 -1 -2 -1 0 -1 -2 -2 -2 0 -2 0 -2 -1 0 -2 -1 -1 -1 -1 0 -1 -1 0 -1 -1 -1 0 -2 -2 -1 0 0 -2 -2 -2 0 0 -2 -2 0 -2 -2 -1 0 -2 0 0 0 0 0 -2 -2 -2 -1 -1 -1 0 -2 -2
-0.914540338342557 -0.592620193441428 0.512165463938287 0.412590099394588 -1.35044040065376 -1 0 1 1 2 2 2 2 2 1 2 1 0 0 0 0 1 1 2 1 1 2 2 2 0 0 1 2 2 2 2 1 1 2 0 1 1 0 0 0 0 1 0 2 2 2 1 1 2 1 1 2 0 2 1 1 2 2 0 0 1 0 1 0 0 1 2 2 0 2 2 1 0 0 2 1 2 1 0 1 2 1 2 2 2 1 2 1 1 2 2 1 1 2 2 2 1 0 1 2 2 0 -1 -1 -2 -2 -2 -2 -2 -1 -2 -1 0 0 0 0 -1 -1 -2 -1 -1 -2 -2 -2 0 0 -1 -2 -2 -2 -2 -1 -1 -2 0 -1 -1 0 0 0 0 -1 0 -2 -2 -2 -1 -1 -2 -1 -1 -2 0 -2 -1 -1 -2 -2 0 0 -1 0 -1 0 0 -1 -2 -2 0 -2 -2 -1 0 0 -2 -1 -2 -1 0 -1 -2 -1 -2 -2 -2 -1 -2 -1 -1 -2 -2 -1 -1 -2 -2 -2 -1 0 -1 -2 -2
1.08824497111034 -0.699253976407928 0.634134467429437 0.953809205190006 -1.08826305329705 1 0 1 0 1 2 0 1 1 0 2 1 2 2 1 1 2 2 2 2 2 2 1 2 1 1 2 2 1 1 2 1 1 1 0 1 1 1 1 1 1 1 1 1 2 1 0 1 1 0 0 2 0 1 0 0 2 1 1 0 1 1 1 0 0 2 2 2 0 2 2 1 0 0 2 1 0 1 0 0 2 0 1 1 1 1 1 0 1 2 1 1 2 2 1 2 1 0 0 2 2 0 1 0 1 2 0 1 1 0 2 1 2 2 1 1 2 2 2 2 2 2 1 2 1 1 2 2 1 1 2 1 1 1 0 1 1 1 1 1 1 1 1 1 2 1 0 1 1 0 0 2 0 1 0 0 2 1 1 0 1 1 1 0 0 2 2 2 0 2 2 1 0 0 2 1 0 1 0 0 2 0 1 1 1 1 1 0 1 2 1 1 2 2 1 2 1 0 0 2 2
-0.15938628573957 -0.0534204531914953 -1.45825181889296 1.57573226166662 1.93627588635419 1 0 0 0 2 1 1 1 2 1 2 1 0 1 0 0 0 0 0 1 2 0 0 0 0 0 1 1 2 1 1 1 1 2 0 1 1 1 2 1 1 0 0 1 1 2 2 1 1 1 0 2 0 1 0 0 2 2 2 1 1 1 1 0 0 1 2 2 0 1 1 0 0 0 2 1 1 0 0 0 0 0 2 1 0 2 2 1 1 1 2 1 2 2 2 1 1 0 0 2 1 0 0 0 2 1 1 1 2 1 2 1 0 1 0 0 0 0 0 1 2 0 0 0 0 0 1 1 2 1 1 1 1 2 0 1 1 1 2 1 1 0 0 1 1 2 2 1 1 1 0 2 0 1 0 0 2 2 2 1 1 1 1 0 0 1 2 2 0 1 1 0 0 0 2 1 1 0 0 0 0 0 2 1 0 2 2 1 1 1 2 1 2 2 2 1 1 0 0 2 1
2.02920560184183 -1.54588811286205 -1.76037275060173 0.121891861609709 0.590658621111153 1 0 0 0 1 1 1 1 2 0 2 2 0 0 0 1 2 1 1 2 2 2 1 1 0 1 2 2 2 1 1 0 0 2 0 1 2 2 1 1 2 1 0 2 1 1 2 1 1 2 1 2 0 2 1 0 2 1 1 0 1 0 1 0 0 1 0 2 0 2 2 1 1 2 2 1 1 2 0 0 1 1 2 0 2 2 2 0 1 1 2 0 2 2 2 2 2 0 0 2 2 0 0 0 1 1 1 1 2 0 2 2 0 0 0 1 2 1 1 2 2 2 1 1 0 1 2 2 2 1 1 0 0 2 0 1 2 2 1 1 2 1 0 2 1 1 2 1 1 2 1 2 0 2 1 0 2 1 1 0 1 0 1 0 0 1 0 2 0 2 2 1 1 2 2 1 1 2 0 0 1 1 2 0 2 2 2 0 1 1 2 0 2 2 2 2 2 0 0 2 2
1.11808764340413 -0.668439755677752 1.18453290942267 -0.228618351728069 1.02994432554264 1 1 2 1 2 2 2 1 1 0 2 1 0 1 0 0 0 0 0 2 2 0 1 1 0 1 1 1 2 2 2 0 1 2 0 0 1 0 1 1 1 1 2 2 2 2 1 0 0 1 0 2 0 1 1 1 2 1 1 2 2 0 2 1 0 1 1 2 0 1 2 1 0 0 2 1 2 2 0 2 2 0 2 1 2 2 2 1 1 1 1 0 2 2 1 0 0 0 0 2 2 1 2 1 2 2 2 1 1 0 2 1 0 1 0 0 0 0 0 2 2 0 1 1 0 1 1 1 2 2 2 0 1 2 0 0 1 0 1 1 1 1 2 2 2 2 1 0 0 1 0 2 0 1 1 1 2 1 1 2 2 0 2 1 0 1 1 2 0 1 2 1 0 0 2 1 2 2 0 2 2 0 2 1 2 2 2 1 1 1 1 0 2 2 1 0 0 0 0 2 2
0.857994992894257 -0.567732265693059 1.16580362738859 2.19060787175006 -0.592413802756673 1 1 2 0 2 1 0 0 0 0 2 2 1 0 0 0 1 1 1 2 2 0 1 1 1 2 2 2 2 2 2 2 2 2 1 1 1 1 1 1 0 1 1 2 2 1 1 0 1 1 0 2 0 1 1 1 2 2 2 1 0 0 1 1 0 2 1 2 2 2 2 1 1 0 2 2 1 1 0 0 0 0 2 1 1 1 2 1 0 1 2 1 2 2 1 2 1 0 0 1 1 1 2 0 2 1 0 0 0 0 2 2 1 0 0 0 1 1 1 2 2 0 1 1 1 2 2 2 2 2 2 2 2 2 1 1 1 1 1 1 0 1 1 2 2 1 1 0 1 1 0 2 0 1 1 1 2 2 2 1 0 0 1 1 0 2 1 2 2 2 2 1 1 0 2 2 1 1 0 0 0 0 2 1 1 1 2 1 0 1 2 1 2 2 1 2 1 0 0 1 1
-0.815099028062291 -0.293946908288205 -0.370548829898451 0.586221808351462 1.16397634770304 1 1 2 1 1 2 0 1 0 0 2 1 1 0 0 0 2 0 2 2 2 1 0 2 1 2 1 1 1 1 1 1 1 1 0 0 2 2 2 1 1 1 1 2 1 2 1 0 1 2 0 2 0 1 1 1 2 1 1 2 1 0 1 0 0 1 1 1 0 2 2 0 0 0 1 1 2 1 0 0 2 0 1 1 1 1 2 1 1 1 2 2 2 2 2 0 0 0 0 2 1 1 2 1 1 2 0 1 0 0 2 1 1 0 0 0 2 0 2 2 2 1 0 2 1 2 1 1 1 1 1 1 1 1 0 0 2 2 2 1 1 1 1 2 1 2 1 0 1 2 0 2 0 1 1 1 2 1 1 2 1 0 1 0 0 1 1 1 0 2 2 0 0 0 1 1 2 1 0 0 2 0 1 1 1 1 2 1 1 1 2 2 2 2 2 0 0 0 0 2 1
-0.643312718003252 -0.202734705950123 -1.43492113837704 -0.81841952162184 -0.650575593773377 -1 1 1 0 1 1 1 0 1 1 2 2 2 2 0 1 2 1 1 2 2 0 1 2 0 0 0 1 0 0 2 0 1 2 1 2 2 1 1 1 1 1 1 2 2 0 1 1 2 0 1 2 0 1 1 0 1 0 0 0 2 0 1 0 0 0 2 2 0 2 2 1 0 0 2 0 0 0 0 0 0 0 1 1 1 0 2 0 0 1 1 1 2 2 2 2 1 0 0 2 2 -1 -1 0 -1 -1 -1 0 -1 -1 -2 -2 -2 -2 0 -1 -2 -1 -1 -2 -2 0 -1 -2 0 0 0 -1 0 0 -2 0 -1 -2 -1 -2 -2 -1 -1 -1 -1 -1 -1 -2 -2 0 -1 -1 -2 0 -1 -2 0 -1 -1 0 -1 0 0 0 -2 0 -1 0 0 0 -2 -2 0 -2 -2 -1 0 0 -2 0 0 0 0 0 0 0 -1 -1 -1 0 -2 0 0 -1 -1 -1 -2 -2 -2 -2 -1 0 0 -2 -2
-0.100182818189799 -0.287537537280106 -0.438042635116047 0.119144963281743 -0.0171604126064487 -1 1 1 0 2 2 0 1 1 0 2 0 1 1 0 1 2 1 2 2 2 1 0 2 1 1 2 2 2 2 2 2 2 2 1 2 2 2 2 0 0 1 1 2 1 1 1 0 1 1 0 2 0 0 0 0 2 1 1 1 2 1 1 0 0 1 0 2 0 1 1 1 0 0 2 1 2 0 0 1 2 0 2 2 2 1 2 0 0 0 2 1 1 2 1 1 1 0 0 1 2 -1 -1 0 -2 -2 0 -1 -1 0 -2 0 -1 -1 0 -1 -2 -1 -2 -2 -2 -1 0 -2 -1 -1 -2 -2 -2 -2 -2 -2 -2 -2 -1 -2 -2 -2 -2 0 0 -1 -1 -2 -1 -1 -1 0 -1 -1 0 -2 0 0 0 0 -2 -1 -1 -1 -2 -1 -1 0 0 -1 0 -2 0 -1 -1 -1 0 0 -2 -1 -2 0 0 -1 -2 0 -2 -2 -2 -1 -2 0 0 0 -2 -1 -1 -2 -1 -1 -1 0 0 -1 -2
-0.591716241010896 -1.00369375535511 -1.9661944836486 0.297489211421469 1.89289360701242 -1 0 0 0 2 2 1 1 2 1 2 1 0 0 0 1 1 0 1 2 2 0 1 2 1 0 2 2 2 1 2 1 1 1 0 1 2 1 1 2 0 1 1 2 0 1 2 1 1 2 1 2 0 1 0 0 1 0 0 0 0 0 2 0 0 1 2 2 0 2 1 0 0 0 1 0 1 1 0 2 2 1 2 1 1 1 2 0 0 0 1 1 2 2 2 2 1 0 1 2 2 0 0 0 -2 -2 -1 -1 -2 -1 -2 -1 0 0 0 -1 -1 0 -1 -2 -2 0 -1 -2 -1 0 -2 -2 -2 -1 -2 -1 -1 -1 0 -1 -2 -1 -1 -2 0 -1 -1 -2 0 -1 -2 -1 -1 -2 -1 -2 0 -1 0 0 -1 0 0 0 0 0 -2 0 0 -1 -2 -2 0 -2 -1 0 0 0 -1 0 -1 -1 0 -2 -2 -1 -2 -1 -1 -1 -2 0 0 0 -1 -1 -2 -2 -2 -2 -1 0 -1 -2 -2
0.349501355311819 0.947699348238983 0.358247726025107 0.272135621845589 0.278487389673345 1 1 2 0 2 2 1 1 2 1 2 1 0 1 1 1 2 1 1 2 2 0 2 2 2 1 1 2 2 2 2 1 1 1 0 2 2 2 1 1 0 0 0 2 2 2 1 0 1 2 0 2 0 1 0 0 2 0 1 2 1 0 1 0 0 1 0 2 1 2 1 1 0 0 2 1 1 0 0 1 1 0 0 1 2 2 2 1 1 2 2 2 2 2 2 1 1 0 0 2 2 1 2 0 2 2 1 1 2 1 2 1 0 1 1 1 2 1 1 2 2 0 2 2 2 1 1 2 2 2 2 1 1 1 0 2 2 2 1 1 0 0 0 2 2 2 1 0 1 2 0 2 0 1 0 0 2 0 1 2 1 0 1 0 0 1 0 2 1 2 1 1 0 0 2 1 1 0 0 1 1 0 0 1 2 2 2 1 1 2 2 2 2 2 2 1 1 0 0 2 2
0.171807335700639 -0.795656519822307 -0.0672640199148725 0.673445121088127 -0.377911345654507 -1 0 0 0 1 1 0 0 0 0 1 2 1 1 0 1 2 1 2 1 1 0 0 2 0 0 1 2 2 2 2 1 2 2 1 2 1 0 0 1 2 2 1 2 2 2 1 1 2 1 0 2 0 1 0 0 2 0 0 1 0 0 1 1 0 1 1 2 0 2 2 2 0 0 2 2 2 2 0 1 1 1 1 0 2 2 2 0 0 1 1 1 2 2 2 1 2 0 0 2 2 0 0 0 -1 -1 0 0 0 0 -1 -2 -1 -1 0 -1 -2 -1 -2 -1 -1 0 0 -2 0 0 -1 -2 -2 -2 -2 -1 -2 -2 -1 -2 -1 0 0 -1 -2 -2 -1 -2 -2 -2 -1 -1 -2 -1 0 -2 0 -1 0 0 -2 0 0 -1 0 0 -1 -1 0 -1 -1 -2 0 -2 -2 -2 0 0 -2 -2 -2 -2 0 -1 -1 -1 -1 0 -2 -2 -2 0 0 -1 -1 -1 -2 -2 -2 -1 -2 0 0 -2 -2
-0.587028399497727 0.0569156464228922 -0.738767522474653 0.97872246275243 0.844428952271098 -1 0 0 1 2 2 1 0 2 1 2 2 1 0 0 1 2 1 2 2 2 0 1 1 0 1 2 2 2 1 2 2 2 2 0 0 1 1 1 2 1 0 1 2 2 2 2 2 2 2 1 2 0 1 1 0 1 0 0 1 1 0 1 0 0 1 2 2 0 1 1 1 0 0 2 1 2 0 0 1 2 2 2 2 2 2 2 0 0 1 2 1 2 2 2 2 1 0 0 2 2 0 0 -1 -2 -2 -1 0 -2 -1 -2 -2 -1 0 0 -1 -2 -1 -2 -2 -2 0 -1 -1 0 -1 -2 -2 -2 -1 -2 -2 -2 -2 0 0 -1 -1 -1 -2 -1 0 -1 -2 -2 -2 -2 -2 -2 -2 -1 -2 0 -1 -1 0 -1 0 0 -1 -1 0 -1 0 0 -1 -2 -2 0 -1 -1 -1 0 0 -2 -1 -2 0 0 -1 -2 -2 -2 -2 -2 -2 -2 0 0 -1 -2 -1 -2 -2 -2 -2 -1 0 0 -2 -2
0.197894572921939 1.26488259057794 -0.536907969306536 0.13673261149443 -0.811321439223354 -1 1 1 1 2 1 1 1 2 1 2 2 0 0 0 1 2 1 1 1 2 0 0 1 1 1 2 2 2 2 2 1 0 2 0 0 0 1 1 1 1 0 0 2 2 1 1 1 1 2 0 2 1 2 2 1 2 1 0 1 1 0 2 1 0 0 0 1 0 1 1 0 0 0 1 0 1 0 0 1 2 0 1 1 2 1 2 0 0 1 2 1 2 2 1 2 2 1 0 2 2 -1 -1 -1 -2 -1 -1 -1 -2 -1 -2 -2 0 0 0 -1 -2 -1 -1 -1 -2 0 0 -1 -1 -1 -2 -2 -2 -2 -2 -1 0 -2 0 0 0 -1 -1 -1 -1 0 0 -2 -2 -1 -1 -1 -1 -2 0 -2 -1 -2 -2 -1 -2 -1 0 -1 -1 0 -2 -1 0 0 0 -1 0 -1 -1 0 0 0 -1 0 -1 0 0 -1 -2 0 -1 -1 -2 -1 -2 0 0 -1 -2 -1 -2 -2 -1 -2 -2 -1 0 -2 -2
0.274050645105137 0.124124486042793 0.868545714239789 0.328019938600276 -0.323474319904848 -1 1 0 0 2 2 0 1 1 0 2 1 0 1 0 1 2 2 1 1 2 2 0 2 0 0 2 2 2 1 1 0 1 2 0 2 2 1 2 2 0 1 2 2 2 0 1 1 2 1 2 2 0 2 1 1 1 2 2 1 2 1 2 0 0 2 1 2 1 2 2 1 2 1 2 1 2 2 0 1 1 0 1 1 2 2 2 1 0 0 1 1 2 2 2 1 1 0 0 2 1 -1 0 0 -2 -2 0 -1 -1 0 -2 -1 0 -1 0 -1 -2 -2 -1 -1 -2 -2 0 -2 0 0 -2 -2 -2 -1 -1 0 -1 -2 0 -2 -2 -1 -2 -2 0 -1 -2 -2 -2 0 -1 -1 -2 -1 -2 -2 0 -2 -1 -1 -1 -2 -2 -1 -2 -1 -2 0 0 -2 -1 -2 -1 -2 -2 -1 -2 -1 -2 -1 -2 -2 0 -1 -1 0 -1 -1 -2 -2 -2 -1 0 0 -1 -1 -2 -2 -2 -1 -1 0 0 -2 -1
0.864825026935121 0.859877437318229 1.41701758293554 -0.357934711939803 0.549066302420612 -1 1 1 1 2 2 1 2 1 0 2 2 0 1 0 0 1 1 2 1 2 0 1 2 2 2 2 2 2 1 2 1 1 1 0 2 2 2 2 2 1 1 0 2 1 0 0 0 0 2 0 2 0 0 0 0 2 0 0 0 0 0 0 0 0 1 1 1 0 1 2 1 0 0 1 1 1 2 0 0 1 0 2 1 1 0 2 2 1 1 2 2 2 2 2 1 2 0 1 2 2 -1 -1 -1 -2 -2 -1 -2 -1 0 -2 -2 0 -1 0 0 -1 -1 -2 -1 -2 0 -1 -2 -2 -2 -2 -2 -2 -1 -2 -1 -1 -1 0 -2 -2 -2 -2 -2 -1 -1 0 -2 -1 0 0 0 0 -2 0 -2 0 0 0 0 -2 0 0 0 0 0 0 0 0 -1 -1 -1 0 -1 -2 -1 0 0 -1 -1 -1 -2 0 0 -1 0 -2 -1 -1 0 -2 -2 -1 -1 -2 -2 -2 -2 -2 -1 -2 0 -1 -2 -2
0.219864753245205 -0.878041217185845 -0.738389552382688 0.813764443485448 0.272943627455203 -1 1 1 1 2 2 0 0 1 0 2 2 2 2 1 2 2 0 0 1 1 0 1 1 0 0 1 2 1 1 2 2 1 1 0 0 2 1 1 1 0 0 0 2 0 1 1 1 2 2 1 2 0 2 0 0 1 0 0 1 1 0 1 0 0 1 0 1 1 2 1 2 1 1 2 1 2 2 1 2 2 1 2 1 1 1 2 1 1 1 1 0 2 2 2 1 0 0 0 1 1 -1 -1 -1 -2 -2 0 0 -1 0 -2 -2 -2 -2 -1 -2 -2 0 0 -1 -1 0 -1 -1 0 0 -1 -2 -1 -1 -2 -2 -1 -1 0 0 -2 -1 -1 -1 0 0 0 -2 0 -1 -1 -1 -2 -2 -1 -2 0 -2 0 0 -1 0 0 -1 -1 0 -1 0 0 -1 0 -1 -1 -2 -1 -2 -1 -1 -2 -1 -2 -2 -1 -2 -2 -1 -2 -1 -1 -1 -2 -1 -1 -1 -1 0 -2 -2 -2 -1 0 0 0 -1 -1
-0.156572074784068 -0.316164875501441 -1.24115772770073 -1.16407682420736 1.24343785348163 -1 1 1 0 0 1 0 1 2 1 2 1 0 1 0 0 0 1 2 2 2 1 1 2 1 2 2 2 2 1 2 1 2 2 0 2 2 1 1 1 0 1 2 2 1 1 1 0 1 2 1 2 0 1 1 0 1 0 0 1 0 1 0 0 0 1 0 2 0 2 1 1 1 1 2 1 2 2 0 2 2 0 2 2 1 1 2 0 0 0 2 1 2 2 1 2 1 2 1 2 2 -1 -1 0 0 -1 0 -1 -2 -1 -2 -1 0 -1 0 0 0 -1 -2 -2 -2 -1 -1 -2 -1 -2 -2 -2 -2 -1 -2 -1 -2 -2 0 -2 -2 -1 -1 -1 0 -1 -2 -2 -1 -1 -1 0 -1 -2 -1 -2 0 -1 -1 0 -1 0 0 -1 0 -1 0 0 0 -1 0 -2 0 -2 -1 -1 -1 -1 -2 -1 -2 -2 0 -2 -2 0 -2 -2 -1 -1 -2 0 0 0 -2 -1 -2 -2 -1 -2 -1 -2 -1 -2 -2
0.247030964087992 0.418265469506496 -0.0283524809689761 -1.51206774922054 2.00470514329959 1 2 2 0 2 2 1 1 2 0 2 2 1 2 1 1 2 1 1 1 1 0 1 1 1 1 1 1 2 1 2 2 2 2 1 2 2 2 2 2 2 1 2 2 1 1 1 0 2 2 0 2 0 2 1 0 1 1 1 1 1 0 2 1 1 1 1 1 0 2 1 1 0 1 2 1 1 0 0 1 1 1 2 0 1 1 2 1 1 1 2 1 2 2 2 0 0 0 0 1 2 2 2 0 2 2 1 1 2 0 2 2 1 2 1 1 2 1 1 1 1 0 1 1 1 1 1 1 2 1 2 2 2 2 1 2 2 2 2 2 2 1 2 2 1 1 1 0 2 2 0 2 0 2 1 0 1 1 1 1 1 0 2 1 1 1 1 1 0 2 1 1 0 1 2 1 1 0 0 1 1 1 2 0 1 1 2 1 1 1 2 1 2 2 2 0 0 0 0 1 2
-0.131447993523389 -1.32278619573738 1.00608798184849 -0.573543123227939 0.994605862008684 1 1 1 1 1 1 1 1 2 0 2 2 0 1 1 2 2 2 2 2 2 2 0 1 0 1 1 2 2 1 2 1 2 1 0 1 1 1 1 0 0 1 0 2 2 2 2 2 2 2 1 2 0 2 0 0 1 1 1 0 1 1 1 0 0 2 1 2 0 2 2 1 1 1 1 1 2 1 0 1 2 0 0 0 0 0 2 1 2 2 2 1 2 2 2 0 1 0 0 2 0 1 1 1 1 1 1 1 2 0 2 2 0 1 1 2 2 2 2 2 2 2 0 1 0 1 1 2 2 1 2 1 2 1 0 1 1 1 1 0 0 1 0 2 2 2 2 2 2 2 1 2 0 2 0 0 1 1 1 0 1 1 1 0 0 2 1 2 0 2 2 1 1 1 1 1 2 1 0 1 2 0 0 0 0 0 2 1 2 2 2 1 2 2 2 0 1 0 0 2 0
