1.28928639463194 0.775131800117094 0.130600251021404 0.553619160362877 -0.138817372382554 -1 1 0 2 2 0 1 0 0 2 2 2 2 1 2 0 0 0 0 1 1 1 1 2 1 1 1 2 2 0 1 1 0 0 0 1 2 1 1 2 0 2 1 1 1 0 1 1 1 2 1 1 0 2 0 0 0 0 1 1 0 0 2 0 1 0 0 2 1 1 0 2 1 2 2 2 2 2 2 2 0 2 2 0 2 0 1 1 1 1 0 0 0 0 0 0 0 1 1 0 1 -1 0 -2 -2 0 -1 0 0 -2 -2 -2 -2 -1 -2 0 0 0 0 -1 -1 -1 -1 -2 -1 -1 -1 -2 -2 0 -1 -1 0 0 0 -1 -2 -1 -1 -2 0 -2 -1 -1 -1 0 -1 -1 -1 -2 -1 -1 0 -2 0 0 0 0 -1 -1 0 0 -2 0 -1 0 0 -2 -1 -1 0 -2 -1 -2 -2 -2 -2 -2 -2 -2 0 -2 -2 0 -2 0 -1 -1 -1 -1 0 0 0 0 0 0 0 -1 -1 0 -1
0.724950735004642 -2.13510457055785 0.707840473811309 -1.58611053095822 -0.912992141130515 -1 0 0 1 1 1 1 0 1 2 2 0 2 0 1 0 1 0 1 2 2 2 1 2 0 1 2 2 2 0 0 1 0 0 1 0 2 0 2 2 0 2 1 1 1 0 1 1 1 2 0 1 1 2 0 0 0 1 2 2 1 0 2 0 1 0 0 2 2 1 1 2 1 2 2 2 2 2 2 0 0 2 2 0 1 0 2 1 1 1 0 1 0 1 2 0 1 1 1 0 0 0 0 -1 -1 -1 -1 0 -1 -2 -2 0 -2 0 -1 0 -1 0 -1 -2 -2 -2 -1 -2 0 -1 -2 -2 -2 0 0 -1 0 0 -1 0 -2 0 -2 -2 0 -2 -1 -1 -1 0 -1 -1 -1 -2 0 -1 -1 -2 0 0 0 -1 -2 -2 -1 0 -2 0 -1 0 0 -2 -2 -1 -1 -2 -1 -2 -2 -2 -2 -2 -2 0 0 -2 -2 0 -1 0 -2 -1 -1 -1 0 -1 0 -1 -2 0 -1 -1 -1 0 0
1.92876290117156 -0.223489170028616 -0.822730493624273 -1.13867669782726 -2.30955858059138 -1 1 1 2 2 1 2 1 0 1 0 0 2 1 2 0 0 0 0 0 0 0 0 2 0 1 1 1 0 0 2 1 0 0 2 2 2 2 2 2 1 2 1 0 1 1 1 1 1 2 1 1 0 2 0 0 0 2 2 2 2 0 2 0 1 0 0 2 1 2 1 2 2 2 2 2 2 2 2 2 0 2 2 0 1 1 1 0 0 1 0 0 1 1 2 0 0 2 2 0 1 -1 -1 -2 -2 -1 -2 -1 0 -1 0 0 -2 -1 -2 0 0 0 0 0 0 0 0 -2 0 -1 -1 -1 0 0 -2 -1 0 0 -2 -2 -2 -2 -2 -2 -1 -2 -1 0 -1 -1 -1 -1 -1 -2 -1 -1 0 -2 0 0 0 -2 -2 -2 -2 0 -2 0 -1 0 0 -2 -1 -2 -1 -2 -2 -2 -2 -2 -2 -2 -2 -2 0 -2 -2 0 -1 -1 -1 0 0 -1 0 0 -1 -1 -2 0 0 -2 -2 0 -1
0.748372159308737 0.497764846630196 -0.0621705009676739 -1.19021384655231 1.18999543725658 1 0 0 2 0 1 1 0 0 1 1 0 2 0 2 0 1 0 0 0 0 0 0 2 0 1 2 1 2 1 2 1 0 1 0 2 2 1 2 2 1 2 2 1 1 0 0 1 1 1 1 1 0 2 1 0 0 2 2 2 2 0 1 0 1 0 0 2 1 1 0 1 0 2 2 2 2 2 2 2 0 2 1 0 2 0 2 1 1 2 0 1 1 0 1 0 0 1 2 0 0 0 0 2 0 1 1 0 0 1 1 0 2 0 2 0 1 0 0 0 0 0 0 2 0 1 2 1 2 1 2 1 0 1 0 2 2 1 2 2 1 2 2 1 1 0 0 1 1 1 1 1 0 2 1 0 0 2 2 2 2 0 1 0 1 0 0 2 1 1 0 1 0 2 2 2 2 2 2 2 0 2 1 0 2 0 2 1 1 2 0 1 1 0 1 0 0 1 2 0 0
1.29508018386807 -1.19151111402161 -1.12264460839652 0.679467003509084 1.85399155385396 1 1 1 2 1 0 0 0 0 1 1 0 2 2 2 0 0 0 0 1 2 2 1 2 1 0 1 1 2 0 1 2 0 0 0 1 2 1 2 2 1 2 2 2 2 0 0 0 0 0 0 1 1 1 0 0 0 0 1 2 0 1 2 0 2 0 0 2 2 1 0 1 1 2 2 2 2 2 2 1 0 1 0 0 0 0 2 0 1 1 0 0 1 1 2 0 0 2 1 0 0 1 1 2 1 0 0 0 0 1 1 0 2 2 2 0 0 0 0 1 2 2 1 2 1 0 1 1 2 0 1 2 0 0 0 1 2 1 2 2 1 2 2 2 2 0 0 0 0 0 0 1 1 1 0 0 0 0 1 2 0 1 2 0 2 0 0 2 2 1 0 1 1 2 2 2 2 2 2 1 0 1 0 0 0 0 2 0 1 1 0 0 1 1 2 0 0 2 1 0 0
0.198790578498768 -0.362921616216615 0.37370166900208 -0.876158060797348 0.866924049007252 -1 0 0 2 2 1 1 0 0 1 1 0 2 0 1 0 1 0 0 2 1 2 0 2 1 0 2 1 1 0 1 1 0 0 0 1 2 0 1 2 1 2 1 1 2 1 2 1 2 2 1 1 0 2 1 0 0 2 2 2 2 1 2 0 1 0 0 2 1 0 0 1 1 2 2 2 2 1 2 1 0 2 2 0 1 0 1 1 0 1 0 1 1 2 2 0 1 2 2 1 1 0 0 -2 -2 -1 -1 0 0 -1 -1 0 -2 0 -1 0 -1 0 0 -2 -1 -2 0 -2 -1 0 -2 -1 -1 0 -1 -1 0 0 0 -1 -2 0 -1 -2 -1 -2 -1 -1 -2 -1 -2 -1 -2 -2 -1 -1 0 -2 -1 0 0 -2 -2 -2 -2 -1 -2 0 -1 0 0 -2 -1 0 0 -1 -1 -2 -2 -2 -2 -1 -2 -1 0 -2 -2 0 -1 0 -1 -1 0 -1 0 -1 -1 -2 -2 0 -1 -2 -2 -1 -1
1.50069350889743 -0.690482005451667 -0.186786621726535 -0.764797321359413 0.138721484266651 -1 1 0 2 1 1 0 0 0 1 0 1 2 1 2 0 1 0 0 2 1 1 0 2 0 0 1 1 1 0 2 1 0 0 1 2 2 1 2 2 0 2 1 0 1 0 0 1 1 2 1 1 0 2 2 1 1 1 1 2 2 2 2 1 2 0 0 2 1 1 0 1 2 2 2 2 1 2 2 2 0 1 0 0 1 0 2 0 1 2 0 0 0 0 0 0 0 1 1 0 0 -1 0 -2 -1 -1 0 0 0 -1 0 -1 -2 -1 -2 0 -1 0 0 -2 -1 -1 0 -2 0 0 -1 -1 -1 0 -2 -1 0 0 -1 -2 -2 -1 -2 -2 0 -2 -1 0 -1 0 0 -1 -1 -2 -1 -1 0 -2 -2 -1 -1 -1 -1 -2 -2 -2 -2 -1 -2 0 0 -2 -1 -1 0 -1 -2 -2 -2 -2 -1 -2 -2 -2 0 -1 0 0 -1 0 -2 0 -1 -2 0 0 0 0 0 0 0 -1 -1 0 0
-2.3887603291511 -0.993564079812481 0.347013966294787 0.843731902180817 -0.637260543046521 -1 1 2 2 2 1 2 0 1 2 1 1 2 2 2 0 0 0 0 1 2 2 1 2 2 1 2 2 2 0 1 1 0 0 1 1 2 1 2 2 1 2 0 0 1 0 1 1 1 1 0 1 0 2 0 0 1 2 2 2 1 0 2 0 0 0 0 2 0 1 1 2 2 2 2 2 2 1 2 2 0 2 1 1 2 0 2 0 1 2 1 2 0 1 2 0 0 1 1 0 1 -1 -2 -2 -2 -1 -2 0 -1 -2 -1 -1 -2 -2 -2 0 0 0 0 -1 -2 -2 -1 -2 -2 -1 -2 -2 -2 0 -1 -1 0 0 -1 -1 -2 -1 -2 -2 -1 -2 0 0 -1 0 -1 -1 -1 -1 0 -1 0 -2 0 0 -1 -2 -2 -2 -1 0 -2 0 0 0 0 -2 0 -1 -1 -2 -2 -2 -2 -2 -2 -1 -2 -2 0 -2 -1 -1 -2 0 -2 0 -1 -2 -1 -2 0 -1 -2 0 0 -1 -1 0 -1
-2.19850541813611 -0.86630279640682 0.228434195829414 -0.444817757224112 0.587988246140346 1 0 0 1 0 1 0 0 1 2 1 1 2 1 2 0 1 0 0 1 2 2 0 2 1 1 1 1 2 0 1 0 0 0 2 1 2 0 0 2 0 2 2 2 1 0 1 0 0 1 0 0 0 2 0 0 0 2 1 2 1 0 2 0 2 0 0 2 0 1 0 2 1 2 2 2 2 1 2 2 0 2 2 0 1 0 2 1 2 2 1 1 0 1 2 0 1 1 2 0 0 0 0 1 0 1 0 0 1 2 1 1 2 1 2 0 1 0 0 1 2 2 0 2 1 1 1 1 2 0 1 0 0 0 2 1 2 0 0 2 0 2 2 2 1 0 1 0 0 1 0 0 0 2 0 0 0 2 1 2 1 0 2 0 2 0 0 2 0 1 0 2 1 2 2 2 2 1 2 2 0 2 2 0 1 0 2 1 2 2 1 1 0 1 2 0 1 1 2 0 0
0.166516689098686 -0.563182195094108 -1.21551150499273 -1.87416205412611 0.127046490112821 -1 0 1 2 2 0 0 0 0 1 1 0 2 0 1 0 0 0 0 1 1 1 1 2 1 1 2 2 2 0 2 2 0 0 1 2 2 0 1 1 0 1 1 0 2 1 1 0 0 2 1 1 1 2 0 0 0 1 2 2 1 0 2 1 1 1 0 2 2 1 0 1 1 1 2 1 2 2 2 1 0 2 1 0 0 0 1 1 1 2 1 1 0 0 1 0 1 2 2 0 0 0 -1 -2 -2 0 0 0 0 -1 -1 0 -2 0 -1 0 0 0 0 -1 -1 -1 -1 -2 -1 -1 -2 -2 -2 0 -2 -2 0 0 -1 -2 -2 0 -1 -1 0 -1 -1 0 -2 -1 -1 0 0 -2 -1 -1 -1 -2 0 0 0 -1 -2 -2 -1 0 -2 -1 -1 -1 0 -2 -2 -1 0 -1 -1 -1 -2 -1 -2 -2 -2 -1 0 -2 -1 0 0 0 -1 -1 -1 -2 -1 -1 0 0 -1 0 -1 -2 -2 0 0
1.17765060101605 1.30611359334999 0.619729121935208 0.204476741588675 0.011599788118663 -1 0 0 2 2 2 1 0 0 2 1 0 2 2 2 0 2 1 0 2 2 0 0 2 1 1 1 2 0 0 0 2 1 1 2 1 2 1 2 2 0 2 0 0 2 0 2 2 1 1 1 2 0 2 1 0 1 1 2 1 0 0 2 0 2 0 1 2 1 1 1 2 2 2 1 2 2 2 2 2 0 2 2 1 0 0 1 0 0 1 0 0 1 2 2 1 2 2 2 0 0 0 0 -2 -2 -2 -1 0 0 -2 -1 0 -2 -2 -2 0 -2 -1 0 -2 -2 0 0 -2 -1 -1 -1 -2 0 0 0 -2 -1 -1 -2 -1 -2 -1 -2 -2 0 -2 0 0 -2 0 -2 -2 -1 -1 -1 -2 0 -2 -1 0 -1 -1 -2 -1 0 0 -2 0 -2 0 -1 -2 -1 -1 -1 -2 -2 -2 -1 -2 -2 -2 -2 -2 0 -2 -2 -1 0 0 -1 0 0 -1 0 0 -1 -2 -2 -1 -2 -2 -2 0 0
0.86868118631639 -1.36978365394796 -0.582344958911513 -0.249987639541517 -0.170317205981185 -1 0 0 2 1 1 1 0 0 1 1 1 2 2 2 0 1 0 0 1 2 2 1 2 0 0 2 2 2 0 2 1 0 0 1 0 2 0 2 2 0 2 0 0 1 0 1 2 2 2 0 1 0 2 1 0 1 1 2 2 1 1 2 0 1 0 0 2 1 1 0 2 1 1 1 2 2 2 2 2 0 2 1 0 1 0 2 1 1 1 1 2 1 2 2 0 0 1 2 0 0 0 0 -2 -1 -1 -1 0 0 -1 -1 -1 -2 -2 -2 0 -1 0 0 -1 -2 -2 -1 -2 0 0 -2 -2 -2 0 -2 -1 0 0 -1 0 -2 0 -2 -2 0 -2 0 0 -1 0 -1 -2 -2 -2 0 -1 0 -2 -1 0 -1 -1 -2 -2 -1 -1 -2 0 -1 0 0 -2 -1 -1 0 -2 -1 -1 -1 -2 -2 -2 -2 -2 0 -2 -1 0 -1 0 -2 -1 -1 -1 -1 -2 -1 -2 -2 0 0 -1 -2 0 0
-1.559534291217 -1.43831688413609 -1.19348589495748 -0.474419496392151 0.792101789700578 -1 0 0 2 1 1 1 1 1 2 1 0 2 1 2 0 2 0 1 1 2 1 0 2 1 1 1 2 2 0 2 0 0 0 0 0 1 0 1 2 0 2 1 0 0 0 1 1 1 2 2 2 0 2 0 0 1 2 2 1 0 0 2 0 1 0 0 2 2 2 0 2 0 2 1 1 2 2 2 1 0 2 1 0 0 0 2 0 1 1 0 0 0 1 2 0 0 2 2 0 0 0 0 -2 -1 -1 -1 -1 -1 -2 -1 0 -2 -1 -2 0 -2 0 -1 -1 -2 -1 0 -2 -1 -1 -1 -2 -2 0 -2 0 0 0 0 0 -1 0 -1 -2 0 -2 -1 0 0 0 -1 -1 -1 -2 -2 -2 0 -2 0 0 -1 -2 -2 -1 0 0 -2 0 -1 0 0 -2 -2 -2 0 -2 0 -2 -1 -1 -2 -2 -2 -1 0 -2 -1 0 0 0 -2 0 -1 -1 0 0 0 -1 -2 0 0 -2 -2 0 0
0.900546750740338 0.797567534839362 1.36175604055464 0.191656504253006 -0.994132560032461 -1 0 0 2 1 0 1 0 2 2 1 1 2 1 2 0 0 0 0 2 1 1 0 2 0 1 1 0 1 0 1 1 0 0 2 2 2 0 2 2 0 2 1 0 0 0 0 0 1 2 0 0 0 2 1 0 0 1 2 2 1 0 2 0 1 0 0 2 2 2 1 2 1 1 2 2 2 2 2 1 0 2 1 0 1 0 1 1 1 2 1 2 1 1 0 0 0 1 1 0 0 0 0 -2 -1 0 -1 0 -2 -2 -1 -1 -2 -1 -2 0 0 0 0 -2 -1 -1 0 -2 0 -1 -1 0 -1 0 -1 -1 0 0 -2 -2 -2 0 -2 -2 0 -2 -1 0 0 0 0 0 -1 -2 0 0 0 -2 -1 0 0 -1 -2 -2 -1 0 -2 0 -1 0 0 -2 -2 -2 -1 -2 -1 -1 -2 -2 -2 -2 -2 -1 0 -2 -1 0 -1 0 -1 -1 -1 -2 -1 -2 -1 -1 0 0 0 -1 -1 0 0
-1.34012044430813 -0.627193723909717 -0.207869404494379 -0.35784670246705 -0.446792240538071 1 0 1 2 1 0 0 0 0 2 2 0 2 1 2 0 0 0 0 2 1 1 1 2 2 1 1 2 2 0 2 2 0 1 2 0 2 0 2 2 0 2 1 1 0 0 1 1 0 1 0 1 0 2 0 0 0 1 2 2 2 0 2 0 2 1 0 2 2 1 0 2 2 2 2 2 2 2 2 2 0 2 1 0 1 0 0 0 1 1 1 1 1 1 1 0 1 2 1 0 0 0 1 2 1 0 0 0 0 2 2 0 2 1 2 0 0 0 0 2 1 1 1 2 2 1 1 2 2 0 2 2 0 1 2 0 2 0 2 2 0 2 1 1 0 0 1 1 0 1 0 1 0 2 0 0 0 1 2 2 2 0 2 0 2 1 0 2 2 1 0 2 2 2 2 2 2 2 2 2 0 2 1 0 1 0 0 0 1 1 1 1 1 1 1 0 1 2 1 0 0
0.838410266705699 -0.263508854928041 -0.848406471213333 0.045755050520748 -1.04076379289829 -1 1 1 2 2 0 0 0 0 2 2 0 2 1 2 0 2 0 0 2 2 1 0 2 2 1 2 2 2 0 2 2 0 0 0 1 2 0 2 2 0 2 0 0 2 1 1 1 2 2 1 1 0 2 1 1 1 1 2 2 1 0 2 1 1 0 0 2 2 2 0 2 2 2 2 1 2 2 2 1 0 1 2 1 1 0 2 1 1 1 0 1 1 2 2 0 0 2 2 1 2 -1 -1 -2 -2 0 0 0 0 -2 -2 0 -2 -1 -2 0 -2 0 0 -2 -2 -1 0 -2 -2 -1 -2 -2 -2 0 -2 -2 0 0 0 -1 -2 0 -2 -2 0 -2 0 0 -2 -1 -1 -1 -2 -2 -1 -1 0 -2 -1 -1 -1 -1 -2 -2 -1 0 -2 -1 -1 0 0 -2 -2 -2 0 -2 -2 -2 -2 -1 -2 -2 -2 -1 0 -1 -2 -1 -1 0 -2 -1 -1 -1 0 -1 -1 -2 -2 0 0 -2 -2 -1 -2
-0.700768626458675 1.07553271032784 0.405688851392078 -1.07260362604218 1.12859159290717 -1 1 0 2 1 0 0 0 0 0 0 0 2 1 2 0 0 0 0 1 1 1 1 2 1 1 1 2 1 0 0 0 0 0 0 0 2 0 1 2 0 1 0 0 2 1 2 2 2 2 0 1 2 2 1 0 0 2 2 2 2 0 2 0 1 1 0 2 2 1 0 1 2 2 1 1 2 2 2 1 0 2 1 0 0 0 1 0 1 1 1 1 0 2 2 0 0 2 2 2 2 -1 0 -2 -1 0 0 0 0 0 0 0 -2 -1 -2 0 0 0 0 -1 -1 -1 -1 -2 -1 -1 -1 -2 -1 0 0 0 0 0 0 0 -2 0 -1 -2 0 -1 0 0 -2 -1 -2 -2 -2 -2 0 -1 -2 -2 -1 0 0 -2 -2 -2 -2 0 -2 0 -1 -1 0 -2 -2 -1 0 -1 -2 -2 -1 -1 -2 -2 -2 -1 0 -2 -1 0 0 0 -1 0 -1 -1 -1 -1 0 -2 -2 0 0 -2 -2 -2 -2
-1.02914954031678 -1.03858765010721 0.958314142383109 0.561947962718046 1.48976989747704 -1 0 0 2 2 1 0 0 1 2 2 1 2 2 2 0 1 0 0 1 1 1 0 2 1 1 2 1 2 0 2 1 0 1 1 2 2 0 1 2 1 2 2 1 1 0 2 1 1 2 0 1 0 2 2 1 0 1 2 2 2 0 2 0 0 0 0 2 0 2 0 2 1 2 1 0 2 2 2 1 0 2 1 0 1 0 1 0 0 0 0 0 0 0 1 0 1 2 2 1 1 0 0 -2 -2 -1 0 0 -1 -2 -2 -1 -2 -2 -2 0 -1 0 0 -1 -1 -1 0 -2 -1 -1 -2 -1 -2 0 -2 -1 0 -1 -1 -2 -2 0 -1 -2 -1 -2 -2 -1 -1 0 -2 -1 -1 -2 0 -1 0 -2 -2 -1 0 -1 -2 -2 -2 0 -2 0 0 0 0 -2 0 -2 0 -2 -1 -2 -1 0 -2 -2 -2 -1 0 -2 -1 0 -1 0 -1 0 0 0 0 0 0 0 -1 0 -1 -2 -2 -1 -1
1.89571677397367 0.63088142703823 -0.186693609256698 1.18062771051084 2.02743815443845 -1 0 0 1 1 1 2 0 0 1 2 1 2 1 2 0 0 0 0 1 2 1 0 1 0 1 1 1 2 0 2 1 0 0 0 0 1 0 2 2 1 2 2 2 1 0 1 0 1 2 1 1 0 2 0 1 2 2 2 2 2 0 2 0 1 0 0 1 1 0 0 1 2 2 2 2 1 2 2 1 0 1 0 0 1 0 2 1 1 1 0 1 0 1 1 0 0 2 2 0 0 0 0 -1 -1 -1 -2 0 0 -1 -2 -1 -2 -1 -2 0 0 0 0 -1 -2 -1 0 -1 0 -1 -1 -1 -2 0 -2 -1 0 0 0 0 -1 0 -2 -2 -1 -2 -2 -2 -1 0 -1 0 -1 -2 -1 -1 0 -2 0 -1 -2 -2 -2 -2 -2 0 -2 0 -1 0 0 -1 -1 0 0 -1 -2 -2 -2 -2 -1 -2 -2 -1 0 -1 0 0 -1 0 -2 -1 -1 -1 0 -1 0 -1 -1 0 0 -2 -2 0 0
-0.506470760279052 0.203556140917203 -0.968808099046432 -0.445123507009909 -0.592524168041836 -1 1 0 2 1 0 1 0 0 0 0 0 2 0 2 0 0 0 0 0 2 1 0 2 1 0 2 2 2 0 1 1 0 1 2 1 2 0 2 2 0 2 1 1 1 0 0 0 0 2 1 1 1 2 1 1 1 2 2 2 1 0 2 1 2 1 0 2 0 0 0 1 2 2 2 2 2 2 2 2 0 2 2 0 1 0 1 0 0 0 0 0 0 1 2 0 0 1 1 0 1 -1 0 -2 -1 0 -1 0 0 0 0 0 -2 0 -2 0 0 0 0 0 -2 -1 0 -2 -1 0 -2 -2 -2 0 -1 -1 0 -1 -2 -1 -2 0 -2 -2 0 -2 -1 -1 -1 0 0 0 0 -2 -1 -1 -1 -2 -1 -1 -1 -2 -2 -2 -1 0 -2 -1 -2 -1 0 -2 0 0 0 -1 -2 -2 -2 -2 -2 -2 -2 -2 0 -2 -2 0 -1 0 -1 0 0 0 0 0 0 -1 -2 0 0 -1 -1 0 -1
2.00726035973503 -1.09324776858968 0.902403690082422 -0.934399091036643 -0.754984036206014 -1 1 0 2 1 0 0 0 1 2 1 0 2 1 2 0 2 1 0 2 1 1 0 2 2 2 2 2 1 0 1 1 0 1 1 1 1 0 2 2 0 1 1 1 1 0 0 1 0 1 0 1 0 2 1 0 0 1 2 2 0 0 2 1 2 0 0 2 2 2 0 2 2 2 2 2 2 1 2 2 0 2 1 0 0 0 1 0 0 1 1 1 0 2 2 0 0 2 2 0 1 -1 0 -2 -1 0 0 0 -1 -2 -1 0 -2 -1 -2 0 -2 -1 0 -2 -1 -1 0 -2 -2 -2 -2 -2 -1 0 -1 -1 0 -1 -1 -1 -1 0 -2 -2 0 -1 -1 -1 -1 0 0 -1 0 -1 0 -1 0 -2 -1 0 0 -1 -2 -2 0 0 -2 -1 -2 0 0 -2 -2 -2 0 -2 -2 -2 -2 -2 -2 -1 -2 -2 0 -2 -1 0 0 0 -1 0 0 -1 -1 -1 0 -2 -2 0 0 -2 -2 0 -1
-0.574367133416306 -0.0179815805274591 -0.694965731572581 1.0042557390619 -0.812933578082775 1 0 0 2 1 0 1 0 0 1 2 0 2 1 2 0 2 0 0 2 1 1 0 2 0 0 1 0 2 0 0 0 0 0 0 0 2 0 1 2 1 2 1 1 1 0 0 0 0 2 1 2 1 2 0 0 2 2 2 2 2 0 2 0 0 0 0 2 0 0 0 0 1 1 1 2 2 1 2 2 0 1 1 0 1 0 2 0 1 1 1 2 0 1 2 0 2 2 2 1 1 0 0 2 1 0 1 0 0 1 2 0 2 1 2 0 2 0 0 2 1 1 0 2 0 0 1 0 2 0 0 0 0 0 0 0 2 0 1 2 1 2 1 1 1 0 0 0 0 2 1 2 1 2 0 0 2 2 2 2 2 0 2 0 0 0 0 2 0 0 0 0 1 1 1 2 2 1 2 2 0 1 1 0 1 0 2 0 1 1 1 2 0 1 2 0 2 2 2 1 1
0.0824317372830492 -0.278158829408008 -0.617943193503977 -1.55969157970137 0.521961906030206 1 0 0 2 1 0 0 0 0 0 1 1 2 2 2 0 0 0 0 1 1 2 0 2 2 2 2 2 2 0 2 1 0 0 0 1 2 0 2 2 0 2 0 0 1 0 0 0 0 1 0 0 1 2 0 0 0 1 1 2 1 0 2 0 2 1 0 2 2 2 2 2 2 2 2 2 2 2 2 2 0 2 1 1 1 0 2 0 1 2 1 2 0 0 0 0 0 1 0 0 0 0 0 2 1 0 0 0 0 0 1 1 2 2 2 0 0 0 0 1 1 2 0 2 2 2 2 2 2 0 2 1 0 0 0 1 2 0 2 2 0 2 0 0 1 0 0 0 0 1 0 0 1 2 0 0 0 1 1 2 1 0 2 0 2 1 0 2 2 2 2 2 2 2 2 2 2 2 2 2 0 2 1 1 1 0 2 0 1 2 1 2 0 0 0 0 0 1 0 0 0
-1.29945221868079 1.88671740003249 1.49205898264688 -0.918451829080758 -1.01591616421936 1 1 1 2 1 1 1 0 0 1 1 1 2 1 1 0 1 1 0 2 2 2 1 2 1 0 1 0 2 0 2 0 0 0 0 2 2 0 2 2 1 2 0 0 2 1 1 0 1 1 0 1 0 1 0 0 1 1 2 2 1 0 2 0 0 0 0 2 2 1 0 1 1 2 2 2 2 2 2 2 0 2 1 0 0 0 1 0 1 1 1 1 2 2 1 0 2 2 2 0 0 1 1 2 1 1 1 0 0 1 1 1 2 1 1 0 1 1 0 2 2 2 1 2 1 0 1 0 2 0 2 0 0 0 0 2 2 0 2 2 1 2 0 0 2 1 1 0 1 1 0 1 0 1 0 0 1 1 2 2 1 0 2 0 0 0 0 2 2 1 0 1 1 2 2 2 2 2 2 2 0 2 1 0 0 0 1 0 1 1 1 1 2 2 1 0 2 2 2 0 0
0.0834153026436106 1.32283802480468 2.06749274391255 -0.269364814873305 -0.722452540578013 -1 0 1 2 2 1 0 0 1 2 1 0 2 2 2 0 1 0 0 0 0 0 0 2 0 0 1 1 2 0 2 1 0 1 1 2 2 2 2 2 1 2 1 0 2 0 0 2 1 1 0 0 0 2 2 0 1 2 2 2 1 0 2 0 2 0 0 2 1 2 1 2 1 2 2 2 2 2 1 0 0 2 0 0 1 0 2 1 1 1 0 1 0 0 0 0 0 2 2 0 0 0 -1 -2 -2 -1 0 0 -1 -2 -1 0 -2 -2 -2 0 -1 0 0 0 0 0 0 -2 0 0 -1 -1 -2 0 -2 -1 0 -1 -1 -2 -2 -2 -2 -2 -1 -2 -1 0 -2 0 0 -2 -1 -1 0 0 0 -2 -2 0 -1 -2 -2 -2 -1 0 -2 0 -2 0 0 -2 -1 -2 -1 -2 -1 -2 -2 -2 -2 -2 -1 0 0 -2 0 0 -1 0 -2 -1 -1 -1 0 -1 0 0 0 0 0 -2 -2 0 0
-0.17961122855812 -0.0465235131122754 -1.17985803718186 0.0329996617009553 -1.5173952000324 -1 0 0 2 1 1 2 1 2 2 1 0 2 2 2 1 1 0 1 2 2 2 0 2 2 1 2 1 2 0 1 2 0 0 2 1 2 1 2 2 0 2 1 1 0 0 1 0 1 2 1 1 1 2 0 0 1 2 2 2 1 0 2 0 1 0 0 2 1 1 1 1 1 2 2 1 2 2 2 2 0 2 1 0 1 0 2 0 2 1 0 1 0 1 1 0 0 1 0 0 0 0 0 -2 -1 -1 -2 -1 -2 -2 -1 0 -2 -2 -2 -1 -1 0 -1 -2 -2 -2 0 -2 -2 -1 -2 -1 -2 0 -1 -2 0 0 -2 -1 -2 -1 -2 -2 0 -2 -1 -1 0 0 -1 0 -1 -2 -1 -1 -1 -2 0 0 -1 -2 -2 -2 -1 0 -2 0 -1 0 0 -2 -1 -1 -1 -1 -1 -2 -2 -1 -2 -2 -2 -2 0 -2 -1 0 -1 0 -2 0 -2 -1 0 -1 0 -1 -1 0 0 -1 0 0 0
-0.569906972586681 -0.435464343191339 -0.523333564829262 0.94982301691835 0.214767228212513 -1 0 1 2 2 1 1 0 1 2 2 0 1 0 2 0 0 0 0 1 2 1 0 2 2 2 2 2 1 0 1 0 0 0 0 1 2 0 2 2 0 2 1 0 2 0 1 2 1 1 1 1 0 2 0 0 0 0 2 2 2 0 2 0 0 0 0 2 2 2 0 2 2 2 2 1 2 1 2 1 0 2 1 1 1 0 2 1 1 1 0 1 1 0 2 0 0 2 1 0 0 0 -1 -2 -2 -1 -1 0 -1 -2 -2 0 -1 0 -2 0 0 0 0 -1 -2 -1 0 -2 -2 -2 -2 -2 -1 0 -1 0 0 0 0 -1 -2 0 -2 -2 0 -2 -1 0 -2 0 -1 -2 -1 -1 -1 -1 0 -2 0 0 0 0 -2 -2 -2 0 -2 0 0 0 0 -2 -2 -2 0 -2 -2 -2 -2 -1 -2 -1 -2 -1 0 -2 -1 -1 -1 0 -2 -1 -1 -1 0 -1 -1 0 -2 0 0 -2 -1 0 0
1.37612924095174 -0.154907546465704 -0.216841580064235 -0.31378160415022 -2.98647513353165 1 0 0 2 0 0 1 0 1 1 1 0 2 1 2 0 0 0 0 1 2 1 0 2 0 0 1 1 2 0 0 1 0 0 0 2 1 0 2 2 1 2 1 0 0 1 1 1 1 2 0 0 0 2 0 0 1 2 2 2 1 0 2 0 2 0 0 2 1 1 0 2 1 2 2 2 2 2 2 1 0 2 1 0 1 0 2 1 1 1 0 1 0 1 1 0 0 1 1 0 0 0 0 2 0 0 1 0 1 1 1 0 2 1 2 0 0 0 0 1 2 1 0 2 0 0 1 1 2 0 0 1 0 0 0 2 1 0 2 2 1 2 1 0 0 1 1 1 1 2 0 0 0 2 0 0 1 2 2 2 1 0 2 0 2 0 0 2 1 1 0 2 1 2 2 2 2 2 2 1 0 2 1 0 1 0 2 1 1 1 0 1 0 1 1 0 0 1 1 0 0
-1.42358875149313 -0.590981348728118 -0.411476224775339 -2.06611142554861 0.433454686030899 -1 1 0 2 1 0 0 0 0 0 0 1 1 0 1 0 1 0 0 2 2 1 0 2 1 1 1 2 2 0 1 1 0 0 2 1 1 0 2 2 0 1 0 0 2 0 2 1 1 1 1 2 0 2 2 0 0 1 2 2 2 0 2 0 1 0 0 2 2 1 1 2 1 2 2 2 2 2 2 1 0 1 0 0 0 0 2 0 1 1 1 0 1 0 2 0 1 2 2 1 0 -1 0 -2 -1 0 0 0 0 0 0 -1 -1 0 -1 0 -1 0 0 -2 -2 -1 0 -2 -1 -1 -1 -2 -2 0 -1 -1 0 0 -2 -1 -1 0 -2 -2 0 -1 0 0 -2 0 -2 -1 -1 -1 -1 -2 0 -2 -2 0 0 -1 -2 -2 -2 0 -2 0 -1 0 0 -2 -2 -1 -1 -2 -1 -2 -2 -2 -2 -2 -2 -1 0 -1 0 0 0 0 -2 0 -1 -1 -1 0 -1 0 -2 0 -1 -2 -2 -1 0
-0.89529261243679 -0.888557378221496 1.04041981938537 0.0538976453572965 1.67821492041896 1 1 0 2 2 1 0 0 0 1 1 0 1 1 1 0 1 1 0 2 2 2 1 2 1 1 1 2 2 0 1 1 0 1 1 2 2 1 2 2 1 2 1 2 1 0 2 1 1 2 1 1 1 2 1 1 1 2 2 2 2 0 2 0 1 0 0 2 1 0 0 2 2 2 2 2 2 2 2 2 1 2 2 1 2 0 2 0 1 2 0 0 0 1 2 0 1 2 2 0 1 1 0 2 2 1 0 0 0 1 1 0 1 1 1 0 1 1 0 2 2 2 1 2 1 1 1 2 2 0 1 1 0 1 1 2 2 1 2 2 1 2 1 2 1 0 2 1 1 2 1 1 1 2 1 1 1 2 2 2 2 0 2 0 1 0 0 2 1 0 0 2 2 2 2 2 2 2 2 2 1 2 2 1 2 0 2 0 1 2 0 0 0 1 2 0 1 2 2 0 1
0.868845224473031 -0.0949098202610044 1.30897199771535 1.12248757258313 -0.183238109123574 -1 0 0 2 1 0 1 0 0 0 0 1 2 2 2 0 0 1 1 2 2 2 0 1 0 2 2 2 0 0 1 0 0 0 0 0 2 0 1 2 0 1 0 0 1 0 1 1 1 2 0 2 1 2 1 0 0 1 2 2 1 0 2 0 0 0 0 2 1 1 0 2 2 2 2 2 2 2 2 1 0 2 2 1 1 0 1 0 0 0 0 0 0 0 1 0 1 2 2 0 0 0 0 -2 -1 0 -1 0 0 0 0 -1 -2 -2 -2 0 0 -1 -1 -2 -2 -2 0 -1 0 -2 -2 -2 0 0 -1 0 0 0 0 0 -2 0 -1 -2 0 -1 0 0 -1 0 -1 -1 -1 -2 0 -2 -1 -2 -1 0 0 -1 -2 -2 -1 0 -2 0 0 0 0 -2 -1 -1 0 -2 -2 -2 -2 -2 -2 -2 -2 -1 0 -2 -2 -1 -1 0 -1 0 0 0 0 0 0 0 -1 0 -1 -2 -2 0 0
-0.762692827659298 0.4330028735943 0.710879050842088 -0.315513621851158 -1.46640383929226 1 0 0 2 0 0 0 0 1 2 2 0 2 1 2 0 1 1 1 2 1 1 1 2 2 1 0 0 0 0 2 1 0 0 2 2 2 1 2 2 0 2 2 0 1 0 1 0 2 2 1 1 0 2 0 0 0 2 2 2 2 0 2 0 1 0 0 2 2 2 0 1 1 2 1 2 2 2 2 1 0 2 2 0 0 1 2 0 0 2 1 2 1 2 1 0 1 1 2 0 1 0 0 2 0 0 0 0 1 2 2 0 2 1 2 0 1 1 1 2 1 1 1 2 2 1 0 0 0 0 2 1 0 0 2 2 2 1 2 2 0 2 2 0 1 0 1 0 2 2 1 1 0 2 0 0 0 2 2 2 2 0 2 0 1 0 0 2 2 2 0 1 1 2 1 2 2 2 2 1 0 2 2 0 0 1 2 0 0 2 1 2 1 2 1 0 1 1 2 0 1
-0.618663916898625 -0.876617241207292 0.334354159879827 0.566810307487754 -1.06482710300007 1 0 0 2 2 0 1 0 2 2 0 1 2 1 2 0 0 0 0 1 2 2 0 2 1 1 2 1 1 0 2 1 0 0 0 1 2 0 2 2 0 2 0 0 1 0 1 1 0 0 0 1 0 1 0 0 0 2 2 2 1 0 2 0 2 0 0 1 2 2 1 0 2 2 2 2 2 2 2 2 0 1 0 0 0 0 2 1 2 2 1 0 0 0 1 0 1 2 1 0 0 0 0 2 2 0 1 0 2 2 0 1 2 1 2 0 0 0 0 1 2 2 0 2 1 1 2 1 1 0 2 1 0 0 0 1 2 0 2 2 0 2 0 0 1 0 1 1 0 0 0 1 0 1 0 0 0 2 2 2 1 0 2 0 2 0 0 1 2 2 1 0 2 2 2 2 2 2 2 2 0 1 0 0 0 0 2 1 2 2 1 0 0 0 1 0 1 2 1 0 0
-1.52088215953394 1.20191237560637 -0.398797881145408 -1.04861038753988 -0.17255519449664 1 0 0 1 0 1 1 0 0 2 2 0 2 0 2 0 1 0 0 1 1 1 1 2 2 2 1 2 1 0 2 0 0 1 1 2 2 0 1 2 0 2 1 2 1 1 2 0 0 2 0 0 0 2 0 0 0 1 2 2 1 0 2 0 1 0 0 2 2 2 1 1 0 0 2 2 2 1 2 2 0 2 2 0 1 0 2 1 1 0 0 2 1 2 2 0 0 2 2 0 0 0 0 1 0 1 1 0 0 2 2 0 2 0 2 0 1 0 0 1 1 1 1 2 2 2 1 2 1 0 2 0 0 1 1 2 2 0 1 2 0 2 1 2 1 1 2 0 0 2 0 0 0 2 0 0 0 1 2 2 1 0 2 0 1 0 0 2 2 2 1 1 0 0 2 2 2 1 2 2 0 2 2 0 1 0 2 1 1 0 0 2 1 2 2 0 0 2 2 0 0
0.975554714403072 -1.14067895540129 -0.942540995679373 0.160593539132555 0.113163037199486 -1 0 1 2 1 1 0 0 0 1 1 0 2 1 2 0 0 0 0 2 2 2 0 2 1 1 2 2 2 0 2 2 1 1 1 1 2 0 0 2 0 1 0 0 2 1 2 1 1 2 1 1 0 2 1 0 2 2 2 2 1 0 2 0 1 1 1 2 2 2 1 2 2 2 2 1 2 2 2 2 0 2 2 0 1 0 2 2 2 1 1 1 1 0 0 0 0 1 2 0 0 0 -1 -2 -1 -1 0 0 0 -1 -1 0 -2 -1 -2 0 0 0 0 -2 -2 -2 0 -2 -1 -1 -2 -2 -2 0 -2 -2 -1 -1 -1 -1 -2 0 0 -2 0 -1 0 0 -2 -1 -2 -1 -1 -2 -1 -1 0 -2 -1 0 -2 -2 -2 -2 -1 0 -2 0 -1 -1 -1 -2 -2 -2 -1 -2 -2 -2 -2 -1 -2 -2 -2 -2 0 -2 -2 0 -1 0 -2 -2 -2 -1 -1 -1 -1 0 0 0 0 -1 -2 0 0
-0.528624204516184 1.79897771322799 0.119390622966518 0.484302876374394 -1.08630708827004 1 1 0 1 0 2 1 0 2 2 2 1 2 1 2 0 0 0 0 1 0 1 0 2 2 2 2 1 2 0 1 1 0 0 0 2 2 0 2 2 1 2 1 0 1 0 2 1 1 2 1 1 0 2 0 0 0 1 1 2 2 0 2 0 0 0 0 2 1 0 0 1 1 2 2 2 2 2 2 2 0 2 2 0 0 0 1 0 0 0 0 0 0 0 1 0 0 0 2 0 1 1 0 1 0 2 1 0 2 2 2 1 2 1 2 0 0 0 0 1 0 1 0 2 2 2 2 1 2 0 1 1 0 0 0 2 2 0 2 2 1 2 1 0 1 0 2 1 1 2 1 1 0 2 0 0 0 1 1 2 2 0 2 0 0 0 0 2 1 0 0 1 1 2 2 2 2 2 2 2 0 2 2 0 0 0 1 0 0 0 0 0 0 0 1 0 0 0 2 0 1
1.27261737987881 1.01637092016536 -0.143344458712822 0.507965685087328 -1.89458560053928 1 1 1 2 2 1 1 0 0 1 1 1 2 2 2 1 2 1 1 2 2 1 1 2 0 0 1 1 2 0 2 1 0 0 1 1 2 1 1 2 0 2 0 0 1 0 0 1 1 2 1 2 1 2 0 0 0 1 2 2 1 0 2 0 2 0 0 1 1 2 0 1 1 2 2 2 2 2 2 1 0 2 0 0 1 0 2 1 1 1 0 1 0 1 1 0 1 2 2 1 0 1 1 2 2 1 1 0 0 1 1 1 2 2 2 1 2 1 1 2 2 1 1 2 0 0 1 1 2 0 2 1 0 0 1 1 2 1 1 2 0 2 0 0 1 0 0 1 1 2 1 2 1 2 0 0 0 1 2 2 1 0 2 0 2 0 0 1 1 2 0 1 1 2 2 2 2 2 2 1 0 2 0 0 1 0 2 1 1 1 0 1 0 1 1 0 1 2 2 1 0
-0.548894240655178 -2.10107541899815 -1.43268148770774 2.14013891213866 0.626949629593112 -1 2 2 2 1 0 0 0 1 1 2 0 2 1 2 0 0 0 0 1 2 1 0 2 0 0 1 2 2 0 2 2 1 0 1 1 2 0 2 2 0 2 1 0 2 0 1 1 1 2 0 1 0 1 0 0 1 2 2 2 2 0 2 0 2 0 0 2 2 2 1 1 2 2 2 1 2 1 2 1 0 1 1 1 1 0 2 0 1 0 1 1 0 1 1 0 1 2 2 0 1 -2 -2 -2 -1 0 0 0 -1 -1 -2 0 -2 -1 -2 0 0 0 0 -1 -2 -1 0 -2 0 0 -1 -2 -2 0 -2 -2 -1 0 -1 -1 -2 0 -2 -2 0 -2 -1 0 -2 0 -1 -1 -1 -2 0 -1 0 -1 0 0 -1 -2 -2 -2 -2 0 -2 0 -2 0 0 -2 -2 -2 -1 -1 -2 -2 -2 -1 -2 -1 -2 -1 0 -1 -1 -1 -1 0 -2 0 -1 0 -1 -1 0 -1 -1 0 -1 -2 -2 0 -1
0.383936784206117 -0.0973047366196031 -0.320820560084119 0.848951148434711 0.392056321442373 -1 1 0 2 0 1 0 0 0 1 1 0 1 1 2 0 2 1 0 1 2 1 0 2 2 2 2 1 1 0 1 1 0 0 0 1 2 0 1 2 0 1 1 1 2 0 1 2 1 2 0 0 0 2 2 0 2 2 2 2 1 0 2 0 1 0 0 2 1 1 1 2 1 1 0 0 1 2 1 1 0 1 0 0 0 0 2 1 2 1 1 2 1 2 2 0 1 2 2 1 0 -1 0 -2 0 -1 0 0 0 -1 -1 0 -1 -1 -2 0 -2 -1 0 -1 -2 -1 0 -2 -2 -2 -2 -1 -1 0 -1 -1 0 0 0 -1 -2 0 -1 -2 0 -1 -1 -1 -2 0 -1 -2 -1 -2 0 0 0 -2 -2 0 -2 -2 -2 -2 -1 0 -2 0 -1 0 0 -2 -1 -1 -1 -2 -1 -1 0 0 -1 -2 -1 -1 0 -1 0 0 0 0 -2 -1 -2 -1 -1 -2 -1 -2 -2 0 -1 -2 -2 -1 0
0.773997914610212 -0.748464805041404 0.62359799302558 0.016332406473418 1.59108031702342 1 1 0 2 2 1 2 0 0 1 1 0 1 0 1 0 0 0 1 2 1 1 1 2 1 2 1 1 2 0 1 1 0 1 1 2 2 0 2 2 1 2 2 2 2 0 1 0 1 2 1 0 0 2 0 0 0 1 2 2 2 1 2 0 0 1 0 2 2 0 0 1 2 2 2 2 2 2 2 2 1 2 2 1 0 1 2 1 1 2 0 2 1 2 1 0 1 2 2 0 0 1 0 2 2 1 2 0 0 1 1 0 1 0 1 0 0 0 1 2 1 1 1 2 1 2 1 1 2 0 1 1 0 1 1 2 2 0 2 2 1 2 2 2 2 0 1 0 1 2 1 0 0 2 0 0 0 1 2 2 2 1 2 0 0 1 0 2 2 0 0 1 2 2 2 2 2 2 2 2 1 2 2 1 0 1 2 1 1 2 0 2 1 2 1 0 1 2 2 0 0
-0.970263116734713 1.14730089115312 -0.491768731745351 -0.0516640476413781 0.358545266428508 1 1 1 2 2 2 2 0 0 2 1 0 2 1 2 0 2 1 0 0 1 1 0 2 1 1 2 2 2 0 2 1 0 0 0 1 2 0 0 2 0 2 0 0 2 0 1 0 1 1 0 1 0 2 0 0 1 2 2 2 1 0 2 0 1 0 0 2 1 1 0 2 2 2 2 2 2 2 2 1 0 1 0 0 0 1 2 2 2 2 2 2 1 0 2 0 1 2 2 0 0 1 1 2 2 2 2 0 0 2 1 0 2 1 2 0 2 1 0 0 1 1 0 2 1 1 2 2 2 0 2 1 0 0 0 1 2 0 0 2 0 2 0 0 2 0 1 0 1 1 0 1 0 2 0 0 1 2 2 2 1 0 2 0 1 0 0 2 1 1 0 2 2 2 2 2 2 2 2 1 0 1 0 0 0 1 2 2 2 2 2 2 1 0 2 0 1 2 2 0 0
2.08184721073704 1.85911359813131 1.31773915118367 0.643899093330858 0.402870817241826 1 0 1 2 2 1 1 0 1 1 1 0 1 0 1 0 0 0 0 0 2 1 1 2 1 1 1 1 1 0 1 0 0 0 1 2 2 0 1 2 0 2 1 0 2 0 0 0 1 2 2 1 0 2 0 0 0 0 2 2 1 0 2 0 1 0 0 2 1 1 0 2 2 2 2 2 2 2 2 1 0 2 1 0 0 0 1 1 2 2 0 1 0 0 1 0 0 2 2 0 1 0 1 2 2 1 1 0 1 1 1 0 1 0 1 0 0 0 0 0 2 1 1 2 1 1 1 1 1 0 1 0 0 0 1 2 2 0 1 2 0 2 1 0 2 0 0 0 1 2 2 1 0 2 0 0 0 0 2 2 1 0 2 0 1 0 0 2 1 1 0 2 2 2 2 2 2 2 2 1 0 2 1 0 0 0 1 1 2 2 0 1 0 0 1 0 0 2 2 0 1
0.262377419757413 0.149848224658963 -0.813983511119431 -0.178462049392096 -0.182415189729809 1 0 0 2 0 0 1 1 0 2 1 0 2 1 2 0 0 0 0 0 1 1 0 2 1 2 1 1 1 0 2 1 0 0 2 2 2 1 2 2 0 2 1 1 0 0 0 1 1 2 1 1 0 2 1 0 1 2 2 2 2 0 2 0 2 0 0 2 2 2 0 0 2 2 2 2 2 2 2 2 0 2 1 0 1 0 1 0 0 1 0 0 2 1 0 0 0 1 2 0 0 0 0 2 0 0 1 1 0 2 1 0 2 1 2 0 0 0 0 0 1 1 0 2 1 2 1 1 1 0 2 1 0 0 2 2 2 1 2 2 0 2 1 1 0 0 0 1 1 2 1 1 0 2 1 0 1 2 2 2 2 0 2 0 2 0 0 2 2 2 0 0 2 2 2 2 2 2 2 2 0 2 1 0 1 0 1 0 0 1 0 0 2 1 0 0 0 1 2 0 0
1.53011195193251 0.0696308303249538 0.0415661392691351 -0.964968886290406 -0.542884970845089 1 0 0 2 2 1 1 0 0 1 0 1 2 0 2 0 0 0 0 2 2 1 0 2 1 2 2 2 2 0 2 1 0 0 1 1 2 2 2 2 0 2 2 2 1 0 1 1 2 2 1 1 1 2 0 0 1 2 2 2 1 0 2 0 1 0 0 2 2 1 0 2 2 2 2 2 2 2 2 1 0 2 1 0 1 1 1 1 1 2 0 1 0 0 1 0 1 1 2 1 1 0 0 2 2 1 1 0 0 1 0 1 2 0 2 0 0 0 0 2 2 1 0 2 1 2 2 2 2 0 2 1 0 0 1 1 2 2 2 2 0 2 2 2 1 0 1 1 2 2 1 1 1 2 0 0 1 2 2 2 1 0 2 0 1 0 0 2 2 1 0 2 2 2 2 2 2 2 2 1 0 2 1 0 1 1 1 1 1 2 0 1 0 0 1 0 1 1 2 1 1
0.61324390207434 1.05207372901797 0.00580564751755361 -0.872176646840313 -0.215358514886941 -1 0 0 2 1 1 1 0 1 0 1 1 2 2 2 1 0 0 0 1 1 0 0 2 1 1 1 2 1 0 1 0 0 0 1 1 1 1 2 2 1 2 2 0 1 0 1 0 0 2 2 2 0 2 2 0 1 1 2 2 2 0 2 1 2 1 0 2 2 1 0 0 0 1 2 2 2 2 2 1 0 2 2 1 2 1 2 2 2 2 1 0 0 1 1 0 0 1 1 0 0 0 0 -2 -1 -1 -1 0 -1 0 -1 -1 -2 -2 -2 -1 0 0 0 -1 -1 0 0 -2 -1 -1 -1 -2 -1 0 -1 0 0 0 -1 -1 -1 -1 -2 -2 -1 -2 -2 0 -1 0 -1 0 0 -2 -2 -2 0 -2 -2 0 -1 -1 -2 -2 -2 0 -2 -1 -2 -1 0 -2 -2 -1 0 0 0 -1 -2 -2 -2 -2 -2 -1 0 -2 -2 -1 -2 -1 -2 -2 -2 -2 -1 0 0 -1 -1 0 0 -1 -1 0 0
-0.00829720866739209 0.809837301779342 -0.843513037808931 0.253600406202041 0.993353750145687 1 1 0 2 2 1 2 0 0 1 1 0 2 1 2 0 0 0 0 2 2 1 1 2 2 2 2 2 1 0 1 0 0 0 1 2 2 1 2 2 0 1 1 0 1 0 0 0 2 2 0 2 1 2 1 1 0 1 2 2 1 0 2 0 1 0 0 0 1 1 0 1 1 2 2 1 2 2 2 1 0 2 1 0 1 1 1 0 1 2 1 0 0 1 1 0 1 1 1 1 0 1 0 2 2 1 2 0 0 1 1 0 2 1 2 0 0 0 0 2 2 1 1 2 2 2 2 2 1 0 1 0 0 0 1 2 2 1 2 2 0 1 1 0 1 0 0 0 2 2 0 2 1 2 1 1 0 1 2 2 1 0 2 0 1 0 0 0 1 1 0 1 1 2 2 1 2 2 2 1 0 2 1 0 1 1 1 0 1 2 1 0 0 1 1 0 1 1 1 1 0
0.023516880560722 -0.559714511573016 -0.154367732368556 0.0833149060456196 1.01731344470928 1 0 1 2 2 1 0 0 0 1 0 0 2 1 2 0 1 0 0 2 1 1 1 2 2 2 2 2 2 0 2 1 0 0 0 2 2 1 2 2 0 2 1 0 1 0 0 1 2 2 1 1 0 2 0 0 0 1 2 2 2 0 2 0 0 0 0 2 1 1 0 2 0 2 2 2 2 2 2 2 0 2 1 0 1 0 2 0 1 1 0 0 0 1 1 0 1 2 2 0 0 0 1 2 2 1 0 0 0 1 0 0 2 1 2 0 1 0 0 2 1 1 1 2 2 2 2 2 2 0 2 1 0 0 0 2 2 1 2 2 0 2 1 0 1 0 0 1 2 2 1 1 0 2 0 0 0 1 2 2 2 0 2 0 0 0 0 2 1 1 0 2 0 2 2 2 2 2 2 2 0 2 1 0 1 0 2 0 1 1 0 0 0 1 1 0 1 2 2 0 0
-0.228007475172426 -0.27382610695165 -1.40313441053077 1.8898266396634 -2.00493159432926 -1 0 0 2 1 1 1 0 0 1 1 0 2 2 2 0 0 0 0 0 0 0 2 2 2 2 2 2 2 0 1 2 0 0 2 1 2 0 2 2 0 1 1 1 0 0 0 0 0 1 0 1 0 1 0 0 0 0 2 2 2 0 2 0 1 0 0 2 0 2 0 1 1 2 2 1 2 2 2 1 0 2 2 0 1 0 0 0 0 1 0 0 0 1 2 0 0 2 2 0 0 0 0 -2 -1 -1 -1 0 0 -1 -1 0 -2 -2 -2 0 0 0 0 0 0 0 -2 -2 -2 -2 -2 -2 -2 0 -1 -2 0 0 -2 -1 -2 0 -2 -2 0 -1 -1 -1 0 0 0 0 0 -1 0 -1 0 -1 0 0 0 0 -2 -2 -2 0 -2 0 -1 0 0 -2 0 -2 0 -1 -1 -2 -2 -1 -2 -2 -2 -1 0 -2 -2 0 -1 0 0 0 0 -1 0 0 0 -1 -2 0 0 -2 -2 0 0
1.09111476642725 -0.557212983983487 -0.683439013795578 -1.41948857005324 -0.739517492184584 -1 2 2 2 2 1 1 0 1 1 1 0 2 0 1 0 1 0 0 1 1 1 1 2 0 1 2 2 2 0 2 2 0 0 0 0 2 0 2 2 0 2 0 1 2 0 0 0 0 2 0 1 0 2 0 0 0 2 2 2 1 0 2 0 1 0 0 2 1 1 0 1 0 2 2 2 2 2 2 1 0 2 2 0 0 0 2 0 1 1 1 1 0 0 1 0 0 2 2 1 1 -2 -2 -2 -2 -1 -1 0 -1 -1 -1 0 -2 0 -1 0 -1 0 0 -1 -1 -1 -1 -2 0 -1 -2 -2 -2 0 -2 -2 0 0 0 0 -2 0 -2 -2 0 -2 0 -1 -2 0 0 0 0 -2 0 -1 0 -2 0 0 0 -2 -2 -2 -1 0 -2 0 -1 0 0 -2 -1 -1 0 -1 0 -2 -2 -2 -2 -2 -2 -1 0 -2 -2 0 0 0 -2 0 -1 -1 -1 -1 0 0 -1 0 0 -2 -2 -1 -1
1.47161564425443 -1.50173790637576 -1.14935037533654 1.26904258059515 -0.0364785813444104 1 0 0 2 0 1 1 0 1 1 1 0 2 0 2 0 0 0 0 1 2 2 0 2 2 1 2 2 1 0 1 2 0 0 0 1 2 0 2 2 1 2 1 1 2 0 2 0 1 2 0 0 0 2 0 0 0 1 1 2 0 0 2 0 1 0 0 2 1 1 1 2 0 2 1 2 2 1 2 0 0 2 1 0 0 0 1 0 0 1 0 0 0 1 1 0 0 2 2 0 0 0 0 2 0 1 1 0 1 1 1 0 2 0 2 0 0 0 0 1 2 2 0 2 2 1 2 2 1 0 1 2 0 0 0 1 2 0 2 2 1 2 1 1 2 0 2 0 1 2 0 0 0 2 0 0 0 1 1 2 0 0 2 0 1 0 0 2 1 1 1 2 0 2 1 2 2 1 2 0 0 2 1 0 0 0 1 0 0 1 0 0 0 1 1 0 0 2 2 0 0
-0.134226671680371 1.65960884330421 1.55630069993811 0.0666117749528871 0.734626190900979 1 1 0 2 1 1 1 0 0 1 1 0 2 0 2 0 1 0 0 1 1 2 0 2 2 1 1 1 2 0 1 0 0 0 1 0 2 1 1 2 1 2 1 0 2 0 0 0 1 2 2 2 0 2 1 0 1 1 1 2 0 0 2 0 1 0 0 2 2 2 1 2 1 2 2 2 2 2 2 2 0 2 2 0 1 0 2 1 1 2 1 1 0 1 2 0 0 2 2 0 0 1 0 2 1 1 1 0 0 1 1 0 2 0 2 0 1 0 0 1 1 2 0 2 2 1 1 1 2 0 1 0 0 0 1 0 2 1 1 2 1 2 1 0 2 0 0 0 1 2 2 2 0 2 1 0 1 1 1 2 0 0 2 0 1 0 0 2 2 2 1 2 1 2 2 2 2 2 2 2 0 2 2 0 1 0 2 1 1 2 1 1 0 1 2 0 0 2 2 0 0
-0.0407749417498382 0.139771132677156 -0.444431592645567 -2.56752306950622 -1.12092879618485 -1 1 1 2 1 1 1 0 0 1 1 0 1 0 1 1 1 0 0 0 2 1 0 2 1 2 2 1 2 0 1 1 0 1 1 0 2 0 1 2 0 2 1 1 1 0 0 1 2 2 1 1 0 2 0 0 0 2 2 2 1 0 2 0 1 0 0 2 1 2 0 1 1 2 2 2 2 2 2 0 0 2 0 0 1 0 2 2 2 2 0 0 0 1 0 0 0 1 2 0 1 -1 -1 -2 -1 -1 -1 0 0 -1 -1 0 -1 0 -1 -1 -1 0 0 0 -2 -1 0 -2 -1 -2 -2 -1 -2 0 -1 -1 0 -1 -1 0 -2 0 -1 -2 0 -2 -1 -1 -1 0 0 -1 -2 -2 -1 -1 0 -2 0 0 0 -2 -2 -2 -1 0 -2 0 -1 0 0 -2 -1 -2 0 -1 -1 -2 -2 -2 -2 -2 -2 0 0 -2 0 0 -1 0 -2 -2 -2 -2 0 0 0 -1 0 0 0 -1 -2 0 -1
-0.566186279596873 0.981327262608955 0.156823404749728 1.8884740275348 -0.933630856779407 1 0 0 2 0 0 0 0 0 1 0 0 2 1 2 0 0 0 0 2 2 2 1 2 0 1 1 1 1 0 1 0 0 0 0 1 1 0 1 2 0 2 0 0 2 0 0 0 0 1 0 1 1 2 1 0 0 1 1 1 2 0 2 1 1 0 0 2 2 2 1 2 2 2 1 0 2 2 2 1 0 1 0 0 1 1 2 0 1 1 0 1 0 1 2 0 0 2 2 1 2 0 0 2 0 0 0 0 0 1 0 0 2 1 2 0 0 0 0 2 2 2 1 2 0 1 1 1 1 0 1 0 0 0 0 1 1 0 1 2 0 2 0 0 2 0 0 0 0 1 0 1 1 2 1 0 0 1 1 1 2 0 2 1 1 0 0 2 2 2 1 2 2 2 1 0 2 2 2 1 0 1 0 0 1 1 2 0 1 1 0 1 0 1 2 0 0 2 2 1 2
1.4155333056857 0.5720053062457 -1.43500697560746 1.74763317160672 -1.88134395265749 -1 0 0 2 0 0 0 0 0 2 2 0 1 0 2 0 0 0 0 2 2 1 0 2 2 2 2 1 1 0 2 1 0 1 0 1 2 0 0 2 0 1 1 0 1 0 1 0 1 1 0 1 1 2 1 0 1 2 2 2 1 0 2 0 2 0 0 2 1 2 1 2 1 1 1 2 2 2 2 2 0 2 2 1 1 0 1 1 2 2 0 1 1 1 2 0 1 2 1 0 1 0 0 -2 0 0 0 0 0 -2 -2 0 -1 0 -2 0 0 0 0 -2 -2 -1 0 -2 -2 -2 -2 -1 -1 0 -2 -1 0 -1 0 -1 -2 0 0 -2 0 -1 -1 0 -1 0 -1 0 -1 -1 0 -1 -1 -2 -1 0 -1 -2 -2 -2 -1 0 -2 0 -2 0 0 -2 -1 -2 -1 -2 -1 -1 -1 -2 -2 -2 -2 -2 0 -2 -2 -1 -1 0 -1 -1 -2 -2 0 -1 -1 -1 -2 0 -1 -2 -1 0 -1
0.58448428780518 -2.16382676993569 -0.802487374302742 -1.47980465389567 1.15416639569652 -1 1 0 2 2 1 1 1 0 1 1 0 2 1 2 1 0 0 1 2 2 0 0 2 2 1 2 2 1 0 0 0 0 0 1 1 2 0 2 2 0 1 1 0 1 0 1 1 2 2 1 2 0 2 0 0 2 2 2 2 2 0 2 0 0 0 1 2 2 2 0 1 2 2 2 2 2 2 2 1 0 1 0 1 1 1 2 1 1 2 0 1 0 1 2 0 0 2 2 1 2 -1 0 -2 -2 -1 -1 -1 0 -1 -1 0 -2 -1 -2 -1 0 0 -1 -2 -2 0 0 -2 -2 -1 -2 -2 -1 0 0 0 0 0 -1 -1 -2 0 -2 -2 0 -1 -1 0 -1 0 -1 -1 -2 -2 -1 -2 0 -2 0 0 -2 -2 -2 -2 -2 0 -2 0 0 0 -1 -2 -2 -2 0 -1 -2 -2 -2 -2 -2 -2 -2 -1 0 -1 0 -1 -1 -1 -2 -1 -1 -2 0 -1 0 -1 -2 0 0 -2 -2 -1 -2
-0.670240577306263 0.176389784488891 1.06750700802042 0.909814437505142 -0.845631523597634 -1 1 1 2 0 0 2 1 1 2 2 0 2 0 2 0 0 0 0 2 1 1 1 2 2 2 2 2 1 0 1 1 0 0 2 0 2 0 2 2 0 2 0 0 1 0 0 0 0 2 2 1 0 2 1 1 1 2 2 2 1 0 2 1 2 0 0 2 2 2 1 1 0 2 2 2 2 2 2 1 0 2 1 0 0 0 1 1 2 2 1 1 0 0 2 0 0 2 2 0 1 -1 -1 -2 0 0 -2 -1 -1 -2 -2 0 -2 0 -2 0 0 0 0 -2 -1 -1 -1 -2 -2 -2 -2 -2 -1 0 -1 -1 0 0 -2 0 -2 0 -2 -2 0 -2 0 0 -1 0 0 0 0 -2 -2 -1 0 -2 -1 -1 -1 -2 -2 -2 -1 0 -2 -1 -2 0 0 -2 -2 -2 -1 -1 0 -2 -2 -2 -2 -2 -2 -1 0 -2 -1 0 0 0 -1 -1 -2 -2 -1 -1 0 0 -2 0 0 -2 -2 0 -1
0.31497854496581 -0.192708351846655 0.103042619642647 -0.363346811851444 -1.11615553600595 -1 0 0 2 0 0 0 0 1 2 2 1 2 1 2 0 0 0 0 0 0 0 1 2 0 1 0 0 1 0 0 1 0 0 1 2 2 1 2 2 1 2 1 0 1 0 1 0 1 2 0 1 0 2 2 1 1 2 2 2 1 0 2 0 1 0 0 2 1 1 0 1 1 2 2 2 2 2 2 1 0 2 2 0 2 0 2 2 1 1 1 2 1 1 1 0 0 2 2 1 1 0 0 -2 0 0 0 0 -1 -2 -2 -1 -2 -1 -2 0 0 0 0 0 0 0 -1 -2 0 -1 0 0 -1 0 0 -1 0 0 -1 -2 -2 -1 -2 -2 -1 -2 -1 0 -1 0 -1 0 -1 -2 0 -1 0 -2 -2 -1 -1 -2 -2 -2 -1 0 -2 0 -1 0 0 -2 -1 -1 0 -1 -1 -2 -2 -2 -2 -2 -2 -1 0 -2 -2 0 -2 0 -2 -2 -1 -1 -1 -2 -1 -1 -1 0 0 -2 -2 -1 -1
-0.0519151041121891 0.0711358511141865 0.674802473281453 -1.21851080923341 0.176745412979896 1 1 1 2 2 1 0 0 0 2 0 0 2 0 1 0 0 0 0 0 1 1 0 2 1 1 1 2 2 1 2 1 0 0 1 1 2 0 1 2 0 2 1 0 0 0 0 0 1 1 0 1 0 1 0 0 0 0 1 2 2 0 2 0 2 1 0 2 2 2 1 1 2 2 2 2 2 2 2 1 0 1 1 1 1 0 1 1 1 1 0 2 1 2 2 0 1 2 2 2 2 1 1 2 2 1 0 0 0 2 0 0 2 0 1 0 0 0 0 0 1 1 0 2 1 1 1 2 2 1 2 1 0 0 1 1 2 0 1 2 0 2 1 0 0 0 0 0 1 1 0 1 0 1 0 0 0 0 1 2 2 0 2 0 2 1 0 2 2 2 1 1 2 2 2 2 2 2 2 1 0 1 1 1 1 0 1 1 1 1 0 2 1 2 2 0 1 2 2 2 2
-0.158695198197164 0.0546086528528606 -0.676739082906245 -0.141931830515421 0.632744912948291 1 0 0 2 2 2 2 1 0 1 1 2 2 2 2 0 1 0 0 0 2 1 0 2 2 1 2 2 2 0 1 0 0 0 0 0 2 0 2 2 1 2 1 1 2 0 0 0 0 0 0 1 1 2 1 0 0 1 2 2 1 0 2 0 1 0 0 2 1 1 0 1 0 2 2 2 2 2 2 2 0 2 2 0 0 1 2 0 0 0 0 0 0 0 1 0 1 2 1 0 0 0 0 2 2 2 2 1 0 1 1 2 2 2 2 0 1 0 0 0 2 1 0 2 2 1 2 2 2 0 1 0 0 0 0 0 2 0 2 2 1 2 1 1 2 0 0 0 0 0 0 1 1 2 1 0 0 1 2 2 1 0 2 0 1 0 0 2 1 1 0 1 0 2 2 2 2 2 2 2 0 2 2 0 0 1 2 0 0 0 0 0 0 0 1 0 1 2 1 0 0
0.444687751648683 0.686730715247058 -0.296408366362832 0.871752895455291 0.876690821744821 -1 0 0 2 2 2 1 1 2 2 2 0 2 1 2 0 0 0 0 2 1 1 0 2 1 0 1 2 0 0 1 1 0 0 2 2 2 0 1 2 0 0 0 0 2 0 0 0 1 2 2 0 0 2 0 0 0 1 1 1 1 0 2 0 1 0 0 2 1 1 1 2 2 2 2 1 2 2 2 2 1 2 2 1 2 1 2 1 1 1 1 1 0 0 1 0 1 2 1 0 0 0 0 -2 -2 -2 -1 -1 -2 -2 -2 0 -2 -1 -2 0 0 0 0 -2 -1 -1 0 -2 -1 0 -1 -2 0 0 -1 -1 0 0 -2 -2 -2 0 -1 -2 0 0 0 0 -2 0 0 0 -1 -2 -2 0 0 -2 0 0 0 -1 -1 -1 -1 0 -2 0 -1 0 0 -2 -1 -1 -1 -2 -2 -2 -2 -1 -2 -2 -2 -2 -1 -2 -2 -1 -2 -1 -2 -1 -1 -1 -1 -1 0 0 -1 0 -1 -2 -1 0 0
1.79720771439315 -0.643767831230965 -0.675363887987296 0.850224865876464 0.299134465204656 -1 2 1 2 2 2 0 0 0 1 1 0 2 1 2 0 0 1 0 2 2 1 1 2 2 0 1 1 0 0 1 0 0 0 0 1 2 0 2 2 1 2 1 1 1 0 1 1 1 2 1 0 1 2 0 0 1 2 2 2 1 0 2 0 2 0 0 2 1 1 1 0 2 2 2 2 2 2 2 1 0 2 2 0 1 0 1 0 1 2 1 0 0 1 1 0 0 1 1 0 1 -2 -1 -2 -2 -2 0 0 0 -1 -1 0 -2 -1 -2 0 0 -1 0 -2 -2 -1 -1 -2 -2 0 -1 -1 0 0 -1 0 0 0 0 -1 -2 0 -2 -2 -1 -2 -1 -1 -1 0 -1 -1 -1 -2 -1 0 -1 -2 0 0 -1 -2 -2 -2 -1 0 -2 0 -2 0 0 -2 -1 -1 -1 0 -2 -2 -2 -2 -2 -2 -2 -1 0 -2 -2 0 -1 0 -1 0 -1 -2 -1 0 0 -1 -1 0 0 -1 -1 0 -1
-0.0214763570455937 -0.240478592278483 -0.0144266483361987 0.00521048889820281 -0.134001759678853 -1 1 0 2 1 1 0 0 0 0 1 0 2 0 2 0 0 0 1 1 1 2 0 2 1 1 2 1 2 0 2 1 0 1 2 1 1 0 2 2 0 2 1 1 2 0 1 1 0 2 0 0 0 2 0 0 0 1 2 2 2 0 2 0 0 0 0 2 2 2 0 2 2 2 2 2 1 2 2 2 0 2 2 0 0 0 1 0 1 0 0 1 0 2 2 0 0 1 2 0 0 -1 0 -2 -1 -1 0 0 0 0 -1 0 -2 0 -2 0 0 0 -1 -1 -1 -2 0 -2 -1 -1 -2 -1 -2 0 -2 -1 0 -1 -2 -1 -1 0 -2 -2 0 -2 -1 -1 -2 0 -1 -1 0 -2 0 0 0 -2 0 0 0 -1 -2 -2 -2 0 -2 0 0 0 0 -2 -2 -2 0 -2 -2 -2 -2 -2 -1 -2 -2 -2 0 -2 -2 0 0 0 -1 0 -1 0 0 -1 0 -2 -2 0 0 -1 -2 0 0
1.01397122323196 -1.29340481502582 0.642166013704922 0.830569070471022 -0.132708035781742 1 1 0 2 2 2 1 1 1 1 0 2 2 0 2 0 2 0 0 1 1 1 0 2 0 1 1 2 2 0 1 0 0 0 1 0 2 0 2 2 1 2 1 0 1 0 0 1 1 2 1 0 0 2 2 0 1 2 2 2 2 0 2 0 1 0 1 2 2 2 1 2 1 2 2 2 2 2 2 1 0 2 2 1 1 1 2 1 2 2 1 2 1 1 1 0 1 2 2 0 2 1 0 2 2 2 1 1 1 1 0 2 2 0 2 0 2 0 0 1 1 1 0 2 0 1 1 2 2 0 1 0 0 0 1 0 2 0 2 2 1 2 1 0 1 0 0 1 1 2 1 0 0 2 2 0 1 2 2 2 2 0 2 0 1 0 1 2 2 2 1 2 1 2 2 2 2 2 2 1 0 2 2 1 1 1 2 1 2 2 1 2 1 1 1 0 1 2 2 0 2
-0.932021145822165 -1.17271274376204 0.368611635083295 0.270290818890355 -0.266626386885211 -1 1 0 2 1 1 1 0 1 2 1 1 2 0 2 0 0 0 0 0 0 0 1 2 0 1 1 1 2 0 2 1 0 0 1 1 2 0 2 2 0 2 2 2 2 0 0 0 1 1 0 1 0 2 1 1 0 1 1 2 1 0 2 1 1 0 0 1 1 1 0 2 2 2 2 2 2 2 2 1 0 2 1 0 1 0 1 1 2 1 1 2 1 1 1 0 1 2 1 0 0 -1 0 -2 -1 -1 -1 0 -1 -2 -1 -1 -2 0 -2 0 0 0 0 0 0 0 -1 -2 0 -1 -1 -1 -2 0 -2 -1 0 0 -1 -1 -2 0 -2 -2 0 -2 -2 -2 -2 0 0 0 -1 -1 0 -1 0 -2 -1 -1 0 -1 -1 -2 -1 0 -2 -1 -1 0 0 -1 -1 -1 0 -2 -2 -2 -2 -2 -2 -2 -2 -1 0 -2 -1 0 -1 0 -1 -1 -2 -1 -1 -2 -1 -1 -1 0 -1 -2 -1 0 0
-0.286821542412724 0.101669444994404 0.445024950097747 0.154828652380803 -0.147126994925552 -1 1 1 2 1 1 1 0 0 1 2 0 2 1 2 0 1 0 0 1 2 2 0 2 1 2 2 0 2 0 1 1 0 1 2 2 2 1 1 2 0 0 0 0 1 0 1 1 0 0 1 1 0 2 0 0 0 2 2 2 1 0 2 0 2 0 0 2 2 2 2 2 2 2 2 2 2 2 2 0 0 1 0 0 1 1 2 1 1 2 1 0 0 2 2 1 1 2 2 0 0 -1 -1 -2 -1 -1 -1 0 0 -1 -2 0 -2 -1 -2 0 -1 0 0 -1 -2 -2 0 -2 -1 -2 -2 0 -2 0 -1 -1 0 -1 -2 -2 -2 -1 -1 -2 0 0 0 0 -1 0 -1 -1 0 0 -1 -1 0 -2 0 0 0 -2 -2 -2 -1 0 -2 0 -2 0 0 -2 -2 -2 -2 -2 -2 -2 -2 -2 -2 -2 -2 0 0 -1 0 0 -1 -1 -2 -1 -1 -2 -1 0 0 -2 -2 -1 -1 -2 -2 0 0
0.553346202344351 0.0314719047820593 -0.895478101690115 -1.80546015648442 0.8593401875012 -1 1 1 2 2 1 0 0 1 1 1 1 2 0 2 0 1 0 0 1 2 2 0 2 1 2 2 2 1 0 0 1 0 0 1 1 2 0 0 2 0 2 1 0 1 0 0 1 2 2 0 2 0 2 1 0 0 0 2 2 2 0 2 0 1 0 1 2 0 0 0 1 2 2 2 2 2 2 2 1 0 2 2 0 0 0 2 1 2 2 1 2 1 1 1 0 0 2 2 0 1 -1 -1 -2 -2 -1 0 0 -1 -1 -1 -1 -2 0 -2 0 -1 0 0 -1 -2 -2 0 -2 -1 -2 -2 -2 -1 0 0 -1 0 0 -1 -1 -2 0 0 -2 0 -2 -1 0 -1 0 0 -1 -2 -2 0 -2 0 -2 -1 0 0 0 -2 -2 -2 0 -2 0 -1 0 -1 -2 0 0 0 -1 -2 -2 -2 -2 -2 -2 -2 -1 0 -2 -2 0 0 0 -2 -1 -2 -2 -1 -2 -1 -1 -1 0 0 -2 -2 0 -1
0.0485126313521447 -0.200640448426169 0.313624846484332 -0.667991523092797 -0.478420020072605 1 0 0 2 1 0 1 0 0 1 0 0 2 1 2 0 1 0 0 2 1 1 0 2 1 1 1 1 0 0 2 1 0 0 1 1 2 0 1 2 1 2 1 0 1 0 1 1 1 2 0 2 0 2 2 0 1 2 2 2 2 0 2 0 0 0 0 2 2 1 0 1 1 2 2 2 2 2 2 0 0 2 1 1 1 1 2 1 2 2 1 0 0 1 1 0 0 0 1 1 0 0 0 2 1 0 1 0 0 1 0 0 2 1 2 0 1 0 0 2 1 1 0 2 1 1 1 1 0 0 2 1 0 0 1 1 2 0 1 2 1 2 1 0 1 0 1 1 1 2 0 2 0 2 2 0 1 2 2 2 2 0 2 0 0 0 0 2 2 1 0 1 1 2 2 2 2 2 2 0 0 2 1 1 1 1 2 1 2 2 1 0 0 1 1 0 0 0 1 1 0
-0.950545104589719 -0.470864534441957 -0.180983859904951 -0.58204436940454 -0.553596158138784 1 1 0 2 1 0 2 1 2 1 1 2 2 2 2 0 0 0 0 1 2 1 0 2 0 2 1 2 2 0 1 1 0 0 0 1 2 1 2 2 0 2 0 1 1 0 1 1 1 2 0 1 0 2 0 0 0 0 0 2 1 0 2 0 2 0 0 2 1 2 0 1 1 2 1 2 2 2 2 0 0 0 0 0 0 0 1 0 0 0 0 1 0 0 1 0 0 1 2 0 0 1 0 2 1 0 2 1 2 1 1 2 2 2 2 0 0 0 0 1 2 1 0 2 0 2 1 2 2 0 1 1 0 0 0 1 2 1 2 2 0 2 0 1 1 0 1 1 1 2 0 1 0 2 0 0 0 0 0 2 1 0 2 0 2 0 0 2 1 2 0 1 1 2 1 2 2 2 2 0 0 0 0 0 0 0 1 0 0 0 0 1 0 0 1 0 0 1 2 0 0
-0.814254255329019 -1.02995439538148 0.113886843819781 -0.394988478310953 1.31974830283122 -1 0 0 2 1 1 1 0 0 1 1 2 2 2 2 0 0 0 0 0 0 1 0 2 0 1 2 2 2 0 2 2 0 0 1 1 1 0 1 2 0 1 1 1 2 0 1 1 1 1 0 1 0 1 0 0 1 2 1 2 0 0 2 0 1 0 0 2 1 1 0 2 2 2 2 2 2 2 2 2 0 2 1 1 2 1 2 1 1 1 0 2 0 1 1 0 0 1 2 0 0 0 0 -2 -1 -1 -1 0 0 -1 -1 -2 -2 -2 -2 0 0 0 0 0 0 -1 0 -2 0 -1 -2 -2 -2 0 -2 -2 0 0 -1 -1 -1 0 -1 -2 0 -1 -1 -1 -2 0 -1 -1 -1 -1 0 -1 0 -1 0 0 -1 -2 -1 -2 0 0 -2 0 -1 0 0 -2 -1 -1 0 -2 -2 -2 -2 -2 -2 -2 -2 -2 0 -2 -1 -1 -2 -1 -2 -1 -1 -1 0 -2 0 -1 -1 0 0 -1 -2 0 0
-1.28944825253177 -0.216816888746733 0.212734915680345 -0.218237776334281 0.131890208109561 1 1 0 2 1 1 1 0 0 1 1 0 2 1 2 0 1 0 0 1 2 0 0 2 1 1 2 2 1 0 2 2 0 0 0 1 2 0 1 2 0 2 0 1 2 0 0 1 1 2 1 1 0 2 0 0 0 2 2 2 1 0 2 0 2 1 0 2 1 2 0 1 1 2 1 1 2 1 2 1 0 2 1 0 0 1 2 1 1 0 0 0 0 0 0 0 0 2 2 0 0 1 0 2 1 1 1 0 0 1 1 0 2 1 2 0 1 0 0 1 2 0 0 2 1 1 2 2 1 0 2 2 0 0 0 1 2 0 1 2 0 2 0 1 2 0 0 1 1 2 1 1 0 2 0 0 0 2 2 2 1 0 2 0 2 1 0 2 1 2 0 1 1 2 1 1 2 1 2 1 0 2 1 0 0 1 2 1 1 0 0 0 0 0 0 0 0 2 2 0 0
-0.738769010565528 -0.0111421644590133 0.840715991706736 -0.0420777265709113 -0.405732267334637 -1 0 0 2 0 0 0 1 1 2 2 1 2 1 2 0 1 0 0 1 1 1 0 2 0 0 0 1 2 0 1 1 0 0 1 0 1 0 2 2 1 2 1 0 2 1 2 1 2 2 1 2 0 2 0 0 1 1 2 1 2 0 2 0 2 0 1 2 2 2 0 1 2 2 1 1 2 2 2 2 0 2 1 0 0 1 2 1 1 2 1 0 0 0 1 0 0 1 1 0 1 0 0 -2 0 0 0 -1 -1 -2 -2 -1 -2 -1 -2 0 -1 0 0 -1 -1 -1 0 -2 0 0 0 -1 -2 0 -1 -1 0 0 -1 0 -1 0 -2 -2 -1 -2 -1 0 -2 -1 -2 -1 -2 -2 -1 -2 0 -2 0 0 -1 -1 -2 -1 -2 0 -2 0 -2 0 -1 -2 -2 -2 0 -1 -2 -2 -1 -1 -2 -2 -2 -2 0 -2 -1 0 0 -1 -2 -1 -1 -2 -1 0 0 0 -1 0 0 -1 -1 0 -1
-0.950158668341361 0.481647475456926 -0.555001583081492 -1.68468782449525 1.6246036448795 -1 1 1 2 0 0 0 0 1 1 1 1 2 1 2 0 0 0 1 2 2 1 0 2 1 1 2 2 2 1 2 1 0 1 0 0 2 0 1 2 0 0 0 0 1 0 0 0 0 0 0 2 0 2 0 0 0 1 2 2 1 0 2 0 1 0 0 2 2 2 1 1 0 2 2 2 2 2 2 1 0 2 2 0 2 0 2 0 1 2 1 2 1 1 0 0 0 1 2 0 0 -1 -1 -2 0 0 0 0 -1 -1 -1 -1 -2 -1 -2 0 0 0 -1 -2 -2 -1 0 -2 -1 -1 -2 -2 -2 -1 -2 -1 0 -1 0 0 -2 0 -1 -2 0 0 0 0 -1 0 0 0 0 0 0 -2 0 -2 0 0 0 -1 -2 -2 -1 0 -2 0 -1 0 0 -2 -2 -2 -1 -1 0 -2 -2 -2 -2 -2 -2 -1 0 -2 -2 0 -2 0 -2 0 -1 -2 -1 -2 -1 -1 0 0 0 -1 -2 0 0
0.483171429463463 -0.577323785087601 -2.19491963324166 0.102628440137347 -0.295023538344562 1 0 0 2 1 1 1 0 1 2 1 2 2 1 2 0 0 0 1 1 0 1 1 2 1 2 2 2 2 0 2 1 0 0 0 0 1 0 2 2 0 2 1 2 2 0 2 2 0 2 0 0 0 2 0 0 0 2 2 2 2 0 2 0 1 0 0 2 1 0 0 1 2 2 2 2 2 2 2 1 0 2 1 0 1 1 2 2 2 1 1 0 0 1 1 0 0 2 2 0 1 0 0 2 1 1 1 0 1 2 1 2 2 1 2 0 0 0 1 1 0 1 1 2 1 2 2 2 2 0 2 1 0 0 0 0 1 0 2 2 0 2 1 2 2 0 2 2 0 2 0 0 0 2 0 0 0 2 2 2 2 0 2 0 1 0 0 2 1 0 0 1 2 2 2 2 2 2 2 1 0 2 1 0 1 1 2 2 2 1 1 0 0 1 1 0 0 2 2 0 1
0.948135533390178 0.333984881257512 0.392092104027618 -1.6048721368415 -1.46907616155533 -1 0 0 2 2 2 0 0 2 2 1 0 2 1 2 0 0 0 0 0 0 1 0 2 0 0 1 0 1 0 1 1 0 0 1 1 1 0 1 2 0 2 0 0 2 1 1 0 1 2 0 0 0 2 0 0 1 2 2 2 1 0 2 0 1 0 0 2 1 1 0 1 1 2 2 2 2 1 2 0 0 1 0 0 0 0 0 0 1 1 0 1 0 1 1 0 0 2 2 1 1 0 0 -2 -2 -2 0 0 -2 -2 -1 0 -2 -1 -2 0 0 0 0 0 0 -1 0 -2 0 0 -1 0 -1 0 -1 -1 0 0 -1 -1 -1 0 -1 -2 0 -2 0 0 -2 -1 -1 0 -1 -2 0 0 0 -2 0 0 -1 -2 -2 -2 -1 0 -2 0 -1 0 0 -2 -1 -1 0 -1 -1 -2 -2 -2 -2 -1 -2 0 0 -1 0 0 0 0 0 0 -1 -1 0 -1 0 -1 -1 0 0 -2 -2 -1 -1
-0.443979991808432 0.768947289329172 -0.240643637117469 1.09415190478588 0.423481100764115 1 0 0 2 1 1 1 0 1 1 2 0 2 0 2 0 1 0 0 1 2 1 0 2 2 2 2 2 2 0 1 1 0 0 1 2 2 0 0 2 0 2 2 0 1 1 1 0 1 2 1 1 1 2 0 0 0 2 2 2 2 0 2 1 2 0 0 2 1 1 1 1 2 2 2 2 2 2 2 1 0 2 0 0 0 0 1 0 1 1 1 1 0 2 2 0 1 2 2 0 1 0 0 2 1 1 1 0 1 1 2 0 2 0 2 0 1 0 0 1 2 1 0 2 2 2 2 2 2 0 1 1 0 0 1 2 2 0 0 2 0 2 2 0 1 1 1 0 1 2 1 1 1 2 0 0 0 2 2 2 2 0 2 1 2 0 0 2 1 1 1 1 2 2 2 2 2 2 2 1 0 2 0 0 0 0 1 0 1 1 1 1 0 2 2 0 1 2 2 0 1
0.0495616236633211 1.98875189489936 -0.729111381675113 0.778318619060937 -0.330995920884769 -1 1 0 2 2 1 1 0 0 2 2 1 2 1 2 0 1 1 0 1 1 0 2 2 0 2 2 2 1 0 2 1 0 0 1 1 2 0 2 2 0 2 2 1 1 1 1 1 2 2 2 2 2 2 2 0 0 2 2 2 1 0 2 0 1 0 0 2 1 1 0 2 1 2 2 2 2 1 2 2 0 1 2 0 1 0 1 0 1 1 0 0 0 1 2 0 2 2 2 0 1 -1 0 -2 -2 -1 -1 0 0 -2 -2 -1 -2 -1 -2 0 -1 -1 0 -1 -1 0 -2 -2 0 -2 -2 -2 -1 0 -2 -1 0 0 -1 -1 -2 0 -2 -2 0 -2 -2 -1 -1 -1 -1 -1 -2 -2 -2 -2 -2 -2 -2 0 0 -2 -2 -2 -1 0 -2 0 -1 0 0 -2 -1 -1 0 -2 -1 -2 -2 -2 -2 -1 -2 -2 0 -1 -2 0 -1 0 -1 0 -1 -1 0 0 0 -1 -2 0 -2 -2 -2 0 -1
0.657391611256753 0.829966229755964 -1.71567770860053 1.04491058184254 1.10591467062578 1 2 1 2 2 1 1 0 0 1 1 0 2 1 2 0 0 0 0 1 1 1 0 1 0 0 2 2 1 0 2 2 0 0 2 2 2 0 2 2 0 1 1 0 1 0 1 1 1 1 0 0 0 2 1 1 2 2 2 2 2 0 2 0 0 0 0 2 0 1 0 1 1 1 1 1 2 2 2 2 0 2 2 1 1 0 2 1 2 2 1 2 0 1 2 0 2 2 2 0 0 2 1 2 2 1 1 0 0 1 1 0 2 1 2 0 0 0 0 1 1 1 0 1 0 0 2 2 1 0 2 2 0 0 2 2 2 0 2 2 0 1 1 0 1 0 1 1 1 1 0 0 0 2 1 1 2 2 2 2 2 0 2 0 0 0 0 2 0 1 0 1 1 1 1 1 2 2 2 2 0 2 2 1 1 0 2 1 2 2 1 2 0 1 2 0 2 2 2 0 0
-1.22648003807082 -1.32891479120684 0.647923715952986 1.45676769955559 0.704109509529508 -1 0 0 2 1 2 1 0 0 0 0 0 2 2 2 0 0 0 0 1 1 2 0 2 1 2 1 1 2 0 2 2 0 0 1 2 2 0 1 2 0 2 2 1 1 0 0 0 1 2 1 1 1 2 1 1 0 2 2 2 2 0 2 1 2 0 0 2 2 1 0 1 2 2 2 2 2 2 2 1 0 2 1 0 1 1 1 1 1 2 2 2 2 1 2 1 2 2 2 0 2 0 0 -2 -1 -2 -1 0 0 0 0 0 -2 -2 -2 0 0 0 0 -1 -1 -2 0 -2 -1 -2 -1 -1 -2 0 -2 -2 0 0 -1 -2 -2 0 -1 -2 0 -2 -2 -1 -1 0 0 0 -1 -2 -1 -1 -1 -2 -1 -1 0 -2 -2 -2 -2 0 -2 -1 -2 0 0 -2 -2 -1 0 -1 -2 -2 -2 -2 -2 -2 -2 -1 0 -2 -1 0 -1 -1 -1 -1 -1 -2 -2 -2 -2 -1 -2 -1 -2 -2 -2 0 -2
0.521058901956837 0.70291607996524 -0.173971171648309 -2.77955238677622 -0.0270479065828088 1 0 0 2 2 0 1 0 1 1 0 0 1 0 2 1 1 0 0 0 1 2 1 2 1 2 2 2 1 0 2 1 0 1 0 2 2 0 1 2 0 2 2 0 1 0 0 1 0 2 0 1 1 2 0 0 0 2 2 1 1 0 1 0 2 0 0 2 2 2 0 1 1 1 0 0 2 1 2 2 0 2 1 0 1 0 2 0 1 0 1 1 0 1 0 0 1 2 2 1 0 0 0 2 2 0 1 0 1 1 0 0 1 0 2 1 1 0 0 0 1 2 1 2 1 2 2 2 1 0 2 1 0 1 0 2 2 0 1 2 0 2 2 0 1 0 0 1 0 2 0 1 1 2 0 0 0 2 2 1 1 0 1 0 2 0 0 2 2 2 0 1 1 1 0 0 2 1 2 2 0 2 1 0 1 0 2 0 1 0 1 1 0 1 0 0 1 2 2 1 0
0.0806045441386778 -0.265753308716652 0.664826885312958 -1.53433748999715 -0.526246685271348 1 0 0 2 1 1 0 0 0 0 0 0 2 0 1 0 0 0 0 1 1 1 0 2 1 1 2 1 2 0 1 0 0 0 1 0 1 1 2 2 0 2 2 1 2 0 2 2 1 1 0 0 0 1 0 0 0 2 2 2 0 0 2 0 2 0 1 2 2 2 0 2 0 1 2 2 2 2 2 1 0 2 2 0 1 0 2 0 0 0 0 1 1 2 2 0 2 2 2 0 0 0 0 2 1 1 0 0 0 0 0 0 2 0 1 0 0 0 0 1 1 1 0 2 1 1 2 1 2 0 1 0 0 0 1 0 1 1 2 2 0 2 2 1 2 0 2 2 1 1 0 0 0 1 0 0 0 2 2 2 0 0 2 0 2 0 1 2 2 2 0 2 0 1 2 2 2 2 2 1 0 2 2 0 1 0 2 0 0 0 0 1 1 2 2 0 2 2 2 0 0
-2.47583377898999 0.0910064312834818 0.149534797978319 1.10609742660684 -0.586007418442512 1 0 0 2 1 0 2 0 0 1 2 1 2 1 2 0 0 0 0 1 1 2 0 2 2 1 2 2 1 0 2 2 0 0 1 1 1 0 1 2 0 2 0 0 2 1 1 1 0 1 1 1 0 2 0 1 2 2 2 2 1 0 2 0 1 0 0 2 2 1 0 2 2 2 2 1 2 2 2 2 0 2 2 1 1 1 2 1 2 2 0 1 1 2 1 0 0 2 2 1 1 0 0 2 1 0 2 0 0 1 2 1 2 1 2 0 0 0 0 1 1 2 0 2 2 1 2 2 1 0 2 2 0 0 1 1 1 0 1 2 0 2 0 0 2 1 1 1 0 1 1 1 0 2 0 1 2 2 2 2 1 0 2 0 1 0 0 2 2 1 0 2 2 2 2 1 2 2 2 2 0 2 2 1 1 1 2 1 2 2 0 1 1 2 1 0 0 2 2 1 1
0.95958437708789 -0.658123922392673 0.0532396871604216 1.26563851826232 -0.812477059874557 1 0 1 2 2 1 0 0 1 1 2 0 2 1 2 0 0 0 0 2 2 1 0 2 0 1 2 2 1 0 1 1 0 0 1 1 2 0 2 2 0 2 1 1 0 0 0 0 0 2 1 0 0 2 1 0 1 2 2 2 2 0 2 0 1 0 0 1 1 0 0 0 1 2 2 1 2 2 2 1 0 2 0 0 1 1 2 2 1 2 0 1 0 1 1 0 0 0 2 0 0 0 1 2 2 1 0 0 1 1 2 0 2 1 2 0 0 0 0 2 2 1 0 2 0 1 2 2 1 0 1 1 0 0 1 1 2 0 2 2 0 2 1 1 0 0 0 0 0 2 1 0 0 2 1 0 1 2 2 2 2 0 2 0 1 0 0 1 1 0 0 0 1 2 2 1 2 2 2 1 0 2 0 0 1 1 2 2 1 2 0 1 0 1 1 0 0 0 2 0 0
-0.672435659932273 0.35729295306723 -1.57302122019263 -1.29471855746808 -0.420489300637473 -1 1 0 2 1 0 0 0 0 2 1 0 2 1 2 0 0 0 0 1 2 2 1 2 1 2 2 2 0 0 1 1 0 0 1 1 2 0 1 2 0 2 1 1 0 0 1 1 0 2 0 1 1 2 0 0 1 2 2 2 2 0 2 0 2 1 0 2 1 0 0 1 1 2 2 2 2 2 2 2 0 2 1 0 1 0 1 0 1 1 0 2 1 0 2 0 0 2 1 0 0 -1 0 -2 -1 0 0 0 0 -2 -1 0 -2 -1 -2 0 0 0 0 -1 -2 -2 -1 -2 -1 -2 -2 -2 0 0 -1 -1 0 0 -1 -1 -2 0 -1 -2 0 -2 -1 -1 0 0 -1 -1 0 -2 0 -1 -1 -2 0 0 -1 -2 -2 -2 -2 0 -2 0 -2 -1 0 -2 -1 0 0 -1 -1 -2 -2 -2 -2 -2 -2 -2 0 -2 -1 0 -1 0 -1 0 -1 -1 0 -2 -1 0 -2 0 0 -2 -1 0 0
-1.9625152766312 1.03971707436177 0.270223612308581 -1.30591909102629 0.697927552724212 -1 0 0 2 2 1 2 0 0 1 0 0 2 0 2 1 1 0 0 2 2 1 0 2 2 2 2 1 0 0 0 0 0 0 0 1 1 0 2 2 1 2 0 0 2 1 1 1 1 2 0 0 0 1 0 0 1 2 2 2 2 0 2 0 1 0 0 2 2 2 1 2 2 2 2 2 2 2 2 1 0 2 2 0 0 0 1 1 1 2 0 0 0 1 1 0 1 2 2 0 1 0 0 -2 -2 -1 -2 0 0 -1 0 0 -2 0 -2 -1 -1 0 0 -2 -2 -1 0 -2 -2 -2 -2 -1 0 0 0 0 0 0 0 -1 -1 0 -2 -2 -1 -2 0 0 -2 -1 -1 -1 -1 -2 0 0 0 -1 0 0 -1 -2 -2 -2 -2 0 -2 0 -1 0 0 -2 -2 -2 -1 -2 -2 -2 -2 -2 -2 -2 -2 -1 0 -2 -2 0 0 0 -1 -1 -1 -2 0 0 0 -1 -1 0 -1 -2 -2 0 -1
-0.244492465341277 2.07545833201064 0.53525217871457 -0.673880730879593 -0.520515555926364 -1 1 1 2 1 2 1 1 1 2 1 0 1 0 2 0 0 0 0 2 2 2 0 2 1 1 2 1 2 0 2 1 0 0 1 1 2 0 1 2 0 2 1 0 1 0 1 0 1 2 0 1 1 2 0 0 0 1 2 2 2 0 2 0 1 0 0 2 0 0 0 2 0 2 1 2 2 2 2 2 0 2 2 1 1 1 2 0 1 1 1 1 0 1 0 0 0 2 2 0 0 -1 -1 -2 -1 -2 -1 -1 -1 -2 -1 0 -1 0 -2 0 0 0 0 -2 -2 -2 0 -2 -1 -1 -2 -1 -2 0 -2 -1 0 0 -1 -1 -2 0 -1 -2 0 -2 -1 0 -1 0 -1 0 -1 -2 0 -1 -1 -2 0 0 0 -1 -2 -2 -2 0 -2 0 -1 0 0 -2 0 0 0 -2 0 -2 -1 -2 -2 -2 -2 -2 0 -2 -2 -1 -1 -1 -2 0 -1 -1 -1 -1 0 -1 0 0 0 -2 -2 0 0
1.20421859149816 0.939728439909606 0.324683915769668 -0.580047566069864 -0.327111098799488 1 0 0 1 1 0 0 0 1 2 2 1 2 2 2 0 0 0 0 1 1 1 0 2 0 0 1 2 1 0 0 0 0 0 0 1 2 0 1 2 0 2 1 0 2 0 1 0 0 2 1 2 1 2 1 0 1 1 1 2 1 0 2 0 1 0 0 2 2 2 0 1 1 2 1 2 2 2 2 2 0 2 1 0 0 0 2 1 1 2 1 1 0 0 1 0 0 2 1 0 0 0 0 1 1 0 0 0 1 2 2 1 2 2 2 0 0 0 0 1 1 1 0 2 0 0 1 2 1 0 0 0 0 0 0 1 2 0 1 2 0 2 1 0 2 0 1 0 0 2 1 2 1 2 1 0 1 1 1 2 1 0 2 0 1 0 0 2 2 2 0 1 1 2 1 2 2 2 2 2 0 2 1 0 0 0 2 1 1 2 1 1 0 0 1 0 0 2 1 0 0
-0.501993167231597 -0.485745762181672 0.0728702564261725 0.211116146212955 -0.0369197512006915 1 1 0 1 1 2 0 1 2 2 2 1 2 1 2 0 1 0 0 0 1 2 0 2 0 0 0 1 2 0 2 2 0 0 0 0 1 0 2 2 1 2 0 0 0 0 0 1 1 2 0 0 0 2 1 1 0 2 2 2 2 0 2 0 1 0 0 2 1 1 0 2 1 1 1 2 2 1 2 1 0 2 1 0 1 0 1 0 1 2 2 2 1 2 2 0 2 2 2 0 0 1 0 1 1 2 0 1 2 2 2 1 2 1 2 0 1 0 0 0 1 2 0 2 0 0 0 1 2 0 2 2 0 0 0 0 1 0 2 2 1 2 0 0 0 0 0 1 1 2 0 0 0 2 1 1 0 2 2 2 2 0 2 0 1 0 0 2 1 1 0 2 1 1 1 2 2 1 2 1 0 2 1 0 1 0 1 0 1 2 2 2 1 2 2 0 2 2 2 0 0
-0.0953124304300076 0.445419571557276 0.926672500931485 0.375387837812106 -0.179197829177044 1 0 0 2 2 1 0 0 0 1 1 0 2 1 2 0 2 0 0 1 1 0 0 1 1 1 2 1 2 0 2 1 0 0 1 2 2 2 0 2 0 1 0 1 2 0 0 1 0 0 0 1 0 2 0 0 0 2 2 2 2 0 2 0 1 0 0 2 2 2 1 2 1 1 1 2 2 2 2 2 0 2 2 0 1 1 2 1 2 2 0 1 0 0 1 0 0 2 2 0 0 0 0 2 2 1 0 0 0 1 1 0 2 1 2 0 2 0 0 1 1 0 0 1 1 1 2 1 2 0 2 1 0 0 1 2 2 2 0 2 0 1 0 1 2 0 0 1 0 0 0 1 0 2 0 0 0 2 2 2 2 0 2 0 1 0 0 2 2 2 1 2 1 1 1 2 2 2 2 2 0 2 2 0 1 1 2 1 2 2 0 1 0 0 1 0 0 2 2 0 0
-0.329744839660651 1.04510925800393 0.890412747452088 -0.104958141629417 -0.865025780601374 1 1 0 2 2 2 1 0 0 1 1 0 1 0 2 0 0 0 0 2 0 0 1 2 0 1 1 2 2 0 2 2 1 1 2 2 2 0 1 2 0 1 1 1 1 0 0 0 1 2 0 0 0 2 0 0 0 2 2 2 1 0 2 0 1 0 0 2 1 1 1 2 1 1 1 2 1 1 2 1 0 2 1 1 1 0 1 0 0 0 1 1 0 0 1 0 0 0 1 0 0 1 0 2 2 2 1 0 0 1 1 0 1 0 2 0 0 0 0 2 0 0 1 2 0 1 1 2 2 0 2 2 1 1 2 2 2 0 1 2 0 1 1 1 1 0 0 0 1 2 0 0 0 2 0 0 0 2 2 2 1 0 2 0 1 0 0 2 1 1 1 2 1 1 1 2 1 1 2 1 0 2 1 1 1 0 1 0 0 0 1 1 0 0 1 0 0 0 1 0 0
-1.37392684260082 -0.114570580457325 -0.434479833217549 0.918056368317316 0.757218097172993 -1 1 0 2 1 1 1 0 0 2 1 1 2 0 2 0 0 0 0 1 1 1 0 2 1 2 2 2 2 0 2 2 0 1 1 1 2 1 2 2 0 2 2 1 2 1 1 1 0 0 0 0 0 1 0 0 1 2 2 2 1 0 2 0 1 0 0 1 1 2 1 1 2 2 0 2 2 2 2 1 0 2 1 0 1 0 2 1 1 1 0 1 0 0 0 0 1 2 2 0 0 -1 0 -2 -1 -1 -1 0 0 -2 -1 -1 -2 0 -2 0 0 0 0 -1 -1 -1 0 -2 -1 -2 -2 -2 -2 0 -2 -2 0 -1 -1 -1 -2 -1 -2 -2 0 -2 -2 -1 -2 -1 -1 -1 0 0 0 0 0 -1 0 0 -1 -2 -2 -2 -1 0 -2 0 -1 0 0 -1 -1 -2 -1 -1 -2 -2 0 -2 -2 -2 -2 -1 0 -2 -1 0 -1 0 -2 -1 -1 -1 0 -1 0 0 0 0 -1 -2 -2 0 0
1.14407217824378 -0.703747782991159 0.706097457772384 0.176012190358664 -0.157484091507345 -1 0 0 2 2 1 0 0 0 1 1 1 2 0 2 0 1 0 0 1 1 0 1 2 0 1 2 2 2 1 2 1 0 0 1 1 2 0 1 2 0 2 1 0 2 0 1 1 1 2 2 1 0 2 0 0 1 2 2 2 2 0 2 1 2 1 0 2 1 1 0 1 1 2 2 2 2 1 2 2 0 2 2 0 1 0 2 1 1 2 0 0 0 1 2 0 0 2 2 0 0 0 0 -2 -2 -1 0 0 0 -1 -1 -1 -2 0 -2 0 -1 0 0 -1 -1 0 -1 -2 0 -1 -2 -2 -2 -1 -2 -1 0 0 -1 -1 -2 0 -1 -2 0 -2 -1 0 -2 0 -1 -1 -1 -2 -2 -1 0 -2 0 0 -1 -2 -2 -2 -2 0 -2 -1 -2 -1 0 -2 -1 -1 0 -1 -1 -2 -2 -2 -2 -1 -2 -2 0 -2 -2 0 -1 0 -2 -1 -1 -2 0 0 0 -1 -2 0 0 -2 -2 0 0
0.0429137652878822 -1.15775550428639 0.27033058273687 -0.699875304638617 -0.193627958313573 1 0 0 2 0 1 1 0 1 2 1 1 2 2 2 2 2 1 1 2 1 2 0 2 1 2 2 1 1 0 2 0 0 0 0 0 1 0 1 2 0 2 2 1 1 0 0 0 0 1 0 1 0 1 0 1 1 2 2 2 2 0 2 0 1 0 0 2 2 1 0 2 2 2 2 2 2 2 2 2 0 2 2 0 1 0 2 1 1 1 1 0 0 0 0 0 1 2 2 0 0 0 0 2 0 1 1 0 1 2 1 1 2 2 2 2 2 1 1 2 1 2 0 2 1 2 2 1 1 0 2 0 0 0 0 0 1 0 1 2 0 2 2 1 1 0 0 0 0 1 0 1 0 1 0 1 1 2 2 2 2 0 2 0 1 0 0 2 2 1 0 2 2 2 2 2 2 2 2 2 0 2 2 0 1 0 2 1 1 1 1 0 0 0 0 0 1 2 2 0 0
1.46517221130803 -1.1916391249294 -0.289438268900366 -0.0748938092157174 1.41549274013756 1 0 1 2 2 1 2 1 0 2 1 0 2 0 1 0 0 0 0 0 0 1 1 2 1 2 2 2 2 0 2 0 0 0 0 1 2 1 1 2 0 2 1 0 2 0 0 1 0 2 0 1 0 2 1 1 2 2 2 2 2 0 2 0 1 0 0 2 1 1 0 1 1 2 2 2 2 2 2 2 0 0 2 1 2 0 0 1 2 1 0 1 0 1 2 0 1 2 2 0 0 0 1 2 2 1 2 1 0 2 1 0 2 0 1 0 0 0 0 0 0 1 1 2 1 2 2 2 2 0 2 0 0 0 0 1 2 1 1 2 0 2 1 0 2 0 0 1 0 2 0 1 0 2 1 1 2 2 2 2 2 0 2 0 1 0 0 2 1 1 0 1 1 2 2 2 2 2 2 2 0 0 2 1 2 0 0 1 2 1 0 1 0 1 2 0 1 2 2 0 0
-1.76886980883978 1.17924476435409 0.384062960309611 -0.508734267857961 -0.517965329830031 1 1 0 2 2 1 0 0 0 0 0 1 2 2 2 0 1 0 0 1 0 1 0 2 1 0 2 2 1 0 1 0 0 0 0 2 2 0 1 2 0 0 1 0 2 1 1 1 2 2 1 1 0 2 1 0 0 1 2 1 1 0 1 0 2 0 0 2 1 2 0 2 1 1 1 1 2 2 2 2 0 2 2 0 2 1 2 0 1 1 1 2 0 1 2 0 1 2 1 0 1 1 0 2 2 1 0 0 0 0 0 1 2 2 2 0 1 0 0 1 0 1 0 2 1 0 2 2 1 0 1 0 0 0 0 2 2 0 1 2 0 0 1 0 2 1 1 1 2 2 1 1 0 2 1 0 0 1 2 1 1 0 1 0 2 0 0 2 1 2 0 2 1 1 1 1 2 2 2 2 0 2 2 0 2 1 2 0 1 1 1 2 0 1 2 0 1 2 1 0 1
-2.26607023566475 -1.12508166120509 0.726678125196968 -0.526823371482406 1.12921117216354 1 0 0 2 1 1 0 0 0 1 0 0 2 1 2 0 2 0 0 0 1 1 1 2 1 1 1 0 1 0 1 2 0 1 1 1 2 1 0 1 0 2 1 0 1 0 1 1 1 1 1 1 0 1 1 0 1 2 2 2 2 0 2 0 2 0 0 2 2 1 0 1 2 2 2 2 2 2 2 2 1 2 1 0 0 0 1 0 0 1 0 2 2 1 2 0 1 2 2 0 0 0 0 2 1 1 0 0 0 1 0 0 2 1 2 0 2 0 0 0 1 1 1 2 1 1 1 0 1 0 1 2 0 1 1 1 2 1 0 1 0 2 1 0 1 0 1 1 1 1 1 1 0 1 1 0 1 2 2 2 2 0 2 0 2 0 0 2 2 1 0 1 2 2 2 2 2 2 2 2 1 2 1 0 0 0 1 0 0 1 0 2 2 1 2 0 1 2 2 0 0
0.264520821133236 0.029610840159752 0.410305490126145 -0.0507902732125812 0.767125642437472 -1 1 0 2 0 1 1 0 0 2 1 1 2 1 2 0 0 0 0 0 0 1 1 2 1 1 2 2 2 0 2 2 1 1 2 1 2 0 2 2 0 1 1 1 0 0 1 2 1 2 0 1 0 2 2 1 2 2 2 2 1 0 2 0 1 0 0 2 1 1 0 2 1 2 2 1 1 2 2 2 1 2 1 0 2 0 2 0 1 1 0 1 1 2 2 0 0 0 1 0 0 -1 0 -2 0 -1 -1 0 0 -2 -1 -1 -2 -1 -2 0 0 0 0 0 0 -1 -1 -2 -1 -1 -2 -2 -2 0 -2 -2 -1 -1 -2 -1 -2 0 -2 -2 0 -1 -1 -1 0 0 -1 -2 -1 -2 0 -1 0 -2 -2 -1 -2 -2 -2 -2 -1 0 -2 0 -1 0 0 -2 -1 -1 0 -2 -1 -2 -2 -1 -1 -2 -2 -2 -1 -2 -1 0 -2 0 -2 0 -1 -1 0 -1 -1 -2 -2 0 0 0 -1 0 0
-2.13928427329394 -1.94751411541547 0.914865141486128 0.0367247225630817 -0.150242527370014 -1 0 0 2 1 0 0 0 1 2 1 1 2 1 2 0 1 0 0 2 1 2 1 2 1 0 1 0 2 0 2 2 1 0 2 2 2 1 0 2 0 1 0 1 2 1 1 1 2 1 1 1 0 2 0 0 0 1 2 1 1 0 2 0 1 0 0 2 1 1 1 1 1 2 2 2 2 1 2 1 0 2 2 1 2 0 1 1 2 1 1 1 1 0 0 0 0 2 1 0 0 0 0 -2 -1 0 0 0 -1 -2 -1 -1 -2 -1 -2 0 -1 0 0 -2 -1 -2 -1 -2 -1 0 -1 0 -2 0 -2 -2 -1 0 -2 -2 -2 -1 0 -2 0 -1 0 -1 -2 -1 -1 -1 -2 -1 -1 -1 0 -2 0 0 0 -1 -2 -1 -1 0 -2 0 -1 0 0 -2 -1 -1 -1 -1 -1 -2 -2 -2 -2 -1 -2 -1 0 -2 -2 -1 -2 0 -1 -1 -2 -1 -1 -1 -1 0 0 0 0 -2 -1 0 0
0.204388515256971 -1.1428225634038 0.860933857448842 0.849604957690575 -0.756831351051211 1 1 1 2 0 0 0 0 0 1 0 1 2 1 2 0 0 0 0 0 1 0 0 2 1 1 2 0 2 0 1 1 0 0 0 1 2 2 2 2 0 2 1 0 1 0 0 0 0 0 0 0 0 2 1 0 0 1 1 2 0 0 1 0 2 0 0 2 1 2 0 1 1 2 2 1 1 2 2 1 0 2 0 0 0 0 2 0 0 1 0 2 1 1 1 0 2 2 2 0 1 1 1 2 0 0 0 0 0 1 0 1 2 1 2 0 0 0 0 0 1 0 0 2 1 1 2 0 2 0 1 1 0 0 0 1 2 2 2 2 0 2 1 0 1 0 0 0 0 0 0 0 0 2 1 0 0 1 1 2 0 0 1 0 2 0 0 2 1 2 0 1 1 2 2 1 1 2 2 1 0 2 0 0 0 0 2 0 0 1 0 2 1 1 1 0 2 2 2 0 1
0.422546793931175 -0.371410899388147 0.904654663942186 -2.12444083206412 -0.459470217033843 1 0 0 2 1 0 1 1 0 2 1 0 2 1 2 0 0 0 0 0 1 2 0 2 2 1 2 2 2 0 0 1 0 0 2 2 2 0 1 2 0 2 1 1 0 0 0 2 2 2 0 0 0 2 0 0 0 2 2 1 1 0 2 0 0 0 0 2 2 2 1 2 1 1 2 2 2 2 2 0 0 1 1 0 0 0 2 1 1 1 1 1 0 1 1 0 1 2 1 0 0 0 0 2 1 0 1 1 0 2 1 0 2 1 2 0 0 0 0 0 1 2 0 2 2 1 2 2 2 0 0 1 0 0 2 2 2 0 1 2 0 2 1 1 0 0 0 2 2 2 0 0 0 2 0 0 0 2 2 1 1 0 2 0 0 0 0 2 2 2 1 2 1 1 2 2 2 2 2 0 0 1 1 0 0 0 2 1 1 1 1 1 0 1 1 0 1 2 1 0 0
0.506846931471319 0.753650846678011 0.29633944163396 -0.473358338578118 -0.0808754600771459 -1 0 0 2 1 1 1 1 1 1 0 1 2 1 1 0 1 1 0 2 2 1 0 2 2 1 2 2 1 0 2 1 0 0 0 1 2 0 1 2 0 1 0 1 2 2 1 1 2 2 2 1 0 1 0 0 0 1 1 2 1 0 2 0 0 0 0 2 1 2 0 0 1 2 1 1 2 1 2 2 0 2 2 1 0 0 2 2 1 1 2 1 0 1 2 0 0 2 1 0 0 0 0 -2 -1 -1 -1 -1 -1 -1 0 -1 -2 -1 -1 0 -1 -1 0 -2 -2 -1 0 -2 -2 -1 -2 -2 -1 0 -2 -1 0 0 0 -1 -2 0 -1 -2 0 -1 0 -1 -2 -2 -1 -1 -2 -2 -2 -1 0 -1 0 0 0 -1 -1 -2 -1 0 -2 0 0 0 0 -2 -1 -2 0 0 -1 -2 -1 -1 -2 -1 -2 -2 0 -2 -2 -1 0 0 -2 -2 -1 -1 -2 -1 0 -1 -2 0 0 -2 -1 0 0
