0.89220145697511 0.100058540824767 1.66874251937117 -0.625962791944424 -0.220828335831973 -1 2 2 0 2 1 2 0 0 1 2 2 0 2 2 2 1 2 1 2 2 0 2 2 2 0 0 2 1 2 0 2 2 2 1 2 2 2 0 2 2 0 2 0 1 0 1 2 1 1 1 2 1 0 0 1 0 1 0 1 0 2 0 0 0 0 0 0 2 0 0 0 0 1 1 0 1 2 0 0 1 1 0 2 0 2 0 0 2 2 2 1 0 1 0 2 0 1 2 0 2 -2 -2 0 -2 -1 -2 0 0 -1 -2 -2 0 -2 -2 -2 -1 -2 -1 -2 -2 0 -2 -2 -2 0 0 -2 -1 -2 0 -2 -2 -2 -1 -2 -2 -2 0 -2 -2 0 -2 0 -1 0 -1 -2 -1 -1 -1 -2 -1 0 0 -1 0 -1 0 -1 0 -2 0 0 0 0 0 0 -2 0 0 0 0 -1 -1 0 -1 -2 0 0 -1 -1 0 -2 0 -2 0 0 -2 -2 -2 -1 0 -1 0 -2 0 -1 -2 0 -2
0.0250000238993492 -1.13939449801575 -0.687549538560316 1.69173264039641 -0.886053713175642 -1 1 1 0 2 1 2 1 0 1 1 2 0 1 2 1 1 1 1 1 2 0 1 0 2 0 0 2 1 2 0 2 2 0 1 1 1 0 0 1 2 0 2 1 2 0 2 1 1 1 2 2 1 0 0 2 1 2 0 0 0 2 0 0 0 0 1 0 2 1 0 0 0 0 1 1 0 1 2 2 2 2 2 2 0 2 0 0 2 1 0 2 0 1 1 2 0 0 1 0 1 -1 -1 0 -2 -1 -2 -1 0 -1 -1 -2 0 -1 -2 -1 -1 -1 -1 -1 -2 0 -1 0 -2 0 0 -2 -1 -2 0 -2 -2 0 -1 -1 -1 0 0 -1 -2 0 -2 -1 -2 0 -2 -1 -1 -1 -2 -2 -1 0 0 -2 -1 -2 0 0 0 -2 0 0 0 0 -1 0 -2 -1 0 0 0 0 -1 -1 0 -1 -2 -2 -2 -2 -2 -2 0 -2 0 0 -2 -1 0 -2 0 -1 -1 -2 0 0 -1 0 -1
-0.635306151246742 0.145295334394863 -0.625115389779651 2.13727306901284 -0.223262383368165 1 2 2 0 1 1 0 0 0 0 2 2 0 1 2 0 0 2 2 2 2 0 2 2 2 1 0 2 1 2 1 2 2 2 2 2 2 1 1 1 0 1 2 0 2 0 2 2 2 1 2 2 1 0 0 1 2 2 1 2 0 2 1 0 0 0 2 0 1 0 0 0 0 0 1 0 0 0 0 2 2 2 2 2 1 2 1 1 2 2 1 2 0 1 2 2 0 1 2 0 1 2 2 0 1 1 0 0 0 0 2 2 0 1 2 0 0 2 2 2 2 0 2 2 2 1 0 2 1 2 1 2 2 2 2 2 2 1 1 1 0 1 2 0 2 0 2 2 2 1 2 2 1 0 0 1 2 2 1 2 0 2 1 0 0 0 2 0 1 0 0 0 0 0 1 0 0 0 0 2 2 2 2 2 1 2 1 1 2 2 1 2 0 1 2 2 0 1 2 0 1
1.42069939443593 -0.655012738442363 1.47877478256159 0.458998770745444 -0.0528371409750786 1 2 1 0 2 1 0 0 1 0 0 1 0 1 2 2 2 2 2 1 2 0 0 1 2 0 0 2 0 2 1 2 1 1 1 1 1 1 0 1 1 0 2 0 1 0 2 1 0 0 2 1 1 1 0 1 2 2 1 1 0 2 1 0 0 1 2 0 2 2 0 0 0 1 1 0 0 1 0 2 1 1 2 2 1 2 1 0 2 2 2 1 0 1 1 2 0 2 2 0 2 2 1 0 2 1 0 0 1 0 0 1 0 1 2 2 2 2 2 1 2 0 0 1 2 0 0 2 0 2 1 2 1 1 1 1 1 1 0 1 1 0 2 0 1 0 2 1 0 0 2 1 1 1 0 1 2 2 1 1 0 2 1 0 0 1 2 0 2 2 0 0 0 1 1 0 0 1 0 2 1 1 2 2 1 2 1 0 2 2 2 1 0 1 1 2 0 2 2 0 2
0.305962508651309 0.524972906623946 0.111881181942417 -0.0608648636454585 0.488530074877688 -1 0 2 0 2 1 0 0 2 2 1 2 0 0 1 0 0 2 2 1 1 0 0 1 2 0 1 2 1 2 0 2 1 1 0 1 2 2 1 2 2 0 1 0 1 0 2 2 0 1 2 2 1 1 0 0 1 1 0 0 0 2 0 0 0 0 1 0 2 2 0 0 0 1 1 0 0 1 0 1 1 2 1 2 0 2 1 1 2 2 2 2 1 2 2 2 2 1 2 1 2 0 -2 0 -2 -1 0 0 -2 -2 -1 -2 0 0 -1 0 0 -2 -2 -1 -1 0 0 -1 -2 0 -1 -2 -1 -2 0 -2 -1 -1 0 -1 -2 -2 -1 -2 -2 0 -1 0 -1 0 -2 -2 0 -1 -2 -2 -1 -1 0 0 -1 -1 0 0 0 -2 0 0 0 0 -1 0 -2 -2 0 0 0 -1 -1 0 0 -1 0 -1 -1 -2 -1 -2 0 -2 -1 -1 -2 -2 -2 -2 -1 -2 -2 -2 -2 -1 -2 -1 -2
-0.591472818353019 -0.182323644926268 0.944703527200199 0.721398025896985 -0.239356813952683 -1 1 1 0 2 1 1 1 1 1 1 2 0 2 1 1 1 2 2 1 1 0 0 2 2 0 1 2 2 2 0 1 2 1 0 0 0 0 0 2 2 1 2 1 1 2 2 2 0 0 2 2 1 1 0 1 2 2 0 0 1 2 1 0 0 0 2 0 2 2 0 0 0 2 2 1 1 2 1 1 0 1 1 1 0 2 0 1 2 2 2 2 0 2 2 2 0 0 2 0 2 -1 -1 0 -2 -1 -1 -1 -1 -1 -1 -2 0 -2 -1 -1 -1 -2 -2 -1 -1 0 0 -2 -2 0 -1 -2 -2 -2 0 -1 -2 -1 0 0 0 0 0 -2 -2 -1 -2 -1 -1 -2 -2 -2 0 0 -2 -2 -1 -1 0 -1 -2 -2 0 0 -1 -2 -1 0 0 0 -2 0 -2 -2 0 0 0 -2 -2 -1 -1 -2 -1 -1 0 -1 -1 -1 0 -2 0 -1 -2 -2 -2 -2 0 -2 -2 -2 0 0 -2 0 -2
0.286079477666555 -0.013093643328143 0.493981390611284 0.889972419288387 -0.24539350381841 -1 2 2 0 2 2 1 0 1 0 0 2 0 2 2 0 0 1 0 2 2 0 0 2 2 0 0 2 1 2 0 2 2 2 2 2 2 2 1 2 1 0 2 0 2 1 2 2 1 1 1 0 0 1 0 0 2 2 0 0 0 2 2 0 0 1 2 0 2 2 0 1 0 2 2 0 0 2 1 1 1 2 0 2 0 2 0 0 2 2 2 2 0 0 0 2 0 1 2 0 2 -2 -2 0 -2 -2 -1 0 -1 0 0 -2 0 -2 -2 0 0 -1 0 -2 -2 0 0 -2 -2 0 0 -2 -1 -2 0 -2 -2 -2 -2 -2 -2 -2 -1 -2 -1 0 -2 0 -2 -1 -2 -2 -1 -1 -1 0 0 -1 0 0 -2 -2 0 0 0 -2 -2 0 0 -1 -2 0 -2 -2 0 -1 0 -2 -2 0 0 -2 -1 -1 -1 -2 0 -2 0 -2 0 0 -2 -2 -2 -2 0 0 0 -2 0 -1 -2 0 -2
-0.135528572149324 0.250743293239911 -0.587105590787885 0.993116318904415 -0.633968512863986 1 2 2 0 2 2 1 0 2 1 2 2 0 1 1 0 1 2 2 1 1 0 1 1 2 0 0 2 1 2 0 1 1 2 1 1 1 2 2 2 1 0 2 1 2 1 2 1 1 1 2 1 0 1 0 2 2 2 1 2 1 2 0 0 0 1 1 0 1 1 0 0 0 2 2 0 0 0 0 2 1 2 2 2 1 2 1 0 2 2 2 2 0 1 1 2 0 0 1 0 2 2 2 0 2 2 1 0 2 1 2 2 0 1 1 0 1 2 2 1 1 0 1 1 2 0 0 2 1 2 0 1 1 2 1 1 1 2 2 2 1 0 2 1 2 1 2 1 1 1 2 1 0 1 0 2 2 2 1 2 1 2 0 0 0 1 1 0 1 1 0 0 0 2 2 0 0 0 0 2 1 2 2 2 1 2 1 0 2 2 2 2 0 1 1 2 0 0 1 0 2
0.50981468920528 -1.33521580910061 -0.819450007600351 -1.29013913656309 1.03075166047111 1 1 2 0 2 1 0 0 1 1 2 2 0 1 2 1 0 0 1 2 2 0 1 2 2 0 0 2 2 2 0 2 2 1 1 1 1 0 0 2 2 1 2 1 2 0 2 0 0 1 1 2 1 1 0 2 2 2 0 1 1 2 0 0 0 0 2 0 1 2 0 2 1 1 2 0 0 2 1 1 1 2 1 2 0 2 0 0 2 2 0 1 0 1 1 2 1 1 2 1 2 1 2 0 2 1 0 0 1 1 2 2 0 1 2 1 0 0 1 2 2 0 1 2 2 0 0 2 2 2 0 2 2 1 1 1 1 0 0 2 2 1 2 1 2 0 2 0 0 1 1 2 1 1 0 2 2 2 0 1 1 2 0 0 0 0 2 0 1 2 0 2 1 1 2 0 0 2 1 1 1 2 1 2 0 2 0 0 2 2 0 1 0 1 1 2 1 1 2 1 2
0.224386641532078 -0.217938926203976 -1.89698198462614 1.06030123197059 -0.372458612274083 1 2 2 0 2 2 2 1 1 0 0 2 0 0 1 0 0 1 1 0 1 0 0 1 2 0 1 2 2 2 1 2 2 0 1 2 2 1 1 1 1 0 2 0 1 1 2 1 1 0 1 2 1 2 0 2 2 2 1 2 0 2 0 0 0 1 2 0 1 1 0 0 0 1 1 0 0 2 0 1 1 2 1 2 0 2 1 1 2 1 1 1 0 0 0 2 1 0 2 0 2 2 2 0 2 2 2 1 1 0 0 2 0 0 1 0 0 1 1 0 1 0 0 1 2 0 1 2 2 2 1 2 2 0 1 2 2 1 1 1 1 0 2 0 1 1 2 1 1 0 1 2 1 2 0 2 2 2 1 2 0 2 0 0 0 1 2 0 1 1 0 0 0 1 1 0 0 2 0 1 1 2 1 2 0 2 1 1 2 1 1 1 0 0 0 2 1 0 2 0 2
0.855979198508752 0.759854119863129 -0.0313283400456131 1.22002250593576 -0.290560124066965 -1 2 2 1 2 1 1 0 0 0 0 2 0 1 2 1 1 1 1 2 2 0 1 2 1 0 0 2 1 2 1 2 1 1 0 2 2 1 0 2 1 0 1 0 1 0 1 0 0 0 2 2 0 1 0 1 0 2 0 2 1 2 1 0 0 1 1 0 2 2 0 1 1 1 2 0 0 0 0 0 0 1 0 1 0 1 0 0 2 1 0 1 0 1 2 2 1 1 1 0 2 -2 -2 -1 -2 -1 -1 0 0 0 0 -2 0 -1 -2 -1 -1 -1 -1 -2 -2 0 -1 -2 -1 0 0 -2 -1 -2 -1 -2 -1 -1 0 -2 -2 -1 0 -2 -1 0 -1 0 -1 0 -1 0 0 0 -2 -2 0 -1 0 -1 0 -2 0 -2 -1 -2 -1 0 0 -1 -1 0 -2 -2 0 -1 -1 -1 -2 0 0 0 0 0 0 -1 0 -1 0 -1 0 0 -2 -1 0 -1 0 -1 -2 -2 -1 -1 -1 0 -2
-0.575536925601071 -0.481306253632383 2.09516719822011 -0.25050031810943 0.294482981378283 -1 0 1 0 2 1 1 1 1 1 1 1 0 1 2 1 0 2 1 1 2 0 1 2 2 0 0 2 1 2 1 2 2 0 1 2 2 2 2 2 1 1 2 0 1 0 2 2 0 0 0 2 1 0 0 1 1 2 0 0 0 2 1 0 0 1 2 0 1 1 0 1 1 2 2 0 0 2 0 1 1 2 1 2 0 2 0 0 2 1 1 2 1 1 1 2 0 0 2 0 2 0 -1 0 -2 -1 -1 -1 -1 -1 -1 -1 0 -1 -2 -1 0 -2 -1 -1 -2 0 -1 -2 -2 0 0 -2 -1 -2 -1 -2 -2 0 -1 -2 -2 -2 -2 -2 -1 -1 -2 0 -1 0 -2 -2 0 0 0 -2 -1 0 0 -1 -1 -2 0 0 0 -2 -1 0 0 -1 -2 0 -1 -1 0 -1 -1 -2 -2 0 0 -2 0 -1 -1 -2 -1 -2 0 -2 0 0 -2 -1 -1 -2 -1 -1 -1 -2 0 0 -2 0 -2
-0.538043286545389 -1.30657186697767 -0.494148414432525 -0.694381004506301 -0.0301217993115047 -1 1 1 0 1 2 1 1 0 1 0 2 0 1 1 0 0 1 2 2 2 0 2 1 2 0 0 2 2 2 0 1 1 1 1 2 2 2 1 1 1 0 2 0 0 2 2 2 0 0 0 2 0 1 2 2 2 2 0 1 1 2 0 0 0 1 1 0 1 0 0 0 0 1 2 0 0 1 0 1 2 2 1 2 0 2 0 0 2 2 1 1 0 1 2 2 1 0 2 0 2 -1 -1 0 -1 -2 -1 -1 0 -1 0 -2 0 -1 -1 0 0 -1 -2 -2 -2 0 -2 -1 -2 0 0 -2 -2 -2 0 -1 -1 -1 -1 -2 -2 -2 -1 -1 -1 0 -2 0 0 -2 -2 -2 0 0 0 -2 0 -1 -2 -2 -2 -2 0 -1 -1 -2 0 0 0 -1 -1 0 -1 0 0 0 0 -1 -2 0 0 -1 0 -1 -2 -2 -1 -2 0 -2 0 0 -2 -2 -1 -1 0 -1 -2 -2 -1 0 -2 0 -2
-1.51637718409047 -1.39323901591429 -0.32706756256785 0.136797588142994 -1.38074421273984 -1 2 1 0 2 1 0 0 2 2 2 2 0 0 2 1 1 2 1 0 1 0 0 2 2 0 0 2 1 2 1 2 2 2 1 1 1 1 0 2 2 1 2 0 2 0 1 1 0 0 0 1 0 0 0 0 0 2 0 1 0 2 0 0 0 1 2 0 2 2 0 2 0 2 2 0 0 2 1 2 1 1 1 1 0 2 0 1 2 2 2 2 0 1 1 2 1 2 2 1 2 -2 -1 0 -2 -1 0 0 -2 -2 -2 -2 0 0 -2 -1 -1 -2 -1 0 -1 0 0 -2 -2 0 0 -2 -1 -2 -1 -2 -2 -2 -1 -1 -1 -1 0 -2 -2 -1 -2 0 -2 0 -1 -1 0 0 0 -1 0 0 0 0 0 -2 0 -1 0 -2 0 0 0 -1 -2 0 -2 -2 0 -2 0 -2 -2 0 0 -2 -1 -2 -1 -1 -1 -1 0 -2 0 -1 -2 -2 -2 -2 0 -1 -1 -2 -1 -2 -2 -1 -2
-0.0717428377508669 1.16454829864577 -0.612798474649793 -1.89264218558724 0.402578504387078 1 1 2 0 2 1 0 0 1 1 1 2 0 2 2 0 1 2 2 2 2 0 0 2 2 0 0 2 2 2 0 2 2 0 0 0 1 2 1 2 2 1 2 1 1 0 1 2 0 0 0 2 1 2 1 2 1 2 0 2 0 2 1 0 0 0 2 0 2 2 0 0 0 1 1 0 0 1 0 1 1 2 2 2 0 2 0 0 2 2 1 2 0 1 2 2 0 1 2 0 1 1 2 0 2 1 0 0 1 1 1 2 0 2 2 0 1 2 2 2 2 0 0 2 2 0 0 2 2 2 0 2 2 0 0 0 1 2 1 2 2 1 2 1 1 0 1 2 0 0 0 2 1 2 1 2 1 2 0 2 0 2 1 0 0 0 2 0 2 2 0 0 0 1 1 0 0 1 0 1 1 2 2 2 0 2 0 0 2 2 1 2 0 1 2 2 0 1 2 0 1
0.500406996802441 -0.0839643124636636 -0.731532457665376 -0.264990588983057 -1.1228940250835 1 2 2 0 2 1 2 0 1 2 1 2 0 0 2 1 2 2 2 1 1 0 1 2 2 1 0 2 1 2 2 2 2 0 0 1 1 2 0 0 0 0 1 0 1 1 2 1 0 0 2 1 1 1 0 2 2 2 0 0 0 2 1 0 1 2 2 0 2 2 0 2 0 1 2 0 0 0 0 1 0 1 0 2 0 1 0 1 2 2 1 2 0 1 1 2 1 0 2 1 2 2 2 0 2 1 2 0 1 2 1 2 0 0 2 1 2 2 2 1 1 0 1 2 2 1 0 2 1 2 2 2 2 0 0 1 1 2 0 0 0 0 1 0 1 1 2 1 0 0 2 1 1 1 0 2 2 2 0 0 0 2 1 0 1 2 2 0 2 2 0 2 0 1 2 0 0 0 0 1 0 1 0 2 0 1 0 1 2 2 1 2 0 1 1 2 1 0 2 1 2
0.98637437767331 -0.0524305148856802 1.77091624733548 1.00305310242126 -0.51269350091508 -1 2 2 0 2 2 0 1 1 2 1 2 0 2 2 2 1 2 2 0 2 0 1 2 2 0 0 2 1 2 0 2 1 1 1 1 1 2 1 2 2 0 2 0 0 1 2 2 0 0 2 2 1 2 1 1 1 2 1 1 0 2 1 1 0 0 2 0 1 2 0 0 0 1 0 0 0 2 0 1 0 1 0 1 0 2 0 0 2 2 1 2 0 0 2 2 1 1 2 0 2 -2 -2 0 -2 -2 0 -1 -1 -2 -1 -2 0 -2 -2 -2 -1 -2 -2 0 -2 0 -1 -2 -2 0 0 -2 -1 -2 0 -2 -1 -1 -1 -1 -1 -2 -1 -2 -2 0 -2 0 0 -1 -2 -2 0 0 -2 -2 -1 -2 -1 -1 -1 -2 -1 -1 0 -2 -1 -1 0 0 -2 0 -1 -2 0 0 0 -1 0 0 0 -2 0 -1 0 -1 0 -1 0 -2 0 0 -2 -2 -1 -2 0 0 -2 -2 -1 -1 -2 0 -2
0.465051622457287 -0.131981220094453 0.815309142250358 1.94308759913523 -1.44708226778431 -1 2 1 0 2 1 0 0 1 1 2 2 0 1 2 1 0 2 2 1 2 0 0 2 2 1 1 1 0 2 0 2 2 1 0 0 1 1 1 1 1 0 2 0 1 1 2 2 0 0 1 2 1 2 0 2 2 2 0 1 1 2 0 0 0 2 2 0 2 2 0 1 0 1 1 0 0 1 0 0 0 1 1 1 0 2 1 0 2 1 2 1 0 1 2 2 0 2 2 0 1 -2 -1 0 -2 -1 0 0 -1 -1 -2 -2 0 -1 -2 -1 0 -2 -2 -1 -2 0 0 -2 -2 -1 -1 -1 0 -2 0 -2 -2 -1 0 0 -1 -1 -1 -1 -1 0 -2 0 -1 -1 -2 -2 0 0 -1 -2 -1 -2 0 -2 -2 -2 0 -1 -1 -2 0 0 0 -2 -2 0 -2 -2 0 -1 0 -1 -1 0 0 -1 0 0 0 -1 -1 -1 0 -2 -1 0 -2 -1 -2 -1 0 -1 -2 -2 0 -2 -2 0 -1
0.80758824430061 -0.617577579016148 -0.505906814232061 -0.751323395274663 -2.03417902587574 1 2 2 0 2 2 1 2 0 1 2 2 0 2 2 1 0 2 2 2 1 0 0 1 2 0 1 2 2 2 1 2 2 1 1 1 2 2 1 2 2 0 2 0 1 1 2 2 1 1 0 2 2 2 1 0 1 2 0 1 0 2 1 0 0 0 2 0 2 1 0 0 0 1 1 0 1 1 0 2 2 2 2 2 1 2 0 0 2 0 2 2 0 1 2 2 1 2 2 0 2 2 2 0 2 2 1 2 0 1 2 2 0 2 2 1 0 2 2 2 1 0 0 1 2 0 1 2 2 2 1 2 2 1 1 1 2 2 1 2 2 0 2 0 1 1 2 2 1 1 0 2 2 2 1 0 1 2 0 1 0 2 1 0 0 0 2 0 2 1 0 0 0 1 1 0 1 1 0 2 2 2 2 2 1 2 0 0 2 0 2 2 0 1 2 2 1 2 2 0 2
-0.672017698422315 0.361789100165069 -1.53149974219794 0.221698842767567 1.60370904826982 1 2 2 1 2 2 2 1 0 0 0 2 0 1 2 1 1 1 2 2 1 0 0 2 2 0 0 2 1 2 1 2 2 1 1 1 2 1 0 1 2 0 2 0 0 2 2 1 0 0 1 2 1 0 0 0 1 2 0 1 1 2 2 0 0 0 1 0 2 2 0 1 0 0 1 0 1 2 1 2 2 2 2 2 1 2 2 1 2 2 1 2 0 0 0 2 0 0 2 0 1 2 2 1 2 2 2 1 0 0 0 2 0 1 2 1 1 1 2 2 1 0 0 2 2 0 0 2 1 2 1 2 2 1 1 1 2 1 0 1 2 0 2 0 0 2 2 1 0 0 1 2 1 0 0 0 1 2 0 1 1 2 2 0 0 0 1 0 2 2 0 1 0 0 1 0 1 2 1 2 2 2 2 2 1 2 2 1 2 2 1 2 0 0 0 2 0 0 2 0 1
-0.766317484567207 0.3836847407261 0.165587933165664 -0.00278255567240443 0.945711468310825 1 1 1 0 1 1 0 0 1 0 1 2 0 1 2 1 1 2 2 1 2 0 1 2 2 0 1 2 2 2 0 2 2 1 1 1 2 2 1 1 0 0 2 0 2 0 1 0 0 0 1 2 1 1 1 2 2 2 0 1 1 2 1 0 0 1 2 0 1 1 0 0 0 1 1 0 0 1 0 1 2 1 2 2 1 2 0 0 2 2 1 2 0 1 1 2 1 1 2 1 2 1 1 0 1 1 0 0 1 0 1 2 0 1 2 1 1 2 2 1 2 0 1 2 2 0 1 2 2 2 0 2 2 1 1 1 2 2 1 1 0 0 2 0 2 0 1 0 0 0 1 2 1 1 1 2 2 2 0 1 1 2 1 0 0 1 2 0 1 1 0 0 0 1 1 0 0 1 0 1 2 1 2 2 1 2 0 0 2 2 1 2 0 1 1 2 1 1 2 1 2
-1.1320928471888 -0.377412204119438 0.36923609222126 -1.46213393050332 -0.445833543289608 1 2 2 0 2 1 0 0 1 0 0 0 0 1 0 0 0 2 2 1 2 0 0 1 2 0 0 2 2 2 0 0 1 0 1 1 0 1 1 2 2 1 2 0 0 0 2 2 0 0 0 2 1 2 0 2 2 2 0 2 0 2 1 0 0 0 0 0 1 1 0 0 0 2 1 0 0 1 0 0 1 2 1 2 0 2 1 1 2 2 0 1 0 1 1 2 2 1 2 0 2 2 2 0 2 1 0 0 1 0 0 0 0 1 0 0 0 2 2 1 2 0 0 1 2 0 0 2 2 2 0 0 1 0 1 1 0 1 1 2 2 1 2 0 0 0 2 2 0 0 0 2 1 2 0 2 2 2 0 2 0 2 1 0 0 0 0 0 1 1 0 0 0 2 1 0 0 1 0 0 1 2 1 2 0 2 1 1 2 2 0 1 0 1 1 2 2 1 2 0 2
0.286169722862008 -0.749958792129295 0.69077021735522 -0.646235375944113 -0.47401891901276 -1 1 1 0 1 0 1 1 2 1 2 2 0 1 2 2 1 1 1 0 0 0 0 1 2 0 0 2 1 2 0 2 2 2 1 1 1 1 0 2 1 0 2 0 1 1 2 1 1 1 1 2 1 2 0 1 1 1 0 1 0 2 0 0 0 2 2 0 2 2 0 0 0 1 0 0 0 1 1 1 1 2 2 2 0 2 2 0 2 1 0 2 0 0 1 2 2 1 2 0 2 -1 -1 0 -1 0 -1 -1 -2 -1 -2 -2 0 -1 -2 -2 -1 -1 -1 0 0 0 0 -1 -2 0 0 -2 -1 -2 0 -2 -2 -2 -1 -1 -1 -1 0 -2 -1 0 -2 0 -1 -1 -2 -1 -1 -1 -1 -2 -1 -2 0 -1 -1 -1 0 -1 0 -2 0 0 0 -2 -2 0 -2 -2 0 0 0 -1 0 0 0 -1 -1 -1 -1 -2 -2 -2 0 -2 -2 0 -2 -1 0 -2 0 0 -1 -2 -2 -1 -2 0 -2
0.0108793226038027 -1.53848181431421 -1.70448751768391 0.529578305670311 0.346303794151069 -1 1 2 0 2 0 1 1 0 1 1 2 0 2 2 0 0 2 2 2 2 0 0 1 1 0 1 2 2 2 1 2 2 1 1 1 1 2 0 1 1 0 1 0 1 0 2 2 0 0 0 2 1 1 0 1 1 2 0 1 2 2 2 0 1 1 2 0 2 1 0 1 0 2 2 0 0 2 1 2 0 2 1 2 0 2 0 0 2 2 1 2 1 1 2 2 1 1 2 1 2 -1 -2 0 -2 0 -1 -1 0 -1 -1 -2 0 -2 -2 0 0 -2 -2 -2 -2 0 0 -1 -1 0 -1 -2 -2 -2 -1 -2 -2 -1 -1 -1 -1 -2 0 -1 -1 0 -1 0 -1 0 -2 -2 0 0 0 -2 -1 -1 0 -1 -1 -2 0 -1 -2 -2 -2 0 -1 -1 -2 0 -2 -1 0 -1 0 -2 -2 0 0 -2 -1 -2 0 -2 -1 -2 0 -2 0 0 -2 -2 -1 -2 -1 -1 -2 -2 -1 -1 -2 -1 -2
-1.01154992454469 -0.403088827121975 -1.27136267499882 -2.07070486409599 0.205321614243802 -1 2 2 0 2 2 1 0 1 0 0 1 0 0 1 0 1 2 1 0 1 0 1 2 2 0 1 2 1 2 1 2 2 1 2 1 1 2 2 2 2 0 1 1 2 1 2 1 1 0 1 2 0 1 0 2 0 1 0 1 1 2 2 0 0 1 1 0 2 2 0 1 0 1 2 1 0 2 2 2 2 2 2 2 0 2 0 0 2 2 1 2 0 0 1 2 2 1 2 0 1 -2 -2 0 -2 -2 -1 0 -1 0 0 -1 0 0 -1 0 -1 -2 -1 0 -1 0 -1 -2 -2 0 -1 -2 -1 -2 -1 -2 -2 -1 -2 -1 -1 -2 -2 -2 -2 0 -1 -1 -2 -1 -2 -1 -1 0 -1 -2 0 -1 0 -2 0 -1 0 -1 -1 -2 -2 0 0 -1 -1 0 -2 -2 0 -1 0 -1 -2 -1 0 -2 -2 -2 -2 -2 -2 -2 0 -2 0 0 -2 -2 -1 -2 0 0 -1 -2 -2 -1 -2 0 -1
-0.578627889396102 -1.38598660532727 -0.268305222160595 1.09341212333908 -1.05027347745069 -1 1 2 1 2 1 0 0 1 0 2 2 0 2 2 2 1 1 2 2 2 1 1 2 2 0 0 2 2 2 0 2 2 1 0 2 2 0 0 1 0 0 2 0 0 1 1 1 0 0 1 2 1 2 1 2 2 2 0 1 0 2 0 0 0 0 1 0 2 2 0 1 0 1 2 0 0 1 0 1 1 2 0 1 0 2 1 1 2 1 2 2 0 0 1 2 0 0 1 0 0 -1 -2 -1 -2 -1 0 0 -1 0 -2 -2 0 -2 -2 -2 -1 -1 -2 -2 -2 -1 -1 -2 -2 0 0 -2 -2 -2 0 -2 -2 -1 0 -2 -2 0 0 -1 0 0 -2 0 0 -1 -1 -1 0 0 -1 -2 -1 -2 -1 -2 -2 -2 0 -1 0 -2 0 0 0 0 -1 0 -2 -2 0 -1 0 -1 -2 0 0 -1 0 -1 -1 -2 0 -1 0 -2 -1 -1 -2 -1 -2 -2 0 0 -1 -2 0 0 -1 0 0
-0.215081214512397 -0.116742355853002 -0.0135190240157615 0.817970103645777 -0.403591346155102 1 1 0 0 2 1 1 1 1 1 1 2 0 2 2 1 2 2 2 1 2 0 0 1 1 0 0 2 1 2 0 2 2 1 2 1 2 2 1 2 2 0 2 0 1 1 2 2 1 0 1 2 1 1 0 0 2 1 0 1 0 2 1 0 0 1 2 0 2 1 0 1 0 1 1 0 0 0 0 1 1 1 0 1 0 2 0 0 2 2 2 1 0 0 1 2 1 0 2 0 1 1 0 0 2 1 1 1 1 1 1 2 0 2 2 1 2 2 2 1 2 0 0 1 1 0 0 2 1 2 0 2 2 1 2 1 2 2 1 2 2 0 2 0 1 1 2 2 1 0 1 2 1 1 0 0 2 1 0 1 0 2 1 0 0 1 2 0 2 1 0 1 0 1 1 0 0 0 0 1 1 1 0 1 0 2 0 0 2 2 2 1 0 0 1 2 1 0 2 0 1
-0.0486403692153251 -0.487270172329052 -0.0829614661306189 0.744062246130324 0.583070239014163 1 2 2 0 1 0 1 0 1 2 1 2 0 2 2 1 1 2 2 1 2 0 0 1 2 0 0 2 1 2 1 2 2 1 2 1 1 0 0 1 1 0 2 0 0 1 2 2 1 0 2 2 1 0 0 0 0 2 0 1 0 2 1 0 1 2 2 0 2 2 0 0 0 2 2 0 1 2 0 2 2 2 1 2 0 2 0 0 2 1 1 2 2 2 1 2 1 1 1 0 2 2 2 0 1 0 1 0 1 2 1 2 0 2 2 1 1 2 2 1 2 0 0 1 2 0 0 2 1 2 1 2 2 1 2 1 1 0 0 1 1 0 2 0 0 1 2 2 1 0 2 2 1 0 0 0 0 2 0 1 0 2 1 0 1 2 2 0 2 2 0 0 0 2 2 0 1 2 0 2 2 2 1 2 0 2 0 0 2 1 1 2 2 2 1 2 1 1 1 0 2
-0.217405472829314 0.252419720731278 -2.01344994358377 -0.329820763662893 1.39586034302626 1 0 1 0 2 1 1 0 0 0 1 2 1 2 2 0 0 1 2 1 2 1 2 2 2 0 0 2 1 2 0 1 1 0 1 1 1 1 0 2 2 0 2 0 1 1 2 2 1 1 2 2 1 1 2 2 1 2 0 0 1 2 1 0 0 2 2 0 2 2 0 0 0 1 2 0 0 2 0 2 1 2 2 2 2 2 1 0 2 2 1 1 0 1 1 2 0 0 2 0 2 0 1 0 2 1 1 0 0 0 1 2 1 2 2 0 0 1 2 1 2 1 2 2 2 0 0 2 1 2 0 1 1 0 1 1 1 1 0 2 2 0 2 0 1 1 2 2 1 1 2 2 1 1 2 2 1 2 0 0 1 2 1 0 0 2 2 0 2 2 0 0 0 1 2 0 0 2 0 2 1 2 2 2 2 2 1 0 2 2 1 1 0 1 1 2 0 0 2 0 2
-0.0358526637369265 -1.27222289940728 0.421726684940686 -0.998089753476901 -0.831795218770949 1 1 2 1 2 2 1 0 0 0 1 1 0 0 0 0 0 0 1 1 2 0 0 2 2 0 0 2 1 2 1 2 2 1 2 1 0 1 1 2 1 0 2 1 1 0 2 1 1 2 2 1 1 2 0 1 1 2 0 2 0 2 1 0 0 0 1 0 2 1 0 0 0 2 2 0 0 1 0 1 0 2 0 1 0 2 0 1 2 2 1 2 1 2 2 2 1 1 2 1 2 1 2 1 2 2 1 0 0 0 1 1 0 0 0 0 0 0 1 1 2 0 0 2 2 0 0 2 1 2 1 2 2 1 2 1 0 1 1 2 1 0 2 1 1 0 2 1 1 2 2 1 1 2 0 1 1 2 0 2 0 2 1 0 0 0 1 0 2 1 0 0 0 2 2 0 0 1 0 1 0 2 0 1 0 2 0 1 2 2 1 2 1 2 2 2 1 1 2 1 2
1.36186501899356 -0.335714193911585 -0.951975743322795 -0.825029383865939 0.435823313478553 1 1 2 0 2 2 1 0 1 0 1 2 0 1 2 2 1 1 2 1 2 0 0 1 2 0 0 2 1 1 0 2 2 1 1 1 1 1 0 0 2 1 2 1 2 1 2 2 0 0 1 2 2 1 0 2 2 2 0 1 0 2 0 0 1 0 2 0 2 0 0 0 0 1 1 0 0 1 0 2 2 2 1 1 0 2 0 0 2 2 1 1 1 2 1 2 1 1 2 0 2 1 2 0 2 2 1 0 1 0 1 2 0 1 2 2 1 1 2 1 2 0 0 1 2 0 0 2 1 1 0 2 2 1 1 1 1 1 0 0 2 1 2 1 2 1 2 2 0 0 1 2 2 1 0 2 2 2 0 1 0 2 0 0 1 0 2 0 2 0 0 0 0 1 1 0 0 1 0 2 2 2 1 1 0 2 0 0 2 2 1 1 1 2 1 2 1 1 2 0 2
0.0468297353209073 -2.42951092897666 -0.584141247309038 -0.860089943328451 0.636233695069133 1 1 1 0 2 2 0 0 1 1 2 2 0 2 2 1 0 0 0 0 2 1 2 2 2 1 0 2 2 2 1 2 2 1 2 1 1 1 0 1 1 0 2 0 1 0 0 1 0 0 0 2 0 2 0 0 2 2 1 2 0 2 2 0 0 2 2 0 2 1 0 0 0 1 1 0 0 1 1 2 2 2 1 2 0 2 0 0 2 0 0 2 1 2 1 2 1 1 2 1 2 1 1 0 2 2 0 0 1 1 2 2 0 2 2 1 0 0 0 0 2 1 2 2 2 1 0 2 2 2 1 2 2 1 2 1 1 1 0 1 1 0 2 0 1 0 0 1 0 0 0 2 0 2 0 0 2 2 1 2 0 2 2 0 0 2 2 0 2 1 0 0 0 1 1 0 0 1 1 2 2 2 1 2 0 2 0 0 2 0 0 2 1 2 1 2 1 1 2 1 2
0.228542412933866 -0.492837768748918 -1.07338888259635 -1.2684404329093 1.81325068403127 -1 2 1 0 2 1 0 0 2 0 1 2 0 2 2 1 1 2 2 1 1 0 1 2 2 1 0 2 2 2 0 2 2 2 2 1 1 2 0 1 2 0 2 0 2 0 1 1 0 0 2 2 1 2 0 2 2 2 0 2 1 2 0 0 1 0 2 0 2 1 0 0 0 1 1 0 0 1 1 1 0 2 0 2 0 2 0 0 2 2 0 2 0 2 1 2 1 1 2 1 2 -2 -1 0 -2 -1 0 0 -2 0 -1 -2 0 -2 -2 -1 -1 -2 -2 -1 -1 0 -1 -2 -2 -1 0 -2 -2 -2 0 -2 -2 -2 -2 -1 -1 -2 0 -1 -2 0 -2 0 -2 0 -1 -1 0 0 -2 -2 -1 -2 0 -2 -2 -2 0 -2 -1 -2 0 0 -1 0 -2 0 -2 -1 0 0 0 -1 -1 0 0 -1 -1 -1 0 -2 0 -2 0 -2 0 0 -2 -2 0 -2 0 -2 -1 -2 -1 -1 -2 -1 -2
-0.499045237034751 -0.436026574637213 0.829168351531913 -0.27791425192874 -1.8178756899158 -1 2 2 0 2 2 2 1 0 0 1 1 0 1 0 0 1 1 1 1 2 0 0 2 2 0 0 1 1 2 1 2 2 1 1 1 1 2 2 1 1 0 2 0 1 1 2 2 0 0 2 1 0 0 0 1 1 2 0 1 0 2 0 0 0 0 2 0 2 1 0 1 0 1 2 0 1 2 0 0 1 2 1 2 1 2 1 0 2 2 2 2 0 1 2 2 1 1 2 0 2 -2 -2 0 -2 -2 -2 -1 0 0 -1 -1 0 -1 0 0 -1 -1 -1 -1 -2 0 0 -2 -2 0 0 -1 -1 -2 -1 -2 -2 -1 -1 -1 -1 -2 -2 -1 -1 0 -2 0 -1 -1 -2 -2 0 0 -2 -1 0 0 0 -1 -1 -2 0 -1 0 -2 0 0 0 0 -2 0 -2 -1 0 -1 0 -1 -2 0 -1 -2 0 0 -1 -2 -1 -2 -1 -2 -1 0 -2 -2 -2 -2 0 -1 -2 -2 -1 -1 -2 0 -2
-0.40664110457312 -0.456287506546804 0.44045603763276 -1.19952805106761 1.10419918800581 1 2 2 0 2 0 0 1 1 1 2 2 0 2 2 1 2 1 2 1 2 0 1 0 2 0 0 2 2 2 1 2 2 2 0 2 2 1 1 1 1 0 2 0 0 0 2 2 1 1 2 2 1 1 0 1 1 2 0 1 0 2 0 0 0 1 2 0 1 0 0 1 0 1 0 0 0 1 0 2 2 2 1 1 0 2 0 0 2 1 1 2 0 1 1 2 2 1 2 0 2 2 2 0 2 0 0 1 1 1 2 2 0 2 2 1 2 1 2 1 2 0 1 0 2 0 0 2 2 2 1 2 2 2 0 2 2 1 1 1 1 0 2 0 0 0 2 2 1 1 2 2 1 1 0 1 1 2 0 1 0 2 0 0 0 1 2 0 1 0 0 1 0 1 0 0 0 1 0 2 2 2 1 1 0 2 0 0 2 1 1 2 0 1 1 2 2 1 2 0 2
-2.10472750929675 1.1846049105012 -0.0971127316872558 -0.466363614649257 -0.889902203957432 -1 2 2 0 2 2 0 0 0 0 1 2 0 1 1 0 1 2 2 2 2 0 1 2 2 0 0 2 0 2 1 1 2 2 2 2 2 1 0 2 1 0 2 0 1 1 2 1 1 2 2 2 2 2 1 0 0 1 0 2 1 2 0 0 0 1 1 0 1 2 0 1 0 2 2 0 1 2 0 2 1 1 0 1 0 2 2 1 2 1 0 1 0 0 1 2 1 1 2 0 2 -2 -2 0 -2 -2 0 0 0 0 -1 -2 0 -1 -1 0 -1 -2 -2 -2 -2 0 -1 -2 -2 0 0 -2 0 -2 -1 -1 -2 -2 -2 -2 -2 -1 0 -2 -1 0 -2 0 -1 -1 -2 -1 -1 -2 -2 -2 -2 -2 -1 0 0 -1 0 -2 -1 -2 0 0 0 -1 -1 0 -1 -2 0 -1 0 -2 -2 0 -1 -2 0 -2 -1 -1 0 -1 0 -2 -2 -1 -2 -1 0 -1 0 0 -1 -2 -1 -1 -2 0 -2
1.37369031649559 0.389728947704872 -0.374369156881006 -0.350872127787619 0.444486529745243 1 2 1 0 1 1 1 1 0 2 1 2 0 1 2 1 1 1 1 0 1 0 0 2 2 0 0 2 1 1 0 1 1 1 1 2 1 2 0 0 2 1 2 1 1 1 2 2 1 0 1 2 1 2 1 2 1 2 0 0 0 2 1 0 0 0 2 0 1 2 0 0 0 0 2 0 0 2 1 1 1 1 0 2 0 2 0 0 2 2 1 2 0 0 2 2 1 2 2 0 2 2 1 0 1 1 1 1 0 2 1 2 0 1 2 1 1 1 1 0 1 0 0 2 2 0 0 2 1 1 0 1 1 1 1 2 1 2 0 0 2 1 2 1 1 1 2 2 1 0 1 2 1 2 1 2 1 2 0 0 0 2 1 0 0 0 2 0 1 2 0 0 0 0 2 0 0 2 1 1 1 1 0 2 0 2 0 0 2 2 1 2 0 0 2 2 1 2 2 0 2
0.332953200387149 0.149537128587034 -0.641825310916168 0.60475765759413 0.279875723535295 -1 1 2 0 2 2 0 0 1 1 1 2 0 0 2 1 0 2 1 1 2 0 0 1 2 0 0 2 2 2 1 2 1 1 1 2 2 2 0 1 1 0 2 0 0 0 1 1 0 0 1 2 1 0 0 0 1 2 0 1 1 2 0 0 0 1 2 0 2 2 0 1 0 1 2 0 0 1 0 1 1 1 0 2 0 2 1 0 2 2 2 1 0 0 0 2 1 1 2 1 2 -1 -2 0 -2 -2 0 0 -1 -1 -1 -2 0 0 -2 -1 0 -2 -1 -1 -2 0 0 -1 -2 0 0 -2 -2 -2 -1 -2 -1 -1 -1 -2 -2 -2 0 -1 -1 0 -2 0 0 0 -1 -1 0 0 -1 -2 -1 0 0 0 -1 -2 0 -1 -1 -2 0 0 0 -1 -2 0 -2 -2 0 -1 0 -1 -2 0 0 -1 0 -1 -1 -1 0 -2 0 -2 -1 0 -2 -2 -2 -1 0 0 0 -2 -1 -1 -2 -1 -2
0.443711715225948 -1.0543634310634 1.49535762584818 -1.03517323614284 -0.103145500230816 -1 2 1 0 2 2 0 0 2 1 1 2 1 2 2 1 1 1 0 1 2 0 1 2 2 0 1 1 0 1 0 1 2 1 0 1 1 1 0 0 0 0 1 0 1 2 2 2 1 1 1 2 1 2 0 0 1 2 0 0 1 2 2 0 0 1 2 0 2 2 0 2 1 2 2 0 0 1 1 2 2 2 0 1 0 2 1 0 2 2 2 2 0 1 2 2 0 1 2 0 1 -2 -1 0 -2 -2 0 0 -2 -1 -1 -2 -1 -2 -2 -1 -1 -1 0 -1 -2 0 -1 -2 -2 0 -1 -1 0 -1 0 -1 -2 -1 0 -1 -1 -1 0 0 0 0 -1 0 -1 -2 -2 -2 -1 -1 -1 -2 -1 -2 0 0 -1 -2 0 0 -1 -2 -2 0 0 -1 -2 0 -2 -2 0 -2 -1 -2 -2 0 0 -1 -1 -2 -2 -2 0 -1 0 -2 -1 0 -2 -2 -2 -2 0 -1 -2 -2 0 -1 -2 0 -1
0.805332546377867 -1.12725668226563 0.164055014771382 1.2056347147838 -0.632929582025942 1 2 2 0 2 1 1 0 2 2 1 2 0 1 2 1 0 1 2 1 2 0 1 1 2 0 0 2 1 2 0 2 2 1 1 1 1 2 1 1 1 0 2 0 2 0 2 1 0 0 1 2 1 1 1 1 2 2 0 0 0 2 1 0 1 2 2 0 2 2 0 0 0 1 1 0 0 1 0 2 2 2 1 2 2 2 1 1 2 2 1 2 0 1 2 2 1 1 2 0 2 2 2 0 2 1 1 0 2 2 1 2 0 1 2 1 0 1 2 1 2 0 1 1 2 0 0 2 1 2 0 2 2 1 1 1 1 2 1 1 1 0 2 0 2 0 2 1 0 0 1 2 1 1 1 1 2 2 0 0 0 2 1 0 1 2 2 0 2 2 0 0 0 1 1 0 0 1 0 2 2 2 1 2 2 2 1 1 2 2 1 2 0 1 2 2 1 1 2 0 2
-1.3754927710247 -0.171743081254895 1.15148107274568 0.590014444725887 2.11850078648026 1 0 1 0 2 1 1 0 1 1 2 2 0 1 1 0 0 2 1 2 2 0 1 2 2 0 0 1 1 2 1 2 2 1 1 1 0 1 0 2 2 0 2 0 1 1 2 2 1 0 1 1 1 1 0 0 1 2 0 0 1 2 1 0 1 2 2 0 2 2 0 1 0 1 2 0 0 1 0 1 0 2 1 1 0 2 1 0 2 2 1 2 0 0 1 2 1 0 1 0 2 0 1 0 2 1 1 0 1 1 2 2 0 1 1 0 0 2 1 2 2 0 1 2 2 0 0 1 1 2 1 2 2 1 1 1 0 1 0 2 2 0 2 0 1 1 2 2 1 0 1 1 1 1 0 0 1 2 0 0 1 2 1 0 1 2 2 0 2 2 0 1 0 1 2 0 0 1 0 1 0 2 1 1 0 2 1 0 2 2 1 2 0 0 1 2 1 0 1 0 2
-0.502877777650598 0.92410714868979 -0.181926711120579 -0.412386911552387 -0.197967949756083 1 2 1 0 2 2 2 1 1 1 1 2 0 0 2 1 1 2 2 1 2 0 1 2 2 0 0 2 2 2 0 2 2 0 1 1 1 1 0 2 1 1 2 0 1 1 2 2 0 1 1 2 1 1 1 2 2 2 0 1 0 2 0 0 1 1 1 0 1 2 1 2 0 2 2 0 0 0 0 0 0 2 2 2 0 2 1 0 2 1 2 2 0 1 1 2 2 1 2 0 0 2 1 0 2 2 2 1 1 1 1 2 0 0 2 1 1 2 2 1 2 0 1 2 2 0 0 2 2 2 0 2 2 0 1 1 1 1 0 2 1 1 2 0 1 1 2 2 0 1 1 2 1 1 1 2 2 2 0 1 0 2 0 0 1 1 1 0 1 2 1 2 0 2 2 0 0 0 0 0 0 2 2 2 0 2 1 0 2 1 2 2 0 1 1 2 2 1 2 0 0
1.97731488271263 -0.650691689509948 -1.68195876713106 -1.04143090833318 1.0950861868107 -1 1 2 0 1 1 0 0 1 0 1 1 0 1 2 1 1 2 2 2 2 0 0 1 2 0 0 2 1 2 1 1 2 1 0 1 1 2 2 1 2 0 2 0 1 1 2 2 1 0 1 1 1 1 1 1 0 2 0 2 0 2 0 0 0 1 1 0 1 1 0 0 1 2 2 1 1 2 2 2 2 2 2 2 1 2 0 0 2 2 2 2 0 0 0 2 0 1 2 0 2 -1 -2 0 -1 -1 0 0 -1 0 -1 -1 0 -1 -2 -1 -1 -2 -2 -2 -2 0 0 -1 -2 0 0 -2 -1 -2 -1 -1 -2 -1 0 -1 -1 -2 -2 -1 -2 0 -2 0 -1 -1 -2 -2 -1 0 -1 -1 -1 -1 -1 -1 0 -2 0 -2 0 -2 0 0 0 -1 -1 0 -1 -1 0 0 -1 -2 -2 -1 -1 -2 -2 -2 -2 -2 -2 -2 -1 -2 0 0 -2 -2 -2 -2 0 0 0 -2 0 -1 -2 0 -2
-1.48668669418165 -0.303720877809617 0.420009485292456 -1.36575671381956 -0.813517347865503 -1 2 2 0 2 0 0 0 2 1 2 2 0 2 2 1 1 2 2 0 1 0 0 2 2 0 1 2 1 2 0 2 2 0 0 0 1 0 0 1 2 0 2 0 0 1 1 1 1 1 1 2 1 2 0 1 1 2 0 2 0 2 0 0 0 1 2 0 1 1 0 1 1 2 2 0 0 1 0 1 2 2 1 2 0 2 2 1 2 0 1 2 0 1 2 2 1 0 1 0 2 -2 -2 0 -2 0 0 0 -2 -1 -2 -2 0 -2 -2 -1 -1 -2 -2 0 -1 0 0 -2 -2 0 -1 -2 -1 -2 0 -2 -2 0 0 0 -1 0 0 -1 -2 0 -2 0 0 -1 -1 -1 -1 -1 -1 -2 -1 -2 0 -1 -1 -2 0 -2 0 -2 0 0 0 -1 -2 0 -1 -1 0 -1 -1 -2 -2 0 0 -1 0 -1 -2 -2 -1 -2 0 -2 -2 -1 -2 0 -1 -2 0 -1 -2 -2 -1 0 -1 0 -2
0.477339026394159 -1.84445441192571 -0.501588133667796 -0.692768425269421 -0.0642271116750274 -1 1 1 1 2 2 0 0 2 1 2 2 0 1 2 1 0 1 1 1 2 0 1 2 2 0 0 2 1 2 1 2 2 2 1 2 2 1 2 2 1 0 2 0 1 1 2 2 0 1 1 2 0 1 0 0 0 2 0 2 0 2 0 0 2 2 2 0 2 1 0 1 2 2 2 0 1 2 1 1 2 2 1 2 0 2 1 1 2 2 1 2 1 1 2 2 1 0 2 1 2 -1 -1 -1 -2 -2 0 0 -2 -1 -2 -2 0 -1 -2 -1 0 -1 -1 -1 -2 0 -1 -2 -2 0 0 -2 -1 -2 -1 -2 -2 -2 -1 -2 -2 -1 -2 -2 -1 0 -2 0 -1 -1 -2 -2 0 -1 -1 -2 0 -1 0 0 0 -2 0 -2 0 -2 0 0 -2 -2 -2 0 -2 -1 0 -1 -2 -2 -2 0 -1 -2 -1 -1 -2 -2 -1 -2 0 -2 -1 -1 -2 -2 -1 -2 -1 -1 -2 -2 -1 0 -2 -1 -2
0.642992436780554 -0.494485934573167 1.04572425857971 0.816544603245829 -1.06876231993927 -1 1 2 0 2 1 1 1 0 0 1 2 1 1 1 1 1 2 2 1 2 0 0 1 2 0 1 2 2 2 1 2 2 1 0 1 1 2 1 2 1 0 2 0 0 0 2 2 0 0 0 2 1 1 0 0 1 2 0 2 0 2 0 0 0 1 2 0 2 2 0 2 1 1 2 0 0 1 1 2 2 2 1 2 1 2 1 1 2 2 0 1 1 1 0 2 1 1 2 0 1 -1 -2 0 -2 -1 -1 -1 0 0 -1 -2 -1 -1 -1 -1 -1 -2 -2 -1 -2 0 0 -1 -2 0 -1 -2 -2 -2 -1 -2 -2 -1 0 -1 -1 -2 -1 -2 -1 0 -2 0 0 0 -2 -2 0 0 0 -2 -1 -1 0 0 -1 -2 0 -2 0 -2 0 0 0 -1 -2 0 -2 -2 0 -2 -1 -1 -2 0 0 -1 -1 -2 -2 -2 -1 -2 -1 -2 -1 -1 -2 -2 0 -1 -1 -1 0 -2 -1 -1 -2 0 -1
-0.114771146571599 -0.970625931656768 0.646625702334896 0.259874629000486 0.561103838328164 -1 1 1 0 2 2 2 0 2 1 1 1 0 1 2 1 1 2 2 0 2 0 1 1 2 0 0 2 2 2 0 1 2 2 2 2 1 2 1 2 1 1 2 0 1 0 2 2 1 1 1 2 0 0 0 2 2 2 0 1 0 2 2 1 2 1 2 0 2 2 0 1 1 2 2 0 0 0 0 2 2 2 0 1 1 2 1 0 2 2 1 2 0 2 1 2 1 1 2 0 2 -1 -1 0 -2 -2 -2 0 -2 -1 -1 -1 0 -1 -2 -1 -1 -2 -2 0 -2 0 -1 -1 -2 0 0 -2 -2 -2 0 -1 -2 -2 -2 -2 -1 -2 -1 -2 -1 -1 -2 0 -1 0 -2 -2 -1 -1 -1 -2 0 0 0 -2 -2 -2 0 -1 0 -2 -2 -1 -2 -1 -2 0 -2 -2 0 -1 -1 -2 -2 0 0 0 0 -2 -2 -2 0 -1 -1 -2 -1 0 -2 -2 -1 -2 0 -2 -1 -2 -1 -1 -2 0 -2
-0.859487524959573 -0.183526511187337 0.873562603143911 0.232595902022281 -0.627753773548212 1 2 2 0 1 1 1 0 1 1 1 2 0 2 2 2 2 2 2 0 1 0 0 1 2 0 0 2 2 2 1 2 2 1 2 1 1 1 1 2 2 0 2 0 2 0 1 0 0 0 1 2 1 0 1 1 2 2 0 1 0 2 0 0 0 0 1 0 1 2 0 1 0 2 2 0 0 2 0 1 2 1 0 2 0 2 0 0 2 2 2 2 0 1 2 2 1 1 2 1 2 2 2 0 1 1 1 0 1 1 1 2 0 2 2 2 2 2 2 0 1 0 0 1 2 0 0 2 2 2 1 2 2 1 2 1 1 1 1 2 2 0 2 0 2 0 1 0 0 0 1 2 1 0 1 1 2 2 0 1 0 2 0 0 0 0 1 0 1 2 0 1 0 2 2 0 0 2 0 1 2 1 0 2 0 2 0 0 2 2 2 2 0 1 2 2 1 1 2 1 2
2.53265122116995 -1.06845512003808 0.98763468348605 0.873454157677415 1.31334568254891 1 2 2 0 2 2 2 0 1 1 2 2 1 1 2 0 0 1 1 2 2 0 1 2 2 1 1 2 1 2 0 2 2 1 1 1 2 1 1 2 0 0 2 0 0 0 1 2 0 0 0 2 1 2 0 1 2 2 0 0 0 2 0 0 1 1 2 0 2 2 0 0 0 2 2 0 1 2 1 2 2 2 2 2 1 2 2 0 2 2 2 1 0 1 2 2 2 2 2 0 1 2 2 0 2 2 2 0 1 1 2 2 1 1 2 0 0 1 1 2 2 0 1 2 2 1 1 2 1 2 0 2 2 1 1 1 2 1 1 2 0 0 2 0 0 0 1 2 0 0 0 2 1 2 0 1 2 2 0 0 0 2 0 0 1 1 2 0 2 2 0 0 0 2 2 0 1 2 1 2 2 2 2 2 1 2 2 0 2 2 2 1 0 1 2 2 2 2 2 0 1
-0.923655883111338 -0.402046270581301 -2.38848398072688 -0.687499288067344 -0.48775543633189 -1 1 2 0 1 1 0 1 0 0 1 2 0 2 2 0 0 2 2 0 2 0 1 2 2 0 1 2 1 2 1 2 2 2 1 1 2 1 0 2 2 1 2 1 2 1 2 2 0 0 0 2 2 2 0 0 2 2 0 1 0 2 1 0 0 1 2 0 2 2 0 1 0 0 2 0 0 1 0 1 0 1 1 1 0 2 1 0 2 2 2 2 0 1 2 2 2 2 2 0 1 -1 -2 0 -1 -1 0 -1 0 0 -1 -2 0 -2 -2 0 0 -2 -2 0 -2 0 -1 -2 -2 0 -1 -2 -1 -2 -1 -2 -2 -2 -1 -1 -2 -1 0 -2 -2 -1 -2 -1 -2 -1 -2 -2 0 0 0 -2 -2 -2 0 0 -2 -2 0 -1 0 -2 -1 0 0 -1 -2 0 -2 -2 0 -1 0 0 -2 0 0 -1 0 -1 0 -1 -1 -1 0 -2 -1 0 -2 -2 -2 -2 0 -1 -2 -2 -2 -2 -2 0 -1
1.06209003829001 -0.13721924675454 -0.420675306090738 -0.0202597315512979 1.43170017479896 -1 0 1 0 2 1 0 0 2 0 0 2 0 1 1 0 0 2 1 1 2 0 1 2 2 0 0 2 1 2 1 2 1 0 0 0 1 2 1 0 1 0 2 0 0 1 2 2 1 2 2 2 1 1 1 1 1 2 1 2 1 2 0 0 1 1 2 0 2 1 0 0 0 2 2 0 0 1 0 1 1 2 1 2 1 2 0 0 2 2 2 1 0 0 2 2 1 0 1 0 2 0 -1 0 -2 -1 0 0 -2 0 0 -2 0 -1 -1 0 0 -2 -1 -1 -2 0 -1 -2 -2 0 0 -2 -1 -2 -1 -2 -1 0 0 0 -1 -2 -1 0 -1 0 -2 0 0 -1 -2 -2 -1 -2 -2 -2 -1 -1 -1 -1 -1 -2 -1 -2 -1 -2 0 0 -1 -1 -2 0 -2 -1 0 0 0 -2 -2 0 0 -1 0 -1 -1 -2 -1 -2 -1 -2 0 0 -2 -2 -2 -1 0 0 -2 -2 -1 0 -1 0 -2
-0.784392907814873 0.239971115195043 0.713312935319874 -0.262931238222641 -1.03930275335288 -1 2 2 0 2 2 1 0 1 0 1 1 0 0 1 0 1 0 1 2 2 0 0 1 2 1 1 2 2 2 2 2 2 2 2 2 1 2 1 2 2 0 2 0 1 1 2 1 0 0 2 2 0 0 0 0 1 1 0 0 0 2 0 0 0 0 2 0 2 2 0 1 1 2 1 0 1 2 1 1 2 2 2 2 1 2 2 0 2 2 2 2 0 0 2 2 2 2 2 0 2 -2 -2 0 -2 -2 -1 0 -1 0 -1 -1 0 0 -1 0 -1 0 -1 -2 -2 0 0 -1 -2 -1 -1 -2 -2 -2 -2 -2 -2 -2 -2 -2 -1 -2 -1 -2 -2 0 -2 0 -1 -1 -2 -1 0 0 -2 -2 0 0 0 0 -1 -1 0 0 0 -2 0 0 0 0 -2 0 -2 -2 0 -1 -1 -2 -1 0 -1 -2 -1 -1 -2 -2 -2 -2 -1 -2 -2 0 -2 -2 -2 -2 0 0 -2 -2 -2 -2 -2 0 -2
0.511186672763741 1.31174081508397 -0.628519636420695 0.600419779441703 -0.822308482598986 1 1 1 0 2 1 1 1 2 2 1 2 0 1 1 0 0 1 2 0 1 0 1 1 2 0 1 2 1 2 0 2 2 2 2 1 2 1 1 0 1 0 2 0 1 1 2 2 1 0 1 2 1 1 0 0 1 2 0 1 0 2 0 0 0 0 2 0 2 2 0 2 1 1 2 1 0 2 0 1 1 2 2 2 0 2 1 0 2 2 2 1 0 1 0 2 1 1 2 0 2 1 1 0 2 1 1 1 2 2 1 2 0 1 1 0 0 1 2 0 1 0 1 1 2 0 1 2 1 2 0 2 2 2 2 1 2 1 1 0 1 0 2 0 1 1 2 2 1 0 1 2 1 1 0 0 1 2 0 1 0 2 0 0 0 0 2 0 2 2 0 2 1 1 2 1 0 2 0 1 1 2 2 2 0 2 1 0 2 2 2 1 0 1 0 2 1 1 2 0 2
0.846894683195256 1.69116319098477 1.9894574676761 -1.95532474185503 -0.356977643004447 1 1 2 0 2 2 2 2 1 1 0 2 0 1 2 1 1 2 1 0 0 0 0 0 2 0 0 2 1 2 0 1 2 1 1 2 2 2 0 2 2 1 2 0 1 0 1 2 1 0 1 2 1 1 0 2 1 2 0 1 0 2 0 0 0 1 1 0 2 2 0 2 0 2 1 0 0 2 2 2 1 2 0 1 0 2 0 0 2 1 0 2 0 1 2 2 1 1 2 0 2 1 2 0 2 2 2 2 1 1 0 2 0 1 2 1 1 2 1 0 0 0 0 0 2 0 0 2 1 2 0 1 2 1 1 2 2 2 0 2 2 1 2 0 1 0 1 2 1 0 1 2 1 1 0 2 1 2 0 1 0 2 0 0 0 1 1 0 2 2 0 2 0 2 1 0 0 2 2 2 1 2 0 1 0 2 0 0 2 1 0 2 0 1 2 2 1 1 2 0 2
1.1715654215538 -0.386459651640793 -0.199003160549693 -0.513156556180491 0.247751885755794 -1 2 2 0 1 1 0 0 1 2 1 2 0 1 2 2 1 2 2 2 2 0 1 2 2 0 1 2 1 2 0 2 2 2 0 1 1 1 0 1 2 0 2 0 2 0 2 1 1 2 2 2 1 2 0 0 1 1 0 1 0 2 0 0 1 1 2 0 1 1 0 0 0 2 2 0 0 2 1 1 2 2 1 1 0 2 1 1 2 2 1 2 0 2 1 2 1 1 2 0 2 -2 -2 0 -1 -1 0 0 -1 -2 -1 -2 0 -1 -2 -2 -1 -2 -2 -2 -2 0 -1 -2 -2 0 -1 -2 -1 -2 0 -2 -2 -2 0 -1 -1 -1 0 -1 -2 0 -2 0 -2 0 -2 -1 -1 -2 -2 -2 -1 -2 0 0 -1 -1 0 -1 0 -2 0 0 -1 -1 -2 0 -1 -1 0 0 0 -2 -2 0 0 -2 -1 -1 -2 -2 -1 -1 0 -2 -1 -1 -2 -2 -1 -2 0 -2 -1 -2 -1 -1 -2 0 -2
1.25459661950006 -1.40340906551215 0.562467439572418 -0.171994144194325 -0.645794708870167 -1 1 1 0 2 2 2 2 2 2 2 2 0 2 2 0 1 2 2 1 2 0 2 2 2 0 0 2 1 2 1 2 2 1 1 1 1 2 0 1 2 0 2 0 1 0 0 0 0 0 1 2 2 1 1 2 1 2 0 2 1 2 0 0 0 2 2 0 1 0 0 0 0 2 2 0 0 1 0 1 1 2 2 2 0 2 1 0 2 2 0 1 0 1 2 2 0 0 1 0 2 -1 -1 0 -2 -2 -2 -2 -2 -2 -2 -2 0 -2 -2 0 -1 -2 -2 -1 -2 0 -2 -2 -2 0 0 -2 -1 -2 -1 -2 -2 -1 -1 -1 -1 -2 0 -1 -2 0 -2 0 -1 0 0 0 0 0 -1 -2 -2 -1 -1 -2 -1 -2 0 -2 -1 -2 0 0 0 -2 -2 0 -1 0 0 0 0 -2 -2 0 0 -1 0 -1 -1 -2 -2 -2 0 -2 -1 0 -2 -2 0 -1 0 -1 -2 -2 0 0 -1 0 -2
1.35594828223347 0.498600229235877 0.57219579149266 1.9874280792312 0.791979082918684 1 1 1 0 2 2 2 1 1 0 2 2 0 1 2 2 2 2 2 0 1 0 0 1 1 1 1 2 2 2 0 2 2 1 1 1 2 1 0 1 1 0 2 0 1 1 2 2 1 1 1 2 1 0 0 0 0 2 0 1 1 2 1 0 0 1 1 0 1 0 0 0 0 2 2 0 0 2 1 2 2 2 1 2 0 2 0 0 2 2 1 1 0 0 1 2 1 2 2 0 2 1 1 0 2 2 2 1 1 0 2 2 0 1 2 2 2 2 2 0 1 0 0 1 1 1 1 2 2 2 0 2 2 1 1 1 2 1 0 1 1 0 2 0 1 1 2 2 1 1 1 2 1 0 0 0 0 2 0 1 1 2 1 0 0 1 1 0 1 0 0 0 0 2 2 0 0 2 1 2 2 2 1 2 0 2 0 0 2 2 1 1 0 0 1 2 1 2 2 0 2
-0.227667440669946 0.285678306172458 -0.400255967268091 1.04769865047209 1.80264372848976 1 2 2 0 2 2 1 0 0 0 2 2 0 2 2 1 2 2 1 2 2 1 1 2 2 1 1 2 1 2 1 2 1 1 2 2 1 1 1 2 2 0 2 0 2 1 2 1 0 1 2 1 1 2 0 2 2 2 1 2 1 2 0 0 1 1 2 0 2 1 0 0 0 1 2 1 2 2 2 2 2 2 2 2 0 2 1 0 2 2 2 2 0 0 1 2 1 1 2 0 1 2 2 0 2 2 1 0 0 0 2 2 0 2 2 1 2 2 1 2 2 1 1 2 2 1 1 2 1 2 1 2 1 1 2 2 1 1 1 2 2 0 2 0 2 1 2 1 0 1 2 1 1 2 0 2 2 2 1 2 1 2 0 0 1 1 2 0 2 1 0 0 0 1 2 1 2 2 2 2 2 2 2 2 0 2 1 0 2 2 2 2 0 0 1 2 1 1 2 0 1
0.423887648955638 1.25844254236669 0.0794504374880637 -0.601420087372012 -0.648277017188825 1 2 2 0 2 2 1 1 2 1 1 2 0 2 2 2 2 2 1 1 1 0 1 1 2 1 0 2 0 2 0 2 1 0 1 2 2 2 0 0 1 0 2 0 1 0 2 1 0 0 1 2 0 2 1 1 2 2 0 2 1 2 0 0 1 0 2 1 2 2 0 2 1 1 2 0 0 1 1 2 2 2 2 2 0 2 1 0 2 2 1 2 0 0 0 2 0 1 2 1 2 2 2 0 2 2 1 1 2 1 1 2 0 2 2 2 2 2 1 1 1 0 1 1 2 1 0 2 0 2 0 2 1 0 1 2 2 2 0 0 1 0 2 0 1 0 2 1 0 0 1 2 0 2 1 1 2 2 0 2 1 2 0 0 1 0 2 1 2 2 0 2 1 1 2 0 0 1 1 2 2 2 2 2 0 2 1 0 2 2 1 2 0 0 0 2 0 1 2 1 2
0.0824441137608682 -2.1923937070647 1.58476569285449 -1.43111425416843 0.245459897370387 1 2 2 0 2 2 1 0 1 0 0 2 0 0 1 0 0 1 2 2 2 0 1 2 2 1 2 2 1 2 1 2 2 2 2 1 1 1 0 1 1 0 1 0 1 0 2 1 0 0 1 1 1 1 0 1 2 2 0 1 1 2 0 0 0 2 2 0 2 2 0 1 0 1 2 0 1 2 1 2 2 2 2 2 0 2 0 0 2 2 1 1 0 0 1 2 1 1 2 0 1 2 2 0 2 2 1 0 1 0 0 2 0 0 1 0 0 1 2 2 2 0 1 2 2 1 2 2 1 2 1 2 2 2 2 1 1 1 0 1 1 0 1 0 1 0 2 1 0 0 1 1 1 1 0 1 2 2 0 1 1 2 0 0 0 2 2 0 2 2 0 1 0 1 2 0 1 2 1 2 2 2 2 2 0 2 0 0 2 2 1 1 0 0 1 2 1 1 2 0 1
-0.180537730193487 0.326423436940725 1.40676878439586 0.6231927877076 -0.168456124344988 1 2 2 0 1 2 0 1 1 1 2 1 0 1 2 0 0 2 2 1 2 0 0 1 2 0 0 2 1 2 0 2 2 1 0 1 1 1 1 2 1 0 2 0 1 2 2 2 0 1 0 2 0 1 0 2 1 2 0 1 0 2 0 0 0 1 1 0 1 0 0 0 0 1 1 0 0 2 1 2 2 1 1 2 1 2 2 1 2 2 1 2 0 1 2 2 1 0 2 1 2 2 2 0 1 2 0 1 1 1 2 1 0 1 2 0 0 2 2 1 2 0 0 1 2 0 0 2 1 2 0 2 2 1 0 1 1 1 1 2 1 0 2 0 1 2 2 2 0 1 0 2 0 1 0 2 1 2 0 1 0 2 0 0 0 1 1 0 1 0 0 0 0 1 1 0 0 2 1 2 2 1 1 2 1 2 2 1 2 2 1 2 0 1 2 2 1 0 2 1 2
-0.386003543855269 -0.835773689244248 -0.0529494382095027 0.308446841840999 -1.12428677560728 1 2 2 0 2 1 0 1 1 0 1 2 1 1 2 1 1 1 2 2 1 0 0 1 2 0 1 1 1 2 1 2 2 1 0 1 1 1 0 0 1 0 2 0 2 0 2 1 0 0 2 2 1 0 0 0 1 2 0 1 1 2 1 0 1 2 2 0 2 2 0 1 0 2 2 0 1 2 2 2 2 2 0 0 0 2 2 1 2 2 0 1 0 1 1 2 0 0 1 0 2 2 2 0 2 1 0 1 1 0 1 2 1 1 2 1 1 1 2 2 1 0 0 1 2 0 1 1 1 2 1 2 2 1 0 1 1 1 0 0 1 0 2 0 2 0 2 1 0 0 2 2 1 0 0 0 1 2 0 1 1 2 1 0 1 2 2 0 2 2 0 1 0 2 2 0 1 2 2 2 2 2 0 0 0 2 2 1 2 2 0 1 0 1 1 2 0 0 1 0 2
1.08356878308014 -1.65240618076835 -0.018771443273764 -0.889294575602043 -2.44367981267976 -1 1 1 0 2 2 1 0 0 1 2 2 0 2 1 0 0 2 1 1 2 1 2 2 2 1 1 2 2 1 0 2 2 2 1 1 1 2 1 2 1 0 1 0 2 0 2 2 0 0 1 2 1 1 0 0 1 1 0 0 1 2 0 0 0 0 2 0 2 2 0 1 0 1 1 0 0 2 2 2 2 2 2 2 0 2 0 1 2 2 2 2 0 1 2 2 1 1 1 0 2 -1 -1 0 -2 -2 -1 0 0 -1 -2 -2 0 -2 -1 0 0 -2 -1 -1 -2 -1 -2 -2 -2 -1 -1 -2 -2 -1 0 -2 -2 -2 -1 -1 -1 -2 -1 -2 -1 0 -1 0 -2 0 -2 -2 0 0 -1 -2 -1 -1 0 0 -1 -1 0 0 -1 -2 0 0 0 0 -2 0 -2 -2 0 -1 0 -1 -1 0 0 -2 -2 -2 -2 -2 -2 -2 0 -2 0 -1 -2 -2 -2 -2 0 -1 -2 -2 -1 -1 -1 0 -2
-0.161125466109968 1.16609300678234 -1.22016658359198 1.5092535142664 -0.193182420980062 1 1 2 0 2 2 1 0 1 1 2 2 0 1 2 1 1 1 1 0 2 0 0 1 1 0 0 2 1 2 0 2 1 1 1 2 2 2 1 0 1 0 0 0 1 2 2 2 1 0 2 2 2 1 0 1 1 2 0 1 0 2 1 0 2 2 2 0 2 2 0 2 1 2 2 0 0 1 1 2 2 2 1 2 0 2 1 0 1 1 1 2 0 0 2 2 1 2 2 0 1 1 2 0 2 2 1 0 1 1 2 2 0 1 2 1 1 1 1 0 2 0 0 1 1 0 0 2 1 2 0 2 1 1 1 2 2 2 1 0 1 0 0 0 1 2 2 2 1 0 2 2 2 1 0 1 1 2 0 1 0 2 1 0 2 2 2 0 2 2 0 2 1 2 2 0 0 1 1 2 2 2 1 2 0 2 1 0 1 1 1 2 0 0 2 2 1 2 2 0 1
1.04927185061496 0.925516955384937 0.717995210875312 -0.235395014298827 1.23368154121048 -1 2 2 0 2 2 2 2 0 0 1 2 0 1 2 1 1 2 2 0 0 0 1 2 2 1 1 2 2 2 1 2 2 1 0 1 1 1 2 1 1 0 2 0 2 2 2 2 1 0 0 2 1 2 1 2 1 2 0 2 1 2 1 0 2 2 2 0 1 2 0 0 0 2 2 0 0 1 0 1 1 2 1 2 0 2 1 1 2 1 0 1 0 0 1 2 2 1 2 0 2 -2 -2 0 -2 -2 -2 -2 0 0 -1 -2 0 -1 -2 -1 -1 -2 -2 0 0 0 -1 -2 -2 -1 -1 -2 -2 -2 -1 -2 -2 -1 0 -1 -1 -1 -2 -1 -1 0 -2 0 -2 -2 -2 -2 -1 0 0 -2 -1 -2 -1 -2 -1 -2 0 -2 -1 -2 -1 0 -2 -2 -2 0 -1 -2 0 0 0 -2 -2 0 0 -1 0 -1 -1 -2 -1 -2 0 -2 -1 -1 -2 -1 0 -1 0 0 -1 -2 -2 -1 -2 0 -2
1.19530554417714 -0.353249894312671 -1.14199083094291 0.0255311851162703 0.84885111993725 -1 1 2 0 2 1 0 0 0 0 2 2 1 2 2 2 2 2 2 0 0 0 0 2 2 0 1 2 1 2 0 1 2 1 1 2 1 2 1 2 1 0 2 0 1 0 0 0 0 0 0 2 1 2 0 2 2 2 0 2 1 2 1 0 1 0 2 0 1 2 1 1 0 0 2 1 0 1 0 1 1 2 1 2 0 2 0 0 2 1 1 1 0 0 1 2 1 0 1 0 2 -1 -2 0 -2 -1 0 0 0 0 -2 -2 -1 -2 -2 -2 -2 -2 -2 0 0 0 0 -2 -2 0 -1 -2 -1 -2 0 -1 -2 -1 -1 -2 -1 -2 -1 -2 -1 0 -2 0 -1 0 0 0 0 0 0 -2 -1 -2 0 -2 -2 -2 0 -2 -1 -2 -1 0 -1 0 -2 0 -1 -2 -1 -1 0 0 -2 -1 0 -1 0 -1 -1 -2 -1 -2 0 -2 0 0 -2 -1 -1 -1 0 0 -1 -2 -1 0 -1 0 -2
0.836288255634311 1.0465953753261 0.205531218469242 -0.457905004692925 0.278611613861141 -1 1 2 0 1 1 0 0 2 0 1 2 1 1 2 0 0 0 1 1 1 0 0 2 2 1 0 1 1 1 0 2 2 1 1 1 1 1 2 2 2 0 2 0 0 2 2 2 1 0 1 1 1 1 0 0 1 2 0 0 1 2 0 0 1 1 1 0 2 2 0 1 1 2 1 0 0 1 1 2 0 1 1 1 0 2 0 0 2 2 1 2 0 1 2 2 2 1 2 0 2 -1 -2 0 -1 -1 0 0 -2 0 -1 -2 -1 -1 -2 0 0 0 -1 -1 -1 0 0 -2 -2 -1 0 -1 -1 -1 0 -2 -2 -1 -1 -1 -1 -1 -2 -2 -2 0 -2 0 0 -2 -2 -2 -1 0 -1 -1 -1 -1 0 0 -1 -2 0 0 -1 -2 0 0 -1 -1 -1 0 -2 -2 0 -1 -1 -2 -1 0 0 -1 -1 -2 0 -1 -1 -1 0 -2 0 0 -2 -2 -1 -2 0 -1 -2 -2 -2 -1 -2 0 -2
0.119596131883409 0.13263289711119 -0.049215616728712 -0.616939080628367 1.0131216156321 1 2 2 1 2 2 2 0 2 1 2 2 0 1 0 0 0 1 1 2 2 0 1 2 2 0 0 2 0 0 0 1 1 1 0 1 2 2 0 1 2 1 2 0 2 0 1 0 0 1 2 1 0 0 0 1 1 2 0 2 0 2 0 0 0 2 2 0 1 1 0 2 0 2 2 0 1 2 0 1 1 2 1 2 2 2 1 0 2 2 1 1 0 0 2 2 0 2 2 1 2 2 2 1 2 2 2 0 2 1 2 2 0 1 0 0 0 1 1 2 2 0 1 2 2 0 0 2 0 0 0 1 1 1 0 1 2 2 0 1 2 1 2 0 2 0 1 0 0 1 2 1 0 0 0 1 1 2 0 2 0 2 0 0 0 2 2 0 1 1 0 2 0 2 2 0 1 2 0 1 1 2 1 2 2 2 1 0 2 2 1 1 0 0 2 2 0 2 2 1 2
0.045234431917709 -0.419273699909886 1.76961866642149 2.43756075296388 -1.07741521698785 -1 2 2 0 2 1 0 0 2 2 1 2 0 1 2 0 1 2 1 2 2 0 0 0 2 0 0 2 1 2 0 2 2 1 1 2 1 1 0 1 2 0 2 0 0 1 2 1 0 2 2 2 1 1 0 2 2 1 0 0 1 2 1 0 1 1 2 0 2 2 0 1 0 2 2 0 0 1 1 2 1 2 1 2 0 2 2 1 2 2 2 2 1 0 1 2 1 0 2 0 2 -2 -2 0 -2 -1 0 0 -2 -2 -1 -2 0 -1 -2 0 -1 -2 -1 -2 -2 0 0 0 -2 0 0 -2 -1 -2 0 -2 -2 -1 -1 -2 -1 -1 0 -1 -2 0 -2 0 0 -1 -2 -1 0 -2 -2 -2 -1 -1 0 -2 -2 -1 0 0 -1 -2 -1 0 -1 -1 -2 0 -2 -2 0 -1 0 -2 -2 0 0 -1 -1 -2 -1 -2 -1 -2 0 -2 -2 -1 -2 -2 -2 -2 -1 0 -1 -2 -1 0 -2 0 -2
0.93929676448504 -0.199242093885221 0.136679380941577 0.574738138996644 -1.11921445912552 -1 2 1 0 2 1 0 0 2 1 1 2 1 2 2 2 0 2 2 1 2 0 1 2 2 0 1 2 1 2 1 1 2 1 1 1 2 2 0 1 2 0 2 0 1 0 2 1 0 0 0 2 0 1 0 1 1 2 0 1 0 2 0 0 0 0 1 0 1 1 0 0 0 0 2 0 0 2 1 1 1 2 1 2 1 2 0 0 2 2 2 2 0 0 0 2 1 1 2 0 1 -2 -1 0 -2 -1 0 0 -2 -1 -1 -2 -1 -2 -2 -2 0 -2 -2 -1 -2 0 -1 -2 -2 0 -1 -2 -1 -2 -1 -1 -2 -1 -1 -1 -2 -2 0 -1 -2 0 -2 0 -1 0 -2 -1 0 0 0 -2 0 -1 0 -1 -1 -2 0 -1 0 -2 0 0 0 0 -1 0 -1 -1 0 0 0 0 -2 0 0 -2 -1 -1 -1 -2 -1 -2 -1 -2 0 0 -2 -2 -2 -2 0 0 0 -2 -1 -1 -2 0 -1
1.19498180106746 -0.188571606909246 0.95199995754466 -1.31710302767531 -1.35846882473416 -1 1 1 0 2 2 2 1 2 1 1 2 0 1 1 1 0 1 2 1 2 1 1 2 2 0 0 2 0 2 0 2 1 0 1 2 2 1 1 2 2 0 2 0 1 1 2 2 0 0 2 1 0 1 0 0 0 2 0 0 1 2 1 0 0 0 1 0 2 1 0 0 0 2 2 0 0 2 1 2 0 2 1 2 1 2 0 1 2 2 2 2 0 0 0 2 2 2 2 0 0 -1 -1 0 -2 -2 -2 -1 -2 -1 -1 -2 0 -1 -1 -1 0 -1 -2 -1 -2 -1 -1 -2 -2 0 0 -2 0 -2 0 -2 -1 0 -1 -2 -2 -1 -1 -2 -2 0 -2 0 -1 -1 -2 -2 0 0 -2 -1 0 -1 0 0 0 -2 0 0 -1 -2 -1 0 0 0 -1 0 -2 -1 0 0 0 -2 -2 0 0 -2 -1 -2 0 -2 -1 -2 -1 -2 0 -1 -2 -2 -2 -2 0 0 0 -2 -2 -2 -2 0 0
0.103463119045797 -0.441639804062205 0.350798962558532 -1.06288022432044 0.16822930768029 1 1 2 0 2 2 1 2 1 1 2 2 0 0 1 1 1 2 2 1 1 0 0 0 1 1 1 2 2 2 2 2 2 1 1 2 2 1 0 0 1 0 0 0 1 0 2 2 1 0 1 2 1 1 0 1 2 2 1 2 0 2 1 0 0 1 2 0 2 2 0 1 1 2 2 0 0 2 1 1 2 2 1 2 0 2 2 1 2 2 1 1 0 0 0 2 0 2 2 0 1 1 2 0 2 2 1 2 1 1 2 2 0 0 1 1 1 2 2 1 1 0 0 0 1 1 1 2 2 2 2 2 2 1 1 2 2 1 0 0 1 0 0 0 1 0 2 2 1 0 1 2 1 1 0 1 2 2 1 2 0 2 1 0 0 1 2 0 2 2 0 1 1 2 2 0 0 2 1 1 2 2 1 2 0 2 2 1 2 2 1 1 0 0 0 2 0 2 2 0 1
0.640116746261003 0.799475815603113 0.426088211157071 1.60020676104392 1.19632850989872 1 1 2 0 2 2 2 0 0 1 1 2 0 1 1 0 0 2 2 0 2 1 1 2 2 1 0 2 2 2 0 2 2 0 0 2 2 1 0 0 2 0 2 0 0 0 1 1 0 0 0 1 0 1 0 1 1 2 0 0 1 2 1 0 0 1 2 0 2 2 0 2 0 2 2 0 0 0 1 2 2 2 2 2 1 2 2 0 2 2 0 1 0 1 0 2 1 0 2 0 2 1 2 0 2 2 2 0 0 1 1 2 0 1 1 0 0 2 2 0 2 1 1 2 2 1 0 2 2 2 0 2 2 0 0 2 2 1 0 0 2 0 2 0 0 0 1 1 0 0 0 1 0 1 0 1 1 2 0 0 1 2 1 0 0 1 2 0 2 2 0 2 0 2 2 0 0 0 1 2 2 2 2 2 1 2 2 0 2 2 0 1 0 1 0 2 1 0 2 0 2
1.44183691110856 -0.760442622678223 -1.62977621635233 -1.8701391581765 0.0921260066891978 1 2 2 1 2 2 2 0 1 0 1 2 0 2 2 1 1 2 1 1 1 0 0 1 2 1 1 2 1 2 0 1 2 0 0 0 2 1 1 2 1 1 2 1 2 1 2 1 0 1 1 2 2 2 1 1 2 2 0 0 0 2 0 0 0 1 2 0 2 1 0 1 0 1 1 0 0 2 1 2 2 2 2 2 0 2 2 0 2 2 2 2 1 1 2 2 2 2 2 0 2 2 2 1 2 2 2 0 1 0 1 2 0 2 2 1 1 2 1 1 1 0 0 1 2 1 1 2 1 2 0 1 2 0 0 0 2 1 1 2 1 1 2 1 2 1 2 1 0 1 1 2 2 2 1 1 2 2 0 0 0 2 0 0 0 1 2 0 2 1 0 1 0 1 1 0 0 2 1 2 2 2 2 2 0 2 2 0 2 2 2 2 1 1 2 2 2 2 2 0 2
-0.0522708793711006 0.098146055759824 -0.0709295061533264 -0.0708561999964247 -0.425472140964351 1 1 1 0 2 1 0 0 1 1 1 2 0 2 1 0 1 2 1 2 2 0 1 2 2 0 0 2 2 2 0 2 2 0 1 0 0 1 0 1 1 0 1 0 2 1 2 2 1 2 2 2 0 2 0 1 1 1 0 1 0 2 0 0 0 0 1 0 1 2 0 1 0 2 2 0 0 0 0 0 0 2 0 1 0 2 0 0 2 2 1 2 0 1 0 2 1 2 2 0 1 1 1 0 2 1 0 0 1 1 1 2 0 2 1 0 1 2 1 2 2 0 1 2 2 0 0 2 2 2 0 2 2 0 1 0 0 1 0 1 1 0 1 0 2 1 2 2 1 2 2 2 0 2 0 1 1 1 0 1 0 2 0 0 0 0 1 0 1 2 0 1 0 2 2 0 0 0 0 0 0 2 0 1 0 2 0 0 2 2 1 2 0 1 0 2 1 2 2 0 1
1.01149958052452 -0.537786491004814 1.17115318413627 0.336101838660348 -0.378072858023029 -1 2 2 0 2 2 0 1 1 1 2 2 0 2 2 0 1 2 2 0 0 0 0 2 2 1 1 2 2 2 1 2 2 2 1 0 1 2 2 2 1 0 2 0 2 0 1 2 0 0 1 2 0 0 0 0 1 2 0 1 0 2 0 0 0 1 2 0 0 1 0 1 0 1 2 0 0 2 1 2 2 2 1 2 0 2 1 0 2 1 1 2 1 2 2 2 1 1 2 0 2 -2 -2 0 -2 -2 0 -1 -1 -1 -2 -2 0 -2 -2 0 -1 -2 -2 0 0 0 0 -2 -2 -1 -1 -2 -2 -2 -1 -2 -2 -2 -1 0 -1 -2 -2 -2 -1 0 -2 0 -2 0 -1 -2 0 0 -1 -2 0 0 0 0 -1 -2 0 -1 0 -2 0 0 0 -1 -2 0 0 -1 0 -1 0 -1 -2 0 0 -2 -1 -2 -2 -2 -1 -2 0 -2 -1 0 -2 -1 -1 -2 -1 -2 -2 -2 -1 -1 -2 0 -2
-0.135397883102824 -1.10073239270025 0.717623436565151 1.53729287847493 1.98821366162486 1 0 1 0 2 2 2 0 1 1 1 2 0 0 1 0 1 2 2 0 1 0 0 2 2 1 1 2 1 2 2 2 2 2 2 2 1 1 0 2 2 1 2 1 2 0 2 2 1 1 1 2 2 2 1 2 2 2 0 0 0 2 0 0 0 0 2 0 2 2 0 0 0 0 1 0 0 2 0 1 2 2 1 1 0 2 0 0 2 1 2 2 1 1 2 2 1 1 2 1 2 0 1 0 2 2 2 0 1 1 1 2 0 0 1 0 1 2 2 0 1 0 0 2 2 1 1 2 1 2 2 2 2 2 2 2 1 1 0 2 2 1 2 1 2 0 2 2 1 1 1 2 2 2 1 2 2 2 0 0 0 2 0 0 0 0 2 0 2 2 0 0 0 0 1 0 0 2 0 1 2 2 1 1 0 2 0 0 2 1 2 2 1 1 2 2 1 1 2 1 2
-0.593436423474312 0.335632639561585 -0.409589653610416 1.04321432611316 2.07606548707717 -1 2 2 0 2 2 1 0 1 1 1 1 0 2 2 1 2 1 2 2 2 0 0 2 1 0 0 2 2 2 0 2 2 1 0 2 2 0 0 2 2 0 2 0 2 1 2 2 1 0 2 1 0 0 0 0 2 2 0 1 0 2 0 0 0 0 1 0 2 2 0 2 1 2 2 0 0 2 0 1 1 0 0 2 0 2 2 1 2 2 1 1 0 1 2 2 1 0 2 0 1 -2 -2 0 -2 -2 -1 0 -1 -1 -1 -1 0 -2 -2 -1 -2 -1 -2 -2 -2 0 0 -2 -1 0 0 -2 -2 -2 0 -2 -2 -1 0 -2 -2 0 0 -2 -2 0 -2 0 -2 -1 -2 -2 -1 0 -2 -1 0 0 0 0 -2 -2 0 -1 0 -2 0 0 0 0 -1 0 -2 -2 0 -2 -1 -2 -2 0 0 -2 0 -1 -1 0 0 -2 0 -2 -2 -1 -2 -2 -1 -1 0 -1 -2 -2 -1 0 -2 0 -1
-0.214438074610846 0.310863219392676 -2.37389005249902e-05 -0.349520649954421 0.693730338338732 1 1 1 0 2 2 0 0 1 1 0 2 0 2 1 1 0 0 1 0 1 0 0 2 2 0 0 2 2 2 1 2 2 2 2 2 2 2 2 1 1 0 2 0 1 1 2 2 2 1 2 2 0 2 1 2 2 2 0 1 0 2 0 0 0 1 1 0 1 2 0 2 1 2 2 0 0 2 0 1 1 2 1 1 0 2 2 1 2 2 1 2 1 2 2 2 2 1 2 0 2 1 1 0 2 2 0 0 1 1 0 2 0 2 1 1 0 0 1 0 1 0 0 2 2 0 0 2 2 2 1 2 2 2 2 2 2 2 2 1 1 0 2 0 1 1 2 2 2 1 2 2 0 2 1 2 2 2 0 1 0 2 0 0 0 1 1 0 1 2 0 2 1 2 2 0 0 2 0 1 1 2 1 1 0 2 2 1 2 2 1 2 1 2 2 2 2 1 2 0 2
0.486389077025511 0.899659215268909 1.20009687142816 -1.35685645978135 0.815226099246599 -1 2 2 0 2 1 0 0 1 0 1 2 1 2 2 0 1 2 2 1 2 0 1 2 1 0 0 2 1 2 0 2 2 1 0 1 2 2 1 1 0 0 2 0 0 0 2 2 0 0 2 2 1 1 0 2 2 2 0 1 0 2 1 0 0 1 2 0 2 1 0 2 1 2 2 0 0 2 1 2 2 2 1 2 1 2 1 1 2 2 2 2 0 1 1 2 0 1 2 0 2 -2 -2 0 -2 -1 0 0 -1 0 -1 -2 -1 -2 -2 0 -1 -2 -2 -1 -2 0 -1 -2 -1 0 0 -2 -1 -2 0 -2 -2 -1 0 -1 -2 -2 -1 -1 0 0 -2 0 0 0 -2 -2 0 0 -2 -2 -1 -1 0 -2 -2 -2 0 -1 0 -2 -1 0 0 -1 -2 0 -2 -1 0 -2 -1 -2 -2 0 0 -2 -1 -2 -2 -2 -1 -2 -1 -2 -1 -1 -2 -2 -2 -2 0 -1 -1 -2 0 -1 -2 0 -2
-1.3987805347109 0.532298402825989 -0.673656793475899 0.547908147779775 1.10844447514677 -1 1 2 0 2 2 0 0 2 2 2 2 0 2 2 1 0 1 1 0 2 0 0 1 2 1 1 2 1 2 0 2 2 2 1 1 2 1 1 2 1 1 2 0 2 0 2 1 0 0 1 2 1 0 0 0 1 2 0 1 1 2 1 0 1 1 1 0 2 2 0 0 0 1 2 0 0 1 0 0 1 1 0 2 0 2 0 0 2 2 1 1 0 1 2 2 1 1 2 1 2 -1 -2 0 -2 -2 0 0 -2 -2 -2 -2 0 -2 -2 -1 0 -1 -1 0 -2 0 0 -1 -2 -1 -1 -2 -1 -2 0 -2 -2 -2 -1 -1 -2 -1 -1 -2 -1 -1 -2 0 -2 0 -2 -1 0 0 -1 -2 -1 0 0 0 -1 -2 0 -1 -1 -2 -1 0 -1 -1 -1 0 -2 -2 0 0 0 -1 -2 0 0 -1 0 0 -1 -1 0 -2 0 -2 0 0 -2 -2 -1 -1 0 -1 -2 -2 -1 -1 -2 -1 -2
-0.333561901575527 0.582413777304794 1.69748954089843 0.68641395125768 0.484277346738431 -1 1 2 0 2 1 1 1 1 1 1 2 0 0 2 1 0 1 2 0 1 0 0 1 2 1 0 2 2 2 0 1 2 1 1 1 1 2 1 2 2 1 2 0 1 2 2 2 1 1 2 2 1 2 1 1 0 2 0 0 0 2 1 0 0 2 2 0 2 2 0 0 0 2 2 0 1 2 1 2 0 1 1 1 0 2 0 1 2 2 2 2 0 0 2 2 0 1 2 0 2 -1 -2 0 -2 -1 -1 -1 -1 -1 -1 -2 0 0 -2 -1 0 -1 -2 0 -1 0 0 -1 -2 -1 0 -2 -2 -2 0 -1 -2 -1 -1 -1 -1 -2 -1 -2 -2 -1 -2 0 -1 -2 -2 -2 -1 -1 -2 -2 -1 -2 -1 -1 0 -2 0 0 0 -2 -1 0 0 -2 -2 0 -2 -2 0 0 0 -2 -2 0 -1 -2 -1 -2 0 -1 -1 -1 0 -2 0 -1 -2 -2 -2 -2 0 0 -2 -2 0 -1 -2 0 -2
0.569868170780336 0.788155977700621 1.48650137883469 -0.58169964701012 0.37520876112458 -1 2 2 0 2 1 1 0 1 0 1 2 0 2 2 2 1 2 2 2 1 0 1 2 2 0 0 2 2 2 1 2 2 2 2 2 2 2 0 0 2 1 2 0 1 0 0 2 1 0 0 2 1 1 0 1 2 2 0 1 0 1 1 0 0 0 1 0 0 0 0 1 0 2 2 0 0 1 0 0 0 1 0 1 0 2 0 0 2 1 1 1 0 0 0 1 0 0 2 0 2 -2 -2 0 -2 -1 -1 0 -1 0 -1 -2 0 -2 -2 -2 -1 -2 -2 -2 -1 0 -1 -2 -2 0 0 -2 -2 -2 -1 -2 -2 -2 -2 -2 -2 -2 0 0 -2 -1 -2 0 -1 0 0 -2 -1 0 0 -2 -1 -1 0 -1 -2 -2 0 -1 0 -1 -1 0 0 0 -1 0 0 0 0 -1 0 -2 -2 0 0 -1 0 0 0 -1 0 -1 0 -2 0 0 -2 -1 -1 -1 0 0 0 -1 0 0 -2 0 -2
-0.79702231561802 -0.928419639825876 -1.73698147676565 -0.769491790102622 1.34424157477777 -1 0 1 0 2 0 0 0 1 0 1 2 0 2 2 2 1 2 1 2 2 0 0 2 2 0 1 2 1 2 0 1 2 1 2 1 2 2 1 2 2 0 2 0 0 1 2 2 0 1 2 2 0 1 0 0 1 2 0 1 0 1 0 0 0 1 2 0 2 1 0 1 0 1 0 0 0 1 0 1 2 2 0 2 0 2 1 0 1 1 0 2 0 1 1 2 1 1 1 0 1 0 -1 0 -2 0 0 0 -1 0 -1 -2 0 -2 -2 -2 -1 -2 -1 -2 -2 0 0 -2 -2 0 -1 -2 -1 -2 0 -1 -2 -1 -2 -1 -2 -2 -1 -2 -2 0 -2 0 0 -1 -2 -2 0 -1 -2 -2 0 -1 0 0 -1 -2 0 -1 0 -1 0 0 0 -1 -2 0 -2 -1 0 -1 0 -1 0 0 0 -1 0 -1 -2 -2 0 -2 0 -2 -1 0 -1 -1 0 -2 0 -1 -1 -2 -1 -1 -1 0 -1
0.964288828824089 -0.552027755586714 1.61212297747411 0.913761692533059 -0.339565606617218 1 1 2 0 2 1 1 0 1 0 0 2 0 2 2 1 1 2 2 2 2 0 1 1 2 0 0 2 2 2 0 0 2 2 2 1 1 2 1 2 2 0 2 0 2 1 1 1 0 0 1 2 2 1 0 1 1 2 0 1 1 2 1 0 0 1 2 0 2 1 0 1 0 2 2 0 1 1 1 2 2 2 1 2 2 2 1 0 2 2 2 2 0 1 1 2 0 1 2 0 2 1 2 0 2 1 1 0 1 0 0 2 0 2 2 1 1 2 2 2 2 0 1 1 2 0 0 2 2 2 0 0 2 2 2 1 1 2 1 2 2 0 2 0 2 1 1 1 0 0 1 2 2 1 0 1 1 2 0 1 1 2 1 0 0 1 2 0 2 1 0 1 0 2 2 0 1 1 1 2 2 2 1 2 2 2 1 0 2 2 2 2 0 1 1 2 0 1 2 0 2
-0.687378410412581 0.50407964299796 -1.23435597693008 -0.0585214588977497 1.51316632564083 1 0 1 0 2 2 0 0 1 1 1 1 0 2 2 0 0 0 1 0 2 0 0 1 2 0 0 2 1 1 0 2 2 2 1 1 2 2 1 2 2 0 2 1 2 1 2 2 0 0 1 1 1 1 0 0 0 2 0 2 1 2 1 0 1 0 1 0 2 0 0 1 0 2 2 0 1 1 0 2 2 2 1 2 0 2 0 0 2 1 1 1 0 1 1 2 1 0 2 0 0 0 1 0 2 2 0 0 1 1 1 1 0 2 2 0 0 0 1 0 2 0 0 1 2 0 0 2 1 1 0 2 2 2 1 1 2 2 1 2 2 0 2 1 2 1 2 2 0 0 1 1 1 1 0 0 0 2 0 2 1 2 1 0 1 0 1 0 2 0 0 1 0 2 2 0 1 1 0 2 2 2 1 2 0 2 0 0 2 1 1 1 0 1 1 2 1 0 2 0 0
-1.85685026409923 -0.373845029359732 1.19729734784298 1.02482010170917 0.459704175277118 1 2 2 1 2 2 0 1 0 0 2 2 0 1 1 0 1 2 2 0 2 0 0 1 2 0 0 2 0 2 0 1 2 0 0 2 2 2 0 1 1 0 2 0 2 1 2 2 1 0 1 2 1 1 0 1 1 2 0 1 1 2 0 0 0 0 2 0 1 1 0 1 1 2 2 0 0 2 1 1 1 0 0 1 0 2 0 0 2 1 1 2 1 2 2 2 1 2 2 0 2 2 2 1 2 2 0 1 0 0 2 2 0 1 1 0 1 2 2 0 2 0 0 1 2 0 0 2 0 2 0 1 2 0 0 2 2 2 0 1 1 0 2 0 2 1 2 2 1 0 1 2 1 1 0 1 1 2 0 1 1 2 0 0 0 0 2 0 1 1 0 1 1 2 2 0 0 2 1 1 1 0 0 1 0 2 0 0 2 1 1 2 1 2 2 2 1 2 2 0 2
0.733049063416069 -0.541361437296872 -0.562344758486542 0.345617174227633 0.561410646477874 -1 2 2 0 2 2 0 0 2 2 1 1 0 1 2 2 2 2 1 0 2 0 1 1 2 0 1 2 1 2 0 2 2 2 2 1 2 2 1 1 2 0 2 0 1 1 2 2 1 0 1 1 0 1 0 0 1 1 0 1 0 2 0 0 0 1 1 0 2 2 0 1 0 2 2 1 0 2 1 2 2 2 1 2 0 2 1 0 2 2 1 2 0 1 2 2 1 0 1 0 1 -2 -2 0 -2 -2 0 0 -2 -2 -1 -1 0 -1 -2 -2 -2 -2 -1 0 -2 0 -1 -1 -2 0 -1 -2 -1 -2 0 -2 -2 -2 -2 -1 -2 -2 -1 -1 -2 0 -2 0 -1 -1 -2 -2 -1 0 -1 -1 0 -1 0 0 -1 -1 0 -1 0 -2 0 0 0 -1 -1 0 -2 -2 0 -1 0 -2 -2 -1 0 -2 -1 -2 -2 -2 -1 -2 0 -2 -1 0 -2 -2 -1 -2 0 -1 -2 -2 -1 0 -1 0 -1
-0.12320375768255 -0.208183003799242 1.02725491259797 -0.109863216442689 -0.972749201265093 1 2 2 0 1 2 1 0 1 2 2 2 1 2 2 2 1 2 2 1 1 1 1 2 2 0 0 2 1 2 1 2 1 1 1 1 2 1 0 2 1 1 2 0 1 0 2 2 1 2 2 2 1 1 0 0 0 2 0 1 0 2 0 0 0 0 2 0 1 1 0 0 0 1 2 0 0 1 0 0 0 1 1 2 1 2 0 1 2 2 2 2 1 1 1 2 1 1 2 1 2 2 2 0 1 2 1 0 1 2 2 2 1 2 2 2 1 2 2 1 1 1 1 2 2 0 0 2 1 2 1 2 1 1 1 1 2 1 0 2 1 1 2 0 1 0 2 2 1 2 2 2 1 1 0 0 0 2 0 1 0 2 0 0 0 0 2 0 1 1 0 0 0 1 2 0 0 1 0 0 0 1 1 2 1 2 0 1 2 2 2 2 1 1 1 2 1 1 2 1 2
1.44363215593459 2.21188324786511 -1.01003288184838 1.16300372994429 -0.350919139330681 1 2 2 0 2 2 2 0 1 1 2 2 0 2 2 2 2 2 2 0 1 0 0 2 2 0 1 1 0 2 0 1 2 1 1 2 2 1 1 2 2 0 2 0 1 1 2 2 0 0 1 1 1 2 0 1 2 2 0 1 0 2 0 0 0 1 1 0 2 2 0 1 1 2 2 0 0 2 1 0 0 1 1 2 0 2 2 1 2 2 1 2 0 2 2 2 0 1 2 0 1 2 2 0 2 2 2 0 1 1 2 2 0 2 2 2 2 2 2 0 1 0 0 2 2 0 1 1 0 2 0 1 2 1 1 2 2 1 1 2 2 0 2 0 1 1 2 2 0 0 1 1 1 2 0 1 2 2 0 1 0 2 0 0 0 1 1 0 2 2 0 1 1 2 2 0 0 2 1 0 0 1 1 2 0 2 2 1 2 2 1 2 0 2 2 2 0 1 2 0 1
0.714175642929025 -0.128976998795153 -0.181773927782013 0.405023808391358 -2.36272272234025 -1 1 1 0 2 2 1 1 0 0 1 2 0 1 2 1 1 1 1 2 2 0 1 1 2 0 0 2 1 2 0 2 2 2 1 2 2 2 1 1 2 0 2 0 1 1 2 1 0 0 2 1 1 2 0 1 2 2 0 2 1 2 1 0 0 2 2 0 2 2 0 1 1 2 1 0 0 1 0 1 1 2 2 2 2 2 1 0 2 2 1 2 0 1 1 2 1 0 1 0 2 -1 -1 0 -2 -2 -1 -1 0 0 -1 -2 0 -1 -2 -1 -1 -1 -1 -2 -2 0 -1 -1 -2 0 0 -2 -1 -2 0 -2 -2 -2 -1 -2 -2 -2 -1 -1 -2 0 -2 0 -1 -1 -2 -1 0 0 -2 -1 -1 -2 0 -1 -2 -2 0 -2 -1 -2 -1 0 0 -2 -2 0 -2 -2 0 -1 -1 -2 -1 0 0 -1 0 -1 -1 -2 -2 -2 -2 -2 -1 0 -2 -2 -1 -2 0 -1 -1 -2 -1 0 -1 0 -2
1.53236263347123 -0.706463946819585 0.108702266782515 -0.458935880892125 0.0201196421651654 -1 1 1 1 2 2 2 2 2 1 2 2 0 2 2 0 1 2 2 1 1 0 1 2 2 0 0 2 2 2 1 2 2 1 1 2 2 2 2 2 2 0 2 0 1 1 2 1 0 0 1 1 1 0 0 1 1 2 0 1 0 2 0 0 0 0 2 0 2 2 0 1 1 2 2 0 1 2 0 1 1 2 1 2 0 2 1 1 2 2 2 2 0 0 0 2 0 0 2 0 1 -1 -1 -1 -2 -2 -2 -2 -2 -1 -2 -2 0 -2 -2 0 -1 -2 -2 -1 -1 0 -1 -2 -2 0 0 -2 -2 -2 -1 -2 -2 -1 -1 -2 -2 -2 -2 -2 -2 0 -2 0 -1 -1 -2 -1 0 0 -1 -1 -1 0 0 -1 -1 -2 0 -1 0 -2 0 0 0 0 -2 0 -2 -2 0 -1 -1 -2 -2 0 -1 -2 0 -1 -1 -2 -1 -2 0 -2 -1 -1 -2 -2 -2 -2 0 0 0 -2 0 0 -2 0 -1
1.53896877640025 -1.27607222256093 -1.73162919602987 -1.14950710164292 -0.93339234588566 -1 0 1 0 2 1 2 0 2 2 2 2 0 2 2 2 1 2 2 0 2 0 1 1 2 0 1 2 1 2 0 1 2 0 0 1 2 2 2 2 2 1 2 0 1 1 2 2 0 1 1 2 0 0 0 1 1 2 0 1 1 2 1 0 1 2 2 0 2 2 0 0 0 2 2 0 0 1 0 1 0 0 1 2 0 2 1 0 2 1 1 1 0 1 1 2 1 1 2 0 1 0 -1 0 -2 -1 -2 0 -2 -2 -2 -2 0 -2 -2 -2 -1 -2 -2 0 -2 0 -1 -1 -2 0 -1 -2 -1 -2 0 -1 -2 0 0 -1 -2 -2 -2 -2 -2 -1 -2 0 -1 -1 -2 -2 0 -1 -1 -2 0 0 0 -1 -1 -2 0 -1 -1 -2 -1 0 -1 -2 -2 0 -2 -2 0 0 0 -2 -2 0 0 -1 0 -1 0 0 -1 -2 0 -2 -1 0 -2 -1 -1 -1 0 -1 -1 -2 -1 -1 -2 0 -1
0.362833494217901 0.0109212318858676 -0.467771181676184 1.29298565671769 -0.508499019471774 -1 1 2 0 2 1 1 1 0 0 1 1 0 1 1 0 0 0 1 1 1 0 1 1 2 1 0 2 2 2 1 2 2 1 1 1 1 2 0 1 2 0 2 0 1 1 2 1 0 1 1 2 1 2 0 0 1 1 0 0 0 2 2 0 0 0 1 0 1 2 0 1 0 2 1 0 0 2 0 1 2 2 1 2 0 2 0 0 2 2 2 2 0 0 2 2 0 0 2 0 2 -1 -2 0 -2 -1 -1 -1 0 0 -1 -1 0 -1 -1 0 0 0 -1 -1 -1 0 -1 -1 -2 -1 0 -2 -2 -2 -1 -2 -2 -1 -1 -1 -1 -2 0 -1 -2 0 -2 0 -1 -1 -2 -1 0 -1 -1 -2 -1 -2 0 0 -1 -1 0 0 0 -2 -2 0 0 0 -1 0 -1 -2 0 -1 0 -2 -1 0 0 -2 0 -1 -2 -2 -1 -2 0 -2 0 0 -2 -2 -2 -2 0 0 -2 -2 0 0 -2 0 -2
-0.0517764983018246 -1.66272286649055 -0.96552283125189 0.248308201529106 -0.188983365442409 -1 1 2 0 2 1 1 1 2 0 1 2 0 1 1 1 0 1 0 0 1 0 0 2 2 0 0 2 1 2 0 1 2 1 1 1 2 1 0 1 2 0 2 1 2 1 2 2 1 0 1 2 1 1 0 1 0 2 0 2 1 2 2 0 1 1 1 0 2 1 0 0 0 1 1 0 0 2 1 2 2 2 1 2 1 2 0 1 2 2 2 1 0 1 0 2 1 1 2 0 1 -1 -2 0 -2 -1 -1 -1 -2 0 -1 -2 0 -1 -1 -1 0 -1 0 0 -1 0 0 -2 -2 0 0 -2 -1 -2 0 -1 -2 -1 -1 -1 -2 -1 0 -1 -2 0 -2 -1 -2 -1 -2 -2 -1 0 -1 -2 -1 -1 0 -1 0 -2 0 -2 -1 -2 -2 0 -1 -1 -1 0 -2 -1 0 0 0 -1 -1 0 0 -2 -1 -2 -2 -2 -1 -2 -1 -2 0 -1 -2 -2 -2 -1 0 -1 0 -2 -1 -1 -2 0 -1
0.69771350733697 -0.587811372905095 -0.737802417378956 -1.90059557274201 -0.37703517929184 1 2 2 0 2 1 1 1 0 0 1 2 0 0 1 1 1 2 2 1 2 0 0 2 2 1 0 2 2 2 2 2 2 2 2 2 1 2 1 1 2 0 2 0 1 1 1 2 2 1 2 1 0 0 0 0 1 2 2 2 1 2 0 0 1 1 1 0 2 1 0 1 0 1 1 1 1 2 2 2 2 2 2 2 1 2 1 1 2 2 1 1 0 0 1 2 2 1 2 0 2 2 2 0 2 1 1 1 0 0 1 2 0 0 1 1 1 2 2 1 2 0 0 2 2 1 0 2 2 2 2 2 2 2 2 2 1 2 1 1 2 0 2 0 1 1 1 2 2 1 2 1 0 0 0 0 1 2 2 2 1 2 0 0 1 1 1 0 2 1 0 1 0 1 1 1 1 2 2 2 2 2 2 2 1 2 1 1 2 2 1 1 0 0 1 2 2 1 2 0 2
-0.469171575507547 0.156538341204259 1.04802672510843 0.0949256861273313 -0.728073562388607 -1 2 2 0 2 1 1 1 1 0 1 2 0 2 2 1 0 2 2 0 2 0 1 0 2 1 1 2 2 2 0 1 2 0 2 2 1 2 2 2 2 0 2 0 0 1 2 2 0 0 0 1 0 0 0 0 2 2 0 0 0 2 0 0 0 0 1 0 0 1 0 0 0 1 1 0 0 2 0 2 1 2 1 2 1 2 1 0 2 2 0 2 0 0 1 2 1 1 2 0 2 -2 -2 0 -2 -1 -1 -1 -1 0 -1 -2 0 -2 -2 -1 0 -2 -2 0 -2 0 -1 0 -2 -1 -1 -2 -2 -2 0 -1 -2 0 -2 -2 -1 -2 -2 -2 -2 0 -2 0 0 -1 -2 -2 0 0 0 -1 0 0 0 0 -2 -2 0 0 0 -2 0 0 0 0 -1 0 0 -1 0 0 0 -1 -1 0 0 -2 0 -2 -1 -2 -1 -2 -1 -2 -1 0 -2 -2 0 -2 0 0 -1 -2 -1 -1 -2 0 -2
1.88224883469603 0.244456665473458 0.601487677665749 -0.775713309843116 1.83083079601635 1 1 1 0 2 2 0 0 1 1 2 2 0 1 1 0 0 0 2 2 2 1 1 2 2 0 0 2 1 1 0 2 2 1 1 2 2 2 0 2 2 0 2 0 1 0 2 1 0 0 1 2 0 1 0 1 1 2 0 1 0 2 0 0 0 1 2 0 1 2 0 1 1 2 2 0 0 1 0 1 0 2 0 1 0 2 0 0 2 2 1 1 0 1 1 2 1 0 2 0 2 1 1 0 2 2 0 0 1 1 2 2 0 1 1 0 0 0 2 2 2 1 1 2 2 0 0 2 1 1 0 2 2 1 1 2 2 2 0 2 2 0 2 0 1 0 2 1 0 0 1 2 0 1 0 1 1 2 0 1 0 2 0 0 0 1 2 0 1 2 0 1 1 2 2 0 0 1 0 1 0 2 0 1 0 2 0 0 2 2 1 1 0 1 1 2 1 0 2 0 2
1.85578404910878 0.593220415244368 0.663290991913879 0.490389687070077 0.0413031115643774 1 1 2 0 2 2 2 1 0 0 2 2 0 1 1 0 0 1 1 1 0 0 1 2 2 0 1 2 0 2 1 2 2 2 1 2 2 2 1 2 2 0 2 0 1 0 2 1 0 1 1 2 0 0 0 0 1 2 0 1 0 2 0 0 0 2 2 0 2 1 0 1 0 1 2 0 0 2 1 2 2 1 0 2 1 2 2 0 2 2 1 2 0 1 1 2 0 1 2 0 1 1 2 0 2 2 2 1 0 0 2 2 0 1 1 0 0 1 1 1 0 0 1 2 2 0 1 2 0 2 1 2 2 2 1 2 2 2 1 2 2 0 2 0 1 0 2 1 0 1 1 2 0 0 0 0 1 2 0 1 0 2 0 0 0 2 2 0 2 1 0 1 0 1 2 0 0 2 1 2 2 1 0 2 1 2 2 0 2 2 1 2 0 1 1 2 0 1 2 0 1
-0.434394928106816 1.30308902776394 -0.452579424609159 -1.08125230385652 2.14859941109397 1 2 2 0 2 2 2 0 1 1 2 2 0 0 1 1 0 0 1 0 1 0 0 2 2 0 0 2 1 2 1 2 2 1 1 2 1 1 0 1 1 0 1 0 2 2 2 2 1 0 2 2 1 1 0 2 2 2 0 2 1 2 0 0 1 1 2 0 2 1 0 1 0 1 2 0 0 1 1 1 1 2 2 2 1 2 0 1 2 2 0 2 0 0 1 2 1 0 1 0 2 2 2 0 2 2 2 0 1 1 2 2 0 0 1 1 0 0 1 0 1 0 0 2 2 0 0 2 1 2 1 2 2 1 1 2 1 1 0 1 1 0 1 0 2 2 2 2 1 0 2 2 1 1 0 2 2 2 0 2 1 2 0 0 1 1 2 0 2 1 0 1 0 1 2 0 0 1 1 1 1 2 2 2 1 2 0 1 2 2 0 2 0 0 1 2 1 0 1 0 2
