0.62228324620038 0.244215674844784 0.715322158613336 0.427485193307616 0.687768101335161 -1 0 0 1 1 0 1 1 1 1 2 2 1 2 1 0 2 2 2 1 0 0 2 0 1 0 2 2 2 1 1 0 0 2 1 2 1 1 1 1 0 0 1 0 0 1 2 0 0 0 0 2 1 0 0 2 2 1 1 1 2 0 0 0 2 0 0 1 1 2 0 1 2 1 1 2 1 0 2 0 0 1 1 1 1 2 2 2 2 2 2 1 0 0 1 2 2 2 1 1 1 0 0 -1 -1 0 -1 -1 -1 -1 -2 -2 -1 -2 -1 0 -2 -2 -2 -1 0 0 -2 0 -1 0 -2 -2 -2 -1 -1 0 0 -2 -1 -2 -1 -1 -1 -1 0 0 -1 0 0 -1 -2 0 0 0 0 -2 -1 0 0 -2 -2 -1 -1 -1 -2 0 0 0 -2 0 0 -1 -1 -2 0 -1 -2 -1 -1 -2 -1 0 -2 0 0 -1 -1 -1 -1 -2 -2 -2 -2 -2 -2 -1 0 0 -1 -2 -2 -2 -1 -1 -1
-0.300978341985842 0.797263035957814 -0.365344604633964 -0.394153246932525 -0.506227688677753 1 1 1 2 0 0 2 2 0 1 2 1 0 2 2 0 2 2 2 2 0 0 2 0 0 1 2 2 2 2 2 0 0 2 1 2 2 0 0 2 1 2 1 1 1 2 1 0 0 2 1 2 2 0 1 2 1 0 2 1 2 0 0 2 2 0 0 0 1 2 0 0 0 1 0 1 0 0 1 0 0 1 1 0 0 2 2 1 1 1 2 1 1 1 1 2 2 2 0 0 1 1 1 2 0 0 2 2 0 1 2 1 0 2 2 0 2 2 2 2 0 0 2 0 0 1 2 2 2 2 2 0 0 2 1 2 2 0 0 2 1 2 1 1 1 2 1 0 0 2 1 2 2 0 1 2 1 0 2 1 2 0 0 2 2 0 0 0 1 2 0 0 0 1 0 1 0 0 1 0 0 1 1 0 0 2 2 1 1 1 2 1 1 1 1 2 2 2 0 0 1
1.30257751505899 1.36721560914753 -0.07683476147116 1.16018302208957 -1.02221559203554 -1 2 0 2 2 1 1 2 0 1 1 2 2 2 0 0 0 2 1 2 1 1 2 0 1 2 1 2 2 2 2 0 0 2 1 2 2 1 0 2 1 2 1 1 1 1 0 0 0 0 0 0 2 0 1 2 2 0 1 1 2 0 0 1 2 0 0 0 0 2 0 0 1 0 1 2 0 0 1 0 0 0 0 0 0 2 2 1 1 2 2 1 0 0 2 1 1 2 1 1 0 -2 0 -2 -2 -1 -1 -2 0 -1 -1 -2 -2 -2 0 0 0 -2 -1 -2 -1 -1 -2 0 -1 -2 -1 -2 -2 -2 -2 0 0 -2 -1 -2 -2 -1 0 -2 -1 -2 -1 -1 -1 -1 0 0 0 0 0 0 -2 0 -1 -2 -2 0 -1 -1 -2 0 0 -1 -2 0 0 0 0 -2 0 0 -1 0 -1 -2 0 0 -1 0 0 0 0 0 0 -2 -2 -1 -1 -2 -2 -1 0 0 -2 -1 -1 -2 -1 -1 0
1.03266010928741 -0.641944287095301 0.270425655275169 1.48021149784797 -1.51753717460143 -1 2 0 2 1 1 2 1 1 0 1 0 1 1 1 0 0 1 0 1 1 1 1 0 2 2 2 2 2 1 0 0 0 2 2 2 2 0 0 2 1 1 0 1 2 1 0 0 0 2 0 0 1 0 0 2 2 1 1 0 2 1 0 0 1 0 1 0 1 2 0 0 0 0 2 1 0 0 2 1 1 2 2 2 1 2 2 2 1 1 0 1 1 1 1 2 2 2 1 1 1 -2 0 -2 -1 -1 -2 -1 -1 0 -1 0 -1 -1 -1 0 0 -1 0 -1 -1 -1 -1 0 -2 -2 -2 -2 -2 -1 0 0 0 -2 -2 -2 -2 0 0 -2 -1 -1 0 -1 -2 -1 0 0 0 -2 0 0 -1 0 0 -2 -2 -1 -1 0 -2 -1 0 0 -1 0 -1 0 -1 -2 0 0 0 0 -2 -1 0 0 -2 -1 -1 -2 -2 -2 -1 -2 -2 -2 -1 -1 0 -1 -1 -1 -1 -2 -2 -2 -1 -1 -1
1.38773702500183 0.554351552617119 -0.233770483597986 -0.296631560253796 -0.1346916439553 -1 1 0 2 2 2 1 2 1 1 1 2 0 2 1 0 1 2 2 2 1 1 2 1 1 2 2 2 2 0 2 1 0 2 1 2 2 1 1 2 0 0 0 1 1 2 1 0 0 1 0 1 2 0 1 2 0 0 0 0 2 1 1 1 1 0 1 2 2 2 0 0 1 1 0 0 0 0 0 1 1 0 0 0 0 2 2 0 0 0 1 0 0 1 2 2 2 2 1 1 1 -1 0 -2 -2 -2 -1 -2 -1 -1 -1 -2 0 -2 -1 0 -1 -2 -2 -2 -1 -1 -2 -1 -1 -2 -2 -2 -2 0 -2 -1 0 -2 -1 -2 -2 -1 -1 -2 0 0 0 -1 -1 -2 -1 0 0 -1 0 -1 -2 0 -1 -2 0 0 0 0 -2 -1 -1 -1 -1 0 -1 -2 -2 -2 0 0 -1 -1 0 0 0 0 0 -1 -1 0 0 0 0 -2 -2 0 0 0 -1 0 0 -1 -2 -2 -2 -2 -1 -1 -1
-0.545434447736577 -1.81660098774216 0.595253107234157 -0.941996677681532 0.306328578840748 -1 2 1 2 2 1 2 1 2 1 1 1 0 2 2 1 0 1 1 2 1 1 1 1 1 2 2 2 2 1 2 1 0 2 2 2 1 0 0 2 0 1 1 1 0 1 1 0 0 1 1 1 1 0 0 1 0 0 0 1 2 0 0 0 0 0 1 2 2 2 0 1 1 1 2 2 1 0 0 0 0 0 1 2 1 2 2 1 0 1 2 1 0 0 1 0 1 1 0 0 1 -2 -1 -2 -2 -1 -2 -1 -2 -1 -1 -1 0 -2 -2 -1 0 -1 -1 -2 -1 -1 -1 -1 -1 -2 -2 -2 -2 -1 -2 -1 0 -2 -2 -2 -1 0 0 -2 0 -1 -1 -1 0 -1 -1 0 0 -1 -1 -1 -1 0 0 -1 0 0 0 -1 -2 0 0 0 0 0 -1 -2 -2 -2 0 -1 -1 -1 -2 -2 -1 0 0 0 0 0 -1 -2 -1 -2 -2 -1 0 -1 -2 -1 0 0 -1 0 -1 -1 0 0 -1
0.420894546905923 1.13191034761052 -1.42102394641231 0.771455236042694 0.471404994754294 1 1 0 2 1 1 1 0 0 0 1 0 0 1 0 0 1 2 1 1 0 0 1 0 1 1 2 2 2 2 1 0 0 2 1 2 2 1 0 2 0 0 0 0 0 1 1 0 0 1 0 2 2 0 1 2 2 0 1 1 2 0 0 0 1 0 0 1 1 2 0 0 0 0 0 1 0 0 1 0 1 1 1 2 0 2 2 0 0 1 2 1 1 0 0 0 1 2 1 0 0 1 0 2 1 1 1 0 0 0 1 0 0 1 0 0 1 2 1 1 0 0 1 0 1 1 2 2 2 2 1 0 0 2 1 2 2 1 0 2 0 0 0 0 0 1 1 0 0 1 0 2 2 0 1 2 2 0 1 1 2 0 0 0 1 0 0 1 1 2 0 0 0 0 0 1 0 0 1 0 1 1 1 2 0 2 2 0 0 1 2 1 1 0 0 0 1 2 1 0 0
-1.4440357097837 1.63361813814391 0.00933915155088116 0.106543574898798 -0.0194514521866167 -1 1 0 2 2 1 2 1 0 1 2 2 1 2 1 0 2 2 1 2 1 1 2 1 1 0 2 2 2 1 1 0 0 2 1 2 2 1 0 2 0 1 1 1 1 0 0 0 0 1 0 2 2 0 0 2 1 0 2 1 2 0 1 2 2 0 0 1 1 2 0 1 0 0 1 2 0 0 0 0 1 1 1 1 0 2 2 2 1 1 1 1 0 0 1 1 2 2 1 0 1 -1 0 -2 -2 -1 -2 -1 0 -1 -2 -2 -1 -2 -1 0 -2 -2 -1 -2 -1 -1 -2 -1 -1 0 -2 -2 -2 -1 -1 0 0 -2 -1 -2 -2 -1 0 -2 0 -1 -1 -1 -1 0 0 0 0 -1 0 -2 -2 0 0 -2 -1 0 -2 -1 -2 0 -1 -2 -2 0 0 -1 -1 -2 0 -1 0 0 -1 -2 0 0 0 0 -1 -1 -1 -1 0 -2 -2 -2 -1 -1 -1 -1 0 0 -1 -1 -2 -2 -1 0 -1
-0.448039317343478 0.126362608517436 0.793108273475213 -0.461341799678504 0.45958567881484 1 2 0 2 1 1 1 1 0 0 2 1 0 2 2 1 2 1 0 2 1 1 2 1 1 2 1 2 1 0 0 0 0 1 1 1 1 1 0 1 0 0 0 0 0 1 0 0 0 1 0 1 1 0 0 2 1 0 1 0 2 0 0 1 2 0 0 1 2 2 0 0 0 1 1 2 1 1 0 0 0 2 1 1 1 2 2 1 2 0 2 0 0 0 0 1 1 2 1 2 0 2 0 2 1 1 1 1 0 0 2 1 0 2 2 1 2 1 0 2 1 1 2 1 1 2 1 2 1 0 0 0 0 1 1 1 1 1 0 1 0 0 0 0 0 1 0 0 0 1 0 1 1 0 0 2 1 0 1 0 2 0 0 1 2 0 0 1 2 2 0 0 0 1 1 2 1 1 0 0 0 2 1 1 1 2 2 1 2 0 2 0 0 0 0 1 1 2 1 2 0
1.54295083908097 -1.72524641732344 0.892203291230931 -2.01507320979012 0.611716475577721 1 2 0 1 1 0 2 2 0 1 1 1 0 1 1 0 1 1 1 2 1 1 1 0 1 1 0 1 1 2 2 0 0 2 0 2 2 1 0 2 0 0 0 1 0 1 1 1 1 2 1 2 1 0 0 1 1 0 1 0 2 0 1 1 2 0 0 0 0 2 0 1 1 0 0 2 1 1 1 1 1 1 1 0 0 2 2 1 0 0 2 1 0 1 2 1 0 2 0 0 0 2 0 1 1 0 2 2 0 1 1 1 0 1 1 0 1 1 1 2 1 1 1 0 1 1 0 1 1 2 2 0 0 2 0 2 2 1 0 2 0 0 0 1 0 1 1 1 1 2 1 2 1 0 0 1 1 0 1 0 2 0 1 1 2 0 0 0 0 2 0 1 1 0 0 2 1 1 1 1 1 1 1 0 0 2 2 1 0 0 2 1 0 1 2 1 0 2 0 0 0
0.993569672532348 -0.447490967003859 -2.16863090164065 -2.26849466297094 0.601682818902259 -1 1 0 2 1 1 2 1 1 2 1 2 1 2 1 0 1 1 1 1 1 1 2 0 0 1 1 1 1 1 1 0 0 0 0 2 2 1 1 2 1 1 1 2 2 2 1 0 1 2 2 2 1 0 0 2 2 1 2 1 2 1 1 1 2 0 0 1 1 2 0 0 1 1 1 2 0 0 2 1 0 1 2 1 0 2 2 1 0 0 2 1 0 0 0 0 1 2 0 0 0 -1 0 -2 -1 -1 -2 -1 -1 -2 -1 -2 -1 -2 -1 0 -1 -1 -1 -1 -1 -1 -2 0 0 -1 -1 -1 -1 -1 -1 0 0 0 0 -2 -2 -1 -1 -2 -1 -1 -1 -2 -2 -2 -1 0 -1 -2 -2 -2 -1 0 0 -2 -2 -1 -2 -1 -2 -1 -1 -1 -2 0 0 -1 -1 -2 0 0 -1 -1 -1 -2 0 0 -2 -1 0 -1 -2 -1 0 -2 -2 -1 0 0 -2 -1 0 0 0 0 -1 -2 0 0 0
-0.0704216535256254 1.32042484406793 -0.573651333191754 -0.816083887178294 0.488978294649918 -1 1 0 2 2 2 2 1 0 0 1 2 2 2 1 0 2 2 0 2 0 1 1 0 0 1 1 2 2 2 2 0 0 2 0 2 1 0 0 1 0 0 0 2 1 1 1 0 0 1 1 1 2 0 1 2 2 2 1 0 2 1 2 1 1 0 0 0 0 2 0 0 0 0 1 2 0 0 2 1 1 0 0 1 0 2 2 1 1 2 2 2 1 0 1 2 2 2 1 0 0 -1 0 -2 -2 -2 -2 -1 0 0 -1 -2 -2 -2 -1 0 -2 -2 0 -2 0 -1 -1 0 0 -1 -1 -2 -2 -2 -2 0 0 -2 0 -2 -1 0 0 -1 0 0 0 -2 -1 -1 -1 0 0 -1 -1 -1 -2 0 -1 -2 -2 -2 -1 0 -2 -1 -2 -1 -1 0 0 0 0 -2 0 0 0 0 -1 -2 0 0 -2 -1 -1 0 0 -1 0 -2 -2 -1 -1 -2 -2 -2 -1 0 -1 -2 -2 -2 -1 0 0
-0.602359740686205 -0.879916903583205 -0.450997370402628 0.548137265991639 0.252394485749685 -1 1 0 2 2 1 2 1 0 2 2 2 1 1 0 0 2 2 2 2 1 1 1 1 2 1 2 2 2 2 1 0 0 2 2 2 1 1 1 2 1 2 1 0 0 1 1 0 0 1 0 2 2 0 1 2 2 0 2 1 2 0 1 0 1 0 0 1 0 2 0 0 1 0 1 2 0 1 2 0 0 0 0 0 0 2 2 2 0 0 2 0 0 0 1 1 0 2 0 0 0 -1 0 -2 -2 -1 -2 -1 0 -2 -2 -2 -1 -1 0 0 -2 -2 -2 -2 -1 -1 -1 -1 -2 -1 -2 -2 -2 -2 -1 0 0 -2 -2 -2 -1 -1 -1 -2 -1 -2 -1 0 0 -1 -1 0 0 -1 0 -2 -2 0 -1 -2 -2 0 -2 -1 -2 0 -1 0 -1 0 0 -1 0 -2 0 0 -1 0 -1 -2 0 -1 -2 0 0 0 0 0 0 -2 -2 -2 0 0 -2 0 0 0 -1 -1 0 -2 0 0 0
-0.150024346511041 1.26936950600223 1.2662395726227 2.09821251231453 1.90171940105141 -1 0 0 2 2 2 2 2 1 0 1 2 0 1 1 0 1 2 2 1 0 1 1 0 1 1 2 1 2 1 0 0 0 2 2 2 2 1 0 2 1 1 1 1 1 1 2 1 0 2 1 1 2 0 1 2 1 1 2 1 2 0 1 2 2 0 0 0 1 2 0 0 0 0 1 2 0 1 0 0 0 0 0 1 0 0 1 1 1 0 2 1 0 0 0 0 1 2 1 0 0 0 0 -2 -2 -2 -2 -2 -1 0 -1 -2 0 -1 -1 0 -1 -2 -2 -1 0 -1 -1 0 -1 -1 -2 -1 -2 -1 0 0 0 -2 -2 -2 -2 -1 0 -2 -1 -1 -1 -1 -1 -1 -2 -1 0 -2 -1 -1 -2 0 -1 -2 -1 -1 -2 -1 -2 0 -1 -2 -2 0 0 0 -1 -2 0 0 0 0 -1 -2 0 -1 0 0 0 0 0 -1 0 0 -1 -1 -1 0 -2 -1 0 0 0 0 -1 -2 -1 0 0
0.516977590763539 1.39565486336172 -0.633299913861224 -1.08915729023443 -0.731074001255919 1 1 0 1 1 2 2 2 0 1 1 1 2 2 2 2 1 1 0 1 0 1 1 0 1 1 2 2 1 0 1 0 0 2 1 2 1 1 1 2 1 1 1 1 1 1 1 0 0 2 1 2 1 0 0 2 2 0 1 0 2 0 0 0 1 0 1 1 1 2 0 0 1 0 0 2 1 0 2 0 0 1 1 0 0 1 2 0 0 1 2 0 1 1 2 2 2 2 1 0 0 1 0 1 1 2 2 2 0 1 1 1 2 2 2 2 1 1 0 1 0 1 1 0 1 1 2 2 1 0 1 0 0 2 1 2 1 1 1 2 1 1 1 1 1 1 1 0 0 2 1 2 1 0 0 2 2 0 1 0 2 0 0 0 1 0 1 1 1 2 0 0 1 0 0 2 1 0 2 0 0 1 1 0 0 1 2 0 0 1 2 0 1 1 2 2 2 2 1 0 0
-0.446281813911059 -0.298124672698804 0.898974067317342 0.997084030400993 -0.0153444344845689 -1 2 1 2 2 1 1 0 0 0 1 1 0 2 2 0 1 2 1 2 1 1 2 0 1 0 1 1 1 1 1 0 0 2 1 2 1 0 0 1 0 0 0 1 2 2 1 0 0 1 0 2 2 0 0 1 2 0 2 1 2 0 1 2 1 0 0 1 0 2 0 0 0 0 1 2 0 1 2 1 1 0 0 0 0 2 2 2 2 1 1 1 0 0 2 2 1 2 2 0 0 -2 -1 -2 -2 -1 -1 0 0 0 -1 -1 0 -2 -2 0 -1 -2 -1 -2 -1 -1 -2 0 -1 0 -1 -1 -1 -1 -1 0 0 -2 -1 -2 -1 0 0 -1 0 0 0 -1 -2 -2 -1 0 0 -1 0 -2 -2 0 0 -1 -2 0 -2 -1 -2 0 -1 -2 -1 0 0 -1 0 -2 0 0 0 0 -1 -2 0 -1 -2 -1 -1 0 0 0 0 -2 -2 -2 -2 -1 -1 -1 0 0 -2 -2 -1 -2 -2 0 0
0.74689151221237 0.811326847025176 0.981665408958459 0.484812203409579 0.0431099556589894 1 1 0 2 1 0 1 0 1 0 1 0 0 1 1 0 1 0 1 2 0 0 1 1 2 2 2 2 2 1 2 0 0 2 1 2 1 0 0 0 0 2 1 1 1 1 1 0 0 1 0 1 2 0 0 2 1 0 2 0 2 1 1 2 2 0 0 0 2 2 1 1 1 0 0 2 0 0 0 0 1 2 0 0 0 1 2 0 1 1 1 0 1 0 1 1 1 2 1 0 0 1 0 2 1 0 1 0 1 0 1 0 0 1 1 0 1 0 1 2 0 0 1 1 2 2 2 2 2 1 2 0 0 2 1 2 1 0 0 0 0 2 1 1 1 1 1 0 0 1 0 1 2 0 0 2 1 0 2 0 2 1 1 2 2 0 0 0 2 2 1 1 1 0 0 2 0 0 0 0 1 2 0 0 0 1 2 0 1 1 1 0 1 0 1 1 1 2 1 0 0
1.1205591516567 0.0997768471923607 0.437111694691615 -0.858796312717686 1.50971724188805 -1 1 0 2 0 2 2 1 1 1 2 2 1 2 0 0 1 1 2 2 0 1 1 0 1 1 1 1 1 1 1 0 0 2 1 2 2 1 1 2 0 1 1 1 1 1 2 0 0 1 0 1 1 0 0 1 1 1 2 2 2 0 0 0 1 0 0 1 1 2 0 0 0 1 0 1 0 0 1 0 0 1 1 1 0 2 2 0 0 0 0 0 0 0 0 0 2 1 1 0 0 -1 0 -2 0 -2 -2 -1 -1 -1 -2 -2 -1 -2 0 0 -1 -1 -2 -2 0 -1 -1 0 -1 -1 -1 -1 -1 -1 -1 0 0 -2 -1 -2 -2 -1 -1 -2 0 -1 -1 -1 -1 -1 -2 0 0 -1 0 -1 -1 0 0 -1 -1 -1 -2 -2 -2 0 0 0 -1 0 0 -1 -1 -2 0 0 0 -1 0 -1 0 0 -1 0 0 -1 -1 -1 0 -2 -2 0 0 0 0 0 0 0 0 0 -2 -1 -1 0 0
-0.385019389801097 1.69272175814596 -0.139076603632883 0.660314569544937 1.55828601210582 -1 2 0 2 1 2 2 2 0 1 2 2 2 2 1 1 2 2 1 2 2 2 1 0 0 0 1 2 2 1 1 0 0 2 2 2 2 1 1 1 0 0 1 1 0 1 0 0 0 2 0 0 2 0 1 2 1 0 2 0 2 2 2 1 2 0 0 0 0 2 0 0 0 0 0 2 0 0 1 0 0 1 0 1 0 2 2 2 1 2 2 0 0 0 1 2 2 2 1 0 1 -2 0 -2 -1 -2 -2 -2 0 -1 -2 -2 -2 -2 -1 -1 -2 -2 -1 -2 -2 -2 -1 0 0 0 -1 -2 -2 -1 -1 0 0 -2 -2 -2 -2 -1 -1 -1 0 0 -1 -1 0 -1 0 0 0 -2 0 0 -2 0 -1 -2 -1 0 -2 0 -2 -2 -2 -1 -2 0 0 0 0 -2 0 0 0 0 0 -2 0 0 -1 0 0 -1 0 -1 0 -2 -2 -2 -1 -2 -2 0 0 0 -1 -2 -2 -2 -1 0 -1
1.22117676769482 1.80104694075486 1.22016889735255 0.070404458740996 -1.481398243598 1 1 0 1 1 2 2 2 1 1 2 1 1 2 2 0 0 1 1 2 0 0 2 0 2 2 2 2 1 1 1 0 0 1 0 2 1 0 0 2 1 1 0 1 1 1 1 0 0 2 0 0 2 0 0 2 1 0 2 2 2 1 2 1 2 0 0 1 1 2 0 0 2 2 2 2 1 1 2 1 2 2 1 1 0 2 2 2 1 0 2 1 1 0 2 1 1 2 2 0 0 1 0 1 1 2 2 2 1 1 2 1 1 2 2 0 0 1 1 2 0 0 2 0 2 2 2 2 1 1 1 0 0 1 0 2 1 0 0 2 1 1 0 1 1 1 1 0 0 2 0 0 2 0 0 2 1 0 2 2 2 1 2 1 2 0 0 1 1 2 0 0 2 2 2 2 1 1 2 1 2 2 1 1 0 2 2 2 1 0 2 1 1 0 2 1 1 2 2 0 0
0.981455651352312 -0.291040495608653 -0.590489586863858 -0.498112966165265 0.186913613173507 1 0 0 2 2 2 1 2 1 1 2 1 1 2 0 0 2 2 2 2 1 0 1 0 1 0 1 2 2 0 2 0 0 2 1 2 2 1 1 2 0 0 0 2 2 0 0 0 0 1 1 2 1 0 1 2 1 0 0 0 2 0 1 1 1 0 0 1 1 2 0 0 2 2 1 0 0 0 2 0 1 1 1 0 0 2 2 1 1 1 1 1 0 0 2 1 1 2 1 0 0 0 0 2 2 2 1 2 1 1 2 1 1 2 0 0 2 2 2 2 1 0 1 0 1 0 1 2 2 0 2 0 0 2 1 2 2 1 1 2 0 0 0 2 2 0 0 0 0 1 1 2 1 0 1 2 1 0 0 0 2 0 1 1 1 0 0 1 1 2 0 0 2 2 1 0 0 0 2 0 1 1 1 0 0 2 2 1 1 1 1 1 0 0 2 1 1 2 1 0 0
0.139766695267616 0.80210247815083 0.962080278755284 -2.3400045983525 0.145187848961859 -1 1 0 2 1 0 1 2 1 1 2 2 2 2 2 0 1 2 2 2 1 0 1 0 2 1 2 1 0 0 0 0 0 2 2 2 2 1 1 2 1 1 1 1 1 2 1 0 0 1 0 0 2 0 0 2 2 0 2 1 2 0 0 0 1 0 0 1 0 2 0 0 2 1 1 1 0 0 1 1 0 0 0 1 0 1 2 0 1 1 1 0 0 0 0 1 1 1 1 1 1 -1 0 -2 -1 0 -1 -2 -1 -1 -2 -2 -2 -2 -2 0 -1 -2 -2 -2 -1 0 -1 0 -2 -1 -2 -1 0 0 0 0 0 -2 -2 -2 -2 -1 -1 -2 -1 -1 -1 -1 -1 -2 -1 0 0 -1 0 0 -2 0 0 -2 -2 0 -2 -1 -2 0 0 0 -1 0 0 -1 0 -2 0 0 -2 -1 -1 -1 0 0 -1 -1 0 0 0 -1 0 -1 -2 0 -1 -1 -1 0 0 0 0 -1 -1 -1 -1 -1 -1
0.00891826051760136 -0.216974264574377 1.18834156816752 0.671705569582503 -0.971333365662506 1 0 0 2 1 1 2 2 0 1 1 1 1 2 1 0 1 1 1 2 0 1 2 1 2 1 2 2 2 1 2 0 0 2 1 2 1 0 1 2 1 2 2 2 1 2 1 0 0 2 0 1 2 0 0 2 1 0 2 0 1 0 0 1 0 0 0 0 1 2 0 0 1 1 1 1 0 0 1 1 0 0 0 0 0 2 2 2 1 2 2 2 2 1 2 1 2 2 2 1 0 0 0 2 1 1 2 2 0 1 1 1 1 2 1 0 1 1 1 2 0 1 2 1 2 1 2 2 2 1 2 0 0 2 1 2 1 0 1 2 1 2 2 2 1 2 1 0 0 2 0 1 2 0 0 2 1 0 2 0 1 0 0 1 0 0 0 0 1 2 0 0 1 1 1 1 0 0 1 1 0 0 0 0 0 2 2 2 1 2 2 2 2 1 2 1 2 2 2 1 0
-0.0324630192738345 0.423391495070088 0.322722676486941 2.08195238728042 0.901928369336486 1 1 0 2 1 1 2 1 0 1 1 1 1 2 1 0 2 2 1 2 0 0 1 0 1 0 2 2 2 2 1 0 0 2 2 2 2 1 1 2 0 0 0 1 1 2 2 1 0 2 2 1 2 0 0 2 2 2 2 1 2 1 0 1 1 0 0 1 0 2 0 0 2 1 1 2 1 1 2 0 1 1 1 2 0 0 2 0 1 1 2 1 1 1 2 2 2 2 1 0 0 1 0 2 1 1 2 1 0 1 1 1 1 2 1 0 2 2 1 2 0 0 1 0 1 0 2 2 2 2 1 0 0 2 2 2 2 1 1 2 0 0 0 1 1 2 2 1 0 2 2 1 2 0 0 2 2 2 2 1 2 1 0 1 1 0 0 1 0 2 0 0 2 1 1 2 1 1 2 0 1 1 1 2 0 0 2 0 1 1 2 1 1 1 2 2 2 2 1 0 0
1.45715962016622 0.64619116920918 -1.24579142267164 -0.300967515090446 0.0163300703089456 -1 2 1 2 1 1 0 2 0 0 2 1 0 2 0 0 1 1 1 0 0 0 1 0 2 1 2 2 2 1 0 0 0 2 1 2 2 0 1 2 1 2 2 2 2 1 0 0 0 1 1 2 2 0 0 2 2 2 2 1 2 1 1 1 1 0 0 1 2 2 0 1 1 1 2 2 1 1 2 1 1 2 0 0 0 2 2 2 2 2 2 0 1 1 1 1 2 2 1 1 0 -2 -1 -2 -1 -1 0 -2 0 0 -2 -1 0 -2 0 0 -1 -1 -1 0 0 0 -1 0 -2 -1 -2 -2 -2 -1 0 0 0 -2 -1 -2 -2 0 -1 -2 -1 -2 -2 -2 -2 -1 0 0 0 -1 -1 -2 -2 0 0 -2 -2 -2 -2 -1 -2 -1 -1 -1 -1 0 0 -1 -2 -2 0 -1 -1 -1 -2 -2 -1 -1 -2 -1 -1 -2 0 0 0 -2 -2 -2 -2 -2 -2 0 -1 -1 -1 -1 -2 -2 -1 -1 0
-0.588160515779966 -0.0140498605562723 -0.862746072494997 -1.05506248505716 -1.07069106314737 1 1 0 2 1 2 2 2 0 1 2 1 1 2 0 0 1 2 0 2 1 2 2 1 2 2 2 2 2 2 2 0 0 2 1 2 2 1 0 2 0 1 0 0 1 0 1 1 1 2 0 1 2 0 0 2 2 0 1 0 1 0 1 0 1 0 0 0 1 2 0 0 0 1 0 2 0 0 1 0 0 0 0 0 0 1 2 0 0 0 1 0 0 1 2 2 2 2 2 1 1 1 0 2 1 2 2 2 0 1 2 1 1 2 0 0 1 2 0 2 1 2 2 1 2 2 2 2 2 2 2 0 0 2 1 2 2 1 0 2 0 1 0 0 1 0 1 1 1 2 0 1 2 0 0 2 2 0 1 0 1 0 1 0 1 0 0 0 1 2 0 0 0 1 0 2 0 0 1 0 0 0 0 0 0 1 2 0 0 0 1 0 0 1 2 2 2 2 2 1 1
0.18692350939591 1.90124266180727 -1.09578270928338 -0.875321953998699 1.04402544630309 -1 1 0 2 1 2 2 2 0 0 1 1 1 2 1 0 2 2 1 2 1 1 2 0 1 2 2 2 2 1 2 1 0 2 2 2 2 1 0 1 0 0 0 0 1 0 0 0 0 2 0 0 0 0 0 2 2 0 2 0 2 1 2 2 1 0 1 1 1 2 0 1 1 1 1 2 1 0 1 0 0 1 0 0 0 2 2 0 1 1 2 1 1 0 1 2 2 2 1 1 0 -1 0 -2 -1 -2 -2 -2 0 0 -1 -1 -1 -2 -1 0 -2 -2 -1 -2 -1 -1 -2 0 -1 -2 -2 -2 -2 -1 -2 -1 0 -2 -2 -2 -2 -1 0 -1 0 0 0 0 -1 0 0 0 0 -2 0 0 0 0 0 -2 -2 0 -2 0 -2 -1 -2 -2 -1 0 -1 -1 -1 -2 0 -1 -1 -1 -1 -2 -1 0 -1 0 0 -1 0 0 0 -2 -2 0 -1 -1 -2 -1 -1 0 -1 -2 -2 -2 -1 -1 0
-0.20346107181056 -0.0427112515843834 0.787392985378949 1.57451480699891 -0.755852245671995 1 2 1 2 1 1 0 1 0 0 1 1 0 2 0 0 2 1 0 1 0 0 1 1 1 1 2 1 2 2 1 0 0 2 2 2 2 1 1 2 0 0 2 2 2 1 1 0 0 2 2 2 1 0 0 2 2 2 1 0 2 0 0 0 0 0 0 0 1 2 0 0 0 0 1 2 0 0 2 0 0 1 0 0 0 2 2 2 1 1 2 0 0 0 0 0 0 1 0 0 0 2 1 2 1 1 0 1 0 0 1 1 0 2 0 0 2 1 0 1 0 0 1 1 1 1 2 1 2 2 1 0 0 2 2 2 2 1 1 2 0 0 2 2 2 1 1 0 0 2 2 2 1 0 0 2 2 2 1 0 2 0 0 0 0 0 0 0 1 2 0 0 0 0 1 2 0 0 2 0 0 1 0 0 0 2 2 2 1 1 2 0 0 0 0 0 0 1 0 0 0
-1.72384499528301 1.07690570775728 -0.377146185145336 1.16399318768193 -0.585935395340601 1 0 0 2 1 1 2 1 1 1 2 2 2 2 0 0 2 2 2 2 1 2 2 0 1 0 2 2 2 2 2 1 0 2 2 2 1 0 0 2 1 1 0 2 0 1 0 1 0 1 1 1 2 0 0 1 1 0 2 2 2 1 1 2 2 0 0 1 0 2 0 0 1 1 2 1 0 0 1 1 0 1 1 0 0 0 2 2 2 1 2 1 1 0 0 0 1 1 1 1 1 0 0 2 1 1 2 1 1 1 2 2 2 2 0 0 2 2 2 2 1 2 2 0 1 0 2 2 2 2 2 1 0 2 2 2 1 0 0 2 1 1 0 2 0 1 0 1 0 1 1 1 2 0 0 1 1 0 2 2 2 1 1 2 2 0 0 1 0 2 0 0 1 1 2 1 0 0 1 1 0 1 1 0 0 0 2 2 2 1 2 1 1 0 0 0 1 1 1 1 1
0.135456066705556 0.563335835073516 -0.572049985743366 1.63983731910984 -0.0870517889633783 -1 1 0 1 1 0 1 1 1 1 1 1 1 2 0 0 1 1 2 1 0 0 2 1 2 1 1 2 2 1 1 0 0 2 1 2 2 2 1 2 0 0 0 0 1 1 2 1 1 1 0 1 2 0 0 1 1 0 1 0 2 0 0 0 1 0 0 0 0 1 0 0 0 0 0 1 0 1 1 0 1 0 0 2 0 1 2 1 0 0 1 0 2 0 1 1 1 2 1 1 2 -1 0 -1 -1 0 -1 -1 -1 -1 -1 -1 -1 -2 0 0 -1 -1 -2 -1 0 0 -2 -1 -2 -1 -1 -2 -2 -1 -1 0 0 -2 -1 -2 -2 -2 -1 -2 0 0 0 0 -1 -1 -2 -1 -1 -1 0 -1 -2 0 0 -1 -1 0 -1 0 -2 0 0 0 -1 0 0 0 0 -1 0 0 0 0 0 -1 0 -1 -1 0 -1 0 0 -2 0 -1 -2 -1 0 0 -1 0 -2 0 -1 -1 -1 -2 -1 -1 -2
0.980621192582932 0.197570078189202 -0.0322245792115368 -2.38693911400846 0.157548107572072 1 0 0 2 0 0 0 1 0 1 2 2 1 2 1 0 1 1 2 2 2 1 1 0 1 2 2 2 2 2 2 0 0 1 2 2 2 1 0 2 1 1 0 0 2 1 2 1 0 1 0 2 1 0 0 2 1 0 1 1 2 0 0 1 1 0 0 2 2 2 0 0 1 1 1 2 1 1 2 0 0 2 0 2 0 1 2 1 0 1 1 0 1 1 1 1 1 2 1 0 1 0 0 2 0 0 0 1 0 1 2 2 1 2 1 0 1 1 2 2 2 1 1 0 1 2 2 2 2 2 2 0 0 1 2 2 2 1 0 2 1 1 0 0 2 1 2 1 0 1 0 2 1 0 0 2 1 0 1 1 2 0 0 1 1 0 0 2 2 2 0 0 1 1 1 2 1 1 2 0 0 2 0 2 0 1 2 1 0 1 1 0 1 1 1 1 1 2 1 0 1
-0.193875573039011 -0.617102399716442 -0.555807950214981 0.591011751392929 0.0659359753489029 -1 2 0 2 1 1 1 1 0 0 1 1 0 2 1 0 1 2 1 1 0 0 1 0 1 1 2 2 2 2 1 0 0 2 2 2 2 1 0 2 0 0 0 0 0 0 0 0 0 2 2 2 1 0 0 2 1 0 1 1 1 2 1 0 1 0 0 1 1 2 0 0 0 0 1 2 0 0 1 0 1 1 0 0 0 1 2 1 1 2 2 1 1 0 1 1 2 2 1 0 0 -2 0 -2 -1 -1 -1 -1 0 0 -1 -1 0 -2 -1 0 -1 -2 -1 -1 0 0 -1 0 -1 -1 -2 -2 -2 -2 -1 0 0 -2 -2 -2 -2 -1 0 -2 0 0 0 0 0 0 0 0 0 -2 -2 -2 -1 0 0 -2 -1 0 -1 -1 -1 -2 -1 0 -1 0 0 -1 -1 -2 0 0 0 0 -1 -2 0 0 -1 0 -1 -1 0 0 0 -1 -2 -1 -1 -2 -2 -1 -1 0 -1 -1 -2 -2 -1 0 0
0.761534978438585 -0.501447148593126 -0.118794264587049 -0.371159372922535 0.858215472372646 -1 1 0 2 2 1 0 2 1 1 1 1 1 2 2 0 1 1 1 2 0 0 1 0 1 1 1 2 2 2 2 0 0 2 1 2 2 1 0 2 1 1 0 1 2 1 1 0 0 2 0 1 1 0 0 2 2 1 1 0 1 1 2 2 2 0 0 0 1 2 0 0 0 0 1 2 1 1 2 0 1 1 1 0 0 1 2 1 1 1 2 1 1 0 0 0 2 2 0 0 0 -1 0 -2 -2 -1 0 -2 -1 -1 -1 -1 -1 -2 -2 0 -1 -1 -1 -2 0 0 -1 0 -1 -1 -1 -2 -2 -2 -2 0 0 -2 -1 -2 -2 -1 0 -2 -1 -1 0 -1 -2 -1 -1 0 0 -2 0 -1 -1 0 0 -2 -2 -1 -1 0 -1 -1 -2 -2 -2 0 0 0 -1 -2 0 0 0 0 -1 -2 -1 -1 -2 0 -1 -1 -1 0 0 -1 -2 -1 -1 -1 -2 -1 -1 0 0 0 -2 -2 0 0 0
0.715280685087866 -0.810273145323791 1.12364472169265 0.834372334051539 -1.55423141847889 -1 1 0 2 1 1 1 1 0 0 2 1 2 2 1 0 2 2 2 2 0 1 1 0 2 0 1 1 1 0 1 0 0 0 0 1 1 0 0 2 1 1 0 1 1 1 2 1 0 2 0 1 2 0 1 2 1 0 2 1 2 1 1 1 2 0 0 0 0 2 0 0 1 0 1 1 0 1 2 0 1 1 1 0 0 1 2 1 0 1 2 2 1 0 1 0 2 2 0 0 0 -1 0 -2 -1 -1 -1 -1 0 0 -2 -1 -2 -2 -1 0 -2 -2 -2 -2 0 -1 -1 0 -2 0 -1 -1 -1 0 -1 0 0 0 0 -1 -1 0 0 -2 -1 -1 0 -1 -1 -1 -2 -1 0 -2 0 -1 -2 0 -1 -2 -1 0 -2 -1 -2 -1 -1 -1 -2 0 0 0 0 -2 0 0 -1 0 -1 -1 0 -1 -2 0 -1 -1 -1 0 0 -1 -2 -1 0 -1 -2 -2 -1 0 -1 0 -2 -2 0 0 0
0.0223046993107735 0.4202623946741 0.0478476873006214 0.224464595131636 0.463875558174742 1 0 0 2 2 1 2 2 0 1 2 2 0 2 2 0 1 2 1 2 0 0 2 0 2 0 1 2 2 2 2 1 0 2 2 2 1 1 1 1 0 0 0 0 2 2 1 1 1 2 1 1 1 0 0 1 1 0 1 1 2 1 1 0 1 0 2 2 0 2 0 0 2 0 1 1 0 1 2 1 1 1 0 1 1 2 2 2 2 2 2 1 1 1 1 2 2 2 0 0 0 0 0 2 2 1 2 2 0 1 2 2 0 2 2 0 1 2 1 2 0 0 2 0 2 0 1 2 2 2 2 1 0 2 2 2 1 1 1 1 0 0 0 0 2 2 1 1 1 2 1 1 1 0 0 1 1 0 1 1 2 1 1 0 1 0 2 2 0 2 0 0 2 0 1 1 0 1 2 1 1 1 0 1 1 2 2 2 2 2 2 1 1 1 1 2 2 2 0 0 0
0.486640026855339 -0.0378169295896388 -0.200060651951631 -1.14611419461647 0.789178547234119 -1 2 0 2 2 1 1 2 1 2 1 1 1 2 1 0 2 2 2 2 0 0 0 0 1 0 2 1 1 1 1 0 0 2 2 1 1 0 0 2 1 0 0 2 2 2 2 0 0 2 0 1 2 0 1 2 2 1 2 2 2 1 1 1 2 0 0 0 1 2 0 0 1 0 1 2 1 1 1 1 1 1 0 0 0 1 2 1 1 1 2 1 1 0 1 1 0 1 0 0 1 -2 0 -2 -2 -1 -1 -2 -1 -2 -1 -1 -1 -2 -1 0 -2 -2 -2 -2 0 0 0 0 -1 0 -2 -1 -1 -1 -1 0 0 -2 -2 -1 -1 0 0 -2 -1 0 0 -2 -2 -2 -2 0 0 -2 0 -1 -2 0 -1 -2 -2 -1 -2 -2 -2 -1 -1 -1 -2 0 0 0 -1 -2 0 0 -1 0 -1 -2 -1 -1 -1 -1 -1 -1 0 0 0 -1 -2 -1 -1 -1 -2 -1 -1 0 -1 -1 0 -1 0 0 -1
-0.849729719981775 0.691891856571853 1.63228794135143 -0.981658491957125 2.14724523258039 1 1 0 2 2 1 2 1 0 2 2 2 2 2 1 0 1 2 1 2 1 0 1 0 2 1 0 1 1 2 1 0 0 1 1 2 2 1 1 2 1 1 1 2 2 2 2 1 0 1 0 0 2 0 1 2 1 0 2 2 2 0 2 2 1 0 1 1 0 2 0 0 0 0 1 2 0 0 0 1 1 1 0 0 0 2 2 1 1 2 2 0 0 0 1 1 1 2 0 0 0 1 0 2 2 1 2 1 0 2 2 2 2 2 1 0 1 2 1 2 1 0 1 0 2 1 0 1 1 2 1 0 0 1 1 2 2 1 1 2 1 1 1 2 2 2 2 1 0 1 0 0 2 0 1 2 1 0 2 2 2 0 2 2 1 0 1 1 0 2 0 0 0 0 1 2 0 0 0 1 1 1 0 0 0 2 2 1 1 2 2 0 0 0 1 1 1 2 0 0 0
-1.10858387500886 -0.932960801137216 1.29112663841421 -0.595380650277776 -0.712018067184885 1 1 1 2 2 2 2 2 1 1 2 2 1 2 2 1 0 2 0 2 0 0 1 0 1 1 1 2 1 0 1 0 0 2 1 2 2 0 1 2 0 1 0 0 0 0 0 0 0 1 0 1 2 0 0 1 1 1 2 2 2 1 0 1 0 0 1 2 2 2 0 1 1 1 0 1 0 0 1 0 0 1 2 0 0 2 2 1 0 1 2 0 0 0 1 0 1 2 0 0 0 1 1 2 2 2 2 2 1 1 2 2 1 2 2 1 0 2 0 2 0 0 1 0 1 1 1 2 1 0 1 0 0 2 1 2 2 0 1 2 0 1 0 0 0 0 0 0 0 1 0 1 2 0 0 1 1 1 2 2 2 1 0 1 0 0 1 2 2 2 0 1 1 1 0 1 0 0 1 0 0 1 2 0 0 2 2 1 0 1 2 0 0 0 1 0 1 2 0 0 0
0.256217046913894 -0.481183640738504 -0.264605761396015 -1.19536528303957 1.99131042080953 -1 0 0 2 2 2 2 2 1 1 2 2 0 0 1 0 2 2 1 1 0 1 2 0 0 1 2 2 2 1 0 0 0 2 2 2 2 0 1 2 1 1 1 0 2 2 2 0 0 1 0 0 1 0 0 2 2 0 1 1 2 0 0 1 2 0 1 2 2 2 0 0 2 0 0 2 1 2 2 1 0 1 1 1 0 2 2 1 0 0 2 0 1 0 1 2 2 2 1 1 2 0 0 -2 -2 -2 -2 -2 -1 -1 -2 -2 0 0 -1 0 -2 -2 -1 -1 0 -1 -2 0 0 -1 -2 -2 -2 -1 0 0 0 -2 -2 -2 -2 0 -1 -2 -1 -1 -1 0 -2 -2 -2 0 0 -1 0 0 -1 0 0 -2 -2 0 -1 -1 -2 0 0 -1 -2 0 -1 -2 -2 -2 0 0 -2 0 0 -2 -1 -2 -2 -1 0 -1 -1 -1 0 -2 -2 -1 0 0 -2 0 -1 0 -1 -2 -2 -2 -1 -1 -2
0.0190425410003331 0.698008121330575 3.25844751974763 0.512625405059237 -0.763118006745996 1 1 0 2 1 1 0 2 0 0 1 1 1 2 1 0 2 2 1 2 2 1 2 0 2 1 1 2 2 1 0 0 0 1 1 2 0 0 1 2 1 0 0 2 2 1 1 1 0 2 1 2 1 0 0 2 1 0 1 0 2 0 1 1 2 0 0 0 1 2 0 1 1 0 2 2 1 1 2 2 2 2 1 1 0 2 2 0 0 0 1 0 0 0 0 0 1 2 1 1 1 1 0 2 1 1 0 2 0 0 1 1 1 2 1 0 2 2 1 2 2 1 2 0 2 1 1 2 2 1 0 0 0 1 1 2 0 0 1 2 1 0 0 2 2 1 1 1 0 2 1 2 1 0 0 2 1 0 1 0 2 0 1 1 2 0 0 0 1 2 0 1 1 0 2 2 1 1 2 2 2 2 1 1 0 2 2 0 0 0 1 0 0 0 0 0 1 2 1 1 1
0.620691615223148 -1.14070315743959 -1.16998840328167 -0.308775592624288 -0.74094915364242 -1 1 0 2 1 1 1 1 1 1 1 1 0 1 0 0 0 1 0 2 1 2 2 0 1 1 1 1 1 1 1 0 0 1 1 2 0 0 0 1 1 1 0 1 1 1 1 0 0 0 0 1 2 0 0 2 2 1 2 2 2 1 0 0 1 0 0 1 1 2 0 0 1 0 1 2 1 2 2 0 0 0 0 1 0 2 2 2 2 2 2 1 1 1 2 2 2 2 2 2 0 -1 0 -2 -1 -1 -1 -1 -1 -1 -1 -1 0 -1 0 0 0 -1 0 -2 -1 -2 -2 0 -1 -1 -1 -1 -1 -1 -1 0 0 -1 -1 -2 0 0 0 -1 -1 -1 0 -1 -1 -1 -1 0 0 0 0 -1 -2 0 0 -2 -2 -1 -2 -2 -2 -1 0 0 -1 0 0 -1 -1 -2 0 0 -1 0 -1 -2 -1 -2 -2 0 0 0 0 -1 0 -2 -2 -2 -2 -2 -2 -1 -1 -1 -2 -2 -2 -2 -2 -2 0
-0.20803949896773 0.304106937969173 2.59836076203517 -1.52593305013905 0.269657343921292 1 0 0 2 2 0 1 2 0 1 1 1 1 2 0 0 1 1 0 1 1 1 2 0 1 1 0 1 2 0 0 0 0 2 1 2 1 0 0 2 1 1 0 1 1 2 1 1 1 1 1 1 2 0 0 2 1 1 1 0 1 1 1 2 2 0 0 1 0 1 0 1 1 1 2 1 0 0 1 1 0 1 0 1 0 1 2 1 1 1 0 0 0 0 1 1 1 2 1 1 0 0 0 2 2 0 1 2 0 1 1 1 1 2 0 0 1 1 0 1 1 1 2 0 1 1 0 1 2 0 0 0 0 2 1 2 1 0 0 2 1 1 0 1 1 2 1 1 1 1 1 1 2 0 0 2 1 1 1 0 1 1 1 2 2 0 0 1 0 1 0 1 1 1 2 1 0 0 1 1 0 1 0 1 0 1 2 1 1 1 0 0 0 0 1 1 1 2 1 1 0
-0.150324838330718 1.13727021624243 0.223177777279712 0.670843559415304 0.0775792486959776 -1 0 0 2 2 1 2 1 0 0 1 2 2 2 1 0 1 2 1 2 0 0 1 0 1 1 2 1 2 0 1 0 0 2 2 2 2 1 1 1 0 1 0 0 0 0 1 0 0 1 1 1 2 0 2 2 2 1 2 0 2 0 0 1 2 0 1 0 0 2 0 0 1 1 1 2 0 1 2 1 1 2 1 1 0 2 2 0 0 0 0 0 0 0 1 0 1 2 1 0 0 0 0 -2 -2 -1 -2 -1 0 0 -1 -2 -2 -2 -1 0 -1 -2 -1 -2 0 0 -1 0 -1 -1 -2 -1 -2 0 -1 0 0 -2 -2 -2 -2 -1 -1 -1 0 -1 0 0 0 0 -1 0 0 -1 -1 -1 -2 0 -2 -2 -2 -1 -2 0 -2 0 0 -1 -2 0 -1 0 0 -2 0 0 -1 -1 -1 -2 0 -1 -2 -1 -1 -2 -1 -1 0 -2 -2 0 0 0 0 0 0 0 -1 0 -1 -2 -1 0 0
-1.85661802214643 0.263436263733218 -0.313650187921011 -0.682383296047589 -0.840148068357451 -1 2 0 2 2 2 2 2 0 1 2 1 2 2 2 1 1 2 0 2 1 1 1 0 1 1 1 1 1 1 2 1 0 2 2 2 2 2 2 2 1 1 0 0 0 1 1 0 0 1 0 1 2 0 1 2 2 0 1 1 2 1 2 2 2 0 0 2 2 2 0 0 0 1 1 2 0 0 0 0 0 0 0 1 0 1 2 0 0 1 2 0 1 1 0 0 1 2 1 0 0 -2 0 -2 -2 -2 -2 -2 0 -1 -2 -1 -2 -2 -2 -1 -1 -2 0 -2 -1 -1 -1 0 -1 -1 -1 -1 -1 -1 -2 -1 0 -2 -2 -2 -2 -2 -2 -2 -1 -1 0 0 0 -1 -1 0 0 -1 0 -1 -2 0 -1 -2 -2 0 -1 -1 -2 -1 -2 -2 -2 0 0 -2 -2 -2 0 0 0 -1 -1 -2 0 0 0 0 0 0 0 -1 0 -1 -2 0 0 -1 -2 0 -1 -1 0 0 -1 -2 -1 0 0
2.05980426486865 0.558101971876224 0.582818577236495 -1.58225603306089 -1.21526364624845 -1 2 0 2 0 1 2 2 0 1 2 2 1 2 2 0 2 2 2 2 0 0 1 0 2 0 0 2 1 0 0 0 0 1 1 2 2 0 1 2 0 1 1 1 0 0 1 0 1 2 1 1 1 0 0 2 0 0 1 1 2 0 0 0 1 0 0 0 1 2 0 0 0 1 0 1 0 0 1 0 0 1 0 0 0 2 2 1 1 1 2 1 0 0 0 1 2 2 1 0 0 -2 0 -2 0 -1 -2 -2 0 -1 -2 -2 -1 -2 -2 0 -2 -2 -2 -2 0 0 -1 0 -2 0 0 -2 -1 0 0 0 0 -1 -1 -2 -2 0 -1 -2 0 -1 -1 -1 0 0 -1 0 -1 -2 -1 -1 -1 0 0 -2 0 0 -1 -1 -2 0 0 0 -1 0 0 0 -1 -2 0 0 0 -1 0 -1 0 0 -1 0 0 -1 0 0 0 -2 -2 -1 -1 -1 -2 -1 0 0 0 -1 -2 -2 -1 0 0
0.694830400275423 -0.367277574024955 -0.517428882904943 0.781826600791625 0.487118747239537 -1 0 0 2 2 2 2 2 0 0 1 1 1 1 0 0 2 2 1 2 0 0 1 0 1 1 2 2 2 2 1 0 0 2 2 2 2 1 1 2 0 0 0 1 2 1 1 0 0 1 0 0 2 0 0 0 1 1 2 2 2 0 0 0 1 0 0 0 0 2 0 1 0 1 1 1 1 1 1 0 0 2 1 1 0 1 2 2 2 0 1 0 0 0 0 1 2 2 1 1 0 0 0 -2 -2 -2 -2 -2 0 0 -1 -1 -1 -1 0 0 -2 -2 -1 -2 0 0 -1 0 -1 -1 -2 -2 -2 -2 -1 0 0 -2 -2 -2 -2 -1 -1 -2 0 0 0 -1 -2 -1 -1 0 0 -1 0 0 -2 0 0 0 -1 -1 -2 -2 -2 0 0 0 -1 0 0 0 0 -2 0 -1 0 -1 -1 -1 -1 -1 -1 0 0 -2 -1 -1 0 -1 -2 -2 -2 0 -1 0 0 0 0 -1 -2 -2 -1 -1 0
-0.148168957827142 0.594279195126288 0.178415908833281 -0.277376248904833 0.805018535083911 1 1 0 2 2 1 1 2 1 1 2 2 2 2 1 0 1 2 1 2 0 0 2 0 2 2 1 2 1 1 1 0 0 1 1 2 2 1 0 1 1 0 1 1 1 1 1 1 1 0 0 1 1 0 0 2 1 1 1 0 1 1 0 0 2 0 1 2 1 2 0 1 2 1 1 2 0 0 0 0 1 1 1 1 0 1 2 0 0 0 2 1 1 1 1 1 2 2 1 0 0 1 0 2 2 1 1 2 1 1 2 2 2 2 1 0 1 2 1 2 0 0 2 0 2 2 1 2 1 1 1 0 0 1 1 2 2 1 0 1 1 0 1 1 1 1 1 1 1 0 0 1 1 0 0 2 1 1 1 0 1 1 0 0 2 0 1 2 1 2 0 1 2 1 1 2 0 0 0 0 1 1 1 1 0 1 2 0 0 0 2 1 1 1 1 1 2 2 1 0 0
1.95334370835518 -0.143023261953009 -0.464656290231451 0.0702778409942628 0.390608860445728 -1 2 0 2 2 1 2 2 0 0 1 1 0 2 0 0 2 2 2 1 1 1 1 0 0 2 1 2 2 1 0 0 0 2 1 2 1 0 1 1 0 1 1 1 2 2 1 0 0 2 1 2 2 0 0 2 1 2 2 1 2 0 0 1 1 0 0 0 2 2 0 0 1 1 1 2 0 1 1 0 1 2 1 0 0 1 2 1 0 0 0 0 1 0 1 0 0 2 0 1 0 -2 0 -2 -2 -1 -2 -2 0 0 -1 -1 0 -2 0 0 -2 -2 -2 -1 -1 -1 -1 0 0 -2 -1 -2 -2 -1 0 0 0 -2 -1 -2 -1 0 -1 -1 0 -1 -1 -1 -2 -2 -1 0 0 -2 -1 -2 -2 0 0 -2 -1 -2 -2 -1 -2 0 0 -1 -1 0 0 0 -2 -2 0 0 -1 -1 -1 -2 0 -1 -1 0 -1 -2 -1 0 0 -1 -2 -1 0 0 0 0 -1 0 -1 0 0 -2 0 -1 0
-2.02519135058529 0.639634551823727 0.0515165239296182 0.281333524077421 -0.732414472152604 -1 1 0 2 1 2 2 2 0 1 1 1 0 2 1 0 1 0 0 2 1 1 2 1 2 2 2 1 1 2 0 1 0 2 1 2 2 1 1 2 0 0 0 0 2 2 1 0 0 1 1 1 1 0 0 2 1 0 1 1 2 0 1 0 0 0 1 0 2 2 0 0 0 0 1 2 0 1 1 0 0 1 0 0 0 2 2 1 1 1 1 0 1 1 2 2 2 2 1 0 0 -1 0 -2 -1 -2 -2 -2 0 -1 -1 -1 0 -2 -1 0 -1 0 0 -2 -1 -1 -2 -1 -2 -2 -2 -1 -1 -2 0 -1 0 -2 -1 -2 -2 -1 -1 -2 0 0 0 0 -2 -2 -1 0 0 -1 -1 -1 -1 0 0 -2 -1 0 -1 -1 -2 0 -1 0 0 0 -1 0 -2 -2 0 0 0 0 -1 -2 0 -1 -1 0 0 -1 0 0 0 -2 -2 -1 -1 -1 -1 0 -1 -1 -2 -2 -2 -2 -1 0 0
0.456885923310992 -0.377962625659894 -0.639700588440912 0.279546195807716 0.653973283850471 -1 0 0 2 2 1 2 1 0 1 2 2 1 2 1 0 1 2 1 2 0 0 1 0 1 2 2 2 2 2 1 0 0 1 0 1 2 1 0 2 1 1 1 2 0 2 2 1 0 2 1 1 2 0 1 2 2 1 2 0 2 0 0 0 2 0 1 0 1 2 0 0 1 1 1 2 0 0 1 1 1 2 1 1 0 2 2 2 1 1 2 1 0 0 0 0 0 1 1 1 0 0 0 -2 -2 -1 -2 -1 0 -1 -2 -2 -1 -2 -1 0 -1 -2 -1 -2 0 0 -1 0 -1 -2 -2 -2 -2 -2 -1 0 0 -1 0 -1 -2 -1 0 -2 -1 -1 -1 -2 0 -2 -2 -1 0 -2 -1 -1 -2 0 -1 -2 -2 -1 -2 0 -2 0 0 0 -2 0 -1 0 -1 -2 0 0 -1 -1 -1 -2 0 0 -1 -1 -1 -2 -1 -1 0 -2 -2 -2 -1 -1 -2 -1 0 0 0 0 0 -1 -1 -1 0
0.665762438316723 -1.32625870754107 -1.56966042888892 -0.923956808929398 -0.929451590965635 1 2 1 2 1 1 2 2 0 0 1 1 2 2 1 0 2 1 1 2 0 0 1 0 1 1 2 2 2 2 1 0 0 2 1 2 2 1 1 2 1 1 0 1 0 0 0 0 0 1 0 1 1 0 0 2 1 0 1 0 1 1 2 0 2 0 0 1 1 2 0 1 1 1 0 1 0 0 1 1 1 2 1 1 1 2 2 1 2 1 2 1 1 0 1 0 1 2 2 0 0 2 1 2 1 1 2 2 0 0 1 1 2 2 1 0 2 1 1 2 0 0 1 0 1 1 2 2 2 2 1 0 0 2 1 2 2 1 1 2 1 1 0 1 0 0 0 0 0 1 0 1 1 0 0 2 1 0 1 0 1 1 2 0 2 0 0 1 1 2 0 1 1 1 0 1 0 0 1 1 1 2 1 1 1 2 2 1 2 1 2 1 1 0 1 0 1 2 2 0 0
0.176428372656925 -1.13220432940517 -1.24937778087334 -2.46637682483599 1.16234869659939 -1 1 0 1 1 2 2 2 0 2 2 1 0 1 1 0 1 2 1 2 2 2 2 0 2 2 2 2 1 0 1 0 0 1 1 2 1 0 0 1 0 1 0 1 1 1 2 0 0 1 1 1 1 0 0 2 1 0 1 1 2 1 0 0 2 0 0 1 1 2 0 0 1 2 1 2 0 1 2 0 0 0 1 1 0 2 2 2 1 1 2 2 2 0 1 1 2 2 1 2 0 -1 0 -1 -1 -2 -2 -2 0 -2 -2 -1 0 -1 -1 0 -1 -2 -1 -2 -2 -2 -2 0 -2 -2 -2 -2 -1 0 -1 0 0 -1 -1 -2 -1 0 0 -1 0 -1 0 -1 -1 -1 -2 0 0 -1 -1 -1 -1 0 0 -2 -1 0 -1 -1 -2 -1 0 0 -2 0 0 -1 -1 -2 0 0 -1 -2 -1 -2 0 -1 -2 0 0 0 -1 -1 0 -2 -2 -2 -1 -1 -2 -2 -2 0 -1 -1 -2 -2 -1 -2 0
-0.171620837147087 -1.84924749173526 -0.304727186119589 -0.0183693353920277 0.195762391593694 -1 2 1 2 2 1 2 2 1 1 2 2 2 2 2 0 2 0 1 2 1 0 2 0 1 1 1 2 2 1 1 0 0 1 1 2 2 1 1 2 2 2 1 2 1 1 0 0 0 1 0 1 2 0 1 2 2 0 1 0 2 2 1 1 1 0 0 1 2 2 0 0 0 1 2 2 1 1 2 1 0 1 0 0 0 2 2 1 1 1 2 0 0 0 1 2 1 1 1 0 0 -2 -1 -2 -2 -1 -2 -2 -1 -1 -2 -2 -2 -2 -2 0 -2 0 -1 -2 -1 0 -2 0 -1 -1 -1 -2 -2 -1 -1 0 0 -1 -1 -2 -2 -1 -1 -2 -2 -2 -1 -2 -1 -1 0 0 0 -1 0 -1 -2 0 -1 -2 -2 0 -1 0 -2 -2 -1 -1 -1 0 0 -1 -2 -2 0 0 0 -1 -2 -2 -1 -1 -2 -1 0 -1 0 0 0 -2 -2 -1 -1 -1 -2 0 0 0 -1 -2 -1 -1 -1 0 0
0.175458251805436 0.90036793132038 0.733283253750314 -0.0901736280502081 0.932869024955812 -1 1 0 2 0 0 1 1 0 0 1 1 0 1 0 0 2 2 2 1 0 0 2 0 2 1 2 2 2 2 2 0 0 2 2 2 2 1 0 2 0 1 0 2 1 2 2 1 0 1 0 1 2 0 0 1 1 0 2 2 2 0 1 2 2 0 0 1 1 2 0 2 1 1 1 1 0 0 1 0 0 2 0 1 0 2 2 2 1 2 2 0 1 0 1 1 1 2 0 0 0 -1 0 -2 0 0 -1 -1 0 0 -1 -1 0 -1 0 0 -2 -2 -2 -1 0 0 -2 0 -2 -1 -2 -2 -2 -2 -2 0 0 -2 -2 -2 -2 -1 0 -2 0 -1 0 -2 -1 -2 -2 -1 0 -1 0 -1 -2 0 0 -1 -1 0 -2 -2 -2 0 -1 -2 -2 0 0 -1 -1 -2 0 -2 -1 -1 -1 -1 0 0 -1 0 0 -2 0 -1 0 -2 -2 -2 -1 -2 -2 0 -1 0 -1 -1 -1 -2 0 0 0
-1.13494881406701 -0.731122790158147 1.26319679358011 0.80675100694817 -1.51033504473338 1 1 0 1 1 1 1 1 0 0 1 1 1 2 0 0 1 2 2 2 1 2 2 0 2 1 1 2 1 0 0 0 0 2 2 2 1 1 2 2 0 0 1 2 1 1 1 1 0 2 0 2 2 0 0 2 2 0 0 0 2 2 2 0 0 0 0 0 2 2 0 1 1 0 2 2 1 1 1 1 0 1 0 0 0 2 2 2 1 1 2 2 2 1 1 2 2 2 1 1 0 1 0 1 1 1 1 1 0 0 1 1 1 2 0 0 1 2 2 2 1 2 2 0 2 1 1 2 1 0 0 0 0 2 2 2 1 1 2 2 0 0 1 2 1 1 1 1 0 2 0 2 2 0 0 2 2 0 0 0 2 2 2 0 0 0 0 0 2 2 0 1 1 0 2 2 1 1 1 1 0 1 0 0 0 2 2 2 1 1 2 2 2 1 1 2 2 2 1 1 0
-0.239742725493057 0.726921945938354 1.40256089128145 0.0177405884183172 0.706657888390226 1 0 0 1 0 0 0 0 1 1 1 2 1 2 2 2 2 1 0 0 0 0 1 0 1 1 2 2 2 1 1 0 0 1 1 2 1 0 1 2 0 0 0 1 1 1 0 0 0 1 0 1 2 0 0 2 2 1 1 1 2 0 0 0 0 0 0 1 0 2 0 0 0 0 2 2 0 0 1 0 0 1 1 2 0 2 2 2 2 1 2 2 1 1 1 1 1 1 0 0 0 0 0 1 0 0 0 0 1 1 1 2 1 2 2 2 2 1 0 0 0 0 1 0 1 1 2 2 2 1 1 0 0 1 1 2 1 0 1 2 0 0 0 1 1 1 0 0 0 1 0 1 2 0 0 2 2 1 1 1 2 0 0 0 0 0 0 1 0 2 0 0 0 0 2 2 0 0 1 0 0 1 1 2 0 2 2 2 2 1 2 2 1 1 1 1 1 1 0 0 0
-0.971239223193128 1.87911519811634 0.296122398048912 -0.364652546800275 -0.667475322855514 1 2 0 2 2 1 1 2 1 2 2 1 0 2 2 1 2 2 0 1 0 1 2 0 2 1 2 2 2 1 0 0 0 2 1 2 1 0 0 0 0 1 0 1 2 2 1 0 0 0 1 1 1 0 0 2 2 1 2 1 2 1 1 1 1 0 1 0 1 2 0 0 0 0 0 0 0 0 0 0 0 0 0 0 0 2 2 1 1 0 1 0 1 0 1 2 2 2 2 0 1 2 0 2 2 1 1 2 1 2 2 1 0 2 2 1 2 2 0 1 0 1 2 0 2 1 2 2 2 1 0 0 0 2 1 2 1 0 0 0 0 1 0 1 2 2 1 0 0 0 1 1 1 0 0 2 2 1 2 1 2 1 1 1 1 0 1 0 1 2 0 0 0 0 0 0 0 0 0 0 0 0 0 0 0 2 2 1 1 0 1 0 1 0 1 2 2 2 2 0 1
-0.0389794416342321 1.0320971593243 1.40657619477761 -2.42490598946602 -0.75371612622905 1 2 1 2 0 0 0 1 0 1 2 2 2 1 1 0 2 2 1 2 1 1 2 1 2 2 2 2 2 2 2 0 0 2 1 2 2 0 0 1 0 1 0 0 1 1 2 1 1 2 1 2 0 0 1 2 2 0 1 0 2 0 1 2 2 0 0 0 2 2 0 1 1 0 1 2 0 0 1 0 0 0 1 0 0 2 2 2 0 0 1 1 2 0 0 1 2 2 1 0 0 2 1 2 0 0 0 1 0 1 2 2 2 1 1 0 2 2 1 2 1 1 2 1 2 2 2 2 2 2 2 0 0 2 1 2 2 0 0 1 0 1 0 0 1 1 2 1 1 2 1 2 0 0 1 2 2 0 1 0 2 0 1 2 2 0 0 0 2 2 0 1 1 0 1 2 0 0 1 0 0 0 1 0 0 2 2 2 0 0 1 1 2 0 0 1 2 2 1 0 0
-2.22168971389847 0.507471084880916 -1.11092474314045 -1.18093924742109 -0.521257557674979 1 1 0 2 1 1 1 1 0 2 2 2 2 2 1 0 2 1 0 1 0 0 0 0 0 0 2 2 2 2 2 1 0 2 2 2 1 1 1 2 2 1 1 2 2 1 1 0 0 1 1 0 2 0 0 2 2 1 1 0 2 0 0 1 1 0 0 1 1 1 0 0 1 0 2 2 0 1 1 0 0 1 0 1 1 2 2 0 0 0 1 0 0 0 0 1 0 2 1 0 1 1 0 2 1 1 1 1 0 2 2 2 2 2 1 0 2 1 0 1 0 0 0 0 0 0 2 2 2 2 2 1 0 2 2 2 1 1 1 2 2 1 1 2 2 1 1 0 0 1 1 0 2 0 0 2 2 1 1 0 2 0 0 1 1 0 0 1 1 1 0 0 1 0 2 2 0 1 1 0 0 1 0 1 1 2 2 0 0 0 1 0 0 0 0 1 0 2 1 0 1
0.506919900906408 0.860218750034193 -0.350726062384346 0.532733647296365 -1.28439546707453 -1 1 0 2 2 2 0 0 0 1 2 1 1 2 1 1 0 2 1 2 2 2 2 0 2 1 2 2 2 2 0 0 0 2 1 2 2 1 0 2 0 1 0 1 2 1 1 0 0 1 0 0 1 0 0 1 0 0 1 1 1 0 0 1 2 0 0 0 0 2 0 0 1 1 0 2 0 0 1 0 0 0 1 1 0 2 2 2 1 1 1 0 1 1 1 0 0 2 1 0 0 -1 0 -2 -2 -2 0 0 0 -1 -2 -1 -1 -2 -1 -1 0 -2 -1 -2 -2 -2 -2 0 -2 -1 -2 -2 -2 -2 0 0 0 -2 -1 -2 -2 -1 0 -2 0 -1 0 -1 -2 -1 -1 0 0 -1 0 0 -1 0 0 -1 0 0 -1 -1 -1 0 0 -1 -2 0 0 0 0 -2 0 0 -1 -1 0 -2 0 0 -1 0 0 0 -1 -1 0 -2 -2 -2 -1 -1 -1 0 -1 -1 -1 0 0 -2 -1 0 0
1.77960206095176 -0.60990900055648 -0.339768746558842 -0.11425065767278 1.43169866098331 -1 2 1 2 1 1 1 1 1 0 1 2 0 1 1 1 2 2 1 2 1 1 1 1 2 1 1 0 1 2 2 0 0 2 1 2 2 1 1 2 0 0 0 0 1 2 1 1 0 1 0 0 2 0 0 2 2 1 2 1 2 1 0 0 1 0 0 1 2 2 0 0 0 0 1 2 0 0 2 1 0 2 1 1 1 2 2 1 1 1 2 0 1 1 1 2 2 2 2 0 0 -2 -1 -2 -1 -1 -1 -1 -1 0 -1 -2 0 -1 -1 -1 -2 -2 -1 -2 -1 -1 -1 -1 -2 -1 -1 0 -1 -2 -2 0 0 -2 -1 -2 -2 -1 -1 -2 0 0 0 0 -1 -2 -1 -1 0 -1 0 0 -2 0 0 -2 -2 -1 -2 -1 -2 -1 0 0 -1 0 0 -1 -2 -2 0 0 0 0 -1 -2 0 0 -2 -1 0 -2 -1 -1 -1 -2 -2 -1 -1 -1 -2 0 -1 -1 -1 -2 -2 -2 -2 0 0
-0.64505855968866 0.757690920875081 0.977198503708164 -1.80390941902344 -1.62036641645167 1 2 0 2 2 2 2 1 0 0 1 1 1 2 1 0 1 2 1 1 0 1 2 0 1 1 2 2 2 1 1 0 0 2 2 2 1 1 1 1 1 1 1 1 2 2 2 1 0 1 0 1 0 0 0 1 2 0 1 1 1 1 1 2 2 0 0 1 2 2 0 0 1 0 0 1 0 0 1 0 0 0 0 2 0 2 2 2 2 1 1 0 0 0 1 1 1 2 2 1 0 2 0 2 2 2 2 1 0 0 1 1 1 2 1 0 1 2 1 1 0 1 2 0 1 1 2 2 2 1 1 0 0 2 2 2 1 1 1 1 1 1 1 1 2 2 2 1 0 1 0 1 0 0 0 1 2 0 1 1 1 1 1 2 2 0 0 1 2 2 0 0 1 0 0 1 0 0 1 0 0 0 0 2 0 2 2 2 2 1 1 0 0 0 1 1 1 2 2 1 0
-0.347878223294299 -0.0863891597915822 -0.35173258616476 0.110814231311427 0.498087939402021 -1 2 1 2 2 2 2 2 1 1 2 1 1 2 1 0 1 1 1 2 0 0 1 0 1 1 1 1 1 1 1 0 0 2 2 2 2 0 0 2 0 1 0 1 2 2 2 2 2 2 1 1 1 0 0 2 2 0 1 0 2 0 1 0 1 0 0 0 2 2 0 1 1 1 0 0 0 2 1 0 1 1 0 0 0 0 2 1 1 1 2 1 0 0 1 1 1 2 1 1 2 -2 -1 -2 -2 -2 -2 -2 -1 -1 -2 -1 -1 -2 -1 0 -1 -1 -1 -2 0 0 -1 0 -1 -1 -1 -1 -1 -1 -1 0 0 -2 -2 -2 -2 0 0 -2 0 -1 0 -1 -2 -2 -2 -2 -2 -2 -1 -1 -1 0 0 -2 -2 0 -1 0 -2 0 -1 0 -1 0 0 0 -2 -2 0 -1 -1 -1 0 0 0 -2 -1 0 -1 -1 0 0 0 0 -2 -1 -1 -1 -2 -1 0 0 -1 -1 -1 -2 -1 -1 -2
-1.82895857001177 -0.122546080776305 1.04514821113 -1.59045781706617 -1.20710497373334 1 1 1 2 2 2 1 1 0 0 1 2 2 2 2 1 1 2 1 2 0 0 1 0 2 1 2 2 2 1 1 0 0 2 1 2 2 1 0 0 0 0 1 2 2 2 2 1 1 1 0 2 2 0 0 2 1 0 1 1 2 0 0 1 2 0 0 1 0 2 0 0 1 0 1 1 0 0 1 1 1 1 1 1 0 2 2 2 1 1 2 0 0 0 1 1 2 2 0 0 0 1 1 2 2 2 1 1 0 0 1 2 2 2 2 1 1 2 1 2 0 0 1 0 2 1 2 2 2 1 1 0 0 2 1 2 2 1 0 0 0 0 1 2 2 2 2 1 1 1 0 2 2 0 0 2 1 0 1 1 2 0 0 1 2 0 0 1 0 2 0 0 1 0 1 1 0 0 1 1 1 1 1 1 0 2 2 2 1 1 2 0 0 0 1 1 2 2 0 0 0
-0.647729378871618 0.768821588203955 -0.719351844033876 -0.272671487955073 -0.744972120243123 1 1 0 2 2 1 2 1 0 1 1 2 2 2 1 1 2 2 2 1 0 0 2 0 2 1 2 2 2 2 2 1 0 2 1 1 1 1 1 2 0 1 1 2 2 2 2 1 0 2 1 1 2 0 0 2 2 0 2 1 2 0 1 1 2 0 0 0 2 2 0 0 1 1 2 2 0 1 1 0 0 1 1 0 0 2 2 1 1 2 1 0 0 0 2 1 1 2 0 0 1 1 0 2 2 1 2 1 0 1 1 2 2 2 1 1 2 2 2 1 0 0 2 0 2 1 2 2 2 2 2 1 0 2 1 1 1 1 1 2 0 1 1 2 2 2 2 1 0 2 1 1 2 0 0 2 2 0 2 1 2 0 1 1 2 0 0 0 2 2 0 0 1 1 2 2 0 1 1 0 0 1 1 0 0 2 2 1 1 2 1 0 0 0 2 1 1 2 0 0 1
0.372494463361518 -0.621646005758406 1.28783825830269 -0.376782919384138 -0.911680755017423 1 2 0 2 0 0 1 2 0 0 1 0 0 2 1 1 1 1 1 1 1 0 2 0 1 2 2 2 2 2 2 1 0 2 2 2 2 2 0 2 1 2 0 0 0 0 1 0 0 0 0 0 1 0 0 2 2 1 2 2 2 1 1 1 2 0 0 1 1 2 0 0 0 1 1 1 0 0 1 0 0 0 1 1 0 2 2 1 1 1 2 0 1 0 0 2 2 2 2 2 1 2 0 2 0 0 1 2 0 0 1 0 0 2 1 1 1 1 1 1 1 0 2 0 1 2 2 2 2 2 2 1 0 2 2 2 2 2 0 2 1 2 0 0 0 0 1 0 0 0 0 0 1 0 0 2 2 1 2 2 2 1 1 1 2 0 0 1 1 2 0 0 0 1 1 1 0 0 1 0 0 0 1 1 0 2 2 1 1 1 2 0 1 0 0 2 2 2 2 2 1
1.85920403987212 0.54488543945307 1.65172479793888 -0.281550357404085 1.3010953166689 -1 0 0 2 2 2 2 2 0 0 1 1 0 1 0 0 1 2 1 1 0 0 0 0 1 1 1 2 2 2 2 0 0 2 1 2 1 0 1 2 0 0 0 0 1 1 2 0 0 1 0 1 1 0 0 2 1 1 2 0 2 1 2 1 2 0 0 0 1 2 0 1 2 0 0 1 0 1 2 1 1 0 0 1 0 2 2 0 1 2 1 0 0 0 0 1 1 1 0 0 0 0 0 -2 -2 -2 -2 -2 0 0 -1 -1 0 -1 0 0 -1 -2 -1 -1 0 0 0 0 -1 -1 -1 -2 -2 -2 -2 0 0 -2 -1 -2 -1 0 -1 -2 0 0 0 0 -1 -1 -2 0 0 -1 0 -1 -1 0 0 -2 -1 -1 -2 0 -2 -1 -2 -1 -2 0 0 0 -1 -2 0 -1 -2 0 0 -1 0 -1 -2 -1 -1 0 0 -1 0 -2 -2 0 -1 -2 -1 0 0 0 0 -1 -1 -1 0 0 0
1.76927861583951 -1.73528494947284 0.162918505566063 -0.661244663437298 0.161159600378579 1 2 0 2 2 2 2 2 2 2 2 2 2 2 1 0 1 2 1 2 1 1 1 0 0 0 0 2 2 2 2 0 0 2 2 2 2 2 1 2 1 1 1 1 1 0 2 1 0 1 0 1 1 0 0 2 2 0 1 0 2 0 2 2 1 0 0 0 0 0 0 0 0 0 1 1 0 0 0 0 0 1 1 1 0 1 2 0 1 1 2 1 0 0 2 2 2 2 2 0 1 2 0 2 2 2 2 2 2 2 2 2 2 2 1 0 1 2 1 2 1 1 1 0 0 0 0 2 2 2 2 0 0 2 2 2 2 2 1 2 1 1 1 1 1 0 2 1 0 1 0 1 1 0 0 2 2 0 1 0 2 0 2 2 1 0 0 0 0 0 0 0 0 0 1 1 0 0 0 0 0 1 1 1 0 1 2 0 1 1 2 1 0 0 2 2 2 2 2 0 1
0.693570915349302 -1.84529413889221 -0.223356148708854 0.841788326012593 -0.1549729211421 -1 1 0 2 1 1 2 2 0 1 2 1 1 2 1 0 1 2 1 1 0 0 0 0 2 0 0 1 1 1 1 0 0 2 2 2 2 0 1 2 0 1 0 1 1 2 2 1 0 2 2 2 2 0 0 2 1 0 1 0 2 0 1 2 2 0 0 0 1 2 0 0 0 0 1 2 0 0 1 0 1 1 0 0 0 2 2 0 1 1 1 1 1 0 1 1 0 1 0 0 0 -1 0 -2 -1 -1 -2 -2 0 -1 -2 -1 -1 -2 -1 0 -1 -2 -1 -1 0 0 0 0 -2 0 0 -1 -1 -1 -1 0 0 -2 -2 -2 -2 0 -1 -2 0 -1 0 -1 -1 -2 -2 -1 0 -2 -2 -2 -2 0 0 -2 -1 0 -1 0 -2 0 -1 -2 -2 0 0 0 -1 -2 0 0 0 0 -1 -2 0 0 -1 0 -1 -1 0 0 0 -2 -2 0 -1 -1 -1 -1 -1 0 -1 -1 0 -1 0 0 0
-0.854611335226962 1.26413637420689 0.816138788049544 -0.273801226417921 0.365044757452575 -1 2 0 2 2 2 2 2 0 1 2 2 1 2 1 0 2 2 2 2 1 1 2 0 1 2 2 2 2 2 1 0 0 2 2 2 2 1 0 2 0 0 0 0 1 2 1 0 0 2 0 2 1 0 1 2 2 0 1 0 1 0 0 1 1 0 0 1 0 1 0 0 1 0 0 0 0 0 1 0 0 1 0 1 0 2 2 1 0 0 1 0 0 0 1 1 2 1 1 0 0 -2 0 -2 -2 -2 -2 -2 0 -1 -2 -2 -1 -2 -1 0 -2 -2 -2 -2 -1 -1 -2 0 -1 -2 -2 -2 -2 -2 -1 0 0 -2 -2 -2 -2 -1 0 -2 0 0 0 0 -1 -2 -1 0 0 -2 0 -2 -1 0 -1 -2 -2 0 -1 0 -1 0 0 -1 -1 0 0 -1 0 -1 0 0 -1 0 0 0 0 0 -1 0 0 -1 0 -1 0 -2 -2 -1 0 0 -1 0 0 0 -1 -1 -2 -1 -1 0 0
-0.155415897670474 -0.646595904705095 1.15927684576562 0.614740171427185 -0.587180276262476 1 1 0 2 1 1 2 2 1 0 1 1 0 1 0 0 2 1 0 2 0 0 1 0 1 2 2 2 1 2 1 1 0 2 1 2 1 0 0 2 1 0 2 1 1 2 2 0 0 0 0 0 1 0 1 2 2 0 1 0 1 0 1 1 2 0 0 0 0 2 0 0 2 1 0 1 0 0 1 0 0 2 2 1 1 1 2 1 0 0 0 0 0 0 1 0 1 2 0 1 0 1 0 2 1 1 2 2 1 0 1 1 0 1 0 0 2 1 0 2 0 0 1 0 1 2 2 2 1 2 1 1 0 2 1 2 1 0 0 2 1 0 2 1 1 2 2 0 0 0 0 0 1 0 1 2 2 0 1 0 1 0 1 1 2 0 0 0 0 2 0 0 2 1 0 1 0 0 1 0 0 2 2 1 1 1 2 1 0 0 0 0 0 0 1 0 1 2 0 1 0
0.807662195847813 1.47256530956407 -0.541459743483625 0.988705102960305 0.285944474682944 1 1 0 1 0 1 1 2 1 2 2 1 0 2 2 1 2 2 1 2 1 1 2 0 1 0 1 1 0 0 0 0 0 2 0 2 0 0 0 2 0 0 0 0 1 2 2 0 0 1 0 1 2 0 1 2 2 1 2 1 2 0 0 0 0 0 0 0 1 2 0 0 1 0 0 2 1 1 2 0 0 0 0 0 0 2 2 1 1 0 1 0 0 0 0 2 1 2 0 1 0 1 0 1 0 1 1 2 1 2 2 1 0 2 2 1 2 2 1 2 1 1 2 0 1 0 1 1 0 0 0 0 0 2 0 2 0 0 0 2 0 0 0 0 1 2 2 0 0 1 0 1 2 0 1 2 2 1 2 1 2 0 0 0 0 0 0 0 1 2 0 0 1 0 0 2 1 1 2 0 0 0 0 0 0 2 2 1 1 0 1 0 0 0 0 2 1 2 0 1 0
1.07707586457272 -0.245737075967948 0.414741793307163 -0.0598890747834896 -0.0361956101386212 -1 0 0 2 2 1 2 2 1 1 2 2 1 2 1 0 1 2 2 2 0 2 2 0 2 0 0 1 1 0 1 0 0 1 0 2 2 0 0 2 1 1 0 1 1 2 1 0 1 0 0 2 1 0 1 2 1 0 1 0 1 1 1 1 1 0 0 0 2 2 0 0 0 0 1 2 0 0 2 2 1 1 1 0 0 0 2 0 0 0 1 0 1 0 1 1 2 2 0 0 0 0 0 -2 -2 -1 -2 -2 -1 -1 -2 -2 -1 -2 -1 0 -1 -2 -2 -2 0 -2 -2 0 -2 0 0 -1 -1 0 -1 0 0 -1 0 -2 -2 0 0 -2 -1 -1 0 -1 -1 -2 -1 0 -1 0 0 -2 -1 0 -1 -2 -1 0 -1 0 -1 -1 -1 -1 -1 0 0 0 -2 -2 0 0 0 0 -1 -2 0 0 -2 -2 -1 -1 -1 0 0 0 -2 0 0 0 -1 0 -1 0 -1 -1 -2 -2 0 0 0
-0.373270512056367 0.817979612444046 -0.291525027487457 -0.194352516241603 0.0597726913740609 -1 2 0 2 1 2 1 1 0 1 1 1 0 1 1 0 2 2 2 2 1 0 1 0 2 1 2 2 2 1 1 0 0 1 0 2 2 1 1 2 1 1 0 1 1 2 1 0 0 1 0 1 2 0 0 2 2 1 2 1 2 1 2 2 1 0 1 2 2 2 0 0 0 0 0 1 0 0 2 1 1 2 0 1 0 2 2 1 2 1 2 0 0 0 1 0 2 2 2 1 0 -2 0 -2 -1 -2 -1 -1 0 -1 -1 -1 0 -1 -1 0 -2 -2 -2 -2 -1 0 -1 0 -2 -1 -2 -2 -2 -1 -1 0 0 -1 0 -2 -2 -1 -1 -2 -1 -1 0 -1 -1 -2 -1 0 0 -1 0 -1 -2 0 0 -2 -2 -1 -2 -1 -2 -1 -2 -2 -1 0 -1 -2 -2 -2 0 0 0 0 0 -1 0 0 -2 -1 -1 -2 0 -1 0 -2 -2 -1 -2 -1 -2 0 0 0 -1 0 -2 -2 -2 -1 0
-0.502602909415668 0.629807187887312 0.275296142748757 -0.201048236137212 0.0381425692553835 -1 1 0 2 1 1 1 0 0 2 2 2 1 2 1 0 0 1 2 2 1 0 1 0 1 2 1 2 1 1 2 0 0 2 1 2 2 0 0 1 0 1 1 2 2 1 1 0 0 2 0 1 1 0 0 2 2 0 1 0 2 1 0 0 2 0 0 1 1 2 0 2 2 1 1 2 0 0 0 1 0 0 0 1 0 0 2 1 2 1 2 1 0 0 1 1 1 2 2 1 0 -1 0 -2 -1 -1 -1 0 0 -2 -2 -2 -1 -2 -1 0 0 -1 -2 -2 -1 0 -1 0 -1 -2 -1 -2 -1 -1 -2 0 0 -2 -1 -2 -2 0 0 -1 0 -1 -1 -2 -2 -1 -1 0 0 -2 0 -1 -1 0 0 -2 -2 0 -1 0 -2 -1 0 0 -2 0 0 -1 -1 -2 0 -2 -2 -1 -1 -2 0 0 0 -1 0 0 0 -1 0 0 -2 -1 -2 -1 -2 -1 0 0 -1 -1 -1 -2 -2 -1 0
-1.26590040612109 -2.32679901153183 1.07263838672062 -1.18827797229311 -0.51116702068246 1 0 0 1 0 0 1 1 0 0 0 1 0 1 0 0 1 2 1 2 1 1 2 1 2 1 1 2 2 1 2 0 0 2 2 2 2 1 0 2 1 0 0 1 2 2 1 0 1 1 0 0 1 0 1 2 2 1 2 1 2 1 1 1 2 0 0 1 0 2 0 1 1 0 2 2 0 0 1 0 1 1 0 0 0 2 2 2 2 1 1 0 1 0 1 1 0 2 0 0 0 0 0 1 0 0 1 1 0 0 0 1 0 1 0 0 1 2 1 2 1 1 2 1 2 1 1 2 2 1 2 0 0 2 2 2 2 1 0 2 1 0 0 1 2 2 1 0 1 1 0 0 1 0 1 2 2 1 2 1 2 1 1 1 2 0 0 1 0 2 0 1 1 0 2 2 0 0 1 0 1 1 0 0 0 2 2 2 2 1 1 0 1 0 1 1 0 2 0 0 0
-0.828748318297643 -1.53203112382553 -0.5402958270167 0.712365965375791 0.916311552230754 1 1 0 2 0 0 1 2 1 1 2 2 1 2 1 0 1 1 1 1 1 0 1 0 2 1 1 2 2 1 0 0 0 2 1 2 1 1 0 2 2 2 1 1 2 2 0 1 1 0 0 0 1 0 1 2 2 1 2 2 2 0 1 2 2 0 0 0 2 2 0 0 0 0 0 1 0 0 0 0 0 0 1 1 0 1 2 0 0 0 2 0 0 0 0 0 1 1 0 0 1 1 0 2 0 0 1 2 1 1 2 2 1 2 1 0 1 1 1 1 1 0 1 0 2 1 1 2 2 1 0 0 0 2 1 2 1 1 0 2 2 2 1 1 2 2 0 1 1 0 0 0 1 0 1 2 2 1 2 2 2 0 1 2 2 0 0 0 2 2 0 0 0 0 0 1 0 0 0 0 0 0 1 1 0 1 2 0 0 0 2 0 0 0 0 0 1 1 0 0 1
0.482352015411542 -1.61378436273673 0.0256060254805164 1.02621419732601 -0.134491896658643 -1 2 0 2 1 1 1 2 0 0 1 1 0 2 1 0 1 1 0 1 0 1 1 0 2 1 0 1 1 1 1 0 0 0 0 2 1 0 1 2 1 1 0 1 1 1 1 0 1 2 1 1 1 0 0 2 1 0 1 0 2 0 1 1 2 0 0 1 2 2 0 0 2 2 0 2 1 1 0 0 0 1 0 0 0 2 2 2 1 1 2 0 0 1 2 2 1 2 1 0 1 -2 0 -2 -1 -1 -1 -2 0 0 -1 -1 0 -2 -1 0 -1 -1 0 -1 0 -1 -1 0 -2 -1 0 -1 -1 -1 -1 0 0 0 0 -2 -1 0 -1 -2 -1 -1 0 -1 -1 -1 -1 0 -1 -2 -1 -1 -1 0 0 -2 -1 0 -1 0 -2 0 -1 -1 -2 0 0 -1 -2 -2 0 0 -2 -2 0 -2 -1 -1 0 0 0 -1 0 0 0 -2 -2 -2 -1 -1 -2 0 0 -1 -2 -2 -1 -2 -1 0 -1
-0.14803933143901 1.3393106401361 -0.634311177516317 -1.06110422371029 1.2602984083662 -1 1 0 2 2 1 2 1 1 0 2 1 0 1 0 0 1 2 2 2 1 0 2 0 1 0 1 2 1 1 1 0 0 1 2 2 1 1 0 2 0 1 0 1 1 1 1 0 0 1 1 1 0 0 0 2 2 0 2 1 2 2 2 1 1 0 0 1 1 1 0 0 2 1 1 2 1 0 2 0 1 2 1 1 0 1 2 0 1 0 1 0 0 1 2 2 2 2 0 0 0 -1 0 -2 -2 -1 -2 -1 -1 0 -2 -1 0 -1 0 0 -1 -2 -2 -2 -1 0 -2 0 -1 0 -1 -2 -1 -1 -1 0 0 -1 -2 -2 -1 -1 0 -2 0 -1 0 -1 -1 -1 -1 0 0 -1 -1 -1 0 0 0 -2 -2 0 -2 -1 -2 -2 -2 -1 -1 0 0 -1 -1 -1 0 0 -2 -1 -1 -2 -1 0 -2 0 -1 -2 -1 -1 0 -1 -2 0 -1 0 -1 0 0 -1 -2 -2 -2 -2 0 0 0
-0.728916800709171 -1.3060113894305 0.104205370198837 -0.729824427254436 2.00688369843419 -1 0 0 2 1 1 2 2 1 2 2 2 1 1 1 1 2 2 2 2 0 1 2 0 1 1 1 2 1 1 0 0 0 2 1 2 1 0 2 1 0 1 1 1 1 2 1 0 0 1 0 0 2 0 0 1 1 1 1 1 2 1 1 1 2 0 0 1 1 2 0 0 2 1 2 1 0 0 0 0 0 0 0 0 0 1 2 1 1 1 2 1 1 0 1 1 1 2 1 0 1 0 0 -2 -1 -1 -2 -2 -1 -2 -2 -2 -1 -1 -1 -1 -2 -2 -2 -2 0 -1 -2 0 -1 -1 -1 -2 -1 -1 0 0 0 -2 -1 -2 -1 0 -2 -1 0 -1 -1 -1 -1 -2 -1 0 0 -1 0 0 -2 0 0 -1 -1 -1 -1 -1 -2 -1 -1 -1 -2 0 0 -1 -1 -2 0 0 -2 -1 -2 -1 0 0 0 0 0 0 0 0 0 -1 -2 -1 -1 -1 -2 -1 -1 0 -1 -1 -1 -2 -1 0 -1
0.479724379255078 1.24371859767891 -0.12037702695557 -1.0235568707639 0.358232012444162 -1 2 0 2 1 0 0 2 0 0 2 2 0 2 2 1 2 2 2 2 1 2 2 0 1 0 1 2 2 2 1 0 0 2 2 2 1 0 1 2 0 0 1 1 1 1 1 0 0 1 1 2 0 0 0 2 2 0 0 0 2 1 2 2 1 0 0 0 0 2 0 0 0 0 2 2 0 0 2 1 0 1 2 1 0 2 2 1 1 1 1 0 1 0 0 1 1 2 0 0 0 -2 0 -2 -1 0 0 -2 0 0 -2 -2 0 -2 -2 -1 -2 -2 -2 -2 -1 -2 -2 0 -1 0 -1 -2 -2 -2 -1 0 0 -2 -2 -2 -1 0 -1 -2 0 0 -1 -1 -1 -1 -1 0 0 -1 -1 -2 0 0 0 -2 -2 0 0 0 -2 -1 -2 -2 -1 0 0 0 0 -2 0 0 0 0 -2 -2 0 0 -2 -1 0 -1 -2 -1 0 -2 -2 -1 -1 -1 -1 0 -1 0 0 -1 -1 -2 0 0 0
-0.47747179240673 0.554205381717218 -0.263173843738133 -0.693570938681834 0.238134721904115 -1 0 0 0 0 0 1 1 0 0 1 1 0 2 1 0 2 2 1 1 1 2 2 0 1 1 2 1 2 1 0 0 0 2 2 2 2 0 1 2 0 1 0 0 1 0 1 1 0 1 0 0 1 0 0 2 2 0 1 0 2 1 0 1 1 0 0 0 0 1 0 1 1 2 1 2 0 0 1 0 0 1 1 1 0 2 2 0 0 1 1 1 0 0 0 1 1 1 1 0 0 0 0 0 0 0 -1 -1 0 0 -1 -1 0 -2 -1 0 -2 -2 -1 -1 -1 -2 -2 0 -1 -1 -2 -1 -2 -1 0 0 0 -2 -2 -2 -2 0 -1 -2 0 -1 0 0 -1 0 -1 -1 0 -1 0 0 -1 0 0 -2 -2 0 -1 0 -2 -1 0 -1 -1 0 0 0 0 -1 0 -1 -1 -2 -1 -2 0 0 -1 0 0 -1 -1 -1 0 -2 -2 0 0 -1 -1 -1 0 0 0 -1 -1 -1 -1 0 0
1.0981364952465 1.23587476088977 -0.110426136305255 -0.63763116988238 0.818849311067126 -1 0 0 2 1 1 1 0 0 0 1 0 0 1 0 1 1 2 2 2 0 0 2 0 1 1 2 2 2 2 1 0 0 2 1 2 0 1 0 2 1 0 2 1 1 1 2 0 1 2 1 2 2 0 0 2 1 1 2 1 2 1 0 0 2 0 0 0 1 2 0 1 1 0 1 2 1 1 1 0 0 0 0 0 1 0 2 0 1 0 1 1 1 1 1 2 2 2 2 1 1 0 0 -2 -1 -1 -1 0 0 0 -1 0 0 -1 0 -1 -1 -2 -2 -2 0 0 -2 0 -1 -1 -2 -2 -2 -2 -1 0 0 -2 -1 -2 0 -1 0 -2 -1 0 -2 -1 -1 -1 -2 0 -1 -2 -1 -2 -2 0 0 -2 -1 -1 -2 -1 -2 -1 0 0 -2 0 0 0 -1 -2 0 -1 -1 0 -1 -2 -1 -1 -1 0 0 0 0 0 -1 0 -2 0 -1 0 -1 -1 -1 -1 -1 -2 -2 -2 -2 -1 -1
0.186882973940239 -0.381125113960184 0.0950496744624444 -0.792652466593283 -0.363266032214322 -1 2 0 1 0 0 0 0 1 1 2 1 1 1 1 0 1 2 1 2 1 1 1 0 0 1 1 2 2 1 2 0 0 1 1 1 1 1 1 2 0 0 0 1 1 1 1 0 0 2 1 2 2 0 0 2 2 0 2 1 1 1 2 2 2 0 0 0 1 2 0 0 1 2 2 2 0 0 1 1 0 0 0 0 0 2 2 2 1 0 2 0 0 0 0 0 1 2 1 1 1 -2 0 -1 0 0 0 0 -1 -1 -2 -1 -1 -1 -1 0 -1 -2 -1 -2 -1 -1 -1 0 0 -1 -1 -2 -2 -1 -2 0 0 -1 -1 -1 -1 -1 -1 -2 0 0 0 -1 -1 -1 -1 0 0 -2 -1 -2 -2 0 0 -2 -2 0 -2 -1 -1 -1 -2 -2 -2 0 0 0 -1 -2 0 0 -1 -2 -2 -2 0 0 -1 -1 0 0 0 0 0 -2 -2 -2 -1 0 -2 0 0 0 0 0 -1 -2 -1 -1 -1
-0.787153770961969 0.0424554746124639 0.439413507013 1.47915131967766 -0.563599399750708 -1 1 0 2 2 1 1 1 0 1 1 2 1 2 0 0 2 2 1 1 0 0 2 0 0 2 1 2 2 1 1 0 0 2 2 2 2 1 0 2 0 1 0 0 2 2 1 1 1 2 0 0 1 0 1 2 2 0 2 0 2 1 1 1 2 0 0 0 1 2 0 0 1 0 1 2 0 0 0 0 0 2 1 0 0 2 2 1 0 0 2 0 0 0 1 1 2 2 1 1 1 -1 0 -2 -2 -1 -1 -1 0 -1 -1 -2 -1 -2 0 0 -2 -2 -1 -1 0 0 -2 0 0 -2 -1 -2 -2 -1 -1 0 0 -2 -2 -2 -2 -1 0 -2 0 -1 0 0 -2 -2 -1 -1 -1 -2 0 0 -1 0 -1 -2 -2 0 -2 0 -2 -1 -1 -1 -2 0 0 0 -1 -2 0 0 -1 0 -1 -2 0 0 0 0 0 -2 -1 0 0 -2 -2 -1 0 0 -2 0 0 0 -1 -1 -2 -2 -1 -1 -1
-0.327080753687232 -0.758262296591633 0.829891011093692 -1.63057204527983 -0.80151122054224 1 1 0 0 1 0 1 0 0 0 1 0 0 2 1 0 1 2 1 2 1 0 1 0 1 1 1 1 1 1 1 0 0 2 1 2 1 0 0 2 0 1 0 0 0 1 1 0 0 1 0 0 2 0 1 2 2 0 1 2 2 2 2 2 2 0 1 1 1 2 0 1 2 0 1 2 0 0 2 1 1 1 1 0 0 1 2 1 0 1 2 1 0 0 0 1 2 1 0 0 0 1 0 0 1 0 1 0 0 0 1 0 0 2 1 0 1 2 1 2 1 0 1 0 1 1 1 1 1 1 1 0 0 2 1 2 1 0 0 2 0 1 0 0 0 1 1 0 0 1 0 0 2 0 1 2 2 0 1 2 2 2 2 2 2 0 1 1 1 2 0 1 2 0 1 2 0 0 2 1 1 1 1 0 0 1 2 1 0 1 2 1 0 0 0 1 2 1 0 0 0
-0.0221321812762195 0.180233617866878 0.0761925331301978 -1.27620913090716 -0.279136990041503 -1 1 1 2 2 2 2 2 0 1 2 2 0 2 2 1 1 1 1 2 0 0 1 0 1 0 2 2 2 2 2 0 0 1 1 2 2 2 0 1 0 1 2 2 1 2 2 0 0 1 0 2 2 0 0 2 1 0 0 0 1 0 0 1 1 0 0 0 1 2 0 0 0 1 0 2 0 0 1 0 1 2 0 1 0 1 2 1 0 0 1 0 0 0 0 1 2 2 0 0 0 -1 -1 -2 -2 -2 -2 -2 0 -1 -2 -2 0 -2 -2 -1 -1 -1 -1 -2 0 0 -1 0 -1 0 -2 -2 -2 -2 -2 0 0 -1 -1 -2 -2 -2 0 -1 0 -1 -2 -2 -1 -2 -2 0 0 -1 0 -2 -2 0 0 -2 -1 0 0 0 -1 0 0 -1 -1 0 0 0 -1 -2 0 0 0 -1 0 -2 0 0 -1 0 -1 -2 0 -1 0 -1 -2 -1 0 0 -1 0 0 0 0 -1 -2 -2 0 0 0
0.635378008756138 -0.0172927893266917 -0.743517354371937 -1.24016641956447 -0.901478576424083 -1 1 0 2 2 0 2 2 0 1 2 2 1 2 2 0 1 1 1 1 0 0 2 0 1 2 2 2 2 1 0 0 0 2 2 2 1 0 1 2 0 1 0 1 1 1 0 0 0 1 0 0 1 0 0 1 1 0 1 1 2 0 0 0 0 0 0 0 2 2 0 0 1 1 0 1 0 0 0 0 0 0 0 0 0 1 2 0 0 0 1 0 0 0 1 1 1 1 1 0 0 -1 0 -2 -2 0 -2 -2 0 -1 -2 -2 -1 -2 -2 0 -1 -1 -1 -1 0 0 -2 0 -1 -2 -2 -2 -2 -1 0 0 0 -2 -2 -2 -1 0 -1 -2 0 -1 0 -1 -1 -1 0 0 0 -1 0 0 -1 0 0 -1 -1 0 -1 -1 -2 0 0 0 0 0 0 0 -2 -2 0 0 -1 -1 0 -1 0 0 0 0 0 0 0 0 0 -1 -2 0 0 0 -1 0 0 0 -1 -1 -1 -1 -1 0 0
-0.262974149672257 1.47601680667279 1.66745687334621 1.81090508622924 1.21950452999342 -1 0 0 2 2 2 2 2 0 1 2 2 1 2 1 0 1 1 0 1 0 0 1 0 1 2 1 2 2 1 1 0 0 1 0 2 1 0 0 2 0 1 1 2 2 2 1 0 1 2 1 1 2 0 0 2 2 2 1 0 1 1 0 0 1 0 0 1 1 2 0 0 0 0 1 1 0 0 1 0 0 0 0 0 0 2 2 1 0 1 1 2 1 0 2 2 1 2 0 0 0 0 0 -2 -2 -2 -2 -2 0 -1 -2 -2 -1 -2 -1 0 -1 -1 0 -1 0 0 -1 0 -1 -2 -1 -2 -2 -1 -1 0 0 -1 0 -2 -1 0 0 -2 0 -1 -1 -2 -2 -2 -1 0 -1 -2 -1 -1 -2 0 0 -2 -2 -2 -1 0 -1 -1 0 0 -1 0 0 -1 -1 -2 0 0 0 0 -1 -1 0 0 -1 0 0 0 0 0 0 -2 -2 -1 0 -1 -1 -2 -1 0 -2 -2 -1 -2 0 0 0
-1.41290074892658 -0.346065841443507 -2.05207925487983 -0.553813263990879 0.758595648148005 -1 1 0 2 1 0 1 2 1 2 1 1 0 1 0 0 1 2 1 1 0 0 2 0 1 2 2 2 2 2 2 0 0 2 2 2 2 0 0 1 0 0 0 1 1 1 1 0 1 2 0 0 2 0 1 2 2 2 2 1 2 0 0 0 1 0 0 0 1 2 0 0 1 1 1 2 0 0 1 0 0 0 0 0 0 2 2 2 1 1 1 1 0 0 0 1 1 2 1 1 1 -1 0 -2 -1 0 -1 -2 -1 -2 -1 -1 0 -1 0 0 -1 -2 -1 -1 0 0 -2 0 -1 -2 -2 -2 -2 -2 -2 0 0 -2 -2 -2 -2 0 0 -1 0 0 0 -1 -1 -1 -1 0 -1 -2 0 0 -2 0 -1 -2 -2 -2 -2 -1 -2 0 0 0 -1 0 0 0 -1 -2 0 0 -1 -1 -1 -2 0 0 -1 0 0 0 0 0 0 -2 -2 -2 -1 -1 -1 -1 0 0 0 -1 -1 -2 -1 -1 -1
-2.69934130940276 -1.26561625757477 -1.60819043032682 -1.32053844415956 0.592606434981782 -1 0 0 2 1 0 1 2 0 0 2 2 0 2 1 0 1 1 0 1 0 0 2 2 2 2 2 2 2 1 0 0 0 2 2 2 1 0 0 2 1 2 1 2 2 2 1 0 0 2 1 2 1 0 1 2 1 0 1 0 1 1 0 0 0 0 0 0 0 2 0 0 0 0 2 2 0 1 0 1 1 2 1 1 0 2 2 2 1 2 2 2 1 1 2 2 2 2 1 1 1 0 0 -2 -1 0 -1 -2 0 0 -2 -2 0 -2 -1 0 -1 -1 0 -1 0 0 -2 -2 -2 -2 -2 -2 -2 -1 0 0 0 -2 -2 -2 -1 0 0 -2 -1 -2 -1 -2 -2 -2 -1 0 0 -2 -1 -2 -1 0 -1 -2 -1 0 -1 0 -1 -1 0 0 0 0 0 0 0 -2 0 0 0 0 -2 -2 0 -1 0 -1 -1 -2 -1 -1 0 -2 -2 -2 -1 -2 -2 -2 -1 -1 -2 -2 -2 -2 -1 -1 -1
-1.50934298744172 -1.0719048666224 0.0429073004529014 0.215555405915547 0.010655309293818 1 1 0 2 1 1 2 2 0 0 1 1 0 1 0 0 1 1 1 1 0 0 2 0 1 0 1 1 1 2 2 1 0 2 2 2 1 1 1 2 1 1 1 1 2 2 1 1 1 2 1 1 2 0 1 2 2 1 1 1 2 0 2 2 2 0 0 1 1 2 0 0 0 0 1 1 0 0 2 0 0 0 0 0 0 1 2 1 1 0 2 1 1 0 0 1 2 1 1 0 0 1 0 2 1 1 2 2 0 0 1 1 0 1 0 0 1 1 1 1 0 0 2 0 1 0 1 1 1 2 2 1 0 2 2 2 1 1 1 2 1 1 1 1 2 2 1 1 1 2 1 1 2 0 1 2 2 1 1 1 2 0 2 2 2 0 0 1 1 2 0 0 0 0 1 1 0 0 2 0 0 0 0 0 0 1 2 1 1 0 2 1 1 0 0 1 2 1 1 0 0
-0.0687400914965763 -0.684255373804088 2.06468720496248 1.67869176654597 -0.574858149001013 1 2 0 2 1 1 2 1 0 2 2 2 0 2 2 0 1 1 1 2 0 0 0 0 1 0 1 2 2 1 0 0 0 2 1 2 2 0 0 2 1 2 1 2 2 1 1 0 0 1 0 0 0 0 1 2 2 1 2 2 2 1 1 1 2 0 0 0 1 2 0 0 0 0 1 1 0 1 2 1 0 0 0 1 0 0 2 1 1 0 0 0 1 0 1 2 2 2 1 1 2 2 0 2 1 1 2 1 0 2 2 2 0 2 2 0 1 1 1 2 0 0 0 0 1 0 1 2 2 1 0 0 0 2 1 2 2 0 0 2 1 2 1 2 2 1 1 0 0 1 0 0 0 0 1 2 2 1 2 2 2 1 1 1 2 0 0 0 1 2 0 0 0 0 1 1 0 1 2 1 0 0 0 1 0 0 2 1 1 0 0 0 1 0 1 2 2 2 1 1 2
-0.533057264394564 -0.00137019275363516 0.167284520725767 0.934352320035588 0.588473540173492 -1 2 0 2 2 0 0 1 0 1 2 2 2 2 2 1 1 1 0 1 1 0 1 1 2 0 1 1 2 1 1 0 0 2 1 1 1 0 1 1 0 0 0 0 0 1 0 0 0 1 0 0 1 0 1 2 2 1 2 1 2 0 0 0 0 0 1 1 1 2 0 1 1 1 1 1 0 1 2 1 0 2 1 1 0 2 2 2 1 1 1 0 0 0 2 2 2 2 1 1 0 -2 0 -2 -2 0 0 -1 0 -1 -2 -2 -2 -2 -2 -1 -1 -1 0 -1 -1 0 -1 -1 -2 0 -1 -1 -2 -1 -1 0 0 -2 -1 -1 -1 0 -1 -1 0 0 0 0 0 -1 0 0 0 -1 0 0 -1 0 -1 -2 -2 -1 -2 -1 -2 0 0 0 0 0 -1 -1 -1 -2 0 -1 -1 -1 -1 -1 0 -1 -2 -1 0 -2 -1 -1 0 -2 -2 -2 -1 -1 -1 0 0 0 -2 -2 -2 -2 -1 -1 0
0.540876692837972 0.150786524543852 -0.00515765194223972 -0.318996305681958 0.392928911285763 -1 1 0 2 0 1 1 1 0 0 1 1 2 2 1 0 2 2 1 2 0 1 2 0 2 2 2 2 2 2 2 0 0 2 1 2 1 0 1 2 0 1 1 1 1 1 1 0 0 0 0 0 1 0 0 2 1 1 2 0 2 1 1 1 1 0 0 0 1 2 0 0 1 0 0 1 0 0 1 0 1 1 0 0 0 2 2 1 1 1 1 0 0 0 1 2 1 2 0 0 0 -1 0 -2 0 -1 -1 -1 0 0 -1 -1 -2 -2 -1 0 -2 -2 -1 -2 0 -1 -2 0 -2 -2 -2 -2 -2 -2 -2 0 0 -2 -1 -2 -1 0 -1 -2 0 -1 -1 -1 -1 -1 -1 0 0 0 0 0 -1 0 0 -2 -1 -1 -2 0 -2 -1 -1 -1 -1 0 0 0 -1 -2 0 0 -1 0 0 -1 0 0 -1 0 -1 -1 0 0 0 -2 -2 -1 -1 -1 -1 0 0 0 -1 -2 -1 -2 0 0 0
2.09011155924468 -0.125393552973921 -1.11817205343493 -1.7057757216357 -0.828115809764425 1 2 1 2 2 2 1 2 0 0 1 0 0 2 1 0 1 1 1 1 1 0 2 0 1 2 2 1 2 1 1 0 0 2 1 2 2 2 1 2 0 0 0 1 1 1 2 1 0 1 1 1 0 0 1 2 2 0 1 0 2 1 1 1 2 0 0 1 2 2 0 0 0 0 1 2 0 1 2 2 0 1 1 1 0 2 2 1 1 2 2 1 0 0 0 1 1 1 0 0 0 2 1 2 2 2 1 2 0 0 1 0 0 2 1 0 1 1 1 1 1 0 2 0 1 2 2 1 2 1 1 0 0 2 1 2 2 2 1 2 0 0 0 1 1 1 2 1 0 1 1 1 0 0 1 2 2 0 1 0 2 1 1 1 2 0 0 1 2 2 0 0 0 0 1 2 0 1 2 2 0 1 1 1 0 2 2 1 1 2 2 1 0 0 0 1 1 1 0 0 0
0.118905185204423 -0.704082072471397 0.582323944828721 0.398784431567225 -1.03089371648114 1 1 0 2 1 1 1 1 0 0 1 1 0 2 1 1 2 2 2 2 1 1 2 1 1 1 1 1 0 0 0 0 0 2 0 2 1 0 0 2 1 0 0 0 1 0 1 0 0 2 1 2 2 0 0 2 2 1 2 0 2 0 1 1 2 0 0 0 1 2 0 0 1 1 2 2 0 0 0 0 0 0 0 0 1 2 2 1 1 1 1 0 0 0 1 1 1 2 2 2 1 1 0 2 1 1 1 1 0 0 1 1 0 2 1 1 2 2 2 2 1 1 2 1 1 1 1 1 0 0 0 0 0 2 0 2 1 0 0 2 1 0 0 0 1 0 1 0 0 2 1 2 2 0 0 2 2 1 2 0 2 0 1 1 2 0 0 0 1 2 0 0 1 1 2 2 0 0 0 0 0 0 0 0 1 2 2 1 1 1 1 0 0 0 1 1 1 2 2 2 1
-1.62504193653841 0.801782449212299 -0.627172306793505 -0.414824570378191 1.74535993294099 1 1 0 2 2 1 0 2 0 1 1 0 0 1 2 1 1 2 1 1 1 1 2 0 1 2 2 2 1 1 1 0 0 2 2 2 1 1 0 2 1 2 1 1 1 1 1 1 0 2 1 2 2 0 1 2 2 0 1 1 1 1 1 1 2 0 0 1 1 2 0 0 0 0 1 2 2 0 2 1 1 2 2 1 0 1 1 0 0 1 1 0 0 0 1 0 1 2 2 0 0 1 0 2 2 1 0 2 0 1 1 0 0 1 2 1 1 2 1 1 1 1 2 0 1 2 2 2 1 1 1 0 0 2 2 2 1 1 0 2 1 2 1 1 1 1 1 1 0 2 1 2 2 0 1 2 2 0 1 1 1 1 1 1 2 0 0 1 1 2 0 0 0 0 1 2 2 0 2 1 1 2 2 1 0 1 1 0 0 1 1 0 0 0 1 0 1 2 2 0 0
-1.05618155809666 0.719313317450821 -1.66049234973926 -0.547877420298743 -0.309622652054053 -1 1 0 2 2 1 1 1 0 0 1 1 0 2 1 0 2 2 2 1 0 0 2 1 2 2 2 2 2 2 0 0 0 2 2 2 2 0 1 2 0 0 0 1 0 0 1 1 0 1 0 0 2 0 1 2 2 0 2 0 2 1 1 2 2 0 0 0 0 2 0 0 1 1 0 1 0 0 1 0 0 1 0 1 0 1 2 0 1 1 2 1 2 2 2 2 2 2 1 1 1 -1 0 -2 -2 -1 -1 -1 0 0 -1 -1 0 -2 -1 0 -2 -2 -2 -1 0 0 -2 -1 -2 -2 -2 -2 -2 -2 0 0 0 -2 -2 -2 -2 0 -1 -2 0 0 0 -1 0 0 -1 -1 0 -1 0 0 -2 0 -1 -2 -2 0 -2 0 -2 -1 -1 -2 -2 0 0 0 0 -2 0 0 -1 -1 0 -1 0 0 -1 0 0 -1 0 -1 0 -1 -2 0 -1 -1 -2 -1 -2 -2 -2 -2 -2 -2 -1 -1 -1
-1.15556528978501 0.61164813008662 1.42232704970393 -0.543843030949533 0.645668609894348 1 1 0 2 2 1 2 2 1 2 1 1 0 1 1 0 0 1 0 1 0 1 1 0 0 0 1 0 0 1 1 0 0 2 2 2 2 0 1 1 0 0 0 0 0 2 1 0 0 0 0 0 1 0 0 1 1 0 1 0 2 1 0 0 0 0 0 2 1 2 0 1 2 1 2 2 0 0 1 0 0 1 1 0 0 1 2 0 0 1 2 2 1 2 2 1 1 2 1 1 1 1 0 2 2 1 2 2 1 2 1 1 0 1 1 0 0 1 0 1 0 1 1 0 0 0 1 0 0 1 1 0 0 2 2 2 2 0 1 1 0 0 0 0 0 2 1 0 0 0 0 0 1 0 0 1 1 0 1 0 2 1 0 0 0 0 0 2 1 2 0 1 2 1 2 2 0 0 1 0 0 1 1 0 0 1 2 0 0 1 2 2 1 2 2 1 1 2 1 1 1
