0.143219002439636 -1.30906162844825 0.0810307205778137 -0.747640631242999 -0.221048817308338 -1 1 1 0 1 2 0 0 0 2 0 2 1 0 0 1 1 2 0 1 2 1 0 2 1 2 2 0 0 1 2 0 0 2 1 2 2 1 2 1 1 0 1 0 1 2 1 1 2 1 2 2 2 0 0 2 1 0 2 0 2 2 2 0 1 2 2 1 2 2 0 2 0 1 1 1 0 1 1 0 0 2 0 0 2 1 1 2 2 2 0 1 2 2 1 2 1 1 1 0 2 -1 -1 0 -1 -2 0 0 0 -2 0 -2 -1 0 0 -1 -1 -2 0 -1 -2 -1 0 -2 -1 -2 -2 0 0 -1 -2 0 0 -2 -1 -2 -2 -1 -2 -1 -1 0 -1 0 -1 -2 -1 -1 -2 -1 -2 -2 -2 0 0 -2 -1 0 -2 0 -2 -2 -2 0 -1 -2 -2 -1 -2 -2 0 -2 0 -1 -1 -1 0 -1 -1 0 0 -2 0 0 -2 -1 -1 -2 -2 -2 0 -1 -2 -2 -1 -2 -1 -1 -1 0 -2
0.542359213027143 -1.06520614845793 0.732108959334653 0.0465923567412689 -0.478728044753328 -1 2 0 0 0 2 0 0 2 2 1 2 1 0 0 1 1 1 0 0 1 0 1 2 2 2 1 2 0 2 1 0 0 2 1 2 1 1 1 2 2 0 2 1 2 2 0 1 1 0 0 1 2 0 0 2 1 1 2 0 1 2 2 0 1 2 2 0 1 2 0 1 0 1 0 0 0 0 1 0 0 1 0 0 2 2 1 0 0 1 0 1 1 0 2 2 0 1 2 1 2 -2 0 0 0 -2 0 0 -2 -2 -1 -2 -1 0 0 -1 -1 -1 0 0 -1 0 -1 -2 -2 -2 -1 -2 0 -2 -1 0 0 -2 -1 -2 -1 -1 -1 -2 -2 0 -2 -1 -2 -2 0 -1 -1 0 0 -1 -2 0 0 -2 -1 -1 -2 0 -1 -2 -2 0 -1 -2 -2 0 -1 -2 0 -1 0 -1 0 0 0 0 -1 0 0 -1 0 0 -2 -2 -1 0 0 -1 0 -1 -1 0 -2 -2 0 -1 -2 -1 -2
1.08784718544487 0.247948375415359 1.9506823139179 -0.279213062352023 0.286068104239743 1 2 2 0 0 2 1 0 1 2 2 2 2 1 1 2 0 2 0 0 2 1 0 2 1 2 1 0 0 1 1 0 1 2 2 2 1 1 2 2 0 0 2 2 0 2 2 2 1 1 0 0 2 1 0 1 2 0 2 0 1 2 2 0 0 2 2 0 1 1 0 0 0 1 1 1 1 0 2 0 0 0 0 0 1 1 1 1 1 2 0 2 1 0 0 1 0 2 2 1 2 2 2 0 0 2 1 0 1 2 2 2 2 1 1 2 0 2 0 0 2 1 0 2 1 2 1 0 0 1 1 0 1 2 2 2 1 1 2 2 0 0 2 2 0 2 2 2 1 1 0 0 2 1 0 1 2 0 2 0 1 2 2 0 0 2 2 0 1 1 0 0 0 1 1 1 1 0 2 0 0 0 0 0 1 1 1 1 1 2 0 2 1 0 0 1 0 2 2 1 2
0.552733982970455 -0.0496167051616912 -2.33256068041922 -1.01523017879691 0.333886050684745 1 2 2 0 1 2 1 1 2 1 1 2 2 0 0 1 0 1 0 0 2 0 1 2 2 2 2 2 1 1 2 0 0 2 0 2 0 2 2 1 0 0 2 2 2 2 2 1 0 1 0 0 2 0 1 1 1 2 2 0 0 1 2 1 1 2 2 1 1 1 0 2 0 1 1 1 1 0 2 1 0 2 0 1 2 1 1 1 2 2 0 0 2 1 1 1 0 1 1 0 1 2 2 0 1 2 1 1 2 1 1 2 2 0 0 1 0 1 0 0 2 0 1 2 2 2 2 2 1 1 2 0 0 2 0 2 0 2 2 1 0 0 2 2 2 2 2 1 0 1 0 0 2 0 1 1 1 2 2 0 0 1 2 1 1 2 2 1 1 1 0 2 0 1 1 1 1 0 2 1 0 2 0 1 2 1 1 1 2 2 0 0 2 1 1 1 0 1 1 0 1
-1.077412291093 1.05649383993844 -0.371151004940503 -0.612981269189445 0.635537420483616 -1 2 2 1 1 2 0 0 1 0 0 2 0 0 0 1 2 2 1 1 1 0 0 2 1 1 0 0 0 0 1 0 0 1 1 1 1 2 2 1 1 1 2 1 2 2 2 1 2 0 1 1 2 1 2 1 1 1 2 0 2 2 2 1 2 2 2 1 1 2 1 1 1 2 1 2 0 0 2 1 0 2 1 1 1 1 1 1 1 2 0 1 2 2 2 1 0 1 1 0 1 -2 -2 -1 -1 -2 0 0 -1 0 0 -2 0 0 0 -1 -2 -2 -1 -1 -1 0 0 -2 -1 -1 0 0 0 0 -1 0 0 -1 -1 -1 -1 -2 -2 -1 -1 -1 -2 -1 -2 -2 -2 -1 -2 0 -1 -1 -2 -1 -2 -1 -1 -1 -2 0 -2 -2 -2 -1 -2 -2 -2 -1 -1 -2 -1 -1 -1 -2 -1 -2 0 0 -2 -1 0 -2 -1 -1 -1 -1 -1 -1 -1 -2 0 -1 -2 -2 -2 -1 0 -1 -1 0 -1
0.903298673683019 -0.990070046271554 -0.40939352994933 -0.922817455041128 -0.320472008779888 1 2 1 0 1 2 0 0 0 1 0 2 1 0 1 1 2 2 1 1 1 0 0 2 1 2 2 2 1 1 1 0 0 2 1 2 1 2 2 0 0 0 1 2 0 2 2 1 1 0 0 0 2 0 0 0 1 0 2 0 1 0 2 1 1 2 1 0 0 1 0 0 0 1 1 0 0 0 2 0 0 1 0 1 1 1 0 1 0 2 0 2 1 1 1 2 0 1 1 0 2 2 1 0 1 2 0 0 0 1 0 2 1 0 1 1 2 2 1 1 1 0 0 2 1 2 2 2 1 1 1 0 0 2 1 2 1 2 2 0 0 0 1 2 0 2 2 1 1 0 0 0 2 0 0 0 1 0 2 0 1 0 2 1 1 2 1 0 0 1 0 0 0 1 1 0 0 0 2 0 0 1 0 1 1 1 0 1 0 2 0 2 1 1 1 2 0 1 1 0 2
0.934192601024764 -0.761145951833546 0.043066125197758 -0.814531213944003 -0.425535022557505 -1 2 1 0 1 2 2 0 1 2 1 2 2 0 0 0 0 2 0 1 2 1 1 2 1 1 2 1 0 0 0 0 0 2 1 2 2 2 2 1 1 0 2 1 2 1 0 1 1 1 1 0 2 0 1 0 2 0 2 2 2 2 2 1 0 2 1 1 1 2 1 2 1 1 0 0 0 0 2 2 1 1 0 0 2 1 1 1 0 2 0 0 2 2 2 2 0 1 1 0 2 -2 -1 0 -1 -2 -2 0 -1 -2 -1 -2 -2 0 0 0 0 -2 0 -1 -2 -1 -1 -2 -1 -1 -2 -1 0 0 0 0 0 -2 -1 -2 -2 -2 -2 -1 -1 0 -2 -1 -2 -1 0 -1 -1 -1 -1 0 -2 0 -1 0 -2 0 -2 -2 -2 -2 -2 -1 0 -2 -1 -1 -1 -2 -1 -2 -1 -1 0 0 0 0 -2 -2 -1 -1 0 0 -2 -1 -1 -1 0 -2 0 0 -2 -2 -2 -2 0 -1 -1 0 -2
-0.417966210079149 0.156435129076796 -0.841569148603838 0.232234500387831 0.507919347033155 -1 0 0 0 1 2 1 0 1 2 2 2 1 0 0 1 0 0 0 0 2 2 1 1 0 1 2 1 0 1 1 0 0 1 0 2 1 1 2 1 1 0 2 0 1 2 2 2 2 0 1 1 2 0 1 0 0 0 1 0 2 1 2 2 2 2 2 0 1 2 1 1 1 2 1 2 0 0 1 0 0 2 0 0 1 1 0 0 0 2 1 2 2 1 1 2 0 0 1 0 2 0 0 0 -1 -2 -1 0 -1 -2 -2 -2 -1 0 0 -1 0 0 0 0 -2 -2 -1 -1 0 -1 -2 -1 0 -1 -1 0 0 -1 0 -2 -1 -1 -2 -1 -1 0 -2 0 -1 -2 -2 -2 -2 0 -1 -1 -2 0 -1 0 0 0 -1 0 -2 -1 -2 -2 -2 -2 -2 0 -1 -2 -1 -1 -1 -2 -1 -2 0 0 -1 0 0 -2 0 0 -1 -1 0 0 0 -2 -1 -2 -2 -1 -1 -2 0 0 -1 0 -2
-1.40539384287428 0.607783637784906 0.402416900021463 -0.39487958930653 1.02184863006469 1 2 2 0 0 2 1 0 1 2 2 2 1 0 0 0 0 2 1 0 1 0 1 2 2 2 1 1 0 0 0 0 0 1 1 1 1 2 2 2 1 0 2 2 0 1 1 2 1 0 0 0 2 1 0 1 1 0 1 0 2 2 2 1 0 2 2 0 0 1 0 1 1 1 1 2 0 0 2 1 0 2 1 1 1 1 0 0 0 1 0 1 2 2 1 2 0 2 2 1 2 2 2 0 0 2 1 0 1 2 2 2 1 0 0 0 0 2 1 0 1 0 1 2 2 2 1 1 0 0 0 0 0 1 1 1 1 2 2 2 1 0 2 2 0 1 1 2 1 0 0 0 2 1 0 1 1 0 1 0 2 2 2 1 0 2 2 0 0 1 0 1 1 1 1 2 0 0 2 1 0 2 1 1 1 1 0 0 0 1 0 1 2 2 1 2 0 2 2 1 2
-0.170530306528724 0.950829002559306 0.433324353068894 1.65732588114163 -0.543290313328806 -1 2 2 0 2 2 1 0 1 2 2 2 2 0 0 0 0 2 1 0 2 1 0 1 2 2 2 2 0 2 2 0 0 1 0 2 1 0 0 2 2 0 2 1 2 2 2 2 2 0 0 1 2 1 1 1 0 0 2 0 2 1 2 0 0 2 2 0 0 1 0 0 0 1 0 2 0 0 2 0 0 2 1 1 2 2 0 0 0 2 0 1 2 0 1 2 0 1 2 0 2 -2 -2 0 -2 -2 -1 0 -1 -2 -2 -2 -2 0 0 0 0 -2 -1 0 -2 -1 0 -1 -2 -2 -2 -2 0 -2 -2 0 0 -1 0 -2 -1 0 0 -2 -2 0 -2 -1 -2 -2 -2 -2 -2 0 0 -1 -2 -1 -1 -1 0 0 -2 0 -2 -1 -2 0 0 -2 -2 0 0 -1 0 0 0 -1 0 -2 0 0 -2 0 0 -2 -1 -1 -2 -2 0 0 0 -2 0 -1 -2 0 -1 -2 0 -1 -2 0 -2
1.51136167809727 1.42663966239018 -0.621893432020274 1.45483615533446 0.989940224545058 -1 2 2 1 0 2 1 0 0 1 1 2 0 1 0 2 1 1 0 1 2 0 0 2 1 2 2 1 1 2 1 0 0 2 1 2 2 2 2 1 0 0 2 0 1 2 1 1 1 0 0 0 1 0 1 1 0 1 2 0 2 2 2 1 2 2 2 0 1 0 0 0 0 1 2 2 1 1 2 0 0 2 1 1 1 2 0 0 0 2 0 2 2 2 1 2 1 2 2 1 2 -2 -2 -1 0 -2 -1 0 0 -1 -1 -2 0 -1 0 -2 -1 -1 0 -1 -2 0 0 -2 -1 -2 -2 -1 -1 -2 -1 0 0 -2 -1 -2 -2 -2 -2 -1 0 0 -2 0 -1 -2 -1 -1 -1 0 0 0 -1 0 -1 -1 0 -1 -2 0 -2 -2 -2 -1 -2 -2 -2 0 -1 0 0 0 0 -1 -2 -2 -1 -1 -2 0 0 -2 -1 -1 -1 -2 0 0 0 -2 0 -2 -2 -2 -1 -2 -1 -2 -2 -1 -2
-2.83142038213931 -1.60952640688406 -0.930406269982794 -0.808550885834902 0.383651295920749 1 1 2 1 2 2 1 0 1 1 1 2 1 0 0 0 1 2 1 1 1 1 2 2 1 2 1 1 0 2 2 1 1 2 2 2 1 2 2 1 0 0 2 2 2 2 2 1 1 0 1 0 2 0 0 1 1 0 2 0 2 2 2 1 2 2 2 1 2 2 1 1 1 2 0 1 1 0 2 2 0 1 0 0 2 2 0 0 0 2 0 1 2 1 0 1 0 1 0 0 2 1 2 1 2 2 1 0 1 1 1 2 1 0 0 0 1 2 1 1 1 1 2 2 1 2 1 1 0 2 2 1 1 2 2 2 1 2 2 1 0 0 2 2 2 2 2 1 1 0 1 0 2 0 0 1 1 0 2 0 2 2 2 1 2 2 2 1 2 2 1 1 1 2 0 1 1 0 2 2 0 1 0 0 2 2 0 0 0 2 0 1 2 1 0 1 0 1 0 0 2
1.86153957115508 1.86357043898522 -0.760104327312137 -0.231146766266285 1.7801183814364 -1 2 2 1 1 2 1 0 0 1 0 2 1 0 0 1 0 2 1 1 1 0 0 2 1 2 1 0 0 0 1 0 0 2 0 1 0 1 2 1 1 0 2 2 2 2 1 0 0 0 1 0 1 0 0 0 2 2 2 1 2 2 2 0 0 2 1 0 1 1 1 2 1 1 1 1 0 0 2 0 0 1 0 0 2 1 0 0 0 2 0 2 2 1 2 2 0 1 2 0 2 -2 -2 -1 -1 -2 -1 0 0 -1 0 -2 -1 0 0 -1 0 -2 -1 -1 -1 0 0 -2 -1 -2 -1 0 0 0 -1 0 0 -2 0 -1 0 -1 -2 -1 -1 0 -2 -2 -2 -2 -1 0 0 0 -1 0 -1 0 0 0 -2 -2 -2 -1 -2 -2 -2 0 0 -2 -1 0 -1 -1 -1 -2 -1 -1 -1 -1 0 0 -2 0 0 -1 0 0 -2 -1 0 0 0 -2 0 -2 -2 -1 -2 -2 0 -1 -2 0 -2
0.825711277971555 0.338003405577331 1.25506594332661 0.519658115299765 -0.522012978588301 1 2 1 0 1 2 1 0 0 0 0 2 2 0 0 1 1 2 1 0 2 0 1 2 1 2 1 0 0 1 2 0 0 2 0 1 1 1 2 2 1 1 2 1 0 2 2 2 1 0 1 0 1 0 1 1 1 0 2 0 1 2 2 0 1 2 2 0 1 2 1 2 1 2 1 1 0 0 2 1 0 1 0 1 2 0 0 0 0 2 0 1 2 1 1 1 0 1 2 0 2 2 1 0 1 2 1 0 0 0 0 2 2 0 0 1 1 2 1 0 2 0 1 2 1 2 1 0 0 1 2 0 0 2 0 1 1 1 2 2 1 1 2 1 0 2 2 2 1 0 1 0 1 0 1 1 1 0 2 0 1 2 2 0 1 2 2 0 1 2 1 2 1 2 1 1 0 0 2 1 0 1 0 1 2 0 0 0 0 2 0 1 2 1 1 1 0 1 2 0 2
1.59346335782982 -1.55504782224593 -1.58493203412828 1.29360917275938 0.572007170090262 -1 2 2 0 1 2 1 0 0 1 1 2 1 0 0 1 0 1 0 0 2 1 1 2 1 2 2 1 0 1 0 0 0 2 0 1 0 1 2 1 0 0 2 2 1 2 2 2 2 0 0 0 1 0 0 0 2 2 2 1 2 1 2 0 2 2 1 0 1 1 0 1 0 1 1 2 0 0 2 0 0 2 0 0 1 1 1 1 0 1 0 0 1 1 1 1 1 2 1 0 1 -2 -2 0 -1 -2 -1 0 0 -1 -1 -2 -1 0 0 -1 0 -1 0 0 -2 -1 -1 -2 -1 -2 -2 -1 0 -1 0 0 0 -2 0 -1 0 -1 -2 -1 0 0 -2 -2 -1 -2 -2 -2 -2 0 0 0 -1 0 0 0 -2 -2 -2 -1 -2 -1 -2 0 -2 -2 -1 0 -1 -1 0 -1 0 -1 -1 -2 0 0 -2 0 0 -2 0 0 -1 -1 -1 -1 0 -1 0 0 -1 -1 -1 -1 -1 -2 -1 0 -1
-0.802867798279315 0.914539082633002 -0.82383634899522 0.811294527290497 -1.17856252812799 -1 1 1 0 0 1 0 0 1 2 1 1 1 0 0 2 1 2 0 1 2 0 0 2 1 2 1 1 0 1 1 0 0 2 0 2 1 1 2 1 1 0 1 0 0 0 0 1 0 0 0 0 1 0 0 0 0 1 2 0 1 0 2 0 1 2 0 0 0 1 0 2 2 2 0 1 0 0 2 0 0 1 0 0 1 0 0 0 0 1 0 1 2 1 2 2 1 2 2 1 2 -1 -1 0 0 -1 0 0 -1 -2 -1 -1 -1 0 0 -2 -1 -2 0 -1 -2 0 0 -2 -1 -2 -1 -1 0 -1 -1 0 0 -2 0 -2 -1 -1 -2 -1 -1 0 -1 0 0 0 0 -1 0 0 0 0 -1 0 0 0 0 -1 -2 0 -1 0 -2 0 -1 -2 0 0 0 -1 0 -2 -2 -2 0 -1 0 0 -2 0 0 -1 0 0 -1 0 0 0 0 -1 0 -1 -2 -1 -2 -2 -1 -2 -2 -1 -2
0.172827672347692 0.590112834866087 -1.21023060883596 0.160541382789538 0.0429866742092039 1 2 2 0 2 2 1 0 1 2 2 2 1 1 1 2 0 2 1 1 2 1 2 2 2 2 1 2 0 1 1 0 0 2 0 1 0 1 2 1 1 0 2 2 1 1 1 1 1 0 1 0 2 2 0 0 1 1 2 0 1 1 2 0 0 2 1 0 1 1 0 0 0 2 0 0 0 0 1 0 0 1 0 0 1 2 1 1 0 2 0 1 2 1 1 1 0 2 1 0 1 2 2 0 2 2 1 0 1 2 2 2 1 1 1 2 0 2 1 1 2 1 2 2 2 2 1 2 0 1 1 0 0 2 0 1 0 1 2 1 1 0 2 2 1 1 1 1 1 0 1 0 2 2 0 0 1 1 2 0 1 1 2 0 0 2 1 0 1 1 0 0 0 2 0 0 0 0 1 0 0 1 0 0 1 2 1 1 0 2 0 1 2 1 1 1 0 2 1 0 1
0.368540324310707 -0.144661514168431 0.992889421640905 -0.249453364064544 0.652330475339009 -1 1 0 0 2 2 2 0 1 2 2 2 2 0 0 0 0 2 0 0 2 0 1 2 1 2 2 1 1 1 1 0 0 2 1 2 1 2 2 2 1 0 2 1 1 0 0 0 0 0 0 0 2 0 0 1 1 1 2 0 1 0 2 0 2 2 2 0 1 1 0 2 1 1 0 2 1 1 2 1 1 2 0 1 2 0 1 0 0 2 1 2 2 2 2 2 0 1 2 0 2 -1 0 0 -2 -2 -2 0 -1 -2 -2 -2 -2 0 0 0 0 -2 0 0 -2 0 -1 -2 -1 -2 -2 -1 -1 -1 -1 0 0 -2 -1 -2 -1 -2 -2 -2 -1 0 -2 -1 -1 0 0 0 0 0 0 0 -2 0 0 -1 -1 -1 -2 0 -1 0 -2 0 -2 -2 -2 0 -1 -1 0 -2 -1 -1 0 -2 -1 -1 -2 -1 -1 -2 0 -1 -2 0 -1 0 0 -2 -1 -2 -2 -2 -2 -2 0 -1 -2 0 -2
-1.97283033895186 -0.412552236404915 0.128036063915172 0.817345337447233 -1.53210848920352 1 2 1 0 0 2 2 0 1 2 2 2 2 0 0 1 1 2 0 1 2 0 1 2 0 2 1 1 0 0 1 0 0 2 1 1 0 1 1 0 0 0 2 0 1 2 2 1 0 1 1 0 1 0 0 0 1 1 2 2 2 2 2 2 2 2 2 1 1 1 0 2 1 2 1 2 2 0 2 1 0 2 0 2 1 2 0 0 0 1 0 1 2 1 1 1 0 1 1 0 1 2 1 0 0 2 2 0 1 2 2 2 2 0 0 1 1 2 0 1 2 0 1 2 0 2 1 1 0 0 1 0 0 2 1 1 0 1 1 0 0 0 2 0 1 2 2 1 0 1 1 0 1 0 0 0 1 1 2 2 2 2 2 2 2 2 2 1 1 1 0 2 1 2 1 2 2 0 2 1 0 2 0 2 1 2 0 0 0 1 0 1 2 1 1 1 0 1 1 0 1
-1.63523127682461 0.627292387157394 -0.471159316792033 -1.13948857364639 0.0452949454344508 -1 2 1 0 1 2 1 0 1 0 0 2 1 0 0 0 0 1 0 0 2 1 1 2 1 2 1 1 0 2 1 0 0 1 1 0 0 1 2 2 1 0 2 1 1 2 2 2 1 1 1 1 2 1 1 1 2 1 2 1 2 2 2 0 1 2 2 1 1 1 0 2 1 1 0 1 0 0 1 0 0 1 0 1 1 0 0 1 1 2 0 2 2 1 2 2 1 2 1 0 2 -2 -1 0 -1 -2 -1 0 -1 0 0 -2 -1 0 0 0 0 -1 0 0 -2 -1 -1 -2 -1 -2 -1 -1 0 -2 -1 0 0 -1 -1 0 0 -1 -2 -2 -1 0 -2 -1 -1 -2 -2 -2 -1 -1 -1 -1 -2 -1 -1 -1 -2 -1 -2 -1 -2 -2 -2 0 -1 -2 -2 -1 -1 -1 0 -2 -1 -1 0 -1 0 0 -1 0 0 -1 0 -1 -1 0 0 -1 -1 -2 0 -2 -2 -1 -2 -2 -1 -2 -1 0 -2
1.34575074108435 -2.12188243810478 0.361794714512468 -0.0612469544786726 -1.50849315281461 -1 1 1 0 0 1 0 0 0 1 1 2 2 0 1 2 2 2 1 2 2 0 1 2 1 2 2 2 0 1 1 0 0 2 0 1 0 1 2 1 1 0 1 1 1 1 0 1 1 0 0 0 1 0 0 2 1 1 2 0 1 2 2 0 1 2 1 0 0 0 0 0 1 1 1 2 1 0 2 1 0 1 0 1 2 2 0 0 1 2 1 2 1 0 0 2 0 1 2 0 2 -1 -1 0 0 -1 0 0 0 -1 -1 -2 -2 0 -1 -2 -2 -2 -1 -2 -2 0 -1 -2 -1 -2 -2 -2 0 -1 -1 0 0 -2 0 -1 0 -1 -2 -1 -1 0 -1 -1 -1 -1 0 -1 -1 0 0 0 -1 0 0 -2 -1 -1 -2 0 -1 -2 -2 0 -1 -2 -1 0 0 0 0 0 -1 -1 -1 -2 -1 0 -2 -1 0 -1 0 -1 -2 -2 0 0 -1 -2 -1 -2 -1 0 0 -2 0 -1 -2 0 -2
0.625097226520305 -1.93928833817738 0.0455852699456469 -0.736888326982023 -0.573004437975719 -1 2 1 0 1 2 2 0 1 2 2 2 0 0 0 1 1 2 2 1 2 2 2 2 1 2 1 0 0 1 1 0 0 2 0 1 0 0 2 2 2 1 2 2 2 2 2 2 2 1 0 0 2 1 1 1 1 0 2 0 1 1 2 1 2 2 1 0 1 2 2 2 1 2 1 1 1 0 2 1 0 2 1 1 2 2 0 0 0 2 1 2 1 1 0 2 0 1 1 0 2 -2 -1 0 -1 -2 -2 0 -1 -2 -2 -2 0 0 0 -1 -1 -2 -2 -1 -2 -2 -2 -2 -1 -2 -1 0 0 -1 -1 0 0 -2 0 -1 0 0 -2 -2 -2 -1 -2 -2 -2 -2 -2 -2 -2 -1 0 0 -2 -1 -1 -1 -1 0 -2 0 -1 -1 -2 -1 -2 -2 -1 0 -1 -2 -2 -2 -1 -2 -1 -1 -1 0 -2 -1 0 -2 -1 -1 -2 -2 0 0 0 -2 -1 -2 -1 -1 0 -2 0 -1 -1 0 -2
2.04471344743367 0.215985876283798 -0.371784673676131 -1.04456684157242 -1.94320569331222 -1 2 1 0 2 2 1 0 1 1 0 2 1 0 0 0 1 1 0 0 1 0 0 2 2 2 0 0 0 0 0 0 1 2 1 1 0 1 0 1 0 1 2 0 1 1 1 1 0 0 0 0 1 0 1 1 1 1 2 1 2 2 2 1 1 2 2 0 0 0 0 0 1 2 0 0 0 0 2 1 0 2 0 1 2 2 0 0 0 2 1 2 1 0 0 2 0 2 1 0 2 -2 -1 0 -2 -2 -1 0 -1 -1 0 -2 -1 0 0 0 -1 -1 0 0 -1 0 0 -2 -2 -2 0 0 0 0 0 0 -1 -2 -1 -1 0 -1 0 -1 0 -1 -2 0 -1 -1 -1 -1 0 0 0 0 -1 0 -1 -1 -1 -1 -2 -1 -2 -2 -2 -1 -1 -2 -2 0 0 0 0 0 -1 -2 0 0 0 0 -2 -1 0 -2 0 -1 -2 -2 0 0 0 -2 -1 -2 -1 0 0 -2 0 -2 -1 0 -2
-0.948285401676155 -0.212147478181401 -1.6033478892976 -2.11833011304208 2.3523918055211 -1 2 1 0 1 2 2 0 2 2 2 2 1 0 0 1 1 2 0 1 2 0 1 2 0 1 0 0 0 0 2 0 0 2 0 0 0 0 2 0 0 0 2 1 2 2 1 1 0 0 0 0 1 0 1 1 2 1 2 0 1 2 2 0 0 2 2 1 1 0 0 1 1 2 0 2 0 0 2 1 0 1 0 2 2 1 1 1 1 2 1 2 2 1 1 2 1 2 2 0 1 -2 -1 0 -1 -2 -2 0 -2 -2 -2 -2 -1 0 0 -1 -1 -2 0 -1 -2 0 -1 -2 0 -1 0 0 0 0 -2 0 0 -2 0 0 0 0 -2 0 0 0 -2 -1 -2 -2 -1 -1 0 0 0 0 -1 0 -1 -1 -2 -1 -2 0 -1 -2 -2 0 0 -2 -2 -1 -1 0 0 -1 -1 -2 0 -2 0 0 -2 -1 0 -1 0 -2 -2 -1 -1 -1 -1 -2 -1 -2 -2 -1 -1 -2 -1 -2 -2 0 -1
1.00144817728304 -0.305661212457694 -1.36769613049403 0.612104259477092 -0.0105064483941396 1 2 2 0 0 2 1 0 2 2 2 2 2 1 0 0 0 2 0 0 1 0 0 2 2 2 0 1 0 1 1 0 0 2 1 1 1 2 2 2 2 0 2 1 2 2 2 2 2 1 2 1 2 2 1 1 1 0 1 0 2 2 2 0 1 2 2 0 1 2 0 1 1 2 1 1 0 0 2 0 0 1 0 0 2 2 2 1 0 2 1 1 2 1 1 2 0 1 2 0 2 2 2 0 0 2 1 0 2 2 2 2 2 1 0 0 0 2 0 0 1 0 0 2 2 2 0 1 0 1 1 0 0 2 1 1 1 2 2 2 2 0 2 1 2 2 2 2 2 1 2 1 2 2 1 1 1 0 1 0 2 2 2 0 1 2 2 0 1 2 0 1 1 2 1 1 0 0 2 0 0 1 0 0 2 2 2 1 0 2 1 1 2 1 1 2 0 1 2 0 2
0.278527798014467 -0.744349497132155 -0.126491915345805 0.0292055207460003 -1.82719291671624 -1 1 2 0 1 2 1 0 1 2 2 2 2 0 0 1 0 2 0 1 2 2 1 2 0 2 2 1 0 1 0 0 0 2 2 2 2 2 2 1 0 0 1 2 1 2 1 1 0 1 0 0 2 1 0 1 2 1 2 0 1 2 2 0 1 2 1 0 0 0 0 0 0 1 0 2 0 0 2 1 0 2 0 0 1 2 1 0 1 1 0 1 2 0 0 1 0 2 1 0 2 -1 -2 0 -1 -2 -1 0 -1 -2 -2 -2 -2 0 0 -1 0 -2 0 -1 -2 -2 -1 -2 0 -2 -2 -1 0 -1 0 0 0 -2 -2 -2 -2 -2 -2 -1 0 0 -1 -2 -1 -2 -1 -1 0 -1 0 0 -2 -1 0 -1 -2 -1 -2 0 -1 -2 -2 0 -1 -2 -1 0 0 0 0 0 0 -1 0 -2 0 0 -2 -1 0 -2 0 0 -1 -2 -1 0 -1 -1 0 -1 -2 0 0 -1 0 -2 -1 0 -2
0.0931246454018858 0.147575270936113 0.388881640790341 -1.93762709500753 -1.71625317252146 1 2 1 0 1 2 1 0 1 1 1 1 1 0 0 1 0 1 0 1 2 0 0 2 2 2 0 1 0 2 1 0 0 2 2 1 0 0 2 1 0 0 1 1 2 2 2 2 2 2 1 0 2 0 0 1 2 1 2 0 1 1 2 1 2 2 1 0 1 1 0 1 0 1 1 1 0 1 2 2 0 1 0 0 2 0 0 1 0 2 0 2 2 1 1 2 0 1 1 0 2 2 1 0 1 2 1 0 1 1 1 1 1 0 0 1 0 1 0 1 2 0 0 2 2 2 0 1 0 2 1 0 0 2 2 1 0 0 2 1 0 0 1 1 2 2 2 2 2 2 1 0 2 0 0 1 2 1 2 0 1 1 2 1 2 2 1 0 1 1 0 1 0 1 1 1 0 1 2 2 0 1 0 0 2 0 0 1 0 2 0 2 2 1 1 2 0 1 1 0 2
0.353128981449573 1.99435458489714 -1.19110060675771 -1.18088157106649 -0.159304548368648 -1 2 2 0 1 2 2 0 0 1 1 2 0 1 0 2 0 1 1 0 1 0 1 2 2 2 2 0 0 1 0 0 0 2 1 0 0 0 2 0 0 0 1 2 2 2 1 1 0 0 1 0 2 1 0 1 2 0 2 1 2 0 2 1 2 2 1 0 0 1 0 1 1 1 2 2 1 1 2 1 0 0 0 1 2 2 1 0 0 0 0 1 2 0 1 2 0 2 2 0 1 -2 -2 0 -1 -2 -2 0 0 -1 -1 -2 0 -1 0 -2 0 -1 -1 0 -1 0 -1 -2 -2 -2 -2 0 0 -1 0 0 0 -2 -1 0 0 0 -2 0 0 0 -1 -2 -2 -2 -1 -1 0 0 -1 0 -2 -1 0 -1 -2 0 -2 -1 -2 0 -2 -1 -2 -2 -1 0 0 -1 0 -1 -1 -1 -2 -2 -1 -1 -2 -1 0 0 0 -1 -2 -2 -1 0 0 0 0 -1 -2 0 -1 -2 0 -2 -2 0 -1
-2.16630360831399 -0.26442832359728 -0.684073809091143 2.6575464362678 -0.0738120212807535 1 2 2 0 2 1 0 0 1 1 1 2 2 0 0 1 1 1 0 0 1 0 0 1 1 2 2 1 0 1 1 0 0 2 2 2 1 1 2 1 1 0 1 2 2 2 1 0 0 0 0 0 1 0 1 1 1 1 2 1 2 2 2 1 2 2 2 0 1 0 0 2 2 2 0 2 1 0 2 1 0 2 0 2 2 2 1 1 1 2 1 1 2 0 1 2 0 2 1 0 2 2 2 0 2 1 0 0 1 1 1 2 2 0 0 1 1 1 0 0 1 0 0 1 1 2 2 1 0 1 1 0 0 2 2 2 1 1 2 1 1 0 1 2 2 2 1 0 0 0 0 0 1 0 1 1 1 1 2 1 2 2 2 1 2 2 2 0 1 0 0 2 2 2 0 2 1 0 2 1 0 2 0 2 2 2 1 1 1 2 1 1 2 0 1 2 0 2 1 0 2
-1.21116934067893 0.0490307184871078 0.273489500859834 0.0338975098950466 0.464714372773433 1 1 1 0 1 2 1 0 2 2 1 2 2 0 0 0 0 1 0 1 2 1 2 2 0 2 2 1 0 1 1 0 0 2 1 2 2 2 2 0 0 0 2 2 2 2 2 1 1 0 0 0 1 1 1 2 2 2 2 1 2 2 2 0 0 2 2 0 1 0 0 1 0 2 1 2 0 0 2 1 0 2 0 0 0 1 0 0 0 0 0 1 2 2 1 2 0 1 1 0 0 1 1 0 1 2 1 0 2 2 1 2 2 0 0 0 0 1 0 1 2 1 2 2 0 2 2 1 0 1 1 0 0 2 1 2 2 2 2 0 0 0 2 2 2 2 2 1 1 0 0 0 1 1 1 2 2 2 2 1 2 2 2 0 0 2 2 0 1 0 0 1 0 2 1 2 0 0 2 1 0 2 0 0 0 1 0 0 0 0 0 1 2 2 1 2 0 1 1 0 0
0.814486656548255 -0.291925711876892 -0.00715694412154373 -1.36351108476217 -0.974482583298651 1 2 2 1 1 1 1 0 1 1 1 2 2 0 0 1 0 2 0 0 2 1 1 2 1 2 2 2 0 2 1 0 0 1 2 1 0 1 1 1 1 0 1 1 0 1 1 2 1 0 0 1 2 0 0 0 1 2 2 1 0 0 2 0 2 2 2 0 1 1 0 1 0 1 0 0 0 0 2 0 0 1 0 1 1 2 1 0 0 2 0 2 2 2 1 2 0 2 2 0 2 2 2 1 1 1 1 0 1 1 1 2 2 0 0 1 0 2 0 0 2 1 1 2 1 2 2 2 0 2 1 0 0 1 2 1 0 1 1 1 1 0 1 1 0 1 1 2 1 0 0 1 2 0 0 0 1 2 2 1 0 0 2 0 2 2 2 0 1 1 0 1 0 1 0 0 0 0 2 0 0 1 0 1 1 2 1 0 0 2 0 2 2 2 1 2 0 2 2 0 2
-1.08561345344373 0.558956057489924 0.630760932715346 0.128828098226714 -0.769425690641068 1 1 1 0 2 2 2 0 1 2 2 2 2 0 0 1 0 2 0 0 2 1 2 2 1 1 2 1 1 1 0 0 0 2 2 2 0 2 2 1 1 0 2 1 1 1 2 1 0 0 0 0 2 0 0 0 1 2 2 0 2 2 2 0 0 2 1 0 1 0 0 1 1 2 0 1 0 0 2 0 0 1 0 0 2 2 1 2 1 2 1 2 2 1 1 2 0 2 2 1 2 1 1 0 2 2 2 0 1 2 2 2 2 0 0 1 0 2 0 0 2 1 2 2 1 1 2 1 1 1 0 0 0 2 2 2 0 2 2 1 1 0 2 1 1 1 2 1 0 0 0 0 2 0 0 0 1 2 2 0 2 2 2 0 0 2 1 0 1 0 0 1 1 2 0 1 0 0 2 0 0 1 0 0 2 2 1 2 1 2 1 2 2 1 1 2 0 2 2 1 2
0.252123174438208 -0.39009096199331 -0.766578328950047 0.38847013118 2.23128909071258 -1 2 1 0 1 2 1 0 0 1 1 2 1 0 0 1 0 2 0 1 2 0 0 2 1 1 0 1 0 1 0 0 0 2 1 2 1 1 2 2 1 0 2 2 1 2 1 2 2 1 0 0 1 1 0 1 2 1 2 0 2 0 2 0 2 2 2 0 0 0 0 2 2 2 0 0 0 0 2 0 0 2 0 0 1 1 0 0 0 1 0 0 1 0 2 2 1 2 2 0 1 -2 -1 0 -1 -2 -1 0 0 -1 -1 -2 -1 0 0 -1 0 -2 0 -1 -2 0 0 -2 -1 -1 0 -1 0 -1 0 0 0 -2 -1 -2 -1 -1 -2 -2 -1 0 -2 -2 -1 -2 -1 -2 -2 -1 0 0 -1 -1 0 -1 -2 -1 -2 0 -2 0 -2 0 -2 -2 -2 0 0 0 0 -2 -2 -2 0 0 0 0 -2 0 0 -2 0 0 -1 -1 0 0 0 -1 0 0 -1 0 -2 -2 -1 -2 -2 0 -1
-0.179043252697952 1.66909466464295 0.155023584061175 0.395795850887095 -0.56197771256833 -1 2 2 0 1 2 2 0 1 2 2 2 1 1 2 1 1 1 0 0 1 0 0 1 1 2 1 1 1 2 2 0 1 2 0 1 2 1 2 1 1 0 2 0 0 0 0 0 0 0 0 1 2 1 0 0 0 0 1 0 1 1 2 1 1 2 1 0 0 1 0 2 2 2 0 1 2 1 1 0 0 1 0 0 1 1 1 1 1 2 0 1 2 1 2 2 0 1 2 1 2 -2 -2 0 -1 -2 -2 0 -1 -2 -2 -2 -1 -1 -2 -1 -1 -1 0 0 -1 0 0 -1 -1 -2 -1 -1 -1 -2 -2 0 -1 -2 0 -1 -2 -1 -2 -1 -1 0 -2 0 0 0 0 0 0 0 0 -1 -2 -1 0 0 0 0 -1 0 -1 -1 -2 -1 -1 -2 -1 0 0 -1 0 -2 -2 -2 0 -1 -2 -1 -1 0 0 -1 0 0 -1 -1 -1 -1 -1 -2 0 -1 -2 -1 -2 -2 0 -1 -2 -1 -2
-0.136119047702347 -1.96792852784826 -0.368305330836317 -0.267026674872545 0.0161908471989008 1 2 2 0 1 2 0 0 2 2 1 2 0 0 0 1 1 2 0 0 1 0 0 2 2 2 2 0 0 2 2 0 0 2 0 1 1 1 2 2 1 0 2 1 1 2 2 1 0 1 0 1 2 1 0 1 2 1 2 1 2 2 2 1 1 2 1 0 0 2 1 2 2 1 0 0 0 0 2 0 0 2 0 0 1 1 0 1 0 2 0 1 2 1 1 1 0 1 1 0 1 2 2 0 1 2 0 0 2 2 1 2 0 0 0 1 1 2 0 0 1 0 0 2 2 2 2 0 0 2 2 0 0 2 0 1 1 1 2 2 1 0 2 1 1 2 2 1 0 1 0 1 2 1 0 1 2 1 2 1 2 2 2 1 1 2 1 0 0 2 1 2 2 1 0 0 0 0 2 0 0 2 0 0 1 1 0 1 0 2 0 1 2 1 1 1 0 1 1 0 1
-1.03602758239415 -1.60549125692856 -1.61323136528721 0.446004679086067 0.366792961049388 -1 1 1 0 0 2 2 0 0 2 2 2 2 0 0 1 1 1 0 0 2 2 1 2 1 2 1 0 0 0 1 0 0 2 1 1 0 1 2 0 1 0 2 2 1 2 2 1 1 0 1 1 2 0 0 0 1 1 2 0 2 2 2 0 1 2 2 0 1 2 0 1 1 2 1 2 0 0 2 0 0 1 0 2 2 2 1 0 0 2 0 1 2 2 2 2 0 1 1 0 2 -1 -1 0 0 -2 -2 0 0 -2 -2 -2 -2 0 0 -1 -1 -1 0 0 -2 -2 -1 -2 -1 -2 -1 0 0 0 -1 0 0 -2 -1 -1 0 -1 -2 0 -1 0 -2 -2 -1 -2 -2 -1 -1 0 -1 -1 -2 0 0 0 -1 -1 -2 0 -2 -2 -2 0 -1 -2 -2 0 -1 -2 0 -1 -1 -2 -1 -2 0 0 -2 0 0 -1 0 -2 -2 -2 -1 0 0 -2 0 -1 -2 -2 -2 -2 0 -1 -1 0 -2
-0.272586853178692 0.682904693833676 0.963155648268914 -0.537650067851436 -0.517004610183333 1 2 2 1 1 2 1 0 0 0 0 2 2 1 1 1 1 2 0 1 2 1 1 2 1 2 1 1 0 2 1 0 0 2 0 1 0 0 2 1 0 0 2 2 2 2 2 2 2 1 2 1 2 1 1 2 2 1 2 1 2 2 2 2 2 2 2 1 2 2 0 1 2 2 0 0 0 0 2 1 0 1 0 1 2 2 0 0 0 2 1 2 2 0 2 2 1 2 0 1 2 2 2 1 1 2 1 0 0 0 0 2 2 1 1 1 1 2 0 1 2 1 1 2 1 2 1 1 0 2 1 0 0 2 0 1 0 0 2 1 0 0 2 2 2 2 2 2 2 1 2 1 2 1 1 2 2 1 2 1 2 2 2 2 2 2 2 1 2 2 0 1 2 2 0 0 0 0 2 1 0 1 0 1 2 2 0 0 0 2 1 2 2 0 2 2 1 2 0 1 2
1.49831283487216 -0.0817138373844013 -0.95263140115933 0.125580074557233 -0.913210604912617 1 2 0 0 1 2 0 0 1 1 1 2 1 0 0 0 0 2 0 0 1 0 1 2 0 2 0 0 0 1 1 0 0 2 1 1 1 2 2 2 1 0 1 1 1 2 1 1 1 0 0 0 2 0 0 1 2 0 2 0 2 2 2 0 0 2 2 0 1 0 1 0 0 0 0 1 0 0 2 0 0 1 0 0 1 1 0 0 0 2 0 0 1 0 1 2 0 1 0 0 1 2 0 0 1 2 0 0 1 1 1 2 1 0 0 0 0 2 0 0 1 0 1 2 0 2 0 0 0 1 1 0 0 2 1 1 1 2 2 2 1 0 1 1 1 2 1 1 1 0 0 0 2 0 0 1 2 0 2 0 2 2 2 0 0 2 2 0 1 0 1 0 0 0 0 1 0 0 2 0 0 1 0 0 1 1 0 0 0 2 0 0 1 0 1 2 0 1 0 0 1
-0.266848448212435 -0.145396435725068 0.642474474806252 0.791135614506697 -0.469370277408948 -1 2 2 0 2 2 1 0 0 1 0 0 0 2 0 1 0 2 0 1 2 2 0 2 1 2 2 1 0 1 0 0 0 2 1 1 1 2 2 1 2 0 2 1 1 2 1 1 1 0 1 0 2 0 0 1 2 1 2 0 2 2 2 1 2 2 2 0 1 2 0 0 0 1 0 0 0 0 2 0 0 2 0 0 1 0 1 1 0 2 0 2 2 2 0 2 0 1 1 1 2 -2 -2 0 -2 -2 -1 0 0 -1 0 0 0 -2 0 -1 0 -2 0 -1 -2 -2 0 -2 -1 -2 -2 -1 0 -1 0 0 0 -2 -1 -1 -1 -2 -2 -1 -2 0 -2 -1 -1 -2 -1 -1 -1 0 -1 0 -2 0 0 -1 -2 -1 -2 0 -2 -2 -2 -1 -2 -2 -2 0 -1 -2 0 0 0 -1 0 0 0 0 -2 0 0 -2 0 0 -1 0 -1 -1 0 -2 0 -2 -2 -2 0 -2 0 -1 -1 -1 -2
-0.717864474259998 0.786378063015808 -0.577441108767953 -0.812166205324103 -0.432559595576822 -1 1 0 0 1 2 0 0 1 2 1 2 2 0 0 1 1 2 0 1 1 0 1 2 1 2 2 2 0 1 0 0 0 2 2 2 1 2 2 0 0 0 2 1 2 2 1 0 0 0 0 1 2 1 1 0 1 0 2 0 1 0 2 0 2 2 2 0 1 1 0 0 2 2 0 0 0 0 2 0 0 1 0 1 2 1 1 0 0 2 1 0 2 1 1 1 0 1 1 0 2 -1 0 0 -1 -2 0 0 -1 -2 -1 -2 -2 0 0 -1 -1 -2 0 -1 -1 0 -1 -2 -1 -2 -2 -2 0 -1 0 0 0 -2 -2 -2 -1 -2 -2 0 0 0 -2 -1 -2 -2 -1 0 0 0 0 -1 -2 -1 -1 0 -1 0 -2 0 -1 0 -2 0 -2 -2 -2 0 -1 -1 0 0 -2 -2 0 0 0 0 -2 0 0 -1 0 -1 -2 -1 -1 0 0 -2 -1 0 -2 -1 -1 -1 0 -1 -1 0 -2
0.937195524068398 0.289512811271149 -0.544103767235692 -0.652869669380646 0.754705271703846 -1 2 2 1 2 2 2 0 2 1 1 2 1 0 0 0 0 2 0 1 2 0 0 1 2 2 2 1 0 1 0 0 0 2 0 0 0 0 1 2 1 0 2 1 1 2 2 0 0 0 0 0 2 1 1 0 0 0 1 0 1 2 2 0 2 2 2 1 1 1 0 2 1 1 0 2 0 0 2 1 0 1 0 1 1 2 0 0 0 1 0 1 1 1 1 2 0 1 1 0 2 -2 -2 -1 -2 -2 -2 0 -2 -1 -1 -2 -1 0 0 0 0 -2 0 -1 -2 0 0 -1 -2 -2 -2 -1 0 -1 0 0 0 -2 0 0 0 0 -1 -2 -1 0 -2 -1 -1 -2 -2 0 0 0 0 0 -2 -1 -1 0 0 0 -1 0 -1 -2 -2 0 -2 -2 -2 -1 -1 -1 0 -2 -1 -1 0 -2 0 0 -2 -1 0 -1 0 -1 -1 -2 0 0 0 -1 0 -1 -1 -1 -1 -2 0 -1 -1 0 -2
0.729945827071198 -1.01563533068408 0.780627886660911 -0.805200894520289 0.464734937612206 -1 2 1 0 1 2 0 0 0 2 1 1 2 0 0 2 2 2 0 1 2 1 0 2 2 2 2 0 0 0 1 0 0 2 0 1 1 2 2 0 0 0 2 1 1 2 1 1 0 0 0 0 1 0 0 1 1 1 2 0 2 2 2 0 1 2 1 0 1 2 0 1 2 1 0 0 0 0 2 1 0 1 0 0 1 1 0 0 0 2 0 1 1 1 0 1 0 1 2 0 2 -2 -1 0 -1 -2 0 0 0 -2 -1 -1 -2 0 0 -2 -2 -2 0 -1 -2 -1 0 -2 -2 -2 -2 0 0 0 -1 0 0 -2 0 -1 -1 -2 -2 0 0 0 -2 -1 -1 -2 -1 -1 0 0 0 0 -1 0 0 -1 -1 -1 -2 0 -2 -2 -2 0 -1 -2 -1 0 -1 -2 0 -1 -2 -1 0 0 0 0 -2 -1 0 -1 0 0 -1 -1 0 0 0 -2 0 -1 -1 -1 0 -1 0 -1 -2 0 -2
-0.585529522607812 0.860004442431063 1.38209974098368 -1.85839773716484 -0.601842819107075 -1 2 1 0 0 2 1 0 1 0 0 2 1 0 1 2 1 1 0 0 1 0 1 2 1 2 1 1 0 1 1 0 0 2 1 2 1 0 2 2 1 1 2 2 1 2 2 2 1 0 1 0 1 0 1 2 2 0 2 1 2 2 2 0 0 2 1 0 0 0 0 1 1 1 1 1 0 0 2 1 0 2 0 1 2 2 1 0 0 2 0 1 2 0 0 1 0 0 0 0 1 -2 -1 0 0 -2 -1 0 -1 0 0 -2 -1 0 -1 -2 -1 -1 0 0 -1 0 -1 -2 -1 -2 -1 -1 0 -1 -1 0 0 -2 -1 -2 -1 0 -2 -2 -1 -1 -2 -2 -1 -2 -2 -2 -1 0 -1 0 -1 0 -1 -2 -2 0 -2 -1 -2 -2 -2 0 0 -2 -1 0 0 0 0 -1 -1 -1 -1 -1 0 0 -2 -1 0 -2 0 -1 -2 -2 -1 0 0 -2 0 -1 -2 0 0 -1 0 0 0 0 -1
0.131512202314118 0.409793603185163 -0.0318794080012947 0.21250210226117 -0.190587609839514 1 2 2 1 1 2 1 0 0 1 0 2 0 0 0 2 1 2 1 0 2 0 1 2 1 2 1 2 0 0 0 0 0 2 0 0 1 2 2 1 0 0 1 1 1 1 1 0 1 1 1 0 1 0 0 0 1 0 2 0 1 0 2 1 0 2 2 1 2 1 0 1 1 1 2 2 0 0 2 2 0 2 1 2 1 1 0 1 0 2 0 1 2 0 2 2 0 1 0 0 1 2 2 1 1 2 1 0 0 1 0 2 0 0 0 2 1 2 1 0 2 0 1 2 1 2 1 2 0 0 0 0 0 2 0 0 1 2 2 1 0 0 1 1 1 1 1 0 1 1 1 0 1 0 0 0 1 0 2 0 1 0 2 1 0 2 2 1 2 1 0 1 1 1 2 2 0 0 2 2 0 2 1 2 1 1 0 1 0 2 0 1 2 0 2 2 0 1 0 0 1
0.324824536035765 0.336212577102453 -0.941945437041573 0.853918976061637 0.0391280096867408 1 2 1 0 2 2 1 0 1 0 0 2 1 0 0 1 1 2 0 0 1 0 1 2 1 2 0 0 0 0 0 0 0 2 1 1 1 1 2 1 1 0 2 1 1 1 1 0 0 0 0 1 2 2 2 1 2 0 2 1 2 2 2 1 2 2 1 1 2 2 0 2 1 2 0 2 0 0 2 1 0 2 1 2 2 2 1 0 0 2 0 2 2 0 1 2 0 0 1 0 2 2 1 0 2 2 1 0 1 0 0 2 1 0 0 1 1 2 0 0 1 0 1 2 1 2 0 0 0 0 0 0 0 2 1 1 1 1 2 1 1 0 2 1 1 1 1 0 0 0 0 1 2 2 2 1 2 0 2 1 2 2 2 1 2 2 1 1 2 2 0 2 1 2 0 2 0 0 2 1 0 2 1 2 2 2 1 0 0 2 0 2 2 0 1 2 0 0 1 0 2
1.69886858613231 -0.462983981293788 0.440814702492215 -1.09593347528037 -1.23965794544804 -1 2 2 0 1 2 2 0 1 1 2 2 1 0 0 0 0 2 0 0 2 1 1 2 1 1 1 2 0 1 2 0 0 2 1 2 1 2 2 1 1 0 2 1 1 2 1 0 0 0 0 1 2 2 2 2 2 1 2 1 2 1 2 1 2 2 1 0 2 2 0 2 1 1 0 0 0 1 2 1 0 1 0 1 2 0 1 1 1 2 0 2 2 0 1 1 0 1 0 0 2 -2 -2 0 -1 -2 -2 0 -1 -1 -2 -2 -1 0 0 0 0 -2 0 0 -2 -1 -1 -2 -1 -1 -1 -2 0 -1 -2 0 0 -2 -1 -2 -1 -2 -2 -1 -1 0 -2 -1 -1 -2 -1 0 0 0 0 -1 -2 -2 -2 -2 -2 -1 -2 -1 -2 -1 -2 -1 -2 -2 -1 0 -2 -2 0 -2 -1 -1 0 0 0 -1 -2 -1 0 -1 0 -1 -2 0 -1 -1 -1 -2 0 -2 -2 0 -1 -1 0 -1 0 0 -2
0.702982734531178 1.12146154299292 0.235360684276945 1.35684290978526 -0.339773752280449 -1 1 2 0 1 2 1 0 2 2 2 2 2 1 0 1 0 1 0 0 0 0 0 1 0 2 2 1 0 2 2 0 0 2 0 2 0 2 2 2 2 0 2 2 1 1 2 1 1 1 1 2 2 0 0 2 2 0 2 0 1 1 2 1 2 2 2 0 0 1 1 1 1 1 1 2 0 1 2 0 0 1 0 1 2 2 0 0 1 1 0 1 2 1 1 2 1 2 2 1 2 -1 -2 0 -1 -2 -1 0 -2 -2 -2 -2 -2 -1 0 -1 0 -1 0 0 0 0 0 -1 0 -2 -2 -1 0 -2 -2 0 0 -2 0 -2 0 -2 -2 -2 -2 0 -2 -2 -1 -1 -2 -1 -1 -1 -1 -2 -2 0 0 -2 -2 0 -2 0 -1 -1 -2 -1 -2 -2 -2 0 0 -1 -1 -1 -1 -1 -1 -2 0 -1 -2 0 0 -1 0 -1 -2 -2 0 0 -1 -1 0 -1 -2 -1 -1 -2 -1 -2 -2 -1 -2
-0.115476127983111 1.32822801182252 -1.19824399832044 0.443552145167812 -0.376157550167496 1 2 1 0 0 2 2 0 2 2 2 2 2 0 0 2 2 2 1 1 2 2 2 2 1 2 1 0 0 0 1 0 0 2 1 2 1 2 2 1 1 0 1 0 1 1 2 1 1 1 1 0 2 1 0 2 1 0 2 0 1 1 2 0 1 2 1 0 2 2 0 2 1 1 1 1 0 0 2 1 0 2 0 0 2 0 0 0 0 2 0 1 2 2 2 2 0 2 2 0 2 2 1 0 0 2 2 0 2 2 2 2 2 0 0 2 2 2 1 1 2 2 2 2 1 2 1 0 0 0 1 0 0 2 1 2 1 2 2 1 1 0 1 0 1 1 2 1 1 1 1 0 2 1 0 2 1 0 2 0 1 1 2 0 1 2 1 0 2 2 0 2 1 1 1 1 0 0 2 1 0 2 0 0 2 0 0 0 0 2 0 1 2 2 2 2 0 2 2 0 2
-0.458118041874294 1.35306517168731 0.874477205084281 -0.60405728279644 -0.819143403475889 1 1 1 0 2 2 2 0 1 1 1 2 1 0 0 2 1 2 1 1 2 1 1 2 2 2 2 1 0 1 0 0 0 2 1 2 2 1 1 2 2 0 1 1 1 2 2 1 1 1 1 2 2 1 1 1 1 0 2 1 2 2 2 0 0 2 1 0 1 0 0 2 1 2 0 1 1 1 2 2 0 1 0 1 2 2 0 0 1 2 0 1 2 1 0 2 1 2 2 1 2 1 1 0 2 2 2 0 1 1 1 2 1 0 0 2 1 2 1 1 2 1 1 2 2 2 2 1 0 1 0 0 0 2 1 2 2 1 1 2 2 0 1 1 1 2 2 1 1 1 1 2 2 1 1 1 1 0 2 1 2 2 2 0 0 2 1 0 1 0 0 2 1 2 0 1 1 1 2 2 0 1 0 1 2 2 0 0 1 2 0 1 2 1 0 2 1 2 2 1 2
0.620841551800713 -0.455297419154868 1.84854478352766 -1.52281905690579 -0.823708445187707 1 2 0 0 0 1 0 0 0 1 1 2 1 0 1 2 0 1 0 1 2 2 1 1 2 2 1 1 0 0 1 0 0 2 1 2 1 1 2 1 1 0 2 2 1 1 0 0 0 0 0 0 0 0 0 2 2 0 2 0 2 1 2 2 2 2 1 0 1 1 0 2 1 1 1 1 0 0 2 0 0 0 0 1 1 1 1 0 0 2 0 1 2 2 2 2 1 2 2 1 2 2 0 0 0 1 0 0 0 1 1 2 1 0 1 2 0 1 0 1 2 2 1 1 2 2 1 1 0 0 1 0 0 2 1 2 1 1 2 1 1 0 2 2 1 1 0 0 0 0 0 0 0 0 0 2 2 0 2 0 2 1 2 2 2 2 1 0 1 1 0 2 1 1 1 1 0 0 2 0 0 0 0 1 1 1 1 0 0 2 0 1 2 2 2 2 1 2 2 1 2
0.417354445481758 0.736469627930682 -1.71125910103611 -1.47537246721978 1.28796918295996 1 1 1 0 1 2 1 0 1 2 1 2 1 0 0 2 0 1 0 1 1 0 0 2 2 2 1 0 0 0 0 0 0 2 2 2 0 0 1 2 1 0 1 1 1 2 0 1 0 0 1 1 2 0 1 2 2 1 2 1 2 2 2 0 2 2 2 0 0 1 1 2 1 1 0 1 0 0 2 0 0 1 0 0 0 1 1 1 1 1 0 0 2 1 2 2 2 2 1 1 2 1 1 0 1 2 1 0 1 2 1 2 1 0 0 2 0 1 0 1 1 0 0 2 2 2 1 0 0 0 0 0 0 2 2 2 0 0 1 2 1 0 1 1 1 2 0 1 0 0 1 1 2 0 1 2 2 1 2 1 2 2 2 0 2 2 2 0 0 1 1 2 1 1 0 1 0 0 2 0 0 1 0 0 0 1 1 1 1 1 0 0 2 1 2 2 2 2 1 1 2
-0.00270623843083751 -1.11917939086177 -0.220454587803908 1.65452059260287 1.57375079219223 1 1 1 0 0 1 1 0 0 0 1 2 1 0 0 1 0 1 1 1 2 1 1 2 1 2 2 2 0 1 1 0 0 2 1 2 1 2 2 0 1 0 2 1 1 1 1 1 1 0 0 0 1 0 0 1 1 0 2 1 2 1 2 0 1 2 1 0 0 1 0 1 0 1 0 1 0 0 2 0 0 1 0 2 2 1 0 1 0 2 0 1 2 2 1 2 2 2 2 0 2 1 1 0 0 1 1 0 0 0 1 2 1 0 0 1 0 1 1 1 2 1 1 2 1 2 2 2 0 1 1 0 0 2 1 2 1 2 2 0 1 0 2 1 1 1 1 1 1 0 0 0 1 0 0 1 1 0 2 1 2 1 2 0 1 2 1 0 0 1 0 1 0 1 0 1 0 0 2 0 0 1 0 2 2 1 0 1 0 2 0 1 2 2 1 2 2 2 2 0 2
0.694681633303979 1.59565252695835 0.645215366493039 -0.964592095714641 1.94605305261004 -1 2 1 0 1 2 1 0 2 2 2 2 2 0 0 2 0 2 0 0 2 0 1 2 0 2 2 1 0 0 0 0 0 2 2 2 0 1 2 2 2 0 2 1 2 2 2 2 1 0 1 0 2 1 2 2 1 2 2 1 2 2 2 2 1 2 1 0 1 0 1 2 2 2 0 0 0 0 2 0 0 0 0 0 1 1 0 1 1 2 0 1 1 0 1 0 0 1 1 0 1 -2 -1 0 -1 -2 -1 0 -2 -2 -2 -2 -2 0 0 -2 0 -2 0 0 -2 0 -1 -2 0 -2 -2 -1 0 0 0 0 0 -2 -2 -2 0 -1 -2 -2 -2 0 -2 -1 -2 -2 -2 -2 -1 0 -1 0 -2 -1 -2 -2 -1 -2 -2 -1 -2 -2 -2 -2 -1 -2 -1 0 -1 0 -1 -2 -2 -2 0 0 0 0 -2 0 0 0 0 0 -1 -1 0 -1 -1 -2 0 -1 -1 0 -1 0 0 -1 -1 0 -1
0.833481361963175 1.2432865223155 -0.187024888805267 0.982090132618924 -0.859598483895326 -1 2 1 0 1 2 1 0 1 2 2 2 2 0 0 0 0 2 2 1 2 0 1 1 2 2 1 0 0 1 1 0 0 2 0 1 1 2 2 2 1 0 2 2 1 2 1 1 1 0 1 1 2 1 2 0 1 0 2 0 1 2 2 0 2 2 1 0 2 2 0 1 0 2 1 2 1 0 2 0 0 2 1 1 2 2 0 2 1 2 2 2 1 1 0 0 0 1 1 0 1 -2 -1 0 -1 -2 -1 0 -1 -2 -2 -2 -2 0 0 0 0 -2 -2 -1 -2 0 -1 -1 -2 -2 -1 0 0 -1 -1 0 0 -2 0 -1 -1 -2 -2 -2 -1 0 -2 -2 -1 -2 -1 -1 -1 0 -1 -1 -2 -1 -2 0 -1 0 -2 0 -1 -2 -2 0 -2 -2 -1 0 -2 -2 0 -1 0 -2 -1 -2 -1 0 -2 0 0 -2 -1 -1 -2 -2 0 -2 -1 -2 -2 -2 -1 -1 0 0 0 -1 -1 0 -1
-1.2077644794471 -0.946584485194145 -0.219162664599013 -0.232341998525855 1.20993474303528 1 2 2 1 1 2 2 0 1 2 1 2 1 0 0 0 1 1 1 0 2 0 0 2 1 2 1 1 0 2 1 0 0 2 1 2 1 1 2 2 1 0 1 0 1 2 2 1 0 0 1 0 2 0 0 1 0 0 2 1 1 1 2 0 1 2 2 0 2 2 0 1 2 1 0 1 0 0 2 1 0 1 0 1 1 2 1 1 1 1 0 2 1 1 2 2 0 2 2 1 2 2 2 1 1 2 2 0 1 2 1 2 1 0 0 0 1 1 1 0 2 0 0 2 1 2 1 1 0 2 1 0 0 2 1 2 1 1 2 2 1 0 1 0 1 2 2 1 0 0 1 0 2 0 0 1 0 0 2 1 1 1 2 0 1 2 2 0 2 2 0 1 2 1 0 1 0 0 2 1 0 1 0 1 1 2 1 1 1 1 0 2 1 1 2 2 0 2 2 1 2
-0.282150988644048 -0.374677558219951 0.0216522299562688 0.50185547890688 0.04517805455303 1 1 1 0 1 2 1 0 2 2 1 2 2 0 0 1 0 1 0 0 2 1 1 2 0 2 1 0 0 0 0 0 1 2 0 0 1 1 1 2 1 0 2 1 2 2 1 1 0 0 0 1 2 0 1 0 0 0 1 0 1 1 2 0 0 2 2 0 2 2 0 0 1 2 0 1 0 0 2 1 0 1 0 2 2 1 0 0 0 2 0 2 2 1 2 2 0 1 1 0 1 1 1 0 1 2 1 0 2 2 1 2 2 0 0 1 0 1 0 0 2 1 1 2 0 2 1 0 0 0 0 0 1 2 0 0 1 1 1 2 1 0 2 1 2 2 1 1 0 0 0 1 2 0 1 0 0 0 1 0 1 1 2 0 0 2 2 0 2 2 0 0 1 2 0 1 0 0 2 1 0 1 0 2 2 1 0 0 0 2 0 2 2 1 2 2 0 1 1 0 1
-0.357799091221033 0.994658842090805 1.0636246049231 -0.0111474053526133 -0.0247182948397885 1 1 1 1 1 2 0 0 1 2 2 2 2 0 1 1 0 2 0 0 2 0 0 2 2 2 2 1 0 0 2 0 0 2 1 1 1 2 2 2 0 0 1 1 2 2 2 1 1 0 1 0 2 1 1 1 2 1 2 0 1 1 2 0 1 2 2 0 1 2 0 1 0 2 0 0 0 0 1 0 0 1 0 0 1 1 0 1 1 2 0 2 2 1 1 2 1 1 1 1 2 1 1 1 1 2 0 0 1 2 2 2 2 0 1 1 0 2 0 0 2 0 0 2 2 2 2 1 0 0 2 0 0 2 1 1 1 2 2 2 0 0 1 1 2 2 2 1 1 0 1 0 2 1 1 1 2 1 2 0 1 1 2 0 1 2 2 0 1 2 0 1 0 2 0 0 0 0 1 0 0 1 0 0 1 1 0 1 1 2 0 2 2 1 1 2 1 1 1 1 2
-1.26887361553044 -0.994339553372052 1.44702824453349 -1.23662397968342 1.30344831263294 1 2 2 0 0 2 1 0 2 2 1 2 2 0 0 0 0 1 1 0 2 0 1 2 0 2 2 2 0 1 2 0 0 1 1 2 1 1 2 2 1 0 1 1 0 1 0 2 1 1 1 0 2 1 2 1 1 1 2 1 2 2 2 1 0 2 2 0 1 1 0 2 2 2 1 0 0 0 1 0 0 1 0 1 0 0 0 2 2 2 0 1 1 1 1 2 1 2 2 1 2 2 2 0 0 2 1 0 2 2 1 2 2 0 0 0 0 1 1 0 2 0 1 2 0 2 2 2 0 1 2 0 0 1 1 2 1 1 2 2 1 0 1 1 0 1 0 2 1 1 1 0 2 1 2 1 1 1 2 1 2 2 2 1 0 2 2 0 1 1 0 2 2 2 1 0 0 0 1 0 0 1 0 1 0 0 0 2 2 2 0 1 1 1 1 2 1 2 2 1 2
2.86392899004227 -1.79001567610614 -0.141798311082862 -0.0894556626368555 1.1989234040078 1 2 2 0 1 2 1 0 0 1 0 1 1 0 0 1 1 2 1 2 2 1 0 2 1 2 0 0 0 2 1 0 0 2 1 1 0 1 2 1 0 0 2 1 2 1 0 0 0 0 1 0 1 0 0 1 1 1 2 0 1 1 2 1 1 2 1 0 0 1 0 2 0 2 0 1 0 0 2 0 0 1 0 1 0 1 0 0 0 1 0 2 2 1 2 2 0 1 2 0 2 2 2 0 1 2 1 0 0 1 0 1 1 0 0 1 1 2 1 2 2 1 0 2 1 2 0 0 0 2 1 0 0 2 1 1 0 1 2 1 0 0 2 1 2 1 0 0 0 0 1 0 1 0 0 1 1 1 2 0 1 1 2 1 1 2 1 0 0 1 0 2 0 2 0 1 0 0 2 0 0 1 0 1 0 1 0 0 0 1 0 2 2 1 2 2 0 1 2 0 2
0.638648351551892 -0.470727172625151 -0.173636703629392 -0.777938199035432 0.744556410951784 1 1 1 0 0 2 0 0 0 1 1 2 2 1 0 1 0 1 0 1 2 2 1 2 2 2 2 2 0 1 1 0 0 2 0 0 1 1 2 0 1 0 1 1 1 1 1 0 0 0 1 0 0 0 0 2 1 1 2 0 1 0 2 0 2 2 2 0 1 0 0 1 1 2 1 0 0 0 1 0 0 2 0 0 1 1 1 2 1 2 1 2 2 2 2 2 0 2 2 0 2 1 1 0 0 2 0 0 0 1 1 2 2 1 0 1 0 1 0 1 2 2 1 2 2 2 2 2 0 1 1 0 0 2 0 0 1 1 2 0 1 0 1 1 1 1 1 0 0 0 1 0 0 0 0 2 1 1 2 0 1 0 2 0 2 2 2 0 1 0 0 1 1 2 1 0 0 0 1 0 0 2 0 0 1 1 1 2 1 2 1 2 2 2 2 2 0 2 2 0 2
1.54779078571313 -0.0318069124019011 0.0900953113517117 -1.30198234935351 0.216308679812798 1 2 1 0 1 2 2 0 0 1 1 2 1 0 0 1 1 2 1 1 1 0 1 2 1 1 1 0 0 1 2 0 0 2 0 1 1 2 2 1 2 1 2 1 1 2 2 1 0 0 0 1 1 1 0 1 0 0 2 1 2 2 2 0 0 2 2 0 1 2 0 0 0 1 1 2 1 0 2 1 0 2 1 2 1 0 0 0 0 2 0 1 2 1 1 1 0 2 0 0 0 2 1 0 1 2 2 0 0 1 1 2 1 0 0 1 1 2 1 1 1 0 1 2 1 1 1 0 0 1 2 0 0 2 0 1 1 2 2 1 2 1 2 1 1 2 2 1 0 0 0 1 1 1 0 1 0 0 2 1 2 2 2 0 0 2 2 0 1 2 0 0 0 1 1 2 1 0 2 1 0 2 1 2 1 0 0 0 0 2 0 1 2 1 1 1 0 2 0 0 0
1.92900490081772 -0.0947985517001896 0.176856459788019 1.07482367967096 -0.839440826600865 -1 2 1 0 0 1 0 0 2 1 2 2 2 0 0 1 0 1 0 0 1 0 0 2 0 1 1 1 0 0 1 0 0 2 2 2 1 2 2 1 0 0 1 0 2 2 2 1 1 0 0 0 2 1 2 0 1 0 2 0 1 0 2 0 0 2 2 0 2 1 0 1 1 1 0 0 0 0 2 1 0 2 0 2 2 1 1 1 0 2 0 1 2 2 2 2 0 1 1 1 2 -2 -1 0 0 -1 0 0 -2 -1 -2 -2 -2 0 0 -1 0 -1 0 0 -1 0 0 -2 0 -1 -1 -1 0 0 -1 0 0 -2 -2 -2 -1 -2 -2 -1 0 0 -1 0 -2 -2 -2 -1 -1 0 0 0 -2 -1 -2 0 -1 0 -2 0 -1 0 -2 0 0 -2 -2 0 -2 -1 0 -1 -1 -1 0 0 0 0 -2 -1 0 -2 0 -2 -2 -1 -1 -1 0 -2 0 -1 -2 -2 -2 -2 0 -1 -1 -1 -2
-0.63074234446344 0.444631739811744 0.739247636264652 0.667204331767141 -0.650319083455544 1 0 0 0 0 2 0 0 1 1 2 2 1 1 1 2 1 1 0 0 2 1 1 2 1 2 1 1 0 1 1 0 0 2 1 1 1 2 2 1 1 0 2 1 1 2 2 2 0 0 1 1 2 0 0 1 0 0 2 1 2 1 2 0 1 2 2 0 2 2 1 1 1 2 0 1 0 0 2 0 0 1 0 2 2 2 0 0 0 1 0 1 2 1 2 2 0 1 1 0 1 0 0 0 0 2 0 0 1 1 2 2 1 1 1 2 1 1 0 0 2 1 1 2 1 2 1 1 0 1 1 0 0 2 1 1 1 2 2 1 1 0 2 1 1 2 2 2 0 0 1 1 2 0 0 1 0 0 2 1 2 1 2 0 1 2 2 0 2 2 1 1 1 2 0 1 0 0 2 0 0 1 0 2 2 2 0 0 0 1 0 1 2 1 2 2 0 1 1 0 1
-0.702553810921869 0.723137600793805 2.36969950458422 -0.259521096062969 -2.68014678413586 1 2 2 0 1 2 0 0 1 2 1 1 2 0 0 2 1 2 0 0 2 1 2 2 1 2 1 2 0 1 2 0 0 2 1 0 0 1 1 0 0 0 2 0 0 1 1 0 0 0 0 1 1 1 0 1 2 2 2 0 2 2 2 0 1 2 0 0 0 0 0 1 1 2 0 1 0 0 2 0 0 2 0 1 2 2 0 0 0 1 0 0 1 0 1 2 1 2 2 1 2 2 2 0 1 2 0 0 1 2 1 1 2 0 0 2 1 2 0 0 2 1 2 2 1 2 1 2 0 1 2 0 0 2 1 0 0 1 1 0 0 0 2 0 0 1 1 0 0 0 0 1 1 1 0 1 2 2 2 0 2 2 2 0 1 2 0 0 0 0 0 1 1 2 0 1 0 0 2 0 0 2 0 1 2 2 0 0 0 1 0 0 1 0 1 2 1 2 2 1 2
-0.485703505915111 0.799189966300581 0.19827473351561 -1.05257426645011 -2.33970965368989 -1 2 1 2 2 2 2 0 0 1 2 2 0 0 0 1 0 1 0 0 2 0 1 2 2 2 2 0 0 1 1 0 1 2 0 1 0 0 1 1 0 0 2 2 2 1 1 1 0 1 1 1 2 1 2 2 2 2 2 1 2 2 2 1 1 2 2 0 1 1 0 2 1 1 0 0 0 0 1 0 0 1 0 1 1 2 1 1 1 2 0 2 2 2 2 2 2 2 2 1 2 -2 -1 -2 -2 -2 -2 0 0 -1 -2 -2 0 0 0 -1 0 -1 0 0 -2 0 -1 -2 -2 -2 -2 0 0 -1 -1 0 -1 -2 0 -1 0 0 -1 -1 0 0 -2 -2 -2 -1 -1 -1 0 -1 -1 -1 -2 -1 -2 -2 -2 -2 -2 -1 -2 -2 -2 -1 -1 -2 -2 0 -1 -1 0 -2 -1 -1 0 0 0 0 -1 0 0 -1 0 -1 -1 -2 -1 -1 -1 -2 0 -2 -2 -2 -2 -2 -2 -2 -2 -1 -2
0.0211482759443501 0.713739341520484 0.650278331616578 -0.59647663747239 -0.216670968378712 -1 1 1 0 1 2 0 0 1 2 2 2 2 0 0 0 0 2 0 0 2 1 0 2 2 2 0 0 0 0 1 0 1 2 1 2 1 2 2 1 1 0 1 1 1 2 1 0 0 0 1 1 2 1 1 1 2 1 2 0 1 1 2 1 2 2 2 0 0 2 1 2 2 2 0 1 0 0 1 2 0 1 0 0 1 2 0 1 0 1 0 1 2 2 1 1 0 1 2 1 2 -1 -1 0 -1 -2 0 0 -1 -2 -2 -2 -2 0 0 0 0 -2 0 0 -2 -1 0 -2 -2 -2 0 0 0 0 -1 0 -1 -2 -1 -2 -1 -2 -2 -1 -1 0 -1 -1 -1 -2 -1 0 0 0 -1 -1 -2 -1 -1 -1 -2 -1 -2 0 -1 -1 -2 -1 -2 -2 -2 0 0 -2 -1 -2 -2 -2 0 -1 0 0 -1 -2 0 -1 0 0 -1 -2 0 -1 0 -1 0 -1 -2 -2 -1 -1 0 -1 -2 -1 -2
-0.798763436150695 -0.81960140115066 0.468084433513557 -0.359275180021627 -0.372939066555388 -1 1 1 0 1 2 1 0 0 2 2 2 2 0 0 0 0 1 0 0 2 0 2 2 2 2 1 1 0 2 0 0 0 2 2 1 0 1 2 0 0 0 1 0 0 1 1 0 0 0 0 0 1 0 0 1 2 1 2 0 1 1 2 1 2 2 1 0 0 0 0 1 1 0 0 1 0 0 2 0 0 1 0 0 1 2 0 1 1 2 0 0 2 0 0 1 0 1 0 0 2 -1 -1 0 -1 -2 -1 0 0 -2 -2 -2 -2 0 0 0 0 -1 0 0 -2 0 -2 -2 -2 -2 -1 -1 0 -2 0 0 0 -2 -2 -1 0 -1 -2 0 0 0 -1 0 0 -1 -1 0 0 0 0 0 -1 0 0 -1 -2 -1 -2 0 -1 -1 -2 -1 -2 -2 -1 0 0 0 0 -1 -1 0 0 -1 0 0 -2 0 0 -1 0 0 -1 -2 0 -1 -1 -2 0 0 -2 0 0 -1 0 -1 0 0 -2
-0.780143364546673 0.412082799966633 0.500674293606809 -0.306137378224876 -1.21999201625032 -1 1 0 0 1 1 0 0 0 0 1 2 0 1 1 2 1 2 1 0 2 1 0 2 2 2 2 2 0 0 1 0 0 2 0 1 1 2 2 1 1 1 2 2 2 2 2 2 1 1 2 1 2 2 1 1 2 1 2 1 2 2 2 1 0 2 1 0 1 1 0 0 0 0 1 1 0 0 2 0 0 2 0 1 2 1 1 1 1 1 0 1 2 2 2 2 0 1 2 1 2 -1 0 0 -1 -1 0 0 0 0 -1 -2 0 -1 -1 -2 -1 -2 -1 0 -2 -1 0 -2 -2 -2 -2 -2 0 0 -1 0 0 -2 0 -1 -1 -2 -2 -1 -1 -1 -2 -2 -2 -2 -2 -2 -1 -1 -2 -1 -2 -2 -1 -1 -2 -1 -2 -1 -2 -2 -2 -1 0 -2 -1 0 -1 -1 0 0 0 0 -1 -1 0 0 -2 0 0 -2 0 -1 -2 -1 -1 -1 -1 -1 0 -1 -2 -2 -2 -2 0 -1 -2 -1 -2
-0.651468943962009 0.902414090057809 -0.144281424871811 1.04040372093047 1.35760852653152 -1 1 2 0 2 2 1 0 0 1 1 2 1 1 0 1 0 2 2 1 2 1 0 2 2 2 2 1 0 1 2 0 1 2 1 2 0 0 1 1 0 0 2 2 2 1 1 1 1 0 1 0 1 0 1 2 2 1 2 0 2 2 2 0 0 2 1 0 1 2 1 1 2 2 1 2 0 0 2 1 0 2 0 1 2 2 0 0 0 1 0 0 2 2 2 2 1 2 2 1 2 -1 -2 0 -2 -2 -1 0 0 -1 -1 -2 -1 -1 0 -1 0 -2 -2 -1 -2 -1 0 -2 -2 -2 -2 -1 0 -1 -2 0 -1 -2 -1 -2 0 0 -1 -1 0 0 -2 -2 -2 -1 -1 -1 -1 0 -1 0 -1 0 -1 -2 -2 -1 -2 0 -2 -2 -2 0 0 -2 -1 0 -1 -2 -1 -1 -2 -2 -1 -2 0 0 -2 -1 0 -2 0 -1 -2 -2 0 0 0 -1 0 0 -2 -2 -2 -2 -1 -2 -2 -1 -2
-0.758125000774073 -0.646584812599239 -0.111094834199522 1.27933603810594 0.150219272638888 -1 2 1 0 1 2 2 0 2 2 2 2 2 0 0 2 1 2 2 0 2 1 1 2 1 2 1 0 0 1 1 0 1 2 1 0 0 0 1 1 2 0 1 0 0 0 0 0 1 0 0 0 1 0 1 2 2 2 2 0 2 2 2 0 1 2 2 0 1 1 0 0 1 1 0 1 0 0 2 0 0 1 0 0 0 0 1 0 1 2 0 1 2 2 2 2 0 1 2 0 2 -2 -1 0 -1 -2 -2 0 -2 -2 -2 -2 -2 0 0 -2 -1 -2 -2 0 -2 -1 -1 -2 -1 -2 -1 0 0 -1 -1 0 -1 -2 -1 0 0 0 -1 -1 -2 0 -1 0 0 0 0 0 -1 0 0 0 -1 0 -1 -2 -2 -2 -2 0 -2 -2 -2 0 -1 -2 -2 0 -1 -1 0 0 -1 -1 0 -1 0 0 -2 0 0 -1 0 0 0 0 -1 0 -1 -2 0 -1 -2 -2 -2 -2 0 -1 -2 0 -2
-1.34348873689343 2.12433163232576 0.140999525561451 -0.329300748923506 1.07939328277157 1 1 1 1 1 2 0 0 1 1 2 2 1 0 0 0 0 1 0 0 2 0 0 2 2 2 2 2 0 0 1 0 0 2 1 2 0 1 1 2 1 0 1 0 1 1 1 0 1 0 1 1 2 0 1 1 1 0 2 0 1 2 2 1 0 2 1 0 0 1 1 2 1 1 0 1 0 0 1 1 0 2 0 0 1 1 0 0 0 2 0 2 2 0 1 2 0 2 1 0 1 1 1 1 1 2 0 0 1 1 2 2 1 0 0 0 0 1 0 0 2 0 0 2 2 2 2 2 0 0 1 0 0 2 1 2 0 1 1 2 1 0 1 0 1 1 1 0 1 0 1 1 2 0 1 1 1 0 2 0 1 2 2 1 0 2 1 0 0 1 1 2 1 1 0 1 0 0 1 1 0 2 0 0 1 1 0 0 0 2 0 2 2 0 1 2 0 2 1 0 1
-0.680239458968079 -0.940963396963243 -0.0258060374037323 0.132654310420889 -1.06402910566444 1 1 2 0 0 2 1 0 1 1 2 2 2 0 0 1 0 2 0 0 1 1 1 2 0 1 0 0 0 1 0 0 0 2 1 1 1 2 2 1 2 0 1 2 1 2 2 2 2 1 1 1 1 0 0 0 1 1 2 1 2 2 2 1 1 2 1 0 1 1 0 2 1 1 0 1 1 0 2 1 0 2 1 1 1 1 2 1 1 1 0 2 2 1 2 2 1 2 2 1 2 1 2 0 0 2 1 0 1 1 2 2 2 0 0 1 0 2 0 0 1 1 1 2 0 1 0 0 0 1 0 0 0 2 1 1 1 2 2 1 2 0 1 2 1 2 2 2 2 1 1 1 1 0 0 0 1 1 2 1 2 2 2 1 1 2 1 0 1 1 0 2 1 1 0 1 1 0 2 1 0 2 1 1 1 1 2 1 1 1 0 2 2 1 2 2 1 2 2 1 2
1.7047421568433 -0.0850974051571832 0.10822474020394 -0.903364885639081 -0.391646817672633 -1 2 1 0 1 2 0 0 0 1 1 2 2 0 0 1 0 1 0 0 1 1 0 1 2 2 2 2 0 0 1 0 0 2 2 2 2 2 2 1 1 0 2 1 1 1 1 1 0 0 1 2 2 0 0 2 2 0 2 0 0 0 2 0 1 2 2 0 1 0 0 2 1 1 1 1 0 0 2 1 0 1 0 1 2 2 0 0 0 2 0 1 1 2 2 2 0 0 0 0 2 -2 -1 0 -1 -2 0 0 0 -1 -1 -2 -2 0 0 -1 0 -1 0 0 -1 -1 0 -1 -2 -2 -2 -2 0 0 -1 0 0 -2 -2 -2 -2 -2 -2 -1 -1 0 -2 -1 -1 -1 -1 -1 0 0 -1 -2 -2 0 0 -2 -2 0 -2 0 0 0 -2 0 -1 -2 -2 0 -1 0 0 -2 -1 -1 -1 -1 0 0 -2 -1 0 -1 0 -1 -2 -2 0 0 0 -2 0 -1 -1 -2 -2 -2 0 0 0 0 -2
-1.56102798895684 -0.754374017048688 -0.775802240660761 -0.0359302034163373 -1.28906137131706 1 2 2 0 0 2 1 0 0 1 1 2 1 0 0 1 0 1 0 0 2 0 1 2 0 1 0 0 0 0 1 0 1 2 1 2 0 2 2 2 2 0 2 2 1 2 2 1 0 0 1 1 2 0 1 0 1 1 2 0 2 2 2 0 1 2 1 0 0 0 1 2 1 2 0 0 0 0 2 1 0 2 0 2 2 0 1 1 1 2 1 2 2 1 0 2 1 2 2 1 2 2 2 0 0 2 1 0 0 1 1 2 1 0 0 1 0 1 0 0 2 0 1 2 0 1 0 0 0 0 1 0 1 2 1 2 0 2 2 2 2 0 2 2 1 2 2 1 0 0 1 1 2 0 1 0 1 1 2 0 2 2 2 0 1 2 1 0 0 0 1 2 1 2 0 0 0 0 2 1 0 2 0 2 2 0 1 1 1 2 1 2 2 1 0 2 1 2 2 1 2
1.73569544674186 0.070387880427688 -0.165968801116547 -1.39068589983682 0.00987421475157942 -1 1 1 0 1 2 1 0 2 2 2 2 0 1 2 2 0 2 0 1 2 1 0 2 1 2 2 1 0 1 0 0 0 2 1 0 0 1 2 1 0 0 1 1 2 2 2 2 1 1 2 1 2 2 0 1 2 0 1 0 1 2 2 0 0 1 1 0 0 1 0 1 1 1 0 0 0 0 1 1 0 1 0 2 2 2 0 0 0 2 0 2 1 1 2 2 0 0 0 0 1 -1 -1 0 -1 -2 -1 0 -2 -2 -2 -2 0 -1 -2 -2 0 -2 0 -1 -2 -1 0 -2 -1 -2 -2 -1 0 -1 0 0 0 -2 -1 0 0 -1 -2 -1 0 0 -1 -1 -2 -2 -2 -2 -1 -1 -2 -1 -2 -2 0 -1 -2 0 -1 0 -1 -2 -2 0 0 -1 -1 0 0 -1 0 -1 -1 -1 0 0 0 0 -1 -1 0 -1 0 -2 -2 -2 0 0 0 -2 0 -2 -1 -1 -2 -2 0 0 0 0 -1
0.638899362799536 -0.166384171283874 0.63506030103609 0.69600073554687 -0.610568446907942 -1 1 1 1 1 2 1 0 0 1 1 2 1 1 0 0 1 2 1 0 1 0 0 2 1 2 1 0 0 0 0 0 1 2 2 2 0 0 2 1 1 0 1 0 1 1 1 1 1 0 1 1 1 0 1 2 2 1 2 0 1 1 2 0 1 2 2 0 0 1 0 1 2 2 0 1 0 0 2 1 0 2 1 1 2 2 0 1 0 1 0 1 2 2 2 2 0 1 0 0 2 -1 -1 -1 -1 -2 -1 0 0 -1 -1 -2 -1 -1 0 0 -1 -2 -1 0 -1 0 0 -2 -1 -2 -1 0 0 0 0 0 -1 -2 -2 -2 0 0 -2 -1 -1 0 -1 0 -1 -1 -1 -1 -1 0 -1 -1 -1 0 -1 -2 -2 -1 -2 0 -1 -1 -2 0 -1 -2 -2 0 0 -1 0 -1 -2 -2 0 -1 0 0 -2 -1 0 -2 -1 -1 -2 -2 0 -1 0 -1 0 -1 -2 -2 -2 -2 0 -1 0 0 -2
0.262917958389516 -0.996747915039734 -0.226328536710815 0.870545800358417 0.0149784429102366 -1 1 1 0 0 1 1 0 1 2 2 2 1 0 0 0 0 2 0 0 0 0 0 1 1 2 1 2 0 1 2 0 0 1 1 2 1 0 2 1 0 0 2 2 2 2 2 2 2 0 0 0 2 0 1 1 0 0 2 0 2 2 2 0 1 2 2 0 1 1 0 0 0 1 0 0 1 0 1 0 0 2 0 2 2 2 0 0 0 2 0 2 2 1 2 2 0 2 2 1 2 -1 -1 0 0 -1 -1 0 -1 -2 -2 -2 -1 0 0 0 0 -2 0 0 0 0 0 -1 -1 -2 -1 -2 0 -1 -2 0 0 -1 -1 -2 -1 0 -2 -1 0 0 -2 -2 -2 -2 -2 -2 -2 0 0 0 -2 0 -1 -1 0 0 -2 0 -2 -2 -2 0 -1 -2 -2 0 -1 -1 0 0 0 -1 0 0 -1 0 -1 0 0 -2 0 -2 -2 -2 0 0 0 -2 0 -2 -2 -1 -2 -2 0 -2 -2 -1 -2
0.0568954385115645 -0.561613612440987 -0.208813196152789 0.954492632786896 -0.0909278999516667 -1 2 2 0 1 2 1 0 2 2 1 2 1 0 0 0 1 2 1 0 2 0 1 2 2 2 2 1 0 1 2 0 0 2 1 1 0 1 2 2 2 0 2 0 1 1 1 0 1 0 1 1 2 1 1 0 1 1 2 0 2 1 2 1 0 2 1 1 0 0 0 1 1 1 0 0 0 0 2 1 0 2 0 1 2 1 0 1 1 2 1 1 2 2 2 2 0 1 1 0 2 -2 -2 0 -1 -2 -1 0 -2 -2 -1 -2 -1 0 0 0 -1 -2 -1 0 -2 0 -1 -2 -2 -2 -2 -1 0 -1 -2 0 0 -2 -1 -1 0 -1 -2 -2 -2 0 -2 0 -1 -1 -1 0 -1 0 -1 -1 -2 -1 -1 0 -1 -1 -2 0 -2 -1 -2 -1 0 -2 -1 -1 0 0 0 -1 -1 -1 0 0 0 0 -2 -1 0 -2 0 -1 -2 -1 0 -1 -1 -2 -1 -1 -2 -2 -2 -2 0 -1 -1 0 -2
2.62569814133902 0.00322861394367402 -0.725475775755892 -1.29840159807951 -0.58210260363891 1 1 1 0 1 2 0 0 1 1 0 1 0 1 0 1 0 1 0 1 2 1 1 2 1 2 1 1 0 1 0 0 1 2 1 2 2 2 2 1 0 0 1 1 2 2 2 1 1 0 0 0 1 0 0 2 1 0 2 0 2 2 2 0 1 2 2 0 1 2 1 2 2 2 0 0 0 0 1 0 0 1 0 2 1 2 0 0 1 2 1 2 2 2 2 2 0 1 2 1 1 1 1 0 1 2 0 0 1 1 0 1 0 1 0 1 0 1 0 1 2 1 1 2 1 2 1 1 0 1 0 0 1 2 1 2 2 2 2 1 0 0 1 1 2 2 2 1 1 0 0 0 1 0 0 2 1 0 2 0 2 2 2 0 1 2 2 0 1 2 1 2 2 2 0 0 0 0 1 0 0 1 0 2 1 2 0 0 1 2 1 2 2 2 2 2 0 1 2 1 1
-0.48804499277027 -0.789647928285052 -0.350831606285537 0.791440260350427 1.4831860229603 -1 2 1 0 1 2 1 0 1 1 1 2 1 0 0 1 0 2 0 0 0 0 0 2 1 2 1 0 0 1 1 0 0 2 1 2 0 2 2 0 0 0 1 2 1 1 1 2 1 0 0 0 2 0 1 1 1 0 2 0 2 2 2 1 1 2 1 0 2 1 0 0 1 1 1 1 1 1 2 1 0 1 0 1 1 0 0 0 0 1 0 0 2 0 2 2 0 2 2 0 1 -2 -1 0 -1 -2 -1 0 -1 -1 -1 -2 -1 0 0 -1 0 -2 0 0 0 0 0 -2 -1 -2 -1 0 0 -1 -1 0 0 -2 -1 -2 0 -2 -2 0 0 0 -1 -2 -1 -1 -1 -2 -1 0 0 0 -2 0 -1 -1 -1 0 -2 0 -2 -2 -2 -1 -1 -2 -1 0 -2 -1 0 0 -1 -1 -1 -1 -1 -1 -2 -1 0 -1 0 -1 -1 0 0 0 0 -1 0 0 -2 0 -2 -2 0 -2 -2 0 -1
-1.50368710857451 -0.756512297652203 0.0290036746411109 -0.584352663242317 -0.102907202783826 -1 2 2 1 1 2 1 0 1 2 2 2 2 0 1 1 1 2 0 0 2 0 0 1 1 2 1 1 0 1 0 0 0 1 1 1 1 1 2 2 1 0 2 1 1 1 2 1 0 0 1 0 2 1 0 1 2 1 2 0 2 2 2 2 2 2 2 1 2 2 0 2 1 1 0 0 0 0 2 1 0 2 0 1 2 1 0 0 0 2 0 0 2 2 1 2 1 2 1 1 2 -2 -2 -1 -1 -2 -1 0 -1 -2 -2 -2 -2 0 -1 -1 -1 -2 0 0 -2 0 0 -1 -1 -2 -1 -1 0 -1 0 0 0 -1 -1 -1 -1 -1 -2 -2 -1 0 -2 -1 -1 -1 -2 -1 0 0 -1 0 -2 -1 0 -1 -2 -1 -2 0 -2 -2 -2 -2 -2 -2 -2 -1 -2 -2 0 -2 -1 -1 0 0 0 0 -2 -1 0 -2 0 -1 -2 -1 0 0 0 -2 0 0 -2 -2 -1 -2 -1 -2 -1 -1 -2
-0.0577464034634059 -1.11946607889803 1.81287436756858 0.412515646742814 -0.549166642272121 1 2 2 1 2 2 1 0 1 1 2 2 1 0 0 1 1 2 2 2 2 1 1 2 1 2 1 1 0 0 1 0 0 2 0 1 1 1 2 2 1 0 2 1 1 2 1 1 1 0 0 0 1 0 0 1 0 0 2 0 1 0 2 0 0 2 1 0 1 0 0 0 0 0 1 1 0 1 2 1 0 1 0 0 1 1 0 0 0 2 0 1 2 1 1 2 1 0 0 0 2 2 2 1 2 2 1 0 1 1 2 2 1 0 0 1 1 2 2 2 2 1 1 2 1 2 1 1 0 0 1 0 0 2 0 1 1 1 2 2 1 0 2 1 1 2 1 1 1 0 0 0 1 0 0 1 0 0 2 0 1 0 2 0 0 2 1 0 1 0 0 0 0 0 1 1 0 1 2 1 0 1 0 0 1 1 0 0 0 2 0 1 2 1 1 2 1 0 0 0 2
1.37287817904997 -1.88399300718506 0.761714433856123 2.37546739843234 3.087289872702 1 2 2 1 1 2 1 0 1 2 1 2 2 0 0 2 0 2 1 1 2 1 0 2 1 2 1 0 0 2 2 0 0 2 1 1 0 1 1 2 2 0 2 1 1 2 1 1 0 0 1 0 0 0 0 1 0 0 1 0 0 0 2 0 0 2 1 0 2 1 1 0 1 2 0 1 0 0 2 1 0 1 0 0 2 2 1 1 0 2 0 0 2 2 1 2 0 1 1 0 2 2 2 1 1 2 1 0 1 2 1 2 2 0 0 2 0 2 1 1 2 1 0 2 1 2 1 0 0 2 2 0 0 2 1 1 0 1 1 2 2 0 2 1 1 2 1 1 0 0 1 0 0 0 0 1 0 0 1 0 0 0 2 0 0 2 1 0 2 1 1 0 1 2 0 1 0 0 2 1 0 1 0 0 2 2 1 1 0 2 0 0 2 2 1 2 0 1 1 0 2
1.25155040391688 -0.690618123394084 -0.75417578620971 0.134943773125407 -0.11740835202691 -1 2 1 0 1 2 0 0 1 1 2 2 1 0 0 0 0 1 0 0 2 0 1 2 1 2 1 2 0 0 0 0 0 2 1 2 1 1 2 1 0 0 2 1 1 1 2 2 2 0 1 0 2 1 0 0 2 1 2 1 2 1 2 0 0 2 2 0 0 0 0 2 2 2 2 2 0 0 2 0 0 1 0 1 1 0 0 0 0 2 0 1 2 1 2 2 1 2 1 1 2 -2 -1 0 -1 -2 0 0 -1 -1 -2 -2 -1 0 0 0 0 -1 0 0 -2 0 -1 -2 -1 -2 -1 -2 0 0 0 0 0 -2 -1 -2 -1 -1 -2 -1 0 0 -2 -1 -1 -1 -2 -2 -2 0 -1 0 -2 -1 0 0 -2 -1 -2 -1 -2 -1 -2 0 0 -2 -2 0 0 0 0 -2 -2 -2 -2 -2 0 0 -2 0 0 -1 0 -1 -1 0 0 0 0 -2 0 -1 -2 -1 -2 -2 -1 -2 -1 -1 -2
-1.64029529167646 -0.771382686282235 0.683108790727073 -0.0492672386481825 0.508094097343639 -1 2 1 0 1 2 0 0 1 2 2 2 1 1 0 1 1 2 0 0 1 0 0 1 0 2 2 2 0 0 1 0 0 2 1 1 0 1 2 1 0 0 1 0 0 1 1 1 0 0 1 1 2 0 0 0 0 0 2 0 2 2 2 1 2 2 2 1 0 0 0 1 0 1 1 1 1 0 2 1 0 2 1 2 2 2 0 0 0 2 0 0 2 1 1 2 0 1 1 0 2 -2 -1 0 -1 -2 0 0 -1 -2 -2 -2 -1 -1 0 -1 -1 -2 0 0 -1 0 0 -1 0 -2 -2 -2 0 0 -1 0 0 -2 -1 -1 0 -1 -2 -1 0 0 -1 0 0 -1 -1 -1 0 0 -1 -1 -2 0 0 0 0 0 -2 0 -2 -2 -2 -1 -2 -2 -2 -1 0 0 0 -1 0 -1 -1 -1 -1 0 -2 -1 0 -2 -1 -2 -2 -2 0 0 0 -2 0 0 -2 -1 -1 -2 0 -1 -1 0 -2
-1.07671196041545 0.160173785076707 -0.349101619215787 0.00150666854810095 2.01689760941051 -1 2 2 0 2 2 1 0 1 2 0 2 1 0 0 1 0 2 1 0 2 0 0 2 1 2 0 0 0 1 1 0 0 2 0 2 1 2 2 1 2 0 2 2 2 2 1 1 0 0 2 2 2 1 1 1 1 0 2 0 2 2 2 0 0 2 1 0 2 1 1 1 1 1 0 0 0 0 2 1 0 1 0 1 2 2 0 0 0 2 1 2 1 1 1 2 0 1 0 0 2 -2 -2 0 -2 -2 -1 0 -1 -2 0 -2 -1 0 0 -1 0 -2 -1 0 -2 0 0 -2 -1 -2 0 0 0 -1 -1 0 0 -2 0 -2 -1 -2 -2 -1 -2 0 -2 -2 -2 -2 -1 -1 0 0 -2 -2 -2 -1 -1 -1 -1 0 -2 0 -2 -2 -2 0 0 -2 -1 0 -2 -1 -1 -1 -1 -1 0 0 0 0 -2 -1 0 -1 0 -1 -2 -2 0 0 0 -2 -1 -2 -1 -1 -1 -2 0 -1 0 0 -2
0.137267999859375 -1.26578479713313 2.04832709682713 0.792476947000733 -0.736592779552066 1 2 2 0 0 1 0 0 1 1 1 2 1 0 0 1 1 2 1 0 1 1 2 2 0 1 0 0 0 0 0 0 0 2 2 2 2 2 1 1 1 0 1 1 0 1 0 0 0 0 0 0 2 0 1 1 1 0 2 0 2 2 2 0 0 2 1 0 2 1 0 2 1 1 0 1 0 0 2 0 0 1 0 0 1 2 1 0 0 1 0 1 2 1 1 2 0 2 2 1 1 2 2 0 0 1 0 0 1 1 1 2 1 0 0 1 1 2 1 0 1 1 2 2 0 1 0 0 0 0 0 0 0 2 2 2 2 2 1 1 1 0 1 1 0 1 0 0 0 0 0 0 2 0 1 1 1 0 2 0 2 2 2 0 0 2 1 0 2 1 0 2 1 1 0 1 0 0 2 0 0 1 0 0 1 2 1 0 0 1 0 1 2 1 1 2 0 2 2 1 1
-1.28671807396139 1.76522668030573 1.91032360730265 -1.78538307798975 -1.62455453607322 1 2 1 0 2 2 2 0 1 2 2 2 1 1 1 1 0 2 0 0 0 0 0 2 1 2 2 1 0 1 1 0 0 2 2 1 1 1 2 1 0 0 2 1 1 2 2 0 0 0 0 0 0 0 0 1 1 1 2 0 2 1 2 0 2 2 2 0 0 2 1 1 2 2 0 0 0 0 1 1 0 2 0 1 1 1 0 1 1 2 0 2 2 2 1 2 0 2 2 0 2 2 1 0 2 2 2 0 1 2 2 2 1 1 1 1 0 2 0 0 0 0 0 2 1 2 2 1 0 1 1 0 0 2 2 1 1 1 2 1 0 0 2 1 1 2 2 0 0 0 0 0 0 0 0 1 1 1 2 0 2 1 2 0 2 2 2 0 0 2 1 1 2 2 0 0 0 0 1 1 0 2 0 1 1 1 0 1 1 2 0 2 2 2 1 2 0 2 2 0 2
1.23741329638494 0.00641465564840901 -0.0943171164605246 2.09288103686838 -0.464733952518449 1 2 2 0 0 2 1 0 2 2 2 2 2 0 0 0 0 1 0 0 2 0 0 0 2 1 2 1 0 0 0 0 2 2 1 1 1 1 1 1 0 0 2 0 1 2 2 1 0 0 0 0 1 0 0 1 0 0 1 1 2 2 2 0 1 2 2 0 0 1 0 1 0 0 0 1 0 0 1 1 0 1 0 1 1 1 0 0 0 1 0 0 2 1 1 2 1 1 1 0 1 2 2 0 0 2 1 0 2 2 2 2 2 0 0 0 0 1 0 0 2 0 0 0 2 1 2 1 0 0 0 0 2 2 1 1 1 1 1 1 0 0 2 0 1 2 2 1 0 0 0 0 1 0 0 1 0 0 1 1 2 2 2 0 1 2 2 0 0 1 0 1 0 0 0 1 0 0 1 1 0 1 0 1 1 1 0 0 0 1 0 0 2 1 1 2 1 1 1 0 1
0.0398416996157503 -0.485529556002377 -1.03681694411919 -0.903766831373674 -0.622237493689404 1 2 2 0 1 2 1 0 0 2 2 2 1 0 0 1 0 0 0 0 0 0 0 2 1 2 2 2 1 1 0 0 0 2 1 2 1 1 2 1 1 0 2 2 2 1 0 1 0 0 0 0 2 0 1 0 1 1 2 2 2 2 2 1 2 2 2 0 1 1 0 0 1 2 0 0 0 1 2 1 0 1 0 0 1 1 0 1 1 2 1 2 2 1 1 2 0 1 2 1 2 2 2 0 1 2 1 0 0 2 2 2 1 0 0 1 0 0 0 0 0 0 0 2 1 2 2 2 1 1 0 0 0 2 1 2 1 1 2 1 1 0 2 2 2 1 0 1 0 0 0 0 2 0 1 0 1 1 2 2 2 2 2 1 2 2 2 0 1 1 0 0 1 2 0 0 0 1 2 1 0 1 0 0 1 1 0 1 1 2 1 2 2 1 1 2 0 1 2 1 2
0.077544867925156 1.23254022324472 0.393381418014754 -0.829235690985188 0.771874246537897 -1 2 1 0 0 2 1 0 0 1 2 2 1 0 1 1 0 2 1 0 2 1 1 2 2 2 1 2 0 2 1 0 0 2 0 2 1 1 2 1 1 0 2 2 0 1 1 1 1 0 0 2 2 1 1 0 1 0 2 0 1 1 2 1 1 2 1 1 1 2 1 2 1 2 1 1 0 0 1 0 0 1 1 1 1 2 0 0 0 2 0 1 2 2 2 2 0 1 1 0 1 -2 -1 0 0 -2 -1 0 0 -1 -2 -2 -1 0 -1 -1 0 -2 -1 0 -2 -1 -1 -2 -2 -2 -1 -2 0 -2 -1 0 0 -2 0 -2 -1 -1 -2 -1 -1 0 -2 -2 0 -1 -1 -1 -1 0 0 -2 -2 -1 -1 0 -1 0 -2 0 -1 -1 -2 -1 -1 -2 -1 -1 -1 -2 -1 -2 -1 -2 -1 -1 0 0 -1 0 0 -1 -1 -1 -1 -2 0 0 0 -2 0 -1 -2 -2 -2 -2 0 -1 -1 0 -1
-1.76919336905528 0.305160951704024 0.431461146583651 -0.845081948627103 -0.389293493221566 -1 2 1 0 1 2 1 0 1 1 2 2 1 0 0 1 1 1 0 0 2 1 1 2 1 2 0 1 0 1 1 0 0 2 1 1 0 1 2 2 1 0 2 2 2 2 2 2 2 0 1 2 2 2 2 0 0 0 1 0 1 0 2 1 0 2 2 0 2 2 0 0 0 1 1 1 0 0 2 1 0 2 0 1 2 2 0 1 0 2 1 1 2 1 1 2 0 2 1 0 2 -2 -1 0 -1 -2 -1 0 -1 -1 -2 -2 -1 0 0 -1 -1 -1 0 0 -2 -1 -1 -2 -1 -2 0 -1 0 -1 -1 0 0 -2 -1 -1 0 -1 -2 -2 -1 0 -2 -2 -2 -2 -2 -2 -2 0 -1 -2 -2 -2 -2 0 0 0 -1 0 -1 0 -2 -1 0 -2 -2 0 -2 -2 0 0 0 -1 -1 -1 0 0 -2 -1 0 -2 0 -1 -2 -2 0 -1 0 -2 -1 -1 -2 -1 -1 -2 0 -2 -1 0 -2
-0.178789660412883 -0.882019819780934 -0.445944556430393 0.553111804051042 1.23543101861551 -1 2 2 1 2 2 2 0 0 1 1 2 0 0 0 0 0 1 0 0 2 0 0 2 0 2 1 0 0 1 2 0 0 2 0 2 0 0 2 1 1 0 2 2 1 1 1 2 1 1 1 2 2 1 0 0 2 1 2 0 2 1 2 0 0 2 1 0 0 1 0 1 1 2 0 1 0 0 2 0 0 0 0 0 1 1 1 1 0 2 0 1 2 1 2 2 0 2 2 0 2 -2 -2 -1 -2 -2 -2 0 0 -1 -1 -2 0 0 0 0 0 -1 0 0 -2 0 0 -2 0 -2 -1 0 0 -1 -2 0 0 -2 0 -2 0 0 -2 -1 -1 0 -2 -2 -1 -1 -1 -2 -1 -1 -1 -2 -2 -1 0 0 -2 -1 -2 0 -2 -1 -2 0 0 -2 -1 0 0 -1 0 -1 -1 -2 0 -1 0 0 -2 0 0 0 0 0 -1 -1 -1 -1 0 -2 0 -1 -2 -1 -2 -2 0 -2 -2 0 -2
0.398770497002648 0.950481316666811 0.407895881856675 0.0799486234980216 -1.17574832218979 1 1 0 0 0 2 0 0 0 0 0 2 1 0 0 1 1 2 0 1 2 1 1 2 1 2 2 2 1 2 1 0 0 2 0 1 1 1 1 2 0 0 1 1 1 2 2 1 1 1 0 1 2 0 1 0 0 0 2 0 1 1 2 1 2 2 1 0 0 0 0 1 0 0 0 2 1 0 2 1 0 2 0 2 1 1 1 0 0 2 1 2 2 0 1 2 0 0 0 0 2 1 0 0 0 2 0 0 0 0 0 2 1 0 0 1 1 2 0 1 2 1 1 2 1 2 2 2 1 2 1 0 0 2 0 1 1 1 1 2 0 0 1 1 1 2 2 1 1 1 0 1 2 0 1 0 0 0 2 0 1 1 2 1 2 2 1 0 0 0 0 1 0 0 0 2 1 0 2 1 0 2 0 2 1 1 1 0 0 2 1 2 2 0 1 2 0 0 0 0 2
0.685872869107587 -0.523681724547928 -0.230162160181824 -1.14875905033346 0.282988558956504 -1 2 1 0 0 2 1 0 0 1 2 2 2 0 0 0 0 1 0 2 2 0 0 1 0 1 2 2 0 1 1 0 0 2 0 0 0 0 2 2 1 0 2 1 1 2 1 1 1 1 1 0 1 0 0 0 0 0 1 0 1 2 2 0 0 2 1 0 1 2 0 0 1 1 0 1 0 0 2 2 0 2 0 2 2 0 0 2 1 2 0 2 2 1 1 1 0 2 2 1 2 -2 -1 0 0 -2 -1 0 0 -1 -2 -2 -2 0 0 0 0 -1 0 -2 -2 0 0 -1 0 -1 -2 -2 0 -1 -1 0 0 -2 0 0 0 0 -2 -2 -1 0 -2 -1 -1 -2 -1 -1 -1 -1 -1 0 -1 0 0 0 0 0 -1 0 -1 -2 -2 0 0 -2 -1 0 -1 -2 0 0 -1 -1 0 -1 0 0 -2 -2 0 -2 0 -2 -2 0 0 -2 -1 -2 0 -2 -2 -1 -1 -1 0 -2 -2 -1 -2
0.743334772651861 -0.249790057098968 0.619751945552453 -0.560510742198661 0.00426973653404839 -1 2 0 0 0 2 2 0 0 0 1 2 1 0 0 1 0 1 0 0 2 0 0 2 0 2 1 1 1 1 0 0 0 2 1 1 0 1 2 1 2 0 2 1 2 2 2 2 1 0 1 0 2 0 0 2 2 0 2 1 2 2 2 0 1 2 1 0 1 0 0 1 1 2 0 0 1 0 2 2 0 2 0 1 2 1 0 1 0 2 1 2 2 1 2 2 1 1 1 0 2 -2 0 0 0 -2 -2 0 0 0 -1 -2 -1 0 0 -1 0 -1 0 0 -2 0 0 -2 0 -2 -1 -1 -1 -1 0 0 0 -2 -1 -1 0 -1 -2 -1 -2 0 -2 -1 -2 -2 -2 -2 -1 0 -1 0 -2 0 0 -2 -2 0 -2 -1 -2 -2 -2 0 -1 -2 -1 0 -1 0 0 -1 -1 -2 0 0 -1 0 -2 -2 0 -2 0 -1 -2 -1 0 -1 0 -2 -1 -2 -2 -1 -2 -2 -1 -1 -1 0 -2
0.295583092359323 0.716942498080505 -0.422275469606605 0.556001113876094 -1.28734337383055 1 1 0 0 0 2 1 0 1 2 2 2 1 0 0 0 1 1 0 0 1 0 0 2 0 2 2 1 0 0 0 0 0 2 0 2 1 1 2 2 0 1 2 1 1 1 2 2 2 1 1 2 2 1 1 1 1 0 2 0 1 0 2 1 2 2 2 1 2 2 0 2 1 2 0 0 0 0 2 1 0 1 0 2 2 0 0 0 1 2 0 2 2 2 1 2 0 0 1 1 2 1 0 0 0 2 1 0 1 2 2 2 1 0 0 0 1 1 0 0 1 0 0 2 0 2 2 1 0 0 0 0 0 2 0 2 1 1 2 2 0 1 2 1 1 1 2 2 2 1 1 2 2 1 1 1 1 0 2 0 1 0 2 1 2 2 2 1 2 2 0 2 1 2 0 0 0 0 2 1 0 1 0 2 2 0 0 0 1 2 0 2 2 2 1 2 0 0 1 1 2
1.08166904768663 0.39004975930509 0.217899530130495 -0.431541162635187 -0.734912756973468 -1 2 2 1 2 2 0 0 1 2 2 2 2 0 0 0 0 2 0 0 1 0 1 2 1 1 1 1 0 1 2 0 2 2 0 2 0 1 2 0 1 0 1 2 2 2 2 2 0 0 1 0 2 1 0 1 1 1 1 0 1 1 2 0 1 2 1 0 1 1 1 2 1 2 1 0 0 0 2 0 0 1 0 1 1 0 0 1 1 2 0 1 2 2 2 2 0 0 1 0 1 -2 -2 -1 -2 -2 0 0 -1 -2 -2 -2 -2 0 0 0 0 -2 0 0 -1 0 -1 -2 -1 -1 -1 -1 0 -1 -2 0 -2 -2 0 -2 0 -1 -2 0 -1 0 -1 -2 -2 -2 -2 -2 0 0 -1 0 -2 -1 0 -1 -1 -1 -1 0 -1 -1 -2 0 -1 -2 -1 0 -1 -1 -1 -2 -1 -2 -1 0 0 0 -2 0 0 -1 0 -1 -1 0 0 -1 -1 -2 0 -1 -2 -2 -2 -2 0 0 -1 0 -1
1.4952407372327 0.0649495310823141 -1.873842452603 -1.45141935493044 -1.31735543757054 1 2 2 1 1 1 0 0 0 1 0 2 1 0 1 2 1 2 0 1 2 1 1 2 0 2 0 1 0 2 2 0 1 2 1 0 1 1 2 0 0 0 1 0 0 2 1 2 2 0 0 0 2 1 0 1 1 0 2 0 2 1 2 0 0 2 0 0 1 2 0 1 0 2 0 1 0 0 2 1 0 2 2 2 2 2 1 0 1 2 0 2 2 1 1 2 0 1 1 0 2 2 2 1 1 1 0 0 0 1 0 2 1 0 1 2 1 2 0 1 2 1 1 2 0 2 0 1 0 2 2 0 1 2 1 0 1 1 2 0 0 0 1 0 0 2 1 2 2 0 0 0 2 1 0 1 1 0 2 0 2 1 2 0 0 2 0 0 1 2 0 1 0 2 0 1 0 0 2 1 0 2 2 2 2 2 1 0 1 2 0 2 2 1 1 2 0 1 1 0 2
-0.0634643982204078 1.28894371109164 1.33033098381016 -1.00863888696622 -0.060409339607876 1 2 2 1 2 2 1 0 0 2 1 2 1 0 0 1 1 2 1 1 2 1 1 2 2 2 2 1 0 1 2 1 0 2 1 1 2 1 2 0 1 0 2 2 1 1 1 0 0 0 0 0 2 1 0 1 1 0 2 1 2 1 2 0 0 2 1 0 0 0 0 2 2 2 1 0 0 0 2 0 0 1 0 0 1 1 1 0 0 2 0 1 2 2 2 2 0 2 2 0 1 2 2 1 2 2 1 0 0 2 1 2 1 0 0 1 1 2 1 1 2 1 1 2 2 2 2 1 0 1 2 1 0 2 1 1 2 1 2 0 1 0 2 2 1 1 1 0 0 0 0 0 2 1 0 1 1 0 2 1 2 1 2 0 0 2 1 0 0 0 0 2 2 2 1 0 0 0 2 0 0 1 0 0 1 1 1 0 0 2 0 1 2 2 2 2 0 2 2 0 1
