-1.83858621949826 0.579515000895355 -0.369711551531263 -0.0982240912037585 1.04970562969232 -1 0 1 1 2 2 1 1 1 2 2 0 1 0 1 1 1 1 1 0 2 2 1 2 1 0 1 2 2 2 2 2 2 0 2 2 0 0 1 0 2 1 1 1 2 2 0 0 0 0 2 0 2 1 2 0 2 2 1 2 1 0 2 0 0 0 0 0 2 2 1 0 0 0 0 2 2 2 0 2 1 0 1 2 2 1 0 2 1 0 0 2 1 1 0 0 1 2 0 1 0 0 -1 -1 -2 -2 -1 -1 -1 -2 -2 0 -1 0 -1 -1 -1 -1 -1 0 -2 -2 -1 -2 -1 0 -1 -2 -2 -2 -2 -2 -2 0 -2 -2 0 0 -1 0 -2 -1 -1 -1 -2 -2 0 0 0 0 -2 0 -2 -1 -2 0 -2 -2 -1 -2 -1 0 -2 0 0 0 0 0 -2 -2 -1 0 0 0 0 -2 -2 -2 0 -2 -1 0 -1 -2 -2 -1 0 -2 -1 0 0 -2 -1 -1 0 0 -1 -2 0 -1 0
0.764723336518799 -0.718818107844008 0.457719030832309 0.987695513921018 0.164306671176428 -1 0 0 0 2 2 2 2 2 2 2 0 0 0 0 0 0 0 1 0 0 1 1 1 0 0 1 2 1 1 1 0 1 0 0 1 1 0 1 0 1 0 2 2 2 2 1 0 0 0 1 0 2 1 1 0 2 2 2 2 1 0 2 1 1 1 2 2 2 2 1 0 1 1 2 2 2 0 0 2 2 0 2 2 1 0 0 2 2 0 0 1 2 2 0 2 2 2 2 1 2 0 0 0 -2 -2 -2 -2 -2 -2 -2 0 0 0 0 0 0 0 -1 0 0 -1 -1 -1 0 0 -1 -2 -1 -1 -1 0 -1 0 0 -1 -1 0 -1 0 -1 0 -2 -2 -2 -2 -1 0 0 0 -1 0 -2 -1 -1 0 -2 -2 -2 -2 -1 0 -2 -1 -1 -1 -2 -2 -2 -2 -1 0 -1 -1 -2 -2 -2 0 0 -2 -2 0 -2 -2 -1 0 0 -2 -2 0 0 -1 -2 -2 0 -2 -2 -2 -2 -1 -2
0.0856103417997824 -0.365152082270276 -1.38508768465144 -0.174443833322076 0.1569401720155 -1 0 0 0 2 2 1 1 2 2 2 0 0 0 2 1 1 1 2 0 0 1 1 2 0 0 0 2 2 1 1 2 2 1 1 2 1 0 1 1 2 1 0 2 2 2 1 0 0 1 2 0 2 1 2 0 2 2 2 2 1 1 2 1 0 0 0 0 2 2 2 0 0 0 1 2 2 0 0 1 0 0 2 2 1 0 0 2 2 0 0 2 1 1 1 2 2 2 2 1 2 0 0 0 -2 -2 -1 -1 -2 -2 -2 0 0 0 -2 -1 -1 -1 -2 0 0 -1 -1 -2 0 0 0 -2 -2 -1 -1 -2 -2 -1 -1 -2 -1 0 -1 -1 -2 -1 0 -2 -2 -2 -1 0 0 -1 -2 0 -2 -1 -2 0 -2 -2 -2 -2 -1 -1 -2 -1 0 0 0 0 -2 -2 -2 0 0 0 -1 -2 -2 0 0 -1 0 0 -2 -2 -1 0 0 -2 -2 0 0 -2 -1 -1 -1 -2 -2 -2 -2 -1 -2
0.855334680812615 1.25741295968104 -0.876373819233712 -0.358587351700759 0.66306388247871 1 0 0 1 2 2 2 1 0 2 0 0 0 0 0 0 0 1 1 0 2 2 0 2 0 0 0 2 1 0 1 0 0 0 0 0 1 0 2 2 2 1 1 0 2 2 1 0 0 1 1 0 2 2 0 0 2 2 2 2 0 1 2 1 0 1 1 1 1 2 2 0 1 0 0 1 2 2 0 1 2 0 1 2 1 1 0 2 2 1 0 1 2 2 1 2 2 2 2 0 1 0 0 1 2 2 2 1 0 2 0 0 0 0 0 0 0 1 1 0 2 2 0 2 0 0 0 2 1 0 1 0 0 0 0 0 1 0 2 2 2 1 1 0 2 2 1 0 0 1 1 0 2 2 0 0 2 2 2 2 0 1 2 1 0 1 1 1 1 2 2 0 1 0 0 1 2 2 0 1 2 0 1 2 1 1 0 2 2 1 0 1 2 2 1 2 2 2 2 0 1
0.0268516630837276 0.290367813116171 -1.89563365098111 -1.838883938484 0.347030334632757 -1 0 0 0 2 2 1 1 1 2 2 0 0 0 0 0 0 1 2 0 2 2 2 2 1 0 0 2 2 1 0 0 1 1 1 1 1 0 2 0 1 0 1 1 2 2 1 0 0 0 1 0 2 1 1 0 2 2 1 1 1 0 2 1 0 1 1 2 2 2 1 0 0 0 0 1 0 1 0 1 0 0 2 2 2 1 0 2 1 1 0 0 0 1 0 0 1 2 1 0 1 0 0 0 -2 -2 -1 -1 -1 -2 -2 0 0 0 0 0 0 -1 -2 0 -2 -2 -2 -2 -1 0 0 -2 -2 -1 0 0 -1 -1 -1 -1 -1 0 -2 0 -1 0 -1 -1 -2 -2 -1 0 0 0 -1 0 -2 -1 -1 0 -2 -2 -1 -1 -1 0 -2 -1 0 -1 -1 -2 -2 -2 -1 0 0 0 0 -1 0 -1 0 -1 0 0 -2 -2 -2 -1 0 -2 -1 -1 0 0 0 -1 0 0 -1 -2 -1 0 -1
-0.202193721938556 0.425642242376567 -0.892144810032534 -0.220347506624194 0.846615098964592 1 0 1 0 2 2 2 1 1 2 2 0 0 0 0 0 0 0 1 0 0 2 2 2 1 0 1 2 1 0 2 0 1 0 1 2 0 0 1 0 2 0 0 1 2 2 1 0 0 2 2 0 1 1 1 1 2 2 2 2 1 0 2 1 2 1 0 1 2 2 0 0 0 0 0 1 1 0 1 2 2 0 2 2 2 2 1 2 2 0 0 2 2 2 1 2 2 2 1 0 1 0 1 0 2 2 2 1 1 2 2 0 0 0 0 0 0 0 1 0 0 2 2 2 1 0 1 2 1 0 2 0 1 0 1 2 0 0 1 0 2 0 0 1 2 2 1 0 0 2 2 0 1 1 1 1 2 2 2 2 1 0 2 1 2 1 0 1 2 2 0 0 0 0 0 1 1 0 1 2 2 0 2 2 2 2 1 2 2 0 0 2 2 2 1 2 2 2 1 0 1
0.177480068174653 -1.00724337013576 -0.047942366759448 -0.0329602450695451 -0.837080030581902 -1 0 0 0 2 2 0 1 1 2 1 0 0 0 2 2 2 2 2 0 1 2 0 1 1 0 0 2 1 0 0 1 1 0 0 1 1 0 2 0 0 0 0 1 2 2 0 0 0 0 1 0 2 0 1 0 2 2 1 2 1 0 2 2 2 1 1 1 1 2 2 0 0 1 1 1 2 1 0 2 2 0 2 2 1 1 0 2 2 1 1 1 1 2 1 1 2 2 0 0 2 0 0 0 -2 -2 0 -1 -1 -2 -1 0 0 0 -2 -2 -2 -2 -2 0 -1 -2 0 -1 -1 0 0 -2 -1 0 0 -1 -1 0 0 -1 -1 0 -2 0 0 0 0 -1 -2 -2 0 0 0 0 -1 0 -2 0 -1 0 -2 -2 -1 -2 -1 0 -2 -2 -2 -1 -1 -1 -1 -2 -2 0 0 -1 -1 -1 -2 -1 0 -2 -2 0 -2 -2 -1 -1 0 -2 -2 -1 -1 -1 -1 -2 -1 -1 -2 -2 0 0 -2
-0.541722106584906 1.24078482045319 -0.906648793854661 -2.74837141806777 1.92743968470004 -1 2 2 1 2 2 2 1 2 2 2 0 0 0 1 0 0 2 2 0 2 2 2 2 1 0 1 2 2 0 1 2 1 0 0 1 2 0 2 1 2 0 1 2 2 2 0 0 2 2 2 0 2 1 2 0 2 2 1 2 0 0 2 1 0 1 1 1 1 2 0 0 0 0 1 2 2 0 1 2 1 0 2 1 0 1 0 2 2 1 0 2 2 1 0 1 1 2 1 1 1 -2 -2 -1 -2 -2 -2 -1 -2 -2 -2 0 0 0 -1 0 0 -2 -2 0 -2 -2 -2 -2 -1 0 -1 -2 -2 0 -1 -2 -1 0 0 -1 -2 0 -2 -1 -2 0 -1 -2 -2 -2 0 0 -2 -2 -2 0 -2 -1 -2 0 -2 -2 -1 -2 0 0 -2 -1 0 -1 -1 -1 -1 -2 0 0 0 0 -1 -2 -2 0 -1 -2 -1 0 -2 -1 0 -1 0 -2 -2 -1 0 -2 -2 -1 0 -1 -1 -2 -1 -1 -1
2.67542694992411 -2.14686302318148 -0.476966091316444 -0.171822811859133 -0.0553603061264565 1 1 1 1 2 2 2 2 1 2 2 0 0 0 2 1 1 1 2 0 1 2 0 1 1 0 0 2 1 0 0 1 1 0 0 1 2 0 2 0 1 0 1 2 2 2 0 0 0 1 2 0 2 1 1 0 2 2 2 1 2 0 2 2 1 0 1 2 1 2 1 0 0 1 0 2 2 1 1 2 2 0 1 1 0 0 1 2 2 1 0 2 1 1 0 0 0 0 0 0 1 1 1 1 2 2 2 2 1 2 2 0 0 0 2 1 1 1 2 0 1 2 0 1 1 0 0 2 1 0 0 1 1 0 0 1 2 0 2 0 1 0 1 2 2 2 0 0 0 1 2 0 2 1 1 0 2 2 2 1 2 0 2 2 1 0 1 2 1 2 1 0 0 1 0 2 2 1 1 2 2 0 1 1 0 0 1 2 2 1 0 2 1 1 0 0 0 0 0 0 1
0.640964275436423 -1.01241714462387 0.51895997877001 -1.03695498526998 0.191388722465252 -1 0 0 0 1 2 2 1 1 2 1 0 1 0 2 1 1 0 2 0 0 1 0 1 0 0 0 1 0 0 1 1 1 0 0 0 1 0 1 0 2 1 2 1 2 2 0 0 0 0 0 0 2 1 2 0 2 2 2 2 0 0 1 1 0 0 0 0 2 2 1 0 0 0 1 2 2 1 0 1 0 0 0 1 0 0 0 2 2 1 0 1 0 1 0 1 1 1 0 1 1 0 0 0 -1 -2 -2 -1 -1 -2 -1 0 -1 0 -2 -1 -1 0 -2 0 0 -1 0 -1 0 0 0 -1 0 0 -1 -1 -1 0 0 0 -1 0 -1 0 -2 -1 -2 -1 -2 -2 0 0 0 0 0 0 -2 -1 -2 0 -2 -2 -2 -2 0 0 -1 -1 0 0 0 0 -2 -2 -1 0 0 0 -1 -2 -2 -1 0 -1 0 0 0 -1 0 0 0 -2 -2 -1 0 -1 0 -1 0 -1 -1 -1 0 -1 -1
-0.00538478988916037 1.70357165666046 -1.76238717808383 -1.44559135621225 2.22736817845982 -1 1 1 0 2 2 2 1 2 2 2 0 0 0 1 1 0 0 1 0 1 1 0 0 2 0 1 2 2 1 2 1 1 0 0 2 2 0 1 0 2 0 1 1 2 2 1 0 0 1 2 1 2 0 1 1 2 1 1 2 0 0 1 0 0 0 0 0 2 2 2 0 1 0 0 1 1 1 0 2 1 0 1 2 1 0 0 2 1 0 0 1 1 1 0 1 1 2 2 0 2 -1 -1 0 -2 -2 -2 -1 -2 -2 -2 0 0 0 -1 -1 0 0 -1 0 -1 -1 0 0 -2 0 -1 -2 -2 -1 -2 -1 -1 0 0 -2 -2 0 -1 0 -2 0 -1 -1 -2 -2 -1 0 0 -1 -2 -1 -2 0 -1 -1 -2 -1 -1 -2 0 0 -1 0 0 0 0 0 -2 -2 -2 0 -1 0 0 -1 -1 -1 0 -2 -1 0 -1 -2 -1 0 0 -2 -1 0 0 -1 -1 -1 0 -1 -1 -2 -2 0 -2
-1.45265962299215 0.70810755324594 1.06824156369868 -0.541307545011208 1.64868517454269 -1 0 1 0 2 2 2 0 0 1 2 0 0 0 1 1 1 1 1 0 1 2 2 2 1 0 1 2 2 0 1 1 2 0 0 0 0 0 1 1 2 0 1 1 2 2 1 0 1 1 2 0 2 2 2 2 2 2 2 2 1 1 2 2 2 0 0 0 0 1 0 0 0 1 0 1 2 0 0 2 2 0 0 1 1 0 0 2 1 0 0 2 1 2 2 2 2 2 1 0 0 0 -1 0 -2 -2 -2 0 0 -1 -2 0 0 0 -1 -1 -1 -1 -1 0 -1 -2 -2 -2 -1 0 -1 -2 -2 0 -1 -1 -2 0 0 0 0 0 -1 -1 -2 0 -1 -1 -2 -2 -1 0 -1 -1 -2 0 -2 -2 -2 -2 -2 -2 -2 -2 -1 -1 -2 -2 -2 0 0 0 0 -1 0 0 0 -1 0 -1 -2 0 0 -2 -2 0 0 -1 -1 0 0 -2 -1 0 0 -2 -1 -2 -2 -2 -2 -2 -1 0 0
-0.117347952640693 -0.474070583865698 -0.162539520977347 -1.2489975998707 3.05091311213714 1 0 0 0 2 2 1 2 0 2 2 0 0 1 1 1 1 1 0 0 1 1 0 1 0 0 1 2 2 0 1 0 0 0 0 0 0 0 1 0 1 0 0 0 2 2 2 0 0 0 1 0 2 2 2 2 2 2 1 2 1 0 2 1 0 0 1 1 2 2 1 0 1 0 0 2 2 1 0 1 2 0 1 2 0 0 0 2 2 1 1 1 1 2 1 2 1 2 1 0 2 0 0 0 2 2 1 2 0 2 2 0 0 1 1 1 1 1 0 0 1 1 0 1 0 0 1 2 2 0 1 0 0 0 0 0 0 0 1 0 1 0 0 0 2 2 2 0 0 0 1 0 2 2 2 2 2 2 1 2 1 0 2 1 0 0 1 1 2 2 1 0 1 0 0 2 2 1 0 1 2 0 1 2 0 0 0 2 2 1 1 1 1 2 1 2 1 2 1 0 2
-1.0504795665834 -0.695162975746017 -0.762895591618859 0.0751851353531052 -0.0397312764320059 1 0 1 1 2 2 2 1 0 2 2 0 0 0 1 1 1 2 2 0 2 2 2 2 1 0 0 2 2 0 1 1 1 0 0 1 1 0 1 0 1 0 1 1 2 2 1 0 0 1 1 0 2 1 2 1 1 2 2 1 0 0 1 0 1 0 0 0 2 2 2 0 1 1 0 2 2 1 1 2 2 0 1 2 2 1 0 2 2 2 1 1 1 1 0 1 1 1 0 1 1 0 1 1 2 2 2 1 0 2 2 0 0 0 1 1 1 2 2 0 2 2 2 2 1 0 0 2 2 0 1 1 1 0 0 1 1 0 1 0 1 0 1 1 2 2 1 0 0 1 1 0 2 1 2 1 1 2 2 1 0 0 1 0 1 0 0 0 2 2 2 0 1 1 0 2 2 1 1 2 2 0 1 2 2 1 0 2 2 2 1 1 1 1 0 1 1 1 0 1 1
-0.255038025565454 -1.71865548169585 2.55588309362759 1.14118326524476 -1.2836419815704 1 0 1 0 2 2 2 1 0 2 2 0 0 0 2 0 0 1 0 0 1 2 1 2 1 0 0 1 1 0 0 1 2 0 0 1 0 0 1 0 2 1 1 0 2 2 1 0 1 2 2 0 2 2 2 1 2 2 1 2 0 0 1 0 0 0 1 0 2 2 2 0 1 0 1 2 2 1 1 2 1 0 2 1 1 1 1 2 2 2 0 2 2 2 0 0 2 1 0 0 2 0 1 0 2 2 2 1 0 2 2 0 0 0 2 0 0 1 0 0 1 2 1 2 1 0 0 1 1 0 0 1 2 0 0 1 0 0 1 0 2 1 1 0 2 2 1 0 1 2 2 0 2 2 2 1 2 2 1 2 0 0 1 0 0 0 1 0 2 2 2 0 1 0 1 2 2 1 1 2 1 0 2 1 1 1 1 2 2 2 0 2 2 2 0 0 2 1 0 0 2
-2.21089471734048 -0.0681346307347849 -0.1584232039966 -0.405641940702266 0.490098512490635 1 0 0 0 2 1 0 1 2 2 1 0 0 1 1 1 1 2 1 0 0 1 0 1 0 0 0 2 2 0 0 1 2 1 2 1 0 0 0 0 1 0 1 1 2 2 1 0 0 0 2 0 2 1 2 0 2 2 2 1 0 0 2 1 2 1 2 1 1 1 1 0 0 0 0 0 1 1 0 2 1 0 2 2 1 1 1 2 2 1 2 1 1 1 0 2 0 1 1 1 2 0 0 0 2 1 0 1 2 2 1 0 0 1 1 1 1 2 1 0 0 1 0 1 0 0 0 2 2 0 0 1 2 1 2 1 0 0 0 0 1 0 1 1 2 2 1 0 0 0 2 0 2 1 2 0 2 2 2 1 0 0 2 1 2 1 2 1 1 1 1 0 0 0 0 0 1 1 0 2 1 0 2 2 1 1 1 2 2 1 2 1 1 1 0 2 0 1 1 1 2
-0.057584908940973 0.751762766080093 1.29623853134561 -0.0164356797587279 0.800128829887788 -1 1 0 0 2 2 2 2 1 2 2 0 1 0 1 0 1 1 2 0 0 2 2 2 2 0 1 2 1 1 1 1 1 1 2 2 1 0 1 1 2 0 0 2 2 2 0 0 0 2 2 0 2 2 1 0 2 2 2 2 0 0 2 1 2 1 0 1 2 2 1 0 0 0 1 2 2 0 1 2 2 0 0 1 1 1 0 2 2 0 0 2 2 2 0 2 2 2 0 0 1 -1 0 0 -2 -2 -2 -2 -1 -2 -2 0 -1 0 -1 0 -1 -1 -2 0 0 -2 -2 -2 -2 0 -1 -2 -1 -1 -1 -1 -1 -1 -2 -2 -1 0 -1 -1 -2 0 0 -2 -2 -2 0 0 0 -2 -2 0 -2 -2 -1 0 -2 -2 -2 -2 0 0 -2 -1 -2 -1 0 -1 -2 -2 -1 0 0 0 -1 -2 -2 0 -1 -2 -2 0 0 -1 -1 -1 0 -2 -2 0 0 -2 -2 -2 0 -2 -2 -2 0 0 -1
0.27289631376191 -1.34556727856837 0.704194391569376 2.69193024092502 1.20852762338325 -1 0 2 1 2 2 2 1 0 2 1 0 0 0 0 0 0 1 1 0 1 2 2 2 2 0 0 2 2 1 0 1 0 0 0 1 1 0 2 1 2 1 1 1 2 2 2 0 1 1 1 0 2 2 2 0 2 2 1 1 0 0 1 1 0 0 1 1 2 2 1 0 1 0 0 1 2 2 0 2 2 0 2 2 1 1 1 2 1 0 0 2 2 2 0 1 2 2 0 1 1 0 -2 -1 -2 -2 -2 -1 0 -2 -1 0 0 0 0 0 0 -1 -1 0 -1 -2 -2 -2 -2 0 0 -2 -2 -1 0 -1 0 0 0 -1 -1 0 -2 -1 -2 -1 -1 -1 -2 -2 -2 0 -1 -1 -1 0 -2 -2 -2 0 -2 -2 -1 -1 0 0 -1 -1 0 0 -1 -1 -2 -2 -1 0 -1 0 0 -1 -2 -2 0 -2 -2 0 -2 -2 -1 -1 -1 -2 -1 0 0 -2 -2 -2 0 -1 -2 -2 0 -1 -1
-0.407994959928793 -0.17113610209899 0.207350240824499 -0.651635891593252 -0.367593300905262 1 0 0 0 2 2 0 1 0 2 2 0 0 0 2 2 1 1 2 0 1 2 0 1 0 0 0 2 2 1 1 0 1 1 1 1 1 0 1 1 2 0 1 1 2 2 0 0 1 2 2 0 2 1 2 1 1 1 0 0 1 0 1 2 1 1 1 0 1 2 1 0 0 0 0 1 2 0 0 2 1 0 2 2 2 2 0 2 2 1 0 0 0 0 0 1 1 2 0 0 0 0 0 0 2 2 0 1 0 2 2 0 0 0 2 2 1 1 2 0 1 2 0 1 0 0 0 2 2 1 1 0 1 1 1 1 1 0 1 1 2 0 1 1 2 2 0 0 1 2 2 0 2 1 2 1 1 1 0 0 1 0 1 2 1 1 1 0 1 2 1 0 0 0 0 1 2 0 0 2 1 0 2 2 2 2 0 2 2 1 0 0 0 0 0 1 1 2 0 0 0
-0.804931759352729 -2.55140655097785 0.214581926572427 0.061079654188642 0.0961066766196826 1 1 0 0 2 2 1 0 1 2 2 0 0 0 0 0 1 1 2 1 2 2 1 1 1 0 0 2 2 1 1 1 1 0 0 1 2 0 1 0 2 0 1 1 2 2 1 0 1 1 2 0 2 1 2 0 2 2 2 2 1 1 2 2 1 0 0 0 1 2 2 0 2 0 0 1 2 1 0 2 2 0 1 1 0 0 0 2 2 1 0 2 2 2 1 2 2 2 1 1 1 1 0 0 2 2 1 0 1 2 2 0 0 0 0 0 1 1 2 1 2 2 1 1 1 0 0 2 2 1 1 1 1 0 0 1 2 0 1 0 2 0 1 1 2 2 1 0 1 1 2 0 2 1 2 0 2 2 2 2 1 1 2 2 1 0 0 0 1 2 2 0 2 0 0 1 2 1 0 2 2 0 1 1 0 0 0 2 2 1 0 2 2 2 1 2 2 2 1 1 1
-0.823245629082422 -0.00398677754042724 1.1271745081771 -0.870425813908457 1.08379993130507 -1 1 0 1 2 2 1 0 1 2 2 0 0 0 2 0 2 1 2 0 0 2 1 1 1 0 1 2 1 0 0 1 1 0 0 0 0 0 0 0 1 0 0 0 2 2 1 0 0 0 1 0 2 2 1 0 2 2 1 2 0 0 2 2 1 1 1 0 1 2 1 0 1 2 1 2 1 0 0 1 0 0 2 2 1 0 0 2 2 2 0 1 1 1 0 2 2 2 1 1 1 -1 0 -1 -2 -2 -1 0 -1 -2 -2 0 0 0 -2 0 -2 -1 -2 0 0 -2 -1 -1 -1 0 -1 -2 -1 0 0 -1 -1 0 0 0 0 0 0 0 -1 0 0 0 -2 -2 -1 0 0 0 -1 0 -2 -2 -1 0 -2 -2 -1 -2 0 0 -2 -2 -1 -1 -1 0 -1 -2 -1 0 -1 -2 -1 -2 -1 0 0 -1 0 0 -2 -2 -1 0 0 -2 -2 -2 0 -1 -1 -1 0 -2 -2 -2 -1 -1 -1
0.270779869936933 0.251823802443135 -0.986859807185694 0.260868561040621 1.11899204462278 1 0 0 0 2 2 2 1 1 2 2 0 2 1 2 1 1 2 2 0 1 1 1 1 1 0 1 2 1 0 0 0 0 1 0 0 0 0 1 1 1 0 0 1 2 2 2 0 0 2 2 0 2 2 2 0 2 2 0 0 0 0 2 1 0 0 0 0 1 1 2 0 2 0 0 2 2 1 1 2 1 0 2 2 2 1 1 2 2 2 0 1 2 2 1 2 2 2 1 0 1 0 0 0 2 2 2 1 1 2 2 0 2 1 2 1 1 2 2 0 1 1 1 1 1 0 1 2 1 0 0 0 0 1 0 0 0 0 1 1 1 0 0 1 2 2 2 0 0 2 2 0 2 2 2 0 2 2 0 0 0 0 2 1 0 0 0 0 1 1 2 0 2 0 0 2 2 1 1 2 1 0 2 2 2 1 1 2 2 2 0 1 2 2 1 2 2 2 1 0 1
-0.815499682314696 0.753879690084265 -0.201847284442467 0.726917130885069 0.507646675009121 -1 0 0 1 2 2 1 2 2 2 2 0 0 0 1 2 0 0 2 0 1 2 1 2 1 0 0 2 2 1 2 1 2 1 1 1 2 0 2 2 2 0 1 2 2 2 1 0 1 0 2 0 2 1 1 0 2 2 1 1 0 0 2 1 0 0 1 0 0 1 0 0 0 0 1 2 2 1 0 2 1 0 2 2 2 0 0 2 2 1 0 1 1 2 0 2 2 2 1 0 2 0 0 -1 -2 -2 -1 -2 -2 -2 -2 0 0 0 -1 -2 0 0 -2 0 -1 -2 -1 -2 -1 0 0 -2 -2 -1 -2 -1 -2 -1 -1 -1 -2 0 -2 -2 -2 0 -1 -2 -2 -2 -1 0 -1 0 -2 0 -2 -1 -1 0 -2 -2 -1 -1 0 0 -2 -1 0 0 -1 0 0 -1 0 0 0 0 -1 -2 -2 -1 0 -2 -1 0 -2 -2 -2 0 0 -2 -2 -1 0 -1 -1 -2 0 -2 -2 -2 -1 0 -2
0.729232749720553 -1.16975008704114 0.725477601624917 0.77564775646805 0.423672135015797 1 0 0 0 1 1 1 0 1 2 2 0 0 0 1 1 0 1 1 0 0 1 0 0 0 0 0 2 0 0 1 1 1 0 1 1 2 1 2 2 2 1 0 1 2 2 1 0 0 0 1 0 2 1 1 1 2 2 1 2 2 0 2 1 1 0 1 1 2 2 1 0 1 0 0 0 2 1 0 2 0 0 0 1 1 0 0 2 1 1 0 1 1 1 0 1 1 2 0 0 1 0 0 0 1 1 1 0 1 2 2 0 0 0 1 1 0 1 1 0 0 1 0 0 0 0 0 2 0 0 1 1 1 0 1 1 2 1 2 2 2 1 0 1 2 2 1 0 0 0 1 0 2 1 1 1 2 2 1 2 2 0 2 1 1 0 1 1 2 2 1 0 1 0 0 0 2 1 0 2 0 0 0 1 1 0 0 2 1 1 0 1 1 1 0 1 1 2 0 0 1
1.76661084011098 0.591274096173623 -1.19377996952467 -0.536900429121212 0.899783403345178 -1 1 0 0 2 2 2 1 0 2 2 0 0 0 2 2 1 1 2 0 1 1 0 0 0 0 0 2 1 2 1 1 2 1 2 2 1 0 2 2 2 1 1 0 2 2 1 0 1 1 2 1 2 1 1 0 2 2 2 1 1 1 2 2 2 0 0 0 1 2 1 1 1 0 1 2 2 0 0 1 0 0 2 2 0 0 0 2 2 1 0 2 2 2 0 2 2 2 1 0 1 -1 0 0 -2 -2 -2 -1 0 -2 -2 0 0 0 -2 -2 -1 -1 -2 0 -1 -1 0 0 0 0 0 -2 -1 -2 -1 -1 -2 -1 -2 -2 -1 0 -2 -2 -2 -1 -1 0 -2 -2 -1 0 -1 -1 -2 -1 -2 -1 -1 0 -2 -2 -2 -1 -1 -1 -2 -2 -2 0 0 0 -1 -2 -1 -1 -1 0 -1 -2 -2 0 0 -1 0 0 -2 -2 0 0 0 -2 -2 -1 0 -2 -2 -2 0 -2 -2 -2 -1 0 -1
-1.58861138420554 -0.849869016022831 -1.10482457751325 0.632048617910058 0.295323716511372 -1 0 0 1 2 2 0 1 2 2 2 0 0 0 0 0 0 0 2 0 1 2 1 1 0 0 0 2 2 1 2 1 1 0 0 0 1 0 1 1 2 2 2 0 2 2 1 0 0 1 2 0 2 2 0 0 2 2 2 0 0 0 2 0 0 0 0 1 2 2 0 0 1 1 0 2 2 1 1 2 2 0 2 2 1 0 0 2 2 1 1 2 1 2 1 2 2 2 1 1 1 0 0 -1 -2 -2 0 -1 -2 -2 -2 0 0 0 0 0 0 0 -2 0 -1 -2 -1 -1 0 0 0 -2 -2 -1 -2 -1 -1 0 0 0 -1 0 -1 -1 -2 -2 -2 0 -2 -2 -1 0 0 -1 -2 0 -2 -2 0 0 -2 -2 -2 0 0 0 -2 0 0 0 0 -1 -2 -2 0 0 -1 -1 0 -2 -2 -1 -1 -2 -2 0 -2 -2 -1 0 0 -2 -2 -1 -1 -2 -1 -2 -1 -2 -2 -2 -1 -1 -1
-0.0275815139212138 -0.0083755551170861 1.21472402116459 -0.916426829837024 -2.41100276047545 -1 1 1 2 2 2 2 2 1 2 1 0 0 0 2 1 1 1 2 0 1 2 1 2 1 0 1 2 1 1 1 1 2 1 1 2 1 1 1 0 1 0 0 0 2 2 1 0 1 1 2 0 2 1 2 0 2 2 2 1 1 1 2 0 2 0 0 1 2 2 2 0 1 0 0 2 1 1 0 2 1 0 2 2 0 1 1 2 2 0 0 1 1 2 0 2 2 2 1 1 1 -1 -1 -2 -2 -2 -2 -2 -1 -2 -1 0 0 0 -2 -1 -1 -1 -2 0 -1 -2 -1 -2 -1 0 -1 -2 -1 -1 -1 -1 -2 -1 -1 -2 -1 -1 -1 0 -1 0 0 0 -2 -2 -1 0 -1 -1 -2 0 -2 -1 -2 0 -2 -2 -2 -1 -1 -1 -2 0 -2 0 0 -1 -2 -2 -2 0 -1 0 0 -2 -1 -1 0 -2 -1 0 -2 -2 0 -1 -1 -2 -2 0 0 -1 -1 -2 0 -2 -2 -2 -1 -1 -1
-0.581826945331855 -1.09797689342639 -0.701334156211325 -1.32665460586117 0.669862537507025 -1 1 0 0 1 2 1 0 0 2 2 0 0 0 2 1 1 2 2 0 1 1 1 2 2 0 0 2 2 1 2 0 1 0 1 1 1 0 2 0 2 2 1 1 2 2 2 0 0 1 1 0 2 2 2 0 2 2 2 1 1 0 2 1 2 0 0 0 1 2 1 0 0 1 1 1 1 1 0 2 2 0 0 0 0 1 0 2 2 0 0 1 1 1 0 1 2 2 1 1 2 -1 0 0 -1 -2 -1 0 0 -2 -2 0 0 0 -2 -1 -1 -2 -2 0 -1 -1 -1 -2 -2 0 0 -2 -2 -1 -2 0 -1 0 -1 -1 -1 0 -2 0 -2 -2 -1 -1 -2 -2 -2 0 0 -1 -1 0 -2 -2 -2 0 -2 -2 -2 -1 -1 0 -2 -1 -2 0 0 0 -1 -2 -1 0 0 -1 -1 -1 -1 -1 0 -2 -2 0 0 0 0 -1 0 -2 -2 0 0 -1 -1 -1 0 -1 -2 -2 -1 -1 -2
2.42231001990245 0.920571351491458 0.126680183634286 0.765131958599786 0.793038145061387 1 1 1 1 1 2 2 1 1 2 2 0 0 0 0 0 1 2 1 0 1 0 1 2 1 0 1 2 1 0 0 2 1 0 0 1 1 0 2 1 2 1 0 0 2 2 0 0 0 0 1 0 2 1 1 0 1 1 0 0 0 0 2 1 2 0 0 0 0 2 0 0 1 0 0 2 2 1 1 2 2 0 2 2 0 0 0 2 2 1 0 1 0 1 0 0 1 2 1 1 1 1 1 1 1 2 2 1 1 2 2 0 0 0 0 0 1 2 1 0 1 0 1 2 1 0 1 2 1 0 0 2 1 0 0 1 1 0 2 1 2 1 0 0 2 2 0 0 0 0 1 0 2 1 1 0 1 1 0 0 0 0 2 1 2 0 0 0 0 2 0 0 1 0 0 2 2 1 1 2 2 0 2 2 0 0 0 2 2 1 0 1 0 1 0 0 1 2 1 1 1
-0.147324876681997 0.538619934319297 -1.44006081005794 1.03380895141453 0.823108170025404 1 0 1 0 2 2 2 1 1 2 2 0 0 0 1 1 1 2 1 0 1 2 1 1 1 0 0 1 1 1 1 1 2 1 1 2 2 1 2 0 2 0 1 0 2 2 1 0 0 2 2 0 2 0 2 0 2 2 2 2 1 0 2 1 1 0 0 0 1 2 1 0 0 1 1 1 2 1 1 2 1 0 1 1 1 0 0 2 2 0 0 0 1 2 0 2 2 1 0 0 0 0 1 0 2 2 2 1 1 2 2 0 0 0 1 1 1 2 1 0 1 2 1 1 1 0 0 1 1 1 1 1 2 1 1 2 2 1 2 0 2 0 1 0 2 2 1 0 0 2 2 0 2 0 2 0 2 2 2 2 1 0 2 1 1 0 0 0 1 2 1 0 0 1 1 1 2 1 1 2 1 0 1 1 1 0 0 2 2 0 0 0 1 2 0 2 2 1 0 0 0
-0.152430103245187 1.19511854073583 -0.614617742414817 0.817431511762016 0.203670497306032 1 1 1 0 2 2 0 1 1 2 2 0 0 0 2 1 0 1 1 0 1 1 1 2 1 0 0 2 1 0 0 2 1 0 1 0 1 0 2 1 2 1 0 0 2 2 0 0 0 1 1 0 2 1 1 1 2 2 1 1 1 0 2 1 1 0 1 1 2 2 1 0 0 1 1 2 2 0 0 1 1 0 2 2 0 0 1 2 2 2 1 1 1 2 0 2 2 2 1 0 1 1 1 0 2 2 0 1 1 2 2 0 0 0 2 1 0 1 1 0 1 1 1 2 1 0 0 2 1 0 0 2 1 0 1 0 1 0 2 1 2 1 0 0 2 2 0 0 0 1 1 0 2 1 1 1 2 2 1 1 1 0 2 1 1 0 1 1 2 2 1 0 0 1 1 2 2 0 0 1 1 0 2 2 0 0 1 2 2 2 1 1 1 2 0 2 2 2 1 0 1
-0.840789689528215 -0.0234790425223273 0.407635635740542 -0.977522555058995 1.17108808267921 -1 0 0 0 2 2 0 1 0 2 1 0 0 0 0 1 1 1 2 0 0 2 1 1 0 0 0 2 2 0 1 1 1 0 2 2 2 1 2 2 2 1 2 2 2 2 2 0 0 1 1 0 2 1 1 0 2 2 2 2 1 0 2 2 1 1 0 0 1 2 2 0 0 0 0 2 2 1 1 2 1 0 2 1 0 0 0 2 2 1 0 1 2 2 0 2 2 2 2 1 2 0 0 0 -2 -2 0 -1 0 -2 -1 0 0 0 0 -1 -1 -1 -2 0 0 -2 -1 -1 0 0 0 -2 -2 0 -1 -1 -1 0 -2 -2 -2 -1 -2 -2 -2 -1 -2 -2 -2 -2 -2 0 0 -1 -1 0 -2 -1 -1 0 -2 -2 -2 -2 -1 0 -2 -2 -1 -1 0 0 -1 -2 -2 0 0 0 0 -2 -2 -1 -1 -2 -1 0 -2 -1 0 0 0 -2 -2 -1 0 -1 -2 -2 0 -2 -2 -2 -2 -1 -2
-0.0804600610456381 -0.72452761768885 1.25789530264704 0.684052760495221 -0.148921932743755 -1 0 0 0 1 2 1 2 2 2 2 0 1 0 2 1 1 1 2 0 0 1 0 1 0 0 0 2 2 1 1 1 2 0 1 1 0 0 1 1 2 0 0 1 2 2 1 0 1 2 2 0 2 1 1 1 2 2 2 2 1 0 2 2 0 0 1 0 1 2 0 0 0 1 0 0 1 1 0 2 0 0 1 1 1 0 0 2 2 2 0 1 1 2 0 0 2 1 0 0 0 0 0 0 -1 -2 -1 -2 -2 -2 -2 0 -1 0 -2 -1 -1 -1 -2 0 0 -1 0 -1 0 0 0 -2 -2 -1 -1 -1 -2 0 -1 -1 0 0 -1 -1 -2 0 0 -1 -2 -2 -1 0 -1 -2 -2 0 -2 -1 -1 -1 -2 -2 -2 -2 -1 0 -2 -2 0 0 -1 0 -1 -2 0 0 0 -1 0 0 -1 -1 0 -2 0 0 -1 -1 -1 0 0 -2 -2 -2 0 -1 -1 -2 0 0 -2 -1 0 0 0
0.334691391167047 -0.0572782572822307 0.587864992367142 0.547832177461093 0.0672779647586984 1 0 0 1 2 2 0 2 1 2 1 0 0 0 1 0 0 1 2 0 1 2 2 2 1 0 0 2 2 1 1 1 1 0 0 0 2 0 1 0 2 1 2 0 2 2 0 0 1 1 2 0 2 0 1 0 1 2 2 1 1 0 2 0 1 1 0 0 1 2 0 0 0 0 0 2 2 2 2 2 2 1 2 2 1 1 1 2 2 0 0 2 1 1 0 2 2 2 0 0 1 0 0 1 2 2 0 2 1 2 1 0 0 0 1 0 0 1 2 0 1 2 2 2 1 0 0 2 2 1 1 1 1 0 0 0 2 0 1 0 2 1 2 0 2 2 0 0 1 1 2 0 2 0 1 0 1 2 2 1 1 0 2 0 1 1 0 0 1 2 0 0 0 0 0 2 2 2 2 2 2 1 2 2 1 1 1 2 2 0 0 2 1 1 0 2 2 2 0 0 1
-0.290446615567329 1.09442705771549 -0.245618558357739 2.19609604265547 0.261574612964042 -1 0 1 0 2 2 1 1 1 2 2 0 0 0 0 0 0 2 2 0 1 1 1 2 1 0 0 2 2 1 1 1 1 0 0 0 1 1 1 0 1 0 0 1 2 2 1 0 0 1 2 0 2 2 2 0 2 2 2 1 1 0 2 2 2 1 0 1 1 2 1 0 0 0 0 2 1 1 0 2 1 0 1 2 1 1 1 2 2 2 1 1 1 2 1 2 2 2 1 0 2 0 -1 0 -2 -2 -1 -1 -1 -2 -2 0 0 0 0 0 0 -2 -2 0 -1 -1 -1 -2 -1 0 0 -2 -2 -1 -1 -1 -1 0 0 0 -1 -1 -1 0 -1 0 0 -1 -2 -2 -1 0 0 -1 -2 0 -2 -2 -2 0 -2 -2 -2 -1 -1 0 -2 -2 -2 -1 0 -1 -1 -2 -1 0 0 0 0 -2 -1 -1 0 -2 -1 0 -1 -2 -1 -1 -1 -2 -2 -2 -1 -1 -1 -2 -1 -2 -2 -2 -1 0 -2
0.172006054975585 -0.0668259646652976 1.64499842784429 -1.53071009781495 1.26616484568593 1 0 0 0 2 2 0 0 0 1 1 0 2 1 2 0 0 0 2 0 0 1 0 1 1 0 0 2 2 0 0 1 1 0 1 2 2 1 2 1 2 1 2 2 2 2 1 0 0 1 1 0 2 1 0 0 1 2 1 0 0 0 2 1 1 0 0 0 0 0 1 0 0 1 1 2 0 1 0 2 2 0 2 2 0 1 0 2 1 1 1 1 1 0 1 2 2 2 1 1 2 0 0 0 2 2 0 0 0 1 1 0 2 1 2 0 0 0 2 0 0 1 0 1 1 0 0 2 2 0 0 1 1 0 1 2 2 1 2 1 2 1 2 2 2 2 1 0 0 1 1 0 2 1 0 0 1 2 1 0 0 0 2 1 1 0 0 0 0 0 1 0 0 1 1 2 0 1 0 2 2 0 2 2 0 1 0 2 1 1 1 1 1 0 1 2 2 2 1 1 2
-0.10794879331999 -0.515056106583979 0.163448248737035 0.139277929781479 0.236334161136578 1 2 1 0 1 2 1 2 1 2 1 0 1 0 1 0 0 1 0 0 0 1 0 0 0 0 0 2 2 1 0 1 1 0 0 1 1 1 2 2 2 0 0 1 2 2 1 0 0 0 1 0 2 0 0 0 2 2 1 0 0 0 2 0 1 0 2 2 2 2 1 0 0 0 0 2 2 0 0 2 1 0 1 2 2 1 1 2 2 1 0 2 2 2 1 2 2 2 2 0 2 2 1 0 1 2 1 2 1 2 1 0 1 0 1 0 0 1 0 0 0 1 0 0 0 0 0 2 2 1 0 1 1 0 0 1 1 1 2 2 2 0 0 1 2 2 1 0 0 0 1 0 2 0 0 0 2 2 1 0 0 0 2 0 1 0 2 2 2 2 1 0 0 0 0 2 2 0 0 2 1 0 1 2 2 1 1 2 2 1 0 2 2 2 1 2 2 2 2 0 2
-0.961593469253065 1.11925195984044 2.32135138495579 0.801023936374839 0.149805970256098 1 1 0 0 2 2 2 2 2 2 1 0 0 0 1 1 1 2 2 0 2 2 2 2 1 0 0 2 1 0 2 1 1 0 1 1 1 0 1 0 1 1 1 1 2 2 1 0 1 2 2 0 2 2 2 1 1 2 2 1 1 0 1 1 1 0 0 0 2 2 0 0 1 0 0 2 2 0 1 2 2 0 1 1 1 0 0 2 1 0 0 1 0 1 0 2 1 0 0 0 2 1 0 0 2 2 2 2 2 2 1 0 0 0 1 1 1 2 2 0 2 2 2 2 1 0 0 2 1 0 2 1 1 0 1 1 1 0 1 0 1 1 1 1 2 2 1 0 1 2 2 0 2 2 2 1 1 2 2 1 1 0 1 1 1 0 0 0 2 2 0 0 1 0 0 2 2 0 1 2 2 0 1 1 1 0 0 2 1 0 0 1 0 1 0 2 1 0 0 0 2
-1.14258506180362 0.841911209631921 1.64737781312883 -0.605958802031234 0.0412811801172252 -1 0 1 0 2 2 1 0 1 2 2 0 0 0 2 1 0 1 2 0 1 2 2 2 1 0 0 2 2 0 1 0 1 0 0 0 1 1 1 1 2 1 2 1 2 2 0 0 0 0 1 0 2 2 1 0 2 2 2 1 1 0 2 2 1 0 0 0 1 2 1 0 0 1 1 2 2 1 2 2 2 0 1 2 1 0 0 2 1 0 0 2 1 2 0 1 1 2 0 1 1 0 -1 0 -2 -2 -1 0 -1 -2 -2 0 0 0 -2 -1 0 -1 -2 0 -1 -2 -2 -2 -1 0 0 -2 -2 0 -1 0 -1 0 0 0 -1 -1 -1 -1 -2 -1 -2 -1 -2 -2 0 0 0 0 -1 0 -2 -2 -1 0 -2 -2 -2 -1 -1 0 -2 -2 -1 0 0 0 -1 -2 -1 0 0 -1 -1 -2 -2 -1 -2 -2 -2 0 -1 -2 -1 0 0 -2 -1 0 0 -2 -1 -2 0 -1 -1 -2 0 -1 -1
0.441387121744805 -0.115009023048113 0.391881101127985 0.435311353599327 0.611690764333592 1 0 0 0 0 1 1 1 0 1 2 0 0 0 2 1 0 1 1 0 2 2 2 1 0 0 0 2 1 0 1 1 2 1 1 1 1 1 2 1 2 1 2 2 2 2 1 0 1 0 0 0 1 1 1 1 2 2 1 2 1 0 0 0 0 0 0 0 1 2 2 0 0 0 1 1 2 1 0 2 1 0 0 2 1 1 0 2 1 0 0 1 2 0 0 0 0 2 1 2 2 0 0 0 0 1 1 1 0 1 2 0 0 0 2 1 0 1 1 0 2 2 2 1 0 0 0 2 1 0 1 1 2 1 1 1 1 1 2 1 2 1 2 2 2 2 1 0 1 0 0 0 1 1 1 1 2 2 1 2 1 0 0 0 0 0 0 0 1 2 2 0 0 0 1 1 2 1 0 2 1 0 0 2 1 1 0 2 1 0 0 1 2 0 0 0 0 2 1 2 2
0.881562038342947 0.599055753625624 -1.6536270288374 -0.970853090855261 0.350328621903982 1 0 1 1 2 2 2 1 2 2 2 0 0 0 1 0 0 2 2 0 2 2 2 2 1 0 1 2 2 0 1 1 1 1 2 1 2 1 2 1 2 0 0 1 2 2 1 0 0 2 1 0 2 1 1 0 2 1 2 2 0 0 2 0 1 0 0 1 1 2 1 0 1 0 0 1 2 1 0 2 1 0 2 2 0 0 0 2 1 0 0 1 1 1 1 2 2 2 1 1 0 0 1 1 2 2 2 1 2 2 2 0 0 0 1 0 0 2 2 0 2 2 2 2 1 0 1 2 2 0 1 1 1 1 2 1 2 1 2 1 2 0 0 1 2 2 1 0 0 2 1 0 2 1 1 0 2 1 2 2 0 0 2 0 1 0 0 1 1 2 1 0 1 0 0 1 2 1 0 2 1 0 2 2 0 0 0 2 1 0 0 1 1 1 1 2 2 2 1 1 0
0.732061749583048 2.17285201384193 0.534642303425623 0.416355023849409 -0.109030407193072 -1 0 0 1 2 2 2 1 1 2 2 0 0 0 1 0 0 0 2 0 1 2 1 1 2 0 0 2 2 1 0 1 2 2 2 2 1 0 2 0 2 0 0 0 2 2 0 0 0 2 2 0 2 1 1 0 2 2 1 1 0 0 1 1 0 0 0 0 1 2 1 0 0 0 1 2 2 2 0 2 2 0 2 2 2 0 1 2 2 0 0 2 2 0 0 0 1 2 0 0 1 0 0 -1 -2 -2 -2 -1 -1 -2 -2 0 0 0 -1 0 0 0 -2 0 -1 -2 -1 -1 -2 0 0 -2 -2 -1 0 -1 -2 -2 -2 -2 -1 0 -2 0 -2 0 0 0 -2 -2 0 0 0 -2 -2 0 -2 -1 -1 0 -2 -2 -1 -1 0 0 -1 -1 0 0 0 0 -1 -2 -1 0 0 0 -1 -2 -2 -2 0 -2 -2 0 -2 -2 -2 0 -1 -2 -2 0 0 -2 -2 0 0 0 -1 -2 0 0 -1
-0.354941088452558 1.69408705950427 2.09229821433582 0.74534471049182 0.509898538046854 -1 0 0 1 2 2 2 2 2 2 2 0 0 0 2 0 0 2 2 0 0 1 1 2 1 0 1 2 2 1 1 2 2 2 1 1 1 1 1 0 2 0 0 0 2 2 1 0 0 0 0 0 0 0 1 0 2 2 1 1 1 0 2 1 1 0 0 1 1 2 1 0 0 1 1 2 2 1 1 2 1 0 1 2 1 1 0 2 2 2 0 1 2 2 0 2 2 2 0 0 0 0 0 -1 -2 -2 -2 -2 -2 -2 -2 0 0 0 -2 0 0 -2 -2 0 0 -1 -1 -2 -1 0 -1 -2 -2 -1 -1 -2 -2 -2 -1 -1 -1 -1 -1 0 -2 0 0 0 -2 -2 -1 0 0 0 0 0 0 0 -1 0 -2 -2 -1 -1 -1 0 -2 -1 -1 0 0 -1 -1 -2 -1 0 0 -1 -1 -2 -2 -1 -1 -2 -1 0 -1 -2 -1 -1 0 -2 -2 -2 0 -1 -2 -2 0 -2 -2 -2 0 0 0
1.71039766864531 0.441809438198067 -0.417951744302745 -0.561003253541217 -0.788172394895571 -1 1 0 0 2 2 2 2 1 2 2 0 1 0 1 0 1 2 2 0 2 2 1 2 1 0 1 2 1 0 0 1 1 0 1 2 1 0 2 1 2 1 0 0 2 2 2 0 0 0 1 0 1 1 1 0 2 2 2 2 0 0 2 1 1 0 0 0 1 2 1 0 0 1 0 2 2 1 1 2 2 0 2 2 2 1 1 2 2 1 1 2 1 1 0 1 2 2 0 0 1 -1 0 0 -2 -2 -2 -2 -1 -2 -2 0 -1 0 -1 0 -1 -2 -2 0 -2 -2 -1 -2 -1 0 -1 -2 -1 0 0 -1 -1 0 -1 -2 -1 0 -2 -1 -2 -1 0 0 -2 -2 -2 0 0 0 -1 0 -1 -1 -1 0 -2 -2 -2 -2 0 0 -2 -1 -1 0 0 0 -1 -2 -1 0 0 -1 0 -2 -2 -1 -1 -2 -2 0 -2 -2 -2 -1 -1 -2 -2 -1 -1 -2 -1 -1 0 -1 -2 -2 0 0 -1
-2.76241105845132 -0.143251691364102 2.01472580862373 0.405183683315711 -0.567862420078773 -1 1 1 0 2 2 2 2 0 2 2 0 0 0 1 1 1 2 2 0 2 1 0 1 1 0 0 2 2 1 2 0 1 0 1 2 1 0 1 0 2 0 0 1 2 2 0 0 0 0 1 0 2 2 2 2 2 2 2 2 0 0 2 1 1 1 1 0 1 2 2 1 1 0 0 2 2 1 0 2 2 0 2 2 2 1 1 2 2 0 0 1 0 2 0 1 2 2 0 0 0 -1 -1 0 -2 -2 -2 -2 0 -2 -2 0 0 0 -1 -1 -1 -2 -2 0 -2 -1 0 -1 -1 0 0 -2 -2 -1 -2 0 -1 0 -1 -2 -1 0 -1 0 -2 0 0 -1 -2 -2 0 0 0 0 -1 0 -2 -2 -2 -2 -2 -2 -2 -2 0 0 -2 -1 -1 -1 -1 0 -1 -2 -2 -1 -1 0 0 -2 -2 -1 0 -2 -2 0 -2 -2 -2 -1 -1 -2 -2 0 0 -1 0 -2 0 -1 -2 -2 0 0 0
-2.25712565942716 0.0123207546458974 1.05030674852398 -0.374912604275348 1.26873050279659 1 1 0 1 2 2 1 1 1 2 2 0 0 0 2 1 1 2 2 0 1 2 0 0 0 0 0 2 2 0 0 0 1 0 0 1 0 0 1 1 2 0 1 0 2 2 0 0 1 0 1 0 2 2 1 0 2 2 1 1 1 0 2 2 1 0 0 0 1 2 1 0 0 1 1 2 2 0 0 2 0 0 2 2 0 0 0 2 2 0 0 2 1 2 0 2 2 2 1 1 1 1 0 1 2 2 1 1 1 2 2 0 0 0 2 1 1 2 2 0 1 2 0 0 0 0 0 2 2 0 0 0 1 0 0 1 0 0 1 1 2 0 1 0 2 2 0 0 1 0 1 0 2 2 1 0 2 2 1 1 1 0 2 2 1 0 0 0 1 2 1 0 0 1 1 2 2 0 0 2 0 0 2 2 0 0 0 2 2 0 0 2 1 2 0 2 2 2 1 1 1
0.256396787658325 -0.169800864291384 -1.40707434108917 0.291292799446005 1.19818492475169 -1 2 2 1 2 2 1 2 2 2 2 0 0 0 1 0 0 0 2 0 1 1 0 2 1 0 0 2 1 0 1 1 2 1 2 1 1 0 2 1 2 0 1 1 2 2 2 0 0 0 2 0 2 2 1 0 2 2 2 1 2 0 2 1 0 1 0 1 2 2 0 0 0 0 0 0 2 1 0 2 1 0 2 2 1 1 1 2 2 2 0 1 1 1 0 1 1 1 0 0 2 -2 -2 -1 -2 -2 -1 -2 -2 -2 -2 0 0 0 -1 0 0 0 -2 0 -1 -1 0 -2 -1 0 0 -2 -1 0 -1 -1 -2 -1 -2 -1 -1 0 -2 -1 -2 0 -1 -1 -2 -2 -2 0 0 0 -2 0 -2 -2 -1 0 -2 -2 -2 -1 -2 0 -2 -1 0 -1 0 -1 -2 -2 0 0 0 0 0 0 -2 -1 0 -2 -1 0 -2 -2 -1 -1 -1 -2 -2 -2 0 -1 -1 -1 0 -1 -1 -1 0 0 -2
-1.40773095274732 1.63692560440015 0.271567431353729 -0.0012191553853086 0.45982333542583 -1 0 1 0 1 2 2 1 2 2 2 0 0 0 2 2 1 1 2 0 1 1 0 1 1 0 0 2 2 1 2 1 1 0 1 1 2 0 2 0 1 0 1 1 2 2 0 0 0 1 2 0 2 2 1 0 1 2 2 2 1 0 2 1 1 0 1 1 2 2 1 1 1 0 1 1 2 1 0 2 1 0 2 2 2 0 0 2 2 1 0 1 1 1 0 2 2 2 2 1 2 0 -1 0 -1 -2 -2 -1 -2 -2 -2 0 0 0 -2 -2 -1 -1 -2 0 -1 -1 0 -1 -1 0 0 -2 -2 -1 -2 -1 -1 0 -1 -1 -2 0 -2 0 -1 0 -1 -1 -2 -2 0 0 0 -1 -2 0 -2 -2 -1 0 -1 -2 -2 -2 -1 0 -2 -1 -1 0 -1 -1 -2 -2 -1 -1 -1 0 -1 -1 -2 -1 0 -2 -1 0 -2 -2 -2 0 0 -2 -2 -1 0 -1 -1 -1 0 -2 -2 -2 -2 -1 -2
-0.563972010363148 -0.534006831675671 0.0376651141064517 1.41998441696773 -0.0158342789867804 1 0 1 0 2 2 0 1 0 1 1 0 1 0 2 0 0 1 1 0 0 0 0 0 0 0 0 2 1 0 1 2 2 1 1 1 1 0 2 0 2 0 1 1 2 2 0 0 0 1 1 0 2 1 2 0 2 2 2 1 0 0 2 0 0 0 0 0 1 2 2 0 0 1 1 1 1 1 0 2 2 0 1 2 1 0 0 2 2 0 0 0 2 2 0 1 2 2 1 1 1 0 1 0 2 2 0 1 0 1 1 0 1 0 2 0 0 1 1 0 0 0 0 0 0 0 0 2 1 0 1 2 2 1 1 1 1 0 2 0 2 0 1 1 2 2 0 0 0 1 1 0 2 1 2 0 2 2 2 1 0 0 2 0 0 0 0 0 1 2 2 0 0 1 1 1 1 1 0 2 2 0 1 2 1 0 0 2 2 0 0 0 2 2 0 1 2 2 1 1 1
0.465736841396334 2.0762699062986 -2.43316682512403 -1.79246149872099 0.780813903993203 1 0 1 2 2 2 2 2 0 2 2 0 0 0 0 0 1 1 2 0 0 2 0 2 2 0 0 2 2 2 2 2 2 0 2 1 1 0 2 1 1 0 1 1 2 2 1 0 0 1 1 0 2 1 1 0 2 2 1 1 0 0 1 1 0 1 0 0 1 2 0 0 1 0 1 2 2 2 1 2 0 0 1 2 1 1 0 2 1 0 0 2 1 1 0 1 1 0 0 0 1 0 1 2 2 2 2 2 0 2 2 0 0 0 0 0 1 1 2 0 0 2 0 2 2 0 0 2 2 2 2 2 2 0 2 1 1 0 2 1 1 0 1 1 2 2 1 0 0 1 1 0 2 1 1 0 2 2 1 1 0 0 1 1 0 1 0 0 1 2 0 0 1 0 1 2 2 2 1 2 0 0 1 2 1 1 0 2 1 0 0 2 1 1 0 1 1 0 0 0 1
-1.15731526751346 0.554719165353292 0.957080637791291 0.528574567022806 1.1196882310607 1 2 1 0 2 2 1 2 1 2 2 0 0 0 1 0 0 1 2 0 2 2 1 2 2 0 0 2 2 0 1 2 2 1 1 0 1 0 2 0 2 0 1 2 2 2 2 0 0 1 2 0 2 0 0 0 2 2 2 0 0 1 2 2 2 2 1 2 2 2 2 0 0 1 1 2 2 1 0 1 0 0 1 2 2 1 0 2 2 0 0 0 0 1 0 2 2 2 0 0 2 2 1 0 2 2 1 2 1 2 2 0 0 0 1 0 0 1 2 0 2 2 1 2 2 0 0 2 2 0 1 2 2 1 1 0 1 0 2 0 2 0 1 2 2 2 2 0 0 1 2 0 2 0 0 0 2 2 2 0 0 1 2 2 2 2 1 2 2 2 2 0 0 1 1 2 2 1 0 1 0 0 1 2 2 1 0 2 2 0 0 0 0 1 0 2 2 2 0 0 2
0.560201557701019 1.01863361717684 0.313548528070318 -0.980870516678594 1.98524913190833 1 1 1 2 2 2 2 1 1 2 1 0 0 0 2 0 1 2 2 0 1 1 0 1 2 0 0 2 2 2 1 1 2 1 1 1 0 0 1 2 2 0 1 1 2 2 1 0 0 0 0 0 2 1 2 0 2 2 2 1 1 0 1 1 1 1 2 1 1 2 1 0 1 0 0 2 1 0 0 2 0 0 2 1 1 2 1 2 2 1 1 2 1 1 0 2 2 2 2 2 2 1 1 2 2 2 2 1 1 2 1 0 0 0 2 0 1 2 2 0 1 1 0 1 2 0 0 2 2 2 1 1 2 1 1 1 0 0 1 2 2 0 1 1 2 2 1 0 0 0 0 0 2 1 2 0 2 2 2 1 1 0 1 1 1 1 2 1 1 2 1 0 1 0 0 2 1 0 0 2 0 0 2 1 1 2 1 2 2 1 1 2 1 1 0 2 2 2 2 2 2
0.617481449103856 1.41611695913665 1.15857874367758 -1.27117152884042 -0.0085774957303018 -1 0 1 0 1 2 1 1 2 2 2 0 1 0 0 0 0 0 2 0 2 2 1 1 1 0 0 2 2 1 0 1 1 1 1 0 0 0 2 2 2 1 0 0 1 2 1 0 0 1 2 0 2 1 2 2 2 2 2 2 0 0 2 2 1 0 0 2 2 2 2 0 0 0 0 2 2 2 0 2 2 0 1 1 1 1 0 2 2 1 1 1 0 0 0 1 0 1 0 0 1 0 -1 0 -1 -2 -1 -1 -2 -2 -2 0 -1 0 0 0 0 0 -2 0 -2 -2 -1 -1 -1 0 0 -2 -2 -1 0 -1 -1 -1 -1 0 0 0 -2 -2 -2 -1 0 0 -1 -2 -1 0 0 -1 -2 0 -2 -1 -2 -2 -2 -2 -2 -2 0 0 -2 -2 -1 0 0 -2 -2 -2 -2 0 0 0 0 -2 -2 -2 0 -2 -2 0 -1 -1 -1 -1 0 -2 -2 -1 -1 -1 0 0 0 -1 0 -1 0 0 -1
-1.58874238028864 -0.379369569183484 -2.21029529217951 1.62284450400626 0.796444970499507 -1 1 1 1 2 2 0 1 1 2 2 0 0 0 2 1 0 1 1 0 1 2 1 2 1 0 0 2 2 0 0 2 2 1 1 0 1 0 0 0 2 1 0 0 2 2 2 0 0 1 2 0 2 2 2 2 1 2 1 0 0 0 2 0 1 0 0 0 2 2 2 0 0 0 0 1 2 1 1 2 1 0 1 1 0 0 1 2 2 0 0 1 0 1 0 1 1 2 1 0 1 -1 -1 -1 -2 -2 0 -1 -1 -2 -2 0 0 0 -2 -1 0 -1 -1 0 -1 -2 -1 -2 -1 0 0 -2 -2 0 0 -2 -2 -1 -1 0 -1 0 0 0 -2 -1 0 0 -2 -2 -2 0 0 -1 -2 0 -2 -2 -2 -2 -1 -2 -1 0 0 0 -2 0 -1 0 0 0 -2 -2 -2 0 0 0 0 -1 -2 -1 -1 -2 -1 0 -1 -1 0 0 -1 -2 -2 0 0 -1 0 -1 0 -1 -1 -2 -1 0 -1
-2.0483903277522 -1.18752981566598 -1.87595336566467 -0.0745902278312955 0.602447007051589 -1 0 1 1 2 2 1 0 1 2 1 0 0 0 2 0 0 1 2 0 1 2 0 1 0 0 0 2 2 2 2 0 2 0 0 0 0 0 2 0 2 0 0 1 2 2 2 0 0 0 1 0 1 1 1 0 1 1 2 2 0 0 1 1 1 1 0 0 2 2 1 0 0 1 1 1 2 0 0 2 2 0 2 2 1 0 0 2 1 0 0 1 1 2 0 0 2 2 0 0 0 0 -1 -1 -2 -2 -1 0 -1 -2 -1 0 0 0 -2 0 0 -1 -2 0 -1 -2 0 -1 0 0 0 -2 -2 -2 -2 0 -2 0 0 0 0 0 -2 0 -2 0 0 -1 -2 -2 -2 0 0 0 -1 0 -1 -1 -1 0 -1 -1 -2 -2 0 0 -1 -1 -1 -1 0 0 -2 -2 -1 0 0 -1 -1 -1 -2 0 0 -2 -2 0 -2 -2 -1 0 0 -2 -1 0 0 -1 -1 -2 0 0 -2 -2 0 0 0
-0.425118790677356 -0.0798648412234417 -0.422861260258707 -0.649899175142867 -0.67932398127454 1 0 0 0 2 2 2 1 1 2 2 0 0 0 2 1 1 2 0 0 1 2 0 0 0 0 0 2 2 0 1 1 1 0 1 1 1 0 1 0 2 1 0 2 2 2 1 0 0 0 1 0 2 1 1 0 2 2 2 2 1 0 2 2 1 1 1 1 1 2 1 0 0 1 1 2 2 0 1 2 2 0 2 2 1 1 1 2 2 2 1 2 2 2 0 2 2 2 1 1 1 0 0 0 2 2 2 1 1 2 2 0 0 0 2 1 1 2 0 0 1 2 0 0 0 0 0 2 2 0 1 1 1 0 1 1 1 0 1 0 2 1 0 2 2 2 1 0 0 0 1 0 2 1 1 0 2 2 2 2 1 0 2 2 1 1 1 1 1 2 1 0 0 1 1 2 2 0 1 2 2 0 2 2 1 1 1 2 2 2 1 2 2 2 0 2 2 2 1 1 1
-1.77529750190937 0.675407543242696 -1.65455081351754 -1.16238459673296 -0.455490245565596 -1 0 2 0 1 2 2 2 2 2 2 0 0 0 1 1 1 1 2 0 1 1 1 1 0 0 0 2 2 1 1 1 1 0 0 0 1 0 1 1 2 0 1 1 2 2 0 0 1 2 2 1 2 1 1 0 2 2 2 2 0 0 2 2 2 0 0 0 2 2 2 0 0 1 1 2 1 1 0 1 1 0 1 2 1 0 0 2 1 0 0 2 1 2 1 2 2 2 1 0 1 0 -2 0 -1 -2 -2 -2 -2 -2 -2 0 0 0 -1 -1 -1 -1 -2 0 -1 -1 -1 -1 0 0 0 -2 -2 -1 -1 -1 -1 0 0 0 -1 0 -1 -1 -2 0 -1 -1 -2 -2 0 0 -1 -2 -2 -1 -2 -1 -1 0 -2 -2 -2 -2 0 0 -2 -2 -2 0 0 0 -2 -2 -2 0 0 -1 -1 -2 -1 -1 0 -1 -1 0 -1 -2 -1 0 0 -2 -1 0 0 -2 -1 -2 -1 -2 -2 -2 -1 0 -1
-0.188294414875889 0.151766452424884 1.72795405689251 0.307615986276971 0.518964291853982 -1 1 1 1 2 2 2 2 2 2 2 0 0 0 0 0 1 1 2 0 1 2 1 2 1 0 0 2 2 1 1 1 2 0 1 0 1 0 2 1 2 1 2 2 2 2 1 0 0 1 2 0 2 1 1 0 2 2 2 1 0 0 2 2 1 0 1 0 0 2 2 0 1 1 1 2 2 1 0 2 1 0 2 2 1 1 1 2 2 1 0 2 0 1 0 2 2 2 2 0 1 -1 -1 -1 -2 -2 -2 -2 -2 -2 -2 0 0 0 0 0 -1 -1 -2 0 -1 -2 -1 -2 -1 0 0 -2 -2 -1 -1 -1 -2 0 -1 0 -1 0 -2 -1 -2 -1 -2 -2 -2 -2 -1 0 0 -1 -2 0 -2 -1 -1 0 -2 -2 -2 -1 0 0 -2 -2 -1 0 -1 0 0 -2 -2 0 -1 -1 -1 -2 -2 -1 0 -2 -1 0 -2 -2 -1 -1 -1 -2 -2 -1 0 -2 0 -1 0 -2 -2 -2 -2 0 -1
-1.93419794972985 -0.671162551358908 -1.34221372584803 -0.936880009526028 1.45377386418044 -1 0 0 0 2 2 2 2 2 2 2 0 0 0 1 0 0 1 1 0 1 2 1 1 0 0 0 2 0 0 1 1 1 0 0 0 0 0 1 1 2 0 1 2 2 2 2 0 0 0 0 0 1 0 1 0 2 2 1 1 1 0 2 1 1 0 1 0 1 1 0 0 1 1 0 2 2 1 1 2 0 0 1 1 0 0 0 2 1 0 0 0 1 2 1 1 1 2 0 0 1 0 0 0 -2 -2 -2 -2 -2 -2 -2 0 0 0 -1 0 0 -1 -1 0 -1 -2 -1 -1 0 0 0 -2 0 0 -1 -1 -1 0 0 0 0 0 -1 -1 -2 0 -1 -2 -2 -2 -2 0 0 0 0 0 -1 0 -1 0 -2 -2 -1 -1 -1 0 -2 -1 -1 0 -1 0 -1 -1 0 0 -1 -1 0 -2 -2 -1 -1 -2 0 0 -1 -1 0 0 0 -2 -1 0 0 0 -1 -2 -1 -1 -1 -2 0 0 -1
-0.131426254272843 -1.20788292788823 -0.0362756236557819 3.24011181525529 0.378869256747687 1 0 0 0 2 2 2 2 2 2 2 0 0 0 0 0 1 1 2 0 2 2 1 1 1 0 1 2 2 0 0 0 1 0 0 0 0 0 1 1 2 0 1 1 2 2 2 0 0 0 1 0 2 0 1 0 2 2 1 0 0 0 1 1 0 0 0 0 1 2 1 0 1 0 1 2 2 1 0 1 2 0 0 1 0 1 1 2 2 1 2 1 1 2 1 2 2 2 2 2 2 0 0 0 2 2 2 2 2 2 2 0 0 0 0 0 1 1 2 0 2 2 1 1 1 0 1 2 2 0 0 0 1 0 0 0 0 0 1 1 2 0 1 1 2 2 2 0 0 0 1 0 2 0 1 0 2 2 1 0 0 0 1 1 0 0 0 0 1 2 1 0 1 0 1 2 2 1 0 1 2 0 0 1 0 1 1 2 2 1 2 1 1 2 1 2 2 2 2 2 2
-0.397483717063828 0.482723265097739 -0.51502192794906 -1.66127650956824 -1.32049673473976 1 1 1 0 2 2 2 1 1 1 2 0 0 0 0 0 0 0 1 0 0 1 0 0 0 0 0 2 1 0 0 0 0 0 0 1 2 0 2 0 2 0 1 1 2 2 0 0 1 2 2 0 2 1 1 0 2 2 1 1 0 0 2 2 1 0 0 0 1 1 0 0 0 0 0 2 2 1 0 2 0 0 2 2 1 0 1 2 2 1 0 2 1 1 0 1 1 2 1 0 1 1 1 0 2 2 2 1 1 1 2 0 0 0 0 0 0 0 1 0 0 1 0 0 0 0 0 2 1 0 0 0 0 0 0 1 2 0 2 0 2 0 1 1 2 2 0 0 1 2 2 0 2 1 1 0 2 2 1 1 0 0 2 2 1 0 0 0 1 1 0 0 0 0 0 2 2 1 0 2 0 0 2 2 1 0 1 2 2 1 0 2 1 1 0 1 1 2 1 0 1
1.25353677919145 -0.893085908591241 0.656013658119242 0.83739919534056 0.956071396584493 1 0 0 0 1 2 2 2 1 2 2 0 0 0 2 0 1 2 2 0 2 2 1 1 2 0 0 2 2 0 0 1 2 1 0 1 2 1 2 2 1 1 2 2 2 2 1 0 0 0 1 0 2 1 2 0 2 2 1 0 0 0 1 2 1 0 0 0 1 2 0 0 1 0 1 2 2 2 0 2 1 0 2 1 1 1 1 2 2 2 0 0 0 1 0 1 1 2 0 0 1 0 0 0 1 2 2 2 1 2 2 0 0 0 2 0 1 2 2 0 2 2 1 1 2 0 0 2 2 0 0 1 2 1 0 1 2 1 2 2 1 1 2 2 2 2 1 0 0 0 1 0 2 1 2 0 2 2 1 0 0 0 1 2 1 0 0 0 1 2 0 0 1 0 1 2 2 2 0 2 1 0 2 1 1 1 1 2 2 2 0 0 0 1 0 1 1 2 0 0 1
0.0605122489063824 0.175833483630385 -2.05495921773394 -0.214838991981767 -0.393826962942936 -1 0 1 1 2 2 1 1 0 2 2 0 0 0 1 0 0 1 2 0 1 2 1 0 0 0 0 2 1 0 0 0 0 0 0 0 1 0 1 1 2 0 2 1 2 2 0 0 0 2 2 0 2 1 0 0 2 2 1 1 1 0 2 1 1 1 0 0 0 2 1 0 1 1 0 2 2 2 0 2 1 0 1 2 0 0 0 2 2 0 0 0 0 1 0 0 1 1 0 0 1 0 -1 -1 -2 -2 -1 -1 0 -2 -2 0 0 0 -1 0 0 -1 -2 0 -1 -2 -1 0 0 0 0 -2 -1 0 0 0 0 0 0 0 -1 0 -1 -1 -2 0 -2 -1 -2 -2 0 0 0 -2 -2 0 -2 -1 0 0 -2 -2 -1 -1 -1 0 -2 -1 -1 -1 0 0 0 -2 -1 0 -1 -1 0 -2 -2 -2 0 -2 -1 0 -1 -2 0 0 0 -2 -2 0 0 0 0 -1 0 0 -1 -1 0 0 -1
-0.0317906650822259 -0.280343302274172 0.845977460870558 1.67646800367779 -0.252882960550408 1 1 0 0 2 1 0 1 1 2 2 1 0 1 2 1 1 1 2 0 2 2 2 2 1 0 0 2 1 0 1 1 2 0 0 1 1 1 1 0 1 0 0 0 1 2 0 0 0 1 2 0 2 0 0 0 2 2 2 2 1 0 2 2 2 0 0 0 1 2 2 0 0 0 0 2 1 1 1 2 1 0 1 1 1 0 1 2 2 1 0 2 1 2 0 1 1 1 1 1 2 1 0 0 2 1 0 1 1 2 2 1 0 1 2 1 1 1 2 0 2 2 2 2 1 0 0 2 1 0 1 1 2 0 0 1 1 1 1 0 1 0 0 0 1 2 0 0 0 1 2 0 2 0 0 0 2 2 2 2 1 0 2 2 2 0 0 0 1 2 2 0 0 0 0 2 1 1 1 2 1 0 1 1 1 0 1 2 2 1 0 2 1 2 0 1 1 1 1 1 2
-1.20638533527381 0.324399263888354 1.75312139279958 -0.766620224819301 0.241642541996601 -1 1 2 0 2 2 2 2 1 2 1 0 2 0 1 1 0 2 2 0 0 2 2 1 0 0 0 2 2 0 0 1 2 0 0 0 1 0 0 1 2 1 1 1 2 2 1 0 0 0 1 0 2 0 1 1 2 2 2 1 1 0 2 1 1 0 1 0 1 2 2 0 1 0 1 2 2 2 1 2 2 0 1 1 0 1 0 2 1 0 0 1 1 2 0 1 1 2 2 2 2 -1 -2 0 -2 -2 -2 -2 -1 -2 -1 0 -2 0 -1 -1 0 -2 -2 0 0 -2 -2 -1 0 0 0 -2 -2 0 0 -1 -2 0 0 0 -1 0 0 -1 -2 -1 -1 -1 -2 -2 -1 0 0 0 -1 0 -2 0 -1 -1 -2 -2 -2 -1 -1 0 -2 -1 -1 0 -1 0 -1 -2 -2 0 -1 0 -1 -2 -2 -2 -1 -2 -2 0 -1 -1 0 -1 0 -2 -1 0 0 -1 -1 -2 0 -1 -1 -2 -2 -2 -2
0.031844390912698 0.806010439784999 -1.50894325814422 -0.324227827510113 0.124287359732359 1 1 2 1 2 2 2 2 1 2 2 0 0 0 0 0 0 2 1 0 0 1 1 2 0 0 0 2 1 0 0 1 2 1 1 1 1 0 2 1 2 0 0 1 2 2 1 0 1 1 1 0 2 1 2 1 2 2 2 1 1 0 2 2 1 1 2 1 1 0 0 0 0 0 0 2 2 0 0 1 1 0 1 2 0 0 0 2 2 1 0 0 1 1 0 1 2 2 0 0 1 1 2 1 2 2 2 2 1 2 2 0 0 0 0 0 0 2 1 0 0 1 1 2 0 0 0 2 1 0 0 1 2 1 1 1 1 0 2 1 2 0 0 1 2 2 1 0 1 1 1 0 2 1 2 1 2 2 2 1 1 0 2 2 1 1 2 1 1 0 0 0 0 0 0 2 2 0 0 1 1 0 1 2 0 0 0 2 2 1 0 0 1 1 0 1 2 2 0 0 1
0.940353445799003 1.01759095093667 1.4812703936784 -0.553539393251591 -1.211457546887 1 0 1 1 2 2 2 2 1 2 2 0 0 0 1 1 2 2 2 0 2 2 1 2 2 1 1 2 1 1 1 0 1 0 0 0 0 0 2 1 2 1 2 1 2 2 1 0 1 1 1 0 2 2 1 0 2 2 2 2 1 0 1 0 0 0 0 1 2 2 1 0 0 0 0 2 2 1 0 2 1 0 1 1 0 0 0 2 2 1 0 1 1 1 0 1 2 2 1 1 1 0 1 1 2 2 2 2 1 2 2 0 0 0 1 1 2 2 2 0 2 2 1 2 2 1 1 2 1 1 1 0 1 0 0 0 0 0 2 1 2 1 2 1 2 2 1 0 1 1 1 0 2 2 1 0 2 2 2 2 1 0 1 0 0 0 0 1 2 2 1 0 0 0 0 2 2 1 0 2 1 0 1 1 0 0 0 2 2 1 0 1 1 1 0 1 2 2 1 1 1
-0.156725911545943 -1.18336462861598 0.119588037848463 -0.466496129434205 -0.172977412053833 1 0 0 1 2 2 2 1 1 2 2 0 1 0 0 0 0 1 2 0 1 2 1 1 1 0 1 2 1 1 2 1 2 1 2 2 2 1 1 0 1 0 1 2 2 2 1 0 0 0 0 0 2 1 1 0 2 2 1 1 1 0 0 0 1 0 0 0 1 2 2 0 1 0 0 1 2 0 0 2 1 0 2 2 0 0 0 2 2 1 0 1 1 2 0 1 2 2 0 1 1 0 0 1 2 2 2 1 1 2 2 0 1 0 0 0 0 1 2 0 1 2 1 1 1 0 1 2 1 1 2 1 2 1 2 2 2 1 1 0 1 0 1 2 2 2 1 0 0 0 0 0 2 1 1 0 2 2 1 1 1 0 0 0 1 0 0 0 1 2 2 0 1 0 0 1 2 0 0 2 1 0 2 2 0 0 0 2 2 1 0 1 1 2 0 1 2 2 0 1 1
-0.722682278566878 -0.178792381747031 -1.10784906650969 0.303231321671004 -1.57089745363835 1 0 0 1 2 2 2 2 2 2 2 0 0 0 1 0 2 2 1 0 1 1 1 2 2 0 0 2 1 1 1 1 0 0 1 0 1 0 1 0 1 0 0 1 2 2 1 0 0 0 2 0 2 1 1 0 2 2 2 2 2 0 2 1 1 2 1 0 2 2 2 0 2 2 1 1 2 1 1 2 1 0 1 1 0 1 0 2 2 0 0 1 0 2 0 2 1 1 1 1 1 0 0 1 2 2 2 2 2 2 2 0 0 0 1 0 2 2 1 0 1 1 1 2 2 0 0 2 1 1 1 1 0 0 1 0 1 0 1 0 1 0 0 1 2 2 1 0 0 0 2 0 2 1 1 0 2 2 2 2 2 0 2 1 1 2 1 0 2 2 2 0 2 2 1 1 2 1 1 2 1 0 1 1 0 1 0 2 2 0 0 1 0 2 0 2 1 1 1 1 1
-1.67983543924274 2.03873394738781 -0.233343463771396 0.129387864132252 1.06175358255233 -1 0 0 0 2 2 2 1 2 2 2 0 1 0 2 2 1 1 1 0 2 2 1 1 1 1 1 2 2 1 1 2 2 0 0 1 1 0 0 0 1 0 0 1 2 2 1 0 0 1 1 0 2 1 2 0 1 2 2 1 1 0 2 1 1 1 0 0 1 2 1 0 0 0 0 2 2 0 1 2 1 0 1 2 0 0 1 2 1 0 0 1 0 1 0 1 2 2 1 2 2 0 0 0 -2 -2 -2 -1 -2 -2 -2 0 -1 0 -2 -2 -1 -1 -1 0 -2 -2 -1 -1 -1 -1 -1 -2 -2 -1 -1 -2 -2 0 0 -1 -1 0 0 0 -1 0 0 -1 -2 -2 -1 0 0 -1 -1 0 -2 -1 -2 0 -1 -2 -2 -1 -1 0 -2 -1 -1 -1 0 0 -1 -2 -1 0 0 0 0 -2 -2 0 -1 -2 -1 0 -1 -2 0 0 -1 -2 -1 0 0 -1 0 -1 0 -1 -2 -2 -1 -2 -2
0.031955249548131 0.134418063820867 -0.998421375166079 -1.34583443447605 0.246131249786783 1 0 0 0 2 2 2 0 2 2 2 0 0 0 1 0 0 2 2 0 2 2 2 2 1 0 0 2 0 1 1 2 1 0 0 1 0 0 1 1 2 1 1 2 2 2 0 0 1 2 2 0 2 1 1 0 2 2 2 2 0 0 2 1 1 2 1 0 1 2 2 1 2 1 0 2 2 1 0 2 1 0 1 1 0 0 0 2 2 0 0 1 1 1 0 2 2 2 1 0 1 0 0 0 2 2 2 0 2 2 2 0 0 0 1 0 0 2 2 0 2 2 2 2 1 0 0 2 0 1 1 2 1 0 0 1 0 0 1 1 2 1 1 2 2 2 0 0 1 2 2 0 2 1 1 0 2 2 2 2 0 0 2 1 1 2 1 0 1 2 2 1 2 1 0 2 2 1 0 2 1 0 1 1 0 0 0 2 2 0 0 1 1 1 0 2 2 2 1 0 1
0.0983167781137623 1.03094963368603 -1.65864628904264 0.852688347291943 0.0772862426424192 1 0 0 0 2 2 1 1 2 2 1 0 0 0 1 0 0 0 2 0 1 2 0 2 1 0 0 2 2 0 2 1 1 1 1 2 2 1 2 1 2 1 1 1 2 2 0 0 1 1 2 0 2 2 1 0 1 1 1 2 1 0 1 1 1 0 0 0 2 2 2 0 1 0 0 2 2 0 0 2 2 0 1 1 2 1 0 2 2 2 2 1 2 2 0 0 1 1 0 0 0 0 0 0 2 2 1 1 2 2 1 0 0 0 1 0 0 0 2 0 1 2 0 2 1 0 0 2 2 0 2 1 1 1 1 2 2 1 2 1 2 1 1 1 2 2 0 0 1 1 2 0 2 2 1 0 1 1 1 2 1 0 1 1 1 0 0 0 2 2 2 0 1 0 0 2 2 0 0 2 2 0 1 1 2 1 0 2 2 2 2 1 2 2 0 0 1 1 0 0 0
0.783164812342819 1.26407874384952 1.36369716621358 0.4871882752148 -1.63938223329788 -1 0 2 0 2 2 1 1 1 2 2 0 0 0 0 0 1 1 1 0 1 2 2 2 1 0 0 2 2 2 2 1 1 0 0 2 0 0 2 2 2 0 1 2 2 2 1 0 1 1 1 0 2 2 2 0 2 2 2 0 0 1 2 2 2 0 1 0 0 1 1 0 0 2 1 2 2 1 1 2 2 0 2 1 0 0 0 2 1 0 0 1 1 1 0 0 1 2 0 1 0 0 -2 0 -2 -2 -1 -1 -1 -2 -2 0 0 0 0 0 -1 -1 -1 0 -1 -2 -2 -2 -1 0 0 -2 -2 -2 -2 -1 -1 0 0 -2 0 0 -2 -2 -2 0 -1 -2 -2 -2 -1 0 -1 -1 -1 0 -2 -2 -2 0 -2 -2 -2 0 0 -1 -2 -2 -2 0 -1 0 0 -1 -1 0 0 -2 -1 -2 -2 -1 -1 -2 -2 0 -2 -1 0 0 0 -2 -1 0 0 -1 -1 -1 0 0 -1 -2 0 -1 0
-0.574761801596856 0.341776936853788 0.445768720728682 -1.25381719167524 0.240993151394719 -1 0 0 0 1 1 1 1 1 2 2 0 0 0 0 0 0 0 2 0 2 2 2 2 1 0 1 2 2 0 1 1 1 0 0 0 1 0 1 0 2 0 1 0 2 2 1 0 0 0 1 0 2 2 2 0 2 2 2 1 0 0 2 2 1 2 0 0 1 2 2 1 1 0 1 2 2 1 1 2 2 1 2 2 1 0 0 2 2 1 0 1 1 2 0 1 2 2 0 1 1 0 0 0 -1 -1 -1 -1 -1 -2 -2 0 0 0 0 0 0 0 -2 0 -2 -2 -2 -2 -1 0 -1 -2 -2 0 -1 -1 -1 0 0 0 -1 0 -1 0 -2 0 -1 0 -2 -2 -1 0 0 0 -1 0 -2 -2 -2 0 -2 -2 -2 -1 0 0 -2 -2 -1 -2 0 0 -1 -2 -2 -1 -1 0 -1 -2 -2 -1 -1 -2 -2 -1 -2 -2 -1 0 0 -2 -2 -1 0 -1 -1 -2 0 -1 -2 -2 0 -1 -1
1.08326886625233 -1.86042369557318 1.78725722846644 0.741260693226624 -0.235943441641376 1 1 1 1 2 2 1 2 2 2 2 0 0 0 0 0 1 2 1 0 2 2 1 2 1 0 0 1 1 1 0 1 2 1 1 2 1 0 1 0 2 0 2 1 2 2 1 0 1 1 2 0 2 2 1 0 1 2 2 1 0 0 2 2 0 0 0 0 1 2 2 0 0 1 1 1 2 0 1 2 1 0 1 1 1 1 1 2 2 0 0 1 1 1 0 0 1 2 1 0 1 1 1 1 2 2 1 2 2 2 2 0 0 0 0 0 1 2 1 0 2 2 1 2 1 0 0 1 1 1 0 1 2 1 1 2 1 0 1 0 2 0 2 1 2 2 1 0 1 1 2 0 2 2 1 0 1 2 2 1 0 0 2 2 0 0 0 0 1 2 2 0 0 1 1 1 2 0 1 2 1 0 1 1 1 1 1 2 2 0 0 1 1 1 0 0 1 2 1 0 1
-2.12535702977384 0.194589446937023 -0.818630952915867 -0.297913397949311 0.393284339151896 1 0 0 0 2 2 2 1 1 2 2 1 1 0 1 1 1 0 1 0 0 2 0 2 2 0 0 2 1 0 0 2 1 0 0 0 0 0 1 1 2 0 0 1 2 2 1 0 0 1 2 0 1 0 1 0 2 2 2 2 1 0 1 1 2 2 2 0 2 2 2 0 0 0 0 1 1 1 0 1 0 0 1 2 1 0 1 2 1 0 0 2 1 1 0 1 1 2 0 1 1 0 0 0 2 2 2 1 1 2 2 1 1 0 1 1 1 0 1 0 0 2 0 2 2 0 0 2 1 0 0 2 1 0 0 0 0 0 1 1 2 0 0 1 2 2 1 0 0 1 2 0 1 0 1 0 2 2 2 2 1 0 1 1 2 2 2 0 2 2 2 0 0 0 0 1 1 1 0 1 0 0 1 2 1 0 1 2 1 0 0 2 1 1 0 1 1 2 0 1 1
-1.19102503342294 0.254213146428824 0.783839312894288 -0.671223009469601 -0.200905398299338 -1 0 2 1 2 2 0 0 2 2 2 0 0 0 1 0 0 2 2 0 1 1 1 2 1 0 0 2 2 0 0 2 1 0 0 1 2 0 2 0 2 1 1 2 2 2 2 0 0 2 2 0 2 0 0 0 2 2 2 1 0 0 1 1 1 1 1 0 1 2 1 0 1 1 0 2 2 1 1 2 1 0 1 2 1 0 0 2 2 1 0 1 1 1 0 1 2 2 0 0 1 0 -2 -1 -2 -2 0 0 -2 -2 -2 0 0 0 -1 0 0 -2 -2 0 -1 -1 -1 -2 -1 0 0 -2 -2 0 0 -2 -1 0 0 -1 -2 0 -2 0 -2 -1 -1 -2 -2 -2 -2 0 0 -2 -2 0 -2 0 0 0 -2 -2 -2 -1 0 0 -1 -1 -1 -1 -1 0 -1 -2 -1 0 -1 -1 0 -2 -2 -1 -1 -2 -1 0 -1 -2 -1 0 0 -2 -2 -1 0 -1 -1 -1 0 -1 -2 -2 0 0 -1
2.5345612607594 -0.600514868852855 -0.349992150844572 -0.327644236386103 -0.596372969698888 1 1 0 0 2 2 2 1 2 2 2 0 0 0 1 1 1 1 2 0 1 2 0 1 0 0 1 2 0 0 0 1 1 0 0 1 1 1 2 0 2 0 1 1 2 2 0 0 0 0 2 0 2 0 0 1 2 2 2 1 0 0 2 1 1 0 0 0 1 2 1 0 0 0 0 0 2 2 0 2 0 0 1 1 1 0 1 2 2 1 0 1 1 2 0 1 1 2 1 1 1 1 0 0 2 2 2 1 2 2 2 0 0 0 1 1 1 1 2 0 1 2 0 1 0 0 1 2 0 0 0 1 1 0 0 1 1 1 2 0 2 0 1 1 2 2 0 0 0 0 2 0 2 0 0 1 2 2 2 1 0 0 2 1 1 0 0 0 1 2 1 0 0 0 0 0 2 2 0 2 0 0 1 1 1 0 1 2 2 1 0 1 1 2 0 1 1 2 1 1 1
0.0789649344380095 -0.455952353637112 1.08303958337269 2.30530728874161 -0.584835182646822 1 0 2 1 2 2 2 2 1 2 2 0 0 0 0 0 1 0 2 0 0 1 1 2 2 0 0 2 2 1 1 1 1 0 0 1 0 0 0 0 1 1 1 1 2 2 2 0 0 1 1 0 2 1 1 0 2 2 2 1 0 0 2 2 1 1 2 0 1 2 1 0 0 0 0 2 2 1 1 2 1 0 1 2 1 1 0 2 2 1 0 1 2 2 1 1 1 2 1 0 1 0 2 1 2 2 2 2 1 2 2 0 0 0 0 0 1 0 2 0 0 1 1 2 2 0 0 2 2 1 1 1 1 0 0 1 0 0 0 0 1 1 1 1 2 2 2 0 0 1 1 0 2 1 1 0 2 2 2 1 0 0 2 2 1 1 2 0 1 2 1 0 0 0 0 2 2 1 1 2 1 0 1 2 1 1 0 2 2 1 0 1 2 2 1 1 1 2 1 0 1
1.47607671827065 -0.667290352348843 -0.172057260167763 0.088038656718134 0.371568852808528 -1 0 0 0 2 2 0 1 0 2 1 0 0 0 1 0 0 0 1 0 1 1 1 1 0 0 0 2 2 0 2 0 1 1 0 2 1 0 2 1 2 1 1 1 2 2 1 0 0 1 2 0 2 1 1 0 2 2 0 0 0 0 2 2 2 0 0 0 1 2 2 0 1 0 1 2 2 1 1 2 1 0 1 1 0 0 0 2 2 1 0 1 2 2 1 2 2 2 0 1 0 0 0 0 -2 -2 0 -1 0 -2 -1 0 0 0 -1 0 0 0 -1 0 -1 -1 -1 -1 0 0 0 -2 -2 0 -2 0 -1 -1 0 -2 -1 0 -2 -1 -2 -1 -1 -1 -2 -2 -1 0 0 -1 -2 0 -2 -1 -1 0 -2 -2 0 0 0 0 -2 -2 -2 0 0 0 -1 -2 -2 0 -1 0 -1 -2 -2 -1 -1 -2 -1 0 -1 -1 0 0 0 -2 -2 -1 0 -1 -2 -2 -1 -2 -2 -2 0 -1 0
1.21253437492766 -1.90019950943164 -0.0227298826124968 -1.83819946536691 -1.40946283841845 -1 1 0 0 2 2 2 1 1 2 2 0 0 0 1 0 1 0 2 0 1 1 0 0 0 0 0 2 2 0 1 0 1 0 0 0 1 1 2 0 1 0 0 0 2 2 2 0 1 2 0 0 2 2 2 1 2 2 2 2 0 0 2 1 1 0 1 0 1 2 1 0 0 0 1 2 2 1 0 2 2 0 2 1 1 0 1 2 1 0 0 1 1 2 0 1 2 2 1 0 2 -1 0 0 -2 -2 -2 -1 -1 -2 -2 0 0 0 -1 0 -1 0 -2 0 -1 -1 0 0 0 0 0 -2 -2 0 -1 0 -1 0 0 0 -1 -1 -2 0 -1 0 0 0 -2 -2 -2 0 -1 -2 0 0 -2 -2 -2 -1 -2 -2 -2 -2 0 0 -2 -1 -1 0 -1 0 -1 -2 -1 0 0 0 -1 -2 -2 -1 0 -2 -2 0 -2 -1 -1 0 -1 -2 -1 0 0 -1 -1 -2 0 -1 -2 -2 -1 0 -2
-1.30525471535685 -0.750384432329062 -0.104007513875552 0.792824550359575 0.503190308213042 1 1 1 1 2 2 2 1 0 2 2 1 1 0 1 1 0 1 2 0 0 0 0 2 1 0 0 2 1 2 2 0 2 0 0 1 1 0 1 0 2 0 1 1 2 2 1 0 0 2 2 0 2 1 2 0 2 2 2 2 2 1 2 0 1 1 0 0 2 2 2 0 0 0 0 2 2 2 1 2 2 0 2 2 1 1 0 2 2 0 0 0 1 1 0 1 1 1 1 1 1 1 1 1 2 2 2 1 0 2 2 1 1 0 1 1 0 1 2 0 0 0 0 2 1 0 0 2 1 2 2 0 2 0 0 1 1 0 1 0 2 0 1 1 2 2 1 0 0 2 2 0 2 1 2 0 2 2 2 2 2 1 2 0 1 1 0 0 2 2 2 0 0 0 0 2 2 2 1 2 2 0 2 2 1 1 0 2 2 0 0 0 1 1 0 1 1 1 1 1 1
-0.798621408183208 0.0546540775015518 2.04110316379516 0.337340851953534 -0.910979255106228 1 0 0 0 2 2 1 2 2 2 2 0 1 1 2 0 0 2 2 1 1 2 1 1 1 0 0 2 2 2 2 1 2 1 1 0 0 0 2 1 2 0 0 1 2 2 1 0 0 1 2 0 2 1 2 0 2 2 1 1 1 0 2 0 0 1 0 0 1 2 1 0 1 0 0 2 1 0 0 2 1 0 0 2 1 0 0 2 2 0 0 2 2 2 2 2 1 2 1 0 1 0 0 0 2 2 1 2 2 2 2 0 1 1 2 0 0 2 2 1 1 2 1 1 1 0 0 2 2 2 2 1 2 1 1 0 0 0 2 1 2 0 0 1 2 2 1 0 0 1 2 0 2 1 2 0 2 2 1 1 1 0 2 0 0 1 0 0 1 2 1 0 1 0 0 2 1 0 0 2 1 0 0 2 1 0 0 2 2 0 0 2 2 2 2 2 1 2 1 0 1
-0.0865418879708991 0.0101726173133921 0.100073695960132 0.44301103706705 0.589584613919558 -1 0 0 1 2 2 2 1 1 2 2 0 0 0 1 0 0 2 2 0 2 2 1 1 0 0 0 2 1 0 0 1 2 0 0 1 0 0 1 1 1 0 1 2 2 2 0 0 0 0 1 0 2 1 1 1 1 2 2 1 1 0 2 1 1 1 1 1 2 2 1 0 0 1 1 1 1 1 2 2 2 0 2 2 2 0 0 2 2 1 0 1 1 2 0 2 2 2 0 0 1 0 0 -1 -2 -2 -2 -1 -1 -2 -2 0 0 0 -1 0 0 -2 -2 0 -2 -2 -1 -1 0 0 0 -2 -1 0 0 -1 -2 0 0 -1 0 0 -1 -1 -1 0 -1 -2 -2 -2 0 0 0 0 -1 0 -2 -1 -1 -1 -1 -2 -2 -1 -1 0 -2 -1 -1 -1 -1 -1 -2 -2 -1 0 0 -1 -1 -1 -1 -1 -2 -2 -2 0 -2 -2 -2 0 0 -2 -2 -1 0 -1 -1 -2 0 -2 -2 -2 0 0 -1
0.561303546780707 0.510188798144981 -0.754253349722817 -1.02025740134753 -0.786017747742923 1 1 2 1 1 2 2 2 1 2 2 0 1 0 1 0 1 2 2 0 1 2 1 2 1 0 0 2 2 0 1 1 2 1 1 1 1 1 2 1 2 0 0 1 2 2 1 0 2 2 2 0 2 2 2 1 2 1 1 1 0 0 2 2 2 0 1 1 1 2 0 0 0 0 0 2 2 1 0 2 2 0 2 2 2 1 0 2 2 1 1 1 1 2 1 1 2 2 1 1 1 1 2 1 1 2 2 2 1 2 2 0 1 0 1 0 1 2 2 0 1 2 1 2 1 0 0 2 2 0 1 1 2 1 1 1 1 1 2 1 2 0 0 1 2 2 1 0 2 2 2 0 2 2 2 1 2 1 1 1 0 0 2 2 2 0 1 1 1 2 0 0 0 0 0 2 2 1 0 2 2 0 2 2 2 1 0 2 2 1 1 1 1 2 1 1 2 2 1 1 1
-1.15092438659325 0.05952214870652 1.25681181837361 -1.34412674649125 -1.06602350463649 1 1 1 2 2 2 2 2 2 2 2 1 0 0 0 0 0 1 0 0 2 2 0 0 0 0 0 2 1 0 1 2 2 0 0 0 0 0 2 1 2 0 0 1 1 2 1 0 0 1 2 0 1 1 0 0 2 2 2 0 0 0 1 1 1 1 0 1 2 2 2 0 0 0 0 2 2 1 1 2 1 0 2 2 1 0 0 2 2 0 0 1 2 2 0 2 2 2 1 1 2 1 1 2 2 2 2 2 2 2 2 1 0 0 0 0 0 1 0 0 2 2 0 0 0 0 0 2 1 0 1 2 2 0 0 0 0 0 2 1 2 0 0 1 1 2 1 0 0 1 2 0 1 1 0 0 2 2 2 0 0 0 1 1 1 1 0 1 2 2 2 0 0 0 0 2 2 1 1 2 1 0 2 2 1 0 0 2 2 0 0 1 2 2 0 2 2 2 1 1 2
0.909035857762446 0.389260173655369 -0.534174961781686 -1.20182247688566 0.592934828448459 1 0 1 1 2 2 2 2 1 2 2 0 0 0 1 1 1 1 2 0 2 2 0 2 2 0 0 2 2 1 1 1 1 0 0 1 1 0 1 1 2 0 1 1 2 2 0 0 0 1 1 0 2 1 1 0 2 2 1 1 1 0 2 1 1 0 1 0 1 2 1 0 0 0 0 1 2 0 0 2 1 0 2 2 2 1 0 2 2 0 0 0 1 2 0 2 2 2 1 1 2 0 1 1 2 2 2 2 1 2 2 0 0 0 1 1 1 1 2 0 2 2 0 2 2 0 0 2 2 1 1 1 1 0 0 1 1 0 1 1 2 0 1 1 2 2 0 0 0 1 1 0 2 1 1 0 2 2 1 1 1 0 2 1 1 0 1 0 1 2 1 0 0 0 0 1 2 0 0 2 1 0 2 2 2 1 0 2 2 0 0 0 1 2 0 2 2 2 1 1 2
-0.51430984149316 -0.310166188827486 0.729136013174474 -0.196108989098405 0.215396308290115 -1 0 1 0 2 2 0 0 1 2 2 0 1 0 1 0 0 1 2 0 2 2 1 2 2 0 1 2 2 0 1 1 1 0 0 1 2 1 1 1 2 2 1 0 2 2 0 0 0 1 1 0 2 1 1 0 2 2 2 0 0 0 1 0 0 1 0 0 2 2 2 0 1 0 0 1 2 1 0 2 1 0 1 1 1 2 1 2 2 1 0 1 0 1 0 2 1 2 1 1 1 0 -1 0 -2 -2 0 0 -1 -2 -2 0 -1 0 -1 0 0 -1 -2 0 -2 -2 -1 -2 -2 0 -1 -2 -2 0 -1 -1 -1 0 0 -1 -2 -1 -1 -1 -2 -2 -1 0 -2 -2 0 0 0 -1 -1 0 -2 -1 -1 0 -2 -2 -2 0 0 0 -1 0 0 -1 0 0 -2 -2 -2 0 -1 0 0 -1 -2 -1 0 -2 -1 0 -1 -1 -1 -2 -1 -2 -2 -1 0 -1 0 -1 0 -2 -1 -2 -1 -1 -1
0.282391591111779 -1.09194099781346 0.470088788243824 -0.0863014064878789 -1.61981353374256 1 0 0 0 2 2 2 2 2 2 2 0 0 0 1 1 0 2 2 1 2 1 1 1 0 0 0 2 2 2 1 1 1 1 2 1 0 0 1 1 2 0 0 1 2 2 2 0 0 1 2 0 2 2 2 1 2 2 1 1 0 0 1 1 1 0 0 0 2 2 0 0 0 1 1 1 2 1 1 2 1 0 1 1 0 0 0 2 2 1 1 0 1 1 0 1 1 2 2 1 2 0 0 0 2 2 2 2 2 2 2 0 0 0 1 1 0 2 2 1 2 1 1 1 0 0 0 2 2 2 1 1 1 1 2 1 0 0 1 1 2 0 0 1 2 2 2 0 0 1 2 0 2 2 2 1 2 2 1 1 0 0 1 1 1 0 0 0 2 2 0 0 0 1 1 1 2 1 1 2 1 0 1 1 0 0 0 2 2 1 1 0 1 1 0 1 1 2 2 1 2
-0.480783086382013 -0.230802615472978 0.766684967685097 -0.374269233797827 -0.730533607698986 -1 0 1 0 2 2 1 1 2 2 2 0 0 0 2 1 1 2 2 0 0 2 1 2 2 0 1 2 2 2 1 1 2 1 1 0 1 1 2 2 2 1 1 1 2 2 1 0 1 2 2 1 2 0 2 0 1 1 0 1 1 0 2 0 1 1 0 0 0 2 2 0 0 1 1 0 1 0 1 2 2 0 1 1 0 0 0 2 2 0 0 1 0 1 0 2 2 2 2 2 2 0 -1 0 -2 -2 -1 -1 -2 -2 -2 0 0 0 -2 -1 -1 -2 -2 0 0 -2 -1 -2 -2 0 -1 -2 -2 -2 -1 -1 -2 -1 -1 0 -1 -1 -2 -2 -2 -1 -1 -1 -2 -2 -1 0 -1 -2 -2 -1 -2 0 -2 0 -1 -1 0 -1 -1 0 -2 0 -1 -1 0 0 0 -2 -2 0 0 -1 -1 0 -1 0 -1 -2 -2 0 -1 -1 0 0 0 -2 -2 0 0 -1 0 -1 0 -2 -2 -2 -2 -2 -2
2.66872565113589 0.323679472422293 1.93691571283727 -0.0371118381429487 0.0817393285313492 1 1 1 0 2 2 2 2 2 2 2 0 1 0 0 0 0 1 2 0 1 2 1 2 1 0 0 2 0 1 1 2 2 1 2 2 2 1 2 1 2 2 1 2 2 2 1 0 0 0 1 0 2 0 0 0 2 2 1 1 0 0 2 2 2 0 0 0 0 1 0 0 0 0 0 1 2 1 1 2 2 0 1 1 1 1 1 2 1 0 0 2 2 1 0 1 2 2 0 0 1 1 1 0 2 2 2 2 2 2 2 0 1 0 0 0 0 1 2 0 1 2 1 2 1 0 0 2 0 1 1 2 2 1 2 2 2 1 2 1 2 2 1 2 2 2 1 0 0 0 1 0 2 0 0 0 2 2 1 1 0 0 2 2 2 0 0 0 0 1 0 0 0 0 0 1 2 1 1 2 2 0 1 1 1 1 1 2 1 0 0 2 2 1 0 1 2 2 0 0 1
-0.893921069230963 -0.309532582871032 -0.862837516093723 4.41107223393724 -0.268130188322128 1 0 1 1 2 2 2 2 1 2 2 0 0 0 1 0 1 2 1 0 1 2 1 1 0 0 0 2 1 0 1 0 1 0 1 1 1 0 2 1 1 0 1 2 2 2 2 0 1 2 2 0 2 1 1 0 2 2 1 1 1 1 1 1 1 1 1 0 1 2 0 0 1 0 0 2 2 1 1 2 1 0 1 2 0 0 0 2 2 0 0 2 1 2 0 1 1 2 2 1 2 0 1 1 2 2 2 2 1 2 2 0 0 0 1 0 1 2 1 0 1 2 1 1 0 0 0 2 1 0 1 0 1 0 1 1 1 0 2 1 1 0 1 2 2 2 2 0 1 2 2 0 2 1 1 0 2 2 1 1 1 1 1 1 1 1 1 0 1 2 0 0 1 0 0 2 2 1 1 2 1 0 1 2 0 0 0 2 2 0 0 2 1 2 0 1 1 2 2 1 2
0.0178194532372401 0.459132700952004 0.639115317051198 2.10745989544537 -2.71148845165181 1 0 0 1 2 2 1 1 1 2 2 0 0 0 2 1 1 1 1 0 0 0 1 0 0 0 0 2 2 0 1 2 2 0 0 1 2 0 2 2 2 0 2 2 2 2 0 0 0 1 1 0 2 2 2 1 2 2 2 2 1 0 1 0 1 0 0 0 1 2 2 0 1 0 1 2 1 1 1 2 0 1 1 2 2 2 2 2 1 1 1 2 1 2 0 2 2 2 1 1 1 0 0 1 2 2 1 1 1 2 2 0 0 0 2 1 1 1 1 0 0 0 1 0 0 0 0 2 2 0 1 2 2 0 0 1 2 0 2 2 2 0 2 2 2 2 0 0 0 1 1 0 2 2 2 1 2 2 2 2 1 0 1 0 1 0 0 0 1 2 2 0 1 0 1 2 1 1 1 2 0 1 1 2 2 2 2 2 1 1 1 2 1 2 0 2 2 2 1 1 1
0.325634796275018 0.247506297145686 -0.0036865865083588 0.335347493135786 0.804482261721615 1 1 1 0 0 1 1 2 1 2 1 0 0 0 0 0 1 2 0 0 1 2 2 2 1 0 0 2 1 1 2 1 1 0 0 1 0 0 1 0 1 0 0 0 1 2 1 0 1 2 2 0 2 2 2 0 2 2 2 2 1 0 1 1 1 0 0 0 1 2 1 0 1 1 0 2 2 0 0 2 1 0 2 2 2 1 0 2 2 0 0 1 1 2 1 2 2 2 1 0 1 1 1 0 0 1 1 2 1 2 1 0 0 0 0 0 1 2 0 0 1 2 2 2 1 0 0 2 1 1 2 1 1 0 0 1 0 0 1 0 1 0 0 0 1 2 1 0 1 2 2 0 2 2 2 0 2 2 2 2 1 0 1 1 1 0 0 0 1 2 1 0 1 1 0 2 2 0 0 2 1 0 2 2 2 1 0 2 2 0 0 1 1 2 1 2 2 2 1 0 1
0.86283993593488 0.171185983638546 1.70594438129943 0.0425737543335964 0.202692070949856 -1 0 1 1 2 2 1 1 1 2 1 0 1 0 1 1 2 2 1 0 0 1 0 1 1 0 0 2 2 0 0 1 2 0 1 1 1 0 2 1 2 0 1 2 2 2 2 0 1 1 1 1 2 1 1 0 2 2 1 2 1 0 2 1 0 0 1 0 2 2 2 0 0 0 0 2 1 0 0 1 1 0 2 2 2 1 1 2 1 1 0 2 2 2 1 2 2 2 0 1 2 0 -1 -1 -2 -2 -1 -1 -1 -2 -1 0 -1 0 -1 -1 -2 -2 -1 0 0 -1 0 -1 -1 0 0 -2 -2 0 0 -1 -2 0 -1 -1 -1 0 -2 -1 -2 0 -1 -2 -2 -2 -2 0 -1 -1 -1 -1 -2 -1 -1 0 -2 -2 -1 -2 -1 0 -2 -1 0 0 -1 0 -2 -2 -2 0 0 0 0 -2 -1 0 0 -1 -1 0 -2 -2 -2 -1 -1 -2 -1 -1 0 -2 -2 -2 -1 -2 -2 -2 0 -1 -2
0.0540546978448148 -0.930035454429186 -0.976193782955385 0.485323378796052 -1.27331456296842 1 0 1 0 1 2 1 0 0 2 2 0 0 0 1 1 1 2 1 0 1 1 1 2 2 1 0 2 2 0 0 1 2 0 0 1 2 0 1 0 1 0 1 1 2 2 1 0 0 0 1 0 2 2 2 0 2 2 1 1 1 0 2 2 2 0 0 0 1 1 1 0 0 0 0 2 2 1 1 1 0 0 2 2 0 0 1 2 2 1 0 1 1 2 1 1 2 2 0 2 2 0 1 0 1 2 1 0 0 2 2 0 0 0 1 1 1 2 1 0 1 1 1 2 2 1 0 2 2 0 0 1 2 0 0 1 2 0 1 0 1 0 1 1 2 2 1 0 0 0 1 0 2 2 2 0 2 2 1 1 1 0 2 2 2 0 0 0 1 1 1 0 0 0 0 2 2 1 1 1 0 0 2 2 0 0 1 2 2 1 0 1 1 2 1 1 2 2 0 2 2
-1.1156247944947 0.337447534426197 0.302289215345042 -1.77377193382344 -0.342750119852461 -1 0 0 0 2 1 0 1 1 2 2 0 0 0 2 1 1 0 2 0 0 1 0 1 1 0 0 2 2 0 0 0 1 0 0 1 1 0 1 0 1 0 0 0 2 2 0 0 0 0 2 0 2 2 2 1 2 2 1 1 1 1 2 1 1 1 1 0 1 2 0 0 1 0 0 2 2 1 1 2 1 0 2 2 1 1 0 2 2 0 0 1 1 2 0 2 2 2 1 1 2 0 0 0 -2 -1 0 -1 -1 -2 -2 0 0 0 -2 -1 -1 0 -2 0 0 -1 0 -1 -1 0 0 -2 -2 0 0 0 -1 0 0 -1 -1 0 -1 0 -1 0 0 0 -2 -2 0 0 0 0 -2 0 -2 -2 -2 -1 -2 -2 -1 -1 -1 -1 -2 -1 -1 -1 -1 0 -1 -2 0 0 -1 0 0 -2 -2 -1 -1 -2 -1 0 -2 -2 -1 -1 0 -2 -2 0 0 -1 -1 -2 0 -2 -2 -2 -1 -1 -2
-0.855600951506277 -1.02780005277646 0.407061036649414 1.9107336767545 -0.54871436467056 1 1 0 0 2 2 1 2 2 2 2 0 0 0 1 1 0 1 0 0 0 1 1 2 1 0 0 2 1 0 0 0 0 0 0 1 0 0 1 1 1 0 1 0 1 2 0 0 1 1 2 0 2 1 1 1 2 2 2 2 1 0 1 0 1 2 1 1 2 2 1 0 0 0 0 1 2 0 0 2 1 0 2 1 0 0 0 2 2 1 0 1 1 1 0 1 1 2 0 0 0 1 0 0 2 2 1 2 2 2 2 0 0 0 1 1 0 1 0 0 0 1 1 2 1 0 0 2 1 0 0 0 0 0 0 1 0 0 1 1 1 0 1 0 1 2 0 0 1 1 2 0 2 1 1 1 2 2 2 2 1 0 1 0 1 2 1 1 2 2 1 0 0 0 0 1 2 0 0 2 1 0 2 1 0 0 0 2 2 1 0 1 1 1 0 1 1 2 0 0 0
0.0342364554717683 -0.485765840796667 2.66233358116958 -0.346253883387276 0.919194604570927 -1 0 1 1 2 2 1 1 1 1 2 0 0 0 0 0 1 2 2 0 0 2 0 2 1 0 0 2 0 0 1 0 1 0 0 1 1 0 2 1 2 1 1 0 2 2 0 0 0 0 2 0 2 1 1 1 2 2 2 1 0 0 2 2 1 2 1 0 1 2 2 0 0 0 2 2 2 2 1 2 1 0 2 2 1 1 1 2 2 1 1 0 0 0 0 0 2 1 0 0 2 0 -1 -1 -2 -2 -1 -1 -1 -1 -2 0 0 0 0 0 -1 -2 -2 0 0 -2 0 -2 -1 0 0 -2 0 0 -1 0 -1 0 0 -1 -1 0 -2 -1 -2 -1 -1 0 -2 -2 0 0 0 0 -2 0 -2 -1 -1 -1 -2 -2 -2 -1 0 0 -2 -2 -1 -2 -1 0 -1 -2 -2 0 0 0 -2 -2 -2 -2 -1 -2 -1 0 -2 -2 -1 -1 -1 -2 -2 -1 -1 0 0 0 0 0 -2 -1 0 0 -2
-0.826422369475209 0.797774806102395 -0.748340391414782 -1.5952602404315 0.327851104382771 1 0 1 0 1 2 1 0 1 2 2 0 2 1 2 1 0 2 1 0 0 2 0 0 0 0 0 2 2 1 1 1 2 1 1 1 2 0 2 2 2 1 1 1 2 2 2 0 0 1 2 0 2 1 2 1 2 2 2 1 1 1 2 2 1 0 0 0 1 2 1 0 1 1 0 2 2 0 1 2 2 0 2 2 1 0 0 2 2 1 0 2 1 2 0 2 2 2 0 0 0 0 1 0 1 2 1 0 1 2 2 0 2 1 2 1 0 2 1 0 0 2 0 0 0 0 0 2 2 1 1 1 2 1 1 1 2 0 2 2 2 1 1 1 2 2 2 0 0 1 2 0 2 1 2 1 2 2 2 1 1 1 2 2 1 0 0 0 1 2 1 0 1 1 0 2 2 0 1 2 2 0 2 2 1 0 0 2 2 1 0 2 1 2 0 2 2 2 0 0 0
