1.3061418815184 0.416877639083812 -0.706356902687314 -0.614481726970552 0.145310534283086 -1 2 1 1 0 1 2 2 1 0 0 2 0 1 0 2 1 2 2 2 2 1 1 1 0 1 0 0 2 0 0 2 1 1 1 2 2 1 2 1 0 2 1 0 1 0 0 1 1 0 0 2 1 2 2 0 2 0 1 2 1 0 2 0 0 1 0 0 2 1 0 0 0 1 2 0 0 1 1 2 2 0 0 1 0 0 1 2 2 2 0 2 1 2 0 1 1 2 0 1 0 -2 -1 -1 0 -1 -2 -2 -1 0 0 -2 0 -1 0 -2 -1 -2 -2 -2 -2 -1 -1 -1 0 -1 0 0 -2 0 0 -2 -1 -1 -1 -2 -2 -1 -2 -1 0 -2 -1 0 -1 0 0 -1 -1 0 0 -2 -1 -2 -2 0 -2 0 -1 -2 -1 0 -2 0 0 -1 0 0 -2 -1 0 0 0 -1 -2 0 0 -1 -1 -2 -2 0 0 -1 0 0 -1 -2 -2 -2 0 -2 -1 -2 0 -1 -1 -2 0 -1 0
0.00363283663739119 -0.657869763428845 0.628148802356251 0.748479476430688 1.75172159022383 1 1 0 0 1 2 1 2 2 1 0 1 0 1 0 2 0 1 2 2 1 2 2 0 0 1 2 2 1 0 0 1 0 0 1 1 2 0 2 1 0 1 2 1 2 1 0 1 1 0 1 2 0 2 2 0 2 0 1 2 1 2 2 1 0 0 0 0 0 1 1 0 2 0 1 0 0 0 1 1 2 2 1 0 0 0 0 2 2 2 2 2 2 2 1 2 2 2 1 2 1 1 0 0 1 2 1 2 2 1 0 1 0 1 0 2 0 1 2 2 1 2 2 0 0 1 2 2 1 0 0 1 0 0 1 1 2 0 2 1 0 1 2 1 2 1 0 1 1 0 1 2 0 2 2 0 2 0 1 2 1 2 2 1 0 0 0 0 0 1 1 0 2 0 1 0 0 0 1 1 2 2 1 0 0 0 0 2 2 2 2 2 2 2 1 2 2 2 1 2 1
-1.18366692607014 0.988894914489948 0.632652496216531 2.54571200243852 1.72427165049675 -1 0 0 0 1 1 2 2 2 0 2 2 1 2 0 2 0 1 2 2 2 1 1 0 0 0 0 0 0 0 0 1 2 0 2 2 2 0 2 1 0 0 2 1 2 1 0 1 2 1 0 1 0 2 1 0 1 0 1 2 0 0 2 1 2 2 0 0 1 1 1 0 2 2 2 0 0 1 2 2 2 1 1 1 0 0 2 1 2 1 0 2 2 2 0 2 1 1 0 2 1 0 0 0 -1 -1 -2 -2 -2 0 -2 -2 -1 -2 0 -2 0 -1 -2 -2 -2 -1 -1 0 0 0 0 0 0 0 0 -1 -2 0 -2 -2 -2 0 -2 -1 0 0 -2 -1 -2 -1 0 -1 -2 -1 0 -1 0 -2 -1 0 -1 0 -1 -2 0 0 -2 -1 -2 -2 0 0 -1 -1 -1 0 -2 -2 -2 0 0 -1 -2 -2 -2 -1 -1 -1 0 0 -2 -1 -2 -1 0 -2 -2 -2 0 -2 -1 -1 0 -2 -1
1.0791852144839 0.438137242317168 0.184291593172042 0.694416697578139 -0.0565931960136767 -1 2 1 0 0 2 0 1 0 0 0 1 0 2 1 2 1 1 1 2 2 0 1 0 0 0 0 1 1 1 0 2 1 0 1 0 1 0 1 0 0 2 2 2 2 0 0 1 2 1 0 1 0 2 2 0 2 2 2 2 0 1 2 0 0 0 0 0 1 2 2 0 1 1 1 0 0 0 0 1 1 1 0 0 0 0 0 1 2 2 1 2 1 2 1 2 2 1 0 2 1 -2 -1 0 0 -2 0 -1 0 0 0 -1 0 -2 -1 -2 -1 -1 -1 -2 -2 0 -1 0 0 0 0 -1 -1 -1 0 -2 -1 0 -1 0 -1 0 -1 0 0 -2 -2 -2 -2 0 0 -1 -2 -1 0 -1 0 -2 -2 0 -2 -2 -2 -2 0 -1 -2 0 0 0 0 0 -1 -2 -2 0 -1 -1 -1 0 0 0 0 -1 -1 -1 0 0 0 0 0 -1 -2 -2 -1 -2 -1 -2 -1 -2 -2 -1 0 -2 -1
0.957710496849213 1.5040364440754 0.44246644558197 0.248545691857672 -0.964969116721954 1 2 1 1 0 1 1 2 1 0 0 1 0 1 0 1 0 0 1 2 2 1 0 1 1 1 1 1 2 1 0 2 0 0 0 0 1 0 1 0 0 1 1 1 2 0 0 2 2 0 0 2 0 2 2 0 2 0 2 2 1 1 2 0 0 0 0 0 0 0 1 0 1 0 1 0 1 2 2 2 2 0 0 0 0 0 2 1 2 1 1 2 1 2 0 2 2 2 0 2 0 2 1 1 0 1 1 2 1 0 0 1 0 1 0 1 0 0 1 2 2 1 0 1 1 1 1 1 2 1 0 2 0 0 0 0 1 0 1 0 0 1 1 1 2 0 0 2 2 0 0 2 0 2 2 0 2 0 2 2 1 1 2 0 0 0 0 0 0 0 1 0 1 0 1 0 1 2 2 2 2 0 0 0 0 0 2 1 2 1 1 2 1 2 0 2 2 2 0 2 0
0.583768718991101 -0.929746975910936 -1.74465117758683 -0.183048940904036 -0.531022570555662 -1 2 0 1 1 2 2 2 2 0 2 2 1 2 0 2 0 1 2 2 1 2 2 1 1 2 2 2 1 0 0 1 1 1 1 2 2 0 2 0 0 0 0 1 1 1 1 2 1 0 0 2 0 2 2 0 2 1 2 2 0 0 2 2 2 1 0 1 0 1 2 0 1 1 2 0 0 0 1 2 1 0 0 0 0 0 0 1 2 2 1 2 1 1 0 2 2 2 0 2 1 -2 0 -1 -1 -2 -2 -2 -2 0 -2 -2 -1 -2 0 -2 0 -1 -2 -2 -1 -2 -2 -1 -1 -2 -2 -2 -1 0 0 -1 -1 -1 -1 -2 -2 0 -2 0 0 0 0 -1 -1 -1 -1 -2 -1 0 0 -2 0 -2 -2 0 -2 -1 -2 -2 0 0 -2 -2 -2 -1 0 -1 0 -1 -2 0 -1 -1 -2 0 0 0 -1 -2 -1 0 0 0 0 0 0 -1 -2 -2 -1 -2 -1 -1 0 -2 -2 -2 0 -2 -1
0.164481416603534 -0.33042174215232 -0.946473805458438 1.00891227796505 0.762102312554706 1 1 1 0 0 1 1 2 1 0 0 2 0 2 0 1 0 0 1 2 2 2 2 1 1 0 0 0 2 1 0 2 1 0 1 1 2 0 1 0 1 1 1 1 1 0 1 1 1 0 0 2 1 2 1 0 2 0 1 2 0 0 2 1 0 1 0 1 1 1 2 0 1 1 1 0 0 1 1 1 2 0 0 1 0 0 0 2 2 2 1 2 2 2 0 2 2 1 1 2 2 1 1 0 0 1 1 2 1 0 0 2 0 2 0 1 0 0 1 2 2 2 2 1 1 0 0 0 2 1 0 2 1 0 1 1 2 0 1 0 1 1 1 1 1 0 1 1 1 0 0 2 1 2 1 0 2 0 1 2 0 0 2 1 0 1 0 1 1 1 2 0 1 1 1 0 0 1 1 1 2 0 0 1 0 0 0 2 2 2 1 2 2 2 0 2 2 1 1 2 2
0.0471499802218653 -0.0207322814302056 -0.435644390965504 -1.58511582943056 1.65190679270114 -1 2 2 1 2 2 2 2 1 0 1 2 0 1 1 1 0 0 1 2 1 2 1 1 0 0 0 1 1 1 0 2 1 0 0 1 1 0 1 1 0 0 2 1 1 1 1 1 1 0 0 0 0 1 1 0 2 0 0 2 0 1 2 1 1 1 0 2 2 1 1 0 1 2 2 0 0 2 2 2 2 1 1 0 0 0 1 2 2 2 0 2 1 2 1 2 1 0 0 1 0 -2 -2 -1 -2 -2 -2 -2 -1 0 -1 -2 0 -1 -1 -1 0 0 -1 -2 -1 -2 -1 -1 0 0 0 -1 -1 -1 0 -2 -1 0 0 -1 -1 0 -1 -1 0 0 -2 -1 -1 -1 -1 -1 -1 0 0 0 0 -1 -1 0 -2 0 0 -2 0 -1 -2 -1 -1 -1 0 -2 -2 -1 -1 0 -1 -2 -2 0 0 -2 -2 -2 -2 -1 -1 0 0 0 -1 -2 -2 -2 0 -2 -1 -2 -1 -2 -1 0 0 -1 0
0.4209092033749 1.33128381209041 0.433726883107522 -0.263721247956463 0.791364241907624 -1 2 1 0 0 1 1 1 1 0 0 1 0 2 2 1 1 1 2 2 1 2 2 0 0 0 1 0 1 0 0 2 2 0 1 2 2 1 2 1 0 2 2 2 2 1 0 0 1 0 0 2 0 2 2 0 2 0 1 2 0 0 2 1 1 1 0 1 1 1 2 1 1 1 2 0 0 2 2 2 2 2 2 1 0 0 0 1 2 1 0 2 1 1 1 2 2 2 1 2 2 -2 -1 0 0 -1 -1 -1 -1 0 0 -1 0 -2 -2 -1 -1 -1 -2 -2 -1 -2 -2 0 0 0 -1 0 -1 0 0 -2 -2 0 -1 -2 -2 -1 -2 -1 0 -2 -2 -2 -2 -1 0 0 -1 0 0 -2 0 -2 -2 0 -2 0 -1 -2 0 0 -2 -1 -1 -1 0 -1 -1 -1 -2 -1 -1 -1 -2 0 0 -2 -2 -2 -2 -2 -2 -1 0 0 0 -1 -2 -1 0 -2 -1 -1 -1 -2 -2 -2 -1 -2 -2
0.551304726470389 -0.729252678726157 -2.38402290604838 0.272201060998243 -0.201023522765418 1 2 1 0 0 2 2 2 1 0 1 2 0 0 0 2 0 0 2 2 1 1 1 1 0 0 0 1 0 0 0 2 2 0 1 2 2 0 1 1 0 0 0 1 1 0 0 0 0 0 1 2 1 2 2 1 2 1 1 2 0 0 2 0 0 0 0 0 1 2 1 0 1 2 2 0 0 1 2 2 2 1 1 0 0 0 1 2 2 2 0 2 2 2 0 2 2 2 1 2 1 2 1 0 0 2 2 2 1 0 1 2 0 0 0 2 0 0 2 2 1 1 1 1 0 0 0 1 0 0 0 2 2 0 1 2 2 0 1 1 0 0 0 1 1 0 0 0 0 0 1 2 1 2 2 1 2 1 1 2 0 0 2 0 0 0 0 0 1 2 1 0 1 2 2 0 0 1 2 2 2 1 1 0 0 0 1 2 2 2 0 2 2 2 0 2 2 2 1 2 1
-0.630931886196899 1.16407515589553 0.989044777728427 1.06258273817847 1.46273172958496 1 1 0 0 1 2 2 2 1 0 1 2 0 1 1 1 0 1 2 2 2 1 1 0 0 1 0 0 1 0 0 2 1 0 0 1 2 0 2 1 0 0 1 1 2 1 1 2 2 0 0 1 0 1 2 0 2 1 2 2 0 1 1 2 1 1 0 0 2 2 0 0 2 0 2 0 1 2 2 2 2 1 1 1 0 0 1 2 2 1 0 2 1 2 1 2 2 2 0 2 1 1 0 0 1 2 2 2 1 0 1 2 0 1 1 1 0 1 2 2 2 1 1 0 0 1 0 0 1 0 0 2 1 0 0 1 2 0 2 1 0 0 1 1 2 1 1 2 2 0 0 1 0 1 2 0 2 1 2 2 0 1 1 2 1 1 0 0 2 2 0 0 2 0 2 0 1 2 2 2 2 1 1 1 0 0 1 2 2 1 0 2 1 2 1 2 2 2 0 2 1
2.16461366400082 1.55106754455779 -0.775889120998214 1.10664745903716 0.0882091943261911 1 1 0 0 0 2 1 1 1 0 1 1 0 2 1 2 1 1 2 2 2 1 1 0 0 0 0 1 2 0 0 2 1 0 1 2 2 1 2 1 1 1 2 2 2 0 0 1 2 2 1 2 0 2 2 0 2 0 2 2 0 0 2 1 0 0 0 0 1 0 1 0 1 1 2 0 0 1 1 2 2 1 0 2 0 0 0 1 2 2 0 2 1 2 0 2 2 2 0 1 1 1 0 0 0 2 1 1 1 0 1 1 0 2 1 2 1 1 2 2 2 1 1 0 0 0 0 1 2 0 0 2 1 0 1 2 2 1 2 1 1 1 2 2 2 0 0 1 2 2 1 2 0 2 2 0 2 0 2 2 0 0 2 1 0 0 0 0 1 0 1 0 1 1 2 0 0 1 1 2 2 1 0 2 0 0 0 1 2 2 0 2 1 2 0 2 2 2 0 1 1
-0.434836502500684 0.253960618751415 -0.425436307090261 1.27831827523923 -0.710359938018575 1 1 0 0 0 2 1 1 2 0 0 1 0 2 1 2 1 1 2 2 2 2 2 2 1 1 1 0 1 0 0 1 0 0 1 2 2 0 1 1 0 1 1 1 1 0 0 2 2 0 0 1 0 2 2 0 2 0 2 2 0 2 2 2 1 1 1 0 1 1 1 0 2 1 1 0 0 1 2 2 2 1 0 1 0 0 2 2 2 2 1 2 1 2 1 2 2 2 1 2 1 1 0 0 0 2 1 1 2 0 0 1 0 2 1 2 1 1 2 2 2 2 2 2 1 1 1 0 1 0 0 1 0 0 1 2 2 0 1 1 0 1 1 1 1 0 0 2 2 0 0 1 0 2 2 0 2 0 2 2 0 2 2 2 1 1 1 0 1 1 1 0 2 1 1 0 0 1 2 2 2 1 0 1 0 0 2 2 2 2 1 2 1 2 1 2 2 2 1 2 1
-0.139836618158555 -0.523923684040515 -0.663428315074368 -0.343613282458837 -0.176987719179073 1 1 1 1 2 2 1 1 0 0 1 1 0 1 2 2 1 0 2 2 2 2 1 1 1 1 0 0 1 0 0 2 1 0 0 1 2 0 2 0 0 1 2 1 2 0 0 2 1 0 0 1 0 2 2 0 2 0 1 2 1 1 2 1 1 1 0 1 2 2 2 0 0 0 0 0 0 0 0 2 2 1 1 0 0 0 2 2 2 2 0 2 2 2 2 2 2 2 0 2 1 1 1 1 2 2 1 1 0 0 1 1 0 1 2 2 1 0 2 2 2 2 1 1 1 1 0 0 1 0 0 2 1 0 0 1 2 0 2 0 0 1 2 1 2 0 0 2 1 0 0 1 0 2 2 0 2 0 1 2 1 1 2 1 1 1 0 1 2 2 2 0 0 0 0 0 0 0 0 2 2 1 1 0 0 0 2 2 2 2 0 2 2 2 2 2 2 2 0 2 1
0.0868557474380238 1.38440828839551 0.277613923556742 1.34276083670115 0.829055541124264 -1 2 1 0 1 1 1 2 1 0 0 1 0 0 0 1 0 0 1 1 2 0 0 0 0 0 0 0 2 1 0 1 1 0 0 1 2 0 2 1 0 2 2 2 1 0 0 1 1 0 1 2 1 2 2 0 2 0 2 2 0 1 2 1 1 1 0 2 2 1 1 1 2 2 1 0 0 1 1 2 1 2 1 1 0 0 1 0 2 2 1 2 2 2 1 2 2 0 0 2 2 -2 -1 0 -1 -1 -1 -2 -1 0 0 -1 0 0 0 -1 0 0 -1 -1 -2 0 0 0 0 0 0 0 -2 -1 0 -1 -1 0 0 -1 -2 0 -2 -1 0 -2 -2 -2 -1 0 0 -1 -1 0 -1 -2 -1 -2 -2 0 -2 0 -2 -2 0 -1 -2 -1 -1 -1 0 -2 -2 -1 -1 -1 -2 -2 -1 0 0 -1 -1 -2 -1 -2 -1 -1 0 0 -1 0 -2 -2 -1 -2 -2 -2 -1 -2 -2 0 0 -2 -2
1.18373228501113 0.589676324833565 0.114807474231649 -0.31287655460004 0.98719399069681 -1 0 0 0 0 2 2 2 1 0 1 1 0 1 0 2 0 1 2 2 2 1 0 0 1 0 0 0 1 1 0 1 0 0 0 1 2 0 1 0 1 2 2 2 1 1 0 1 1 0 0 1 0 2 1 0 2 0 2 2 0 1 2 1 0 1 0 0 1 0 0 0 1 1 1 0 0 1 2 2 2 1 1 1 0 1 2 1 2 2 1 2 1 2 1 2 2 2 0 2 2 0 0 0 0 -2 -2 -2 -1 0 -1 -1 0 -1 0 -2 0 -1 -2 -2 -2 -1 0 0 -1 0 0 0 -1 -1 0 -1 0 0 0 -1 -2 0 -1 0 -1 -2 -2 -2 -1 -1 0 -1 -1 0 0 -1 0 -2 -1 0 -2 0 -2 -2 0 -1 -2 -1 0 -1 0 0 -1 0 0 0 -1 -1 -1 0 0 -1 -2 -2 -2 -1 -1 -1 0 -1 -2 -1 -2 -2 -1 -2 -1 -2 -1 -2 -2 -2 0 -2 -2
-0.0951872066676524 0.15263929768323 -0.638993282838435 -0.348734794602056 0.0662410380241892 1 2 0 0 0 1 1 1 1 0 0 1 0 1 0 1 0 0 1 1 1 1 2 0 0 0 0 0 0 0 0 1 0 0 0 1 2 0 0 0 0 0 1 2 1 0 0 1 1 0 0 2 0 2 2 0 2 0 1 2 1 1 2 2 1 1 0 1 1 1 0 0 0 0 2 0 0 2 1 1 2 2 0 1 0 0 0 1 1 2 1 2 1 2 1 2 2 2 1 2 2 2 0 0 0 1 1 1 1 0 0 1 0 1 0 1 0 0 1 1 1 1 2 0 0 0 0 0 0 0 0 1 0 0 0 1 2 0 0 0 0 0 1 2 1 0 0 1 1 0 0 2 0 2 2 0 2 0 1 2 1 1 2 2 1 1 0 1 1 1 0 0 0 0 2 0 0 2 1 1 2 2 0 1 0 0 0 1 1 2 1 2 1 2 1 2 2 2 1 2 2
-0.385064230049464 1.22175693026527 0.87810395470028 1.12682851232655 1.07359490417989 1 2 0 0 1 1 1 2 0 0 0 2 0 2 0 0 0 0 2 2 1 2 1 0 0 0 0 0 2 1 1 2 1 1 1 2 2 0 0 0 1 1 1 0 1 1 2 1 2 0 0 2 1 2 2 0 2 0 1 2 0 0 1 1 2 1 1 0 1 1 2 0 2 1 1 0 0 0 2 1 1 1 0 0 0 0 0 0 1 1 1 2 1 1 0 2 1 1 0 1 2 2 0 0 1 1 1 2 0 0 0 2 0 2 0 0 0 0 2 2 1 2 1 0 0 0 0 0 2 1 1 2 1 1 1 2 2 0 0 0 1 1 1 0 1 1 2 1 2 0 0 2 1 2 2 0 2 0 1 2 0 0 1 1 2 1 1 0 1 1 2 0 2 1 1 0 0 0 2 1 1 1 0 0 0 0 0 0 1 1 1 2 1 1 0 2 1 1 0 1 2
0.123094454408939 0.412004123360212 -1.00514095568634 -2.45022627472637 -0.951690198493776 1 2 0 0 1 2 1 2 1 0 0 0 0 1 1 1 0 0 2 2 1 1 2 1 1 0 0 0 0 0 0 1 0 0 0 2 2 0 2 0 2 2 2 2 2 1 1 1 2 1 1 2 1 2 2 0 2 1 2 2 0 1 2 1 1 2 0 0 1 2 2 0 1 1 2 0 0 1 0 2 2 1 0 0 0 0 1 2 2 2 1 2 2 2 0 2 2 2 0 2 2 2 0 0 1 2 1 2 1 0 0 0 0 1 1 1 0 0 2 2 1 1 2 1 1 0 0 0 0 0 0 1 0 0 0 2 2 0 2 0 2 2 2 2 2 1 1 1 2 1 1 2 1 2 2 0 2 1 2 2 0 1 2 1 1 2 0 0 1 2 2 0 1 1 2 0 0 1 0 2 2 1 0 0 0 0 1 2 2 2 1 2 2 2 0 2 2 2 0 2 2
-1.40660637014214 0.952844354887338 -0.0757371420494699 0.0450613953066892 -0.012674602869385 1 2 0 0 1 2 2 1 0 0 0 2 0 1 0 2 0 2 2 2 1 0 1 1 1 0 1 0 0 1 0 2 1 0 1 1 2 0 2 0 0 0 1 0 1 0 0 0 1 0 0 2 1 2 2 0 2 0 1 2 0 1 2 1 2 1 0 1 1 0 1 0 1 1 1 0 0 0 2 2 2 1 0 0 0 0 0 1 2 0 0 2 1 2 0 2 2 2 0 2 1 2 0 0 1 2 2 1 0 0 0 2 0 1 0 2 0 2 2 2 1 0 1 1 1 0 1 0 0 1 0 2 1 0 1 1 2 0 2 0 0 0 1 0 1 0 0 0 1 0 0 2 1 2 2 0 2 0 1 2 0 1 2 1 2 1 0 1 1 0 1 0 1 1 1 0 0 0 2 2 2 1 0 0 0 0 0 1 2 0 0 2 1 2 0 2 2 2 0 2 1
-0.696870435076918 0.885541897929316 -0.505696633904648 0.208502142154923 0.196297907677565 -1 1 0 0 0 0 0 1 1 0 0 2 0 1 0 1 0 1 1 1 1 1 2 0 0 0 0 1 2 0 0 2 2 0 0 1 2 0 1 0 0 1 1 1 1 0 0 1 2 0 0 1 1 2 1 0 2 0 0 0 0 0 2 1 1 1 0 0 0 0 1 0 0 1 2 0 0 1 2 2 2 2 1 1 0 0 0 0 1 2 1 2 1 2 0 2 1 1 0 2 1 -1 0 0 0 0 0 -1 -1 0 0 -2 0 -1 0 -1 0 -1 -1 -1 -1 -1 -2 0 0 0 0 -1 -2 0 0 -2 -2 0 0 -1 -2 0 -1 0 0 -1 -1 -1 -1 0 0 -1 -2 0 0 -1 -1 -2 -1 0 -2 0 0 0 0 0 -2 -1 -1 -1 0 0 0 0 -1 0 0 -1 -2 0 0 -1 -2 -2 -2 -2 -1 -1 0 0 0 0 -1 -2 -1 -2 -1 -2 0 -2 -1 -1 0 -2 -1
1.70513628148743 -0.251937669020885 -0.200805224142906 -1.14076569749807 -0.291084998346904 1 2 1 0 1 1 2 2 1 0 0 2 0 2 1 2 1 1 1 0 1 2 1 0 0 0 0 0 1 0 0 2 0 0 1 2 2 1 1 1 0 1 1 0 1 0 0 1 1 0 0 1 0 2 1 0 2 1 2 2 0 2 2 0 1 1 0 1 2 2 1 0 2 1 2 0 0 2 2 2 2 1 0 0 0 0 0 1 1 1 0 2 2 2 2 2 2 2 0 1 0 2 1 0 1 1 2 2 1 0 0 2 0 2 1 2 1 1 1 0 1 2 1 0 0 0 0 0 1 0 0 2 0 0 1 2 2 1 1 1 0 1 1 0 1 0 0 1 1 0 0 1 0 2 1 0 2 1 2 2 0 2 2 0 1 1 0 1 2 2 1 0 2 1 2 0 0 2 2 2 2 1 0 0 0 0 0 1 1 1 0 2 2 2 2 2 2 2 0 1 0
0.873722950800548 0.162128979953588 0.808112614467963 0.880045867035299 -0.985350331061876 1 2 1 0 0 1 0 1 1 0 0 1 0 0 0 1 0 1 2 2 2 0 0 0 0 0 0 0 1 1 0 2 1 0 1 1 2 0 2 1 0 1 1 1 2 1 0 1 2 0 0 2 0 1 2 0 2 0 1 2 0 0 2 1 0 0 0 0 0 0 0 0 0 2 1 0 0 1 1 2 2 1 1 1 0 0 1 2 2 1 0 2 2 1 0 2 2 2 1 2 2 2 1 0 0 1 0 1 1 0 0 1 0 0 0 1 0 1 2 2 2 0 0 0 0 0 0 0 1 1 0 2 1 0 1 1 2 0 2 1 0 1 1 1 2 1 0 1 2 0 0 2 0 1 2 0 2 0 1 2 0 0 2 1 0 0 0 0 0 0 0 0 0 2 1 0 0 1 1 2 2 1 1 1 0 0 1 2 2 1 0 2 2 1 0 2 2 2 1 2 2
-0.508494051900439 0.884748437501546 -1.69215975999132 0.173527172122214 -0.0982631276499388 1 1 0 0 0 1 1 2 1 0 0 0 0 1 0 1 1 1 1 1 2 2 1 0 0 1 0 1 2 0 0 2 0 0 1 2 2 0 2 1 0 0 1 1 2 0 0 2 2 0 0 1 0 2 2 1 2 0 2 2 0 0 2 0 0 0 0 1 1 1 2 0 1 0 2 0 0 1 2 2 2 1 1 1 0 0 0 2 2 2 1 2 2 2 0 2 1 2 0 2 1 1 0 0 0 1 1 2 1 0 0 0 0 1 0 1 1 1 1 1 2 2 1 0 0 1 0 1 2 0 0 2 0 0 1 2 2 0 2 1 0 0 1 1 2 0 0 2 2 0 0 1 0 2 2 1 2 0 2 2 0 0 2 0 0 0 0 1 1 1 2 0 1 0 2 0 0 1 2 2 2 1 1 1 0 0 0 2 2 2 1 2 2 2 0 2 1 2 0 2 1
0.11571318476461 -0.344639166739253 0.231971319181147 1.01371641959727 0.273142308269955 1 1 0 0 0 2 2 2 0 0 0 1 0 1 1 2 0 2 2 1 1 2 2 1 0 0 1 1 1 1 0 1 0 0 0 1 1 0 1 0 0 1 1 2 2 0 0 0 1 0 0 2 0 2 2 1 2 0 1 2 0 0 2 2 1 2 0 1 1 1 1 0 2 0 2 0 0 2 1 2 2 2 2 1 0 0 2 2 2 1 1 2 1 1 1 2 2 2 1 2 2 1 0 0 0 2 2 2 0 0 0 1 0 1 1 2 0 2 2 1 1 2 2 1 0 0 1 1 1 1 0 1 0 0 0 1 1 0 1 0 0 1 1 2 2 0 0 0 1 0 0 2 0 2 2 1 2 0 1 2 0 0 2 2 1 2 0 1 1 1 1 0 2 0 2 0 0 2 1 2 2 2 2 1 0 0 2 2 2 1 1 2 1 1 1 2 2 2 1 2 2
2.15299864357093 -0.422945850109152 0.0461964356025933 2.14423918313974 -0.794814003460203 1 2 1 0 1 2 1 1 1 0 0 2 0 2 1 2 0 0 1 2 2 2 1 1 0 1 1 2 1 0 0 2 0 0 0 2 2 0 2 0 1 1 0 0 2 2 2 2 2 1 1 1 0 2 0 0 2 1 1 1 0 0 2 2 2 2 0 0 2 1 1 0 0 1 1 0 1 2 2 2 2 1 2 1 1 0 2 1 2 2 1 2 0 1 0 2 1 2 0 2 1 2 1 0 1 2 1 1 1 0 0 2 0 2 1 2 0 0 1 2 2 2 1 1 0 1 1 2 1 0 0 2 0 0 0 2 2 0 2 0 1 1 0 0 2 2 2 2 2 1 1 1 0 2 0 0 2 1 1 1 0 0 2 2 2 2 0 0 2 1 1 0 0 1 1 0 1 2 2 2 2 1 2 1 1 0 2 1 2 2 1 2 0 1 0 2 1 2 0 2 1
-2.75636518581373 -1.78069933176147 -1.73460736416725 -0.0887330695680722 -2.01324351639397 1 2 0 0 1 2 1 2 1 0 1 1 0 1 1 2 1 2 2 2 1 2 1 0 0 0 0 1 1 0 0 1 0 0 0 2 2 0 0 0 0 2 2 2 2 0 1 2 2 0 1 2 0 1 2 0 2 0 2 2 0 0 2 0 1 0 0 0 1 1 2 0 1 0 2 0 1 0 2 2 2 1 1 0 0 0 1 1 2 1 0 2 1 2 0 2 1 1 0 2 1 2 0 0 1 2 1 2 1 0 1 1 0 1 1 2 1 2 2 2 1 2 1 0 0 0 0 1 1 0 0 1 0 0 0 2 2 0 0 0 0 2 2 2 2 0 1 2 2 0 1 2 0 1 2 0 2 0 2 2 0 0 2 0 1 0 0 0 1 1 2 0 1 0 2 0 1 0 2 2 2 1 1 0 0 0 1 1 2 1 0 2 1 2 0 2 1 1 0 2 1
-1.76617544583469 -0.347285777663282 0.745643331653044 1.36883196574401 2.75348544488579 -1 2 0 0 1 1 2 2 2 0 0 2 0 1 1 2 0 1 2 2 2 2 2 1 1 1 0 1 1 0 0 1 0 0 1 2 2 0 2 0 1 1 2 2 2 1 2 2 2 1 1 1 0 2 2 0 2 0 2 2 0 0 1 0 0 0 0 0 1 1 1 0 0 0 1 0 0 0 0 1 1 0 0 0 0 0 0 1 2 2 0 2 1 1 0 2 2 1 0 2 1 -2 0 0 -1 -1 -2 -2 -2 0 0 -2 0 -1 -1 -2 0 -1 -2 -2 -2 -2 -2 -1 -1 -1 0 -1 -1 0 0 -1 0 0 -1 -2 -2 0 -2 0 -1 -1 -2 -2 -2 -1 -2 -2 -2 -1 -1 -1 0 -2 -2 0 -2 0 -2 -2 0 0 -1 0 0 0 0 0 -1 -1 -1 0 0 0 -1 0 0 0 0 -1 -1 0 0 0 0 0 0 -1 -2 -2 0 -2 -1 -1 0 -2 -2 -1 0 -2 -1
1.92850594467053 0.244280907043589 0.20419954031117 1.22332886170356 -0.363245012503962 1 1 0 0 1 2 2 2 1 0 1 2 0 2 0 2 0 0 2 2 2 1 2 1 0 0 0 0 0 0 0 2 0 0 0 1 2 0 2 0 1 1 2 1 2 1 1 2 1 1 0 2 0 1 1 0 2 0 2 2 0 1 2 0 0 0 0 0 0 0 0 0 1 0 1 0 0 2 2 2 2 0 0 1 0 0 0 1 2 2 2 2 1 2 0 2 2 1 1 2 1 1 0 0 1 2 2 2 1 0 1 2 0 2 0 2 0 0 2 2 2 1 2 1 0 0 0 0 0 0 0 2 0 0 0 1 2 0 2 0 1 1 2 1 2 1 1 2 1 1 0 2 0 1 1 0 2 0 2 2 0 1 2 0 0 0 0 0 0 0 0 0 1 0 1 0 0 2 2 2 2 0 0 1 0 0 0 1 2 2 2 2 1 2 0 2 2 1 1 2 1
1.25806418743272 0.420266382999874 0.463956478126241 1.48139561287843 1.79383048533384 -1 2 0 0 0 2 2 1 0 0 0 0 0 0 0 1 0 0 2 2 2 2 1 0 0 0 0 0 0 0 0 2 2 0 0 0 1 0 1 1 0 0 0 0 0 0 0 1 0 0 0 1 0 1 1 0 2 0 2 2 0 1 2 0 1 1 0 1 1 1 1 0 1 1 2 0 0 1 1 2 2 1 0 0 0 0 2 2 2 1 1 2 2 1 0 2 2 0 0 2 1 -2 0 0 0 -2 -2 -1 0 0 0 0 0 0 0 -1 0 0 -2 -2 -2 -2 -1 0 0 0 0 0 0 0 0 -2 -2 0 0 0 -1 0 -1 -1 0 0 0 0 0 0 0 -1 0 0 0 -1 0 -1 -1 0 -2 0 -2 -2 0 -1 -2 0 -1 -1 0 -1 -1 -1 -1 0 -1 -1 -2 0 0 -1 -1 -2 -2 -1 0 0 0 0 -2 -2 -2 -1 -1 -2 -2 -1 0 -2 -2 0 0 -2 -1
-0.0123904649649632 1.82032052881829 1.80353991312652 -1.10002501699741 0.881647218203075 1 2 0 0 1 2 1 2 1 0 2 1 0 2 1 2 1 2 2 2 2 1 2 1 0 0 0 0 1 0 0 2 1 0 0 1 2 0 1 0 0 1 2 1 2 0 1 2 2 2 1 1 1 2 2 0 2 0 2 1 0 0 2 1 0 1 0 0 2 1 1 0 0 0 2 0 0 0 2 1 2 1 0 1 0 0 1 2 2 1 0 2 1 2 1 2 2 2 0 2 1 2 0 0 1 2 1 2 1 0 2 1 0 2 1 2 1 2 2 2 2 1 2 1 0 0 0 0 1 0 0 2 1 0 0 1 2 0 1 0 0 1 2 1 2 0 1 2 2 2 1 1 1 2 2 0 2 0 2 1 0 0 2 1 0 1 0 0 2 1 1 0 0 0 2 0 0 0 2 1 2 1 0 1 0 0 1 2 2 1 0 2 1 2 1 2 2 2 0 2 1
2.11032751698616 -0.793439210882095 -0.2609224995252 0.0595762956655036 0.926500544497708 1 2 0 0 0 2 1 2 2 0 1 2 0 0 0 1 0 1 1 2 1 1 1 1 0 1 1 1 1 0 0 1 0 0 0 1 2 0 2 2 0 0 1 2 2 1 1 1 1 0 0 0 0 2 2 0 2 1 2 2 0 1 2 1 0 0 0 0 0 0 0 0 1 1 2 0 0 1 2 2 1 0 0 1 0 0 0 1 2 1 0 2 1 2 2 2 2 2 1 2 2 2 0 0 0 2 1 2 2 0 1 2 0 0 0 1 0 1 1 2 1 1 1 1 0 1 1 1 1 0 0 1 0 0 0 1 2 0 2 2 0 0 1 2 2 1 1 1 1 0 0 0 0 2 2 0 2 1 2 2 0 1 2 1 0 0 0 0 0 0 0 0 1 1 2 0 0 1 2 2 1 0 0 1 0 0 0 1 2 1 0 2 1 2 2 2 2 2 1 2 2
-0.130656710016783 0.673242985287759 0.1543897517222 -0.529432086332126 -2.18937962108666 1 2 1 1 1 2 2 2 2 1 1 2 1 2 1 2 0 2 2 2 1 0 0 0 0 0 0 0 0 0 0 2 0 0 0 1 2 0 2 0 1 2 2 2 2 1 1 2 2 0 0 2 0 2 2 1 2 1 1 1 0 0 2 0 0 1 0 0 1 1 1 0 2 2 2 0 1 1 2 1 1 2 1 0 0 0 1 1 2 1 0 2 1 2 0 2 2 2 0 1 0 2 1 1 1 2 2 2 2 1 1 2 1 2 1 2 0 2 2 2 1 0 0 0 0 0 0 0 0 0 0 2 0 0 0 1 2 0 2 0 1 2 2 2 2 1 1 2 2 0 0 2 0 2 2 1 2 1 1 1 0 0 2 0 0 1 0 0 1 1 1 0 2 2 2 0 1 1 2 1 1 2 1 0 0 0 1 1 2 1 0 2 1 2 0 2 2 2 0 1 0
0.265559990589834 0.941823200917303 -0.413439230066907 0.949331243588584 -0.358672760068289 1 2 0 0 1 2 1 2 1 0 0 2 0 2 1 1 0 0 1 2 1 1 1 0 0 0 0 0 0 0 0 2 1 0 1 2 2 1 2 0 0 0 0 0 2 1 1 2 2 1 0 2 1 2 2 0 2 0 2 2 1 1 1 1 0 0 0 0 1 1 2 1 2 2 2 0 0 1 2 1 2 0 1 0 0 0 0 1 2 1 0 2 2 2 2 2 2 2 0 2 0 2 0 0 1 2 1 2 1 0 0 2 0 2 1 1 0 0 1 2 1 1 1 0 0 0 0 0 0 0 0 2 1 0 1 2 2 1 2 0 0 0 0 0 2 1 1 2 2 1 0 2 1 2 2 0 2 0 2 2 1 1 1 1 0 0 0 0 1 1 2 1 2 2 2 0 0 1 2 1 2 0 1 0 0 0 0 1 2 1 0 2 2 2 2 2 2 2 0 2 0
0.490023898011428 -1.05627790791902 0.810487120327213 -0.471430245807261 -0.628479591847357 -1 2 0 0 0 0 1 2 2 0 1 2 0 0 0 2 0 0 2 2 2 1 1 0 0 0 0 1 2 1 0 1 1 0 0 1 2 0 0 0 1 1 2 2 2 1 0 2 1 0 0 2 0 2 2 0 2 0 2 2 1 1 2 0 0 1 0 2 1 0 0 0 1 1 1 0 0 1 2 2 2 2 1 0 0 0 1 1 1 2 0 2 2 2 0 2 2 2 0 2 1 -2 0 0 0 0 -1 -2 -2 0 -1 -2 0 0 0 -2 0 0 -2 -2 -2 -1 -1 0 0 0 0 -1 -2 -1 0 -1 -1 0 0 -1 -2 0 0 0 -1 -1 -2 -2 -2 -1 0 -2 -1 0 0 -2 0 -2 -2 0 -2 0 -2 -2 -1 -1 -2 0 0 -1 0 -2 -1 0 0 0 -1 -1 -1 0 0 -1 -2 -2 -2 -2 -1 0 0 0 -1 -1 -1 -2 0 -2 -2 -2 0 -2 -2 -2 0 -2 -1
0.275923931106535 1.35639832540429 -0.456486019224574 0.347326553419435 0.730661940228173 1 1 0 0 0 1 2 1 1 0 1 1 0 1 0 2 0 1 1 2 1 1 0 0 0 0 0 0 0 0 0 1 1 1 1 2 2 0 1 0 0 0 1 0 1 0 0 1 1 0 0 1 0 1 1 1 2 0 1 2 1 1 2 1 0 0 0 0 0 0 0 0 1 1 2 0 0 1 0 1 1 1 0 1 0 0 0 2 2 2 1 2 2 2 1 2 1 2 0 1 1 1 0 0 0 1 2 1 1 0 1 1 0 1 0 2 0 1 1 2 1 1 0 0 0 0 0 0 0 0 0 1 1 1 1 2 2 0 1 0 0 0 1 0 1 0 0 1 1 0 0 1 0 1 1 1 2 0 1 2 1 1 2 1 0 0 0 0 0 0 0 0 1 1 2 0 0 1 0 1 1 1 0 1 0 0 0 2 2 2 1 2 2 2 1 2 1 2 0 1 1
-0.184816007398539 -0.650775789670493 0.706573783994632 0.474010374749072 0.637153759642948 1 2 0 0 0 2 2 1 1 0 2 2 1 2 0 2 1 0 2 1 1 1 0 0 0 1 0 0 0 0 0 1 0 0 0 1 2 0 1 0 0 1 2 2 2 1 0 0 1 0 0 1 0 2 2 0 2 0 2 2 0 1 2 1 0 1 0 1 1 1 1 0 1 1 2 0 1 2 2 2 2 2 1 1 0 0 0 0 2 2 0 2 2 2 0 2 2 2 0 2 2 2 0 0 0 2 2 1 1 0 2 2 1 2 0 2 1 0 2 1 1 1 0 0 0 1 0 0 0 0 0 1 0 0 0 1 2 0 1 0 0 1 2 2 2 1 0 0 1 0 0 1 0 2 2 0 2 0 2 2 0 1 2 1 0 1 0 1 1 1 1 0 1 1 2 0 1 2 2 2 2 2 1 1 0 0 0 0 2 2 0 2 2 2 0 2 2 2 0 2 2
-1.32131411226042 -0.844819572603656 0.656046898901356 -0.201466927152577 -0.182712706744456 1 1 0 0 1 2 1 1 0 0 2 2 0 2 1 2 0 0 2 2 2 0 0 0 0 0 1 0 1 0 0 2 2 0 0 1 2 0 1 0 0 1 1 2 2 0 0 2 2 0 0 1 1 2 2 0 2 0 2 2 0 0 2 2 1 2 0 0 2 1 1 0 1 1 1 0 0 1 2 2 1 1 0 1 0 0 1 2 2 1 0 2 1 1 0 2 1 2 0 2 2 1 0 0 1 2 1 1 0 0 2 2 0 2 1 2 0 0 2 2 2 0 0 0 0 0 1 0 1 0 0 2 2 0 0 1 2 0 1 0 0 1 1 2 2 0 0 2 2 0 0 1 1 2 2 0 2 0 2 2 0 0 2 2 1 2 0 0 2 1 1 0 1 1 1 0 0 1 2 2 1 1 0 1 0 0 1 2 2 1 0 2 1 1 0 2 1 2 0 2 2
0.219897385777791 0.523520324102604 -2.03357812879911 -1.1926859728108 0.0860438536106981 -1 2 1 1 2 2 2 2 1 0 0 1 0 1 1 2 2 2 2 2 2 1 1 0 0 0 0 0 2 0 0 1 0 0 1 2 2 1 2 1 0 1 2 2 2 0 0 0 1 0 0 1 0 2 1 0 2 0 2 2 0 0 2 0 0 1 0 0 1 0 1 0 1 1 1 0 1 1 2 2 2 2 1 1 0 0 0 1 1 1 1 2 1 2 2 2 1 2 0 1 2 -2 -1 -1 -2 -2 -2 -2 -1 0 0 -1 0 -1 -1 -2 -2 -2 -2 -2 -2 -1 -1 0 0 0 0 0 -2 0 0 -1 0 0 -1 -2 -2 -1 -2 -1 0 -1 -2 -2 -2 0 0 0 -1 0 0 -1 0 -2 -1 0 -2 0 -2 -2 0 0 -2 0 0 -1 0 0 -1 0 -1 0 -1 -1 -1 0 -1 -1 -2 -2 -2 -2 -1 -1 0 0 0 -1 -1 -1 -1 -2 -1 -2 -2 -2 -1 -2 0 -1 -2
0.704098511296888 -0.536121353008802 -1.25377576088356 -0.0345000864805226 2.08702578337754 -1 2 1 0 1 2 2 2 1 0 1 2 0 1 0 2 0 0 1 1 2 1 1 0 1 2 1 1 1 1 0 1 1 0 0 1 2 0 2 2 1 1 1 1 1 0 0 1 1 0 0 1 0 2 2 0 2 0 2 2 0 0 2 1 2 1 0 0 2 2 1 0 0 2 2 0 0 2 2 2 1 0 1 1 0 0 0 1 2 1 0 2 1 1 0 2 2 2 0 1 1 -2 -1 0 -1 -2 -2 -2 -1 0 -1 -2 0 -1 0 -2 0 0 -1 -1 -2 -1 -1 0 -1 -2 -1 -1 -1 -1 0 -1 -1 0 0 -1 -2 0 -2 -2 -1 -1 -1 -1 -1 0 0 -1 -1 0 0 -1 0 -2 -2 0 -2 0 -2 -2 0 0 -2 -1 -2 -1 0 0 -2 -2 -1 0 0 -2 -2 0 0 -2 -2 -2 -1 0 -1 -1 0 0 0 -1 -2 -1 0 -2 -1 -1 0 -2 -2 -2 0 -1 -1
0.114555656401885 0.952703472979788 0.843364778619042 -1.85204290639112 -0.378495589504694 -1 2 1 0 0 2 1 2 1 0 1 2 0 1 1 2 1 2 2 2 1 1 0 0 0 0 0 0 0 0 0 2 1 0 0 1 2 0 1 0 0 1 1 1 1 0 0 0 1 0 0 2 0 2 2 0 2 1 2 2 1 1 2 2 1 2 1 1 1 1 2 0 1 0 2 0 0 1 2 2 2 1 1 0 0 0 1 1 2 1 0 2 1 1 0 1 2 2 0 2 2 -2 -1 0 0 -2 -1 -2 -1 0 -1 -2 0 -1 -1 -2 -1 -2 -2 -2 -1 -1 0 0 0 0 0 0 0 0 0 -2 -1 0 0 -1 -2 0 -1 0 0 -1 -1 -1 -1 0 0 0 -1 0 0 -2 0 -2 -2 0 -2 -1 -2 -2 -1 -1 -2 -2 -1 -2 -1 -1 -1 -1 -2 0 -1 0 -2 0 0 -1 -2 -2 -2 -1 -1 0 0 0 -1 -1 -2 -1 0 -2 -1 -1 0 -1 -2 -2 0 -2 -2
0.435947886133365 1.1013351699527 0.185918813179646 -0.464065301701484 -0.1852719296886 -1 2 0 0 0 1 2 1 0 0 0 2 0 1 0 2 1 2 2 2 2 1 1 0 0 0 1 2 1 0 0 2 2 0 0 1 2 0 2 1 1 1 2 2 1 1 1 1 2 0 0 2 0 2 2 0 2 0 1 2 0 1 2 0 1 0 0 1 0 1 1 0 1 0 2 0 1 1 2 2 2 1 1 1 0 0 0 2 2 2 1 2 1 1 0 2 2 2 0 2 1 -2 0 0 0 -1 -2 -1 0 0 0 -2 0 -1 0 -2 -1 -2 -2 -2 -2 -1 -1 0 0 0 -1 -2 -1 0 0 -2 -2 0 0 -1 -2 0 -2 -1 -1 -1 -2 -2 -1 -1 -1 -1 -2 0 0 -2 0 -2 -2 0 -2 0 -1 -2 0 -1 -2 0 -1 0 0 -1 0 -1 -1 0 -1 0 -2 0 -1 -1 -2 -2 -2 -1 -1 -1 0 0 0 -2 -2 -2 -1 -2 -1 -1 0 -2 -2 -2 0 -2 -1
-1.01066064237822 1.32605501782786 -2.71137995477813 -1.4207990319507 -1.22629329113099 1 1 0 0 1 2 2 2 0 0 1 1 0 2 1 2 0 0 1 1 2 2 2 0 0 0 0 0 1 0 0 0 0 0 1 2 2 0 1 0 0 1 2 1 1 0 0 2 2 0 0 2 0 1 1 0 2 0 2 1 0 1 1 1 2 1 0 0 0 0 0 0 1 0 1 0 0 1 2 2 2 1 1 0 0 0 0 1 2 2 2 2 1 2 1 2 2 2 0 2 2 1 0 0 1 2 2 2 0 0 1 1 0 2 1 2 0 0 1 1 2 2 2 0 0 0 0 0 1 0 0 0 0 0 1 2 2 0 1 0 0 1 2 1 1 0 0 2 2 0 0 2 0 1 1 0 2 0 2 1 0 1 1 1 2 1 0 0 0 0 0 0 1 0 1 0 0 1 2 2 2 1 1 0 0 0 0 1 2 2 2 2 1 2 1 2 2 2 0 2 2
-0.832378110806801 0.232155898144718 -1.479314838422 0.694251499561533 -0.441338091936429 1 1 0 0 0 1 1 2 1 0 0 2 0 1 0 2 2 1 2 2 2 2 1 0 0 0 0 0 1 0 0 1 1 0 0 1 2 0 1 1 0 0 1 1 2 0 1 2 2 0 0 1 0 1 1 0 2 0 2 2 0 0 2 0 1 0 0 0 1 0 0 0 0 0 0 0 0 2 2 2 2 2 2 2 0 0 1 1 2 1 0 2 2 2 2 2 2 2 1 2 0 1 0 0 0 1 1 2 1 0 0 2 0 1 0 2 2 1 2 2 2 2 1 0 0 0 0 0 1 0 0 1 1 0 0 1 2 0 1 1 0 0 1 1 2 0 1 2 2 0 0 1 0 1 1 0 2 0 2 2 0 0 2 0 1 0 0 0 1 0 0 0 0 0 0 0 0 2 2 2 2 2 2 2 0 0 1 1 2 1 0 2 2 2 2 2 2 2 1 2 0
0.620263315340839 0.0855344113021226 -0.214039718437506 0.676300476563888 0.450246445312293 -1 1 0 0 0 0 1 2 0 0 0 1 0 0 0 2 1 1 2 2 2 2 1 1 1 1 0 0 1 0 0 2 1 0 0 0 2 0 2 2 0 0 1 2 1 0 1 1 1 0 0 2 0 1 2 0 2 0 2 2 0 1 2 1 2 1 0 0 0 0 1 0 1 0 2 0 0 2 1 2 2 0 1 1 0 0 1 1 2 0 0 2 1 1 0 2 2 2 0 1 1 -1 0 0 0 0 -1 -2 0 0 0 -1 0 0 0 -2 -1 -1 -2 -2 -2 -2 -1 -1 -1 -1 0 0 -1 0 0 -2 -1 0 0 0 -2 0 -2 -2 0 0 -1 -2 -1 0 -1 -1 -1 0 0 -2 0 -1 -2 0 -2 0 -2 -2 0 -1 -2 -1 -2 -1 0 0 0 0 -1 0 -1 0 -2 0 0 -2 -1 -2 -2 0 -1 -1 0 0 -1 -1 -2 0 0 -2 -1 -1 0 -2 -2 -2 0 -1 -1
0.736906168862038 0.748017411810063 0.122975673505089 -0.983823915702808 -0.850199471198959 -1 1 0 0 1 1 1 2 1 0 1 2 0 1 1 1 1 2 1 0 1 1 1 0 1 2 0 0 0 0 0 1 0 0 0 2 2 0 1 1 0 0 0 1 1 0 0 0 1 0 0 1 0 2 1 0 2 0 1 2 0 0 2 2 1 0 0 1 1 2 1 0 2 1 1 0 0 1 2 2 2 1 0 0 0 0 1 1 2 2 2 2 1 1 0 2 2 2 1 1 0 -1 0 0 -1 -1 -1 -2 -1 0 -1 -2 0 -1 -1 -1 -1 -2 -1 0 -1 -1 -1 0 -1 -2 0 0 0 0 0 -1 0 0 0 -2 -2 0 -1 -1 0 0 0 -1 -1 0 0 0 -1 0 0 -1 0 -2 -1 0 -2 0 -1 -2 0 0 -2 -2 -1 0 0 -1 -1 -2 -1 0 -2 -1 -1 0 0 -1 -2 -2 -2 -1 0 0 0 0 -1 -1 -2 -2 -2 -2 -1 -1 0 -2 -2 -2 -1 -1 0
1.33801798308132 -0.0968428539556027 0.627178907705769 -0.540449168326117 0.927756081253417 -1 2 0 0 1 2 2 2 2 1 1 2 1 2 2 2 0 0 0 2 2 2 2 1 0 0 0 1 2 0 0 2 1 0 0 0 1 0 2 0 0 1 1 1 2 1 1 1 1 0 1 1 0 1 1 0 2 1 1 2 0 1 1 1 0 0 0 1 2 0 1 0 1 1 0 0 0 0 2 2 2 1 1 1 0 0 0 2 1 0 0 2 1 2 0 2 1 1 0 2 1 -2 0 0 -1 -2 -2 -2 -2 -1 -1 -2 -1 -2 -2 -2 0 0 0 -2 -2 -2 -2 -1 0 0 0 -1 -2 0 0 -2 -1 0 0 0 -1 0 -2 0 0 -1 -1 -1 -2 -1 -1 -1 -1 0 -1 -1 0 -1 -1 0 -2 -1 -1 -2 0 -1 -1 -1 0 0 0 -1 -2 0 -1 0 -1 -1 0 0 0 0 -2 -2 -2 -1 -1 -1 0 0 0 -2 -1 0 0 -2 -1 -2 0 -2 -1 -1 0 -2 -1
-2.51128236754778 2.8959440254237 -1.0482438094901 -2.27802256665371 0.290836628425406 1 1 0 0 0 2 1 2 1 0 0 1 0 1 0 2 0 0 2 2 2 1 1 0 1 0 0 0 1 0 0 2 1 0 2 2 2 0 2 0 0 1 2 2 2 0 0 2 1 0 0 1 0 2 2 0 2 0 1 2 0 0 2 1 2 1 0 1 1 1 1 0 0 0 2 0 0 1 2 2 2 1 1 0 0 0 0 2 2 1 1 2 2 2 1 2 2 2 0 1 1 1 0 0 0 2 1 2 1 0 0 1 0 1 0 2 0 0 2 2 2 1 1 0 1 0 0 0 1 0 0 2 1 0 2 2 2 0 2 0 0 1 2 2 2 0 0 2 1 0 0 1 0 2 2 0 2 0 1 2 0 0 2 1 2 1 0 1 1 1 1 0 0 0 2 0 0 1 2 2 2 1 1 0 0 0 0 2 2 1 1 2 2 2 1 2 2 2 0 1 1
1.20087276005134 0.482631609953668 -3.58131716040012 -1.04656715482963 -0.65930122937228 1 1 1 1 1 2 2 2 1 0 1 2 0 0 0 2 0 0 1 1 1 1 1 0 0 0 0 0 1 1 0 1 0 0 0 0 2 0 1 0 0 1 2 2 2 2 0 1 1 0 0 1 0 1 2 0 2 1 1 2 0 0 2 2 2 1 0 0 1 2 1 0 1 1 2 0 1 0 1 2 2 2 1 1 0 0 1 2 2 2 0 2 2 2 0 2 2 2 0 1 0 1 1 1 1 2 2 2 1 0 1 2 0 0 0 2 0 0 1 1 1 1 1 0 0 0 0 0 1 1 0 1 0 0 0 0 2 0 1 0 0 1 2 2 2 2 0 1 1 0 0 1 0 1 2 0 2 1 1 2 0 0 2 2 2 1 0 0 1 2 1 0 1 1 2 0 1 0 1 2 2 2 1 1 0 0 1 2 2 2 0 2 2 2 0 2 2 2 0 1 0
-0.274614788475079 -0.445756912952115 1.95736329172474 0.656308383246858 -0.418128056810848 -1 2 1 1 0 2 2 2 1 1 2 2 1 1 1 1 0 2 2 2 2 2 1 2 1 0 0 1 1 1 0 2 1 0 1 2 2 1 2 0 0 1 1 1 2 0 0 1 1 0 0 1 0 2 2 0 2 1 1 2 1 1 2 1 0 1 0 0 0 1 2 1 2 2 2 0 0 0 2 2 2 1 1 1 0 0 1 0 2 1 0 2 1 2 1 2 2 2 0 2 1 -2 -1 -1 0 -2 -2 -2 -1 -1 -2 -2 -1 -1 -1 -1 0 -2 -2 -2 -2 -2 -1 -2 -1 0 0 -1 -1 -1 0 -2 -1 0 -1 -2 -2 -1 -2 0 0 -1 -1 -1 -2 0 0 -1 -1 0 0 -1 0 -2 -2 0 -2 -1 -1 -2 -1 -1 -2 -1 0 -1 0 0 0 -1 -2 -1 -2 -2 -2 0 0 0 -2 -2 -2 -1 -1 -1 0 0 -1 0 -2 -1 0 -2 -1 -2 -1 -2 -2 -2 0 -2 -1
-1.01584193826335 -0.888366796832752 -1.06710072596836 -0.887892961946854 -0.688518524777852 -1 1 0 0 0 2 2 2 1 0 1 2 0 0 1 1 0 1 2 2 2 1 1 1 0 0 0 0 2 0 0 0 0 0 0 1 2 1 2 0 1 2 1 0 1 1 0 1 2 0 0 2 1 2 2 0 2 0 2 2 0 0 1 1 0 1 0 1 1 2 1 0 1 1 2 0 0 2 1 2 2 2 2 1 0 0 1 2 2 1 0 2 1 2 1 2 2 2 0 2 1 -1 0 0 0 -2 -2 -2 -1 0 -1 -2 0 0 -1 -1 0 -1 -2 -2 -2 -1 -1 -1 0 0 0 0 -2 0 0 0 0 0 0 -1 -2 -1 -2 0 -1 -2 -1 0 -1 -1 0 -1 -2 0 0 -2 -1 -2 -2 0 -2 0 -2 -2 0 0 -1 -1 0 -1 0 -1 -1 -2 -1 0 -1 -1 -2 0 0 -2 -1 -2 -2 -2 -2 -1 0 0 -1 -2 -2 -1 0 -2 -1 -2 -1 -2 -2 -2 0 -2 -1
0.836897921012318 0.268058308442013 0.847198990126885 -0.17041228016824 0.00830460814598483 1 1 1 0 0 2 1 2 0 0 1 0 0 1 1 0 0 1 1 2 2 1 2 2 2 1 0 0 2 0 0 2 2 0 0 2 2 0 1 0 0 0 1 0 2 0 0 0 1 0 0 1 1 2 2 0 2 1 2 2 0 0 2 2 0 1 0 1 2 1 1 0 0 0 0 0 0 1 1 2 2 1 0 0 0 0 0 0 1 2 1 2 1 2 1 2 1 1 1 2 2 1 1 0 0 2 1 2 0 0 1 0 0 1 1 0 0 1 1 2 2 1 2 2 2 1 0 0 2 0 0 2 2 0 0 2 2 0 1 0 0 0 1 0 2 0 0 0 1 0 0 1 1 2 2 0 2 1 2 2 0 0 2 2 0 1 0 1 2 1 1 0 0 0 0 0 0 1 1 2 2 1 0 0 0 0 0 0 1 2 1 2 1 2 1 2 1 1 1 2 2
-1.76491046624706 0.0167427519938393 1.21604900352636 -1.02765307642428 0.364310873735386 -1 0 0 0 1 2 2 2 2 2 2 2 0 2 1 2 0 0 2 2 2 1 0 0 1 1 0 0 2 1 0 2 0 0 0 2 2 0 1 0 0 1 1 0 2 0 0 0 0 0 0 1 0 1 2 0 2 0 1 2 0 0 2 2 0 2 0 0 0 0 0 0 2 1 2 0 0 0 2 2 2 0 1 0 0 0 0 1 2 1 1 2 1 2 0 1 1 1 0 1 0 0 0 0 -1 -2 -2 -2 -2 -2 -2 -2 0 -2 -1 -2 0 0 -2 -2 -2 -1 0 0 -1 -1 0 0 -2 -1 0 -2 0 0 0 -2 -2 0 -1 0 0 -1 -1 0 -2 0 0 0 0 0 0 -1 0 -1 -2 0 -2 0 -1 -2 0 0 -2 -2 0 -2 0 0 0 0 0 0 -2 -1 -2 0 0 0 -2 -2 -2 0 -1 0 0 0 0 -1 -2 -1 -1 -2 -1 -2 0 -1 -1 -1 0 -1 0
0.119190034482683 0.595053695784376 0.233846834916467 -0.143883749103843 2.00925351262367 1 1 0 1 2 2 2 2 1 0 0 2 0 2 0 1 0 2 1 1 2 2 0 0 0 1 0 0 0 0 0 2 0 0 0 0 2 0 2 0 0 1 2 2 2 0 0 1 2 0 0 1 1 2 2 0 2 0 1 1 0 0 2 2 2 1 0 0 1 2 0 0 0 1 2 0 0 0 1 1 1 1 1 1 0 0 0 2 2 1 0 2 2 2 0 2 2 2 0 2 2 1 0 1 2 2 2 2 1 0 0 2 0 2 0 1 0 2 1 1 2 2 0 0 0 1 0 0 0 0 0 2 0 0 0 0 2 0 2 0 0 1 2 2 2 0 0 1 2 0 0 1 1 2 2 0 2 0 1 1 0 0 2 2 2 1 0 0 1 2 0 0 0 1 2 0 0 0 1 1 1 1 1 1 0 0 0 2 2 1 0 2 2 2 0 2 2 2 0 2 2
0.00509801103521098 0.621278074623931 1.09116849746221 1.11001616825309 1.55970974966706 1 2 1 0 0 2 2 2 1 0 1 2 0 2 1 1 0 0 2 2 1 1 1 1 1 1 0 1 2 0 0 1 0 0 0 1 2 0 0 0 0 0 0 2 2 0 0 0 1 0 0 0 0 2 2 0 2 0 2 2 0 0 2 2 2 2 0 0 1 2 2 0 1 0 2 0 1 1 2 2 2 1 2 0 0 0 0 0 2 1 1 2 2 2 1 2 1 1 0 2 2 2 1 0 0 2 2 2 1 0 1 2 0 2 1 1 0 0 2 2 1 1 1 1 1 1 0 1 2 0 0 1 0 0 0 1 2 0 0 0 0 0 0 2 2 0 0 0 1 0 0 0 0 2 2 0 2 0 2 2 0 0 2 2 2 2 0 0 1 2 2 0 1 0 2 0 1 1 2 2 2 1 2 0 0 0 0 0 2 1 1 2 2 2 1 2 1 1 0 2 2
1.3547039892455 -0.741196389534912 -1.19272533569211 -1.05701367381481 0.765133322474873 1 2 1 0 0 2 2 2 2 1 1 1 0 2 0 1 1 0 2 2 2 1 1 0 0 0 0 1 1 0 0 1 0 0 1 1 2 0 1 0 0 1 2 2 2 0 0 1 2 0 1 1 0 2 2 0 2 1 1 2 0 0 2 1 1 2 1 2 1 2 2 0 1 1 2 0 0 1 1 1 1 0 0 0 0 0 1 2 2 2 1 2 2 2 1 2 1 2 1 2 1 2 1 0 0 2 2 2 2 1 1 1 0 2 0 1 1 0 2 2 2 1 1 0 0 0 0 1 1 0 0 1 0 0 1 1 2 0 1 0 0 1 2 2 2 0 0 1 2 0 1 1 0 2 2 0 2 1 1 2 0 0 2 1 1 2 1 2 1 2 2 0 1 1 2 0 0 1 1 1 1 0 0 0 0 0 1 2 2 2 1 2 2 2 1 2 1 2 1 2 1
-0.714613828883113 -0.363071081556575 2.69938409904973 1.19581039451756 -0.114322846759022 -1 2 1 0 1 2 2 2 1 0 0 2 0 2 0 2 0 2 1 1 1 2 1 1 0 0 0 0 1 0 0 2 2 0 1 2 2 1 2 1 0 1 2 2 2 2 1 1 2 0 0 1 0 2 2 0 2 0 2 2 1 1 2 1 2 1 0 1 1 1 0 0 1 1 2 0 0 2 2 2 2 1 0 0 0 0 1 1 2 2 1 2 2 2 0 2 2 2 0 2 2 -2 -1 0 -1 -2 -2 -2 -1 0 0 -2 0 -2 0 -2 0 -2 -1 -1 -1 -2 -1 -1 0 0 0 0 -1 0 0 -2 -2 0 -1 -2 -2 -1 -2 -1 0 -1 -2 -2 -2 -2 -1 -1 -2 0 0 -1 0 -2 -2 0 -2 0 -2 -2 -1 -1 -2 -1 -2 -1 0 -1 -1 -1 0 0 -1 -1 -2 0 0 -2 -2 -2 -2 -1 0 0 0 0 -1 -1 -2 -2 -1 -2 -2 -2 0 -2 -2 -2 0 -2 -2
-0.346101691961412 -0.821139658667443 0.381007171444721 1.07970015613585 -0.161571289046354 -1 2 0 0 1 1 1 2 1 0 0 1 0 0 0 1 1 1 1 2 2 2 1 0 0 1 0 0 1 0 0 2 0 0 2 2 2 1 2 1 0 0 2 2 2 0 0 0 1 0 0 2 1 2 2 0 2 1 1 2 0 1 2 1 0 0 0 2 1 1 1 0 1 0 1 0 1 2 2 2 2 1 0 0 0 0 0 1 1 2 0 2 2 2 1 2 1 1 0 2 1 -2 0 0 -1 -1 -1 -2 -1 0 0 -1 0 0 0 -1 -1 -1 -1 -2 -2 -2 -1 0 0 -1 0 0 -1 0 0 -2 0 0 -2 -2 -2 -1 -2 -1 0 0 -2 -2 -2 0 0 0 -1 0 0 -2 -1 -2 -2 0 -2 -1 -1 -2 0 -1 -2 -1 0 0 0 -2 -1 -1 -1 0 -1 0 -1 0 -1 -2 -2 -2 -2 -1 0 0 0 0 0 -1 -1 -2 0 -2 -2 -2 -1 -2 -1 -1 0 -2 -1
-1.41133459652486 0.452600882230694 0.0491712288554928 -0.462830924902116 0.193934319225814 -1 1 0 0 0 1 2 2 0 0 1 1 0 1 0 2 1 1 2 2 2 0 0 0 0 0 0 1 1 0 0 2 0 0 0 2 2 0 2 0 0 1 2 2 2 1 0 1 1 0 0 0 0 2 2 1 2 0 1 2 0 0 2 2 2 0 0 1 2 2 2 0 1 1 2 0 0 2 2 2 2 2 2 2 0 0 0 1 2 1 0 2 0 0 0 2 1 0 0 2 2 -1 0 0 0 -1 -2 -2 0 0 -1 -1 0 -1 0 -2 -1 -1 -2 -2 -2 0 0 0 0 0 0 -1 -1 0 0 -2 0 0 0 -2 -2 0 -2 0 0 -1 -2 -2 -2 -1 0 -1 -1 0 0 0 0 -2 -2 -1 -2 0 -1 -2 0 0 -2 -2 -2 0 0 -1 -2 -2 -2 0 -1 -1 -2 0 0 -2 -2 -2 -2 -2 -2 -2 0 0 0 -1 -2 -1 0 -2 0 0 0 -2 -1 0 0 -2 -2
-1.3008141336275 1.29867109811759 0.125391425014763 -0.499325237223596 0.0392614774971593 1 1 0 0 0 2 2 2 1 0 1 2 0 2 1 1 0 0 2 0 0 2 2 1 0 1 1 0 1 0 0 2 0 0 1 1 2 0 2 2 0 2 2 2 1 0 0 0 1 0 0 1 0 2 2 0 2 0 2 2 1 0 2 0 1 1 0 0 1 1 1 0 0 1 1 0 0 0 2 2 1 1 1 1 0 0 0 1 2 1 0 2 1 1 0 2 2 1 0 2 2 1 0 0 0 2 2 2 1 0 1 2 0 2 1 1 0 0 2 0 0 2 2 1 0 1 1 0 1 0 0 2 0 0 1 1 2 0 2 2 0 2 2 2 1 0 0 0 1 0 0 1 0 2 2 0 2 0 2 2 1 0 2 0 1 1 0 0 1 1 1 0 0 1 1 0 0 0 2 2 1 1 1 1 0 0 0 1 2 1 0 2 1 1 0 2 2 1 0 2 2
-0.868803270820438 2.75817038586775 -0.679451219286852 -0.941666044979862 0.174469538010996 1 2 0 0 1 2 1 2 1 0 1 2 0 1 1 1 0 0 2 1 0 2 1 1 1 0 0 0 1 0 0 1 0 0 0 1 2 0 2 1 0 1 1 1 2 1 1 2 2 1 1 2 1 2 2 0 2 0 2 2 0 0 2 2 2 1 0 1 1 1 2 0 1 1 1 0 1 1 1 1 1 1 0 1 0 0 0 1 2 1 0 2 1 1 0 1 1 1 0 1 2 2 0 0 1 2 1 2 1 0 1 2 0 1 1 1 0 0 2 1 0 2 1 1 1 0 0 0 1 0 0 1 0 0 0 1 2 0 2 1 0 1 1 1 2 1 1 2 2 1 1 2 1 2 2 0 2 0 2 2 0 0 2 2 2 1 0 1 1 1 2 0 1 1 1 0 1 1 1 1 1 1 0 1 0 0 0 1 2 1 0 2 1 1 0 1 1 1 0 1 2
0.604941334490671 1.77772495528623 1.78006939865533 0.0229863859993574 -0.0687782577289505 -1 1 0 0 1 1 1 2 0 0 1 2 0 1 0 2 2 1 2 2 0 0 0 0 0 0 0 1 2 1 0 2 1 0 0 2 2 0 2 1 0 0 1 0 1 0 0 0 1 0 0 1 1 2 2 0 2 0 2 2 1 0 2 1 1 1 0 1 2 0 1 0 1 1 2 0 0 1 2 2 1 0 0 0 0 0 0 1 2 1 0 2 0 2 2 2 2 2 1 2 1 -1 0 0 -1 -1 -1 -2 0 0 -1 -2 0 -1 0 -2 -2 -1 -2 -2 0 0 0 0 0 0 0 -1 -2 -1 0 -2 -1 0 0 -2 -2 0 -2 -1 0 0 -1 0 -1 0 0 0 -1 0 0 -1 -1 -2 -2 0 -2 0 -2 -2 -1 0 -2 -1 -1 -1 0 -1 -2 0 -1 0 -1 -1 -2 0 0 -1 -2 -2 -1 0 0 0 0 0 0 -1 -2 -1 0 -2 0 -2 -2 -2 -2 -2 -1 -2 -1
-1.81320012295877 -0.0914076835805211 -0.0147020848774243 -0.586859712646532 -0.552352794476125 1 2 1 0 1 2 2 2 1 0 2 1 0 1 1 2 0 0 1 1 2 2 1 1 0 1 0 0 1 0 0 2 2 0 1 1 2 0 1 0 0 1 1 1 1 0 0 0 1 0 0 0 0 2 1 0 2 0 1 2 1 0 2 0 0 1 0 0 1 0 2 1 1 2 2 0 1 0 1 2 2 1 0 0 0 0 0 1 2 1 0 2 1 2 0 2 2 2 0 1 0 2 1 0 1 2 2 2 1 0 2 1 0 1 1 2 0 0 1 1 2 2 1 1 0 1 0 0 1 0 0 2 2 0 1 1 2 0 1 0 0 1 1 1 1 0 0 0 1 0 0 0 0 2 1 0 2 0 1 2 1 0 2 0 0 1 0 0 1 0 2 1 1 2 2 0 1 0 1 2 2 1 0 0 0 0 0 1 2 1 0 2 1 2 0 2 2 2 0 1 0
0.900347138071272 -0.42720357250707 1.84828440629997 -0.0563957342966012 -0.485659645530104 -1 2 0 1 1 1 0 1 1 0 1 1 0 2 0 2 0 1 1 1 1 1 2 1 1 0 0 1 2 1 0 1 1 0 1 1 2 0 2 0 0 2 1 2 2 1 0 0 0 0 0 1 0 1 1 0 2 0 2 2 0 1 2 1 1 0 0 0 0 0 0 0 0 1 2 0 0 1 1 2 2 2 1 0 0 0 0 2 2 1 0 2 2 1 0 2 2 2 1 2 1 -2 0 -1 -1 -1 0 -1 -1 0 -1 -1 0 -2 0 -2 0 -1 -1 -1 -1 -1 -2 -1 -1 0 0 -1 -2 -1 0 -1 -1 0 -1 -1 -2 0 -2 0 0 -2 -1 -2 -2 -1 0 0 0 0 0 -1 0 -1 -1 0 -2 0 -2 -2 0 -1 -2 -1 -1 0 0 0 0 0 0 0 0 -1 -2 0 0 -1 -1 -2 -2 -2 -1 0 0 0 0 -2 -2 -1 0 -2 -2 -1 0 -2 -2 -2 -1 -2 -1
-0.0641904878155165 1.40219407813637 -0.20000073672801 0.402815075277099 0.0755152217362433 1 2 1 0 1 2 1 2 1 0 1 0 0 0 0 1 1 1 2 2 2 1 2 1 0 1 0 0 2 1 0 2 1 0 1 2 2 0 1 0 0 0 2 0 1 2 0 2 2 1 1 2 1 2 2 0 2 0 2 1 0 1 2 2 2 2 1 1 1 1 1 0 0 0 1 0 0 2 2 2 2 1 1 1 0 0 2 1 2 1 0 2 2 2 0 1 1 2 0 2 1 2 1 0 1 2 1 2 1 0 1 0 0 0 0 1 1 1 2 2 2 1 2 1 0 1 0 0 2 1 0 2 1 0 1 2 2 0 1 0 0 0 2 0 1 2 0 2 2 1 1 2 1 2 2 0 2 0 2 1 0 1 2 2 2 2 1 1 1 1 1 0 0 0 1 0 0 2 2 2 2 1 1 1 0 0 2 1 2 1 0 2 2 2 0 1 1 2 0 2 1
-0.389069285436738 -1.88922323602276 -0.066079685219963 1.10900842876223 -1.06656380336281 1 2 0 0 0 1 2 2 2 1 1 2 0 1 1 1 0 1 2 2 2 1 0 0 0 0 0 0 1 1 0 2 1 0 1 1 2 0 2 0 1 0 2 1 2 1 0 1 1 0 0 0 0 2 2 1 2 0 1 2 1 1 2 1 1 0 0 0 0 1 1 0 0 0 2 0 0 0 1 2 2 2 1 2 0 0 0 1 2 1 1 2 1 2 0 2 2 2 0 1 0 2 0 0 0 1 2 2 2 1 1 2 0 1 1 1 0 1 2 2 2 1 0 0 0 0 0 0 1 1 0 2 1 0 1 1 2 0 2 0 1 0 2 1 2 1 0 1 1 0 0 0 0 2 2 1 2 0 1 2 1 1 2 1 1 0 0 0 0 1 1 0 0 0 2 0 0 0 1 2 2 2 1 2 0 0 0 1 2 1 1 2 1 2 0 2 2 2 0 1 0
-0.604217201073944 0.977520458813683 -1.30886768420896 0.787262554127751 0.02286950083149 1 2 0 0 1 2 2 2 2 0 2 2 0 2 2 2 0 0 2 2 2 2 2 1 1 0 0 0 0 0 0 1 1 0 0 2 2 1 2 0 0 1 2 2 0 0 0 1 0 0 0 0 0 2 2 0 2 0 0 2 1 2 2 2 2 2 0 0 1 1 2 1 1 1 0 0 0 2 2 2 1 1 1 0 0 0 0 1 2 2 1 2 1 2 0 2 2 2 1 2 1 2 0 0 1 2 2 2 2 0 2 2 0 2 2 2 0 0 2 2 2 2 2 1 1 0 0 0 0 0 0 1 1 0 0 2 2 1 2 0 0 1 2 2 0 0 0 1 0 0 0 0 0 2 2 0 2 0 0 2 1 2 2 2 2 2 0 0 1 1 2 1 1 1 0 0 0 2 2 2 1 1 1 0 0 0 0 1 2 2 1 2 1 2 0 2 2 2 1 2 1
0.750320568419955 -0.300057195022207 -0.958557347758674 -0.774314724806946 0.377423742424457 -1 1 0 0 1 2 2 2 1 0 0 1 0 1 0 1 0 0 2 1 1 2 1 0 1 1 0 0 1 0 0 2 1 1 2 2 2 2 2 1 1 2 1 2 1 1 1 1 2 0 0 1 1 2 2 0 2 1 2 2 0 1 2 1 1 1 0 1 1 0 2 0 1 0 1 0 1 2 2 1 2 2 0 2 0 0 1 1 2 2 2 2 2 2 1 2 2 2 0 2 0 -1 0 0 -1 -2 -2 -2 -1 0 0 -1 0 -1 0 -1 0 0 -2 -1 -1 -2 -1 0 -1 -1 0 0 -1 0 0 -2 -1 -1 -2 -2 -2 -2 -2 -1 -1 -2 -1 -2 -1 -1 -1 -1 -2 0 0 -1 -1 -2 -2 0 -2 -1 -2 -2 0 -1 -2 -1 -1 -1 0 -1 -1 0 -2 0 -1 0 -1 0 -1 -2 -2 -1 -2 -2 0 -2 0 0 -1 -1 -2 -2 -2 -2 -2 -2 -1 -2 -2 -2 0 -2 0
0.817306908339102 -0.896713210456478 1.27775444575891 0.30305370341116 -1.36124036107121 -1 2 0 0 2 2 2 2 1 0 1 1 0 1 0 1 0 1 2 2 2 1 1 0 0 0 0 2 1 0 0 1 0 0 1 2 2 0 2 0 0 1 2 1 1 1 1 2 2 0 1 1 0 0 1 0 2 0 1 2 1 0 2 0 0 0 0 0 1 1 2 0 2 1 2 0 0 2 2 2 2 1 0 2 0 0 0 2 2 1 1 2 2 2 0 2 2 2 0 1 1 -2 0 0 -2 -2 -2 -2 -1 0 -1 -1 0 -1 0 -1 0 -1 -2 -2 -2 -1 -1 0 0 0 0 -2 -1 0 0 -1 0 0 -1 -2 -2 0 -2 0 0 -1 -2 -1 -1 -1 -1 -2 -2 0 -1 -1 0 0 -1 0 -2 0 -1 -2 -1 0 -2 0 0 0 0 0 -1 -1 -2 0 -2 -1 -2 0 0 -2 -2 -2 -2 -1 0 -2 0 0 0 -2 -2 -1 -1 -2 -2 -2 0 -2 -2 -2 0 -1 -1
0.0141031125555451 1.09012548640337 -0.142762229885856 -1.03812583999165 -1.25913007012429 1 2 0 1 1 2 2 2 1 0 1 2 0 2 1 2 0 1 2 2 0 1 0 1 1 1 0 1 1 0 0 2 1 0 1 1 2 0 1 0 0 1 2 1 2 1 0 1 0 0 0 1 0 1 2 0 2 0 2 2 0 1 2 0 1 1 0 0 1 1 2 0 1 1 2 0 1 2 2 2 2 2 2 2 0 0 1 1 1 1 0 2 1 1 0 2 2 2 0 2 1 2 0 1 1 2 2 2 1 0 1 2 0 2 1 2 0 1 2 2 0 1 0 1 1 1 0 1 1 0 0 2 1 0 1 1 2 0 1 0 0 1 2 1 2 1 0 1 0 0 0 1 0 1 2 0 2 0 2 2 0 1 2 0 1 1 0 0 1 1 2 0 1 1 2 0 1 2 2 2 2 2 2 2 0 0 1 1 1 1 0 2 1 1 0 2 2 2 0 2 1
-0.243823087973694 0.709115137978513 -2.10751418758524 1.04312365061043 -0.2967661188117 -1 0 0 0 0 2 2 2 1 0 0 2 0 2 1 2 2 2 2 2 2 0 1 0 0 0 1 0 1 1 0 1 0 0 0 1 2 0 2 1 1 1 1 1 2 2 1 2 1 0 0 1 0 2 2 0 2 0 0 2 0 1 2 1 0 2 0 1 2 2 1 0 0 0 1 0 0 2 2 2 2 1 0 0 0 0 1 2 2 1 0 2 2 2 0 2 2 2 0 2 0 0 0 0 0 -2 -2 -2 -1 0 0 -2 0 -2 -1 -2 -2 -2 -2 -2 -2 0 -1 0 0 0 -1 0 -1 -1 0 -1 0 0 0 -1 -2 0 -2 -1 -1 -1 -1 -1 -2 -2 -1 -2 -1 0 0 -1 0 -2 -2 0 -2 0 0 -2 0 -1 -2 -1 0 -2 0 -1 -2 -2 -1 0 0 0 -1 0 0 -2 -2 -2 -2 -1 0 0 0 0 -1 -2 -2 -1 0 -2 -2 -2 0 -2 -2 -2 0 -2 0
1.13066352875439 -0.885617591344656 -0.000487994888220834 -1.13310600001616 -0.389634087219771 1 1 0 0 1 2 2 2 1 0 0 2 1 2 1 2 0 1 2 2 2 2 0 0 0 0 0 0 2 0 0 2 0 0 0 1 2 0 0 0 0 2 1 0 1 0 0 1 2 0 0 1 1 2 0 0 2 0 2 2 0 1 2 1 0 0 0 0 2 1 1 0 0 0 1 0 0 0 1 2 2 1 1 2 0 0 0 1 2 1 0 2 2 2 1 2 1 1 0 1 1 1 0 0 1 2 2 2 1 0 0 2 1 2 1 2 0 1 2 2 2 2 0 0 0 0 0 0 2 0 0 2 0 0 0 1 2 0 0 0 0 2 1 0 1 0 0 1 2 0 0 1 1 2 0 0 2 0 2 2 0 1 2 1 0 0 0 0 2 1 1 0 0 0 1 0 0 0 1 2 2 1 1 2 0 0 0 1 2 1 0 2 2 2 1 2 1 1 0 1 1
-0.37377971774617 0.287951384051047 -0.890368655113206 0.953387992509626 0.493441220733578 1 2 1 0 1 2 2 2 2 0 1 2 1 2 1 1 0 0 1 2 1 0 0 0 0 0 1 0 0 0 0 2 2 0 0 0 2 0 1 1 0 0 1 1 2 1 0 1 0 0 0 2 0 2 2 0 2 1 2 2 0 1 2 1 1 0 0 0 0 0 1 1 1 0 2 0 1 2 2 2 2 2 2 0 0 0 1 2 2 0 0 2 1 1 0 2 1 1 0 2 1 2 1 0 1 2 2 2 2 0 1 2 1 2 1 1 0 0 1 2 1 0 0 0 0 0 1 0 0 0 0 2 2 0 0 0 2 0 1 1 0 0 1 1 2 1 0 1 0 0 0 2 0 2 2 0 2 1 2 2 0 1 2 1 1 0 0 0 0 0 1 1 1 0 2 0 1 2 2 2 2 2 2 0 0 0 1 2 2 0 0 2 1 1 0 2 1 1 0 2 1
-0.428213380721382 -1.31860783172952 -1.15432584953978 0.0932050824201218 0.216962743173151 -1 2 0 0 1 2 2 2 1 0 0 2 0 0 1 2 0 1 2 2 2 1 1 1 0 0 0 1 0 0 0 2 2 0 0 0 1 0 1 0 1 1 2 2 1 1 0 1 2 0 0 0 1 2 2 0 2 0 2 2 0 0 2 1 1 1 0 0 2 1 1 0 0 0 1 0 0 1 2 2 2 0 1 1 0 0 1 2 2 2 1 2 2 2 1 2 2 1 0 1 0 -2 0 0 -1 -2 -2 -2 -1 0 0 -2 0 0 -1 -2 0 -1 -2 -2 -2 -1 -1 -1 0 0 0 -1 0 0 0 -2 -2 0 0 0 -1 0 -1 0 -1 -1 -2 -2 -1 -1 0 -1 -2 0 0 0 -1 -2 -2 0 -2 0 -2 -2 0 0 -2 -1 -1 -1 0 0 -2 -1 -1 0 0 0 -1 0 0 -1 -2 -2 -2 0 -1 -1 0 0 -1 -2 -2 -2 -1 -2 -2 -2 -1 -2 -2 -1 0 -1 0
-1.47443822778996 0.0104616797683713 -1.25521247690674 1.3184790969046 0.189516925430716 -1 2 2 0 1 2 2 2 2 0 1 1 0 1 0 1 1 0 2 2 2 1 1 0 0 0 0 0 2 0 0 2 0 0 0 1 2 0 2 0 1 1 1 2 2 0 1 2 2 1 0 2 1 2 2 0 2 2 2 2 0 0 2 0 0 0 0 0 0 0 1 0 2 1 2 0 0 0 2 2 2 1 0 1 0 0 1 2 2 2 1 2 2 1 0 2 1 2 0 1 0 -2 -2 0 -1 -2 -2 -2 -2 0 -1 -1 0 -1 0 -1 -1 0 -2 -2 -2 -1 -1 0 0 0 0 0 -2 0 0 -2 0 0 0 -1 -2 0 -2 0 -1 -1 -1 -2 -2 0 -1 -2 -2 -1 0 -2 -1 -2 -2 0 -2 -2 -2 -2 0 0 -2 0 0 0 0 0 0 0 -1 0 -2 -1 -2 0 0 0 -2 -2 -2 -1 0 -1 0 0 -1 -2 -2 -2 -1 -2 -2 -1 0 -2 -1 -2 0 -1 0
1.20604566647035 0.0255423916467205 -0.545976646381884 0.628044372525638 -0.281363960043906 1 2 1 1 1 1 1 2 2 0 1 2 0 2 0 2 0 0 2 2 1 2 1 0 0 1 1 1 1 1 0 2 2 0 0 0 1 0 0 0 1 2 2 2 2 1 1 1 1 0 0 1 2 2 2 0 2 0 2 1 0 1 2 2 2 1 0 1 1 1 1 1 2 2 2 0 0 2 1 2 2 1 1 1 0 0 1 2 2 2 1 2 0 1 1 2 2 1 0 2 2 2 1 1 1 1 1 2 2 0 1 2 0 2 0 2 0 0 2 2 1 2 1 0 0 1 1 1 1 1 0 2 2 0 0 0 1 0 0 0 1 2 2 2 2 1 1 1 1 0 0 1 2 2 2 0 2 0 2 1 0 1 2 2 2 1 0 1 1 1 1 1 2 2 2 0 0 2 1 2 2 1 1 1 0 0 1 2 2 2 1 2 0 1 1 2 2 1 0 2 2
1.30431133593745 0.0737063370506411 -0.435828074526947 -0.0932003913532762 -3.05784287534704 -1 0 0 0 1 1 2 2 2 0 1 1 0 0 0 2 0 1 2 2 1 2 2 1 0 1 0 0 1 0 0 2 0 0 0 2 2 1 2 1 0 1 0 1 2 0 0 0 1 0 0 0 0 2 2 1 2 1 0 2 1 1 2 0 1 1 0 0 0 1 2 0 2 1 1 0 0 1 2 2 2 2 2 2 0 0 0 0 2 2 0 2 0 1 0 2 1 1 0 2 1 0 0 0 -1 -1 -2 -2 -2 0 -1 -1 0 0 0 -2 0 -1 -2 -2 -1 -2 -2 -1 0 -1 0 0 -1 0 0 -2 0 0 0 -2 -2 -1 -2 -1 0 -1 0 -1 -2 0 0 0 -1 0 0 0 0 -2 -2 -1 -2 -1 0 -2 -1 -1 -2 0 -1 -1 0 0 0 -1 -2 0 -2 -1 -1 0 0 -1 -2 -2 -2 -2 -2 -2 0 0 0 0 -2 -2 0 -2 0 -1 0 -2 -1 -1 0 -2 -1
0.656147743189635 -0.158956255062376 0.0776658840656479 -0.2571338562624 -1.47848839462595 1 0 1 0 2 1 0 1 1 1 0 2 0 0 0 1 1 1 2 2 2 0 2 0 1 1 0 1 1 0 0 2 1 0 0 1 1 0 2 1 2 2 2 2 1 0 1 2 2 1 1 1 1 2 2 0 2 1 2 2 0 1 2 1 0 0 0 0 0 0 1 0 0 0 2 0 0 2 2 2 2 2 2 2 0 0 1 2 2 1 1 2 1 2 1 2 2 2 0 1 1 0 1 0 2 1 0 1 1 1 0 2 0 0 0 1 1 1 2 2 2 0 2 0 1 1 0 1 1 0 0 2 1 0 0 1 1 0 2 1 2 2 2 2 1 0 1 2 2 1 1 1 1 2 2 0 2 1 2 2 0 1 2 1 0 0 0 0 0 0 1 0 0 0 2 0 0 2 2 2 2 2 2 2 0 0 1 2 2 1 1 2 1 2 1 2 2 2 0 1 1
1.67961700106056 -0.773436484571741 -0.693409996253193 -0.402628508956784 1.36340467761087 1 2 0 0 0 1 1 2 1 1 0 2 1 1 0 2 1 0 2 2 2 1 1 0 0 0 0 0 2 2 0 2 0 0 1 2 2 0 1 0 0 0 2 2 1 0 0 0 1 0 0 1 1 2 2 1 2 0 2 1 1 2 2 0 1 1 0 0 1 0 0 0 0 0 0 0 0 1 0 0 1 0 0 1 0 0 1 1 2 2 1 2 1 2 0 2 1 1 0 2 2 2 0 0 0 1 1 2 1 1 0 2 1 1 0 2 1 0 2 2 2 1 1 0 0 0 0 0 2 2 0 2 0 0 1 2 2 0 1 0 0 0 2 2 1 0 0 0 1 0 0 1 1 2 2 1 2 0 2 1 1 2 2 0 1 1 0 0 1 0 0 0 0 0 0 0 0 1 0 0 1 0 0 1 0 0 1 1 2 2 1 2 1 2 0 2 1 1 0 2 2
0.355727042104959 0.384545091414369 2.09026218936631 0.0173876665396339 1.3622248394424 1 2 0 0 0 1 2 2 2 0 1 2 0 1 1 1 1 1 2 2 2 1 1 1 0 0 0 0 1 0 0 2 1 0 0 2 2 1 2 1 0 1 1 1 2 1 1 1 2 0 0 0 0 2 2 0 2 1 2 2 0 0 2 1 0 0 0 1 1 1 1 0 2 1 1 0 1 2 2 2 2 2 1 2 0 0 1 1 2 1 0 2 1 2 1 2 2 2 1 2 2 2 0 0 0 1 2 2 2 0 1 2 0 1 1 1 1 1 2 2 2 1 1 1 0 0 0 0 1 0 0 2 1 0 0 2 2 1 2 1 0 1 1 1 2 1 1 1 2 0 0 0 0 2 2 0 2 1 2 2 0 0 2 1 0 0 0 1 1 1 1 0 2 1 1 0 1 2 2 2 2 2 1 2 0 0 1 1 2 1 0 2 1 2 1 2 2 2 1 2 2
0.714664438053613 -1.67795402431492 0.0615724342540407 -1.25801849436169 2.12231664907622 -1 1 0 0 0 2 2 2 1 0 0 2 0 1 0 2 0 1 2 2 2 1 2 0 0 0 0 0 1 1 0 1 1 1 1 1 2 1 2 0 1 1 2 2 1 0 0 1 1 0 0 2 0 2 2 0 2 0 0 2 0 1 2 0 2 1 0 0 1 2 2 0 1 0 2 0 1 2 2 2 2 2 1 0 0 0 0 2 2 2 0 2 1 1 1 2 1 2 1 2 0 -1 0 0 0 -2 -2 -2 -1 0 0 -2 0 -1 0 -2 0 -1 -2 -2 -2 -1 -2 0 0 0 0 0 -1 -1 0 -1 -1 -1 -1 -1 -2 -1 -2 0 -1 -1 -2 -2 -1 0 0 -1 -1 0 0 -2 0 -2 -2 0 -2 0 0 -2 0 -1 -2 0 -2 -1 0 0 -1 -2 -2 0 -1 0 -2 0 -1 -2 -2 -2 -2 -2 -1 0 0 0 0 -2 -2 -2 0 -2 -1 -1 -1 -2 -1 -2 -1 -2 0
0.19800161072821 0.364826130526771 -0.72691384012102 -0.123957190994476 1.05778254246819 1 1 0 0 1 0 1 2 2 0 2 2 0 1 0 1 1 2 2 2 2 1 0 0 1 0 0 0 0 1 0 2 2 0 1 1 2 0 2 0 0 1 1 0 1 0 0 2 1 0 0 2 1 2 1 0 2 1 2 2 1 1 2 1 1 0 0 0 2 2 1 0 1 1 2 0 0 1 2 2 2 1 2 1 0 0 0 2 2 2 1 2 2 2 0 1 2 1 0 2 0 1 0 0 1 0 1 2 2 0 2 2 0 1 0 1 1 2 2 2 2 1 0 0 1 0 0 0 0 1 0 2 2 0 1 1 2 0 2 0 0 1 1 0 1 0 0 2 1 0 0 2 1 2 1 0 2 1 2 2 1 1 2 1 1 0 0 0 2 2 1 0 1 1 2 0 0 1 2 2 2 1 2 1 0 0 0 2 2 2 1 2 2 2 0 1 2 1 0 2 0
0.0395181941650483 1.09113557641018 -0.11580498300552 -0.0651840400199904 -0.660945149610246 -1 1 1 0 2 2 2 2 1 0 1 2 0 1 1 2 1 1 2 2 1 1 1 0 0 1 0 0 2 0 0 1 1 0 1 1 2 0 2 1 1 0 1 2 2 0 0 0 1 0 0 0 1 2 2 0 2 1 1 2 0 2 2 1 1 0 0 0 1 1 0 0 0 1 2 0 0 2 2 2 2 1 1 1 0 0 1 1 2 1 0 2 0 1 0 2 2 2 0 2 2 -1 -1 0 -2 -2 -2 -2 -1 0 -1 -2 0 -1 -1 -2 -1 -1 -2 -2 -1 -1 -1 0 0 -1 0 0 -2 0 0 -1 -1 0 -1 -1 -2 0 -2 -1 -1 0 -1 -2 -2 0 0 0 -1 0 0 0 -1 -2 -2 0 -2 -1 -1 -2 0 -2 -2 -1 -1 0 0 0 -1 -1 0 0 0 -1 -2 0 0 -2 -2 -2 -2 -1 -1 -1 0 0 -1 -1 -2 -1 0 -2 0 -1 0 -2 -2 -2 0 -2 -2
-0.158656065660659 1.20100039227622 -0.134491181892286 0.00761418966341849 0.16876657693485 -1 2 1 1 0 1 2 1 1 0 0 0 0 0 0 1 0 1 2 1 1 1 1 0 0 0 0 0 1 0 0 2 0 0 0 0 2 0 1 0 0 0 1 1 2 0 0 1 0 0 0 2 1 2 2 0 2 0 1 2 0 0 2 1 1 0 0 0 1 1 2 0 1 2 1 0 0 0 1 2 2 1 0 0 0 0 1 2 2 2 1 2 1 2 1 2 2 0 0 2 1 -2 -1 -1 0 -1 -2 -1 -1 0 0 0 0 0 0 -1 0 -1 -2 -1 -1 -1 -1 0 0 0 0 0 -1 0 0 -2 0 0 0 0 -2 0 -1 0 0 0 -1 -1 -2 0 0 -1 0 0 0 -2 -1 -2 -2 0 -2 0 -1 -2 0 0 -2 -1 -1 0 0 0 -1 -1 -2 0 -1 -2 -1 0 0 0 -1 -2 -2 -1 0 0 0 0 -1 -2 -2 -2 -1 -2 -1 -2 -1 -2 -2 0 0 -2 -1
-0.988267648866013 -1.23487345036922 -0.230235357104226 0.905820179329478 -0.457417778459117 -1 2 0 0 0 2 1 1 0 0 0 1 0 1 0 1 0 1 2 2 1 1 1 0 0 0 0 0 2 1 1 2 1 0 0 1 2 0 2 0 0 1 2 2 2 0 0 1 2 1 0 1 0 2 1 0 2 2 1 2 0 1 2 2 1 1 0 0 0 1 2 1 2 2 2 0 0 0 1 2 2 2 2 1 0 0 0 1 2 1 1 2 2 2 0 2 2 2 0 2 2 -2 0 0 0 -2 -1 -1 0 0 0 -1 0 -1 0 -1 0 -1 -2 -2 -1 -1 -1 0 0 0 0 0 -2 -1 -1 -2 -1 0 0 -1 -2 0 -2 0 0 -1 -2 -2 -2 0 0 -1 -2 -1 0 -1 0 -2 -1 0 -2 -2 -1 -2 0 -1 -2 -2 -1 -1 0 0 0 -1 -2 -1 -2 -2 -2 0 0 0 -1 -2 -2 -2 -2 -1 0 0 0 -1 -2 -1 -1 -2 -2 -2 0 -2 -2 -2 0 -2 -2
-0.0263238861324652 -0.806221328229845 -1.30462319721868 0.0778588579301509 0.601976917108197 -1 2 0 0 1 1 2 2 1 0 0 1 0 1 0 2 0 1 2 2 2 2 1 0 0 0 0 0 1 1 0 2 1 0 2 2 2 0 2 0 0 0 1 1 1 1 0 1 2 0 0 1 0 2 2 0 2 0 2 2 0 2 2 1 0 0 0 0 1 2 2 1 1 0 0 0 0 0 1 2 2 1 2 1 0 0 0 2 2 2 0 2 1 0 0 2 2 2 0 2 2 -2 0 0 -1 -1 -2 -2 -1 0 0 -1 0 -1 0 -2 0 -1 -2 -2 -2 -2 -1 0 0 0 0 0 -1 -1 0 -2 -1 0 -2 -2 -2 0 -2 0 0 0 -1 -1 -1 -1 0 -1 -2 0 0 -1 0 -2 -2 0 -2 0 -2 -2 0 -2 -2 -1 0 0 0 0 -1 -2 -2 -1 -1 0 0 0 0 0 -1 -2 -2 -1 -2 -1 0 0 0 -2 -2 -2 0 -2 -1 0 0 -2 -2 -2 0 -2 -2
-0.847027349740022 0.962408312469313 0.948226907474566 -0.168563162768351 0.247740865748164 -1 1 0 0 1 2 2 2 2 1 2 2 1 2 0 1 0 0 2 2 2 1 2 1 0 0 0 1 1 0 0 2 1 0 0 2 2 1 2 2 1 2 1 2 2 2 1 2 2 1 1 2 0 2 2 0 2 0 2 2 0 1 2 1 1 0 0 0 0 0 1 0 1 1 2 0 0 1 1 1 1 0 0 1 0 0 0 0 2 1 0 2 2 2 0 2 1 2 0 2 1 -1 0 0 -1 -2 -2 -2 -2 -1 -2 -2 -1 -2 0 -1 0 0 -2 -2 -2 -1 -2 -1 0 0 0 -1 -1 0 0 -2 -1 0 0 -2 -2 -1 -2 -2 -1 -2 -1 -2 -2 -2 -1 -2 -2 -1 -1 -2 0 -2 -2 0 -2 0 -2 -2 0 -1 -2 -1 -1 0 0 0 0 0 -1 0 -1 -1 -2 0 0 -1 -1 -1 -1 0 0 -1 0 0 0 0 -2 -1 0 -2 -2 -2 0 -2 -1 -2 0 -2 -1
1.70120011181589 -0.686531188468287 -1.56420494154846 0.215047595438139 -0.0197228002995893 1 1 0 0 0 1 1 1 0 0 0 2 0 1 2 2 2 2 2 2 2 2 2 0 0 0 0 0 2 0 0 2 2 0 0 2 2 0 1 0 0 0 1 0 1 0 0 0 1 0 0 2 0 2 2 2 2 1 2 2 0 1 2 1 1 0 0 0 2 1 2 0 1 1 1 0 0 1 2 2 2 1 1 1 0 0 0 1 2 2 1 2 1 2 0 2 2 2 0 2 1 1 0 0 0 1 1 1 0 0 0 2 0 1 2 2 2 2 2 2 2 2 2 0 0 0 0 0 2 0 0 2 2 0 0 2 2 0 1 0 0 0 1 0 1 0 0 0 1 0 0 2 0 2 2 2 2 1 2 2 0 1 2 1 1 0 0 0 2 1 2 0 1 1 1 0 0 1 2 2 2 1 1 1 0 0 0 1 2 2 1 2 1 2 0 2 2 2 0 2 1
0.578887205457903 1.4597756247548 -0.340201610770223 -1.66095907810236 -1.40661181586001 -1 1 0 0 0 1 1 2 2 0 0 1 0 2 0 2 1 2 2 2 1 1 1 0 0 0 0 0 1 0 0 0 0 0 0 0 2 0 1 0 0 1 1 1 0 0 0 2 1 0 0 2 0 2 2 0 2 0 1 2 1 2 2 1 0 0 0 0 1 1 2 0 1 2 2 0 1 0 1 1 2 1 0 1 0 0 0 2 2 1 1 2 1 2 0 2 2 1 0 2 2 -1 0 0 0 -1 -1 -2 -2 0 0 -1 0 -2 0 -2 -1 -2 -2 -2 -1 -1 -1 0 0 0 0 0 -1 0 0 0 0 0 0 0 -2 0 -1 0 0 -1 -1 -1 0 0 0 -2 -1 0 0 -2 0 -2 -2 0 -2 0 -1 -2 -1 -2 -2 -1 0 0 0 0 -1 -1 -2 0 -1 -2 -2 0 -1 0 -1 -1 -2 -1 0 -1 0 0 0 -2 -2 -1 -1 -2 -1 -2 0 -2 -2 -1 0 -2 -2
1.60704259286595 -1.25152615259756 -0.175564671646649 -0.213672220624109 -1.48644914087097 1 1 0 0 0 1 1 2 2 0 1 2 1 2 0 2 0 1 2 2 2 1 1 1 0 0 0 0 1 0 0 2 1 0 0 1 2 0 1 0 0 1 2 2 1 0 0 2 2 0 0 2 1 2 2 0 2 1 1 2 1 0 2 0 1 0 0 0 0 0 1 0 2 1 2 0 0 0 2 2 2 2 2 1 0 0 1 2 2 1 1 2 1 2 0 2 2 0 0 1 1 1 0 0 0 1 1 2 2 0 1 2 1 2 0 2 0 1 2 2 2 1 1 1 0 0 0 0 1 0 0 2 1 0 0 1 2 0 1 0 0 1 2 2 1 0 0 2 2 0 0 2 1 2 2 0 2 1 1 2 1 0 2 0 1 0 0 0 0 0 1 0 2 1 2 0 0 0 2 2 2 2 2 1 0 0 1 2 2 1 1 2 1 2 0 2 2 0 0 1 1
1.75078167695787 -2.04487769407662 0.138562958417134 1.65080104909812 0.251077489074834 -1 2 0 0 1 1 1 2 1 1 2 2 0 2 2 2 0 1 1 1 1 2 2 1 1 0 0 1 1 0 0 2 2 0 1 1 2 0 1 0 0 0 0 1 1 1 0 1 1 0 0 1 0 2 2 0 1 0 1 1 0 1 2 2 2 1 0 0 1 1 1 0 2 2 2 0 0 1 1 2 2 2 2 2 0 0 1 0 2 2 0 2 1 1 0 2 1 2 1 2 2 -2 0 0 -1 -1 -1 -2 -1 -1 -2 -2 0 -2 -2 -2 0 -1 -1 -1 -1 -2 -2 -1 -1 0 0 -1 -1 0 0 -2 -2 0 -1 -1 -2 0 -1 0 0 0 0 -1 -1 -1 0 -1 -1 0 0 -1 0 -2 -2 0 -1 0 -1 -1 0 -1 -2 -2 -2 -1 0 0 -1 -1 -1 0 -2 -2 -2 0 0 -1 -1 -2 -2 -2 -2 -2 0 0 -1 0 -2 -2 0 -2 -1 -1 0 -2 -1 -2 -1 -2 -2
2.29349671814793 0.54638815740973 0.996626079244842 1.2388057541049 -0.901058350634127 -1 2 1 0 1 2 2 2 1 0 0 2 0 2 1 1 1 2 2 2 0 1 1 1 0 1 0 0 1 1 0 2 1 0 0 1 2 0 2 0 1 2 1 1 2 1 0 1 1 0 0 0 0 2 2 0 2 0 2 2 0 0 2 1 1 2 0 1 2 1 2 0 1 1 1 0 0 0 2 2 2 1 0 0 0 0 2 1 2 1 0 2 1 2 1 2 2 1 0 2 1 -2 -1 0 -1 -2 -2 -2 -1 0 0 -2 0 -2 -1 -1 -1 -2 -2 -2 0 -1 -1 -1 0 -1 0 0 -1 -1 0 -2 -1 0 0 -1 -2 0 -2 0 -1 -2 -1 -1 -2 -1 0 -1 -1 0 0 0 0 -2 -2 0 -2 0 -2 -2 0 0 -2 -1 -1 -2 0 -1 -2 -1 -2 0 -1 -1 -1 0 0 0 -2 -2 -2 -1 0 0 0 0 -2 -1 -2 -1 0 -2 -1 -2 -1 -2 -2 -1 0 -2 -1
0.412547817630132 -0.507955852808233 0.332750549304414 1.57527148577241 -0.347910965885142 1 1 0 0 1 0 2 2 2 1 2 1 0 1 0 2 1 2 2 2 2 1 1 1 1 1 0 1 2 2 0 1 0 0 1 2 2 0 1 0 0 1 2 1 2 1 0 2 2 0 1 1 0 2 2 1 2 0 1 2 0 0 1 1 0 1 1 2 1 0 0 0 1 1 1 0 0 0 2 2 1 1 1 1 0 0 1 1 2 2 1 2 0 1 0 2 2 2 0 1 1 1 0 0 1 0 2 2 2 1 2 1 0 1 0 2 1 2 2 2 2 1 1 1 1 1 0 1 2 2 0 1 0 0 1 2 2 0 1 0 0 1 2 1 2 1 0 2 2 0 1 1 0 2 2 1 2 0 1 2 0 0 1 1 0 1 1 2 1 0 0 0 1 1 1 0 0 0 2 2 1 1 1 1 0 0 1 1 2 2 1 2 0 1 0 2 2 2 0 1 1
0.691448831176392 -0.698131233140435 -1.58757175871908 -0.261266931478664 -0.302109171530301 -1 1 0 0 0 1 0 1 1 1 2 2 0 1 1 2 0 2 2 2 1 2 1 1 1 2 1 0 2 1 0 2 1 0 0 1 2 0 2 1 0 1 1 1 2 1 0 2 2 1 1 1 1 2 2 0 2 0 2 1 1 1 2 1 2 1 0 1 1 1 2 0 0 0 1 0 0 1 1 2 2 2 0 0 0 0 0 1 2 2 2 2 2 2 0 2 1 2 0 0 1 -1 0 0 0 -1 0 -1 -1 -1 -2 -2 0 -1 -1 -2 0 -2 -2 -2 -1 -2 -1 -1 -1 -2 -1 0 -2 -1 0 -2 -1 0 0 -1 -2 0 -2 -1 0 -1 -1 -1 -2 -1 0 -2 -2 -1 -1 -1 -1 -2 -2 0 -2 0 -2 -1 -1 -1 -2 -1 -2 -1 0 -1 -1 -1 -2 0 0 0 -1 0 0 -1 -1 -2 -2 -2 0 0 0 0 0 -1 -2 -2 -2 -2 -2 -2 0 -2 -1 -2 0 0 -1
1.24938210904652 -1.37253727602717 -1.35542755439908 -1.14982017679355 -0.311783062295095 1 2 0 0 1 2 1 2 1 1 0 2 1 2 0 2 1 0 2 2 0 2 2 0 0 0 0 0 1 0 0 1 1 0 1 2 2 0 2 0 0 0 0 1 1 1 0 2 2 1 0 1 0 2 2 0 2 0 0 2 0 1 2 2 1 2 0 1 1 1 1 0 2 0 2 0 0 1 1 2 2 1 0 1 0 0 2 2 2 2 1 2 2 2 0 2 2 2 0 2 1 2 0 0 1 2 1 2 1 1 0 2 1 2 0 2 1 0 2 2 0 2 2 0 0 0 0 0 1 0 0 1 1 0 1 2 2 0 2 0 0 0 0 1 1 1 0 2 2 1 0 1 0 2 2 0 2 0 0 2 0 1 2 2 1 2 0 1 1 1 1 0 2 0 2 0 0 1 1 2 2 1 0 1 0 0 2 2 2 2 1 2 2 2 0 2 2 2 0 2 1
0.208779315169337 1.02889503741762 1.12510741626784 -0.824571456446403 1.35368927820361 -1 1 0 0 1 1 2 2 2 0 1 2 0 1 1 2 1 2 2 2 1 1 1 0 0 1 0 1 2 1 0 1 0 0 0 0 2 0 2 0 0 1 1 0 1 0 0 0 0 0 0 2 0 2 1 0 2 1 0 1 0 0 2 2 2 1 0 1 1 2 0 0 0 0 0 0 0 1 1 2 2 1 0 1 0 0 1 2 2 1 0 2 1 2 0 2 2 2 1 2 1 -1 0 0 -1 -1 -2 -2 -2 0 -1 -2 0 -1 -1 -2 -1 -2 -2 -2 -1 -1 -1 0 0 -1 0 -1 -2 -1 0 -1 0 0 0 0 -2 0 -2 0 0 -1 -1 0 -1 0 0 0 0 0 0 -2 0 -2 -1 0 -2 -1 0 -1 0 0 -2 -2 -2 -1 0 -1 -1 -2 0 0 0 0 0 0 0 -1 -1 -2 -2 -1 0 -1 0 0 -1 -2 -2 -1 0 -2 -1 -2 0 -2 -2 -2 -1 -2 -1
0.577349394499139 0.238665223350866 -1.16723159319558 -1.15296920231771 -2.18835987313197 -1 2 0 1 2 2 2 2 2 1 2 2 0 2 1 1 0 1 1 2 2 2 2 0 0 0 0 0 2 2 1 2 2 0 1 2 2 1 2 0 0 0 1 0 1 0 1 1 2 0 0 1 0 1 2 0 2 0 0 1 0 0 2 1 1 1 0 1 0 1 1 0 1 1 2 0 0 1 2 2 2 1 1 1 0 0 0 2 2 2 1 2 2 2 0 2 2 1 0 1 1 -2 0 -1 -2 -2 -2 -2 -2 -1 -2 -2 0 -2 -1 -1 0 -1 -1 -2 -2 -2 -2 0 0 0 0 0 -2 -2 -1 -2 -2 0 -1 -2 -2 -1 -2 0 0 0 -1 0 -1 0 -1 -1 -2 0 0 -1 0 -1 -2 0 -2 0 0 -1 0 0 -2 -1 -1 -1 0 -1 0 -1 -1 0 -1 -1 -2 0 0 -1 -2 -2 -2 -1 -1 -1 0 0 0 -2 -2 -2 -1 -2 -2 -2 0 -2 -2 -1 0 -1 -1
0.614100563504235 0.177066611474574 2.054196707869 -2.21220138301756 -1.2931364328309 1 2 0 0 2 2 1 2 2 0 1 2 0 2 1 2 1 2 2 2 1 2 1 1 0 0 0 1 2 0 0 2 1 0 0 2 2 0 2 1 0 1 1 2 2 1 1 2 2 0 1 2 1 2 2 0 2 1 1 2 0 0 2 1 2 1 0 0 0 1 1 0 0 0 2 0 0 1 2 2 2 2 0 2 0 0 0 2 2 0 0 2 0 1 1 2 1 2 0 1 1 2 0 0 2 2 1 2 2 0 1 2 0 2 1 2 1 2 2 2 1 2 1 1 0 0 0 1 2 0 0 2 1 0 0 2 2 0 2 1 0 1 1 2 2 1 1 2 2 0 1 2 1 2 2 0 2 1 1 2 0 0 2 1 2 1 0 0 0 1 1 0 0 0 2 0 0 1 2 2 2 2 0 2 0 0 0 2 2 0 0 2 0 1 1 2 1 2 0 1 1
1.33715048575007 0.656867874552222 -1.52601165946229 -0.405889474460724 -1.41840242638648 -1 2 2 0 0 2 2 2 1 0 0 1 0 1 0 1 0 0 1 2 2 2 1 0 0 0 1 1 2 1 0 2 1 0 0 1 1 0 2 0 1 2 1 1 2 0 0 1 1 0 0 1 0 2 2 0 2 0 2 2 0 0 2 0 1 2 0 2 1 1 1 0 1 2 0 0 0 0 1 2 2 1 2 1 0 0 1 2 2 1 1 2 1 2 0 2 2 2 0 2 1 -2 -2 0 0 -2 -2 -2 -1 0 0 -1 0 -1 0 -1 0 0 -1 -2 -2 -2 -1 0 0 0 -1 -1 -2 -1 0 -2 -1 0 0 -1 -1 0 -2 0 -1 -2 -1 -1 -2 0 0 -1 -1 0 0 -1 0 -2 -2 0 -2 0 -2 -2 0 0 -2 0 -1 -2 0 -2 -1 -1 -1 0 -1 -2 0 0 0 0 -1 -2 -2 -1 -2 -1 0 0 -1 -2 -2 -1 -1 -2 -1 -2 0 -2 -2 -2 0 -2 -1
0.0213149227409503 -1.38832708498208 0.62578720157374 -0.144214226849013 -1.38377813703534 1 1 0 0 0 2 1 2 1 0 0 1 0 1 0 2 1 1 2 2 2 2 2 1 0 0 0 0 1 0 0 2 0 0 0 2 2 0 1 0 0 1 2 1 2 0 1 2 2 1 1 2 1 2 2 0 2 1 1 1 0 0 2 0 0 0 0 0 1 1 1 0 2 0 2 0 0 1 2 2 2 1 1 1 0 0 0 1 1 1 1 2 2 2 0 2 2 2 1 2 1 1 0 0 0 2 1 2 1 0 0 1 0 1 0 2 1 1 2 2 2 2 2 1 0 0 0 0 1 0 0 2 0 0 0 2 2 0 1 0 0 1 2 1 2 0 1 2 2 1 1 2 1 2 2 0 2 1 1 1 0 0 2 0 0 0 0 0 1 1 1 0 2 0 2 0 0 1 2 2 2 1 1 1 0 0 0 1 1 1 1 2 2 2 0 2 2 2 1 2 1
