1.01384990133509 -0.0198094421070533 0.580587610217468 2.41779868448043 0.705907409080599 -1 2 2 1 2 2 2 2 2 2 1 1 1 0 1 0 0 0 1 2 2 2 2 2 1 2 2 2 2 1 0 1 2 1 0 2 2 0 0 0 2 1 2 2 2 1 0 0 0 1 0 1 1 2 2 0 1 0 2 2 1 0 0 0 2 2 1 0 0 0 2 2 2 2 1 2 1 0 1 0 2 1 2 1 2 2 1 1 2 1 2 2 2 1 2 0 0 1 1 1 1 -2 -2 -1 -2 -2 -2 -2 -2 -2 -1 -1 -1 0 -1 0 0 0 -1 -2 -2 -2 -2 -2 -1 -2 -2 -2 -2 -1 0 -1 -2 -1 0 -2 -2 0 0 0 -2 -1 -2 -2 -2 -1 0 0 0 -1 0 -1 -1 -2 -2 0 -1 0 -2 -2 -1 0 0 0 -2 -2 -1 0 0 0 -2 -2 -2 -2 -1 -2 -1 0 -1 0 -2 -1 -2 -1 -2 -2 -1 -1 -2 -1 -2 -2 -2 -1 -2 0 0 -1 -1 -1 -1
-0.955400510655351 -0.144997636604757 0.019888877996047 -0.356303015155784 -0.338466543799323 1 1 2 0 2 1 2 1 0 1 1 1 2 1 2 2 2 0 1 2 2 2 2 2 2 1 0 2 2 0 0 0 1 1 1 2 2 0 1 2 2 2 2 2 1 2 1 2 1 2 0 1 1 2 2 2 2 0 2 1 1 2 2 2 2 2 2 0 1 2 2 0 1 1 1 0 1 1 2 1 2 2 2 0 2 0 1 2 2 2 2 2 2 1 1 0 2 2 2 2 1 1 2 0 2 1 2 1 0 1 1 1 2 1 2 2 2 0 1 2 2 2 2 2 2 1 0 2 2 0 0 0 1 1 1 2 2 0 1 2 2 2 2 2 1 2 1 2 1 2 0 1 1 2 2 2 2 0 2 1 1 2 2 2 2 2 2 0 1 2 2 0 1 1 1 0 1 1 2 1 2 2 2 0 2 0 1 2 2 2 2 2 2 1 1 0 2 2 2 2 1
-0.227155109403231 1.32864079824437 -0.147732862856397 -0.649638935821265 1.97537628893648 1 0 1 0 0 1 2 1 2 2 2 0 1 0 1 2 2 0 1 1 1 2 2 2 1 1 1 0 1 2 0 1 1 2 1 2 1 0 1 1 2 1 1 1 2 2 1 1 1 1 0 1 2 2 2 2 1 0 2 1 1 2 2 2 2 2 2 2 1 2 2 0 0 2 2 1 2 0 2 0 2 1 2 1 2 1 0 1 2 2 2 2 1 0 2 2 2 2 2 1 1 0 1 0 0 1 2 1 2 2 2 0 1 0 1 2 2 0 1 1 1 2 2 2 1 1 1 0 1 2 0 1 1 2 1 2 1 0 1 1 2 1 1 1 2 2 1 1 1 1 0 1 2 2 2 2 1 0 2 1 1 2 2 2 2 2 2 2 1 2 2 0 0 2 2 1 2 0 2 0 2 1 2 1 2 1 0 1 2 2 2 2 1 0 2 2 2 2 2 1 1
1.08381175979473 -1.28563798486777 0.893475442965097 -0.182324181791134 0.723012540660253 -1 1 1 0 1 2 2 2 1 2 1 1 2 0 1 1 1 0 1 2 2 2 2 2 1 2 1 0 1 1 0 1 1 2 0 2 2 0 1 2 2 1 2 2 2 2 1 2 1 2 0 2 2 2 2 2 1 1 2 1 0 2 1 2 2 2 2 1 1 2 2 0 1 1 1 2 2 1 2 1 2 0 1 0 0 1 0 1 2 1 0 1 2 0 1 0 0 0 0 1 0 -1 -1 0 -1 -2 -2 -2 -1 -2 -1 -1 -2 0 -1 -1 -1 0 -1 -2 -2 -2 -2 -2 -1 -2 -1 0 -1 -1 0 -1 -1 -2 0 -2 -2 0 -1 -2 -2 -1 -2 -2 -2 -2 -1 -2 -1 -2 0 -2 -2 -2 -2 -2 -1 -1 -2 -1 0 -2 -1 -2 -2 -2 -2 -1 -1 -2 -2 0 -1 -1 -1 -2 -2 -1 -2 -1 -2 0 -1 0 0 -1 0 -1 -2 -1 0 -1 -2 0 -1 0 0 0 0 -1 0
0.0906292645638931 0.301580461961899 0.375541746892432 -0.196091362195995 1.27077450734218 -1 1 2 2 1 2 2 0 0 2 0 0 1 0 1 1 1 0 1 2 2 2 2 2 2 1 1 1 2 2 0 2 1 2 1 2 2 1 1 1 2 1 2 2 2 2 1 1 2 2 0 2 2 2 2 1 2 1 2 0 0 1 2 2 2 2 2 2 2 1 2 0 1 0 2 2 1 1 2 0 2 1 1 0 1 0 1 2 2 2 2 2 2 0 2 1 0 0 1 0 0 -1 -2 -2 -1 -2 -2 0 0 -2 0 0 -1 0 -1 -1 -1 0 -1 -2 -2 -2 -2 -2 -2 -1 -1 -1 -2 -2 0 -2 -1 -2 -1 -2 -2 -1 -1 -1 -2 -1 -2 -2 -2 -2 -1 -1 -2 -2 0 -2 -2 -2 -2 -1 -2 -1 -2 0 0 -1 -2 -2 -2 -2 -2 -2 -2 -1 -2 0 -1 0 -2 -2 -1 -1 -2 0 -2 -1 -1 0 -1 0 -1 -2 -2 -2 -2 -2 -2 0 -2 -1 0 0 -1 0 0
0.583786415049943 1.84968334901049 -0.772610412672204 0.809009325019438 -0.15369897340428 1 1 1 1 2 2 2 2 1 2 2 2 2 0 2 1 2 0 1 2 0 2 2 2 2 2 1 2 2 2 0 0 1 2 1 2 1 0 0 1 2 0 2 2 2 2 1 2 1 1 0 2 0 1 1 0 1 1 2 1 1 2 2 2 2 2 2 1 1 2 2 0 2 1 0 1 2 0 2 0 2 1 0 0 1 1 1 1 2 2 2 2 0 1 2 0 1 1 2 2 2 1 1 1 2 2 2 2 1 2 2 2 2 0 2 1 2 0 1 2 0 2 2 2 2 2 1 2 2 2 0 0 1 2 1 2 1 0 0 1 2 0 2 2 2 2 1 2 1 1 0 2 0 1 1 0 1 1 2 1 1 2 2 2 2 2 2 1 1 2 2 0 2 1 0 1 2 0 2 0 2 1 0 0 1 1 1 1 2 2 2 2 0 1 2 0 1 1 2 2 2
1.25159400760459 -0.0143470802897014 1.59847739612243 -0.211822079661701 0.387577918487408 1 1 1 1 1 1 1 2 1 2 2 1 1 0 2 2 2 0 0 1 0 1 2 2 0 2 2 2 2 1 0 1 2 2 1 2 2 0 1 2 1 0 2 2 2 2 1 2 1 2 0 2 1 2 1 1 2 1 2 1 1 2 1 1 2 2 2 1 1 2 2 0 1 2 2 2 2 0 2 0 2 1 2 2 2 1 0 2 2 2 2 2 1 1 2 1 1 1 1 2 1 1 1 1 1 1 1 2 1 2 2 1 1 0 2 2 2 0 0 1 0 1 2 2 0 2 2 2 2 1 0 1 2 2 1 2 2 0 1 2 1 0 2 2 2 2 1 2 1 2 0 2 1 2 1 1 2 1 2 1 1 2 1 1 2 2 2 1 1 2 2 0 1 2 2 2 2 0 2 0 2 1 2 2 2 1 0 2 2 2 2 2 1 1 2 1 1 1 1 2 1
0.85140709866035 -0.0555430658978027 -0.155900289948441 1.27489543171598 2.52328840430207 1 0 2 0 2 2 2 1 1 1 1 2 2 0 1 1 1 0 0 0 1 2 1 1 0 2 1 1 1 1 0 1 2 2 1 2 2 1 0 2 2 2 1 1 1 2 1 2 2 1 1 2 2 2 0 0 1 1 2 1 0 1 1 1 2 2 2 1 1 2 2 0 2 2 2 2 0 0 1 0 2 1 2 2 2 1 2 2 2 2 2 2 2 1 2 1 1 1 0 2 0 0 2 0 2 2 2 1 1 1 1 2 2 0 1 1 1 0 0 0 1 2 1 1 0 2 1 1 1 1 0 1 2 2 1 2 2 1 0 2 2 2 1 1 1 2 1 2 2 1 1 2 2 2 0 0 1 1 2 1 0 1 1 1 2 2 2 1 1 2 2 0 2 2 2 2 0 0 1 0 2 1 2 2 2 1 2 2 2 2 2 2 2 1 2 1 1 1 0 2 0
0.330047906285582 0.362272954950507 -0.510864075120363 1.36033640158714 0.819104088960874 1 1 2 0 2 2 2 2 1 1 0 0 0 0 1 0 0 0 0 0 1 2 2 2 2 1 0 0 2 1 0 2 1 2 2 2 1 1 2 2 2 1 0 1 0 2 0 0 0 2 0 2 2 2 1 0 1 0 2 1 1 1 1 2 2 2 2 2 1 2 2 1 2 2 1 1 1 0 2 1 2 1 2 2 2 2 2 2 2 2 2 2 1 0 2 0 0 1 0 0 0 1 2 0 2 2 2 2 1 1 0 0 0 0 1 0 0 0 0 0 1 2 2 2 2 1 0 0 2 1 0 2 1 2 2 2 1 1 2 2 2 1 0 1 0 2 0 0 0 2 0 2 2 2 1 0 1 0 2 1 1 1 1 2 2 2 2 2 1 2 2 1 2 2 1 1 1 0 2 1 2 1 2 2 2 2 2 2 2 2 2 2 1 0 2 0 0 1 0 0 0
0.863494534211851 -0.951806175579657 -0.148492369020065 1.31836299303092 -0.226961918702986 1 1 2 2 2 2 2 0 0 2 0 1 2 1 2 1 0 0 0 1 1 2 2 2 1 2 2 1 1 1 0 0 0 2 1 2 2 2 1 1 2 0 1 2 0 1 0 0 0 1 0 2 1 2 1 0 1 0 2 0 0 2 2 2 2 2 2 2 2 2 2 1 1 2 2 2 1 1 2 0 2 1 1 0 1 1 1 1 2 1 2 2 1 0 2 0 0 0 0 0 1 1 2 2 2 2 2 0 0 2 0 1 2 1 2 1 0 0 0 1 1 2 2 2 1 2 2 1 1 1 0 0 0 2 1 2 2 2 1 1 2 0 1 2 0 1 0 0 0 1 0 2 1 2 1 0 1 0 2 0 0 2 2 2 2 2 2 2 2 2 2 1 1 2 2 2 1 1 2 0 2 1 1 0 1 1 1 1 2 1 2 2 1 0 2 0 0 0 0 0 1
-0.389230713794419 0.776176064442857 -0.685811853687307 0.602550627024982 -0.168682284311946 -1 1 1 0 2 2 2 1 2 2 0 0 1 1 1 1 0 0 0 1 1 2 2 2 2 1 1 1 2 1 0 1 2 2 1 2 2 0 1 2 1 0 2 2 1 2 1 1 1 2 0 2 2 2 2 1 2 0 2 2 2 2 2 2 2 2 1 1 0 2 2 0 1 1 2 2 2 1 2 1 2 1 2 1 1 0 1 2 2 1 2 2 2 1 2 1 1 0 0 2 1 -1 -1 0 -2 -2 -2 -1 -2 -2 0 0 -1 -1 -1 -1 0 0 0 -1 -1 -2 -2 -2 -2 -1 -1 -1 -2 -1 0 -1 -2 -2 -1 -2 -2 0 -1 -2 -1 0 -2 -2 -1 -2 -1 -1 -1 -2 0 -2 -2 -2 -2 -1 -2 0 -2 -2 -2 -2 -2 -2 -2 -2 -1 -1 0 -2 -2 0 -1 -1 -2 -2 -2 -1 -2 -1 -2 -1 -2 -1 -1 0 -1 -2 -2 -1 -2 -2 -2 -1 -2 -1 -1 0 0 -2 -1
-1.80922263130731 -0.0301718122084249 0.181656177619865 0.29326347657571 -0.00437771534565139 1 1 2 0 2 2 2 1 0 1 2 0 2 0 1 1 1 0 1 2 2 2 2 1 1 2 2 1 2 2 0 0 1 0 0 1 1 0 1 2 2 1 2 2 0 1 0 1 2 2 0 2 2 1 1 0 2 2 2 1 1 2 2 2 2 2 1 0 1 1 2 0 1 2 1 2 2 0 1 0 2 0 2 2 1 1 0 0 2 2 2 2 2 1 2 1 2 1 1 1 0 1 2 0 2 2 2 1 0 1 2 0 2 0 1 1 1 0 1 2 2 2 2 1 1 2 2 1 2 2 0 0 1 0 0 1 1 0 1 2 2 1 2 2 0 1 0 1 2 2 0 2 2 1 1 0 2 2 2 1 1 2 2 2 2 2 1 0 1 1 2 0 1 2 1 2 2 0 1 0 2 0 2 2 1 1 0 0 2 2 2 2 2 1 2 1 2 1 1 1 0
1.0118243994802 1.15401226157569 -0.00204159748977423 -1.09660911075883 -0.326464830009653 1 1 2 0 2 2 2 0 1 2 1 0 1 0 0 0 1 1 2 2 2 2 2 2 2 1 0 2 2 2 0 1 1 2 0 2 2 2 2 2 2 0 2 2 2 2 0 2 2 1 0 2 1 2 2 2 2 1 2 1 1 2 2 2 2 2 1 0 1 2 2 0 1 2 2 2 2 0 2 1 2 2 2 2 2 1 1 2 1 1 2 2 1 1 2 1 1 2 1 2 0 1 2 0 2 2 2 0 1 2 1 0 1 0 0 0 1 1 2 2 2 2 2 2 2 1 0 2 2 2 0 1 1 2 0 2 2 2 2 2 2 0 2 2 2 2 0 2 2 1 0 2 1 2 2 2 2 1 2 1 1 2 2 2 2 2 1 0 1 2 2 0 1 2 2 2 2 0 2 1 2 2 2 2 2 1 1 2 1 1 2 2 1 1 2 1 1 2 1 2 0
-1.2199551868233 -1.09580251425313 -0.0695593776228379 0.97848199496929 0.883773940279841 -1 1 2 0 2 2 2 1 1 1 1 1 1 0 1 1 1 0 0 1 1 2 2 2 2 1 0 1 2 2 0 1 2 2 0 2 2 2 2 2 2 0 2 2 2 1 0 0 2 1 0 2 2 2 2 0 2 0 2 2 2 2 2 2 2 2 2 0 1 2 2 1 1 2 0 2 2 1 2 1 2 1 1 0 1 1 0 1 2 0 1 1 1 0 1 0 1 1 0 1 0 -1 -2 0 -2 -2 -2 -1 -1 -1 -1 -1 -1 0 -1 -1 -1 0 0 -1 -1 -2 -2 -2 -2 -1 0 -1 -2 -2 0 -1 -2 -2 0 -2 -2 -2 -2 -2 -2 0 -2 -2 -2 -1 0 0 -2 -1 0 -2 -2 -2 -2 0 -2 0 -2 -2 -2 -2 -2 -2 -2 -2 -2 0 -1 -2 -2 -1 -1 -2 0 -2 -2 -1 -2 -1 -2 -1 -1 0 -1 -1 0 -1 -2 0 -1 -1 -1 0 -1 0 -1 -1 0 -1 0
1.83995316201056 0.276230956177728 0.229612686372968 0.277456657528687 -1.25718083745421 -1 1 2 1 2 2 2 1 2 2 2 1 2 0 0 0 2 0 0 2 2 2 2 2 1 2 1 2 2 2 0 1 1 2 0 2 1 1 1 1 2 0 1 2 1 2 0 0 2 1 0 0 1 1 2 1 2 0 2 1 0 2 1 1 2 2 2 1 2 2 2 1 1 2 2 1 1 0 0 0 2 0 1 1 1 1 1 2 1 1 2 2 1 0 1 0 0 0 1 1 1 -1 -2 -1 -2 -2 -2 -1 -2 -2 -2 -1 -2 0 0 0 -2 0 0 -2 -2 -2 -2 -2 -1 -2 -1 -2 -2 -2 0 -1 -1 -2 0 -2 -1 -1 -1 -1 -2 0 -1 -2 -1 -2 0 0 -2 -1 0 0 -1 -1 -2 -1 -2 0 -2 -1 0 -2 -1 -1 -2 -2 -2 -1 -2 -2 -2 -1 -1 -2 -2 -1 -1 0 0 0 -2 0 -1 -1 -1 -1 -1 -2 -1 -1 -2 -2 -1 0 -1 0 0 0 -1 -1 -1
0.704375281560045 -0.713360986494289 0.0600292274095265 0.54256989832197 0.146318874289118 1 0 1 1 2 2 2 2 0 2 2 1 0 0 1 0 1 0 0 0 0 2 2 2 0 1 1 1 2 2 0 1 1 1 0 0 1 0 0 2 2 0 2 2 2 2 1 1 1 1 0 1 1 2 2 0 2 0 2 2 1 1 1 2 2 2 2 1 0 2 2 0 1 0 2 2 1 0 2 0 2 0 2 2 2 2 0 1 1 0 2 2 1 0 1 0 1 2 1 2 2 0 1 1 2 2 2 2 0 2 2 1 0 0 1 0 1 0 0 0 0 2 2 2 0 1 1 1 2 2 0 1 1 1 0 0 1 0 0 2 2 0 2 2 2 2 1 1 1 1 0 1 1 2 2 0 2 0 2 2 1 1 1 2 2 2 2 1 0 2 2 0 1 0 2 2 1 0 2 0 2 0 2 2 2 2 0 1 1 0 2 2 1 0 1 0 1 2 1 2 2
1.99010794692811 0.251863048790283 -0.0859559991666985 -0.420015043258081 2.77079631139142 1 0 1 0 2 2 2 0 1 2 2 1 2 1 1 0 0 0 0 0 1 2 2 1 0 2 2 1 2 1 0 1 2 2 0 2 2 1 2 2 2 1 2 2 2 2 1 2 2 2 0 2 2 2 2 0 2 0 2 0 0 0 2 2 2 2 2 2 1 2 2 0 1 1 2 2 2 0 2 0 2 0 2 1 2 2 1 1 1 0 2 2 1 1 2 0 0 0 0 0 0 0 1 0 2 2 2 0 1 2 2 1 2 1 1 0 0 0 0 0 1 2 2 1 0 2 2 1 2 1 0 1 2 2 0 2 2 1 2 2 2 1 2 2 2 2 1 2 2 2 0 2 2 2 2 0 2 0 2 0 0 0 2 2 2 2 2 2 1 2 2 0 1 1 2 2 2 0 2 0 2 0 2 1 2 2 1 1 1 0 2 2 1 1 2 0 0 0 0 0 0
-1.29856804460025 0.146253184038093 2.29737848991226 -0.458755143790984 1.16971242474506 -1 1 2 1 1 0 1 1 0 1 1 1 2 0 2 1 1 0 1 2 2 2 2 2 1 1 0 1 2 2 0 0 0 1 0 2 2 2 2 1 2 0 2 2 2 2 2 2 2 2 2 2 2 2 2 1 1 1 2 1 1 2 2 2 2 2 1 0 0 1 2 1 2 2 1 1 2 0 1 0 2 1 2 1 1 0 1 1 2 2 2 2 2 0 2 1 1 1 0 0 1 -1 -2 -1 -1 0 -1 -1 0 -1 -1 -1 -2 0 -2 -1 -1 0 -1 -2 -2 -2 -2 -2 -1 -1 0 -1 -2 -2 0 0 0 -1 0 -2 -2 -2 -2 -1 -2 0 -2 -2 -2 -2 -2 -2 -2 -2 -2 -2 -2 -2 -2 -1 -1 -1 -2 -1 -1 -2 -2 -2 -2 -2 -1 0 0 -1 -2 -1 -2 -2 -1 -1 -2 0 -1 0 -2 -1 -2 -1 -1 0 -1 -1 -2 -2 -2 -2 -2 0 -2 -1 -1 -1 0 0 -1
-0.635372694264009 -1.31762022764366 -1.74114872432704 1.38482690777424 -0.730577306199791 -1 0 1 1 1 2 1 0 0 0 1 1 0 0 0 0 0 0 0 2 2 2 2 2 1 2 2 1 2 1 0 2 2 2 0 1 2 2 1 2 2 1 2 2 2 2 1 0 2 2 0 1 0 2 2 1 0 0 2 2 0 2 2 2 2 2 2 2 2 2 2 0 2 2 2 1 0 0 2 0 2 1 0 0 2 2 1 0 2 1 2 2 1 0 1 0 1 0 0 0 0 0 -1 -1 -1 -2 -1 0 0 0 -1 -1 0 0 0 0 0 0 0 -2 -2 -2 -2 -2 -1 -2 -2 -1 -2 -1 0 -2 -2 -2 0 -1 -2 -2 -1 -2 -2 -1 -2 -2 -2 -2 -1 0 -2 -2 0 -1 0 -2 -2 -1 0 0 -2 -2 0 -2 -2 -2 -2 -2 -2 -2 -2 -2 -2 0 -2 -2 -2 -1 0 0 -2 0 -2 -1 0 0 -2 -2 -1 0 -2 -1 -2 -2 -1 0 -1 0 -1 0 0 0 0
0.48045335317537 -1.80095256206594 0.360031757708618 0.0211841894488825 1.35934356895175 1 1 2 0 0 2 2 0 0 2 1 0 0 0 0 1 0 1 0 2 0 2 2 2 1 2 1 2 2 2 0 1 2 2 1 1 1 1 2 2 2 1 2 2 1 1 0 0 0 0 0 2 2 2 2 1 1 1 2 1 0 1 2 1 2 2 1 1 2 2 2 1 2 1 1 2 1 0 2 0 1 1 2 1 2 2 1 1 2 2 1 2 1 2 2 0 1 0 1 1 0 1 2 0 0 2 2 0 0 2 1 0 0 0 0 1 0 1 0 2 0 2 2 2 1 2 1 2 2 2 0 1 2 2 1 1 1 1 2 2 2 1 2 2 1 1 0 0 0 0 0 2 2 2 2 1 1 1 2 1 0 1 2 1 2 2 1 1 2 2 2 1 2 1 1 2 1 0 2 0 1 1 2 1 2 2 1 1 2 2 1 2 1 2 2 0 1 0 1 1 0
-0.330047041761334 1.33242477195065 -0.138340718476886 -1.57412561944699 -0.0341725286540293 -1 1 2 0 2 1 2 1 1 2 1 0 0 0 0 1 0 0 0 0 1 2 2 2 0 2 2 2 2 2 0 1 2 2 0 2 2 1 2 2 2 2 2 2 1 2 0 1 2 2 0 2 2 2 2 2 1 0 2 1 1 1 0 0 2 2 1 1 1 2 2 0 1 2 1 2 0 0 2 0 2 0 1 1 2 2 1 1 2 2 2 2 1 0 2 0 2 2 1 0 1 -1 -2 0 -2 -1 -2 -1 -1 -2 -1 0 0 0 0 -1 0 0 0 0 -1 -2 -2 -2 0 -2 -2 -2 -2 -2 0 -1 -2 -2 0 -2 -2 -1 -2 -2 -2 -2 -2 -2 -1 -2 0 -1 -2 -2 0 -2 -2 -2 -2 -2 -1 0 -2 -1 -1 -1 0 0 -2 -2 -1 -1 -1 -2 -2 0 -1 -2 -1 -2 0 0 -2 0 -2 0 -1 -1 -2 -2 -1 -1 -2 -2 -2 -2 -1 0 -2 0 -2 -2 -1 0 -1
0.299118708107514 1.30908424427706 -0.459093872631132 0.33603916890454 -0.393920436142779 1 1 2 2 2 2 2 2 1 2 2 1 0 0 1 0 0 0 1 1 2 2 2 2 2 2 2 2 2 2 0 1 2 2 1 2 2 0 1 1 1 0 2 2 2 2 1 2 0 2 0 2 1 2 2 1 1 0 1 1 0 1 2 2 2 2 2 2 2 2 2 1 1 2 2 2 0 0 2 1 2 1 2 2 1 1 1 2 2 2 2 1 2 1 2 0 1 1 1 2 1 1 2 2 2 2 2 2 1 2 2 1 0 0 1 0 0 0 1 1 2 2 2 2 2 2 2 2 2 2 0 1 2 2 1 2 2 0 1 1 1 0 2 2 2 2 1 2 0 2 0 2 1 2 2 1 1 0 1 1 0 1 2 2 2 2 2 2 2 2 2 1 1 2 2 2 0 0 2 1 2 1 2 2 1 1 1 2 2 2 2 1 2 1 2 0 1 1 1 2 1
-1.03623715967855 0.111098330754022 -1.80999522212969 -1.31996272096245 1.04173142915768 1 1 2 1 2 2 2 2 2 2 2 1 2 1 0 0 0 0 0 0 0 2 2 2 1 2 1 1 2 0 0 1 0 1 0 1 2 0 0 1 0 1 2 1 2 2 1 1 0 0 0 2 1 2 2 0 2 1 2 1 1 1 1 2 2 2 2 2 0 2 2 0 2 2 2 2 1 1 2 2 2 2 1 0 2 2 0 1 2 2 2 2 1 0 1 0 0 0 0 1 0 1 2 1 2 2 2 2 2 2 2 1 2 1 0 0 0 0 0 0 0 2 2 2 1 2 1 1 2 0 0 1 0 1 0 1 2 0 0 1 0 1 2 1 2 2 1 1 0 0 0 2 1 2 2 0 2 1 2 1 1 1 1 2 2 2 2 2 0 2 2 0 2 2 2 2 1 1 2 2 2 2 1 0 2 2 0 1 2 2 2 2 1 0 1 0 0 0 0 1 0
-1.03405362434939 0.594978330672459 0.0667775697319578 1.74794787946793 0.267743780091104 -1 0 1 2 2 2 2 1 0 1 1 0 0 0 2 2 1 0 1 1 1 2 2 2 1 2 1 0 2 2 0 1 2 2 1 2 2 1 1 2 1 0 2 2 0 1 1 1 2 1 0 1 2 2 2 1 2 1 2 2 0 1 2 2 2 2 1 1 2 2 2 0 2 2 1 0 0 0 2 1 2 0 0 0 1 1 1 1 1 1 2 1 0 0 2 1 2 1 1 1 2 0 -1 -2 -2 -2 -2 -1 0 -1 -1 0 0 0 -2 -2 -1 0 -1 -1 -1 -2 -2 -2 -1 -2 -1 0 -2 -2 0 -1 -2 -2 -1 -2 -2 -1 -1 -2 -1 0 -2 -2 0 -1 -1 -1 -2 -1 0 -1 -2 -2 -2 -1 -2 -1 -2 -2 0 -1 -2 -2 -2 -2 -1 -1 -2 -2 -2 0 -2 -2 -1 0 0 0 -2 -1 -2 0 0 0 -1 -1 -1 -1 -1 -1 -2 -1 0 0 -2 -1 -2 -1 -1 -1 -2
2.62849651930477 -0.275533984387477 0.730989099964588 0.216829322385055 0.0682673005534655 -1 0 2 1 2 2 2 1 1 2 2 0 0 0 1 1 1 0 0 0 1 2 2 2 2 1 2 1 2 2 0 1 2 2 1 2 2 1 1 2 2 0 2 2 2 0 0 1 1 2 0 1 1 2 2 1 1 0 2 1 0 2 1 2 2 2 1 1 1 2 2 1 2 2 2 2 2 1 2 0 2 2 2 1 1 0 2 1 2 2 2 2 1 1 2 1 1 1 1 0 0 0 -2 -1 -2 -2 -2 -1 -1 -2 -2 0 0 0 -1 -1 -1 0 0 0 -1 -2 -2 -2 -2 -1 -2 -1 -2 -2 0 -1 -2 -2 -1 -2 -2 -1 -1 -2 -2 0 -2 -2 -2 0 0 -1 -1 -2 0 -1 -1 -2 -2 -1 -1 0 -2 -1 0 -2 -1 -2 -2 -2 -1 -1 -1 -2 -2 -1 -2 -2 -2 -2 -2 -1 -2 0 -2 -2 -2 -1 -1 0 -2 -1 -2 -2 -2 -2 -1 -1 -2 -1 -1 -1 -1 0 0
1.38288157652694 0.391137159180123 -0.157359658704722 -0.212961342883262 -0.292005898226776 1 1 2 0 2 2 1 1 0 1 0 0 0 0 2 2 0 0 0 0 1 2 2 2 1 1 0 0 1 0 0 0 1 2 0 1 1 0 0 2 2 1 2 2 2 2 0 1 1 2 1 2 2 2 0 0 1 2 2 1 0 2 2 2 2 2 2 1 2 2 2 1 2 2 2 2 1 0 1 0 2 0 1 1 1 1 1 2 2 1 2 2 2 0 2 1 2 1 0 2 1 1 2 0 2 2 1 1 0 1 0 0 0 0 2 2 0 0 0 0 1 2 2 2 1 1 0 0 1 0 0 0 1 2 0 1 1 0 0 2 2 1 2 2 2 2 0 1 1 2 1 2 2 2 0 0 1 2 2 1 0 2 2 2 2 2 2 1 2 2 2 1 2 2 2 2 1 0 1 0 2 0 1 1 1 1 1 2 2 1 2 2 2 0 2 1 2 1 0 2 1
0.562013289942663 0.893243274494716 0.885571269723052 0.617060024236454 -0.392464605205135 1 1 2 1 1 2 2 1 0 2 2 1 1 0 0 0 1 0 0 2 2 2 2 2 1 2 2 1 1 0 0 2 2 1 1 2 1 0 0 1 1 1 2 1 0 1 0 1 1 2 0 2 1 2 2 1 1 1 2 0 0 2 1 1 2 2 1 1 0 2 2 0 0 1 2 2 1 0 2 0 2 1 2 1 2 1 1 1 1 0 2 2 0 0 2 0 1 2 1 2 2 1 2 1 1 2 2 1 0 2 2 1 1 0 0 0 1 0 0 2 2 2 2 2 1 2 2 1 1 0 0 2 2 1 1 2 1 0 0 1 1 1 2 1 0 1 0 1 1 2 0 2 1 2 2 1 1 1 2 0 0 2 1 1 2 2 1 1 0 2 2 0 0 1 2 2 1 0 2 0 2 1 2 1 2 1 1 1 1 0 2 2 0 0 2 0 1 2 1 2 2
-0.537823062265183 -1.72373366172667 -0.206602833986524 -1.57909712885174 1.85260657662592 -1 1 2 1 2 2 2 0 0 1 1 1 2 0 1 1 0 0 0 1 2 2 2 2 1 2 1 1 2 1 0 0 1 1 1 2 1 0 2 2 2 0 2 2 2 2 1 0 2 2 0 2 1 2 1 0 2 0 2 1 1 2 2 2 2 2 1 2 1 2 2 0 2 1 2 2 1 0 2 0 2 0 0 0 2 0 0 0 2 2 2 2 1 0 1 0 1 1 1 1 1 -1 -2 -1 -2 -2 -2 0 0 -1 -1 -1 -2 0 -1 -1 0 0 0 -1 -2 -2 -2 -2 -1 -2 -1 -1 -2 -1 0 0 -1 -1 -1 -2 -1 0 -2 -2 -2 0 -2 -2 -2 -2 -1 0 -2 -2 0 -2 -1 -2 -1 0 -2 0 -2 -1 -1 -2 -2 -2 -2 -2 -1 -2 -1 -2 -2 0 -2 -1 -2 -2 -1 0 -2 0 -2 0 0 0 -2 0 0 0 -2 -2 -2 -2 -1 0 -1 0 -1 -1 -1 -1 -1
0.511978536202053 0.340704554838774 -1.57028278141169 1.4043875920371 -0.820380420223913 -1 0 2 0 2 1 2 0 0 2 1 1 2 1 0 0 1 0 0 1 0 2 2 1 0 1 1 1 1 1 0 0 1 1 0 2 1 0 0 1 2 1 2 2 1 2 0 1 1 1 0 1 0 1 2 1 2 1 2 2 1 2 2 2 2 2 2 2 2 2 2 0 1 1 1 2 2 0 1 0 2 1 1 0 1 0 0 0 2 0 1 2 0 0 2 0 0 2 2 2 2 0 -2 0 -2 -1 -2 0 0 -2 -1 -1 -2 -1 0 0 -1 0 0 -1 0 -2 -2 -1 0 -1 -1 -1 -1 -1 0 0 -1 -1 0 -2 -1 0 0 -1 -2 -1 -2 -2 -1 -2 0 -1 -1 -1 0 -1 0 -1 -2 -1 -2 -1 -2 -2 -1 -2 -2 -2 -2 -2 -2 -2 -2 -2 -2 0 -1 -1 -1 -2 -2 0 -1 0 -2 -1 -1 0 -1 0 0 0 -2 0 -1 -2 0 0 -2 0 0 -2 -2 -2 -2
-1.34473746682464 -1.53200773762816 -1.45692783108463 0.803676751449562 1.99849411930233 1 2 1 0 2 1 1 2 2 2 2 1 1 0 1 1 1 0 0 1 2 2 2 2 2 2 1 1 2 1 0 2 1 2 1 2 2 0 1 2 2 0 2 2 2 2 0 1 2 1 0 2 2 2 2 0 2 1 2 1 1 2 2 2 2 2 0 0 0 1 2 0 1 2 1 1 2 1 2 0 2 1 1 0 2 2 1 1 2 2 2 2 1 0 2 1 2 2 1 2 1 2 1 0 2 1 1 2 2 2 2 1 1 0 1 1 1 0 0 1 2 2 2 2 2 2 1 1 2 1 0 2 1 2 1 2 2 0 1 2 2 0 2 2 2 2 0 1 2 1 0 2 2 2 2 0 2 1 2 1 1 2 2 2 2 2 0 0 0 1 2 0 1 2 1 1 2 1 2 0 2 1 1 0 2 2 1 1 2 2 2 2 1 0 2 1 2 2 1 2 1
1.77956495683344 -0.642407550559463 0.546458831695 -0.693034514883934 0.751000286017284 -1 1 1 0 2 1 2 1 1 2 0 0 2 0 1 1 1 0 0 1 1 2 2 2 1 2 2 1 2 2 0 2 2 2 1 1 0 0 0 1 2 1 2 2 1 1 0 2 1 2 0 2 2 2 2 1 1 2 2 1 1 2 2 2 2 2 2 1 2 2 2 1 2 2 1 2 2 1 2 1 2 0 1 0 2 2 1 1 2 1 2 2 2 0 2 0 0 1 0 0 0 -1 -1 0 -2 -1 -2 -1 -1 -2 0 0 -2 0 -1 -1 -1 0 0 -1 -1 -2 -2 -2 -1 -2 -2 -1 -2 -2 0 -2 -2 -2 -1 -1 0 0 0 -1 -2 -1 -2 -2 -1 -1 0 -2 -1 -2 0 -2 -2 -2 -2 -1 -1 -2 -2 -1 -1 -2 -2 -2 -2 -2 -2 -1 -2 -2 -2 -1 -2 -2 -1 -2 -2 -1 -2 -1 -2 0 -1 0 -2 -2 -1 -1 -2 -1 -2 -2 -2 0 -2 0 0 -1 0 0 0
1.89062480075568 -0.696742753246201 -1.86570162666708 1.37476513187154 -1.70181371300439 -1 1 2 0 1 1 2 2 2 1 2 1 2 0 1 1 2 0 0 0 2 2 2 2 2 1 1 2 2 2 0 0 0 1 0 2 2 0 0 1 2 0 1 1 1 1 0 1 2 2 1 2 2 2 1 0 2 1 2 1 0 2 1 2 2 2 1 0 0 2 2 0 0 0 1 0 2 0 2 0 2 0 2 0 0 2 0 1 2 2 2 2 2 1 1 1 0 0 0 0 0 -1 -2 0 -1 -1 -2 -2 -2 -1 -2 -1 -2 0 -1 -1 -2 0 0 0 -2 -2 -2 -2 -2 -1 -1 -2 -2 -2 0 0 0 -1 0 -2 -2 0 0 -1 -2 0 -1 -1 -1 -1 0 -1 -2 -2 -1 -2 -2 -2 -1 0 -2 -1 -2 -1 0 -2 -1 -2 -2 -2 -1 0 0 -2 -2 0 0 0 -1 0 -2 0 -2 0 -2 0 -2 0 0 -2 0 -1 -2 -2 -2 -2 -2 -1 -1 -1 0 0 0 0 0
-1.6798010873472 -0.748851565705921 0.0572000242078954 0.675416313672554 0.563835169834048 -1 2 2 0 1 1 2 1 2 2 2 0 0 0 2 1 0 0 0 0 1 2 1 2 0 2 2 1 2 1 0 1 1 1 1 2 2 0 2 2 2 0 2 2 2 2 1 0 0 0 0 2 1 2 0 1 1 0 2 1 1 2 2 2 2 2 2 2 2 2 2 1 1 2 2 2 2 1 2 2 2 2 1 1 1 1 1 0 1 0 2 2 0 0 2 1 0 0 1 1 1 -2 -2 0 -1 -1 -2 -1 -2 -2 -2 0 0 0 -2 -1 0 0 0 0 -1 -2 -1 -2 0 -2 -2 -1 -2 -1 0 -1 -1 -1 -1 -2 -2 0 -2 -2 -2 0 -2 -2 -2 -2 -1 0 0 0 0 -2 -1 -2 0 -1 -1 0 -2 -1 -1 -2 -2 -2 -2 -2 -2 -2 -2 -2 -2 -1 -1 -2 -2 -2 -2 -1 -2 -2 -2 -2 -1 -1 -1 -1 -1 0 -1 0 -2 -2 0 0 -2 -1 0 0 -1 -1 -1
0.167831199765017 0.427140941130139 0.45702677744089 0.879065251954756 -0.249374172628786 -1 0 2 1 2 1 2 2 2 2 1 1 1 0 2 2 0 0 0 2 2 2 2 2 2 2 2 1 2 1 0 0 1 2 0 2 2 2 1 1 2 0 1 2 1 2 0 1 0 1 0 2 2 2 2 1 2 1 2 1 1 2 2 2 2 2 2 1 1 2 2 0 1 2 0 1 0 0 1 0 2 0 1 1 2 2 1 2 2 1 2 2 2 1 2 1 2 2 2 2 1 0 -2 -1 -2 -1 -2 -2 -2 -2 -1 -1 -1 0 -2 -2 0 0 0 -2 -2 -2 -2 -2 -2 -2 -2 -1 -2 -1 0 0 -1 -2 0 -2 -2 -2 -1 -1 -2 0 -1 -2 -1 -2 0 -1 0 -1 0 -2 -2 -2 -2 -1 -2 -1 -2 -1 -1 -2 -2 -2 -2 -2 -2 -1 -1 -2 -2 0 -1 -2 0 -1 0 0 -1 0 -2 0 -1 -1 -2 -2 -1 -2 -2 -1 -2 -2 -2 -1 -2 -1 -2 -2 -2 -2 -1
-0.324806692915503 0.0916494934397719 0.363078707423026 -0.761223113444207 -0.0249200075023202 -1 1 2 1 2 2 2 0 1 1 0 1 2 1 2 2 1 0 0 2 2 2 2 2 2 2 2 1 2 1 0 1 0 1 1 2 1 0 1 2 2 2 2 2 2 2 1 1 1 2 0 2 2 2 2 1 1 0 2 0 1 2 1 2 2 2 1 1 2 2 2 0 1 1 2 2 2 0 2 0 2 1 2 0 1 1 1 1 2 1 2 2 0 0 2 0 0 0 1 1 0 -1 -2 -1 -2 -2 -2 0 -1 -1 0 -1 -2 -1 -2 -2 -1 0 0 -2 -2 -2 -2 -2 -2 -2 -2 -1 -2 -1 0 -1 0 -1 -1 -2 -1 0 -1 -2 -2 -2 -2 -2 -2 -2 -1 -1 -1 -2 0 -2 -2 -2 -2 -1 -1 0 -2 0 -1 -2 -1 -2 -2 -2 -1 -1 -2 -2 -2 0 -1 -1 -2 -2 -2 0 -2 0 -2 -1 -2 0 -1 -1 -1 -1 -2 -1 -2 -2 0 0 -2 0 0 0 -1 -1 0
-0.81109597273445 0.497007242632188 -0.942481390436505 -0.924578139680562 1.6079754558696 -1 0 2 1 2 2 2 1 1 2 0 0 1 0 1 1 1 0 1 2 2 2 2 2 1 1 1 0 1 1 0 1 0 2 0 2 1 1 1 2 1 0 2 2 1 0 0 1 2 1 0 1 2 2 2 1 2 1 2 0 1 1 1 1 1 1 2 1 1 2 2 1 1 1 2 2 1 0 2 1 2 2 2 1 2 2 0 1 2 2 2 2 0 0 1 0 1 1 1 2 1 0 -2 -1 -2 -2 -2 -1 -1 -2 0 0 -1 0 -1 -1 -1 0 -1 -2 -2 -2 -2 -2 -1 -1 -1 0 -1 -1 0 -1 0 -2 0 -2 -1 -1 -1 -2 -1 0 -2 -2 -1 0 0 -1 -2 -1 0 -1 -2 -2 -2 -1 -2 -1 -2 0 -1 -1 -1 -1 -1 -1 -2 -1 -1 -2 -2 -1 -1 -1 -2 -2 -1 0 -2 -1 -2 -2 -2 -1 -2 -2 0 -1 -2 -2 -2 -2 0 0 -1 0 -1 -1 -1 -2 -1
-0.782659183423367 -0.598768885878186 0.206347347153592 0.313864370175251 1.63994954377501 1 1 2 1 2 1 2 1 1 2 2 1 2 1 0 0 0 0 0 1 1 2 2 2 1 2 2 2 1 1 0 0 2 2 1 2 1 0 0 2 1 0 2 2 2 2 1 2 1 1 0 2 1 1 1 1 2 1 2 2 1 2 2 2 2 2 1 0 1 2 2 0 1 2 2 2 2 1 2 1 2 1 1 1 2 1 0 1 2 1 2 2 2 1 2 1 1 1 1 2 1 1 2 1 2 1 2 1 1 2 2 1 2 1 0 0 0 0 0 1 1 2 2 2 1 2 2 2 1 1 0 0 2 2 1 2 1 0 0 2 1 0 2 2 2 2 1 2 1 1 0 2 1 1 1 1 2 1 2 2 1 2 2 2 2 2 1 0 1 2 2 0 1 2 2 2 2 1 2 1 2 1 1 1 2 1 0 1 2 1 2 2 2 1 2 1 1 1 1 2 1
1.50309979379414 -2.12558314862029 -0.693281794191204 1.01774842218003 -0.996672026144022 -1 0 2 1 2 2 2 1 1 1 0 0 0 0 1 0 1 0 1 1 1 2 2 2 2 1 2 1 2 2 0 0 1 2 1 2 2 0 1 2 2 0 2 1 1 2 0 0 1 1 0 2 2 2 1 0 2 1 2 1 2 1 1 2 1 2 2 2 2 2 2 2 2 1 1 2 0 0 1 0 2 1 0 0 2 2 0 1 2 2 2 2 2 1 2 1 1 2 1 2 2 0 -2 -1 -2 -2 -2 -1 -1 -1 0 0 0 0 -1 0 -1 0 -1 -1 -1 -2 -2 -2 -2 -1 -2 -1 -2 -2 0 0 -1 -2 -1 -2 -2 0 -1 -2 -2 0 -2 -1 -1 -2 0 0 -1 -1 0 -2 -2 -2 -1 0 -2 -1 -2 -1 -2 -1 -1 -2 -1 -2 -2 -2 -2 -2 -2 -2 -2 -1 -1 -2 0 0 -1 0 -2 -1 0 0 -2 -2 0 -1 -2 -2 -2 -2 -2 -1 -2 -1 -1 -2 -1 -2 -2
-0.253679715996859 0.44210598651823 -0.125898046335061 0.3078702763829 1.27805676230313 -1 2 2 0 1 1 2 1 1 2 2 1 1 0 0 0 0 0 1 1 1 2 2 2 0 2 1 1 2 1 0 2 2 2 0 2 1 1 1 2 2 0 2 2 2 2 0 1 2 1 0 2 1 1 1 1 2 1 2 2 0 1 0 1 2 2 2 2 2 2 2 1 2 2 2 2 1 0 2 1 2 1 2 1 2 1 0 1 2 2 2 2 2 1 2 1 2 2 1 1 1 -2 -2 0 -1 -1 -2 -1 -1 -2 -2 -1 -1 0 0 0 0 0 -1 -1 -1 -2 -2 -2 0 -2 -1 -1 -2 -1 0 -2 -2 -2 0 -2 -1 -1 -1 -2 -2 0 -2 -2 -2 -2 0 -1 -2 -1 0 -2 -1 -1 -1 -1 -2 -1 -2 -2 0 -1 0 -1 -2 -2 -2 -2 -2 -2 -2 -1 -2 -2 -2 -2 -1 0 -2 -1 -2 -1 -2 -1 -2 -1 0 -1 -2 -2 -2 -2 -2 -1 -2 -1 -2 -2 -1 -1 -1
0.357091657174658 -0.620521625014858 0.283301838894518 0.673958874034531 -0.507197044327867 -1 0 2 2 2 2 2 1 0 2 1 0 1 0 1 1 1 0 1 1 2 2 2 2 1 2 2 1 2 0 0 2 1 2 1 1 1 1 2 2 2 1 2 2 2 2 1 0 1 2 1 2 2 2 2 1 1 0 2 2 2 2 2 1 2 2 2 1 2 2 2 1 2 1 1 2 2 1 2 1 2 1 2 2 2 1 1 2 2 2 2 2 0 0 1 0 0 1 1 1 1 0 -2 -2 -2 -2 -2 -1 0 -2 -1 0 -1 0 -1 -1 -1 0 -1 -1 -2 -2 -2 -2 -1 -2 -2 -1 -2 0 0 -2 -1 -2 -1 -1 -1 -1 -2 -2 -2 -1 -2 -2 -2 -2 -1 0 -1 -2 -1 -2 -2 -2 -2 -1 -1 0 -2 -2 -2 -2 -2 -1 -2 -2 -2 -1 -2 -2 -2 -1 -2 -1 -1 -2 -2 -1 -2 -1 -2 -1 -2 -2 -2 -1 -1 -2 -2 -2 -2 -2 0 0 -1 0 0 -1 -1 -1 -1
-1.75809039773981 -0.0423240173477635 0.739190245303838 -1.17580681866855 -0.0612098312856852 -1 1 2 1 2 2 2 0 0 2 1 1 1 0 0 1 1 1 0 0 2 2 2 2 2 1 2 2 2 2 0 1 2 2 0 2 2 1 0 2 2 1 2 2 2 2 1 1 2 2 0 2 1 2 2 1 2 1 2 0 0 0 1 1 2 2 2 2 2 2 2 0 0 2 2 1 1 0 2 0 2 1 2 1 2 2 0 0 2 2 2 2 1 1 2 1 2 1 1 2 0 -1 -2 -1 -2 -2 -2 0 0 -2 -1 -1 -1 0 0 -1 -1 -1 0 0 -2 -2 -2 -2 -2 -1 -2 -2 -2 -2 0 -1 -2 -2 0 -2 -2 -1 0 -2 -2 -1 -2 -2 -2 -2 -1 -1 -2 -2 0 -2 -1 -2 -2 -1 -2 -1 -2 0 0 0 -1 -1 -2 -2 -2 -2 -2 -2 -2 0 0 -2 -2 -1 -1 0 -2 0 -2 -1 -2 -1 -2 -2 0 0 -2 -2 -2 -2 -1 -1 -2 -1 -2 -1 -1 -2 0
-0.255337173257989 0.826720416987772 0.576331587970921 -0.595381941298565 1.05158215809995 -1 2 1 0 2 2 2 1 2 2 2 1 1 0 0 0 2 0 0 2 0 2 2 2 0 2 2 2 2 2 0 1 2 2 0 2 2 1 2 2 2 0 2 2 2 1 0 1 1 2 1 2 2 2 1 1 1 0 2 2 2 2 1 2 2 2 2 1 1 2 2 0 1 2 2 2 2 0 2 0 2 0 2 0 2 0 0 0 2 2 2 2 1 0 2 0 0 1 1 1 1 -2 -1 0 -2 -2 -2 -1 -2 -2 -2 -1 -1 0 0 0 -2 0 0 -2 0 -2 -2 -2 0 -2 -2 -2 -2 -2 0 -1 -2 -2 0 -2 -2 -1 -2 -2 -2 0 -2 -2 -2 -1 0 -1 -1 -2 -1 -2 -2 -2 -1 -1 -1 0 -2 -2 -2 -2 -1 -2 -2 -2 -2 -1 -1 -2 -2 0 -1 -2 -2 -2 -2 0 -2 0 -2 0 -2 0 -2 0 0 0 -2 -2 -2 -2 -1 0 -2 0 0 -1 -1 -1 -1
-1.7854878533233 0.475416021175163 -0.234410316241351 -1.98958374405578 1.16790018113417 -1 0 1 1 2 2 2 0 0 1 2 1 1 0 0 0 0 0 0 2 2 2 2 2 2 2 2 0 2 2 0 1 1 1 0 2 2 1 1 2 1 0 2 2 2 1 0 0 0 2 0 2 2 2 2 1 2 1 2 1 2 2 2 2 2 2 2 1 1 2 2 0 1 2 2 2 2 1 2 0 2 1 2 1 1 0 0 2 2 2 2 1 1 0 2 1 1 2 1 2 1 0 -1 -1 -2 -2 -2 0 0 -1 -2 -1 -1 0 0 0 0 0 0 -2 -2 -2 -2 -2 -2 -2 -2 0 -2 -2 0 -1 -1 -1 0 -2 -2 -1 -1 -2 -1 0 -2 -2 -2 -1 0 0 0 -2 0 -2 -2 -2 -2 -1 -2 -1 -2 -1 -2 -2 -2 -2 -2 -2 -2 -1 -1 -2 -2 0 -1 -2 -2 -2 -2 -1 -2 0 -2 -1 -2 -1 -1 0 0 -2 -2 -2 -2 -1 -1 0 -2 -1 -1 -2 -1 -2 -1
-1.43608514848147 0.0700486645822259 0.721566988041429 1.29628406486517 -0.213689885757921 -1 1 2 2 2 2 2 1 0 0 0 0 0 0 1 0 0 0 0 0 1 2 2 2 1 1 1 0 1 2 0 0 0 2 1 2 1 0 0 0 2 0 2 1 1 2 0 1 2 1 0 2 2 2 0 0 1 0 2 2 1 1 1 1 2 2 1 1 0 2 2 0 1 1 1 2 2 0 2 2 2 2 2 2 2 2 0 0 2 2 2 1 0 0 1 0 0 0 0 1 1 -1 -2 -2 -2 -2 -2 -1 0 0 0 0 0 0 -1 0 0 0 0 0 -1 -2 -2 -2 -1 -1 -1 0 -1 -2 0 0 0 -2 -1 -2 -1 0 0 0 -2 0 -2 -1 -1 -2 0 -1 -2 -1 0 -2 -2 -2 0 0 -1 0 -2 -2 -1 -1 -1 -1 -2 -2 -1 -1 0 -2 -2 0 -1 -1 -1 -2 -2 0 -2 -2 -2 -2 -2 -2 -2 -2 0 0 -2 -2 -2 -1 0 0 -1 0 0 0 0 -1 -1
-0.986766597710802 -0.356257268154322 1.50323490218795 -1.48421581313465 0.425791907879999 1 1 2 1 2 2 2 1 2 2 2 1 2 0 2 2 1 1 1 2 2 2 2 2 2 2 2 1 1 0 0 0 1 1 0 2 2 1 1 0 2 0 2 2 2 2 1 2 1 2 0 1 1 2 0 0 1 0 2 1 2 2 1 2 2 2 2 0 0 2 2 0 0 0 2 2 1 0 2 0 1 0 1 0 0 1 1 0 2 2 2 2 1 0 2 1 2 2 2 2 0 1 2 1 2 2 2 1 2 2 2 1 2 0 2 2 1 1 1 2 2 2 2 2 2 2 2 1 1 0 0 0 1 1 0 2 2 1 1 0 2 0 2 2 2 2 1 2 1 2 0 1 1 2 0 0 1 0 2 1 2 2 1 2 2 2 2 0 0 2 2 0 0 0 2 2 1 0 2 0 1 0 1 0 0 1 1 0 2 2 2 2 1 0 2 1 2 2 2 2 0
0.647665403096252 -0.165165842644811 -0.0634979144524082 -0.0254797204950726 -0.788275647105966 1 1 2 0 2 1 1 0 0 1 1 0 2 0 0 1 1 1 2 2 2 2 2 1 1 1 1 1 1 0 0 0 1 1 0 2 2 1 1 1 2 1 2 2 2 2 1 2 1 2 0 2 2 1 1 0 1 1 2 1 1 2 1 1 1 2 2 1 2 2 2 0 1 2 2 2 2 1 2 0 2 2 2 2 1 0 1 1 2 1 2 2 2 1 2 0 0 1 1 1 0 1 2 0 2 1 1 0 0 1 1 0 2 0 0 1 1 1 2 2 2 2 2 1 1 1 1 1 1 0 0 0 1 1 0 2 2 1 1 1 2 1 2 2 2 2 1 2 1 2 0 2 2 1 1 0 1 1 2 1 1 2 1 1 1 2 2 1 2 2 2 0 1 2 2 2 2 1 2 0 2 2 2 2 1 0 1 1 2 1 2 2 2 1 2 0 0 1 1 1 0
-1.15337433001508 -2.16877259725656 -0.0370527252394871 1.05147553087593 1.02776073746989 1 0 1 0 2 2 2 1 0 2 2 1 1 0 0 1 1 0 0 1 1 2 2 2 1 2 1 2 1 2 0 0 1 2 0 1 0 0 1 2 2 0 2 2 2 1 2 1 1 2 0 1 1 1 0 2 1 1 2 2 2 2 2 2 2 2 2 1 1 1 2 1 2 2 0 1 0 0 2 1 2 0 0 0 2 2 1 1 2 2 2 2 0 0 2 0 1 2 1 2 0 0 1 0 2 2 2 1 0 2 2 1 1 0 0 1 1 0 0 1 1 2 2 2 1 2 1 2 1 2 0 0 1 2 0 1 0 0 1 2 2 0 2 2 2 1 2 1 1 2 0 1 1 1 0 2 1 1 2 2 2 2 2 2 2 2 2 1 1 1 2 1 2 2 0 1 0 0 2 1 2 0 0 0 2 2 1 1 2 2 2 2 0 0 2 0 1 2 1 2 0
1.48056572345023 -0.878153944252109 0.107286632586591 0.492917265164525 0.775908208156871 -1 2 2 0 2 2 2 1 0 2 1 1 1 0 0 0 0 0 0 0 0 2 1 2 0 0 1 1 2 2 0 0 2 2 0 2 2 1 1 2 2 0 2 2 2 2 0 1 1 1 1 2 1 2 1 0 1 1 2 2 1 2 2 1 2 2 1 1 1 2 2 1 1 0 2 2 1 1 2 1 2 1 1 1 2 1 1 2 2 2 2 2 2 1 2 1 0 1 2 1 0 -2 -2 0 -2 -2 -2 -1 0 -2 -1 -1 -1 0 0 0 0 0 0 0 0 -2 -1 -2 0 0 -1 -1 -2 -2 0 0 -2 -2 0 -2 -2 -1 -1 -2 -2 0 -2 -2 -2 -2 0 -1 -1 -1 -1 -2 -1 -2 -1 0 -1 -1 -2 -2 -1 -2 -2 -1 -2 -2 -1 -1 -1 -2 -2 -1 -1 0 -2 -2 -1 -1 -2 -1 -2 -1 -1 -1 -2 -1 -1 -2 -2 -2 -2 -2 -2 -1 -2 -1 0 -1 -2 -1 0
1.80687332774388 -0.182715436568146 1.37749491919684 0.890400378050499 -0.674895968883127 1 1 1 1 2 2 1 0 1 1 1 0 0 0 2 2 2 0 1 1 0 2 2 2 1 2 1 1 2 2 0 1 2 2 0 2 2 2 2 1 2 1 2 2 1 1 1 0 1 1 0 2 2 2 2 1 2 0 2 1 0 2 2 2 2 2 2 1 1 2 2 0 1 2 1 2 1 1 2 1 2 1 1 0 2 1 0 0 2 1 1 2 0 0 2 0 1 2 1 2 0 1 1 1 2 2 1 0 1 1 1 0 0 0 2 2 2 0 1 1 0 2 2 2 1 2 1 1 2 2 0 1 2 2 0 2 2 2 2 1 2 1 2 2 1 1 1 0 1 1 0 2 2 2 2 1 2 0 2 1 0 2 2 2 2 2 2 1 1 2 2 0 1 2 1 2 1 1 2 1 2 1 1 0 2 1 0 0 2 1 1 2 0 0 2 0 1 2 1 2 0
1.3423670348299 -0.102000287518246 1.25731546193215 2.0686807786353 -1.56505227780511 1 2 2 2 2 2 2 1 2 1 0 0 1 0 0 1 0 0 0 0 2 2 2 2 1 2 1 0 2 1 0 1 1 1 0 2 2 1 1 2 2 0 2 1 1 2 0 0 0 1 0 2 2 2 2 1 1 0 2 1 1 2 2 1 2 2 2 0 1 2 2 0 2 2 2 2 2 0 2 1 2 1 1 1 2 1 1 2 2 2 2 2 0 0 2 2 1 1 1 1 1 2 2 2 2 2 2 1 2 1 0 0 1 0 0 1 0 0 0 0 2 2 2 2 1 2 1 0 2 1 0 1 1 1 0 2 2 1 1 2 2 0 2 1 1 2 0 0 0 1 0 2 2 2 2 1 1 0 2 1 1 2 2 1 2 2 2 0 1 2 2 0 2 2 2 2 2 0 2 1 2 1 1 1 2 1 1 2 2 2 2 2 0 0 2 2 1 1 1 1 1
0.6344589259037 -1.86188798606605 -0.453889166382278 2.27705878607119 -0.991720662026649 -1 0 2 0 2 2 2 2 1 1 2 2 2 0 0 0 1 0 0 2 2 2 2 2 2 2 2 2 2 1 0 1 2 2 0 2 2 2 2 2 2 1 2 2 2 2 1 2 2 2 0 2 2 2 1 0 1 2 2 2 2 2 1 2 2 2 2 2 2 2 2 1 1 2 0 1 1 0 2 0 2 0 2 1 1 1 0 1 2 1 2 1 1 0 2 1 1 1 1 1 0 0 -2 0 -2 -2 -2 -2 -1 -1 -2 -2 -2 0 0 0 -1 0 0 -2 -2 -2 -2 -2 -2 -2 -2 -2 -2 -1 0 -1 -2 -2 0 -2 -2 -2 -2 -2 -2 -1 -2 -2 -2 -2 -1 -2 -2 -2 0 -2 -2 -2 -1 0 -1 -2 -2 -2 -2 -2 -1 -2 -2 -2 -2 -2 -2 -2 -2 -1 -1 -2 0 -1 -1 0 -2 0 -2 0 -2 -1 -1 -1 0 -1 -2 -1 -2 -1 -1 0 -2 -1 -1 -1 -1 -1 0
-1.44000683858877 -0.194740143241823 0.0199844547432679 1.04279090732297 0.176577587047114 -1 2 1 0 2 2 1 2 2 2 2 0 0 0 1 0 0 0 1 2 2 2 2 2 1 2 2 1 2 1 0 1 1 1 1 2 2 0 1 1 2 0 1 2 2 2 0 2 0 2 0 2 2 2 2 2 2 2 2 2 1 1 1 2 2 2 2 1 2 2 2 0 1 1 0 2 1 0 1 0 2 0 1 0 2 1 0 1 2 2 2 2 0 0 2 1 1 1 1 1 0 -2 -1 0 -2 -2 -1 -2 -2 -2 -2 0 0 0 -1 0 0 0 -1 -2 -2 -2 -2 -2 -1 -2 -2 -1 -2 -1 0 -1 -1 -1 -1 -2 -2 0 -1 -1 -2 0 -1 -2 -2 -2 0 -2 0 -2 0 -2 -2 -2 -2 -2 -2 -2 -2 -2 -1 -1 -1 -2 -2 -2 -2 -1 -2 -2 -2 0 -1 -1 0 -2 -1 0 -1 0 -2 0 -1 0 -2 -1 0 -1 -2 -2 -2 -2 0 0 -2 -1 -1 -1 -1 -1 0
0.366754766563525 0.747406323531155 -1.24726524327411 -0.179427658913371 0.326705899853979 -1 0 2 1 2 2 2 1 2 2 2 2 2 0 1 2 0 0 1 1 0 2 2 2 1 2 2 2 2 1 0 1 2 2 1 2 1 1 2 2 2 1 2 2 2 2 0 0 1 1 0 2 1 2 2 1 2 1 2 2 1 2 2 2 2 2 1 1 2 2 2 2 1 1 2 1 1 0 2 0 2 1 0 0 2 1 2 2 2 2 2 2 0 0 1 0 1 2 2 2 2 0 -2 -1 -2 -2 -2 -1 -2 -2 -2 -2 -2 0 -1 -2 0 0 -1 -1 0 -2 -2 -2 -1 -2 -2 -2 -2 -1 0 -1 -2 -2 -1 -2 -1 -1 -2 -2 -2 -1 -2 -2 -2 -2 0 0 -1 -1 0 -2 -1 -2 -2 -1 -2 -1 -2 -2 -1 -2 -2 -2 -2 -2 -1 -1 -2 -2 -2 -2 -1 -1 -2 -1 -1 0 -2 0 -2 -1 0 0 -2 -1 -2 -2 -2 -2 -2 -2 0 0 -1 0 -1 -2 -2 -2 -2
1.04308980687076 -1.06105191311481 -0.0819414894538222 2.57218875045732 0.419361234206784 -1 0 2 1 2 2 2 1 1 2 2 1 2 0 2 2 1 0 1 1 1 2 2 2 0 2 2 1 1 1 0 0 1 2 1 2 2 1 2 2 2 1 2 2 2 2 1 2 0 2 0 1 1 2 2 1 1 0 2 1 2 2 2 2 2 2 2 0 0 1 2 0 0 1 0 1 2 1 2 0 2 1 1 1 2 2 2 2 2 1 2 1 1 0 2 0 1 2 1 1 1 0 -2 -1 -2 -2 -2 -1 -1 -2 -2 -1 -2 0 -2 -2 -1 0 -1 -1 -1 -2 -2 -2 0 -2 -2 -1 -1 -1 0 0 -1 -2 -1 -2 -2 -1 -2 -2 -2 -1 -2 -2 -2 -2 -1 -2 0 -2 0 -1 -1 -2 -2 -1 -1 0 -2 -1 -2 -2 -2 -2 -2 -2 -2 0 0 -1 -2 0 0 -1 0 -1 -2 -1 -2 0 -2 -1 -1 -1 -2 -2 -2 -2 -2 -1 -2 -1 -1 0 -2 0 -1 -2 -1 -1 -1
-0.400151113143041 0.0770511577477013 -1.45414201320642 -0.137868382009965 0.260527380693199 1 1 2 1 1 2 2 1 2 2 2 0 2 0 2 1 1 1 1 1 1 2 2 1 1 2 1 2 2 0 0 0 0 1 0 2 2 2 2 0 2 1 2 2 2 2 0 0 2 2 1 2 2 2 2 0 1 1 2 1 0 1 2 2 2 2 0 1 1 2 2 0 1 2 2 2 0 0 2 0 2 2 2 1 1 0 1 1 2 2 1 1 1 0 1 0 0 1 2 2 0 1 2 1 1 2 2 1 2 2 2 0 2 0 2 1 1 1 1 1 1 2 2 1 1 2 1 2 2 0 0 0 0 1 0 2 2 2 2 0 2 1 2 2 2 2 0 0 2 2 1 2 2 2 2 0 1 1 2 1 0 1 2 2 2 2 0 1 1 2 2 0 1 2 2 2 0 0 2 0 2 2 2 1 1 0 1 1 2 2 1 1 1 0 1 0 0 1 2 2 0
0.116482064503285 0.356332630191124 1.57592860122022 2.21639131135595 -0.156253798353085 1 1 2 2 2 2 2 1 1 1 2 1 1 0 1 1 1 1 1 2 1 2 2 1 0 1 2 2 2 0 0 1 2 2 0 2 2 2 2 1 2 2 2 2 2 1 0 0 1 2 0 1 1 1 2 2 0 0 2 0 0 1 2 2 2 2 2 0 0 2 2 0 1 2 2 2 2 0 2 0 2 0 0 1 2 2 0 0 2 2 2 2 2 1 2 1 1 1 2 1 2 1 2 2 2 2 2 1 1 1 2 1 1 0 1 1 1 1 1 2 1 2 2 1 0 1 2 2 2 0 0 1 2 2 0 2 2 2 2 1 2 2 2 2 2 1 0 0 1 2 0 1 1 1 2 2 0 0 2 0 0 1 2 2 2 2 2 0 0 2 2 0 1 2 2 2 2 0 2 0 2 0 0 1 2 2 0 0 2 2 2 2 2 1 2 1 1 1 2 1 2
-0.51983217787705 1.2852994623863 -0.208363322156748 -0.513904514633774 0.425390416760889 -1 0 1 0 1 1 1 1 2 1 0 0 1 0 0 0 1 0 0 0 1 2 2 2 1 1 1 1 2 2 0 1 2 2 1 1 2 1 1 1 1 0 1 2 2 2 1 1 0 2 0 2 2 2 2 2 2 1 2 1 0 2 2 1 2 2 2 1 1 2 2 0 2 2 2 1 1 1 2 0 2 1 1 1 2 1 1 2 2 2 2 2 1 0 2 0 0 1 2 2 1 0 -1 0 -1 -1 -1 -1 -2 -1 0 0 -1 0 0 0 -1 0 0 0 -1 -2 -2 -2 -1 -1 -1 -1 -2 -2 0 -1 -2 -2 -1 -1 -2 -1 -1 -1 -1 0 -1 -2 -2 -2 -1 -1 0 -2 0 -2 -2 -2 -2 -2 -2 -1 -2 -1 0 -2 -2 -1 -2 -2 -2 -1 -1 -2 -2 0 -2 -2 -2 -1 -1 -1 -2 0 -2 -1 -1 -1 -2 -1 -1 -2 -2 -2 -2 -2 -1 0 -2 0 0 -1 -2 -2 -1
0.203657855010216 0.385880751392672 -0.67032606911425 0.814866212680909 -0.204375698408642 1 1 2 1 2 2 2 2 1 2 0 0 2 1 0 0 1 0 0 1 1 2 2 2 2 2 1 2 2 2 0 0 1 2 0 1 1 1 0 2 2 1 1 2 1 2 0 2 1 1 0 2 2 2 2 2 2 1 2 1 0 2 2 2 2 2 2 0 1 2 1 0 1 2 2 1 2 1 2 0 2 0 0 0 2 2 1 2 2 1 2 2 2 0 2 0 1 2 2 1 2 1 2 1 2 2 2 2 1 2 0 0 2 1 0 0 1 0 0 1 1 2 2 2 2 2 1 2 2 2 0 0 1 2 0 1 1 1 0 2 2 1 1 2 1 2 0 2 1 1 0 2 2 2 2 2 2 1 2 1 0 2 2 2 2 2 2 0 1 2 1 0 1 2 2 1 2 1 2 0 2 0 0 0 2 2 1 2 2 1 2 2 2 0 2 0 1 2 2 1 2
0.856144532042527 -0.0486018595540949 1.68988138610226 2.49703880913561 0.57417161149924 -1 1 2 2 2 2 2 0 0 1 1 0 2 1 0 1 1 0 1 1 2 2 2 2 2 2 2 2 2 2 0 2 2 2 1 2 2 0 2 2 2 0 2 2 1 0 0 1 1 1 0 2 2 2 2 0 2 2 2 1 0 1 1 2 2 2 2 1 1 2 2 0 2 1 1 1 0 0 2 0 2 1 2 1 2 1 0 0 2 1 2 2 2 1 2 1 2 2 1 1 0 -1 -2 -2 -2 -2 -2 0 0 -1 -1 0 -2 -1 0 -1 -1 0 -1 -1 -2 -2 -2 -2 -2 -2 -2 -2 -2 -2 0 -2 -2 -2 -1 -2 -2 0 -2 -2 -2 0 -2 -2 -1 0 0 -1 -1 -1 0 -2 -2 -2 -2 0 -2 -2 -2 -1 0 -1 -1 -2 -2 -2 -2 -1 -1 -2 -2 0 -2 -1 -1 -1 0 0 -2 0 -2 -1 -2 -1 -2 -1 0 0 -2 -1 -2 -2 -2 -1 -2 -1 -2 -2 -1 -1 0
-0.751722739230344 0.0257513316645722 -0.699912044848977 1.16289024003607 1.20815069280296 -1 2 2 0 2 2 2 2 1 1 2 1 1 0 1 1 1 1 2 2 2 2 2 1 0 2 1 1 2 1 0 0 2 2 0 1 2 0 1 2 2 0 1 1 0 0 0 1 0 1 0 2 2 2 0 0 1 1 2 1 0 1 0 2 2 2 2 2 2 2 2 0 2 1 2 1 1 0 1 0 1 0 1 0 0 0 1 1 2 2 1 2 1 0 2 1 2 2 0 1 1 -2 -2 0 -2 -2 -2 -2 -1 -1 -2 -1 -1 0 -1 -1 -1 -1 -2 -2 -2 -2 -2 -1 0 -2 -1 -1 -2 -1 0 0 -2 -2 0 -1 -2 0 -1 -2 -2 0 -1 -1 0 0 0 -1 0 -1 0 -2 -2 -2 0 0 -1 -1 -2 -1 0 -1 0 -2 -2 -2 -2 -2 -2 -2 -2 0 -2 -1 -2 -1 -1 0 -1 0 -1 0 -1 0 0 0 -1 -1 -2 -2 -1 -2 -1 0 -2 -1 -2 -2 0 -1 -1
-0.370065862868104 0.698489724089909 -0.209836418627221 -0.00990083578657448 0.53197360511323 -1 1 2 1 2 1 2 1 1 2 2 1 1 0 1 1 1 1 0 1 1 2 2 2 0 2 1 2 2 1 0 2 2 2 1 2 2 1 1 2 2 2 1 1 1 2 0 0 1 2 1 2 1 2 2 1 2 0 2 2 1 2 1 2 2 2 1 1 2 2 2 0 2 2 2 2 1 0 2 0 2 1 1 0 2 2 0 1 1 2 2 1 0 1 2 1 1 1 0 0 0 -1 -2 -1 -2 -1 -2 -1 -1 -2 -2 -1 -1 0 -1 -1 -1 -1 0 -1 -1 -2 -2 -2 0 -2 -1 -2 -2 -1 0 -2 -2 -2 -1 -2 -2 -1 -1 -2 -2 -2 -1 -1 -1 -2 0 0 -1 -2 -1 -2 -1 -2 -2 -1 -2 0 -2 -2 -1 -2 -1 -2 -2 -2 -1 -1 -2 -2 -2 0 -2 -2 -2 -2 -1 0 -2 0 -2 -1 -1 0 -2 -2 0 -1 -1 -2 -2 -1 0 -1 -2 -1 -1 -1 0 0 0
0.58975350468523 -0.125805307148132 -0.283043382887305 2.0339917952171 -1.58606291198587 1 1 1 0 2 2 2 2 2 2 2 1 1 1 0 1 1 0 0 1 1 2 2 1 1 1 1 0 1 1 0 0 0 1 1 2 2 1 1 2 2 0 1 2 2 2 0 0 1 2 0 1 1 1 1 0 1 1 2 0 0 1 1 1 2 1 2 1 1 1 2 0 2 1 1 1 0 1 2 1 2 1 2 2 2 2 0 1 1 1 1 1 1 0 1 0 1 2 2 2 2 1 1 0 2 2 2 2 2 2 2 1 1 1 0 1 1 0 0 1 1 2 2 1 1 1 1 0 1 1 0 0 0 1 1 2 2 1 1 2 2 0 1 2 2 2 0 0 1 2 0 1 1 1 1 0 1 1 2 0 0 1 1 1 2 1 2 1 1 1 2 0 2 1 1 1 0 1 2 1 2 1 2 2 2 2 0 1 1 1 1 1 1 0 1 0 1 2 2 2 2
-0.588437497581396 -0.692950025133932 0.73446587702381 -0.574953441113319 0.578898621914959 1 1 1 0 2 2 2 1 0 1 0 0 2 0 1 1 1 1 1 2 1 2 2 2 1 2 2 2 2 1 0 0 1 2 1 2 2 2 1 1 1 0 1 1 1 1 0 0 1 2 0 2 2 2 2 1 1 0 2 1 1 1 0 2 2 2 1 1 0 1 2 0 0 1 1 2 2 0 2 1 2 2 2 1 2 2 0 0 2 1 1 2 0 0 2 0 1 1 1 1 0 1 1 0 2 2 2 1 0 1 0 0 2 0 1 1 1 1 1 2 1 2 2 2 1 2 2 2 2 1 0 0 1 2 1 2 2 2 1 1 1 0 1 1 1 1 0 0 1 2 0 2 2 2 2 1 1 0 2 1 1 1 0 2 2 2 1 1 0 1 2 0 0 1 1 2 2 0 2 1 2 2 2 1 2 2 0 0 2 1 1 2 0 0 2 0 1 1 1 1 0
1.76660184683182 1.16770065149133 -0.656446265649699 0.0428907599783823 0.122302752852101 -1 2 2 1 2 2 2 0 1 2 2 0 1 0 1 0 0 0 0 0 1 2 2 2 2 2 2 1 1 0 0 0 1 0 0 1 2 1 1 1 2 0 2 2 2 2 0 2 0 2 0 0 0 2 2 0 2 1 2 1 0 2 2 1 2 2 1 0 0 1 2 0 1 2 0 2 2 1 2 0 2 2 2 1 2 2 0 0 2 1 1 2 0 0 0 0 2 2 2 2 1 -2 -2 -1 -2 -2 -2 0 -1 -2 -2 0 -1 0 -1 0 0 0 0 0 -1 -2 -2 -2 -2 -2 -2 -1 -1 0 0 0 -1 0 0 -1 -2 -1 -1 -1 -2 0 -2 -2 -2 -2 0 -2 0 -2 0 0 0 -2 -2 0 -2 -1 -2 -1 0 -2 -2 -1 -2 -2 -1 0 0 -1 -2 0 -1 -2 0 -2 -2 -1 -2 0 -2 -2 -2 -1 -2 -2 0 0 -2 -1 -1 -2 0 0 0 0 -2 -2 -2 -2 -1
-0.117863974652664 0.232529819541152 -0.312348301915216 -0.223485597225675 1.46412139794123 1 2 2 1 2 2 2 1 1 1 1 0 2 0 0 0 2 1 1 1 2 2 2 1 1 0 0 1 1 1 0 0 0 0 1 2 1 0 1 2 1 0 2 2 2 1 0 1 1 1 0 2 2 2 2 1 0 0 1 1 0 0 1 2 2 2 1 0 1 2 2 1 2 2 2 2 1 0 2 1 2 2 2 1 1 1 1 1 2 2 2 2 2 0 2 1 2 2 1 0 0 2 2 1 2 2 2 1 1 1 1 0 2 0 0 0 2 1 1 1 2 2 2 1 1 0 0 1 1 1 0 0 0 0 1 2 1 0 1 2 1 0 2 2 2 1 0 1 1 1 0 2 2 2 2 1 0 0 1 1 0 0 1 2 2 2 1 0 1 2 2 1 2 2 2 2 1 0 2 1 2 2 2 1 1 1 1 1 2 2 2 2 2 0 2 1 2 2 1 0 0
1.30922561095485 1.21875732602249 -1.26375138959696 1.06612307856296 -0.766000698733449 -1 1 2 0 1 1 1 0 0 1 1 1 2 1 1 1 1 0 1 0 0 2 2 2 2 2 2 2 2 1 0 0 1 2 1 2 2 1 1 1 2 0 2 2 2 2 0 2 2 2 0 2 2 2 2 1 2 1 2 0 1 2 2 2 2 2 2 2 1 2 2 1 0 2 2 2 1 0 2 0 2 0 0 0 2 1 0 0 2 2 2 2 2 2 2 0 0 0 0 1 0 -1 -2 0 -1 -1 -1 0 0 -1 -1 -1 -2 -1 -1 -1 -1 0 -1 0 0 -2 -2 -2 -2 -2 -2 -2 -2 -1 0 0 -1 -2 -1 -2 -2 -1 -1 -1 -2 0 -2 -2 -2 -2 0 -2 -2 -2 0 -2 -2 -2 -2 -1 -2 -1 -2 0 -1 -2 -2 -2 -2 -2 -2 -2 -1 -2 -2 -1 0 -2 -2 -2 -1 0 -2 0 -2 0 0 0 -2 -1 0 0 -2 -2 -2 -2 -2 -2 -2 0 0 0 0 -1 0
1.48656378621511 -0.554376746333339 0.180937334806548 1.47588662343501 -0.571456708044002 -1 1 2 1 2 2 1 1 0 2 2 2 2 0 0 0 0 0 0 1 1 2 2 1 1 2 2 2 2 1 0 0 2 2 1 2 1 1 2 2 1 0 1 1 1 1 0 2 1 1 0 2 2 2 2 1 2 2 2 2 1 2 2 2 2 2 2 2 2 2 1 1 2 2 1 0 0 1 2 1 2 0 1 0 2 1 0 0 2 1 1 1 0 0 2 0 0 0 1 1 0 -1 -2 -1 -2 -2 -1 -1 0 -2 -2 -2 -2 0 0 0 0 0 0 -1 -1 -2 -2 -1 -1 -2 -2 -2 -2 -1 0 0 -2 -2 -1 -2 -1 -1 -2 -2 -1 0 -1 -1 -1 -1 0 -2 -1 -1 0 -2 -2 -2 -2 -1 -2 -2 -2 -2 -1 -2 -2 -2 -2 -2 -2 -2 -2 -2 -1 -1 -2 -2 -1 0 0 -1 -2 -1 -2 0 -1 0 -2 -1 0 0 -2 -1 -1 -1 0 0 -2 0 0 0 -1 -1 0
-0.718114084186984 0.526099267734803 1.38443181913553 -0.45956194416153 -0.945240718771845 -1 0 1 0 1 1 2 1 1 1 1 1 1 1 2 1 2 0 1 1 1 2 2 2 2 2 1 1 2 1 0 1 2 2 1 2 2 2 1 2 2 0 1 1 1 2 0 0 0 1 1 2 2 2 2 2 1 0 2 0 0 1 0 0 1 2 1 0 0 2 2 0 0 2 2 2 1 0 2 0 2 1 2 0 1 2 1 2 2 2 2 2 2 0 1 0 1 2 2 2 1 0 -1 0 -1 -1 -2 -1 -1 -1 -1 -1 -1 -1 -2 -1 -2 0 -1 -1 -1 -2 -2 -2 -2 -2 -1 -1 -2 -1 0 -1 -2 -2 -1 -2 -2 -2 -1 -2 -2 0 -1 -1 -1 -2 0 0 0 -1 -1 -2 -2 -2 -2 -2 -1 0 -2 0 0 -1 0 0 -1 -2 -1 0 0 -2 -2 0 0 -2 -2 -2 -1 0 -2 0 -2 -1 -2 0 -1 -2 -1 -2 -2 -2 -2 -2 -2 0 -1 0 -1 -2 -2 -2 -1
0.581412390600668 0.997292396571322 -0.974105309864201 -0.0172180538169888 0.318715780394265 -1 0 1 1 2 2 2 2 1 1 1 1 1 0 1 1 1 0 1 1 0 2 2 2 2 2 1 1 2 2 0 1 2 2 0 2 2 1 2 2 1 1 2 2 1 1 1 1 2 2 0 1 1 2 1 0 1 2 2 2 2 2 2 1 2 2 1 1 1 2 2 1 1 0 1 1 1 0 2 0 2 1 2 1 1 2 0 0 2 1 2 2 1 1 2 0 1 1 1 0 0 0 -1 -1 -2 -2 -2 -2 -1 -1 -1 -1 -1 0 -1 -1 -1 0 -1 -1 0 -2 -2 -2 -2 -2 -1 -1 -2 -2 0 -1 -2 -2 0 -2 -2 -1 -2 -2 -1 -1 -2 -2 -1 -1 -1 -1 -2 -2 0 -1 -1 -2 -1 0 -1 -2 -2 -2 -2 -2 -2 -1 -2 -2 -1 -1 -1 -2 -2 -1 -1 0 -1 -1 -1 0 -2 0 -2 -1 -2 -1 -1 -2 0 0 -2 -1 -2 -2 -1 -1 -2 0 -1 -1 -1 0 0
1.22660255172591 1.92801585729095 -1.29358297908399 -0.0690329421512373 0.958996007745966 -1 1 1 0 2 2 2 1 0 2 0 1 1 0 0 0 1 0 0 2 2 2 2 2 2 1 1 1 2 1 0 0 1 2 1 2 1 1 1 1 0 0 1 2 1 1 0 1 2 2 1 2 2 2 2 2 2 1 2 2 0 2 1 1 2 1 2 2 2 2 2 1 2 2 2 2 2 0 2 1 2 1 2 1 2 2 1 2 2 2 2 2 1 0 2 1 0 1 2 2 0 -1 -1 0 -2 -2 -2 -1 0 -2 0 -1 -1 0 0 0 -1 0 0 -2 -2 -2 -2 -2 -2 -1 -1 -1 -2 -1 0 0 -1 -2 -1 -2 -1 -1 -1 -1 0 0 -1 -2 -1 -1 0 -1 -2 -2 -1 -2 -2 -2 -2 -2 -2 -1 -2 -2 0 -2 -1 -1 -2 -1 -2 -2 -2 -2 -2 -1 -2 -2 -2 -2 -2 0 -2 -1 -2 -1 -2 -1 -2 -2 -1 -2 -2 -2 -2 -2 -1 0 -2 -1 0 -1 -2 -2 0
0.0276010773711663 -0.000904194909733018 0.0418388757773179 -0.899035084737994 0.718377096150324 -1 1 2 1 2 2 2 0 0 1 1 0 1 0 2 0 0 0 0 1 1 2 2 2 0 2 1 2 2 2 0 2 2 2 0 2 2 0 1 2 2 0 1 1 1 1 0 0 2 2 0 2 1 2 2 1 1 1 2 0 1 2 1 1 2 2 1 2 1 2 2 1 1 2 1 1 1 0 2 1 2 0 0 1 2 2 0 2 2 2 2 2 2 0 2 1 2 2 0 1 0 -1 -2 -1 -2 -2 -2 0 0 -1 -1 0 -1 0 -2 0 0 0 0 -1 -1 -2 -2 -2 0 -2 -1 -2 -2 -2 0 -2 -2 -2 0 -2 -2 0 -1 -2 -2 0 -1 -1 -1 -1 0 0 -2 -2 0 -2 -1 -2 -2 -1 -1 -1 -2 0 -1 -2 -1 -1 -2 -2 -1 -2 -1 -2 -2 -1 -1 -2 -1 -1 -1 0 -2 -1 -2 0 0 -1 -2 -2 0 -2 -2 -2 -2 -2 -2 0 -2 -1 -2 -2 0 -1 0
2.25657655780735 1.17286962490331 0.240550832368208 0.193469828784517 -0.536167028916439 1 1 2 1 2 1 1 0 1 2 2 1 2 1 2 2 2 1 2 1 2 2 2 2 2 2 1 2 2 2 0 0 2 2 1 2 1 2 1 1 1 0 2 2 2 1 0 1 0 1 0 2 1 1 2 1 1 1 2 1 1 2 2 2 2 2 1 1 0 2 2 0 1 1 1 1 1 2 2 0 2 1 1 0 2 1 1 2 2 2 2 1 2 1 2 1 1 2 1 2 1 1 2 1 2 1 1 0 1 2 2 1 2 1 2 2 2 1 2 1 2 2 2 2 2 2 1 2 2 2 0 0 2 2 1 2 1 2 1 1 1 0 2 2 2 1 0 1 0 1 0 2 1 1 2 1 1 1 2 1 1 2 2 2 2 2 1 1 0 2 2 0 1 1 1 1 1 2 2 0 2 1 1 0 2 1 1 2 2 2 2 1 2 1 2 1 1 2 1 2 1
-0.450295895212054 0.312816198973831 0.217862213082522 0.610789742509205 0.79802314016461 -1 1 2 1 2 1 2 1 0 2 2 0 1 0 1 1 1 0 2 2 1 2 2 2 1 1 1 1 2 1 0 1 2 2 1 2 2 0 1 1 2 0 2 2 2 2 1 1 2 2 0 2 2 2 2 0 0 0 1 1 1 1 1 2 2 2 2 1 1 2 2 1 1 2 1 2 1 0 2 0 2 0 1 1 2 0 2 2 2 2 2 1 1 1 2 1 1 1 0 1 0 -1 -2 -1 -2 -1 -2 -1 0 -2 -2 0 -1 0 -1 -1 -1 0 -2 -2 -1 -2 -2 -2 -1 -1 -1 -1 -2 -1 0 -1 -2 -2 -1 -2 -2 0 -1 -1 -2 0 -2 -2 -2 -2 -1 -1 -2 -2 0 -2 -2 -2 -2 0 0 0 -1 -1 -1 -1 -1 -2 -2 -2 -2 -1 -1 -2 -2 -1 -1 -2 -1 -2 -1 0 -2 0 -2 0 -1 -1 -2 0 -2 -2 -2 -2 -2 -1 -1 -1 -2 -1 -1 -1 0 -1 0
1.31211362933779 -0.0543104551882271 1.08358573324508 -0.152715522667431 0.214509871899556 1 1 2 1 2 2 2 1 0 1 1 0 0 0 1 2 1 1 1 1 1 2 2 2 1 2 2 1 2 1 0 1 1 2 0 2 1 1 1 1 2 1 2 2 0 1 0 0 2 2 1 2 2 2 2 0 1 1 2 1 1 2 2 2 2 2 2 1 1 2 2 0 2 2 1 2 0 0 2 1 2 2 2 1 1 0 0 2 2 1 1 2 0 0 2 0 2 2 2 2 2 1 2 1 2 2 2 1 0 1 1 0 0 0 1 2 1 1 1 1 1 2 2 2 1 2 2 1 2 1 0 1 1 2 0 2 1 1 1 1 2 1 2 2 0 1 0 0 2 2 1 2 2 2 2 0 1 1 2 1 1 2 2 2 2 2 2 1 1 2 2 0 2 2 1 2 0 0 2 1 2 2 2 1 1 0 0 2 2 1 1 2 0 0 2 0 2 2 2 2 2
1.70959517169129 -0.141340177087966 -0.847579532852577 -0.780581630245371 -0.480279348847581 1 1 2 1 2 1 2 0 1 2 2 0 1 0 1 0 1 0 0 1 1 2 2 2 1 2 1 2 2 1 0 1 1 2 1 2 2 1 1 1 1 1 2 2 2 2 0 0 1 2 0 1 1 2 2 1 2 1 2 1 0 2 2 2 2 2 2 2 2 1 2 0 2 2 2 2 2 0 2 0 2 1 1 1 2 2 1 2 2 2 2 2 2 1 2 1 1 2 2 1 0 1 2 1 2 1 2 0 1 2 2 0 1 0 1 0 1 0 0 1 1 2 2 2 1 2 1 2 2 1 0 1 1 2 1 2 2 1 1 1 1 1 2 2 2 2 0 0 1 2 0 1 1 2 2 1 2 1 2 1 0 2 2 2 2 2 2 2 2 1 2 0 2 2 2 2 2 0 2 0 2 1 1 1 2 2 1 2 2 2 2 2 2 1 2 1 1 2 2 1 0
-0.231618401669489 -0.609109053478021 -0.793810984850496 0.653250473628713 0.474991077186107 1 2 2 0 1 2 2 1 1 1 1 0 1 0 1 2 1 0 0 1 2 2 2 2 2 2 2 1 2 1 0 2 1 0 0 2 2 0 0 1 1 0 1 1 2 2 0 1 1 2 0 2 2 2 2 1 0 1 2 1 0 1 0 1 2 2 0 0 0 1 2 0 1 1 1 1 0 0 2 1 2 0 1 0 1 0 0 1 2 1 2 2 2 0 2 1 1 1 1 1 0 2 2 0 1 2 2 1 1 1 1 0 1 0 1 2 1 0 0 1 2 2 2 2 2 2 2 1 2 1 0 2 1 0 0 2 2 0 0 1 1 0 1 1 2 2 0 1 1 2 0 2 2 2 2 1 0 1 2 1 0 1 0 1 2 2 0 0 0 1 2 0 1 1 1 1 0 0 2 1 2 0 1 0 1 0 0 1 2 1 2 2 2 0 2 1 1 1 1 1 0
0.444782475889969 -0.569202242644143 1.11174837919707 -1.03676273671051 -0.521181442308206 -1 2 2 1 2 1 2 1 0 0 0 0 2 0 0 1 1 0 1 2 1 2 2 2 0 2 1 2 2 1 0 1 2 2 1 2 0 1 1 2 2 0 2 2 1 1 0 1 0 1 0 2 1 2 2 0 2 2 2 2 1 2 2 2 2 2 1 1 1 2 2 1 2 2 2 2 2 1 2 2 2 1 1 0 1 1 1 2 2 2 1 2 1 1 2 0 0 1 1 1 0 -2 -2 -1 -2 -1 -2 -1 0 0 0 0 -2 0 0 -1 -1 0 -1 -2 -1 -2 -2 -2 0 -2 -1 -2 -2 -1 0 -1 -2 -2 -1 -2 0 -1 -1 -2 -2 0 -2 -2 -1 -1 0 -1 0 -1 0 -2 -1 -2 -2 0 -2 -2 -2 -2 -1 -2 -2 -2 -2 -2 -1 -1 -1 -2 -2 -1 -2 -2 -2 -2 -2 -1 -2 -2 -2 -1 -1 0 -1 -1 -1 -2 -2 -2 -1 -2 -1 -1 -2 0 0 -1 -1 -1 0
0.147537783364505 -0.99634679897526 -0.241338001686921 0.790805643292028 0.921322952745417 1 1 1 0 1 1 1 1 1 2 2 0 2 0 1 0 0 0 0 1 2 2 2 2 0 1 1 2 2 1 0 1 1 1 0 2 2 1 1 2 1 0 2 2 1 0 0 1 2 2 0 2 2 2 2 1 1 1 2 0 1 2 1 2 2 2 1 0 2 2 2 0 0 1 2 2 2 0 2 1 2 1 2 1 1 1 0 2 2 1 2 2 1 0 2 0 1 1 1 0 0 1 1 0 1 1 1 1 1 2 2 0 2 0 1 0 0 0 0 1 2 2 2 2 0 1 1 2 2 1 0 1 1 1 0 2 2 1 1 2 1 0 2 2 1 0 0 1 2 2 0 2 2 2 2 1 1 1 2 0 1 2 1 2 2 2 1 0 2 2 2 0 0 1 2 2 2 0 2 1 2 1 2 1 1 1 0 2 2 1 2 2 1 0 2 0 1 1 1 0 0
1.89665814133452 1.10023599358819 1.31131833725804 -0.888383536635951 -1.44516542830196 -1 1 2 1 2 2 2 2 1 2 2 1 2 0 1 0 0 0 1 1 1 2 2 2 2 2 2 2 2 2 1 2 1 2 2 2 1 1 1 1 2 1 2 2 1 2 1 2 1 1 0 2 2 2 2 0 2 0 2 2 2 2 2 2 2 2 2 1 0 2 2 0 2 2 1 2 2 0 2 0 2 0 1 1 1 1 1 1 2 2 1 1 1 0 2 1 1 2 0 1 1 -1 -2 -1 -2 -2 -2 -2 -1 -2 -2 -1 -2 0 -1 0 0 0 -1 -1 -1 -2 -2 -2 -2 -2 -2 -2 -2 -2 -1 -2 -1 -2 -2 -2 -1 -1 -1 -1 -2 -1 -2 -2 -1 -2 -1 -2 -1 -1 0 -2 -2 -2 -2 0 -2 0 -2 -2 -2 -2 -2 -2 -2 -2 -2 -1 0 -2 -2 0 -2 -2 -1 -2 -2 0 -2 0 -2 0 -1 -1 -1 -1 -1 -1 -2 -2 -1 -1 -1 0 -2 -1 -1 -2 0 -1 -1
1.58514259242986 -0.646099014624059 1.00842259266557 0.449290732724667 0.0979574402938021 1 1 2 0 1 1 2 2 1 1 1 1 1 0 0 0 0 0 0 1 1 2 2 2 1 2 2 2 2 2 0 0 2 2 2 2 2 1 2 2 2 1 2 2 1 1 0 0 2 2 0 2 2 2 2 0 2 1 2 1 0 2 2 1 2 2 2 1 1 2 2 2 2 2 1 2 1 0 2 1 2 1 1 0 2 1 0 1 2 2 2 2 0 0 2 0 0 0 0 1 0 1 2 0 1 1 2 2 1 1 1 1 1 0 0 0 0 0 0 1 1 2 2 2 1 2 2 2 2 2 0 0 2 2 2 2 2 1 2 2 2 1 2 2 1 1 0 0 2 2 0 2 2 2 2 0 2 1 2 1 0 2 2 1 2 2 2 1 1 2 2 2 2 2 1 2 1 0 2 1 2 1 1 0 2 1 0 1 2 2 2 2 0 0 2 0 0 0 0 1 0
-1.01749632625302 0.394937834741984 0.853781301288813 1.54309214295119 -1.34861081190083 1 1 2 1 2 2 2 1 1 2 1 1 2 0 1 0 1 0 0 0 1 2 2 1 1 2 1 0 2 1 0 0 1 1 0 2 1 0 0 1 2 1 2 2 2 2 1 2 1 2 0 2 2 1 1 1 1 1 2 0 1 2 0 1 2 2 1 1 0 2 2 1 2 2 2 1 1 0 2 1 2 1 1 0 0 1 1 2 2 1 1 1 0 0 2 0 1 1 1 0 0 1 2 1 2 2 2 1 1 2 1 1 2 0 1 0 1 0 0 0 1 2 2 1 1 2 1 0 2 1 0 0 1 1 0 2 1 0 0 1 2 1 2 2 2 2 1 2 1 2 0 2 2 1 1 1 1 1 2 0 1 2 0 1 2 2 1 1 0 2 2 1 2 2 2 1 1 0 2 1 2 1 1 0 0 1 1 2 2 1 1 1 0 0 2 0 1 1 1 0 0
-0.0428810721941211 0.92849283367209 1.72004999791292 2.12170552543371 0.234733201520754 1 0 2 1 2 2 2 1 2 2 2 1 1 0 1 1 1 0 0 1 0 2 2 2 1 2 1 1 1 1 0 1 1 1 0 1 1 0 0 1 2 1 2 2 2 2 0 1 2 2 0 2 2 2 2 1 2 1 2 2 0 2 2 2 2 2 1 1 2 2 2 0 0 1 1 1 0 0 0 0 2 1 2 0 1 1 0 2 2 2 2 2 1 1 2 1 2 2 2 2 1 0 2 1 2 2 2 1 2 2 2 1 1 0 1 1 1 0 0 1 0 2 2 2 1 2 1 1 1 1 0 1 1 1 0 1 1 0 0 1 2 1 2 2 2 2 0 1 2 2 0 2 2 2 2 1 2 1 2 2 0 2 2 2 2 2 1 1 2 2 2 0 0 1 1 1 0 0 0 0 2 1 2 0 1 1 0 2 2 2 2 2 1 1 2 1 2 2 2 2 1
-0.810181361332415 1.20084436399035 -1.33272628357546 0.400321764164335 -0.201819164746319 -1 0 2 1 1 0 1 0 1 2 2 0 2 1 2 1 1 1 2 2 2 2 2 2 1 1 0 1 2 1 0 0 1 1 0 2 1 0 1 2 2 2 2 2 2 1 0 0 1 2 0 1 1 2 2 1 2 1 2 1 1 2 2 1 2 2 1 0 0 2 2 1 2 2 1 1 1 0 2 0 2 0 2 2 2 1 0 1 2 2 2 2 0 0 2 0 0 2 1 1 0 0 -2 -1 -1 0 -1 0 -1 -2 -2 0 -2 -1 -2 -1 -1 -1 -2 -2 -2 -2 -2 -2 -1 -1 0 -1 -2 -1 0 0 -1 -1 0 -2 -1 0 -1 -2 -2 -2 -2 -2 -2 -1 0 0 -1 -2 0 -1 -1 -2 -2 -1 -2 -1 -2 -1 -1 -2 -2 -1 -2 -2 -1 0 0 -2 -2 -1 -2 -2 -1 -1 -1 0 -2 0 -2 0 -2 -2 -2 -1 0 -1 -2 -2 -2 -2 0 0 -2 0 0 -2 -1 -1 0
-0.72343572701467 -1.47282732921467 0.562189078641188 1.11908701452384 -0.75848794335294 -1 2 2 1 2 2 2 1 1 2 2 0 1 0 1 1 2 0 1 1 2 2 2 1 0 2 1 0 2 2 0 0 1 2 1 2 2 1 2 2 2 2 1 2 1 1 0 0 2 2 0 2 1 1 0 1 1 0 2 1 0 1 1 2 2 2 1 0 0 1 2 0 0 1 2 1 2 1 2 0 2 1 1 1 2 2 0 2 2 2 2 2 1 0 2 0 2 1 1 2 1 -2 -2 -1 -2 -2 -2 -1 -1 -2 -2 0 -1 0 -1 -1 -2 0 -1 -1 -2 -2 -2 -1 0 -2 -1 0 -2 -2 0 0 -1 -2 -1 -2 -2 -1 -2 -2 -2 -2 -1 -2 -1 -1 0 0 -2 -2 0 -2 -1 -1 0 -1 -1 0 -2 -1 0 -1 -1 -2 -2 -2 -1 0 0 -1 -2 0 0 -1 -2 -1 -2 -1 -2 0 -2 -1 -1 -1 -2 -2 0 -2 -2 -2 -2 -2 -1 0 -2 0 -2 -1 -1 -2 -1
0.0144584242112911 0.352492031231097 -2.12385047488075 -0.25232286947871 0.467365053854609 -1 2 2 1 2 1 1 0 2 2 0 0 1 0 2 2 2 1 1 2 2 2 2 2 1 2 1 2 2 1 0 1 1 2 2 2 0 0 0 2 1 0 2 2 2 1 1 1 1 2 1 2 2 2 1 1 1 0 2 2 1 2 2 1 2 1 2 0 0 2 2 0 1 1 1 0 1 0 2 0 2 1 1 0 1 0 1 2 2 2 2 2 0 0 1 0 1 1 1 1 0 -2 -2 -1 -2 -1 -1 0 -2 -2 0 0 -1 0 -2 -2 -2 -1 -1 -2 -2 -2 -2 -2 -1 -2 -1 -2 -2 -1 0 -1 -1 -2 -2 -2 0 0 0 -2 -1 0 -2 -2 -2 -1 -1 -1 -1 -2 -1 -2 -2 -2 -1 -1 -1 0 -2 -2 -1 -2 -2 -1 -2 -1 -2 0 0 -2 -2 0 -1 -1 -1 0 -1 0 -2 0 -2 -1 -1 0 -1 0 -1 -2 -2 -2 -2 -2 0 0 -1 0 -1 -1 -1 -1 0
1.5318142673366 1.78822552051082 0.555386432285166 2.2683293332248 -0.825650363243089 -1 1 2 0 1 2 2 1 2 1 1 1 2 0 2 2 1 1 0 1 1 2 2 2 0 2 2 2 2 2 0 1 1 0 0 2 2 2 2 2 2 0 1 1 2 2 1 1 2 2 1 2 2 2 2 0 2 1 2 1 1 2 2 2 2 2 2 2 0 2 2 1 2 2 1 1 1 0 2 0 1 0 0 0 1 1 1 1 1 2 2 2 0 0 1 0 1 1 1 0 0 -1 -2 0 -1 -2 -2 -1 -2 -1 -1 -1 -2 0 -2 -2 -1 -1 0 -1 -1 -2 -2 -2 0 -2 -2 -2 -2 -2 0 -1 -1 0 0 -2 -2 -2 -2 -2 -2 0 -1 -1 -2 -2 -1 -1 -2 -2 -1 -2 -2 -2 -2 0 -2 -1 -2 -1 -1 -2 -2 -2 -2 -2 -2 -2 0 -2 -2 -1 -2 -2 -1 -1 -1 0 -2 0 -1 0 0 0 -1 -1 -1 -1 -1 -2 -2 -2 0 0 -1 0 -1 -1 -1 0 0
0.486638675288962 -0.898586298134214 0.0164823354790667 1.36132984594519 1.13667492325097 1 1 2 0 2 2 2 1 1 2 1 1 1 0 0 1 0 0 0 1 2 2 2 2 2 2 1 2 2 2 0 1 1 2 1 2 2 1 1 1 2 1 2 2 2 2 1 1 0 1 0 0 1 1 1 0 2 1 2 2 2 2 1 0 2 2 2 2 1 2 2 0 1 1 0 1 0 1 2 0 2 1 1 0 2 1 1 1 2 1 2 1 0 0 2 0 1 1 2 1 0 1 2 0 2 2 2 1 1 2 1 1 1 0 0 1 0 0 0 1 2 2 2 2 2 2 1 2 2 2 0 1 1 2 1 2 2 1 1 1 2 1 2 2 2 2 1 1 0 1 0 0 1 1 1 0 2 1 2 2 2 2 1 0 2 2 2 2 1 2 2 0 1 1 0 1 0 1 2 0 2 1 1 0 2 1 1 1 2 1 2 1 0 0 2 0 1 1 2 1 0
2.95252258026595 1.34938102693326 -1.46672047516503 0.156167713652803 -1.2524703916519 -1 2 2 0 2 2 1 0 1 2 2 1 2 1 1 0 1 1 1 2 0 2 2 2 2 2 1 1 1 0 0 0 0 2 1 2 2 1 1 1 1 0 2 2 2 1 0 0 0 1 0 2 2 2 2 0 1 0 2 1 0 1 1 2 2 2 2 0 0 1 2 0 2 2 1 1 2 0 2 1 2 2 2 1 2 1 0 0 2 1 2 2 0 0 2 0 0 1 0 0 0 -2 -2 0 -2 -2 -1 0 -1 -2 -2 -1 -2 -1 -1 0 -1 -1 -1 -2 0 -2 -2 -2 -2 -2 -1 -1 -1 0 0 0 0 -2 -1 -2 -2 -1 -1 -1 -1 0 -2 -2 -2 -1 0 0 0 -1 0 -2 -2 -2 -2 0 -1 0 -2 -1 0 -1 -1 -2 -2 -2 -2 0 0 -1 -2 0 -2 -2 -1 -1 -2 0 -2 -1 -2 -2 -2 -1 -2 -1 0 0 -2 -1 -2 -2 0 0 -2 0 0 -1 0 0 0
1.72766322555919 -0.142421832102359 1.34099185642998 1.63997332858186 -1.04940695356715 1 1 2 1 1 2 2 0 1 2 2 0 1 0 0 0 1 0 0 0 1 1 2 1 0 2 2 2 2 1 0 0 2 1 1 2 1 0 1 2 2 0 2 2 2 2 0 0 2 1 0 1 2 2 2 1 2 0 2 1 0 2 1 2 2 2 2 2 1 2 2 1 1 2 0 2 2 0 2 0 2 1 0 0 1 2 2 1 2 1 2 2 1 1 1 0 1 1 0 0 0 1 2 1 1 2 2 0 1 2 2 0 1 0 0 0 1 0 0 0 1 1 2 1 0 2 2 2 2 1 0 0 2 1 1 2 1 0 1 2 2 0 2 2 2 2 0 0 2 1 0 1 2 2 2 1 2 0 2 1 0 2 1 2 2 2 2 2 1 2 2 1 1 2 0 2 2 0 2 0 2 1 0 0 1 2 2 1 2 1 2 2 1 1 1 0 1 1 0 0 0
2.09853875850659 -1.09676899691653 2.09482378605653 -0.302900307626494 -0.933199802639348 1 1 2 1 2 2 2 1 1 1 1 0 1 1 1 1 1 0 0 1 1 2 2 2 1 1 2 2 1 1 0 0 1 2 0 1 2 1 2 2 2 1 2 2 0 1 0 0 2 2 0 2 2 2 2 1 1 1 2 1 0 0 1 1 2 2 2 2 1 2 2 1 2 2 1 1 1 0 2 1 1 1 2 1 2 2 0 1 2 1 1 1 0 0 2 1 1 1 2 0 0 1 2 1 2 2 2 1 1 1 1 0 1 1 1 1 1 0 0 1 1 2 2 2 1 1 2 2 1 1 0 0 1 2 0 1 2 1 2 2 2 1 2 2 0 1 0 0 2 2 0 2 2 2 2 1 1 1 2 1 0 0 1 1 2 2 2 2 1 2 2 1 2 2 1 1 1 0 2 1 1 1 2 1 2 2 0 1 2 1 1 1 0 0 2 1 1 1 2 0 0
-0.350061848504025 0.790480792239477 -0.0420592813663308 -2.28703237299997 0.472110773707859 -1 1 2 0 1 1 2 0 0 0 0 0 2 1 1 0 1 0 0 0 1 2 2 2 2 2 2 1 1 1 0 0 1 2 1 1 2 0 0 1 2 0 2 2 2 2 0 1 2 2 0 2 2 2 2 1 2 1 2 2 2 1 1 2 2 2 2 2 2 2 2 1 2 2 1 1 1 0 2 1 2 0 2 0 1 2 0 1 2 2 1 2 1 0 2 0 1 2 2 1 0 -1 -2 0 -1 -1 -2 0 0 0 0 0 -2 -1 -1 0 -1 0 0 0 -1 -2 -2 -2 -2 -2 -2 -1 -1 -1 0 0 -1 -2 -1 -1 -2 0 0 -1 -2 0 -2 -2 -2 -2 0 -1 -2 -2 0 -2 -2 -2 -2 -1 -2 -1 -2 -2 -2 -1 -1 -2 -2 -2 -2 -2 -2 -2 -2 -1 -2 -2 -1 -1 -1 0 -2 -1 -2 0 -2 0 -1 -2 0 -1 -2 -2 -1 -2 -1 0 -2 0 -1 -2 -2 -1 0
-0.237834393607198 -0.383968225974872 -0.807428869478361 0.645713919254837 1.07261836586264 -1 1 1 0 1 1 1 2 1 1 0 1 1 0 2 0 0 0 0 1 1 2 2 2 2 2 0 1 2 1 0 1 1 2 1 2 1 0 2 2 1 0 1 1 0 1 0 1 2 2 0 1 1 2 2 0 1 1 2 1 1 1 1 1 2 2 1 1 1 2 2 0 2 1 1 1 1 0 1 0 2 1 1 0 2 2 1 1 2 1 2 2 1 0 2 1 2 2 1 2 1 -1 -1 0 -1 -1 -1 -2 -1 -1 0 -1 -1 0 -2 0 0 0 0 -1 -1 -2 -2 -2 -2 -2 0 -1 -2 -1 0 -1 -1 -2 -1 -2 -1 0 -2 -2 -1 0 -1 -1 0 -1 0 -1 -2 -2 0 -1 -1 -2 -2 0 -1 -1 -2 -1 -1 -1 -1 -1 -2 -2 -1 -1 -1 -2 -2 0 -2 -1 -1 -1 -1 0 -1 0 -2 -1 -1 0 -2 -2 -1 -1 -2 -1 -2 -2 -1 0 -2 -1 -2 -2 -1 -2 -1
-1.41499460325055 -2.03521784557165 -2.55793499702262 -1.37392599829143 0.0243993028696471 1 2 2 2 2 2 2 2 1 2 1 1 2 0 0 0 1 0 0 0 0 2 2 2 0 2 1 1 2 2 0 1 1 2 0 2 2 1 2 1 2 0 1 1 1 1 0 1 2 2 0 2 2 2 1 0 1 1 2 1 2 2 1 1 2 2 2 2 2 2 2 0 2 2 2 2 2 1 2 0 2 0 1 0 1 2 1 0 2 2 2 2 2 1 2 1 0 2 2 2 2 2 2 2 2 2 2 2 1 2 1 1 2 0 0 0 1 0 0 0 0 2 2 2 0 2 1 1 2 2 0 1 1 2 0 2 2 1 2 1 2 0 1 1 1 1 0 1 2 2 0 2 2 2 1 0 1 1 2 1 2 2 1 1 2 2 2 2 2 2 2 0 2 2 2 2 2 1 2 0 2 0 1 0 1 2 1 0 2 2 2 2 2 1 2 1 0 2 2 2 2
-1.20376279352959 -1.31316196189206 -0.188365565244974 -1.35873361290078 -0.400177075981336 -1 2 2 2 2 2 2 1 2 2 1 1 2 1 0 1 0 0 1 1 2 2 2 2 2 2 1 0 2 0 0 1 2 1 2 1 1 1 0 1 2 1 2 2 1 1 0 2 1 2 0 2 2 2 2 1 0 0 2 1 2 2 2 2 2 2 2 1 1 2 2 0 1 1 2 2 2 1 2 0 2 1 2 1 1 1 1 1 2 2 2 2 2 0 2 1 2 0 1 1 0 -2 -2 -2 -2 -2 -2 -1 -2 -2 -1 -1 -2 -1 0 -1 0 0 -1 -1 -2 -2 -2 -2 -2 -2 -1 0 -2 0 0 -1 -2 -1 -2 -1 -1 -1 0 -1 -2 -1 -2 -2 -1 -1 0 -2 -1 -2 0 -2 -2 -2 -2 -1 0 0 -2 -1 -2 -2 -2 -2 -2 -2 -2 -1 -1 -2 -2 0 -1 -1 -2 -2 -2 -1 -2 0 -2 -1 -2 -1 -1 -1 -1 -1 -2 -2 -2 -2 -2 0 -2 -1 -2 0 -1 -1 0
-0.0449554024241719 0.830602349978247 1.11103166332951 0.73910610730425 0.0725890896724395 1 1 2 0 2 2 2 2 2 2 1 1 2 1 2 0 1 1 0 1 1 2 2 2 1 1 1 2 2 1 0 1 2 2 0 2 2 1 1 1 2 0 2 1 1 2 0 2 1 1 0 2 1 1 1 1 1 1 2 0 0 1 0 2 2 2 2 0 0 2 2 1 2 1 2 1 1 0 2 0 2 1 2 1 2 1 1 1 2 2 1 2 1 0 2 0 0 1 2 1 0 1 2 0 2 2 2 2 2 2 1 1 2 1 2 0 1 1 0 1 1 2 2 2 1 1 1 2 2 1 0 1 2 2 0 2 2 1 1 1 2 0 2 1 1 2 0 2 1 1 0 2 1 1 1 1 1 1 2 0 0 1 0 2 2 2 2 0 0 2 2 1 2 1 2 1 1 0 2 0 2 1 2 1 2 1 1 1 2 2 1 2 1 0 2 0 0 1 2 1 0
0.282498614840334 1.06201202587106 -1.86311296490255 -1.61954429215551 1.04632622653697 1 1 2 1 0 1 0 0 0 1 2 1 1 0 0 1 0 0 0 1 1 2 2 2 1 2 2 2 2 2 0 0 1 1 2 2 2 0 1 1 1 0 0 1 0 1 0 0 2 2 0 1 2 2 1 0 1 2 2 2 1 2 2 2 2 2 1 1 2 2 2 0 0 1 1 2 1 0 2 1 2 0 1 2 2 2 1 1 2 1 2 2 2 0 2 1 1 0 0 0 1 1 2 1 0 1 0 0 0 1 2 1 1 0 0 1 0 0 0 1 1 2 2 2 1 2 2 2 2 2 0 0 1 1 2 2 2 0 1 1 1 0 0 1 0 1 0 0 2 2 0 1 2 2 1 0 1 2 2 2 1 2 2 2 2 2 1 1 2 2 2 0 0 1 1 2 1 0 2 1 2 0 1 2 2 2 1 1 2 1 2 2 2 0 2 1 1 0 0 0 1
-0.0276290322308922 0.0632863361311155 -0.809403040040832 0.809862019700201 1.2222267217076 1 1 2 1 2 1 2 1 1 2 1 1 1 0 1 1 2 1 1 0 1 2 2 2 2 2 1 0 2 1 0 1 2 1 1 2 2 0 0 0 2 0 2 2 1 2 1 2 1 2 1 1 1 1 1 0 1 1 2 2 0 2 2 2 2 2 0 0 1 2 2 1 2 2 1 1 2 0 2 0 2 1 0 0 0 0 1 1 2 1 2 1 1 0 2 0 1 2 1 1 0 1 2 1 2 1 2 1 1 2 1 1 1 0 1 1 2 1 1 0 1 2 2 2 2 2 1 0 2 1 0 1 2 1 1 2 2 0 0 0 2 0 2 2 1 2 1 2 1 2 1 1 1 1 1 0 1 1 2 2 0 2 2 2 2 2 0 0 1 2 2 1 2 2 1 1 2 0 2 0 2 1 0 0 0 0 1 1 2 1 2 1 1 0 2 0 1 2 1 1 0
0.107801124445967 1.49396713517844 -0.256222141431023 2.01071683145073 -1.15112689775373 1 2 2 1 1 1 2 2 2 2 1 0 1 0 0 0 1 1 2 1 1 2 2 2 1 1 2 1 1 1 0 0 1 1 2 2 1 0 0 2 2 1 2 2 1 2 0 0 1 1 0 1 2 2 2 0 1 0 1 0 0 0 1 1 2 2 1 1 1 2 2 0 1 1 2 2 2 0 2 0 2 1 1 0 1 1 0 0 2 1 2 2 0 0 1 1 2 2 2 1 0 2 2 1 1 1 2 2 2 2 1 0 1 0 0 0 1 1 2 1 1 2 2 2 1 1 2 1 1 1 0 0 1 1 2 2 1 0 0 2 2 1 2 2 1 2 0 0 1 1 0 1 2 2 2 0 1 0 1 0 0 0 1 1 2 2 1 1 1 2 2 0 1 1 2 2 2 0 2 0 2 1 1 0 1 1 0 0 2 1 2 2 0 0 1 1 2 2 2 1 0
-0.0428982938115199 0.178168736374981 -0.713112362244384 0.296486422791453 -0.511708350296336 1 0 1 0 2 2 1 2 2 2 2 1 2 0 1 1 1 0 0 2 0 2 2 2 1 1 2 1 2 0 0 0 1 2 1 2 2 0 1 1 2 1 0 1 1 1 0 0 2 2 0 2 2 2 1 0 1 1 2 1 0 2 1 1 2 2 1 1 1 1 1 0 1 2 1 2 2 0 1 0 2 1 2 1 1 2 0 0 2 2 2 2 1 1 2 1 2 2 1 0 0 0 1 0 2 2 1 2 2 2 2 1 2 0 1 1 1 0 0 2 0 2 2 2 1 1 2 1 2 0 0 0 1 2 1 2 2 0 1 1 2 1 0 1 1 1 0 0 2 2 0 2 2 2 1 0 1 1 2 1 0 2 1 1 2 2 1 1 1 1 1 0 1 2 1 2 2 0 1 0 2 1 2 1 1 2 0 0 2 2 2 2 1 1 2 1 2 2 1 0 0
-1.23105675118677 0.0709577297537591 0.949034161938318 1.10793461146725 -0.81798604062903 1 1 1 0 1 1 2 0 0 0 1 0 1 0 1 0 1 1 1 2 2 2 2 2 1 1 1 2 1 0 0 0 0 1 0 2 2 1 0 1 1 0 1 1 1 1 0 0 0 1 0 1 1 2 2 1 2 1 2 2 0 1 2 1 2 1 2 0 0 2 2 0 1 1 0 0 0 0 1 0 2 0 1 0 1 1 0 1 2 2 2 1 2 0 2 1 1 2 0 1 0 1 1 0 1 1 2 0 0 0 1 0 1 0 1 0 1 1 1 2 2 2 2 2 1 1 1 2 1 0 0 0 0 1 0 2 2 1 0 1 1 0 1 1 1 1 0 0 0 1 0 1 1 2 2 1 2 1 2 2 0 1 2 1 2 1 2 0 0 2 2 0 1 1 0 0 0 0 1 0 2 0 1 0 1 1 0 1 2 2 2 1 2 0 2 1 1 2 0 1 0
