0.298816501957004 2.79818696107122 0.143447158836643 -1.22479686169861 -0.804180841161049 1 0 2 1 2 1 0 2 2 2 2 2 2 2 2 1 1 1 1 1 2 1 1 1 1 1 1 0 0 0 2 2 2 0 0 1 2 1 2 2 0 0 2 2 2 2 2 1 2 1 2 2 1 2 2 2 0 1 1 2 2 1 0 2 1 0 0 1 0 0 2 2 2 1 2 2 1 1 1 1 2 2 2 0 2 2 2 1 1 2 0 0 0 0 0 0 0 1 2 0 0 0 2 1 2 1 0 2 2 2 2 2 2 2 2 1 1 1 1 1 2 1 1 1 1 1 1 0 0 0 2 2 2 0 0 1 2 1 2 2 0 0 2 2 2 2 2 1 2 1 2 2 1 2 2 2 0 1 1 2 2 1 0 2 1 0 0 1 0 0 2 2 2 1 2 2 1 1 1 1 2 2 2 0 2 2 2 1 1 2 0 0 0 0 0 0 0 1 2 0 0
0.244609928323743 -0.804233272342221 -0.558052248347766 -0.38381882176948 -0.181731475298503 -1 0 2 2 1 1 0 2 1 1 2 1 1 0 1 0 0 0 1 1 2 0 0 1 0 2 2 1 1 0 2 0 1 0 1 2 2 1 1 2 2 2 2 1 1 2 1 0 1 1 2 2 0 1 2 2 1 1 0 1 1 1 1 2 1 0 0 2 1 0 2 1 2 2 2 2 1 1 1 1 2 2 1 0 2 1 2 1 1 1 0 0 0 1 0 0 1 0 0 0 0 0 -2 -2 -1 -1 0 -2 -1 -1 -2 -1 -1 0 -1 0 0 0 -1 -1 -2 0 0 -1 0 -2 -2 -1 -1 0 -2 0 -1 0 -1 -2 -2 -1 -1 -2 -2 -2 -2 -1 -1 -2 -1 0 -1 -1 -2 -2 0 -1 -2 -2 -1 -1 0 -1 -1 -1 -1 -2 -1 0 0 -2 -1 0 -2 -1 -2 -2 -2 -2 -1 -1 -1 -1 -2 -2 -1 0 -2 -1 -2 -1 -1 -1 0 0 0 -1 0 0 -1 0 0 0 0
-1.66031758073228 -1.61869943784191 1.73593695390871 2.46914636755881 1.62549818221372 -1 0 2 2 2 1 0 2 2 2 2 1 1 1 2 1 0 0 1 0 1 0 2 2 2 2 1 0 0 1 2 2 1 0 1 2 2 2 1 2 1 1 2 2 2 2 2 0 1 0 1 2 0 1 2 0 0 1 1 2 2 1 2 1 0 1 0 1 0 0 0 1 1 1 1 2 0 0 2 1 2 2 2 0 2 0 2 1 1 1 0 0 0 1 0 0 0 0 2 1 0 0 -2 -2 -2 -1 0 -2 -2 -2 -2 -1 -1 -1 -2 -1 0 0 -1 0 -1 0 -2 -2 -2 -2 -1 0 0 -1 -2 -2 -1 0 -1 -2 -2 -2 -1 -2 -1 -1 -2 -2 -2 -2 -2 0 -1 0 -1 -2 0 -1 -2 0 0 -1 -1 -2 -2 -1 -2 -1 0 -1 0 -1 0 0 0 -1 -1 -1 -1 -2 0 0 -2 -1 -2 -2 -2 0 -2 0 -2 -1 -1 -1 0 0 0 -1 0 0 0 0 -2 -1 0
-1.1098075834269 -0.637312084213401 1.05848810971216 0.318379994769818 0.395812777000665 -1 1 2 1 1 1 0 2 2 2 2 0 0 1 2 2 2 1 2 0 2 2 2 1 2 2 1 0 0 0 2 2 2 1 0 2 2 1 1 2 1 1 1 1 2 1 1 0 0 1 1 2 1 2 2 2 1 2 0 2 2 1 2 2 2 0 0 2 0 0 0 1 1 1 0 2 0 0 1 2 2 2 1 0 2 2 1 0 0 1 0 0 0 1 0 2 0 1 1 1 2 -1 -2 -1 -1 -1 0 -2 -2 -2 -2 0 0 -1 -2 -2 -2 -1 -2 0 -2 -2 -2 -1 -2 -2 -1 0 0 0 -2 -2 -2 -1 0 -2 -2 -1 -1 -2 -1 -1 -1 -1 -2 -1 -1 0 0 -1 -1 -2 -1 -2 -2 -2 -1 -2 0 -2 -2 -1 -2 -2 -2 0 0 -2 0 0 0 -1 -1 -1 0 -2 0 0 -1 -2 -2 -2 -1 0 -2 -2 -1 0 0 -1 0 0 0 -1 0 -2 0 -1 -1 -1 -2
-0.859256970174146 -1.04317099225368 -0.156564012703718 -0.11282321266779 0.389125096350988 -1 2 2 1 1 2 0 2 2 2 2 1 2 1 1 1 2 1 2 1 1 2 1 1 2 2 1 0 0 1 1 1 2 1 0 2 2 1 1 1 0 0 2 2 1 1 2 2 1 1 0 1 0 1 2 2 0 1 0 0 2 0 1 2 0 1 0 2 0 0 0 1 2 2 1 2 0 1 1 1 2 2 2 1 2 1 2 0 0 0 0 0 0 0 0 0 0 1 2 1 0 -2 -2 -1 -1 -2 0 -2 -2 -2 -2 -1 -2 -1 -1 -1 -2 -1 -2 -1 -1 -2 -1 -1 -2 -2 -1 0 0 -1 -1 -1 -2 -1 0 -2 -2 -1 -1 -1 0 0 -2 -2 -1 -1 -2 -2 -1 -1 0 -1 0 -1 -2 -2 0 -1 0 0 -2 0 -1 -2 0 -1 0 -2 0 0 0 -1 -2 -2 -1 -2 0 -1 -1 -1 -2 -2 -2 -1 -2 -1 -2 0 0 0 0 0 0 0 0 0 0 -1 -2 -1 0
-0.00233419643848455 0.995771792578099 -1.43519160674517 -0.251662508028359 -0.245627230789505 1 0 0 1 2 1 0 2 2 2 2 0 1 1 1 1 0 0 2 1 2 1 1 1 1 1 1 0 0 1 0 0 1 1 1 2 2 1 0 2 2 1 2 1 2 2 1 0 1 1 1 2 2 1 2 2 0 1 0 2 2 1 1 2 0 0 0 0 0 0 1 2 2 1 2 2 0 1 2 2 2 2 2 1 2 1 2 0 2 1 0 0 0 1 2 1 0 2 0 0 0 0 0 1 2 1 0 2 2 2 2 0 1 1 1 1 0 0 2 1 2 1 1 1 1 1 1 0 0 1 0 0 1 1 1 2 2 1 0 2 2 1 2 1 2 2 1 0 1 1 1 2 2 1 2 2 0 1 0 2 2 1 1 2 0 0 0 0 0 0 1 2 2 1 2 2 0 1 2 2 2 2 2 1 2 1 2 0 2 1 0 0 0 1 2 1 0 2 0 0 0
0.735976219178573 -0.126104387537037 0.974609506393351 -1.14349346727287 1.20376711710397 -1 0 2 2 2 1 0 2 1 0 2 1 2 2 0 1 1 1 1 1 2 0 1 2 2 2 2 1 1 1 2 1 2 0 0 2 2 0 0 2 0 0 1 2 2 2 2 1 1 1 2 2 0 2 2 1 0 0 1 1 2 0 1 1 0 0 0 1 0 0 1 2 2 1 1 2 0 0 0 1 2 2 2 0 2 2 2 1 2 1 0 0 0 0 0 1 1 2 1 1 0 0 -2 -2 -2 -1 0 -2 -1 0 -2 -1 -2 -2 0 -1 -1 -1 -1 -1 -2 0 -1 -2 -2 -2 -2 -1 -1 -1 -2 -1 -2 0 0 -2 -2 0 0 -2 0 0 -1 -2 -2 -2 -2 -1 -1 -1 -2 -2 0 -2 -2 -1 0 0 -1 -1 -2 0 -1 -1 0 0 0 -1 0 0 -1 -2 -2 -1 -1 -2 0 0 0 -1 -2 -2 -2 0 -2 -2 -2 -1 -2 -1 0 0 0 0 0 -1 -1 -2 -1 -1 0
-1.54358748971546 -0.0363692358988245 1.34616287080882 1.55198384357203 -1.53742295369397 -1 1 2 1 0 0 0 2 1 1 2 0 2 2 1 1 0 0 2 2 2 1 1 0 1 2 1 0 0 1 2 2 1 0 1 2 2 1 1 1 0 0 2 0 1 2 2 0 1 0 0 2 0 0 0 1 2 0 0 1 2 2 0 2 1 1 0 2 1 0 0 2 2 2 1 1 0 0 0 1 2 2 2 1 2 1 2 0 0 1 0 1 0 2 1 1 2 1 1 1 0 -1 -2 -1 0 0 0 -2 -1 -1 -2 0 -2 -2 -1 -1 0 0 -2 -2 -2 -1 -1 0 -1 -2 -1 0 0 -1 -2 -2 -1 0 -1 -2 -2 -1 -1 -1 0 0 -2 0 -1 -2 -2 0 -1 0 0 -2 0 0 0 -1 -2 0 0 -1 -2 -2 0 -2 -1 -1 0 -2 -1 0 0 -2 -2 -2 -1 -1 0 0 0 -1 -2 -2 -2 -1 -2 -1 -2 0 0 -1 0 -1 0 -2 -1 -1 -2 -1 -1 -1 0
-0.333536960742428 -1.41115438451252 1.50531589081904 -1.2429628385538 0.219771297013803 -1 0 2 2 1 1 0 2 1 1 2 0 1 1 1 1 0 0 1 1 2 1 1 1 1 0 1 0 0 0 2 1 2 1 0 2 2 1 2 2 0 0 1 2 1 1 2 0 1 1 0 1 1 2 2 2 0 1 1 0 2 1 1 2 0 0 0 1 0 0 0 1 2 2 2 2 1 2 2 2 2 2 2 1 2 2 2 0 2 1 0 0 0 1 1 0 1 1 0 0 0 0 -2 -2 -1 -1 0 -2 -1 -1 -2 0 -1 -1 -1 -1 0 0 -1 -1 -2 -1 -1 -1 -1 0 -1 0 0 0 -2 -1 -2 -1 0 -2 -2 -1 -2 -2 0 0 -1 -2 -1 -1 -2 0 -1 -1 0 -1 -1 -2 -2 -2 0 -1 -1 0 -2 -1 -1 -2 0 0 0 -1 0 0 0 -1 -2 -2 -2 -2 -1 -2 -2 -2 -2 -2 -2 -1 -2 -2 -2 0 -2 -1 0 0 0 -1 -1 0 -1 -1 0 0 0
1.51570305437835 -0.205279646881937 -1.01104352417498 -0.185031288763261 0.077799194146399 1 1 2 2 1 2 0 2 2 2 2 1 1 2 1 1 0 0 1 0 2 0 0 1 1 2 2 1 1 0 1 2 2 1 0 2 2 1 0 2 1 2 2 1 2 2 2 0 1 1 0 2 0 1 2 1 0 1 0 1 1 0 1 2 0 1 0 2 0 0 1 2 2 2 1 2 0 0 1 1 2 2 2 0 2 1 2 0 1 0 0 1 0 1 2 1 1 0 0 0 0 1 2 2 1 2 0 2 2 2 2 1 1 2 1 1 0 0 1 0 2 0 0 1 1 2 2 1 1 0 1 2 2 1 0 2 2 1 0 2 1 2 2 1 2 2 2 0 1 1 0 2 0 1 2 1 0 1 0 1 1 0 1 2 0 1 0 2 0 0 1 2 2 2 1 2 0 0 1 1 2 2 2 0 2 1 2 0 1 0 0 1 0 1 2 1 1 0 0 0 0
0.314378412142956 -1.00895881193897 0.611120571877806 -0.455396233213819 -0.613068837464704 -1 0 2 2 1 2 0 2 2 2 2 0 0 0 0 0 0 0 1 0 1 1 1 0 0 0 0 0 1 1 0 2 1 0 0 2 2 1 1 2 1 0 2 1 2 2 2 0 0 1 1 2 0 0 1 1 0 2 0 2 2 1 2 1 0 0 0 1 0 0 1 1 2 2 2 2 0 0 2 1 2 2 2 1 2 2 2 1 2 1 0 0 0 0 0 1 1 2 1 0 0 0 -2 -2 -1 -2 0 -2 -2 -2 -2 0 0 0 0 0 0 0 -1 0 -1 -1 -1 0 0 0 0 0 -1 -1 0 -2 -1 0 0 -2 -2 -1 -1 -2 -1 0 -2 -1 -2 -2 -2 0 0 -1 -1 -2 0 0 -1 -1 0 -2 0 -2 -2 -1 -2 -1 0 0 0 -1 0 0 -1 -1 -2 -2 -2 -2 0 0 -2 -1 -2 -2 -2 -1 -2 -2 -2 -1 -2 -1 0 0 0 0 0 -1 -1 -2 -1 0 0
0.617636418549171 -0.786246090671774 0.865466858877903 1.14803689000367 0.414442497256277 -1 0 2 2 2 1 0 1 1 1 1 2 2 2 2 1 1 0 2 2 0 1 1 2 0 0 0 0 0 0 1 2 1 0 0 2 2 1 2 2 0 1 2 1 2 2 2 0 2 2 2 2 2 2 1 1 1 2 2 2 2 2 2 2 1 0 0 0 0 0 1 1 2 2 1 2 0 0 1 2 2 2 2 0 2 1 2 1 1 1 0 0 0 0 1 1 1 2 1 0 0 0 -2 -2 -2 -1 0 -1 -1 -1 -1 -2 -2 -2 -2 -1 -1 0 -2 -2 0 -1 -1 -2 0 0 0 0 0 0 -1 -2 -1 0 0 -2 -2 -1 -2 -2 0 -1 -2 -1 -2 -2 -2 0 -2 -2 -2 -2 -2 -2 -1 -1 -1 -2 -2 -2 -2 -2 -2 -2 -1 0 0 0 0 0 -1 -1 -2 -2 -1 -2 0 0 -1 -2 -2 -2 -2 0 -2 -1 -2 -1 -1 -1 0 0 0 0 -1 -1 -1 -2 -1 0 0
-1.16201828504107 1.60143648096439 -0.643519372245879 0.215296773158557 0.565450112361033 1 1 1 2 2 0 0 2 2 2 2 1 1 1 2 0 0 0 1 2 1 0 0 1 1 1 1 0 0 1 1 2 1 1 0 1 2 0 1 1 0 1 1 2 2 2 2 2 1 2 2 2 2 2 2 1 0 1 1 2 2 1 2 1 0 0 0 1 0 0 1 1 2 2 1 1 0 1 2 1 2 2 2 0 1 1 2 0 0 0 0 0 0 0 0 0 0 0 0 0 0 1 1 2 2 0 0 2 2 2 2 1 1 1 2 0 0 0 1 2 1 0 0 1 1 1 1 0 0 1 1 2 1 1 0 1 2 0 1 1 0 1 1 2 2 2 2 2 1 2 2 2 2 2 2 1 0 1 1 2 2 1 2 1 0 0 0 1 0 0 1 1 2 2 1 1 0 1 2 1 2 2 2 0 1 1 2 0 0 0 0 0 0 0 0 0 0 0 0 0 0
-1.61050419496623 1.198967804244 0.291115590461184 0.921075433087971 0.460689558275977 1 1 2 2 1 2 0 2 2 2 2 0 1 1 2 1 1 0 0 1 2 0 1 1 2 2 1 0 0 0 1 1 1 1 0 2 2 1 0 2 0 0 1 0 2 2 2 1 1 0 1 2 1 1 2 1 0 1 2 2 2 2 2 2 1 0 0 2 1 0 1 2 2 0 0 1 0 0 1 1 2 2 2 1 2 2 2 0 2 2 1 2 2 2 2 1 1 1 2 1 0 1 2 2 1 2 0 2 2 2 2 0 1 1 2 1 1 0 0 1 2 0 1 1 2 2 1 0 0 0 1 1 1 1 0 2 2 1 0 2 0 0 1 0 2 2 2 1 1 0 1 2 1 1 2 1 0 1 2 2 2 2 2 2 1 0 0 2 1 0 1 2 2 0 0 1 0 0 1 1 2 2 2 1 2 2 2 0 2 2 1 2 2 2 2 1 1 1 2 1 0
0.131617963452792 -1.12020436746418 -0.195157968279426 0.512288632550941 1.50833804726792 1 1 2 2 2 2 0 2 2 2 2 0 2 1 2 1 0 0 2 1 2 0 1 1 1 1 1 0 0 0 1 2 2 0 1 2 2 1 1 2 0 1 2 1 2 2 2 0 1 1 0 2 0 0 2 1 0 2 1 2 2 0 1 2 0 0 0 1 0 0 1 1 1 1 2 2 0 0 1 1 2 2 2 0 2 2 2 0 0 1 0 0 0 0 0 0 0 0 0 0 0 1 2 2 2 2 0 2 2 2 2 0 2 1 2 1 0 0 2 1 2 0 1 1 1 1 1 0 0 0 1 2 2 0 1 2 2 1 1 2 0 1 2 1 2 2 2 0 1 1 0 2 0 0 2 1 0 2 1 2 2 0 1 2 0 0 0 1 0 0 1 1 1 1 2 2 0 0 1 1 2 2 2 0 2 2 2 0 0 1 0 0 0 0 0 0 0 0 0 0 0
1.17583251553403 1.46812082689994 -0.645458744352606 0.013886682631349 -1.49839939317129 1 0 2 1 1 1 0 2 2 2 2 1 2 2 1 0 2 1 2 2 2 0 1 2 1 1 1 1 0 0 0 1 1 0 0 2 2 2 1 2 2 1 2 2 2 1 2 0 0 0 0 2 0 1 2 1 1 2 1 1 2 2 2 2 0 1 0 1 0 0 1 2 2 2 1 1 0 0 2 1 2 2 1 0 1 2 2 0 1 1 0 1 1 2 1 1 0 2 1 0 0 0 2 1 1 1 0 2 2 2 2 1 2 2 1 0 2 1 2 2 2 0 1 2 1 1 1 1 0 0 0 1 1 0 0 2 2 2 1 2 2 1 2 2 2 1 2 0 0 0 0 2 0 1 2 1 1 2 1 1 2 2 2 2 0 1 0 1 0 0 1 2 2 2 1 1 0 0 2 1 2 2 1 0 1 2 2 0 1 1 0 1 1 2 1 1 0 2 1 0 0
-0.367459075784311 2.65948958998424 2.33371353010625 -0.00761999604555455 1.36518781256158 -1 0 0 1 1 1 0 2 1 2 2 1 2 0 0 0 0 0 1 1 1 1 1 1 1 2 1 1 1 0 2 1 1 1 1 2 2 1 2 2 1 2 2 2 1 2 2 2 1 1 2 1 0 1 2 1 1 2 1 1 2 1 0 1 0 0 0 2 1 2 2 2 1 2 2 2 0 0 2 2 2 2 1 1 2 2 2 0 0 1 0 0 1 1 1 0 0 1 2 1 0 0 0 -1 -1 -1 0 -2 -1 -2 -2 -1 -2 0 0 0 0 0 -1 -1 -1 -1 -1 -1 -1 -2 -1 -1 -1 0 -2 -1 -1 -1 -1 -2 -2 -1 -2 -2 -1 -2 -2 -2 -1 -2 -2 -2 -1 -1 -2 -1 0 -1 -2 -1 -1 -2 -1 -1 -2 -1 0 -1 0 0 0 -2 -1 -2 -2 -2 -1 -2 -2 -2 0 0 -2 -2 -2 -2 -1 -1 -2 -2 -2 0 0 -1 0 0 -1 -1 -1 0 0 -1 -2 -1 0
0.646071398241694 0.0195812020932632 0.95974604755723 -0.252178772521264 -0.968907223664134 1 0 2 2 1 0 0 2 2 2 2 1 1 2 1 0 1 0 2 1 2 1 1 2 2 1 0 0 0 1 2 2 1 1 0 2 2 2 2 2 2 2 2 1 2 2 2 1 1 0 0 2 1 1 1 1 0 1 1 1 2 1 0 2 1 1 1 2 1 0 1 2 2 2 1 2 0 0 1 1 2 2 2 0 2 1 2 1 0 1 0 1 1 2 2 0 1 2 1 0 0 0 2 2 1 0 0 2 2 2 2 1 1 2 1 0 1 0 2 1 2 1 1 2 2 1 0 0 0 1 2 2 1 1 0 2 2 2 2 2 2 2 2 1 2 2 2 1 1 0 0 2 1 1 1 1 0 1 1 1 2 1 0 2 1 1 1 2 1 0 1 2 2 2 1 2 0 0 1 1 2 2 2 0 2 1 2 1 0 1 0 1 1 2 2 0 1 2 1 0 0
-0.572794110824213 -1.08356302685755 0.0431140827011865 0.584563568975799 0.490026702944986 -1 0 1 2 1 1 0 2 2 1 2 1 2 1 1 1 0 2 2 1 0 0 1 1 0 2 1 0 0 0 2 0 1 0 0 2 2 0 1 1 0 1 1 1 2 2 2 0 1 1 1 2 1 0 1 1 1 2 1 0 2 1 1 2 0 0 0 2 1 0 0 1 1 2 0 1 0 0 2 1 2 2 2 0 2 1 2 0 1 0 0 0 0 1 1 1 1 1 1 0 0 0 -1 -2 -1 -1 0 -2 -2 -1 -2 -1 -2 -1 -1 -1 0 -2 -2 -1 0 0 -1 -1 0 -2 -1 0 0 0 -2 0 -1 0 0 -2 -2 0 -1 -1 0 -1 -1 -1 -2 -2 -2 0 -1 -1 -1 -2 -1 0 -1 -1 -1 -2 -1 0 -2 -1 -1 -2 0 0 0 -2 -1 0 0 -1 -1 -2 0 -1 0 0 -2 -1 -2 -2 -2 0 -2 -1 -2 0 -1 0 0 0 0 -1 -1 -1 -1 -1 -1 0 0
0.618946405581143 0.34222580347824 -0.367725952888067 0.896931048362072 0.49360009894863 -1 1 2 2 2 1 0 2 1 1 2 0 1 1 1 0 0 0 2 1 2 2 1 2 2 2 1 1 1 1 1 2 2 1 0 2 2 1 2 2 1 1 2 0 1 1 1 0 0 0 1 2 2 2 2 2 1 1 0 1 2 0 1 1 1 1 0 2 1 1 1 1 2 1 2 1 0 0 1 2 2 2 2 0 2 2 2 0 0 1 0 0 0 0 0 1 1 0 2 2 0 -1 -2 -2 -2 -1 0 -2 -1 -1 -2 0 -1 -1 -1 0 0 0 -2 -1 -2 -2 -1 -2 -2 -2 -1 -1 -1 -1 -1 -2 -2 -1 0 -2 -2 -1 -2 -2 -1 -1 -2 0 -1 -1 -1 0 0 0 -1 -2 -2 -2 -2 -2 -1 -1 0 -1 -2 0 -1 -1 -1 -1 0 -2 -1 -1 -1 -1 -2 -1 -2 -1 0 0 -1 -2 -2 -2 -2 0 -2 -2 -2 0 0 -1 0 0 0 0 0 -1 -1 0 -2 -2 0
-0.255887833443098 0.176226428535398 0.598834381325293 0.208082238042124 0.900957786112565 1 0 2 2 1 1 0 2 2 2 2 1 1 1 2 0 0 0 2 0 1 0 1 2 2 2 0 0 0 1 1 0 2 0 1 2 2 0 0 2 0 0 1 2 2 2 2 1 0 0 0 1 0 0 1 2 2 1 1 1 2 1 0 2 0 0 0 2 1 0 0 1 2 2 2 2 1 1 2 1 2 2 2 0 2 2 2 1 0 0 0 0 0 0 1 0 0 1 1 0 0 0 2 2 1 1 0 2 2 2 2 1 1 1 2 0 0 0 2 0 1 0 1 2 2 2 0 0 0 1 1 0 2 0 1 2 2 0 0 2 0 0 1 2 2 2 2 1 0 0 0 1 0 0 1 2 2 1 1 1 2 1 0 2 0 0 0 2 1 0 0 1 2 2 2 2 1 1 2 1 2 2 2 0 2 2 2 1 0 0 0 0 0 0 1 0 0 1 1 0 0
-2.61881555408162 -0.590801294627878 2.71347874986816 0.792890626228165 -1.45799399378416 1 0 2 1 2 1 0 2 1 2 2 1 2 1 2 1 0 1 2 2 2 1 0 1 0 2 2 1 1 1 2 2 2 1 2 2 2 2 2 2 2 2 2 2 2 2 2 2 1 2 2 2 2 0 1 1 1 1 2 1 1 0 1 1 1 0 1 2 0 0 2 1 2 1 1 2 0 1 1 2 2 2 1 0 1 1 2 1 2 2 0 0 0 0 0 0 0 0 2 0 0 0 2 1 2 1 0 2 1 2 2 1 2 1 2 1 0 1 2 2 2 1 0 1 0 2 2 1 1 1 2 2 2 1 2 2 2 2 2 2 2 2 2 2 2 2 2 2 1 2 2 2 2 0 1 1 1 1 2 1 1 0 1 1 1 0 1 2 0 0 2 1 2 1 1 2 0 1 1 2 2 2 1 0 1 1 2 1 2 2 0 0 0 0 0 0 0 0 2 0 0
0.622650905525952 -0.652793108743888 1.04706181248432 -0.432679396826892 -0.632554022155926 -1 1 2 2 1 1 0 2 1 1 2 1 1 0 0 1 0 0 0 0 2 1 1 1 0 2 1 0 0 0 1 0 1 0 0 2 2 0 0 1 0 1 1 1 2 2 2 0 1 0 1 2 0 2 2 1 1 1 0 0 1 2 1 2 0 0 0 2 1 0 0 0 2 2 2 2 1 1 0 1 2 2 2 2 2 2 2 1 1 2 0 1 0 0 0 0 0 1 1 0 0 -1 -2 -2 -1 -1 0 -2 -1 -1 -2 -1 -1 0 0 -1 0 0 0 0 -2 -1 -1 -1 0 -2 -1 0 0 0 -1 0 -1 0 0 -2 -2 0 0 -1 0 -1 -1 -1 -2 -2 -2 0 -1 0 -1 -2 0 -2 -2 -1 -1 -1 0 0 -1 -2 -1 -2 0 0 0 -2 -1 0 0 0 -2 -2 -2 -2 -1 -1 0 -1 -2 -2 -2 -2 -2 -2 -2 -1 -1 -2 0 -1 0 0 0 0 0 -1 -1 0 0
0.560401923051192 0.0463102246060982 -0.496820601340451 -1.78843291585091 1.4794789204775 -1 0 1 1 2 1 0 2 2 2 2 2 2 2 2 2 0 0 2 1 1 1 2 1 1 2 2 1 1 1 1 2 0 0 0 1 2 1 0 2 1 0 1 2 2 2 2 1 2 2 1 1 1 0 1 1 0 1 1 2 2 1 1 1 0 0 0 1 1 0 1 2 2 2 2 2 0 0 2 1 1 2 1 0 0 1 2 0 2 1 0 1 0 1 1 1 1 1 1 0 0 0 -1 -1 -2 -1 0 -2 -2 -2 -2 -2 -2 -2 -2 -2 0 0 -2 -1 -1 -1 -2 -1 -1 -2 -2 -1 -1 -1 -1 -2 0 0 0 -1 -2 -1 0 -2 -1 0 -1 -2 -2 -2 -2 -1 -2 -2 -1 -1 -1 0 -1 -1 0 -1 -1 -2 -2 -1 -1 -1 0 0 0 -1 -1 0 -1 -2 -2 -2 -2 -2 0 0 -2 -1 -1 -2 -1 0 0 -1 -2 0 -2 -1 0 -1 0 -1 -1 -1 -1 -1 -1 0 0
0.637588554721809 0.673325229847299 -0.558621949410154 -0.356467607160766 -0.656867875642772 -1 2 2 2 2 2 0 2 2 1 2 1 2 0 2 1 0 0 2 1 0 0 0 0 0 0 1 0 0 1 0 1 1 0 0 1 2 0 0 2 1 2 2 1 2 2 1 0 1 0 2 2 1 1 2 1 0 2 1 1 2 1 0 1 1 0 0 2 0 0 1 2 2 2 1 2 0 0 1 1 2 2 2 0 2 2 2 2 2 1 0 0 0 1 2 2 2 1 0 0 0 -2 -2 -2 -2 -2 0 -2 -2 -1 -2 -1 -2 0 -2 -1 0 0 -2 -1 0 0 0 0 0 0 -1 0 0 -1 0 -1 -1 0 0 -1 -2 0 0 -2 -1 -2 -2 -1 -2 -2 -1 0 -1 0 -2 -2 -1 -1 -2 -1 0 -2 -1 -1 -2 -1 0 -1 -1 0 0 -2 0 0 -1 -2 -2 -2 -1 -2 0 0 -1 -1 -2 -2 -2 0 -2 -2 -2 -2 -2 -1 0 0 0 -1 -2 -2 -2 -1 0 0 0
0.405534854991778 0.638306758951324 1.02710030045949 -0.457857108466159 -0.098749896484687 1 0 1 1 1 1 0 2 1 1 2 1 1 1 1 0 0 0 0 0 1 0 1 2 2 2 1 0 2 1 1 2 0 0 0 2 2 1 1 2 0 1 2 2 1 2 2 1 1 1 2 2 1 1 1 2 0 1 0 1 2 1 1 2 0 1 0 2 1 0 1 1 2 2 1 2 1 1 2 1 2 2 2 1 1 1 2 0 1 1 0 1 1 2 1 0 1 1 1 0 0 0 1 1 1 1 0 2 1 1 2 1 1 1 1 0 0 0 0 0 1 0 1 2 2 2 1 0 2 1 1 2 0 0 0 2 2 1 1 2 0 1 2 2 1 2 2 1 1 1 2 2 1 1 1 2 0 1 0 1 2 1 1 2 0 1 0 2 1 0 1 1 2 2 1 2 1 1 2 1 2 2 2 1 1 1 2 0 1 1 0 1 1 2 1 0 1 1 1 0 0
0.389522620173714 2.03382025944152 1.34970396409299 -0.573120621149354 -0.138279214670995 1 0 1 0 0 2 0 2 2 2 2 0 2 2 0 0 0 0 2 0 1 1 1 2 1 2 2 1 1 1 2 2 2 1 1 2 1 0 1 2 2 1 2 0 1 2 2 1 0 0 0 0 1 1 0 1 0 0 0 1 1 0 0 2 2 1 0 1 1 0 1 1 1 1 1 2 1 0 2 1 2 1 2 1 1 0 2 0 0 0 0 0 0 2 1 1 1 2 2 1 0 0 1 0 0 2 0 2 2 2 2 0 2 2 0 0 0 0 2 0 1 1 1 2 1 2 2 1 1 1 2 2 2 1 1 2 1 0 1 2 2 1 2 0 1 2 2 1 0 0 0 0 1 1 0 1 0 0 0 1 1 0 0 2 2 1 0 1 1 0 1 1 1 1 1 2 1 0 2 1 2 1 2 1 1 0 2 0 0 0 0 0 0 2 1 1 1 2 2 1 0
-0.328967434139377 0.68406386467598 -1.48745558358467 1.32749297387622 1.86278701884373 -1 0 1 0 0 0 0 2 1 1 2 2 2 1 2 1 1 1 2 1 2 2 2 2 1 1 0 1 1 2 1 1 2 1 1 2 2 1 1 2 0 0 1 2 1 2 2 1 1 0 1 2 1 1 2 2 0 1 1 2 2 1 1 1 0 0 0 1 0 0 0 1 1 1 1 2 0 1 1 1 2 2 2 0 2 2 2 0 1 2 0 0 1 2 1 1 1 1 2 2 1 0 -1 0 0 0 0 -2 -1 -1 -2 -2 -2 -1 -2 -1 -1 -1 -2 -1 -2 -2 -2 -2 -1 -1 0 -1 -1 -2 -1 -1 -2 -1 -1 -2 -2 -1 -1 -2 0 0 -1 -2 -1 -2 -2 -1 -1 0 -1 -2 -1 -1 -2 -2 0 -1 -1 -2 -2 -1 -1 -1 0 0 0 -1 0 0 0 -1 -1 -1 -1 -2 0 -1 -1 -1 -2 -2 -2 0 -2 -2 -2 0 -1 -2 0 0 -1 -2 -1 -1 -1 -1 -2 -2 -1
1.16842977903937 -0.524394172963283 -0.0567008552025721 0.339465695369439 -0.527057798740863 -1 0 0 1 0 1 0 2 2 2 2 1 2 2 2 1 0 1 1 1 2 1 1 1 1 2 1 1 0 0 0 0 1 0 0 2 2 1 1 2 1 1 1 1 1 2 2 1 2 2 2 2 1 1 2 2 1 2 2 2 2 1 1 1 0 1 1 2 0 0 1 1 2 1 1 2 0 0 0 2 2 2 2 1 2 1 2 1 1 2 0 0 0 0 0 0 1 1 1 0 0 0 0 -1 0 -1 0 -2 -2 -2 -2 -1 -2 -2 -2 -1 0 -1 -1 -1 -2 -1 -1 -1 -1 -2 -1 -1 0 0 0 0 -1 0 0 -2 -2 -1 -1 -2 -1 -1 -1 -1 -1 -2 -2 -1 -2 -2 -2 -2 -1 -1 -2 -2 -1 -2 -2 -2 -2 -1 -1 -1 0 -1 -1 -2 0 0 -1 -1 -2 -1 -1 -2 0 0 0 -2 -2 -2 -2 -1 -2 -1 -2 -1 -1 -2 0 0 0 0 0 0 -1 -1 -1 0 0
-1.54063435798714 -0.735534065038886 0.841186463126404 0.321828337238096 -0.314510349312495 -1 0 1 0 0 1 0 2 1 2 2 2 2 2 1 0 0 0 2 1 2 1 2 2 1 2 2 0 0 1 2 1 2 0 1 2 2 1 1 2 0 1 1 2 2 2 1 0 0 0 2 2 2 1 2 2 1 1 0 0 1 1 2 1 0 0 0 2 1 0 1 2 1 0 1 1 0 0 1 1 2 2 2 0 2 2 2 0 1 0 0 0 1 2 0 0 0 1 0 0 0 0 -1 0 0 -1 0 -2 -1 -2 -2 -2 -2 -2 -1 0 0 0 -2 -1 -2 -1 -2 -2 -1 -2 -2 0 0 -1 -2 -1 -2 0 -1 -2 -2 -1 -1 -2 0 -1 -1 -2 -2 -2 -1 0 0 0 -2 -2 -2 -1 -2 -2 -1 -1 0 0 -1 -1 -2 -1 0 0 0 -2 -1 0 -1 -2 -1 0 -1 -1 0 0 -1 -1 -2 -2 -2 0 -2 -2 -2 0 -1 0 0 0 -1 -2 0 0 0 -1 0 0 0
1.39515993554174 -0.46757544022237 0.16577375874083 1.84125161369327 -0.500995180600453 -1 0 2 2 1 1 0 1 2 1 2 1 2 2 2 2 1 1 2 1 1 2 2 2 2 2 1 0 0 1 1 1 1 0 0 2 2 0 1 2 1 0 1 2 2 2 2 1 1 1 1 2 0 0 1 2 0 1 1 1 2 1 1 1 0 0 1 2 0 0 2 1 2 2 2 2 0 1 1 2 2 2 1 0 2 2 2 1 2 1 1 0 0 1 1 1 1 2 1 0 0 0 -2 -2 -1 -1 0 -1 -2 -1 -2 -1 -2 -2 -2 -2 -1 -1 -2 -1 -1 -2 -2 -2 -2 -2 -1 0 0 -1 -1 -1 -1 0 0 -2 -2 0 -1 -2 -1 0 -1 -2 -2 -2 -2 -1 -1 -1 -1 -2 0 0 -1 -2 0 -1 -1 -1 -2 -1 -1 -1 0 0 -1 -2 0 0 -2 -1 -2 -2 -2 -2 0 -1 -1 -2 -2 -2 -1 0 -2 -2 -2 -1 -2 -1 -1 0 0 -1 -1 -1 -1 -2 -1 0 0
0.419453698112671 0.422250185163284 -0.510225459414398 -1.15831102254292 0.571804723584617 1 1 2 2 1 2 0 2 2 1 2 0 1 1 0 0 0 0 0 0 1 0 1 1 0 2 2 0 0 1 1 0 0 0 0 2 2 2 1 2 1 1 1 1 2 2 2 0 1 0 0 2 1 1 1 1 1 1 0 1 2 1 0 1 0 1 0 2 0 0 0 1 2 1 0 2 0 0 2 2 2 2 2 1 2 1 2 2 2 1 0 0 0 1 1 0 0 2 2 1 0 1 2 2 1 2 0 2 2 1 2 0 1 1 0 0 0 0 0 0 1 0 1 1 0 2 2 0 0 1 1 0 0 0 0 2 2 2 1 2 1 1 1 1 2 2 2 0 1 0 0 2 1 1 1 1 1 1 0 1 2 1 0 1 0 1 0 2 0 0 0 1 2 1 0 2 0 0 2 2 2 2 2 1 2 1 2 2 2 1 0 0 0 1 1 0 0 2 2 1 0
-1.10948454683612 -0.816524935486366 -0.408790693308607 -0.791715741172186 0.26253779222755 -1 1 1 2 1 1 0 2 2 2 2 0 2 1 0 1 2 0 2 0 2 2 2 2 1 1 1 0 0 0 0 1 0 0 0 2 2 0 0 2 2 1 2 2 1 2 2 0 0 1 1 1 1 2 2 1 2 1 0 0 2 1 0 1 0 1 0 2 1 1 2 2 2 2 2 2 0 1 2 2 2 2 2 0 2 1 2 0 1 0 0 0 1 1 1 0 0 1 1 1 0 -1 -1 -2 -1 -1 0 -2 -2 -2 -2 0 -2 -1 0 -1 -2 0 -2 0 -2 -2 -2 -2 -1 -1 -1 0 0 0 0 -1 0 0 0 -2 -2 0 0 -2 -2 -1 -2 -2 -1 -2 -2 0 0 -1 -1 -1 -1 -2 -2 -1 -2 -1 0 0 -2 -1 0 -1 0 -1 0 -2 -1 -1 -2 -2 -2 -2 -2 -2 0 -1 -2 -2 -2 -2 -2 0 -2 -1 -2 0 -1 0 0 0 -1 -1 -1 0 0 -1 -1 -1 0
-0.869010392594044 0.848044710957077 -0.535535740532264 0.0741119742219241 0.717660020925226 1 2 2 2 2 1 0 2 2 1 2 2 2 2 2 1 1 0 2 1 2 0 0 1 0 0 0 1 1 2 1 2 1 0 0 1 2 0 1 1 1 1 1 1 2 2 1 0 0 0 0 2 0 0 2 2 0 1 1 1 2 1 2 2 2 0 0 1 0 0 0 1 2 1 1 1 0 1 2 0 2 2 2 1 2 2 2 0 2 2 1 0 0 0 0 0 0 0 0 0 0 2 2 2 2 1 0 2 2 1 2 2 2 2 2 1 1 0 2 1 2 0 0 1 0 0 0 1 1 2 1 2 1 0 0 1 2 0 1 1 1 1 1 1 2 2 1 0 0 0 0 2 0 0 2 2 0 1 1 1 2 1 2 2 2 0 0 1 0 0 0 1 2 1 1 1 0 1 2 0 2 2 2 1 2 2 2 0 2 2 1 0 0 0 0 0 0 0 0 0 0
-0.3027116505212 1.29678650593732 -0.597817927341333 0.936290347173801 0.27712927449418 1 0 1 2 2 2 1 2 2 2 2 0 2 1 1 1 1 0 1 0 2 0 0 2 1 2 1 1 0 1 1 1 1 0 0 2 2 1 1 1 0 1 1 2 2 2 2 1 1 1 1 2 1 1 2 2 0 1 1 0 1 0 0 0 0 0 0 1 0 0 1 1 1 0 2 2 1 1 2 1 2 2 1 0 1 2 2 1 2 0 0 0 0 1 1 0 0 1 2 1 0 0 1 2 2 2 1 2 2 2 2 0 2 1 1 1 1 0 1 0 2 0 0 2 1 2 1 1 0 1 1 1 1 0 0 2 2 1 1 1 0 1 1 2 2 2 2 1 1 1 1 2 1 1 2 2 0 1 1 0 1 0 0 0 0 0 0 1 0 0 1 1 1 0 2 2 1 1 2 1 2 2 1 0 1 2 2 1 2 0 0 0 0 1 1 0 0 1 2 1 0
-1.9363321534492 2.06189786752868 0.554663133546581 0.572010253390065 -0.910950408426508 1 0 0 0 2 2 0 2 2 2 2 2 2 1 1 1 1 0 1 1 2 0 2 2 0 1 0 0 1 0 1 1 1 1 1 2 2 0 0 2 1 1 2 2 2 2 2 1 1 1 1 1 1 0 1 1 0 1 0 2 2 2 1 2 0 1 0 2 1 0 1 2 2 2 2 2 1 1 2 1 2 2 2 0 2 1 2 0 2 1 0 1 0 0 0 1 1 0 1 1 0 0 0 0 2 2 0 2 2 2 2 2 2 1 1 1 1 0 1 1 2 0 2 2 0 1 0 0 1 0 1 1 1 1 1 2 2 0 0 2 1 1 2 2 2 2 2 1 1 1 1 1 1 0 1 1 0 1 0 2 2 2 1 2 0 1 0 2 1 0 1 2 2 2 2 2 1 1 2 1 2 2 2 0 2 1 2 0 2 1 0 1 0 0 0 1 1 0 1 1 0
-1.40411793682121 0.505828999664247 0.074164990088887 0.213135871282336 2.78261948544551 -1 1 2 2 2 0 0 1 1 2 2 0 1 0 0 0 1 1 2 2 2 2 0 1 0 1 1 0 0 1 1 2 1 0 0 2 2 1 1 2 1 1 2 1 2 2 2 1 1 1 1 2 1 0 2 2 1 1 2 2 2 2 1 2 1 0 0 1 0 0 0 0 2 2 1 2 0 1 2 2 2 2 2 1 2 2 2 0 0 1 0 1 1 2 2 1 0 0 1 1 0 -1 -2 -2 -2 0 0 -1 -1 -2 -2 0 -1 0 0 0 -1 -1 -2 -2 -2 -2 0 -1 0 -1 -1 0 0 -1 -1 -2 -1 0 0 -2 -2 -1 -1 -2 -1 -1 -2 -1 -2 -2 -2 -1 -1 -1 -1 -2 -1 0 -2 -2 -1 -1 -2 -2 -2 -2 -1 -2 -1 0 0 -1 0 0 0 0 -2 -2 -1 -2 0 -1 -2 -2 -2 -2 -2 -1 -2 -2 -2 0 0 -1 0 -1 -1 -2 -2 -1 0 0 -1 -1 0
-1.57182926497874 0.226052415291416 -1.58075787088846 -0.309423017735517 0.247665493590623 -1 0 0 1 1 1 0 2 2 2 2 1 2 2 0 0 0 0 1 1 0 0 1 2 0 0 1 1 0 0 1 2 1 0 0 2 2 0 1 2 1 1 2 2 2 2 2 2 2 1 2 2 1 1 2 2 0 1 1 1 2 0 1 2 1 0 0 2 1 1 1 2 0 0 2 2 0 0 1 2 1 2 2 1 2 2 2 1 2 0 0 1 0 0 0 0 0 1 2 1 0 0 0 -1 -1 -1 0 -2 -2 -2 -2 -1 -2 -2 0 0 0 0 -1 -1 0 0 -1 -2 0 0 -1 -1 0 0 -1 -2 -1 0 0 -2 -2 0 -1 -2 -1 -1 -2 -2 -2 -2 -2 -2 -2 -1 -2 -2 -1 -1 -2 -2 0 -1 -1 -1 -2 0 -1 -2 -1 0 0 -2 -1 -1 -1 -2 0 0 -2 -2 0 0 -1 -2 -1 -2 -2 -1 -2 -2 -2 -1 -2 0 0 -1 0 0 0 0 0 -1 -2 -1 0
0.422719912874047 1.27986193297928 -0.323923388625409 1.97479041656786 -1.4934277754102 -1 0 0 1 0 1 0 2 2 2 2 1 2 2 1 1 0 0 2 2 2 1 1 2 1 1 2 2 1 1 2 0 0 0 1 2 2 1 1 2 0 1 1 1 2 2 2 0 0 0 1 2 1 1 2 1 2 2 1 2 2 1 1 1 0 0 0 1 0 0 0 2 2 2 1 1 0 0 1 0 2 2 2 0 2 1 2 0 1 0 1 2 0 0 1 2 1 1 2 2 0 0 0 -1 0 -1 0 -2 -2 -2 -2 -1 -2 -2 -1 -1 0 0 -2 -2 -2 -1 -1 -2 -1 -1 -2 -2 -1 -1 -2 0 0 0 -1 -2 -2 -1 -1 -2 0 -1 -1 -1 -2 -2 -2 0 0 0 -1 -2 -1 -1 -2 -1 -2 -2 -1 -2 -2 -1 -1 -1 0 0 0 -1 0 0 0 -2 -2 -2 -1 -1 0 0 -1 0 -2 -2 -2 0 -2 -1 -2 0 -1 0 -1 -2 0 0 -1 -2 -1 -1 -2 -2 0
-3.08257129937775 0.07572184010391 0.982560495438408 -0.836040481434522 0.467990738307513 -1 1 2 1 1 1 0 2 2 2 2 0 0 1 1 1 0 0 2 1 2 0 0 1 1 2 2 0 0 1 0 1 1 0 0 2 2 0 1 2 2 1 1 2 1 2 1 0 0 0 0 1 0 0 1 1 0 1 1 2 2 1 0 1 0 0 0 0 0 0 0 2 1 1 2 2 0 1 2 1 2 2 2 0 2 0 2 0 1 1 0 0 1 2 1 0 1 2 1 0 0 -1 -2 -1 -1 -1 0 -2 -2 -2 -2 0 0 -1 -1 -1 0 0 -2 -1 -2 0 0 -1 -1 -2 -2 0 0 -1 0 -1 -1 0 0 -2 -2 0 -1 -2 -2 -1 -1 -2 -1 -2 -1 0 0 0 0 -1 0 0 -1 -1 0 -1 -1 -2 -2 -1 0 -1 0 0 0 0 0 0 0 -2 -1 -1 -2 -2 0 -1 -2 -1 -2 -2 -2 0 -2 0 -2 0 -1 -1 0 0 -1 -2 -1 0 -1 -2 -1 0 0
-0.372999802951002 -0.663153412451649 -0.343382413265365 1.51478113696911 -0.341575022343514 -1 0 1 1 0 0 0 2 1 0 2 0 1 1 0 1 0 0 0 1 1 1 1 2 2 1 1 1 0 1 1 2 2 2 1 2 2 2 2 2 2 2 1 0 1 2 2 0 1 1 2 2 1 1 1 0 0 0 1 2 2 1 1 1 0 0 0 2 1 1 1 2 1 0 1 2 1 2 1 2 2 2 2 0 1 1 2 0 0 0 0 1 0 2 2 2 1 1 2 1 0 0 -1 -1 0 0 0 -2 -1 0 -2 0 -1 -1 0 -1 0 0 0 -1 -1 -1 -1 -2 -2 -1 -1 -1 0 -1 -1 -2 -2 -2 -1 -2 -2 -2 -2 -2 -2 -2 -1 0 -1 -2 -2 0 -1 -1 -2 -2 -1 -1 -1 0 0 0 -1 -2 -2 -1 -1 -1 0 0 0 -2 -1 -1 -1 -2 -1 0 -1 -2 -1 -2 -1 -2 -2 -2 -2 0 -1 -1 -2 0 0 0 0 -1 0 -2 -2 -2 -1 -1 -2 -1 0
-0.813231698271122 0.386961093628061 -0.604369087391185 0.473119559618668 0.117977410487971 1 0 2 2 1 0 0 2 1 1 2 1 2 1 2 1 1 0 1 0 1 0 2 2 2 2 0 0 0 0 2 2 2 1 0 2 2 0 0 1 0 0 0 0 2 2 1 0 0 0 1 2 2 2 2 2 0 1 0 2 2 1 1 1 0 0 0 2 1 2 2 2 2 1 1 2 0 0 2 1 2 2 2 1 2 2 2 0 0 0 0 0 0 0 0 1 0 1 0 1 0 0 2 2 1 0 0 2 1 1 2 1 2 1 2 1 1 0 1 0 1 0 2 2 2 2 0 0 0 0 2 2 2 1 0 2 2 0 0 1 0 0 0 0 2 2 1 0 0 0 1 2 2 2 2 2 0 1 0 2 2 1 1 1 0 0 0 2 1 2 2 2 2 1 1 2 0 0 2 1 2 2 2 1 2 2 2 0 0 0 0 0 0 0 0 1 0 1 0 1 0
0.380700357341553 0.864862511210254 0.614904271947538 -2.23806761149132 -0.741376700666503 -1 2 2 2 2 1 0 2 2 1 2 1 1 2 2 1 0 0 1 0 2 1 1 1 1 1 1 1 1 1 1 1 2 0 1 2 2 1 1 2 2 2 1 0 2 2 2 0 0 0 0 1 1 1 2 1 0 0 0 0 2 1 0 1 1 0 0 2 0 0 0 1 1 1 2 2 0 1 2 1 2 2 1 0 2 2 2 0 0 1 0 0 0 1 1 1 2 2 1 1 0 -2 -2 -2 -2 -1 0 -2 -2 -1 -2 -1 -1 -2 -2 -1 0 0 -1 0 -2 -1 -1 -1 -1 -1 -1 -1 -1 -1 -1 -1 -2 0 -1 -2 -2 -1 -1 -2 -2 -2 -1 0 -2 -2 -2 0 0 0 0 -1 -1 -1 -2 -1 0 0 0 0 -2 -1 0 -1 -1 0 0 -2 0 0 0 -1 -1 -1 -2 -2 0 -1 -2 -1 -2 -2 -1 0 -2 -2 -2 0 0 -1 0 0 0 -1 -1 -1 -2 -2 -1 -1 0
-0.0748392266983324 -1.26594720807557 0.516568376535241 -0.24214934371965 -0.941491050648798 -1 1 2 2 1 1 0 2 1 1 1 0 1 2 2 0 0 0 1 1 2 1 0 1 0 1 1 1 1 1 2 2 2 1 0 2 2 1 0 1 0 1 2 2 1 2 2 1 1 1 1 2 2 2 2 2 0 1 1 1 1 0 1 1 0 1 1 2 0 0 0 1 2 2 1 2 0 1 2 0 2 2 2 1 2 1 2 0 2 1 0 0 1 1 1 1 0 1 1 0 0 -1 -2 -2 -1 -1 0 -2 -1 -1 -1 0 -1 -2 -2 0 0 0 -1 -1 -2 -1 0 -1 0 -1 -1 -1 -1 -1 -2 -2 -2 -1 0 -2 -2 -1 0 -1 0 -1 -2 -2 -1 -2 -2 -1 -1 -1 -1 -2 -2 -2 -2 -2 0 -1 -1 -1 -1 0 -1 -1 0 -1 -1 -2 0 0 0 -1 -2 -2 -1 -2 0 -1 -2 0 -2 -2 -2 -1 -2 -1 -2 0 -2 -1 0 0 -1 -1 -1 -1 0 -1 -1 0 0
0.456492318709786 0.650374616410374 0.48402832716542 0.734563076914795 -0.599895267938913 -1 1 2 2 1 1 0 2 2 2 2 1 2 1 1 1 1 0 2 2 1 0 1 1 1 2 1 0 0 1 1 1 2 0 0 2 2 1 2 2 2 1 2 1 2 2 1 0 0 2 2 2 1 0 2 1 1 2 0 0 2 0 1 1 1 0 0 2 0 1 1 2 2 2 1 2 0 0 1 0 2 2 1 0 2 1 2 0 1 1 0 0 0 0 1 1 2 1 1 0 0 -1 -2 -2 -1 -1 0 -2 -2 -2 -2 -1 -2 -1 -1 -1 -1 0 -2 -2 -1 0 -1 -1 -1 -2 -1 0 0 -1 -1 -1 -2 0 0 -2 -2 -1 -2 -2 -2 -1 -2 -1 -2 -2 -1 0 0 -2 -2 -2 -1 0 -2 -1 -1 -2 0 0 -2 0 -1 -1 -1 0 0 -2 0 -1 -1 -2 -2 -2 -1 -2 0 0 -1 0 -2 -2 -1 0 -2 -1 -2 0 -1 -1 0 0 0 0 -1 -1 -2 -1 -1 0 0
-0.861081856687286 0.756639187438149 0.29938584535551 -0.157651443615142 -1.11983231636867 -1 0 2 2 2 0 0 2 2 2 2 0 2 1 2 1 1 0 1 1 1 0 1 1 0 2 0 0 0 0 2 1 1 0 0 1 2 1 1 2 1 0 2 2 2 2 2 1 2 1 1 2 2 1 1 1 0 0 0 0 2 1 1 1 1 0 0 2 0 0 1 1 2 2 2 2 0 0 2 1 2 2 1 0 1 1 2 0 2 1 0 0 0 0 1 1 0 0 1 1 0 0 -2 -2 -2 0 0 -2 -2 -2 -2 0 -2 -1 -2 -1 -1 0 -1 -1 -1 0 -1 -1 0 -2 0 0 0 0 -2 -1 -1 0 0 -1 -2 -1 -1 -2 -1 0 -2 -2 -2 -2 -2 -1 -2 -1 -1 -2 -2 -1 -1 -1 0 0 0 0 -2 -1 -1 -1 -1 0 0 -2 0 0 -1 -1 -2 -2 -2 -2 0 0 -2 -1 -2 -2 -1 0 -1 -1 -2 0 -2 -1 0 0 0 0 -1 -1 0 0 -1 -1 0
2.15635810133916 -0.503257595350895 0.264372466104083 -1.17638127850085 0.747203265930023 1 0 1 0 0 0 0 2 2 2 2 1 2 2 1 1 0 0 2 1 1 0 0 1 0 1 0 0 1 0 1 1 2 1 1 2 1 1 2 2 0 0 2 1 1 2 2 0 0 0 0 2 0 0 2 1 0 1 0 2 2 1 0 1 1 0 0 2 0 0 0 1 2 2 1 2 0 1 2 2 2 2 2 1 2 2 1 1 2 1 0 0 0 1 1 0 0 2 1 0 0 0 1 0 0 0 0 2 2 2 2 1 2 2 1 1 0 0 2 1 1 0 0 1 0 1 0 0 1 0 1 1 2 1 1 2 1 1 2 2 0 0 2 1 1 2 2 0 0 0 0 2 0 0 2 1 0 1 0 2 2 1 0 1 1 0 0 2 0 0 0 1 2 2 1 2 0 1 2 2 2 2 2 1 2 2 1 1 2 1 0 0 0 1 1 0 0 2 1 0 0
-1.79898328255875 0.567828204297388 0.441491668943087 0.0224375107791691 -0.310183856906995 1 0 2 1 1 1 0 2 2 2 2 1 1 1 0 0 0 0 1 1 0 0 1 1 1 1 1 0 1 2 1 2 1 0 0 2 2 0 1 2 1 0 1 1 2 2 1 0 0 0 0 2 1 1 2 2 0 1 1 2 2 1 1 1 0 0 1 2 0 0 0 1 2 2 1 2 0 0 0 1 2 2 2 1 2 2 2 0 1 2 1 0 0 0 0 0 1 2 1 0 0 0 2 1 1 1 0 2 2 2 2 1 1 1 0 0 0 0 1 1 0 0 1 1 1 1 1 0 1 2 1 2 1 0 0 2 2 0 1 2 1 0 1 1 2 2 1 0 0 0 0 2 1 1 2 2 0 1 1 2 2 1 1 1 0 0 1 2 0 0 0 1 2 2 1 2 0 0 0 1 2 2 2 1 2 2 2 0 1 2 1 0 0 0 0 0 1 2 1 0 0
0.924071049236742 -0.1081763966908 -1.8426134292729 0.678804961013595 0.756420805476471 -1 0 2 2 1 1 0 2 2 2 2 0 1 1 2 0 0 0 2 2 2 1 1 0 1 2 2 1 1 1 2 1 2 1 1 2 2 1 2 2 1 1 2 2 2 2 2 1 1 1 1 1 0 0 2 2 2 2 1 2 2 1 2 2 1 0 0 2 0 0 0 0 2 0 0 2 0 0 1 2 2 2 2 1 1 2 2 1 1 1 1 1 1 0 1 0 1 2 1 0 0 0 -2 -2 -1 -1 0 -2 -2 -2 -2 0 -1 -1 -2 0 0 0 -2 -2 -2 -1 -1 0 -1 -2 -2 -1 -1 -1 -2 -1 -2 -1 -1 -2 -2 -1 -2 -2 -1 -1 -2 -2 -2 -2 -2 -1 -1 -1 -1 -1 0 0 -2 -2 -2 -2 -1 -2 -2 -1 -2 -2 -1 0 0 -2 0 0 0 0 -2 0 0 -2 0 0 -1 -2 -2 -2 -2 -1 -1 -2 -2 -1 -1 -1 -1 -1 -1 0 -1 0 -1 -2 -1 0 0
-0.0900321738632907 0.571692746028263 -0.604122383720223 0.515161146709326 0.49245248981198 1 0 1 1 1 0 0 2 1 1 2 1 2 1 2 2 1 0 0 0 2 1 2 1 2 1 1 1 1 0 2 1 2 0 0 2 2 2 1 2 1 1 1 0 2 2 2 1 0 1 1 2 0 0 0 1 1 2 0 0 1 1 1 1 1 0 0 2 0 0 0 1 2 0 1 2 0 0 1 2 2 2 2 0 2 2 2 0 0 0 0 0 0 0 2 1 1 1 0 0 0 0 1 1 1 0 0 2 1 1 2 1 2 1 2 2 1 0 0 0 2 1 2 1 2 1 1 1 1 0 2 1 2 0 0 2 2 2 1 2 1 1 1 0 2 2 2 1 0 1 1 2 0 0 0 1 1 2 0 0 1 1 1 1 1 0 0 2 0 0 0 1 2 0 1 2 0 0 1 2 2 2 2 0 2 2 2 0 0 0 0 0 0 0 2 1 1 1 0 0 0
-0.090010571913967 -0.000707788895656855 -0.0802716957148075 0.847536226553576 0.568137441800914 1 2 2 2 2 2 0 2 2 2 2 1 2 1 1 1 1 1 1 1 2 0 1 2 1 2 1 0 1 1 1 2 2 1 0 2 2 1 0 2 0 2 2 1 1 2 1 0 0 0 1 2 1 2 2 2 0 2 2 2 2 0 0 1 1 0 0 2 0 0 0 1 2 1 0 1 0 0 0 2 2 2 2 1 2 2 2 0 1 1 0 1 2 1 0 1 0 2 1 0 0 2 2 2 2 2 0 2 2 2 2 1 2 1 1 1 1 1 1 1 2 0 1 2 1 2 1 0 1 1 1 2 2 1 0 2 2 1 0 2 0 2 2 1 1 2 1 0 0 0 1 2 1 2 2 2 0 2 2 2 2 0 0 1 1 0 0 2 0 0 0 1 2 1 0 1 0 0 0 2 2 2 2 1 2 2 2 0 1 1 0 1 2 1 0 1 0 2 1 0 0
-0.425517097672353 0.650049944866126 -0.184022113167906 0.121296130039808 -1.13340933089465 1 0 1 0 0 0 0 2 1 2 2 0 0 0 1 1 1 0 2 1 0 0 0 1 1 0 1 0 0 1 2 1 1 0 0 1 2 1 0 1 0 0 2 2 2 2 2 1 2 2 2 2 2 2 2 2 0 1 1 1 2 0 0 1 0 1 0 2 1 0 0 1 2 2 2 2 0 1 2 1 2 2 2 1 2 1 2 1 2 1 0 1 0 1 1 1 0 0 1 0 1 0 1 0 0 0 0 2 1 2 2 0 0 0 1 1 1 0 2 1 0 0 0 1 1 0 1 0 0 1 2 1 1 0 0 1 2 1 0 1 0 0 2 2 2 2 2 1 2 2 2 2 2 2 2 2 0 1 1 1 2 0 0 1 0 1 0 2 1 0 0 1 2 2 2 2 0 1 2 1 2 2 2 1 2 1 2 1 2 1 0 1 0 1 1 1 0 0 1 0 1
0.297593320872115 -0.317753874131329 -2.00511863818364 0.721791772534345 -0.409063995662809 -1 0 2 1 1 1 0 1 2 2 2 1 1 0 0 0 0 0 0 2 1 0 0 1 2 1 1 0 0 1 0 0 1 0 0 2 2 1 2 2 0 0 1 1 1 2 1 1 2 1 1 2 1 1 2 1 0 1 0 1 1 0 2 1 0 0 0 2 0 0 1 2 2 2 1 2 0 1 2 1 2 2 2 1 2 2 2 2 2 2 1 0 0 1 1 1 0 0 0 0 0 0 -2 -1 -1 -1 0 -1 -2 -2 -2 -1 -1 0 0 0 0 0 0 -2 -1 0 0 -1 -2 -1 -1 0 0 -1 0 0 -1 0 0 -2 -2 -1 -2 -2 0 0 -1 -1 -1 -2 -1 -1 -2 -1 -1 -2 -1 -1 -2 -1 0 -1 0 -1 -1 0 -2 -1 0 0 0 -2 0 0 -1 -2 -2 -2 -1 -2 0 -1 -2 -1 -2 -2 -2 -1 -2 -2 -2 -2 -2 -2 -1 0 0 -1 -1 -1 0 0 0 0 0
0.484382232773167 -0.520915625756672 -0.429169464768285 1.23370818892584 -0.632526570194326 1 0 1 1 1 1 0 1 1 1 2 2 2 2 1 0 0 0 0 1 2 1 1 0 0 0 0 0 0 0 1 0 2 0 0 2 2 1 1 2 0 1 2 1 2 2 2 0 1 0 1 2 1 0 1 0 0 2 2 2 2 1 1 1 0 0 0 2 0 0 0 1 2 2 2 2 0 0 0 2 2 2 2 2 2 2 2 1 2 1 1 2 1 2 2 2 1 2 1 0 0 0 1 1 1 1 0 1 1 1 2 2 2 2 1 0 0 0 0 1 2 1 1 0 0 0 0 0 0 0 1 0 2 0 0 2 2 1 1 2 0 1 2 1 2 2 2 0 1 0 1 2 1 0 1 0 0 2 2 2 2 1 1 1 0 0 0 2 0 0 0 1 2 2 2 2 0 0 0 2 2 2 2 2 2 2 2 1 2 1 1 2 1 2 2 2 1 2 1 0 0
-0.516377289201886 -1.28391775804065 -1.2135735053112 -0.204823624259952 0.7892254607313 -1 0 2 2 2 2 0 2 2 2 2 0 1 0 1 0 0 0 1 2 1 0 1 1 0 1 0 0 1 0 2 1 1 1 0 1 2 0 1 2 2 1 1 1 2 2 1 0 1 2 2 2 0 1 2 2 0 1 0 1 2 1 1 2 0 0 0 2 1 0 1 2 2 2 2 2 0 2 2 1 2 2 2 2 2 2 2 0 0 0 0 0 0 1 0 1 1 0 1 0 0 0 -2 -2 -2 -2 0 -2 -2 -2 -2 0 -1 0 -1 0 0 0 -1 -2 -1 0 -1 -1 0 -1 0 0 -1 0 -2 -1 -1 -1 0 -1 -2 0 -1 -2 -2 -1 -1 -1 -2 -2 -1 0 -1 -2 -2 -2 0 -1 -2 -2 0 -1 0 -1 -2 -1 -1 -2 0 0 0 -2 -1 0 -1 -2 -2 -2 -2 -2 0 -2 -2 -1 -2 -2 -2 -2 -2 -2 -2 0 0 0 0 0 0 -1 0 -1 -1 0 -1 0 0
-0.3175531303369 -0.943079395475254 -1.18646506654901 1.04218546560916 -0.465059021544984 -1 1 2 2 2 1 0 1 2 2 2 2 2 1 1 0 0 0 1 1 2 1 1 1 1 1 2 0 0 0 1 2 1 0 1 2 2 1 1 2 0 0 1 1 2 2 2 1 1 1 1 2 0 0 2 2 0 0 0 0 2 2 0 1 1 0 0 1 0 1 2 2 1 1 2 1 0 0 1 2 2 2 1 0 1 2 2 0 1 2 0 1 1 2 2 1 1 1 2 0 0 -1 -2 -2 -2 -1 0 -1 -2 -2 -2 -2 -2 -1 -1 0 0 0 -1 -1 -2 -1 -1 -1 -1 -1 -2 0 0 0 -1 -2 -1 0 -1 -2 -2 -1 -1 -2 0 0 -1 -1 -2 -2 -2 -1 -1 -1 -1 -2 0 0 -2 -2 0 0 0 0 -2 -2 0 -1 -1 0 0 -1 0 -1 -2 -2 -1 -1 -2 -1 0 0 -1 -2 -2 -2 -1 0 -1 -2 -2 0 -1 -2 0 -1 -1 -2 -2 -1 -1 -1 -2 0 0
1.77956249623987 0.743760955333607 -0.100544415934953 0.765768358223138 0.772090106456856 1 1 1 1 2 1 0 2 1 1 2 1 1 0 1 0 0 0 1 0 1 0 1 2 1 1 1 0 0 1 2 2 2 1 0 2 2 1 1 2 1 1 1 2 2 2 2 2 2 1 2 2 0 1 2 2 1 0 1 1 2 1 1 2 1 1 0 2 0 0 1 2 2 1 1 2 0 0 1 1 2 2 1 1 2 2 2 2 2 2 0 1 0 0 1 0 0 0 0 0 0 1 1 1 2 1 0 2 1 1 2 1 1 0 1 0 0 0 1 0 1 0 1 2 1 1 1 0 0 1 2 2 2 1 0 2 2 1 1 2 1 1 1 2 2 2 2 2 2 1 2 2 0 1 2 2 1 0 1 1 2 1 1 2 1 1 0 2 0 0 1 2 2 1 1 2 0 0 1 1 2 2 1 1 2 2 2 2 2 2 0 1 0 0 1 0 0 0 0 0 0
-0.799152494176634 1.06877313573895 0.0920322539496648 -2.86008227271555 0.562371992302859 -1 0 2 2 1 2 0 2 2 2 2 0 2 1 1 0 0 0 2 1 2 1 1 1 1 1 2 1 0 1 0 1 1 1 0 2 2 1 0 1 0 1 1 1 1 1 1 0 2 1 1 0 1 0 1 1 0 2 2 1 2 0 1 2 1 1 0 1 1 0 1 2 2 2 1 2 0 1 1 2 2 2 1 0 2 1 2 0 1 2 0 1 0 0 0 1 0 1 1 0 0 0 -2 -2 -1 -2 0 -2 -2 -2 -2 0 -2 -1 -1 0 0 0 -2 -1 -2 -1 -1 -1 -1 -1 -2 -1 0 -1 0 -1 -1 -1 0 -2 -2 -1 0 -1 0 -1 -1 -1 -1 -1 -1 0 -2 -1 -1 0 -1 0 -1 -1 0 -2 -2 -1 -2 0 -1 -2 -1 -1 0 -1 -1 0 -1 -2 -2 -2 -1 -2 0 -1 -1 -2 -2 -2 -1 0 -2 -1 -2 0 -1 -2 0 -1 0 0 0 -1 0 -1 -1 0 0
-0.9435517326358 0.12276877875897 -0.600666097428354 -0.413838796170621 -1.93924230278952 1 0 2 2 2 1 0 2 1 1 2 0 0 1 1 0 1 1 2 2 2 2 1 1 0 2 1 1 1 1 1 1 1 0 0 2 2 2 1 2 0 0 2 1 1 2 2 0 0 0 0 1 1 2 1 1 0 1 1 1 2 0 0 1 1 0 0 1 0 1 1 1 2 1 1 2 0 1 0 1 1 1 1 0 1 0 2 0 0 2 1 0 0 1 0 0 0 0 0 0 0 0 2 2 2 1 0 2 1 1 2 0 0 1 1 0 1 1 2 2 2 2 1 1 0 2 1 1 1 1 1 1 1 0 0 2 2 2 1 2 0 0 2 1 1 2 2 0 0 0 0 1 1 2 1 1 0 1 1 1 2 0 0 1 1 0 0 1 0 1 1 1 2 1 1 2 0 1 0 1 1 1 1 0 1 0 2 0 0 2 1 0 0 1 0 0 0 0 0 0 0
-0.55765396978474 0.721322220826631 -2.25865391995424 -0.279252256989135 -1.72351157072566 1 1 2 1 1 1 0 2 2 2 2 1 1 0 0 0 0 0 1 1 2 1 1 1 1 2 2 0 1 1 1 1 1 0 0 2 2 0 1 2 1 1 1 1 1 2 2 0 0 0 0 2 0 0 0 0 0 0 0 2 2 1 1 1 0 1 1 2 1 0 0 1 2 1 1 1 0 0 1 1 2 2 2 0 1 0 2 1 2 0 0 0 0 1 1 1 1 1 1 0 0 1 2 1 1 1 0 2 2 2 2 1 1 0 0 0 0 0 1 1 2 1 1 1 1 2 2 0 1 1 1 1 1 0 0 2 2 0 1 2 1 1 1 1 1 2 2 0 0 0 0 2 0 0 0 0 0 0 0 2 2 1 1 1 0 1 1 2 1 0 0 1 2 1 1 1 0 0 1 1 2 2 2 0 1 0 2 1 2 0 0 0 0 1 1 1 1 1 1 0 0
-0.156080035100712 -1.40588135012281 0.582637035491038 1.34067173167704 0.737627078426989 1 2 2 1 1 2 0 2 2 2 2 0 1 0 0 0 0 0 1 1 0 1 2 2 1 2 2 0 1 1 1 1 1 1 0 2 2 1 1 2 1 2 2 0 2 2 2 0 0 0 0 1 0 1 1 1 0 1 1 1 2 0 0 1 0 0 0 1 0 0 0 1 2 2 2 2 0 1 2 1 2 2 2 0 1 2 2 1 1 1 0 1 0 1 2 1 1 2 2 1 0 2 2 1 1 2 0 2 2 2 2 0 1 0 0 0 0 0 1 1 0 1 2 2 1 2 2 0 1 1 1 1 1 1 0 2 2 1 1 2 1 2 2 0 2 2 2 0 0 0 0 1 0 1 1 1 0 1 1 1 2 0 0 1 0 0 0 1 0 0 0 1 2 2 2 2 0 1 2 1 2 2 2 0 1 2 2 1 1 1 0 1 0 1 2 1 1 2 2 1 0
-0.624552480731147 0.0298969078244265 -1.62800041183902 -1.11618075052275 0.697483945345778 1 0 2 1 0 1 0 2 2 1 2 1 1 1 2 1 0 1 2 1 2 1 2 2 2 2 2 0 1 1 1 1 2 0 0 2 2 1 2 2 0 1 2 0 0 1 1 0 0 0 2 2 2 1 2 2 1 2 2 1 2 1 1 2 2 1 0 1 1 1 1 2 1 0 0 0 0 0 2 2 2 2 2 1 2 2 2 1 2 1 0 0 0 1 0 0 0 1 1 0 0 0 2 1 0 1 0 2 2 1 2 1 1 1 2 1 0 1 2 1 2 1 2 2 2 2 2 0 1 1 1 1 2 0 0 2 2 1 2 2 0 1 2 0 0 1 1 0 0 0 2 2 2 1 2 2 1 2 2 1 2 1 1 2 2 1 0 1 1 1 1 2 1 0 0 0 0 0 2 2 2 2 2 1 2 2 2 1 2 1 0 0 0 1 0 0 0 1 1 0 0
-1.46485010047259 -1.55335642415105 -0.825360039209971 1.92452202803156 0.728466879233508 -1 1 2 2 1 2 0 2 2 1 2 0 0 0 1 0 1 1 2 2 2 1 2 2 1 2 2 1 1 0 1 2 1 0 0 2 2 2 1 2 0 0 1 1 2 2 2 1 1 2 2 2 2 1 2 1 1 1 0 1 2 1 1 2 1 0 1 1 0 0 0 0 2 2 2 2 0 0 1 1 2 2 2 0 2 2 2 1 1 0 0 1 0 0 0 1 1 0 0 0 0 -1 -2 -2 -1 -2 0 -2 -2 -1 -2 0 0 0 -1 0 -1 -1 -2 -2 -2 -1 -2 -2 -1 -2 -2 -1 -1 0 -1 -2 -1 0 0 -2 -2 -2 -1 -2 0 0 -1 -1 -2 -2 -2 -1 -1 -2 -2 -2 -2 -1 -2 -1 -1 -1 0 -1 -2 -1 -1 -2 -1 0 -1 -1 0 0 0 0 -2 -2 -2 -2 0 0 -1 -1 -2 -2 -2 0 -2 -2 -2 -1 -1 0 0 -1 0 0 0 -1 -1 0 0 0 0
0.0192219056450106 2.06041598654816 0.646015030465846 -0.719104019988982 0.514829763660669 1 0 1 2 1 1 0 2 2 2 2 0 1 1 2 1 1 0 2 2 2 1 1 2 1 1 2 1 0 0 0 1 1 1 0 2 2 0 0 2 1 2 2 2 2 2 2 0 0 0 1 2 2 1 1 1 0 1 0 1 1 0 1 2 0 0 1 2 1 1 1 2 2 2 1 2 0 1 1 1 2 2 2 2 2 2 2 0 0 0 0 1 0 0 1 1 0 2 1 0 0 0 1 2 1 1 0 2 2 2 2 0 1 1 2 1 1 0 2 2 2 1 1 2 1 1 2 1 0 0 0 1 1 1 0 2 2 0 0 2 1 2 2 2 2 2 2 0 0 0 1 2 2 1 1 1 0 1 0 1 1 0 1 2 0 0 1 2 1 1 1 2 2 2 1 2 0 1 1 1 2 2 2 2 2 2 2 0 0 0 0 1 0 0 1 1 0 2 1 0 0
-0.419049241918153 -1.02773018625382 -0.122012516779808 -0.517170203193943 -0.474955004748697 1 0 2 2 1 1 0 2 2 2 2 2 2 2 1 1 1 1 1 1 2 0 0 1 1 1 2 1 0 1 1 1 1 0 0 1 2 0 0 2 1 1 2 1 2 2 2 1 2 2 1 2 2 2 2 2 0 0 1 2 1 0 0 0 0 0 1 2 1 0 2 2 2 1 1 2 0 2 2 1 2 2 2 0 1 0 2 0 2 2 1 0 0 0 1 1 0 2 1 0 0 0 2 2 1 1 0 2 2 2 2 2 2 2 1 1 1 1 1 1 2 0 0 1 1 1 2 1 0 1 1 1 1 0 0 1 2 0 0 2 1 1 2 1 2 2 2 1 2 2 1 2 2 2 2 2 0 0 1 2 1 0 0 0 0 0 1 2 1 0 2 2 2 1 1 2 0 2 2 1 2 2 2 0 1 0 2 0 2 2 1 0 0 0 1 1 0 2 1 0 0
-0.261642404765933 1.57963125061939 -0.794789251668389 -0.903446395254964 1.17965951163173 -1 1 2 2 2 1 0 2 1 1 2 0 0 1 2 2 0 0 2 2 1 1 1 1 2 1 0 0 0 0 0 0 1 0 0 2 2 0 1 2 1 1 2 2 1 2 2 0 0 1 2 2 1 1 2 2 1 2 1 2 2 2 2 2 0 0 0 1 0 0 2 1 1 1 1 2 0 1 2 1 2 2 2 1 2 1 2 0 0 1 0 0 0 2 1 1 1 2 2 1 0 -1 -2 -2 -2 -1 0 -2 -1 -1 -2 0 0 -1 -2 -2 0 0 -2 -2 -1 -1 -1 -1 -2 -1 0 0 0 0 0 0 -1 0 0 -2 -2 0 -1 -2 -1 -1 -2 -2 -1 -2 -2 0 0 -1 -2 -2 -1 -1 -2 -2 -1 -2 -1 -2 -2 -2 -2 -2 0 0 0 -1 0 0 -2 -1 -1 -1 -1 -2 0 -1 -2 -1 -2 -2 -2 -1 -2 -1 -2 0 0 -1 0 0 0 -2 -1 -1 -1 -2 -2 -1 0
-0.92917222866947 0.808044117209694 -0.0800751430495414 -1.05875513205804 0.402668743540414 1 0 2 1 0 0 0 2 1 1 2 1 2 1 1 0 0 0 1 1 2 0 1 2 1 2 2 1 1 2 1 2 1 1 0 2 2 0 1 2 1 1 2 1 1 2 1 0 1 1 2 2 1 1 2 2 0 1 1 1 2 0 1 1 0 1 0 1 0 0 1 2 2 2 1 2 0 0 0 2 2 2 2 1 2 1 2 0 0 0 0 0 0 0 1 1 0 1 1 0 0 0 2 1 0 0 0 2 1 1 2 1 2 1 1 0 0 0 1 1 2 0 1 2 1 2 2 1 1 2 1 2 1 1 0 2 2 0 1 2 1 1 2 1 1 2 1 0 1 1 2 2 1 1 2 2 0 1 1 1 2 0 1 1 0 1 0 1 0 0 1 2 2 2 1 2 0 0 0 2 2 2 2 1 2 1 2 0 0 0 0 0 0 0 1 1 0 1 1 0 0
-1.3109594515006 -0.905701455590752 0.109595823005713 -0.0422567717492774 0.40644089548586 1 1 2 1 0 0 0 2 2 2 2 1 2 2 1 1 0 0 1 1 1 0 0 1 1 2 2 0 0 0 2 2 1 1 0 2 2 2 0 2 0 0 0 1 1 1 1 2 1 0 1 2 0 1 2 1 0 0 0 0 2 1 1 1 0 1 0 2 1 1 1 2 2 2 1 1 0 0 1 1 2 2 1 0 1 2 2 1 1 2 0 0 0 1 1 0 1 0 1 0 0 1 2 1 0 0 0 2 2 2 2 1 2 2 1 1 0 0 1 1 1 0 0 1 1 2 2 0 0 0 2 2 1 1 0 2 2 2 0 2 0 0 0 1 1 1 1 2 1 0 1 2 0 1 2 1 0 0 0 0 2 1 1 1 0 1 0 2 1 1 1 2 2 2 1 1 0 0 1 1 2 2 1 0 1 2 2 1 1 2 0 0 0 1 1 0 1 0 1 0 0
1.03540274198578 -1.84755659562759 -0.750833883911624 0.00765402131997046 -0.327635074459244 1 0 2 1 1 0 0 2 1 2 2 0 1 1 2 1 1 0 2 1 2 1 1 2 0 1 0 0 0 1 1 2 2 1 0 2 2 1 2 2 2 1 2 1 1 1 0 0 0 1 1 1 0 0 1 1 1 2 1 2 2 2 2 2 0 0 0 2 0 1 1 0 2 1 1 1 0 0 2 2 2 2 2 1 2 2 2 0 1 0 0 0 0 0 0 0 0 1 0 0 0 0 2 1 1 0 0 2 1 2 2 0 1 1 2 1 1 0 2 1 2 1 1 2 0 1 0 0 0 1 1 2 2 1 0 2 2 1 2 2 2 1 2 1 1 1 0 0 0 1 1 1 0 0 1 1 1 2 1 2 2 2 2 2 0 0 0 2 0 1 1 0 2 1 1 1 0 0 2 2 2 2 2 1 2 2 2 0 1 0 0 0 0 0 0 0 0 1 0 0 0
-0.732516434921711 -0.708018916806209 0.183990713164075 0.76309572079547 0.435955069348711 1 1 2 2 2 1 0 2 2 1 2 1 1 1 0 0 0 0 2 1 2 0 1 1 0 1 1 0 0 0 2 2 2 1 0 2 2 2 1 2 0 1 2 2 2 2 2 1 1 0 1 2 1 1 1 0 1 2 1 2 2 2 2 1 0 0 0 2 0 0 1 1 2 2 2 2 1 0 1 1 2 2 2 0 1 1 2 0 2 2 0 0 1 2 1 1 0 1 2 1 0 1 2 2 2 1 0 2 2 1 2 1 1 1 0 0 0 0 2 1 2 0 1 1 0 1 1 0 0 0 2 2 2 1 0 2 2 2 1 2 0 1 2 2 2 2 2 1 1 0 1 2 1 1 1 0 1 2 1 2 2 2 2 1 0 0 0 2 0 0 1 1 2 2 2 2 1 0 1 1 2 2 2 0 1 1 2 0 2 2 0 0 1 2 1 1 0 1 2 1 0
0.325057369538086 0.230980332335657 1.33053530304398 -0.257280269550163 0.697579852498532 1 0 2 2 1 1 0 2 2 2 2 1 2 2 2 2 2 0 2 1 1 0 1 1 0 2 1 0 0 1 1 0 1 1 1 2 2 1 1 1 0 0 2 0 0 2 1 0 1 1 0 2 0 0 1 1 1 1 0 0 1 1 1 2 1 0 0 2 1 1 1 1 2 0 1 1 0 0 1 1 2 2 2 0 2 2 2 0 0 0 0 0 0 1 0 0 0 0 1 0 0 0 2 2 1 1 0 2 2 2 2 1 2 2 2 2 2 0 2 1 1 0 1 1 0 2 1 0 0 1 1 0 1 1 1 2 2 1 1 1 0 0 2 0 0 2 1 0 1 1 0 2 0 0 1 1 1 1 0 0 1 1 1 2 1 0 0 2 1 1 1 1 2 0 1 1 0 0 1 1 2 2 2 0 2 2 2 0 0 0 0 0 0 1 0 0 0 0 1 0 0
0.512821977039147 -1.50134134805104 1.17201436835304 1.06365784610398 0.36536131056063 1 1 2 2 2 2 1 2 2 2 2 1 2 2 2 1 1 0 2 2 1 1 1 1 0 1 1 0 0 0 1 1 1 0 0 2 2 0 0 2 0 0 2 1 1 2 2 2 2 1 2 2 1 2 2 2 0 1 1 2 2 2 1 2 2 1 0 2 0 0 1 2 1 1 1 1 0 0 0 2 2 2 2 2 2 2 2 0 1 1 0 0 0 1 1 0 0 1 1 0 0 1 2 2 2 2 1 2 2 2 2 1 2 2 2 1 1 0 2 2 1 1 1 1 0 1 1 0 0 0 1 1 1 0 0 2 2 0 0 2 0 0 2 1 1 2 2 2 2 1 2 2 1 2 2 2 0 1 1 2 2 2 1 2 2 1 0 2 0 0 1 2 1 1 1 1 0 0 0 2 2 2 2 2 2 2 2 0 1 1 0 0 0 1 1 0 0 1 1 0 0
-0.16043339748738 -3.11315657501924 0.681051612266549 -1.47410104004207 -1.80037003977923 -1 1 1 1 0 1 0 2 2 2 2 1 2 0 1 0 0 0 1 0 2 2 2 1 1 1 1 0 1 1 1 2 2 1 0 2 2 1 1 2 1 0 1 1 0 1 1 0 1 1 1 2 2 1 2 1 1 2 0 1 2 1 1 1 1 0 0 1 0 0 0 0 1 1 1 2 0 0 1 2 2 2 2 1 2 2 2 1 1 2 0 1 0 0 0 0 0 0 0 0 0 -1 -1 -1 0 -1 0 -2 -2 -2 -2 -1 -2 0 -1 0 0 0 -1 0 -2 -2 -2 -1 -1 -1 -1 0 -1 -1 -1 -2 -2 -1 0 -2 -2 -1 -1 -2 -1 0 -1 -1 0 -1 -1 0 -1 -1 -1 -2 -2 -1 -2 -1 -1 -2 0 -1 -2 -1 -1 -1 -1 0 0 -1 0 0 0 0 -1 -1 -1 -2 0 0 -1 -2 -2 -2 -2 -1 -2 -2 -2 -1 -1 -2 0 -1 0 0 0 0 0 0 0 0 0
-0.328497330450713 1.83854123825395 1.26088859565294 -2.37055525629893 -0.0595977505353807 1 0 1 1 1 0 0 2 1 1 2 2 2 2 2 1 0 0 2 2 2 1 0 2 2 1 2 1 0 0 2 2 2 0 1 2 2 0 1 2 1 1 1 0 1 2 1 0 1 1 2 2 0 1 2 1 0 1 0 0 2 0 1 2 1 1 0 2 1 1 2 2 2 2 1 1 0 0 1 1 2 2 1 0 2 0 1 0 0 1 0 0 0 0 1 0 1 2 1 0 0 0 1 1 1 0 0 2 1 1 2 2 2 2 2 1 0 0 2 2 2 1 0 2 2 1 2 1 0 0 2 2 2 0 1 2 2 0 1 2 1 1 1 0 1 2 1 0 1 1 2 2 0 1 2 1 0 1 0 0 2 0 1 2 1 1 0 2 1 1 2 2 2 2 1 1 0 0 1 1 2 2 1 0 2 0 1 0 0 1 0 0 0 0 1 0 1 2 1 0 0
0.387616527625175 -1.10444959571068 0.730727308795008 0.382965798710883 -0.0108461985568838 -1 1 1 2 2 2 0 2 2 2 2 1 1 2 2 1 1 0 2 2 1 1 1 1 1 1 2 2 1 1 1 1 1 0 0 1 2 0 1 2 0 0 0 2 2 2 2 1 1 0 2 2 2 1 2 1 1 0 0 1 2 0 0 1 0 0 0 1 0 0 1 1 2 2 1 1 0 1 1 1 2 1 2 0 2 2 2 2 2 2 2 2 1 1 1 2 0 1 0 0 0 -1 -1 -2 -2 -2 0 -2 -2 -2 -2 -1 -1 -2 -2 -1 -1 0 -2 -2 -1 -1 -1 -1 -1 -1 -2 -2 -1 -1 -1 -1 -1 0 0 -1 -2 0 -1 -2 0 0 0 -2 -2 -2 -2 -1 -1 0 -2 -2 -2 -1 -2 -1 -1 0 0 -1 -2 0 0 -1 0 0 0 -1 0 0 -1 -1 -2 -2 -1 -1 0 -1 -1 -1 -2 -1 -2 0 -2 -2 -2 -2 -2 -2 -2 -2 -1 -1 -1 -2 0 -1 0 0 0
0.593612409775559 0.695473578512143 -1.2734091334464 -0.403873038431877 -0.397001605140027 -1 1 2 2 1 1 0 2 2 2 2 0 1 1 0 0 1 0 1 0 0 0 1 0 0 1 0 1 0 1 2 2 2 1 0 2 2 1 1 2 1 0 1 1 1 2 2 0 0 0 1 2 1 1 1 1 2 2 1 1 2 1 1 2 2 1 0 0 0 1 1 1 1 0 2 2 1 1 1 1 2 2 2 1 2 2 2 0 0 0 0 0 0 1 0 0 0 1 1 0 0 -1 -2 -2 -1 -1 0 -2 -2 -2 -2 0 -1 -1 0 0 -1 0 -1 0 0 0 -1 0 0 -1 0 -1 0 -1 -2 -2 -2 -1 0 -2 -2 -1 -1 -2 -1 0 -1 -1 -1 -2 -2 0 0 0 -1 -2 -1 -1 -1 -1 -2 -2 -1 -1 -2 -1 -1 -2 -2 -1 0 0 0 -1 -1 -1 -1 0 -2 -2 -1 -1 -1 -1 -2 -2 -2 -1 -2 -2 -2 0 0 0 0 0 0 -1 0 0 0 -1 -1 0 0
-0.907517737061756 -1.37668615088916 2.43869868624334 -0.384135052359413 -0.373353765412958 1 0 2 1 0 0 0 2 2 2 2 0 1 2 2 0 1 0 1 1 0 0 0 0 0 1 1 0 0 0 1 2 1 1 0 2 2 2 2 2 1 1 2 2 2 2 2 0 1 0 0 2 0 0 2 1 1 2 1 2 2 0 1 2 1 0 0 1 0 1 1 1 2 2 2 2 0 0 2 1 2 2 1 0 2 2 2 1 2 0 0 1 0 1 1 1 0 1 1 0 0 0 2 1 0 0 0 2 2 2 2 0 1 2 2 0 1 0 1 1 0 0 0 0 0 1 1 0 0 0 1 2 1 1 0 2 2 2 2 2 1 1 2 2 2 2 2 0 1 0 0 2 0 0 2 1 1 2 1 2 2 0 1 2 1 0 0 1 0 1 1 1 2 2 2 2 0 0 2 1 2 2 1 0 2 2 2 1 2 0 0 1 0 1 1 1 0 1 1 0 0
-0.509219409403642 0.299850344345927 0.737193813371632 -0.708067564884024 0.265054206001146 -1 1 2 1 2 0 0 2 1 1 2 2 2 2 1 1 0 0 2 0 1 0 0 1 1 2 1 1 1 2 2 1 1 0 0 2 2 0 0 2 0 1 2 2 1 2 2 0 2 1 2 2 1 2 2 1 1 2 1 1 2 1 1 2 1 0 0 1 0 0 0 0 1 2 1 2 0 0 0 1 2 2 2 1 2 2 2 0 1 0 0 0 0 1 0 0 0 0 2 2 0 -1 -2 -1 -2 0 0 -2 -1 -1 -2 -2 -2 -2 -1 -1 0 0 -2 0 -1 0 0 -1 -1 -2 -1 -1 -1 -2 -2 -1 -1 0 0 -2 -2 0 0 -2 0 -1 -2 -2 -1 -2 -2 0 -2 -1 -2 -2 -1 -2 -2 -1 -1 -2 -1 -1 -2 -1 -1 -2 -1 0 0 -1 0 0 0 0 -1 -2 -1 -2 0 0 0 -1 -2 -2 -2 -1 -2 -2 -2 0 -1 0 0 0 0 -1 0 0 0 0 -2 -2 0
0.611068306314181 0.395719816685936 -1.77112946652621 0.766643032062018 -0.603465865340624 -1 0 1 1 2 1 0 2 2 1 2 0 1 1 1 1 1 0 1 1 2 1 2 0 0 2 1 0 0 1 1 2 1 0 0 2 2 0 1 2 0 0 2 1 2 2 2 1 2 2 2 2 2 2 2 2 0 2 2 2 2 1 1 2 0 0 0 0 0 0 1 1 1 2 2 2 0 0 1 1 2 2 2 0 1 1 2 1 1 1 0 1 1 1 1 2 0 1 1 1 1 0 -1 -1 -2 -1 0 -2 -2 -1 -2 0 -1 -1 -1 -1 -1 0 -1 -1 -2 -1 -2 0 0 -2 -1 0 0 -1 -1 -2 -1 0 0 -2 -2 0 -1 -2 0 0 -2 -1 -2 -2 -2 -1 -2 -2 -2 -2 -2 -2 -2 -2 0 -2 -2 -2 -2 -1 -1 -2 0 0 0 0 0 0 -1 -1 -1 -2 -2 -2 0 0 -1 -1 -2 -2 -2 0 -1 -1 -2 -1 -1 -1 0 -1 -1 -1 -1 -2 0 -1 -1 -1 -1
-0.779339282111158 1.10653128637249 -1.6987813989704 -0.974517145783675 -0.844568076556159 -1 0 2 2 1 1 0 2 2 2 2 1 2 1 1 1 1 0 0 1 1 1 1 1 1 1 1 0 0 1 1 1 1 0 0 1 2 2 0 1 0 1 0 0 1 2 2 0 1 1 2 2 1 2 2 1 2 2 1 0 1 0 2 2 1 0 0 1 0 0 0 0 2 1 1 2 0 1 2 2 2 2 2 1 2 1 2 1 2 1 0 1 0 1 1 2 1 1 0 0 0 0 -2 -2 -1 -1 0 -2 -2 -2 -2 -1 -2 -1 -1 -1 -1 0 0 -1 -1 -1 -1 -1 -1 -1 -1 0 0 -1 -1 -1 -1 0 0 -1 -2 -2 0 -1 0 -1 0 0 -1 -2 -2 0 -1 -1 -2 -2 -1 -2 -2 -1 -2 -2 -1 0 -1 0 -2 -2 -1 0 0 -1 0 0 0 0 -2 -1 -1 -2 0 -1 -2 -2 -2 -2 -2 -1 -2 -1 -2 -1 -2 -1 0 -1 0 -1 -1 -2 -1 -1 0 0 0
-0.800772683357617 -0.217214823918555 0.6366178053701 0.295484562444175 -0.231775850801124 1 0 1 2 1 1 0 2 1 1 2 1 2 1 0 0 0 0 2 2 0 1 2 2 2 2 1 0 0 0 1 1 0 0 0 2 1 1 1 2 1 1 2 1 2 2 2 0 1 1 2 2 1 2 2 1 0 1 1 0 1 0 1 1 1 0 0 1 0 0 0 1 2 1 1 1 0 0 2 2 2 2 2 0 2 1 2 0 1 2 0 1 1 1 1 1 1 2 2 1 0 0 1 2 1 1 0 2 1 1 2 1 2 1 0 0 0 0 2 2 0 1 2 2 2 2 1 0 0 0 1 1 0 0 0 2 1 1 1 2 1 1 2 1 2 2 2 0 1 1 2 2 1 2 2 1 0 1 1 0 1 0 1 1 1 0 0 1 0 0 0 1 2 1 1 1 0 0 2 2 2 2 2 0 2 1 2 0 1 2 0 1 1 1 1 1 1 2 2 1 0
-1.00396877091519 -1.57259353497262 1.41603230311465 -0.496902210279183 -0.164485485745525 1 0 2 2 2 0 0 2 2 2 2 1 1 1 1 0 0 0 1 1 1 1 1 1 1 2 2 0 1 0 0 1 1 0 0 1 2 1 2 1 1 1 1 0 1 1 2 0 0 0 0 0 0 1 1 0 0 2 2 1 2 2 1 2 1 0 0 1 0 0 0 0 2 2 1 0 0 1 2 2 2 2 2 2 2 2 2 0 1 1 0 0 0 2 0 1 1 1 1 0 0 0 2 2 2 0 0 2 2 2 2 1 1 1 1 0 0 0 1 1 1 1 1 1 1 2 2 0 1 0 0 1 1 0 0 1 2 1 2 1 1 1 1 0 1 1 2 0 0 0 0 0 0 1 1 0 0 2 2 1 2 2 1 2 1 0 0 1 0 0 0 0 2 2 1 0 0 1 2 2 2 2 2 2 2 2 2 0 1 1 0 0 0 2 0 1 1 1 1 0 0
-0.826758525700222 -0.738903143314637 -0.619002464572359 -0.677643650075156 -1.25745256009094 1 1 2 2 1 0 0 2 2 2 2 1 1 1 2 1 1 0 2 1 2 1 2 1 1 2 2 0 0 0 1 2 2 1 0 1 2 0 1 2 0 0 1 1 2 2 2 0 1 0 1 2 1 2 2 1 1 2 0 1 2 2 0 0 0 0 0 1 0 0 1 1 1 2 1 1 0 1 2 0 0 2 1 0 2 2 2 1 0 0 0 1 1 1 2 0 0 1 1 0 0 1 2 2 1 0 0 2 2 2 2 1 1 1 2 1 1 0 2 1 2 1 2 1 1 2 2 0 0 0 1 2 2 1 0 1 2 0 1 2 0 0 1 1 2 2 2 0 1 0 1 2 1 2 2 1 1 2 0 1 2 2 0 0 0 0 0 1 0 0 1 1 1 2 1 1 0 1 2 0 0 2 1 0 2 2 2 1 0 0 0 1 1 1 2 0 0 1 1 0 0
1.16643169305046 -0.174525515173214 -0.74390587214772 -1.38288007744984 -0.696307874686861 -1 0 1 2 2 0 0 2 2 2 2 1 1 1 1 1 1 0 2 2 0 0 1 2 1 1 1 0 0 0 1 2 0 0 0 2 2 0 1 1 1 1 2 2 1 2 2 2 2 1 1 2 1 1 1 0 0 2 1 1 2 1 1 1 1 0 0 1 0 0 1 1 2 0 1 2 1 1 2 2 2 2 1 1 2 1 2 0 1 0 0 0 0 1 0 1 2 1 1 0 0 0 -1 -2 -2 0 0 -2 -2 -2 -2 -1 -1 -1 -1 -1 -1 0 -2 -2 0 0 -1 -2 -1 -1 -1 0 0 0 -1 -2 0 0 0 -2 -2 0 -1 -1 -1 -1 -2 -2 -1 -2 -2 -2 -2 -1 -1 -2 -1 -1 -1 0 0 -2 -1 -1 -2 -1 -1 -1 -1 0 0 -1 0 0 -1 -1 -2 0 -1 -2 -1 -1 -2 -2 -2 -2 -1 -1 -2 -1 -2 0 -1 0 0 0 0 -1 0 -1 -2 -1 -1 0 0
-1.01322487676122 -1.8314036054752 -0.836717620042884 -0.331255270156706 -0.236775523679375 -1 0 2 2 1 1 0 2 2 2 2 1 1 0 1 1 1 1 1 1 2 1 1 1 2 2 2 1 1 0 1 1 0 0 0 2 2 2 1 2 1 1 1 1 2 2 2 1 1 1 1 2 2 2 2 1 0 1 1 1 1 0 1 1 0 1 0 2 0 0 0 2 2 2 2 2 0 2 2 1 2 2 2 0 2 2 2 1 2 2 0 0 0 1 1 1 1 1 2 2 0 0 -2 -2 -1 -1 0 -2 -2 -2 -2 -1 -1 0 -1 -1 -1 -1 -1 -1 -2 -1 -1 -1 -2 -2 -2 -1 -1 0 -1 -1 0 0 0 -2 -2 -2 -1 -2 -1 -1 -1 -1 -2 -2 -2 -1 -1 -1 -1 -2 -2 -2 -2 -1 0 -1 -1 -1 -1 0 -1 -1 0 -1 0 -2 0 0 0 -2 -2 -2 -2 -2 0 -2 -2 -1 -2 -2 -2 0 -2 -2 -2 -1 -2 -2 0 0 0 -1 -1 -1 -1 -1 -2 -2 0
-0.470424257017734 -1.69601048031004 -1.07503093638306 -0.0341280365669256 -1.65708756107886 -1 0 2 1 2 1 0 2 2 2 2 1 1 1 0 0 0 0 1 1 2 1 1 2 0 1 1 0 0 0 0 1 1 1 0 2 2 1 0 2 0 0 0 1 0 1 1 0 1 0 1 2 2 1 1 1 0 1 0 1 2 0 0 2 1 0 0 1 0 0 0 0 2 1 1 2 0 0 2 1 2 2 2 0 1 2 2 1 2 1 0 0 1 1 2 2 1 1 1 0 0 0 -2 -1 -2 -1 0 -2 -2 -2 -2 -1 -1 -1 0 0 0 0 -1 -1 -2 -1 -1 -2 0 -1 -1 0 0 0 0 -1 -1 -1 0 -2 -2 -1 0 -2 0 0 0 -1 0 -1 -1 0 -1 0 -1 -2 -2 -1 -1 -1 0 -1 0 -1 -2 0 0 -2 -1 0 0 -1 0 0 0 0 -2 -1 -1 -2 0 0 -2 -1 -2 -2 -2 0 -1 -2 -2 -1 -2 -1 0 0 -1 -1 -2 -2 -1 -1 -1 0 0
0.511024606938657 -1.06863592627183 -0.375558545040472 0.83166247332759 0.260499308165635 -1 0 1 1 0 0 0 2 2 2 2 1 1 2 1 1 0 0 1 2 2 1 1 0 0 1 1 0 0 1 0 1 1 0 0 2 2 1 2 2 2 2 2 1 1 2 1 0 1 0 1 2 1 0 1 0 0 1 0 2 2 1 1 2 1 0 0 1 0 0 2 2 2 2 0 1 0 0 1 2 2 2 2 0 2 2 2 0 2 2 0 1 1 2 1 2 0 2 2 1 0 0 -1 -1 0 0 0 -2 -2 -2 -2 -1 -1 -2 -1 -1 0 0 -1 -2 -2 -1 -1 0 0 -1 -1 0 0 -1 0 -1 -1 0 0 -2 -2 -1 -2 -2 -2 -2 -2 -1 -1 -2 -1 0 -1 0 -1 -2 -1 0 -1 0 0 -1 0 -2 -2 -1 -1 -2 -1 0 0 -1 0 0 -2 -2 -2 -2 0 -1 0 0 -1 -2 -2 -2 -2 0 -2 -2 -2 0 -2 -2 0 -1 -1 -2 -1 -2 0 -2 -2 -1 0
0.326713955552273 1.40178176147184 -1.68944937893092 0.0137915436983369 0.838258404073458 1 0 1 0 0 0 0 1 0 1 2 2 1 1 1 0 1 1 2 1 1 0 1 1 1 1 1 0 0 0 1 0 0 0 0 1 2 2 2 2 1 1 0 2 1 2 1 0 1 2 1 2 2 2 1 1 2 2 0 0 2 2 2 2 1 0 0 2 0 0 0 1 2 2 0 2 0 2 2 1 2 2 2 1 2 1 2 2 1 1 0 0 0 1 1 0 0 1 1 1 0 0 1 0 0 0 0 1 0 1 2 2 1 1 1 0 1 1 2 1 1 0 1 1 1 1 1 0 0 0 1 0 0 0 0 1 2 2 2 2 1 1 0 2 1 2 1 0 1 2 1 2 2 2 1 1 2 2 0 0 2 2 2 2 1 0 0 2 0 0 0 1 2 2 0 2 0 2 2 1 2 2 2 1 2 1 2 2 1 1 0 0 0 1 1 0 0 1 1 1 0
0.289370096625517 0.51125926125796 0.631148084379229 1.08672618774126 0.821729161163636 -1 0 1 1 0 0 0 2 2 2 2 1 2 1 0 0 0 0 2 0 2 0 2 1 1 2 2 0 1 1 0 2 2 0 0 2 2 1 2 2 1 0 2 1 1 1 2 0 2 1 1 2 1 2 2 2 1 2 1 1 2 2 1 2 2 0 0 1 0 0 2 2 1 1 1 2 0 0 1 1 2 2 2 1 2 2 2 0 0 0 0 1 1 1 0 0 0 1 2 1 1 0 -1 -1 0 0 0 -2 -2 -2 -2 -1 -2 -1 0 0 0 0 -2 0 -2 0 -2 -1 -1 -2 -2 0 -1 -1 0 -2 -2 0 0 -2 -2 -1 -2 -2 -1 0 -2 -1 -1 -1 -2 0 -2 -1 -1 -2 -1 -2 -2 -2 -1 -2 -1 -1 -2 -2 -1 -2 -2 0 0 -1 0 0 -2 -2 -1 -1 -1 -2 0 0 -1 -1 -2 -2 -2 -1 -2 -2 -2 0 0 0 0 -1 -1 -1 0 0 0 -1 -2 -1 -1
-0.470305276106531 0.968604470492433 1.26196160345966 -1.31645237349997 0.501820856629685 -1 1 2 2 2 2 0 2 2 2 2 2 2 1 2 2 2 0 2 2 1 1 2 1 0 1 1 0 1 1 2 2 1 0 0 2 2 1 1 2 1 1 0 2 2 2 2 1 1 1 1 1 1 1 1 1 1 2 1 1 1 0 1 2 0 1 0 1 0 0 1 2 2 2 0 0 0 2 1 1 2 2 2 0 1 1 2 1 1 0 0 0 0 0 1 1 0 1 1 0 0 -1 -2 -2 -2 -2 0 -2 -2 -2 -2 -2 -2 -1 -2 -2 -2 0 -2 -2 -1 -1 -2 -1 0 -1 -1 0 -1 -1 -2 -2 -1 0 0 -2 -2 -1 -1 -2 -1 -1 0 -2 -2 -2 -2 -1 -1 -1 -1 -1 -1 -1 -1 -1 -1 -2 -1 -1 -1 0 -1 -2 0 -1 0 -1 0 0 -1 -2 -2 -2 0 0 0 -2 -1 -1 -2 -2 -2 0 -1 -1 -2 -1 -1 0 0 0 0 0 -1 -1 0 -1 -1 0 0
-1.83248171698152 -0.712507836282798 1.46697258125759 1.1108542308791 0.326318168051731 -1 0 1 1 1 2 0 2 1 2 2 0 2 0 0 0 0 0 1 1 1 0 1 2 2 1 1 0 0 0 1 1 2 1 0 2 2 1 0 2 1 1 2 0 2 2 2 2 1 1 2 2 2 1 2 2 1 2 2 2 2 2 0 1 1 1 0 1 0 0 1 1 2 2 1 1 0 1 2 1 2 2 1 0 1 1 2 1 2 2 0 1 0 0 1 1 0 1 2 1 0 0 -1 -1 -1 -2 0 -2 -1 -2 -2 0 -2 0 0 0 0 0 -1 -1 -1 0 -1 -2 -2 -1 -1 0 0 0 -1 -1 -2 -1 0 -2 -2 -1 0 -2 -1 -1 -2 0 -2 -2 -2 -2 -1 -1 -2 -2 -2 -1 -2 -2 -1 -2 -2 -2 -2 -2 0 -1 -1 -1 0 -1 0 0 -1 -1 -2 -2 -1 -1 0 -1 -2 -1 -2 -2 -1 0 -1 -1 -2 -1 -2 -2 0 -1 0 0 -1 -1 0 -1 -2 -1 0
0.338068903363631 -1.42592595412374 -0.46777591418862 -0.819363307319465 0.634864503644285 1 0 2 2 1 0 0 1 2 2 2 1 2 2 2 1 1 1 1 1 1 0 0 2 2 2 2 1 1 1 1 0 1 1 0 1 1 0 0 1 0 0 1 0 1 2 0 0 1 0 1 2 1 1 2 1 1 1 1 2 2 2 1 2 1 0 0 2 0 1 1 1 2 1 1 2 1 1 2 2 2 2 2 0 2 2 2 1 2 1 0 0 0 0 0 0 0 1 1 0 0 0 2 2 1 0 0 1 2 2 2 1 2 2 2 1 1 1 1 1 1 0 0 2 2 2 2 1 1 1 1 0 1 1 0 1 1 0 0 1 0 0 1 0 1 2 0 0 1 0 1 2 1 1 2 1 1 1 1 2 2 2 1 2 1 0 0 2 0 1 1 1 2 1 1 2 1 1 2 2 2 2 2 0 2 2 2 1 2 1 0 0 0 0 0 0 0 1 1 0 0
0.753941406085096 0.553957680939806 -1.34246102718024 1.38635454738306 0.551900796361854 1 1 2 2 2 2 0 2 2 1 2 0 1 1 2 1 1 0 1 1 1 1 1 0 1 2 1 0 0 1 0 0 2 1 1 2 2 1 1 2 2 2 2 2 1 2 2 1 2 2 2 2 2 2 1 1 1 2 0 1 2 2 2 2 2 0 0 0 0 0 1 1 2 0 2 2 1 1 2 1 2 2 2 2 2 2 2 1 1 2 0 0 0 0 0 1 0 1 1 0 0 1 2 2 2 2 0 2 2 1 2 0 1 1 2 1 1 0 1 1 1 1 1 0 1 2 1 0 0 1 0 0 2 1 1 2 2 1 1 2 2 2 2 2 1 2 2 1 2 2 2 2 2 2 1 1 1 2 0 1 2 2 2 2 2 0 0 0 0 0 1 1 2 0 2 2 1 1 2 1 2 2 2 2 2 2 2 1 1 2 0 0 0 0 0 1 0 1 1 0 0
-0.661806937458406 0.417763378702943 1.07944877743399 0.703130773253876 0.544218703471217 -1 1 1 2 2 1 0 1 0 1 2 1 1 1 1 1 0 0 0 1 2 0 1 0 0 1 1 0 0 0 1 1 0 1 0 2 2 1 1 2 1 1 1 1 2 1 1 1 0 0 1 2 1 1 2 1 2 2 0 0 2 0 1 2 0 0 0 2 0 0 1 1 2 2 2 2 0 1 1 2 2 2 2 0 2 2 2 1 2 1 1 2 1 1 1 0 1 0 1 1 0 -1 -1 -2 -2 -1 0 -1 0 -1 -2 -1 -1 -1 -1 -1 0 0 0 -1 -2 0 -1 0 0 -1 -1 0 0 0 -1 -1 0 -1 0 -2 -2 -1 -1 -2 -1 -1 -1 -1 -2 -1 -1 -1 0 0 -1 -2 -1 -1 -2 -1 -2 -2 0 0 -2 0 -1 -2 0 0 0 -2 0 0 -1 -1 -2 -2 -2 -2 0 -1 -1 -2 -2 -2 -2 0 -2 -2 -2 -1 -2 -1 -1 -2 -1 -1 -1 0 -1 0 -1 -1 0
-0.23773718358392 -0.628109409803991 -0.672758628072184 0.830486840456657 0.0885423149271669 -1 1 2 2 0 0 0 2 2 2 2 0 2 1 2 1 1 1 2 2 2 0 1 0 1 1 0 0 1 1 2 2 1 0 0 2 2 0 1 2 2 2 2 1 1 2 2 1 1 1 1 1 1 1 2 1 1 1 0 1 1 1 1 0 0 0 0 1 0 0 2 2 2 1 2 2 1 0 1 1 2 2 2 2 2 2 1 0 1 1 0 0 1 1 1 0 0 1 1 1 0 -1 -2 -2 0 0 0 -2 -2 -2 -2 0 -2 -1 -2 -1 -1 -1 -2 -2 -2 0 -1 0 -1 -1 0 0 -1 -1 -2 -2 -1 0 0 -2 -2 0 -1 -2 -2 -2 -2 -1 -1 -2 -2 -1 -1 -1 -1 -1 -1 -1 -2 -1 -1 -1 0 -1 -1 -1 -1 0 0 0 0 -1 0 0 -2 -2 -2 -1 -2 -2 -1 0 -1 -1 -2 -2 -2 -2 -2 -2 -1 0 -1 -1 0 0 -1 -1 -1 0 0 -1 -1 -1 0
-0.267883790656545 0.780609509365608 1.84737053574168 -0.970918772019892 -1.41358441279738 1 0 1 2 2 2 0 2 2 2 2 0 0 0 1 1 1 1 2 2 1 0 0 1 0 2 2 0 0 0 2 2 1 0 0 1 2 1 0 2 0 1 2 1 1 2 2 2 1 1 1 2 0 0 1 0 0 2 1 2 1 0 2 1 0 0 0 2 1 1 1 0 2 2 2 2 0 0 0 1 2 2 1 0 2 2 2 0 1 1 0 0 0 1 1 2 0 2 1 1 0 0 1 2 2 2 0 2 2 2 2 0 0 0 1 1 1 1 2 2 1 0 0 1 0 2 2 0 0 0 2 2 1 0 0 1 2 1 0 2 0 1 2 1 1 2 2 2 1 1 1 2 0 0 1 0 0 2 1 2 1 0 2 1 0 0 0 2 1 1 1 0 2 2 2 2 0 0 0 1 2 2 1 0 2 2 2 0 1 1 0 0 0 1 1 2 0 2 1 1 0
-2.94285411169783 -1.73155405561459 -0.834198624119787 0.431445134769419 0.9098696296154 -1 1 2 2 1 0 0 1 0 2 2 0 2 2 2 0 0 0 1 0 1 0 0 1 1 2 1 0 1 0 1 2 1 0 0 2 2 1 0 2 1 0 2 1 1 2 2 1 1 0 1 2 2 2 2 2 0 2 1 2 2 0 1 1 1 1 0 1 0 0 1 1 2 2 1 1 0 0 1 1 2 2 2 0 2 1 1 0 1 0 0 1 0 0 0 1 2 1 2 1 1 -1 -2 -2 -1 0 0 -1 0 -2 -2 0 -2 -2 -2 0 0 0 -1 0 -1 0 0 -1 -1 -2 -1 0 -1 0 -1 -2 -1 0 0 -2 -2 -1 0 -2 -1 0 -2 -1 -1 -2 -2 -1 -1 0 -1 -2 -2 -2 -2 -2 0 -2 -1 -2 -2 0 -1 -1 -1 -1 0 -1 0 0 -1 -1 -2 -2 -1 -1 0 0 -1 -1 -2 -2 -2 0 -2 -1 -1 0 -1 0 0 -1 0 0 0 -1 -2 -1 -2 -1 -1
-0.340933965470105 -0.888062843419984 -0.861430946059805 -0.814519526438327 0.878244166431513 1 1 2 2 1 1 0 2 2 1 2 2 2 1 1 1 1 0 1 1 2 1 1 2 1 1 1 0 0 0 2 1 1 0 0 2 2 2 1 1 0 1 2 2 2 2 2 0 0 0 0 1 2 2 2 1 0 1 1 1 2 0 1 2 2 1 1 2 0 1 1 1 2 1 2 2 1 1 2 1 2 2 1 0 2 1 2 0 1 1 0 0 0 1 0 0 0 1 1 0 0 1 2 2 1 1 0 2 2 1 2 2 2 1 1 1 1 0 1 1 2 1 1 2 1 1 1 0 0 0 2 1 1 0 0 2 2 2 1 1 0 1 2 2 2 2 2 0 0 0 0 1 2 2 2 1 0 1 1 1 2 0 1 2 2 1 1 2 0 1 1 1 2 1 2 2 1 1 2 1 2 2 1 0 2 1 2 0 1 1 0 0 0 1 0 0 0 1 1 0 0
-0.0430610110445194 -0.51231277736738 -2.87745630727418 -1.26876210725154 0.022650125304877 1 0 1 2 2 2 0 2 1 1 2 1 0 0 1 0 0 0 1 0 2 0 0 2 1 2 2 1 2 1 2 2 2 0 0 2 2 0 1 2 0 0 2 2 2 2 2 1 0 0 2 2 1 1 1 2 0 0 1 1 2 1 0 2 2 0 0 2 0 0 0 0 2 2 1 1 0 0 1 1 2 2 2 1 2 2 2 0 0 1 0 1 1 1 1 0 0 1 0 0 0 0 1 2 2 2 0 2 1 1 2 1 0 0 1 0 0 0 1 0 2 0 0 2 1 2 2 1 2 1 2 2 2 0 0 2 2 0 1 2 0 0 2 2 2 2 2 1 0 0 2 2 1 1 1 2 0 0 1 1 2 1 0 2 2 0 0 2 0 0 0 0 2 2 1 1 0 0 1 1 2 2 2 1 2 2 2 0 0 1 0 1 1 1 1 0 0 1 0 0 0
0.693028484311304 -0.139153419985084 0.855310059788242 -0.205193123956873 0.935370700840103 1 0 2 2 1 1 0 1 1 2 2 0 1 2 1 0 0 0 2 1 2 1 1 2 1 1 2 0 1 0 0 1 1 0 2 2 2 0 1 2 0 1 1 2 2 2 2 1 2 2 2 2 1 1 1 1 1 1 0 0 1 1 0 1 1 0 0 1 0 0 1 1 2 1 1 1 0 0 2 2 2 2 2 1 2 2 2 0 1 2 1 0 0 2 2 1 1 2 2 1 1 0 2 2 1 1 0 1 1 2 2 0 1 2 1 0 0 0 2 1 2 1 1 2 1 1 2 0 1 0 0 1 1 0 2 2 2 0 1 2 0 1 1 2 2 2 2 1 2 2 2 2 1 1 1 1 1 1 0 0 1 1 0 1 1 0 0 1 0 0 1 1 2 1 1 1 0 0 2 2 2 2 2 1 2 2 2 0 1 2 1 0 0 2 2 1 1 2 2 1 1
