0.11675781029478 -0.726482719051639 -0.101881281590557 -1.71107935425702 0.774307617048317 1 2 2 1 2 2 1 0 1 2 1 0 2 0 1 0 1 2 0 2 2 2 1 2 0 0 0 0 0 1 1 0 0 1 0 0 2 1 0 0 1 0 2 1 0 2 2 1 2 2 0 0 2 1 2 0 0 0 1 0 1 2 2 0 2 2 2 0 1 2 1 0 0 1 1 2 1 0 2 2 1 1 2 0 0 1 0 1 1 0 1 1 1 0 0 1 0 0 1 2 1 2 2 1 2 2 1 0 1 2 1 0 2 0 1 0 1 2 0 2 2 2 1 2 0 0 0 0 0 1 1 0 0 1 0 0 2 1 0 0 1 0 2 1 0 2 2 1 2 2 0 0 2 1 2 0 0 0 1 0 1 2 2 0 2 2 2 0 1 2 1 0 0 1 1 2 1 0 2 2 1 1 2 0 0 1 0 1 1 0 1 1 1 0 0 1 0 0 1 2 1
0.817037395550173 -0.944564866888106 0.158868002710496 -0.992646104371603 0.333029590812857 -1 2 1 0 1 2 2 1 1 0 1 0 2 1 1 2 1 1 0 2 0 2 1 1 0 1 0 0 1 1 2 1 0 1 0 0 1 2 0 2 2 0 2 1 1 2 2 2 2 2 0 0 1 0 2 0 1 1 1 1 2 2 2 0 2 2 2 1 2 2 1 0 1 2 2 2 2 0 2 2 2 1 2 1 1 1 0 1 0 0 1 0 1 1 1 2 1 1 0 2 2 -2 -1 0 -1 -2 -2 -1 -1 0 -1 0 -2 -1 -1 -2 -1 -1 0 -2 0 -2 -1 -1 0 -1 0 0 -1 -1 -2 -1 0 -1 0 0 -1 -2 0 -2 -2 0 -2 -1 -1 -2 -2 -2 -2 -2 0 0 -1 0 -2 0 -1 -1 -1 -1 -2 -2 -2 0 -2 -2 -2 -1 -2 -2 -1 0 -1 -2 -2 -2 -2 0 -2 -2 -2 -1 -2 -1 -1 -1 0 -1 0 0 -1 0 -1 -1 -1 -2 -1 -1 0 -2 -2
0.720909381844855 -0.331473249337544 -1.09713457255925 0.168059115418223 -0.406234665030702 1 2 1 1 1 2 2 0 1 0 2 0 2 0 0 1 2 1 1 2 1 2 1 1 1 1 0 0 0 1 2 2 1 2 0 0 2 2 0 2 1 2 0 1 0 2 1 2 2 2 0 1 2 1 0 0 0 0 0 0 2 1 1 0 1 1 1 1 2 2 2 1 2 1 0 2 1 1 2 1 2 1 2 1 0 2 0 2 0 0 1 1 2 1 1 2 0 0 0 2 1 2 1 1 1 2 2 0 1 0 2 0 2 0 0 1 2 1 1 2 1 2 1 1 1 1 0 0 0 1 2 2 1 2 0 0 2 2 0 2 1 2 0 1 0 2 1 2 2 2 0 1 2 1 0 0 0 0 0 0 2 1 1 0 1 1 1 1 2 2 2 1 2 1 0 2 1 1 2 1 2 1 2 1 0 2 0 2 0 0 1 1 2 1 1 2 0 0 0 2 1
-0.112254913617779 -2.53929168513409 0.724563098357476 -3.02338654046049 1.79853594344764 -1 2 2 1 2 2 2 2 2 1 1 0 2 1 1 1 2 2 0 2 1 2 0 1 2 1 0 1 1 2 2 1 0 2 0 0 1 1 0 1 1 1 1 1 1 2 1 1 2 2 0 1 2 2 2 0 0 0 1 2 2 1 0 0 2 1 0 0 1 2 0 0 0 0 0 2 1 0 2 1 1 0 2 1 1 1 0 2 1 1 2 2 2 2 1 2 0 1 0 1 1 -2 -2 -1 -2 -2 -2 -2 -2 -1 -1 0 -2 -1 -1 -1 -2 -2 0 -2 -1 -2 0 -1 -2 -1 0 -1 -1 -2 -2 -1 0 -2 0 0 -1 -1 0 -1 -1 -1 -1 -1 -1 -2 -1 -1 -2 -2 0 -1 -2 -2 -2 0 0 0 -1 -2 -2 -1 0 0 -2 -1 0 0 -1 -2 0 0 0 0 0 -2 -1 0 -2 -1 -1 0 -2 -1 -1 -1 0 -2 -1 -1 -2 -2 -2 -2 -1 -2 0 -1 0 -1 -1
1.69058124942914 0.605126984561482 -0.270940121026631 0.303143831660927 -0.137656185868737 1 2 2 0 1 1 2 0 1 0 2 1 2 0 1 1 2 1 1 2 1 2 1 1 1 0 0 0 0 1 2 0 0 2 0 0 2 2 0 2 1 0 2 2 1 2 1 0 1 2 0 1 2 1 1 0 1 1 2 2 1 1 1 0 2 1 0 0 0 2 2 1 2 2 0 1 0 0 2 2 1 0 1 1 1 1 1 2 1 0 0 1 2 0 1 2 1 0 1 2 1 2 2 0 1 1 2 0 1 0 2 1 2 0 1 1 2 1 1 2 1 2 1 1 1 0 0 0 0 1 2 0 0 2 0 0 2 2 0 2 1 0 2 2 1 2 1 0 1 2 0 1 2 1 1 0 1 1 2 2 1 1 1 0 2 1 0 0 0 2 2 1 2 2 0 1 0 0 2 2 1 0 1 1 1 1 1 2 1 0 0 1 2 0 1 2 1 0 1 2 1
0.997055181708504 0.233481423192649 0.571238343080689 -1.35283089190198 -0.331815853363257 -1 2 2 2 2 2 2 2 2 1 1 0 2 0 0 0 1 1 0 2 0 2 0 0 0 1 0 0 1 2 2 1 0 1 0 0 2 2 0 2 2 1 2 1 1 2 2 2 2 2 0 1 2 1 2 0 2 0 1 2 2 1 2 2 2 2 1 1 1 2 1 1 2 2 1 2 2 1 2 1 0 0 0 0 2 1 1 2 1 0 2 2 2 2 2 2 2 2 0 2 2 -2 -2 -2 -2 -2 -2 -2 -2 -1 -1 0 -2 0 0 0 -1 -1 0 -2 0 -2 0 0 0 -1 0 0 -1 -2 -2 -1 0 -1 0 0 -2 -2 0 -2 -2 -1 -2 -1 -1 -2 -2 -2 -2 -2 0 -1 -2 -1 -2 0 -2 0 -1 -2 -2 -1 -2 -2 -2 -2 -1 -1 -1 -2 -1 -1 -2 -2 -1 -2 -2 -1 -2 -1 0 0 0 0 -2 -1 -1 -2 -1 0 -2 -2 -2 -2 -2 -2 -2 -2 0 -2 -2
0.132137361580778 0.672264347695753 -0.450111081041524 0.128022573390102 0.590560611113464 1 2 2 1 2 2 2 1 2 2 2 0 2 0 0 1 0 0 0 2 1 2 1 1 1 1 0 0 1 2 1 0 0 1 0 0 2 2 0 2 1 1 2 0 0 2 1 2 2 2 0 0 2 1 1 0 0 0 2 1 2 2 2 1 2 2 2 1 2 1 2 1 1 1 1 2 1 1 2 1 1 1 2 2 2 0 0 2 0 0 2 2 2 1 1 2 0 1 0 2 1 2 2 1 2 2 2 1 2 2 2 0 2 0 0 1 0 0 0 2 1 2 1 1 1 1 0 0 1 2 1 0 0 1 0 0 2 2 0 2 1 1 2 0 0 2 1 2 2 2 0 0 2 1 1 0 0 0 2 1 2 2 2 1 2 2 2 1 2 1 2 1 1 1 1 2 1 1 2 1 1 1 2 2 2 0 0 2 0 0 2 2 2 1 1 2 0 1 0 2 1
0.259803604217683 -0.662204861237781 -0.643149746886095 2.5805557198005 0.65557114577051 1 2 1 0 1 1 2 1 1 0 1 0 2 1 0 0 1 0 0 2 1 2 1 1 1 0 0 0 1 2 2 1 1 2 1 0 2 2 0 1 1 2 2 2 0 2 0 2 2 2 0 0 2 1 2 0 1 1 2 1 0 0 1 0 2 2 2 1 2 2 2 0 1 1 0 2 1 1 2 2 2 1 2 1 2 2 1 1 2 1 2 2 2 1 1 1 2 2 0 2 2 2 1 0 1 1 2 1 1 0 1 0 2 1 0 0 1 0 0 2 1 2 1 1 1 0 0 0 1 2 2 1 1 2 1 0 2 2 0 1 1 2 2 2 0 2 0 2 2 2 0 0 2 1 2 0 1 1 2 1 0 0 1 0 2 2 2 1 2 2 2 0 1 1 0 2 1 1 2 2 2 1 2 1 2 2 1 1 2 1 2 2 2 1 1 1 2 2 0 2 2
-0.021384716302145 0.37087249822006 0.39223629194934 0.106209923501184 -0.836705072653873 -1 2 2 1 2 2 2 1 2 1 2 0 2 2 2 2 2 1 0 2 1 2 2 1 1 1 0 1 2 2 2 1 0 2 0 0 2 1 0 1 1 1 2 2 1 2 1 2 2 2 0 2 2 2 2 0 1 0 1 1 1 1 0 0 2 2 2 1 1 1 2 1 1 1 1 2 1 0 1 2 0 1 2 1 1 2 2 2 0 0 0 1 1 0 1 1 0 0 1 2 1 -2 -2 -1 -2 -2 -2 -1 -2 -1 -2 0 -2 -2 -2 -2 -2 -1 0 -2 -1 -2 -2 -1 -1 -1 0 -1 -2 -2 -2 -1 0 -2 0 0 -2 -1 0 -1 -1 -1 -2 -2 -1 -2 -1 -2 -2 -2 0 -2 -2 -2 -2 0 -1 0 -1 -1 -1 -1 0 0 -2 -2 -2 -1 -1 -1 -2 -1 -1 -1 -1 -2 -1 0 -1 -2 0 -1 -2 -1 -1 -2 -2 -2 0 0 0 -1 -1 0 -1 -1 0 0 -1 -2 -1
-0.298747909757068 -0.375666757132457 -2.44314076539696 0.17438116451598 -0.501681085271545 -1 2 2 0 2 2 2 1 1 0 1 1 2 0 0 1 2 2 2 2 2 2 2 1 2 1 0 0 0 0 1 0 0 0 0 0 1 0 0 2 2 1 2 2 0 2 2 2 1 2 0 2 2 2 2 1 1 1 1 1 2 1 1 0 2 2 2 0 1 1 2 0 2 2 1 2 1 0 1 1 0 0 1 1 0 1 0 1 0 0 0 1 1 1 1 1 0 0 1 2 1 -2 -2 0 -2 -2 -2 -1 -1 0 -1 -1 -2 0 0 -1 -2 -2 -2 -2 -2 -2 -2 -1 -2 -1 0 0 0 0 -1 0 0 0 0 0 -1 0 0 -2 -2 -1 -2 -2 0 -2 -2 -2 -1 -2 0 -2 -2 -2 -2 -1 -1 -1 -1 -1 -2 -1 -1 0 -2 -2 -2 0 -1 -1 -2 0 -2 -2 -1 -2 -1 0 -1 -1 0 0 -1 -1 0 -1 0 -1 0 0 0 -1 -1 -1 -1 -1 0 0 -1 -2 -1
-0.462582859504048 1.2136910620096 0.00671562877325602 -2.30550199130886 -0.0702911671872164 1 2 2 1 2 2 2 1 1 0 1 0 2 1 1 1 1 1 2 2 2 2 2 1 0 1 0 0 0 2 2 0 1 2 0 1 2 2 0 2 2 0 2 2 1 2 1 2 1 2 0 1 2 0 1 0 1 0 1 1 1 1 1 0 2 2 2 1 2 2 2 2 2 1 0 2 0 0 2 2 2 1 2 1 1 0 0 2 1 1 1 2 2 1 1 1 1 1 1 2 2 2 2 1 2 2 2 1 1 0 1 0 2 1 1 1 1 1 2 2 2 2 2 1 0 1 0 0 0 2 2 0 1 2 0 1 2 2 0 2 2 0 2 2 1 2 1 2 1 2 0 1 2 0 1 0 1 0 1 1 1 1 1 0 2 2 2 1 2 2 2 2 2 1 0 2 0 0 2 2 2 1 2 1 1 0 0 2 1 1 1 2 2 1 1 1 1 1 1 2 2
1.92190003112056 0.123125794746928 -1.4633783902561 0.628768148231559 -0.0255163135431379 1 2 2 2 2 2 2 2 2 0 2 0 2 1 0 1 1 1 1 2 1 2 2 2 1 1 0 0 0 1 2 1 0 1 0 0 1 0 0 1 1 0 1 2 1 2 2 2 2 2 0 1 2 2 2 0 1 0 2 1 1 1 2 0 2 2 2 1 2 2 2 0 1 0 0 2 0 1 2 1 2 2 2 1 1 1 0 1 2 0 2 1 1 2 2 2 0 0 0 2 2 2 2 2 2 2 2 2 2 0 2 0 2 1 0 1 1 1 1 2 1 2 2 2 1 1 0 0 0 1 2 1 0 1 0 0 1 0 0 1 1 0 1 2 1 2 2 2 2 2 0 1 2 2 2 0 1 0 2 1 1 1 2 0 2 2 2 1 2 2 2 0 1 0 0 2 0 1 2 1 2 2 2 1 1 1 0 1 2 0 2 1 1 2 2 2 0 0 0 2 2
0.496304958091155 0.783894546358563 -1.80549548833032 0.58769500619592 1.17316007521932 1 2 1 0 1 2 1 0 2 0 1 0 2 1 1 0 2 2 1 2 1 2 2 2 1 0 0 0 0 2 2 1 0 1 0 0 2 2 0 2 2 1 1 2 2 2 2 2 2 2 1 2 2 1 1 0 1 0 1 1 2 2 2 0 1 2 1 0 1 1 2 2 2 1 0 2 1 1 2 2 2 0 0 0 1 1 1 2 2 0 1 1 2 0 2 2 2 0 0 2 0 2 1 0 1 2 1 0 2 0 1 0 2 1 1 0 2 2 1 2 1 2 2 2 1 0 0 0 0 2 2 1 0 1 0 0 2 2 0 2 2 1 1 2 2 2 2 2 2 2 1 2 2 1 1 0 1 0 1 1 2 2 2 0 1 2 1 0 1 1 2 2 2 1 0 2 1 1 2 2 2 0 0 0 1 1 1 2 2 0 1 1 2 0 2 2 2 0 0 2 0
0.42378114660198 0.826220918691933 -1.27930971420038 0.503084693800488 0.627201109416375 1 2 2 1 2 2 2 1 2 1 2 0 2 0 0 1 1 0 0 2 0 0 1 2 1 1 0 1 1 2 2 0 0 0 0 0 2 1 0 2 2 2 2 1 1 2 1 2 1 2 0 1 2 0 0 0 0 0 2 0 1 2 1 0 2 2 2 1 2 2 2 1 1 2 1 2 1 0 2 2 2 1 2 1 2 2 1 2 1 1 1 1 2 2 2 2 1 0 0 2 2 2 2 1 2 2 2 1 2 1 2 0 2 0 0 1 1 0 0 2 0 0 1 2 1 1 0 1 1 2 2 0 0 0 0 0 2 1 0 2 2 2 2 1 1 2 1 2 1 2 0 1 2 0 0 0 0 0 2 0 1 2 1 0 2 2 2 1 2 2 2 1 1 2 1 2 1 0 2 2 2 1 2 1 2 2 1 2 1 1 1 1 2 2 2 2 1 0 0 2 2
-0.0540545424077645 -0.931423832329329 0.413171442094275 -0.811184695103514 -1.05319468989722 -1 2 2 1 2 2 2 0 1 0 1 0 2 0 1 1 1 1 1 2 0 0 1 1 1 0 0 0 0 2 2 1 1 2 0 1 2 2 1 2 1 2 2 2 2 2 0 2 2 2 0 1 2 1 0 0 0 0 1 1 1 0 0 0 2 2 1 0 2 2 2 1 1 1 1 2 0 0 1 0 0 0 2 1 1 0 1 2 0 0 2 2 1 0 0 0 0 0 0 1 1 -2 -2 -1 -2 -2 -2 0 -1 0 -1 0 -2 0 -1 -1 -1 -1 -1 -2 0 0 -1 -1 -1 0 0 0 0 -2 -2 -1 -1 -2 0 -1 -2 -2 -1 -2 -1 -2 -2 -2 -2 -2 0 -2 -2 -2 0 -1 -2 -1 0 0 0 0 -1 -1 -1 0 0 0 -2 -2 -1 0 -2 -2 -2 -1 -1 -1 -1 -2 0 0 -1 0 0 0 -2 -1 -1 0 -1 -2 0 0 -2 -2 -1 0 0 0 0 0 0 -1 -1
0.628408073590871 -1.39227574432177 0.837929290335574 0.308791759534465 0.507820257671431 -1 2 2 1 1 2 2 1 2 1 2 0 2 1 0 1 2 1 0 2 0 2 1 1 0 0 0 0 0 2 1 0 0 2 0 1 2 2 0 1 2 1 1 1 0 2 1 0 0 2 0 2 2 1 2 0 0 0 1 2 2 2 2 1 2 2 2 0 2 2 2 0 2 2 1 2 0 1 2 2 2 2 2 0 0 0 0 2 2 1 2 2 2 1 1 2 2 0 0 2 1 -2 -2 -1 -1 -2 -2 -1 -2 -1 -2 0 -2 -1 0 -1 -2 -1 0 -2 0 -2 -1 -1 0 0 0 0 0 -2 -1 0 0 -2 0 -1 -2 -2 0 -1 -2 -1 -1 -1 0 -2 -1 0 0 -2 0 -2 -2 -1 -2 0 0 0 -1 -2 -2 -2 -2 -1 -2 -2 -2 0 -2 -2 -2 0 -2 -2 -1 -2 0 -1 -2 -2 -2 -2 -2 0 0 0 0 -2 -2 -1 -2 -2 -2 -1 -1 -2 -2 0 0 -2 -1
-0.386064371247926 0.398382655131351 0.215495692344146 1.42356185032537 -0.546292612719091 1 2 2 0 2 1 0 0 0 0 2 0 2 0 1 0 0 0 0 2 1 1 1 2 1 0 0 0 1 2 2 0 0 2 1 0 1 1 0 2 2 1 1 2 0 2 1 2 1 2 0 2 2 1 1 0 0 0 2 1 1 2 2 0 2 2 2 1 2 2 1 0 0 0 0 2 1 0 2 2 1 1 1 1 2 1 0 2 1 0 1 2 2 0 1 1 0 0 0 2 1 2 2 0 2 1 0 0 0 0 2 0 2 0 1 0 0 0 0 2 1 1 1 2 1 0 0 0 1 2 2 0 0 2 1 0 1 1 0 2 2 1 1 2 0 2 1 2 1 2 0 2 2 1 1 0 0 0 2 1 1 2 2 0 2 2 2 1 2 2 1 0 0 0 0 2 1 0 2 2 1 1 1 1 2 1 0 2 1 0 1 2 2 0 1 1 0 0 0 2 1
0.643401502282028 -1.29319164620134 -1.34532640080769 0.399485666803306 0.620666269362753 1 2 2 0 1 1 2 1 2 1 2 1 2 2 2 1 2 2 1 2 0 2 0 0 0 0 0 0 0 2 2 0 0 2 1 1 2 1 0 1 2 2 1 0 0 1 0 2 1 2 1 2 2 1 1 0 0 0 2 2 1 2 2 1 2 2 2 0 1 2 2 0 1 2 1 2 1 2 2 2 2 1 2 1 2 1 1 2 1 0 2 2 2 1 1 2 2 0 0 2 2 2 2 0 1 1 2 1 2 1 2 1 2 2 2 1 2 2 1 2 0 2 0 0 0 0 0 0 0 2 2 0 0 2 1 1 2 1 0 1 2 2 1 0 0 1 0 2 1 2 1 2 2 1 1 0 0 0 2 2 1 2 2 1 2 2 2 0 1 2 2 0 1 2 1 2 1 2 2 2 2 1 2 1 2 1 1 2 1 0 2 2 2 1 1 2 2 0 0 2 2
-0.520763532196804 0.969850100339991 0.914834772615247 0.0403674736920222 -1.48141018551183 1 2 2 0 2 2 2 0 2 2 0 0 2 1 0 1 0 0 0 2 0 1 1 2 1 0 0 0 0 1 2 0 0 2 0 0 2 2 0 2 2 0 1 2 1 2 1 1 1 2 0 0 2 0 2 0 0 0 2 1 0 2 0 0 2 2 1 1 2 2 2 0 2 2 0 2 1 0 1 0 0 0 2 1 2 1 0 2 1 0 2 2 2 2 1 2 0 0 0 1 0 2 2 0 2 2 2 0 2 2 0 0 2 1 0 1 0 0 0 2 0 1 1 2 1 0 0 0 0 1 2 0 0 2 0 0 2 2 0 2 2 0 1 2 1 2 1 1 1 2 0 0 2 0 2 0 0 0 2 1 0 2 0 0 2 2 1 1 2 2 2 0 2 2 0 2 1 0 1 0 0 0 2 1 2 1 0 2 1 0 2 2 2 2 1 2 0 0 0 1 0
-1.39708406605539 0.44103513873257 -1.21640981743305 -0.330162505112564 1.12665679177144 -1 2 2 0 2 2 2 2 2 2 2 0 2 1 1 1 2 2 1 2 1 2 0 0 1 1 0 0 0 1 2 1 0 2 1 0 2 1 0 0 1 0 2 2 1 2 1 2 2 2 0 1 2 2 1 0 1 0 0 1 1 1 0 0 2 2 1 1 2 1 1 1 2 0 0 2 1 0 2 2 1 2 2 1 1 1 0 1 1 0 1 2 2 0 0 0 1 0 0 1 0 -2 -2 0 -2 -2 -2 -2 -2 -2 -2 0 -2 -1 -1 -1 -2 -2 -1 -2 -1 -2 0 0 -1 -1 0 0 0 -1 -2 -1 0 -2 -1 0 -2 -1 0 0 -1 0 -2 -2 -1 -2 -1 -2 -2 -2 0 -1 -2 -2 -1 0 -1 0 0 -1 -1 -1 0 0 -2 -2 -1 -1 -2 -1 -1 -1 -2 0 0 -2 -1 0 -2 -2 -1 -2 -2 -1 -1 -1 0 -1 -1 0 -1 -2 -2 0 0 0 -1 0 0 -1 0
2.84064675026984 -0.148457935402221 0.0361582619543179 2.34152727797412 -1.43638525951672 -1 2 2 0 2 1 2 0 1 1 1 0 2 1 2 1 0 0 0 2 0 2 0 0 0 1 0 0 0 1 2 1 0 2 1 0 2 2 0 2 2 2 2 1 0 2 2 2 2 2 0 1 2 1 2 0 0 0 1 2 1 1 1 0 2 2 2 1 1 1 2 0 2 2 2 2 1 1 2 2 1 0 2 1 2 1 1 2 0 0 2 2 2 1 1 2 1 1 0 2 1 -2 -2 0 -2 -1 -2 0 -1 -1 -1 0 -2 -1 -2 -1 0 0 0 -2 0 -2 0 0 0 -1 0 0 0 -1 -2 -1 0 -2 -1 0 -2 -2 0 -2 -2 -2 -2 -1 0 -2 -2 -2 -2 -2 0 -1 -2 -1 -2 0 0 0 -1 -2 -1 -1 -1 0 -2 -2 -2 -1 -1 -1 -2 0 -2 -2 -2 -2 -1 -1 -2 -2 -1 0 -2 -1 -2 -1 -1 -2 0 0 -2 -2 -2 -1 -1 -2 -1 -1 0 -2 -1
0.598600121705532 -1.00942817238395 0.695141937644266 -0.316969689033512 -0.156891998584171 -1 2 1 0 2 2 2 2 2 1 2 0 2 2 1 1 1 1 0 2 1 2 1 1 0 1 0 1 0 1 2 0 0 2 0 0 2 2 1 2 2 1 0 1 0 2 1 1 1 2 0 1 2 0 1 0 1 0 0 0 1 2 1 0 2 2 2 0 2 1 2 2 2 1 0 2 0 1 2 1 0 0 1 1 1 1 0 1 1 0 0 1 2 1 1 2 0 0 0 2 2 -2 -1 0 -2 -2 -2 -2 -2 -1 -2 0 -2 -2 -1 -1 -1 -1 0 -2 -1 -2 -1 -1 0 -1 0 -1 0 -1 -2 0 0 -2 0 0 -2 -2 -1 -2 -2 -1 0 -1 0 -2 -1 -1 -1 -2 0 -1 -2 0 -1 0 -1 0 0 0 -1 -2 -1 0 -2 -2 -2 0 -2 -1 -2 -2 -2 -1 0 -2 0 -1 -2 -1 0 0 -1 -1 -1 -1 0 -1 -1 0 0 -1 -2 -1 -1 -2 0 0 0 -2 -2
1.01865222480995 0.34161380538404 -0.288906293478697 0.378242747968145 -0.282273313656007 -1 2 2 1 2 2 2 1 2 0 1 0 2 1 1 1 1 1 0 2 0 2 2 2 0 1 0 1 0 2 2 0 0 2 0 0 2 1 0 2 1 2 1 1 0 2 1 1 1 1 0 1 2 1 1 0 1 0 2 1 1 2 0 1 2 2 2 2 2 1 1 0 1 2 1 2 0 0 2 1 1 1 2 1 1 1 0 2 0 0 0 0 1 0 0 1 1 0 0 2 0 -2 -2 -1 -2 -2 -2 -1 -2 0 -1 0 -2 -1 -1 -1 -1 -1 0 -2 0 -2 -2 -2 0 -1 0 -1 0 -2 -2 0 0 -2 0 0 -2 -1 0 -2 -1 -2 -1 -1 0 -2 -1 -1 -1 -1 0 -1 -2 -1 -1 0 -1 0 -2 -1 -1 -2 0 -1 -2 -2 -2 -2 -2 -1 -1 0 -1 -2 -1 -2 0 0 -2 -1 -1 -1 -2 -1 -1 -1 0 -2 0 0 0 0 -1 0 0 -1 -1 0 0 -2 0
-0.507691596537526 0.8684277462038 -1.01582039913795 1.77661563016406 -2.44573966491646 1 2 2 1 2 2 2 2 1 0 0 0 2 0 0 1 2 1 0 2 1 2 2 2 1 0 0 0 1 2 2 0 0 0 0 0 2 2 1 2 2 2 2 1 1 2 1 1 2 2 0 1 2 2 1 0 0 0 0 1 1 1 1 0 0 0 0 0 0 1 2 0 2 2 0 2 2 0 2 2 1 0 2 0 1 1 0 1 2 2 2 2 2 2 2 2 1 0 0 2 0 2 2 1 2 2 2 2 1 0 0 0 2 0 0 1 2 1 0 2 1 2 2 2 1 0 0 0 1 2 2 0 0 0 0 0 2 2 1 2 2 2 2 1 1 2 1 1 2 2 0 1 2 2 1 0 0 0 0 1 1 1 1 0 0 0 0 0 0 1 2 0 2 2 0 2 2 0 2 2 1 0 2 0 1 1 0 1 2 2 2 2 2 2 2 2 1 0 0 2 0
1.39859061730082 0.342065800164674 1.33321238387788 0.41293631089273 -0.809226734956874 1 2 1 0 1 1 2 1 2 1 0 0 2 1 1 1 1 1 1 2 0 1 2 1 2 1 0 0 1 2 1 2 0 1 0 1 2 2 0 2 1 2 2 2 0 2 2 2 2 2 0 0 2 0 1 0 1 0 1 2 2 2 2 1 2 1 2 1 1 1 2 0 1 1 1 2 2 1 2 2 2 2 2 2 2 2 0 2 1 0 1 2 2 1 1 2 0 0 0 2 1 2 1 0 1 1 2 1 2 1 0 0 2 1 1 1 1 1 1 2 0 1 2 1 2 1 0 0 1 2 1 2 0 1 0 1 2 2 0 2 1 2 2 2 0 2 2 2 2 2 0 0 2 0 1 0 1 0 1 2 2 2 2 1 2 1 2 1 1 1 2 0 1 1 1 2 2 1 2 2 2 2 2 2 2 2 0 2 1 0 1 2 2 1 1 2 0 0 0 2 1
0.32903057534515 0.642685075667012 -0.518250695055597 -0.93008148504089 -1.63913684298327 -1 2 2 0 2 2 2 2 2 0 1 0 2 2 1 2 1 2 1 2 1 2 1 1 0 1 0 0 0 2 2 0 0 2 0 0 2 1 0 2 2 1 1 1 1 2 2 2 2 2 0 1 2 2 2 1 2 2 2 1 2 2 1 1 2 2 2 1 0 1 2 1 2 2 2 2 2 0 2 2 2 1 2 2 2 2 1 2 1 1 2 1 1 1 1 1 0 0 0 0 1 -2 -2 0 -2 -2 -2 -2 -2 0 -1 0 -2 -2 -1 -2 -1 -2 -1 -2 -1 -2 -1 -1 0 -1 0 0 0 -2 -2 0 0 -2 0 0 -2 -1 0 -2 -2 -1 -1 -1 -1 -2 -2 -2 -2 -2 0 -1 -2 -2 -2 -1 -2 -2 -2 -1 -2 -2 -1 -1 -2 -2 -2 -1 0 -1 -2 -1 -2 -2 -2 -2 -2 0 -2 -2 -2 -1 -2 -2 -2 -2 -1 -2 -1 -1 -2 -1 -1 -1 -1 -1 0 0 0 0 -1
0.297702628167741 -0.997519669904166 -0.261237620806966 1.26504729518273 -0.709511060455272 -1 2 2 1 2 2 2 1 2 1 2 0 2 0 1 2 1 0 0 2 1 2 1 1 1 2 0 0 1 1 2 2 1 1 0 0 2 2 1 2 2 2 2 2 2 2 1 2 1 2 0 0 2 1 2 0 1 0 0 1 1 0 0 0 1 1 1 1 0 1 2 0 2 2 1 2 1 0 1 1 1 2 2 2 1 2 1 2 1 1 2 1 2 2 2 2 1 1 0 2 2 -2 -2 -1 -2 -2 -2 -1 -2 -1 -2 0 -2 0 -1 -2 -1 0 0 -2 -1 -2 -1 -1 -1 -2 0 0 -1 -1 -2 -2 -1 -1 0 0 -2 -2 -1 -2 -2 -2 -2 -2 -2 -2 -1 -2 -1 -2 0 0 -2 -1 -2 0 -1 0 0 -1 -1 0 0 0 -1 -1 -1 -1 0 -1 -2 0 -2 -2 -1 -2 -1 0 -1 -1 -1 -2 -2 -2 -1 -2 -1 -2 -1 -1 -2 -1 -2 -2 -2 -2 -1 -1 0 -2 -2
-1.3649860826049 -1.614719094886 1.04312121209124 0.379181094626178 -1.22085478342803 1 2 2 1 1 2 1 0 2 0 1 0 2 1 0 1 2 2 1 2 0 2 1 1 1 0 0 0 0 1 2 1 0 2 0 1 2 1 0 0 1 0 2 1 1 2 1 2 2 2 0 0 2 1 0 0 0 0 0 1 2 2 1 0 2 1 1 1 2 1 2 0 0 1 1 2 1 0 2 1 0 1 2 1 1 2 0 1 1 1 2 1 2 0 0 0 1 1 0 2 2 2 2 1 1 2 1 0 2 0 1 0 2 1 0 1 2 2 1 2 0 2 1 1 1 0 0 0 0 1 2 1 0 2 0 1 2 1 0 0 1 0 2 1 1 2 1 2 2 2 0 0 2 1 0 0 0 0 0 1 2 2 1 0 2 1 1 1 2 1 2 0 0 1 1 2 1 0 2 1 0 1 2 1 1 2 0 1 1 1 2 1 2 0 0 0 1 1 0 2 2
-0.0924295518253714 -0.0723016004512533 0.816228252877237 1.15085443931878 -1.0366559451951 -1 2 2 0 2 2 2 1 2 0 1 0 2 1 2 2 1 1 0 2 0 1 2 2 1 1 0 0 0 1 2 0 0 2 0 0 2 2 0 0 1 2 0 0 0 1 0 0 1 2 0 1 2 1 1 0 1 0 1 1 2 1 1 0 2 2 2 0 1 2 2 1 2 2 1 2 1 2 1 1 2 0 1 1 2 1 1 2 2 1 2 1 1 1 1 2 0 0 0 1 1 -2 -2 0 -2 -2 -2 -1 -2 0 -1 0 -2 -1 -2 -2 -1 -1 0 -2 0 -1 -2 -2 -1 -1 0 0 0 -1 -2 0 0 -2 0 0 -2 -2 0 0 -1 -2 0 0 0 -1 0 0 -1 -2 0 -1 -2 -1 -1 0 -1 0 -1 -1 -2 -1 -1 0 -2 -2 -2 0 -1 -2 -2 -1 -2 -2 -1 -2 -1 -2 -1 -1 -2 0 -1 -1 -2 -1 -1 -2 -2 -1 -2 -1 -1 -1 -1 -2 0 0 0 -1 -1
1.05282881985655 -1.13442384570913 -0.878991041828012 0.615266056724598 -1.04909329578463 1 2 2 1 2 2 2 1 2 0 1 0 2 1 1 2 1 0 0 2 0 2 2 1 2 0 0 0 1 1 2 1 1 2 0 1 2 2 0 1 1 1 1 1 0 2 1 1 2 2 0 0 2 2 2 0 1 0 1 1 2 2 1 0 2 2 2 0 2 2 1 0 0 1 0 2 1 0 2 1 1 1 2 1 1 0 0 2 1 0 1 1 2 0 2 2 2 0 0 1 1 2 2 1 2 2 2 1 2 0 1 0 2 1 1 2 1 0 0 2 0 2 2 1 2 0 0 0 1 1 2 1 1 2 0 1 2 2 0 1 1 1 1 1 0 2 1 1 2 2 0 0 2 2 2 0 1 0 1 1 2 2 1 0 2 2 2 0 2 2 1 0 0 1 0 2 1 0 2 1 1 1 2 1 1 0 0 2 1 0 1 1 2 0 2 2 2 0 0 1 1
0.707403363923249 -0.0682092853998681 -1.73429297018993 -0.641555918246912 0.997422242930722 -1 2 2 1 2 2 2 0 1 1 1 0 2 2 0 1 2 1 0 2 0 2 1 1 2 2 1 1 1 2 2 1 0 1 0 0 1 1 0 0 1 1 2 1 1 2 2 2 2 2 0 2 2 0 2 0 0 0 1 0 2 2 1 1 2 2 2 0 2 2 2 2 2 2 1 2 1 1 2 1 1 1 2 1 2 1 1 2 0 0 0 1 2 2 2 2 0 0 0 2 1 -2 -2 -1 -2 -2 -2 0 -1 -1 -1 0 -2 -2 0 -1 -2 -1 0 -2 0 -2 -1 -1 -2 -2 -1 -1 -1 -2 -2 -1 0 -1 0 0 -1 -1 0 0 -1 -1 -2 -1 -1 -2 -2 -2 -2 -2 0 -2 -2 0 -2 0 0 0 -1 0 -2 -2 -1 -1 -2 -2 -2 0 -2 -2 -2 -2 -2 -2 -1 -2 -1 -1 -2 -1 -1 -1 -2 -1 -2 -1 -1 -2 0 0 0 -1 -2 -2 -2 -2 0 0 0 -2 -1
-0.532629229879714 -0.295549930000713 -0.961823703643332 -0.689187690807136 0.251687935264046 -1 2 2 1 2 1 2 1 2 1 1 0 0 0 0 0 2 0 0 2 0 0 1 1 1 1 0 0 0 2 1 0 0 1 0 0 2 2 0 1 1 1 2 2 1 2 2 2 2 2 0 1 2 1 0 0 0 0 1 0 1 1 1 0 2 2 2 1 2 1 2 0 0 0 1 2 1 1 1 0 0 0 1 1 2 1 1 2 1 1 2 2 1 0 2 2 0 0 1 2 2 -2 -2 -1 -2 -1 -2 -1 -2 -1 -1 0 0 0 0 0 -2 0 0 -2 0 0 -1 -1 -1 -1 0 0 0 -2 -1 0 0 -1 0 0 -2 -2 0 -1 -1 -1 -2 -2 -1 -2 -2 -2 -2 -2 0 -1 -2 -1 0 0 0 0 -1 0 -1 -1 -1 0 -2 -2 -2 -1 -2 -1 -2 0 0 0 -1 -2 -1 -1 -1 0 0 0 -1 -1 -2 -1 -1 -2 -1 -1 -2 -2 -1 0 -2 -2 0 0 -1 -2 -2
0.287692025834485 -0.0857460879683522 1.07808288611594 0.247878555230501 -1.26294078084746 -1 2 2 1 1 2 2 1 1 0 1 0 2 2 1 0 1 0 0 2 1 2 2 1 1 0 0 0 0 1 1 2 1 2 1 1 2 2 0 2 2 2 2 2 1 2 1 1 1 2 0 2 2 1 1 0 0 0 1 2 1 0 1 0 2 1 0 1 2 2 1 0 2 2 2 2 2 1 2 2 1 0 1 2 2 1 1 1 1 0 1 1 1 0 0 1 0 1 0 2 2 -2 -2 -1 -1 -2 -2 -1 -1 0 -1 0 -2 -2 -1 0 -1 0 0 -2 -1 -2 -2 -1 -1 0 0 0 0 -1 -1 -2 -1 -2 -1 -1 -2 -2 0 -2 -2 -2 -2 -2 -1 -2 -1 -1 -1 -2 0 -2 -2 -1 -1 0 0 0 -1 -2 -1 0 -1 0 -2 -1 0 -1 -2 -2 -1 0 -2 -2 -2 -2 -2 -1 -2 -2 -1 0 -1 -2 -2 -1 -1 -1 -1 0 -1 -1 -1 0 0 -1 0 -1 0 -2 -2
0.152752095143021 -1.71896579019439 0.947528322655923 -1.61612623696268 1.52060110659151 -1 2 2 0 2 2 2 1 2 0 2 0 2 0 0 1 1 0 0 2 0 1 0 1 0 0 0 0 0 1 2 0 0 1 0 0 2 2 0 1 2 1 2 2 0 2 1 1 0 2 0 1 2 1 2 1 2 0 0 1 2 2 2 0 2 2 1 1 1 2 2 0 1 1 1 2 1 2 1 2 1 0 2 1 2 2 0 2 0 0 2 2 2 2 1 1 0 0 0 2 1 -2 -2 0 -2 -2 -2 -1 -2 0 -2 0 -2 0 0 -1 -1 0 0 -2 0 -1 0 -1 0 0 0 0 0 -1 -2 0 0 -1 0 0 -2 -2 0 -1 -2 -1 -2 -2 0 -2 -1 -1 0 -2 0 -1 -2 -1 -2 -1 -2 0 0 -1 -2 -2 -2 0 -2 -2 -1 -1 -1 -2 -2 0 -1 -1 -1 -2 -1 -2 -1 -2 -1 0 -2 -1 -2 -2 0 -2 0 0 -2 -2 -2 -2 -1 -1 0 0 0 -2 -1
-1.38863537794006 1.56211194903603 -0.488865381221684 1.02377925974701 0.656446294185632 -1 2 1 0 2 2 2 1 1 0 1 0 2 0 0 1 1 0 0 2 0 1 0 1 0 0 0 0 2 1 2 1 0 2 1 0 2 2 0 2 2 1 2 2 0 2 1 2 2 2 0 0 2 2 0 0 1 0 1 0 1 1 0 0 2 2 2 2 1 2 0 0 2 2 1 2 0 0 2 1 1 1 2 2 1 1 0 2 2 0 1 1 2 1 2 2 1 1 1 2 1 -2 -1 0 -2 -2 -2 -1 -1 0 -1 0 -2 0 0 -1 -1 0 0 -2 0 -1 0 -1 0 0 0 0 -2 -1 -2 -1 0 -2 -1 0 -2 -2 0 -2 -2 -1 -2 -2 0 -2 -1 -2 -2 -2 0 0 -2 -2 0 0 -1 0 -1 0 -1 -1 0 0 -2 -2 -2 -2 -1 -2 0 0 -2 -2 -1 -2 0 0 -2 -1 -1 -1 -2 -2 -1 -1 0 -2 -2 0 -1 -1 -2 -1 -2 -2 -1 -1 -1 -2 -1
0.283187094492651 -0.645504409239748 0.549759993826082 1.22340120457461 1.15306107097178 -1 2 2 1 2 2 1 2 2 1 1 0 2 0 1 2 1 0 0 2 0 0 1 0 1 0 0 0 0 0 2 0 0 1 0 1 1 0 0 1 1 0 0 1 2 2 1 2 2 2 0 2 2 1 1 0 1 0 1 1 1 2 0 0 2 1 2 1 1 2 2 1 1 2 1 2 1 1 2 2 2 1 2 0 1 1 1 2 1 0 1 0 1 1 1 2 2 2 2 2 2 -2 -2 -1 -2 -2 -1 -2 -2 -1 -1 0 -2 0 -1 -2 -1 0 0 -2 0 0 -1 0 -1 0 0 0 0 0 -2 0 0 -1 0 -1 -1 0 0 -1 -1 0 0 -1 -2 -2 -1 -2 -2 -2 0 -2 -2 -1 -1 0 -1 0 -1 -1 -1 -2 0 0 -2 -1 -2 -1 -1 -2 -2 -1 -1 -2 -1 -2 -1 -1 -2 -2 -2 -1 -2 0 -1 -1 -1 -2 -1 0 -1 0 -1 -1 -1 -2 -2 -2 -2 -2 -2
0.230538629735833 0.378393237638048 1.97795358717028 0.189686837739862 -0.476182299156019 -1 2 1 0 2 2 2 0 1 0 1 0 2 2 1 1 1 0 0 2 1 1 1 2 2 1 0 0 1 2 2 1 0 1 0 1 1 1 0 2 2 2 2 2 1 1 0 2 1 2 0 1 2 1 2 0 1 1 2 0 2 1 1 0 2 2 1 1 2 2 1 0 1 1 1 2 1 1 2 2 1 0 1 1 1 1 1 2 1 0 2 2 2 1 2 2 0 0 1 2 2 -2 -1 0 -2 -2 -2 0 -1 0 -1 0 -2 -2 -1 -1 -1 0 0 -2 -1 -1 -1 -2 -2 -1 0 0 -1 -2 -2 -1 0 -1 0 -1 -1 -1 0 -2 -2 -2 -2 -2 -1 -1 0 -2 -1 -2 0 -1 -2 -1 -2 0 -1 -1 -2 0 -2 -1 -1 0 -2 -2 -1 -1 -2 -2 -1 0 -1 -1 -1 -2 -1 -1 -2 -2 -1 0 -1 -1 -1 -1 -1 -2 -1 0 -2 -2 -2 -1 -2 -2 0 0 -1 -2 -2
2.5710392997425 0.159160608097834 -0.41984700327873 0.516551290040537 -0.996178962712759 -1 2 2 2 2 2 2 0 0 0 2 0 2 1 1 1 2 0 1 2 0 1 0 2 1 0 0 0 0 1 2 1 1 2 0 1 2 2 0 0 1 1 1 2 2 2 1 2 1 2 0 0 2 0 1 0 0 0 1 2 0 1 1 0 1 1 2 1 2 2 2 1 1 0 0 2 0 0 2 2 1 1 2 1 2 1 0 2 1 0 0 1 2 1 2 2 1 1 1 2 1 -2 -2 -2 -2 -2 -2 0 0 0 -2 0 -2 -1 -1 -1 -2 0 -1 -2 0 -1 0 -2 -1 0 0 0 0 -1 -2 -1 -1 -2 0 -1 -2 -2 0 0 -1 -1 -1 -2 -2 -2 -1 -2 -1 -2 0 0 -2 0 -1 0 0 0 -1 -2 0 -1 -1 0 -1 -1 -2 -1 -2 -2 -2 -1 -1 0 0 -2 0 0 -2 -2 -1 -1 -2 -1 -2 -1 0 -2 -1 0 0 -1 -2 -1 -2 -2 -1 -1 -1 -2 -1
2.64148162000518 0.627708828872756 0.794789751962395 -0.866234167308873 0.484093315364307 1 2 2 1 2 2 1 0 1 0 2 0 2 2 2 2 1 1 1 2 1 1 1 2 1 0 0 0 0 1 2 0 0 2 0 1 2 2 1 1 1 1 2 2 1 2 1 1 2 2 0 0 2 1 1 0 0 0 1 0 1 1 1 0 2 2 2 0 2 2 1 0 2 2 2 2 1 0 0 1 1 1 2 2 2 2 0 1 1 0 2 1 1 1 1 2 0 0 0 2 2 2 2 1 2 2 1 0 1 0 2 0 2 2 2 2 1 1 1 2 1 1 1 2 1 0 0 0 0 1 2 0 0 2 0 1 2 2 1 1 1 1 2 2 1 2 1 1 2 2 0 0 2 1 1 0 0 0 1 0 1 1 1 0 2 2 2 0 2 2 1 0 2 2 2 2 1 0 0 1 1 1 2 2 2 2 0 1 1 0 2 1 1 1 1 2 0 0 0 2 2
-0.553516739031942 -1.67506898239164 0.943007614993067 1.12220135747176 1.07548042932273 -1 2 2 0 2 2 2 0 1 1 1 0 2 0 0 0 1 1 1 2 0 1 1 1 1 1 0 0 0 1 2 1 1 2 0 0 1 2 0 1 2 2 2 1 1 2 1 2 2 2 0 1 2 1 2 0 0 0 2 1 1 2 2 0 2 2 2 1 1 1 2 1 2 2 2 2 0 0 2 2 1 0 1 2 2 2 1 2 0 0 1 1 1 1 1 1 0 0 0 2 0 -2 -2 0 -2 -2 -2 0 -1 -1 -1 0 -2 0 0 0 -1 -1 -1 -2 0 -1 -1 -1 -1 -1 0 0 0 -1 -2 -1 -1 -2 0 0 -1 -2 0 -1 -2 -2 -2 -1 -1 -2 -1 -2 -2 -2 0 -1 -2 -1 -2 0 0 0 -2 -1 -1 -2 -2 0 -2 -2 -2 -1 -1 -1 -2 -1 -2 -2 -2 -2 0 0 -2 -2 -1 0 -1 -2 -2 -2 -1 -2 0 0 -1 -1 -1 -1 -1 -1 0 0 0 -2 0
-0.960512935431847 0.82311108356927 -0.0811037978200183 0.540966974652411 1.24596888185873 -1 2 1 0 0 2 2 0 0 1 1 0 1 0 0 1 2 2 1 2 1 1 1 1 0 1 0 0 0 1 1 0 0 2 1 1 2 2 1 2 2 1 1 1 1 2 1 1 1 2 0 0 2 0 0 0 0 0 0 0 0 0 1 1 2 2 1 0 1 2 1 0 2 0 0 2 1 1 2 2 1 0 2 1 2 2 1 1 2 1 1 2 2 1 1 1 1 1 0 2 2 -2 -1 0 0 -2 -2 0 0 -1 -1 0 -1 0 0 -1 -2 -2 -1 -2 -1 -1 -1 -1 0 -1 0 0 0 -1 -1 0 0 -2 -1 -1 -2 -2 -1 -2 -2 -1 -1 -1 -1 -2 -1 -1 -1 -2 0 0 -2 0 0 0 0 0 0 0 0 0 -1 -1 -2 -2 -1 0 -1 -2 -1 0 -2 0 0 -2 -1 -1 -2 -2 -1 0 -2 -1 -2 -2 -1 -1 -2 -1 -1 -2 -2 -1 -1 -1 -1 -1 0 -2 -2
0.997856741344738 -1.08685067501302 0.605952142277574 0.384174341651995 -0.177543154767146 -1 2 2 0 1 2 2 0 0 1 1 0 2 0 0 0 1 0 1 2 0 1 2 1 0 1 1 0 0 2 2 0 0 2 0 1 2 1 0 1 2 2 2 0 1 2 2 2 2 2 0 2 2 2 2 0 1 0 1 0 2 2 1 0 2 2 1 1 1 2 2 0 2 1 1 2 1 0 2 2 1 2 2 2 1 1 1 2 1 0 1 1 1 0 0 1 0 0 0 1 1 -2 -2 0 -1 -2 -2 0 0 -1 -1 0 -2 0 0 0 -1 0 -1 -2 0 -1 -2 -1 0 -1 -1 0 0 -2 -2 0 0 -2 0 -1 -2 -1 0 -1 -2 -2 -2 0 -1 -2 -2 -2 -2 -2 0 -2 -2 -2 -2 0 -1 0 -1 0 -2 -2 -1 0 -2 -2 -1 -1 -1 -2 -2 0 -2 -1 -1 -2 -1 0 -2 -2 -1 -2 -2 -2 -1 -1 -1 -2 -1 0 -1 -1 -1 0 0 -1 0 0 0 -1 -1
-0.229258847223008 -1.27301687757141 0.0404748649481322 1.53266576693936 -1.06579456834778 -1 2 2 1 2 2 2 1 2 2 2 0 2 0 0 1 2 0 1 2 2 2 2 2 1 2 0 0 1 2 2 0 0 2 0 0 2 2 0 2 2 1 0 2 0 2 0 1 1 2 0 2 2 1 2 0 1 0 1 1 2 1 1 1 2 2 2 0 2 2 2 1 2 1 1 2 1 0 2 2 2 1 1 1 2 1 1 1 1 1 2 2 2 1 2 2 1 0 0 1 1 -2 -2 -1 -2 -2 -2 -1 -2 -2 -2 0 -2 0 0 -1 -2 0 -1 -2 -2 -2 -2 -2 -1 -2 0 0 -1 -2 -2 0 0 -2 0 0 -2 -2 0 -2 -2 -1 0 -2 0 -2 0 -1 -1 -2 0 -2 -2 -1 -2 0 -1 0 -1 -1 -2 -1 -1 -1 -2 -2 -2 0 -2 -2 -2 -1 -2 -1 -1 -2 -1 0 -2 -2 -2 -1 -1 -1 -2 -1 -1 -1 -1 -1 -2 -2 -2 -1 -2 -2 -1 0 0 -1 -1
0.978304852963931 0.655324242122194 0.30512148595556 0.846016696313835 -0.0383674624944325 -1 2 2 0 2 2 2 1 2 1 0 0 2 1 0 1 1 1 1 2 0 0 1 2 0 0 0 0 0 1 2 0 0 2 0 0 1 1 0 1 0 0 1 2 1 2 0 2 1 2 0 1 2 1 1 0 1 0 0 0 1 1 1 0 1 2 2 0 1 1 2 0 0 1 0 2 0 0 2 2 1 1 2 1 1 2 0 1 2 0 1 1 2 1 2 2 0 0 0 1 0 -2 -2 0 -2 -2 -2 -1 -2 -1 0 0 -2 -1 0 -1 -1 -1 -1 -2 0 0 -1 -2 0 0 0 0 0 -1 -2 0 0 -2 0 0 -1 -1 0 -1 0 0 -1 -2 -1 -2 0 -2 -1 -2 0 -1 -2 -1 -1 0 -1 0 0 0 -1 -1 -1 0 -1 -2 -2 0 -1 -1 -2 0 0 -1 0 -2 0 0 -2 -2 -1 -1 -2 -1 -1 -2 0 -1 -2 0 -1 -1 -2 -1 -2 -2 0 0 0 -1 0
0.302470673518601 -1.9654692833382 -0.505997007021777 -0.760395854593346 0.694842043241784 1 2 2 0 2 2 2 1 1 0 2 0 2 2 1 1 2 1 1 2 0 1 1 1 1 1 0 0 1 2 2 0 0 2 0 0 1 2 0 1 2 1 1 2 0 2 2 2 2 2 0 0 2 2 2 0 2 1 2 2 1 1 1 0 2 1 2 0 1 1 2 1 1 1 0 2 2 1 2 1 1 1 1 1 2 2 1 2 1 0 0 1 2 1 0 0 0 0 0 2 2 2 2 0 2 2 2 1 1 0 2 0 2 2 1 1 2 1 1 2 0 1 1 1 1 1 0 0 1 2 2 0 0 2 0 0 1 2 0 1 2 1 1 2 0 2 2 2 2 2 0 0 2 2 2 0 2 1 2 2 1 1 1 0 2 1 2 0 1 1 2 1 1 1 0 2 2 1 2 1 1 1 1 1 2 2 1 2 1 0 0 1 2 1 0 0 0 0 0 2 2
-0.0749519714056783 -2.19882331119136 0.33137266651988 0.445404046536871 -0.0513021786022154 1 2 2 1 2 2 2 1 1 2 2 0 1 1 0 2 1 0 0 2 1 2 0 2 1 1 0 0 0 1 2 0 0 2 0 0 2 2 0 2 2 2 1 2 2 2 2 2 2 2 0 1 2 2 2 0 2 1 1 2 2 1 2 2 2 2 2 1 1 1 2 1 2 2 1 2 1 1 2 2 1 0 2 2 2 1 1 2 2 0 1 1 2 2 1 1 1 0 0 2 1 2 2 1 2 2 2 1 1 2 2 0 1 1 0 2 1 0 0 2 1 2 0 2 1 1 0 0 0 1 2 0 0 2 0 0 2 2 0 2 2 2 1 2 2 2 2 2 2 2 0 1 2 2 2 0 2 1 1 2 2 1 2 2 2 2 2 1 1 1 2 1 2 2 1 2 1 1 2 2 1 0 2 2 2 1 1 2 2 0 1 1 2 2 1 1 1 0 0 2 1
1.43956875344103 -0.725770685068514 -0.236894696494685 1.08957612658277 -1.47750974032803 1 2 2 0 2 2 2 1 1 0 1 0 2 1 1 1 1 0 1 2 2 1 2 2 1 1 0 2 0 1 2 0 0 1 0 1 2 1 1 1 1 0 2 0 0 2 1 2 2 2 0 0 2 1 1 0 0 0 1 1 0 1 1 0 2 2 1 0 1 1 2 1 2 1 0 2 1 1 1 2 2 1 1 2 1 2 1 2 0 0 0 1 2 1 2 2 2 1 1 2 1 2 2 0 2 2 2 1 1 0 1 0 2 1 1 1 1 0 1 2 2 1 2 2 1 1 0 2 0 1 2 0 0 1 0 1 2 1 1 1 1 0 2 0 0 2 1 2 2 2 0 0 2 1 1 0 0 0 1 1 0 1 1 0 2 2 1 0 1 1 2 1 2 1 0 2 1 1 1 2 2 1 1 2 1 2 1 2 0 0 0 1 2 1 2 2 2 1 1 2 1
-0.168971625620717 -1.77796227293931 2.0788298438589 -0.33582676719212 0.359002626104138 1 2 2 1 2 1 2 1 2 0 1 0 2 2 1 0 2 1 1 2 2 2 1 1 1 1 0 0 0 2 2 1 0 2 0 1 2 1 0 1 1 0 0 1 1 1 2 1 1 2 0 2 2 0 1 0 0 0 1 2 1 0 1 0 1 2 2 1 1 2 1 0 1 1 0 2 1 0 2 1 2 1 2 1 2 1 1 1 1 1 1 1 2 1 1 2 1 0 0 2 2 2 2 1 2 1 2 1 2 0 1 0 2 2 1 0 2 1 1 2 2 2 1 1 1 1 0 0 0 2 2 1 0 2 0 1 2 1 0 1 1 0 0 1 1 1 2 1 1 2 0 2 2 0 1 0 0 0 1 2 1 0 1 0 1 2 2 1 1 2 1 0 1 1 0 2 1 0 2 1 2 1 2 1 2 1 1 1 1 1 1 1 2 1 1 2 1 0 0 2 2
1.47403367182697 -1.54058286567329 -0.577488151044026 0.285736591337264 -0.363538018367703 -1 2 2 2 2 2 2 1 2 0 2 0 2 0 0 0 2 0 0 2 2 2 0 0 0 0 0 0 1 2 2 0 0 2 0 0 2 0 0 2 2 2 2 2 2 2 2 2 1 2 0 1 1 0 2 0 0 0 1 1 2 2 1 0 2 2 2 0 1 1 2 1 1 0 0 2 0 0 2 1 0 1 1 1 0 0 0 1 0 0 0 0 1 0 0 1 0 0 0 2 1 -2 -2 -2 -2 -2 -2 -1 -2 0 -2 0 -2 0 0 0 -2 0 0 -2 -2 -2 0 0 0 0 0 0 -1 -2 -2 0 0 -2 0 0 -2 0 0 -2 -2 -2 -2 -2 -2 -2 -2 -2 -1 -2 0 -1 -1 0 -2 0 0 0 -1 -1 -2 -2 -1 0 -2 -2 -2 0 -1 -1 -2 -1 -1 0 0 -2 0 0 -2 -1 0 -1 -1 -1 0 0 0 -1 0 0 0 0 -1 0 0 -1 0 0 0 -2 -1
0.0417043329090534 1.10038439175996 1.26357115650399 0.286602145703553 0.365152793973508 1 2 2 0 1 2 2 0 1 0 0 0 2 0 0 1 2 1 1 2 1 2 0 0 1 1 0 0 0 2 2 2 0 2 0 1 2 2 0 2 2 2 2 2 2 2 0 1 2 2 0 1 2 1 1 0 1 0 2 1 2 2 1 0 2 2 2 1 2 2 2 1 2 1 1 2 2 0 1 1 1 1 2 2 2 1 0 2 2 0 2 1 2 0 0 1 1 0 0 2 1 2 2 0 1 2 2 0 1 0 0 0 2 0 0 1 2 1 1 2 1 2 0 0 1 1 0 0 0 2 2 2 0 2 0 1 2 2 0 2 2 2 2 2 2 2 0 1 2 2 0 1 2 1 1 0 1 0 2 1 2 2 1 0 2 2 2 1 2 2 2 1 2 1 1 2 2 0 1 1 1 1 2 2 2 1 0 2 2 0 2 1 2 0 0 1 1 0 0 2 1
0.26386859009702 0.855200673088399 -0.453092446695133 1.02688378023622 -0.0418075449883343 -1 2 2 0 1 2 2 1 2 0 2 0 2 0 1 2 2 1 2 2 2 2 1 2 0 0 0 0 1 2 2 0 1 2 1 1 2 1 0 1 1 2 1 1 0 2 1 1 1 2 0 1 2 0 1 0 0 0 1 0 2 2 1 1 2 2 2 0 2 2 1 0 1 0 0 2 0 0 2 2 2 2 2 1 2 0 0 2 0 0 1 1 2 2 0 2 0 0 0 2 1 -2 -2 0 -1 -2 -2 -1 -2 0 -2 0 -2 0 -1 -2 -2 -1 -2 -2 -2 -2 -1 -2 0 0 0 0 -1 -2 -2 0 -1 -2 -1 -1 -2 -1 0 -1 -1 -2 -1 -1 0 -2 -1 -1 -1 -2 0 -1 -2 0 -1 0 0 0 -1 0 -2 -2 -1 -1 -2 -2 -2 0 -2 -2 -1 0 -1 0 0 -2 0 0 -2 -2 -2 -2 -2 -1 -2 0 0 -2 0 0 -1 -1 -2 -2 0 -2 0 0 0 -2 -1
0.827128966888721 -0.451942090416873 -0.25446350562039 -1.01267739825094 0.396864198422207 1 2 2 1 2 2 1 1 0 0 1 0 2 0 0 0 1 0 0 2 0 2 1 1 1 0 0 0 0 1 2 1 0 2 0 0 2 2 0 2 2 2 1 1 0 2 2 2 2 2 0 0 2 0 1 0 0 0 0 0 2 2 2 1 2 1 2 1 1 0 2 1 2 2 2 2 0 0 2 2 2 2 2 0 1 2 0 2 0 0 1 1 2 2 1 1 1 0 0 1 0 2 2 1 2 2 1 1 0 0 1 0 2 0 0 0 1 0 0 2 0 2 1 1 1 0 0 0 0 1 2 1 0 2 0 0 2 2 0 2 2 2 1 1 0 2 2 2 2 2 0 0 2 0 1 0 0 0 0 0 2 2 2 1 2 1 2 1 1 0 2 1 2 2 2 2 0 0 2 2 2 2 2 0 1 2 0 2 0 0 1 1 2 2 1 1 1 0 0 1 0
1.70403920503865 -0.119510965895797 2.08829466395431 -0.863319510252647 -1.4969993548985 1 2 0 0 2 2 2 0 1 2 2 0 2 1 0 1 1 1 0 2 0 0 1 1 2 1 0 1 0 2 1 0 0 2 0 0 1 2 0 1 0 2 2 1 0 2 1 2 1 2 0 1 2 1 2 0 1 0 1 0 1 1 1 1 2 2 2 1 2 2 1 0 1 1 1 2 0 0 2 1 2 2 2 1 2 2 2 2 2 1 1 2 2 1 0 2 2 0 0 2 1 2 0 0 2 2 2 0 1 2 2 0 2 1 0 1 1 1 0 2 0 0 1 1 2 1 0 1 0 2 1 0 0 2 0 0 1 2 0 1 0 2 2 1 0 2 1 2 1 2 0 1 2 1 2 0 1 0 1 0 1 1 1 1 2 2 2 1 2 2 1 0 1 1 1 2 0 0 2 1 2 2 2 1 2 2 2 2 2 1 1 2 2 1 0 2 2 0 0 2 1
-0.0911164683786383 0.133156674625717 0.587339463931192 -1.38571848833884 0.27367850747654 1 2 1 1 2 2 2 1 2 1 2 0 2 1 2 1 1 0 0 2 0 1 1 2 2 1 0 0 0 1 2 1 1 2 0 1 2 2 0 1 1 1 1 1 1 2 1 2 2 2 0 0 2 1 2 0 0 0 1 0 0 1 1 0 1 2 1 0 2 2 2 0 1 1 0 2 0 0 2 0 0 1 2 1 2 2 2 2 1 0 2 2 2 2 2 2 1 0 1 2 0 2 1 1 2 2 2 1 2 1 2 0 2 1 2 1 1 0 0 2 0 1 1 2 2 1 0 0 0 1 2 1 1 2 0 1 2 2 0 1 1 1 1 1 1 2 1 2 2 2 0 0 2 1 2 0 0 0 1 0 0 1 1 0 1 2 1 0 2 2 2 0 1 1 0 2 0 0 2 0 0 1 2 1 2 2 2 2 1 0 2 2 2 2 2 2 1 0 1 2 0
1.58624531723695 0.395217111784114 0.442413971805817 0.731928425232166 -1.7204290049117 1 2 2 1 2 2 2 1 2 1 2 1 2 2 1 2 1 2 2 2 0 0 0 1 0 1 0 0 0 0 2 1 0 1 0 0 2 2 0 1 2 0 2 2 2 2 2 2 2 2 0 0 2 0 1 0 2 0 0 0 1 0 1 1 2 2 2 0 0 1 2 0 0 2 2 2 1 1 2 1 1 1 2 1 2 1 1 2 1 1 2 2 2 1 1 2 0 0 0 2 1 2 2 1 2 2 2 1 2 1 2 1 2 2 1 2 1 2 2 2 0 0 0 1 0 1 0 0 0 0 2 1 0 1 0 0 2 2 0 1 2 0 2 2 2 2 2 2 2 2 0 0 2 0 1 0 2 0 0 0 1 0 1 1 2 2 2 0 0 1 2 0 0 2 2 2 1 1 2 1 1 1 2 1 2 1 1 2 1 1 2 2 2 1 1 2 0 0 0 2 1
0.738167952029544 1.48407528999873 -0.00540462746088617 -0.489739656414589 -0.406164839583391 1 2 2 0 2 2 2 0 0 0 2 0 1 0 0 0 1 0 0 2 1 2 1 2 2 1 0 0 0 1 2 1 0 1 0 0 2 2 0 2 2 2 1 1 1 2 1 2 2 2 0 2 2 1 2 0 1 0 1 1 2 1 1 0 2 2 2 1 2 2 2 0 1 1 0 2 1 2 2 2 1 1 2 2 1 1 0 2 2 2 2 1 2 0 1 2 0 0 0 2 1 2 2 0 2 2 2 0 0 0 2 0 1 0 0 0 1 0 0 2 1 2 1 2 2 1 0 0 0 1 2 1 0 1 0 0 2 2 0 2 2 2 1 1 1 2 1 2 2 2 0 2 2 1 2 0 1 0 1 1 2 1 1 0 2 2 2 1 2 2 2 0 1 1 0 2 1 2 2 2 1 1 2 2 1 1 0 2 2 2 2 1 2 0 1 2 0 0 0 2 1
-1.45986000183393 -0.521630371696626 -0.127151002725352 0.751510448513862 0.037140263780276 1 2 1 0 1 2 2 0 1 2 1 0 2 1 1 0 1 2 1 2 1 2 0 1 1 0 0 0 0 0 1 1 0 1 0 1 2 1 0 1 2 2 2 2 1 2 1 2 2 2 0 0 2 1 2 1 0 0 1 1 1 2 2 0 2 2 2 0 1 2 2 1 2 2 1 2 2 2 2 2 0 0 1 1 1 0 0 2 2 0 2 2 2 2 2 2 1 0 0 2 1 2 1 0 1 2 2 0 1 2 1 0 2 1 1 0 1 2 1 2 1 2 0 1 1 0 0 0 0 0 1 1 0 1 0 1 2 1 0 1 2 2 2 2 1 2 1 2 2 2 0 0 2 1 2 1 0 0 1 1 1 2 2 0 2 2 2 0 1 2 2 1 2 2 1 2 2 2 2 2 0 0 1 1 1 0 0 2 2 0 2 2 2 2 2 2 1 0 0 2 1
2.65595775300453 -0.192730485738626 -2.03221136137476 1.74094336836232 1.13236097825388 1 2 0 0 1 1 1 0 1 1 2 0 2 0 0 1 2 0 0 2 0 1 1 2 0 0 0 0 0 1 2 0 0 1 0 0 1 1 0 2 2 2 0 1 1 2 2 2 1 2 0 0 2 1 1 0 0 0 1 1 1 1 2 1 1 1 2 1 2 2 2 1 0 0 0 2 1 1 2 2 2 1 2 1 2 1 0 2 0 0 1 2 2 2 2 1 0 0 0 2 1 2 0 0 1 1 1 0 1 1 2 0 2 0 0 1 2 0 0 2 0 1 1 2 0 0 0 0 0 1 2 0 0 1 0 0 1 1 0 2 2 2 0 1 1 2 2 2 1 2 0 0 2 1 1 0 0 0 1 1 1 1 2 1 1 1 2 1 2 2 2 1 0 0 0 2 1 1 2 2 2 1 2 1 2 1 0 2 0 0 1 2 2 2 2 1 0 0 0 2 1
0.58574908836631 -0.865974468774877 -0.772652061979208 1.06384208589989 2.2182615872465 1 2 2 1 2 2 2 2 2 0 2 1 2 0 0 0 2 2 1 2 1 1 0 0 0 0 0 1 0 1 2 0 0 2 0 0 2 1 0 1 2 2 2 2 0 2 1 1 1 1 0 1 2 1 1 0 0 1 2 1 2 1 2 1 2 2 1 0 1 2 0 0 1 1 0 2 0 0 2 1 1 2 2 1 0 1 0 2 1 0 1 2 2 1 1 1 0 0 1 2 2 2 2 1 2 2 2 2 2 0 2 1 2 0 0 0 2 2 1 2 1 1 0 0 0 0 0 1 0 1 2 0 0 2 0 0 2 1 0 1 2 2 2 2 0 2 1 1 1 1 0 1 2 1 1 0 0 1 2 1 2 1 2 1 2 2 1 0 1 2 0 0 1 1 0 2 0 0 2 1 1 2 2 1 0 1 0 2 1 0 1 2 2 1 1 1 0 0 1 2 2
-0.880630841497868 -1.070231489481 0.158149143496684 1.20172870339775 -1.56675079481542 1 2 1 0 2 2 2 1 2 1 2 0 2 0 1 2 2 0 0 2 0 2 1 1 0 0 0 0 0 2 2 1 0 2 0 0 2 2 0 1 0 0 1 2 0 2 1 2 2 2 0 1 2 2 2 0 2 0 1 1 1 2 2 2 2 2 2 1 2 2 1 0 2 1 0 2 1 0 2 2 0 0 0 0 1 0 0 1 1 0 2 2 2 2 1 1 1 0 0 2 1 2 1 0 2 2 2 1 2 1 2 0 2 0 1 2 2 0 0 2 0 2 1 1 0 0 0 0 0 2 2 1 0 2 0 0 2 2 0 1 0 0 1 2 0 2 1 2 2 2 0 1 2 2 2 0 2 0 1 1 1 2 2 2 2 2 2 1 2 2 1 0 2 1 0 2 1 0 2 2 0 0 0 0 1 0 0 1 1 0 2 2 2 2 1 1 1 0 0 2 1
-0.641351477700739 0.129413844552456 -1.2474748010219 -0.926249560292462 -0.0237232100927123 -1 2 2 2 2 2 2 2 2 2 2 0 2 1 0 0 2 1 1 2 1 2 1 1 0 1 0 0 0 1 2 0 0 2 1 2 2 2 0 0 0 1 1 1 2 2 2 2 2 2 0 2 2 1 0 0 0 0 1 0 2 2 2 0 2 2 2 0 2 2 0 0 1 1 0 2 1 0 2 2 2 2 2 1 1 0 0 1 2 1 1 1 2 1 0 0 0 0 0 2 1 -2 -2 -2 -2 -2 -2 -2 -2 -2 -2 0 -2 -1 0 0 -2 -1 -1 -2 -1 -2 -1 -1 0 -1 0 0 0 -1 -2 0 0 -2 -1 -2 -2 -2 0 0 0 -1 -1 -1 -2 -2 -2 -2 -2 -2 0 -2 -2 -1 0 0 0 0 -1 0 -2 -2 -2 0 -2 -2 -2 0 -2 -2 0 0 -1 -1 0 -2 -1 0 -2 -2 -2 -2 -2 -1 -1 0 0 -1 -2 -1 -1 -1 -2 -1 0 0 0 0 0 -2 -1
-0.431793447464966 1.06141144630592 -1.07315480650812 -0.930725051471253 0.852575151219317 1 2 1 0 1 2 2 0 1 0 1 0 2 1 2 2 1 0 0 2 0 1 2 2 2 0 0 0 0 0 2 1 1 2 0 0 1 0 0 1 1 0 1 0 1 2 0 1 1 2 0 0 2 2 2 0 0 0 0 0 1 1 0 0 2 1 2 0 2 1 2 0 1 1 0 1 0 0 2 2 2 2 2 2 2 2 1 1 0 0 1 1 2 1 2 1 0 0 0 2 1 2 1 0 1 2 2 0 1 0 1 0 2 1 2 2 1 0 0 2 0 1 2 2 2 0 0 0 0 0 2 1 1 2 0 0 1 0 0 1 1 0 1 0 1 2 0 1 1 2 0 0 2 2 2 0 0 0 0 0 1 1 0 0 2 1 2 0 2 1 2 0 1 1 0 1 0 0 2 2 2 2 2 2 2 2 1 1 0 0 1 1 2 1 2 1 0 0 0 2 1
-1.39653027528433 -0.0956301286202331 -0.335284307139802 -0.783211286536712 0.865046741899736 -1 2 2 1 2 2 2 2 2 1 1 0 2 1 0 0 1 1 1 2 0 1 2 1 1 0 0 0 1 2 2 1 0 2 0 0 2 1 0 1 1 2 2 1 1 2 1 1 2 2 0 1 2 2 1 0 1 1 1 0 2 1 1 0 2 2 2 1 2 2 1 0 2 2 2 2 1 1 2 2 1 0 2 1 1 2 2 2 1 0 2 1 1 0 1 1 0 1 1 2 1 -2 -2 -1 -2 -2 -2 -2 -2 -1 -1 0 -2 -1 0 0 -1 -1 -1 -2 0 -1 -2 -1 -1 0 0 0 -1 -2 -2 -1 0 -2 0 0 -2 -1 0 -1 -1 -2 -2 -1 -1 -2 -1 -1 -2 -2 0 -1 -2 -2 -1 0 -1 -1 -1 0 -2 -1 -1 0 -2 -2 -2 -1 -2 -2 -1 0 -2 -2 -2 -2 -1 -1 -2 -2 -1 0 -2 -1 -1 -2 -2 -2 -1 0 -2 -1 -1 0 -1 -1 0 -1 -1 -2 -1
-0.114337606205465 -0.26664037391314 0.420559760080799 0.0312509892094177 -0.225757303777027 -1 2 2 1 2 2 1 1 1 1 1 0 2 1 0 0 2 0 0 2 1 1 1 1 2 0 0 1 1 2 2 1 0 1 0 1 2 2 0 2 1 1 2 1 0 2 1 2 2 2 0 1 2 0 0 0 0 0 0 0 0 1 1 0 2 2 1 0 2 1 1 0 2 2 1 2 1 1 2 2 2 2 2 1 1 0 0 2 0 0 0 1 2 0 1 2 2 1 0 2 1 -2 -2 -1 -2 -2 -1 -1 -1 -1 -1 0 -2 -1 0 0 -2 0 0 -2 -1 -1 -1 -1 -2 0 0 -1 -1 -2 -2 -1 0 -1 0 -1 -2 -2 0 -2 -1 -1 -2 -1 0 -2 -1 -2 -2 -2 0 -1 -2 0 0 0 0 0 0 0 0 -1 -1 0 -2 -2 -1 0 -2 -1 -1 0 -2 -2 -1 -2 -1 -1 -2 -2 -2 -2 -2 -1 -1 0 0 -2 0 0 0 -1 -2 0 -1 -2 -2 -1 0 -2 -1
0.646087465814619 0.57281816325006 0.115941317339369 -0.861415549327679 0.47345201270726 -1 2 2 0 1 2 2 0 1 0 2 0 2 0 1 0 2 2 1 2 1 2 1 0 0 1 0 1 0 1 2 1 0 2 0 0 2 2 0 2 2 1 2 1 0 2 2 2 2 2 0 2 2 0 0 0 0 1 1 1 1 0 1 0 2 2 2 1 2 1 2 1 2 2 2 2 0 0 2 2 2 1 1 1 2 1 0 2 2 1 1 1 2 2 1 0 0 0 1 2 2 -2 -2 0 -1 -2 -2 0 -1 0 -2 0 -2 0 -1 0 -2 -2 -1 -2 -1 -2 -1 0 0 -1 0 -1 0 -1 -2 -1 0 -2 0 0 -2 -2 0 -2 -2 -1 -2 -1 0 -2 -2 -2 -2 -2 0 -2 -2 0 0 0 0 -1 -1 -1 -1 0 -1 0 -2 -2 -2 -1 -2 -1 -2 -1 -2 -2 -2 -2 0 0 -2 -2 -2 -1 -1 -1 -2 -1 0 -2 -2 -1 -1 -1 -2 -2 -1 0 0 0 -1 -2 -2
0.73255715863958 -0.00218756488891824 0.761007947401256 0.680264281392912 0.43519830528158 1 2 2 1 2 2 2 0 1 0 2 0 2 1 1 2 2 1 1 2 1 2 1 1 0 0 0 0 0 2 2 1 0 2 0 0 2 1 0 2 2 2 2 2 0 2 2 2 2 2 0 0 2 1 2 0 1 0 1 0 2 2 1 0 2 2 2 1 2 2 1 0 0 1 0 2 0 0 2 1 1 0 2 0 1 1 0 2 0 0 2 1 2 0 1 2 2 0 1 2 1 2 2 1 2 2 2 0 1 0 2 0 2 1 1 2 2 1 1 2 1 2 1 1 0 0 0 0 0 2 2 1 0 2 0 0 2 1 0 2 2 2 2 2 0 2 2 2 2 2 0 0 2 1 2 0 1 0 1 0 2 2 1 0 2 2 2 1 2 2 1 0 0 1 0 2 0 0 2 1 1 0 2 0 1 1 0 2 0 0 2 1 2 0 1 2 2 0 1 2 1
-0.931720738793016 1.84599196099925 0.623946745635648 -1.6503078537921 0.750213277808124 1 2 2 1 2 2 2 1 2 0 2 1 2 1 0 2 2 2 2 2 2 2 0 0 0 0 0 0 1 2 1 0 0 2 0 0 2 2 0 2 2 1 1 2 0 2 1 2 2 2 0 0 2 2 2 0 1 0 0 1 0 1 2 0 2 2 2 2 2 2 1 0 1 1 1 2 0 0 2 0 1 0 1 0 1 2 1 2 0 0 1 1 2 0 1 1 1 1 1 2 2 2 2 1 2 2 2 1 2 0 2 1 2 1 0 2 2 2 2 2 2 2 0 0 0 0 0 0 1 2 1 0 0 2 0 0 2 2 0 2 2 1 1 2 0 2 1 2 2 2 0 0 2 2 2 0 1 0 0 1 0 1 2 0 2 2 2 2 2 2 1 0 1 1 1 2 0 0 2 0 1 0 1 0 1 2 1 2 0 0 1 1 2 0 1 1 1 1 1 2 2
-0.574228299488624 1.6222475084247 -0.721448121006408 -0.567856224327868 -1.53618511313033 -1 2 1 1 2 2 2 1 2 1 2 1 2 2 0 2 1 0 1 2 0 1 1 0 0 1 0 1 1 2 2 0 0 1 0 0 2 1 0 2 2 1 2 2 1 2 1 2 2 2 0 1 2 2 1 0 0 0 0 0 1 2 2 1 2 2 2 2 2 2 2 0 2 1 0 2 1 1 1 2 1 2 2 1 1 0 0 2 0 0 1 1 2 2 2 1 0 0 0 1 0 -2 -1 -1 -2 -2 -2 -1 -2 -1 -2 -1 -2 -2 0 -2 -1 0 -1 -2 0 -1 -1 0 0 -1 0 -1 -1 -2 -2 0 0 -1 0 0 -2 -1 0 -2 -2 -1 -2 -2 -1 -2 -1 -2 -2 -2 0 -1 -2 -2 -1 0 0 0 0 0 -1 -2 -2 -1 -2 -2 -2 -2 -2 -2 -2 0 -2 -1 0 -2 -1 -1 -1 -2 -1 -2 -2 -1 -1 0 0 -2 0 0 -1 -1 -2 -2 -2 -1 0 0 0 -1 0
0.166105049634236 -1.40314441444174 0.174120197088667 0.940867209734468 -0.903110306608554 1 2 0 0 1 2 2 2 2 0 2 1 2 1 0 0 2 1 1 2 1 2 0 0 1 0 0 0 0 1 1 0 0 2 1 0 2 2 0 0 1 1 2 2 0 2 2 2 2 2 0 0 2 1 2 0 1 0 2 2 0 1 2 1 2 2 2 1 1 2 2 0 0 2 1 2 2 0 2 1 1 2 2 1 1 2 0 2 0 0 0 0 1 0 0 1 1 0 0 2 1 2 0 0 1 2 2 2 2 0 2 1 2 1 0 0 2 1 1 2 1 2 0 0 1 0 0 0 0 1 1 0 0 2 1 0 2 2 0 0 1 1 2 2 0 2 2 2 2 2 0 0 2 1 2 0 1 0 2 2 0 1 2 1 2 2 2 1 1 2 2 0 0 2 1 2 2 0 2 1 1 2 2 1 1 2 0 2 0 0 0 0 1 0 0 1 1 0 0 2 1
0.720012214292806 -0.885487735641982 -0.708635001831784 2.37645802407134 -1.29588829578488 -1 2 2 0 2 2 2 2 2 0 0 0 1 0 0 1 1 1 1 2 0 2 1 0 0 0 0 0 0 2 2 0 0 2 0 0 2 2 0 2 2 1 2 2 2 2 1 2 2 2 0 2 2 2 2 0 0 1 2 1 1 2 2 0 2 2 2 1 2 1 0 0 1 1 0 2 1 1 1 1 1 1 2 2 1 1 0 2 0 0 0 1 2 0 0 1 1 0 0 2 0 -2 -2 0 -2 -2 -2 -2 -2 0 0 0 -1 0 0 -1 -1 -1 -1 -2 0 -2 -1 0 0 0 0 0 0 -2 -2 0 0 -2 0 0 -2 -2 0 -2 -2 -1 -2 -2 -2 -2 -1 -2 -2 -2 0 -2 -2 -2 -2 0 0 -1 -2 -1 -1 -2 -2 0 -2 -2 -2 -1 -2 -1 0 0 -1 -1 0 -2 -1 -1 -1 -1 -1 -1 -2 -2 -1 -1 0 -2 0 0 0 -1 -2 0 0 -1 -1 0 0 -2 0
0.618244333403981 -0.236587820318563 0.000253787991298661 -2.69398494846391 0.76564882240659 -1 2 2 2 2 2 2 1 1 0 2 0 2 1 0 1 1 0 0 2 0 1 1 1 1 0 0 0 1 2 2 0 0 2 0 0 0 2 0 2 2 2 0 1 1 2 1 2 1 1 0 2 2 2 2 0 1 1 1 0 1 0 0 0 2 2 2 0 1 2 2 1 2 2 1 2 1 0 2 2 2 0 1 1 2 2 1 1 0 0 0 0 1 0 0 2 0 0 0 1 0 -2 -2 -2 -2 -2 -2 -1 -1 0 -2 0 -2 -1 0 -1 -1 0 0 -2 0 -1 -1 -1 -1 0 0 0 -1 -2 -2 0 0 -2 0 0 0 -2 0 -2 -2 -2 0 -1 -1 -2 -1 -2 -1 -1 0 -2 -2 -2 -2 0 -1 -1 -1 0 -1 0 0 0 -2 -2 -2 0 -1 -2 -2 -1 -2 -2 -1 -2 -1 0 -2 -2 -2 0 -1 -1 -2 -2 -1 -1 0 0 0 0 -1 0 0 -2 0 0 0 -1 0
-2.44938872813002 0.0886560903047686 -0.629658291183548 -0.763942387754349 0.0721409775556043 1 2 1 0 2 2 2 1 2 2 0 0 2 0 0 0 2 1 1 2 0 2 1 0 0 0 0 0 1 2 2 1 0 1 0 2 2 2 1 2 2 1 1 0 0 1 0 0 0 1 0 0 2 0 0 0 0 0 0 0 2 1 2 1 2 2 2 2 2 2 1 1 1 2 0 2 0 1 1 1 0 0 2 2 2 2 0 1 1 0 1 1 2 1 1 1 0 0 0 1 0 2 1 0 2 2 2 1 2 2 0 0 2 0 0 0 2 1 1 2 0 2 1 0 0 0 0 0 1 2 2 1 0 1 0 2 2 2 1 2 2 1 1 0 0 1 0 0 0 1 0 0 2 0 0 0 0 0 0 0 2 1 2 1 2 2 2 2 2 2 1 1 1 2 0 2 0 1 1 1 0 0 2 2 2 2 0 1 1 0 1 1 2 1 1 1 0 0 0 1 0
-0.686921257183143 1.7500567920008 -1.10707801367134 1.33722685831242 -0.0136472125592613 -1 2 2 1 2 2 2 1 2 2 2 1 2 1 1 2 2 1 1 2 1 2 2 2 2 2 0 1 0 2 2 0 0 2 0 0 1 1 0 2 1 1 1 1 0 2 0 1 2 2 0 1 2 1 2 1 1 0 1 1 1 1 0 0 1 2 2 1 1 2 1 0 1 2 0 2 1 0 2 1 1 1 2 1 1 2 1 2 0 1 2 1 2 1 2 1 0 0 0 1 1 -2 -2 -1 -2 -2 -2 -1 -2 -2 -2 -1 -2 -1 -1 -2 -2 -1 -1 -2 -1 -2 -2 -2 -2 -2 0 -1 0 -2 -2 0 0 -2 0 0 -1 -1 0 -2 -1 -1 -1 -1 0 -2 0 -1 -2 -2 0 -1 -2 -1 -2 -1 -1 0 -1 -1 -1 -1 0 0 -1 -2 -2 -1 -1 -2 -1 0 -1 -2 0 -2 -1 0 -2 -1 -1 -1 -2 -1 -1 -2 -1 -2 0 -1 -2 -1 -2 -1 -2 -1 0 0 0 -1 -1
1.50359092280435 0.600890330118092 0.434397914898947 -0.645447933617827 0.162054874818888 -1 2 2 0 2 2 2 1 0 0 1 0 1 1 1 1 1 0 0 1 0 1 1 1 1 1 0 0 0 1 1 0 0 2 0 0 0 1 0 1 1 1 1 1 0 2 2 2 2 2 0 1 2 1 1 0 0 0 0 0 2 2 2 1 2 2 2 0 1 2 1 1 2 2 0 2 1 1 2 2 1 0 1 1 0 0 0 2 1 1 2 2 2 2 1 1 0 1 0 2 2 -2 -2 0 -2 -2 -2 -1 0 0 -1 0 -1 -1 -1 -1 -1 0 0 -1 0 -1 -1 -1 -1 -1 0 0 0 -1 -1 0 0 -2 0 0 0 -1 0 -1 -1 -1 -1 -1 0 -2 -2 -2 -2 -2 0 -1 -2 -1 -1 0 0 0 0 0 -2 -2 -2 -1 -2 -2 -2 0 -1 -2 -1 -1 -2 -2 0 -2 -1 -1 -2 -2 -1 0 -1 -1 0 0 0 -2 -1 -1 -2 -2 -2 -2 -1 -1 0 -1 0 -2 -2
2.32285350515198 0.0491788151749838 0.00218561461624103 1.25216433078234 0.955255969232421 -1 2 1 0 2 2 2 2 2 1 1 0 2 1 1 2 1 0 0 2 0 0 1 0 1 1 1 0 0 1 2 0 0 1 0 0 2 1 0 1 2 1 2 0 1 2 2 2 2 2 0 0 2 0 1 0 0 0 0 0 1 1 1 2 1 1 2 1 2 1 2 2 1 1 1 2 1 1 2 1 0 0 2 1 1 0 0 2 2 1 2 1 1 2 1 2 2 0 0 2 2 -2 -1 0 -2 -2 -2 -2 -2 -1 -1 0 -2 -1 -1 -2 -1 0 0 -2 0 0 -1 0 -1 -1 -1 0 0 -1 -2 0 0 -1 0 0 -2 -1 0 -1 -2 -1 -2 0 -1 -2 -2 -2 -2 -2 0 0 -2 0 -1 0 0 0 0 0 -1 -1 -1 -2 -1 -1 -2 -1 -2 -1 -2 -2 -1 -1 -1 -2 -1 -1 -2 -1 0 0 -2 -1 -1 0 0 -2 -2 -1 -2 -1 -1 -2 -1 -2 -2 0 0 -2 -2
0.129467592265082 -2.10874765426077 1.72674460609773 0.355413619029612 -0.189771856840449 -1 2 2 0 2 2 2 1 1 2 2 0 2 1 2 2 1 0 0 2 0 2 2 2 1 1 0 0 0 2 2 0 0 1 0 0 1 1 0 2 2 1 1 0 0 1 1 2 2 2 0 1 2 1 0 0 0 0 0 0 1 1 1 0 2 2 2 1 2 2 1 0 1 1 0 2 1 1 2 2 1 1 2 2 1 2 1 2 1 0 1 2 2 1 0 1 0 0 0 2 2 -2 -2 0 -2 -2 -2 -1 -1 -2 -2 0 -2 -1 -2 -2 -1 0 0 -2 0 -2 -2 -2 -1 -1 0 0 0 -2 -2 0 0 -1 0 0 -1 -1 0 -2 -2 -1 -1 0 0 -1 -1 -2 -2 -2 0 -1 -2 -1 0 0 0 0 0 0 -1 -1 -1 0 -2 -2 -2 -1 -2 -2 -1 0 -1 -1 0 -2 -1 -1 -2 -2 -1 -1 -2 -2 -1 -2 -1 -2 -1 0 -1 -2 -2 -1 0 -1 0 0 0 -2 -2
1.16618796965815 0.491500782076344 1.00340113119323 -0.699790807882344 -0.0304790566046829 -1 2 2 1 2 2 2 1 2 1 1 0 2 0 0 0 1 0 0 2 0 0 1 1 0 0 0 0 0 2 2 1 1 2 0 0 2 1 0 0 2 2 2 1 1 2 2 2 2 2 0 1 2 1 2 0 0 1 1 0 2 2 2 0 2 1 2 0 1 2 2 2 2 1 1 2 2 0 2 2 2 2 2 1 1 1 1 1 1 0 2 2 2 2 2 2 2 1 1 2 1 -2 -2 -1 -2 -2 -2 -1 -2 -1 -1 0 -2 0 0 0 -1 0 0 -2 0 0 -1 -1 0 0 0 0 0 -2 -2 -1 -1 -2 0 0 -2 -1 0 0 -2 -2 -2 -1 -1 -2 -2 -2 -2 -2 0 -1 -2 -1 -2 0 0 -1 -1 0 -2 -2 -2 0 -2 -1 -2 0 -1 -2 -2 -2 -2 -1 -1 -2 -2 0 -2 -2 -2 -2 -2 -1 -1 -1 -1 -1 -1 0 -2 -2 -2 -2 -2 -2 -2 -1 -1 -2 -1
-1.69093944615493 0.868153027629987 1.38990512925354 0.617784698443434 0.61151031009376 1 1 0 0 1 1 2 0 1 0 1 0 2 1 0 1 1 0 2 2 0 2 2 2 0 1 0 0 1 2 2 0 1 2 0 1 2 2 1 2 2 2 2 1 0 2 2 1 1 2 0 0 2 0 1 0 2 1 1 1 1 2 2 0 2 2 2 1 1 2 2 1 1 1 0 2 1 1 2 1 1 1 0 0 0 1 0 1 0 0 2 2 2 2 1 1 1 1 0 2 2 1 0 0 1 1 2 0 1 0 1 0 2 1 0 1 1 0 2 2 0 2 2 2 0 1 0 0 1 2 2 0 1 2 0 1 2 2 1 2 2 2 2 1 0 2 2 1 1 2 0 0 2 0 1 0 2 1 1 1 1 2 2 0 2 2 2 1 1 2 2 1 1 1 0 2 1 1 2 1 1 1 0 0 0 1 0 1 0 0 2 2 2 2 1 1 1 1 0 2 2
-0.686377715293589 1.08388035686733 1.69122616434893 0.835596614994116 1.51682594407969 1 2 1 0 1 1 1 1 1 0 1 0 1 0 2 1 1 1 1 2 2 2 2 1 0 1 0 0 1 2 2 0 0 2 0 0 1 2 0 1 1 1 1 1 1 2 2 2 2 2 0 1 2 1 2 0 0 0 2 2 0 1 1 1 2 2 2 1 2 2 1 1 2 2 2 2 2 0 2 1 1 2 2 1 1 1 0 1 0 0 1 1 1 1 1 0 1 0 1 2 1 2 1 0 1 1 1 1 1 0 1 0 1 0 2 1 1 1 1 2 2 2 2 1 0 1 0 0 1 2 2 0 0 2 0 0 1 2 0 1 1 1 1 1 1 2 2 2 2 2 0 1 2 1 2 0 0 0 2 2 0 1 1 1 2 2 2 1 2 2 1 1 2 2 2 2 2 0 2 1 1 2 2 1 1 1 0 1 0 0 1 1 1 1 1 0 1 0 1 2 1
2.11276974350039 -1.36187709513184 -0.39684478850517 -0.0930441176752434 1.37631985764171 1 1 0 0 1 2 2 0 0 0 1 0 2 0 0 1 1 0 0 2 1 1 1 0 0 0 0 0 0 2 2 2 1 2 0 0 2 1 0 1 2 2 2 1 0 2 0 1 1 2 0 0 2 0 1 0 1 1 1 1 1 0 0 0 1 2 2 0 2 2 1 0 2 2 1 2 1 0 2 2 1 0 1 1 1 0 1 2 1 0 1 1 2 0 1 1 2 2 2 2 2 1 0 0 1 2 2 0 0 0 1 0 2 0 0 1 1 0 0 2 1 1 1 0 0 0 0 0 0 2 2 2 1 2 0 0 2 1 0 1 2 2 2 1 0 2 0 1 1 2 0 0 2 0 1 0 1 1 1 1 1 0 0 0 1 2 2 0 2 2 1 0 2 2 1 2 1 0 2 2 1 0 1 1 1 0 1 2 1 0 1 1 2 0 1 1 2 2 2 2 2
1.41899754199715 -1.87214672492093 1.28959818839639 -1.92750993619048 0.924495797093317 1 2 2 2 2 2 2 2 2 0 2 0 2 1 1 1 2 0 1 2 0 2 0 0 0 1 0 0 0 0 2 1 0 1 0 0 2 2 0 1 1 1 2 2 2 2 2 2 2 2 0 2 2 2 2 0 1 1 1 1 2 1 2 0 2 2 2 0 1 2 2 0 2 2 0 2 1 0 2 2 2 2 1 0 1 0 0 2 1 0 2 2 2 1 2 1 0 0 0 2 1 2 2 2 2 2 2 2 2 0 2 0 2 1 1 1 2 0 1 2 0 2 0 0 0 1 0 0 0 0 2 1 0 1 0 0 2 2 0 1 1 1 2 2 2 2 2 2 2 2 0 2 2 2 2 0 1 1 1 1 2 1 2 0 2 2 2 0 1 2 2 0 2 2 0 2 1 0 2 2 2 2 1 0 1 0 0 2 1 0 2 2 2 1 2 1 0 0 0 2 1
1.08696198285889 -1.15681915420874 -0.890058231183883 0.225026200407347 -1.35747826543063 1 2 2 1 2 2 2 1 2 0 1 0 2 1 0 2 1 0 0 2 0 1 2 2 2 2 0 0 1 2 2 0 0 0 0 0 1 1 0 2 1 1 2 2 1 2 1 2 2 1 0 0 2 0 0 0 0 0 1 1 0 2 1 0 2 1 2 1 1 1 2 1 1 1 1 2 0 0 1 1 1 0 2 2 2 0 0 2 0 0 1 1 2 1 2 1 0 0 0 1 0 2 2 1 2 2 2 1 2 0 1 0 2 1 0 2 1 0 0 2 0 1 2 2 2 2 0 0 1 2 2 0 0 0 0 0 1 1 0 2 1 1 2 2 1 2 1 2 2 1 0 0 2 0 0 0 0 0 1 1 0 2 1 0 2 1 2 1 1 1 2 1 1 1 1 2 0 0 1 1 1 0 2 2 2 0 0 2 0 0 1 1 2 1 2 1 0 0 0 1 0
-0.192995280728942 -1.57077009933944 0.457928730834706 0.787189955431648 1.96297525545462 1 2 2 1 2 2 2 0 2 0 2 0 2 0 0 1 2 1 1 2 0 0 1 1 1 0 0 0 1 2 1 1 1 2 0 0 2 2 0 2 2 0 2 2 1 2 2 2 2 2 0 0 2 0 2 0 1 1 1 1 0 0 0 0 2 2 2 0 2 2 2 1 1 1 1 2 1 1 2 1 2 1 2 1 2 2 0 2 0 0 2 1 2 0 2 2 2 0 0 2 1 2 2 1 2 2 2 0 2 0 2 0 2 0 0 1 2 1 1 2 0 0 1 1 1 0 0 0 1 2 1 1 1 2 0 0 2 2 0 2 2 0 2 2 1 2 2 2 2 2 0 0 2 0 2 0 1 1 1 1 0 0 0 0 2 2 2 0 2 2 2 1 1 1 1 2 1 1 2 1 2 1 2 1 2 2 0 2 0 0 2 1 2 0 2 2 2 0 0 2 1
0.969238009682925 2.69539702377598 0.951135779190327 -0.202226630215745 1.34794145166395 -1 2 1 1 2 2 2 1 1 0 2 0 2 0 0 0 1 0 1 2 0 1 0 0 1 1 0 1 2 2 2 1 0 1 0 0 2 2 0 0 2 2 2 1 0 1 1 1 1 2 0 1 2 1 2 0 0 0 1 0 1 1 1 1 2 1 2 0 1 2 2 0 1 2 2 2 2 1 2 2 1 2 2 2 2 1 0 1 1 0 1 2 2 1 1 1 0 1 1 2 2 -2 -1 -1 -2 -2 -2 -1 -1 0 -2 0 -2 0 0 0 -1 0 -1 -2 0 -1 0 0 -1 -1 0 -1 -2 -2 -2 -1 0 -1 0 0 -2 -2 0 0 -2 -2 -2 -1 0 -1 -1 -1 -1 -2 0 -1 -2 -1 -2 0 0 0 -1 0 -1 -1 -1 -1 -2 -1 -2 0 -1 -2 -2 0 -1 -2 -2 -2 -2 -1 -2 -2 -1 -2 -2 -2 -2 -1 0 -1 -1 0 -1 -2 -2 -1 -1 -1 0 -1 -1 -2 -2
0.80122246409997 0.378846063470836 3.26551292451505 -0.0603835422567119 1.75689524917705 1 2 2 1 2 2 2 1 2 1 2 0 2 1 1 0 2 1 0 2 2 2 2 1 0 0 0 0 1 1 2 1 0 2 0 1 2 2 1 2 2 2 2 2 2 2 1 2 2 2 0 1 2 1 2 1 2 1 2 0 2 1 1 1 2 2 1 0 1 1 1 0 2 2 0 2 0 1 2 2 0 0 0 0 2 2 1 2 0 0 1 0 1 1 2 2 1 1 0 2 0 2 2 1 2 2 2 1 2 1 2 0 2 1 1 0 2 1 0 2 2 2 2 1 0 0 0 0 1 1 2 1 0 2 0 1 2 2 1 2 2 2 2 2 2 2 1 2 2 2 0 1 2 1 2 1 2 1 2 0 2 1 1 1 2 2 1 0 1 1 1 0 2 2 0 2 0 1 2 2 0 0 0 0 2 2 1 2 0 0 1 0 1 1 2 2 1 1 0 2 0
-0.347899372049486 0.893453775095059 1.02697104778457 0.562803141840267 1.13093575085047 1 2 2 0 1 2 2 0 2 0 1 0 2 0 1 1 1 1 1 2 0 1 1 0 0 0 0 0 0 1 2 0 0 1 0 0 1 2 1 1 1 2 2 1 1 2 2 2 2 2 0 0 2 0 0 0 0 0 0 0 1 2 1 0 1 2 2 0 1 2 0 0 1 2 1 2 1 0 1 1 1 1 2 1 2 2 1 2 1 0 1 2 2 0 0 1 0 1 0 2 1 2 2 0 1 2 2 0 2 0 1 0 2 0 1 1 1 1 1 2 0 1 1 0 0 0 0 0 0 1 2 0 0 1 0 0 1 2 1 1 1 2 2 1 1 2 2 2 2 2 0 0 2 0 0 0 0 0 0 0 1 2 1 0 1 2 2 0 1 2 0 0 1 2 1 2 1 0 1 1 1 1 2 1 2 2 1 2 1 0 1 2 2 0 0 1 0 1 0 2 1
-1.08811723201784 0.78539212036441 0.626646268750627 0.247887665376052 0.305334181560429 -1 2 1 0 1 2 2 0 2 1 2 0 2 0 0 1 1 0 0 2 0 2 1 1 2 1 0 1 1 2 2 0 0 2 0 0 2 2 0 2 2 1 1 0 0 2 2 2 1 2 0 0 2 1 1 0 0 0 0 0 2 2 2 2 2 2 2 2 2 2 1 0 1 0 0 2 2 1 2 2 2 1 2 0 1 1 0 1 1 0 0 1 2 2 2 1 0 0 0 2 2 -2 -1 0 -1 -2 -2 0 -2 -1 -2 0 -2 0 0 -1 -1 0 0 -2 0 -2 -1 -1 -2 -1 0 -1 -1 -2 -2 0 0 -2 0 0 -2 -2 0 -2 -2 -1 -1 0 0 -2 -2 -2 -1 -2 0 0 -2 -1 -1 0 0 0 0 0 -2 -2 -2 -2 -2 -2 -2 -2 -2 -2 -1 0 -1 0 0 -2 -2 -1 -2 -2 -2 -1 -2 0 -1 -1 0 -1 -1 0 0 -1 -2 -2 -2 -1 0 0 0 -2 -2
-0.235208424684638 -0.465397329052567 2.62940034392981 -1.28693632781273 0.709255985900036 1 2 2 1 2 2 2 0 0 1 2 0 1 0 1 1 2 0 1 2 1 2 2 1 0 1 0 0 0 1 1 0 0 1 0 0 1 1 0 2 0 1 1 1 1 2 1 2 2 2 0 0 2 0 0 0 0 0 1 1 1 2 1 1 2 2 2 0 1 2 2 0 2 1 1 2 2 0 2 2 1 1 1 1 1 1 1 2 0 0 2 1 1 1 2 2 1 0 0 2 1 2 2 1 2 2 2 0 0 1 2 0 1 0 1 1 2 0 1 2 1 2 2 1 0 1 0 0 0 1 1 0 0 1 0 0 1 1 0 2 0 1 1 1 1 2 1 2 2 2 0 0 2 0 0 0 0 0 1 1 1 2 1 1 2 2 2 0 1 2 2 0 2 1 1 2 2 0 2 2 1 1 1 1 1 1 1 2 0 0 2 1 1 1 2 2 1 0 0 2 1
-1.62465846859777 1.27199578513789 0.86211768243548 -0.402227348116465 -0.385816120907387 1 2 2 0 2 2 1 1 2 1 1 0 1 0 0 2 1 0 0 2 0 1 0 0 0 1 0 1 2 2 2 0 0 2 1 0 2 2 0 2 2 2 2 2 1 2 1 2 2 2 0 1 2 1 1 1 1 2 2 1 1 0 0 0 2 2 2 0 2 1 1 0 2 1 1 2 2 1 2 2 2 0 1 0 2 2 1 2 1 0 2 2 1 1 1 2 0 1 0 2 2 2 2 0 2 2 1 1 2 1 1 0 1 0 0 2 1 0 0 2 0 1 0 0 0 1 0 1 2 2 2 0 0 2 1 0 2 2 0 2 2 2 2 2 1 2 1 2 2 2 0 1 2 1 1 1 1 2 2 1 1 0 0 0 2 2 2 0 2 1 1 0 2 1 1 2 2 1 2 2 2 0 1 0 2 2 1 2 1 0 2 2 1 1 1 2 0 1 0 2 2
0.226602979900019 1.21282926375513 -0.672244033028036 -1.19039313957464 0.123655869232452 -1 2 2 0 2 2 2 1 2 0 0 0 2 2 1 1 2 2 2 2 1 2 0 0 1 1 0 0 1 1 2 1 0 2 1 1 2 2 0 1 1 1 2 1 1 2 1 2 1 2 0 0 2 1 2 0 1 0 1 1 1 2 1 0 2 2 1 0 1 1 2 1 1 2 0 2 2 0 2 2 2 1 1 0 1 1 1 2 0 0 1 1 0 1 1 1 1 0 0 2 1 -2 -2 0 -2 -2 -2 -1 -2 0 0 0 -2 -2 -1 -1 -2 -2 -2 -2 -1 -2 0 0 -1 -1 0 0 -1 -1 -2 -1 0 -2 -1 -1 -2 -2 0 -1 -1 -1 -2 -1 -1 -2 -1 -2 -1 -2 0 0 -2 -1 -2 0 -1 0 -1 -1 -1 -2 -1 0 -2 -2 -1 0 -1 -1 -2 -1 -1 -2 0 -2 -2 0 -2 -2 -2 -1 -1 0 -1 -1 -1 -2 0 0 -1 -1 0 -1 -1 -1 -1 0 0 -2 -1
0.160690222111883 -0.183719507242027 -1.232195618138 -0.993637956661191 1.2270026575903 -1 2 2 0 1 1 2 1 2 2 1 0 2 1 2 1 1 2 1 2 2 2 1 1 1 1 0 0 1 1 2 1 0 2 0 1 2 1 0 2 2 1 2 1 1 1 0 1 1 2 0 0 2 2 1 0 0 0 0 0 2 2 0 0 1 2 2 1 2 2 2 0 2 2 0 2 0 0 1 1 1 1 1 0 2 1 0 1 1 0 1 0 2 1 1 1 0 0 1 2 1 -2 -2 0 -1 -1 -2 -1 -2 -2 -1 0 -2 -1 -2 -1 -1 -2 -1 -2 -2 -2 -1 -1 -1 -1 0 0 -1 -1 -2 -1 0 -2 0 -1 -2 -1 0 -2 -2 -1 -2 -1 -1 -1 0 -1 -1 -2 0 0 -2 -2 -1 0 0 0 0 0 -2 -2 0 0 -1 -2 -2 -1 -2 -2 -2 0 -2 -2 0 -2 0 0 -1 -1 -1 -1 -1 0 -2 -1 0 -1 -1 0 -1 0 -2 -1 -1 -1 0 0 -1 -2 -1
0.680613632184337 -0.377358173594482 0.473667996273279 -0.568687720577659 -0.109163998028192 -1 2 2 2 2 1 2 1 2 1 2 1 2 0 1 2 2 1 1 2 1 2 1 0 1 1 0 1 2 2 2 0 0 1 0 0 1 2 0 2 2 2 2 1 1 2 2 2 2 2 0 2 2 1 0 0 2 1 0 0 1 0 1 1 2 2 2 1 2 1 2 1 1 2 1 2 0 1 1 2 1 2 2 2 2 1 0 2 1 0 2 2 2 1 2 2 1 1 1 2 1 -2 -2 -2 -2 -1 -2 -1 -2 -1 -2 -1 -2 0 -1 -2 -2 -1 -1 -2 -1 -2 -1 0 -1 -1 0 -1 -2 -2 -2 0 0 -1 0 0 -1 -2 0 -2 -2 -2 -2 -1 -1 -2 -2 -2 -2 -2 0 -2 -2 -1 0 0 -2 -1 0 0 -1 0 -1 -1 -2 -2 -2 -1 -2 -1 -2 -1 -1 -2 -1 -2 0 -1 -1 -2 -1 -2 -2 -2 -2 -1 0 -2 -1 0 -2 -2 -2 -1 -2 -2 -1 -1 -1 -2 -1
0.369315934704988 0.102098682872724 0.386231159498925 -0.893336636796256 -0.938988887195663 -1 2 2 1 2 2 2 0 1 2 1 0 2 2 2 2 2 1 1 2 0 1 1 1 0 0 0 0 0 2 2 1 0 2 0 0 2 2 1 2 2 1 2 1 1 2 0 2 2 2 0 2 2 2 1 0 1 0 0 1 0 1 1 0 1 1 0 0 0 1 1 0 1 0 0 2 1 1 2 2 1 0 1 1 1 1 1 1 0 0 0 1 2 1 1 1 1 1 0 2 1 -2 -2 -1 -2 -2 -2 0 -1 -2 -1 0 -2 -2 -2 -2 -2 -1 -1 -2 0 -1 -1 -1 0 0 0 0 0 -2 -2 -1 0 -2 0 0 -2 -2 -1 -2 -2 -1 -2 -1 -1 -2 0 -2 -2 -2 0 -2 -2 -2 -1 0 -1 0 0 -1 0 -1 -1 0 -1 -1 0 0 0 -1 -1 0 -1 0 0 -2 -1 -1 -2 -2 -1 0 -1 -1 -1 -1 -1 -1 0 0 0 -1 -2 -1 -1 -1 -1 -1 0 -2 -1
-0.261382762118766 1.7078211248753 -0.0933038230255186 -0.0836294397827998 0.0665269181258253 -1 2 1 0 1 2 2 1 1 1 2 0 2 1 1 1 1 0 1 2 0 1 2 2 2 2 0 0 0 2 2 0 0 1 0 0 2 1 0 1 1 1 1 0 0 2 1 2 2 2 0 1 2 1 1 0 2 0 1 2 1 1 1 0 2 2 2 0 0 1 1 1 1 0 0 2 1 2 2 2 2 2 2 2 2 2 0 2 0 0 0 2 2 1 2 2 1 0 1 2 2 -2 -1 0 -1 -2 -2 -1 -1 -1 -2 0 -2 -1 -1 -1 -1 0 -1 -2 0 -1 -2 -2 -2 -2 0 0 0 -2 -2 0 0 -1 0 0 -2 -1 0 -1 -1 -1 -1 0 0 -2 -1 -2 -2 -2 0 -1 -2 -1 -1 0 -2 0 -1 -2 -1 -1 -1 0 -2 -2 -2 0 0 -1 -1 -1 -1 0 0 -2 -1 -2 -2 -2 -2 -2 -2 -2 -2 -2 0 -2 0 0 0 -2 -2 -1 -2 -2 -1 0 -1 -2 -2
1.19252833433979 0.0613474448048251 -0.252516256092378 1.57329798637388 0.766851562717522 1 2 2 0 1 2 2 1 2 0 0 0 2 0 0 1 1 1 1 2 1 1 1 0 1 0 0 1 1 2 2 0 1 2 0 0 2 2 0 2 2 1 1 2 0 2 2 2 2 2 0 0 2 0 2 0 0 0 0 1 0 1 2 0 1 2 2 0 0 0 2 1 1 1 0 2 2 0 1 2 0 0 1 1 2 1 1 1 0 0 1 1 2 2 2 2 1 0 0 1 0 2 2 0 1 2 2 1 2 0 0 0 2 0 0 1 1 1 1 2 1 1 1 0 1 0 0 1 1 2 2 0 1 2 0 0 2 2 0 2 2 1 1 2 0 2 2 2 2 2 0 0 2 0 2 0 0 0 0 1 0 1 2 0 1 2 2 0 0 0 2 1 1 1 0 2 2 0 1 2 0 0 1 1 2 1 1 1 0 0 1 1 2 2 2 2 1 0 0 1 0
-1.33580937384049 -0.519484361006824 0.625730922085164 0.0830781742566018 0.577294200004264 1 2 2 0 1 2 2 0 1 1 1 0 2 2 2 1 2 1 1 2 2 2 0 1 2 1 0 0 0 0 2 0 0 2 0 0 2 1 0 1 1 0 2 1 0 1 0 1 2 2 0 2 2 2 1 1 1 0 0 1 1 1 1 1 1 2 2 0 1 2 2 1 2 1 0 2 0 0 2 1 1 1 1 1 1 1 0 2 0 0 1 1 2 0 0 1 1 1 0 1 0 2 2 0 1 2 2 0 1 1 1 0 2 2 2 1 2 1 1 2 2 2 0 1 2 1 0 0 0 0 2 0 0 2 0 0 2 1 0 1 1 0 2 1 0 1 0 1 2 2 0 2 2 2 1 1 1 0 0 1 1 1 1 1 1 2 2 0 1 2 2 1 2 1 0 2 0 0 2 1 1 1 1 1 1 1 0 2 0 0 1 1 2 0 0 1 1 1 0 1 0
0.817635092756117 0.226688085347562 -0.678349529681261 1.85913614734969 -0.531911139687167 1 2 0 1 1 2 1 0 0 0 2 0 2 0 2 2 2 0 0 2 0 1 0 1 0 0 0 0 0 1 2 1 0 1 0 0 2 1 0 2 2 2 0 2 0 2 2 2 2 2 0 1 2 1 2 0 0 0 1 1 1 1 1 1 2 2 2 0 2 2 1 1 2 1 0 2 0 0 2 1 1 1 1 1 1 1 1 2 0 1 2 1 1 0 1 2 1 1 1 1 1 2 0 1 1 2 1 0 0 0 2 0 2 0 2 2 2 0 0 2 0 1 0 1 0 0 0 0 0 1 2 1 0 1 0 0 2 1 0 2 2 2 0 2 0 2 2 2 2 2 0 1 2 1 2 0 0 0 1 1 1 1 1 1 2 2 2 0 2 2 1 1 2 1 0 2 0 0 2 1 1 1 1 1 1 1 1 2 0 1 2 1 1 0 1 2 1 1 1 1 1
-0.706697007879869 0.793284057924961 1.01000434324455 1.13364048542549 -0.401252419570142 1 2 2 2 2 2 2 1 2 1 2 0 2 1 1 2 1 0 0 1 0 2 1 0 0 0 0 0 0 2 2 0 0 1 0 0 2 2 1 2 2 2 1 1 0 1 1 1 2 2 0 0 1 0 1 0 0 0 1 1 2 2 2 1 2 2 2 2 2 2 0 0 0 0 0 2 2 1 2 2 1 0 1 0 1 0 1 1 1 0 0 1 2 0 1 1 1 0 0 1 0 2 2 2 2 2 2 1 2 1 2 0 2 1 1 2 1 0 0 1 0 2 1 0 0 0 0 0 0 2 2 0 0 1 0 0 2 2 1 2 2 2 1 1 0 1 1 1 2 2 0 0 1 0 1 0 0 0 1 1 2 2 2 1 2 2 2 2 2 2 0 0 0 0 0 2 2 1 2 2 1 0 1 0 1 0 1 1 1 0 0 1 2 0 1 1 1 0 0 1 0
1.04692900659815 0.0564740474626642 -1.6171046764499 0.160499650666898 -0.378503015585911 -1 2 2 1 2 2 2 2 2 1 2 0 2 0 2 1 1 0 1 2 1 2 2 0 0 0 0 0 0 1 1 1 0 1 0 0 2 2 2 1 2 2 2 1 1 2 1 2 1 2 0 0 2 2 2 0 0 0 0 1 2 2 2 1 2 2 2 1 1 0 2 1 2 2 2 2 1 1 2 2 1 0 2 2 2 2 0 2 1 0 2 2 2 1 1 1 1 0 0 2 1 -2 -2 -1 -2 -2 -2 -2 -2 -1 -2 0 -2 0 -2 -1 -1 0 -1 -2 -1 -2 -2 0 0 0 0 0 0 -1 -1 -1 0 -1 0 0 -2 -2 -2 -1 -2 -2 -2 -1 -1 -2 -1 -2 -1 -2 0 0 -2 -2 -2 0 0 0 0 -1 -2 -2 -2 -1 -2 -2 -2 -1 -1 0 -2 -1 -2 -2 -2 -2 -1 -1 -2 -2 -1 0 -2 -2 -2 -2 0 -2 -1 0 -2 -2 -2 -1 -1 -1 -1 0 0 -2 -1
0.20226477832975 -0.886983923048338 0.143218338524146 -0.396618242515552 -0.358857827660117 1 2 2 2 2 2 2 1 2 1 2 0 2 0 1 1 2 2 0 2 0 1 1 0 0 1 0 0 0 0 1 0 0 2 0 0 2 2 0 2 1 1 1 0 1 2 2 2 2 2 0 1 2 0 0 0 0 0 1 2 1 2 2 1 2 2 2 1 1 1 2 1 2 2 1 2 1 0 2 1 0 0 2 1 2 1 0 2 0 0 2 0 1 0 1 2 0 0 0 2 1 2 2 2 2 2 2 1 2 1 2 0 2 0 1 1 2 2 0 2 0 1 1 0 0 1 0 0 0 0 1 0 0 2 0 0 2 2 0 2 1 1 1 0 1 2 2 2 2 2 0 1 2 0 0 0 0 0 1 2 1 2 2 1 2 2 2 1 1 1 2 1 2 2 1 2 1 0 2 1 0 0 2 1 2 1 0 2 0 0 2 0 1 0 1 2 0 0 0 2 1
