-0.419635015802095 -0.216680933872447 1.66838169043072 0.457456535844857 1.73683826587052 1 2 2 2 1 2 0 2 0 1 1 1 0 0 1 2 1 0 0 1 0 1 1 1 1 2 0 1 0 2 2 1 0 1 1 1 1 0 1 0 0 1 2 2 0 1 1 2 2 0 2 2 0 0 0 0 0 0 2 2 1 1 0 0 1 2 0 0 0 0 0 1 0 2 0 0 2 0 1 2 2 1 2 2 2 2 1 0 2 1 2 2 0 1 2 1 2 2 1 0 0 2 2 2 1 2 0 2 0 1 1 1 0 0 1 2 1 0 0 1 0 1 1 1 1 2 0 1 0 2 2 1 0 1 1 1 1 0 1 0 0 1 2 2 0 1 1 2 2 0 2 2 0 0 0 0 0 0 2 2 1 1 0 0 1 2 0 0 0 0 0 1 0 2 0 0 2 0 1 2 2 1 2 2 2 2 1 0 2 1 2 2 0 1 2 1 2 2 1 0 0
0.464874298924279 -0.855490357064766 -2.28745169858666 -1.11504117066022 -0.218142818565469 -1 1 2 1 0 1 0 2 1 1 0 0 0 0 1 2 0 0 2 1 1 1 2 0 2 2 0 0 0 0 0 0 0 0 1 0 0 1 1 0 0 1 2 2 0 2 1 1 1 0 1 1 0 0 0 0 1 2 1 1 0 2 0 1 0 2 0 0 0 2 0 2 1 2 0 0 2 0 1 2 0 0 1 1 1 0 0 0 2 2 2 2 1 2 1 1 2 2 2 2 1 -1 -2 -1 0 -1 0 -2 -1 -1 0 0 0 0 -1 -2 0 0 -2 -1 -1 -1 -2 0 -2 -2 0 0 0 0 0 0 0 0 -1 0 0 -1 -1 0 0 -1 -2 -2 0 -2 -1 -1 -1 0 -1 -1 0 0 0 0 -1 -2 -1 -1 0 -2 0 -1 0 -2 0 0 0 -2 0 -2 -1 -2 0 0 -2 0 -1 -2 0 0 -1 -1 -1 0 0 0 -2 -2 -2 -2 -1 -2 -1 -1 -2 -2 -2 -2 -1
-0.643041765107509 0.199513288442033 -0.214498649537643 0.122960380535343 -1.00940465074451 -1 1 2 1 1 2 0 1 0 0 1 2 0 0 1 2 1 0 1 1 0 1 2 1 2 2 0 0 0 2 2 1 1 1 1 1 1 1 1 1 0 0 2 2 0 0 2 2 1 1 2 1 0 0 0 1 2 1 0 2 0 2 1 1 1 2 0 0 2 2 1 2 0 2 0 0 2 1 1 2 2 1 2 2 2 2 1 0 1 0 1 1 1 2 0 1 2 1 0 0 0 -1 -2 -1 -1 -2 0 -1 0 0 -1 -2 0 0 -1 -2 -1 0 -1 -1 0 -1 -2 -1 -2 -2 0 0 0 -2 -2 -1 -1 -1 -1 -1 -1 -1 -1 -1 0 0 -2 -2 0 0 -2 -2 -1 -1 -2 -1 0 0 0 -1 -2 -1 0 -2 0 -2 -1 -1 -1 -2 0 0 -2 -2 -1 -2 0 -2 0 0 -2 -1 -1 -2 -2 -1 -2 -2 -2 -2 -1 0 -1 0 -1 -1 -1 -2 0 -1 -2 -1 0 0 0
-1.72218287854688 0.170039911849433 -0.666231135284666 0.677583984966562 -0.208014942754016 1 2 2 0 0 1 0 0 0 0 0 0 0 0 0 2 0 0 1 1 0 0 0 0 2 2 1 1 0 1 2 0 1 1 1 1 0 1 1 0 0 1 1 2 0 1 1 2 2 0 2 1 1 2 0 0 2 1 2 2 0 2 0 1 1 2 0 1 1 2 1 2 0 2 0 0 2 0 1 2 2 0 1 2 2 2 0 0 1 1 1 2 0 1 0 0 1 1 1 1 0 2 2 0 0 1 0 0 0 0 0 0 0 0 0 2 0 0 1 1 0 0 0 0 2 2 1 1 0 1 2 0 1 1 1 1 0 1 1 0 0 1 1 2 0 1 1 2 2 0 2 1 1 2 0 0 2 1 2 2 0 2 0 1 1 2 0 1 1 2 1 2 0 2 0 0 2 0 1 2 2 0 1 2 2 2 0 0 1 1 1 2 0 1 0 0 1 1 1 1 0
1.60111580774213 1.22137705639663 0.499622437747629 -0.401687158790304 1.13782159381781 -1 2 2 1 1 2 1 2 0 0 0 1 0 0 1 2 0 0 1 0 1 2 2 1 2 2 1 1 1 2 2 0 0 1 1 0 1 2 2 0 0 1 2 2 0 1 1 0 1 0 2 0 0 1 0 0 2 1 1 1 1 1 1 0 0 2 0 1 1 0 0 0 0 2 1 1 2 0 0 2 0 0 2 2 1 1 0 0 1 1 1 1 0 2 0 0 2 1 2 2 2 -2 -2 -1 -1 -2 -1 -2 0 0 0 -1 0 0 -1 -2 0 0 -1 0 -1 -2 -2 -1 -2 -2 -1 -1 -1 -2 -2 0 0 -1 -1 0 -1 -2 -2 0 0 -1 -2 -2 0 -1 -1 0 -1 0 -2 0 0 -1 0 0 -2 -1 -1 -1 -1 -1 -1 0 0 -2 0 -1 -1 0 0 0 0 -2 -1 -1 -2 0 0 -2 0 0 -2 -2 -1 -1 0 0 -1 -1 -1 -1 0 -2 0 0 -2 -1 -2 -2 -2
-0.171277482357815 1.31691958056538 -0.153809448882873 1.62780904319004 0.666662375419324 1 2 2 1 0 2 0 1 0 1 0 2 2 0 1 2 1 0 2 1 1 1 0 0 1 1 0 1 0 0 2 0 0 0 2 2 1 1 1 0 0 1 2 2 0 1 1 1 0 0 2 1 0 1 0 0 2 1 2 2 0 2 0 1 1 2 0 0 0 1 1 1 0 2 0 0 2 1 2 2 0 0 1 2 1 2 0 0 1 2 2 2 2 2 1 1 2 1 1 1 0 2 2 1 0 2 0 1 0 1 0 2 2 0 1 2 1 0 2 1 1 1 0 0 1 1 0 1 0 0 2 0 0 0 2 2 1 1 1 0 0 1 2 2 0 1 1 1 0 0 2 1 0 1 0 0 2 1 2 2 0 2 0 1 1 2 0 0 0 1 1 1 0 2 0 0 2 1 2 2 0 0 1 2 1 2 0 0 1 2 2 2 2 2 1 1 2 1 1 1 0
1.12713002496549 1.01075101850651 -0.228053700262237 -0.351964110319472 0.269198911330663 1 1 2 1 0 1 0 1 0 1 1 2 1 1 2 2 1 0 1 1 1 1 0 0 1 1 0 0 0 1 2 2 0 2 1 2 0 2 2 1 0 1 2 2 0 1 2 0 0 0 0 1 1 1 0 2 2 2 1 1 0 1 0 0 0 2 0 1 2 2 1 1 0 2 1 0 2 2 1 2 1 1 2 2 0 1 1 0 1 1 2 2 2 2 1 1 2 2 1 1 1 1 2 1 0 1 0 1 0 1 1 2 1 1 2 2 1 0 1 1 1 1 0 0 1 1 0 0 0 1 2 2 0 2 1 2 0 2 2 1 0 1 2 2 0 1 2 0 0 0 0 1 1 1 0 2 2 2 1 1 0 1 0 0 0 2 0 1 2 2 1 1 0 2 1 0 2 2 1 2 1 1 2 2 0 1 1 0 1 1 2 2 2 2 1 1 2 2 1 1 1
-0.234596392863381 -0.61143126382962 0.162973598903378 0.1909105173558 -0.0435673869827833 -1 1 1 1 0 2 0 2 0 2 0 0 0 0 0 2 2 1 2 1 0 1 0 0 1 2 0 0 0 0 1 0 0 0 2 1 1 1 1 0 0 2 2 2 0 2 1 1 2 0 2 0 0 0 0 0 1 1 0 1 0 1 1 0 0 1 0 0 1 2 1 1 0 2 1 0 2 1 2 2 2 0 2 2 2 2 0 0 1 1 1 2 1 2 2 2 2 1 1 0 0 -1 -1 -1 0 -2 0 -2 0 -2 0 0 0 0 0 -2 -2 -1 -2 -1 0 -1 0 0 -1 -2 0 0 0 0 -1 0 0 0 -2 -1 -1 -1 -1 0 0 -2 -2 -2 0 -2 -1 -1 -2 0 -2 0 0 0 0 0 -1 -1 0 -1 0 -1 -1 0 0 -1 0 0 -1 -2 -1 -1 0 -2 -1 0 -2 -1 -2 -2 -2 0 -2 -2 -2 -2 0 0 -1 -1 -1 -2 -1 -2 -2 -2 -2 -1 -1 0 0
1.72655117947806 0.73428564617695 0.150730503902429 0.0809891849367203 -0.237775466970341 1 2 2 1 0 1 0 1 0 0 0 1 0 0 0 2 2 1 2 0 0 2 1 0 1 2 0 0 0 1 2 2 1 2 2 1 1 2 1 0 0 1 2 2 1 2 1 2 2 0 1 1 0 0 0 0 1 1 2 2 0 0 0 0 0 2 0 0 1 1 1 2 0 2 0 0 2 0 1 2 1 0 1 2 1 2 0 0 1 2 2 2 1 1 0 0 2 1 1 1 0 2 2 1 0 1 0 1 0 0 0 1 0 0 0 2 2 1 2 0 0 2 1 0 1 2 0 0 0 1 2 2 1 2 2 1 1 2 1 0 0 1 2 2 1 2 1 2 2 0 1 1 0 0 0 0 1 1 2 2 0 0 0 0 0 2 0 0 1 1 1 2 0 2 0 0 2 0 1 2 1 0 1 2 1 2 0 0 1 2 2 2 1 1 0 0 2 1 1 1 0
0.96445222818444 -1.06003936672797 0.646165240450583 -0.868741880600307 -0.710694440098258 -1 2 2 2 0 0 0 0 0 1 1 0 0 0 0 2 0 0 1 0 1 1 1 0 2 2 1 1 0 2 2 1 0 1 2 1 1 1 0 0 0 0 2 2 0 2 1 1 2 0 2 1 0 0 0 0 2 2 2 2 0 2 1 0 0 0 0 0 1 1 0 2 1 2 1 0 2 0 1 2 2 0 0 2 2 2 1 0 2 2 2 1 0 2 1 2 2 2 2 1 0 -2 -2 -2 0 0 0 0 0 -1 -1 0 0 0 0 -2 0 0 -1 0 -1 -1 -1 0 -2 -2 -1 -1 0 -2 -2 -1 0 -1 -2 -1 -1 -1 0 0 0 0 -2 -2 0 -2 -1 -1 -2 0 -2 -1 0 0 0 0 -2 -2 -2 -2 0 -2 -1 0 0 0 0 0 -1 -1 0 -2 -1 -2 -1 0 -2 0 -1 -2 -2 0 0 -2 -2 -2 -1 0 -2 -2 -2 -1 0 -2 -1 -2 -2 -2 -2 -1 0
-0.23023140468593 -1.38907453195598 0.298040654183887 -0.158436180657267 0.291804846758067 -1 2 2 2 0 2 0 0 0 0 1 0 0 0 1 2 2 1 2 2 1 1 0 0 0 2 0 0 0 0 2 0 0 1 1 2 1 2 1 0 0 0 2 2 0 1 1 0 1 0 2 0 0 0 0 0 2 2 2 2 0 1 0 0 0 2 1 0 2 2 1 2 1 2 1 0 2 0 0 2 0 0 2 2 2 2 2 1 2 1 2 1 0 2 1 0 2 2 0 0 0 -2 -2 -2 0 -2 0 0 0 0 -1 0 0 0 -1 -2 -2 -1 -2 -2 -1 -1 0 0 0 -2 0 0 0 0 -2 0 0 -1 -1 -2 -1 -2 -1 0 0 0 -2 -2 0 -1 -1 0 -1 0 -2 0 0 0 0 0 -2 -2 -2 -2 0 -1 0 0 0 -2 -1 0 -2 -2 -1 -2 -1 -2 -1 0 -2 0 0 -2 0 0 -2 -2 -2 -2 -2 -1 -2 -1 -2 -1 0 -2 -1 0 -2 -2 0 0 0
-1.90466680728196 -0.443801589097046 -0.0306898140813741 -0.44488886715211 -0.00183164580783971 -1 2 2 0 0 2 0 1 0 1 0 1 1 0 1 2 1 0 2 1 0 1 0 0 1 2 0 0 0 0 2 0 0 0 1 0 0 0 0 0 0 0 2 2 0 1 1 1 0 0 1 1 0 0 0 1 2 2 1 2 1 2 1 1 0 2 0 1 1 1 0 2 1 2 2 0 2 0 1 2 1 1 2 2 1 1 0 0 1 2 0 1 1 1 0 0 2 2 1 0 0 -2 -2 0 0 -2 0 -1 0 -1 0 -1 -1 0 -1 -2 -1 0 -2 -1 0 -1 0 0 -1 -2 0 0 0 0 -2 0 0 0 -1 0 0 0 0 0 0 0 -2 -2 0 -1 -1 -1 0 0 -1 -1 0 0 0 -1 -2 -2 -1 -2 -1 -2 -1 -1 0 -2 0 -1 -1 -1 0 -2 -1 -2 -2 0 -2 0 -1 -2 -1 -1 -2 -2 -1 -1 0 0 -1 -2 0 -1 -1 -1 0 0 -2 -2 -1 0 0
0.66880034514086 -0.966167428229495 -0.551203627710939 -1.30611260273207 0.152986444750045 1 2 2 2 0 1 0 2 0 0 0 1 0 0 1 2 1 0 2 1 2 2 2 0 1 2 0 0 0 1 2 0 0 1 0 0 1 2 1 0 0 1 2 2 1 2 1 1 2 0 2 2 1 2 0 2 2 2 2 2 1 2 1 1 0 1 0 0 1 2 0 2 0 2 0 0 2 1 1 2 2 1 2 2 2 2 1 0 1 2 1 2 1 2 1 1 2 2 1 0 1 2 2 2 0 1 0 2 0 0 0 1 0 0 1 2 1 0 2 1 2 2 2 0 1 2 0 0 0 1 2 0 0 1 0 0 1 2 1 0 0 1 2 2 1 2 1 1 2 0 2 2 1 2 0 2 2 2 2 2 1 2 1 1 0 1 0 0 1 2 0 2 0 2 0 0 2 1 1 2 2 1 2 2 2 2 1 0 1 2 1 2 1 2 1 1 2 2 1 0 1
-0.72488670195963 -0.425437126999933 1.25282896911394 2.05335876449782 0.525419343258645 1 1 2 1 0 2 0 0 0 2 0 1 0 0 0 2 0 0 1 2 1 2 1 1 2 2 0 1 0 1 2 0 0 1 1 0 0 2 2 0 0 2 2 2 0 1 1 1 1 0 2 2 1 2 1 1 2 2 2 1 0 2 1 0 0 1 0 1 2 2 1 0 0 2 0 0 1 0 0 2 2 1 2 2 2 2 1 0 1 2 1 1 2 2 1 1 1 2 2 2 0 1 2 1 0 2 0 0 0 2 0 1 0 0 0 2 0 0 1 2 1 2 1 1 2 2 0 1 0 1 2 0 0 1 1 0 0 2 2 0 0 2 2 2 0 1 1 1 1 0 2 2 1 2 1 1 2 2 2 1 0 2 1 0 0 1 0 1 2 2 1 0 0 2 0 0 1 0 0 2 2 1 2 2 2 2 1 0 1 2 1 1 2 2 1 1 1 2 2 2 0
-0.841659923341215 -1.40049031650352 0.600075452661964 -0.14996267981654 0.913976557187057 1 2 2 1 1 2 0 2 0 1 1 2 0 0 1 2 1 1 2 1 0 0 1 1 1 2 0 0 0 1 2 2 0 2 2 1 0 2 2 1 0 0 2 2 0 2 1 0 0 0 2 1 1 0 0 0 2 1 2 2 1 2 0 0 0 2 0 1 1 0 0 1 0 2 1 0 2 0 0 2 2 2 2 2 2 2 0 0 1 1 1 0 0 2 1 1 2 1 0 0 0 2 2 1 1 2 0 2 0 1 1 2 0 0 1 2 1 1 2 1 0 0 1 1 1 2 0 0 0 1 2 2 0 2 2 1 0 2 2 1 0 0 2 2 0 2 1 0 0 0 2 1 1 0 0 0 2 1 2 2 1 2 0 0 0 2 0 1 1 0 0 1 0 2 1 0 2 0 0 2 2 2 2 2 2 2 0 0 1 1 1 0 0 2 1 1 2 1 0 0 0
-0.172528965720501 0.530817538092391 1.07980091043631 -0.237857907173955 -0.723014196346944 -1 2 2 0 0 1 0 0 0 1 0 0 0 0 1 2 1 0 1 0 0 0 1 1 2 2 1 0 0 2 2 1 0 1 2 1 1 2 1 0 0 0 2 2 0 1 1 1 0 0 1 2 0 1 0 0 2 2 2 2 1 2 0 0 0 2 0 1 2 2 2 2 0 2 1 0 2 1 1 2 0 0 1 1 2 2 0 0 2 2 2 2 2 2 1 1 2 2 2 0 0 -2 -2 0 0 -1 0 0 0 -1 0 0 0 0 -1 -2 -1 0 -1 0 0 0 -1 -1 -2 -2 -1 0 0 -2 -2 -1 0 -1 -2 -1 -1 -2 -1 0 0 0 -2 -2 0 -1 -1 -1 0 0 -1 -2 0 -1 0 0 -2 -2 -2 -2 -1 -2 0 0 0 -2 0 -1 -2 -2 -2 -2 0 -2 -1 0 -2 -1 -1 -2 0 0 -1 -1 -2 -2 0 0 -2 -2 -2 -2 -2 -2 -1 -1 -2 -2 -2 0 0
0.318027730257871 1.04770113931015 -1.66130127376692 -2.09445889873569 -0.559680610810974 1 1 1 0 0 1 0 1 0 2 0 0 0 1 2 2 1 0 2 1 0 1 0 0 0 1 0 0 0 1 2 0 0 1 1 1 1 1 1 0 0 1 2 2 0 1 0 2 1 0 2 1 0 0 0 0 2 2 2 2 1 2 0 0 0 1 0 1 1 2 0 2 0 2 1 0 1 0 0 2 1 1 2 2 1 2 0 0 1 1 2 2 1 2 1 1 2 2 2 1 0 1 1 0 0 1 0 1 0 2 0 0 0 1 2 2 1 0 2 1 0 1 0 0 0 1 0 0 0 1 2 0 0 1 1 1 1 1 1 0 0 1 2 2 0 1 0 2 1 0 2 1 0 0 0 0 2 2 2 2 1 2 0 0 0 1 0 1 1 2 0 2 0 2 1 0 1 0 0 2 1 1 2 2 1 2 0 0 1 1 2 2 1 2 1 1 2 2 2 1 0
-1.57247923497672 -0.314942279422423 -0.390487429118772 0.40400872239026 -0.662981891539642 1 2 2 2 0 1 0 2 1 2 1 1 0 0 2 2 1 0 1 0 2 2 1 0 2 2 0 1 0 0 2 0 0 2 2 0 1 2 1 0 0 0 2 2 2 2 2 2 1 0 1 2 0 0 0 0 2 2 1 2 0 1 1 0 0 2 0 1 2 2 0 1 1 2 1 0 2 0 1 2 2 1 2 2 2 2 1 0 2 0 0 1 1 2 0 0 2 1 1 0 0 2 2 2 0 1 0 2 1 2 1 1 0 0 2 2 1 0 1 0 2 2 1 0 2 2 0 1 0 0 2 0 0 2 2 0 1 2 1 0 0 0 2 2 2 2 2 2 1 0 1 2 0 0 0 0 2 2 1 2 0 1 1 0 0 2 0 1 2 2 0 1 1 2 1 0 2 0 1 2 2 1 2 2 2 2 1 0 2 0 0 1 1 2 0 0 2 1 1 0 0
-1.58196969175147 1.10300797280376 0.278364927943972 -0.0391373132237902 -0.0693932564241128 1 2 2 1 0 1 0 2 0 1 1 2 1 1 1 2 1 0 2 2 0 2 1 0 1 2 1 0 0 0 2 1 0 0 1 1 0 2 2 2 0 2 1 2 0 1 0 0 1 0 2 0 0 1 0 0 1 1 2 1 1 2 2 2 0 2 0 1 2 1 0 2 0 2 1 0 2 1 1 2 1 0 1 1 1 2 0 0 1 1 2 1 2 1 0 1 2 1 1 1 0 2 2 1 0 1 0 2 0 1 1 2 1 1 1 2 1 0 2 2 0 2 1 0 1 2 1 0 0 0 2 1 0 0 1 1 0 2 2 2 0 2 1 2 0 1 0 0 1 0 2 0 0 1 0 0 1 1 2 1 1 2 2 2 0 2 0 1 2 1 0 2 0 2 1 0 2 1 1 2 1 0 1 1 1 2 0 0 1 1 2 1 2 1 0 1 2 1 1 1 0
2.27601749860875 0.868604235041517 -0.799016885577785 -1.56014932689634 -0.0199815046799629 -1 1 2 1 0 1 0 0 0 1 0 0 0 0 2 2 1 0 1 1 0 2 1 0 2 2 0 2 0 2 2 1 0 0 1 0 0 2 2 0 0 2 1 2 1 2 1 2 0 0 2 1 0 0 1 1 2 2 2 2 1 2 1 0 0 2 0 1 2 1 0 1 0 2 1 1 2 0 0 1 0 0 2 2 2 2 1 0 0 1 1 2 1 2 2 1 1 1 0 1 0 -1 -2 -1 0 -1 0 0 0 -1 0 0 0 0 -2 -2 -1 0 -1 -1 0 -2 -1 0 -2 -2 0 -2 0 -2 -2 -1 0 0 -1 0 0 -2 -2 0 0 -2 -1 -2 -1 -2 -1 -2 0 0 -2 -1 0 0 -1 -1 -2 -2 -2 -2 -1 -2 -1 0 0 -2 0 -1 -2 -1 0 -1 0 -2 -1 -1 -2 0 0 -1 0 0 -2 -2 -2 -2 -1 0 0 -1 -1 -2 -1 -2 -2 -1 -1 -1 0 -1 0
0.554047077246586 0.290645547274769 -0.144965994544702 0.701865089761324 0.142761059484939 1 2 2 1 0 2 0 2 0 2 0 1 0 0 0 2 0 0 0 0 0 2 1 0 2 2 1 1 0 1 2 0 0 1 1 0 0 2 1 0 0 0 1 2 2 2 1 2 2 0 2 2 0 1 0 0 1 1 1 2 1 1 0 0 0 1 0 0 0 0 0 1 1 2 1 1 2 0 0 2 0 0 2 2 2 2 0 0 2 1 1 1 1 2 2 0 2 1 1 1 1 2 2 1 0 2 0 2 0 2 0 1 0 0 0 2 0 0 0 0 0 2 1 0 2 2 1 1 0 1 2 0 0 1 1 0 0 2 1 0 0 0 1 2 2 2 1 2 2 0 2 2 0 1 0 0 1 1 1 2 1 1 0 0 0 1 0 0 0 0 0 1 1 2 1 1 2 0 0 2 0 0 2 2 2 2 0 0 2 1 1 1 1 2 2 0 2 1 1 1 1
1.87108600989567 -0.741233199894404 0.962870572713291 0.144422820964676 1.22467642927641 -1 2 2 1 0 2 1 2 1 2 0 1 0 0 1 2 2 0 2 2 1 0 0 0 0 1 0 0 0 1 2 0 0 1 0 1 1 2 2 1 0 1 2 2 1 2 1 1 2 1 2 1 0 2 0 1 2 2 2 1 0 1 1 2 0 2 0 0 0 1 2 1 0 2 0 0 2 1 2 2 2 1 2 2 2 2 1 0 1 1 1 2 1 1 0 0 2 0 1 2 1 -2 -2 -1 0 -2 -1 -2 -1 -2 0 -1 0 0 -1 -2 -2 0 -2 -2 -1 0 0 0 0 -1 0 0 0 -1 -2 0 0 -1 0 -1 -1 -2 -2 -1 0 -1 -2 -2 -1 -2 -1 -1 -2 -1 -2 -1 0 -2 0 -1 -2 -2 -2 -1 0 -1 -1 -2 0 -2 0 0 0 -1 -2 -1 0 -2 0 0 -2 -1 -2 -2 -2 -1 -2 -2 -2 -2 -1 0 -1 -1 -1 -2 -1 -1 0 0 -2 0 -1 -2 -1
-0.651789964792868 -0.46890047929668 0.791262180253049 0.159038232911318 0.694605083545536 1 2 2 2 1 2 0 0 0 0 1 2 1 2 2 2 1 1 2 0 2 2 1 1 2 2 0 0 0 0 1 0 0 2 2 0 1 0 0 0 0 1 1 1 0 1 0 0 1 1 2 1 0 0 0 0 2 1 2 2 0 2 1 2 0 2 0 1 1 1 1 2 1 2 1 0 2 1 0 2 1 1 2 2 2 2 0 0 0 2 1 1 1 1 0 0 2 1 1 1 0 2 2 2 1 2 0 0 0 0 1 2 1 2 2 2 1 1 2 0 2 2 1 1 2 2 0 0 0 0 1 0 0 2 2 0 1 0 0 0 0 1 1 1 0 1 0 0 1 1 2 1 0 0 0 0 2 1 2 2 0 2 1 2 0 2 0 1 1 1 1 2 1 2 1 0 2 1 0 2 1 1 2 2 2 2 0 0 0 2 1 1 1 1 0 0 2 1 1 1 0
0.219747166060525 -0.621983593969942 -1.4931804677353 0.287060215431077 0.885998009861066 1 1 2 1 1 2 0 1 0 1 1 0 0 0 1 2 1 0 1 0 0 1 0 0 1 2 0 0 0 1 2 1 0 1 1 1 0 2 2 0 0 0 2 2 1 1 0 0 0 0 2 0 0 0 0 0 2 2 2 2 1 1 0 2 0 1 0 0 2 2 0 1 0 1 0 1 2 2 0 2 2 0 1 1 2 2 2 0 2 2 2 1 1 2 1 0 1 1 1 0 0 1 2 1 1 2 0 1 0 1 1 0 0 0 1 2 1 0 1 0 0 1 0 0 1 2 0 0 0 1 2 1 0 1 1 1 0 2 2 0 0 0 2 2 1 1 0 0 0 0 2 0 0 0 0 0 2 2 2 2 1 1 0 2 0 1 0 0 2 2 0 1 0 1 0 1 2 2 0 2 2 0 1 1 2 2 2 0 2 2 2 1 1 2 1 0 1 1 1 0 0
0.611529945425936 0.208435814168156 -2.16212121556724 0.358979749959818 -0.121048771341608 -1 2 2 1 0 1 0 1 1 2 0 0 0 0 2 2 1 0 1 1 1 2 0 0 2 2 0 0 0 1 2 0 0 1 0 0 0 0 2 0 0 0 2 2 0 1 1 0 0 0 2 1 0 1 0 1 2 2 2 2 0 2 1 1 0 2 0 1 1 1 0 1 0 2 0 0 2 0 0 2 2 1 2 2 2 1 0 0 2 2 2 2 2 2 0 1 2 1 0 0 0 -2 -2 -1 0 -1 0 -1 -1 -2 0 0 0 0 -2 -2 -1 0 -1 -1 -1 -2 0 0 -2 -2 0 0 0 -1 -2 0 0 -1 0 0 0 0 -2 0 0 0 -2 -2 0 -1 -1 0 0 0 -2 -1 0 -1 0 -1 -2 -2 -2 -2 0 -2 -1 -1 0 -2 0 -1 -1 -1 0 -1 0 -2 0 0 -2 0 0 -2 -2 -1 -2 -2 -2 -1 0 0 -2 -2 -2 -2 -2 -2 0 -1 -2 -1 0 0 0
-0.304839680056185 1.81802416352672 0.94001958631838 1.26575621055618 0.458455936091112 1 1 1 0 0 2 0 2 0 1 1 0 0 0 1 2 0 0 0 0 0 0 1 0 2 2 1 0 0 2 2 0 0 0 1 0 0 2 2 0 0 1 2 2 0 1 1 0 1 0 1 2 0 0 0 0 1 1 2 2 1 2 1 0 0 1 0 0 1 0 0 0 0 2 0 0 2 1 1 2 1 1 2 2 1 2 1 0 1 2 2 2 1 2 1 1 2 2 1 0 0 1 1 0 0 2 0 2 0 1 1 0 0 0 1 2 0 0 0 0 0 0 1 0 2 2 1 0 0 2 2 0 0 0 1 0 0 2 2 0 0 1 2 2 0 1 1 0 1 0 1 2 0 0 0 0 1 1 2 2 1 2 1 0 0 1 0 0 1 0 0 0 0 2 0 0 2 1 1 2 1 1 2 2 1 2 1 0 1 2 2 2 1 2 1 1 2 2 1 0 0
1.12324793186066 -0.711157983815139 0.18296175084559 0.0105399547895098 0.742677852144139 -1 1 2 0 0 1 0 0 0 2 0 1 0 0 1 2 2 0 1 1 1 2 0 0 1 1 0 0 0 1 2 1 0 0 1 0 0 2 2 0 0 0 2 2 0 2 1 2 1 0 2 1 1 0 0 1 2 2 2 2 0 2 0 0 0 0 0 1 1 1 2 2 0 1 0 0 2 0 0 2 0 0 0 1 1 1 1 0 0 2 2 2 2 2 0 1 2 2 2 2 2 -1 -2 0 0 -1 0 0 0 -2 0 -1 0 0 -1 -2 -2 0 -1 -1 -1 -2 0 0 -1 -1 0 0 0 -1 -2 -1 0 0 -1 0 0 -2 -2 0 0 0 -2 -2 0 -2 -1 -2 -1 0 -2 -1 -1 0 0 -1 -2 -2 -2 -2 0 -2 0 0 0 0 0 -1 -1 -1 -2 -2 0 -1 0 0 -2 0 0 -2 0 0 0 -1 -1 -1 -1 0 0 -2 -2 -2 -2 -2 0 -1 -2 -2 -2 -2 -2
0.708986259129124 0.186431476562882 -0.562170072598637 -0.817944973159196 -0.721869012856061 -1 2 2 1 0 2 0 2 1 2 0 0 0 0 0 2 0 0 2 0 1 1 0 0 2 2 0 1 0 1 2 0 0 1 1 1 2 0 2 1 0 1 2 2 0 2 2 1 1 0 2 0 0 0 0 0 2 2 2 2 1 1 1 0 0 1 0 1 1 1 0 1 0 2 1 0 2 1 0 2 1 0 2 1 2 1 0 0 2 2 1 2 0 1 1 1 2 0 0 1 0 -2 -2 -1 0 -2 0 -2 -1 -2 0 0 0 0 0 -2 0 0 -2 0 -1 -1 0 0 -2 -2 0 -1 0 -1 -2 0 0 -1 -1 -1 -2 0 -2 -1 0 -1 -2 -2 0 -2 -2 -1 -1 0 -2 0 0 0 0 0 -2 -2 -2 -2 -1 -1 -1 0 0 -1 0 -1 -1 -1 0 -1 0 -2 -1 0 -2 -1 0 -2 -1 0 -2 -1 -2 -1 0 0 -2 -2 -1 -2 0 -1 -1 -1 -2 0 0 -1 0
0.103178532132536 -2.21889154247465 -0.969994711596723 0.539821032699256 -0.712054372537294 1 1 1 0 0 1 0 1 0 0 0 1 0 0 2 2 1 0 1 1 0 1 1 1 2 2 0 0 0 1 2 1 0 1 2 0 0 1 2 0 0 1 2 2 2 2 1 1 0 0 1 1 0 0 0 0 2 2 2 2 0 2 0 0 0 1 0 1 1 1 1 2 0 2 1 1 2 0 0 2 2 1 2 2 1 1 1 0 2 2 2 2 2 2 0 0 2 1 2 0 0 1 1 0 0 1 0 1 0 0 0 1 0 0 2 2 1 0 1 1 0 1 1 1 2 2 0 0 0 1 2 1 0 1 2 0 0 1 2 0 0 1 2 2 2 2 1 1 0 0 1 1 0 0 0 0 2 2 2 2 0 2 0 0 0 1 0 1 1 1 1 2 0 2 1 1 2 0 0 2 2 1 2 2 1 1 1 0 2 2 2 2 2 2 0 0 2 1 2 0 0
0.491648251162748 -2.17637744458572 0.31809973181507 0.470262393751653 -0.776995969034957 1 2 2 0 0 0 0 0 1 2 0 1 0 1 1 2 0 0 1 0 1 2 0 0 2 2 1 0 0 1 2 0 0 0 0 1 1 0 1 0 0 1 2 2 0 2 1 2 2 0 1 1 0 1 0 1 2 1 2 2 1 1 0 0 0 2 0 0 2 2 1 2 1 2 0 0 2 1 1 2 2 2 2 2 2 2 1 0 1 0 2 2 2 1 0 1 2 2 2 0 0 2 2 0 0 0 0 0 1 2 0 1 0 1 1 2 0 0 1 0 1 2 0 0 2 2 1 0 0 1 2 0 0 0 0 1 1 0 1 0 0 1 2 2 0 2 1 2 2 0 1 1 0 1 0 1 2 1 2 2 1 1 0 0 0 2 0 0 2 2 1 2 1 2 0 0 2 1 1 2 2 2 2 2 2 2 1 0 1 0 2 2 2 1 0 1 2 2 2 0 0
1.21590597454607 0.243330475118049 -1.55198506639789 0.242714187897386 -0.720128095009494 -1 2 2 1 0 0 0 1 0 2 0 0 0 0 0 2 0 0 2 0 0 2 1 1 2 2 2 2 0 1 2 0 0 1 2 1 1 0 0 0 0 1 2 2 1 2 2 1 2 1 2 2 0 0 0 0 2 2 1 2 0 2 1 1 1 2 0 1 1 1 1 2 0 2 0 0 2 0 0 2 1 1 2 2 2 1 0 0 1 1 2 2 1 2 0 0 2 2 2 1 0 -2 -2 -1 0 0 0 -1 0 -2 0 0 0 0 0 -2 0 0 -2 0 0 -2 -1 -1 -2 -2 -2 -2 0 -1 -2 0 0 -1 -2 -1 -1 0 0 0 0 -1 -2 -2 -1 -2 -2 -1 -2 -1 -2 -2 0 0 0 0 -2 -2 -1 -2 0 -2 -1 -1 -1 -2 0 -1 -1 -1 -1 -2 0 -2 0 0 -2 0 0 -2 -1 -1 -2 -2 -2 -1 0 0 -1 -1 -2 -2 -1 -2 0 0 -2 -2 -2 -1 0
0.0292636938846687 0.388653616036859 1.71320407373762 1.07249138198441 0.96777569765927 1 2 2 1 0 1 0 1 0 1 1 1 1 1 1 2 1 0 1 1 2 1 1 1 1 1 0 0 0 1 2 0 0 1 1 0 1 2 2 1 0 1 2 2 2 2 2 2 2 0 2 2 1 2 0 0 1 0 2 2 0 1 0 0 0 2 0 0 0 1 1 2 1 2 1 0 2 0 1 2 2 1 2 0 1 1 1 0 2 1 1 2 2 2 0 0 2 1 1 1 0 2 2 1 0 1 0 1 0 1 1 1 1 1 1 2 1 0 1 1 2 1 1 1 1 1 0 0 0 1 2 0 0 1 1 0 1 2 2 1 0 1 2 2 2 2 2 2 2 0 2 2 1 2 0 0 1 0 2 2 0 1 0 0 0 2 0 0 0 1 1 2 1 2 1 0 2 0 1 2 2 1 2 0 1 1 1 0 2 1 1 2 2 2 0 0 2 1 1 1 0
-0.323267209703448 -0.861193988323599 -1.8694681007048 -1.35755696157281 0.355804160675544 -1 2 2 1 0 1 0 2 0 0 0 0 0 1 1 2 1 1 2 1 0 1 1 0 0 2 1 0 0 2 2 0 0 1 1 1 1 2 2 0 1 2 2 2 1 2 2 2 1 0 1 2 1 1 0 0 2 1 2 2 0 2 1 1 0 2 0 1 2 1 1 2 1 2 0 0 2 1 1 2 1 0 2 2 2 2 1 0 0 1 1 1 0 1 0 1 2 2 0 0 0 -2 -2 -1 0 -1 0 -2 0 0 0 0 0 -1 -1 -2 -1 -1 -2 -1 0 -1 -1 0 0 -2 -1 0 0 -2 -2 0 0 -1 -1 -1 -1 -2 -2 0 -1 -2 -2 -2 -1 -2 -2 -2 -1 0 -1 -2 -1 -1 0 0 -2 -1 -2 -2 0 -2 -1 -1 0 -2 0 -1 -2 -1 -1 -2 -1 -2 0 0 -2 -1 -1 -2 -1 0 -2 -2 -2 -2 -1 0 0 -1 -1 -1 0 -1 0 -1 -2 -2 0 0 0
0.47833689923337 0.586958881988321 -1.02089395534771 -0.566269856470211 0.213950981595468 -1 1 1 0 0 1 0 1 0 1 0 1 0 1 1 2 0 0 1 1 0 1 1 1 2 2 0 0 0 1 2 0 0 1 2 1 0 1 1 0 0 2 2 2 0 1 0 1 1 0 1 2 1 2 0 1 2 2 2 2 0 2 0 0 0 1 0 0 1 2 1 2 0 1 0 0 2 1 1 1 0 1 2 2 1 2 0 0 2 1 1 1 1 2 1 0 2 0 1 0 0 -1 -1 0 0 -1 0 -1 0 -1 0 -1 0 -1 -1 -2 0 0 -1 -1 0 -1 -1 -1 -2 -2 0 0 0 -1 -2 0 0 -1 -2 -1 0 -1 -1 0 0 -2 -2 -2 0 -1 0 -1 -1 0 -1 -2 -1 -2 0 -1 -2 -2 -2 -2 0 -2 0 0 0 -1 0 0 -1 -2 -1 -2 0 -1 0 0 -2 -1 -1 -1 0 -1 -2 -2 -1 -2 0 0 -2 -1 -1 -1 -1 -2 -1 0 -2 0 -1 0 0
-0.592075673570201 1.20340972053912 0.842609870212762 -0.412204784248728 -1.40910504804112 1 2 2 1 0 2 0 2 0 1 0 0 0 0 1 2 1 0 2 1 1 2 2 0 2 2 0 0 0 2 2 0 0 1 1 0 0 0 1 0 0 1 2 2 1 2 1 1 1 0 2 2 0 1 0 0 2 1 2 1 0 2 1 0 0 1 0 1 1 2 1 0 0 2 2 0 2 0 0 2 1 1 2 2 2 1 0 0 0 1 1 1 1 0 0 0 2 1 0 0 0 2 2 1 0 2 0 2 0 1 0 0 0 0 1 2 1 0 2 1 1 2 2 0 2 2 0 0 0 2 2 0 0 1 1 0 0 0 1 0 0 1 2 2 1 2 1 1 1 0 2 2 0 1 0 0 2 1 2 1 0 2 1 0 0 1 0 1 1 2 1 0 0 2 2 0 2 0 0 2 1 1 2 2 2 1 0 0 0 1 1 1 1 0 0 0 2 1 0 0 0
0.208831755173113 -1.28778638150222 -0.30713004146748 -0.700768286670941 0.0317672558180814 -1 1 2 1 0 1 0 2 0 1 0 0 0 0 0 2 2 0 0 0 1 2 2 2 2 2 1 1 0 2 2 0 0 1 2 1 0 2 2 1 0 2 2 2 1 2 2 2 1 0 1 1 0 0 0 1 2 2 2 2 0 2 1 1 2 2 1 1 2 2 1 0 0 2 1 0 2 0 0 1 0 0 2 2 2 2 0 0 1 2 2 2 2 2 1 1 2 2 2 0 0 -1 -2 -1 0 -1 0 -2 0 -1 0 0 0 0 0 -2 -2 0 0 0 -1 -2 -2 -2 -2 -2 -1 -1 0 -2 -2 0 0 -1 -2 -1 0 -2 -2 -1 0 -2 -2 -2 -1 -2 -2 -2 -1 0 -1 -1 0 0 0 -1 -2 -2 -2 -2 0 -2 -1 -1 -2 -2 -1 -1 -2 -2 -1 0 0 -2 -1 0 -2 0 0 -1 0 0 -2 -2 -2 -2 0 0 -1 -2 -2 -2 -2 -2 -1 -1 -2 -2 -2 0 0
-1.79337580815902 0.150820837796681 -0.906268432345985 -0.708244692851321 -2.14060108497206 1 1 2 2 0 0 0 0 0 0 0 1 0 0 0 2 2 0 1 0 1 2 2 0 2 2 0 0 0 1 2 1 0 1 1 1 1 2 0 0 0 2 2 2 0 1 1 0 1 1 2 2 1 1 0 1 1 1 2 2 0 2 0 0 0 2 0 2 2 1 1 1 0 1 1 1 2 1 2 2 0 0 1 1 1 2 0 0 1 1 1 1 0 0 0 0 1 1 0 0 0 1 2 2 0 0 0 0 0 0 0 1 0 0 0 2 2 0 1 0 1 2 2 0 2 2 0 0 0 1 2 1 0 1 1 1 1 2 0 0 0 2 2 2 0 1 1 0 1 1 2 2 1 1 0 1 1 1 2 2 0 2 0 0 0 2 0 2 2 1 1 1 0 1 1 1 2 1 2 2 0 0 1 1 1 2 0 0 1 1 1 1 0 0 0 0 1 1 0 0 0
-0.573717345724385 -1.7984622360685 -0.478351614769384 0.19106200761747 0.176782547908719 -1 0 2 1 0 1 0 1 0 0 0 0 0 0 1 2 1 0 1 1 1 2 2 0 2 2 0 0 0 0 1 0 0 0 0 1 0 2 2 0 0 1 2 2 0 2 2 0 1 0 2 1 0 1 0 0 2 2 1 2 0 1 1 0 0 1 0 1 1 2 2 2 1 2 1 0 2 1 1 2 1 0 2 2 1 2 0 0 2 1 1 1 1 2 1 0 2 2 2 2 1 0 -2 -1 0 -1 0 -1 0 0 0 0 0 0 -1 -2 -1 0 -1 -1 -1 -2 -2 0 -2 -2 0 0 0 0 -1 0 0 0 0 -1 0 -2 -2 0 0 -1 -2 -2 0 -2 -2 0 -1 0 -2 -1 0 -1 0 0 -2 -2 -1 -2 0 -1 -1 0 0 -1 0 -1 -1 -2 -2 -2 -1 -2 -1 0 -2 -1 -1 -2 -1 0 -2 -2 -1 -2 0 0 -2 -1 -1 -1 -1 -2 -1 0 -2 -2 -2 -2 -1
0.389985710918891 1.20213390770857 -1.29315644793177 -1.02276468902491 -1.7286632243741 -1 2 2 2 2 2 1 2 0 0 1 0 1 0 0 1 1 1 2 0 1 2 1 1 2 2 0 0 0 0 2 0 0 1 1 1 0 1 1 1 0 1 1 2 0 2 2 0 1 0 2 1 0 0 0 0 1 1 2 2 0 1 0 0 0 2 0 0 0 2 1 1 0 2 0 0 2 0 1 2 1 1 2 2 2 2 0 0 1 1 1 1 1 1 0 0 2 1 0 0 1 -2 -2 -2 -2 -2 -1 -2 0 0 -1 0 -1 0 0 -1 -1 -1 -2 0 -1 -2 -1 -1 -2 -2 0 0 0 0 -2 0 0 -1 -1 -1 0 -1 -1 -1 0 -1 -1 -2 0 -2 -2 0 -1 0 -2 -1 0 0 0 0 -1 -1 -2 -2 0 -1 0 0 0 -2 0 0 0 -2 -1 -1 0 -2 0 0 -2 0 -1 -2 -1 -1 -2 -2 -2 -2 0 0 -1 -1 -1 -1 -1 -1 0 0 -2 -1 0 0 -1
-0.644729687525247 1.5114531124088 -0.573372031869403 0.0350739246800875 1.51325347941174 -1 1 2 0 0 2 0 1 0 1 0 1 1 1 0 2 0 0 1 0 1 1 0 0 2 2 0 0 0 1 2 2 1 1 2 1 0 2 1 0 0 2 2 2 0 2 0 1 1 0 1 1 0 1 0 0 2 1 2 2 0 1 0 0 0 2 1 2 1 1 0 1 0 2 1 0 2 0 0 2 1 0 1 2 1 2 0 0 1 0 2 1 0 1 0 1 2 2 1 0 0 -1 -2 0 0 -2 0 -1 0 -1 0 -1 -1 -1 0 -2 0 0 -1 0 -1 -1 0 0 -2 -2 0 0 0 -1 -2 -2 -1 -1 -2 -1 0 -2 -1 0 0 -2 -2 -2 0 -2 0 -1 -1 0 -1 -1 0 -1 0 0 -2 -1 -2 -2 0 -1 0 0 0 -2 -1 -2 -1 -1 0 -1 0 -2 -1 0 -2 0 0 -2 -1 0 -1 -2 -1 -2 0 0 -1 0 -2 -1 0 -1 0 -1 -2 -2 -1 0 0
0.294044522722223 0.560662467350466 0.157049283282874 -0.290460226293299 -0.153689536367028 -1 1 2 0 0 1 0 1 0 1 1 0 1 1 1 2 0 0 2 0 0 2 2 0 2 2 1 1 0 0 2 0 0 1 1 0 0 1 1 0 0 1 2 2 1 1 1 2 2 2 2 2 1 2 1 1 2 2 2 2 0 2 0 0 1 2 0 0 1 2 2 2 1 2 0 0 2 0 0 2 1 1 2 2 2 2 1 0 2 2 2 2 2 2 1 1 2 2 1 1 0 -1 -2 0 0 -1 0 -1 0 -1 -1 0 -1 -1 -1 -2 0 0 -2 0 0 -2 -2 0 -2 -2 -1 -1 0 0 -2 0 0 -1 -1 0 0 -1 -1 0 0 -1 -2 -2 -1 -1 -1 -2 -2 -2 -2 -2 -1 -2 -1 -1 -2 -2 -2 -2 0 -2 0 0 -1 -2 0 0 -1 -2 -2 -2 -1 -2 0 0 -2 0 0 -2 -1 -1 -2 -2 -2 -2 -1 0 -2 -2 -2 -2 -2 -2 -1 -1 -2 -2 -1 -1 0
-1.15775198869949 -0.393024391224391 -1.55859511370857 -1.69209715929694 -0.747193194351481 1 2 2 1 1 2 0 2 0 1 0 0 1 0 1 2 1 1 2 2 1 2 1 0 2 2 0 0 0 1 2 0 1 2 1 0 0 2 2 1 0 1 2 2 0 1 1 2 1 0 2 2 0 0 0 0 1 2 0 2 1 0 0 0 0 1 0 0 2 2 0 1 0 2 0 0 2 0 1 2 1 2 2 2 2 1 1 0 2 1 1 1 1 2 1 2 2 1 1 1 0 2 2 1 1 2 0 2 0 1 0 0 1 0 1 2 1 1 2 2 1 2 1 0 2 2 0 0 0 1 2 0 1 2 1 0 0 2 2 1 0 1 2 2 0 1 1 2 1 0 2 2 0 0 0 0 1 2 0 2 1 0 0 0 0 1 0 0 2 2 0 1 0 2 0 0 2 0 1 2 1 2 2 2 2 1 1 0 2 1 1 1 1 2 1 2 2 1 1 1 0
-0.825330249606821 1.23227335356274 -0.263820119454013 -0.401258976858983 -0.290350059752119 -1 2 1 1 0 1 0 2 0 2 0 0 0 0 1 2 1 1 1 0 0 2 0 0 2 2 0 0 0 0 2 0 0 2 2 0 0 1 1 1 0 1 2 2 0 1 1 1 1 0 2 1 0 0 0 0 2 1 2 2 0 2 0 1 0 1 0 0 1 1 1 2 0 2 1 0 1 0 0 2 1 0 2 2 2 2 1 0 1 1 1 1 1 1 0 0 1 0 0 0 0 -2 -1 -1 0 -1 0 -2 0 -2 0 0 0 0 -1 -2 -1 -1 -1 0 0 -2 0 0 -2 -2 0 0 0 0 -2 0 0 -2 -2 0 0 -1 -1 -1 0 -1 -2 -2 0 -1 -1 -1 -1 0 -2 -1 0 0 0 0 -2 -1 -2 -2 0 -2 0 -1 0 -1 0 0 -1 -1 -1 -2 0 -2 -1 0 -1 0 0 -2 -1 0 -2 -2 -2 -2 -1 0 -1 -1 -1 -1 -1 -1 0 0 -1 0 0 0 0
-1.18495192404517 1.44832443449194 -0.403034176854079 0.818838961229138 -0.387267130139667 -1 1 2 0 0 0 0 1 0 1 0 1 1 1 1 2 0 0 1 0 2 2 2 0 2 2 0 0 0 1 2 0 0 0 1 1 0 0 0 0 0 0 2 2 1 2 2 2 0 0 2 1 0 1 1 0 1 2 0 1 0 1 0 0 1 2 0 0 1 1 0 1 0 2 1 0 2 1 1 1 1 0 1 2 2 2 0 0 2 1 1 2 2 2 1 2 2 2 1 1 0 -1 -2 0 0 0 0 -1 0 -1 0 -1 -1 -1 -1 -2 0 0 -1 0 -2 -2 -2 0 -2 -2 0 0 0 -1 -2 0 0 0 -1 -1 0 0 0 0 0 0 -2 -2 -1 -2 -2 -2 0 0 -2 -1 0 -1 -1 0 -1 -2 0 -1 0 -1 0 0 -1 -2 0 0 -1 -1 0 -1 0 -2 -1 0 -2 -1 -1 -1 -1 0 -1 -2 -2 -2 0 0 -2 -1 -1 -2 -2 -2 -1 -2 -2 -2 -1 -1 0
-0.778239721714571 -0.93561494306211 1.01366221145235 0.542336168433394 -1.17583402391264 -1 2 2 1 0 2 1 2 0 0 0 1 0 0 0 1 0 0 2 2 0 1 1 0 1 2 0 1 0 0 2 0 0 2 1 1 0 0 0 0 0 1 2 2 1 2 1 1 0 0 1 2 0 1 1 1 2 2 2 2 0 1 0 1 0 2 1 1 1 2 0 2 1 2 2 0 2 0 0 2 2 2 2 2 2 2 1 0 2 1 1 2 1 2 1 1 2 0 0 0 0 -2 -2 -1 0 -2 -1 -2 0 0 0 -1 0 0 0 -1 0 0 -2 -2 0 -1 -1 0 -1 -2 0 -1 0 0 -2 0 0 -2 -1 -1 0 0 0 0 0 -1 -2 -2 -1 -2 -1 -1 0 0 -1 -2 0 -1 -1 -1 -2 -2 -2 -2 0 -1 0 -1 0 -2 -1 -1 -1 -2 0 -2 -1 -2 -2 0 -2 0 0 -2 -2 -2 -2 -2 -2 -2 -1 0 -2 -1 -1 -2 -1 -2 -1 -1 -2 0 0 0 0
2.41485622089085 -1.22331952492891 -0.0222900719825655 0.205172015580704 -1.73193669594713 -1 2 2 1 0 2 2 2 1 2 0 1 1 1 1 2 1 0 1 0 1 2 1 1 2 2 1 2 1 1 2 2 1 2 0 0 0 0 0 0 0 0 2 2 0 1 1 2 2 0 2 1 0 1 0 1 2 2 2 1 0 0 0 0 0 1 0 0 0 0 0 1 1 2 1 0 2 0 1 2 1 0 2 2 1 2 0 0 2 2 1 2 1 1 0 0 2 2 2 0 0 -2 -2 -1 0 -2 -2 -2 -1 -2 0 -1 -1 -1 -1 -2 -1 0 -1 0 -1 -2 -1 -1 -2 -2 -1 -2 -1 -1 -2 -2 -1 -2 0 0 0 0 0 0 0 0 -2 -2 0 -1 -1 -2 -2 0 -2 -1 0 -1 0 -1 -2 -2 -2 -1 0 0 0 0 0 -1 0 0 0 0 0 -1 -1 -2 -1 0 -2 0 -1 -2 -1 0 -2 -2 -1 -2 0 0 -2 -2 -1 -2 -1 -1 0 0 -2 -2 -2 0 0
-0.622557964457595 1.42335157661459 -1.68708263125498 -0.0754071443249011 -1.04382159493417 -1 2 2 2 0 2 0 2 1 2 1 1 0 0 1 2 1 0 2 0 1 2 2 1 1 1 0 0 0 0 2 0 0 1 1 0 0 1 1 0 0 1 2 2 0 2 0 0 2 1 2 1 0 0 0 1 2 1 2 2 0 1 1 1 0 1 0 1 1 1 0 2 1 2 2 0 1 0 0 2 0 1 2 1 2 2 2 0 1 2 2 2 0 2 0 0 2 2 2 2 1 -2 -2 -2 0 -2 0 -2 -1 -2 -1 -1 0 0 -1 -2 -1 0 -2 0 -1 -2 -2 -1 -1 -1 0 0 0 0 -2 0 0 -1 -1 0 0 -1 -1 0 0 -1 -2 -2 0 -2 0 0 -2 -1 -2 -1 0 0 0 -1 -2 -1 -2 -2 0 -1 -1 -1 0 -1 0 -1 -1 -1 0 -2 -1 -2 -2 0 -1 0 0 -2 0 -1 -2 -1 -2 -2 -2 0 -1 -2 -2 -2 0 -2 0 0 -2 -2 -2 -2 -1
-1.06413892399305 1.20763141264537 0.219114526138818 -0.638767364572923 -0.209831704460406 -1 1 2 1 0 2 1 2 0 2 0 0 0 0 1 2 0 0 0 0 0 1 1 0 2 1 0 0 0 1 1 0 0 0 1 0 0 2 1 0 0 0 2 2 0 2 1 1 2 0 2 2 0 1 0 0 2 2 2 2 0 2 1 1 0 1 0 0 0 1 0 2 1 2 1 0 2 0 0 2 1 1 2 1 2 1 1 0 2 2 2 2 2 2 0 1 2 2 1 0 0 -1 -2 -1 0 -2 -1 -2 0 -2 0 0 0 0 -1 -2 0 0 0 0 0 -1 -1 0 -2 -1 0 0 0 -1 -1 0 0 0 -1 0 0 -2 -1 0 0 0 -2 -2 0 -2 -1 -1 -2 0 -2 -2 0 -1 0 0 -2 -2 -2 -2 0 -2 -1 -1 0 -1 0 0 0 -1 0 -2 -1 -2 -1 0 -2 0 0 -2 -1 -1 -2 -1 -2 -1 -1 0 -2 -2 -2 -2 -2 -2 0 -1 -2 -2 -1 0 0
-0.370274551766642 -1.17169827432859 -2.04700678802688 -1.23294762971285 -0.30307688203691 1 2 1 0 0 1 0 0 0 0 0 0 0 0 1 2 2 0 2 0 1 2 1 0 1 2 0 0 0 1 2 0 0 1 2 1 1 1 1 0 0 1 2 1 0 1 1 1 2 0 2 1 0 1 0 0 1 1 2 2 0 1 0 1 0 2 1 1 2 2 1 2 0 2 1 0 2 2 2 2 2 1 2 2 2 2 2 0 1 1 1 2 2 1 1 1 2 0 0 0 0 2 1 0 0 1 0 0 0 0 0 0 0 0 1 2 2 0 2 0 1 2 1 0 1 2 0 0 0 1 2 0 0 1 2 1 1 1 1 0 0 1 2 1 0 1 1 1 2 0 2 1 0 1 0 0 1 1 2 2 0 1 0 1 0 2 1 1 2 2 1 2 0 2 1 0 2 2 2 2 2 1 2 2 2 2 2 0 1 1 1 2 2 1 1 1 2 0 0 0 0
-1.44847404784728 1.22921775975224 -0.631834389634841 1.08389339109808 -0.313482338418185 -1 0 1 1 1 2 0 1 0 0 0 1 0 0 1 2 1 0 1 0 1 2 1 0 2 2 1 1 0 1 2 2 1 2 2 2 1 1 1 0 0 1 2 2 0 1 0 0 0 0 2 1 0 0 0 0 1 1 2 2 0 1 0 0 0 0 0 0 0 0 0 2 0 2 0 0 2 0 1 2 1 0 1 0 0 1 0 0 1 2 2 2 1 2 0 2 2 2 1 0 0 0 -1 -1 -1 -2 0 -1 0 0 0 -1 0 0 -1 -2 -1 0 -1 0 -1 -2 -1 0 -2 -2 -1 -1 0 -1 -2 -2 -1 -2 -2 -2 -1 -1 -1 0 0 -1 -2 -2 0 -1 0 0 0 0 -2 -1 0 0 0 0 -1 -1 -2 -2 0 -1 0 0 0 0 0 0 0 0 0 -2 0 -2 0 0 -2 0 -1 -2 -1 0 -1 0 0 -1 0 0 -1 -2 -2 -2 -1 -2 0 -2 -2 -2 -1 0 0
-0.784814076725664 0.234323031101056 -0.264846479528695 -0.692955304957372 2.07529167746212 1 2 2 1 0 2 0 1 0 1 0 2 0 0 0 2 0 0 0 0 1 1 0 0 1 2 0 0 0 0 1 0 0 1 1 1 1 1 1 0 0 0 2 2 1 2 1 1 1 0 1 2 0 0 0 1 2 2 2 2 0 2 0 1 0 2 0 0 2 2 2 1 0 2 0 0 2 1 0 2 2 1 2 1 2 2 0 0 2 1 0 1 1 1 0 0 2 2 2 1 0 2 2 1 0 2 0 1 0 1 0 2 0 0 0 2 0 0 0 0 1 1 0 0 1 2 0 0 0 0 1 0 0 1 1 1 1 1 1 0 0 0 2 2 1 2 1 1 1 0 1 2 0 0 0 1 2 2 2 2 0 2 0 1 0 2 0 0 2 2 2 1 0 2 0 0 2 1 0 2 2 1 2 1 2 2 0 0 2 1 0 1 1 1 0 0 2 2 2 1 0
-0.87730135479588 0.176294253527502 -0.52914722911505 -1.33600711225161 -0.0623344307122727 -1 2 2 2 0 1 0 2 0 1 1 1 1 0 1 2 1 1 2 1 1 2 0 0 1 2 0 0 0 2 2 0 0 0 1 1 0 1 2 0 0 2 2 2 1 2 2 1 1 0 2 0 0 1 0 0 1 1 2 2 1 2 0 0 0 2 0 0 1 2 0 1 0 2 0 0 2 0 0 2 1 0 2 2 2 1 0 0 1 1 0 0 1 1 0 1 2 1 2 2 1 -2 -2 -2 0 -1 0 -2 0 -1 -1 -1 -1 0 -1 -2 -1 -1 -2 -1 -1 -2 0 0 -1 -2 0 0 0 -2 -2 0 0 0 -1 -1 0 -1 -2 0 0 -2 -2 -2 -1 -2 -2 -1 -1 0 -2 0 0 -1 0 0 -1 -1 -2 -2 -1 -2 0 0 0 -2 0 0 -1 -2 0 -1 0 -2 0 0 -2 0 0 -2 -1 0 -2 -2 -2 -1 0 0 -1 -1 0 0 -1 -1 0 -1 -2 -1 -2 -2 -1
0.576419217706518 1.0215976798911 0.772016514856879 0.650899074880027 1.35694764223376 1 2 2 1 1 2 0 1 0 1 0 0 1 2 2 2 1 1 2 2 1 2 2 1 2 2 1 2 0 2 2 1 0 1 1 0 0 2 2 0 0 1 1 2 1 2 2 2 0 0 2 2 0 1 0 1 2 2 2 2 1 1 0 0 0 1 0 0 0 1 2 2 0 2 1 0 2 1 0 2 1 0 1 1 0 1 0 0 0 1 2 2 1 2 1 2 2 1 0 0 0 2 2 1 1 2 0 1 0 1 0 0 1 2 2 2 1 1 2 2 1 2 2 1 2 2 1 2 0 2 2 1 0 1 1 0 0 2 2 0 0 1 1 2 1 2 2 2 0 0 2 2 0 1 0 1 2 2 2 2 1 1 0 0 0 1 0 0 0 1 2 2 0 2 1 0 2 1 0 2 1 0 1 1 0 1 0 0 0 1 2 2 1 2 1 2 2 1 0 0 0
1.1064954031613 0.36009113636181 -0.564103282791865 -1.32540272995774 -2.82286633415852 1 2 2 2 0 2 0 1 0 0 0 0 0 0 0 2 1 0 1 0 2 2 1 0 0 2 1 1 0 1 2 1 0 1 1 1 0 1 0 1 0 1 2 2 1 2 2 1 2 0 1 2 1 1 0 0 2 2 2 2 0 2 1 0 0 0 0 0 2 2 2 2 0 2 1 0 2 0 1 2 0 0 1 1 2 1 0 0 1 2 2 2 2 1 1 1 2 1 2 1 1 2 2 2 0 2 0 1 0 0 0 0 0 0 0 2 1 0 1 0 2 2 1 0 0 2 1 1 0 1 2 1 0 1 1 1 0 1 0 1 0 1 2 2 1 2 2 1 2 0 1 2 1 1 0 0 2 2 2 2 0 2 1 0 0 0 0 0 2 2 2 2 0 2 1 0 2 0 1 2 0 0 1 1 2 1 0 0 1 2 2 2 2 1 1 1 2 1 2 1 1
-0.518011107539304 -1.9653828013425 0.193594749306346 -0.229710120906972 0.765226464152767 1 2 2 1 0 0 0 1 0 1 2 2 0 0 0 2 0 0 1 0 1 1 2 1 1 2 2 1 0 1 2 1 0 1 1 1 1 1 1 0 0 1 2 2 0 2 1 1 1 0 2 1 1 1 0 0 1 1 2 1 0 1 1 2 0 1 0 0 1 1 0 2 0 2 2 0 2 0 0 2 2 1 1 2 2 2 0 0 1 1 2 2 2 2 1 1 2 1 0 0 0 2 2 1 0 0 0 1 0 1 2 2 0 0 0 2 0 0 1 0 1 1 2 1 1 2 2 1 0 1 2 1 0 1 1 1 1 1 1 0 0 1 2 2 0 2 1 1 1 0 2 1 1 1 0 0 1 1 2 1 0 1 1 2 0 1 0 0 1 1 0 2 0 2 2 0 2 0 0 2 2 1 1 2 2 2 0 0 1 1 2 2 2 2 1 1 2 1 0 0 0
-0.652491059059044 0.204631539270942 0.811327501154047 0.0125990780295333 0.119671963415457 -1 2 2 1 0 1 0 1 0 1 1 0 0 1 2 2 0 0 1 0 0 0 0 0 0 2 0 1 0 0 1 0 0 2 2 1 0 2 2 0 0 1 2 2 1 2 2 2 2 0 2 1 0 1 0 0 2 2 2 2 1 1 0 0 0 2 0 0 1 0 0 1 0 2 1 0 1 0 0 2 1 1 1 2 0 1 1 0 1 1 2 2 2 2 0 1 1 1 0 1 0 -2 -2 -1 0 -1 0 -1 0 -1 -1 0 0 -1 -2 -2 0 0 -1 0 0 0 0 0 0 -2 0 -1 0 0 -1 0 0 -2 -2 -1 0 -2 -2 0 0 -1 -2 -2 -1 -2 -2 -2 -2 0 -2 -1 0 -1 0 0 -2 -2 -2 -2 -1 -1 0 0 0 -2 0 0 -1 0 0 -1 0 -2 -1 0 -1 0 0 -2 -1 -1 -1 -2 0 -1 -1 0 -1 -1 -2 -2 -2 -2 0 -1 -1 -1 0 -1 0
0.668059911790645 0.426177329883127 2.97274680977053 0.6132539300841 -0.371436839955894 -1 1 1 1 0 2 1 2 0 1 0 1 0 1 1 2 1 0 2 1 0 1 2 0 0 2 0 1 0 2 2 0 0 2 0 0 0 2 2 0 0 2 2 2 0 2 2 2 2 0 2 1 1 1 1 1 2 2 2 2 0 2 1 1 0 1 0 0 2 2 1 2 0 2 0 0 2 0 1 2 2 1 2 2 2 2 1 0 0 0 0 0 0 1 0 1 2 0 0 0 0 -1 -1 -1 0 -2 -1 -2 0 -1 0 -1 0 -1 -1 -2 -1 0 -2 -1 0 -1 -2 0 0 -2 0 -1 0 -2 -2 0 0 -2 0 0 0 -2 -2 0 0 -2 -2 -2 0 -2 -2 -2 -2 0 -2 -1 -1 -1 -1 -1 -2 -2 -2 -2 0 -2 -1 -1 0 -1 0 0 -2 -2 -1 -2 0 -2 0 0 -2 0 -1 -2 -2 -1 -2 -2 -2 -2 -1 0 0 0 0 0 0 -1 0 -1 -2 0 0 0 0
1.51235098070794 -0.419361789138341 -1.4238205638326 0.718446237851959 0.808102481152045 -1 0 2 1 0 1 0 2 0 0 1 1 0 1 1 1 0 0 2 0 0 1 0 0 0 1 0 0 0 2 2 1 0 0 1 1 0 2 2 0 1 2 2 2 0 2 0 0 2 0 2 2 0 0 0 0 0 1 1 2 0 2 0 0 0 2 0 0 1 2 0 1 0 2 0 0 2 0 0 2 0 0 2 2 1 2 1 0 0 1 1 2 2 1 1 1 2 2 1 0 0 0 -2 -1 0 -1 0 -2 0 0 -1 -1 0 -1 -1 -1 0 0 -2 0 0 -1 0 0 0 -1 0 0 0 -2 -2 -1 0 0 -1 -1 0 -2 -2 0 -1 -2 -2 -2 0 -2 0 0 -2 0 -2 -2 0 0 0 0 0 -1 -1 -2 0 -2 0 0 0 -2 0 0 -1 -2 0 -1 0 -2 0 0 -2 0 0 -2 0 0 -2 -2 -1 -2 -1 0 0 -1 -1 -2 -2 -1 -1 -1 -2 -2 -1 0 0
-0.611638689544412 -0.127031301953649 -0.600669940396895 -0.449870517978565 0.381396942992493 -1 2 2 1 0 1 0 1 0 0 0 0 0 0 2 2 2 0 1 0 0 1 1 1 2 2 0 0 0 0 1 0 0 1 1 0 0 2 2 0 0 1 1 2 0 1 1 0 1 1 2 1 0 1 0 0 2 1 1 1 0 1 0 1 0 2 0 0 1 1 0 1 0 1 0 0 2 0 0 2 1 2 2 2 1 1 0 0 2 2 2 2 2 2 1 2 2 2 2 0 0 -2 -2 -1 0 -1 0 -1 0 0 0 0 0 0 -2 -2 -2 0 -1 0 0 -1 -1 -1 -2 -2 0 0 0 0 -1 0 0 -1 -1 0 0 -2 -2 0 0 -1 -1 -2 0 -1 -1 0 -1 -1 -2 -1 0 -1 0 0 -2 -1 -1 -1 0 -1 0 -1 0 -2 0 0 -1 -1 0 -1 0 -1 0 0 -2 0 0 -2 -1 -2 -2 -2 -1 -1 0 0 -2 -2 -2 -2 -2 -2 -1 -2 -2 -2 -2 0 0
1.62678206032979 0.479613988092623 -0.0699170429142068 -0.808897651514841 -1.14818845564383 -1 1 2 1 0 2 1 2 0 2 0 1 0 0 1 2 0 0 1 1 0 1 1 1 1 1 0 0 0 1 2 1 2 2 1 1 1 1 2 0 0 2 2 2 1 1 0 0 0 0 2 1 1 0 0 1 2 2 2 2 0 1 1 0 0 1 0 0 1 2 1 1 0 2 1 1 2 0 0 2 1 1 2 2 1 2 1 0 1 1 1 1 2 1 0 2 2 1 1 1 0 -1 -2 -1 0 -2 -1 -2 0 -2 0 -1 0 0 -1 -2 0 0 -1 -1 0 -1 -1 -1 -1 -1 0 0 0 -1 -2 -1 -2 -2 -1 -1 -1 -1 -2 0 0 -2 -2 -2 -1 -1 0 0 0 0 -2 -1 -1 0 0 -1 -2 -2 -2 -2 0 -1 -1 0 0 -1 0 0 -1 -2 -1 -1 0 -2 -1 -1 -2 0 0 -2 -1 -1 -2 -2 -1 -2 -1 0 -1 -1 -1 -1 -2 -1 0 -2 -2 -1 -1 -1 0
0.359839759937403 -2.4679772488477 -0.957038260399655 0.504954973677331 -0.937172064837966 1 1 0 0 0 1 0 2 0 0 0 0 0 0 1 2 0 0 1 0 2 2 2 1 2 2 1 1 0 1 2 0 0 0 0 1 0 2 2 0 0 1 2 2 0 1 1 1 0 0 1 2 1 1 0 0 2 2 2 2 1 2 1 1 0 1 0 1 2 2 2 2 1 2 1 1 2 0 0 2 2 1 2 2 1 1 0 1 1 2 1 0 0 1 0 1 2 2 1 1 1 1 0 0 0 1 0 2 0 0 0 0 0 0 1 2 0 0 1 0 2 2 2 1 2 2 1 1 0 1 2 0 0 0 0 1 0 2 2 0 0 1 2 2 0 1 1 1 0 0 1 2 1 1 0 0 2 2 2 2 1 2 1 1 0 1 0 1 2 2 2 2 1 2 1 1 2 0 0 2 2 1 2 2 1 1 0 1 1 2 1 0 0 1 0 1 2 2 1 1 1
2.0983868170859 0.124059779703315 2.6852123785542 0.668014402771391 -0.110487046097705 1 2 2 2 1 1 0 0 0 1 0 0 0 0 1 2 1 0 0 0 1 2 1 1 1 2 1 0 0 1 2 1 1 1 1 1 1 1 0 0 0 2 2 2 1 2 1 1 1 0 2 2 0 1 0 0 2 2 0 2 2 2 0 1 0 0 0 0 0 2 1 1 1 2 1 1 2 0 1 2 1 0 2 1 0 2 1 0 2 2 2 1 1 2 0 0 2 2 1 0 0 2 2 2 1 1 0 0 0 1 0 0 0 0 1 2 1 0 0 0 1 2 1 1 1 2 1 0 0 1 2 1 1 1 1 1 1 1 0 0 0 2 2 2 1 2 1 1 1 0 2 2 0 1 0 0 2 2 0 2 2 2 0 1 0 0 0 0 0 2 1 1 1 2 1 1 2 0 1 2 1 0 2 1 0 2 1 0 2 2 2 1 1 2 0 0 2 2 1 0 0
0.271148439254249 1.46415514157287 -0.470461110705916 -0.0403988507029479 1.35206718788502 1 1 2 1 0 0 0 2 1 2 1 0 0 0 0 1 0 0 1 0 1 1 0 1 1 2 0 0 0 0 1 0 1 2 1 2 2 2 2 0 0 0 2 2 0 1 1 2 2 1 2 2 0 2 0 0 2 2 2 2 1 2 0 0 0 2 0 0 1 2 2 2 0 2 1 1 2 0 1 2 1 0 2 2 2 2 0 0 0 1 1 1 2 2 0 1 2 1 2 1 0 1 2 1 0 0 0 2 1 2 1 0 0 0 0 1 0 0 1 0 1 1 0 1 1 2 0 0 0 0 1 0 1 2 1 2 2 2 2 0 0 0 2 2 0 1 1 2 2 1 2 2 0 2 0 0 2 2 2 2 1 2 0 0 0 2 0 0 1 2 2 2 0 2 1 1 2 0 1 2 1 0 2 2 2 2 0 0 0 1 1 1 2 2 0 1 2 1 2 1 0
-0.109695390756975 -2.60558221121467 0.0464616658437514 -0.859133048092794 0.696766394445146 1 1 2 0 1 1 0 1 0 1 0 0 0 0 1 2 0 0 1 1 0 1 1 0 2 2 1 0 0 2 2 0 0 1 2 1 1 1 1 0 0 0 1 2 0 1 1 2 1 0 2 2 2 2 0 0 1 2 2 2 1 2 0 1 0 0 0 0 0 1 0 0 0 2 1 0 2 0 0 2 1 0 2 2 2 2 0 0 1 1 1 1 0 0 0 0 1 0 0 1 2 1 2 0 1 1 0 1 0 1 0 0 0 0 1 2 0 0 1 1 0 1 1 0 2 2 1 0 0 2 2 0 0 1 2 1 1 1 1 0 0 0 1 2 0 1 1 2 1 0 2 2 2 2 0 0 1 2 2 2 1 2 0 1 0 0 0 0 0 1 0 0 0 2 1 0 2 0 0 2 1 0 2 2 2 2 0 0 1 1 1 1 0 0 0 0 1 0 0 1 2
0.408168795047396 -0.454182429486198 -0.456268348527682 1.76414161011268 0.657222648011204 1 1 2 0 0 0 0 1 0 2 1 2 0 0 1 1 0 0 1 0 2 2 2 1 2 2 0 0 0 0 1 0 0 0 0 0 0 2 1 0 0 0 2 2 1 2 0 2 2 0 2 1 0 1 0 0 1 1 2 2 2 2 2 1 0 1 0 0 2 1 1 2 2 2 1 0 2 1 2 2 1 1 2 1 1 2 0 0 0 0 1 1 1 1 0 0 1 0 0 1 0 1 2 0 0 0 0 1 0 2 1 2 0 0 1 1 0 0 1 0 2 2 2 1 2 2 0 0 0 0 1 0 0 0 0 0 0 2 1 0 0 0 2 2 1 2 0 2 2 0 2 1 0 1 0 0 1 1 2 2 2 2 2 1 0 1 0 0 2 1 1 2 2 2 1 0 2 1 2 2 1 1 2 1 1 2 0 0 0 0 1 1 1 1 0 0 1 0 0 1 0
-0.461009585750004 -2.39428080324537 -1.17032695097386 -0.179760315415312 -0.184152698210429 1 2 2 2 0 2 0 2 1 2 0 1 0 0 1 2 0 0 1 0 2 2 2 0 2 2 0 0 0 0 1 0 0 1 2 1 1 1 2 0 0 1 1 2 0 1 0 1 1 0 2 1 0 0 0 0 2 0 1 2 0 1 1 1 1 1 0 0 1 1 0 1 1 2 1 0 2 0 0 2 2 0 2 2 2 2 1 0 1 1 0 0 1 2 0 0 2 1 0 0 0 2 2 2 0 2 0 2 1 2 0 1 0 0 1 2 0 0 1 0 2 2 2 0 2 2 0 0 0 0 1 0 0 1 2 1 1 1 2 0 0 1 1 2 0 1 0 1 1 0 2 1 0 0 0 0 2 0 1 2 0 1 1 1 1 1 0 0 1 1 0 1 1 2 1 0 2 0 0 2 2 0 2 2 2 2 1 0 1 1 0 0 1 2 0 0 2 1 0 0 0
-0.518647401225863 0.329682636670939 0.906847798263738 -1.02102686080887 1.0280941964594 1 1 2 1 0 2 0 2 0 1 1 0 0 1 1 2 2 0 2 0 1 1 0 1 2 2 0 1 0 1 2 1 0 0 2 1 1 0 1 0 0 2 2 2 0 1 1 0 1 0 2 2 0 0 0 0 2 2 1 2 0 1 0 0 0 2 0 0 1 1 2 2 0 2 0 0 2 1 1 2 2 0 2 1 2 2 0 0 1 2 2 1 1 1 0 0 2 2 1 0 0 1 2 1 0 2 0 2 0 1 1 0 0 1 1 2 2 0 2 0 1 1 0 1 2 2 0 1 0 1 2 1 0 0 2 1 1 0 1 0 0 2 2 2 0 1 1 0 1 0 2 2 0 0 0 0 2 2 1 2 0 1 0 0 0 2 0 0 1 1 2 2 0 2 0 0 2 1 1 2 2 0 2 1 2 2 0 0 1 2 2 1 1 1 0 0 2 2 1 0 0
1.01822306897165 -1.19918397555505 0.879724734522334 -0.632073087459296 0.308381505879879 -1 1 2 1 0 2 0 2 1 2 0 0 1 2 2 2 0 0 2 1 0 2 2 1 1 2 0 0 0 2 2 1 0 0 1 1 1 2 2 0 0 0 1 2 0 2 0 2 1 0 1 1 0 1 0 0 2 2 2 2 1 2 1 1 0 1 0 1 2 2 2 2 0 1 0 0 2 0 0 2 1 1 2 1 1 2 1 0 0 2 1 2 1 1 0 0 1 1 1 1 1 -1 -2 -1 0 -2 0 -2 -1 -2 0 0 -1 -2 -2 -2 0 0 -2 -1 0 -2 -2 -1 -1 -2 0 0 0 -2 -2 -1 0 0 -1 -1 -1 -2 -2 0 0 0 -1 -2 0 -2 0 -2 -1 0 -1 -1 0 -1 0 0 -2 -2 -2 -2 -1 -2 -1 -1 0 -1 0 -1 -2 -2 -2 -2 0 -1 0 0 -2 0 0 -2 -1 -1 -2 -1 -1 -2 -1 0 0 -2 -1 -2 -1 -1 0 0 -1 -1 -1 -1 -1
-0.856129590076016 -0.222919524510868 -1.37865327877783 1.17501100802625 0.0950057584372396 -1 1 2 0 0 2 0 2 2 2 1 2 1 1 1 2 2 0 2 2 0 1 0 0 1 2 1 1 0 1 2 0 0 1 1 0 0 2 2 0 0 1 2 2 1 2 2 2 1 0 2 1 1 1 1 0 1 1 2 2 0 1 0 0 0 2 0 0 1 1 0 2 2 2 1 0 1 0 1 2 0 0 2 2 2 2 1 1 1 2 2 2 1 1 0 0 2 0 0 0 0 -1 -2 0 0 -2 0 -2 -2 -2 -1 -2 -1 -1 -1 -2 -2 0 -2 -2 0 -1 0 0 -1 -2 -1 -1 0 -1 -2 0 0 -1 -1 0 0 -2 -2 0 0 -1 -2 -2 -1 -2 -2 -2 -1 0 -2 -1 -1 -1 -1 0 -1 -1 -2 -2 0 -1 0 0 0 -2 0 0 -1 -1 0 -2 -2 -2 -1 0 -1 0 -1 -2 0 0 -2 -2 -2 -2 -1 -1 -1 -2 -2 -2 -1 -1 0 0 -2 0 0 0 0
-0.00628783746950531 -1.44258003939971 0.196157306549033 1.24236073644368 -1.81015711747528 1 1 2 1 0 2 0 1 1 2 0 1 1 1 1 2 2 0 2 2 1 2 2 1 2 2 0 0 0 1 2 1 1 2 1 0 0 0 1 0 0 0 0 2 0 1 0 0 0 0 1 1 1 1 0 2 2 2 0 2 1 1 0 0 0 2 0 1 2 2 1 1 0 2 0 0 1 0 0 2 0 0 2 2 2 2 0 0 2 2 2 2 2 2 2 1 2 2 2 1 0 1 2 1 0 2 0 1 1 2 0 1 1 1 1 2 2 0 2 2 1 2 2 1 2 2 0 0 0 1 2 1 1 2 1 0 0 0 1 0 0 0 0 2 0 1 0 0 0 0 1 1 1 1 0 2 2 2 0 2 1 1 0 0 0 2 0 1 2 2 1 1 0 2 0 0 1 0 0 2 0 0 2 2 2 2 0 0 2 2 2 2 2 2 2 1 2 2 2 1 0
-0.310778377512417 0.487606822656163 -0.336136557838897 0.0580839816478772 1.60028236031023 1 2 2 2 2 2 0 1 0 1 1 1 0 0 0 2 0 0 1 0 1 2 1 1 1 2 0 0 0 0 2 0 0 0 0 1 0 2 1 0 0 1 2 2 0 1 2 1 1 0 2 1 0 1 0 0 2 2 2 2 1 2 1 1 1 2 0 1 1 2 0 0 0 2 1 0 2 1 1 2 2 0 2 2 1 2 2 0 1 1 2 2 1 1 0 0 2 0 0 1 1 2 2 2 2 2 0 1 0 1 1 1 0 0 0 2 0 0 1 0 1 2 1 1 1 2 0 0 0 0 2 0 0 0 0 1 0 2 1 0 0 1 2 2 0 1 2 1 1 0 2 1 0 1 0 0 2 2 2 2 1 2 1 1 1 2 0 1 1 2 0 0 0 2 1 0 2 1 1 2 2 0 2 2 1 2 2 0 1 1 2 2 1 1 0 0 2 0 0 1 1
2.58746597002827 2.19418485329523 -0.215958875034184 0.389836822089021 1.45401872851411 -1 2 2 1 0 0 0 1 0 2 0 1 0 0 0 1 1 1 1 0 1 1 1 0 1 1 0 1 0 0 2 0 0 0 1 1 1 2 2 1 0 1 1 1 0 0 2 1 2 0 2 2 1 1 0 0 2 2 2 2 0 2 0 0 0 1 0 1 2 2 1 2 0 2 1 0 2 0 1 2 0 0 1 1 2 2 1 0 2 2 1 2 2 1 0 0 2 2 2 1 1 -2 -2 -1 0 0 0 -1 0 -2 0 -1 0 0 0 -1 -1 -1 -1 0 -1 -1 -1 0 -1 -1 0 -1 0 0 -2 0 0 0 -1 -1 -1 -2 -2 -1 0 -1 -1 -1 0 0 -2 -1 -2 0 -2 -2 -1 -1 0 0 -2 -2 -2 -2 0 -2 0 0 0 -1 0 -1 -2 -2 -1 -2 0 -2 -1 0 -2 0 -1 -2 0 0 -1 -1 -2 -2 -1 0 -2 -2 -1 -2 -2 -1 0 0 -2 -2 -2 -1 -1
-0.185541719845269 0.84653066904294 -0.062308458189972 0.443294185889661 0.419344710188179 1 1 2 1 0 0 0 2 0 1 0 0 0 0 0 2 1 0 1 1 0 2 1 1 2 2 0 0 0 0 2 1 0 1 1 0 0 1 2 0 0 1 2 2 0 2 1 2 1 0 2 1 1 2 0 1 1 2 2 1 0 1 0 0 0 1 0 0 0 0 0 1 1 2 0 0 1 0 1 2 1 1 1 2 1 1 0 0 1 1 1 0 0 1 1 0 2 0 0 0 0 1 2 1 0 0 0 2 0 1 0 0 0 0 0 2 1 0 1 1 0 2 1 1 2 2 0 0 0 0 2 1 0 1 1 0 0 1 2 0 0 1 2 2 0 2 1 2 1 0 2 1 1 2 0 1 1 2 2 1 0 1 0 0 0 1 0 0 0 0 0 1 1 2 0 0 1 0 1 2 1 1 1 2 1 1 0 0 1 1 1 0 0 1 1 0 2 0 0 0 0
0.578094919427454 -1.97867723948314 -0.489684911608973 0.806904796543932 -1.52229418228624 1 2 2 0 0 1 0 2 1 2 0 0 0 0 0 2 1 0 2 1 1 2 2 1 1 2 0 0 0 1 2 1 1 1 2 1 2 2 1 0 0 0 2 1 0 0 0 0 0 0 1 2 1 1 0 1 1 0 2 1 1 2 1 0 0 2 0 1 2 2 1 1 1 2 2 0 2 0 0 2 2 1 2 2 2 2 1 1 0 1 1 1 1 2 0 0 2 1 1 0 0 2 2 0 0 1 0 2 1 2 0 0 0 0 0 2 1 0 2 1 1 2 2 1 1 2 0 0 0 1 2 1 1 1 2 1 2 2 1 0 0 0 2 1 0 0 0 0 0 0 1 2 1 1 0 1 1 0 2 1 1 2 1 0 0 2 0 1 2 2 1 1 1 2 2 0 2 0 0 2 2 1 2 2 2 2 1 1 0 1 1 1 1 2 0 0 2 1 1 0 0
-1.2065096276579 -0.650019886220618 0.472629573279566 0.463353411799013 0.365529917814822 -1 1 2 1 0 2 0 2 0 1 0 1 0 1 2 2 1 0 0 0 0 1 0 0 0 2 1 1 0 1 2 0 0 0 0 0 1 2 1 0 0 1 2 2 0 2 2 2 1 1 2 1 0 1 0 1 2 2 1 2 0 2 1 2 0 2 0 0 0 0 0 0 0 2 0 0 2 1 1 2 1 0 2 2 1 2 1 0 1 2 2 2 1 2 1 1 2 1 2 0 0 -1 -2 -1 0 -2 0 -2 0 -1 0 -1 0 -1 -2 -2 -1 0 0 0 0 -1 0 0 0 -2 -1 -1 0 -1 -2 0 0 0 0 0 -1 -2 -1 0 0 -1 -2 -2 0 -2 -2 -2 -1 -1 -2 -1 0 -1 0 -1 -2 -2 -1 -2 0 -2 -1 -2 0 -2 0 0 0 0 0 0 0 -2 0 0 -2 -1 -1 -2 -1 0 -2 -2 -1 -2 -1 0 -1 -2 -2 -2 -1 -2 -1 -1 -2 -1 -2 0 0
0.00881421339659301 1.72770249789278 1.26026247931832 0.830386248453946 1.36339255208381 -1 2 2 1 0 2 0 1 0 1 0 0 0 1 2 2 1 0 1 0 1 1 0 1 2 2 1 0 0 1 2 0 0 1 1 0 1 2 2 2 1 2 2 2 1 2 2 2 2 0 2 1 0 0 0 0 1 1 2 2 1 1 1 0 0 2 0 1 2 2 0 0 0 2 0 0 2 1 1 2 1 0 2 2 2 2 0 0 2 2 1 1 0 1 0 0 2 0 0 0 0 -2 -2 -1 0 -2 0 -1 0 -1 0 0 0 -1 -2 -2 -1 0 -1 0 -1 -1 0 -1 -2 -2 -1 0 0 -1 -2 0 0 -1 -1 0 -1 -2 -2 -2 -1 -2 -2 -2 -1 -2 -2 -2 -2 0 -2 -1 0 0 0 0 -1 -1 -2 -2 -1 -1 -1 0 0 -2 0 -1 -2 -2 0 0 0 -2 0 0 -2 -1 -1 -2 -1 0 -2 -2 -2 -2 0 0 -2 -2 -1 -1 0 -1 0 0 -2 0 0 0 0
-0.762023012080853 -0.759773064779138 -0.387138267358627 0.937151271237259 -0.186642724491376 -1 1 2 1 0 2 0 2 0 0 0 0 0 0 0 2 0 0 1 1 1 2 1 1 2 2 0 1 0 0 2 0 0 0 2 2 1 2 1 0 0 1 2 2 0 2 1 0 1 0 1 2 0 1 0 1 2 2 1 1 0 2 0 1 0 1 0 0 1 0 0 0 0 2 1 1 2 0 1 2 2 2 2 2 2 2 1 0 0 1 0 2 1 1 0 0 2 2 0 0 0 -1 -2 -1 0 -2 0 -2 0 0 0 0 0 0 0 -2 0 0 -1 -1 -1 -2 -1 -1 -2 -2 0 -1 0 0 -2 0 0 0 -2 -2 -1 -2 -1 0 0 -1 -2 -2 0 -2 -1 0 -1 0 -1 -2 0 -1 0 -1 -2 -2 -1 -1 0 -2 0 -1 0 -1 0 0 -1 0 0 0 0 -2 -1 -1 -2 0 -1 -2 -2 -2 -2 -2 -2 -2 -1 0 0 -1 0 -2 -1 -1 0 0 -2 -2 0 0 0
-0.131632788530635 0.789468849191352 -0.28746912472312 -0.255593728159821 1.05053810754459 1 2 2 1 0 2 0 1 0 1 0 0 0 0 1 2 1 1 2 1 1 2 1 0 1 2 0 0 0 1 2 1 0 1 1 0 0 1 1 0 0 1 2 2 0 1 1 1 0 0 2 2 1 0 0 0 1 1 2 2 0 1 0 2 0 1 0 0 1 2 1 2 0 2 1 1 2 0 1 2 1 0 1 2 1 0 0 0 2 2 1 2 1 2 0 2 2 1 2 1 2 2 2 1 0 2 0 1 0 1 0 0 0 0 1 2 1 1 2 1 1 2 1 0 1 2 0 0 0 1 2 1 0 1 1 0 0 1 1 0 0 1 2 2 0 1 1 1 0 0 2 2 1 0 0 0 1 1 2 2 0 1 0 2 0 1 0 0 1 2 1 2 0 2 1 1 2 0 1 2 1 0 1 2 1 0 0 0 2 2 1 2 1 2 0 2 2 1 2 1 2
-0.0996897482994371 -0.599425020666492 1.24744162006974 -0.906769877703087 -0.952036677616256 -1 2 2 1 1 2 0 2 0 0 0 0 0 0 1 1 0 0 2 1 1 2 1 0 2 2 0 1 0 1 2 1 0 1 1 1 0 2 1 0 0 1 1 2 1 2 2 2 2 0 1 1 0 0 0 0 2 2 2 2 1 2 1 1 0 2 0 2 2 1 0 2 0 2 0 0 2 2 1 1 1 1 2 2 1 1 1 0 2 2 1 2 1 2 0 0 1 1 0 0 0 -2 -2 -1 -1 -2 0 -2 0 0 0 0 0 0 -1 -1 0 0 -2 -1 -1 -2 -1 0 -2 -2 0 -1 0 -1 -2 -1 0 -1 -1 -1 0 -2 -1 0 0 -1 -1 -2 -1 -2 -2 -2 -2 0 -1 -1 0 0 0 0 -2 -2 -2 -2 -1 -2 -1 -1 0 -2 0 -2 -2 -1 0 -2 0 -2 0 0 -2 -2 -1 -1 -1 -1 -2 -2 -1 -1 -1 0 -2 -2 -1 -2 -1 -2 0 0 -1 -1 0 0 0
0.86519479896336 -0.513718919019229 -1.97478957863912 0.519428576511505 0.369488845260333 -1 1 1 1 0 1 0 1 0 2 0 1 0 0 1 1 0 0 1 2 2 2 0 0 2 2 0 1 0 1 2 0 0 0 1 1 2 2 2 1 0 0 2 2 1 1 0 1 0 0 1 1 0 0 0 0 1 0 1 2 0 1 1 2 2 2 1 2 2 2 1 2 2 2 2 1 2 1 1 2 1 1 2 2 2 2 2 0 1 2 2 2 1 2 0 0 2 1 0 0 0 -1 -1 -1 0 -1 0 -1 0 -2 0 -1 0 0 -1 -1 0 0 -1 -2 -2 -2 0 0 -2 -2 0 -1 0 -1 -2 0 0 0 -1 -1 -2 -2 -2 -1 0 0 -2 -2 -1 -1 0 -1 0 0 -1 -1 0 0 0 0 -1 0 -1 -2 0 -1 -1 -2 -2 -2 -1 -2 -2 -2 -1 -2 -2 -2 -2 -1 -2 -1 -1 -2 -1 -1 -2 -2 -2 -2 -2 0 -1 -2 -2 -2 -1 -2 0 0 -2 -1 0 0 0
-1.39070680441034 -0.0491400472750858 0.857684535536944 0.0215224859148015 -0.0314097649549222 1 1 2 0 0 0 0 1 0 0 0 0 0 0 0 1 0 0 1 1 0 2 2 1 2 2 0 0 0 0 2 0 0 1 1 1 1 2 1 0 0 2 2 2 0 2 1 1 2 1 2 2 0 1 0 1 2 1 2 0 0 1 1 0 0 2 0 1 1 2 1 1 0 1 0 1 2 0 1 2 1 0 2 2 1 2 1 0 2 1 2 2 1 2 1 1 2 1 1 0 0 1 2 0 0 0 0 1 0 0 0 0 0 0 0 1 0 0 1 1 0 2 2 1 2 2 0 0 0 0 2 0 0 1 1 1 1 2 1 0 0 2 2 2 0 2 1 1 2 1 2 2 0 1 0 1 2 1 2 0 0 1 1 0 0 2 0 1 1 2 1 1 0 1 0 1 2 0 1 2 1 0 2 2 1 2 1 0 2 1 2 2 1 2 1 1 2 1 1 0 0
0.963919297665865 -0.990090488898926 0.598103518233252 1.86317752450823 2.24728592193294 1 2 2 1 0 1 0 0 0 0 0 1 0 0 1 2 2 1 2 2 1 2 1 0 1 2 0 1 0 0 2 0 0 0 1 1 0 1 2 0 0 0 1 2 0 2 2 2 1 0 2 2 1 1 0 1 2 1 1 2 1 2 0 0 0 2 0 0 0 1 1 2 1 2 1 0 1 0 0 2 0 0 2 2 1 2 0 0 2 2 2 1 1 1 0 1 2 1 0 0 0 2 2 1 0 1 0 0 0 0 0 1 0 0 1 2 2 1 2 2 1 2 1 0 1 2 0 1 0 0 2 0 0 0 1 1 0 1 2 0 0 0 1 2 0 2 2 2 1 0 2 2 1 1 0 1 2 1 1 2 1 2 0 0 0 2 0 0 0 1 1 2 1 2 1 0 1 0 0 2 0 0 2 2 1 2 0 0 2 2 2 1 1 1 0 1 2 1 0 0 0
0.213530885452306 0.605457871193363 0.16704956238758 0.523669223303925 1.71796720378612 -1 0 2 2 0 0 0 2 1 1 1 1 0 0 0 2 0 0 2 1 1 2 1 0 1 2 0 0 0 2 2 2 0 2 2 1 1 1 1 0 0 1 2 2 1 2 2 2 2 1 2 2 1 0 0 1 1 0 1 2 0 1 0 0 0 1 0 1 2 2 0 2 1 2 1 0 2 0 1 2 2 1 2 2 2 2 0 0 1 1 0 1 1 1 0 0 2 0 0 0 0 0 -2 -2 0 0 0 -2 -1 -1 -1 -1 0 0 0 -2 0 0 -2 -1 -1 -2 -1 0 -1 -2 0 0 0 -2 -2 -2 0 -2 -2 -1 -1 -1 -1 0 0 -1 -2 -2 -1 -2 -2 -2 -2 -1 -2 -2 -1 0 0 -1 -1 0 -1 -2 0 -1 0 0 0 -1 0 -1 -2 -2 0 -2 -1 -2 -1 0 -2 0 -1 -2 -2 -1 -2 -2 -2 -2 0 0 -1 -1 0 -1 -1 -1 0 0 -2 0 0 0 0
-0.923489361560395 0.0158310657165252 2.13559780630874 0.362807993355669 0.802203268561522 -1 1 2 1 0 1 0 1 0 0 0 0 0 0 0 2 1 0 2 1 2 2 2 0 1 2 2 2 0 1 2 0 1 1 1 1 2 2 1 0 0 2 2 2 0 1 1 0 1 0 2 2 0 0 0 1 2 2 2 1 0 1 0 0 0 0 0 0 1 0 0 2 0 2 1 0 2 0 0 2 1 0 2 2 2 1 0 0 1 0 1 0 1 1 0 0 2 1 1 0 0 -1 -2 -1 0 -1 0 -1 0 0 0 0 0 0 0 -2 -1 0 -2 -1 -2 -2 -2 0 -1 -2 -2 -2 0 -1 -2 0 -1 -1 -1 -1 -2 -2 -1 0 0 -2 -2 -2 0 -1 -1 0 -1 0 -2 -2 0 0 0 -1 -2 -2 -2 -1 0 -1 0 0 0 0 0 0 -1 0 0 -2 0 -2 -1 0 -2 0 0 -2 -1 0 -2 -2 -2 -1 0 0 -1 0 -1 0 -1 -1 0 0 -2 -1 -1 0 0
-0.43479433097935 0.457266395188101 0.629830181073883 0.463029778997982 0.0658127031667918 1 1 2 1 0 2 0 0 0 1 0 2 0 0 0 2 0 0 2 1 2 2 2 1 2 2 2 1 0 1 2 1 0 2 0 0 1 2 1 0 0 0 2 2 0 2 2 1 0 0 2 0 0 0 0 0 1 2 2 2 0 1 0 0 0 2 0 0 2 1 1 2 1 2 2 1 2 0 1 2 2 0 2 2 2 2 0 0 1 0 1 0 1 2 0 0 2 0 1 1 0 1 2 1 0 2 0 0 0 1 0 2 0 0 0 2 0 0 2 1 2 2 2 1 2 2 2 1 0 1 2 1 0 2 0 0 1 2 1 0 0 0 2 2 0 2 2 1 0 0 2 0 0 0 0 0 1 2 2 2 0 1 0 0 0 2 0 0 2 1 1 2 1 2 2 1 2 0 1 2 2 0 2 2 2 2 0 0 1 0 1 0 1 2 0 0 2 0 1 1 0
-0.394127041668979 -0.542602975687841 0.427747936467718 -1.19827030394754 -0.184125523160162 1 0 1 0 0 1 0 1 0 2 0 1 1 0 0 2 0 0 2 1 1 2 1 0 1 2 0 0 0 1 2 0 0 0 1 0 1 1 0 0 0 1 1 2 0 2 1 1 1 0 1 2 0 2 0 1 2 2 1 2 0 0 0 0 0 0 0 0 2 1 0 1 0 2 2 0 2 0 1 2 2 1 2 2 1 0 0 0 2 2 1 2 1 1 1 1 2 1 1 0 0 0 1 0 0 1 0 1 0 2 0 1 1 0 0 2 0 0 2 1 1 2 1 0 1 2 0 0 0 1 2 0 0 0 1 0 1 1 0 0 0 1 1 2 0 2 1 1 1 0 1 2 0 2 0 1 2 2 1 2 0 0 0 0 0 0 0 0 2 1 0 1 0 2 2 0 2 0 1 2 2 1 2 2 1 0 0 0 2 2 1 2 1 1 1 1 2 1 1 0 0
-2.19671341711279 -0.0283609616624675 0.530032879894233 0.936338232992259 -1.33383631859827 1 2 2 1 0 2 0 0 0 1 1 0 0 0 0 1 1 0 1 1 1 1 2 0 1 2 1 1 0 1 2 1 1 1 2 1 0 1 1 0 0 1 2 2 1 2 2 2 2 1 2 1 0 1 0 0 1 2 2 2 0 0 1 1 0 2 0 1 2 2 1 1 0 2 1 0 2 2 0 2 2 1 2 1 1 2 1 0 1 2 2 2 2 2 1 2 2 1 1 0 0 2 2 1 0 2 0 0 0 1 1 0 0 0 0 1 1 0 1 1 1 1 2 0 1 2 1 1 0 1 2 1 1 1 2 1 0 1 1 0 0 1 2 2 1 2 2 2 2 1 2 1 0 1 0 0 1 2 2 2 0 0 1 1 0 2 0 1 2 2 1 1 0 2 1 0 2 2 0 2 2 1 2 1 1 2 1 0 1 2 2 2 2 2 1 2 2 1 1 0 0
0.818430857775144 -0.557503193335677 -0.853357034552103 1.23114231576936 -0.615644536007571 1 1 2 1 0 2 1 2 0 1 1 2 0 0 0 2 0 0 0 2 0 1 2 0 2 2 0 1 0 1 2 1 1 2 2 1 1 2 1 0 0 2 2 2 0 0 1 1 0 0 2 1 1 1 1 1 2 1 1 1 0 1 0 0 0 2 0 1 1 2 1 2 0 2 1 1 2 1 1 2 1 0 1 1 1 2 0 0 1 2 1 2 2 2 1 0 2 2 2 0 0 1 2 1 0 2 1 2 0 1 1 2 0 0 0 2 0 0 0 2 0 1 2 0 2 2 0 1 0 1 2 1 1 2 2 1 1 2 1 0 0 2 2 2 0 0 1 1 0 0 2 1 1 1 1 1 2 1 1 1 0 1 0 0 0 2 0 1 1 2 1 2 0 2 1 1 2 1 1 2 1 0 1 1 1 2 0 0 1 2 1 2 2 2 1 0 2 2 2 0 0
0.43017680113796 -2.95524573508418 -0.790838572155675 -1.38187390086553 -0.944139200569714 1 1 2 1 0 1 0 1 0 1 0 0 0 1 1 2 1 0 2 2 2 2 1 0 1 2 0 0 0 1 1 0 0 1 1 0 0 1 2 0 1 2 2 2 0 2 0 1 1 0 2 2 0 0 0 1 1 1 2 2 0 1 0 0 0 1 0 1 2 2 1 2 0 2 0 0 1 1 1 2 1 1 2 2 2 1 0 0 1 0 2 1 0 1 1 1 2 1 1 0 0 1 2 1 0 1 0 1 0 1 0 0 0 1 1 2 1 0 2 2 2 2 1 0 1 2 0 0 0 1 1 0 0 1 1 0 0 1 2 0 1 2 2 2 0 2 0 1 1 0 2 2 0 0 0 1 1 1 2 2 0 1 0 0 0 1 0 1 2 2 1 2 0 2 0 0 1 1 1 2 1 1 2 2 2 1 0 0 1 0 2 1 0 1 1 1 2 1 1 0 0
1.96535102002487 1.99001581238406 0.0559218739537708 0.0104428161298198 -0.957532572768669 1 0 2 1 0 2 0 2 0 1 0 0 1 0 1 2 0 0 1 2 0 2 0 0 1 1 0 1 0 1 2 1 0 1 0 0 0 1 1 1 1 2 2 2 1 2 1 0 1 0 0 2 0 0 0 0 1 2 2 2 1 2 1 1 1 2 0 0 2 2 2 2 0 2 2 0 2 2 2 2 2 1 2 2 0 1 0 0 1 1 0 1 1 2 2 2 2 0 1 0 0 0 2 1 0 2 0 2 0 1 0 0 1 0 1 2 0 0 1 2 0 2 0 0 1 1 0 1 0 1 2 1 0 1 0 0 0 1 1 1 1 2 2 2 1 2 1 0 1 0 0 2 0 0 0 0 1 2 2 2 1 2 1 1 1 2 0 0 2 2 2 2 0 2 2 0 2 2 2 2 2 1 2 2 0 1 0 0 1 1 0 1 1 2 2 2 2 0 1 0 0
0.142040832639073 -0.295028044677609 -0.693682753156333 1.16758560479006 0.234643686720082 -1 1 2 2 1 2 0 2 1 2 0 0 0 0 0 2 1 0 1 0 2 2 1 0 1 2 0 1 0 1 2 0 0 0 0 0 0 2 2 1 0 2 2 2 0 2 0 1 1 0 2 1 0 1 0 0 2 2 2 2 0 1 0 1 0 2 0 0 0 1 0 0 0 2 1 1 2 1 1 1 1 0 2 2 1 2 2 0 0 0 1 2 1 2 1 0 2 1 2 1 0 -1 -2 -2 -1 -2 0 -2 -1 -2 0 0 0 0 0 -2 -1 0 -1 0 -2 -2 -1 0 -1 -2 0 -1 0 -1 -2 0 0 0 0 0 0 -2 -2 -1 0 -2 -2 -2 0 -2 0 -1 -1 0 -2 -1 0 -1 0 0 -2 -2 -2 -2 0 -1 0 -1 0 -2 0 0 0 -1 0 0 0 -2 -1 -1 -2 -1 -1 -1 -1 0 -2 -2 -1 -2 -2 0 0 0 -1 -2 -1 -2 -1 0 -2 -1 -2 -1 0
-0.0348261426594628 0.731097809817476 -1.18316410924771 -1.17106593362703 -0.595803093951604 -1 2 2 1 0 1 0 1 1 0 0 0 0 0 0 2 1 1 2 1 1 2 1 0 1 2 0 0 0 2 2 0 0 0 0 0 0 1 1 0 0 1 0 2 0 0 0 0 0 0 2 1 0 0 0 1 2 2 2 2 1 2 0 0 0 2 0 0 1 2 2 1 0 2 0 0 2 1 1 2 2 2 2 2 0 2 0 0 0 1 2 1 1 1 0 1 2 1 1 1 0 -2 -2 -1 0 -1 0 -1 -1 0 0 0 0 0 0 -2 -1 -1 -2 -1 -1 -2 -1 0 -1 -2 0 0 0 -2 -2 0 0 0 0 0 0 -1 -1 0 0 -1 0 -2 0 0 0 0 0 0 -2 -1 0 0 0 -1 -2 -2 -2 -2 -1 -2 0 0 0 -2 0 0 -1 -2 -2 -1 0 -2 0 0 -2 -1 -1 -2 -2 -2 -2 -2 0 -2 0 0 0 -1 -2 -1 -1 -1 0 -1 -2 -1 -1 -1 0
1.51500530915088 -1.1242424100555 -1.04067163766474 0.440013675829106 1.94592568799738 1 2 2 1 0 2 0 1 0 0 0 0 0 0 0 2 0 0 1 1 1 1 0 0 1 1 0 0 1 1 2 0 0 0 0 0 0 2 2 1 0 0 2 2 0 1 2 1 2 0 2 0 0 0 0 0 2 2 1 2 1 1 0 0 0 1 0 1 1 1 0 1 1 2 1 0 1 0 0 2 2 1 1 1 1 2 1 0 1 1 1 1 1 2 0 1 1 1 1 0 0 2 2 1 0 2 0 1 0 0 0 0 0 0 0 2 0 0 1 1 1 1 0 0 1 1 0 0 1 1 2 0 0 0 0 0 0 2 2 1 0 0 2 2 0 1 2 1 2 0 2 0 0 0 0 0 2 2 1 2 1 1 0 0 0 1 0 1 1 1 0 1 1 2 1 0 1 0 0 2 2 1 1 1 1 2 1 0 1 1 1 1 1 2 0 1 1 1 1 0 0
-2.01508526650173 0.474422071849335 -1.53849636154075 -0.142351827351237 -1.10436088608323 1 1 2 0 0 1 0 2 0 2 0 0 0 0 1 2 1 1 2 1 2 2 2 0 2 2 1 1 0 1 2 1 0 1 2 2 2 1 1 0 0 0 2 2 0 1 2 2 2 0 2 1 0 0 0 0 0 0 2 2 0 2 0 1 0 1 0 0 0 1 0 1 1 2 0 0 2 0 1 2 2 1 2 2 1 1 1 0 1 2 2 2 2 2 0 0 2 1 1 1 1 1 2 0 0 1 0 2 0 2 0 0 0 0 1 2 1 1 2 1 2 2 2 0 2 2 1 1 0 1 2 1 0 1 2 2 2 1 1 0 0 0 2 2 0 1 2 2 2 0 2 1 0 0 0 0 0 0 2 2 0 2 0 1 0 1 0 0 0 1 0 1 1 2 0 0 2 0 1 2 2 1 2 2 1 1 1 0 1 2 2 2 2 2 0 0 2 1 1 1 1
0.411347664689037 0.239290811235233 0.0934800731851782 0.425409343021481 -0.0268829856724321 -1 1 2 0 0 2 0 2 1 2 0 0 0 0 0 1 1 1 1 0 2 2 1 1 2 2 0 1 0 0 2 0 0 1 0 0 1 1 1 0 0 1 2 2 0 2 1 1 1 0 1 2 0 2 0 0 2 2 2 2 0 1 1 1 0 2 0 0 1 2 1 2 0 2 1 0 2 2 1 2 2 1 1 1 1 2 0 0 1 1 2 2 2 1 0 1 2 1 0 0 0 -1 -2 0 0 -2 0 -2 -1 -2 0 0 0 0 0 -1 -1 -1 -1 0 -2 -2 -1 -1 -2 -2 0 -1 0 0 -2 0 0 -1 0 0 -1 -1 -1 0 0 -1 -2 -2 0 -2 -1 -1 -1 0 -1 -2 0 -2 0 0 -2 -2 -2 -2 0 -1 -1 -1 0 -2 0 0 -1 -2 -1 -2 0 -2 -1 0 -2 -2 -1 -2 -2 -1 -1 -1 -1 -2 0 0 -1 -1 -2 -2 -2 -1 0 -1 -2 -1 0 0 0
0.342521546318521 1.53332881770659 0.138887395809643 0.203814234287965 -0.492942381334997 1 1 2 1 0 2 0 1 0 0 0 1 0 2 2 2 1 0 2 2 1 2 2 2 2 2 0 2 1 1 1 0 0 0 2 1 1 2 1 0 0 1 2 2 0 2 1 0 2 0 2 2 0 2 1 2 2 2 1 2 0 0 0 1 0 2 0 0 1 0 0 0 0 2 0 0 2 1 1 2 1 1 2 2 2 2 0 0 1 0 1 1 1 1 1 0 2 1 1 1 0 1 2 1 0 2 0 1 0 0 0 1 0 2 2 2 1 0 2 2 1 2 2 2 2 2 0 2 1 1 1 0 0 0 2 1 1 2 1 0 0 1 2 2 0 2 1 0 2 0 2 2 0 2 1 2 2 2 1 2 0 0 0 1 0 2 0 0 1 0 0 0 0 2 0 0 2 1 1 2 1 1 2 2 2 2 0 0 1 0 1 1 1 1 1 0 2 1 1 1 0
-0.687694957211791 -0.173600214668849 1.18696223612135 1.11902092782697 -0.690847038907431 -1 1 1 0 0 0 0 0 0 1 0 1 0 0 1 2 0 0 1 1 2 2 1 1 2 2 1 2 0 0 0 0 0 2 1 0 1 0 0 0 0 0 2 2 0 2 2 2 1 0 2 1 0 0 0 1 1 2 2 2 0 1 0 0 0 1 0 0 0 1 0 1 0 2 1 0 2 0 0 2 1 0 2 2 2 2 0 0 2 1 2 1 1 2 2 2 2 0 0 0 0 -1 -1 0 0 0 0 0 0 -1 0 -1 0 0 -1 -2 0 0 -1 -1 -2 -2 -1 -1 -2 -2 -1 -2 0 0 0 0 0 -2 -1 0 -1 0 0 0 0 0 -2 -2 0 -2 -2 -2 -1 0 -2 -1 0 0 0 -1 -1 -2 -2 -2 0 -1 0 0 0 -1 0 0 0 -1 0 -1 0 -2 -1 0 -2 0 0 -2 -1 0 -2 -2 -2 -2 0 0 -2 -1 -2 -1 -1 -2 -2 -2 -2 0 0 0 0
-0.138976577836215 0.614874497268655 0.245607451559216 -0.585000238639232 -0.0940672411102452 1 1 2 2 0 2 1 1 0 2 1 1 0 1 1 2 2 0 2 1 1 2 2 2 2 2 0 0 0 0 2 0 0 0 2 1 0 2 2 0 0 0 2 2 0 1 0 1 2 0 2 0 0 0 0 0 2 2 1 1 0 2 0 0 0 2 0 0 2 2 2 2 0 2 1 0 2 1 1 2 2 1 2 2 1 1 0 0 2 2 1 2 1 2 0 1 2 1 1 1 0 1 2 2 0 2 1 1 0 2 1 1 0 1 1 2 2 0 2 1 1 2 2 2 2 2 0 0 0 0 2 0 0 0 2 1 0 2 2 0 0 0 2 2 0 1 0 1 2 0 2 0 0 0 0 0 2 2 1 1 0 2 0 0 0 2 0 0 2 2 2 2 0 2 1 0 2 1 1 2 2 1 2 2 1 1 0 0 2 2 1 2 1 2 0 1 2 1 1 1 0
1.70144750211023 -0.938027407391769 -2.67154259548913 -0.604104085253392 0.894953383805086 -1 2 2 1 1 2 0 2 0 2 0 1 0 0 1 2 1 0 2 1 2 2 2 0 1 2 1 0 0 2 2 0 0 1 2 0 0 2 2 1 0 1 2 2 0 2 1 0 0 0 2 1 0 1 0 0 2 2 2 2 0 0 0 0 0 1 0 1 1 1 0 2 0 2 1 0 2 1 1 2 1 0 2 2 2 2 0 0 1 1 2 2 1 0 0 0 2 2 1 0 0 -2 -2 -1 -1 -2 0 -2 0 -2 0 -1 0 0 -1 -2 -1 0 -2 -1 -2 -2 -2 0 -1 -2 -1 0 0 -2 -2 0 0 -1 -2 0 0 -2 -2 -1 0 -1 -2 -2 0 -2 -1 0 0 0 -2 -1 0 -1 0 0 -2 -2 -2 -2 0 0 0 0 0 -1 0 -1 -1 -1 0 -2 0 -2 -1 0 -2 -1 -1 -2 -1 0 -2 -2 -2 -2 0 0 -1 -1 -2 -2 -1 0 0 0 -2 -2 -1 0 0
0.153041626919196 0.471542706747131 -0.322086245117454 -0.980958704420473 -0.473124195479814 -1 2 2 1 0 1 1 1 0 0 0 1 0 0 0 1 0 0 0 1 1 1 1 0 2 2 0 0 0 0 2 1 0 1 2 1 0 2 1 0 0 2 2 2 0 1 2 2 1 0 1 1 0 2 1 1 2 1 0 2 0 1 0 0 0 2 1 1 1 1 0 1 0 2 0 0 2 0 0 2 2 2 2 2 2 2 1 1 1 2 2 2 1 2 1 1 2 1 2 1 0 -2 -2 -1 0 -1 -1 -1 0 0 0 -1 0 0 0 -1 0 0 0 -1 -1 -1 -1 0 -2 -2 0 0 0 0 -2 -1 0 -1 -2 -1 0 -2 -1 0 0 -2 -2 -2 0 -1 -2 -2 -1 0 -1 -1 0 -2 -1 -1 -2 -1 0 -2 0 -1 0 0 0 -2 -1 -1 -1 -1 0 -1 0 -2 0 0 -2 0 0 -2 -2 -2 -2 -2 -2 -2 -1 -1 -1 -2 -2 -2 -1 -2 -1 -1 -2 -1 -2 -1 0
