1.68888962720255 0.189811405442082 2.58592231806267 -0.874090193962131 -0.343273821352997 1 0 1 2 2 2 0 0 0 2 2 1 1 1 0 1 2 1 2 0 2 2 1 1 2 2 2 1 0 0 2 0 1 1 1 0 1 1 1 1 1 0 2 1 1 1 1 2 2 1 1 0 0 0 1 1 0 2 2 0 1 2 2 1 0 2 2 2 1 0 2 2 2 2 2 0 0 2 2 2 2 2 2 2 0 1 1 0 0 0 1 0 2 2 2 2 1 0 2 1 1 0 1 2 2 2 0 0 0 2 2 1 1 1 0 1 2 1 2 0 2 2 1 1 2 2 2 1 0 0 2 0 1 1 1 0 1 1 1 1 1 0 2 1 1 1 1 2 2 1 1 0 0 0 1 1 0 2 2 0 1 2 2 1 0 2 2 2 1 0 2 2 2 2 2 0 0 2 2 2 2 2 2 2 0 1 1 0 0 0 1 0 2 2 2 2 1 0 2 1 1
-0.0439480040042658 0.24441628876913 -0.358788538216249 -0.391885608452936 -0.386022118772143 -1 0 2 2 1 2 0 0 0 1 2 1 2 0 0 2 2 2 2 0 2 1 0 0 2 1 0 1 1 0 1 0 1 2 2 0 1 2 2 1 1 1 2 2 2 1 1 2 1 0 1 0 2 0 2 2 0 2 2 0 1 2 1 1 0 2 0 1 0 0 1 0 0 1 2 0 0 0 1 1 2 2 2 2 1 1 1 0 0 0 1 0 1 2 2 1 0 0 2 1 2 0 -2 -2 -1 -2 0 0 0 -1 -2 -1 -2 0 0 -2 -2 -2 -2 0 -2 -1 0 0 -2 -1 0 -1 -1 0 -1 0 -1 -2 -2 0 -1 -2 -2 -1 -1 -1 -2 -2 -2 -1 -1 -2 -1 0 -1 0 -2 0 -2 -2 0 -2 -2 0 -1 -2 -1 -1 0 -2 0 -1 0 0 -1 0 0 -1 -2 0 0 0 -1 -1 -2 -2 -2 -2 -1 -1 -1 0 0 0 -1 0 -1 -2 -2 -1 0 0 -2 -1 -2
1.02023011573147 -0.634464497534809 0.0260613313302292 -0.830114363803286 -1.04212416822169 -1 1 0 1 1 2 0 0 0 0 2 1 1 1 0 0 1 2 1 0 1 2 1 0 1 1 0 1 0 1 2 0 0 2 1 0 0 0 0 0 0 0 2 1 0 0 1 2 2 0 1 0 0 2 2 2 1 2 2 0 0 1 0 0 0 1 1 2 1 0 1 0 0 1 2 1 0 2 2 2 1 2 1 1 1 1 1 1 0 0 0 0 1 1 2 1 1 0 1 1 2 -1 0 -1 -1 -2 0 0 0 0 -2 -1 -1 -1 0 0 -1 -2 -1 0 -1 -2 -1 0 -1 -1 0 -1 0 -1 -2 0 0 -2 -1 0 0 0 0 0 0 0 -2 -1 0 0 -1 -2 -2 0 -1 0 0 -2 -2 -2 -1 -2 -2 0 0 -1 0 0 0 -1 -1 -2 -1 0 -1 0 0 -1 -2 -1 0 -2 -2 -2 -1 -2 -1 -1 -1 -1 -1 -1 0 0 0 0 -1 -1 -2 -1 -1 0 -1 -1 -2
-0.37751860461105 0.0515246174763524 0.338067117655996 1.65730361982173 -0.97398871416298 1 1 1 2 0 2 0 0 0 1 2 0 1 0 0 0 1 1 2 0 2 0 0 0 1 0 0 2 1 1 2 0 1 2 2 0 1 1 1 0 0 0 2 1 0 0 0 2 2 0 1 0 0 0 1 1 0 2 2 0 1 2 2 0 0 2 2 2 0 0 1 0 0 1 2 0 0 0 2 1 1 2 1 2 1 1 1 1 0 0 2 1 2 2 2 1 0 0 1 1 1 1 1 2 0 2 0 0 0 1 2 0 1 0 0 0 1 1 2 0 2 0 0 0 1 0 0 2 1 1 2 0 1 2 2 0 1 1 1 0 0 0 2 1 0 0 0 2 2 0 1 0 0 0 1 1 0 2 2 0 1 2 2 0 0 2 2 2 0 0 1 0 0 1 2 0 0 0 2 1 1 2 1 2 1 1 1 1 0 0 2 1 2 2 2 1 0 0 1 1 1
0.275634970910924 -0.153698391205825 -0.0251296724251838 1.16300097351494 0.467960836825885 -1 1 2 2 2 2 0 0 0 2 2 2 1 0 0 1 2 2 2 0 1 1 0 0 1 1 0 1 0 0 2 0 0 2 1 0 2 1 1 0 1 0 1 1 1 1 2 2 2 0 0 0 0 0 2 2 0 2 2 0 0 0 0 1 1 1 1 2 2 1 2 0 0 1 2 1 0 1 1 2 2 2 2 1 2 2 1 0 0 0 1 0 2 1 1 0 0 1 1 1 1 -1 -2 -2 -2 -2 0 0 0 -2 -2 -2 -1 0 0 -1 -2 -2 -2 0 -1 -1 0 0 -1 -1 0 -1 0 0 -2 0 0 -2 -1 0 -2 -1 -1 0 -1 0 -1 -1 -1 -1 -2 -2 -2 0 0 0 0 0 -2 -2 0 -2 -2 0 0 0 0 -1 -1 -1 -1 -2 -2 -1 -2 0 0 -1 -2 -1 0 -1 -1 -2 -2 -2 -2 -1 -2 -2 -1 0 0 0 -1 0 -2 -1 -1 0 0 -1 -1 -1 -1
-1.28649530697196 0.123253091446622 -0.50610126519102 -1.55408116147497 1.07231136961612 1 1 2 2 2 2 0 0 0 1 2 2 2 1 0 0 2 2 2 1 2 1 1 0 2 1 0 2 2 2 2 0 1 1 1 0 1 0 1 0 1 1 2 1 1 0 0 2 2 1 2 1 1 0 1 2 0 2 2 0 0 2 1 1 0 2 1 2 1 0 2 0 0 2 2 1 1 2 2 1 2 2 1 1 1 2 2 1 0 1 2 1 2 2 1 1 1 0 1 1 2 1 2 2 2 2 0 0 0 1 2 2 2 1 0 0 2 2 2 1 2 1 1 0 2 1 0 2 2 2 2 0 1 1 1 0 1 0 1 0 1 1 2 1 1 0 0 2 2 1 2 1 1 0 1 2 0 2 2 0 0 2 1 1 0 2 1 2 1 0 2 0 0 2 2 1 1 2 2 1 2 2 1 1 1 2 2 1 0 1 2 1 2 2 1 1 1 0 1 1 2
-0.597301391110896 -0.165703796878861 0.0383337846721811 -0.836491559315746 0.0829433083151976 1 0 1 2 1 2 0 0 0 1 1 0 2 1 0 0 1 1 2 1 2 1 1 1 2 2 1 1 1 1 2 0 0 1 2 1 2 2 2 1 1 1 2 1 0 1 1 2 2 1 1 0 0 0 2 2 0 2 2 0 1 2 0 1 0 0 1 2 2 0 2 1 2 1 1 0 0 1 1 2 1 2 2 1 1 1 1 2 1 1 2 1 2 1 1 1 0 0 2 1 2 0 1 2 1 2 0 0 0 1 1 0 2 1 0 0 1 1 2 1 2 1 1 1 2 2 1 1 1 1 2 0 0 1 2 1 2 2 2 1 1 1 2 1 0 1 1 2 2 1 1 0 0 0 2 2 0 2 2 0 1 2 0 1 0 0 1 2 2 0 2 1 2 1 1 0 0 1 1 2 1 2 2 1 1 1 1 2 1 1 2 1 2 1 1 1 0 0 2 1 2
0.156668650414873 0.0722219831487501 0.861676155901965 -0.43212152252421 0.99795962522756 -1 0 0 2 0 2 0 0 0 2 1 0 1 1 0 2 2 2 2 0 1 1 1 0 1 2 1 1 0 0 1 0 0 1 2 0 1 2 1 1 1 1 2 2 1 2 1 1 2 0 1 0 0 0 2 2 0 2 2 0 0 1 2 1 1 2 1 2 2 1 1 1 1 2 1 0 0 1 2 1 2 2 1 1 0 1 0 1 0 0 2 1 2 2 0 0 1 1 1 1 1 0 0 -2 0 -2 0 0 0 -2 -1 0 -1 -1 0 -2 -2 -2 -2 0 -1 -1 -1 0 -1 -2 -1 -1 0 0 -1 0 0 -1 -2 0 -1 -2 -1 -1 -1 -1 -2 -2 -1 -2 -1 -1 -2 0 -1 0 0 0 -2 -2 0 -2 -2 0 0 -1 -2 -1 -1 -2 -1 -2 -2 -1 -1 -1 -1 -2 -1 0 0 -1 -2 -1 -2 -2 -1 -1 0 -1 0 -1 0 0 -2 -1 -2 -2 0 0 -1 -1 -1 -1 -1
-0.240158621125787 -0.477045312552032 0.622268076194635 -0.381512691143536 0.819102030464418 1 0 1 2 0 2 0 0 0 1 2 0 2 1 0 1 2 2 2 0 2 1 1 1 2 2 0 2 2 1 2 0 0 1 2 0 1 0 0 0 0 0 2 1 0 0 1 1 2 1 2 1 2 0 1 2 0 2 2 0 0 0 0 0 0 0 1 2 2 0 2 1 1 2 2 0 0 2 2 2 1 2 1 2 1 2 1 2 0 0 1 1 2 1 1 0 0 1 2 1 1 0 1 2 0 2 0 0 0 1 2 0 2 1 0 1 2 2 2 0 2 1 1 1 2 2 0 2 2 1 2 0 0 1 2 0 1 0 0 0 0 0 2 1 0 0 1 1 2 1 2 1 2 0 1 2 0 2 2 0 0 0 0 0 0 0 1 2 2 0 2 1 1 2 2 0 0 2 2 2 1 2 1 2 1 2 1 2 0 0 1 1 2 1 1 0 0 1 2 1 1
2.03241997785843 0.00634885947751108 1.28620047349566 0.748495929212728 -0.364735906416675 1 2 2 2 1 1 0 0 0 0 2 0 0 1 0 2 2 1 2 0 1 1 0 1 2 2 0 0 0 1 2 0 1 2 1 0 1 2 2 0 0 0 1 1 1 0 1 1 2 0 0 0 0 0 1 2 0 2 2 0 1 1 1 1 0 1 2 2 2 1 2 1 0 2 2 0 0 0 0 2 2 2 2 2 1 1 1 1 0 1 2 1 2 0 0 0 0 0 0 0 0 2 2 2 1 1 0 0 0 0 2 0 0 1 0 2 2 1 2 0 1 1 0 1 2 2 0 0 0 1 2 0 1 2 1 0 1 2 2 0 0 0 1 1 1 0 1 1 2 0 0 0 0 0 1 2 0 2 2 0 1 1 1 1 0 1 2 2 2 1 2 1 0 2 2 0 0 0 0 2 2 2 2 2 1 1 1 1 0 1 2 1 2 0 0 0 0 0 0 0 0
0.739515763989779 -1.06493993318708 0.422788593116535 -1.58446679876472 1.65933477034145 -1 1 1 2 1 1 0 0 0 1 2 1 1 1 0 1 1 1 2 0 1 0 0 0 1 1 0 0 0 0 2 0 2 2 2 0 2 1 2 0 0 0 2 0 2 1 0 1 1 0 2 0 1 0 2 2 0 2 2 0 0 1 0 0 0 1 1 2 2 0 2 1 1 1 2 0 0 2 1 2 1 1 2 2 1 1 0 0 0 0 1 0 2 2 2 1 1 0 2 1 1 -1 -1 -2 -1 -1 0 0 0 -1 -2 -1 -1 -1 0 -1 -1 -1 -2 0 -1 0 0 0 -1 -1 0 0 0 0 -2 0 -2 -2 -2 0 -2 -1 -2 0 0 0 -2 0 -2 -1 0 -1 -1 0 -2 0 -1 0 -2 -2 0 -2 -2 0 0 -1 0 0 0 -1 -1 -2 -2 0 -2 -1 -1 -1 -2 0 0 -2 -1 -2 -1 -1 -2 -2 -1 -1 0 0 0 0 -1 0 -2 -2 -2 -1 -1 0 -2 -1 -1
1.68098612397985 -1.54779572580297 0.897946817222251 -1.39873134754014 -0.329779500153879 1 0 0 1 1 2 0 0 0 0 2 0 1 1 0 1 2 2 2 1 2 1 0 0 1 1 0 0 0 0 2 0 0 1 1 0 0 0 1 1 2 0 1 1 1 1 2 1 2 0 1 0 0 0 1 1 0 2 2 0 1 2 2 2 0 2 1 2 1 0 2 1 1 2 1 0 0 1 1 2 2 1 1 2 2 2 1 1 0 0 1 0 2 2 1 1 0 0 2 1 1 0 0 1 1 2 0 0 0 0 2 0 1 1 0 1 2 2 2 1 2 1 0 0 1 1 0 0 0 0 2 0 0 1 1 0 0 0 1 1 2 0 1 1 1 1 2 1 2 0 1 0 0 0 1 1 0 2 2 0 1 2 2 2 0 2 1 2 1 0 2 1 1 2 1 0 0 1 1 2 2 1 1 2 2 2 1 1 0 0 1 0 2 2 1 1 0 0 2 1 1
0.733726418158451 -2.37840942986072 0.0422521272777886 -0.0356671737399378 -0.980883045537694 -1 0 1 2 1 2 0 0 0 0 2 1 0 1 0 0 1 2 2 0 2 2 1 0 1 2 1 0 0 0 2 0 0 1 2 0 1 1 1 0 0 0 2 2 1 1 1 1 1 0 1 0 1 0 2 1 0 2 2 0 0 1 0 1 0 2 2 2 2 1 2 2 1 1 1 0 0 1 2 1 1 1 1 2 1 0 1 1 0 0 1 1 2 1 2 2 1 0 2 1 0 0 -1 -2 -1 -2 0 0 0 0 -2 -1 0 -1 0 0 -1 -2 -2 0 -2 -2 -1 0 -1 -2 -1 0 0 0 -2 0 0 -1 -2 0 -1 -1 -1 0 0 0 -2 -2 -1 -1 -1 -1 -1 0 -1 0 -1 0 -2 -1 0 -2 -2 0 0 -1 0 -1 0 -2 -2 -2 -2 -1 -2 -2 -1 -1 -1 0 0 -1 -2 -1 -1 -1 -1 -2 -1 0 -1 -1 0 0 -1 -1 -2 -1 -2 -2 -1 0 -2 -1 0
-1.11044512045083 0.361326384417679 -2.50720540247032 -2.24642078363999 -0.967260417642627 -1 0 1 2 1 2 0 0 0 0 2 1 1 1 0 2 2 1 2 0 2 1 1 1 1 1 1 1 1 0 2 0 0 2 2 1 1 2 2 1 1 0 2 1 2 1 2 1 2 0 1 0 2 0 2 1 0 2 2 0 0 2 1 1 1 2 2 2 2 0 2 1 0 2 2 1 0 1 0 2 1 2 1 2 1 1 0 1 1 1 1 1 2 1 1 1 0 0 2 1 2 0 -1 -2 -1 -2 0 0 0 0 -2 -1 -1 -1 0 -2 -2 -1 -2 0 -2 -1 -1 -1 -1 -1 -1 -1 -1 0 -2 0 0 -2 -2 -1 -1 -2 -2 -1 -1 0 -2 -1 -2 -1 -2 -1 -2 0 -1 0 -2 0 -2 -1 0 -2 -2 0 0 -2 -1 -1 -1 -2 -2 -2 -2 0 -2 -1 0 -2 -2 -1 0 -1 0 -2 -1 -2 -1 -2 -1 -1 0 -1 -1 -1 -1 -1 -2 -1 -1 -1 0 0 -2 -1 -2
-1.04459678482052 1.61244964022112 0.172030787368774 0.389352539866764 -0.0572694548654009 -1 0 0 1 0 2 0 0 0 0 2 0 0 0 0 1 2 2 2 0 0 1 2 1 1 2 1 1 0 1 2 0 0 2 2 0 0 1 1 0 0 0 2 0 1 2 1 1 2 0 0 0 0 1 2 2 0 2 2 0 0 1 1 1 1 2 2 2 1 0 2 1 1 2 2 2 0 2 2 2 2 2 2 2 0 1 1 1 1 0 1 0 2 1 1 1 1 1 2 1 2 0 0 -1 0 -2 0 0 0 0 -2 0 0 0 0 -1 -2 -2 -2 0 0 -1 -2 -1 -1 -2 -1 -1 0 -1 -2 0 0 -2 -2 0 0 -1 -1 0 0 0 -2 0 -1 -2 -1 -1 -2 0 0 0 0 -1 -2 -2 0 -2 -2 0 0 -1 -1 -1 -1 -2 -2 -2 -1 0 -2 -1 -1 -2 -2 -2 0 -2 -2 -2 -2 -2 -2 -2 0 -1 -1 -1 -1 0 -1 0 -2 -1 -1 -1 -1 -1 -2 -1 -2
1.1831900507184 -1.54532274882314 1.16105836532173 1.68135039407585 0.704224800120618 1 0 0 1 1 2 0 0 0 1 2 1 1 2 0 2 2 2 2 1 2 1 2 2 1 0 0 2 1 1 2 0 1 2 2 1 2 2 1 0 0 1 2 0 0 1 0 1 2 1 2 0 1 1 2 2 0 2 2 0 1 2 2 2 0 2 1 2 2 0 2 1 1 2 1 0 0 0 0 2 1 2 2 2 0 0 1 2 2 1 1 1 2 0 2 1 0 0 1 1 1 0 0 1 1 2 0 0 0 1 2 1 1 2 0 2 2 2 2 1 2 1 2 2 1 0 0 2 1 1 2 0 1 2 2 1 2 2 1 0 0 1 2 0 0 1 0 1 2 1 2 0 1 1 2 2 0 2 2 0 1 2 2 2 0 2 1 2 2 0 2 1 1 2 1 0 0 0 0 2 1 2 2 2 0 0 1 2 2 1 1 1 2 0 2 1 0 0 1 1 1
-1.19613109847461 -0.759947214462978 0.59061400314203 -0.356795724472488 1.84460569303318 1 1 1 1 1 2 0 0 0 1 2 2 2 1 0 2 2 2 2 0 2 1 0 1 2 2 1 1 1 0 2 0 0 0 1 0 2 2 1 0 0 0 1 1 1 1 0 2 2 1 1 0 0 0 1 1 0 2 2 0 0 1 0 0 0 2 1 2 1 0 2 0 1 1 1 1 0 1 1 2 0 1 0 0 0 0 0 0 0 0 1 0 1 1 2 0 0 0 2 0 1 1 1 1 1 2 0 0 0 1 2 2 2 1 0 2 2 2 2 0 2 1 0 1 2 2 1 1 1 0 2 0 0 0 1 0 2 2 1 0 0 0 1 1 1 1 0 2 2 1 1 0 0 0 1 1 0 2 2 0 0 1 0 0 0 2 1 2 1 0 2 0 1 1 1 1 0 1 1 2 0 1 0 0 0 0 0 0 0 0 1 0 1 1 2 0 0 0 2 0 1
1.29898120940189 0.371681684702682 -0.602194360550433 0.519843437932876 0.733252939877872 -1 1 2 2 2 2 1 1 1 1 2 1 2 1 0 0 1 2 2 0 2 2 2 1 0 1 1 1 0 0 2 0 0 2 2 1 2 0 1 0 0 0 2 2 1 0 0 0 1 0 0 0 0 0 0 0 0 1 2 0 0 1 1 0 0 1 1 2 1 1 1 1 1 2 2 2 0 0 0 1 2 2 1 1 0 1 0 0 0 0 1 0 2 2 2 2 1 2 2 0 0 -1 -2 -2 -2 -2 -1 -1 -1 -1 -2 -1 -2 -1 0 0 -1 -2 -2 0 -2 -2 -2 -1 0 -1 -1 -1 0 0 -2 0 0 -2 -2 -1 -2 0 -1 0 0 0 -2 -2 -1 0 0 0 -1 0 0 0 0 0 0 0 0 -1 -2 0 0 -1 -1 0 0 -1 -1 -2 -1 -1 -1 -1 -1 -2 -2 -2 0 0 0 -1 -2 -2 -1 -1 0 -1 0 0 0 0 -1 0 -2 -2 -2 -2 -1 -2 -2 0 0
0.14273618705233 0.0445999898258398 1.64624945866814 -0.810608090085383 0.056118228004553 1 1 1 2 1 2 0 0 0 0 1 1 2 1 0 0 1 2 2 0 2 1 1 0 1 0 0 1 0 0 2 0 0 2 2 1 1 1 1 1 1 0 2 1 1 1 0 1 2 0 0 0 0 0 1 1 0 1 2 0 0 1 0 0 0 1 1 2 1 0 2 1 0 2 2 1 1 2 2 1 0 1 1 2 1 1 1 2 2 1 2 0 2 2 1 2 1 1 2 1 1 1 1 2 1 2 0 0 0 0 1 1 2 1 0 0 1 2 2 0 2 1 1 0 1 0 0 1 0 0 2 0 0 2 2 1 1 1 1 1 1 0 2 1 1 1 0 1 2 0 0 0 0 0 1 1 0 1 2 0 0 1 0 0 0 1 1 2 1 0 2 1 0 2 2 1 1 2 2 1 0 1 1 2 1 1 1 2 2 1 2 0 2 2 1 2 1 1 2 1 1
1.49679596325604 -0.169445283794995 -0.0286772173488456 -0.363849788262629 -0.391280032053192 -1 0 0 2 1 2 0 0 0 1 2 0 0 1 0 2 2 2 2 1 2 2 1 0 2 2 1 1 1 1 2 0 0 1 2 0 2 1 1 2 1 1 2 1 1 0 1 1 2 0 1 0 1 0 2 2 0 1 2 0 0 2 1 2 1 2 1 2 0 0 2 1 2 2 2 1 0 1 1 2 2 2 1 0 2 2 1 2 0 0 1 0 1 0 1 1 0 0 2 1 2 0 0 -2 -1 -2 0 0 0 -1 -2 0 0 -1 0 -2 -2 -2 -2 -1 -2 -2 -1 0 -2 -2 -1 -1 -1 -1 -2 0 0 -1 -2 0 -2 -1 -1 -2 -1 -1 -2 -1 -1 0 -1 -1 -2 0 -1 0 -1 0 -2 -2 0 -1 -2 0 0 -2 -1 -2 -1 -2 -1 -2 0 0 -2 -1 -2 -2 -2 -1 0 -1 -1 -2 -2 -2 -1 0 -2 -2 -1 -2 0 0 -1 0 -1 0 -1 -1 0 0 -2 -1 -2
1.03943183121631 0.27813725844297 2.03394374015768 -2.09579435770672 -1.55829499417806 -1 0 2 2 1 2 0 0 0 0 2 0 1 0 0 1 2 2 2 0 2 2 1 1 2 1 2 2 1 0 2 0 1 2 2 0 2 2 2 2 2 1 2 2 1 1 1 2 2 1 1 1 2 1 2 2 0 2 2 0 0 2 2 1 0 2 1 2 2 0 2 2 1 2 2 1 0 1 1 2 1 2 1 2 1 2 0 2 0 0 2 1 2 1 0 0 0 0 2 1 2 0 -2 -2 -1 -2 0 0 0 0 -2 0 -1 0 0 -1 -2 -2 -2 0 -2 -2 -1 -1 -2 -1 -2 -2 -1 0 -2 0 -1 -2 -2 0 -2 -2 -2 -2 -2 -1 -2 -2 -1 -1 -1 -2 -2 -1 -1 -1 -2 -1 -2 -2 0 -2 -2 0 0 -2 -2 -1 0 -2 -1 -2 -2 0 -2 -2 -1 -2 -2 -1 0 -1 -1 -2 -1 -2 -1 -2 -1 -2 0 -2 0 0 -2 -1 -2 -1 0 0 0 0 -2 -1 -2
0.725143825394517 -0.0724093691566588 -0.501145115629099 0.645946461960466 0.736360437326662 -1 1 1 1 0 1 0 0 0 2 2 2 2 1 0 1 2 2 1 0 1 2 1 1 1 1 0 0 1 1 2 0 0 0 0 0 2 2 2 0 0 0 2 0 0 1 1 2 1 0 0 0 2 2 2 2 0 2 2 0 0 2 2 1 0 2 1 2 2 0 2 2 1 2 1 0 0 1 0 1 0 2 1 2 1 2 2 0 0 0 2 0 2 1 2 1 0 0 1 0 0 -1 -1 -1 0 -1 0 0 0 -2 -2 -2 -2 -1 0 -1 -2 -2 -1 0 -1 -2 -1 -1 -1 -1 0 0 -1 -1 -2 0 0 0 0 0 -2 -2 -2 0 0 0 -2 0 0 -1 -1 -2 -1 0 0 0 -2 -2 -2 -2 0 -2 -2 0 0 -2 -2 -1 0 -2 -1 -2 -2 0 -2 -2 -1 -2 -1 0 0 -1 0 -1 0 -2 -1 -2 -1 -2 -2 0 0 0 -2 0 -2 -1 -2 -1 0 0 -1 0 0
0.720181704737882 0.393070568610183 1.21395279931301 0.0335806900512774 0.219916662575715 1 0 1 2 1 2 0 0 0 1 1 0 2 0 0 0 1 1 2 0 2 2 2 1 1 1 1 1 0 1 2 0 1 2 1 0 0 2 2 0 0 0 1 0 0 0 0 0 2 0 2 1 1 0 2 2 0 2 2 1 0 0 0 2 0 2 2 2 0 0 1 2 2 2 2 1 0 2 1 2 1 2 2 1 0 0 1 1 1 0 2 1 2 1 1 1 1 1 2 1 2 0 1 2 1 2 0 0 0 1 1 0 2 0 0 0 1 1 2 0 2 2 2 1 1 1 1 1 0 1 2 0 1 2 1 0 0 2 2 0 0 0 1 0 0 0 0 0 2 0 2 1 1 0 2 2 0 2 2 1 0 0 0 2 0 2 2 2 0 0 1 2 2 2 2 1 0 2 1 2 1 2 2 1 0 0 1 1 1 0 2 1 2 1 1 1 1 1 2 1 2
-1.06969030365013 -0.658518656585501 2.10021303233166 -0.676205942932069 0.957469235091913 1 0 1 2 1 2 0 0 0 0 1 1 1 2 0 0 2 2 2 0 2 1 1 1 2 2 1 0 0 1 2 0 1 2 2 0 2 1 2 1 0 1 2 2 2 2 1 2 2 0 1 1 2 0 2 1 0 2 2 0 0 1 1 1 0 2 2 2 2 0 2 1 0 2 2 2 0 1 1 2 2 2 1 1 1 0 1 1 1 1 2 0 2 1 1 1 1 0 2 0 1 0 1 2 1 2 0 0 0 0 1 1 1 2 0 0 2 2 2 0 2 1 1 1 2 2 1 0 0 1 2 0 1 2 2 0 2 1 2 1 0 1 2 2 2 2 1 2 2 0 1 1 2 0 2 1 0 2 2 0 0 1 1 1 0 2 2 2 2 0 2 1 0 2 2 2 0 1 1 2 2 2 1 1 1 0 1 1 1 1 2 0 2 1 1 1 1 0 2 0 1
0.222755498112414 -0.0162567280211351 -1.01018634363043 1.81888687864307 -0.225264299186416 -1 0 1 2 0 2 0 0 0 0 0 0 0 1 0 1 1 2 2 1 2 1 0 0 1 2 0 2 2 1 2 0 0 2 2 1 2 2 2 0 1 0 2 1 1 1 2 1 2 0 0 0 1 0 2 2 0 2 2 0 0 2 0 0 0 1 1 2 1 0 2 2 0 1 1 0 0 0 0 1 0 1 2 2 1 1 0 1 1 1 2 0 1 1 2 1 0 0 1 1 2 0 -1 -2 0 -2 0 0 0 0 0 0 0 -1 0 -1 -1 -2 -2 -1 -2 -1 0 0 -1 -2 0 -2 -2 -1 -2 0 0 -2 -2 -1 -2 -2 -2 0 -1 0 -2 -1 -1 -1 -2 -1 -2 0 0 0 -1 0 -2 -2 0 -2 -2 0 0 -2 0 0 0 -1 -1 -2 -1 0 -2 -2 0 -1 -1 0 0 0 0 -1 0 -1 -2 -2 -1 -1 0 -1 -1 -1 -2 0 -1 -1 -2 -1 0 0 -1 -1 -2
0.342828477067549 1.65702658651181 1.87230110447584 -0.223924960889793 0.815019619686743 -1 0 0 2 1 2 0 0 0 2 2 2 2 1 0 1 1 1 2 0 1 1 1 1 2 2 0 0 0 0 2 0 0 2 1 0 1 2 1 1 1 0 2 2 1 1 0 2 2 0 1 0 0 0 2 2 0 2 2 0 0 1 0 1 0 2 2 1 0 0 2 2 1 2 2 1 0 1 2 2 2 2 2 2 0 0 0 2 1 1 1 0 1 0 1 2 0 1 2 0 1 0 0 -2 -1 -2 0 0 0 -2 -2 -2 -2 -1 0 -1 -1 -1 -2 0 -1 -1 -1 -1 -2 -2 0 0 0 0 -2 0 0 -2 -1 0 -1 -2 -1 -1 -1 0 -2 -2 -1 -1 0 -2 -2 0 -1 0 0 0 -2 -2 0 -2 -2 0 0 -1 0 -1 0 -2 -2 -1 0 0 -2 -2 -1 -2 -2 -1 0 -1 -2 -2 -2 -2 -2 -2 0 0 0 -2 -1 -1 -1 0 -1 0 -1 -2 0 -1 -2 0 -1
0.531497204949017 -0.95205287458014 -1.15118830572886 1.61483689406862 -0.110443867913809 -1 0 1 2 1 2 0 0 0 1 2 1 2 2 0 1 1 2 2 0 1 0 0 0 0 2 0 1 0 1 2 0 0 1 2 0 1 1 0 1 1 0 2 1 1 0 0 0 2 0 0 0 1 1 2 2 0 2 2 1 1 2 1 0 0 1 2 2 1 0 2 2 0 2 2 0 0 1 0 1 2 2 2 2 1 1 2 1 1 0 2 1 1 0 2 0 1 1 1 0 1 0 -1 -2 -1 -2 0 0 0 -1 -2 -1 -2 -2 0 -1 -1 -2 -2 0 -1 0 0 0 0 -2 0 -1 0 -1 -2 0 0 -1 -2 0 -1 -1 0 -1 -1 0 -2 -1 -1 0 0 0 -2 0 0 0 -1 -1 -2 -2 0 -2 -2 -1 -1 -2 -1 0 0 -1 -2 -2 -1 0 -2 -2 0 -2 -2 0 0 -1 0 -1 -2 -2 -2 -2 -1 -1 -2 -1 -1 0 -2 -1 -1 0 -2 0 -1 -1 -1 0 -1
0.264371426829668 -0.84195642446382 -1.26887349129957 -0.0386286100135519 -1.09982034379556 -1 1 2 2 1 2 0 0 0 1 2 2 1 1 0 1 2 2 2 0 1 2 0 0 1 1 2 0 0 0 2 0 1 2 2 0 2 2 1 1 1 0 2 1 0 0 0 1 2 0 0 0 0 0 1 1 0 2 2 1 0 2 1 1 0 2 2 2 2 1 2 2 1 2 2 1 0 1 2 2 1 2 2 2 0 1 1 2 1 0 2 0 2 0 0 1 1 2 2 1 2 -1 -2 -2 -1 -2 0 0 0 -1 -2 -2 -1 -1 0 -1 -2 -2 -2 0 -1 -2 0 0 -1 -1 -2 0 0 0 -2 0 -1 -2 -2 0 -2 -2 -1 -1 -1 0 -2 -1 0 0 0 -1 -2 0 0 0 0 0 -1 -1 0 -2 -2 -1 0 -2 -1 -1 0 -2 -2 -2 -2 -1 -2 -2 -1 -2 -2 -1 0 -1 -2 -2 -1 -2 -2 -2 0 -1 -1 -2 -1 0 -2 0 -2 0 0 -1 -1 -2 -2 -1 -2
-0.234829052536285 -0.873856591704804 -1.12903949082797 1.93326665421788 -0.366329002523838 -1 0 1 1 0 2 0 0 0 1 2 1 0 2 0 1 2 1 2 0 1 0 1 0 0 0 0 1 0 0 2 0 0 2 2 0 2 2 1 1 1 0 2 1 0 0 0 0 2 0 1 0 1 0 2 2 0 2 1 0 0 1 1 1 0 2 2 2 1 0 2 1 0 2 2 1 0 1 1 2 2 2 2 2 2 2 1 0 0 1 2 1 1 1 1 2 0 1 1 1 2 0 -1 -1 0 -2 0 0 0 -1 -2 -1 0 -2 0 -1 -2 -1 -2 0 -1 0 -1 0 0 0 0 -1 0 0 -2 0 0 -2 -2 0 -2 -2 -1 -1 -1 0 -2 -1 0 0 0 0 -2 0 -1 0 -1 0 -2 -2 0 -2 -1 0 0 -1 -1 -1 0 -2 -2 -2 -1 0 -2 -1 0 -2 -2 -1 0 -1 -1 -2 -2 -2 -2 -2 -2 -2 -1 0 0 -1 -2 -1 -1 -1 -1 -2 0 -1 -1 -1 -2
-0.630801897270575 1.25426273320536 -0.587488923185791 -3.00225977891935 -0.617701710117079 -1 1 2 2 0 2 0 0 0 2 2 0 1 0 0 0 2 2 2 1 2 0 1 0 1 0 1 1 0 0 2 0 0 1 1 0 1 2 0 0 0 0 1 0 0 1 0 1 1 0 0 0 1 0 2 2 0 2 2 0 1 2 1 1 0 1 1 2 1 0 2 1 1 2 2 1 0 1 1 2 2 2 2 2 0 1 0 1 0 0 1 1 1 0 0 1 0 1 1 0 2 -1 -2 -2 0 -2 0 0 0 -2 -2 0 -1 0 0 0 -2 -2 -2 -1 -2 0 -1 0 -1 0 -1 -1 0 0 -2 0 0 -1 -1 0 -1 -2 0 0 0 0 -1 0 0 -1 0 -1 -1 0 0 0 -1 0 -2 -2 0 -2 -2 0 -1 -2 -1 -1 0 -1 -1 -2 -1 0 -2 -1 -1 -2 -2 -1 0 -1 -1 -2 -2 -2 -2 -2 0 -1 0 -1 0 0 -1 -1 -1 0 0 -1 0 -1 -1 0 -2
1.47492203470274 1.41827339086311 -1.36239532520279 -1.08650755604463 1.20813657848923 1 1 1 2 1 1 0 0 0 1 2 0 1 1 0 1 2 2 2 0 2 1 0 1 2 2 0 1 1 2 2 0 1 2 2 0 2 0 1 1 1 2 2 2 2 2 1 2 2 0 1 1 2 0 2 2 0 2 2 0 0 1 1 2 0 2 2 2 1 0 2 1 1 2 2 0 0 0 1 0 1 2 1 2 1 1 1 1 0 1 2 1 2 0 1 0 0 0 0 0 2 1 1 2 1 1 0 0 0 1 2 0 1 1 0 1 2 2 2 0 2 1 0 1 2 2 0 1 1 2 2 0 1 2 2 0 2 0 1 1 1 2 2 2 2 2 1 2 2 0 1 1 2 0 2 2 0 2 2 0 0 1 1 2 0 2 2 2 1 0 2 1 1 2 2 0 0 0 1 0 1 2 1 2 1 1 1 1 0 1 2 1 2 0 1 0 0 0 0 0 2
-1.10855988050732 0.932081741213117 0.238893995356957 -0.777040070742873 -0.323076117119322 -1 1 2 2 1 2 0 0 0 1 2 1 2 2 1 2 2 2 2 0 1 1 2 1 0 2 1 1 1 1 2 0 0 2 2 0 1 0 1 0 0 0 2 1 0 1 1 2 2 0 1 0 0 0 2 2 0 2 2 0 0 2 1 1 0 2 2 2 1 0 2 1 1 2 2 1 0 1 1 1 2 2 1 2 1 0 1 1 0 0 2 2 2 2 2 1 1 1 2 1 2 -1 -2 -2 -1 -2 0 0 0 -1 -2 -1 -2 -2 -1 -2 -2 -2 -2 0 -1 -1 -2 -1 0 -2 -1 -1 -1 -1 -2 0 0 -2 -2 0 -1 0 -1 0 0 0 -2 -1 0 -1 -1 -2 -2 0 -1 0 0 0 -2 -2 0 -2 -2 0 0 -2 -1 -1 0 -2 -2 -2 -1 0 -2 -1 -1 -2 -2 -1 0 -1 -1 -1 -2 -2 -1 -2 -1 0 -1 -1 0 0 -2 -2 -2 -2 -2 -1 -1 -1 -2 -1 -2
0.76644125173816 0.741831113417439 1.17624058620428 -0.764967518218797 -1.15140956771367 -1 2 2 2 2 2 0 0 0 2 2 2 2 2 0 2 2 2 2 2 2 1 0 1 2 2 1 1 1 2 2 0 0 1 2 0 1 0 0 0 1 0 1 2 1 0 1 2 2 1 1 0 1 0 2 1 0 2 2 0 0 1 1 0 0 2 1 2 2 0 1 1 2 2 2 1 1 2 2 1 1 2 2 2 2 2 1 2 0 0 1 0 2 0 2 1 2 1 2 1 2 -2 -2 -2 -2 -2 0 0 0 -2 -2 -2 -2 -2 0 -2 -2 -2 -2 -2 -2 -1 0 -1 -2 -2 -1 -1 -1 -2 -2 0 0 -1 -2 0 -1 0 0 0 -1 0 -1 -2 -1 0 -1 -2 -2 -1 -1 0 -1 0 -2 -1 0 -2 -2 0 0 -1 -1 0 0 -2 -1 -2 -2 0 -1 -1 -2 -2 -2 -1 -1 -2 -2 -1 -1 -2 -2 -2 -2 -2 -1 -2 0 0 -1 0 -2 0 -2 -1 -2 -1 -2 -1 -2
0.947627185404128 -0.782837595566388 -0.140045569345434 0.685135535218248 0.0173678132431496 -1 2 2 2 2 2 0 0 0 0 2 2 2 0 0 2 2 2 1 0 2 1 0 0 1 1 0 1 1 1 2 0 0 1 2 0 2 2 2 1 1 1 2 0 1 1 0 1 2 0 2 0 0 0 2 2 0 2 2 0 0 1 1 2 0 2 2 2 2 0 2 2 0 1 1 0 0 2 1 2 2 2 2 2 0 1 0 0 0 0 1 0 2 1 0 1 0 0 1 1 0 -2 -2 -2 -2 -2 0 0 0 0 -2 -2 -2 0 0 -2 -2 -2 -1 0 -2 -1 0 0 -1 -1 0 -1 -1 -1 -2 0 0 -1 -2 0 -2 -2 -2 -1 -1 -1 -2 0 -1 -1 0 -1 -2 0 -2 0 0 0 -2 -2 0 -2 -2 0 0 -1 -1 -2 0 -2 -2 -2 -2 0 -2 -2 0 -1 -1 0 0 -2 -1 -2 -2 -2 -2 -2 0 -1 0 0 0 0 -1 0 -2 -1 0 -1 0 0 -1 -1 0
-0.112269270425662 0.0134060694133214 1.25396441210333 0.407217785371133 -0.460019363885249 -1 1 1 2 2 2 0 0 0 2 2 0 0 1 0 1 2 1 2 0 1 2 1 1 2 2 0 1 1 0 2 0 1 2 2 0 2 2 1 0 0 0 2 0 1 2 1 1 2 0 1 0 1 0 1 2 0 2 2 0 1 2 1 0 0 2 2 2 1 0 1 1 1 1 1 0 0 1 0 2 1 2 2 2 1 2 2 1 1 0 2 1 2 1 0 0 0 1 2 1 2 -1 -1 -2 -2 -2 0 0 0 -2 -2 0 0 -1 0 -1 -2 -1 -2 0 -1 -2 -1 -1 -2 -2 0 -1 -1 0 -2 0 -1 -2 -2 0 -2 -2 -1 0 0 0 -2 0 -1 -2 -1 -1 -2 0 -1 0 -1 0 -1 -2 0 -2 -2 0 -1 -2 -1 0 0 -2 -2 -2 -1 0 -1 -1 -1 -1 -1 0 0 -1 0 -2 -1 -2 -2 -2 -1 -2 -2 -1 -1 0 -2 -1 -2 -1 0 0 0 -1 -2 -1 -2
-0.16752990694964 0.461372029216267 -0.270161312599818 -0.454777643349839 -0.305858452991677 -1 1 1 2 1 2 0 0 0 1 2 1 1 1 0 2 2 2 2 0 2 2 2 1 2 2 0 0 0 0 2 0 0 2 2 1 2 2 1 0 0 0 1 1 1 1 1 1 2 0 0 0 1 0 1 1 0 1 2 0 0 2 0 0 0 2 2 2 2 0 1 0 0 2 1 0 0 1 1 1 1 2 1 2 1 2 2 1 1 1 2 0 2 2 1 1 1 0 2 2 2 -1 -1 -2 -1 -2 0 0 0 -1 -2 -1 -1 -1 0 -2 -2 -2 -2 0 -2 -2 -2 -1 -2 -2 0 0 0 0 -2 0 0 -2 -2 -1 -2 -2 -1 0 0 0 -1 -1 -1 -1 -1 -1 -2 0 0 0 -1 0 -1 -1 0 -1 -2 0 0 -2 0 0 0 -2 -2 -2 -2 0 -1 0 0 -2 -1 0 0 -1 -1 -1 -1 -2 -1 -2 -1 -2 -2 -1 -1 -1 -2 0 -2 -2 -1 -1 -1 0 -2 -2 -2
-0.833078194786157 1.46498028636535 -0.83716305072333 0.0100735256732874 -1.81631989716235 1 1 2 2 2 2 0 0 0 0 2 1 1 2 0 1 2 2 2 1 2 1 1 2 2 2 1 1 1 1 2 0 1 1 2 0 2 1 0 2 1 1 2 1 1 1 1 2 2 1 2 1 1 1 2 1 0 2 2 0 0 1 1 1 0 1 2 2 2 0 2 0 0 1 0 0 0 1 0 1 0 0 1 1 1 1 0 1 0 0 1 0 1 1 1 1 0 0 1 0 0 1 2 2 2 2 0 0 0 0 2 1 1 2 0 1 2 2 2 1 2 1 1 2 2 2 1 1 1 1 2 0 1 1 2 0 2 1 0 2 1 1 2 1 1 1 1 2 2 1 2 1 1 1 2 1 0 2 2 0 0 1 1 1 0 1 2 2 2 0 2 0 0 1 0 0 0 1 0 1 0 0 1 1 1 1 0 1 0 0 1 0 1 1 1 1 0 0 1 0 0
0.226738823628234 -1.06501722746387 0.194158452592016 -0.533567198319811 -1.43448397553836 1 1 2 2 1 2 0 0 0 1 2 2 2 2 0 2 2 2 2 1 2 1 0 0 0 2 0 2 2 0 2 0 0 2 1 0 1 0 0 1 0 0 1 1 0 1 1 1 2 1 1 1 2 1 2 2 0 2 2 0 0 1 1 0 0 2 2 2 2 1 2 1 1 2 2 1 0 2 1 1 1 1 1 1 0 0 0 1 0 0 1 0 2 1 1 1 0 1 1 1 1 1 2 2 1 2 0 0 0 1 2 2 2 2 0 2 2 2 2 1 2 1 0 0 0 2 0 2 2 0 2 0 0 2 1 0 1 0 0 1 0 0 1 1 0 1 1 1 2 1 1 1 2 1 2 2 0 2 2 0 0 1 1 0 0 2 2 2 2 1 2 1 1 2 2 1 0 2 1 1 1 1 1 1 0 0 0 1 0 0 1 0 2 1 1 1 0 1 1 1 1
-0.0397298899596791 0.833268896975335 0.696918438479031 -0.50642926446525 -0.196524454388378 1 0 0 2 1 2 0 0 0 1 2 2 2 2 0 1 2 2 2 1 2 2 1 0 2 1 1 2 1 1 2 0 1 2 2 1 1 1 1 1 0 0 2 0 0 1 1 1 2 0 1 0 1 0 2 2 0 2 2 0 0 1 2 1 0 2 2 2 2 0 2 2 1 2 2 2 0 1 0 1 1 2 2 1 2 1 1 1 1 0 1 0 2 0 0 1 0 0 0 0 1 0 0 2 1 2 0 0 0 1 2 2 2 2 0 1 2 2 2 1 2 2 1 0 2 1 1 2 1 1 2 0 1 2 2 1 1 1 1 1 0 0 2 0 0 1 1 1 2 0 1 0 1 0 2 2 0 2 2 0 0 1 2 1 0 2 2 2 2 0 2 2 1 2 2 2 0 1 0 1 1 2 2 1 2 1 1 1 1 0 1 0 2 0 0 1 0 0 0 0 1
0.0106638381009965 0.714313919687405 -0.977100822616369 0.0888761750460216 0.392092208917049 -1 1 2 2 0 2 0 0 1 2 2 1 1 1 0 1 2 2 1 0 1 1 0 0 1 1 1 0 0 0 2 0 0 1 1 0 2 1 1 0 1 0 2 2 2 1 1 0 1 0 1 0 0 0 2 2 0 2 2 0 0 2 2 1 0 2 2 2 2 1 2 2 0 1 1 0 0 1 2 2 1 2 2 2 2 0 1 0 1 1 2 0 1 1 1 0 0 1 2 2 2 -1 -2 -2 0 -2 0 0 -1 -2 -2 -1 -1 -1 0 -1 -2 -2 -1 0 -1 -1 0 0 -1 -1 -1 0 0 0 -2 0 0 -1 -1 0 -2 -1 -1 0 -1 0 -2 -2 -2 -1 -1 0 -1 0 -1 0 0 0 -2 -2 0 -2 -2 0 0 -2 -2 -1 0 -2 -2 -2 -2 -1 -2 -2 0 -1 -1 0 0 -1 -2 -2 -1 -2 -2 -2 -2 0 -1 0 -1 -1 -2 0 -1 -1 -1 0 0 -1 -2 -2 -2
0.793794260394949 1.33235413035861 0.757778191291804 1.06662912807158 -0.360712027054502 1 0 1 2 1 2 0 0 0 1 2 1 0 1 0 1 2 2 2 0 2 2 1 1 2 2 1 1 0 0 2 0 0 1 1 0 1 1 1 1 0 1 2 1 0 0 0 1 2 0 0 0 1 0 1 1 0 2 2 1 0 1 2 1 0 1 1 2 2 0 2 1 1 2 2 1 0 0 0 1 1 2 2 2 1 2 2 1 0 1 1 0 2 2 2 2 1 1 2 1 1 0 1 2 1 2 0 0 0 1 2 1 0 1 0 1 2 2 2 0 2 2 1 1 2 2 1 1 0 0 2 0 0 1 1 0 1 1 1 1 0 1 2 1 0 0 0 1 2 0 0 0 1 0 1 1 0 2 2 1 0 1 2 1 0 1 1 2 2 0 2 1 1 2 2 1 0 0 0 1 1 2 2 2 1 2 2 1 0 1 1 0 2 2 2 2 1 1 2 1 1
0.919114950728143 -1.01945810542209 0.199631135171962 0.640277636608376 -1.55323750906333 -1 0 0 1 0 1 0 0 0 1 2 1 0 0 0 0 1 1 2 1 2 1 1 1 1 1 0 1 1 1 2 1 1 2 1 0 1 1 2 1 0 0 1 0 0 0 1 2 2 1 1 0 1 0 2 1 0 1 2 0 0 1 1 1 0 1 1 2 2 0 2 2 2 2 2 0 0 0 0 2 1 2 2 1 2 0 1 1 1 1 2 0 1 1 2 0 0 1 1 0 1 0 0 -1 0 -1 0 0 0 -1 -2 -1 0 0 0 0 -1 -1 -2 -1 -2 -1 -1 -1 -1 -1 0 -1 -1 -1 -2 -1 -1 -2 -1 0 -1 -1 -2 -1 0 0 -1 0 0 0 -1 -2 -2 -1 -1 0 -1 0 -2 -1 0 -1 -2 0 0 -1 -1 -1 0 -1 -1 -2 -2 0 -2 -2 -2 -2 -2 0 0 0 0 -2 -1 -2 -2 -1 -2 0 -1 -1 -1 -1 -2 0 -1 -1 -2 0 0 -1 -1 0 -1
-0.334110031661933 0.719592342175233 0.309090943418522 -0.392993815298274 1.22509089066986 -1 1 2 2 0 1 0 1 0 0 2 1 1 1 0 0 2 2 2 0 1 0 1 1 2 1 2 1 1 2 2 0 0 1 2 0 2 2 1 1 2 1 2 2 1 0 0 1 1 0 0 0 0 0 1 2 0 2 2 0 0 1 0 0 0 1 2 2 2 0 2 1 1 2 2 0 0 1 1 2 1 2 2 2 0 1 2 1 0 0 1 0 1 1 1 0 0 0 1 0 1 -1 -2 -2 0 -1 0 -1 0 0 -2 -1 -1 -1 0 0 -2 -2 -2 0 -1 0 -1 -1 -2 -1 -2 -1 -1 -2 -2 0 0 -1 -2 0 -2 -2 -1 -1 -2 -1 -2 -2 -1 0 0 -1 -1 0 0 0 0 0 -1 -2 0 -2 -2 0 0 -1 0 0 0 -1 -2 -2 -2 0 -2 -1 -1 -2 -2 0 0 -1 -1 -2 -1 -2 -2 -2 0 -1 -2 -1 0 0 -1 0 -1 -1 -1 0 0 0 -1 0 -1
-0.466987640393736 -0.34799017716403 0.0769881043416915 0.525274766725365 -0.333727959063419 -1 0 1 2 2 2 0 1 1 2 2 2 1 2 0 2 1 1 1 0 0 0 0 0 1 2 1 1 0 0 2 0 0 1 2 0 1 1 2 0 0 1 2 1 1 1 1 1 2 1 1 0 0 0 2 1 0 2 2 0 0 1 1 1 0 2 2 2 1 0 2 2 1 2 1 0 0 1 1 1 2 2 1 2 1 1 1 1 0 0 2 1 2 0 0 1 0 0 1 0 1 0 -1 -2 -2 -2 0 -1 -1 -2 -2 -2 -1 -2 0 -2 -1 -1 -1 0 0 0 0 0 -1 -2 -1 -1 0 0 -2 0 0 -1 -2 0 -1 -1 -2 0 0 -1 -2 -1 -1 -1 -1 -1 -2 -1 -1 0 0 0 -2 -1 0 -2 -2 0 0 -1 -1 -1 0 -2 -2 -2 -1 0 -2 -2 -1 -2 -1 0 0 -1 -1 -1 -2 -2 -1 -2 -1 -1 -1 -1 0 0 -2 -1 -2 0 0 -1 0 0 -1 0 -1
-0.946012606411345 -0.242266926172404 1.11748900186769 -2.16664987546935 -0.0892936546155664 1 1 2 2 2 2 0 1 0 1 2 0 0 0 0 0 0 2 2 0 2 1 0 0 1 1 0 1 1 2 2 0 0 2 1 0 1 0 0 1 1 0 2 2 1 1 1 1 1 0 1 0 0 0 2 2 0 2 2 0 1 2 0 1 0 1 0 2 1 0 2 1 1 2 2 0 0 0 0 2 2 2 2 2 1 2 1 1 1 2 2 0 2 1 0 0 1 2 2 1 2 1 2 2 2 2 0 1 0 1 2 0 0 0 0 0 0 2 2 0 2 1 0 0 1 1 0 1 1 2 2 0 0 2 1 0 1 0 0 1 1 0 2 2 1 1 1 1 1 0 1 0 0 0 2 2 0 2 2 0 1 2 0 1 0 1 0 2 1 0 2 1 1 2 2 0 0 0 0 2 2 2 2 2 1 2 1 1 1 2 2 0 2 1 0 0 1 2 2 1 2
-1.6309933265603 -2.07896200148371 0.959656143543415 1.50220462529775 -0.865660790463608 1 1 2 2 2 2 0 1 0 1 2 1 1 2 0 1 2 2 2 1 2 2 1 1 2 2 1 1 0 0 2 0 0 1 1 0 2 2 2 1 2 1 2 0 1 0 1 1 2 0 1 0 1 1 2 2 0 2 2 0 0 2 1 1 0 2 0 1 0 0 2 2 2 2 2 2 0 1 2 2 1 2 2 2 1 0 0 2 1 0 2 0 2 2 2 1 1 0 2 0 1 1 2 2 2 2 0 1 0 1 2 1 1 2 0 1 2 2 2 1 2 2 1 1 2 2 1 1 0 0 2 0 0 1 1 0 2 2 2 1 2 1 2 0 1 0 1 1 2 0 1 0 1 1 2 2 0 2 2 0 0 2 1 1 0 2 0 1 0 0 2 2 2 2 2 2 0 1 2 2 1 2 2 2 1 0 0 2 1 0 2 0 2 2 2 1 1 0 2 0 1
-1.52363138329893 0.765724098737128 -1.13330628492424 -0.31013519492019 -1.48402767093827 1 1 2 2 2 2 0 0 0 0 2 1 2 1 0 1 2 2 2 0 2 2 0 0 0 0 0 1 0 1 2 0 1 2 2 0 1 1 1 1 0 0 2 0 0 0 0 1 2 0 1 0 1 2 2 2 0 2 2 0 1 2 2 2 0 2 2 2 2 1 2 1 1 2 1 0 0 2 1 1 2 2 1 1 0 1 0 0 0 0 1 0 1 1 2 0 2 1 1 1 0 1 2 2 2 2 0 0 0 0 2 1 2 1 0 1 2 2 2 0 2 2 0 0 0 0 0 1 0 1 2 0 1 2 2 0 1 1 1 1 0 0 2 0 0 0 0 1 2 0 1 0 1 2 2 2 0 2 2 0 1 2 2 2 0 2 2 2 2 1 2 1 1 2 1 0 0 2 1 1 2 2 1 1 0 1 0 0 0 0 1 0 1 1 2 0 2 1 1 1 0
1.33631989502564 -0.880852356565165 -0.349084928425594 -0.923818751536763 0.873680219746723 -1 1 2 2 2 2 0 0 0 1 2 1 1 1 0 0 2 2 2 0 2 0 0 0 1 1 0 2 2 2 2 0 0 1 2 0 2 2 1 1 1 0 2 2 1 1 2 2 2 0 2 0 1 1 2 2 0 2 2 0 0 1 2 1 0 2 1 2 2 0 2 2 1 2 2 0 0 2 1 1 0 2 2 2 1 1 1 0 0 0 1 1 2 2 1 1 1 1 2 1 1 -1 -2 -2 -2 -2 0 0 0 -1 -2 -1 -1 -1 0 0 -2 -2 -2 0 -2 0 0 0 -1 -1 0 -2 -2 -2 -2 0 0 -1 -2 0 -2 -2 -1 -1 -1 0 -2 -2 -1 -1 -2 -2 -2 0 -2 0 -1 -1 -2 -2 0 -2 -2 0 0 -1 -2 -1 0 -2 -1 -2 -2 0 -2 -2 -1 -2 -2 0 0 -2 -1 -1 0 -2 -2 -2 -1 -1 -1 0 0 0 -1 -1 -2 -2 -1 -1 -1 -1 -2 -1 -1
-0.147144589510388 -0.780916132083433 -0.33664525930254 -2.02353670825178 -0.410454158934251 1 1 1 2 2 2 0 0 0 1 1 0 1 0 0 0 2 2 2 0 1 1 1 0 1 2 2 0 0 1 2 0 0 2 2 1 2 2 1 0 1 0 2 2 1 1 1 1 2 1 1 0 2 1 2 2 0 2 2 0 1 2 0 0 0 2 1 2 2 0 1 0 0 1 1 0 0 2 1 1 0 2 1 2 1 1 1 1 0 0 1 0 2 0 0 0 0 1 1 0 2 1 1 2 2 2 0 0 0 1 1 0 1 0 0 0 2 2 2 0 1 1 1 0 1 2 2 0 0 1 2 0 0 2 2 1 2 2 1 0 1 0 2 2 1 1 1 1 2 1 1 0 2 1 2 2 0 2 2 0 1 2 0 0 0 2 1 2 2 0 1 0 0 1 1 0 0 2 1 1 0 2 1 2 1 1 1 1 0 0 1 0 2 0 0 0 0 1 1 0 2
-0.623241813179058 0.249986437840863 0.566942366566363 -0.186835965240814 -0.879536314561468 -1 1 1 2 1 1 0 0 0 1 2 2 1 2 0 2 2 2 2 1 2 1 0 0 0 2 0 1 1 0 2 0 0 2 2 1 1 1 1 0 0 1 2 1 0 1 1 1 2 0 0 0 0 0 0 0 0 1 2 0 0 1 0 1 1 2 2 2 1 0 2 2 2 2 2 0 0 1 1 2 1 2 2 2 0 0 0 1 1 1 1 1 2 2 2 1 1 2 2 1 1 -1 -1 -2 -1 -1 0 0 0 -1 -2 -2 -1 -2 0 -2 -2 -2 -2 -1 -2 -1 0 0 0 -2 0 -1 -1 0 -2 0 0 -2 -2 -1 -1 -1 -1 0 0 -1 -2 -1 0 -1 -1 -1 -2 0 0 0 0 0 0 0 0 -1 -2 0 0 -1 0 -1 -1 -2 -2 -2 -1 0 -2 -2 -2 -2 -2 0 0 -1 -1 -2 -1 -2 -2 -2 0 0 0 -1 -1 -1 -1 -1 -2 -2 -2 -1 -1 -2 -2 -1 -1
-0.116056273137621 0.303493237984255 -1.11815531815821 -0.963929193964724 -0.411449861120567 -1 0 0 2 0 2 1 0 0 2 2 2 2 2 0 2 2 2 1 0 0 1 2 0 1 1 1 1 0 0 2 0 1 2 2 0 1 0 0 1 0 0 1 0 1 1 1 0 1 0 0 1 1 0 2 2 0 2 2 0 0 2 1 1 0 2 1 2 1 0 1 1 1 2 2 0 0 1 1 2 2 2 1 2 1 2 0 1 1 2 2 0 2 1 1 1 0 0 1 1 1 0 0 -2 0 -2 -1 0 0 -2 -2 -2 -2 -2 0 -2 -2 -2 -1 0 0 -1 -2 0 -1 -1 -1 -1 0 0 -2 0 -1 -2 -2 0 -1 0 0 -1 0 0 -1 0 -1 -1 -1 0 -1 0 0 -1 -1 0 -2 -2 0 -2 -2 0 0 -2 -1 -1 0 -2 -1 -2 -1 0 -1 -1 -1 -2 -2 0 0 -1 -1 -2 -2 -2 -1 -2 -1 -2 0 -1 -1 -2 -2 0 -2 -1 -1 -1 0 0 -1 -1 -1
-0.582460242172911 -1.24906675192156 -0.490747180121292 0.241063311358297 -0.223171125964958 -1 1 2 2 1 2 0 0 0 0 2 1 1 1 0 1 2 2 1 0 0 1 0 0 2 2 1 1 0 0 2 0 1 2 2 1 1 1 1 0 0 0 1 1 0 0 1 2 2 0 0 0 0 0 2 1 0 2 2 0 1 2 2 1 0 1 1 2 1 0 2 1 1 2 2 2 0 1 0 1 1 2 2 2 0 0 1 0 0 0 2 0 1 0 0 1 0 0 0 0 1 -1 -2 -2 -1 -2 0 0 0 0 -2 -1 -1 -1 0 -1 -2 -2 -1 0 0 -1 0 0 -2 -2 -1 -1 0 0 -2 0 -1 -2 -2 -1 -1 -1 -1 0 0 0 -1 -1 0 0 -1 -2 -2 0 0 0 0 0 -2 -1 0 -2 -2 0 -1 -2 -2 -1 0 -1 -1 -2 -1 0 -2 -1 -1 -2 -2 -2 0 -1 0 -1 -1 -2 -2 -2 0 0 -1 0 0 0 -2 0 -1 0 0 -1 0 0 0 0 -1
-1.57934714347742 -2.47926033358204 -0.741786101241545 -2.24948231053249 -1.28298081414831 1 0 0 1 0 2 0 0 0 0 1 0 0 0 0 0 2 2 2 1 1 2 0 0 1 2 2 1 0 0 2 0 1 2 2 1 2 2 2 0 0 0 2 1 1 1 1 1 1 1 2 1 1 0 2 2 0 2 2 0 2 2 2 2 1 2 2 2 2 0 2 2 2 2 2 2 0 1 2 1 1 2 1 2 1 2 0 1 1 1 2 1 2 1 2 2 1 1 2 1 1 0 0 1 0 2 0 0 0 0 1 0 0 0 0 0 2 2 2 1 1 2 0 0 1 2 2 1 0 0 2 0 1 2 2 1 2 2 2 0 0 0 2 1 1 1 1 1 1 1 2 1 1 0 2 2 0 2 2 0 2 2 2 2 1 2 2 2 2 0 2 2 2 2 2 2 0 1 2 1 1 2 1 2 1 2 0 1 1 1 2 1 2 1 2 2 1 1 2 1 1
-0.695683480660518 0.412364899399563 2.3358479801401 0.329982213956726 -2.01121202098505 -1 0 0 2 1 2 0 0 0 1 2 0 1 0 0 2 2 2 1 0 1 1 0 0 0 0 0 2 2 1 2 0 1 1 1 1 1 1 1 0 0 0 2 1 1 0 1 1 2 0 1 0 0 0 1 1 0 2 2 0 0 1 0 0 0 2 2 2 2 1 1 0 0 2 2 1 0 2 1 2 1 2 2 1 0 2 1 0 0 1 2 0 2 1 2 2 1 1 2 0 0 0 0 -2 -1 -2 0 0 0 -1 -2 0 -1 0 0 -2 -2 -2 -1 0 -1 -1 0 0 0 0 0 -2 -2 -1 -2 0 -1 -1 -1 -1 -1 -1 -1 0 0 0 -2 -1 -1 0 -1 -1 -2 0 -1 0 0 0 -1 -1 0 -2 -2 0 0 -1 0 0 0 -2 -2 -2 -2 -1 -1 0 0 -2 -2 -1 0 -2 -1 -2 -1 -2 -2 -1 0 -2 -1 0 0 -1 -2 0 -2 -1 -2 -2 -1 -1 -2 0 0
-0.709048270033733 0.570458965070794 -0.471154946253073 -0.521078932358845 0.837586127415039 1 2 1 2 1 2 0 0 0 0 2 1 2 2 0 2 1 0 2 0 2 1 0 0 2 2 1 1 1 1 2 0 0 1 2 0 1 1 1 1 0 0 2 2 0 1 0 1 2 0 1 0 2 0 2 2 0 2 2 0 0 1 1 1 0 2 2 2 2 1 1 1 1 2 2 1 0 2 2 1 2 2 2 2 1 0 1 0 1 0 2 0 2 0 1 0 0 1 1 0 0 2 1 2 1 2 0 0 0 0 2 1 2 2 0 2 1 0 2 0 2 1 0 0 2 2 1 1 1 1 2 0 0 1 2 0 1 1 1 1 0 0 2 2 0 1 0 1 2 0 1 0 2 0 2 2 0 2 2 0 0 1 1 1 0 2 2 2 2 1 1 1 1 2 2 1 0 2 2 1 2 2 2 2 1 0 1 0 1 0 2 0 2 0 1 0 0 1 1 0 0
0.385656657052028 0.797690662608724 0.443635391933739 1.14180059700858 -0.356652977578615 -1 0 0 1 0 2 0 0 0 1 2 1 0 0 0 0 1 2 2 1 2 2 1 1 1 1 0 1 1 1 2 0 1 2 2 1 2 2 2 0 0 0 2 1 1 2 2 2 2 0 1 0 1 0 2 1 0 2 2 0 1 2 1 1 0 2 1 2 1 0 2 2 1 2 2 1 0 1 1 1 2 2 2 2 2 1 1 1 0 0 2 0 2 1 1 1 2 1 2 1 2 0 0 -1 0 -2 0 0 0 -1 -2 -1 0 0 0 0 -1 -2 -2 -1 -2 -2 -1 -1 -1 -1 0 -1 -1 -1 -2 0 -1 -2 -2 -1 -2 -2 -2 0 0 0 -2 -1 -1 -2 -2 -2 -2 0 -1 0 -1 0 -2 -1 0 -2 -2 0 -1 -2 -1 -1 0 -2 -1 -2 -1 0 -2 -2 -1 -2 -2 -1 0 -1 -1 -1 -2 -2 -2 -2 -2 -1 -1 -1 0 0 -2 0 -2 -1 -1 -1 -2 -1 -2 -1 -2
0.921514645720524 0.897181270316841 0.892285741580944 -1.52139339398207 -0.957239002153776 -1 0 0 2 2 2 1 0 0 2 2 1 2 2 0 2 2 2 2 0 1 0 1 0 2 2 1 1 1 0 2 0 0 1 1 0 2 2 2 1 1 0 2 2 2 1 1 1 2 0 0 0 0 0 2 2 0 2 2 0 0 2 2 2 1 2 2 2 1 1 2 2 1 2 1 0 0 1 1 2 2 2 2 1 2 2 2 1 0 0 1 1 2 1 0 0 0 0 2 1 1 0 0 -2 -2 -2 -1 0 0 -2 -2 -1 -2 -2 0 -2 -2 -2 -2 0 -1 0 -1 0 -2 -2 -1 -1 -1 0 -2 0 0 -1 -1 0 -2 -2 -2 -1 -1 0 -2 -2 -2 -1 -1 -1 -2 0 0 0 0 0 -2 -2 0 -2 -2 0 0 -2 -2 -2 -1 -2 -2 -2 -1 -1 -2 -2 -1 -2 -1 0 0 -1 -1 -2 -2 -2 -2 -1 -2 -2 -2 -1 0 0 -1 -1 -2 -1 0 0 0 0 -2 -1 -1
1.48305986244926 0.43366262628415 0.34136982632678 0.153097541206002 1.11300251549872 -1 0 1 1 0 2 0 0 0 1 1 0 0 1 0 1 2 2 2 0 2 1 2 0 2 2 0 2 2 0 2 0 1 2 2 0 1 0 1 0 0 0 2 1 1 1 1 2 2 0 0 1 1 0 1 2 0 2 2 0 0 2 1 1 0 0 1 2 1 0 2 1 1 2 2 1 0 1 1 1 0 1 2 1 2 2 1 1 1 1 2 1 2 1 2 1 1 1 2 0 1 0 -1 -1 0 -2 0 0 0 -1 -1 0 0 -1 0 -1 -2 -2 -2 0 -2 -1 -2 0 -2 -2 0 -2 -2 0 -2 0 -1 -2 -2 0 -1 0 -1 0 0 0 -2 -1 -1 -1 -1 -2 -2 0 0 -1 -1 0 -1 -2 0 -2 -2 0 0 -2 -1 -1 0 0 -1 -2 -1 0 -2 -1 -1 -2 -2 -1 0 -1 -1 -1 0 -1 -2 -1 -2 -2 -1 -1 -1 -1 -2 -1 -2 -1 -2 -1 -1 -1 -2 0 -1
-0.535997266827897 0.405732840933707 1.82799446481828 0.779770969789053 -0.780747821868399 -1 1 1 2 2 2 0 1 0 1 2 2 2 1 0 0 2 2 2 0 2 2 2 1 1 2 1 2 1 1 2 0 1 1 1 0 2 1 0 0 0 0 2 2 1 1 0 1 2 0 1 1 2 0 2 2 0 2 2 0 0 1 0 1 0 2 2 2 2 0 2 1 0 2 2 0 0 0 1 2 2 2 1 2 2 1 1 1 0 1 2 2 2 1 2 1 1 1 2 1 2 -1 -1 -2 -2 -2 0 -1 0 -1 -2 -2 -2 -1 0 0 -2 -2 -2 0 -2 -2 -2 -1 -1 -2 -1 -2 -1 -1 -2 0 -1 -1 -1 0 -2 -1 0 0 0 0 -2 -2 -1 -1 0 -1 -2 0 -1 -1 -2 0 -2 -2 0 -2 -2 0 0 -1 0 -1 0 -2 -2 -2 -2 0 -2 -1 0 -2 -2 0 0 0 -1 -2 -2 -2 -1 -2 -2 -1 -1 -1 0 -1 -2 -2 -2 -1 -2 -1 -1 -1 -2 -1 -2
-0.00664656624495165 -0.870017211066948 0.766965779009852 1.09255898594561 -0.0981323746809823 1 1 0 1 1 2 0 0 0 2 2 1 2 1 0 1 2 2 2 0 1 1 1 1 2 2 2 1 1 1 2 0 1 2 2 0 1 1 1 0 0 0 2 1 0 0 0 1 2 0 1 0 1 0 2 1 0 2 2 0 0 0 1 0 1 2 1 2 2 0 1 0 1 2 2 1 0 2 1 2 1 2 1 2 1 2 2 2 0 0 1 0 2 0 1 2 0 1 2 0 1 1 0 1 1 2 0 0 0 2 2 1 2 1 0 1 2 2 2 0 1 1 1 1 2 2 2 1 1 1 2 0 1 2 2 0 1 1 1 0 0 0 2 1 0 0 0 1 2 0 1 0 1 0 2 1 0 2 2 0 0 0 1 0 1 2 1 2 2 0 1 0 1 2 2 1 0 2 1 2 1 2 1 2 1 2 2 2 0 0 1 0 2 0 1 2 0 1 2 0 1
-0.135355340591551 -1.1938313502172 -2.21278389884254 -1.12572830771487 -0.877471701551699 1 0 0 1 1 2 0 0 0 1 2 1 1 1 0 1 2 1 2 0 2 1 0 0 1 2 0 1 1 0 2 0 0 2 2 0 1 0 1 0 0 0 2 1 1 2 0 1 2 0 1 0 2 0 2 2 0 2 2 1 0 1 1 1 0 1 2 2 2 0 1 1 1 2 2 1 0 0 0 1 1 2 1 2 0 2 1 1 1 1 2 1 2 1 2 2 1 2 1 0 1 0 0 1 1 2 0 0 0 1 2 1 1 1 0 1 2 1 2 0 2 1 0 0 1 2 0 1 1 0 2 0 0 2 2 0 1 0 1 0 0 0 2 1 1 2 0 1 2 0 1 0 2 0 2 2 0 2 2 1 0 1 1 1 0 1 2 2 2 0 1 1 1 2 2 1 0 0 0 1 1 2 1 2 0 2 1 1 1 1 2 1 2 1 2 2 1 2 1 0 1
0.769922638012144 0.713015113971767 1.05594849814192 -0.070591777286911 0.203395677862368 1 2 2 2 2 2 0 0 0 1 2 2 2 1 0 1 2 2 2 0 1 1 0 0 1 1 0 2 1 2 2 0 0 1 2 0 2 2 2 0 1 0 2 1 0 0 0 2 2 0 1 0 0 0 2 2 0 2 2 0 0 1 1 0 0 1 1 2 1 0 2 1 0 1 2 2 0 2 2 1 1 2 2 1 2 1 1 2 1 2 2 2 2 0 1 1 0 0 1 0 1 2 2 2 2 2 0 0 0 1 2 2 2 1 0 1 2 2 2 0 1 1 0 0 1 1 0 2 1 2 2 0 0 1 2 0 2 2 2 0 1 0 2 1 0 0 0 2 2 0 1 0 0 0 2 2 0 2 2 0 0 1 1 0 0 1 1 2 1 0 2 1 0 1 2 2 0 2 2 1 1 2 2 1 2 1 1 2 1 2 2 2 2 0 1 1 0 0 1 0 1
0.401089519059816 -1.06888465798099 -1.62860252997402 2.49683088719945 1.6352323656587 1 1 2 2 1 2 0 0 0 1 2 1 1 1 0 0 2 2 2 0 2 2 2 0 1 1 0 2 0 1 2 0 0 0 1 0 1 1 1 0 0 0 2 2 1 1 1 2 2 0 2 0 0 0 2 2 0 2 2 0 1 2 2 1 0 2 1 2 2 0 2 2 2 2 2 2 0 1 1 2 1 2 2 2 1 2 1 1 1 0 1 0 1 2 2 1 1 1 2 1 2 1 2 2 1 2 0 0 0 1 2 1 1 1 0 0 2 2 2 0 2 2 2 0 1 1 0 2 0 1 2 0 0 0 1 0 1 1 1 0 0 0 2 2 1 1 1 2 2 0 2 0 0 0 2 2 0 2 2 0 1 2 2 1 0 2 1 2 2 0 2 2 2 2 2 2 0 1 1 2 1 2 2 2 1 2 1 1 1 0 1 0 1 2 2 1 1 1 2 1 2
-0.103346587706502 -1.97117980324565 1.90340420698629 0.183903991278587 0.915068030101044 -1 1 1 2 2 2 0 0 0 2 2 1 1 1 0 1 2 1 2 0 2 2 1 0 0 2 2 0 1 1 2 0 2 2 2 0 2 1 1 1 1 0 2 1 0 1 0 2 2 0 2 0 0 0 1 1 0 2 2 0 0 1 1 1 1 2 2 2 2 1 2 1 1 1 2 0 0 1 1 0 0 2 2 2 0 1 1 1 0 0 2 0 2 2 2 2 2 2 1 0 2 -1 -1 -2 -2 -2 0 0 0 -2 -2 -1 -1 -1 0 -1 -2 -1 -2 0 -2 -2 -1 0 0 -2 -2 0 -1 -1 -2 0 -2 -2 -2 0 -2 -1 -1 -1 -1 0 -2 -1 0 -1 0 -2 -2 0 -2 0 0 0 -1 -1 0 -2 -2 0 0 -1 -1 -1 -1 -2 -2 -2 -2 -1 -2 -1 -1 -1 -2 0 0 -1 -1 0 0 -2 -2 -2 0 -1 -1 -1 0 0 -2 0 -2 -2 -2 -2 -2 -2 -1 0 -2
0.139477527429053 -1.39753296240958 0.0840577649598056 -0.0530258826478198 0.207551427487616 -1 1 1 1 0 2 0 0 0 0 1 0 0 0 0 1 2 2 2 0 1 2 1 1 2 1 1 2 1 1 2 0 0 0 1 1 2 2 1 1 0 0 2 2 1 0 1 2 2 0 1 0 1 0 2 2 0 2 2 1 1 1 2 1 0 2 2 2 2 0 2 0 0 1 2 1 1 2 1 2 2 2 0 2 1 0 1 0 0 0 0 0 2 1 1 1 0 1 2 1 2 -1 -1 -1 0 -2 0 0 0 0 -1 0 0 0 0 -1 -2 -2 -2 0 -1 -2 -1 -1 -2 -1 -1 -2 -1 -1 -2 0 0 0 -1 -1 -2 -2 -1 -1 0 0 -2 -2 -1 0 -1 -2 -2 0 -1 0 -1 0 -2 -2 0 -2 -2 -1 -1 -1 -2 -1 0 -2 -2 -2 -2 0 -2 0 0 -1 -2 -1 -1 -2 -1 -2 -2 -2 0 -2 -1 0 -1 0 0 0 0 0 -2 -1 -1 -1 0 -1 -2 -1 -2
0.435027549783571 -0.331743016821457 -0.775848265280436 0.427634593299218 -0.247835043761398 -1 1 1 1 1 2 1 1 0 1 2 1 1 0 0 2 2 2 2 1 2 2 1 2 2 0 0 1 2 1 2 0 0 1 2 0 0 0 0 0 0 0 1 1 1 0 0 0 1 0 1 0 1 0 2 2 0 2 2 0 0 2 1 2 0 1 2 2 1 0 2 1 0 2 1 0 0 1 1 0 0 2 2 1 1 2 1 2 1 1 2 1 2 1 0 0 0 0 1 0 1 -1 -1 -1 -1 -2 -1 -1 0 -1 -2 -1 -1 0 0 -2 -2 -2 -2 -1 -2 -2 -1 -2 -2 0 0 -1 -2 -1 -2 0 0 -1 -2 0 0 0 0 0 0 0 -1 -1 -1 0 0 0 -1 0 -1 0 -1 0 -2 -2 0 -2 -2 0 0 -2 -1 -2 0 -1 -2 -2 -1 0 -2 -1 0 -2 -1 0 0 -1 -1 0 0 -2 -2 -1 -1 -2 -1 -2 -1 -1 -2 -1 -2 -1 0 0 0 0 -1 0 -1
-1.07704763611639 -0.65065262031913 1.96894582497527 -0.880504181022836 -1.02142617453794 -1 1 2 2 1 1 0 0 0 0 1 0 0 1 0 1 2 1 2 0 1 1 0 0 2 1 0 1 1 0 2 0 2 2 2 0 2 1 1 1 0 0 2 1 0 0 0 1 2 1 2 0 1 1 2 2 0 2 2 0 0 2 0 1 0 2 1 2 1 1 2 0 0 2 2 1 0 1 2 2 1 2 2 2 1 1 1 2 0 1 1 0 1 0 1 2 0 0 0 1 2 -1 -2 -2 -1 -1 0 0 0 0 -1 0 0 -1 0 -1 -2 -1 -2 0 -1 -1 0 0 -2 -1 0 -1 -1 0 -2 0 -2 -2 -2 0 -2 -1 -1 -1 0 0 -2 -1 0 0 0 -1 -2 -1 -2 0 -1 -1 -2 -2 0 -2 -2 0 0 -2 0 -1 0 -2 -1 -2 -1 -1 -2 0 0 -2 -2 -1 0 -1 -2 -2 -1 -2 -2 -2 -1 -1 -1 -2 0 -1 -1 0 -1 0 -1 -2 0 0 0 -1 -2
0.705716546354051 -0.488617110261514 1.20236814078598 -0.110803265917649 -0.632007760172376 -1 0 1 1 0 2 0 0 0 2 2 2 2 1 0 1 2 2 2 0 2 2 1 1 1 1 0 2 0 1 2 0 1 2 1 0 2 1 0 0 1 0 2 2 1 0 0 2 2 1 0 0 2 0 1 1 0 2 2 0 0 2 0 0 0 1 1 2 2 0 1 1 0 2 2 0 0 1 1 1 0 1 2 2 0 1 0 0 0 1 2 0 1 1 1 1 1 1 2 0 1 0 -1 -1 0 -2 0 0 0 -2 -2 -2 -2 -1 0 -1 -2 -2 -2 0 -2 -2 -1 -1 -1 -1 0 -2 0 -1 -2 0 -1 -2 -1 0 -2 -1 0 0 -1 0 -2 -2 -1 0 0 -2 -2 -1 0 0 -2 0 -1 -1 0 -2 -2 0 0 -2 0 0 0 -1 -1 -2 -2 0 -1 -1 0 -2 -2 0 0 -1 -1 -1 0 -1 -2 -2 0 -1 0 0 0 -1 -2 0 -1 -1 -1 -1 -1 -1 -2 0 -1
-1.32495776275166 1.67215771718622 0.653270689831177 -0.221950516715567 -0.681549015659037 -1 0 2 2 1 2 0 0 1 2 2 1 1 1 0 2 2 2 2 0 2 1 1 1 2 1 0 2 1 0 2 0 0 1 2 0 2 2 1 0 0 1 2 2 1 0 0 0 1 0 0 0 0 0 1 0 0 2 2 0 0 1 0 0 0 1 2 2 2 0 2 1 0 2 1 0 0 1 2 2 1 2 1 2 1 2 0 0 0 0 1 1 2 0 1 1 0 0 0 0 2 0 -2 -2 -1 -2 0 0 -1 -2 -2 -1 -1 -1 0 -2 -2 -2 -2 0 -2 -1 -1 -1 -2 -1 0 -2 -1 0 -2 0 0 -1 -2 0 -2 -2 -1 0 0 -1 -2 -2 -1 0 0 0 -1 0 0 0 0 0 -1 0 0 -2 -2 0 0 -1 0 0 0 -1 -2 -2 -2 0 -2 -1 0 -2 -1 0 0 -1 -2 -2 -1 -2 -1 -2 -1 -2 0 0 0 0 -1 -1 -2 0 -1 -1 0 0 0 0 -2
0.723316290500433 1.85605146256323 2.04535920024827 0.463024944509763 2.320155838255 1 1 1 2 1 2 0 0 0 1 2 2 2 2 0 1 2 2 2 0 2 1 0 0 1 1 0 0 0 0 2 0 1 1 1 0 0 1 1 0 0 0 2 1 0 1 0 1 2 0 1 0 1 0 1 1 0 2 2 0 0 2 1 0 0 2 1 2 1 0 2 1 2 2 2 2 1 1 1 2 0 1 1 2 0 0 0 0 1 0 1 0 2 1 2 2 0 0 1 0 1 1 1 2 1 2 0 0 0 1 2 2 2 2 0 1 2 2 2 0 2 1 0 0 1 1 0 0 0 0 2 0 1 1 1 0 0 1 1 0 0 0 2 1 0 1 0 1 2 0 1 0 1 0 1 1 0 2 2 0 0 2 1 0 0 2 1 2 1 0 2 1 2 2 2 2 1 1 1 2 0 1 1 2 0 0 0 0 1 0 1 0 2 1 2 2 0 0 1 0 1
0.50898510399438 -0.872281985077912 1.04792921140583 -1.18504220286913 0.843115732799281 1 0 1 1 1 2 0 1 0 1 2 2 2 2 0 1 2 2 2 0 1 1 1 1 2 2 1 2 1 1 2 0 0 2 2 0 1 1 1 0 1 0 2 0 1 1 0 2 2 0 1 0 1 0 2 2 0 2 2 0 1 1 1 2 0 2 2 2 2 0 1 0 0 2 1 0 0 0 0 2 2 2 2 2 1 0 0 0 0 0 2 0 1 2 2 1 0 1 2 1 1 0 1 1 1 2 0 1 0 1 2 2 2 2 0 1 2 2 2 0 1 1 1 1 2 2 1 2 1 1 2 0 0 2 2 0 1 1 1 0 1 0 2 0 1 1 0 2 2 0 1 0 1 0 2 2 0 2 2 0 1 1 1 2 0 2 2 2 2 0 1 0 0 2 1 0 0 0 0 2 2 2 2 2 1 0 0 0 0 0 2 0 1 2 2 1 0 1 2 1 1
-0.72308336264936 0.364788699112027 0.314929400251174 -0.171742308149587 0.18286164549167 1 0 0 0 1 2 1 0 0 2 2 0 0 1 0 0 2 2 2 0 1 2 1 0 2 2 1 1 1 1 2 0 0 2 2 0 2 2 2 0 0 1 2 2 1 1 2 2 2 0 0 0 2 1 2 2 0 2 2 1 0 2 0 1 0 2 2 2 2 1 2 1 2 2 2 1 0 2 2 2 1 2 1 2 0 1 1 1 1 1 2 0 2 1 1 2 1 0 1 0 0 0 0 0 1 2 1 0 0 2 2 0 0 1 0 0 2 2 2 0 1 2 1 0 2 2 1 1 1 1 2 0 0 2 2 0 2 2 2 0 0 1 2 2 1 1 2 2 2 0 0 0 2 1 2 2 0 2 2 1 0 2 0 1 0 2 2 2 2 1 2 1 2 2 2 1 0 2 2 2 1 2 1 2 0 1 1 1 1 1 2 0 2 1 1 2 1 0 1 0 0
-0.557871318907845 -1.14217151791044 -0.401299408150232 -0.725087929259926 0.368080842689513 -1 0 0 0 1 2 0 0 0 1 2 2 1 0 0 0 2 2 2 0 2 1 0 0 1 0 0 0 0 1 2 0 0 2 2 0 2 2 2 0 0 0 2 1 0 1 1 2 2 0 0 0 1 0 2 2 0 2 2 0 1 2 0 1 0 1 2 2 2 0 2 1 0 2 2 1 1 2 1 2 1 1 1 1 0 1 1 1 0 0 2 0 2 2 2 1 0 0 2 0 0 0 0 0 -1 -2 0 0 0 -1 -2 -2 -1 0 0 0 -2 -2 -2 0 -2 -1 0 0 -1 0 0 0 0 -1 -2 0 0 -2 -2 0 -2 -2 -2 0 0 0 -2 -1 0 -1 -1 -2 -2 0 0 0 -1 0 -2 -2 0 -2 -2 0 -1 -2 0 -1 0 -1 -2 -2 -2 0 -2 -1 0 -2 -2 -1 -1 -2 -1 -2 -1 -1 -1 -1 0 -1 -1 -1 0 0 -2 0 -2 -2 -2 -1 0 0 -2 0 0
-0.386221883553069 -0.0109268988665362 0.955809494303294 1.09603019685658 -1.16928870452903 1 0 0 2 1 2 0 0 0 2 2 0 2 1 0 1 1 1 2 0 1 1 0 1 2 2 1 1 0 1 2 0 0 2 2 0 2 1 1 1 1 2 2 2 2 1 1 1 2 0 0 0 1 1 1 2 0 2 2 1 1 1 0 1 0 1 2 2 2 0 1 1 1 2 2 2 0 2 1 2 2 2 2 2 2 2 0 1 0 0 2 1 1 1 1 1 0 0 1 2 2 0 0 2 1 2 0 0 0 2 2 0 2 1 0 1 1 1 2 0 1 1 0 1 2 2 1 1 0 1 2 0 0 2 2 0 2 1 1 1 1 2 2 2 2 1 1 1 2 0 0 0 1 1 1 2 0 2 2 1 1 1 0 1 0 1 2 2 2 0 1 1 1 2 2 2 0 2 1 2 2 2 2 2 2 2 0 1 0 0 2 1 1 1 1 1 0 0 1 2 2
-1.96925575602796 -2.48653895251093 -1.19411533799134 0.249361579054315 1.75031328415609 -1 1 1 2 2 2 0 0 0 1 2 1 1 0 0 0 2 2 2 0 2 0 1 2 2 1 1 1 1 0 2 0 0 1 2 1 2 2 2 0 0 0 2 1 1 0 1 1 2 1 1 0 2 2 2 2 0 2 2 1 0 1 1 2 1 2 2 2 2 0 2 1 0 2 1 0 0 1 1 2 2 2 1 1 1 1 1 1 0 0 2 0 1 2 2 1 1 0 2 2 2 -1 -1 -2 -2 -2 0 0 0 -1 -2 -1 -1 0 0 0 -2 -2 -2 0 -2 0 -1 -2 -2 -1 -1 -1 -1 0 -2 0 0 -1 -2 -1 -2 -2 -2 0 0 0 -2 -1 -1 0 -1 -1 -2 -1 -1 0 -2 -2 -2 -2 0 -2 -2 -1 0 -1 -1 -2 -1 -2 -2 -2 -2 0 -2 -1 0 -2 -1 0 0 -1 -1 -2 -2 -2 -1 -1 -1 -1 -1 -1 0 0 -2 0 -1 -2 -2 -1 -1 0 -2 -2 -2
0.552218275967496 -0.242153457204607 -0.568858403482929 0.830862074061789 0.725812634636651 1 0 1 2 0 2 0 0 0 2 2 2 1 1 0 1 2 2 2 0 1 1 0 1 2 1 0 0 0 1 2 0 0 1 1 0 2 1 1 0 1 0 2 1 0 0 0 2 2 1 2 0 1 1 1 2 0 2 2 0 1 2 0 0 0 2 2 2 2 0 2 1 1 2 2 2 0 1 2 2 2 2 2 1 1 1 0 0 1 1 2 1 1 2 1 0 0 0 1 0 1 0 1 2 0 2 0 0 0 2 2 2 1 1 0 1 2 2 2 0 1 1 0 1 2 1 0 0 0 1 2 0 0 1 1 0 2 1 1 0 1 0 2 1 0 0 0 2 2 1 2 0 1 1 1 2 0 2 2 0 1 2 0 0 0 2 2 2 2 0 2 1 1 2 2 2 0 1 2 2 2 2 2 1 1 1 0 0 1 1 2 1 1 2 1 0 0 0 1 0 1
1.56504525115882 -0.364258973016197 0.945260331042437 1.13655689852003 -1.15587260999521 -1 0 0 1 1 2 0 0 0 0 2 1 1 1 0 1 2 2 2 1 2 2 1 1 2 0 0 1 1 1 2 0 0 2 2 0 2 1 1 1 0 0 2 1 1 0 0 0 2 0 1 0 1 0 2 1 0 2 2 0 0 0 0 0 0 1 1 2 2 0 2 0 0 2 1 0 0 2 1 1 1 1 2 2 0 0 0 1 0 0 2 1 2 0 0 1 0 1 1 0 0 0 0 -1 -1 -2 0 0 0 0 -2 -1 -1 -1 0 -1 -2 -2 -2 -1 -2 -2 -1 -1 -2 0 0 -1 -1 -1 -2 0 0 -2 -2 0 -2 -1 -1 -1 0 0 -2 -1 -1 0 0 0 -2 0 -1 0 -1 0 -2 -1 0 -2 -2 0 0 0 0 0 0 -1 -1 -2 -2 0 -2 0 0 -2 -1 0 0 -2 -1 -1 -1 -1 -2 -2 0 0 0 -1 0 0 -2 -1 -2 0 0 -1 0 -1 -1 0 0
-0.259942953780062 0.20189574754886 -0.82294740886057 1.56171752573162 -0.696409772203969 1 1 1 2 0 2 0 0 0 1 1 1 2 1 0 1 1 2 2 0 2 1 2 2 2 2 1 1 1 0 2 0 0 1 1 0 1 2 2 0 0 0 1 0 1 0 0 0 1 0 0 0 0 0 1 2 0 2 2 0 0 1 1 1 0 1 1 2 2 0 2 1 1 1 2 0 0 0 1 2 2 2 2 2 2 1 2 1 0 0 1 0 2 1 1 1 1 0 1 1 2 1 1 2 0 2 0 0 0 1 1 1 2 1 0 1 1 2 2 0 2 1 2 2 2 2 1 1 1 0 2 0 0 1 1 0 1 2 2 0 0 0 1 0 1 0 0 0 1 0 0 0 0 0 1 2 0 2 2 0 0 1 1 1 0 1 1 2 2 0 2 1 1 1 2 0 0 0 1 2 2 2 2 2 2 1 2 1 0 0 1 0 2 1 1 1 1 0 1 1 2
0.270346950554572 0.493180832690947 0.0754557264994505 0.958545693536109 -0.0542900045886926 1 2 1 2 2 2 0 0 0 2 2 1 2 1 0 2 2 2 2 1 2 1 0 0 1 1 1 2 1 0 2 0 1 2 2 1 2 2 2 0 0 0 2 2 0 0 0 1 2 0 2 0 0 0 2 1 0 2 2 0 0 1 2 0 1 1 2 2 2 0 2 1 0 1 2 0 0 1 0 2 1 2 2 2 0 1 1 2 0 0 0 0 2 2 2 1 0 0 2 2 2 2 1 2 2 2 0 0 0 2 2 1 2 1 0 2 2 2 2 1 2 1 0 0 1 1 1 2 1 0 2 0 1 2 2 1 2 2 2 0 0 0 2 2 0 0 0 1 2 0 2 0 0 0 2 1 0 2 2 0 0 1 2 0 1 1 2 2 2 0 2 1 0 1 2 0 0 1 0 2 1 2 2 2 0 1 1 2 0 0 0 0 2 2 2 1 0 0 2 2 2
-1.75062700329123 -1.09372356683064 -0.0132009389504781 0.0149711148827988 -1.04294102445004 -1 1 1 2 2 2 0 0 0 1 2 1 1 1 0 1 2 2 2 0 1 2 1 0 1 0 0 2 2 1 2 0 0 2 2 1 2 2 2 0 0 0 1 0 0 0 0 1 2 0 1 0 0 0 1 0 0 2 2 0 0 1 1 1 0 1 2 2 1 0 2 0 0 1 2 1 0 2 2 2 1 2 1 1 1 1 1 1 1 0 1 1 2 1 1 1 0 0 2 1 2 -1 -1 -2 -2 -2 0 0 0 -1 -2 -1 -1 -1 0 -1 -2 -2 -2 0 -1 -2 -1 0 -1 0 0 -2 -2 -1 -2 0 0 -2 -2 -1 -2 -2 -2 0 0 0 -1 0 0 0 0 -1 -2 0 -1 0 0 0 -1 0 0 -2 -2 0 0 -1 -1 -1 0 -1 -2 -2 -1 0 -2 0 0 -1 -2 -1 0 -2 -2 -2 -1 -2 -1 -1 -1 -1 -1 -1 -1 0 -1 -1 -2 -1 -1 -1 0 0 -2 -1 -2
-0.345878727784773 -1.27000099145841 0.0709495817812038 -0.265806329103765 0.0583419655139291 1 0 1 2 1 2 0 0 0 0 2 1 2 0 0 1 2 1 2 0 2 2 1 0 2 2 1 2 1 1 2 0 1 0 1 0 2 1 2 1 1 1 2 1 0 1 1 0 1 0 0 0 0 1 2 2 0 2 2 1 0 0 0 0 0 2 2 2 1 0 2 2 1 2 2 1 1 2 2 2 2 2 2 2 0 0 0 1 0 0 1 0 1 1 1 0 0 0 2 1 1 0 1 2 1 2 0 0 0 0 2 1 2 0 0 1 2 1 2 0 2 2 1 0 2 2 1 2 1 1 2 0 1 0 1 0 2 1 2 1 1 1 2 1 0 1 1 0 1 0 0 0 0 1 2 2 0 2 2 1 0 0 0 0 0 2 2 2 1 0 2 2 1 2 2 1 1 2 2 2 2 2 2 2 0 0 0 1 0 0 1 0 1 1 1 0 0 0 2 1 1
-0.124872679368295 1.32049934476634 -0.963211554155059 -2.27256561502577 1.19945858803348 -1 1 1 1 0 2 0 0 0 1 2 2 2 1 0 2 1 2 2 0 2 1 0 0 2 1 0 1 2 1 2 0 0 2 2 0 1 1 1 1 0 1 2 2 1 2 0 1 2 0 0 0 0 0 2 2 0 2 2 0 0 2 1 1 0 1 1 2 2 1 2 1 1 1 2 0 0 2 2 2 2 2 2 2 1 1 1 1 0 0 2 0 1 1 1 1 1 1 1 1 1 -1 -1 -1 0 -2 0 0 0 -1 -2 -2 -2 -1 0 -2 -1 -2 -2 0 -2 -1 0 0 -2 -1 0 -1 -2 -1 -2 0 0 -2 -2 0 -1 -1 -1 -1 0 -1 -2 -2 -1 -2 0 -1 -2 0 0 0 0 0 -2 -2 0 -2 -2 0 0 -2 -1 -1 0 -1 -1 -2 -2 -1 -2 -1 -1 -1 -2 0 0 -2 -2 -2 -2 -2 -2 -2 -1 -1 -1 -1 0 0 -2 0 -1 -1 -1 -1 -1 -1 -1 -1 -1
-1.26544094451649 0.432693519734092 1.98045920696085 1.36956265069529 -0.536012115095268 1 2 1 2 2 2 0 1 0 0 2 1 1 1 0 0 2 2 2 0 1 0 1 1 1 2 1 1 1 0 2 0 0 1 2 1 1 2 1 1 1 0 1 1 1 1 1 2 2 0 1 0 1 1 2 2 0 2 2 0 0 1 0 0 0 2 2 2 2 0 2 0 0 2 1 1 0 2 2 2 2 2 1 2 1 1 1 1 0 1 2 0 2 0 1 0 1 1 1 0 1 2 1 2 2 2 0 1 0 0 2 1 1 1 0 0 2 2 2 0 1 0 1 1 1 2 1 1 1 0 2 0 0 1 2 1 1 2 1 1 1 0 1 1 1 1 1 2 2 0 1 0 1 1 2 2 0 2 2 0 0 1 0 0 0 2 2 2 2 0 2 0 0 2 1 1 0 2 2 2 2 2 1 2 1 1 1 1 0 1 2 0 2 0 1 0 1 1 1 0 1
1.07039847138304 -0.58073237596847 -0.747377393709827 -1.94125704437253 0.718678251141503 -1 2 2 2 2 2 0 0 0 1 1 0 1 1 0 0 1 1 2 0 1 1 1 1 2 2 1 2 1 1 2 0 0 1 2 0 1 1 1 1 0 0 2 2 1 1 1 2 1 0 1 0 1 0 1 2 0 2 2 0 1 1 1 0 1 2 1 2 1 0 1 1 0 2 2 2 0 2 2 2 2 2 1 1 1 1 0 1 0 1 2 2 2 2 1 1 0 0 1 1 1 -2 -2 -2 -2 -2 0 0 0 -1 -1 0 -1 -1 0 0 -1 -1 -2 0 -1 -1 -1 -1 -2 -2 -1 -2 -1 -1 -2 0 0 -1 -2 0 -1 -1 -1 -1 0 0 -2 -2 -1 -1 -1 -2 -1 0 -1 0 -1 0 -1 -2 0 -2 -2 0 -1 -1 -1 0 -1 -2 -1 -2 -1 0 -1 -1 0 -2 -2 -2 0 -2 -2 -2 -2 -2 -1 -1 -1 -1 0 -1 0 -1 -2 -2 -2 -2 -1 -1 0 0 -1 -1 -1
1.66405697101076 0.318851999873337 -0.969064085166772 0.694549822132174 0.549188185847405 -1 1 2 1 1 2 0 0 0 0 2 1 1 1 0 2 2 2 2 1 2 2 1 1 2 2 0 2 2 0 2 0 0 1 1 0 1 1 1 1 2 0 2 1 1 0 0 1 2 0 0 0 0 0 1 2 0 2 2 0 0 1 1 1 0 2 2 2 2 1 2 2 0 2 1 0 0 1 1 2 2 2 2 2 0 1 1 0 0 1 2 0 1 2 2 1 0 0 1 2 1 -1 -2 -1 -1 -2 0 0 0 0 -2 -1 -1 -1 0 -2 -2 -2 -2 -1 -2 -2 -1 -1 -2 -2 0 -2 -2 0 -2 0 0 -1 -1 0 -1 -1 -1 -1 -2 0 -2 -1 -1 0 0 -1 -2 0 0 0 0 0 -1 -2 0 -2 -2 0 0 -1 -1 -1 0 -2 -2 -2 -2 -1 -2 -2 0 -2 -1 0 0 -1 -1 -2 -2 -2 -2 -2 0 -1 -1 0 0 -1 -2 0 -1 -2 -2 -1 0 0 -1 -2 -1
-0.633307620192137 1.3160519350349 0.331055698379928 -0.656201379868179 0.58664798873777 -1 0 0 2 2 2 0 0 0 2 2 1 1 1 0 2 2 2 2 0 2 1 1 2 2 2 0 1 1 0 2 0 0 2 2 0 2 1 0 0 2 1 2 2 1 0 1 2 2 0 0 0 0 0 2 0 0 1 2 0 2 2 1 0 0 2 2 2 1 0 2 1 0 1 2 1 0 1 1 1 1 1 1 1 0 1 0 1 1 1 2 1 2 2 2 2 1 1 2 1 1 0 0 -2 -2 -2 0 0 0 -2 -2 -1 -1 -1 0 -2 -2 -2 -2 0 -2 -1 -1 -2 -2 -2 0 -1 -1 0 -2 0 0 -2 -2 0 -2 -1 0 0 -2 -1 -2 -2 -1 0 -1 -2 -2 0 0 0 0 0 -2 0 0 -1 -2 0 -2 -2 -1 0 0 -2 -2 -2 -1 0 -2 -1 0 -1 -2 -1 0 -1 -1 -1 -1 -1 -1 -1 0 -1 0 -1 -1 -1 -2 -1 -2 -2 -2 -2 -1 -1 -2 -1 -1
-0.758925160834274 0.332863590900449 -0.248739302615535 1.06691091668008 0.289270308654209 -1 0 1 2 1 2 0 0 0 1 2 1 1 0 0 0 1 1 2 1 2 2 1 1 2 2 0 1 1 0 1 0 0 2 2 0 0 1 2 1 1 1 2 0 1 0 0 2 2 0 1 0 0 0 2 2 0 2 2 0 0 2 1 2 1 1 2 2 2 0 2 2 1 2 2 0 0 1 0 2 1 2 2 2 2 1 1 2 2 1 2 1 2 2 2 1 1 0 2 0 1 0 -1 -2 -1 -2 0 0 0 -1 -2 -1 -1 0 0 0 -1 -1 -2 -1 -2 -2 -1 -1 -2 -2 0 -1 -1 0 -1 0 0 -2 -2 0 0 -1 -2 -1 -1 -1 -2 0 -1 0 0 -2 -2 0 -1 0 0 0 -2 -2 0 -2 -2 0 0 -2 -1 -2 -1 -1 -2 -2 -2 0 -2 -2 -1 -2 -2 0 0 -1 0 -2 -1 -2 -2 -2 -2 -1 -1 -2 -2 -1 -2 -1 -2 -2 -2 -1 -1 0 -2 0 -1
0.212738034705935 -1.58112151623234 0.972483591697755 -2.02036631187319 -0.472078408920807 -1 1 1 2 1 1 0 0 0 1 2 1 2 1 0 1 2 1 2 0 2 2 0 1 2 2 0 0 1 1 2 0 0 2 2 0 2 2 1 1 0 0 2 0 0 0 1 2 2 0 2 1 0 1 2 2 0 2 2 0 0 2 1 1 0 1 1 2 2 0 1 0 0 1 1 1 0 1 1 2 2 2 2 2 1 0 1 1 1 1 2 0 1 1 1 1 1 1 1 0 2 -1 -1 -2 -1 -1 0 0 0 -1 -2 -1 -2 -1 0 -1 -2 -1 -2 0 -2 -2 0 -1 -2 -2 0 0 -1 -1 -2 0 0 -2 -2 0 -2 -2 -1 -1 0 0 -2 0 0 0 -1 -2 -2 0 -2 -1 0 -1 -2 -2 0 -2 -2 0 0 -2 -1 -1 0 -1 -1 -2 -2 0 -1 0 0 -1 -1 -1 0 -1 -1 -2 -2 -2 -2 -2 -1 0 -1 -1 -1 -1 -2 0 -1 -1 -1 -1 -1 -1 -1 0 -2
0.900753412570929 -0.324673958409123 1.5037310452168 0.825692943254016 1.79817475138528 1 0 1 2 1 1 0 0 0 0 1 0 1 2 0 2 2 1 2 0 2 1 2 1 1 1 0 2 0 1 2 0 0 2 2 0 1 0 0 0 1 0 2 0 0 1 1 1 1 0 1 1 1 1 2 2 0 2 2 0 0 2 2 1 0 2 2 2 2 0 2 1 1 2 2 0 0 0 1 1 0 1 2 2 1 1 0 0 0 1 2 1 2 1 2 1 0 0 1 1 1 0 1 2 1 1 0 0 0 0 1 0 1 2 0 2 2 1 2 0 2 1 2 1 1 1 0 2 0 1 2 0 0 2 2 0 1 0 0 0 1 0 2 0 0 1 1 1 1 0 1 1 1 1 2 2 0 2 2 0 0 2 2 1 0 2 2 2 2 0 2 1 1 2 2 0 0 0 1 1 0 1 2 2 1 1 0 0 0 1 2 1 2 1 2 1 0 0 1 1 1
-0.204525415608516 -0.0239049932678456 -0.670509991018901 -0.103138966391764 -0.942369623275593 -1 0 0 2 1 2 0 1 0 2 2 2 1 2 0 2 2 2 2 0 2 1 1 0 2 2 1 0 0 0 2 0 0 1 1 0 2 2 1 1 0 0 2 1 0 1 1 2 2 2 2 1 1 1 2 2 0 2 2 0 0 1 1 1 0 1 0 1 1 0 2 0 0 2 2 0 0 1 0 2 1 2 2 2 2 0 1 1 0 0 1 0 1 1 1 0 0 0 2 1 1 0 0 -2 -1 -2 0 -1 0 -2 -2 -2 -1 -2 0 -2 -2 -2 -2 0 -2 -1 -1 0 -2 -2 -1 0 0 0 -2 0 0 -1 -1 0 -2 -2 -1 -1 0 0 -2 -1 0 -1 -1 -2 -2 -2 -2 -1 -1 -1 -2 -2 0 -2 -2 0 0 -1 -1 -1 0 -1 0 -1 -1 0 -2 0 0 -2 -2 0 0 -1 0 -2 -1 -2 -2 -2 -2 0 -1 -1 0 0 -1 0 -1 -1 -1 0 0 0 -2 -1 -1
0.0447855797476697 0.977011307943896 -0.423406502635462 0.887881484387608 0.239768639092591 -1 0 1 2 2 2 0 0 0 0 2 0 1 0 0 2 2 1 2 0 1 0 0 0 1 1 2 2 2 1 2 0 0 2 1 0 0 2 1 0 0 0 2 2 1 0 0 0 2 0 1 0 0 0 2 2 0 2 2 0 1 1 0 0 0 0 1 1 0 0 2 2 1 2 2 1 0 1 2 2 2 2 2 2 0 1 2 1 1 1 2 1 2 1 1 1 0 0 2 1 1 0 -1 -2 -2 -2 0 0 0 0 -2 0 -1 0 0 -2 -2 -1 -2 0 -1 0 0 0 -1 -1 -2 -2 -2 -1 -2 0 0 -2 -1 0 0 -2 -1 0 0 0 -2 -2 -1 0 0 0 -2 0 -1 0 0 0 -2 -2 0 -2 -2 0 -1 -1 0 0 0 0 -1 -1 0 0 -2 -2 -1 -2 -2 -1 0 -1 -2 -2 -2 -2 -2 -2 0 -1 -2 -1 -1 -1 -2 -1 -2 -1 -1 -1 0 0 -2 -1 -1
0.948832510702071 0.80908598077055 -2.83769198557009 0.143149457038256 -0.401999849787949 -1 0 1 1 0 1 0 0 0 1 1 0 0 0 0 1 2 2 2 1 2 1 0 0 1 2 1 0 1 0 2 0 0 2 2 1 2 2 2 1 1 1 2 1 0 1 2 2 2 1 1 0 1 1 2 2 0 2 2 0 0 0 0 0 0 0 0 2 2 0 2 2 2 2 2 1 1 2 1 2 2 2 2 2 2 1 1 1 1 0 2 2 2 0 2 1 1 1 1 2 1 0 -1 -1 0 -1 0 0 0 -1 -1 0 0 0 0 -1 -2 -2 -2 -1 -2 -1 0 0 -1 -2 -1 0 -1 0 -2 0 0 -2 -2 -1 -2 -2 -2 -1 -1 -1 -2 -1 0 -1 -2 -2 -2 -1 -1 0 -1 -1 -2 -2 0 -2 -2 0 0 0 0 0 0 0 0 -2 -2 0 -2 -2 -2 -2 -2 -1 -1 -2 -1 -2 -2 -2 -2 -2 -2 -1 -1 -1 -1 0 -2 -2 -2 0 -2 -1 -1 -1 -1 -2 -1
0.65424060543867 1.48833735967813 0.399033719545698 1.17846325028449 0.548355748240903 -1 2 2 2 2 2 0 0 0 1 2 0 1 2 0 0 2 2 2 0 1 0 1 0 2 2 1 1 2 0 2 0 1 1 1 0 1 1 1 0 0 0 2 0 0 1 0 0 1 0 1 0 2 0 2 2 0 2 2 0 0 0 0 0 0 1 0 1 1 0 2 1 1 2 2 1 0 1 1 2 1 1 2 1 2 2 1 1 1 0 2 2 1 1 2 2 2 2 2 1 2 -2 -2 -2 -2 -2 0 0 0 -1 -2 0 -1 -2 0 0 -2 -2 -2 0 -1 0 -1 0 -2 -2 -1 -1 -2 0 -2 0 -1 -1 -1 0 -1 -1 -1 0 0 0 -2 0 0 -1 0 0 -1 0 -1 0 -2 0 -2 -2 0 -2 -2 0 0 0 0 0 0 -1 0 -1 -1 0 -2 -1 -1 -2 -2 -1 0 -1 -1 -2 -1 -1 -2 -1 -2 -2 -1 -1 -1 0 -2 -2 -1 -1 -2 -2 -2 -2 -2 -1 -2
-0.734316819636398 -0.140773850516077 -1.92718141020824 3.06925309806469 -0.432674398220901 1 0 0 2 1 2 0 0 0 1 2 0 1 2 0 2 2 1 2 0 1 0 0 0 0 1 0 2 1 1 2 0 0 0 1 0 1 1 1 1 0 0 2 0 1 0 2 2 2 0 0 0 1 0 1 2 0 2 2 1 1 2 1 0 0 1 1 2 0 0 2 2 2 2 2 0 0 1 1 2 1 2 2 2 1 0 1 2 1 1 2 1 2 1 1 1 1 0 1 0 2 0 0 2 1 2 0 0 0 1 2 0 1 2 0 2 2 1 2 0 1 0 0 0 0 1 0 2 1 1 2 0 0 0 1 0 1 1 1 1 0 0 2 0 1 0 2 2 2 0 0 0 1 0 1 2 0 2 2 1 1 2 1 0 0 1 1 2 0 0 2 2 2 2 2 0 0 1 1 2 1 2 2 2 1 0 1 2 1 1 2 1 2 1 1 1 1 0 1 0 2
-2.15744988982635 -1.03931260129282 0.0259540276027206 0.0391207537080075 -0.205342500402495 -1 0 1 1 0 2 0 0 0 1 1 1 2 2 0 1 1 1 2 0 1 1 0 0 1 2 0 2 0 1 2 0 0 1 2 0 2 0 2 0 1 0 1 0 0 0 0 0 2 0 0 0 0 0 2 2 0 1 2 0 0 2 1 1 1 2 2 2 2 0 2 1 0 1 2 0 0 1 1 1 0 1 2 2 0 2 1 1 0 0 1 0 1 1 2 1 1 1 2 2 1 0 -1 -1 0 -2 0 0 0 -1 -1 -1 -2 -2 0 -1 -1 -1 -2 0 -1 -1 0 0 -1 -2 0 -2 0 -1 -2 0 0 -1 -2 0 -2 0 -2 0 -1 0 -1 0 0 0 0 0 -2 0 0 0 0 0 -2 -2 0 -1 -2 0 0 -2 -1 -1 -1 -2 -2 -2 -2 0 -2 -1 0 -1 -2 0 0 -1 -1 -1 0 -1 -2 -2 0 -2 -1 -1 0 0 -1 0 -1 -1 -2 -1 -1 -1 -2 -2 -1
1.58683808014823 -0.423946635510482 0.290170800303488 -0.708452138215329 0.465398559828493 -1 0 1 2 2 2 0 1 0 2 2 1 2 2 0 1 2 2 2 1 2 2 2 1 2 2 1 1 2 1 2 0 1 2 2 1 2 2 1 1 1 0 1 0 1 0 0 0 2 0 1 0 1 1 2 2 0 2 2 1 0 2 0 1 0 2 2 2 2 1 1 0 1 2 1 1 0 1 0 2 2 2 2 2 1 1 0 0 0 0 1 0 0 1 2 2 1 1 2 1 0 0 -1 -2 -2 -2 0 -1 0 -2 -2 -1 -2 -2 0 -1 -2 -2 -2 -1 -2 -2 -2 -1 -2 -2 -1 -1 -2 -1 -2 0 -1 -2 -2 -1 -2 -2 -1 -1 -1 0 -1 0 -1 0 0 0 -2 0 -1 0 -1 -1 -2 -2 0 -2 -2 -1 0 -2 0 -1 0 -2 -2 -2 -2 -1 -1 0 -1 -2 -1 -1 0 -1 0 -2 -2 -2 -2 -2 -1 -1 0 0 0 0 -1 0 0 -1 -2 -2 -1 -1 -2 -1 0
-1.60352191732195 -0.815754759676201 2.06785347622354 2.24407230604018 0.728224553289639 1 0 1 2 1 2 0 0 0 0 2 1 2 2 1 0 1 1 2 0 1 1 1 1 1 1 0 0 0 1 2 0 1 2 2 0 2 1 2 2 1 0 1 2 0 1 1 1 1 0 1 0 0 0 2 2 0 1 2 0 0 1 1 1 0 1 1 2 2 0 2 0 0 0 2 1 0 1 1 2 1 2 2 2 0 1 1 2 1 1 1 0 2 1 1 1 0 1 1 1 2 0 1 2 1 2 0 0 0 0 2 1 2 2 1 0 1 1 2 0 1 1 1 1 1 1 0 0 0 1 2 0 1 2 2 0 2 1 2 2 1 0 1 2 0 1 1 1 1 0 1 0 0 0 2 2 0 1 2 0 0 1 1 1 0 1 1 2 2 0 2 0 0 0 2 1 0 1 1 2 1 2 2 2 0 1 1 2 1 1 1 0 2 1 1 1 0 1 1 1 2
-0.946599230998196 -0.0204846205759568 -0.625524635451099 -0.133870345324256 -0.145577069292722 -1 1 2 0 0 2 0 0 0 0 1 0 1 2 0 1 2 2 1 0 0 0 0 0 1 2 1 1 0 0 2 0 0 2 2 0 1 2 0 1 0 0 2 1 0 1 0 1 2 0 1 0 0 0 2 2 0 2 2 0 0 1 1 1 0 2 2 2 2 0 2 0 0 2 2 0 0 1 1 2 1 2 2 2 2 2 2 1 0 0 1 0 1 2 1 0 0 0 2 1 1 -1 -2 0 0 -2 0 0 0 0 -1 0 -1 -2 0 -1 -2 -2 -1 0 0 0 0 0 -1 -2 -1 -1 0 0 -2 0 0 -2 -2 0 -1 -2 0 -1 0 0 -2 -1 0 -1 0 -1 -2 0 -1 0 0 0 -2 -2 0 -2 -2 0 0 -1 -1 -1 0 -2 -2 -2 -2 0 -2 0 0 -2 -2 0 0 -1 -1 -2 -1 -2 -2 -2 -2 -2 -2 -1 0 0 -1 0 -1 -2 -1 0 0 0 -2 -1 -1
0.184177693327955 1.81064539328332 0.421904962140431 -0.962719020600922 0.640126488466873 -1 1 2 2 2 2 0 0 0 2 2 0 1 1 0 2 2 2 2 0 1 1 1 0 1 0 0 1 2 2 2 1 1 2 2 2 2 0 1 2 1 0 2 1 1 2 1 1 2 0 2 0 2 2 2 2 0 2 2 1 1 2 1 2 1 2 2 2 2 0 2 2 1 2 2 0 0 1 1 0 1 2 1 2 1 1 1 2 1 0 1 2 2 1 0 1 0 0 1 0 1 -1 -2 -2 -2 -2 0 0 0 -2 -2 0 -1 -1 0 -2 -2 -2 -2 0 -1 -1 -1 0 -1 0 0 -1 -2 -2 -2 -1 -1 -2 -2 -2 -2 0 -1 -2 -1 0 -2 -1 -1 -2 -1 -1 -2 0 -2 0 -2 -2 -2 -2 0 -2 -2 -1 -1 -2 -1 -2 -1 -2 -2 -2 -2 0 -2 -2 -1 -2 -2 0 0 -1 -1 0 -1 -2 -1 -2 -1 -1 -1 -2 -1 0 -1 -2 -2 -1 0 -1 0 0 -1 0 -1
1.27925200007854 0.676780389925139 0.128081495327674 -0.335941166700971 0.380486431282702 1 0 0 1 1 2 0 0 0 1 2 1 0 0 0 2 2 2 2 0 2 0 0 0 1 1 0 1 1 0 2 0 0 1 2 0 2 1 1 1 2 1 2 0 1 2 1 1 2 0 1 1 2 0 2 1 0 2 2 0 1 2 0 0 0 2 2 2 1 1 2 1 1 1 2 0 0 1 1 1 2 2 2 1 1 1 2 2 0 0 1 0 2 2 2 2 0 0 2 1 1 0 0 1 1 2 0 0 0 1 2 1 0 0 0 2 2 2 2 0 2 0 0 0 1 1 0 1 1 0 2 0 0 1 2 0 2 1 1 1 2 1 2 0 1 2 1 1 2 0 1 1 2 0 2 1 0 2 2 0 1 2 0 0 0 2 2 2 1 1 2 1 1 1 2 0 0 1 1 1 2 2 2 1 1 1 2 2 0 0 1 0 2 2 2 2 0 0 2 1 1
