0.0353615138801386 -1.58704451716613 -1.5494184997063 -1.40725418052275 1.41261930534136 1 0 0 1 2 0 1 0 1 2 1 2 0 2 1 2 2 0 2 0 1 2 2 0 2 2 1 1 2 0 0 1 2 1 0 1 2 2 0 1 0 0 1 2 2 2 2 1 0 2 0 0 2 2 0 1 2 2 0 0 1 1 0 0 1 2 1 1 1 1 1 1 2 1 0 0 0 2 2 2 0 0 0 1 2 1 2 1 1 1 0 1 0 2 0 0 1 1 2 1 1 0 0 1 2 0 1 0 1 2 1 2 0 2 1 2 2 0 2 0 1 2 2 0 2 2 1 1 2 0 0 1 2 1 0 1 2 2 0 1 0 0 1 2 2 2 2 1 0 2 0 0 2 2 0 1 2 2 0 0 1 1 0 0 1 2 1 1 1 1 1 1 2 1 0 0 0 2 2 2 0 0 0 1 2 1 2 1 1 1 0 1 0 2 0 0 1 1 2 1 1
-0.531674084106655 2.01411196187128 -0.330152579507995 -1.70146020805924 -1.73664725937354 1 1 0 1 2 0 0 1 1 2 0 2 0 1 1 2 2 1 1 0 0 1 2 1 1 2 0 0 2 0 0 2 2 2 2 0 2 2 0 2 2 0 0 2 2 2 2 1 0 2 1 0 2 2 0 0 2 2 0 0 0 1 0 0 2 1 0 0 0 0 1 2 2 2 0 1 0 2 1 2 2 1 1 2 2 0 2 1 2 2 1 1 0 2 0 0 0 1 1 1 2 1 0 1 2 0 0 1 1 2 0 2 0 1 1 2 2 1 1 0 0 1 2 1 1 2 0 0 2 0 0 2 2 2 2 0 2 2 0 2 2 0 0 2 2 2 2 1 0 2 1 0 2 2 0 0 2 2 0 0 0 1 0 0 2 1 0 0 0 0 1 2 2 2 0 1 0 2 1 2 2 1 1 2 2 0 2 1 2 2 1 1 0 2 0 0 0 1 1 1 2
-0.762664930644482 -0.382699620415669 0.816999470941753 -0.716672581277543 0.478515793955567 1 2 2 1 2 0 1 2 2 2 1 2 0 0 0 1 2 0 2 0 0 1 1 0 0 2 0 1 2 0 0 1 2 0 0 0 2 2 0 2 1 0 1 2 2 2 1 1 0 1 0 0 1 2 0 0 2 2 0 0 0 0 0 1 1 1 1 0 0 2 2 2 2 2 0 0 0 2 0 2 1 0 0 1 1 1 2 0 1 2 1 2 0 2 0 1 1 2 1 0 0 2 2 1 2 0 1 2 2 2 1 2 0 0 0 1 2 0 2 0 0 1 1 0 0 2 0 1 2 0 0 1 2 0 0 0 2 2 0 2 1 0 1 2 2 2 1 1 0 1 0 0 1 2 0 0 2 2 0 0 0 0 0 1 1 1 1 0 0 2 2 2 2 2 0 0 0 2 0 2 1 0 0 1 1 1 2 0 1 2 1 2 0 2 0 1 1 2 1 0 0
0.716555758129488 -1.94792882408738 0.712329923655668 -0.0669082083962703 0.417682824645799 -1 1 1 1 1 0 1 2 2 2 1 2 0 0 1 0 0 0 1 0 1 2 2 1 2 2 2 1 2 1 0 1 2 0 1 0 2 2 0 2 1 0 1 2 1 2 2 2 0 2 1 0 2 2 0 1 2 2 0 0 0 0 0 0 2 2 1 1 2 2 1 1 2 0 0 0 0 2 0 2 1 1 0 0 0 0 2 0 1 2 2 2 1 2 1 0 1 2 0 0 0 -1 -1 -1 -1 0 -1 -2 -2 -2 -1 -2 0 0 -1 0 0 0 -1 0 -1 -2 -2 -1 -2 -2 -2 -1 -2 -1 0 -1 -2 0 -1 0 -2 -2 0 -2 -1 0 -1 -2 -1 -2 -2 -2 0 -2 -1 0 -2 -2 0 -1 -2 -2 0 0 0 0 0 0 -2 -2 -1 -1 -2 -2 -1 -1 -2 0 0 0 0 -2 0 -2 -1 -1 0 0 0 0 -2 0 -1 -2 -2 -2 -1 -2 -1 0 -1 -2 0 0 0
-1.14859601296908 0.264095094030759 -0.652519193107258 -1.1954127172129 -0.613781041685079 1 0 1 0 2 0 0 1 1 2 2 2 0 1 0 0 2 0 2 0 1 1 1 0 1 2 0 1 2 0 0 2 2 0 0 0 1 2 0 2 1 0 1 1 1 2 1 1 0 2 1 1 1 2 0 1 2 2 0 0 0 1 0 0 1 1 0 1 1 2 1 2 2 2 0 1 0 2 1 2 1 1 1 2 2 2 2 1 2 0 0 1 0 1 0 0 1 1 0 0 0 0 1 0 2 0 0 1 1 2 2 2 0 1 0 0 2 0 2 0 1 1 1 0 1 2 0 1 2 0 0 2 2 0 0 0 1 2 0 2 1 0 1 1 1 2 1 1 0 2 1 1 1 2 0 1 2 2 0 0 0 1 0 0 1 1 0 1 1 2 1 2 2 2 0 1 0 2 1 2 1 1 1 2 2 2 2 1 2 0 0 1 0 1 0 0 1 1 0 0 0
-1.25054046348619 0.363830519437304 0.252759269765171 0.113051362115455 -1.4113769932137 -1 1 0 1 1 0 0 0 0 2 2 2 0 0 1 1 2 1 2 0 1 2 2 0 1 2 0 0 2 1 0 1 2 0 0 0 2 2 0 2 1 0 1 1 1 2 1 2 0 2 1 1 2 2 0 1 2 2 0 1 1 2 0 0 1 1 0 0 2 1 1 2 2 1 0 0 0 1 1 2 0 0 0 0 1 0 2 0 1 1 0 1 0 2 0 0 1 1 1 1 2 -1 0 -1 -1 0 0 0 0 -2 -2 -2 0 0 -1 -1 -2 -1 -2 0 -1 -2 -2 0 -1 -2 0 0 -2 -1 0 -1 -2 0 0 0 -2 -2 0 -2 -1 0 -1 -1 -1 -2 -1 -2 0 -2 -1 -1 -2 -2 0 -1 -2 -2 0 -1 -1 -2 0 0 -1 -1 0 0 -2 -1 -1 -2 -2 -1 0 0 0 -1 -1 -2 0 0 0 0 -1 0 -2 0 -1 -1 0 -1 0 -2 0 0 -1 -1 -1 -1 -2
1.009212314133 -0.725400059706164 -0.101272870432776 -0.352839317978508 -0.144929966025765 1 1 2 1 0 0 0 1 2 2 2 2 0 2 2 2 2 1 2 0 0 1 2 0 0 1 0 0 1 0 0 2 2 0 1 1 2 2 0 2 0 0 1 2 1 2 2 1 0 2 1 0 0 2 0 0 2 2 0 0 0 0 0 1 0 1 0 1 1 1 0 0 1 2 0 1 0 2 1 2 1 1 1 1 0 1 2 1 2 2 1 2 0 2 1 1 0 1 1 0 0 1 2 1 0 0 0 1 2 2 2 2 0 2 2 2 2 1 2 0 0 1 2 0 0 1 0 0 1 0 0 2 2 0 1 1 2 2 0 2 0 0 1 2 1 2 2 1 0 2 1 0 0 2 0 0 2 2 0 0 0 0 0 1 0 1 0 1 1 1 0 0 1 2 0 1 0 2 1 2 1 1 1 1 0 1 2 1 2 2 1 2 0 2 1 1 0 1 1 0 0
-0.486162188348258 0.847559281651492 -1.81725194884499 0.660055138272923 -1.16330682295855 -1 1 2 0 1 0 0 1 0 2 2 2 0 1 1 2 2 0 2 0 1 2 2 0 2 2 1 1 2 0 0 2 2 2 1 0 2 1 0 2 1 1 2 2 2 2 2 1 0 2 2 2 2 2 0 2 2 2 0 0 1 1 0 1 2 1 0 1 0 2 1 2 1 1 0 1 0 2 1 2 1 0 0 2 2 1 2 1 2 1 1 1 0 1 0 1 2 2 2 0 1 -1 -2 0 -1 0 0 -1 0 -2 -2 -2 0 -1 -1 -2 -2 0 -2 0 -1 -2 -2 0 -2 -2 -1 -1 -2 0 0 -2 -2 -2 -1 0 -2 -1 0 -2 -1 -1 -2 -2 -2 -2 -2 -1 0 -2 -2 -2 -2 -2 0 -2 -2 -2 0 0 -1 -1 0 -1 -2 -1 0 -1 0 -2 -1 -2 -1 -1 0 -1 0 -2 -1 -2 -1 0 0 -2 -2 -1 -2 -1 -2 -1 -1 -1 0 -1 0 -1 -2 -2 -2 0 -1
-0.320199028598296 2.29937091921557 -0.673924913092976 1.07581448819302 -2.23843198287558 1 1 1 1 2 1 1 2 1 2 2 2 0 1 1 0 1 1 2 0 0 2 2 1 1 2 0 1 1 0 0 1 2 0 0 0 2 1 0 2 0 0 1 2 0 0 1 1 0 2 2 1 2 2 0 1 2 2 0 0 0 0 0 0 1 1 0 1 0 2 0 0 1 1 0 1 0 2 0 2 2 0 0 2 2 1 2 0 1 2 0 1 0 2 0 1 2 2 2 0 0 1 1 1 2 1 1 2 1 2 2 2 0 1 1 0 1 1 2 0 0 2 2 1 1 2 0 1 1 0 0 1 2 0 0 0 2 1 0 2 0 0 1 2 0 0 1 1 0 2 2 1 2 2 0 1 2 2 0 0 0 0 0 0 1 1 0 1 0 2 0 0 1 1 0 1 0 2 0 2 2 0 0 2 2 1 2 0 1 2 0 1 0 2 0 1 2 2 2 0 0
0.315163951409394 1.01337433016449 0.0340644427288158 0.598674741695768 1.79353824791566 -1 1 1 1 2 0 1 2 2 2 2 2 0 1 0 1 2 0 2 0 1 2 2 1 2 2 0 1 2 0 0 2 2 1 1 0 2 2 0 2 1 0 1 2 1 2 2 1 0 2 2 1 1 2 0 0 2 2 0 1 0 2 0 1 2 0 0 0 1 1 0 2 2 2 0 1 0 2 0 2 1 0 0 1 1 0 2 0 2 2 1 2 0 1 0 0 2 1 0 0 0 -1 -1 -1 -2 0 -1 -2 -2 -2 -2 -2 0 -1 0 -1 -2 0 -2 0 -1 -2 -2 -1 -2 -2 0 -1 -2 0 0 -2 -2 -1 -1 0 -2 -2 0 -2 -1 0 -1 -2 -1 -2 -2 -1 0 -2 -2 -1 -1 -2 0 0 -2 -2 0 -1 0 -2 0 -1 -2 0 0 0 -1 -1 0 -2 -2 -2 0 -1 0 -2 0 -2 -1 0 0 -1 -1 0 -2 0 -2 -2 -1 -2 0 -1 0 0 -2 -1 0 0 0
-0.569475377621765 -1.49419047209726 0.271874029582363 0.814550687975442 0.617796332349641 1 0 1 1 1 0 0 2 2 2 1 2 0 1 2 2 2 2 2 0 1 2 2 1 1 2 1 0 2 0 0 2 2 1 1 0 2 2 0 2 1 0 0 1 1 2 1 2 0 2 0 0 1 2 0 1 2 2 0 0 0 1 0 0 2 1 0 0 0 0 2 2 2 1 0 1 0 2 0 2 1 1 0 2 2 2 2 0 1 2 1 2 1 2 1 0 0 1 0 0 1 0 1 1 1 0 0 2 2 2 1 2 0 1 2 2 2 2 2 0 1 2 2 1 1 2 1 0 2 0 0 2 2 1 1 0 2 2 0 2 1 0 0 1 1 2 1 2 0 2 0 0 1 2 0 1 2 2 0 0 0 1 0 0 2 1 0 0 0 0 2 2 2 1 0 1 0 2 0 2 1 1 0 2 2 2 2 0 1 2 1 2 1 2 1 0 0 1 0 0 1
-0.784726540458581 -0.111086765980849 -0.666020395723238 -0.0671404982483925 -0.874216758288305 -1 0 0 0 1 1 2 2 1 2 2 2 0 1 1 1 1 0 0 0 0 2 2 1 1 2 0 1 2 1 0 1 2 1 1 0 2 1 0 2 2 0 2 1 2 2 2 1 0 2 0 0 1 2 0 1 2 2 0 0 1 1 0 0 0 0 0 0 0 0 2 2 2 1 1 1 0 2 0 2 0 0 0 0 1 0 2 2 2 1 1 2 1 2 0 0 0 1 1 0 0 0 0 0 -1 -1 -2 -2 -1 -2 -2 -2 0 -1 -1 -1 -1 0 0 0 0 -2 -2 -1 -1 -2 0 -1 -2 -1 0 -1 -2 -1 -1 0 -2 -1 0 -2 -2 0 -2 -1 -2 -2 -2 -1 0 -2 0 0 -1 -2 0 -1 -2 -2 0 0 -1 -1 0 0 0 0 0 0 0 0 -2 -2 -2 -1 -1 -1 0 -2 0 -2 0 0 0 0 -1 0 -2 -2 -2 -1 -1 -2 -1 -2 0 0 0 -1 -1 0 0
-0.921652949502998 0.654748670314797 -1.20990483903293 -0.525256892549706 0.345115841266279 1 1 2 2 2 1 2 2 1 2 1 2 0 2 2 1 2 0 2 0 1 2 2 0 1 2 0 1 2 1 0 2 2 2 2 1 2 0 0 2 2 0 2 2 1 2 2 2 0 2 0 1 2 2 1 1 2 2 0 0 0 0 0 2 1 1 0 2 2 2 0 1 2 2 0 0 0 2 1 2 0 0 0 1 1 1 2 0 0 1 0 1 0 1 0 0 1 2 1 1 2 1 2 2 2 1 2 2 1 2 1 2 0 2 2 1 2 0 2 0 1 2 2 0 1 2 0 1 2 1 0 2 2 2 2 1 2 0 0 2 2 0 2 2 1 2 2 2 0 2 0 1 2 2 1 1 2 2 0 0 0 0 0 2 1 1 0 2 2 2 0 1 2 2 0 0 0 2 1 2 0 0 0 1 1 1 2 0 0 1 0 1 0 1 0 0 1 2 1 1 2
0.194158348010873 -0.00425814288312823 1.06159604094318 1.11820919971373 -0.0290682271129113 -1 0 1 1 2 1 0 2 1 2 1 2 0 0 2 2 2 1 2 0 0 1 1 0 0 1 0 0 2 0 0 2 2 1 0 0 2 1 0 1 0 0 1 1 1 2 2 2 0 2 2 2 2 2 1 0 2 2 0 0 0 1 0 0 0 0 0 0 1 1 1 2 2 2 1 2 1 2 1 2 0 0 0 1 0 1 2 1 2 2 1 2 0 2 1 0 1 2 2 0 0 0 -1 -1 -2 -1 0 -2 -1 -2 -1 -2 0 0 -2 -2 -2 -1 -2 0 0 -1 -1 0 0 -1 0 0 -2 0 0 -2 -2 -1 0 0 -2 -1 0 -1 0 0 -1 -1 -1 -2 -2 -2 0 -2 -2 -2 -2 -2 -1 0 -2 -2 0 0 0 -1 0 0 0 0 0 0 -1 -1 -1 -2 -2 -2 -1 -2 -1 -2 -1 -2 0 0 0 -1 0 -1 -2 -1 -2 -2 -1 -2 0 -2 -1 0 -1 -2 -2 0 0
0.289257251097329 -0.138043960519338 0.210655633321773 0.352171002713471 1.18483534070376 1 1 1 2 1 1 1 2 1 2 2 2 0 1 0 1 2 0 1 0 0 1 1 0 0 2 0 1 2 0 0 1 2 1 1 0 2 2 0 2 2 0 2 2 1 2 2 1 0 2 1 0 1 2 0 1 2 2 0 0 0 0 0 0 1 1 0 1 0 0 0 1 2 1 0 0 0 1 1 2 1 0 0 1 1 0 2 1 2 2 0 1 0 2 0 0 1 2 1 2 1 1 1 2 1 1 1 2 1 2 2 2 0 1 0 1 2 0 1 0 0 1 1 0 0 2 0 1 2 0 0 1 2 1 1 0 2 2 0 2 2 0 2 2 1 2 2 1 0 2 1 0 1 2 0 1 2 2 0 0 0 0 0 0 1 1 0 1 0 0 0 1 2 1 0 0 0 1 1 2 1 0 0 1 1 0 2 1 2 2 0 1 0 2 0 0 1 2 1 2 1
-1.17788297230164 -1.40396645540865 -0.0845527238777528 -0.643090161539143 0.626887838546258 1 1 2 1 2 0 2 2 1 2 2 2 0 1 2 1 1 1 2 0 0 2 2 0 0 2 1 1 2 0 0 2 2 2 1 1 2 1 0 2 2 1 2 2 2 2 1 1 0 2 0 0 1 2 0 0 2 2 0 0 0 1 0 0 2 1 0 0 0 1 1 2 2 1 0 1 1 2 1 2 1 0 0 0 1 0 2 0 2 1 0 0 0 1 0 1 1 2 1 1 0 1 2 1 2 0 2 2 1 2 2 2 0 1 2 1 1 1 2 0 0 2 2 0 0 2 1 1 2 0 0 2 2 2 1 1 2 1 0 2 2 1 2 2 2 2 1 1 0 2 0 0 1 2 0 0 2 2 0 0 0 1 0 0 2 1 0 0 0 1 1 2 2 1 0 1 1 2 1 2 1 0 0 0 1 0 2 0 2 1 0 0 0 1 0 1 1 2 1 1 0
-0.245285208406732 -0.103696725505155 0.313304191976298 0.468146441620134 0.508845988560482 1 1 1 0 1 1 2 2 1 2 2 2 0 1 2 2 2 1 2 0 1 2 2 0 0 2 1 0 2 0 0 2 2 2 1 0 2 2 0 2 2 0 2 2 2 2 2 1 0 2 1 1 2 2 0 1 2 2 0 0 2 2 0 1 2 0 0 0 0 0 0 1 2 2 1 1 0 1 1 2 2 2 1 1 1 1 2 1 2 2 1 1 0 2 1 0 0 2 1 1 0 1 1 0 1 1 2 2 1 2 2 2 0 1 2 2 2 1 2 0 1 2 2 0 0 2 1 0 2 0 0 2 2 2 1 0 2 2 0 2 2 0 2 2 2 2 2 1 0 2 1 1 2 2 0 1 2 2 0 0 2 2 0 1 2 0 0 0 0 0 0 1 2 2 1 1 0 1 1 2 2 2 1 1 1 1 2 1 2 2 1 1 0 2 1 0 0 2 1 1 0
0.185528994939696 -0.568376757518991 0.605468697648102 0.166046953778438 1.44747559747992 -1 0 1 1 1 0 0 1 1 2 2 2 0 0 1 2 2 0 2 0 0 2 2 1 1 2 0 0 2 0 1 2 2 2 1 0 2 1 1 2 2 0 0 2 1 1 1 1 0 2 1 0 1 1 0 1 2 2 0 0 0 2 1 1 2 0 0 1 2 1 2 2 2 2 1 1 0 2 1 2 1 0 0 2 2 1 2 1 2 2 1 2 0 1 0 0 1 2 2 1 2 0 -1 -1 -1 0 0 -1 -1 -2 -2 -2 0 0 -1 -2 -2 0 -2 0 0 -2 -2 -1 -1 -2 0 0 -2 0 -1 -2 -2 -2 -1 0 -2 -1 -1 -2 -2 0 0 -2 -1 -1 -1 -1 0 -2 -1 0 -1 -1 0 -1 -2 -2 0 0 0 -2 -1 -1 -2 0 0 -1 -2 -1 -2 -2 -2 -2 -1 -1 0 -2 -1 -2 -1 0 0 -2 -2 -1 -2 -1 -2 -2 -1 -2 0 -1 0 0 -1 -2 -2 -1 -2
0.426114105457327 2.23274857853511 -0.672882271953793 0.454068290562344 -0.057540842118269 1 1 0 1 1 1 1 2 2 2 2 2 0 1 2 1 2 1 2 0 0 2 2 2 1 2 0 1 2 1 0 1 2 1 0 0 2 2 1 2 1 0 0 2 2 2 2 1 0 2 2 1 2 2 0 0 2 2 0 0 0 2 0 0 1 2 0 0 0 1 2 2 2 1 0 1 1 2 1 1 1 1 0 0 1 1 2 1 2 2 0 1 0 1 1 0 2 2 2 1 1 1 0 1 1 1 1 2 2 2 2 2 0 1 2 1 2 1 2 0 0 2 2 2 1 2 0 1 2 1 0 1 2 1 0 0 2 2 1 2 1 0 0 2 2 2 2 1 0 2 2 1 2 2 0 0 2 2 0 0 0 2 0 0 1 2 0 0 0 1 2 2 2 1 0 1 1 2 1 1 1 1 0 0 1 1 2 1 2 2 0 1 0 1 1 0 2 2 2 1 1
1.37939246957882 -0.653908498911994 0.161643294486816 0.354858069422343 -0.0301377769150718 -1 1 1 1 2 2 2 2 1 2 0 1 0 1 1 1 2 1 2 0 1 2 1 0 2 2 1 1 2 2 0 2 2 0 0 1 2 2 0 2 0 0 2 2 1 2 2 1 0 2 2 0 2 2 0 1 2 2 0 0 0 2 0 1 1 2 0 0 1 1 2 2 2 2 0 1 0 2 1 2 1 0 0 1 1 0 2 0 2 2 0 2 1 2 0 0 1 2 2 1 1 -1 -1 -1 -2 -2 -2 -2 -1 -2 0 -1 0 -1 -1 -1 -2 -1 -2 0 -1 -2 -1 0 -2 -2 -1 -1 -2 -2 0 -2 -2 0 0 -1 -2 -2 0 -2 0 0 -2 -2 -1 -2 -2 -1 0 -2 -2 0 -2 -2 0 -1 -2 -2 0 0 0 -2 0 -1 -1 -2 0 0 -1 -1 -2 -2 -2 -2 0 -1 0 -2 -1 -2 -1 0 0 -1 -1 0 -2 0 -2 -2 0 -2 -1 -2 0 0 -1 -2 -2 -1 -1
0.0959207120253595 0.33301495013765 0.717792081757612 -0.558423631669669 -0.801471681729296 1 1 1 2 2 1 1 2 1 2 1 2 0 0 0 0 2 0 2 0 2 2 2 1 2 2 1 2 2 0 0 1 2 2 2 2 2 1 0 2 1 0 1 2 1 1 1 1 0 2 1 1 2 2 0 2 2 2 0 0 0 2 0 1 2 2 1 2 1 2 1 1 2 0 0 1 0 1 0 2 0 1 0 1 2 1 2 0 1 1 0 2 1 2 1 0 1 2 1 0 0 1 1 2 2 1 1 2 1 2 1 2 0 0 0 0 2 0 2 0 2 2 2 1 2 2 1 2 2 0 0 1 2 2 2 2 2 1 0 2 1 0 1 2 1 1 1 1 0 2 1 1 2 2 0 2 2 2 0 0 0 2 0 1 2 2 1 2 1 2 1 1 2 0 0 1 0 1 0 2 0 1 0 1 2 1 2 0 1 1 0 2 1 2 1 0 1 2 1 0 0
-0.363536832069701 0.398442853685439 1.71272234221792 0.582215107895499 -1.62350439842584 -1 0 0 0 0 0 0 1 2 2 2 2 0 1 2 2 2 0 1 0 0 1 2 1 2 2 1 0 2 0 0 1 2 2 1 1 2 2 0 2 2 0 1 1 0 2 2 2 0 2 1 1 1 2 0 0 2 2 0 0 0 1 0 0 2 2 1 0 1 1 0 0 2 2 0 1 0 1 1 1 1 0 0 1 2 1 2 0 1 1 0 0 0 0 0 0 0 2 1 0 1 0 0 0 0 0 0 -1 -2 -2 -2 -2 0 -1 -2 -2 -2 0 -1 0 0 -1 -2 -1 -2 -2 -1 0 -2 0 0 -1 -2 -2 -1 -1 -2 -2 0 -2 -2 0 -1 -1 0 -2 -2 -2 0 -2 -1 -1 -1 -2 0 0 -2 -2 0 0 0 -1 0 0 -2 -2 -1 0 -1 -1 0 0 -2 -2 0 -1 0 -1 -1 -1 -1 0 0 -1 -2 -1 -2 0 -1 -1 0 0 0 0 0 0 0 -2 -1 0 -1
0.314988189137513 -0.0336249151745118 0.6440190426499 -0.258875928805966 -2.70963251068788 1 2 1 0 2 1 1 1 1 2 2 2 0 1 1 0 2 1 2 0 0 2 0 0 1 2 0 1 2 1 0 2 2 0 0 0 2 1 0 2 0 0 1 1 1 2 1 1 0 2 1 0 2 2 0 2 2 2 0 0 0 2 0 1 2 0 0 0 0 0 2 2 2 0 0 2 1 2 0 1 1 0 0 1 2 1 2 2 2 2 0 2 1 1 1 0 1 2 1 1 0 2 1 0 2 1 1 1 1 2 2 2 0 1 1 0 2 1 2 0 0 2 0 0 1 2 0 1 2 1 0 2 2 0 0 0 2 1 0 2 0 0 1 1 1 2 1 1 0 2 1 0 2 2 0 2 2 2 0 0 0 2 0 1 2 0 0 0 0 0 2 2 2 0 0 2 1 2 0 1 1 0 0 1 2 1 2 2 2 2 0 2 1 1 1 0 1 2 1 1 0
-0.540666609682386 1.88956549302535 -0.664410142270267 -1.05264359133165 1.52735349391462 1 0 0 0 1 0 1 1 1 2 2 2 0 2 2 1 2 0 2 0 1 1 2 1 2 2 0 1 2 1 0 2 2 2 2 1 2 2 0 2 0 0 1 2 1 2 2 2 0 2 0 0 2 1 0 1 2 2 0 0 1 2 0 0 1 1 1 1 1 1 0 2 2 2 1 2 0 2 1 2 2 2 0 0 2 1 2 1 2 1 1 1 0 1 0 1 1 2 1 0 1 0 0 0 1 0 1 1 1 2 2 2 0 2 2 1 2 0 2 0 1 1 2 1 2 2 0 1 2 1 0 2 2 2 2 1 2 2 0 2 0 0 1 2 1 2 2 2 0 2 0 0 2 1 0 1 2 2 0 0 1 2 0 0 1 1 1 1 1 1 0 2 2 2 1 2 0 2 1 2 2 2 0 0 2 1 2 1 2 1 1 1 0 1 0 1 1 2 1 0 1
-0.624215706674759 -1.80847743010932 -0.033292860675303 -1.29576342258804 -0.738174121104569 1 1 2 1 1 1 1 0 1 2 2 2 0 2 1 1 2 0 1 0 0 2 1 0 0 2 0 0 2 1 0 2 2 1 1 0 2 2 0 2 1 0 2 2 1 2 1 1 0 2 1 0 1 1 0 0 2 2 0 0 0 2 0 0 2 1 0 0 1 1 1 2 2 2 1 1 1 2 2 2 0 0 0 1 2 2 2 2 2 2 1 1 0 2 0 0 0 1 1 0 1 1 2 1 1 1 1 0 1 2 2 2 0 2 1 1 2 0 1 0 0 2 1 0 0 2 0 0 2 1 0 2 2 1 1 0 2 2 0 2 1 0 2 2 1 2 1 1 0 2 1 0 1 1 0 0 2 2 0 0 0 2 0 0 2 1 0 0 1 1 1 2 2 2 1 1 1 2 2 2 0 0 0 1 2 2 2 2 2 2 1 1 0 2 0 0 0 1 1 0 1
-0.212781923203742 -0.0928711632386081 0.539507590880042 1.12803202397738 1.76216405861984 -1 1 1 0 1 1 2 2 0 2 1 2 0 1 2 1 2 0 1 0 0 2 2 1 2 2 1 0 2 1 0 2 2 0 0 0 2 1 0 2 1 0 0 2 2 2 2 2 0 2 1 0 2 2 0 1 2 2 0 1 1 1 0 0 1 2 0 0 0 1 2 2 2 0 0 1 0 1 0 2 1 1 0 2 1 1 2 1 2 2 1 2 0 1 1 2 1 1 0 1 1 -1 -1 0 -1 -1 -2 -2 0 -2 -1 -2 0 -1 -2 -1 -2 0 -1 0 0 -2 -2 -1 -2 -2 -1 0 -2 -1 0 -2 -2 0 0 0 -2 -1 0 -2 -1 0 0 -2 -2 -2 -2 -2 0 -2 -1 0 -2 -2 0 -1 -2 -2 0 -1 -1 -1 0 0 -1 -2 0 0 0 -1 -2 -2 -2 0 0 -1 0 -1 0 -2 -1 -1 0 -2 -1 -1 -2 -1 -2 -2 -1 -2 0 -1 -1 -2 -1 -1 0 -1 -1
-1.10335563433633 0.944811405873451 0.167702538671298 -0.695325972063929 0.790488039681203 -1 0 2 0 1 0 2 2 1 2 2 2 0 1 2 1 2 0 2 0 0 2 2 0 2 2 1 2 2 0 0 2 2 2 2 0 2 2 0 2 1 0 2 2 1 2 2 2 0 2 1 0 1 2 0 0 2 2 0 1 1 1 0 0 1 0 0 1 0 1 1 1 1 1 0 0 0 2 0 1 0 0 0 2 2 2 2 0 1 0 0 1 0 1 0 1 1 2 1 0 1 0 -2 0 -1 0 -2 -2 -1 -2 -2 -2 0 -1 -2 -1 -2 0 -2 0 0 -2 -2 0 -2 -2 -1 -2 -2 0 0 -2 -2 -2 -2 0 -2 -2 0 -2 -1 0 -2 -2 -1 -2 -2 -2 0 -2 -1 0 -1 -2 0 0 -2 -2 0 -1 -1 -1 0 0 -1 0 0 -1 0 -1 -1 -1 -1 -1 0 0 0 -2 0 -1 0 0 0 -2 -2 -2 -2 0 -1 0 0 -1 0 -1 0 -1 -1 -2 -1 0 -1
0.905573613612318 0.506638818394216 0.627846131305491 -0.0243264124606991 0.359012151441885 -1 2 1 0 1 1 1 2 2 2 2 2 0 0 2 1 2 0 2 0 0 1 2 1 1 2 0 1 2 0 1 2 2 0 1 0 0 1 0 2 1 0 2 1 1 2 2 1 0 2 1 1 2 2 0 1 2 2 0 0 0 0 0 0 0 0 0 0 0 1 0 1 2 2 0 1 1 2 1 2 2 1 0 1 2 2 2 0 1 1 0 0 0 1 0 0 1 2 1 1 1 -2 -1 0 -1 -1 -1 -2 -2 -2 -2 -2 0 0 -2 -1 -2 0 -2 0 0 -1 -2 -1 -1 -2 0 -1 -2 0 -1 -2 -2 0 -1 0 0 -1 0 -2 -1 0 -2 -1 -1 -2 -2 -1 0 -2 -1 -1 -2 -2 0 -1 -2 -2 0 0 0 0 0 0 0 0 0 0 0 -1 0 -1 -2 -2 0 -1 -1 -2 -1 -2 -2 -1 0 -1 -2 -2 -2 0 -1 -1 0 0 0 -1 0 0 -1 -2 -1 -1 -1
1.72756037867064 0.766953990808409 -0.426253963801734 0.983032448641456 0.125617770939055 -1 1 0 0 1 0 1 2 1 2 2 2 0 1 1 1 2 0 1 0 0 2 2 0 1 2 0 1 2 0 0 1 2 1 1 0 2 2 0 2 1 0 1 1 1 2 1 0 0 2 1 0 0 1 0 0 1 2 0 0 0 2 0 0 1 0 0 1 0 0 0 2 2 2 1 2 0 2 0 2 1 0 0 2 2 2 2 0 1 1 0 1 1 2 0 0 1 2 1 2 2 -1 0 0 -1 0 -1 -2 -1 -2 -2 -2 0 -1 -1 -1 -2 0 -1 0 0 -2 -2 0 -1 -2 0 -1 -2 0 0 -1 -2 -1 -1 0 -2 -2 0 -2 -1 0 -1 -1 -1 -2 -1 0 0 -2 -1 0 0 -1 0 0 -1 -2 0 0 0 -2 0 0 -1 0 0 -1 0 0 0 -2 -2 -2 -1 -2 0 -2 0 -2 -1 0 0 -2 -2 -2 -2 0 -1 -1 0 -1 -1 -2 0 0 -1 -2 -1 -2 -2
-0.286769727486381 -0.157899287921986 1.11778643843134 1.7697958632676 -0.643217624241503 1 1 1 1 2 0 1 1 1 2 2 2 0 1 1 2 2 0 2 0 1 2 2 0 1 1 0 0 2 0 0 1 2 1 1 0 2 2 0 2 2 0 1 1 0 1 1 1 0 2 1 0 1 2 0 1 2 2 0 0 0 0 0 0 1 0 0 0 0 0 1 2 2 1 0 1 0 2 1 2 1 0 0 0 0 0 1 0 2 1 0 1 0 0 0 0 2 2 1 0 1 1 1 1 2 0 1 1 1 2 2 2 0 1 1 2 2 0 2 0 1 2 2 0 1 1 0 0 2 0 0 1 2 1 1 0 2 2 0 2 2 0 1 1 0 1 1 1 0 2 1 0 1 2 0 1 2 2 0 0 0 0 0 0 1 0 0 0 0 0 1 2 2 1 0 1 0 2 1 2 1 0 0 0 0 0 1 0 2 1 0 1 0 0 0 0 2 2 1 0 1
-1.62276520497704 -0.339466367962632 2.38891797652096 -0.787212684385616 1.63946253418333 1 1 2 1 1 0 1 1 0 2 2 2 0 2 2 1 2 1 2 0 0 2 2 0 1 2 1 0 1 0 0 2 2 2 1 0 1 2 0 2 0 0 0 1 2 2 2 2 0 2 1 0 1 1 0 0 2 2 0 0 1 1 0 0 2 0 0 0 0 2 2 2 2 2 0 1 0 2 1 2 1 1 0 0 1 0 2 0 1 1 1 2 0 2 0 0 1 2 2 1 1 1 2 1 1 0 1 1 0 2 2 2 0 2 2 1 2 1 2 0 0 2 2 0 1 2 1 0 1 0 0 2 2 2 1 0 1 2 0 2 0 0 0 1 2 2 2 2 0 2 1 0 1 1 0 0 2 2 0 0 1 1 0 0 2 0 0 0 0 2 2 2 2 2 0 1 0 2 1 2 1 1 0 0 1 0 2 0 1 1 1 2 0 2 0 0 1 2 2 1 1
0.524726846514311 -0.582704509129226 -0.353176944966494 2.83555710433909 -1.93358380926499 1 2 2 0 1 0 0 2 1 2 0 2 0 0 0 2 2 1 2 0 1 2 2 2 2 2 1 0 2 0 0 2 2 1 1 0 2 1 0 2 2 0 2 1 1 2 1 2 0 2 0 0 1 2 0 0 2 2 0 1 1 2 1 1 1 1 0 1 1 1 0 2 2 1 0 0 0 1 0 2 1 1 0 1 1 1 2 1 2 2 1 1 0 2 2 0 0 1 0 0 0 2 2 0 1 0 0 2 1 2 0 2 0 0 0 2 2 1 2 0 1 2 2 2 2 2 1 0 2 0 0 2 2 1 1 0 2 1 0 2 2 0 2 1 1 2 1 2 0 2 0 0 1 2 0 0 2 2 0 1 1 2 1 1 1 1 0 1 1 1 0 2 2 1 0 0 0 1 0 2 1 1 0 1 1 1 2 1 2 2 1 1 0 2 2 0 0 1 0 0 0
1.68010844274342 0.748231621543501 0.33655673942326 -0.147936647156487 -1.28082365628361 1 1 0 1 2 0 1 2 1 2 2 2 0 1 2 2 2 0 2 0 0 2 2 0 1 2 0 1 2 0 0 1 2 2 1 0 2 2 0 2 1 0 1 2 2 2 2 1 0 2 2 1 1 2 0 0 2 2 1 0 1 1 0 0 2 1 0 1 1 1 2 2 2 1 1 2 0 1 0 2 2 1 0 0 2 1 2 0 0 1 1 1 0 0 0 0 1 1 2 0 1 1 0 1 2 0 1 2 1 2 2 2 0 1 2 2 2 0 2 0 0 2 2 0 1 2 0 1 2 0 0 1 2 2 1 0 2 2 0 2 1 0 1 2 2 2 2 1 0 2 2 1 1 2 0 0 2 2 1 0 1 1 0 0 2 1 0 1 1 1 2 2 2 1 1 2 0 1 0 2 2 1 0 0 2 1 2 0 0 1 1 1 0 0 0 0 1 1 2 0 1
-1.44489926243484 0.736242098368148 0.09201709588128 0.818909192660214 -0.256751937231277 1 1 2 1 1 1 0 1 2 2 0 2 0 1 0 2 2 1 2 0 0 2 2 0 1 2 0 0 2 1 0 1 1 1 1 1 2 2 0 2 0 0 2 2 2 2 1 0 0 2 1 1 1 1 0 0 2 2 0 0 1 2 0 2 1 1 0 1 2 2 0 2 2 1 0 1 0 2 1 2 1 2 0 2 2 1 2 0 1 1 1 1 0 1 0 1 1 1 1 1 0 1 2 1 1 1 0 1 2 2 0 2 0 1 0 2 2 1 2 0 0 2 2 0 1 2 0 0 2 1 0 1 1 1 1 1 2 2 0 2 0 0 2 2 2 2 1 0 0 2 1 1 1 1 0 0 2 2 0 0 1 2 0 2 1 1 0 1 2 2 0 2 2 1 0 1 0 2 1 2 1 2 0 2 2 1 2 0 1 1 1 1 0 1 0 1 1 1 1 1 0
-1.59627235086296 -0.337105631143166 0.789941291668504 2.16040326153944 0.304989371498209 1 0 2 1 1 0 0 1 2 2 1 2 0 1 1 1 2 0 2 0 0 1 2 1 2 2 0 0 2 0 0 2 2 2 2 0 2 2 0 1 0 0 0 1 2 2 1 0 0 2 0 0 0 1 0 0 2 2 0 1 1 2 1 0 0 0 0 0 0 0 0 0 2 0 0 0 0 1 0 2 2 2 0 0 1 0 2 0 2 2 1 2 1 2 1 0 0 2 2 0 1 0 2 1 1 0 0 1 2 2 1 2 0 1 1 1 2 0 2 0 0 1 2 1 2 2 0 0 2 0 0 2 2 2 2 0 2 2 0 1 0 0 0 1 2 2 1 0 0 2 0 0 0 1 0 0 2 2 0 1 1 2 1 0 0 0 0 0 0 0 0 0 2 0 0 0 0 1 0 2 2 2 0 0 1 0 2 0 2 2 1 2 1 2 1 0 0 2 2 0 1
0.907979323793784 0.00105271968563818 1.72267367967361 0.21089172537594 1.18619999194411 1 0 1 0 0 0 1 1 0 2 0 2 0 2 1 2 2 0 2 0 1 1 2 0 1 2 2 2 2 0 0 2 2 1 0 0 2 0 0 2 1 0 1 2 1 2 2 2 0 2 2 1 2 2 0 0 2 2 0 0 0 1 0 0 1 0 0 0 1 1 0 2 2 1 0 1 0 2 0 2 0 0 0 0 1 0 1 0 1 1 1 0 0 2 1 2 2 2 2 0 2 0 1 0 0 0 1 1 0 2 0 2 0 2 1 2 2 0 2 0 1 1 2 0 1 2 2 2 2 0 0 2 2 1 0 0 2 0 0 2 1 0 1 2 1 2 2 2 0 2 2 1 2 2 0 0 2 2 0 0 0 1 0 0 1 0 0 0 1 1 0 2 2 1 0 1 0 2 0 2 0 0 0 0 1 0 1 0 1 1 1 0 0 2 1 2 2 2 2 0 2
-1.50400147126648 0.588308148515859 0.762543245617076 0.188311064916588 -0.610280696541568 1 2 2 0 1 0 0 1 0 2 1 2 0 0 0 0 2 0 2 0 1 1 2 2 2 2 0 1 2 1 0 2 2 1 1 1 2 1 0 2 2 0 0 2 1 2 1 0 0 2 2 1 2 2 0 1 2 2 0 0 0 2 1 1 2 1 0 1 1 1 2 2 2 2 0 1 0 2 1 2 1 0 0 0 2 1 2 0 0 1 0 1 0 1 1 1 2 2 1 1 1 2 2 0 1 0 0 1 0 2 1 2 0 0 0 0 2 0 2 0 1 1 2 2 2 2 0 1 2 1 0 2 2 1 1 1 2 1 0 2 2 0 0 2 1 2 1 0 0 2 2 1 2 2 0 1 2 2 0 0 0 2 1 1 2 1 0 1 1 1 2 2 2 2 0 1 0 2 1 2 1 0 0 0 2 1 2 0 0 1 0 1 0 1 1 1 2 2 1 1 1
0.992809524514092 -0.119641643778951 -0.91378611594645 -0.116487435893938 0.479538693413962 -1 1 2 1 2 0 2 2 0 2 1 2 0 0 0 1 1 1 2 0 0 2 2 0 1 2 1 1 2 0 0 2 2 1 0 0 2 2 0 2 2 0 2 2 2 2 2 2 0 2 2 0 0 2 0 1 2 2 0 0 0 2 0 0 1 1 0 0 1 2 1 2 2 2 0 1 0 2 1 2 1 0 0 2 2 1 2 0 2 1 1 2 1 2 0 0 1 2 1 0 0 -1 -2 -1 -2 0 -2 -2 0 -2 -1 -2 0 0 0 -1 -1 -1 -2 0 0 -2 -2 0 -1 -2 -1 -1 -2 0 0 -2 -2 -1 0 0 -2 -2 0 -2 -2 0 -2 -2 -2 -2 -2 -2 0 -2 -2 0 0 -2 0 -1 -2 -2 0 0 0 -2 0 0 -1 -1 0 0 -1 -2 -1 -2 -2 -2 0 -1 0 -2 -1 -2 -1 0 0 -2 -2 -1 -2 0 -2 -1 -1 -2 -1 -2 0 0 -1 -2 -1 0 0
-0.428728756425118 -1.80116326017403 0.692875334886714 -0.0747440591142474 0.608406584350717 1 0 1 0 1 1 2 2 2 2 1 2 0 0 1 0 2 0 2 1 0 2 2 0 1 2 0 0 2 0 0 1 2 1 1 0 2 2 0 2 1 0 1 1 1 2 2 2 0 2 0 0 0 2 1 1 2 2 1 1 0 2 0 1 2 0 0 0 1 2 0 1 2 2 0 2 1 2 1 2 2 0 0 2 2 1 2 0 2 2 1 2 1 1 0 0 2 2 1 0 1 0 1 0 1 1 2 2 2 2 1 2 0 0 1 0 2 0 2 1 0 2 2 0 1 2 0 0 2 0 0 1 2 1 1 0 2 2 0 2 1 0 1 1 1 2 2 2 0 2 0 0 0 2 1 1 2 2 1 1 0 2 0 1 2 0 0 0 1 2 0 1 2 2 0 2 1 2 1 2 2 0 0 2 2 1 2 0 2 2 1 2 1 1 0 0 2 2 1 0 1
-0.319806208236463 2.46866393616957 -0.192087380406704 -0.22529578063927 -0.177769109637262 -1 0 1 1 1 1 1 2 2 2 2 2 0 0 1 2 2 0 2 0 0 2 1 0 0 2 0 1 2 0 0 2 2 0 1 0 2 2 0 2 0 0 2 1 1 2 1 0 0 2 1 0 0 2 0 1 2 2 0 0 0 2 1 1 2 1 0 0 1 2 1 2 1 0 0 1 1 2 0 1 0 0 1 2 2 1 2 1 0 0 0 1 0 1 1 0 2 2 1 1 0 0 -1 -1 -1 -1 -1 -2 -2 -2 -2 -2 0 0 -1 -2 -2 0 -2 0 0 -2 -1 0 0 -2 0 -1 -2 0 0 -2 -2 0 -1 0 -2 -2 0 -2 0 0 -2 -1 -1 -2 -1 0 0 -2 -1 0 0 -2 0 -1 -2 -2 0 0 0 -2 -1 -1 -2 -1 0 0 -1 -2 -1 -2 -1 0 0 -1 -1 -2 0 -1 0 0 -1 -2 -2 -1 -2 -1 0 0 0 -1 0 -1 -1 0 -2 -2 -1 -1 0
-1.50819004855718 -0.631951961564831 -0.420767401575468 -0.468576828774016 0.960900000522338 1 0 2 1 1 1 1 2 0 1 1 2 0 1 2 1 2 0 1 0 1 1 2 0 1 2 0 1 2 2 0 2 2 2 1 0 2 2 0 2 0 0 1 2 2 2 2 1 0 2 0 0 2 1 0 0 2 2 0 0 0 2 0 1 2 0 0 0 2 1 1 2 2 0 0 1 0 1 0 1 1 1 0 2 2 2 2 0 2 2 0 1 0 2 0 2 2 2 2 2 1 0 2 1 1 1 1 2 0 1 1 2 0 1 2 1 2 0 1 0 1 1 2 0 1 2 0 1 2 2 0 2 2 2 1 0 2 2 0 2 0 0 1 2 2 2 2 1 0 2 0 0 2 1 0 0 2 2 0 0 0 2 0 1 2 0 0 0 2 1 1 2 2 0 0 1 0 1 0 1 1 1 0 2 2 2 2 0 2 2 0 1 0 2 0 2 2 2 2 2 1
-1.40393219598199 -0.13767626279779 -0.0908398175546426 1.83189015168662 0.0442161094207453 1 0 0 0 2 0 1 2 1 2 1 2 0 2 2 2 2 1 2 0 0 2 2 0 0 2 1 0 2 1 0 1 2 0 0 0 2 2 0 2 1 0 1 2 2 2 2 2 0 2 0 0 2 2 1 1 2 2 0 0 0 0 0 0 0 0 0 0 1 0 0 2 2 2 0 1 2 2 1 2 1 1 1 2 2 2 2 1 1 1 0 1 0 2 0 2 2 2 1 0 0 0 0 0 2 0 1 2 1 2 1 2 0 2 2 2 2 1 2 0 0 2 2 0 0 2 1 0 2 1 0 1 2 0 0 0 2 2 0 2 1 0 1 2 2 2 2 2 0 2 0 0 2 2 1 1 2 2 0 0 0 0 0 0 0 0 0 0 1 0 0 2 2 2 0 1 2 2 1 2 1 1 1 2 2 2 2 1 1 1 0 1 0 2 0 2 2 2 1 0 0
-0.0697565024842675 0.430164842670496 1.80412304870718 -0.0685231472382518 -0.198547519505947 1 1 2 1 2 1 1 2 0 2 2 2 0 1 1 1 2 1 2 0 0 2 1 0 1 2 1 0 2 0 0 1 2 2 0 0 2 1 0 2 1 0 1 2 1 2 1 1 0 2 2 2 2 2 0 1 2 2 0 0 0 1 0 1 0 0 0 1 1 2 0 2 2 2 1 2 0 1 0 2 1 0 0 1 1 0 2 0 2 0 0 0 0 1 0 1 0 2 1 0 0 1 2 1 2 1 1 2 0 2 2 2 0 1 1 1 2 1 2 0 0 2 1 0 1 2 1 0 2 0 0 1 2 2 0 0 2 1 0 2 1 0 1 2 1 2 1 1 0 2 2 2 2 2 0 1 2 2 0 0 0 1 0 1 0 0 0 1 1 2 0 2 2 2 1 2 0 1 0 2 1 0 0 1 1 0 2 0 2 0 0 0 0 1 0 1 0 2 1 0 0
2.56941362643879 0.620772297596379 2.01321965243911 -0.302658848834924 0.495322070490309 -1 0 1 0 1 0 1 2 2 2 2 2 0 1 1 2 2 2 2 0 1 2 2 0 0 2 0 1 2 1 0 2 2 1 0 0 1 0 0 2 1 0 1 1 0 1 1 0 0 2 1 0 1 1 0 0 1 2 0 0 0 2 0 0 0 1 0 0 1 1 1 2 2 1 0 2 0 2 1 2 1 0 0 1 1 2 2 0 2 2 0 1 0 2 0 0 1 2 1 0 1 0 -1 0 -1 0 -1 -2 -2 -2 -2 -2 0 -1 -1 -2 -2 -2 -2 0 -1 -2 -2 0 0 -2 0 -1 -2 -1 0 -2 -2 -1 0 0 -1 0 0 -2 -1 0 -1 -1 0 -1 -1 0 0 -2 -1 0 -1 -1 0 0 -1 -2 0 0 0 -2 0 0 0 -1 0 0 -1 -1 -1 -2 -2 -1 0 -2 0 -2 -1 -2 -1 0 0 -1 -1 -2 -2 0 -2 -2 0 -1 0 -2 0 0 -1 -2 -1 0 -1
-0.809289552306306 0.542902300771808 0.562272096505463 -1.32094159046655 1.22050722120239 1 0 1 1 1 0 0 1 1 2 1 1 0 1 2 1 2 1 1 0 0 2 1 0 1 2 0 0 2 1 0 2 2 0 1 0 2 1 0 2 1 0 2 2 2 2 2 1 0 2 2 0 2 2 0 0 1 2 0 0 0 2 0 0 2 1 0 1 0 1 1 1 2 2 1 1 0 2 1 2 0 0 0 1 2 2 2 1 2 2 1 1 0 2 1 0 1 1 2 0 0 0 1 1 1 0 0 1 1 2 1 1 0 1 2 1 2 1 1 0 0 2 1 0 1 2 0 0 2 1 0 2 2 0 1 0 2 1 0 2 1 0 2 2 2 2 2 1 0 2 2 0 2 2 0 0 1 2 0 0 0 2 0 0 2 1 0 1 0 1 1 1 2 2 1 1 0 2 1 2 0 0 0 1 2 2 2 1 2 2 1 1 0 2 1 0 1 1 2 0 0
0.030127161479806 0.315531766658136 -0.84005141910692 -0.405363221030181 0.510377245444248 -1 1 2 0 1 1 2 2 2 2 0 2 0 2 2 2 2 0 2 0 1 2 2 0 1 2 0 1 2 0 0 2 2 0 1 1 2 2 0 2 2 0 2 1 1 2 2 1 0 2 1 1 2 2 0 1 2 2 1 1 1 2 1 0 1 1 0 1 0 1 1 2 2 0 0 0 1 2 0 2 2 1 0 1 2 1 2 2 2 2 1 0 0 0 0 0 0 1 0 0 1 -1 -2 0 -1 -1 -2 -2 -2 -2 0 -2 0 -2 -2 -2 -2 0 -2 0 -1 -2 -2 0 -1 -2 0 -1 -2 0 0 -2 -2 0 -1 -1 -2 -2 0 -2 -2 0 -2 -1 -1 -2 -2 -1 0 -2 -1 -1 -2 -2 0 -1 -2 -2 -1 -1 -1 -2 -1 0 -1 -1 0 -1 0 -1 -1 -2 -2 0 0 0 -1 -2 0 -2 -2 -1 0 -1 -2 -1 -2 -2 -2 -2 -1 0 0 0 0 0 0 -1 0 0 -1
0.0524246725858572 0.323697140012928 -1.23064993775728 0.800706878564481 0.191031356451955 -1 0 1 0 2 0 1 1 2 2 1 2 0 1 1 0 2 0 2 0 1 2 2 0 2 2 0 1 2 1 0 1 2 1 1 1 2 1 0 2 1 0 0 1 2 2 1 2 0 2 0 0 2 2 1 1 2 2 0 0 1 2 2 1 1 1 0 0 0 0 0 1 2 0 0 1 0 2 1 2 1 1 0 2 2 1 2 1 2 1 0 2 0 1 0 0 1 1 1 0 0 0 -1 0 -2 0 -1 -1 -2 -2 -1 -2 0 -1 -1 0 -2 0 -2 0 -1 -2 -2 0 -2 -2 0 -1 -2 -1 0 -1 -2 -1 -1 -1 -2 -1 0 -2 -1 0 0 -1 -2 -2 -1 -2 0 -2 0 0 -2 -2 -1 -1 -2 -2 0 0 -1 -2 -2 -1 -1 -1 0 0 0 0 0 -1 -2 0 0 -1 0 -2 -1 -2 -1 -1 0 -2 -2 -1 -2 -1 -2 -1 0 -2 0 -1 0 0 -1 -1 -1 0 0
-0.809928853622358 -0.824371796625521 0.398908488228384 0.607261254623933 -0.379427900336783 1 0 1 0 2 1 1 2 1 2 1 2 0 1 1 1 1 0 1 0 0 2 2 1 1 2 0 2 2 1 0 2 2 1 1 0 2 2 1 2 1 0 0 1 1 2 1 1 0 2 2 1 1 2 1 1 2 2 0 0 0 0 0 1 2 1 0 1 0 2 2 2 2 0 0 0 0 1 0 2 1 2 2 2 2 1 2 1 1 1 1 1 1 1 1 0 1 2 1 0 1 0 1 0 2 1 1 2 1 2 1 2 0 1 1 1 1 0 1 0 0 2 2 1 1 2 0 2 2 1 0 2 2 1 1 0 2 2 1 2 1 0 0 1 1 2 1 1 0 2 2 1 1 2 1 1 2 2 0 0 0 0 0 1 2 1 0 1 0 2 2 2 2 0 0 0 0 1 0 2 1 2 2 2 2 1 2 1 1 1 1 1 1 1 1 0 1 2 1 0 1
0.394273133545818 -0.685761309240299 -1.0430864569348 -0.203989922166724 -0.185694006620102 -1 1 2 1 2 0 0 1 0 2 0 2 0 0 0 1 2 0 2 0 0 2 2 1 1 2 1 1 2 1 0 2 2 0 0 0 2 2 0 2 0 0 0 1 1 1 2 1 0 2 0 1 2 1 0 0 2 2 1 0 1 1 1 0 1 1 0 0 0 0 2 1 2 1 0 1 0 2 0 2 1 0 0 2 2 1 2 2 2 2 0 0 0 1 0 1 1 2 2 0 1 -1 -2 -1 -2 0 0 -1 0 -2 0 -2 0 0 0 -1 -2 0 -2 0 0 -2 -2 -1 -1 -2 -1 -1 -2 -1 0 -2 -2 0 0 0 -2 -2 0 -2 0 0 0 -1 -1 -1 -2 -1 0 -2 0 -1 -2 -1 0 0 -2 -2 -1 0 -1 -1 -1 0 -1 -1 0 0 0 0 -2 -1 -2 -1 0 -1 0 -2 0 -2 -1 0 0 -2 -2 -1 -2 -2 -2 -2 0 0 0 -1 0 -1 -1 -2 -2 0 -1
0.202089880333626 0.0260952759848957 -0.936247976983629 -3.36944971077074 -0.238817277667626 1 1 1 1 2 0 1 2 2 2 2 2 0 2 2 1 2 1 1 0 1 1 2 1 1 2 1 1 2 1 0 2 2 1 1 0 2 2 0 2 1 0 0 1 2 2 2 1 0 2 1 1 2 2 0 0 2 2 0 0 0 0 0 0 1 1 0 0 0 0 1 2 2 1 0 2 0 2 0 2 2 1 0 1 0 1 2 0 1 2 0 1 0 2 0 1 2 2 2 1 1 1 1 1 2 0 1 2 2 2 2 2 0 2 2 1 2 1 1 0 1 1 2 1 1 2 1 1 2 1 0 2 2 1 1 0 2 2 0 2 1 0 0 1 2 2 2 1 0 2 1 1 2 2 0 0 2 2 0 0 0 0 0 0 1 1 0 0 0 0 1 2 2 1 0 2 0 2 0 2 2 1 0 1 0 1 2 0 1 2 0 1 0 2 0 1 2 2 2 1 1
0.154535196207471 1.07211144276908 1.03617499446256 -0.830862202541387 1.4573128389925 -1 1 2 1 2 2 2 2 1 2 1 2 0 0 0 1 1 0 2 0 1 1 2 2 2 2 1 2 2 2 0 2 2 2 0 1 2 2 0 2 2 0 2 2 2 2 2 2 0 2 1 0 1 2 0 0 2 2 0 0 1 0 0 0 1 0 0 0 1 1 0 2 2 2 0 0 0 2 1 2 1 1 0 1 1 1 2 2 2 2 2 2 0 0 0 1 1 1 1 0 0 -1 -2 -1 -2 -2 -2 -2 -1 -2 -1 -2 0 0 0 -1 -1 0 -2 0 -1 -1 -2 -2 -2 -2 -1 -2 -2 -2 0 -2 -2 -2 0 -1 -2 -2 0 -2 -2 0 -2 -2 -2 -2 -2 -2 0 -2 -1 0 -1 -2 0 0 -2 -2 0 0 -1 0 0 0 -1 0 0 0 -1 -1 0 -2 -2 -2 0 0 0 -2 -1 -2 -1 -1 0 -1 -1 -1 -2 -2 -2 -2 -2 -2 0 0 0 -1 -1 -1 -1 0 0
0.848210287016641 -1.22004666064802 1.38054643637521 0.376570448368312 -0.0518755211725084 -1 1 1 0 1 0 0 1 1 2 2 2 0 0 1 1 2 0 1 0 0 1 2 0 1 2 0 1 2 1 0 1 2 1 1 1 2 2 0 2 0 0 0 1 0 1 1 1 0 2 1 0 1 2 0 1 2 2 0 1 1 1 0 0 2 2 1 1 2 2 1 0 2 2 0 2 0 2 0 2 0 0 0 2 1 1 2 1 2 2 1 2 1 2 0 0 1 2 0 0 0 -1 -1 0 -1 0 0 -1 -1 -2 -2 -2 0 0 -1 -1 -2 0 -1 0 0 -1 -2 0 -1 -2 0 -1 -2 -1 0 -1 -2 -1 -1 -1 -2 -2 0 -2 0 0 0 -1 0 -1 -1 -1 0 -2 -1 0 -1 -2 0 -1 -2 -2 0 -1 -1 -1 0 0 -2 -2 -1 -1 -2 -2 -1 0 -2 -2 0 -2 0 -2 0 -2 0 0 0 -2 -1 -1 -2 -1 -2 -2 -1 -2 -1 -2 0 0 -1 -2 0 0 0
-1.77898553232973 -0.194140799329774 2.1599617500247 1.4004067678911 1.41757047888064 -1 0 2 1 1 0 0 2 0 2 2 2 0 1 2 0 2 1 2 0 2 2 2 0 1 2 0 1 2 0 0 1 2 1 0 1 2 2 0 2 2 0 0 2 2 2 2 1 0 2 0 0 2 2 1 1 2 2 0 0 1 2 0 0 0 1 0 0 0 1 1 2 2 1 0 1 0 2 0 1 1 1 0 1 2 0 2 0 1 2 0 1 1 2 0 0 1 2 0 1 1 0 -2 -1 -1 0 0 -2 0 -2 -2 -2 0 -1 -2 0 -2 -1 -2 0 -2 -2 -2 0 -1 -2 0 -1 -2 0 0 -1 -2 -1 0 -1 -2 -2 0 -2 -2 0 0 -2 -2 -2 -2 -1 0 -2 0 0 -2 -2 -1 -1 -2 -2 0 0 -1 -2 0 0 0 -1 0 0 0 -1 -1 -2 -2 -1 0 -1 0 -2 0 -1 -1 -1 0 -1 -2 0 -2 0 -1 -2 0 -1 -1 -2 0 0 -1 -2 0 -1 -1
-1.09406972415073 -2.35904681006775 -0.925788961618715 -0.933660713860179 -0.193015816989741 -1 0 2 2 2 1 2 2 1 2 1 2 0 1 1 1 2 1 2 0 1 2 2 1 1 2 1 1 2 1 0 2 2 1 2 2 2 2 0 2 0 0 1 1 1 2 2 2 0 2 1 1 2 2 0 0 2 2 1 0 0 1 0 1 2 1 0 0 0 1 2 1 1 2 0 2 0 2 1 2 1 0 0 2 1 1 2 2 2 2 1 1 0 2 0 0 0 2 2 1 2 0 -2 -2 -2 -1 -2 -2 -1 -2 -1 -2 0 -1 -1 -1 -2 -1 -2 0 -1 -2 -2 -1 -1 -2 -1 -1 -2 -1 0 -2 -2 -1 -2 -2 -2 -2 0 -2 0 0 -1 -1 -1 -2 -2 -2 0 -2 -1 -1 -2 -2 0 0 -2 -2 -1 0 0 -1 0 -1 -2 -1 0 0 0 -1 -2 -1 -1 -2 0 -2 0 -2 -1 -2 -1 0 0 -2 -1 -1 -2 -2 -2 -2 -1 -1 0 -2 0 0 0 -2 -2 -1 -2
1.86010717375947 -1.0300073470191 -0.158224472260964 1.18226252931866 0.404797879668816 1 1 2 2 1 0 1 2 2 2 1 2 0 0 2 2 2 0 2 0 1 2 2 1 1 2 0 0 2 1 0 2 1 0 1 0 2 2 0 1 1 0 2 2 2 1 1 0 0 2 1 0 1 2 0 1 2 2 0 0 0 1 0 0 1 1 1 1 2 1 1 2 2 2 0 2 2 2 1 2 1 1 0 0 1 1 2 2 2 2 2 2 1 2 0 0 1 1 0 0 1 1 2 2 1 0 1 2 2 2 1 2 0 0 2 2 2 0 2 0 1 2 2 1 1 2 0 0 2 1 0 2 1 0 1 0 2 2 0 1 1 0 2 2 2 1 1 0 0 2 1 0 1 2 0 1 2 2 0 0 0 1 0 0 1 1 1 1 2 1 1 2 2 2 0 2 2 2 1 2 1 1 0 0 1 1 2 2 2 2 2 2 1 2 0 0 1 1 0 0 1
-0.276137320978305 -0.800080397451875 1.47395937946863 -0.647017766529941 0.209722718685107 -1 0 0 0 1 0 0 1 1 2 1 2 0 0 1 0 1 0 2 0 1 2 2 0 2 2 0 0 2 1 0 2 2 2 2 1 2 1 0 2 1 0 1 2 2 1 2 1 0 2 2 1 2 2 0 1 2 2 0 0 0 2 0 1 1 0 0 1 0 0 1 2 2 1 0 1 0 2 1 2 1 1 0 0 2 0 1 0 1 1 0 2 0 1 0 0 1 1 0 0 0 0 0 0 -1 0 0 -1 -1 -2 -1 -2 0 0 -1 0 -1 0 -2 0 -1 -2 -2 0 -2 -2 0 0 -2 -1 0 -2 -2 -2 -2 -1 -2 -1 0 -2 -1 0 -1 -2 -2 -1 -2 -1 0 -2 -2 -1 -2 -2 0 -1 -2 -2 0 0 0 -2 0 -1 -1 0 0 -1 0 0 -1 -2 -2 -1 0 -1 0 -2 -1 -2 -1 -1 0 0 -2 0 -1 0 -1 -1 0 -2 0 -1 0 0 -1 -1 0 0 0
-0.877570408608941 -2.94870765844239 0.00824860284758419 -1.25802732799091 -0.699336275690246 1 0 2 0 2 0 1 1 2 2 1 2 0 0 1 1 2 1 2 0 0 2 2 0 1 2 1 2 2 1 0 1 2 2 2 1 2 1 0 2 1 0 2 1 1 2 2 1 0 2 1 0 1 2 0 1 2 2 0 0 0 1 0 0 1 1 1 1 2 2 0 1 2 1 0 0 0 1 1 2 1 2 0 0 2 1 2 1 2 2 1 1 0 1 0 1 2 2 1 0 0 0 2 0 2 0 1 1 2 2 1 2 0 0 1 1 2 1 2 0 0 2 2 0 1 2 1 2 2 1 0 1 2 2 2 1 2 1 0 2 1 0 2 1 1 2 2 1 0 2 1 0 1 2 0 1 2 2 0 0 0 1 0 0 1 1 1 1 2 2 0 1 2 1 0 0 0 1 1 2 1 2 0 0 2 1 2 1 2 2 1 1 0 1 0 1 2 2 1 0 0
-0.507732477861266 -1.58527491375048 0.130302860814383 1.51220009883065 0.11342759240181 -1 1 1 0 2 0 0 2 0 2 1 2 0 0 1 1 1 0 2 0 1 1 1 2 2 2 1 1 2 0 0 2 2 1 0 1 2 2 0 2 1 0 1 2 2 2 2 2 0 2 0 0 1 2 0 0 2 2 0 0 0 1 1 0 1 1 0 1 1 0 0 0 1 1 0 1 0 1 0 2 0 1 0 2 0 1 2 0 2 1 2 2 0 2 2 0 1 2 1 0 0 -1 -1 0 -2 0 0 -2 0 -2 -1 -2 0 0 -1 -1 -1 0 -2 0 -1 -1 -1 -2 -2 -2 -1 -1 -2 0 0 -2 -2 -1 0 -1 -2 -2 0 -2 -1 0 -1 -2 -2 -2 -2 -2 0 -2 0 0 -1 -2 0 0 -2 -2 0 0 0 -1 -1 0 -1 -1 0 -1 -1 0 0 0 -1 -1 0 -1 0 -1 0 -2 0 -1 0 -2 0 -1 -2 0 -2 -1 -2 -2 0 -2 -2 0 -1 -2 -1 0 0
-0.540620113061023 -1.08741900885325 -0.00313887955323886 -0.202273980636963 -1.14884268262024 -1 1 1 0 1 0 1 1 1 2 1 2 0 2 1 2 2 1 2 0 0 0 2 0 0 2 2 2 2 1 0 2 2 1 0 0 2 1 0 2 2 0 1 1 1 1 1 1 0 2 1 1 2 2 0 1 2 2 0 1 0 2 0 0 0 2 0 0 0 0 1 2 2 2 1 1 0 2 1 2 2 1 0 1 1 0 2 0 1 2 0 2 1 2 0 0 0 2 1 0 1 -1 -1 0 -1 0 -1 -1 -1 -2 -1 -2 0 -2 -1 -2 -2 -1 -2 0 0 0 -2 0 0 -2 -2 -2 -2 -1 0 -2 -2 -1 0 0 -2 -1 0 -2 -2 0 -1 -1 -1 -1 -1 -1 0 -2 -1 -1 -2 -2 0 -1 -2 -2 0 -1 0 -2 0 0 0 -2 0 0 0 0 -1 -2 -2 -2 -1 -1 0 -2 -1 -2 -2 -1 0 -1 -1 0 -2 0 -1 -2 0 -2 -1 -2 0 0 0 -2 -1 0 -1
0.605215594449332 1.02885815452308 1.95355963844155 0.896016078025246 1.79053174258528 1 1 1 0 1 1 2 2 2 2 1 2 0 1 1 0 2 0 1 0 0 1 2 1 1 2 1 2 2 1 0 2 2 1 0 1 2 2 0 2 1 0 1 1 1 2 2 2 0 2 0 0 2 2 0 1 2 2 0 0 0 1 0 0 1 1 0 1 1 1 1 1 2 2 0 0 0 2 2 2 2 2 1 2 2 1 2 0 1 1 2 2 1 2 1 0 1 2 0 0 0 1 1 0 1 1 2 2 2 2 1 2 0 1 1 0 2 0 1 0 0 1 2 1 1 2 1 2 2 1 0 2 2 1 0 1 2 2 0 2 1 0 1 1 1 2 2 2 0 2 0 0 2 2 0 1 2 2 0 0 0 1 0 0 1 1 0 1 1 1 1 1 2 2 0 0 0 2 2 2 2 2 1 2 2 1 2 0 1 1 2 2 1 2 1 0 1 2 0 0 0
-1.18567443359811 1.4132482104832 0.122696079405108 -0.687963215839068 -0.904219377504062 -1 1 1 1 1 1 1 1 0 2 1 2 0 1 0 1 2 0 1 0 1 2 2 1 1 2 1 1 2 1 0 2 2 2 1 1 2 2 0 2 2 0 2 2 1 1 2 0 0 2 0 1 2 2 1 1 2 2 0 0 0 0 0 0 1 1 0 1 1 1 0 1 2 2 0 1 1 1 1 2 2 1 1 2 1 1 2 0 1 1 1 1 0 2 0 1 2 2 1 0 1 -1 -1 -1 -1 -1 -1 -1 0 -2 -1 -2 0 -1 0 -1 -2 0 -1 0 -1 -2 -2 -1 -1 -2 -1 -1 -2 -1 0 -2 -2 -2 -1 -1 -2 -2 0 -2 -2 0 -2 -2 -1 -1 -2 0 0 -2 0 -1 -2 -2 -1 -1 -2 -2 0 0 0 0 0 0 -1 -1 0 -1 -1 -1 0 -1 -2 -2 0 -1 -1 -1 -1 -2 -2 -1 -1 -2 -1 -1 -2 0 -1 -1 -1 -1 0 -2 0 -1 -2 -2 -1 0 -1
0.559853654841618 -1.57689182943497 0.682430750926754 -3.01168484498587 0.599538814760877 1 1 1 0 1 0 1 2 1 2 1 2 0 0 2 2 2 0 2 0 0 1 1 0 0 2 1 1 2 0 0 1 1 1 1 1 2 2 0 2 1 0 1 2 2 2 2 2 0 2 1 0 1 2 0 0 2 2 0 0 1 2 0 0 1 1 0 0 0 1 2 1 2 2 0 1 0 2 1 2 0 0 0 0 0 0 1 2 2 2 1 1 1 2 1 0 0 2 0 0 0 1 1 0 1 0 1 2 1 2 1 2 0 0 2 2 2 0 2 0 0 1 1 0 0 2 1 1 2 0 0 1 1 1 1 1 2 2 0 2 1 0 1 2 2 2 2 2 0 2 1 0 1 2 0 0 2 2 0 0 1 2 0 0 1 1 0 0 0 1 2 1 2 2 0 1 0 2 1 2 0 0 0 0 0 0 1 2 2 2 1 1 1 2 1 0 0 2 0 0 0
-0.608442617358979 -0.363575997456045 -2.46556902024431 -1.92909006493688 -1.5721040835746 -1 2 2 1 0 0 1 1 1 2 1 2 0 2 2 2 2 2 2 0 0 2 1 0 0 2 0 1 2 0 0 2 2 2 2 1 2 2 0 2 1 0 1 2 2 2 2 2 0 2 2 0 1 1 0 0 2 2 0 0 0 0 0 0 0 0 0 1 1 2 1 1 2 1 0 1 0 2 1 2 1 1 0 1 1 1 2 1 2 1 0 1 0 2 1 1 2 2 2 1 1 -2 -2 -1 0 0 -1 -1 -1 -2 -1 -2 0 -2 -2 -2 -2 -2 -2 0 0 -2 -1 0 0 -2 0 -1 -2 0 0 -2 -2 -2 -2 -1 -2 -2 0 -2 -1 0 -1 -2 -2 -2 -2 -2 0 -2 -2 0 -1 -1 0 0 -2 -2 0 0 0 0 0 0 0 0 0 -1 -1 -2 -1 -1 -2 -1 0 -1 0 -2 -1 -2 -1 -1 0 -1 -1 -1 -2 -1 -2 -1 0 -1 0 -2 -1 -1 -2 -2 -2 -1 -1
-0.136187276345757 0.696489130164979 0.316289824467287 -0.0541996145161202 1.03327661804795 1 1 2 1 2 0 1 2 2 2 2 2 0 1 2 2 2 0 2 0 0 2 2 1 2 2 0 1 2 0 0 2 2 1 1 1 2 2 1 2 2 0 1 1 2 2 2 1 0 2 1 1 2 2 0 1 1 2 0 0 1 2 1 0 1 2 0 0 1 1 0 1 1 1 0 0 0 1 1 2 2 0 1 1 2 1 2 1 2 1 1 2 0 2 0 0 1 2 2 1 1 1 2 1 2 0 1 2 2 2 2 2 0 1 2 2 2 0 2 0 0 2 2 1 2 2 0 1 2 0 0 2 2 1 1 1 2 2 1 2 2 0 1 1 2 2 2 1 0 2 1 1 2 2 0 1 1 2 0 0 1 2 1 0 1 2 0 0 1 1 0 1 1 1 0 0 0 1 1 2 2 0 1 1 2 1 2 1 2 1 1 2 0 2 0 0 1 2 2 1 1
-0.0100911297945216 0.152453996839458 -0.994346337329153 0.556588415999837 -1.45744814036046 1 1 1 1 1 0 1 2 1 2 1 2 0 1 1 1 2 0 2 0 0 2 2 1 2 2 0 0 1 1 0 2 2 1 1 0 2 2 0 2 0 0 0 1 1 2 2 2 0 2 2 0 1 2 0 0 2 2 1 1 2 2 1 1 2 1 0 0 1 2 0 1 2 2 0 0 0 2 0 2 0 0 0 1 2 2 1 0 2 2 1 2 1 2 0 1 1 2 1 0 0 1 1 1 1 0 1 2 1 2 1 2 0 1 1 1 2 0 2 0 0 2 2 1 2 2 0 0 1 1 0 2 2 1 1 0 2 2 0 2 0 0 0 1 1 2 2 2 0 2 2 0 1 2 0 0 2 2 1 1 2 2 1 1 2 1 0 0 1 2 0 1 2 2 0 0 0 2 0 2 0 0 0 1 2 2 1 0 2 2 1 2 1 2 0 1 1 2 1 0 0
-0.121270454382815 0.537454829593139 -0.537597707696825 -0.13102800781331 -0.0109665099909283 1 1 1 0 1 0 2 2 2 2 1 2 0 1 2 1 2 0 1 0 0 2 2 1 2 2 1 1 2 0 0 1 2 2 2 2 2 2 1 1 0 0 1 2 0 2 1 2 0 2 2 0 2 2 0 1 2 2 0 0 0 1 0 0 0 1 0 0 0 0 1 2 2 1 0 1 1 2 2 2 1 1 1 1 2 0 2 1 2 2 2 2 1 2 0 1 1 2 1 0 0 1 1 0 1 0 2 2 2 2 1 2 0 1 2 1 2 0 1 0 0 2 2 1 2 2 1 1 2 0 0 1 2 2 2 2 2 2 1 1 0 0 1 2 0 2 1 2 0 2 2 0 2 2 0 1 2 2 0 0 0 1 0 0 0 1 0 0 0 0 1 2 2 1 0 1 1 2 2 2 1 1 1 1 2 0 2 1 2 2 2 2 1 2 0 1 1 2 1 0 0
-0.723866503924816 0.734625135142001 1.38751643693546 0.133974289448906 0.489633931171007 -1 0 0 0 2 2 2 2 2 2 1 2 0 1 0 1 1 0 1 0 1 2 2 1 2 2 1 0 2 0 0 2 2 1 0 0 1 1 1 2 0 0 0 1 1 2 1 0 0 2 1 1 2 2 0 0 2 2 0 0 0 1 0 0 2 2 0 2 1 1 0 2 2 1 0 1 0 1 1 2 2 2 1 2 2 0 1 0 2 2 0 2 0 2 2 0 2 2 1 0 1 0 0 0 -2 -2 -2 -2 -2 -2 -1 -2 0 -1 0 -1 -1 0 -1 0 -1 -2 -2 -1 -2 -2 -1 0 -2 0 0 -2 -2 -1 0 0 -1 -1 -1 -2 0 0 0 -1 -1 -2 -1 0 0 -2 -1 -1 -2 -2 0 0 -2 -2 0 0 0 -1 0 0 -2 -2 0 -2 -1 -1 0 -2 -2 -1 0 -1 0 -1 -1 -2 -2 -2 -1 -2 -2 0 -1 0 -2 -2 0 -2 0 -2 -2 0 -2 -2 -1 0 -1
-1.18052740948565 0.823845857187431 -0.348142605194278 -0.0875963574663305 -0.0156074022631526 -1 1 2 2 1 0 0 2 0 2 0 2 0 1 1 2 2 0 2 0 0 1 2 0 0 2 1 0 1 1 0 2 2 1 0 0 2 2 0 2 2 0 1 2 1 2 1 2 0 2 1 0 1 2 0 1 2 2 0 0 0 2 0 0 0 0 0 1 2 1 1 2 2 2 0 1 0 2 0 2 1 0 0 1 1 0 1 0 2 2 1 2 0 2 0 1 1 2 1 0 0 -1 -2 -2 -1 0 0 -2 0 -2 0 -2 0 -1 -1 -2 -2 0 -2 0 0 -1 -2 0 0 -2 -1 0 -1 -1 0 -2 -2 -1 0 0 -2 -2 0 -2 -2 0 -1 -2 -1 -2 -1 -2 0 -2 -1 0 -1 -2 0 -1 -2 -2 0 0 0 -2 0 0 0 0 0 -1 -2 -1 -1 -2 -2 -2 0 -1 0 -2 0 -2 -1 0 0 -1 -1 0 -1 0 -2 -2 -1 -2 0 -2 0 -1 -1 -2 -1 0 0
-0.407384906537969 0.82124787509299 1.08437601584886 1.00641272485829 -2.16240531453324 -1 1 1 1 1 0 1 2 2 2 2 2 0 1 1 2 2 1 2 0 0 2 2 1 0 1 0 0 2 0 0 2 2 2 1 0 2 2 0 2 1 0 1 1 1 2 2 2 0 2 0 0 1 2 0 1 2 2 1 1 1 2 0 1 1 0 0 1 0 0 1 2 2 0 0 1 0 2 0 2 0 0 0 1 1 0 2 1 2 2 1 2 1 2 0 0 1 1 0 0 1 -1 -1 -1 -1 0 -1 -2 -2 -2 -2 -2 0 -1 -1 -2 -2 -1 -2 0 0 -2 -2 -1 0 -1 0 0 -2 0 0 -2 -2 -2 -1 0 -2 -2 0 -2 -1 0 -1 -1 -1 -2 -2 -2 0 -2 0 0 -1 -2 0 -1 -2 -2 -1 -1 -1 -2 0 -1 -1 0 0 -1 0 0 -1 -2 -2 0 0 -1 0 -2 0 -2 0 0 0 -1 -1 0 -2 -1 -2 -2 -1 -2 -1 -2 0 0 -1 -1 0 0 -1
-0.479131174957908 -0.514003813388599 0.398387942393415 0.506957073984568 0.675298983698537 1 0 0 0 1 0 0 1 1 2 0 2 0 0 1 1 2 2 2 0 0 1 2 1 1 2 1 2 2 0 0 2 2 2 2 1 1 2 0 2 1 0 1 2 2 2 2 1 0 2 2 0 1 2 0 0 2 2 1 1 1 1 0 0 1 1 1 0 0 1 1 2 2 1 0 0 1 2 1 2 1 1 1 2 2 0 2 2 2 1 1 1 0 1 1 2 2 2 2 2 1 0 0 0 1 0 0 1 1 2 0 2 0 0 1 1 2 2 2 0 0 1 2 1 1 2 1 2 2 0 0 2 2 2 2 1 1 2 0 2 1 0 1 2 2 2 2 1 0 2 2 0 1 2 0 0 2 2 1 1 1 1 0 0 1 1 1 0 0 1 1 2 2 1 0 0 1 2 1 2 1 1 1 2 2 0 2 2 2 1 1 1 0 1 1 2 2 2 2 2 1
-0.048726149392569 0.842905882710627 -0.366747451616777 -0.035950513005575 1.14755917158491 1 1 0 0 1 1 2 2 1 1 0 2 0 0 0 1 2 2 2 0 1 2 2 0 1 2 0 0 2 1 0 1 2 2 1 1 2 1 0 2 2 0 2 2 1 2 2 2 0 2 0 1 2 1 0 0 2 2 0 1 1 2 0 0 2 2 0 1 1 1 0 0 2 0 0 0 0 1 0 1 1 1 1 1 1 1 2 0 2 2 1 2 0 2 1 0 1 2 1 0 0 1 0 0 1 1 2 2 1 1 0 2 0 0 0 1 2 2 2 0 1 2 2 0 1 2 0 0 2 1 0 1 2 2 1 1 2 1 0 2 2 0 2 2 1 2 2 2 0 2 0 1 2 1 0 0 2 2 0 1 1 2 0 0 2 2 0 1 1 1 0 0 2 0 0 0 0 1 0 1 1 1 1 1 1 1 2 0 2 2 1 2 0 2 1 0 1 2 1 0 0
0.891258597326332 0.606913021388035 -0.0600438571958819 -0.604251991447449 0.121780500655204 1 2 2 1 2 0 1 2 2 2 1 2 0 1 1 1 2 0 2 0 0 0 1 0 2 2 1 1 2 0 0 1 2 1 0 0 2 2 0 2 1 0 1 2 2 1 2 1 0 2 1 0 0 2 0 1 2 2 1 0 1 2 0 0 0 1 0 1 1 1 0 1 2 1 0 0 0 2 0 2 2 1 1 2 2 1 2 0 0 0 0 1 0 1 0 1 1 2 1 0 1 2 2 1 2 0 1 2 2 2 1 2 0 1 1 1 2 0 2 0 0 0 1 0 2 2 1 1 2 0 0 1 2 1 0 0 2 2 0 2 1 0 1 2 2 1 2 1 0 2 1 0 0 2 0 1 2 2 1 0 1 2 0 0 0 1 0 1 1 1 0 1 2 1 0 0 0 2 0 2 2 1 1 2 2 1 2 0 0 0 0 1 0 1 0 1 1 2 1 0 1
0.387728091547831 0.756221236017381 0.552245602351924 -0.316977603267396 -2.07735964885443 1 1 1 1 2 1 1 2 2 2 2 2 0 0 0 1 2 1 1 0 0 2 1 0 1 2 2 1 2 0 0 2 2 0 1 0 2 1 0 2 1 0 0 2 1 2 2 2 0 2 1 1 2 2 0 1 2 2 0 0 0 1 0 0 0 1 0 2 1 1 1 2 1 0 0 0 0 1 0 1 0 1 1 2 1 0 2 0 2 2 1 2 1 2 1 0 0 1 2 1 2 1 1 1 2 1 1 2 2 2 2 2 0 0 0 1 2 1 1 0 0 2 1 0 1 2 2 1 2 0 0 2 2 0 1 0 2 1 0 2 1 0 0 2 1 2 2 2 0 2 1 1 2 2 0 1 2 2 0 0 0 1 0 0 0 1 0 2 1 1 1 2 1 0 0 0 0 1 0 1 0 1 1 2 1 0 2 0 2 2 1 2 1 2 1 0 0 1 2 1 2
1.28362889475652 -0.380248989253954 1.7317143721012 0.865195027306023 -0.572354146105833 -1 1 1 1 1 0 1 2 1 2 1 2 0 1 1 1 2 1 1 0 0 2 1 1 0 2 0 0 1 1 0 2 2 0 1 1 2 2 0 2 0 0 1 2 1 2 1 0 0 2 1 0 1 2 0 0 2 2 0 0 1 2 0 0 1 2 0 1 1 1 2 2 2 2 1 1 1 2 1 2 2 1 0 0 1 0 2 0 1 0 0 2 1 2 0 1 2 2 1 0 0 -1 -1 -1 -1 0 -1 -2 -1 -2 -1 -2 0 -1 -1 -1 -2 -1 -1 0 0 -2 -1 -1 0 -2 0 0 -1 -1 0 -2 -2 0 -1 -1 -2 -2 0 -2 0 0 -1 -2 -1 -2 -1 0 0 -2 -1 0 -1 -2 0 0 -2 -2 0 0 -1 -2 0 0 -1 -2 0 -1 -1 -1 -2 -2 -2 -2 -1 -1 -1 -2 -1 -2 -2 -1 0 0 -1 0 -2 0 -1 0 0 -2 -1 -2 0 -1 -2 -2 -1 0 0
0.662948154366592 -0.988467615413835 -0.140343869009182 -0.123475073654766 -1.60879119022624 1 1 2 0 1 0 1 2 1 2 1 2 0 1 1 0 2 0 2 0 0 2 2 0 1 2 0 2 2 0 0 1 2 0 0 0 2 2 0 2 0 0 0 2 1 2 2 1 0 2 2 1 2 2 0 1 2 2 1 0 1 1 0 1 2 1 0 0 1 2 0 1 2 1 0 2 1 2 0 2 2 1 0 0 1 2 2 0 1 1 1 1 0 1 0 2 1 2 1 0 1 1 2 0 1 0 1 2 1 2 1 2 0 1 1 0 2 0 2 0 0 2 2 0 1 2 0 2 2 0 0 1 2 0 0 0 2 2 0 2 0 0 0 2 1 2 2 1 0 2 2 1 2 2 0 1 2 2 1 0 1 1 0 1 2 1 0 0 1 2 0 1 2 1 0 2 1 2 0 2 2 1 0 0 1 2 2 0 1 1 1 1 0 1 0 2 1 2 1 0 1
-0.0164659498095131 -1.40278308536379 -0.820766351652909 0.449049913705693 0.80680327020755 1 1 2 0 2 0 1 1 0 2 0 2 0 0 0 0 2 0 1 0 0 1 1 0 1 2 1 1 1 0 2 2 2 1 2 1 2 2 1 1 0 0 0 1 1 1 1 0 0 2 1 0 2 1 0 0 2 2 0 1 2 2 1 1 2 2 0 2 1 1 1 2 2 1 0 1 0 2 1 2 2 1 1 0 0 0 2 1 1 0 0 2 1 2 1 0 0 1 2 1 0 1 2 0 2 0 1 1 0 2 0 2 0 0 0 0 2 0 1 0 0 1 1 0 1 2 1 1 1 0 2 2 2 1 2 1 2 2 1 1 0 0 0 1 1 1 1 0 0 2 1 0 2 1 0 0 2 2 0 1 2 2 1 1 2 2 0 2 1 1 1 2 2 1 0 1 0 2 1 2 2 1 1 0 0 0 2 1 1 0 0 2 1 2 1 0 0 1 2 1 0
0.501359357623088 0.158769904556448 -0.568554956557609 0.601100949000176 -0.831801912929045 1 1 2 1 2 0 2 2 0 2 2 1 0 2 1 1 1 0 1 0 1 2 2 1 1 2 1 1 2 0 0 2 2 2 2 1 2 2 0 2 2 0 1 1 1 2 2 2 0 2 2 1 0 2 0 0 2 2 0 0 0 0 0 0 0 1 0 0 2 1 0 0 2 2 0 1 0 1 1 2 2 1 0 0 1 0 2 0 1 2 0 2 1 2 0 1 1 2 2 1 1 1 2 1 2 0 2 2 0 2 2 1 0 2 1 1 1 0 1 0 1 2 2 1 1 2 1 1 2 0 0 2 2 2 2 1 2 2 0 2 2 0 1 1 1 2 2 2 0 2 2 1 0 2 0 0 2 2 0 0 0 0 0 0 0 1 0 0 2 1 0 0 2 2 0 1 0 1 1 2 2 1 0 0 1 0 2 0 1 2 0 2 1 2 0 1 1 2 2 1 1
-0.555027319683794 -1.00162710602868 0.0369773925986524 2.08013054574417 0.920819081401834 1 0 1 1 1 0 0 1 1 2 0 2 0 1 1 2 2 0 2 0 1 2 2 1 2 2 0 2 2 1 0 2 1 0 0 0 2 2 0 2 2 0 1 2 1 1 1 0 0 2 1 0 2 2 0 2 2 2 0 0 1 1 0 0 2 2 0 1 0 1 2 2 2 1 0 0 0 2 1 2 0 0 1 2 2 1 2 0 2 2 0 0 0 2 1 1 2 2 0 0 0 0 1 1 1 0 0 1 1 2 0 2 0 1 1 2 2 0 2 0 1 2 2 1 2 2 0 2 2 1 0 2 1 0 0 0 2 2 0 2 2 0 1 2 1 1 1 0 0 2 1 0 2 2 0 2 2 2 0 0 1 1 0 0 2 2 0 1 0 1 2 2 2 1 0 0 0 2 1 2 0 0 1 2 2 1 2 0 2 2 0 0 0 2 1 1 2 2 0 0 0
0.738983677480976 -0.809291370019585 -0.475302547416403 0.330653080723681 -0.473484318156779 1 2 1 1 2 1 1 2 2 2 1 2 0 1 2 1 2 1 2 0 0 2 2 1 0 1 0 0 1 0 0 2 2 0 0 0 2 2 1 2 1 0 2 1 1 2 1 0 0 1 1 0 0 1 0 0 2 2 0 0 0 1 0 0 0 0 0 0 1 1 2 1 1 1 1 0 0 1 1 2 1 1 1 1 1 1 2 1 2 2 1 1 0 2 1 0 1 2 0 0 0 2 1 1 2 1 1 2 2 2 1 2 0 1 2 1 2 1 2 0 0 2 2 1 0 1 0 0 1 0 0 2 2 0 0 0 2 2 1 2 1 0 2 1 1 2 1 0 0 1 1 0 0 1 0 0 2 2 0 0 0 1 0 0 0 0 0 0 1 1 2 1 1 1 1 0 0 1 1 2 1 1 1 1 1 1 2 1 2 2 1 1 0 2 1 0 1 2 0 0 0
-0.164567232815978 2.45355581133067 0.540721036362626 0.474048782036524 1.8882857665898 -1 1 1 0 2 0 0 0 2 2 1 2 0 2 1 1 2 1 2 0 0 2 2 1 1 2 1 2 2 1 0 2 2 2 2 1 2 2 1 2 1 0 1 2 2 2 2 2 0 2 1 0 2 2 0 1 2 2 0 1 0 2 0 0 0 1 0 0 1 1 1 1 2 0 0 0 0 2 1 2 1 0 1 2 1 2 2 0 1 1 0 1 0 0 0 2 2 2 2 0 1 -1 -1 0 -2 0 0 0 -2 -2 -1 -2 0 -2 -1 -1 -2 -1 -2 0 0 -2 -2 -1 -1 -2 -1 -2 -2 -1 0 -2 -2 -2 -2 -1 -2 -2 -1 -2 -1 0 -1 -2 -2 -2 -2 -2 0 -2 -1 0 -2 -2 0 -1 -2 -2 0 -1 0 -2 0 0 0 -1 0 0 -1 -1 -1 -1 -2 0 0 0 0 -2 -1 -2 -1 0 -1 -2 -1 -2 -2 0 -1 -1 0 -1 0 0 0 -2 -2 -2 -2 0 -1
-0.440089018306084 0.779300999999351 0.569499123795255 0.233432281841779 -1.68546494353675 1 2 2 2 1 0 2 1 2 2 2 2 0 1 1 2 2 1 2 0 2 2 2 0 2 2 0 1 2 1 0 2 2 1 0 1 2 2 0 2 0 0 1 2 1 2 2 1 0 1 1 0 1 1 0 1 2 2 0 0 1 2 0 0 2 1 0 0 1 1 1 2 2 2 0 1 0 2 1 2 1 0 0 0 0 0 2 0 2 1 0 2 0 2 0 1 1 2 1 2 1 2 2 2 1 0 2 1 2 2 2 2 0 1 1 2 2 1 2 0 2 2 2 0 2 2 0 1 2 1 0 2 2 1 0 1 2 2 0 2 0 0 1 2 1 2 2 1 0 1 1 0 1 1 0 1 2 2 0 0 1 2 0 0 2 1 0 0 1 1 1 2 2 2 0 1 0 2 1 2 1 0 0 0 0 0 2 0 2 1 0 2 0 2 0 1 1 2 1 2 1
-0.227226353783536 0.43125200141004 -0.979613879326623 -2.16757353010602 1.24437521489879 1 1 2 1 1 0 1 1 1 2 2 2 0 1 1 1 2 0 2 0 0 1 2 1 2 2 2 2 2 0 0 1 2 0 0 0 2 2 0 2 0 0 1 2 1 2 1 0 0 2 2 2 2 2 0 1 2 2 0 0 0 0 0 0 1 1 0 1 1 1 0 0 2 1 0 0 0 2 0 1 2 1 0 2 2 2 2 0 2 2 1 2 1 2 1 1 1 0 0 0 0 1 2 1 1 0 1 1 1 2 2 2 0 1 1 1 2 0 2 0 0 1 2 1 2 2 2 2 2 0 0 1 2 0 0 0 2 2 0 2 0 0 1 2 1 2 1 0 0 2 2 2 2 2 0 1 2 2 0 0 0 0 0 0 1 1 0 1 1 1 0 0 2 1 0 0 0 2 0 1 2 1 0 2 2 2 2 0 2 2 1 2 1 2 1 1 1 0 0 0 0
0.909488933587176 -0.0666693468410343 -0.545254529047752 0.249781933762533 0.608989780635336 -1 0 0 0 1 0 1 2 0 2 0 2 0 1 1 1 2 0 1 0 2 2 2 1 1 1 0 1 2 0 0 1 2 1 0 0 2 2 0 2 1 0 2 2 2 2 2 2 0 2 2 1 2 2 0 0 2 2 0 0 0 2 0 0 1 2 0 2 1 0 1 2 2 2 0 1 1 1 0 2 2 1 0 0 2 1 2 0 0 1 0 0 1 2 1 1 2 1 0 0 0 0 0 0 -1 0 -1 -2 0 -2 0 -2 0 -1 -1 -1 -2 0 -1 0 -2 -2 -2 -1 -1 -1 0 -1 -2 0 0 -1 -2 -1 0 0 -2 -2 0 -2 -1 0 -2 -2 -2 -2 -2 -2 0 -2 -2 -1 -2 -2 0 0 -2 -2 0 0 0 -2 0 0 -1 -2 0 -2 -1 0 -1 -2 -2 -2 0 -1 -1 -1 0 -2 -2 -1 0 0 -2 -1 -2 0 0 -1 0 0 -1 -2 -1 -1 -2 -1 0 0 0
0.139882117433667 -1.01107385326655 0.242292167753625 0.646356095719003 1.59032973031588 -1 1 1 1 2 1 0 1 1 2 1 2 0 1 1 2 2 1 2 0 0 1 0 0 1 2 0 0 2 0 0 2 2 1 0 0 2 2 0 2 0 0 0 2 2 2 1 1 0 2 0 1 2 2 0 0 2 2 0 1 0 1 0 0 1 1 0 1 1 0 1 1 2 1 0 1 0 2 1 2 0 0 0 1 1 2 2 0 2 2 2 2 0 2 1 0 1 1 0 0 0 -1 -1 -1 -2 -1 0 -1 -1 -2 -1 -2 0 -1 -1 -2 -2 -1 -2 0 0 -1 0 0 -1 -2 0 0 -2 0 0 -2 -2 -1 0 0 -2 -2 0 -2 0 0 0 -2 -2 -2 -1 -1 0 -2 0 -1 -2 -2 0 0 -2 -2 0 -1 0 -1 0 0 -1 -1 0 -1 -1 0 -1 -1 -2 -1 0 -1 0 -2 -1 -2 0 0 0 -1 -1 -2 -2 0 -2 -2 -2 -2 0 -2 -1 0 -1 -1 0 0 0
1.27675794303838 -1.35717142927385 0.268776167938502 2.19523764142377 0.276124661026916 -1 2 2 0 1 1 0 0 0 2 1 2 0 2 2 2 2 1 2 0 0 1 2 1 2 2 0 0 2 0 0 2 2 2 2 0 2 2 0 2 2 0 2 2 1 2 2 2 0 2 1 2 2 2 0 2 2 2 1 0 1 1 0 0 1 2 0 0 0 1 1 2 2 2 0 2 1 2 2 2 1 1 0 2 1 1 2 2 2 1 1 2 1 2 0 0 1 1 1 0 0 -2 -2 0 -1 -1 0 0 0 -2 -1 -2 0 -2 -2 -2 -2 -1 -2 0 0 -1 -2 -1 -2 -2 0 0 -2 0 0 -2 -2 -2 -2 0 -2 -2 0 -2 -2 0 -2 -2 -1 -2 -2 -2 0 -2 -1 -2 -2 -2 0 -2 -2 -2 -1 0 -1 -1 0 0 -1 -2 0 0 0 -1 -1 -2 -2 -2 0 -2 -1 -2 -2 -2 -1 -1 0 -2 -1 -1 -2 -2 -2 -1 -1 -2 -1 -2 0 0 -1 -1 -1 0 0
1.16844629263002 -0.535952522732909 1.6158108951413 1.53852966513326 2.06806647687605 -1 1 1 0 1 0 0 2 1 2 0 1 0 0 0 0 1 0 1 0 0 1 1 0 2 2 0 1 2 0 0 2 2 1 1 0 2 2 0 2 0 0 2 2 0 2 2 1 0 1 0 0 2 2 0 1 2 2 0 0 0 1 0 0 1 1 0 1 1 1 0 2 2 1 0 1 0 2 1 2 2 1 0 1 1 1 2 0 2 2 1 2 1 2 1 1 1 2 1 0 1 -1 -1 0 -1 0 0 -2 -1 -2 0 -1 0 0 0 0 -1 0 -1 0 0 -1 -1 0 -2 -2 0 -1 -2 0 0 -2 -2 -1 -1 0 -2 -2 0 -2 0 0 -2 -2 0 -2 -2 -1 0 -1 0 0 -2 -2 0 -1 -2 -2 0 0 0 -1 0 0 -1 -1 0 -1 -1 -1 0 -2 -2 -1 0 -1 0 -2 -1 -2 -2 -1 0 -1 -1 -1 -2 0 -2 -2 -1 -2 -1 -2 -1 -1 -1 -2 -1 0 -1
1.80873904658668 -0.106016482609085 -0.195329232725594 -1.56918542650253 -0.414756930875777 1 2 1 1 1 1 2 2 2 2 2 2 0 1 2 2 2 1 2 0 0 1 0 0 0 2 1 0 2 2 0 2 2 2 1 0 2 2 0 2 2 1 2 2 2 2 2 2 0 2 1 0 0 1 0 1 2 2 0 1 1 2 1 0 1 0 0 1 1 1 0 1 2 1 0 1 0 2 0 2 2 1 1 2 2 0 2 1 2 2 1 1 0 2 0 2 1 2 1 0 0 2 1 1 1 1 2 2 2 2 2 2 0 1 2 2 2 1 2 0 0 1 0 0 0 2 1 0 2 2 0 2 2 2 1 0 2 2 0 2 2 1 2 2 2 2 2 2 0 2 1 0 0 1 0 1 2 2 0 1 1 2 1 0 1 0 0 1 1 1 0 1 2 1 0 1 0 2 0 2 2 1 1 2 2 0 2 1 2 2 1 1 0 2 0 2 1 2 1 0 0
-0.126822654240279 1.157224966889 2.00928001374742 -0.452359595823914 -0.785118052268421 -1 1 0 0 1 0 1 2 1 2 1 2 0 0 1 0 2 0 2 0 0 1 0 0 1 2 0 0 1 0 0 2 2 1 1 0 2 1 0 2 0 0 2 1 1 2 2 0 0 1 0 0 1 2 0 2 2 2 0 0 1 2 1 1 1 0 0 0 1 1 0 1 1 0 0 0 0 2 0 2 2 0 0 2 2 1 2 1 1 1 0 2 1 2 0 0 0 2 0 0 0 -1 0 0 -1 0 -1 -2 -1 -2 -1 -2 0 0 -1 0 -2 0 -2 0 0 -1 0 0 -1 -2 0 0 -1 0 0 -2 -2 -1 -1 0 -2 -1 0 -2 0 0 -2 -1 -1 -2 -2 0 0 -1 0 0 -1 -2 0 -2 -2 -2 0 0 -1 -2 -1 -1 -1 0 0 0 -1 -1 0 -1 -1 0 0 0 0 -2 0 -2 -2 0 0 -2 -2 -1 -2 -1 -1 -1 0 -2 -1 -2 0 0 0 -2 0 0 0
-0.594041302676123 0.343632093549791 -0.382647041564107 1.79018335088163 -0.377641773177913 1 1 1 0 2 2 2 2 0 2 1 2 0 1 1 2 2 1 2 0 1 2 2 0 1 2 0 0 2 0 0 1 2 1 1 0 2 2 0 2 2 0 2 2 1 2 2 1 0 2 1 0 1 1 0 2 2 2 0 0 0 0 0 0 1 0 0 0 1 0 2 2 2 2 0 2 0 2 0 2 0 0 1 0 2 0 2 1 2 2 1 0 0 1 0 0 0 1 0 0 0 1 1 0 2 2 2 2 0 2 1 2 0 1 1 2 2 1 2 0 1 2 2 0 1 2 0 0 2 0 0 1 2 1 1 0 2 2 0 2 2 0 2 2 1 2 2 1 0 2 1 0 1 1 0 2 2 2 0 0 0 0 0 0 1 0 0 0 1 0 2 2 2 2 0 2 0 2 0 2 0 0 1 0 2 0 2 1 2 2 1 0 0 1 0 0 0 1 0 0 0
-0.515435189326707 -1.58424632901052 0.538464547433987 -0.118691583328157 0.178491341517231 1 0 0 0 0 0 0 1 1 2 0 2 0 0 0 1 1 0 1 0 1 2 2 0 1 2 0 0 2 0 1 2 2 2 1 1 2 2 0 2 1 0 0 1 1 2 2 1 0 2 0 1 2 2 0 0 2 2 0 0 1 2 1 1 1 0 0 0 1 1 1 2 2 2 1 2 0 1 1 2 1 1 1 2 2 1 2 1 2 2 0 2 1 2 0 1 2 2 2 0 1 0 0 0 0 0 0 1 1 2 0 2 0 0 0 1 1 0 1 0 1 2 2 0 1 2 0 0 2 0 1 2 2 2 1 1 2 2 0 2 1 0 0 1 1 2 2 1 0 2 0 1 2 2 0 0 2 2 0 0 1 2 1 1 1 0 0 0 1 1 1 2 2 2 1 2 0 1 1 2 1 1 1 2 2 1 2 1 2 2 0 2 1 2 0 1 2 2 2 0 1
0.356697412380153 -0.541522483959034 0.160752890522913 0.815043836458194 0.663991230456325 -1 0 0 0 1 0 0 1 0 2 1 2 0 0 0 0 1 1 1 0 0 2 2 0 2 2 1 1 2 0 0 1 2 0 0 2 2 2 0 2 0 0 1 1 1 2 2 2 0 2 2 1 1 2 0 0 2 2 0 0 1 2 0 0 0 0 0 1 0 0 0 1 2 2 0 0 0 2 0 2 1 0 0 2 2 1 2 1 2 1 0 2 0 2 0 0 0 2 1 0 0 0 0 0 -1 0 0 -1 0 -2 -1 -2 0 0 0 0 -1 -1 -1 0 0 -2 -2 0 -2 -2 -1 -1 -2 0 0 -1 -2 0 0 -2 -2 -2 0 -2 0 0 -1 -1 -1 -2 -2 -2 0 -2 -2 -1 -1 -2 0 0 -2 -2 0 0 -1 -2 0 0 0 0 0 -1 0 0 0 -1 -2 -2 0 0 0 -2 0 -2 -1 0 0 -2 -2 -1 -2 -1 -2 -1 0 -2 0 -2 0 0 0 -2 -1 0 0
0.960150170932029 0.299978233463794 1.25110720419515 -1.44126318161696 0.140700139785619 -1 1 2 1 2 1 1 1 1 2 1 2 0 2 2 1 2 1 2 0 1 2 2 0 0 2 1 0 2 0 0 1 2 0 1 1 2 2 0 2 2 0 1 1 2 2 2 2 0 2 0 0 0 2 0 0 2 2 0 0 0 1 0 0 0 0 0 1 0 1 1 2 2 2 0 2 0 2 0 2 1 2 1 2 2 1 2 1 1 2 2 2 1 2 1 0 1 2 1 0 1 -1 -2 -1 -2 -1 -1 -1 -1 -2 -1 -2 0 -2 -2 -1 -2 -1 -2 0 -1 -2 -2 0 0 -2 -1 0 -2 0 0 -1 -2 0 -1 -1 -2 -2 0 -2 -2 0 -1 -1 -2 -2 -2 -2 0 -2 0 0 0 -2 0 0 -2 -2 0 0 0 -1 0 0 0 0 0 -1 0 -1 -1 -2 -2 -2 0 -2 0 -2 0 -2 -1 -2 -1 -2 -2 -1 -2 -1 -1 -2 -2 -2 -1 -2 -1 0 -1 -2 -1 0 -1
1.04042337567073 1.7864997777656 -0.175382708110396 -0.956734087560191 1.25185081905924 -1 1 0 0 2 1 0 2 1 2 1 2 0 0 0 0 2 0 1 0 1 2 2 1 2 2 2 1 2 0 0 2 2 1 1 1 2 2 0 2 2 1 2 2 2 2 1 2 0 2 1 0 2 2 0 2 2 2 0 0 0 2 1 1 2 1 0 0 0 1 0 1 2 1 0 2 0 2 1 2 2 1 0 1 1 1 1 1 2 1 0 0 0 1 0 0 1 2 2 1 0 -1 0 0 -2 -1 0 -2 -1 -2 -1 -2 0 0 0 0 -2 0 -1 0 -1 -2 -2 -1 -2 -2 -2 -1 -2 0 0 -2 -2 -1 -1 -1 -2 -2 0 -2 -2 -1 -2 -2 -2 -2 -1 -2 0 -2 -1 0 -2 -2 0 -2 -2 -2 0 0 0 -2 -1 -1 -2 -1 0 0 0 -1 0 -1 -2 -1 0 -2 0 -2 -1 -2 -2 -1 0 -1 -1 -1 -1 -1 -2 -1 0 0 0 -1 0 0 -1 -2 -2 -1 0
-0.111922776851841 -1.13860177533835 -0.854066495927607 0.756542202080349 -0.519479683235976 1 2 1 1 2 0 0 0 0 2 2 2 0 0 0 0 1 0 1 0 0 2 2 1 2 2 0 1 2 1 0 2 2 2 0 0 2 2 0 2 2 1 1 1 1 1 2 1 0 1 1 1 2 2 0 1 2 2 0 0 0 2 0 0 2 2 1 2 2 2 0 2 1 1 1 1 0 2 0 2 2 1 1 2 2 2 2 0 1 1 0 1 1 2 1 0 0 2 1 0 0 2 1 1 2 0 0 0 0 2 2 2 0 0 0 0 1 0 1 0 0 2 2 1 2 2 0 1 2 1 0 2 2 2 0 0 2 2 0 2 2 1 1 1 1 1 2 1 0 1 1 1 2 2 0 1 2 2 0 0 0 2 0 0 2 2 1 2 2 2 0 2 1 1 1 1 0 2 0 2 2 1 1 2 2 2 2 0 1 1 0 1 1 2 1 0 0 2 1 0 0
0.342244944571888 1.29346178251251 0.22295475580683 0.960463196382464 -1.37786523040945 1 0 0 1 2 0 2 2 2 2 1 2 0 1 1 1 1 0 2 0 0 2 2 1 2 2 0 1 2 1 0 2 2 2 1 0 1 1 0 2 0 0 1 1 2 2 2 2 0 2 0 0 1 1 0 2 2 2 0 0 0 0 0 0 0 0 0 0 0 0 1 2 2 1 1 2 1 2 1 2 1 0 0 1 1 1 2 2 2 1 0 1 1 2 0 1 1 2 1 0 0 0 0 1 2 0 2 2 2 2 1 2 0 1 1 1 1 0 2 0 0 2 2 1 2 2 0 1 2 1 0 2 2 2 1 0 1 1 0 2 0 0 1 1 2 2 2 2 0 2 0 0 1 1 0 2 2 2 0 0 0 0 0 0 0 0 0 0 0 0 1 2 2 1 1 2 1 2 1 2 1 0 0 1 1 1 2 2 2 1 0 1 1 2 0 1 1 2 1 0 0
0.595927866095931 -0.407186874471901 0.711514836959094 -0.0914268442093957 -0.526700578012437 -1 1 2 2 2 1 1 2 2 2 2 2 0 1 1 2 2 1 1 0 2 2 2 0 0 2 0 0 2 0 0 1 2 0 0 0 2 2 0 2 2 0 2 2 1 2 1 0 0 2 1 1 2 2 0 0 1 2 0 0 0 0 0 0 0 0 0 0 1 2 0 2 1 1 0 1 1 2 0 2 2 1 0 1 2 1 2 0 2 0 1 2 2 1 0 0 1 2 2 1 2 -1 -2 -2 -2 -1 -1 -2 -2 -2 -2 -2 0 -1 -1 -2 -2 -1 -1 0 -2 -2 -2 0 0 -2 0 0 -2 0 0 -1 -2 0 0 0 -2 -2 0 -2 -2 0 -2 -2 -1 -2 -1 0 0 -2 -1 -1 -2 -2 0 0 -1 -2 0 0 0 0 0 0 0 0 0 0 -1 -2 0 -2 -1 -1 0 -1 -1 -2 0 -2 -2 -1 0 -1 -2 -1 -2 0 -2 0 -1 -2 -2 -1 0 0 -1 -2 -2 -1 -2
-2.02180539363553 -0.34023172678179 -1.59564413608598 -1.01946239672106 1.15733536899084 -1 1 1 2 2 0 1 2 0 2 2 2 0 1 1 0 1 0 0 0 0 2 2 2 2 2 0 0 2 2 1 2 1 0 2 1 2 2 1 2 1 0 1 2 2 2 2 1 0 2 1 0 1 1 0 1 2 2 0 0 0 0 0 0 1 0 0 0 0 1 0 1 2 2 1 1 0 2 0 1 2 1 0 2 1 0 2 1 2 1 0 0 0 2 1 1 1 1 2 0 1 -1 -1 -2 -2 0 -1 -2 0 -2 -2 -2 0 -1 -1 0 -1 0 0 0 0 -2 -2 -2 -2 -2 0 0 -2 -2 -1 -2 -1 0 -2 -1 -2 -2 -1 -2 -1 0 -1 -2 -2 -2 -2 -1 0 -2 -1 0 -1 -1 0 -1 -2 -2 0 0 0 0 0 0 -1 0 0 0 0 -1 0 -1 -2 -2 -1 -1 0 -2 0 -1 -2 -1 0 -2 -1 0 -2 -1 -2 -1 0 0 0 -2 -1 -1 -1 -1 -2 0 -1
0.154765458390583 1.59380272919045 -1.44206262880625 -0.928394754432412 0.305131180971261 -1 1 1 1 2 1 2 2 2 2 1 2 0 2 2 2 2 1 2 0 0 2 2 0 1 2 0 1 2 0 0 2 2 1 1 1 2 2 0 2 2 0 2 2 2 2 2 1 0 2 1 1 1 2 0 1 2 2 0 0 0 1 0 0 2 1 0 0 0 0 0 2 2 2 0 1 0 2 1 2 1 0 0 1 0 0 2 0 2 2 0 1 0 2 0 0 2 1 0 0 0 -1 -1 -1 -2 -1 -2 -2 -2 -2 -1 -2 0 -2 -2 -2 -2 -1 -2 0 0 -2 -2 0 -1 -2 0 -1 -2 0 0 -2 -2 -1 -1 -1 -2 -2 0 -2 -2 0 -2 -2 -2 -2 -2 -1 0 -2 -1 -1 -1 -2 0 -1 -2 -2 0 0 0 -1 0 0 -2 -1 0 0 0 0 0 -2 -2 -2 0 -1 0 -2 -1 -2 -1 0 0 -1 0 0 -2 0 -2 -2 0 -1 0 -2 0 0 -2 -1 0 0 0
1.65971336287811 -2.17368237067347 1.11987775261995 -1.6258111263583 -0.407494923643277 -1 0 1 1 2 1 1 2 0 2 1 2 0 0 1 1 2 0 2 0 0 1 2 1 1 2 1 2 2 1 0 2 2 2 2 2 2 2 0 2 0 0 1 1 1 2 2 2 0 2 0 0 1 2 0 1 1 2 0 0 1 2 0 0 0 1 0 1 1 0 2 2 2 2 0 1 1 2 1 2 0 1 0 0 0 1 2 1 2 1 0 1 1 0 0 0 2 2 2 1 0 0 -1 -1 -2 -1 -1 -2 0 -2 -1 -2 0 0 -1 -1 -2 0 -2 0 0 -1 -2 -1 -1 -2 -1 -2 -2 -1 0 -2 -2 -2 -2 -2 -2 -2 0 -2 0 0 -1 -1 -1 -2 -2 -2 0 -2 0 0 -1 -2 0 -1 -1 -2 0 0 -1 -2 0 0 0 -1 0 -1 -1 0 -2 -2 -2 -2 0 -1 -1 -2 -1 -2 0 -1 0 0 0 -1 -2 -1 -2 -1 0 -1 -1 0 0 0 -2 -2 -2 -1 0
-0.0101639905421685 0.280220561652715 0.578466493219941 -0.829635678596134 -0.503033304362856 1 0 0 0 1 0 1 2 2 2 2 2 0 1 2 2 2 1 2 0 1 1 1 0 0 2 0 1 2 1 0 1 2 0 2 1 2 2 1 2 1 0 0 1 1 2 2 2 0 2 1 0 2 2 0 0 2 2 1 0 0 2 0 0 1 0 0 0 0 0 1 2 2 1 0 1 0 1 0 2 0 1 1 2 2 1 2 1 1 2 0 2 0 2 1 0 2 1 0 0 0 0 0 0 1 0 1 2 2 2 2 2 0 1 2 2 2 1 2 0 1 1 1 0 0 2 0 1 2 1 0 1 2 0 2 1 2 2 1 2 1 0 0 1 1 2 2 2 0 2 1 0 2 2 0 0 2 2 1 0 0 2 0 0 1 0 0 0 0 0 1 2 2 1 0 1 0 1 0 2 0 1 1 2 2 1 2 1 1 2 0 2 0 2 1 0 2 1 0 0 0
