1.26129691837874 0.107948513389832 -0.713126456959765 0.674443260538769 1.68817904980764 1 1 2 1 2 0 0 2 1 0 2 1 2 1 1 1 2 1 0 0 0 0 0 0 0 0 0 0 2 1 0 1 1 2 1 0 1 0 0 0 2 0 1 0 0 0 0 1 0 1 0 2 1 2 0 1 2 1 0 1 2 2 0 0 1 1 0 1 0 2 0 0 2 1 2 1 0 0 1 0 1 0 1 2 0 0 2 1 0 1 0 1 1 0 0 2 2 1 0 0 2 1 2 1 2 0 0 2 1 0 2 1 2 1 1 1 2 1 0 0 0 0 0 0 0 0 0 0 2 1 0 1 1 2 1 0 1 0 0 0 2 0 1 0 0 0 0 1 0 1 0 2 1 2 0 1 2 1 0 1 2 2 0 0 1 1 0 1 0 2 0 0 2 1 2 1 0 0 1 0 1 0 1 2 0 0 2 1 0 1 0 1 1 0 0 2 2 1 0 0 2
-0.517344736400605 -0.258042214246992 -0.526631558606441 -0.482422713515298 0.974557068875767 -1 1 2 0 1 0 0 2 0 0 1 1 2 2 2 2 2 2 2 1 1 0 1 0 0 2 0 1 1 0 0 1 0 0 0 0 1 0 0 1 2 0 1 0 0 1 1 1 2 2 1 2 2 2 0 1 1 1 1 2 2 2 1 1 2 1 0 2 0 2 1 0 2 2 2 2 0 0 1 0 0 0 0 2 0 0 1 1 0 2 0 1 0 0 0 0 1 2 1 0 2 -1 -2 0 -1 0 0 -2 0 0 -1 -1 -2 -2 -2 -2 -2 -2 -2 -1 -1 0 -1 0 0 -2 0 -1 -1 0 0 -1 0 0 0 0 -1 0 0 -1 -2 0 -1 0 0 -1 -1 -1 -2 -2 -1 -2 -2 -2 0 -1 -1 -1 -1 -2 -2 -2 -1 -1 -2 -1 0 -2 0 -2 -1 0 -2 -2 -2 -2 0 0 -1 0 0 0 0 -2 0 0 -1 -1 0 -2 0 -1 0 0 0 0 -1 -2 -1 0 -2
0.277672747952201 0.722958370648027 1.48445014814478 -0.499718302959761 0.413339971795711 1 2 2 1 2 0 0 2 0 0 0 2 2 1 1 2 2 2 1 0 0 0 1 1 0 0 0 1 0 2 1 2 0 1 0 0 1 1 0 0 2 1 2 0 0 0 0 1 2 2 0 2 2 2 0 0 1 0 0 0 1 2 0 0 2 2 0 2 2 2 1 1 2 0 2 2 0 0 1 1 0 0 0 2 0 0 1 1 0 1 0 1 1 2 1 2 2 2 2 1 2 2 2 1 2 0 0 2 0 0 0 2 2 1 1 2 2 2 1 0 0 0 1 1 0 0 0 1 0 2 1 2 0 1 0 0 1 1 0 0 2 1 2 0 0 0 0 1 2 2 0 2 2 2 0 0 1 0 0 0 1 2 0 0 2 2 0 2 2 2 1 1 2 0 2 2 0 0 1 1 0 0 0 2 0 0 1 1 0 1 0 1 1 2 1 2 2 2 2 1 2
-1.21328184222348 -0.199675763550391 -0.0572655303912244 -1.07537358955103 -1.19145383251255 1 2 2 1 1 0 0 2 0 0 2 2 2 2 2 2 2 2 1 0 0 1 1 1 1 2 0 0 0 1 1 2 1 1 0 0 0 1 1 1 2 2 1 2 0 1 0 1 1 1 0 2 1 2 2 1 1 1 1 0 1 2 1 0 2 2 0 2 0 2 0 0 1 0 2 1 0 0 0 0 1 0 0 2 0 1 0 1 1 1 0 0 0 0 0 1 2 1 0 1 1 2 2 1 1 0 0 2 0 0 2 2 2 2 2 2 2 2 1 0 0 1 1 1 1 2 0 0 0 1 1 2 1 1 0 0 0 1 1 1 2 2 1 2 0 1 0 1 1 1 0 2 1 2 2 1 1 1 1 0 1 2 1 0 2 2 0 2 0 2 0 0 1 0 2 1 0 0 0 0 1 0 0 2 0 1 0 1 1 1 0 0 0 0 0 1 2 1 0 1 1
-0.752330281780785 -0.209207933481282 -1.18323651551276 0.241832383148602 -0.598828717379492 -1 2 2 0 1 0 1 2 1 0 2 2 2 2 1 2 2 1 0 1 1 1 2 2 0 0 0 2 1 2 0 2 0 1 0 0 1 0 0 0 2 1 2 1 1 0 1 0 1 2 1 2 1 2 1 1 2 1 0 0 1 2 1 0 1 1 0 2 1 2 0 0 2 1 2 2 0 0 1 1 0 0 0 2 0 0 1 1 0 1 0 0 0 0 0 1 2 1 0 0 1 -2 -2 0 -1 0 -1 -2 -1 0 -2 -2 -2 -2 -1 -2 -2 -1 0 -1 -1 -1 -2 -2 0 0 0 -2 -1 -2 0 -2 0 -1 0 0 -1 0 0 0 -2 -1 -2 -1 -1 0 -1 0 -1 -2 -1 -2 -1 -2 -1 -1 -2 -1 0 0 -1 -2 -1 0 -1 -1 0 -2 -1 -2 0 0 -2 -1 -2 -2 0 0 -1 -1 0 0 0 -2 0 0 -1 -1 0 -1 0 0 0 0 0 -1 -2 -1 0 0 -1
1.29800481898428 -0.650864913526809 0.879758569559235 -0.649266669749445 1.53753459883544 -1 1 2 2 1 0 0 2 0 0 0 0 0 1 1 0 1 1 0 0 1 0 0 0 0 0 0 0 1 1 1 1 0 1 0 0 1 0 0 0 2 0 1 0 0 0 1 1 1 1 0 2 2 2 0 1 1 1 1 0 2 2 0 0 2 2 0 2 0 2 0 0 1 0 2 1 0 0 0 0 0 1 0 2 0 0 0 1 0 2 0 1 0 1 0 2 2 1 1 1 2 -1 -2 -2 -1 0 0 -2 0 0 0 0 0 -1 -1 0 -1 -1 0 0 -1 0 0 0 0 0 0 0 -1 -1 -1 -1 0 -1 0 0 -1 0 0 0 -2 0 -1 0 0 0 -1 -1 -1 -1 0 -2 -2 -2 0 -1 -1 -1 -1 0 -2 -2 0 0 -2 -2 0 -2 0 -2 0 0 -1 0 -2 -1 0 0 0 0 0 -1 0 -2 0 0 0 -1 0 -2 0 -1 0 -1 0 -2 -2 -1 -1 -1 -2
-0.499504326357094 0.987543855364947 -0.250857823843517 -0.732640960672578 -0.984274773845846 1 2 2 2 2 0 0 2 1 1 2 0 0 2 1 0 2 2 1 2 1 1 1 0 0 2 0 0 1 1 1 2 0 1 0 0 1 0 0 1 2 2 2 0 0 0 2 2 1 1 0 1 1 2 1 2 2 1 1 1 1 2 1 0 2 2 0 2 0 2 1 0 2 1 2 1 0 0 1 0 1 0 0 2 0 0 0 0 0 1 0 0 0 0 0 1 1 0 0 0 1 2 2 2 2 0 0 2 1 1 2 0 0 2 1 0 2 2 1 2 1 1 1 0 0 2 0 0 1 1 1 2 0 1 0 0 1 0 0 1 2 2 2 0 0 0 2 2 1 1 0 1 1 2 1 2 2 1 1 1 1 2 1 0 2 2 0 2 0 2 1 0 2 1 2 1 0 0 1 0 1 0 0 2 0 0 0 0 0 1 0 0 0 0 0 1 1 0 0 0 1
1.30462674145261 -0.26176711869085 -1.22549277777458 -0.0392593168427173 -0.794414486790109 -1 0 1 0 2 0 0 2 1 0 1 2 2 2 2 2 2 2 2 0 1 2 2 1 1 1 0 1 2 0 1 2 0 0 0 0 2 0 0 1 2 1 1 2 2 0 1 1 1 1 0 2 2 2 0 1 1 0 0 0 2 2 1 0 1 2 0 2 0 2 0 0 2 2 2 2 0 0 0 0 0 0 0 2 0 0 0 1 1 2 1 1 0 1 0 1 2 2 1 0 1 0 -1 0 -2 0 0 -2 -1 0 -1 -2 -2 -2 -2 -2 -2 -2 -2 0 -1 -2 -2 -1 -1 -1 0 -1 -2 0 -1 -2 0 0 0 0 -2 0 0 -1 -2 -1 -1 -2 -2 0 -1 -1 -1 -1 0 -2 -2 -2 0 -1 -1 0 0 0 -2 -2 -1 0 -1 -2 0 -2 0 -2 0 0 -2 -2 -2 -2 0 0 0 0 0 0 0 -2 0 0 0 -1 -1 -2 -1 -1 0 -1 0 -1 -2 -2 -1 0 -1
0.239634387878784 0.746339316465813 -0.326031905389326 -2.9222800890345 -0.738603980055474 1 1 2 0 2 0 0 2 0 0 2 2 1 2 1 2 1 2 2 1 2 1 1 0 0 2 0 0 1 2 0 2 0 1 1 0 1 1 1 0 2 0 1 0 0 0 1 1 2 2 1 2 2 2 1 1 1 1 1 1 2 2 1 0 1 2 0 1 0 2 1 1 2 2 2 2 0 0 0 0 0 0 0 1 0 0 0 2 1 2 0 0 0 1 0 1 2 2 1 1 2 1 2 0 2 0 0 2 0 0 2 2 1 2 1 2 1 2 2 1 2 1 1 0 0 2 0 0 1 2 0 2 0 1 1 0 1 1 1 0 2 0 1 0 0 0 1 1 2 2 1 2 2 2 1 1 1 1 1 1 2 2 1 0 1 2 0 1 0 2 1 1 2 2 2 2 0 0 0 0 0 0 0 1 0 0 0 2 1 2 0 0 0 1 0 1 2 2 1 1 2
0.0626206382057533 0.340193858027923 -1.47841114409774 1.12792702640808 -0.473189640095837 -1 2 2 1 2 0 1 2 0 0 2 1 2 2 2 2 1 2 2 1 1 1 1 0 0 1 0 1 1 1 1 2 0 0 1 0 2 1 0 1 2 0 2 1 0 0 1 2 1 1 0 2 1 1 0 1 2 1 0 0 1 2 0 0 1 2 1 2 0 2 0 1 2 1 2 2 0 0 1 0 0 0 0 2 0 0 1 1 0 1 0 1 1 1 0 1 2 2 2 2 2 -2 -2 -1 -2 0 -1 -2 0 0 -2 -1 -2 -2 -2 -2 -1 -2 -2 -1 -1 -1 -1 0 0 -1 0 -1 -1 -1 -1 -2 0 0 -1 0 -2 -1 0 -1 -2 0 -2 -1 0 0 -1 -2 -1 -1 0 -2 -1 -1 0 -1 -2 -1 0 0 -1 -2 0 0 -1 -2 -1 -2 0 -2 0 -1 -2 -1 -2 -2 0 0 -1 0 0 0 0 -2 0 0 -1 -1 0 -1 0 -1 -1 -1 0 -1 -2 -2 -2 -2 -2
-2.53454289374047 0.733925755500258 -2.30337648559954 1.23661910019352 0.0768603464147067 1 2 2 1 1 0 0 2 0 0 1 1 1 1 2 0 1 1 0 0 0 0 1 2 0 0 0 1 0 1 2 2 0 1 0 0 2 0 0 0 2 0 2 1 0 0 1 1 1 1 1 2 2 2 0 1 1 1 1 1 2 1 0 0 1 2 0 2 0 2 0 0 2 1 2 1 0 0 1 1 0 0 0 1 0 0 0 0 0 2 0 0 0 0 0 1 2 1 0 0 2 2 2 1 1 0 0 2 0 0 1 1 1 1 2 0 1 1 0 0 0 0 1 2 0 0 0 1 0 1 2 2 0 1 0 0 2 0 0 0 2 0 2 1 0 0 1 1 1 1 1 2 2 2 0 1 1 1 1 1 2 1 0 0 1 2 0 2 0 2 0 0 2 1 2 1 0 0 1 1 0 0 0 1 0 0 0 0 0 2 0 0 0 0 0 1 2 1 0 0 2
1.42028102419857 0.106609805324606 0.0185943640752295 -1.67352679309251 -2.74981848376518 -1 2 2 1 1 0 0 2 0 0 1 2 2 2 2 2 2 2 2 0 0 1 2 2 1 1 0 1 2 2 0 2 1 1 0 1 2 1 0 0 2 0 2 0 0 0 1 2 2 2 2 2 1 1 0 1 1 0 0 0 1 1 0 0 1 2 0 2 1 2 0 0 2 0 2 2 0 0 1 1 2 0 0 2 0 0 0 1 0 2 0 0 0 0 0 1 2 2 1 0 2 -2 -2 -1 -1 0 0 -2 0 0 -1 -2 -2 -2 -2 -2 -2 -2 -2 0 0 -1 -2 -2 -1 -1 0 -1 -2 -2 0 -2 -1 -1 0 -1 -2 -1 0 0 -2 0 -2 0 0 0 -1 -2 -2 -2 -2 -2 -1 -1 0 -1 -1 0 0 0 -1 -1 0 0 -1 -2 0 -2 -1 -2 0 0 -2 0 -2 -2 0 0 -1 -1 -2 0 0 -2 0 0 0 -1 0 -2 0 0 0 0 0 -1 -2 -2 -1 0 -2
-0.190130164963655 0.339072856438775 1.88178295014571 1.62012872876553 0.186307277461142 -1 2 2 0 2 0 1 2 0 0 0 1 1 2 1 0 1 1 0 1 0 0 1 1 1 0 0 0 1 1 1 2 0 0 0 0 2 2 0 1 2 1 1 0 0 0 1 1 2 2 1 2 1 2 1 0 1 0 0 1 1 2 1 0 1 1 0 2 1 2 0 0 2 2 2 2 0 0 1 0 0 0 0 2 0 0 2 1 0 0 0 1 0 0 0 1 2 2 0 0 1 -2 -2 0 -2 0 -1 -2 0 0 0 -1 -1 -2 -1 0 -1 -1 0 -1 0 0 -1 -1 -1 0 0 0 -1 -1 -1 -2 0 0 0 0 -2 -2 0 -1 -2 -1 -1 0 0 0 -1 -1 -2 -2 -1 -2 -1 -2 -1 0 -1 0 0 -1 -1 -2 -1 0 -1 -1 0 -2 -1 -2 0 0 -2 -2 -2 -2 0 0 -1 0 0 0 0 -2 0 0 -2 -1 0 0 0 -1 0 0 0 -1 -2 -2 0 0 -1
1.16988674496283 0.513034235352602 -0.940366915336915 0.539170108942488 1.04994143410486 1 2 2 1 2 1 0 2 0 0 2 1 1 2 2 2 1 1 0 0 0 0 2 1 0 2 0 2 2 2 1 2 1 2 1 0 2 2 0 0 2 0 1 0 0 0 1 2 2 2 0 2 2 1 1 1 0 0 0 0 2 2 2 2 2 2 0 2 0 2 0 0 1 1 2 0 0 0 0 0 0 0 0 2 0 0 0 1 2 0 0 0 0 0 0 1 2 1 0 0 1 2 2 1 2 1 0 2 0 0 2 1 1 2 2 2 1 1 0 0 0 0 2 1 0 2 0 2 2 2 1 2 1 2 1 0 2 2 0 0 2 0 1 0 0 0 1 2 2 2 0 2 2 1 1 1 0 0 0 0 2 2 2 2 2 2 0 2 0 2 0 0 1 1 2 0 0 0 0 0 0 0 0 2 0 0 0 1 2 0 0 0 0 0 0 1 2 1 0 0 1
1.80179082035325 0.523260344900956 -0.0350092716537904 0.0236658526696171 0.417771761663016 -1 1 1 0 0 0 0 1 0 0 1 2 2 2 0 2 2 2 1 0 1 1 2 1 0 1 0 1 1 2 1 2 1 2 1 1 2 1 0 0 2 0 1 1 1 0 0 0 2 2 1 2 1 2 1 2 1 0 0 0 2 2 0 0 0 1 0 1 0 2 0 0 2 1 2 1 0 0 1 0 0 1 0 2 0 0 1 1 0 2 0 1 0 0 0 2 2 1 0 0 1 -1 -1 0 0 0 0 -1 0 0 -1 -2 -2 -2 0 -2 -2 -2 -1 0 -1 -1 -2 -1 0 -1 0 -1 -1 -2 -1 -2 -1 -2 -1 -1 -2 -1 0 0 -2 0 -1 -1 -1 0 0 0 -2 -2 -1 -2 -1 -2 -1 -2 -1 0 0 0 -2 -2 0 0 0 -1 0 -1 0 -2 0 0 -2 -1 -2 -1 0 0 -1 0 0 -1 0 -2 0 0 -1 -1 0 -2 0 -1 0 0 0 -2 -2 -1 0 0 -1
0.806062674038281 -0.387240198521146 -1.4727754223189 1.13988537006074 0.629728970656209 1 1 2 1 1 0 1 2 0 0 2 1 1 2 2 1 0 0 1 0 0 1 2 1 0 1 0 1 0 1 1 2 1 2 1 0 1 0 0 0 2 0 0 1 0 0 0 1 2 2 1 2 1 2 1 1 0 0 1 1 2 2 1 0 2 2 0 1 0 1 0 0 2 0 2 0 0 0 0 1 0 0 0 1 0 2 2 2 1 0 0 0 0 1 0 1 2 2 0 0 1 1 2 1 1 0 1 2 0 0 2 1 1 2 2 1 0 0 1 0 0 1 2 1 0 1 0 1 0 1 1 2 1 2 1 0 1 0 0 0 2 0 0 1 0 0 0 1 2 2 1 2 1 2 1 1 0 0 1 1 2 2 1 0 2 2 0 1 0 1 0 0 2 0 2 0 0 0 0 1 0 0 0 1 0 2 2 2 1 0 0 0 0 1 0 1 2 2 0 0 1
-1.18323154267425 2.009086561519 -0.0459824665127512 1.11828866334979 -0.542714816226209 -1 2 2 1 2 0 1 2 1 0 2 2 2 2 1 1 2 2 2 0 0 0 1 1 0 0 0 1 1 2 0 2 0 1 0 0 2 1 1 0 2 0 2 1 1 1 2 1 2 2 1 2 2 2 1 0 2 0 0 0 1 2 2 0 1 1 0 2 0 2 1 1 2 1 2 2 0 0 1 1 0 0 0 0 0 0 1 2 1 2 0 2 0 1 1 2 2 2 0 0 2 -2 -2 -1 -2 0 -1 -2 -1 0 -2 -2 -2 -2 -1 -1 -2 -2 -2 0 0 0 -1 -1 0 0 0 -1 -1 -2 0 -2 0 -1 0 0 -2 -1 -1 0 -2 0 -2 -1 -1 -1 -2 -1 -2 -2 -1 -2 -2 -2 -1 0 -2 0 0 0 -1 -2 -2 0 -1 -1 0 -2 0 -2 -1 -1 -2 -1 -2 -2 0 0 -1 -1 0 0 0 0 0 0 -1 -2 -1 -2 0 -2 0 -1 -1 -2 -2 -2 0 0 -2
0.311505194632218 -0.363081643234787 -0.635439455197973 -1.81856795676415 -1.94427092138091 1 1 2 1 1 0 0 2 0 0 0 0 1 2 0 2 2 1 0 0 0 0 0 0 0 0 0 0 2 0 0 1 1 0 0 0 2 1 0 0 2 0 0 0 0 0 1 1 1 1 0 2 1 2 1 1 1 1 0 1 2 2 0 0 2 2 0 0 0 2 0 0 2 2 2 2 1 0 0 0 0 0 0 2 0 0 0 2 1 2 1 1 0 0 0 2 2 2 1 1 2 1 2 1 1 0 0 2 0 0 0 0 1 2 0 2 2 1 0 0 0 0 0 0 0 0 0 0 2 0 0 1 1 0 0 0 2 1 0 0 2 0 0 0 0 0 1 1 1 1 0 2 1 2 1 1 1 1 0 1 2 2 0 0 2 2 0 0 0 2 0 0 2 2 2 2 1 0 0 0 0 0 0 2 0 0 0 2 1 2 1 1 0 0 0 2 2 2 1 1 2
0.55515951280447 0.295673489097165 1.09595036607324 1.00768019928525 -0.431070239800675 1 2 2 1 2 0 0 2 0 0 1 0 1 2 1 1 2 2 1 0 1 0 2 1 0 1 0 2 2 2 1 2 2 2 0 0 2 2 1 0 2 1 2 0 0 0 0 1 1 0 0 1 2 2 1 1 2 1 1 1 2 2 0 0 0 1 0 2 0 2 0 0 1 0 2 1 0 0 1 1 1 2 1 1 0 1 2 2 2 1 1 2 0 1 0 2 2 2 1 1 2 2 2 1 2 0 0 2 0 0 1 0 1 2 1 1 2 2 1 0 1 0 2 1 0 1 0 2 2 2 1 2 2 2 0 0 2 2 1 0 2 1 2 0 0 0 0 1 1 0 0 1 2 2 1 1 2 1 1 1 2 2 0 0 0 1 0 2 0 2 0 0 1 0 2 1 0 0 1 1 1 2 1 1 0 1 2 2 2 1 1 2 0 1 0 2 2 2 1 1 2
-1.13643704839218 -0.212625974361158 0.0157901502668782 -0.640884168284102 -0.224366356864226 -1 2 2 2 2 0 0 2 0 0 1 1 1 2 2 2 2 2 1 1 1 1 2 1 0 2 0 0 0 2 1 2 1 1 0 0 2 2 0 1 2 2 1 1 1 0 0 0 1 0 0 2 2 2 1 2 2 0 0 0 2 2 0 0 1 0 0 2 0 2 0 0 2 1 2 1 0 0 0 0 0 0 0 2 0 0 0 0 0 2 1 2 0 1 0 1 2 2 1 2 2 -2 -2 -2 -2 0 0 -2 0 0 -1 -1 -1 -2 -2 -2 -2 -2 -1 -1 -1 -1 -2 -1 0 -2 0 0 0 -2 -1 -2 -1 -1 0 0 -2 -2 0 -1 -2 -2 -1 -1 -1 0 0 0 -1 0 0 -2 -2 -2 -1 -2 -2 0 0 0 -2 -2 0 0 -1 0 0 -2 0 -2 0 0 -2 -1 -2 -1 0 0 0 0 0 0 0 -2 0 0 0 0 0 -2 -1 -2 0 -1 0 -1 -2 -2 -1 -2 -2
-0.0970986919226597 0.273787056697353 1.19760837565344 -0.741109031009403 -0.838751342813562 -1 2 2 0 2 0 1 2 1 0 0 1 0 1 1 2 2 1 2 1 1 2 2 1 0 0 0 1 1 2 1 2 0 0 0 0 1 1 1 2 2 1 2 0 1 0 2 2 1 2 1 2 2 1 1 1 1 0 1 1 2 2 1 0 1 2 0 2 1 2 0 0 2 1 2 2 0 0 0 0 1 0 0 1 0 0 0 0 0 2 1 0 0 1 0 0 1 2 1 0 1 -2 -2 0 -2 0 -1 -2 -1 0 0 -1 0 -1 -1 -2 -2 -1 -2 -1 -1 -2 -2 -1 0 0 0 -1 -1 -2 -1 -2 0 0 0 0 -1 -1 -1 -2 -2 -1 -2 0 -1 0 -2 -2 -1 -2 -1 -2 -2 -1 -1 -1 -1 0 -1 -1 -2 -2 -1 0 -1 -2 0 -2 -1 -2 0 0 -2 -1 -2 -2 0 0 0 0 -1 0 0 -1 0 0 0 0 0 -2 -1 0 0 -1 0 0 -1 -2 -1 0 -1
-2.98196209964299 2.19573377963997 1.48590657459767 1.3647627483204 1.68345217552089 -1 2 2 0 1 0 0 2 0 0 2 1 0 0 0 2 2 2 2 1 0 1 2 1 0 1 0 1 1 2 1 2 1 2 2 0 2 1 0 1 2 0 1 1 2 1 2 1 2 1 1 2 2 2 1 0 1 1 0 1 2 2 1 0 2 2 0 1 0 2 1 1 2 1 2 2 0 0 1 0 0 0 1 2 0 0 1 0 0 1 0 0 0 0 1 2 2 2 2 2 2 -2 -2 0 -1 0 0 -2 0 0 -2 -1 0 0 0 -2 -2 -2 -2 -1 0 -1 -2 -1 0 -1 0 -1 -1 -2 -1 -2 -1 -2 -2 0 -2 -1 0 -1 -2 0 -1 -1 -2 -1 -2 -1 -2 -1 -1 -2 -2 -2 -1 0 -1 -1 0 -1 -2 -2 -1 0 -2 -2 0 -1 0 -2 -1 -1 -2 -1 -2 -2 0 0 -1 0 0 0 -1 -2 0 0 -1 0 0 -1 0 0 0 0 -1 -2 -2 -2 -2 -2 -2
1.49253437109037 -0.757127220701854 1.24734244620102 -0.165183735190406 0.404864206799092 1 2 2 1 2 0 0 2 0 0 0 0 2 1 0 1 1 1 1 0 0 1 2 1 0 2 0 1 2 2 0 2 0 2 1 1 2 1 0 1 2 0 1 0 0 1 2 1 1 2 1 2 0 1 0 0 2 1 1 1 2 2 0 0 0 2 0 2 0 2 1 1 2 2 2 1 0 0 0 0 1 1 0 1 0 1 1 1 1 1 0 0 0 0 0 1 2 2 1 1 0 2 2 1 2 0 0 2 0 0 0 0 2 1 0 1 1 1 1 0 0 1 2 1 0 2 0 1 2 2 0 2 0 2 1 1 2 1 0 1 2 0 1 0 0 1 2 1 1 2 1 2 0 1 0 0 2 1 1 1 2 2 0 0 0 2 0 2 0 2 1 1 2 2 2 1 0 0 0 0 1 1 0 1 0 1 1 1 1 1 0 0 0 0 0 1 2 2 1 1 0
1.32313513104456 -0.47725238486337 0.68699470587783 -1.46458410828749 1.14606403049185 -1 0 1 0 1 0 0 2 1 0 1 0 1 1 1 2 2 2 1 0 0 1 0 0 0 1 0 0 1 2 0 2 0 0 1 0 1 0 0 0 2 0 1 1 1 0 1 1 2 2 1 2 1 2 0 1 2 0 0 1 2 2 1 1 2 2 0 2 0 2 1 2 2 0 2 0 0 0 1 0 0 0 0 2 0 1 1 1 0 1 0 0 0 1 0 2 2 2 1 0 1 0 -1 0 -1 0 0 -2 -1 0 -1 0 -1 -1 -1 -2 -2 -2 -1 0 0 -1 0 0 0 -1 0 0 -1 -2 0 -2 0 0 -1 0 -1 0 0 0 -2 0 -1 -1 -1 0 -1 -1 -2 -2 -1 -2 -1 -2 0 -1 -2 0 0 -1 -2 -2 -1 -1 -2 -2 0 -2 0 -2 -1 -2 -2 0 -2 0 0 0 -1 0 0 0 0 -2 0 -1 -1 -1 0 -1 0 0 0 -1 0 -2 -2 -2 -1 0 -1
1.32271270440596 0.91186159697085 -1.45274425370602 -0.911251962267484 -0.730959841565579 -1 2 2 0 0 0 1 2 2 0 1 0 0 1 0 0 2 2 2 2 1 1 1 1 1 0 0 0 0 1 1 2 0 1 0 0 2 1 0 0 2 0 1 0 0 0 1 1 2 2 1 2 2 2 1 2 2 1 0 1 2 2 1 0 2 1 0 1 0 2 0 0 1 0 1 1 0 0 0 0 0 1 0 2 0 0 1 2 1 1 0 0 0 1 0 1 2 1 0 0 2 -2 -2 0 0 0 -1 -2 -2 0 -1 0 0 -1 0 0 -2 -2 -2 -2 -1 -1 -1 -1 -1 0 0 0 0 -1 -1 -2 0 -1 0 0 -2 -1 0 0 -2 0 -1 0 0 0 -1 -1 -2 -2 -1 -2 -2 -2 -1 -2 -2 -1 0 -1 -2 -2 -1 0 -2 -1 0 -1 0 -2 0 0 -1 0 -1 -1 0 0 0 0 0 -1 0 -2 0 0 -1 -2 -1 -1 0 0 0 -1 0 -1 -2 -1 0 0 -2
1.70905361819408 -0.0513899987723922 -0.93961939804484 2.00700730013414 -0.396229859891605 1 2 2 2 2 0 0 2 0 0 0 1 2 2 2 1 1 1 2 0 0 1 1 0 0 1 0 1 1 1 1 2 1 1 1 0 2 1 0 1 2 2 2 1 0 0 2 1 1 0 0 2 1 0 0 1 1 1 0 0 1 2 0 0 2 2 0 2 0 2 0 0 2 2 2 1 0 0 1 1 1 0 0 1 0 0 1 2 0 2 0 2 0 1 0 2 2 2 1 1 2 2 2 2 2 0 0 2 0 0 0 1 2 2 2 1 1 1 2 0 0 1 1 0 0 1 0 1 1 1 1 2 1 1 1 0 2 1 0 1 2 2 2 1 0 0 2 1 1 0 0 2 1 0 0 1 1 1 0 0 1 2 0 0 2 2 0 2 0 2 0 0 2 2 2 1 0 0 1 1 1 0 0 1 0 0 1 2 0 2 0 2 0 1 0 2 2 2 1 1 2
1.32275663444687 -0.473032165661852 -1.61307435050882 0.0719620561982267 -0.696508721988911 -1 2 2 0 0 0 1 2 1 0 2 2 2 2 1 2 2 2 2 0 1 1 2 0 0 1 0 2 2 2 1 2 2 1 0 0 1 1 0 0 2 0 1 1 1 1 1 1 1 1 0 2 2 1 0 1 1 0 0 0 1 2 0 0 1 2 0 1 0 2 0 1 2 1 2 1 0 0 0 0 0 0 0 1 0 1 2 1 1 1 0 0 0 0 0 2 2 1 0 0 1 -2 -2 0 0 0 -1 -2 -1 0 -2 -2 -2 -2 -1 -2 -2 -2 -2 0 -1 -1 -2 0 0 -1 0 -2 -2 -2 -1 -2 -2 -1 0 0 -1 -1 0 0 -2 0 -1 -1 -1 -1 -1 -1 -1 -1 0 -2 -2 -1 0 -1 -1 0 0 0 -1 -2 0 0 -1 -2 0 -1 0 -2 0 -1 -2 -1 -2 -1 0 0 0 0 0 0 0 -1 0 -1 -2 -1 -1 -1 0 0 0 0 0 -2 -2 -1 0 0 -1
0.245912576229835 -0.849214221993321 -0.0837974344768576 -0.921097072164559 -0.197262456450431 1 1 1 0 1 0 0 2 0 0 0 1 2 1 1 1 1 0 0 0 0 0 1 1 0 2 0 1 1 2 0 2 1 1 1 0 1 0 0 0 2 0 1 0 0 0 0 0 0 2 0 1 2 2 1 0 1 0 0 1 2 2 1 1 2 1 0 2 0 2 0 0 2 1 2 2 0 0 0 0 0 0 0 2 0 0 1 1 0 0 0 0 0 0 0 1 2 2 1 1 2 1 1 0 1 0 0 2 0 0 0 1 2 1 1 1 1 0 0 0 0 0 1 1 0 2 0 1 1 2 0 2 1 1 1 0 1 0 0 0 2 0 1 0 0 0 0 0 0 2 0 1 2 2 1 0 1 0 0 1 2 2 1 1 2 1 0 2 0 2 0 0 2 1 2 2 0 0 0 0 0 0 0 2 0 0 1 1 0 0 0 0 0 0 0 1 2 2 1 1 2
0.43985492436365 -0.158318727457498 1.29311335235933 0.162027186850097 0.169022135314481 1 1 2 1 2 0 1 2 1 0 1 1 2 2 1 1 2 2 2 1 0 0 0 0 0 0 0 0 0 1 1 2 0 1 2 1 2 1 0 1 2 0 1 0 1 0 2 2 1 1 0 2 2 1 0 0 1 0 0 0 2 2 2 2 2 2 0 2 1 2 1 1 2 0 2 2 0 0 0 0 0 2 1 2 0 0 1 2 0 2 2 2 1 0 0 2 2 2 1 1 2 1 2 1 2 0 1 2 1 0 1 1 2 2 1 1 2 2 2 1 0 0 0 0 0 0 0 0 0 1 1 2 0 1 2 1 2 1 0 1 2 0 1 0 1 0 2 2 1 1 0 2 2 1 0 0 1 0 0 0 2 2 2 2 2 2 0 2 1 2 1 1 2 0 2 2 0 0 0 0 0 2 1 2 0 0 1 2 0 2 2 2 1 0 0 2 2 2 1 1 2
0.256949553115258 1.60623507220081 0.658213907449938 0.762123230697823 -0.137851351260286 1 2 2 0 1 0 0 2 0 0 2 1 0 2 2 2 2 2 1 1 1 0 2 1 0 2 0 1 1 2 2 2 1 2 2 1 1 1 0 0 2 0 1 0 0 0 0 0 1 2 0 2 2 1 0 1 1 0 0 1 2 2 1 0 2 2 0 2 0 2 0 1 2 1 2 1 0 0 0 0 0 0 1 2 0 1 2 2 1 2 0 0 0 0 1 1 2 2 1 1 2 2 2 0 1 0 0 2 0 0 2 1 0 2 2 2 2 2 1 1 1 0 2 1 0 2 0 1 1 2 2 2 1 2 2 1 1 1 0 0 2 0 1 0 0 0 0 0 1 2 0 2 2 1 0 1 1 0 0 1 2 2 1 0 2 2 0 2 0 2 0 1 2 1 2 1 0 0 0 0 0 0 1 2 0 1 2 2 1 2 0 0 0 0 1 1 2 2 1 1 2
-0.464055679181148 0.875748074257151 -0.281663459647868 0.190720037262682 0.355154405727062 1 2 2 1 2 0 0 2 1 1 2 1 0 1 0 2 2 2 2 0 0 0 1 1 0 2 1 1 1 0 1 1 1 1 1 1 1 0 0 1 2 0 2 0 0 0 2 2 1 2 1 2 1 2 0 1 2 0 0 1 2 2 1 0 2 2 0 2 1 2 1 1 2 2 2 1 0 1 1 0 0 0 1 2 0 1 2 1 0 1 0 1 0 1 0 1 2 1 0 1 2 2 2 1 2 0 0 2 1 1 2 1 0 1 0 2 2 2 2 0 0 0 1 1 0 2 1 1 1 0 1 1 1 1 1 1 1 0 0 1 2 0 2 0 0 0 2 2 1 2 1 2 1 2 0 1 2 0 0 1 2 2 1 0 2 2 0 2 1 2 1 1 2 2 2 1 0 1 1 0 0 0 1 2 0 1 2 1 0 1 0 1 0 1 0 1 2 1 0 1 2
-0.794355842761781 1.42722991495889 0.893222600974213 0.858633057583575 0.0107113436232068 1 1 2 0 1 0 0 2 0 0 1 1 0 1 1 1 2 2 1 0 0 0 2 0 0 1 0 0 1 1 0 1 0 1 0 0 2 2 0 2 2 1 0 0 0 0 0 1 2 2 1 2 2 2 0 2 2 1 1 2 2 2 1 0 1 2 0 1 0 2 0 0 1 0 1 0 0 0 0 0 0 0 0 2 0 0 1 1 0 1 1 0 0 1 0 2 2 2 1 1 2 1 2 0 1 0 0 2 0 0 1 1 0 1 1 1 2 2 1 0 0 0 2 0 0 1 0 0 1 1 0 1 0 1 0 0 2 2 0 2 2 1 0 0 0 0 0 1 2 2 1 2 2 2 0 2 2 1 1 2 2 2 1 0 1 2 0 1 0 2 0 0 1 0 1 0 0 0 0 0 0 0 0 2 0 0 1 1 0 1 1 0 0 1 0 2 2 2 1 1 2
-1.69387726212272 1.08362463004205 -0.222041788600033 -1.34607594836623 -0.147969986257223 -1 2 2 1 2 0 0 2 1 0 2 1 1 2 1 2 2 2 2 1 1 1 0 0 0 2 0 1 2 1 1 2 0 0 0 1 0 0 0 0 2 0 2 2 1 1 1 2 2 2 0 2 1 1 0 0 1 0 0 0 1 2 0 0 0 1 0 2 0 2 0 0 2 1 2 1 0 0 1 1 0 0 0 2 0 0 0 0 0 0 0 0 0 0 0 2 2 2 1 0 1 -2 -2 -1 -2 0 0 -2 -1 0 -2 -1 -1 -2 -1 -2 -2 -2 -2 -1 -1 -1 0 0 0 -2 0 -1 -2 -1 -1 -2 0 0 0 -1 0 0 0 0 -2 0 -2 -2 -1 -1 -1 -2 -2 -2 0 -2 -1 -1 0 0 -1 0 0 0 -1 -2 0 0 0 -1 0 -2 0 -2 0 0 -2 -1 -2 -1 0 0 -1 -1 0 0 0 -2 0 0 0 0 0 0 0 0 0 0 0 -2 -2 -2 -1 0 -1
0.295395932267519 1.17619989167143 -0.610220773083083 -1.01177950997917 -0.816784437201162 1 2 2 0 1 0 0 2 0 0 0 0 0 1 0 1 2 2 1 0 0 1 0 0 0 2 0 1 1 2 1 2 0 2 1 0 2 0 0 0 2 1 1 0 1 0 1 1 1 2 0 1 2 2 0 1 0 0 0 0 2 2 1 0 2 2 0 2 0 2 0 0 2 2 2 2 0 0 0 0 0 0 0 2 0 0 1 1 1 2 0 0 0 0 0 2 2 2 1 1 2 2 2 0 1 0 0 2 0 0 0 0 0 1 0 1 2 2 1 0 0 1 0 0 0 2 0 1 1 2 1 2 0 2 1 0 2 0 0 0 2 1 1 0 1 0 1 1 1 2 0 1 2 2 0 1 0 0 0 0 2 2 1 0 2 2 0 2 0 2 0 0 2 2 2 2 0 0 0 0 0 0 0 2 0 0 1 1 1 2 0 0 0 0 0 2 2 2 1 1 2
-0.188650762270946 -0.0139729944852917 -0.710743261892804 -0.689520159033964 -0.564064342815742 1 2 2 1 1 0 0 2 0 1 1 1 1 2 0 1 2 2 1 1 1 0 0 0 0 1 0 0 0 0 0 2 0 0 0 0 2 1 0 0 2 2 1 1 1 1 1 1 1 2 0 1 2 2 1 2 0 1 0 0 1 2 1 0 2 2 1 2 0 2 0 0 2 0 2 1 0 0 1 1 0 0 0 2 0 0 1 0 0 2 1 1 1 1 0 2 2 1 0 0 2 2 2 1 1 0 0 2 0 1 1 1 1 2 0 1 2 2 1 1 1 0 0 0 0 1 0 0 0 0 0 2 0 0 0 0 2 1 0 0 2 2 1 1 1 1 1 1 1 2 0 1 2 2 1 2 0 1 0 0 1 2 1 0 2 2 1 2 0 2 0 0 2 0 2 1 0 0 1 1 0 0 0 2 0 0 1 0 0 2 1 1 1 1 0 2 2 1 0 0 2
0.833253761327133 0.361032915542572 -1.11732861976528 -1.07938279200275 -0.182274872305389 1 1 1 0 0 0 0 2 1 0 1 1 1 2 2 2 2 2 2 1 0 0 1 0 0 0 0 0 1 0 0 2 0 0 0 1 0 1 0 0 2 0 1 1 0 0 0 1 1 2 0 2 2 2 0 1 1 0 0 0 1 2 2 0 2 2 0 1 1 2 2 1 2 2 2 1 0 0 0 0 0 0 0 1 0 0 1 0 0 2 1 0 0 0 0 0 1 1 0 0 1 1 1 0 0 0 0 2 1 0 1 1 1 2 2 2 2 2 2 1 0 0 1 0 0 0 0 0 1 0 0 2 0 0 0 1 0 1 0 0 2 0 1 1 0 0 0 1 1 2 0 2 2 2 0 1 1 0 0 0 1 2 2 0 2 2 0 1 1 2 2 1 2 2 2 1 0 0 0 0 0 0 0 1 0 0 1 0 0 2 1 0 0 0 0 0 1 1 0 0 1
0.201788371094169 -0.364532153419074 2.11024621862922 0.844761523605005 -1.87921363050993 1 2 2 0 1 0 0 2 0 0 1 0 0 1 1 2 2 2 2 1 1 0 2 1 0 2 0 1 1 0 0 2 1 2 0 0 1 1 0 1 2 1 2 1 1 0 2 0 1 2 0 1 2 2 1 0 1 0 0 1 1 2 1 0 2 2 0 2 1 2 1 1 2 1 2 0 0 0 0 0 1 1 1 2 0 0 1 1 0 1 0 0 0 0 0 2 2 2 1 1 2 2 2 0 1 0 0 2 0 0 1 0 0 1 1 2 2 2 2 1 1 0 2 1 0 2 0 1 1 0 0 2 1 2 0 0 1 1 0 1 2 1 2 1 1 0 2 0 1 2 0 1 2 2 1 0 1 0 0 1 1 2 1 0 2 2 0 2 1 2 1 1 2 1 2 0 0 0 0 0 1 1 1 2 0 0 1 1 0 1 0 0 0 0 0 2 2 2 1 1 2
1.27842098580039 -0.245487259328821 0.952784231378669 1.81374062780807 1.92809066336482 1 2 2 0 0 0 0 2 0 0 1 2 2 2 1 1 2 2 2 2 0 0 2 1 0 0 0 0 1 1 0 1 0 0 0 0 1 0 0 0 2 1 2 1 0 1 1 1 1 1 0 0 2 2 0 1 1 1 1 1 2 2 1 0 0 1 0 2 0 2 0 0 2 1 2 1 0 0 0 0 0 1 0 1 0 0 1 0 0 1 0 0 0 0 0 0 2 2 0 1 2 2 2 0 0 0 0 2 0 0 1 2 2 2 1 1 2 2 2 2 0 0 2 1 0 0 0 0 1 1 0 1 0 0 0 0 1 0 0 0 2 1 2 1 0 1 1 1 1 1 0 0 2 2 0 1 1 1 1 1 2 2 1 0 0 1 0 2 0 2 0 0 2 1 2 1 0 0 0 0 0 1 0 1 0 0 1 0 0 1 0 0 0 0 0 0 2 2 0 1 2
1.02530297304391 -0.253877159684717 -0.639924268914231 0.662408834652954 -0.131179578021181 -1 2 2 1 0 0 0 2 1 0 1 2 1 2 2 1 1 0 0 0 1 0 2 1 0 0 0 1 2 1 0 2 0 1 1 0 0 1 1 0 2 1 1 0 1 0 0 0 1 2 1 2 1 2 1 1 1 0 0 1 1 2 2 0 2 2 0 2 1 2 0 0 2 1 2 1 0 0 0 0 0 1 0 2 0 1 0 1 1 1 1 0 0 0 0 1 2 2 1 2 2 -2 -2 -1 0 0 0 -2 -1 0 -1 -2 -1 -2 -2 -1 -1 0 0 0 -1 0 -2 -1 0 0 0 -1 -2 -1 0 -2 0 -1 -1 0 0 -1 -1 0 -2 -1 -1 0 -1 0 0 0 -1 -2 -1 -2 -1 -2 -1 -1 -1 0 0 -1 -1 -2 -2 0 -2 -2 0 -2 -1 -2 0 0 -2 -1 -2 -1 0 0 0 0 0 -1 0 -2 0 -1 0 -1 -1 -1 -1 0 0 0 0 -1 -2 -2 -1 -2 -2
1.29913440114772 0.69699662202589 0.601039496245812 0.840588291662312 0.446621742159518 1 2 2 1 1 0 1 2 0 0 2 1 1 1 1 1 1 1 1 0 0 0 1 0 0 0 0 0 0 1 1 2 1 2 2 0 0 0 1 2 2 1 0 0 0 0 1 0 0 0 0 2 2 2 1 0 1 0 0 0 2 1 0 0 1 1 0 2 0 2 1 0 2 1 2 1 0 0 0 0 1 2 1 2 0 1 1 2 1 0 0 0 0 0 0 1 2 1 0 0 2 2 2 1 1 0 1 2 0 0 2 1 1 1 1 1 1 1 1 0 0 0 1 0 0 0 0 0 0 1 1 2 1 2 2 0 0 0 1 2 2 1 0 0 0 0 1 0 0 0 0 2 2 2 1 0 1 0 0 0 2 1 0 0 1 1 0 2 0 2 1 0 2 1 2 1 0 0 0 0 1 2 1 2 0 1 1 2 1 0 0 0 0 0 0 1 2 1 0 0 2
0.626395893698336 -0.618600123309115 -1.3381932943944 -0.474389624679002 -0.22224480923546 -1 2 2 0 1 0 0 2 0 0 2 1 2 2 2 2 2 2 2 2 1 1 2 2 0 2 0 1 1 2 2 2 0 2 1 0 1 1 0 0 2 0 0 0 0 0 1 1 2 2 1 2 2 2 0 0 0 0 0 1 2 2 0 0 1 2 0 2 0 2 0 1 1 1 2 2 0 0 0 2 1 1 1 2 0 1 2 2 1 0 1 1 0 0 0 2 2 2 1 0 2 -2 -2 0 -1 0 0 -2 0 0 -2 -1 -2 -2 -2 -2 -2 -2 -2 -2 -1 -1 -2 -2 0 -2 0 -1 -1 -2 -2 -2 0 -2 -1 0 -1 -1 0 0 -2 0 0 0 0 0 -1 -1 -2 -2 -1 -2 -2 -2 0 0 0 0 0 -1 -2 -2 0 0 -1 -2 0 -2 0 -2 0 -1 -1 -1 -2 -2 0 0 0 -2 -1 -1 -1 -2 0 -1 -2 -2 -1 0 -1 -1 0 0 0 -2 -2 -2 -1 0 -2
0.457092443051189 0.378747311845475 0.505947310749203 -0.681897249096279 -0.776716530471238 -1 2 2 2 2 0 0 2 0 0 0 0 1 1 1 1 2 1 2 1 0 0 1 0 0 0 0 0 2 2 0 1 0 0 0 0 2 1 1 0 2 1 1 1 0 0 1 0 1 1 0 2 2 2 0 1 0 0 0 1 2 2 1 0 2 2 0 2 1 2 1 0 1 0 2 1 0 0 1 0 0 0 0 1 0 0 1 1 0 2 0 0 0 0 0 1 2 1 0 0 2 -2 -2 -2 -2 0 0 -2 0 0 0 0 -1 -1 -1 -1 -2 -1 -2 -1 0 0 -1 0 0 0 0 0 -2 -2 0 -1 0 0 0 0 -2 -1 -1 0 -2 -1 -1 -1 0 0 -1 0 -1 -1 0 -2 -2 -2 0 -1 0 0 0 -1 -2 -2 -1 0 -2 -2 0 -2 -1 -2 -1 0 -1 0 -2 -1 0 0 -1 0 0 0 0 -1 0 0 -1 -1 0 -2 0 0 0 0 0 -1 -2 -1 0 0 -2
0.346190468928735 -0.0495012838704215 1.44999476860763 0.848183741832606 -0.312281661637165 1 2 2 1 2 0 0 2 1 0 1 2 2 2 2 2 2 2 1 0 1 0 2 1 0 0 0 0 0 0 1 2 1 2 0 0 1 0 0 0 2 1 2 1 0 0 2 2 2 2 1 1 2 2 1 2 1 1 0 0 2 2 1 0 2 2 0 1 0 2 1 1 2 1 1 1 0 0 1 0 1 1 1 2 0 1 2 2 1 0 0 0 0 0 0 1 1 0 0 0 1 2 2 1 2 0 0 2 1 0 1 2 2 2 2 2 2 2 1 0 1 0 2 1 0 0 0 0 0 0 1 2 1 2 0 0 1 0 0 0 2 1 2 1 0 0 2 2 2 2 1 1 2 2 1 2 1 1 0 0 2 2 1 0 2 2 0 1 0 2 1 1 2 1 1 1 0 0 1 0 1 1 1 2 0 1 2 2 1 0 0 0 0 0 0 1 1 0 0 0 1
-0.389866150731546 0.805828272951158 -0.775136534947228 0.181673123795511 1.22432172568999 -1 1 1 0 2 0 0 2 0 0 1 1 1 2 1 2 1 1 2 1 0 0 0 0 0 1 0 0 1 1 0 1 0 0 1 0 2 2 0 0 2 1 1 1 1 0 0 0 1 1 0 2 2 2 1 1 2 1 2 1 2 2 0 0 1 1 0 2 0 1 0 0 2 0 2 2 0 0 0 1 1 1 1 2 0 0 1 1 1 2 0 0 0 1 0 1 1 1 0 0 1 -1 -1 0 -2 0 0 -2 0 0 -1 -1 -1 -2 -1 -2 -1 -1 -2 -1 0 0 0 0 0 -1 0 0 -1 -1 0 -1 0 0 -1 0 -2 -2 0 0 -2 -1 -1 -1 -1 0 0 0 -1 -1 0 -2 -2 -2 -1 -1 -2 -1 -2 -1 -2 -2 0 0 -1 -1 0 -2 0 -1 0 0 -2 0 -2 -2 0 0 0 -1 -1 -1 -1 -2 0 0 -1 -1 -1 -2 0 0 0 -1 0 -1 -1 -1 0 0 -1
-0.880622249635545 0.177569711133305 0.347053488898593 0.0737202572694163 0.420747381685836 -1 2 2 1 2 0 0 2 0 0 0 0 0 1 1 2 1 1 0 0 0 1 1 1 0 1 0 1 1 1 1 1 1 2 1 0 2 1 0 1 2 0 2 1 0 0 1 1 1 2 1 1 1 1 1 1 2 0 0 0 2 2 1 0 1 2 0 1 0 2 0 0 2 1 2 1 0 0 1 2 0 0 0 1 0 0 1 1 0 2 0 1 0 0 0 1 2 2 1 1 2 -2 -2 -1 -2 0 0 -2 0 0 0 0 0 -1 -1 -2 -1 -1 0 0 0 -1 -1 -1 0 -1 0 -1 -1 -1 -1 -1 -1 -2 -1 0 -2 -1 0 -1 -2 0 -2 -1 0 0 -1 -1 -1 -2 -1 -1 -1 -1 -1 -1 -2 0 0 0 -2 -2 -1 0 -1 -2 0 -1 0 -2 0 0 -2 -1 -2 -1 0 0 -1 -2 0 0 0 -1 0 0 -1 -1 0 -2 0 -1 0 0 0 -1 -2 -2 -1 -1 -2
1.72283375855819 1.13865884615597 0.998449484084179 0.489092170199425 -0.262214354889827 1 2 2 1 0 0 0 2 0 1 1 1 2 2 2 1 2 2 1 0 0 0 2 1 1 1 0 1 1 1 0 1 0 1 1 0 2 1 0 0 2 1 2 1 1 1 0 0 1 1 1 2 2 2 1 1 1 0 0 1 1 2 1 0 2 2 0 2 1 2 0 1 2 1 2 1 0 0 0 0 0 0 0 2 0 0 0 1 0 0 0 0 0 0 0 2 2 1 0 1 2 2 2 1 0 0 0 2 0 1 1 1 2 2 2 1 2 2 1 0 0 0 2 1 1 1 0 1 1 1 0 1 0 1 1 0 2 1 0 0 2 1 2 1 1 1 0 0 1 1 1 2 2 2 1 1 1 0 0 1 1 2 1 0 2 2 0 2 1 2 0 1 2 1 2 1 0 0 0 0 0 0 0 2 0 0 0 1 0 0 0 0 0 0 0 2 2 1 0 1 2
1.48573614825874 1.25315075611954 0.91155912329972 0.732198005683776 -0.708134338075555 1 1 2 1 2 1 0 2 0 0 2 1 1 2 2 1 1 1 1 0 0 0 0 0 0 1 0 0 0 0 0 2 0 0 0 1 2 0 0 0 1 0 1 1 0 0 2 2 2 2 0 1 1 1 0 0 1 0 0 0 1 2 0 0 1 1 0 2 1 2 1 1 2 2 2 2 0 0 1 0 0 0 0 1 0 0 1 1 1 2 0 0 0 1 0 2 2 2 1 0 2 1 2 1 2 1 0 2 0 0 2 1 1 2 2 1 1 1 1 0 0 0 0 0 0 1 0 0 0 0 0 2 0 0 0 1 2 0 0 0 1 0 1 1 0 0 2 2 2 2 0 1 1 1 0 0 1 0 0 0 1 2 0 0 1 1 0 2 1 2 1 1 2 2 2 2 0 0 1 0 0 0 0 1 0 0 1 1 1 2 0 0 0 1 0 2 2 2 1 0 2
-1.11267621006783 -0.119183785460819 0.315409937134784 0.569183102783162 1.06320745052728 -1 2 2 1 1 0 1 2 0 0 1 2 2 2 1 2 2 2 1 0 0 1 1 0 0 2 0 0 2 2 2 2 1 2 1 0 1 1 0 0 2 0 2 2 1 1 1 1 2 2 1 2 2 2 1 0 0 0 0 0 2 2 0 0 2 1 0 2 1 2 0 1 2 1 2 2 0 0 1 0 0 0 0 1 0 0 1 1 0 1 0 0 0 1 0 2 2 2 1 2 2 -2 -2 -1 -1 0 -1 -2 0 0 -1 -2 -2 -2 -1 -2 -2 -2 -1 0 0 -1 -1 0 0 -2 0 0 -2 -2 -2 -2 -1 -2 -1 0 -1 -1 0 0 -2 0 -2 -2 -1 -1 -1 -1 -2 -2 -1 -2 -2 -2 -1 0 0 0 0 0 -2 -2 0 0 -2 -1 0 -2 -1 -2 0 -1 -2 -1 -2 -2 0 0 -1 0 0 0 0 -1 0 0 -1 -1 0 -1 0 0 0 -1 0 -2 -2 -2 -1 -2 -2
-1.77426187823297 0.501233931437075 -0.516597873453674 0.238277873222714 -1.36787323343264 -1 1 2 0 1 0 0 2 0 0 2 1 1 2 1 1 2 2 1 0 0 0 2 0 0 1 0 0 1 1 1 1 0 1 1 0 2 1 1 1 2 0 2 1 1 0 1 2 2 1 0 2 2 1 0 1 1 0 0 0 1 2 1 1 1 1 0 2 1 2 1 0 2 1 2 1 0 0 0 0 0 0 0 1 0 0 0 1 0 2 0 0 0 0 0 1 2 2 1 0 1 -1 -2 0 -1 0 0 -2 0 0 -2 -1 -1 -2 -1 -1 -2 -2 -1 0 0 0 -2 0 0 -1 0 0 -1 -1 -1 -1 0 -1 -1 0 -2 -1 -1 -1 -2 0 -2 -1 -1 0 -1 -2 -2 -1 0 -2 -2 -1 0 -1 -1 0 0 0 -1 -2 -1 -1 -1 -1 0 -2 -1 -2 -1 0 -2 -1 -2 -1 0 0 0 0 0 0 0 -1 0 0 0 -1 0 -2 0 0 0 0 0 -1 -2 -2 -1 0 -1
-1.45424558944977 -2.62634330765737 0.986214881606563 0.0887197148981898 -1.69720958347402 -1 1 2 1 1 0 1 2 1 1 1 1 1 2 1 2 2 2 2 1 1 1 0 1 0 2 0 1 2 2 0 2 1 2 1 0 1 1 0 0 2 1 1 0 0 0 1 1 1 1 0 2 2 2 0 1 1 1 1 1 2 2 1 0 2 2 1 2 0 1 0 0 2 1 2 0 0 0 0 1 1 1 1 2 0 1 1 2 2 2 1 1 0 2 1 2 2 2 1 0 2 -1 -2 -1 -1 0 -1 -2 -1 -1 -1 -1 -1 -2 -1 -2 -2 -2 -2 -1 -1 -1 0 -1 0 -2 0 -1 -2 -2 0 -2 -1 -2 -1 0 -1 -1 0 0 -2 -1 -1 0 0 0 -1 -1 -1 -1 0 -2 -2 -2 0 -1 -1 -1 -1 -1 -2 -2 -1 0 -2 -2 -1 -2 0 -1 0 0 -2 -1 -2 0 0 0 0 -1 -1 -1 -1 -2 0 -1 -1 -2 -2 -2 -1 -1 0 -2 -1 -2 -2 -2 -1 0 -2
0.319298859301782 -0.641065600781748 -0.538709192743893 -1.19403804411321 1.42383501093783 1 1 1 0 1 0 0 2 0 0 1 1 1 1 1 2 2 2 1 0 0 0 1 0 0 1 0 0 1 2 0 1 0 0 1 0 0 2 0 0 2 0 1 0 0 0 1 1 2 2 0 2 1 1 0 1 1 1 1 0 2 1 0 0 2 1 0 2 0 2 0 1 2 0 2 2 0 0 1 0 1 1 1 2 0 1 1 2 2 0 0 0 0 0 0 2 2 2 1 0 1 1 1 0 1 0 0 2 0 0 1 1 1 1 1 2 2 2 1 0 0 0 1 0 0 1 0 0 1 2 0 1 0 0 1 0 0 2 0 0 2 0 1 0 0 0 1 1 2 2 0 2 1 1 0 1 1 1 1 0 2 1 0 0 2 1 0 2 0 2 0 1 2 0 2 2 0 0 1 0 1 1 1 2 0 1 1 2 2 0 0 0 0 0 0 2 2 2 1 0 1
1.08254854963799 -0.673555108282029 -3.56289272970636 1.09473388935064 0.169186584391933 1 2 2 1 2 0 0 2 1 0 1 1 0 2 2 1 2 2 2 1 2 1 2 2 1 1 0 0 1 2 0 2 1 2 2 0 1 1 0 0 2 0 0 0 0 0 1 1 2 2 0 2 1 2 1 1 1 1 1 1 2 2 0 0 1 0 0 1 0 2 0 0 2 0 2 0 0 0 0 1 0 1 1 2 0 0 2 1 1 1 0 0 0 1 0 2 2 2 1 1 2 2 2 1 2 0 0 2 1 0 1 1 0 2 2 1 2 2 2 1 2 1 2 2 1 1 0 0 1 2 0 2 1 2 2 0 1 1 0 0 2 0 0 0 0 0 1 1 2 2 0 2 1 2 1 1 1 1 1 1 2 2 0 0 1 0 0 1 0 2 0 0 2 0 2 0 0 0 0 1 0 1 1 2 0 0 2 1 1 1 0 0 0 1 0 2 2 2 1 1 2
-0.356995663678975 -0.00683374834188753 -0.342997439918025 0.543322301624238 -0.12343958660588 -1 1 2 0 0 0 0 2 0 0 1 1 0 1 1 2 2 2 1 0 1 1 2 1 0 0 0 0 0 0 0 2 1 2 1 0 2 2 0 0 2 1 2 1 2 0 1 1 2 2 0 2 2 2 0 1 1 0 0 0 2 1 0 0 1 1 0 1 0 2 0 1 2 1 2 2 0 0 0 0 0 1 1 2 0 0 1 1 0 0 0 0 0 1 0 1 2 2 0 1 2 -1 -2 0 0 0 0 -2 0 0 -1 -1 0 -1 -1 -2 -2 -2 -1 0 -1 -1 -2 -1 0 0 0 0 0 0 0 -2 -1 -2 -1 0 -2 -2 0 0 -2 -1 -2 -1 -2 0 -1 -1 -2 -2 0 -2 -2 -2 0 -1 -1 0 0 0 -2 -1 0 0 -1 -1 0 -1 0 -2 0 -1 -2 -1 -2 -2 0 0 0 0 0 -1 -1 -2 0 0 -1 -1 0 0 0 0 0 -1 0 -1 -2 -2 0 -1 -2
-2.81196467813127 -1.16048939764493 0.997989722793019 0.824877655524613 -0.42561338052216 -1 1 0 0 1 0 0 2 2 0 1 1 1 2 1 2 2 2 2 1 1 0 2 1 1 0 0 0 0 1 1 2 1 0 0 1 1 1 0 0 2 0 1 0 0 0 0 0 0 1 0 1 2 1 1 1 2 1 1 1 2 2 0 0 2 2 0 2 1 2 0 0 2 1 2 2 0 0 0 1 0 0 0 1 0 0 0 0 1 1 0 0 0 0 0 1 2 1 0 0 2 -1 0 0 -1 0 0 -2 -2 0 -1 -1 -1 -2 -1 -2 -2 -2 -2 -1 -1 0 -2 -1 -1 0 0 0 0 -1 -1 -2 -1 0 0 -1 -1 -1 0 0 -2 0 -1 0 0 0 0 0 0 -1 0 -1 -2 -1 -1 -1 -2 -1 -1 -1 -2 -2 0 0 -2 -2 0 -2 -1 -2 0 0 -2 -1 -2 -2 0 0 0 -1 0 0 0 -1 0 0 0 0 -1 -1 0 0 0 0 0 -1 -2 -1 0 0 -2
0.0468166908452093 1.60146328521859 -0.00612901122107929 -1.16906787120182 1.52203779900838 1 1 2 0 2 0 0 2 2 1 1 2 2 2 0 2 2 2 2 1 0 0 1 1 0 0 0 0 0 1 0 2 0 0 0 0 1 0 0 0 1 0 0 0 0 0 1 1 2 0 0 2 2 0 0 0 1 1 1 1 1 1 0 0 0 0 0 2 1 2 0 0 2 1 2 1 0 0 0 0 0 1 1 2 0 0 0 0 0 1 0 0 0 1 1 1 2 2 1 1 2 1 2 0 2 0 0 2 2 1 1 2 2 2 0 2 2 2 2 1 0 0 1 1 0 0 0 0 0 1 0 2 0 0 0 0 1 0 0 0 1 0 0 0 0 0 1 1 2 0 0 2 2 0 0 0 1 1 1 1 1 1 0 0 0 0 0 2 1 2 0 0 2 1 2 1 0 0 0 0 0 1 1 2 0 0 0 0 0 1 0 0 0 1 1 1 2 2 1 1 2
1.30090064688871 -0.460483218996204 1.9819711893512 -0.0999663841402313 0.241126045592865 1 2 2 0 2 0 0 2 0 0 1 2 1 2 1 0 1 1 1 0 0 0 2 0 0 1 0 0 1 0 0 2 2 2 0 0 2 2 1 0 2 0 0 0 0 0 0 0 1 2 2 2 2 1 0 0 2 0 0 0 0 2 1 0 2 1 0 2 0 2 1 0 2 0 1 1 0 0 0 0 0 0 1 2 0 0 2 2 1 2 0 0 0 0 0 2 2 1 0 0 2 2 2 0 2 0 0 2 0 0 1 2 1 2 1 0 1 1 1 0 0 0 2 0 0 1 0 0 1 0 0 2 2 2 0 0 2 2 1 0 2 0 0 0 0 0 0 0 1 2 2 2 2 1 0 0 2 0 0 0 0 2 1 0 2 1 0 2 0 2 1 0 2 0 1 1 0 0 0 0 0 0 1 2 0 0 2 2 1 2 0 0 0 0 0 2 2 1 0 0 2
-0.96450144993093 -0.140068975951275 -0.181311971131365 2.15877691692551 0.0135461839163965 -1 2 2 1 2 0 0 2 0 0 2 1 2 2 1 1 1 2 1 0 1 1 2 1 0 1 1 1 2 0 0 2 1 1 1 0 2 0 0 0 2 0 2 0 0 0 0 1 1 2 2 2 2 0 0 1 1 1 0 1 2 2 0 0 1 2 0 1 1 2 0 0 2 0 1 0 0 1 1 0 0 0 0 1 0 0 1 1 0 2 0 0 0 1 0 1 2 2 0 1 2 -2 -2 -1 -2 0 0 -2 0 0 -2 -1 -2 -2 -1 -1 -1 -2 -1 0 -1 -1 -2 -1 0 -1 -1 -1 -2 0 0 -2 -1 -1 -1 0 -2 0 0 0 -2 0 -2 0 0 0 0 -1 -1 -2 -2 -2 -2 0 0 -1 -1 -1 0 -1 -2 -2 0 0 -1 -2 0 -1 -1 -2 0 0 -2 0 -1 0 0 -1 -1 0 0 0 0 -1 0 0 -1 -1 0 -2 0 0 0 -1 0 -1 -2 -2 0 -1 -2
1.67122090830112 0.0357873758780357 -1.33665460028464 1.56910022182881 1.2387043246042 -1 2 2 0 1 0 0 2 0 0 0 1 2 2 2 2 2 2 1 1 2 1 1 0 0 2 0 1 1 1 0 1 0 2 1 1 2 1 0 0 2 0 2 0 0 1 2 1 1 1 1 2 2 1 1 2 2 0 1 1 2 2 0 0 1 2 0 2 0 2 0 1 1 0 1 1 0 0 0 0 0 0 0 1 0 0 1 2 1 1 0 0 0 0 0 1 2 0 0 1 2 -2 -2 0 -1 0 0 -2 0 0 0 -1 -2 -2 -2 -2 -2 -2 -1 -1 -2 -1 -1 0 0 -2 0 -1 -1 -1 0 -1 0 -2 -1 -1 -2 -1 0 0 -2 0 -2 0 0 -1 -2 -1 -1 -1 -1 -2 -2 -1 -1 -2 -2 0 -1 -1 -2 -2 0 0 -1 -2 0 -2 0 -2 0 -1 -1 0 -1 -1 0 0 0 0 0 0 0 -1 0 0 -1 -2 -1 -1 0 0 0 0 0 -1 -2 0 0 -1 -2
-0.0296820499560697 -0.220242535098742 -1.68096342536315 0.972655078312694 0.443030170154764 -1 2 2 1 1 0 0 2 0 0 1 1 2 2 1 1 2 2 2 1 1 1 2 1 0 1 0 1 1 1 0 2 1 2 1 1 0 0 0 1 2 1 0 0 0 0 1 0 1 0 1 2 1 1 0 2 2 1 0 1 2 1 0 1 2 2 0 2 0 2 0 0 2 1 2 1 0 0 0 0 0 1 1 2 0 0 0 2 0 2 0 0 0 0 0 2 2 2 0 1 2 -2 -2 -1 -1 0 0 -2 0 0 -1 -1 -2 -2 -1 -1 -2 -2 -2 -1 -1 -1 -2 -1 0 -1 0 -1 -1 -1 0 -2 -1 -2 -1 -1 0 0 0 -1 -2 -1 0 0 0 0 -1 0 -1 0 -1 -2 -1 -1 0 -2 -2 -1 0 -1 -2 -1 0 -1 -2 -2 0 -2 0 -2 0 0 -2 -1 -2 -1 0 0 0 0 0 -1 -1 -2 0 0 0 -2 0 -2 0 0 0 0 0 -2 -2 -2 0 -1 -2
-0.928004942699295 -0.775746157299869 -0.964369511872675 -0.195003933551723 -0.0968651659036317 -1 2 2 1 1 0 0 2 0 0 0 1 0 1 2 2 2 2 2 2 2 2 2 2 0 0 0 0 0 1 1 2 0 1 0 0 2 1 0 0 2 0 2 0 0 0 0 1 2 1 0 1 1 2 1 1 2 1 2 1 2 2 1 0 1 2 1 2 0 2 0 0 1 1 2 2 0 0 0 0 0 0 0 1 0 0 0 0 0 2 0 1 0 0 0 2 2 2 0 0 2 -2 -2 -1 -1 0 0 -2 0 0 0 -1 0 -1 -2 -2 -2 -2 -2 -2 -2 -2 -2 -2 0 0 0 0 0 -1 -1 -2 0 -1 0 0 -2 -1 0 0 -2 0 -2 0 0 0 0 -1 -2 -1 0 -1 -1 -2 -1 -1 -2 -1 -2 -1 -2 -2 -1 0 -1 -2 -1 -2 0 -2 0 0 -1 -1 -2 -2 0 0 0 0 0 0 0 -1 0 0 0 0 0 -2 0 -1 0 0 0 -2 -2 -2 0 0 -2
-0.566960360938234 0.284025690565577 -0.133860977222773 -0.210654480481642 0.370175199004108 -1 1 2 0 1 0 0 2 0 0 1 0 1 1 0 1 2 2 2 1 2 2 2 0 1 0 0 0 0 1 0 2 0 0 0 0 1 0 0 1 2 0 2 0 1 0 2 1 2 1 1 2 2 2 1 0 1 0 1 0 2 2 2 1 2 2 0 1 1 2 2 2 2 1 2 2 0 0 0 0 0 0 0 1 0 0 0 0 1 1 0 0 0 1 0 2 2 2 0 0 2 -1 -2 0 -1 0 0 -2 0 0 -1 0 -1 -1 0 -1 -2 -2 -2 -1 -2 -2 -2 0 -1 0 0 0 0 -1 0 -2 0 0 0 0 -1 0 0 -1 -2 0 -2 0 -1 0 -2 -1 -2 -1 -1 -2 -2 -2 -1 0 -1 0 -1 0 -2 -2 -2 -1 -2 -2 0 -1 -1 -2 -2 -2 -2 -1 -2 -2 0 0 0 0 0 0 0 -1 0 0 0 0 -1 -1 0 0 0 -1 0 -2 -2 -2 0 0 -2
0.462248332675254 -0.573940175750436 0.701367703508417 1.00767439295455 0.249014947743781 -1 1 2 1 2 0 0 2 1 0 0 1 1 2 1 2 2 1 1 0 0 0 1 0 0 1 0 0 0 1 1 2 0 0 0 1 2 0 0 1 2 0 1 0 0 0 1 1 1 1 0 2 1 2 0 1 1 0 0 1 1 2 1 0 2 1 0 2 0 2 0 0 1 0 2 1 0 0 0 0 0 0 0 1 0 0 0 2 1 2 0 0 0 0 0 2 2 1 1 0 2 -1 -2 -1 -2 0 0 -2 -1 0 0 -1 -1 -2 -1 -2 -2 -1 -1 0 0 0 -1 0 0 -1 0 0 0 -1 -1 -2 0 0 0 -1 -2 0 0 -1 -2 0 -1 0 0 0 -1 -1 -1 -1 0 -2 -1 -2 0 -1 -1 0 0 -1 -1 -2 -1 0 -2 -1 0 -2 0 -2 0 0 -1 0 -2 -1 0 0 0 0 0 0 0 -1 0 0 0 -2 -1 -2 0 0 0 0 0 -2 -2 -1 -1 0 -2
-1.36086767888216 0.478544203551908 -0.15019971633438 0.159767983487356 -2.05101000990459 1 2 2 2 2 0 0 2 0 0 0 0 0 1 0 2 2 2 0 0 1 0 1 2 0 1 0 1 1 1 1 2 1 1 1 1 2 1 0 1 2 2 1 1 1 1 1 2 2 2 0 1 1 1 1 1 2 0 0 0 0 2 1 0 2 2 0 2 1 2 0 0 2 1 2 2 0 0 1 0 1 1 1 2 0 0 1 0 0 0 0 0 0 0 0 1 2 2 0 0 2 2 2 2 2 0 0 2 0 0 0 0 0 1 0 2 2 2 0 0 1 0 1 2 0 1 0 1 1 1 1 2 1 1 1 1 2 1 0 1 2 2 1 1 1 1 1 2 2 2 0 1 1 1 1 1 2 0 0 0 0 2 1 0 2 2 0 2 1 2 0 0 2 1 2 2 0 0 1 0 1 1 1 2 0 0 1 0 0 0 0 0 0 0 0 1 2 2 0 0 2
1.42762574302354 0.0931875722073838 -0.989068378156678 -1.25193048545344 0.237369343475403 -1 1 2 2 2 0 1 2 0 1 2 2 2 2 1 2 1 1 1 0 0 1 1 1 0 1 0 0 0 2 2 2 0 1 1 0 0 0 0 0 2 2 0 1 1 1 1 1 1 1 1 2 1 1 0 0 0 0 0 0 2 2 1 0 2 2 0 2 0 2 1 1 2 1 2 1 0 0 1 0 0 1 0 1 0 0 0 1 0 1 0 1 0 1 1 2 2 2 0 0 2 -1 -2 -2 -2 0 -1 -2 0 -1 -2 -2 -2 -2 -1 -2 -1 -1 -1 0 0 -1 -1 -1 0 -1 0 0 0 -2 -2 -2 0 -1 -1 0 0 0 0 0 -2 -2 0 -1 -1 -1 -1 -1 -1 -1 -1 -2 -1 -1 0 0 0 0 0 0 -2 -2 -1 0 -2 -2 0 -2 0 -2 -1 -1 -2 -1 -2 -1 0 0 -1 0 0 -1 0 -1 0 0 0 -1 0 -1 0 -1 0 -1 -1 -2 -2 -2 0 0 -2
-0.0237935009255268 0.123819368131658 1.62572990608056 -0.0226444994744346 0.205390474349699 -1 2 2 2 2 1 1 2 1 0 1 2 2 2 1 1 1 2 1 0 1 1 0 0 0 1 0 1 2 2 2 2 2 1 2 1 1 1 0 0 2 1 2 1 0 0 2 1 1 1 0 2 2 1 0 1 2 0 1 0 1 2 1 0 2 2 0 2 0 2 0 0 1 0 2 1 0 0 0 0 0 0 0 1 0 0 0 0 0 1 0 0 0 0 1 2 2 2 1 1 2 -2 -2 -2 -2 -1 -1 -2 -1 0 -1 -2 -2 -2 -1 -1 -1 -2 -1 0 -1 -1 0 0 0 -1 0 -1 -2 -2 -2 -2 -2 -1 -2 -1 -1 -1 0 0 -2 -1 -2 -1 0 0 -2 -1 -1 -1 0 -2 -2 -1 0 -1 -2 0 -1 0 -1 -2 -1 0 -2 -2 0 -2 0 -2 0 0 -1 0 -2 -1 0 0 0 0 0 0 0 -1 0 0 0 0 0 -1 0 0 0 0 -1 -2 -2 -2 -1 -1 -2
0.201345975934182 -0.464651694698429 0.884613722032879 -0.286176033810754 -2.50694846272831 1 1 2 1 1 0 0 2 0 0 0 0 2 2 2 2 1 2 2 2 2 2 2 1 0 2 0 1 2 2 1 2 0 0 1 0 1 1 0 0 2 0 2 2 2 1 2 1 1 2 0 1 2 2 0 0 1 1 0 1 2 2 1 0 1 2 0 2 0 2 0 0 2 0 2 1 0 0 0 0 0 0 1 2 0 0 2 2 1 2 0 0 1 1 0 2 2 2 2 1 2 1 2 1 1 0 0 2 0 0 0 0 2 2 2 2 1 2 2 2 2 2 2 1 0 2 0 1 2 2 1 2 0 0 1 0 1 1 0 0 2 0 2 2 2 1 2 1 1 2 0 1 2 2 0 0 1 1 0 1 2 2 1 0 1 2 0 2 0 2 0 0 2 0 2 1 0 0 0 0 0 0 1 2 0 0 2 2 1 2 0 0 1 1 0 2 2 2 2 1 2
-0.302901353272512 0.116324191997471 1.35575774065779 0.6176171374845 0.783703105254448 -1 2 2 0 2 0 0 2 1 0 2 2 2 2 2 2 2 2 1 1 0 1 2 1 0 1 0 0 1 1 0 2 0 0 0 0 1 0 0 0 2 0 0 0 0 0 1 0 0 0 0 2 2 1 0 1 1 0 0 0 2 1 0 0 1 2 1 2 1 2 0 0 2 1 2 1 0 0 1 0 1 1 0 2 0 0 0 1 0 1 0 0 0 0 0 1 1 1 0 0 2 -2 -2 0 -2 0 0 -2 -1 0 -2 -2 -2 -2 -2 -2 -2 -2 -1 -1 0 -1 -2 -1 0 -1 0 0 -1 -1 0 -2 0 0 0 0 -1 0 0 0 -2 0 0 0 0 0 -1 0 0 0 0 -2 -2 -1 0 -1 -1 0 0 0 -2 -1 0 0 -1 -2 -1 -2 -1 -2 0 0 -2 -1 -2 -1 0 0 -1 0 -1 -1 0 -2 0 0 0 -1 0 -1 0 0 0 0 0 -1 -1 -1 0 0 -2
-0.875990532169911 0.604849555652618 0.952171448247934 -1.00755435316965 -0.798576604796893 1 1 0 0 1 0 0 2 0 0 1 2 2 1 1 1 2 2 1 0 0 1 2 2 1 0 0 0 1 1 2 2 2 1 0 0 2 2 0 1 2 1 1 0 0 0 1 2 2 1 0 2 1 2 0 0 1 0 0 0 1 2 0 0 1 2 0 2 0 2 1 1 2 2 2 2 0 0 0 0 1 0 1 2 0 0 1 2 1 2 0 0 0 0 0 0 2 2 0 1 2 1 0 0 1 0 0 2 0 0 1 2 2 1 1 1 2 2 1 0 0 1 2 2 1 0 0 0 1 1 2 2 2 1 0 0 2 2 0 1 2 1 1 0 0 0 1 2 2 1 0 2 1 2 0 0 1 0 0 0 1 2 0 0 1 2 0 2 0 2 1 1 2 2 2 2 0 0 0 0 1 0 1 2 0 0 1 2 1 2 0 0 0 0 0 0 2 2 0 1 2
1.74161406298149 0.9679636178801 0.710946354290286 -1.43276638173578 -0.576696917842687 -1 2 2 0 1 0 0 2 0 0 2 1 1 1 1 2 2 1 0 0 0 1 2 0 0 0 0 0 1 2 1 2 1 2 1 0 2 2 0 0 2 0 0 0 0 0 0 0 1 1 0 2 2 2 2 1 0 0 0 0 2 2 1 0 1 2 0 2 0 2 1 0 2 1 2 2 0 0 0 1 1 1 0 1 0 0 1 1 1 1 0 1 0 0 0 1 2 1 0 1 2 -2 -2 0 -1 0 0 -2 0 0 -2 -1 -1 -1 -1 -2 -2 -1 0 0 0 -1 -2 0 0 0 0 0 -1 -2 -1 -2 -1 -2 -1 0 -2 -2 0 0 -2 0 0 0 0 0 0 0 -1 -1 0 -2 -2 -2 -2 -1 0 0 0 0 -2 -2 -1 0 -1 -2 0 -2 0 -2 -1 0 -2 -1 -2 -2 0 0 0 -1 -1 -1 0 -1 0 0 -1 -1 -1 -1 0 -1 0 0 0 -1 -2 -1 0 -1 -2
1.65243499269399 0.414664410605336 0.389087311494591 0.0302313605077565 1.62341298565626 -1 2 2 0 2 0 0 2 0 0 1 2 2 2 1 1 1 1 1 0 0 0 1 1 0 0 0 1 1 2 0 2 0 0 0 0 1 1 0 0 2 1 2 1 0 0 1 1 2 2 0 2 1 1 0 2 1 0 0 1 2 2 0 0 1 1 0 1 0 2 0 0 2 2 2 1 0 0 1 1 0 1 0 1 0 0 1 1 0 2 0 0 0 0 0 2 2 1 0 0 2 -2 -2 0 -2 0 0 -2 0 0 -1 -2 -2 -2 -1 -1 -1 -1 -1 0 0 0 -1 -1 0 0 0 -1 -1 -2 0 -2 0 0 0 0 -1 -1 0 0 -2 -1 -2 -1 0 0 -1 -1 -2 -2 0 -2 -1 -1 0 -2 -1 0 0 -1 -2 -2 0 0 -1 -1 0 -1 0 -2 0 0 -2 -2 -2 -1 0 0 -1 -1 0 -1 0 -1 0 0 -1 -1 0 -2 0 0 0 0 0 -2 -2 -1 0 0 -2
1.49391112918227 1.35417972588046 0.627086409148928 0.544486012964192 1.66895561947314 1 1 1 0 1 0 0 2 0 0 1 0 1 2 1 2 1 2 0 1 0 1 1 1 1 1 0 2 1 0 0 2 1 1 0 0 1 1 0 0 2 0 1 0 1 0 0 0 1 1 0 2 2 2 1 1 0 0 0 0 2 2 0 0 0 1 0 1 0 2 0 0 2 1 2 1 0 0 1 0 1 1 0 1 0 1 1 2 0 1 0 0 0 0 0 2 2 2 1 0 1 1 1 0 1 0 0 2 0 0 1 0 1 2 1 2 1 2 0 1 0 1 1 1 1 1 0 2 1 0 0 2 1 1 0 0 1 1 0 0 2 0 1 0 1 0 0 0 1 1 0 2 2 2 1 1 0 0 0 0 2 2 0 0 0 1 0 1 0 2 0 0 2 1 2 1 0 0 1 0 1 1 0 1 0 1 1 2 0 1 0 0 0 0 0 2 2 2 1 0 1
0.357809426996186 0.601451375619413 -0.442842533329056 0.533240990683718 -0.894715613804122 1 2 2 0 2 0 0 2 0 0 1 1 1 2 2 2 2 2 2 1 1 1 1 0 1 1 0 1 1 1 0 2 0 2 1 1 2 1 0 0 2 1 0 0 1 0 1 1 1 2 1 1 2 2 1 1 1 0 0 1 2 2 2 0 1 2 0 1 0 2 0 2 2 0 2 1 0 0 0 0 0 0 0 2 0 0 1 1 0 0 0 0 0 0 0 1 2 2 1 1 2 2 2 0 2 0 0 2 0 0 1 1 1 2 2 2 2 2 2 1 1 1 1 0 1 1 0 1 1 1 0 2 0 2 1 1 2 1 0 0 2 1 0 0 1 0 1 1 1 2 1 1 2 2 1 1 1 0 0 1 2 2 2 0 1 2 0 1 0 2 0 2 2 0 2 1 0 0 0 0 0 0 0 2 0 0 1 1 0 0 0 0 0 0 0 1 2 2 1 1 2
0.0221570250745904 -2.5648569290629 -0.132590668808988 -0.315439055043706 1.14963676507148 -1 0 2 0 2 0 0 2 0 0 1 2 2 2 1 1 2 2 2 2 2 2 2 1 0 1 0 1 0 1 1 2 1 2 0 0 2 1 1 0 2 0 1 1 1 0 2 2 2 1 0 2 2 1 1 1 1 1 1 2 1 2 2 0 0 1 0 1 1 2 1 0 2 1 2 2 0 0 2 0 0 1 0 2 0 0 1 2 0 1 0 1 1 1 0 1 2 2 1 0 2 0 -2 0 -2 0 0 -2 0 0 -1 -2 -2 -2 -1 -1 -2 -2 -2 -2 -2 -2 -2 -1 0 -1 0 -1 0 -1 -1 -2 -1 -2 0 0 -2 -1 -1 0 -2 0 -1 -1 -1 0 -2 -2 -2 -1 0 -2 -2 -1 -1 -1 -1 -1 -1 -2 -1 -2 -2 0 0 -1 0 -1 -1 -2 -1 0 -2 -1 -2 -2 0 0 -2 0 0 -1 0 -2 0 0 -1 -2 0 -1 0 -1 -1 -1 0 -1 -2 -2 -1 0 -2
1.28906087267166 -0.846404897776297 -0.81057359202679 0.0943649863813075 0.740249675253216 -1 1 2 2 2 0 0 2 0 0 1 1 1 2 1 2 2 2 2 0 0 0 0 1 0 0 0 0 1 2 1 2 1 2 1 0 1 1 0 1 2 1 1 0 0 0 1 2 1 1 0 2 2 1 1 1 1 1 0 0 2 2 1 1 1 1 0 1 1 2 0 0 2 1 2 1 0 0 0 1 0 0 1 2 0 0 1 1 0 2 1 1 0 0 0 2 2 1 0 0 2 -1 -2 -2 -2 0 0 -2 0 0 -1 -1 -1 -2 -1 -2 -2 -2 -2 0 0 0 0 -1 0 0 0 0 -1 -2 -1 -2 -1 -2 -1 0 -1 -1 0 -1 -2 -1 -1 0 0 0 -1 -2 -1 -1 0 -2 -2 -1 -1 -1 -1 -1 0 0 -2 -2 -1 -1 -1 -1 0 -1 -1 -2 0 0 -2 -1 -2 -1 0 0 0 -1 0 0 -1 -2 0 0 -1 -1 0 -2 -1 -1 0 0 0 -2 -2 -1 0 0 -2
-1.98431866714153 -1.61569128937332 1.61252692192067 -0.413305561563854 -0.211540361344206 1 2 2 2 2 0 0 2 0 0 0 1 2 2 2 2 2 2 1 0 0 1 1 0 0 2 0 1 2 2 1 2 1 1 0 0 1 0 0 0 2 1 2 1 0 0 2 0 1 0 0 2 1 1 1 2 1 1 0 1 2 2 1 0 1 2 0 1 1 1 0 0 1 0 1 1 0 0 0 1 1 1 0 2 0 0 1 2 1 2 0 1 0 0 0 1 2 2 1 0 2 2 2 2 2 0 0 2 0 0 0 1 2 2 2 2 2 2 1 0 0 1 1 0 0 2 0 1 2 2 1 2 1 1 0 0 1 0 0 0 2 1 2 1 0 0 2 0 1 0 0 2 1 1 1 2 1 1 0 1 2 2 1 0 1 2 0 1 1 1 0 0 1 0 1 1 0 0 0 1 1 1 0 2 0 0 1 2 1 2 0 1 0 0 0 1 2 2 1 0 2
-1.05924699523011 -1.00385183851478 -1.50678634495039 2.2227592520425 0.00962565470789774 1 1 2 1 1 0 0 2 0 0 0 1 2 2 2 2 2 2 2 2 1 0 0 0 0 1 0 1 1 2 1 2 0 2 0 1 2 2 0 0 2 0 2 0 0 0 0 1 1 2 1 2 2 0 0 0 1 0 0 0 2 2 1 0 2 1 0 2 1 2 0 0 2 0 2 2 0 0 1 0 0 0 0 2 0 0 0 0 0 1 0 1 0 0 0 2 2 2 0 0 2 1 2 1 1 0 0 2 0 0 0 1 2 2 2 2 2 2 2 2 1 0 0 0 0 1 0 1 1 2 1 2 0 2 0 1 2 2 0 0 2 0 2 0 0 0 0 1 1 2 1 2 2 0 0 0 1 0 0 0 2 2 1 0 2 1 0 2 1 2 0 0 2 0 2 2 0 0 1 0 0 0 0 2 0 0 0 0 0 1 0 1 0 0 0 2 2 2 0 0 2
-0.419492493149762 1.42504630066561 -0.415150691599965 -0.120587920516562 1.42128073996036 -1 2 2 0 1 0 2 2 1 1 2 1 2 2 2 2 2 2 2 1 2 2 2 2 0 1 0 1 2 2 1 1 0 1 0 0 1 1 0 1 2 1 2 1 0 1 1 0 1 2 0 2 2 2 0 1 2 0 0 0 2 2 2 0 2 2 0 1 1 2 0 0 2 2 2 1 0 0 0 1 0 0 0 1 0 0 0 1 0 1 0 0 0 1 0 2 2 2 0 0 1 -2 -2 0 -1 0 -2 -2 -1 -1 -2 -1 -2 -2 -2 -2 -2 -2 -2 -1 -2 -2 -2 -2 0 -1 0 -1 -2 -2 -1 -1 0 -1 0 0 -1 -1 0 -1 -2 -1 -2 -1 0 -1 -1 0 -1 -2 0 -2 -2 -2 0 -1 -2 0 0 0 -2 -2 -2 0 -2 -2 0 -1 -1 -2 0 0 -2 -2 -2 -1 0 0 0 -1 0 0 0 -1 0 0 0 -1 0 -1 0 0 0 -1 0 -2 -2 -2 0 0 -1
0.119558691367852 -0.49687884242883 1.18541977466105 -0.606540598487408 0.890582593679493 1 2 2 0 1 0 0 2 1 0 2 2 1 2 0 1 1 1 1 1 0 0 1 0 0 2 0 1 1 2 2 2 0 1 0 0 2 1 0 0 1 0 2 0 1 1 2 2 2 2 2 2 2 1 0 1 1 1 1 2 2 2 0 0 1 0 0 1 1 2 1 1 2 1 2 1 0 0 0 1 1 0 1 2 0 0 0 1 1 1 0 0 0 0 1 2 2 1 0 0 2 2 2 0 1 0 0 2 1 0 2 2 1 2 0 1 1 1 1 1 0 0 1 0 0 2 0 1 1 2 2 2 0 1 0 0 2 1 0 0 1 0 2 0 1 1 2 2 2 2 2 2 2 1 0 1 1 1 1 2 2 2 0 0 1 0 0 1 1 2 1 1 2 1 2 1 0 0 0 1 1 0 1 2 0 0 0 1 1 1 0 0 0 0 1 2 2 1 0 0 2
0.341970900515812 0.990953794256073 0.138138182204153 0.893113261861544 -0.33528998350046 1 2 2 1 1 0 0 2 0 0 2 1 0 2 2 1 1 2 2 0 0 0 1 2 0 1 0 1 2 2 0 2 1 1 0 0 2 2 0 1 2 0 2 1 0 0 2 1 2 0 0 2 1 1 0 2 1 0 0 0 2 2 1 0 1 2 0 2 0 2 0 0 2 1 2 1 0 0 1 0 0 0 0 1 0 0 0 1 1 1 0 1 0 1 0 1 2 1 0 0 2 2 2 1 1 0 0 2 0 0 2 1 0 2 2 1 1 2 2 0 0 0 1 2 0 1 0 1 2 2 0 2 1 1 0 0 2 2 0 1 2 0 2 1 0 0 2 1 2 0 0 2 1 1 0 2 1 0 0 0 2 2 1 0 1 2 0 2 0 2 0 0 2 1 2 1 0 0 1 0 0 0 0 1 0 0 0 1 1 1 0 1 0 1 0 1 2 1 0 0 2
-1.54911523613494 0.136967269477561 0.396897370502948 0.884160794178026 -0.540481452588459 1 2 2 0 1 0 0 2 0 0 1 1 0 2 1 1 0 1 1 0 0 0 2 0 0 1 0 1 1 2 1 2 1 1 0 0 1 1 0 1 2 0 0 0 0 0 0 1 2 2 1 2 1 1 0 0 2 2 1 1 2 2 1 0 2 1 1 2 0 2 1 0 2 0 2 1 0 0 0 0 0 0 0 2 0 0 0 0 0 0 0 0 0 0 0 0 1 1 0 0 2 2 2 0 1 0 0 2 0 0 1 1 0 2 1 1 0 1 1 0 0 0 2 0 0 1 0 1 1 2 1 2 1 1 0 0 1 1 0 1 2 0 0 0 0 0 0 1 2 2 1 2 1 1 0 0 2 2 1 1 2 2 1 0 2 1 1 2 0 2 1 0 2 0 2 1 0 0 0 0 0 0 0 2 0 0 0 0 0 0 0 0 0 0 0 0 1 1 0 0 2
0.944703668812983 -1.20540846692546 1.64347956586829 0.07550630305802 -0.503743547016225 -1 1 2 1 2 0 1 2 1 0 2 2 1 1 1 1 2 2 2 0 0 1 2 2 0 1 0 0 2 2 0 1 0 0 0 0 1 1 1 1 2 0 2 0 0 0 0 0 1 2 2 2 2 2 2 2 2 0 0 1 2 2 1 1 2 2 0 2 0 1 0 1 2 1 2 1 0 0 0 0 0 1 0 2 0 1 1 2 1 1 1 1 0 0 0 2 2 2 1 1 1 -1 -2 -1 -2 0 -1 -2 -1 0 -2 -2 -1 -1 -1 -1 -2 -2 -2 0 0 -1 -2 -2 0 -1 0 0 -2 -2 0 -1 0 0 0 0 -1 -1 -1 -1 -2 0 -2 0 0 0 0 0 -1 -2 -2 -2 -2 -2 -2 -2 -2 0 0 -1 -2 -2 -1 -1 -2 -2 0 -2 0 -1 0 -1 -2 -1 -2 -1 0 0 0 0 0 -1 0 -2 0 -1 -1 -2 -1 -1 -1 -1 0 0 0 -2 -2 -2 -1 -1 -1
-0.437916488293836 0.76457752480847 -1.20398180349776 1.34112274979982 -0.848353099445046 -1 2 2 0 2 0 0 2 0 0 0 0 0 1 1 1 1 2 2 2 1 1 1 1 0 1 0 0 0 0 0 2 1 1 1 0 2 1 1 1 2 0 2 0 1 0 1 0 2 2 0 2 2 1 1 1 2 0 0 1 2 2 1 0 2 2 0 2 0 2 0 1 2 2 2 1 0 0 1 1 0 0 1 2 0 1 1 1 1 2 0 1 0 0 0 1 2 2 1 1 2 -2 -2 0 -2 0 0 -2 0 0 0 0 0 -1 -1 -1 -1 -2 -2 -2 -1 -1 -1 -1 0 -1 0 0 0 0 0 -2 -1 -1 -1 0 -2 -1 -1 -1 -2 0 -2 0 -1 0 -1 0 -2 -2 0 -2 -2 -1 -1 -1 -2 0 0 -1 -2 -2 -1 0 -2 -2 0 -2 0 -2 0 -1 -2 -2 -2 -1 0 0 -1 -1 0 0 -1 -2 0 -1 -1 -1 -1 -2 0 -1 0 0 0 -1 -2 -2 -1 -1 -2
-0.0937740864757486 0.431522747827958 -0.306535218913398 0.350012978913675 -0.803847720526739 1 1 2 0 1 0 0 2 0 0 1 1 2 2 1 2 2 2 1 1 1 1 2 1 1 0 0 0 1 2 2 2 0 2 0 0 1 1 1 1 2 0 1 0 1 0 1 1 1 1 0 2 1 2 1 1 1 1 1 1 1 2 0 0 2 1 0 1 0 2 1 1 2 1 2 0 0 0 0 0 0 1 1 2 0 1 0 1 0 1 0 0 0 1 0 1 2 2 2 2 2 1 2 0 1 0 0 2 0 0 1 1 2 2 1 2 2 2 1 1 1 1 2 1 1 0 0 0 1 2 2 2 0 2 0 0 1 1 1 1 2 0 1 0 1 0 1 1 1 1 0 2 1 2 1 1 1 1 1 1 1 2 0 0 2 1 0 1 0 2 1 1 2 1 2 0 0 0 0 0 0 1 1 2 0 1 0 1 0 1 0 0 0 1 0 1 2 2 2 2 2
-0.782761723698567 -1.97338332982606 0.484684726566217 0.714399508416493 -0.373739269718104 -1 2 2 0 1 0 0 2 0 0 1 0 1 2 1 2 2 2 2 1 0 1 2 0 0 0 0 1 0 1 0 2 1 2 0 0 2 1 1 1 2 1 2 0 1 0 1 2 2 2 1 2 1 2 1 0 2 1 0 1 2 2 1 0 2 2 0 2 0 2 1 0 2 1 2 0 0 0 0 1 0 1 0 2 0 0 0 0 0 0 0 0 0 0 0 1 1 2 0 0 2 -2 -2 0 -1 0 0 -2 0 0 -1 0 -1 -2 -1 -2 -2 -2 -2 -1 0 -1 -2 0 0 0 0 -1 0 -1 0 -2 -1 -2 0 0 -2 -1 -1 -1 -2 -1 -2 0 -1 0 -1 -2 -2 -2 -1 -2 -1 -2 -1 0 -2 -1 0 -1 -2 -2 -1 0 -2 -2 0 -2 0 -2 -1 0 -2 -1 -2 0 0 0 0 -1 0 -1 0 -2 0 0 0 0 0 0 0 0 0 0 0 -1 -1 -2 0 0 -2
0.196908983476658 0.427586494462352 0.0578277743260551 1.28262523206071 0.581605414538283 -1 2 2 1 1 0 0 2 0 0 0 0 2 2 1 1 1 1 1 0 0 1 2 1 0 0 0 0 2 2 1 2 0 0 0 0 1 1 0 0 2 0 0 0 1 1 2 2 1 0 0 2 2 1 0 0 0 0 0 1 2 1 0 0 0 1 0 2 1 2 1 0 1 0 2 1 0 0 0 0 0 0 1 2 0 0 2 2 0 2 0 0 0 0 0 1 2 2 1 0 2 -2 -2 -1 -1 0 0 -2 0 0 0 0 -2 -2 -1 -1 -1 -1 -1 0 0 -1 -2 -1 0 0 0 0 -2 -2 -1 -2 0 0 0 0 -1 -1 0 0 -2 0 0 0 -1 -1 -2 -2 -1 0 0 -2 -2 -1 0 0 0 0 0 -1 -2 -1 0 0 0 -1 0 -2 -1 -2 -1 0 -1 0 -2 -1 0 0 0 0 0 0 -1 -2 0 0 -2 -2 0 -2 0 0 0 0 0 -1 -2 -2 -1 0 -2
-1.03875877139985 1.83403747187425 -2.00432097466475 1.35030774433374 -0.138246235918014 1 2 2 1 1 0 0 2 0 0 1 1 2 1 1 2 2 2 2 2 1 0 1 1 0 0 0 0 0 1 0 2 0 0 0 0 2 1 1 1 2 1 1 0 1 0 1 1 1 2 0 2 2 2 1 0 2 1 1 0 1 2 1 1 2 2 0 2 0 2 0 0 1 0 2 2 0 0 1 1 1 0 0 2 0 1 0 0 1 0 0 0 0 0 0 1 2 2 0 0 1 2 2 1 1 0 0 2 0 0 1 1 2 1 1 2 2 2 2 2 1 0 1 1 0 0 0 0 0 1 0 2 0 0 0 0 2 1 1 1 2 1 1 0 1 0 1 1 1 2 0 2 2 2 1 0 2 1 1 0 1 2 1 1 2 2 0 2 0 2 0 0 1 0 2 2 0 0 1 1 1 0 0 2 0 1 0 0 1 0 0 0 0 0 0 1 2 2 0 0 1
0.463332347185236 0.435192606851875 0.536026398702567 -1.51192954576175 1.09322535860609 1 2 2 0 2 0 1 2 0 1 2 2 1 2 1 1 2 1 2 0 0 0 0 0 0 2 0 0 0 1 1 2 1 0 0 1 2 1 0 0 2 1 1 1 1 1 1 2 2 1 1 2 2 1 0 0 1 1 2 1 1 2 1 1 2 2 0 2 0 2 0 0 2 0 2 0 0 1 1 0 0 1 2 2 2 2 2 1 0 1 0 0 0 0 0 2 2 1 1 0 2 2 2 0 2 0 1 2 0 1 2 2 1 2 1 1 2 1 2 0 0 0 0 0 0 2 0 0 0 1 1 2 1 0 0 1 2 1 0 0 2 1 1 1 1 1 1 2 2 1 1 2 2 1 0 0 1 1 2 1 1 2 1 1 2 2 0 2 0 2 0 0 2 0 2 0 0 1 1 0 0 1 2 2 2 2 2 1 0 1 0 0 0 0 0 2 2 1 1 0 2
0.00918604376087871 0.408321254530872 -0.394513377205656 -0.17263831930553 -0.696584545427541 -1 2 2 0 1 0 1 2 2 1 2 1 1 2 1 2 2 2 1 0 1 1 1 0 0 2 0 1 1 2 2 2 0 1 0 0 1 1 0 0 2 2 2 1 2 1 2 2 2 2 0 1 2 1 0 1 2 0 0 0 1 2 1 1 2 1 0 2 0 2 0 1 2 1 2 0 0 0 1 1 0 1 1 2 0 1 2 2 0 2 0 1 0 0 0 2 1 0 0 0 2 -2 -2 0 -1 0 -1 -2 -2 -1 -2 -1 -1 -2 -1 -2 -2 -2 -1 0 -1 -1 -1 0 0 -2 0 -1 -1 -2 -2 -2 0 -1 0 0 -1 -1 0 0 -2 -2 -2 -1 -2 -1 -2 -2 -2 -2 0 -1 -2 -1 0 -1 -2 0 0 0 -1 -2 -1 -1 -2 -1 0 -2 0 -2 0 -1 -2 -1 -2 0 0 0 -1 -1 0 -1 -1 -2 0 -1 -2 -2 0 -2 0 -1 0 0 0 -2 -1 0 0 0 -2
-0.684085153723119 -1.71719441517045 0.0215060653906214 0.291775847772142 1.38033123261636 -1 0 2 0 1 0 0 2 1 0 1 2 2 2 1 2 2 2 2 0 1 1 1 1 0 2 0 1 1 1 0 2 1 0 0 1 1 1 0 0 2 0 1 0 0 0 0 0 1 0 0 2 2 2 2 1 2 0 0 0 1 2 0 0 1 1 0 2 0 2 0 0 2 1 2 1 0 0 0 0 0 0 0 1 0 0 1 1 2 0 0 0 0 1 0 1 2 2 2 1 2 0 -2 0 -1 0 0 -2 -1 0 -1 -2 -2 -2 -1 -2 -2 -2 -2 0 -1 -1 -1 -1 0 -2 0 -1 -1 -1 0 -2 -1 0 0 -1 -1 -1 0 0 -2 0 -1 0 0 0 0 0 -1 0 0 -2 -2 -2 -2 -1 -2 0 0 0 -1 -2 0 0 -1 -1 0 -2 0 -2 0 0 -2 -1 -2 -1 0 0 0 0 0 0 0 -1 0 0 -1 -1 -2 0 0 0 0 -1 0 -1 -2 -2 -2 -1 -2
0.76797482036098 0.128272699545195 -1.18396524609189 0.181786336326581 1.06104435541436 1 1 2 0 1 0 0 2 0 0 1 2 1 1 2 2 1 2 2 1 1 0 0 1 0 0 0 0 2 1 1 2 0 2 1 0 1 1 1 0 2 0 2 2 1 1 2 1 2 2 1 2 2 2 1 1 2 0 0 0 2 2 0 0 0 2 0 2 0 2 0 0 2 2 2 2 0 0 0 1 1 1 1 1 0 1 0 2 1 1 0 0 1 2 1 1 2 2 1 1 2 1 2 0 1 0 0 2 0 0 1 2 1 1 2 2 1 2 2 1 1 0 0 1 0 0 0 0 2 1 1 2 0 2 1 0 1 1 1 0 2 0 2 2 1 1 2 1 2 2 1 2 2 2 1 1 2 0 0 0 2 2 0 0 0 2 0 2 0 2 0 0 2 2 2 2 0 0 0 1 1 1 1 1 0 1 0 2 1 1 0 0 1 2 1 1 2 2 1 1 2
1.5922537451625 -1.30850635431801 1.54903043088981 0.933315292698951 -1.19616048157437 1 2 2 1 1 0 0 2 0 0 2 2 0 2 2 1 1 2 1 0 1 0 0 0 0 0 0 1 2 1 0 2 1 0 1 0 1 0 0 0 2 1 2 1 1 0 1 1 2 2 0 2 2 1 1 2 2 0 0 0 2 2 0 0 0 0 0 1 0 2 1 0 2 2 2 2 0 1 1 1 0 0 0 2 0 0 1 2 1 1 0 0 0 0 0 1 2 2 1 0 2 2 2 1 1 0 0 2 0 0 2 2 0 2 2 1 1 2 1 0 1 0 0 0 0 0 0 1 2 1 0 2 1 0 1 0 1 0 0 0 2 1 2 1 1 0 1 1 2 2 0 2 2 1 1 2 2 0 0 0 2 2 0 0 0 0 0 1 0 2 1 0 2 2 2 2 0 1 1 1 0 0 0 2 0 0 1 2 1 1 0 0 0 0 0 1 2 2 1 0 2
2.80041540554985 -2.1220430068011 2.29830756747246 0.495011631010303 1.14526859155852 -1 1 2 0 1 0 0 2 0 0 0 1 1 2 1 2 1 1 1 1 1 1 1 0 0 0 0 0 0 0 0 1 1 1 0 1 2 1 0 1 2 0 1 1 1 0 1 1 2 1 0 2 2 1 0 1 1 0 0 0 0 1 0 0 2 1 0 2 0 2 0 1 2 2 2 2 0 0 0 1 0 1 1 1 0 0 1 1 0 0 0 0 0 0 0 1 2 2 0 0 2 -1 -2 0 -1 0 0 -2 0 0 0 -1 -1 -2 -1 -2 -1 -1 -1 -1 -1 -1 -1 0 0 0 0 0 0 0 0 -1 -1 -1 0 -1 -2 -1 0 -1 -2 0 -1 -1 -1 0 -1 -1 -2 -1 0 -2 -2 -1 0 -1 -1 0 0 0 0 -1 0 0 -2 -1 0 -2 0 -2 0 -1 -2 -2 -2 -2 0 0 0 -1 0 -1 -1 -1 0 0 -1 -1 0 0 0 0 0 0 0 -1 -2 -2 0 0 -2
-2.53476024588545 -0.810553370679131 -1.55671820986928 1.96507932365193 0.580611664999805 -1 2 2 0 1 0 0 2 0 0 0 1 2 2 0 1 2 1 2 1 0 0 1 1 0 1 0 0 1 0 0 1 0 1 0 0 1 0 1 0 2 0 1 0 1 0 0 1 1 2 0 2 1 0 1 0 0 0 0 0 1 2 1 0 1 1 0 2 0 2 0 0 2 1 2 1 0 0 0 0 0 0 0 2 0 0 1 1 0 2 0 0 0 0 1 2 2 2 2 0 2 -2 -2 0 -1 0 0 -2 0 0 0 -1 -2 -2 0 -1 -2 -1 -2 -1 0 0 -1 -1 0 -1 0 0 -1 0 0 -1 0 -1 0 0 -1 0 -1 0 -2 0 -1 0 -1 0 0 -1 -1 -2 0 -2 -1 0 -1 0 0 0 0 0 -1 -2 -1 0 -1 -1 0 -2 0 -2 0 0 -2 -1 -2 -1 0 0 0 0 0 0 0 -2 0 0 -1 -1 0 -2 0 0 0 0 -1 -2 -2 -2 -2 0 -2
-0.0687053209957282 1.55359622957165 -0.0252668360623912 0.600374271822265 0.781629023195897 1 2 2 0 1 0 0 2 0 0 2 1 1 1 1 1 2 1 2 1 1 1 2 1 0 1 0 1 2 2 1 2 1 1 1 0 2 1 0 0 2 0 1 1 1 0 1 0 1 2 1 2 2 2 1 2 2 1 0 1 1 2 0 0 0 0 0 2 0 2 0 0 2 2 2 2 0 0 1 0 0 1 1 2 0 0 1 1 0 1 0 0 0 0 0 1 2 2 1 0 2 2 2 0 1 0 0 2 0 0 2 1 1 1 1 1 2 1 2 1 1 1 2 1 0 1 0 1 2 2 1 2 1 1 1 0 2 1 0 0 2 0 1 1 1 0 1 0 1 2 1 2 2 2 1 2 2 1 0 1 1 2 0 0 0 0 0 2 0 2 0 0 2 2 2 2 0 0 1 0 0 1 1 2 0 0 1 1 0 1 0 0 0 0 0 1 2 2 1 0 2
-0.989096563882418 1.44457985570735 0.254696115585425 1.87961555905561 -0.0297838948224482 -1 2 2 1 1 0 0 2 0 0 2 1 1 2 1 1 1 1 1 0 1 0 2 0 0 0 0 0 1 1 0 0 0 1 0 0 2 1 0 0 2 0 1 0 2 1 1 1 1 2 1 2 2 2 1 1 0 1 0 1 1 2 0 0 1 1 0 2 0 2 0 0 2 1 2 2 0 0 0 1 2 0 1 2 0 0 2 2 1 2 0 0 0 0 0 2 2 2 0 0 2 -2 -2 -1 -1 0 0 -2 0 0 -2 -1 -1 -2 -1 -1 -1 -1 -1 0 -1 0 -2 0 0 0 0 0 -1 -1 0 0 0 -1 0 0 -2 -1 0 0 -2 0 -1 0 -2 -1 -1 -1 -1 -2 -1 -2 -2 -2 -1 -1 0 -1 0 -1 -1 -2 0 0 -1 -1 0 -2 0 -2 0 0 -2 -1 -2 -2 0 0 0 -1 -2 0 -1 -2 0 0 -2 -2 -1 -2 0 0 0 0 0 -2 -2 -2 0 0 -2
-0.676150308403384 0.618514855779177 0.431990584171089 0.162039049718842 1.41581278811236 -1 0 1 1 2 0 0 2 0 0 1 0 1 2 1 1 2 2 1 0 0 0 1 0 0 1 0 0 0 1 0 2 1 1 0 0 0 1 0 0 2 1 1 0 0 0 0 0 1 1 0 2 1 2 1 1 2 0 0 0 1 2 0 0 2 1 0 2 0 2 0 0 2 2 2 1 0 0 1 0 0 0 0 1 0 0 1 2 1 2 0 0 0 0 1 2 2 1 0 1 2 0 -1 -1 -2 0 0 -2 0 0 -1 0 -1 -2 -1 -1 -2 -2 -1 0 0 0 -1 0 0 -1 0 0 0 -1 0 -2 -1 -1 0 0 0 -1 0 0 -2 -1 -1 0 0 0 0 0 -1 -1 0 -2 -1 -2 -1 -1 -2 0 0 0 -1 -2 0 0 -2 -1 0 -2 0 -2 0 0 -2 -2 -2 -1 0 0 -1 0 0 0 0 -1 0 0 -1 -2 -1 -2 0 0 0 0 -1 -2 -2 -1 0 -1 -2
-0.27629230801655 1.74476962272434 0.451979040469041 -0.833885906929585 0.731798410108985 -1 1 2 1 1 0 0 2 0 0 1 1 1 2 1 1 1 2 1 0 1 0 0 1 0 1 0 0 0 2 1 2 0 1 1 0 2 2 0 0 2 0 1 0 1 0 1 2 2 2 0 2 2 2 1 1 1 0 0 0 1 2 1 0 2 2 0 2 0 2 0 0 2 1 2 1 0 0 0 0 0 1 0 2 1 1 1 2 0 2 0 1 0 1 0 2 2 2 0 1 2 -1 -2 -1 -1 0 0 -2 0 0 -1 -1 -1 -2 -1 -1 -1 -2 -1 0 -1 0 0 -1 0 -1 0 0 0 -2 -1 -2 0 -1 -1 0 -2 -2 0 0 -2 0 -1 0 -1 0 -1 -2 -2 -2 0 -2 -2 -2 -1 -1 -1 0 0 0 -1 -2 -1 0 -2 -2 0 -2 0 -2 0 0 -2 -1 -2 -1 0 0 0 0 0 -1 0 -2 -1 -1 -1 -2 0 -2 0 -1 0 -1 0 -2 -2 -2 0 -1 -2
0.21438509601503 -0.0769917587699956 1.00505437181875 0.0520849472140727 -0.379333204290183 1 2 2 0 1 0 0 2 0 0 1 2 2 2 1 1 2 1 1 0 0 1 1 0 0 1 0 1 1 2 2 2 1 2 0 0 1 1 0 0 2 1 1 0 1 0 2 2 2 2 1 2 1 1 0 0 0 0 0 0 1 2 1 0 2 2 0 2 1 2 0 0 2 1 2 2 0 0 0 1 0 1 1 2 0 0 1 2 0 0 0 0 0 0 0 2 2 2 0 1 2 2 2 0 1 0 0 2 0 0 1 2 2 2 1 1 2 1 1 0 0 1 1 0 0 1 0 1 1 2 2 2 1 2 0 0 1 1 0 0 2 1 1 0 1 0 2 2 2 2 1 2 1 1 0 0 0 0 0 0 1 2 1 0 2 2 0 2 1 2 0 0 2 1 2 2 0 0 0 1 0 1 1 2 0 0 1 2 0 0 0 0 0 0 0 2 2 2 0 1 2
0.511664159044333 0.681510265147653 -0.389919887663066 -0.98572397824034 0.278913415780954 1 1 2 1 0 0 0 2 0 0 0 1 1 1 0 1 2 2 1 0 0 0 2 2 1 1 1 1 1 1 1 2 1 1 0 0 1 0 0 0 2 0 1 1 0 0 1 1 2 2 1 2 2 2 1 1 0 0 0 0 2 2 0 0 2 2 0 2 0 2 1 0 2 1 2 1 0 1 1 0 1 0 0 2 0 0 1 2 0 2 1 2 1 2 0 2 2 2 1 1 2 1 2 1 0 0 0 2 0 0 0 1 1 1 0 1 2 2 1 0 0 0 2 2 1 1 1 1 1 1 1 2 1 1 0 0 1 0 0 0 2 0 1 1 0 0 1 1 2 2 1 2 2 2 1 1 0 0 0 0 2 2 0 0 2 2 0 2 0 2 1 0 2 1 2 1 0 1 1 0 1 0 0 2 0 0 1 2 0 2 1 2 1 2 0 2 2 2 1 1 2
0.769164472511359 -1.20637720461427 2.33976574677509 -2.65906066067689 -2.97740063476524 -1 1 2 0 1 0 0 2 0 1 1 1 1 2 1 0 0 0 2 1 0 0 0 1 0 2 0 2 2 2 1 2 1 1 1 0 2 2 0 0 2 1 0 0 0 0 1 1 0 1 0 0 2 1 0 1 2 1 0 1 2 2 0 0 1 2 0 1 0 2 0 0 2 2 2 1 0 0 1 1 1 1 1 2 0 0 2 2 1 1 0 2 0 1 1 2 2 2 1 0 2 -1 -2 0 -1 0 0 -2 0 -1 -1 -1 -1 -2 -1 0 0 0 -2 -1 0 0 0 -1 0 -2 0 -2 -2 -2 -1 -2 -1 -1 -1 0 -2 -2 0 0 -2 -1 0 0 0 0 -1 -1 0 -1 0 0 -2 -1 0 -1 -2 -1 0 -1 -2 -2 0 0 -1 -2 0 -1 0 -2 0 0 -2 -2 -2 -1 0 0 -1 -1 -1 -1 -1 -2 0 0 -2 -2 -1 -1 0 -2 0 -1 -1 -2 -2 -2 -1 0 -2
