0.310807185080858 -1.24552706979551 0.717434541248018 1.19504166686492 0.0384826790368773 -1 2 1 0 0 2 0 0 1 2 0 2 1 0 0 0 2 2 1 2 1 0 0 0 1 0 0 0 0 2 2 2 0 2 2 2 2 2 0 0 1 0 1 2 0 2 0 2 2 1 2 2 2 0 0 1 0 0 0 2 0 0 0 0 0 0 2 2 1 0 0 1 0 1 2 1 2 0 2 1 2 1 1 1 2 2 2 2 2 2 2 0 0 1 2 0 0 0 2 2 0 -2 -1 0 0 -2 0 0 -1 -2 0 -2 -1 0 0 0 -2 -2 -1 -2 -1 0 0 0 -1 0 0 0 0 -2 -2 -2 0 -2 -2 -2 -2 -2 0 0 -1 0 -1 -2 0 -2 0 -2 -2 -1 -2 -2 -2 0 0 -1 0 0 0 -2 0 0 0 0 0 0 -2 -2 -1 0 0 -1 0 -1 -2 -1 -2 0 -2 -1 -2 -1 -1 -1 -2 -2 -2 -2 -2 -2 -2 0 0 -1 -2 0 0 0 -2 -2 0
0.048611718430058 -0.439966705534801 -0.814149599920885 -0.301642794994089 0.304830912436474 1 2 1 1 1 1 1 1 2 2 1 2 2 1 1 0 1 1 1 2 2 0 0 0 1 1 1 0 0 2 2 2 0 2 1 1 2 1 0 1 1 1 1 2 1 1 0 2 2 2 1 1 1 0 1 1 2 1 1 2 1 1 2 0 1 0 2 2 2 0 2 2 1 2 2 1 1 0 1 1 2 1 1 0 2 2 2 1 1 2 2 0 0 1 0 0 1 0 1 2 1 2 1 1 1 1 1 1 2 2 1 2 2 1 1 0 1 1 1 2 2 0 0 0 1 1 1 0 0 2 2 2 0 2 1 1 2 1 0 1 1 1 1 2 1 1 0 2 2 2 1 1 1 0 1 1 2 1 1 2 1 1 2 0 1 0 2 2 2 0 2 2 1 2 2 1 1 0 1 1 2 1 1 0 2 2 2 1 1 2 2 0 0 1 0 0 1 0 1 2 1
-0.29190668006589 -0.286650868258004 1.12536086302548 -0.407316109115544 0.249378889215079 1 1 2 0 0 1 2 0 0 2 2 1 0 0 0 0 1 2 1 1 2 2 1 1 0 0 0 0 0 1 2 2 0 1 2 1 1 1 0 1 1 1 0 2 0 2 0 1 2 1 1 0 2 0 1 1 1 1 0 1 0 0 0 0 0 0 0 1 1 0 0 1 0 1 2 2 2 0 2 2 2 1 0 0 0 1 1 2 1 1 2 0 1 1 1 0 0 1 1 2 0 1 2 0 0 1 2 0 0 2 2 1 0 0 0 0 1 2 1 1 2 2 1 1 0 0 0 0 0 1 2 2 0 1 2 1 1 1 0 1 1 1 0 2 0 2 0 1 2 1 1 0 2 0 1 1 1 1 0 1 0 0 0 0 0 0 0 1 1 0 0 1 0 1 2 2 2 0 2 2 2 1 0 0 0 1 1 2 1 1 2 0 1 1 1 0 0 1 1 2 0
0.95856943597557 2.47966908312324 0.223683611979942 0.923421578117208 -0.926169384259704 1 1 2 0 0 0 0 0 0 2 2 1 2 0 0 0 0 2 0 1 1 0 1 1 1 1 0 1 0 2 2 1 0 0 1 0 1 2 0 0 1 1 0 2 0 0 0 1 2 1 1 1 0 0 0 1 1 0 0 1 0 0 1 0 0 0 0 1 2 1 1 2 1 1 2 1 1 0 1 0 2 1 1 0 0 2 2 2 2 0 2 2 0 1 1 1 1 0 2 2 0 1 2 0 0 0 0 0 0 2 2 1 2 0 0 0 0 2 0 1 1 0 1 1 1 1 0 1 0 2 2 1 0 0 1 0 1 2 0 0 1 1 0 2 0 0 0 1 2 1 1 1 0 0 0 1 1 0 0 1 0 0 1 0 0 0 0 1 2 1 1 2 1 1 2 1 1 0 1 0 2 1 1 0 0 2 2 2 2 0 2 2 0 1 1 1 1 0 2 2 0
1.12570402745783 1.33422285489392 -0.489911622464509 0.186945679921639 0.806898139075638 -1 1 1 0 2 2 0 0 0 2 2 1 2 0 1 1 1 0 0 1 1 0 0 0 1 0 0 1 0 2 1 1 1 2 2 1 1 0 0 0 0 1 2 2 0 2 0 1 2 1 0 0 0 0 0 0 1 0 2 2 2 1 0 0 1 1 2 2 1 1 0 2 1 2 2 2 2 0 2 1 2 0 0 1 1 2 2 1 2 2 2 1 0 2 0 0 0 1 2 2 0 -1 -1 0 -2 -2 0 0 0 -2 -2 -1 -2 0 -1 -1 -1 0 0 -1 -1 0 0 0 -1 0 0 -1 0 -2 -1 -1 -1 -2 -2 -1 -1 0 0 0 0 -1 -2 -2 0 -2 0 -1 -2 -1 0 0 0 0 0 0 -1 0 -2 -2 -2 -1 0 0 -1 -1 -2 -2 -1 -1 0 -2 -1 -2 -2 -2 -2 0 -2 -1 -2 0 0 -1 -1 -2 -2 -1 -2 -2 -2 -1 0 -2 0 0 0 -1 -2 -2 0
0.750377141646934 0.672248194498906 0.855968075632665 0.0189447557080146 -0.653357787070068 -1 2 2 0 1 0 1 1 1 2 2 1 2 0 1 0 1 1 0 1 1 1 0 0 0 0 0 0 0 2 2 2 0 2 0 0 1 2 0 1 2 1 1 2 0 2 0 1 2 0 0 0 0 0 1 1 0 0 0 2 1 0 1 0 1 1 1 1 1 0 1 1 1 1 2 0 1 0 0 0 0 1 1 0 0 2 2 2 2 1 0 0 0 2 2 1 1 0 1 1 1 -2 -2 0 -1 0 -1 -1 -1 -2 -2 -1 -2 0 -1 0 -1 -1 0 -1 -1 -1 0 0 0 0 0 0 0 -2 -2 -2 0 -2 0 0 -1 -2 0 -1 -2 -1 -1 -2 0 -2 0 -1 -2 0 0 0 0 0 -1 -1 0 0 0 -2 -1 0 -1 0 -1 -1 -1 -1 -1 0 -1 -1 -1 -1 -2 0 -1 0 0 0 0 -1 -1 0 0 -2 -2 -2 -2 -1 0 0 0 -2 -2 -1 -1 0 -1 -1 -1
1.35085739262798 -0.226347473303091 0.860530718798462 2.20571775362917 -0.548049221243002 -1 1 2 2 1 2 0 0 1 2 2 1 1 0 2 0 1 1 0 2 2 2 0 0 1 0 0 0 0 2 2 1 0 2 2 2 1 2 0 1 2 1 1 2 0 2 0 1 2 2 2 1 2 1 2 1 0 1 1 2 0 0 0 0 1 1 1 1 1 0 0 2 2 2 2 0 1 0 1 1 2 1 1 0 0 2 2 1 0 1 2 0 2 2 1 1 1 0 2 2 0 -1 -2 -2 -1 -2 0 0 -1 -2 -2 -1 -1 0 -2 0 -1 -1 0 -2 -2 -2 0 0 -1 0 0 0 0 -2 -2 -1 0 -2 -2 -2 -1 -2 0 -1 -2 -1 -1 -2 0 -2 0 -1 -2 -2 -2 -1 -2 -1 -2 -1 0 -1 -1 -2 0 0 0 0 -1 -1 -1 -1 -1 0 0 -2 -2 -2 -2 0 -1 0 -1 -1 -2 -1 -1 0 0 -2 -2 -1 0 -1 -2 0 -2 -2 -1 -1 -1 0 -2 -2 0
-0.0637979592661381 -1.3337128651916 -1.69441665517015 -0.693610138214824 -0.0102809370651773 -1 2 2 0 1 2 2 1 0 2 2 2 2 0 0 1 0 0 0 1 2 2 1 0 1 0 0 0 0 1 1 2 0 2 2 1 2 1 0 0 2 0 1 2 0 2 0 0 2 0 1 1 1 0 0 0 2 2 1 1 1 1 1 0 1 0 0 2 1 1 0 1 0 1 2 2 2 0 2 2 1 0 1 1 1 2 1 2 1 0 0 0 1 1 1 1 1 1 2 2 1 -2 -2 0 -1 -2 -2 -1 0 -2 -2 -2 -2 0 0 -1 0 0 0 -1 -2 -2 -1 0 -1 0 0 0 0 -1 -1 -2 0 -2 -2 -1 -2 -1 0 0 -2 0 -1 -2 0 -2 0 0 -2 0 -1 -1 -1 0 0 0 -2 -2 -1 -1 -1 -1 -1 0 -1 0 0 -2 -1 -1 0 -1 0 -1 -2 -2 -2 0 -2 -2 -1 0 -1 -1 -1 -2 -1 -2 -1 0 0 0 -1 -1 -1 -1 -1 -1 -2 -2 -1
-0.889111490464915 0.614785595001364 0.222771611475852 0.933680195728299 0.656114491141361 -1 1 1 0 0 1 0 0 0 2 2 1 2 0 1 0 2 2 0 1 2 2 1 0 1 1 1 1 0 2 2 2 1 2 2 2 2 2 0 0 1 2 1 2 0 2 0 2 2 1 1 0 0 0 0 1 2 1 0 2 0 0 0 0 0 1 1 1 2 1 1 2 0 2 2 1 2 0 1 0 2 0 0 0 1 2 2 2 0 0 1 0 1 2 0 0 0 0 2 2 1 -1 -1 0 0 -1 0 0 0 -2 -2 -1 -2 0 -1 0 -2 -2 0 -1 -2 -2 -1 0 -1 -1 -1 -1 0 -2 -2 -2 -1 -2 -2 -2 -2 -2 0 0 -1 -2 -1 -2 0 -2 0 -2 -2 -1 -1 0 0 0 0 -1 -2 -1 0 -2 0 0 0 0 0 -1 -1 -1 -2 -1 -1 -2 0 -2 -2 -1 -2 0 -1 0 -2 0 0 0 -1 -2 -2 -2 0 0 -1 0 -1 -2 0 0 0 0 -2 -2 -1
-0.596015599929446 -0.176516465629075 -0.163581052859774 0.87213708753606 0.0350171910750063 1 2 2 1 2 2 1 0 1 2 2 2 2 0 1 0 1 0 0 1 1 0 0 0 1 1 0 0 0 1 2 2 1 1 2 1 1 2 0 1 2 1 1 2 0 2 0 2 2 0 0 0 0 0 0 0 0 1 1 2 1 1 1 0 0 1 1 1 2 1 1 1 0 2 2 0 1 0 1 1 2 2 0 1 1 1 2 2 1 0 1 0 0 0 0 0 1 0 2 1 1 2 2 1 2 2 1 0 1 2 2 2 2 0 1 0 1 0 0 1 1 0 0 0 1 1 0 0 0 1 2 2 1 1 2 1 1 2 0 1 2 1 1 2 0 2 0 2 2 0 0 0 0 0 0 0 0 1 1 2 1 1 1 0 0 1 1 1 2 1 1 1 0 2 2 0 1 0 1 1 2 2 0 1 1 1 2 2 1 0 1 0 0 0 0 0 1 0 2 1 1
0.488525978741237 -0.379832895595739 -0.638860631300405 -1.30727404864777 0.266256422585222 1 1 1 0 0 0 0 0 0 2 1 1 2 1 1 2 0 0 0 2 2 1 0 1 1 1 1 1 0 2 2 2 1 2 1 1 2 1 0 0 2 0 0 2 0 1 0 2 2 1 1 0 1 1 1 0 2 2 0 1 0 0 0 0 0 1 1 2 1 1 0 2 0 1 2 1 2 1 2 1 1 0 0 0 0 2 1 2 2 2 1 0 1 1 1 0 0 1 2 2 0 1 1 0 0 0 0 0 0 2 1 1 2 1 1 2 0 0 0 2 2 1 0 1 1 1 1 1 0 2 2 2 1 2 1 1 2 1 0 0 2 0 0 2 0 1 0 2 2 1 1 0 1 1 1 0 2 2 0 1 0 0 0 0 0 1 1 2 1 1 0 2 0 1 2 1 2 1 2 1 1 0 0 0 0 2 1 2 2 2 1 0 1 1 1 0 0 1 2 2 0
0.920983238308602 0.419919864475239 0.696959602379632 -0.250387881452311 -1.42187547106273 -1 2 2 1 1 1 1 0 1 1 1 2 2 0 1 0 1 1 0 0 1 0 0 0 1 1 0 1 0 2 1 1 0 2 1 0 2 1 0 0 1 0 0 2 0 2 0 0 2 2 2 0 0 0 0 1 0 0 0 2 1 1 1 0 2 2 1 2 2 2 1 1 1 2 2 0 1 0 1 0 1 0 0 0 0 1 1 1 2 1 2 0 0 2 1 0 1 0 2 2 1 -2 -2 -1 -1 -1 -1 0 -1 -1 -1 -2 -2 0 -1 0 -1 -1 0 0 -1 0 0 0 -1 -1 0 -1 0 -2 -1 -1 0 -2 -1 0 -2 -1 0 0 -1 0 0 -2 0 -2 0 0 -2 -2 -2 0 0 0 0 -1 0 0 0 -2 -1 -1 -1 0 -2 -2 -1 -2 -2 -2 -1 -1 -1 -2 -2 0 -1 0 -1 0 -1 0 0 0 0 -1 -1 -1 -2 -1 -2 0 0 -2 -1 0 -1 0 -2 -2 -1
-0.762567984489298 0.705874585960708 -1.40974587852757 -0.981557779046343 1.49188329451478 -1 1 2 1 2 1 2 1 0 2 2 2 2 1 1 0 2 2 1 2 2 1 1 1 1 0 0 0 0 2 2 1 0 1 1 1 2 1 0 2 2 2 1 2 0 2 0 0 2 0 1 0 0 0 0 1 0 0 1 1 0 0 1 0 0 0 1 2 2 1 2 2 0 2 2 1 1 0 1 2 2 2 0 0 0 2 2 2 2 1 2 2 1 1 1 0 0 1 2 1 0 -1 -2 -1 -2 -1 -2 -1 0 -2 -2 -2 -2 -1 -1 0 -2 -2 -1 -2 -2 -1 -1 -1 -1 0 0 0 0 -2 -2 -1 0 -1 -1 -1 -2 -1 0 -2 -2 -2 -1 -2 0 -2 0 0 -2 0 -1 0 0 0 0 -1 0 0 -1 -1 0 0 -1 0 0 0 -1 -2 -2 -1 -2 -2 0 -2 -2 -1 -1 0 -1 -2 -2 -2 0 0 0 -2 -2 -2 -2 -1 -2 -2 -1 -1 -1 0 0 -1 -2 -1 0
-0.592078381860126 1.24700543260705 0.93188645931726 -0.490544457709424 -0.677739743363798 1 2 2 1 1 0 1 0 0 1 0 2 1 0 1 0 2 2 1 1 1 2 0 0 1 0 0 1 0 2 2 2 0 0 2 2 2 2 0 1 2 1 2 2 0 1 0 2 2 0 1 1 0 1 1 2 2 1 1 2 1 0 1 0 1 1 2 2 2 2 1 2 1 2 2 1 2 0 2 2 2 2 1 0 1 2 2 1 0 1 1 0 1 1 2 1 0 0 2 2 1 2 2 1 1 0 1 0 0 1 0 2 1 0 1 0 2 2 1 1 1 2 0 0 1 0 0 1 0 2 2 2 0 0 2 2 2 2 0 1 2 1 2 2 0 1 0 2 2 0 1 1 0 1 1 2 2 1 1 2 1 0 1 0 1 1 2 2 2 2 1 2 1 2 2 1 2 0 2 2 2 2 1 0 1 2 2 1 0 1 1 0 1 1 2 1 0 0 2 2 1
1.56701133811308 -0.976901775961449 -1.35920733313032 2.11811146216036 -1.87487007194771 -1 1 2 1 2 2 1 1 1 2 1 2 1 0 1 1 1 0 0 1 1 1 0 0 2 1 1 0 0 1 0 0 0 1 2 2 1 1 0 0 2 1 2 2 0 2 0 0 2 0 0 1 0 0 0 1 0 0 0 2 1 0 1 0 1 1 1 2 2 0 0 1 1 2 2 1 2 0 2 1 2 0 0 2 2 2 2 2 1 1 2 0 0 2 1 0 0 0 1 1 0 -1 -2 -1 -2 -2 -1 -1 -1 -2 -1 -2 -1 0 -1 -1 -1 0 0 -1 -1 -1 0 0 -2 -1 -1 0 0 -1 0 0 0 -1 -2 -2 -1 -1 0 0 -2 -1 -2 -2 0 -2 0 0 -2 0 0 -1 0 0 0 -1 0 0 0 -2 -1 0 -1 0 -1 -1 -1 -2 -2 0 0 -1 -1 -2 -2 -1 -2 0 -2 -1 -2 0 0 -2 -2 -2 -2 -2 -1 -1 -2 0 0 -2 -1 0 0 0 -1 -1 0
0.416440583264355 -0.727958044936097 0.230425378634533 0.754152832721396 1.32042200529588 -1 2 2 1 2 2 1 0 0 2 1 1 1 0 2 0 1 1 1 2 1 1 0 0 0 0 0 0 0 2 1 1 0 2 1 1 2 2 0 1 2 2 1 2 0 1 0 0 2 2 2 2 0 0 1 1 1 1 0 1 0 0 0 0 0 0 0 2 1 0 0 2 1 1 2 0 2 0 2 1 2 0 1 2 2 2 2 2 2 1 1 1 2 2 2 1 0 0 2 2 1 -2 -2 -1 -2 -2 -1 0 0 -2 -1 -1 -1 0 -2 0 -1 -1 -1 -2 -1 -1 0 0 0 0 0 0 0 -2 -1 -1 0 -2 -1 -1 -2 -2 0 -1 -2 -2 -1 -2 0 -1 0 0 -2 -2 -2 -2 0 0 -1 -1 -1 -1 0 -1 0 0 0 0 0 0 0 -2 -1 0 0 -2 -1 -1 -2 0 -2 0 -2 -1 -2 0 -1 -2 -2 -2 -2 -2 -2 -1 -1 -1 -2 -2 -2 -1 0 0 -2 -2 -1
0.681817934396769 0.683433595929887 -0.0554910170327615 -0.500617846667269 -0.852133954016941 1 2 2 1 0 1 0 0 0 1 2 2 2 0 1 0 1 1 0 1 2 1 0 0 2 1 1 0 0 2 2 2 1 1 1 1 1 1 0 2 2 0 2 2 0 2 0 1 2 0 1 0 1 1 0 1 0 1 0 2 1 0 0 0 1 0 0 1 0 1 1 1 1 2 2 1 2 0 2 2 2 1 0 0 1 2 2 1 1 1 2 1 0 1 1 0 1 0 2 1 0 2 2 1 0 1 0 0 0 1 2 2 2 0 1 0 1 1 0 1 2 1 0 0 2 1 1 0 0 2 2 2 1 1 1 1 1 1 0 2 2 0 2 2 0 2 0 1 2 0 1 0 1 1 0 1 0 1 0 2 1 0 0 0 1 0 0 1 0 1 1 1 1 2 2 1 2 0 2 2 2 1 0 0 1 2 2 1 1 1 2 1 0 1 1 0 1 0 2 1 0
-1.32309737006534 0.919790348776263 0.307860696810164 -0.0964511427460817 -0.690755517875331 -1 2 2 1 0 0 0 0 0 2 2 2 2 0 1 1 1 0 0 2 1 0 0 0 1 1 0 0 0 2 1 1 1 2 1 2 2 1 0 0 2 1 2 2 1 2 0 2 2 1 2 2 1 1 1 0 0 0 1 2 1 0 0 0 1 1 2 2 2 0 0 1 0 1 2 1 2 1 2 1 2 1 1 0 0 1 2 2 1 0 2 0 0 2 1 1 0 1 2 2 1 -2 -2 -1 0 0 0 0 0 -2 -2 -2 -2 0 -1 -1 -1 0 0 -2 -1 0 0 0 -1 -1 0 0 0 -2 -1 -1 -1 -2 -1 -2 -2 -1 0 0 -2 -1 -2 -2 -1 -2 0 -2 -2 -1 -2 -2 -1 -1 -1 0 0 0 -1 -2 -1 0 0 0 -1 -1 -2 -2 -2 0 0 -1 0 -1 -2 -1 -2 -1 -2 -1 -2 -1 -1 0 0 -1 -2 -2 -1 0 -2 0 0 -2 -1 -1 0 -1 -2 -2 -1
-0.594953715728948 0.0950413320208243 0.78523435933595 0.0879876338207136 -2.30779211207628 1 2 2 0 1 0 0 0 1 2 2 1 1 0 0 0 0 1 0 2 2 1 0 0 0 0 1 1 0 2 2 2 0 1 2 1 1 1 0 2 2 1 1 2 0 2 0 1 2 0 0 0 0 0 1 0 0 0 0 2 1 0 0 0 2 0 0 1 1 1 1 2 1 2 2 1 1 0 2 1 1 2 1 1 1 2 2 1 1 0 2 0 1 1 0 0 1 0 1 1 0 2 2 0 1 0 0 0 1 2 2 1 1 0 0 0 0 1 0 2 2 1 0 0 0 0 1 1 0 2 2 2 0 1 2 1 1 1 0 2 2 1 1 2 0 2 0 1 2 0 0 0 0 0 1 0 0 0 0 2 1 0 0 0 2 0 0 1 1 1 1 2 1 2 2 1 1 0 2 1 1 2 1 1 1 2 2 1 1 0 2 0 1 1 0 0 1 0 1 1 0
-0.1935645303953 -1.28416156413594 -0.925498824939783 -1.90231424671552 0.48816057030667 -1 2 2 2 0 1 0 0 0 2 2 0 1 0 1 1 2 1 0 1 1 1 0 0 0 0 0 0 0 1 1 1 0 2 1 1 1 2 0 1 1 0 0 2 1 2 1 2 2 1 0 1 0 2 1 1 2 1 1 2 2 0 0 0 2 0 2 2 2 2 0 1 1 1 2 2 1 0 2 2 2 1 0 1 1 2 2 2 1 2 1 0 0 1 1 0 0 0 1 2 2 -2 -2 -2 0 -1 0 0 0 -2 -2 0 -1 0 -1 -1 -2 -1 0 -1 -1 -1 0 0 0 0 0 0 0 -1 -1 -1 0 -2 -1 -1 -1 -2 0 -1 -1 0 0 -2 -1 -2 -1 -2 -2 -1 0 -1 0 -2 -1 -1 -2 -1 -1 -2 -2 0 0 0 -2 0 -2 -2 -2 -2 0 -1 -1 -1 -2 -2 -1 0 -2 -2 -2 -1 0 -1 -1 -2 -2 -2 -1 -2 -1 0 0 -1 -1 0 0 0 -1 -2 -2
-1.48446060212747 -0.0491246169174782 0.912167952038674 -2.18469174356777 -0.422397221515776 -1 1 1 0 0 0 1 1 2 2 2 2 2 1 2 1 2 2 0 0 1 2 0 0 2 2 2 1 0 2 2 1 1 2 1 1 1 2 0 0 2 2 0 2 0 1 0 1 2 1 1 1 0 1 1 1 0 0 0 2 0 0 1 0 1 1 2 2 2 1 1 2 0 2 2 1 1 0 2 1 2 1 0 0 0 1 2 2 1 1 2 0 0 2 1 0 0 0 1 1 1 -1 -1 0 0 0 -1 -1 -2 -2 -2 -2 -2 -1 -2 -1 -2 -2 0 0 -1 -2 0 0 -2 -2 -2 -1 0 -2 -2 -1 -1 -2 -1 -1 -1 -2 0 0 -2 -2 0 -2 0 -1 0 -1 -2 -1 -1 -1 0 -1 -1 -1 0 0 0 -2 0 0 -1 0 -1 -1 -2 -2 -2 -1 -1 -2 0 -2 -2 -1 -1 0 -2 -1 -2 -1 0 0 0 -1 -2 -2 -1 -1 -2 0 0 -2 -1 0 0 0 -1 -1 -1
0.395134417739078 -0.056442449815749 -1.3865371475576 2.35965372215178 1.00000572242047 -1 2 2 2 1 2 1 1 1 2 2 2 1 0 1 0 1 1 0 2 2 2 0 0 0 0 0 0 0 2 1 0 0 0 1 2 2 2 0 0 2 0 1 2 0 0 0 0 2 1 1 0 0 0 0 1 0 0 1 2 1 1 1 0 1 1 1 2 2 2 0 2 1 2 2 1 2 0 1 2 2 1 0 0 0 1 2 0 1 2 2 1 1 2 2 0 0 0 2 2 2 -2 -2 -2 -1 -2 -1 -1 -1 -2 -2 -2 -1 0 -1 0 -1 -1 0 -2 -2 -2 0 0 0 0 0 0 0 -2 -1 0 0 0 -1 -2 -2 -2 0 0 -2 0 -1 -2 0 0 0 0 -2 -1 -1 0 0 0 0 -1 0 0 -1 -2 -1 -1 -1 0 -1 -1 -1 -2 -2 -2 0 -2 -1 -2 -2 -1 -2 0 -1 -2 -2 -1 0 0 0 -1 -2 0 -1 -2 -2 -1 -1 -2 -2 0 0 0 -2 -2 -2
-0.822276097403929 0.185587879665605 -1.55152228212639 0.271975446243393 -0.309606413580436 1 1 2 2 2 1 1 0 2 2 2 2 2 0 1 0 2 2 1 2 2 2 1 1 1 1 0 0 0 2 2 2 1 2 2 2 2 2 0 0 2 0 0 2 0 1 0 2 2 0 1 1 0 0 0 1 1 1 1 2 1 0 0 0 2 2 2 2 2 1 1 2 1 2 2 2 1 0 2 1 2 2 1 1 2 2 1 1 0 0 1 0 1 1 0 0 0 0 2 2 0 1 2 2 2 1 1 0 2 2 2 2 2 0 1 0 2 2 1 2 2 2 1 1 1 1 0 0 0 2 2 2 1 2 2 2 2 2 0 0 2 0 0 2 0 1 0 2 2 0 1 1 0 0 0 1 1 1 1 2 1 0 0 0 2 2 2 2 2 1 1 2 1 2 2 2 1 0 2 1 2 2 1 1 2 2 1 1 0 0 1 0 1 1 0 0 0 0 2 2 0
-0.808500319630394 -0.0951954132959714 1.15124428155351 -0.907407677171081 -0.772676421310066 1 2 2 1 0 1 0 0 0 1 2 2 2 0 1 0 1 1 0 2 2 1 0 0 0 0 0 1 0 2 2 2 1 2 2 1 1 2 0 0 2 1 1 2 0 2 1 2 2 2 1 1 1 0 2 0 1 0 1 2 0 0 1 0 1 0 0 2 1 0 1 1 0 2 2 2 1 0 2 2 2 0 0 0 0 1 2 2 0 0 1 0 1 2 1 0 0 0 2 2 0 2 2 1 0 1 0 0 0 1 2 2 2 0 1 0 1 1 0 2 2 1 0 0 0 0 0 1 0 2 2 2 1 2 2 1 1 2 0 0 2 1 1 2 0 2 1 2 2 2 1 1 1 0 2 0 1 0 1 2 0 0 1 0 1 0 0 2 1 0 1 1 0 2 2 2 1 0 2 2 2 0 0 0 0 1 2 2 0 0 1 0 1 2 1 0 0 0 2 2 0
0.743619208383324 -2.24368382378397 -0.644761131405217 0.221216466249571 1.0860450631602 -1 0 2 1 2 1 1 0 0 2 1 2 2 1 1 1 1 1 0 0 1 1 0 1 1 0 0 0 0 1 2 2 1 2 2 2 2 2 0 1 2 0 1 2 0 1 0 0 2 0 0 0 0 0 0 1 1 1 1 2 1 1 1 0 0 0 0 1 1 1 1 2 1 2 2 1 2 0 2 1 2 1 0 0 0 2 2 1 0 0 0 0 1 2 2 0 0 0 1 1 1 0 -2 -1 -2 -1 -1 0 0 -2 -1 -2 -2 -1 -1 -1 -1 -1 0 0 -1 -1 0 -1 -1 0 0 0 0 -1 -2 -2 -1 -2 -2 -2 -2 -2 0 -1 -2 0 -1 -2 0 -1 0 0 -2 0 0 0 0 0 0 -1 -1 -1 -1 -2 -1 -1 -1 0 0 0 0 -1 -1 -1 -1 -2 -1 -2 -2 -1 -2 0 -2 -1 -2 -1 0 0 0 -2 -2 -1 0 0 0 0 -1 -2 -2 0 0 0 -1 -1 -1
-1.20022515131972 1.45026331277365 -0.888263008833308 -2.05645967703332 -1.88513563552304 1 0 2 0 1 1 1 0 0 2 1 1 1 0 1 0 2 2 0 2 2 1 0 0 1 1 0 0 0 2 2 2 0 1 1 2 2 2 0 0 2 1 0 2 0 2 0 1 2 2 1 0 0 0 0 0 1 0 1 2 2 1 1 0 0 1 1 2 2 2 2 2 1 2 2 1 2 0 2 0 2 2 2 1 1 2 2 1 0 1 1 0 1 2 1 1 0 0 2 2 1 0 2 0 1 1 1 0 0 2 1 1 1 0 1 0 2 2 0 2 2 1 0 0 1 1 0 0 0 2 2 2 0 1 1 2 2 2 0 0 2 1 0 2 0 2 0 1 2 2 1 0 0 0 0 0 1 0 1 2 2 1 1 0 0 1 1 2 2 2 2 2 1 2 2 1 2 0 2 0 2 2 2 1 1 2 2 1 0 1 1 0 1 2 1 1 0 0 2 2 1
0.684284574479779 0.206461267510129 0.677594034558723 1.09630337256985 -1.487497785693 1 2 2 1 2 2 0 0 0 2 1 1 0 0 0 0 0 0 0 1 1 2 0 0 0 0 0 0 0 2 2 1 0 1 2 2 2 1 0 1 2 1 1 2 0 1 0 1 2 0 1 0 0 0 1 0 0 1 1 2 0 0 0 0 0 1 1 2 2 2 0 2 2 2 2 2 2 0 1 2 2 1 1 0 1 2 2 1 0 1 2 1 1 1 2 1 1 0 2 2 0 2 2 1 2 2 0 0 0 2 1 1 0 0 0 0 0 0 0 1 1 2 0 0 0 0 0 0 0 2 2 1 0 1 2 2 2 1 0 1 2 1 1 2 0 1 0 1 2 0 1 0 0 0 1 0 0 1 1 2 0 0 0 0 0 1 1 2 2 2 0 2 2 2 2 2 2 0 1 2 2 1 1 0 1 2 2 1 0 1 2 1 1 1 2 1 1 0 2 2 0
1.13854909840691 1.61863027768361 -0.0582176541107376 1.26614159019813 -0.794641398136229 1 2 2 0 1 1 1 1 1 2 1 2 2 0 0 1 1 1 0 2 2 0 0 0 2 1 0 0 0 2 2 2 2 2 2 2 2 2 0 1 2 2 2 2 1 2 0 2 2 1 2 1 2 0 0 1 1 0 2 2 1 0 1 1 2 2 2 2 2 2 2 2 1 2 2 1 1 0 2 1 1 1 0 0 0 2 2 1 2 0 1 0 1 2 1 0 0 1 2 1 0 2 2 0 1 1 1 1 1 2 1 2 2 0 0 1 1 1 0 2 2 0 0 0 2 1 0 0 0 2 2 2 2 2 2 2 2 2 0 1 2 2 2 2 1 2 0 2 2 1 2 1 2 0 0 1 1 0 2 2 1 0 1 1 2 2 2 2 2 2 2 2 1 2 2 1 1 0 2 1 1 1 0 0 0 2 2 1 2 0 1 0 1 2 1 0 0 1 2 1 0
0.536340365871945 0.348135297812022 0.594989344433805 -0.0754726812288878 -0.74054002132682 -1 2 2 0 1 2 2 1 0 2 1 0 1 1 0 0 2 2 2 2 2 2 2 1 0 0 0 1 0 2 2 2 0 2 2 2 2 0 0 0 1 0 0 2 0 1 0 0 2 0 2 1 0 0 0 2 2 1 1 2 2 0 1 0 2 2 2 2 1 0 2 2 2 2 2 1 1 0 1 2 2 1 0 0 0 2 1 1 2 1 2 0 1 1 0 0 0 0 2 2 1 -2 -2 0 -1 -2 -2 -1 0 -2 -1 0 -1 -1 0 0 -2 -2 -2 -2 -2 -2 -2 -1 0 0 0 -1 0 -2 -2 -2 0 -2 -2 -2 -2 0 0 0 -1 0 0 -2 0 -1 0 0 -2 0 -2 -1 0 0 0 -2 -2 -1 -1 -2 -2 0 -1 0 -2 -2 -2 -2 -1 0 -2 -2 -2 -2 -2 -1 -1 0 -1 -2 -2 -1 0 0 0 -2 -1 -1 -2 -1 -2 0 -1 -1 0 0 0 0 -2 -2 -1
1.52439432091628 -0.212022861191848 -0.514112339562912 -1.08726677091068 -0.773432407496076 1 1 1 0 0 0 0 0 1 2 2 1 1 1 1 0 2 1 0 1 2 1 0 0 0 0 0 0 0 2 0 0 0 0 0 1 1 2 0 0 1 1 1 2 0 2 0 2 2 1 2 2 1 0 1 2 1 0 1 2 1 1 1 0 1 2 1 2 1 0 0 1 0 2 2 1 2 0 2 0 1 0 0 1 1 2 2 1 1 1 2 0 1 1 0 0 0 0 2 2 0 1 1 0 0 0 0 0 1 2 2 1 1 1 1 0 2 1 0 1 2 1 0 0 0 0 0 0 0 2 0 0 0 0 0 1 1 2 0 0 1 1 1 2 0 2 0 2 2 1 2 2 1 0 1 2 1 0 1 2 1 1 1 0 1 2 1 2 1 0 0 1 0 2 2 1 2 0 2 0 1 0 0 1 1 2 2 1 1 1 2 0 1 1 0 0 0 0 2 2 0
-0.966842514610148 0.519449787555471 -0.436959549165715 -0.750195772866694 -0.520792102049729 -1 2 2 1 1 2 0 0 0 2 2 2 2 0 2 0 0 1 1 2 2 1 0 1 1 1 2 0 0 2 2 2 1 2 2 2 2 2 0 1 2 2 2 2 0 2 0 2 2 0 1 0 0 0 0 0 1 1 0 2 1 1 1 0 0 0 0 2 1 1 1 1 1 2 2 2 2 0 2 2 2 0 0 0 0 2 2 1 0 0 1 0 2 2 2 1 1 0 1 1 0 -2 -2 -1 -1 -2 0 0 0 -2 -2 -2 -2 0 -2 0 0 -1 -1 -2 -2 -1 0 -1 -1 -1 -2 0 0 -2 -2 -2 -1 -2 -2 -2 -2 -2 0 -1 -2 -2 -2 -2 0 -2 0 -2 -2 0 -1 0 0 0 0 0 -1 -1 0 -2 -1 -1 -1 0 0 0 0 -2 -1 -1 -1 -1 -1 -2 -2 -2 -2 0 -2 -2 -2 0 0 0 0 -2 -2 -1 0 0 -1 0 -2 -2 -2 -1 -1 0 -1 -1 0
-0.567979914415173 -1.23790024169986 -0.152585644199214 0.300466162924748 -0.0521130015494198 1 1 1 1 1 2 1 1 2 2 1 1 2 0 1 1 2 2 1 1 1 1 0 1 0 0 0 0 0 2 1 1 1 2 2 2 1 1 0 0 2 2 1 2 1 2 0 1 2 1 0 0 0 0 0 0 0 0 0 1 1 0 0 0 0 0 0 1 1 1 0 2 0 0 2 1 1 0 1 2 2 1 0 0 0 2 2 1 2 2 1 1 0 1 0 0 1 0 2 2 1 1 1 1 1 2 1 1 2 2 1 1 2 0 1 1 2 2 1 1 1 1 0 1 0 0 0 0 0 2 1 1 1 2 2 2 1 1 0 0 2 2 1 2 1 2 0 1 2 1 0 0 0 0 0 0 0 0 0 1 1 0 0 0 0 0 0 1 1 1 0 2 0 0 2 1 1 0 1 2 2 1 0 0 0 2 2 1 2 2 1 1 0 1 0 0 1 0 2 2 1
0.0578067056071426 -1.18691746601433 1.11252401435721 1.23943829190671 -0.364761868935049 -1 0 1 0 1 2 1 1 1 2 2 2 2 1 1 0 2 2 1 2 2 1 0 0 2 1 0 0 0 2 2 2 1 2 2 2 2 2 1 2 2 1 0 2 0 2 0 1 2 0 2 1 0 0 0 0 0 1 2 2 2 2 0 0 1 1 1 2 0 0 1 2 0 1 2 0 0 0 2 1 1 1 1 0 0 2 2 2 1 1 2 1 1 2 1 1 1 0 2 2 0 0 -1 0 -1 -2 -1 -1 -1 -2 -2 -2 -2 -1 -1 0 -2 -2 -1 -2 -2 -1 0 0 -2 -1 0 0 0 -2 -2 -2 -1 -2 -2 -2 -2 -2 -1 -2 -2 -1 0 -2 0 -2 0 -1 -2 0 -2 -1 0 0 0 0 0 -1 -2 -2 -2 -2 0 0 -1 -1 -1 -2 0 0 -1 -2 0 -1 -2 0 0 0 -2 -1 -1 -1 -1 0 0 -2 -2 -2 -1 -1 -2 -1 -1 -2 -1 -1 -1 0 -2 -2 0
0.970091288689903 0.0360616751266701 -0.0719960017160633 -0.258737988772195 0.952614016604928 -1 2 2 0 1 2 1 0 2 2 1 1 2 0 0 0 2 2 2 2 2 1 0 0 1 0 0 0 0 2 2 2 0 1 2 2 2 2 0 1 2 1 2 2 0 1 0 0 2 1 2 1 1 1 1 0 0 1 0 2 1 0 1 0 1 1 2 2 2 1 0 2 0 2 2 2 2 0 1 0 1 0 0 0 1 2 2 2 2 0 2 0 1 1 1 0 0 1 2 1 0 -2 -2 0 -1 -2 -1 0 -2 -2 -1 -1 -2 0 0 0 -2 -2 -2 -2 -2 -1 0 0 -1 0 0 0 0 -2 -2 -2 0 -1 -2 -2 -2 -2 0 -1 -2 -1 -2 -2 0 -1 0 0 -2 -1 -2 -1 -1 -1 -1 0 0 -1 0 -2 -1 0 -1 0 -1 -1 -2 -2 -2 -1 0 -2 0 -2 -2 -2 -2 0 -1 0 -1 0 0 0 -1 -2 -2 -2 -2 0 -2 0 -1 -1 -1 0 0 -1 -2 -1 0
0.706258230804079 -2.41004179318005 -0.047229613116151 -1.03847517233165 0.505342686913653 1 2 2 1 1 1 1 0 1 2 1 2 2 0 0 0 1 2 1 2 2 2 1 1 1 1 0 0 0 2 1 0 1 2 1 1 1 2 0 1 2 1 1 2 0 0 0 0 2 0 1 0 0 0 0 1 1 0 0 2 0 0 0 0 1 1 0 1 1 1 1 2 0 1 2 0 1 0 1 1 1 1 1 1 1 2 2 1 1 2 0 0 1 2 1 0 0 0 2 2 1 2 2 1 1 1 1 0 1 2 1 2 2 0 0 0 1 2 1 2 2 2 1 1 1 1 0 0 0 2 1 0 1 2 1 1 1 2 0 1 2 1 1 2 0 0 0 0 2 0 1 0 0 0 0 1 1 0 0 2 0 0 0 0 1 1 0 1 1 1 1 2 0 1 2 0 1 0 1 1 1 1 1 1 1 2 2 1 1 2 0 0 1 2 1 0 0 0 2 2 1
1.0741788187116 -0.116152659731787 1.16401881952932 0.418592205999967 0.279258113524898 1 2 2 2 2 2 0 0 1 1 1 1 1 0 0 0 2 1 1 2 1 1 0 0 0 0 0 0 0 2 1 2 0 2 1 2 2 2 0 1 2 1 1 2 0 1 0 1 2 0 0 1 0 1 1 1 1 0 0 2 1 0 1 0 2 1 1 2 2 1 2 2 0 1 2 0 2 0 2 0 1 0 0 1 0 2 2 2 2 1 1 0 0 0 1 1 0 0 1 1 0 2 2 2 2 2 0 0 1 1 1 1 1 0 0 0 2 1 1 2 1 1 0 0 0 0 0 0 0 2 1 2 0 2 1 2 2 2 0 1 2 1 1 2 0 1 0 1 2 0 0 1 0 1 1 1 1 0 0 2 1 0 1 0 2 1 1 2 2 1 2 2 0 1 2 0 2 0 2 0 1 0 0 1 0 2 2 2 2 1 1 0 0 0 1 1 0 0 1 1 0
-1.82768619652117 0.188777250035319 0.774410036815073 -1.4253689967383 -0.208222293048053 -1 2 2 1 1 2 1 0 1 2 2 2 2 1 0 1 1 2 0 1 2 1 0 0 1 1 1 0 0 2 2 2 1 1 2 2 1 1 1 1 1 0 0 2 0 2 0 2 2 1 1 1 0 0 0 0 0 0 2 2 1 0 0 0 0 1 2 1 2 2 2 2 0 1 2 2 1 0 2 2 2 0 0 0 0 2 2 1 1 0 2 0 0 1 0 0 0 0 1 2 1 -2 -2 -1 -1 -2 -1 0 -1 -2 -2 -2 -2 -1 0 -1 -1 -2 0 -1 -2 -1 0 0 -1 -1 -1 0 0 -2 -2 -2 -1 -1 -2 -2 -1 -1 -1 -1 -1 0 0 -2 0 -2 0 -2 -2 -1 -1 -1 0 0 0 0 0 0 -2 -2 -1 0 0 0 0 -1 -2 -1 -2 -2 -2 -2 0 -1 -2 -2 -1 0 -2 -2 -2 0 0 0 0 -2 -2 -1 -1 0 -2 0 0 -1 0 0 0 0 -1 -2 -1
-0.19649819622911 1.28714389783954 1.53565630164677 -0.80116666290282 0.403651535467907 -1 2 2 0 1 0 0 1 2 2 1 1 2 0 0 0 2 2 0 1 1 1 1 1 1 0 0 0 0 1 1 2 2 2 1 2 2 2 1 2 2 2 2 2 1 2 0 1 2 1 0 0 0 2 2 2 2 1 0 2 0 0 1 0 1 2 2 2 2 1 0 2 2 2 2 2 2 1 2 1 1 0 0 0 0 1 1 0 1 1 1 0 0 0 0 0 0 0 1 2 1 -2 -2 0 -1 0 0 -1 -2 -2 -1 -1 -2 0 0 0 -2 -2 0 -1 -1 -1 -1 -1 -1 0 0 0 0 -1 -1 -2 -2 -2 -1 -2 -2 -2 -1 -2 -2 -2 -2 -2 -1 -2 0 -1 -2 -1 0 0 0 -2 -2 -2 -2 -1 0 -2 0 0 -1 0 -1 -2 -2 -2 -2 -1 0 -2 -2 -2 -2 -2 -2 -1 -2 -1 -1 0 0 0 0 -1 -1 0 -1 -1 -1 0 0 0 0 0 0 0 -1 -2 -1
1.83196365423365 0.735320593150049 0.191493453022566 -0.199275292511328 -1.12528386527067 -1 2 2 1 2 2 0 0 0 1 2 2 2 1 1 0 2 1 0 0 1 1 0 0 2 1 0 0 0 2 2 2 0 0 2 1 1 0 0 0 2 1 1 2 0 1 0 0 1 1 2 0 1 1 0 0 1 1 1 2 1 0 0 0 1 1 1 2 1 0 0 1 0 2 2 1 1 0 1 1 2 1 0 1 1 2 2 1 0 0 2 1 1 1 1 0 0 0 2 1 0 -2 -2 -1 -2 -2 0 0 0 -1 -2 -2 -2 -1 -1 0 -2 -1 0 0 -1 -1 0 0 -2 -1 0 0 0 -2 -2 -2 0 0 -2 -1 -1 0 0 0 -2 -1 -1 -2 0 -1 0 0 -1 -1 -2 0 -1 -1 0 0 -1 -1 -1 -2 -1 0 0 0 -1 -1 -1 -2 -1 0 0 -1 0 -2 -2 -1 -1 0 -1 -1 -2 -1 0 -1 -1 -2 -2 -1 0 0 -2 -1 -1 -1 -1 0 0 0 -2 -1 0
-1.01880746457825 -0.956915024810555 1.27852802577784 -0.529896392791507 -2.39164096458114 -1 2 2 0 0 1 1 1 1 2 2 2 1 0 1 0 1 1 1 2 1 0 0 0 0 1 0 1 1 2 2 1 0 2 2 2 2 2 1 1 2 1 1 2 0 2 0 0 2 1 1 1 0 0 1 1 2 2 0 2 1 1 0 0 1 1 1 2 2 1 1 2 0 1 2 0 1 0 2 1 2 2 2 1 1 2 2 1 1 1 0 0 0 0 1 0 0 0 1 2 1 -2 -2 0 0 -1 -1 -1 -1 -2 -2 -2 -1 0 -1 0 -1 -1 -1 -2 -1 0 0 0 0 -1 0 -1 -1 -2 -2 -1 0 -2 -2 -2 -2 -2 -1 -1 -2 -1 -1 -2 0 -2 0 0 -2 -1 -1 -1 0 0 -1 -1 -2 -2 0 -2 -1 -1 0 0 -1 -1 -1 -2 -2 -1 -1 -2 0 -1 -2 0 -1 0 -2 -1 -2 -2 -2 -1 -1 -2 -2 -1 -1 -1 0 0 0 0 -1 0 0 0 -1 -2 -1
-0.33107895927348 -0.00612673559605697 0.232389901161184 0.93055999913525 -0.0338951777096201 1 2 2 2 1 0 0 0 1 2 1 1 2 2 1 0 0 1 1 1 2 1 0 1 1 1 0 1 0 2 1 2 0 1 2 2 1 2 0 2 2 2 2 2 0 2 0 1 2 1 1 1 0 0 0 1 1 1 1 2 0 0 0 0 1 1 0 2 2 1 1 2 1 2 2 1 1 0 1 1 1 1 0 0 1 2 2 1 1 1 2 1 2 1 1 0 0 0 2 2 1 2 2 2 1 0 0 0 1 2 1 1 2 2 1 0 0 1 1 1 2 1 0 1 1 1 0 1 0 2 1 2 0 1 2 2 1 2 0 2 2 2 2 2 0 2 0 1 2 1 1 1 0 0 0 1 1 1 1 2 0 0 0 0 1 1 0 2 2 1 1 2 1 2 2 1 1 0 1 1 1 1 0 0 1 2 2 1 1 1 2 1 2 1 1 0 0 0 2 2 1
-1.15162750825133 -0.394513909521699 -0.277786349090115 0.0104356694193115 -0.385909279418909 1 2 2 1 2 2 0 0 0 2 2 2 1 0 1 0 1 1 1 1 2 0 0 1 0 0 0 0 0 2 1 2 1 1 2 2 2 1 0 0 2 1 1 2 1 2 0 1 2 1 0 0 1 1 1 2 2 2 2 2 2 1 1 0 0 1 1 2 2 1 0 2 1 1 2 0 2 1 2 2 1 0 1 1 2 2 2 0 2 1 0 1 1 1 1 1 0 1 2 2 1 2 2 1 2 2 0 0 0 2 2 2 1 0 1 0 1 1 1 1 2 0 0 1 0 0 0 0 0 2 1 2 1 1 2 2 2 1 0 0 2 1 1 2 1 2 0 1 2 1 0 0 1 1 1 2 2 2 2 2 2 1 1 0 0 1 1 2 2 1 0 2 1 1 2 0 2 1 2 2 1 0 1 1 2 2 2 0 2 1 0 1 1 1 1 1 0 1 2 2 1
0.346608275836542 -0.60502645460813 -1.2581425481944 -1.15683224587158 -0.217835620864507 1 2 2 1 2 1 1 0 1 2 2 2 2 1 1 0 1 1 0 1 2 1 0 1 1 1 0 0 0 2 2 2 1 2 2 0 1 1 0 1 2 1 1 2 0 1 0 2 2 0 1 1 1 1 1 1 1 0 2 2 2 1 0 0 1 1 1 2 2 2 0 2 2 2 2 1 2 0 2 2 2 0 0 0 1 2 2 2 0 0 1 0 2 2 2 1 2 1 1 1 0 2 2 1 2 1 1 0 1 2 2 2 2 1 1 0 1 1 0 1 2 1 0 1 1 1 0 0 0 2 2 2 1 2 2 0 1 1 0 1 2 1 1 2 0 1 0 2 2 0 1 1 1 1 1 1 1 0 2 2 2 1 0 0 1 1 1 2 2 2 0 2 2 2 2 1 2 0 2 2 2 0 0 0 1 2 2 2 0 0 1 0 2 2 2 1 2 1 1 1 0
0.181846789745591 -0.575552518259539 -0.377157630208433 -0.958268362417079 0.232603513575273 1 2 2 0 2 2 1 0 2 2 2 2 2 0 1 0 2 1 1 1 2 1 1 1 1 1 1 1 0 1 1 1 0 0 1 1 2 2 0 1 2 0 1 2 0 2 0 1 2 0 0 0 0 0 1 1 1 0 0 2 0 0 0 0 0 2 1 2 1 1 1 2 1 2 2 1 1 1 2 2 2 2 1 2 1 2 2 0 0 1 1 0 1 1 1 0 0 0 2 1 0 2 2 0 2 2 1 0 2 2 2 2 2 0 1 0 2 1 1 1 2 1 1 1 1 1 1 1 0 1 1 1 0 0 1 1 2 2 0 1 2 0 1 2 0 2 0 1 2 0 0 0 0 0 1 1 1 0 0 2 0 0 0 0 0 2 1 2 1 1 1 2 1 2 2 1 1 1 2 2 2 2 1 2 1 2 2 0 0 1 1 0 1 1 1 0 0 0 2 1 0
-0.134710245367481 1.89015403086956 0.240817054546509 -0.816059471587264 -0.998498466169014 1 2 2 1 1 1 1 0 1 2 1 1 2 1 1 0 1 1 0 1 2 0 0 0 0 0 0 1 1 2 2 2 2 1 2 0 1 2 0 1 2 1 1 2 0 1 0 2 2 1 0 0 0 0 1 2 2 0 1 1 0 0 0 0 0 1 0 2 2 2 0 1 0 2 2 1 2 0 2 2 2 1 1 0 0 2 2 1 1 2 2 1 2 2 2 1 0 0 2 2 0 2 2 1 1 1 1 0 1 2 1 1 2 1 1 0 1 1 0 1 2 0 0 0 0 0 0 1 1 2 2 2 2 1 2 0 1 2 0 1 2 1 1 2 0 1 0 2 2 1 0 0 0 0 1 2 2 0 1 1 0 0 0 0 0 1 0 2 2 2 0 1 0 2 2 1 2 0 2 2 2 1 1 0 0 2 2 1 1 2 2 1 2 2 2 1 0 0 2 2 0
-1.2813445540816 1.44989584032583 -1.36231864870186 0.664465648199284 -1.07044222020477 1 2 2 2 2 2 2 1 0 2 2 2 2 1 1 0 1 0 1 2 2 1 1 1 0 0 0 0 0 2 2 2 0 2 2 2 2 1 0 1 1 2 1 2 1 1 0 2 2 0 1 0 1 0 0 0 0 1 1 2 1 0 0 0 0 1 0 2 2 1 0 1 0 1 1 0 2 0 2 0 2 0 1 1 1 2 2 2 1 0 1 0 0 1 1 0 0 0 1 1 1 2 2 2 2 2 2 1 0 2 2 2 2 1 1 0 1 0 1 2 2 1 1 1 0 0 0 0 0 2 2 2 0 2 2 2 2 1 0 1 1 2 1 2 1 1 0 2 2 0 1 0 1 0 0 0 0 1 1 2 1 0 0 0 0 1 0 2 2 1 0 1 0 1 1 0 2 0 2 0 2 0 1 1 1 2 2 2 1 0 1 0 0 1 1 0 0 0 1 1 1
-0.552915477134897 1.60358672482361 -0.618068004157315 0.660019588754573 -0.607132612775236 -1 1 2 1 1 1 1 0 1 2 2 2 2 1 2 0 2 1 0 1 2 1 1 1 1 1 1 0 0 2 1 2 2 2 2 2 2 2 0 1 2 2 1 2 0 2 0 1 2 1 1 0 0 0 0 0 0 0 1 2 1 1 2 1 2 2 1 2 2 1 1 1 0 2 2 0 2 1 2 0 1 0 0 0 0 1 2 1 1 0 0 0 1 1 1 0 0 0 2 1 0 -1 -2 -1 -1 -1 -1 0 -1 -2 -2 -2 -2 -1 -2 0 -2 -1 0 -1 -2 -1 -1 -1 -1 -1 -1 0 0 -2 -1 -2 -2 -2 -2 -2 -2 -2 0 -1 -2 -2 -1 -2 0 -2 0 -1 -2 -1 -1 0 0 0 0 0 0 0 -1 -2 -1 -1 -2 -1 -2 -2 -1 -2 -2 -1 -1 -1 0 -2 -2 0 -2 -1 -2 0 -1 0 0 0 0 -1 -2 -1 -1 0 0 0 -1 -1 -1 0 0 0 -2 -1 0
-0.434329786417228 -1.35065330006528 -0.543207082116017 -0.611600434396538 0.143275344425319 1 2 2 2 1 1 0 0 1 2 2 1 1 0 0 0 2 2 1 2 2 1 0 1 1 1 0 0 0 1 1 2 0 1 1 2 2 2 0 0 2 1 1 2 0 2 0 1 2 2 2 1 0 1 1 2 1 1 0 2 0 0 1 0 2 1 1 2 2 2 1 2 0 1 2 0 2 1 2 1 2 0 0 0 0 2 2 1 0 1 0 0 2 1 1 1 0 0 2 1 0 2 2 2 1 1 0 0 1 2 2 1 1 0 0 0 2 2 1 2 2 1 0 1 1 1 0 0 0 1 1 2 0 1 1 2 2 2 0 0 2 1 1 2 0 2 0 1 2 2 2 1 0 1 1 2 1 1 0 2 0 0 1 0 2 1 1 2 2 2 1 2 0 1 2 0 2 1 2 1 2 0 0 0 0 2 2 1 0 1 0 0 2 1 1 1 0 0 2 1 0
0.145336840087176 1.48052060344124 -0.108396961424307 -0.315733871879336 0.718129772502717 -1 2 2 2 2 2 1 1 2 2 2 2 2 1 1 0 1 1 1 2 2 1 1 0 0 0 0 0 0 2 2 2 0 0 2 1 2 2 0 1 2 1 1 2 0 1 0 2 2 0 1 1 1 1 1 1 1 1 1 2 1 0 0 0 2 1 1 2 2 1 0 1 0 2 2 1 2 0 2 2 2 1 0 0 1 2 2 2 1 0 0 0 1 1 1 0 0 0 1 2 1 -2 -2 -2 -2 -2 -1 -1 -2 -2 -2 -2 -2 -1 -1 0 -1 -1 -1 -2 -2 -1 -1 0 0 0 0 0 0 -2 -2 -2 0 0 -2 -1 -2 -2 0 -1 -2 -1 -1 -2 0 -1 0 -2 -2 0 -1 -1 -1 -1 -1 -1 -1 -1 -1 -2 -1 0 0 0 -2 -1 -1 -2 -2 -1 0 -1 0 -2 -2 -1 -2 0 -2 -2 -2 -1 0 0 -1 -2 -2 -2 -1 0 0 0 -1 -1 -1 0 0 0 -1 -2 -1
-0.701598067307886 -0.903961037347617 0.550014881522357 -0.111362476545388 0.613323602181147 -1 1 2 0 0 1 1 2 2 2 1 2 2 0 0 0 1 1 0 0 2 1 1 1 0 0 0 1 0 2 1 1 0 1 2 2 2 2 1 1 2 2 2 2 0 1 0 1 2 0 0 0 0 0 1 0 1 1 0 2 2 1 1 0 2 1 2 2 2 1 1 1 1 2 2 0 0 0 2 2 2 0 1 1 1 2 2 1 1 0 1 1 0 1 0 0 0 0 1 1 0 -1 -2 0 0 -1 -1 -2 -2 -2 -1 -2 -2 0 0 0 -1 -1 0 0 -2 -1 -1 -1 0 0 0 -1 0 -2 -1 -1 0 -1 -2 -2 -2 -2 -1 -1 -2 -2 -2 -2 0 -1 0 -1 -2 0 0 0 0 0 -1 0 -1 -1 0 -2 -2 -1 -1 0 -2 -1 -2 -2 -2 -1 -1 -1 -1 -2 -2 0 0 0 -2 -2 -2 0 -1 -1 -1 -2 -2 -1 -1 0 -1 -1 0 -1 0 0 0 0 -1 -1 0
-1.53821528170242 0.322152019762162 0.772329918364369 -1.06498322615239 2.64105913937474 1 1 2 0 1 1 1 0 0 2 1 2 1 0 0 0 2 1 1 2 2 1 0 1 0 0 0 0 0 2 2 2 0 2 1 1 2 2 0 1 2 1 1 2 0 2 0 2 2 1 1 0 0 0 0 0 1 2 1 2 1 0 0 0 1 0 0 2 2 1 1 1 0 2 2 1 2 0 2 1 1 0 0 1 1 2 2 2 2 1 1 1 2 2 1 1 1 0 2 1 0 1 2 0 1 1 1 0 0 2 1 2 1 0 0 0 2 1 1 2 2 1 0 1 0 0 0 0 0 2 2 2 0 2 1 1 2 2 0 1 2 1 1 2 0 2 0 2 2 1 1 0 0 0 0 0 1 2 1 2 1 0 0 0 1 0 0 2 2 1 1 1 0 2 2 1 2 0 2 1 1 0 0 1 1 2 2 2 2 1 1 1 2 2 1 1 1 0 2 1 0
1.41732709934774 -0.869390774129618 -0.514306747936637 1.03259476496041 1.05571878928785 1 1 2 0 1 0 2 0 0 2 1 1 0 0 0 0 2 0 2 2 1 1 1 1 0 0 0 0 0 2 2 1 0 1 2 1 2 2 0 0 2 1 2 2 0 2 0 2 2 2 2 0 1 2 2 1 2 2 0 2 1 0 0 0 1 2 1 1 1 1 1 2 1 2 2 1 2 0 2 1 2 2 2 0 0 1 2 2 1 1 2 1 1 1 2 0 0 0 2 2 0 1 2 0 1 0 2 0 0 2 1 1 0 0 0 0 2 0 2 2 1 1 1 1 0 0 0 0 0 2 2 1 0 1 2 1 2 2 0 0 2 1 2 2 0 2 0 2 2 2 2 0 1 2 2 1 2 2 0 2 1 0 0 0 1 2 1 1 1 1 1 2 1 2 2 1 2 0 2 1 2 2 2 0 0 1 2 2 1 1 2 1 1 1 2 0 0 0 2 2 0
0.502262991739196 -1.0557508344188 2.00162120608795 -0.69639267374341 1.00807245031689 -1 1 1 0 1 2 0 0 0 2 1 0 2 0 0 0 2 2 1 2 2 1 0 0 0 1 0 0 0 2 1 2 1 2 2 1 2 1 0 1 1 1 1 2 0 1 0 1 2 0 1 1 0 0 0 0 0 0 0 1 1 0 0 1 1 1 1 2 2 2 2 2 0 2 2 1 2 0 1 1 2 1 1 1 0 2 1 2 1 2 2 0 0 1 1 1 1 0 1 1 0 -1 -1 0 -1 -2 0 0 0 -2 -1 0 -2 0 0 0 -2 -2 -1 -2 -2 -1 0 0 0 -1 0 0 0 -2 -1 -2 -1 -2 -2 -1 -2 -1 0 -1 -1 -1 -1 -2 0 -1 0 -1 -2 0 -1 -1 0 0 0 0 0 0 0 -1 -1 0 0 -1 -1 -1 -1 -2 -2 -2 -2 -2 0 -2 -2 -1 -2 0 -1 -1 -2 -1 -1 -1 0 -2 -1 -2 -1 -2 -2 0 0 -1 -1 -1 -1 0 -1 -1 0
-1.31565704909229 0.606125355448236 0.525411996900386 -0.53199972440405 0.253837095790047 1 2 2 0 1 2 0 1 1 2 2 2 1 0 0 1 0 2 1 2 2 1 0 1 1 0 0 0 0 2 2 2 1 2 2 1 2 2 0 1 2 0 1 2 0 2 1 1 2 0 0 1 0 0 0 0 0 0 1 2 1 1 1 0 0 0 0 1 1 1 0 1 0 2 2 0 1 0 2 1 2 0 0 1 2 2 2 1 0 0 1 1 1 0 1 0 0 0 1 2 0 2 2 0 1 2 0 1 1 2 2 2 1 0 0 1 0 2 1 2 2 1 0 1 1 0 0 0 0 2 2 2 1 2 2 1 2 2 0 1 2 0 1 2 0 2 1 1 2 0 0 1 0 0 0 0 0 0 1 2 1 1 1 0 0 0 0 1 1 1 0 1 0 2 2 0 1 0 2 1 2 0 0 1 2 2 2 1 0 0 1 1 1 0 1 0 0 0 1 2 0
-1.82548763687347 0.339640918029478 -0.966353237961167 -0.210987091354973 -0.741133112939285 1 2 2 1 2 1 0 0 0 1 2 1 1 0 1 1 1 1 0 2 1 0 0 0 1 0 1 0 0 2 2 2 2 2 2 1 2 1 0 0 2 1 0 2 0 2 0 0 2 0 1 0 1 0 0 2 1 1 0 2 1 0 1 0 0 0 0 2 1 1 1 1 1 2 2 1 1 0 2 0 1 0 0 1 2 2 2 2 2 2 2 1 0 1 0 1 0 0 2 2 0 2 2 1 2 1 0 0 0 1 2 1 1 0 1 1 1 1 0 2 1 0 0 0 1 0 1 0 0 2 2 2 2 2 2 1 2 1 0 0 2 1 0 2 0 2 0 0 2 0 1 0 1 0 0 2 1 1 0 2 1 0 1 0 0 0 0 2 1 1 1 1 1 2 2 1 1 0 2 0 1 0 0 1 2 2 2 2 2 2 2 1 0 1 0 1 0 0 2 2 0
0.315415547385087 0.492251959308779 -0.911053209986208 0.860370924072562 0.147897910040556 1 2 2 1 1 1 1 0 0 2 2 2 2 0 0 0 2 1 0 2 1 1 0 0 1 0 0 0 0 2 1 1 0 1 2 0 1 1 0 1 2 1 0 2 0 1 0 0 1 1 2 0 0 0 0 1 0 1 0 2 0 0 0 0 1 0 1 1 2 1 0 1 0 2 2 1 2 0 1 2 1 1 0 0 0 2 2 2 1 0 2 0 1 1 1 1 1 0 2 2 1 2 2 1 1 1 1 0 0 2 2 2 2 0 0 0 2 1 0 2 1 1 0 0 1 0 0 0 0 2 1 1 0 1 2 0 1 1 0 1 2 1 0 2 0 1 0 0 1 1 2 0 0 0 0 1 0 1 0 2 0 0 0 0 1 0 1 1 2 1 0 1 0 2 2 1 2 0 1 2 1 1 0 0 0 2 2 2 1 0 2 0 1 1 1 1 1 0 2 2 1
-1.49728249201994 -0.330318652102305 -1.42898946628925 0.250264641369748 -0.33592356390151 1 2 2 0 0 1 1 0 0 2 1 1 0 0 0 0 1 1 1 2 2 1 1 1 0 0 0 0 0 2 1 1 0 0 0 0 0 2 0 0 2 1 1 2 0 2 0 1 2 0 1 0 0 0 0 1 0 0 0 2 0 0 0 0 0 0 0 1 1 0 0 0 0 1 1 0 1 0 1 1 2 1 0 0 1 2 2 2 2 1 1 0 1 2 2 0 1 0 2 2 0 2 2 0 0 1 1 0 0 2 1 1 0 0 0 0 1 1 1 2 2 1 1 1 0 0 0 0 0 2 1 1 0 0 0 0 0 2 0 0 2 1 1 2 0 2 0 1 2 0 1 0 0 0 0 1 0 0 0 2 0 0 0 0 0 0 0 1 1 0 0 0 0 1 1 0 1 0 1 1 2 1 0 0 1 2 2 2 2 1 1 0 1 2 2 0 1 0 2 2 0
-1.85833693645054 0.348695260718877 -0.819277089805509 -0.491940545676954 0.212604488783153 1 2 2 1 1 2 0 0 0 2 1 2 2 1 2 1 0 0 0 1 2 0 0 1 0 0 0 0 0 2 2 2 0 2 2 1 2 0 0 0 1 1 1 2 0 1 0 0 2 0 0 0 0 0 1 2 2 0 1 2 0 0 0 0 1 0 1 1 0 0 0 0 1 2 2 1 2 0 2 1 2 2 0 0 0 2 1 1 1 1 2 1 1 2 1 0 1 1 2 2 1 2 2 1 1 2 0 0 0 2 1 2 2 1 2 1 0 0 0 1 2 0 0 1 0 0 0 0 0 2 2 2 0 2 2 1 2 0 0 0 1 1 1 2 0 1 0 0 2 0 0 0 0 0 1 2 2 0 1 2 0 0 0 0 1 0 1 1 0 0 0 0 1 2 2 1 2 0 2 1 2 2 0 0 0 2 1 1 1 1 2 1 1 2 1 0 1 1 2 2 1
0.420808758196416 -1.88657807289702 0.980114066982904 -0.981792874719461 0.412931032646887 1 2 1 0 1 2 1 0 0 2 1 1 1 0 1 0 2 1 1 2 1 1 0 0 0 0 0 0 0 2 2 2 1 1 2 2 2 2 0 1 2 1 1 2 1 2 0 1 2 0 1 1 0 1 2 1 1 1 0 2 1 0 1 0 1 1 0 1 2 1 0 2 1 2 2 1 1 0 1 2 2 1 1 0 0 2 1 1 2 1 1 0 1 2 2 1 0 0 1 1 0 2 1 0 1 2 1 0 0 2 1 1 1 0 1 0 2 1 1 2 1 1 0 0 0 0 0 0 0 2 2 2 1 1 2 2 2 2 0 1 2 1 1 2 1 2 0 1 2 0 1 1 0 1 2 1 1 1 0 2 1 0 1 0 1 1 0 1 2 1 0 2 1 2 2 1 1 0 1 2 2 1 1 0 0 2 1 1 2 1 1 0 1 2 2 1 0 0 1 1 0
-0.744550012634163 -0.501708627465666 -1.469560085344 -1.03968416467108 -0.514409829033934 1 2 2 0 1 1 0 0 1 2 2 2 1 0 0 0 0 1 1 1 2 0 0 0 0 0 0 0 0 2 2 2 0 0 0 2 2 2 1 1 2 0 0 2 0 1 0 0 2 0 1 0 0 1 1 2 1 0 0 0 0 0 1 0 1 1 1 2 2 1 1 2 1 2 2 2 1 0 1 2 2 0 0 0 1 2 2 2 2 2 2 0 1 1 1 0 0 0 2 1 0 2 2 0 1 1 0 0 1 2 2 2 1 0 0 0 0 1 1 1 2 0 0 0 0 0 0 0 0 2 2 2 0 0 0 2 2 2 1 1 2 0 0 2 0 1 0 0 2 0 1 0 0 1 1 2 1 0 0 0 0 0 1 0 1 1 1 2 2 1 1 2 1 2 2 2 1 0 1 2 2 0 0 0 1 2 2 2 2 2 2 0 1 1 1 0 0 0 2 1 0
-0.13557859546728 1.4196901806929 0.0583923776417426 0.897432507312406 0.357639163926353 1 2 2 1 1 1 0 0 0 1 0 2 2 0 0 0 0 1 0 1 1 0 0 0 0 0 0 0 0 2 2 2 1 2 2 2 2 2 0 1 2 1 0 2 0 2 0 2 2 0 1 2 0 0 0 1 1 0 0 2 1 0 1 0 1 0 1 2 0 0 0 2 0 2 2 1 2 0 1 1 2 1 1 1 0 2 2 1 2 1 2 0 0 1 1 0 0 0 2 1 0 2 2 1 1 1 0 0 0 1 0 2 2 0 0 0 0 1 0 1 1 0 0 0 0 0 0 0 0 2 2 2 1 2 2 2 2 2 0 1 2 1 0 2 0 2 0 2 2 0 1 2 0 0 0 1 1 0 0 2 1 0 1 0 1 0 1 2 0 0 0 2 0 2 2 1 2 0 1 1 2 1 1 1 0 2 2 1 2 1 2 0 0 1 1 0 0 0 2 1 0
0.551979195950524 -0.828782944998713 1.15765779971158 -0.771531933443701 1.75103304920797 -1 1 2 1 0 1 0 1 0 2 2 2 2 1 2 1 0 0 0 1 1 0 0 0 1 0 0 0 0 2 1 2 1 1 2 2 2 1 0 0 1 0 0 2 0 1 0 1 2 0 1 0 0 0 1 1 0 2 1 2 0 0 0 0 2 1 0 2 0 1 0 1 0 2 2 1 1 0 1 1 2 0 0 1 2 2 2 2 2 1 1 0 1 2 2 1 1 1 2 1 0 -1 -2 -1 0 -1 0 -1 0 -2 -2 -2 -2 -1 -2 -1 0 0 0 -1 -1 0 0 0 -1 0 0 0 0 -2 -1 -2 -1 -1 -2 -2 -2 -1 0 0 -1 0 0 -2 0 -1 0 -1 -2 0 -1 0 0 0 -1 -1 0 -2 -1 -2 0 0 0 0 -2 -1 0 -2 0 -1 0 -1 0 -2 -2 -1 -1 0 -1 -1 -2 0 0 -1 -2 -2 -2 -2 -2 -1 -1 0 -1 -2 -2 -1 -1 -1 -2 -1 0
-2.69108434579764 -0.647250020412369 -0.258450924118857 0.859807711720029 0.171922734290979 -1 2 2 2 1 2 1 0 2 2 1 2 2 1 1 1 1 1 0 1 2 1 0 0 0 0 0 0 0 2 1 1 0 2 1 0 0 1 0 0 1 1 2 2 2 2 0 1 2 0 1 0 0 0 0 0 1 0 0 2 0 0 0 0 0 0 0 2 1 0 1 2 1 2 2 0 1 0 2 1 1 0 1 0 0 2 2 2 1 0 1 1 1 0 2 0 1 0 2 2 1 -2 -2 -2 -1 -2 -1 0 -2 -2 -1 -2 -2 -1 -1 -1 -1 -1 0 -1 -2 -1 0 0 0 0 0 0 0 -2 -1 -1 0 -2 -1 0 0 -1 0 0 -1 -1 -2 -2 -2 -2 0 -1 -2 0 -1 0 0 0 0 0 -1 0 0 -2 0 0 0 0 0 0 0 -2 -1 0 -1 -2 -1 -2 -2 0 -1 0 -2 -1 -1 0 -1 0 0 -2 -2 -2 -1 0 -1 -1 -1 0 -2 0 -1 0 -2 -2 -1
3.59153385984754 0.795689478010746 -0.208565471426041 1.95726681700052 -0.919873364720568 1 1 2 0 1 1 0 0 0 1 0 1 1 0 1 0 2 2 1 2 2 1 0 0 1 0 0 1 0 1 1 1 0 0 1 0 1 1 0 1 1 0 0 2 1 2 0 2 2 0 0 0 0 0 0 1 1 2 0 1 1 0 0 0 0 1 0 1 2 1 1 2 1 1 2 2 2 0 2 2 2 0 1 0 0 2 2 1 1 1 1 0 2 1 0 1 1 0 2 2 1 1 2 0 1 1 0 0 0 1 0 1 1 0 1 0 2 2 1 2 2 1 0 0 1 0 0 1 0 1 1 1 0 0 1 0 1 1 0 1 1 0 0 2 1 2 0 2 2 0 0 0 0 0 0 1 1 2 0 1 1 0 0 0 0 1 0 1 2 1 1 2 1 1 2 2 2 0 2 2 2 0 1 0 0 2 2 1 1 1 1 0 2 1 0 1 1 0 2 2 1
-0.582355417420086 -1.51585945297809 0.162228522722154 -0.276777953495838 -1.1291100887008 1 1 1 0 1 1 0 1 1 2 1 2 1 0 0 0 1 1 1 2 2 2 1 0 0 1 2 0 0 2 2 2 2 2 2 2 2 2 0 0 1 0 0 2 0 1 0 2 2 0 1 0 1 1 2 1 0 0 1 2 0 0 0 0 1 1 1 2 2 2 2 2 1 2 2 0 1 0 2 1 1 0 0 0 0 2 2 2 2 1 2 0 0 1 0 0 0 0 2 1 0 1 1 0 1 1 0 1 1 2 1 2 1 0 0 0 1 1 1 2 2 2 1 0 0 1 2 0 0 2 2 2 2 2 2 2 2 2 0 0 1 0 0 2 0 1 0 2 2 0 1 0 1 1 2 1 0 0 1 2 0 0 0 0 1 1 1 2 2 2 2 2 1 2 2 0 1 0 2 1 1 0 0 0 0 2 2 2 2 1 2 0 0 1 0 0 0 0 2 1 0
1.30530237976042 -0.606207390768772 -0.460719741036835 2.12968915840641 -0.128069645153726 -1 2 2 0 0 0 2 0 2 2 2 2 2 2 0 0 2 1 0 2 2 2 1 1 1 0 0 0 0 2 2 2 0 2 1 2 2 2 0 1 2 1 1 2 0 2 0 1 2 1 1 1 1 1 1 0 1 1 0 2 2 1 0 0 0 1 1 2 2 1 1 2 1 2 2 1 2 0 2 0 1 0 0 1 1 2 2 1 1 1 2 1 0 1 2 1 0 0 0 0 0 -2 -2 0 0 0 -2 0 -2 -2 -2 -2 -2 -2 0 0 -2 -1 0 -2 -2 -2 -1 -1 -1 0 0 0 0 -2 -2 -2 0 -2 -1 -2 -2 -2 0 -1 -2 -1 -1 -2 0 -2 0 -1 -2 -1 -1 -1 -1 -1 -1 0 -1 -1 0 -2 -2 -1 0 0 0 -1 -1 -2 -2 -1 -1 -2 -1 -2 -2 -1 -2 0 -2 0 -1 0 0 -1 -1 -2 -2 -1 -1 -1 -2 -1 0 -1 -2 -1 0 0 0 0 0
-0.17688101720977 -1.34726843882012 -0.77835229454065 1.04133521623606 0.176100697585032 -1 1 2 1 1 0 2 1 1 2 2 2 2 0 0 0 2 2 1 1 1 0 0 0 0 0 0 0 0 2 2 1 0 2 2 1 1 2 0 0 2 0 2 2 1 2 0 1 2 1 2 1 2 1 2 2 1 1 0 1 2 1 1 1 2 1 1 2 2 2 0 1 0 1 2 2 2 1 2 1 1 0 0 0 0 1 1 2 1 2 2 0 0 1 0 0 1 0 1 1 0 -1 -2 -1 -1 0 -2 -1 -1 -2 -2 -2 -2 0 0 0 -2 -2 -1 -1 -1 0 0 0 0 0 0 0 0 -2 -2 -1 0 -2 -2 -1 -1 -2 0 0 -2 0 -2 -2 -1 -2 0 -1 -2 -1 -2 -1 -2 -1 -2 -2 -1 -1 0 -1 -2 -1 -1 -1 -2 -1 -1 -2 -2 -2 0 -1 0 -1 -2 -2 -2 -1 -2 -1 -1 0 0 0 0 -1 -1 -2 -1 -2 -2 0 0 -1 0 0 -1 0 -1 -1 0
-1.1426608521861 -0.670459740449109 -1.49779674445608 -0.858377825512136 0.918902319221012 -1 1 2 1 1 2 1 1 2 2 1 2 1 1 2 0 2 2 1 2 2 2 1 1 1 1 0 0 0 2 2 2 2 2 2 2 2 2 0 0 2 2 1 2 0 2 0 0 2 0 0 1 1 1 0 0 1 1 1 2 0 0 0 0 2 1 1 2 2 1 1 2 1 2 2 0 1 0 2 1 2 1 1 0 1 2 2 1 0 0 1 0 0 0 1 1 0 0 2 1 0 -1 -2 -1 -1 -2 -1 -1 -2 -2 -1 -2 -1 -1 -2 0 -2 -2 -1 -2 -2 -2 -1 -1 -1 -1 0 0 0 -2 -2 -2 -2 -2 -2 -2 -2 -2 0 0 -2 -2 -1 -2 0 -2 0 0 -2 0 0 -1 -1 -1 0 0 -1 -1 -1 -2 0 0 0 0 -2 -1 -1 -2 -2 -1 -1 -2 -1 -2 -2 0 -1 0 -2 -1 -2 -1 -1 0 -1 -2 -2 -1 0 0 -1 0 0 0 -1 -1 0 0 -2 -1 0
0.675065515708434 -0.507981643377764 0.65312746153244 1.4786579979798 0.284559421613025 -1 2 2 1 0 1 0 0 1 2 1 1 1 0 2 1 2 0 1 1 1 0 0 0 1 2 1 0 0 2 2 2 0 2 2 2 1 1 0 2 2 2 1 1 0 1 0 0 2 0 0 0 0 0 0 1 1 2 1 2 1 0 0 0 2 0 1 2 1 1 0 2 1 2 2 1 2 0 1 1 2 1 0 0 0 2 2 2 1 1 1 1 0 2 1 0 0 0 1 1 0 -2 -2 -1 0 -1 0 0 -1 -2 -1 -1 -1 0 -2 -1 -2 0 -1 -1 -1 0 0 0 -1 -2 -1 0 0 -2 -2 -2 0 -2 -2 -2 -1 -1 0 -2 -2 -2 -1 -1 0 -1 0 0 -2 0 0 0 0 0 0 -1 -1 -2 -1 -2 -1 0 0 0 -2 0 -1 -2 -1 -1 0 -2 -1 -2 -2 -1 -2 0 -1 -1 -2 -1 0 0 0 -2 -2 -2 -1 -1 -1 -1 0 -2 -1 0 0 0 -1 -1 0
0.384315087276753 -0.291291436073246 2.03075595269157 -2.00911634277489 -1.23734637281535 1 2 2 1 1 2 1 0 0 2 1 2 1 0 0 0 0 0 0 2 2 2 0 0 1 0 0 1 0 2 1 2 1 1 2 1 1 2 0 1 2 1 1 2 1 2 0 0 2 1 0 0 1 0 1 1 1 1 0 2 0 0 0 0 1 1 0 2 2 2 1 2 1 2 2 2 2 0 1 1 1 2 1 2 1 2 2 2 1 1 2 1 1 2 1 0 0 0 2 2 1 2 2 1 1 2 1 0 0 2 1 2 1 0 0 0 0 0 0 2 2 2 0 0 1 0 0 1 0 2 1 2 1 1 2 1 1 2 0 1 2 1 1 2 1 2 0 0 2 1 0 0 1 0 1 1 1 1 0 2 0 0 0 0 1 1 0 2 2 2 1 2 1 2 2 2 2 0 1 1 1 2 1 2 1 2 2 2 1 1 2 1 1 2 1 0 0 0 2 2 1
-1.31345973831505 -0.59978745077616 0.399708402962597 0.179343530434574 -1.57976491894528 -1 1 2 1 1 2 1 1 1 1 0 0 0 0 0 0 1 0 0 1 0 0 0 0 0 0 0 0 0 1 1 2 1 2 2 1 1 2 0 1 2 2 2 2 0 2 0 2 2 1 1 1 0 0 0 1 1 0 1 1 0 0 1 0 0 1 0 2 1 1 1 2 2 2 2 0 0 0 1 2 2 1 0 0 0 0 1 1 0 1 0 0 1 2 0 1 0 0 2 2 1 -1 -2 -1 -1 -2 -1 -1 -1 -1 0 0 0 0 0 0 -1 0 0 -1 0 0 0 0 0 0 0 0 0 -1 -1 -2 -1 -2 -2 -1 -1 -2 0 -1 -2 -2 -2 -2 0 -2 0 -2 -2 -1 -1 -1 0 0 0 -1 -1 0 -1 -1 0 0 -1 0 0 -1 0 -2 -1 -1 -1 -2 -2 -2 -2 0 0 0 -1 -2 -2 -1 0 0 0 0 -1 -1 0 -1 0 0 -1 -2 0 -1 0 0 -2 -2 -1
1.44141422124859 -1.63145591551493 0.746276045816708 2.12194387395761 -0.883305567416504 -1 2 2 0 0 1 1 0 2 2 2 2 2 0 0 0 2 2 0 2 2 0 0 2 0 0 1 0 0 2 1 2 1 1 1 0 0 2 1 1 1 1 1 2 0 0 0 2 2 0 1 1 1 1 1 1 1 1 0 2 0 0 0 0 1 1 1 2 1 1 2 2 1 2 2 0 1 0 2 2 2 1 2 0 1 2 2 1 1 0 1 0 1 2 2 0 1 0 2 2 1 -2 -2 0 0 -1 -1 0 -2 -2 -2 -2 -2 0 0 0 -2 -2 0 -2 -2 0 0 -2 0 0 -1 0 0 -2 -1 -2 -1 -1 -1 0 0 -2 -1 -1 -1 -1 -1 -2 0 0 0 -2 -2 0 -1 -1 -1 -1 -1 -1 -1 -1 0 -2 0 0 0 0 -1 -1 -1 -2 -1 -1 -2 -2 -1 -2 -2 0 -1 0 -2 -2 -2 -1 -2 0 -1 -2 -2 -1 -1 0 -1 0 -1 -2 -2 0 -1 0 -2 -2 -1
-0.721080493423916 -2.23401767560052 0.0241347275630073 -1.39258313622463 0.267429777521729 1 1 2 1 2 2 1 0 2 2 1 2 2 1 1 0 0 0 0 1 1 1 0 1 0 0 0 0 1 2 1 2 0 1 2 1 2 2 0 0 1 1 1 2 0 0 0 0 2 0 2 1 0 1 0 0 1 1 0 2 1 1 1 0 0 1 1 1 2 2 1 1 0 1 2 0 2 0 2 1 2 0 0 0 1 2 2 2 2 0 1 0 0 0 2 0 1 0 1 2 0 1 2 1 2 2 1 0 2 2 1 2 2 1 1 0 0 0 0 1 1 1 0 1 0 0 0 0 1 2 1 2 0 1 2 1 2 2 0 0 1 1 1 2 0 0 0 0 2 0 2 1 0 1 0 0 1 1 0 2 1 1 1 0 0 1 1 1 2 2 1 1 0 1 2 0 2 0 2 1 2 0 0 0 1 2 2 2 2 0 1 0 0 0 2 0 1 0 1 2 0
-0.117177666729778 -1.01990749972127 0.362954161221712 0.559748186227122 -0.677497346231415 -1 1 2 1 1 0 1 0 1 2 1 2 1 0 1 0 1 2 2 2 2 1 0 0 2 0 1 1 0 2 2 1 0 2 2 2 2 1 0 0 2 2 2 2 0 0 0 2 2 1 1 0 1 1 1 1 2 2 2 2 2 0 2 0 1 1 0 1 1 0 1 2 2 2 2 2 2 1 1 1 1 0 1 2 1 2 2 2 1 1 2 1 2 1 1 0 0 0 2 2 2 -1 -2 -1 -1 0 -1 0 -1 -2 -1 -2 -1 0 -1 0 -1 -2 -2 -2 -2 -1 0 0 -2 0 -1 -1 0 -2 -2 -1 0 -2 -2 -2 -2 -1 0 0 -2 -2 -2 -2 0 0 0 -2 -2 -1 -1 0 -1 -1 -1 -1 -2 -2 -2 -2 -2 0 -2 0 -1 -1 0 -1 -1 0 -1 -2 -2 -2 -2 -2 -2 -1 -1 -1 -1 0 -1 -2 -1 -2 -2 -2 -1 -1 -2 -1 -2 -1 -1 0 0 0 -2 -2 -2
-0.720212225857072 -1.68374151529348 0.0801520781413486 1.13567893089274 0.0287037537242129 1 2 2 1 2 2 1 0 0 2 1 1 1 0 1 0 1 1 0 2 2 1 1 1 0 0 0 0 1 2 2 2 2 2 2 2 2 2 0 1 2 1 2 2 0 2 0 2 2 0 0 0 0 0 0 1 1 1 1 1 0 0 0 0 0 0 0 1 1 1 1 2 0 0 2 0 2 0 2 1 2 0 1 0 0 2 2 2 0 1 1 1 0 0 0 0 0 0 2 2 0 2 2 1 2 2 1 0 0 2 1 1 1 0 1 0 1 1 0 2 2 1 1 1 0 0 0 0 1 2 2 2 2 2 2 2 2 2 0 1 2 1 2 2 0 2 0 2 2 0 0 0 0 0 0 1 1 1 1 1 0 0 0 0 0 0 0 1 1 1 1 2 0 0 2 0 2 0 2 1 2 0 1 0 0 2 2 2 0 1 1 1 0 0 0 0 0 0 2 2 0
-0.356775801656023 -0.847161868917464 -0.906315070068015 -0.353318813419305 -0.577726126481003 -1 2 2 2 1 1 1 1 0 2 2 2 2 0 0 0 2 1 0 1 2 0 0 0 1 0 0 0 0 1 0 1 0 1 0 1 1 2 0 0 1 1 2 2 0 2 0 1 2 1 1 1 0 0 0 0 0 0 0 2 0 0 0 0 0 0 1 2 1 1 1 2 0 2 2 1 1 0 1 1 2 0 0 0 1 1 1 2 1 2 2 1 0 1 1 1 1 0 2 2 0 -2 -2 -2 -1 -1 -1 -1 0 -2 -2 -2 -2 0 0 0 -2 -1 0 -1 -2 0 0 0 -1 0 0 0 0 -1 0 -1 0 -1 0 -1 -1 -2 0 0 -1 -1 -2 -2 0 -2 0 -1 -2 -1 -1 -1 0 0 0 0 0 0 0 -2 0 0 0 0 0 0 -1 -2 -1 -1 -1 -2 0 -2 -2 -1 -1 0 -1 -1 -2 0 0 0 -1 -1 -1 -2 -1 -2 -2 -1 0 -1 -1 -1 -1 0 -2 -2 0
0.358585431365855 -0.523005831977551 1.11035702473603 -0.0499939624722171 -1.8830111673936 -1 2 2 1 1 0 1 1 0 2 1 1 1 0 1 1 1 2 0 2 2 1 1 0 1 1 0 0 0 2 2 1 1 2 1 1 1 1 0 0 1 0 0 2 0 1 0 0 2 1 1 1 0 2 1 1 1 2 0 2 1 0 0 0 1 0 0 2 2 1 0 2 1 2 2 1 1 0 2 2 2 2 1 2 1 2 2 2 2 0 1 0 0 1 1 0 0 0 2 1 0 -2 -2 -1 -1 0 -1 -1 0 -2 -1 -1 -1 0 -1 -1 -1 -2 0 -2 -2 -1 -1 0 -1 -1 0 0 0 -2 -2 -1 -1 -2 -1 -1 -1 -1 0 0 -1 0 0 -2 0 -1 0 0 -2 -1 -1 -1 0 -2 -1 -1 -1 -2 0 -2 -1 0 0 0 -1 0 0 -2 -2 -1 0 -2 -1 -2 -2 -1 -1 0 -2 -2 -2 -2 -1 -2 -1 -2 -2 -2 -2 0 -1 0 0 -1 -1 0 0 0 -2 -1 0
-0.480858440552768 0.0459648253045202 0.433238297644871 1.0323440354636 -0.828829629884946 1 2 2 0 1 1 1 0 0 2 1 1 1 0 0 0 2 1 0 1 2 2 1 2 0 0 0 0 0 2 1 2 1 1 0 0 2 1 0 0 2 0 2 2 0 1 0 2 2 0 0 0 0 0 0 0 0 0 1 2 1 0 0 0 1 2 2 1 2 1 2 2 0 2 2 0 1 0 1 2 2 2 2 2 2 2 2 2 2 1 1 1 1 1 1 1 0 0 2 2 1 2 2 0 1 1 1 0 0 2 1 1 1 0 0 0 2 1 0 1 2 2 1 2 0 0 0 0 0 2 1 2 1 1 0 0 2 1 0 0 2 0 2 2 0 1 0 2 2 0 0 0 0 0 0 0 0 0 1 2 1 0 0 0 1 2 2 1 2 1 2 2 0 2 2 0 1 0 1 2 2 2 2 2 2 2 2 2 2 1 1 1 1 1 1 1 0 0 2 2 1
1.39140619554528 1.51557457633325 -0.631749390746769 0.469733196599703 0.0372481753886405 1 1 2 1 0 1 0 0 0 1 1 0 1 0 0 0 1 2 2 2 2 2 1 1 0 0 0 0 0 2 2 2 1 1 1 2 2 2 0 1 1 0 1 2 0 2 0 2 2 0 0 0 0 1 0 0 0 1 1 2 1 0 0 0 2 1 0 1 2 1 1 2 1 1 2 1 2 0 1 2 2 0 0 1 0 1 2 1 0 0 1 1 1 1 1 0 1 0 0 1 0 1 2 1 0 1 0 0 0 1 1 0 1 0 0 0 1 2 2 2 2 2 1 1 0 0 0 0 0 2 2 2 1 1 1 2 2 2 0 1 1 0 1 2 0 2 0 2 2 0 0 0 0 1 0 0 0 1 1 2 1 0 0 0 2 1 0 1 2 1 1 2 1 1 2 1 2 0 1 2 2 0 0 1 0 1 2 1 0 0 1 1 1 1 1 0 1 0 0 1 0
-0.85446712806838 -0.196402111513626 -0.453762409586478 1.247234132836 -0.60966558908096 1 1 2 1 2 1 0 1 0 1 2 2 2 1 1 0 1 1 0 1 1 0 0 0 0 0 0 0 0 2 1 2 1 1 1 2 2 1 0 0 1 0 1 2 0 2 0 2 2 0 0 0 1 2 2 2 1 0 2 2 2 1 0 0 1 0 0 2 2 1 1 2 0 2 2 2 1 0 2 0 2 0 0 1 1 2 2 2 2 1 1 0 1 2 1 1 0 0 2 2 1 1 2 1 2 1 0 1 0 1 2 2 2 1 1 0 1 1 0 1 1 0 0 0 0 0 0 0 0 2 1 2 1 1 1 2 2 1 0 0 1 0 1 2 0 2 0 2 2 0 0 0 1 2 2 2 1 0 2 2 2 1 0 0 1 0 0 2 2 1 1 2 0 2 2 2 1 0 2 0 2 0 0 1 1 2 2 2 2 1 1 0 1 2 1 1 0 0 2 2 1
2.09511410729879 -0.456295752602126 -0.713442542379492 -0.997522520357724 0.0544014646218292 1 2 2 0 1 1 2 1 1 2 1 2 1 0 0 0 2 1 0 2 1 0 0 1 2 0 0 0 1 1 1 1 0 1 0 1 2 1 0 0 1 0 1 2 1 2 0 1 2 0 1 0 1 0 0 0 0 0 0 1 0 0 0 0 0 0 0 2 1 0 1 1 1 2 2 0 1 0 2 1 2 1 0 1 1 2 2 2 2 1 2 0 2 2 0 0 0 0 1 2 1 2 2 0 1 1 2 1 1 2 1 2 1 0 0 0 2 1 0 2 1 0 0 1 2 0 0 0 1 1 1 1 0 1 0 1 2 1 0 0 1 0 1 2 1 2 0 1 2 0 1 0 1 0 0 0 0 0 0 1 0 0 0 0 0 0 0 2 1 0 1 1 1 2 2 0 1 0 2 1 2 1 0 1 1 2 2 2 2 1 2 0 2 2 0 0 0 0 1 2 1
-0.569660795461235 1.18538773353121 -1.11775762532149 -1.15098352390418 -0.961916399341636 -1 2 2 1 1 1 1 0 1 1 1 0 0 0 1 0 2 1 0 1 2 1 0 0 1 1 0 0 1 1 2 2 1 2 2 2 2 2 0 0 1 1 0 2 0 1 0 1 2 1 0 1 1 0 0 0 0 0 0 2 1 1 0 0 0 1 0 2 2 1 1 1 1 2 2 1 2 1 2 0 1 0 0 0 0 1 2 2 2 1 1 0 0 0 2 0 0 0 2 2 1 -2 -2 -1 -1 -1 -1 0 -1 -1 -1 0 0 0 -1 0 -2 -1 0 -1 -2 -1 0 0 -1 -1 0 0 -1 -1 -2 -2 -1 -2 -2 -2 -2 -2 0 0 -1 -1 0 -2 0 -1 0 -1 -2 -1 0 -1 -1 0 0 0 0 0 0 -2 -1 -1 0 0 0 -1 0 -2 -2 -1 -1 -1 -1 -2 -2 -1 -2 -1 -2 0 -1 0 0 0 0 -1 -2 -2 -2 -1 -1 0 0 0 -2 0 0 0 -2 -2 -1
0.991215732953087 1.82140005092698 -0.265299512979397 -1.92792436275607 0.918903997714356 -1 0 1 1 1 2 1 0 1 2 2 1 1 0 0 0 1 1 0 1 0 2 1 1 1 1 1 1 0 2 2 1 1 2 2 2 2 1 0 0 1 0 1 2 0 1 0 1 2 1 2 1 1 0 0 0 1 2 1 2 1 0 1 0 1 1 0 1 1 1 2 2 2 2 2 2 2 0 2 1 1 0 0 0 0 1 2 1 1 1 2 0 1 1 2 0 1 0 2 2 1 0 -1 -1 -1 -2 -1 0 -1 -2 -2 -1 -1 0 0 0 -1 -1 0 -1 0 -2 -1 -1 -1 -1 -1 -1 0 -2 -2 -1 -1 -2 -2 -2 -2 -1 0 0 -1 0 -1 -2 0 -1 0 -1 -2 -1 -2 -1 -1 0 0 0 -1 -2 -1 -2 -1 0 -1 0 -1 -1 0 -1 -1 -1 -2 -2 -2 -2 -2 -2 -2 0 -2 -1 -1 0 0 0 0 -1 -2 -1 -1 -1 -2 0 -1 -1 -2 0 -1 0 -2 -2 -1
-0.314985227080743 -2.07573776174025 0.970019860976077 0.7633925998452 0.727529856001064 1 1 1 1 2 2 0 0 0 1 0 1 1 0 1 1 1 0 0 2 1 1 1 1 0 1 0 0 0 2 2 2 1 2 1 2 2 1 0 0 2 0 1 1 0 2 0 2 2 0 0 1 1 0 0 2 1 1 0 2 1 1 1 0 2 1 1 1 1 0 1 2 0 2 2 1 2 0 2 2 2 1 0 0 1 2 2 1 1 1 2 0 1 2 1 1 1 1 2 2 1 1 1 1 2 2 0 0 0 1 0 1 1 0 1 1 1 0 0 2 1 1 1 1 0 1 0 0 0 2 2 2 1 2 1 2 2 1 0 0 2 0 1 1 0 2 0 2 2 0 0 1 1 0 0 2 1 1 0 2 1 1 1 0 2 1 1 1 1 0 1 2 0 2 2 1 2 0 2 2 2 1 0 0 1 2 2 1 1 1 2 0 1 2 1 1 1 1 2 2 1
2.64678611429953 0.186565198474578 0.294228370295944 0.894724736160559 -1.88146449821969 -1 1 2 1 1 1 1 1 1 2 1 2 2 0 0 0 2 1 0 2 2 2 1 0 1 0 0 0 0 2 1 2 0 2 2 1 2 2 0 0 1 0 0 2 0 1 0 0 2 0 1 1 1 0 0 0 0 0 0 2 0 0 0 0 0 0 0 2 1 0 1 2 1 2 2 1 2 1 2 1 2 2 1 1 1 2 2 2 1 1 2 0 1 1 1 0 0 0 1 1 1 -1 -2 -1 -1 -1 -1 -1 -1 -2 -1 -2 -2 0 0 0 -2 -1 0 -2 -2 -2 -1 0 -1 0 0 0 0 -2 -1 -2 0 -2 -2 -1 -2 -2 0 0 -1 0 0 -2 0 -1 0 0 -2 0 -1 -1 -1 0 0 0 0 0 0 -2 0 0 0 0 0 0 0 -2 -1 0 -1 -2 -1 -2 -2 -1 -2 -1 -2 -1 -2 -2 -1 -1 -1 -2 -2 -2 -1 -1 -2 0 -1 -1 -1 0 0 0 -1 -1 -1
0.0664560569282864 0.739702841295453 -0.897746909485574 -0.150743055131186 0.742272708058074 1 2 2 0 1 1 0 0 1 2 2 2 2 1 0 0 2 2 1 2 2 1 0 0 0 0 1 1 0 2 2 2 1 2 1 1 1 2 0 0 2 1 2 2 0 2 0 2 2 0 2 0 0 0 1 1 0 0 1 2 1 0 1 0 1 0 0 1 1 0 0 0 1 2 2 1 1 0 2 1 2 0 1 1 2 2 2 2 2 1 2 0 0 2 1 0 0 1 2 2 1 2 2 0 1 1 0 0 1 2 2 2 2 1 0 0 2 2 1 2 2 1 0 0 0 0 1 1 0 2 2 2 1 2 1 1 1 2 0 0 2 1 2 2 0 2 0 2 2 0 2 0 0 0 1 1 0 0 1 2 1 0 1 0 1 0 0 1 1 0 0 0 1 2 2 1 1 0 2 1 2 0 1 1 2 2 2 2 2 1 2 0 0 2 1 0 0 1 2 2 1
-0.358585855508023 0.651048635057517 0.0970799397308377 0.94792159889729 -0.45953618076002 1 1 2 0 0 1 1 1 2 2 2 2 2 1 2 1 1 1 1 1 2 1 0 1 2 0 0 0 0 2 1 0 0 1 1 1 1 2 0 1 2 1 1 2 0 1 0 0 2 0 1 1 1 1 0 0 1 0 0 2 1 0 0 0 0 0 1 2 1 1 0 1 2 1 2 0 2 0 2 2 1 0 1 0 1 2 2 2 1 0 1 0 1 2 2 0 0 0 2 2 1 1 2 0 0 1 1 1 2 2 2 2 2 1 2 1 1 1 1 1 2 1 0 1 2 0 0 0 0 2 1 0 0 1 1 1 1 2 0 1 2 1 1 2 0 1 0 0 2 0 1 1 1 1 0 0 1 0 0 2 1 0 0 0 0 0 1 2 1 1 0 1 2 1 2 0 2 0 2 2 1 0 1 0 1 2 2 2 1 0 1 0 1 2 2 0 0 0 2 2 1
0.166934844869016 -1.0023920376209 -2.1554547749718 -0.368540979248099 0.371416497285853 -1 2 1 0 1 2 2 0 0 1 1 2 2 0 1 0 1 2 0 2 2 2 1 1 1 1 0 0 0 1 1 1 0 2 2 1 2 1 0 1 1 2 2 2 0 1 0 1 2 1 2 0 1 0 0 0 1 0 1 2 2 1 1 1 2 2 1 2 2 1 1 2 1 2 2 1 2 0 2 2 2 0 0 0 1 2 2 2 1 1 2 1 0 2 1 0 0 0 1 1 0 -2 -1 0 -1 -2 -2 0 0 -1 -1 -2 -2 0 -1 0 -1 -2 0 -2 -2 -2 -1 -1 -1 -1 0 0 0 -1 -1 -1 0 -2 -2 -1 -2 -1 0 -1 -1 -2 -2 -2 0 -1 0 -1 -2 -1 -2 0 -1 0 0 0 -1 0 -1 -2 -2 -1 -1 -1 -2 -2 -1 -2 -2 -1 -1 -2 -1 -2 -2 -1 -2 0 -2 -2 -2 0 0 0 -1 -2 -2 -2 -1 -1 -2 -1 0 -2 -1 0 0 0 -1 -1 0
-0.777459774751331 -0.264649835227919 -0.848260335428819 -0.239021209809182 -1.11040283243866 1 2 1 0 1 2 1 0 1 1 0 1 1 0 1 0 2 2 0 2 1 0 0 0 1 1 0 0 0 2 2 2 2 1 2 2 1 1 0 1 2 1 1 2 0 1 0 1 1 1 1 0 0 1 1 1 1 2 0 2 1 0 0 0 0 0 0 1 0 0 1 2 0 2 2 1 1 0 2 1 2 1 1 0 1 2 1 2 1 0 2 0 0 0 0 0 0 0 2 0 0 2 1 0 1 2 1 0 1 1 0 1 1 0 1 0 2 2 0 2 1 0 0 0 1 1 0 0 0 2 2 2 2 1 2 2 1 1 0 1 2 1 1 2 0 1 0 1 1 1 1 0 0 1 1 1 1 2 0 2 1 0 0 0 0 0 0 1 0 0 1 2 0 2 2 1 1 0 2 1 2 1 1 0 1 2 1 2 1 0 2 0 0 0 0 0 0 0 2 0 0
0.455728151947371 0.643343511418772 0.042936974589132 0.147245669625038 -0.307480295363827 -1 2 2 0 1 1 1 0 0 0 2 1 1 1 1 0 2 1 1 1 1 0 0 0 0 0 0 0 0 2 2 2 1 2 2 2 2 0 0 0 2 1 1 2 1 1 0 2 2 0 1 0 0 0 0 0 0 1 0 2 2 1 1 0 2 1 1 1 1 0 0 2 1 2 2 1 2 0 1 1 2 1 0 0 0 1 2 2 2 1 0 0 1 1 0 0 0 1 2 2 1 -2 -2 0 -1 -1 -1 0 0 0 -2 -1 -1 -1 -1 0 -2 -1 -1 -1 -1 0 0 0 0 0 0 0 0 -2 -2 -2 -1 -2 -2 -2 -2 0 0 0 -2 -1 -1 -2 -1 -1 0 -2 -2 0 -1 0 0 0 0 0 0 -1 0 -2 -2 -1 -1 0 -2 -1 -1 -1 -1 0 0 -2 -1 -2 -2 -1 -2 0 -1 -1 -2 -1 0 0 0 -1 -2 -2 -2 -1 0 0 -1 -1 0 0 0 -1 -2 -2 -1
2.46844208847971 0.775130849300928 -0.337491773490455 0.430168299055318 -0.530093746520981 -1 2 2 2 1 2 0 0 1 2 2 2 2 0 0 0 2 2 1 1 1 0 0 0 2 1 0 0 0 2 1 0 0 1 1 2 2 2 0 0 2 1 2 2 1 2 1 2 2 1 0 0 0 0 1 1 2 1 2 2 1 1 1 0 2 1 1 2 2 2 1 2 0 1 2 1 2 0 2 0 1 1 1 0 0 2 2 2 1 1 1 1 2 2 1 0 0 0 1 2 1 -2 -2 -2 -1 -2 0 0 -1 -2 -2 -2 -2 0 0 0 -2 -2 -1 -1 -1 0 0 0 -2 -1 0 0 0 -2 -1 0 0 -1 -1 -2 -2 -2 0 0 -2 -1 -2 -2 -1 -2 -1 -2 -2 -1 0 0 0 0 -1 -1 -2 -1 -2 -2 -1 -1 -1 0 -2 -1 -1 -2 -2 -2 -1 -2 0 -1 -2 -1 -2 0 -2 0 -1 -1 -1 0 0 -2 -2 -2 -1 -1 -1 -1 -2 -2 -1 0 0 0 -1 -2 -1
0.331350533945255 1.0695042405969 -0.748235413679412 0.0292504341730002 1.80345563932564 -1 2 2 1 2 1 1 1 0 2 2 2 2 1 1 0 2 1 0 1 2 1 1 0 0 0 1 0 0 2 2 2 1 1 2 2 2 1 0 0 2 1 1 2 0 2 0 0 2 2 1 0 1 2 2 1 2 1 1 1 0 0 0 0 1 0 1 2 2 1 1 2 1 1 2 1 2 0 2 1 2 1 0 0 1 2 2 2 1 0 2 1 1 0 1 0 0 0 2 2 0 -2 -2 -1 -2 -1 -1 -1 0 -2 -2 -2 -2 -1 -1 0 -2 -1 0 -1 -2 -1 -1 0 0 0 -1 0 0 -2 -2 -2 -1 -1 -2 -2 -2 -1 0 0 -2 -1 -1 -2 0 -2 0 0 -2 -2 -1 0 -1 -2 -2 -1 -2 -1 -1 -1 0 0 0 0 -1 0 -1 -2 -2 -1 -1 -2 -1 -1 -2 -1 -2 0 -2 -1 -2 -1 0 0 -1 -2 -2 -2 -1 0 -2 -1 -1 0 -1 0 0 0 -2 -2 0
-1.0792094711307 0.542784196402657 0.768658692647659 -2.63741833581589 1.30785838059881 -1 2 2 1 1 0 1 0 1 2 1 2 2 0 2 2 2 2 2 2 2 1 0 1 1 0 1 0 0 2 2 2 0 2 2 2 2 2 0 1 2 1 1 2 0 1 0 1 2 1 1 1 0 1 1 0 1 1 1 2 1 1 1 0 2 2 1 2 2 1 1 2 1 2 2 1 2 1 2 2 2 1 0 0 1 2 2 2 2 0 2 0 1 2 2 1 0 0 1 1 0 -2 -2 -1 -1 0 -1 0 -1 -2 -1 -2 -2 0 -2 -2 -2 -2 -2 -2 -2 -1 0 -1 -1 0 -1 0 0 -2 -2 -2 0 -2 -2 -2 -2 -2 0 -1 -2 -1 -1 -2 0 -1 0 -1 -2 -1 -1 -1 0 -1 -1 0 -1 -1 -1 -2 -1 -1 -1 0 -2 -2 -1 -2 -2 -1 -1 -2 -1 -2 -2 -1 -2 -1 -2 -2 -2 -1 0 0 -1 -2 -2 -2 -2 0 -2 0 -1 -2 -2 -1 0 0 -1 -1 0
1.10797783041889 -0.997742644935938 -0.196121664409011 -0.807057371802979 0.272718129427001 1 2 1 0 2 2 1 0 2 2 2 2 2 0 0 0 2 2 0 1 1 0 0 0 1 1 0 0 0 2 2 2 0 1 1 0 2 2 0 0 2 0 1 2 0 2 0 1 2 0 1 0 0 0 0 0 0 0 0 2 1 0 0 0 1 1 0 1 1 0 0 0 0 1 2 0 1 0 2 2 2 1 1 0 0 2 2 0 0 0 1 0 1 1 0 1 0 0 1 2 0 2 1 0 2 2 1 0 2 2 2 2 2 0 0 0 2 2 0 1 1 0 0 0 1 1 0 0 0 2 2 2 0 1 1 0 2 2 0 0 2 0 1 2 0 2 0 1 2 0 1 0 0 0 0 0 0 0 0 2 1 0 0 0 1 1 0 1 1 0 0 0 0 1 2 0 1 0 2 2 2 1 1 0 0 2 2 0 0 0 1 0 1 1 0 1 0 0 1 2 0
-0.73296664279276 1.86334869819521 0.0843079092542697 0.736342057839066 -0.0968106819153785 1 2 2 0 1 1 1 0 2 2 2 2 2 0 1 0 1 1 0 2 2 1 0 0 0 1 0 0 0 1 1 0 0 2 2 2 2 2 0 0 2 0 2 2 1 2 0 2 2 0 1 0 0 0 1 1 0 0 0 2 1 0 1 0 1 1 1 2 1 0 0 1 0 2 2 2 2 0 2 2 2 1 0 0 1 2 2 2 2 2 2 2 1 2 2 1 0 0 1 2 0 2 2 0 1 1 1 0 2 2 2 2 2 0 1 0 1 1 0 2 2 1 0 0 0 1 0 0 0 1 1 0 0 2 2 2 2 2 0 0 2 0 2 2 1 2 0 2 2 0 1 0 0 0 1 1 0 0 0 2 1 0 1 0 1 1 1 2 1 0 0 1 0 2 2 2 2 0 2 2 2 1 0 0 1 2 2 2 2 2 2 2 1 2 2 1 0 0 1 2 0
-0.385588158831734 -0.0306148949986987 -0.328374560228724 0.187050640765714 -0.679767122472631 1 1 2 0 1 1 1 1 0 2 2 2 2 1 2 1 1 2 0 2 1 0 0 0 0 0 0 0 0 2 2 2 0 2 2 1 2 1 0 1 2 0 2 2 0 0 0 0 2 0 1 2 0 1 1 2 2 2 1 2 1 0 0 0 2 2 2 2 1 1 1 2 0 1 2 1 2 0 2 2 2 2 0 0 2 2 2 1 1 1 2 0 2 1 1 1 0 0 2 2 1 1 2 0 1 1 1 1 0 2 2 2 2 1 2 1 1 2 0 2 1 0 0 0 0 0 0 0 0 2 2 2 0 2 2 1 2 1 0 1 2 0 2 2 0 0 0 0 2 0 1 2 0 1 1 2 2 2 1 2 1 0 0 0 2 2 2 2 1 1 1 2 0 1 2 1 2 0 2 2 2 2 0 0 2 2 2 1 1 1 2 0 2 1 1 1 0 0 2 2 1
0.729855307382746 1.29685155569342 1.0273855782646 0.0581207163429515 -2.03561786684341 -1 1 2 2 1 1 0 0 0 1 0 1 1 0 0 0 2 1 0 1 1 0 0 0 1 1 0 0 0 2 1 1 0 2 2 1 1 2 0 1 2 1 2 2 2 2 0 2 2 0 0 0 0 0 0 0 0 0 0 2 0 0 1 0 1 1 1 2 2 1 1 2 0 2 2 1 2 0 0 1 1 1 0 0 0 2 2 2 2 2 1 0 1 2 2 0 1 1 2 1 0 -1 -2 -2 -1 -1 0 0 0 -1 0 -1 -1 0 0 0 -2 -1 0 -1 -1 0 0 0 -1 -1 0 0 0 -2 -1 -1 0 -2 -2 -1 -1 -2 0 -1 -2 -1 -2 -2 -2 -2 0 -2 -2 0 0 0 0 0 0 0 0 0 0 -2 0 0 -1 0 -1 -1 -1 -2 -2 -1 -1 -2 0 -2 -2 -1 -2 0 0 -1 -1 -1 0 0 0 -2 -2 -2 -2 -2 -1 0 -1 -2 -2 0 -1 -1 -2 -1 0
-0.488303411242029 0.804830162089689 0.201516975146903 1.35690988985456 0.128958989704072 1 2 2 2 1 1 0 0 1 2 1 2 2 0 0 0 2 1 1 2 2 1 0 1 1 0 0 0 0 1 2 2 0 1 1 1 2 2 0 1 2 1 1 2 0 1 0 2 2 1 2 0 0 1 1 1 0 1 2 2 1 0 0 0 1 1 1 2 2 1 0 1 0 1 1 0 1 0 2 1 2 1 0 0 1 2 2 2 2 1 2 1 0 0 0 0 1 0 2 2 0 2 2 2 1 1 0 0 1 2 1 2 2 0 0 0 2 1 1 2 2 1 0 1 1 0 0 0 0 1 2 2 0 1 1 1 2 2 0 1 2 1 1 2 0 1 0 2 2 1 2 0 0 1 1 1 0 1 2 2 1 0 0 0 1 1 1 2 2 1 0 1 0 1 1 0 1 0 2 1 2 1 0 0 1 2 2 2 2 1 2 1 0 0 0 0 1 0 2 2 0
0.0346898200928126 1.36126752885666 1.22867191191393 -0.657630051581178 1.84972586681174 1 2 2 1 2 2 1 1 2 2 1 2 1 0 1 0 2 1 0 1 2 1 0 0 0 0 0 1 0 2 2 2 1 2 2 1 1 2 1 1 2 1 1 2 0 2 1 0 2 0 0 0 0 1 1 1 0 1 2 2 2 1 0 0 1 0 1 1 1 1 1 2 1 2 2 2 2 1 2 0 0 0 0 0 0 1 2 2 2 2 2 0 0 0 1 0 1 0 2 2 2 2 2 1 2 2 1 1 2 2 1 2 1 0 1 0 2 1 0 1 2 1 0 0 0 0 0 1 0 2 2 2 1 2 2 1 1 2 1 1 2 1 1 2 0 2 1 0 2 0 0 0 0 1 1 1 0 1 2 2 2 1 0 0 1 0 1 1 1 1 1 2 1 2 2 2 2 1 2 0 0 0 0 0 0 1 2 2 2 2 2 0 0 0 1 0 1 0 2 2 2
-0.74643463548749 0.994742410376403 0.071505414645999 0.286098364171007 -0.64652709485858 -1 2 2 0 1 2 0 0 1 1 0 1 1 1 1 0 1 1 0 0 1 0 0 1 0 1 1 0 0 2 2 2 0 1 0 1 0 1 0 1 2 1 1 2 0 2 0 2 2 1 1 2 0 0 1 1 0 0 0 1 2 1 1 0 1 2 1 2 1 0 1 1 0 2 2 1 2 0 0 1 2 1 1 1 1 2 2 2 1 1 2 1 1 2 0 0 0 0 2 2 0 -2 -2 0 -1 -2 0 0 -1 -1 0 -1 -1 -1 -1 0 -1 -1 0 0 -1 0 0 -1 0 -1 -1 0 0 -2 -2 -2 0 -1 0 -1 0 -1 0 -1 -2 -1 -1 -2 0 -2 0 -2 -2 -1 -1 -2 0 0 -1 -1 0 0 0 -1 -2 -1 -1 0 -1 -2 -1 -2 -1 0 -1 -1 0 -2 -2 -1 -2 0 0 -1 -2 -1 -1 -1 -1 -2 -2 -2 -1 -1 -2 -1 -1 -2 0 0 0 0 -2 -2 0
