0.366164619112302 0.670635786596237 1.0633164194527 -0.196069758023268 0.140366591749631 -1 2 2 2 0 2 1 1 1 0 0 1 0 2 1 2 0 0 2 1 2 1 0 0 2 2 1 0 0 1 1 2 2 1 2 1 0 0 1 0 0 2 0 0 0 1 2 2 1 1 2 2 1 0 1 2 1 0 2 2 1 0 0 0 0 2 1 1 1 0 0 0 0 0 2 0 0 2 2 1 0 0 0 0 2 2 0 0 1 2 0 2 2 1 0 0 0 2 2 1 1 -2 -2 -2 0 -2 -1 -1 -1 0 0 -1 0 -2 -1 -2 0 0 -2 -1 -2 -1 0 0 -2 -2 -1 0 0 -1 -1 -2 -2 -1 -2 -1 0 0 -1 0 0 -2 0 0 0 -1 -2 -2 -1 -1 -2 -2 -1 0 -1 -2 -1 0 -2 -2 -1 0 0 0 0 -2 -1 -1 -1 0 0 0 0 0 -2 0 0 -2 -2 -1 0 0 0 0 -2 -2 0 0 -1 -2 0 -2 -2 -1 0 0 0 -2 -2 -1 -1
0.224092134520948 -0.0955757639204031 0.924416082562125 0.391038225132454 0.0688625017334266 -1 1 1 1 0 2 1 2 2 1 2 1 1 2 1 1 0 0 1 0 1 0 0 0 2 2 2 2 1 2 1 1 1 0 0 2 1 0 2 1 0 1 0 0 0 0 1 0 0 2 2 2 1 0 1 2 1 0 2 1 0 0 0 0 0 2 1 1 1 1 0 0 0 0 1 0 0 2 2 0 0 0 1 0 2 2 1 2 2 2 0 2 1 0 0 0 2 2 1 1 0 -1 -1 -1 0 -2 -1 -2 -2 -1 -2 -1 -1 -2 -1 -1 0 0 -1 0 -1 0 0 0 -2 -2 -2 -2 -1 -2 -1 -1 -1 0 0 -2 -1 0 -2 -1 0 -1 0 0 0 0 -1 0 0 -2 -2 -2 -1 0 -1 -2 -1 0 -2 -1 0 0 0 0 0 -2 -1 -1 -1 -1 0 0 0 0 -1 0 0 -2 -2 0 0 0 -1 0 -2 -2 -1 -2 -2 -2 0 -2 -1 0 0 0 -2 -2 -1 -1 0
-0.230927146160537 -0.357956664933476 0.0510323533805933 0.528682915383929 0.234897195009881 1 1 2 1 0 2 2 2 2 0 1 2 0 2 0 0 0 0 1 1 2 2 1 1 2 2 1 1 1 2 0 2 2 2 2 2 1 1 2 0 1 1 0 0 0 1 2 2 1 2 2 2 0 0 1 1 0 0 2 2 0 0 0 0 0 2 1 0 1 0 0 1 0 0 0 0 0 2 1 0 0 0 0 0 2 2 0 0 1 2 1 2 2 0 0 0 1 2 1 1 1 1 2 1 0 2 2 2 2 0 1 2 0 2 0 0 0 0 1 1 2 2 1 1 2 2 1 1 1 2 0 2 2 2 2 2 1 1 2 0 1 1 0 0 0 1 2 2 1 2 2 2 0 0 1 1 0 0 2 2 0 0 0 0 0 2 1 0 1 0 0 1 0 0 0 0 0 2 1 0 0 0 0 0 2 2 0 0 1 2 1 2 2 0 0 0 1 2 1 1 1
-0.26067481291102 -0.17478556863599 -0.880600708532229 1.89843692698575 -0.332922524817006 1 2 2 2 1 2 2 2 2 0 0 1 0 2 0 1 0 0 0 0 1 0 0 0 2 0 0 1 0 1 1 2 1 0 0 0 0 0 1 1 1 2 1 0 1 2 2 2 1 2 2 1 0 1 0 1 0 0 2 2 0 0 0 1 0 2 0 0 0 0 0 1 1 1 2 0 0 2 2 1 0 1 0 0 2 2 1 1 1 2 0 2 1 0 0 1 2 2 1 1 2 2 2 2 1 2 2 2 2 0 0 1 0 2 0 1 0 0 0 0 1 0 0 0 2 0 0 1 0 1 1 2 1 0 0 0 0 0 1 1 1 2 1 0 1 2 2 2 1 2 2 1 0 1 0 1 0 0 2 2 0 0 0 1 0 2 0 0 0 0 0 1 1 1 2 0 0 2 2 1 0 1 0 0 2 2 1 1 1 2 0 2 1 0 0 1 2 2 1 1 2
-0.250556356338296 0.138604870549499 -0.449942461556286 0.272471291899086 1.66023533367081 -1 2 2 2 1 2 2 2 2 1 1 1 0 2 0 1 0 0 0 1 2 1 1 0 2 2 1 0 0 2 0 2 2 1 2 1 1 0 1 1 1 2 0 0 1 1 2 2 1 2 1 2 1 1 1 1 0 0 2 2 0 0 1 2 0 2 1 1 1 1 0 2 2 1 2 1 1 2 2 1 0 0 1 1 2 2 2 2 1 1 0 1 0 0 0 0 0 1 0 0 1 -2 -2 -2 -1 -2 -2 -2 -2 -1 -1 -1 0 -2 0 -1 0 0 0 -1 -2 -1 -1 0 -2 -2 -1 0 0 -2 0 -2 -2 -1 -2 -1 -1 0 -1 -1 -1 -2 0 0 -1 -1 -2 -2 -1 -2 -1 -2 -1 -1 -1 -1 0 0 -2 -2 0 0 -1 -2 0 -2 -1 -1 -1 -1 0 -2 -2 -1 -2 -1 -1 -2 -2 -1 0 0 -1 -1 -2 -2 -2 -2 -1 -1 0 -1 0 0 0 0 0 -1 0 0 -1
-0.808774436098317 1.28763839699072 -0.391737270277168 1.33006184833859 -0.176823518021194 -1 2 0 1 0 1 1 1 1 0 0 2 1 2 1 2 0 0 1 0 2 1 1 0 1 2 1 1 1 1 0 2 1 0 1 2 1 0 0 0 1 2 0 0 0 0 2 2 1 1 2 1 0 0 0 1 0 0 2 2 1 0 0 0 0 2 0 0 1 1 0 0 1 0 1 0 0 2 2 2 0 0 1 0 2 2 1 2 2 2 0 2 1 0 1 1 1 2 0 1 1 -2 0 -1 0 -1 -1 -1 -1 0 0 -2 -1 -2 -1 -2 0 0 -1 0 -2 -1 -1 0 -1 -2 -1 -1 -1 -1 0 -2 -1 0 -1 -2 -1 0 0 0 -1 -2 0 0 0 0 -2 -2 -1 -1 -2 -1 0 0 0 -1 0 0 -2 -2 -1 0 0 0 0 -2 0 0 -1 -1 0 0 -1 0 -1 0 0 -2 -2 -2 0 0 -1 0 -2 -2 -1 -2 -2 -2 0 -2 -1 0 -1 -1 -1 -2 0 -1 -1
0.0722941040838961 0.660559312632953 -0.664414703043441 0.967417325499066 -0.972420234206599 -1 1 2 2 0 2 1 2 2 1 2 0 0 2 0 0 0 0 0 0 2 0 1 0 2 1 1 0 0 1 0 2 2 1 2 2 1 0 0 1 1 2 0 0 1 2 2 2 1 2 2 2 1 0 0 0 0 0 2 2 0 1 1 1 0 2 1 1 0 1 0 1 0 0 2 0 0 2 1 1 0 0 2 2 2 2 1 1 2 2 1 2 1 1 0 1 1 2 2 1 1 -1 -2 -2 0 -2 -1 -2 -2 -1 -2 0 0 -2 0 0 0 0 0 0 -2 0 -1 0 -2 -1 -1 0 0 -1 0 -2 -2 -1 -2 -2 -1 0 0 -1 -1 -2 0 0 -1 -2 -2 -2 -1 -2 -2 -2 -1 0 0 0 0 0 -2 -2 0 -1 -1 -1 0 -2 -1 -1 0 -1 0 -1 0 0 -2 0 0 -2 -1 -1 0 0 -2 -2 -2 -2 -1 -1 -2 -2 -1 -2 -1 -1 0 -1 -1 -2 -2 -1 -1
0.47645696466815 0.552597363332804 -1.77951284227951 -0.234938776619796 -0.126637962351436 -1 1 1 1 1 2 2 2 2 1 0 0 0 2 0 0 0 0 1 0 2 2 1 1 2 1 2 2 0 1 0 2 2 1 1 0 0 0 2 2 2 2 1 0 0 1 2 2 2 2 2 1 0 0 0 0 0 0 2 1 1 0 0 0 0 2 0 0 0 0 0 1 2 0 2 1 0 2 2 1 0 1 1 0 2 1 1 2 2 2 0 2 0 0 0 1 2 1 1 1 0 -1 -1 -1 -1 -2 -2 -2 -2 -1 0 0 0 -2 0 0 0 0 -1 0 -2 -2 -1 -1 -2 -1 -2 -2 0 -1 0 -2 -2 -1 -1 0 0 0 -2 -2 -2 -2 -1 0 0 -1 -2 -2 -2 -2 -2 -1 0 0 0 0 0 0 -2 -1 -1 0 0 0 0 -2 0 0 0 0 0 -1 -2 0 -2 -1 0 -2 -2 -1 0 -1 -1 0 -2 -1 -1 -2 -2 -2 0 -2 0 0 0 -1 -2 -1 -1 -1 0
-0.821085288006468 1.55160500337075 -0.0600596959717519 1.10875605075424 0.178581972691368 -1 0 1 2 0 2 1 2 2 1 1 1 0 2 1 1 0 0 1 0 2 0 0 0 2 2 2 1 0 2 0 1 1 1 1 1 1 1 2 0 1 1 0 0 0 1 2 2 1 1 1 2 1 0 1 2 1 1 2 1 1 0 0 0 0 2 0 0 1 1 0 1 1 0 0 0 1 2 2 1 1 1 0 0 2 2 1 2 1 2 0 1 0 0 1 2 2 2 0 0 0 0 -1 -2 0 -2 -1 -2 -2 -1 -1 -1 0 -2 -1 -1 0 0 -1 0 -2 0 0 0 -2 -2 -2 -1 0 -2 0 -1 -1 -1 -1 -1 -1 -1 -2 0 -1 -1 0 0 0 -1 -2 -2 -1 -1 -1 -2 -1 0 -1 -2 -1 -1 -2 -1 -1 0 0 0 0 -2 0 0 -1 -1 0 -1 -1 0 0 0 -1 -2 -2 -1 -1 -1 0 0 -2 -2 -1 -2 -1 -2 0 -1 0 0 -1 -2 -2 -2 0 0 0
0.442452191119126 -0.520179221091933 -0.114076679386263 -0.23727604731852 -0.00951084135190669 -1 1 0 0 0 2 2 2 1 1 1 0 0 1 0 0 0 0 2 1 2 1 1 0 2 2 0 0 1 2 2 2 1 2 1 1 1 1 2 0 1 2 0 0 0 0 2 2 1 2 2 2 1 0 0 1 0 0 2 2 0 0 0 1 0 2 0 0 0 2 0 0 0 0 1 0 0 2 2 0 0 0 1 1 0 1 1 1 0 2 0 2 2 0 0 2 2 2 2 2 1 -1 0 0 0 -2 -2 -2 -1 -1 -1 0 0 -1 0 0 0 0 -2 -1 -2 -1 -1 0 -2 -2 0 0 -1 -2 -2 -2 -1 -2 -1 -1 -1 -1 -2 0 -1 -2 0 0 0 0 -2 -2 -1 -2 -2 -2 -1 0 0 -1 0 0 -2 -2 0 0 0 -1 0 -2 0 0 0 -2 0 0 0 0 -1 0 0 -2 -2 0 0 0 -1 -1 0 -1 -1 -1 0 -2 0 -2 -2 0 0 -2 -2 -2 -2 -2 -1
-1.227359328385 -0.140163673344561 1.52399589480517 -0.410214310637487 -1.39992602515753 1 0 0 0 0 2 2 2 1 1 1 0 0 2 0 2 0 0 2 0 2 1 1 0 2 2 2 2 0 1 2 2 2 2 2 2 2 0 2 1 1 2 1 0 0 0 2 1 0 2 1 2 0 0 0 1 0 0 2 0 0 0 0 1 0 2 2 1 1 1 0 0 0 0 0 0 0 2 2 1 0 0 2 0 1 2 2 2 2 2 1 2 1 0 0 0 1 2 1 1 2 0 0 0 0 2 2 2 1 1 1 0 0 2 0 2 0 0 2 0 2 1 1 0 2 2 2 2 0 1 2 2 2 2 2 2 2 0 2 1 1 2 1 0 0 0 2 1 0 2 1 2 0 0 0 1 0 0 2 0 0 0 0 1 0 2 2 1 1 1 0 0 0 0 0 0 0 2 2 1 0 0 2 0 1 2 2 2 2 2 1 2 1 0 0 0 1 2 1 1 2
-1.50550361778195 0.215491284716947 -0.105800115607388 0.518777569666948 -0.144477505301747 1 1 1 1 0 2 2 2 2 0 2 1 0 2 0 0 0 0 2 1 2 2 1 0 2 2 1 1 1 1 1 2 1 0 1 1 2 0 2 0 1 2 0 0 0 0 2 1 1 2 2 2 0 0 0 2 0 1 2 2 1 0 0 0 0 2 1 0 2 1 0 1 0 0 1 0 0 1 1 1 0 0 1 1 2 2 1 2 2 2 1 2 0 0 0 0 0 2 1 1 2 1 1 1 0 2 2 2 2 0 2 1 0 2 0 0 0 0 2 1 2 2 1 0 2 2 1 1 1 1 1 2 1 0 1 1 2 0 2 0 1 2 0 0 0 0 2 1 1 2 2 2 0 0 0 2 0 1 2 2 1 0 0 0 0 2 1 0 2 1 0 1 0 0 1 0 0 1 1 1 0 0 1 1 2 2 1 2 2 2 1 2 0 0 0 0 0 2 1 1 2
-1.36678599252393 -1.07370817433883 0.382332721596023 -1.33861602094025 -0.988276493099718 -1 0 0 1 0 1 1 1 1 1 1 1 0 2 0 0 0 0 1 0 2 1 1 0 2 2 1 0 0 2 1 1 1 0 0 0 0 1 1 0 1 2 1 0 0 1 2 2 2 2 2 2 0 1 1 2 0 0 2 2 0 0 0 0 0 2 0 0 2 0 0 2 2 1 2 0 0 2 1 1 0 0 1 1 2 2 2 2 2 2 0 2 1 0 0 1 2 2 1 1 1 0 0 -1 0 -1 -1 -1 -1 -1 -1 -1 0 -2 0 0 0 0 -1 0 -2 -1 -1 0 -2 -2 -1 0 0 -2 -1 -1 -1 0 0 0 0 -1 -1 0 -1 -2 -1 0 0 -1 -2 -2 -2 -2 -2 -2 0 -1 -1 -2 0 0 -2 -2 0 0 0 0 0 -2 0 0 -2 0 0 -2 -2 -1 -2 0 0 -2 -1 -1 0 0 -1 -1 -2 -2 -2 -2 -2 -2 0 -2 -1 0 0 -1 -2 -2 -1 -1 -1
-0.639916988370507 -1.22249852542123 -0.768143225210804 -1.24737401406435 1.66964908944122 -1 1 0 1 0 2 1 2 2 0 1 1 0 2 0 0 0 0 1 0 2 1 1 0 1 1 1 1 0 0 0 2 2 2 2 2 0 2 2 0 1 2 0 0 0 2 2 2 1 2 1 2 1 1 2 2 0 0 2 2 0 0 0 1 0 2 1 1 1 0 0 1 2 1 2 1 0 2 2 1 0 1 1 0 1 2 1 1 1 2 1 2 2 1 0 0 1 2 0 1 1 -1 0 -1 0 -2 -1 -2 -2 0 -1 -1 0 -2 0 0 0 0 -1 0 -2 -1 -1 0 -1 -1 -1 -1 0 0 0 -2 -2 -2 -2 -2 0 -2 -2 0 -1 -2 0 0 0 -2 -2 -2 -1 -2 -1 -2 -1 -1 -2 -2 0 0 -2 -2 0 0 0 -1 0 -2 -1 -1 -1 0 0 -1 -2 -1 -2 -1 0 -2 -2 -1 0 -1 -1 0 -1 -2 -1 -1 -1 -2 -1 -2 -2 -1 0 0 -1 -2 0 -1 -1
-0.3212474651899 -0.301701833361445 0.870073246086576 0.311959022195695 0.948109441269692 -1 2 1 2 0 2 1 2 2 1 0 1 0 2 0 0 0 1 1 0 1 0 0 0 2 2 2 1 1 1 0 2 2 1 1 1 0 0 1 0 1 2 1 0 0 1 2 2 0 1 0 2 2 2 1 2 0 0 1 0 0 0 0 1 0 2 1 0 0 1 1 1 1 0 2 2 0 2 2 2 0 0 0 1 1 1 1 2 2 2 0 2 1 0 0 1 1 2 1 0 0 -2 -1 -2 0 -2 -1 -2 -2 -1 0 -1 0 -2 0 0 0 -1 -1 0 -1 0 0 0 -2 -2 -2 -1 -1 -1 0 -2 -2 -1 -1 -1 0 0 -1 0 -1 -2 -1 0 0 -1 -2 -2 0 -1 0 -2 -2 -2 -1 -2 0 0 -1 0 0 0 0 -1 0 -2 -1 0 0 -1 -1 -1 -1 0 -2 -2 0 -2 -2 -2 0 0 0 -1 -1 -1 -1 -2 -2 -2 0 -2 -1 0 0 -1 -1 -2 -1 0 0
0.290064049592297 -0.510492729557295 2.01188189486286 0.261010932690801 -0.24806177184263 -1 1 1 1 0 1 1 2 2 1 1 2 0 2 0 0 0 1 2 0 1 1 0 0 2 2 2 2 1 0 0 2 2 1 1 1 1 1 2 0 1 2 0 0 0 0 1 1 0 1 1 2 1 0 1 0 0 0 2 2 1 0 0 1 0 2 0 0 0 0 0 1 1 1 2 0 0 1 1 1 0 0 1 0 2 2 1 0 0 2 0 1 0 0 0 0 1 2 0 0 1 -1 -1 -1 0 -1 -1 -2 -2 -1 -1 -2 0 -2 0 0 0 -1 -2 0 -1 -1 0 0 -2 -2 -2 -2 -1 0 0 -2 -2 -1 -1 -1 -1 -1 -2 0 -1 -2 0 0 0 0 -1 -1 0 -1 -1 -2 -1 0 -1 0 0 0 -2 -2 -1 0 0 -1 0 -2 0 0 0 0 0 -1 -1 -1 -2 0 0 -1 -1 -1 0 0 -1 0 -2 -2 -1 0 0 -2 0 -1 0 0 0 0 -1 -2 0 0 -1
0.935847331982099 -0.709244140464906 2.40906254707743 0.233168799645737 -0.805678448501932 -1 1 1 2 0 2 2 2 2 1 1 2 1 2 1 2 0 0 1 0 2 2 1 0 2 2 1 0 0 0 0 1 1 1 0 0 1 0 1 1 1 2 0 0 0 1 2 2 1 2 2 1 1 0 0 1 0 0 2 1 0 0 0 1 0 2 0 0 0 0 1 1 1 1 1 0 0 2 1 0 0 0 0 0 2 2 2 2 2 2 2 2 2 0 0 0 2 2 0 1 1 -1 -1 -2 0 -2 -2 -2 -2 -1 -1 -2 -1 -2 -1 -2 0 0 -1 0 -2 -2 -1 0 -2 -2 -1 0 0 0 0 -1 -1 -1 0 0 -1 0 -1 -1 -1 -2 0 0 0 -1 -2 -2 -1 -2 -2 -1 -1 0 0 -1 0 0 -2 -1 0 0 0 -1 0 -2 0 0 0 0 -1 -1 -1 -1 -1 0 0 -2 -1 0 0 0 0 0 -2 -2 -2 -2 -2 -2 -2 -2 -2 0 0 0 -2 -2 0 -1 -1
0.442165448007877 0.788545945636786 -0.229942503477575 0.214576527075625 -0.868930154557161 -1 0 1 0 0 2 1 2 2 1 1 1 0 2 1 0 0 0 1 0 2 0 0 0 1 1 2 1 0 1 0 2 1 1 0 1 1 1 1 0 0 1 0 0 0 1 2 2 0 1 0 2 1 1 0 2 1 0 2 2 0 0 0 0 0 2 2 0 1 0 0 0 0 0 2 0 0 2 1 0 0 1 0 1 2 2 1 1 1 2 0 2 1 0 0 0 0 2 0 0 1 0 -1 0 0 -2 -1 -2 -2 -1 -1 -1 0 -2 -1 0 0 0 -1 0 -2 0 0 0 -1 -1 -2 -1 0 -1 0 -2 -1 -1 0 -1 -1 -1 -1 0 0 -1 0 0 0 -1 -2 -2 0 -1 0 -2 -1 -1 0 -2 -1 0 -2 -2 0 0 0 0 0 -2 -2 0 -1 0 0 0 0 0 -2 0 0 -2 -1 0 0 -1 0 -1 -2 -2 -1 -1 -1 -2 0 -2 -1 0 0 0 0 -2 0 0 -1
1.07824244376038 -1.04289592736539 -0.0897149905997324 0.33475552807802 -0.372424762396225 1 2 1 0 0 2 2 2 2 0 0 1 0 1 0 1 0 0 0 0 1 0 1 0 1 2 1 1 0 1 0 2 2 0 1 2 2 1 1 0 0 1 0 0 0 1 2 2 1 2 2 2 0 0 1 2 0 0 2 2 2 0 0 1 0 2 2 1 2 0 0 0 1 0 1 0 0 2 2 2 0 0 0 0 1 1 1 2 2 2 0 2 1 0 0 0 2 2 1 2 1 2 1 0 0 2 2 2 2 0 0 1 0 1 0 1 0 0 0 0 1 0 1 0 1 2 1 1 0 1 0 2 2 0 1 2 2 1 1 0 0 1 0 0 0 1 2 2 1 2 2 2 0 0 1 2 0 0 2 2 2 0 0 1 0 2 2 1 2 0 0 0 1 0 1 0 0 2 2 2 0 0 0 0 1 1 1 2 2 2 0 2 1 0 0 0 2 2 1 2 1
-0.000551521808292678 0.777242371849731 0.115886535444451 -0.506166051758555 -0.253229552743 1 1 0 1 0 2 2 2 1 0 1 2 0 2 0 0 0 0 0 0 1 0 0 0 2 1 1 0 0 0 0 0 1 0 1 0 0 0 0 1 1 2 1 0 0 0 2 2 2 2 2 2 1 0 0 1 1 0 2 2 1 0 0 1 0 2 0 0 1 0 0 0 1 0 1 0 0 2 2 1 0 0 0 0 1 2 2 2 2 2 1 2 1 0 1 1 2 2 0 0 0 1 0 1 0 2 2 2 1 0 1 2 0 2 0 0 0 0 0 0 1 0 0 0 2 1 1 0 0 0 0 0 1 0 1 0 0 0 0 1 1 2 1 0 0 0 2 2 2 2 2 2 1 0 0 1 1 0 2 2 1 0 0 1 0 2 0 0 1 0 0 0 1 0 1 0 0 2 2 1 0 0 0 0 1 2 2 2 2 2 1 2 1 0 1 1 2 2 0 0 0
-0.392746343875184 -0.0349645103431241 -0.801912030766887 -0.971817223462974 1.88627119974126 -1 2 2 1 0 2 1 2 2 1 2 2 0 2 0 0 0 0 1 0 2 2 1 0 2 2 2 2 0 0 0 2 2 0 0 0 0 1 2 0 1 2 1 0 0 1 2 2 2 2 1 2 0 0 1 1 0 0 1 0 0 0 0 1 0 2 0 0 1 1 0 0 2 0 1 0 0 2 1 0 0 1 2 0 2 2 1 0 1 2 0 2 0 0 0 0 2 2 1 0 1 -2 -2 -1 0 -2 -1 -2 -2 -1 -2 -2 0 -2 0 0 0 0 -1 0 -2 -2 -1 0 -2 -2 -2 -2 0 0 0 -2 -2 0 0 0 0 -1 -2 0 -1 -2 -1 0 0 -1 -2 -2 -2 -2 -1 -2 0 0 -1 -1 0 0 -1 0 0 0 0 -1 0 -2 0 0 -1 -1 0 0 -2 0 -1 0 0 -2 -1 0 0 -1 -2 0 -2 -2 -1 0 -1 -2 0 -2 0 0 0 0 -2 -2 -1 0 -1
0.200143492673325 1.99486717967077 1.03221779197081 0.915376269278843 1.46982665963298 1 1 1 1 0 2 1 2 1 0 1 2 1 2 0 1 0 0 1 0 2 1 1 0 2 1 1 1 0 2 2 2 2 1 1 1 1 0 1 1 1 2 0 0 0 0 2 2 0 1 1 2 0 0 1 2 0 0 2 2 0 1 0 2 0 2 0 1 1 0 0 2 1 0 1 0 1 2 1 2 1 1 1 1 1 2 1 2 1 1 1 2 0 0 0 0 1 2 1 1 1 1 1 1 0 2 1 2 1 0 1 2 1 2 0 1 0 0 1 0 2 1 1 0 2 1 1 1 0 2 2 2 2 1 1 1 1 0 1 1 1 2 0 0 0 0 2 2 0 1 1 2 0 0 1 2 0 0 2 2 0 1 0 2 0 2 0 1 1 0 0 2 1 0 1 0 1 2 1 2 1 1 1 1 1 2 1 2 1 1 1 2 0 0 0 0 1 2 1 1 1
-0.828895962053643 -0.841900514037766 -0.378689750874892 -0.941672427051226 0.277900028062873 -1 1 0 1 0 2 2 2 2 0 1 1 0 2 1 1 0 0 1 0 2 1 1 0 2 1 0 0 0 1 0 2 1 0 0 1 0 0 2 1 1 2 0 0 0 0 2 2 2 1 1 2 1 0 0 1 1 0 2 2 0 0 0 0 0 2 0 0 0 0 0 2 2 1 1 0 0 2 1 0 0 1 2 1 2 2 1 2 2 2 1 2 1 0 0 0 1 1 0 0 1 -1 0 -1 0 -2 -2 -2 -2 0 -1 -1 0 -2 -1 -1 0 0 -1 0 -2 -1 -1 0 -2 -1 0 0 0 -1 0 -2 -1 0 0 -1 0 0 -2 -1 -1 -2 0 0 0 0 -2 -2 -2 -1 -1 -2 -1 0 0 -1 -1 0 -2 -2 0 0 0 0 0 -2 0 0 0 0 0 -2 -2 -1 -1 0 0 -2 -1 0 0 -1 -2 -1 -2 -2 -1 -2 -2 -2 -1 -2 -1 0 0 0 -1 -1 0 0 -1
0.806104608145284 -0.354436794983306 2.4842093927435 -1.44656579857766 1.44861488658929 1 2 2 1 0 2 1 1 2 1 1 1 0 0 0 1 0 0 0 0 1 1 1 0 1 1 1 0 0 1 0 1 1 1 2 1 2 0 0 0 1 2 0 0 0 1 2 2 1 1 1 2 0 0 1 1 0 0 2 1 1 0 0 1 0 2 1 0 1 0 0 0 0 0 1 0 0 2 2 1 0 0 1 1 2 2 2 2 2 2 2 2 1 0 0 0 1 2 1 1 0 2 2 1 0 2 1 1 2 1 1 1 0 0 0 1 0 0 0 0 1 1 1 0 1 1 1 0 0 1 0 1 1 1 2 1 2 0 0 0 1 2 0 0 0 1 2 2 1 1 1 2 0 0 1 1 0 0 2 1 1 0 0 1 0 2 1 0 1 0 0 0 0 0 1 0 0 2 2 1 0 0 1 1 2 2 2 2 2 2 2 2 1 0 0 0 1 2 1 1 0
0.713123765988981 2.85476568436713 -0.458780158895103 -1.47342454019725 0.613763838639334 1 2 1 2 0 2 2 2 1 1 1 2 0 1 0 0 0 0 1 0 2 2 1 0 2 2 2 1 0 0 0 1 1 1 1 2 2 2 2 1 1 2 0 0 1 1 2 2 2 2 2 2 0 0 0 1 0 1 2 0 0 0 0 1 0 2 0 1 1 0 0 1 0 0 2 0 0 2 1 0 0 0 1 0 1 2 0 1 0 2 0 2 0 0 0 1 1 2 0 1 2 2 1 2 0 2 2 2 1 1 1 2 0 1 0 0 0 0 1 0 2 2 1 0 2 2 2 1 0 0 0 1 1 1 1 2 2 2 2 1 1 2 0 0 1 1 2 2 2 2 2 2 0 0 0 1 0 1 2 0 0 0 0 1 0 2 0 1 1 0 0 1 0 0 2 0 0 2 1 0 0 0 1 0 1 2 0 1 0 2 0 2 0 0 0 1 1 2 0 1 2
-0.674509191757272 -0.931994249263363 0.212069419333781 0.482756301787497 0.952562239468847 -1 1 1 1 0 1 1 2 2 1 0 2 0 2 0 1 0 0 2 0 2 1 1 0 2 2 1 1 0 1 1 2 2 0 1 2 1 1 1 0 2 2 1 0 1 1 2 2 1 2 2 1 0 0 0 1 0 0 1 1 1 0 0 2 0 2 0 0 0 0 0 0 0 0 1 0 0 2 2 1 0 0 2 2 2 2 1 1 1 2 1 2 0 0 0 1 2 2 1 1 1 -1 -1 -1 0 -1 -1 -2 -2 -1 0 -2 0 -2 0 -1 0 0 -2 0 -2 -1 -1 0 -2 -2 -1 -1 0 -1 -1 -2 -2 0 -1 -2 -1 -1 -1 0 -2 -2 -1 0 -1 -1 -2 -2 -1 -2 -2 -1 0 0 0 -1 0 0 -1 -1 -1 0 0 -2 0 -2 0 0 0 0 0 0 0 0 -1 0 0 -2 -2 -1 0 0 -2 -2 -2 -2 -1 -1 -1 -2 -1 -2 0 0 0 -1 -2 -2 -1 -1 -1
-0.721581413608886 -1.39051659832327 0.174656362445986 -2.46141426211614 2.15525805856606 -1 1 1 1 0 2 2 1 2 1 0 1 0 2 0 0 0 0 1 0 2 1 1 0 2 2 1 1 0 2 1 2 2 2 1 1 1 0 1 1 1 2 2 0 0 0 2 2 1 2 2 1 0 0 0 1 0 0 2 1 1 0 0 1 0 2 0 0 0 0 0 0 0 1 2 0 0 2 2 0 0 1 0 0 1 2 1 1 1 2 0 2 0 0 0 0 1 2 1 1 1 -1 -1 -1 0 -2 -2 -1 -2 -1 0 -1 0 -2 0 0 0 0 -1 0 -2 -1 -1 0 -2 -2 -1 -1 0 -2 -1 -2 -2 -2 -1 -1 -1 0 -1 -1 -1 -2 -2 0 0 0 -2 -2 -1 -2 -2 -1 0 0 0 -1 0 0 -2 -1 -1 0 0 -1 0 -2 0 0 0 0 0 0 0 -1 -2 0 0 -2 -2 0 0 -1 0 0 -1 -2 -1 -1 -1 -2 0 -2 0 0 0 0 -1 -2 -1 -1 -1
-1.66589806249173 0.905071751879059 0.540157092081485 -1.02156146009915 -0.558704603628319 1 1 1 2 1 2 2 2 2 1 0 1 0 1 0 0 0 0 2 0 1 1 0 0 2 2 1 1 1 1 0 2 1 0 2 2 1 0 1 0 0 1 0 0 0 0 2 2 1 2 2 2 1 1 1 1 0 0 2 2 0 0 0 1 0 2 1 1 1 0 0 0 1 1 1 0 0 2 0 0 0 1 1 2 2 2 1 2 2 2 1 2 1 0 0 0 0 1 0 0 1 1 1 2 1 2 2 2 2 1 0 1 0 1 0 0 0 0 2 0 1 1 0 0 2 2 1 1 1 1 0 2 1 0 2 2 1 0 1 0 0 1 0 0 0 0 2 2 1 2 2 2 1 1 1 1 0 0 2 2 0 0 0 1 0 2 1 1 1 0 0 0 1 1 1 0 0 2 0 0 0 1 1 2 2 2 1 2 2 2 1 2 1 0 0 0 0 1 0 0 1
-0.0917091792180743 -0.236364352709573 -0.977829555535549 -1.06873853021095 -0.792080977858157 1 1 1 0 0 1 1 2 2 2 1 1 0 2 0 0 0 0 1 0 2 1 1 0 2 2 1 0 0 0 0 2 2 1 0 0 1 1 1 1 2 2 1 1 1 1 2 2 1 2 2 2 1 1 0 2 0 0 2 1 0 0 0 1 0 2 0 0 0 0 0 0 0 0 0 0 0 2 1 0 0 0 1 1 2 1 0 1 1 2 2 2 0 0 0 0 1 2 0 1 1 1 1 0 0 1 1 2 2 2 1 1 0 2 0 0 0 0 1 0 2 1 1 0 2 2 1 0 0 0 0 2 2 1 0 0 1 1 1 1 2 2 1 1 1 1 2 2 1 2 2 2 1 1 0 2 0 0 2 1 0 0 0 1 0 2 0 0 0 0 0 0 0 0 0 0 0 2 1 0 0 0 1 1 2 1 0 1 1 2 2 2 0 0 0 0 1 2 0 1 1
-1.44577242032803 -0.647436939937937 -0.615808574151534 0.273212233827278 0.316053077023256 1 0 1 1 0 2 2 2 1 1 1 2 1 2 0 0 0 0 2 0 2 2 1 0 1 2 1 0 0 1 0 2 1 1 1 1 1 1 1 1 2 2 0 0 0 1 2 2 1 2 2 2 1 1 2 2 1 1 2 1 0 0 0 0 0 2 1 1 0 0 0 1 0 0 2 1 1 2 1 1 0 0 0 0 2 2 1 2 1 2 1 2 1 0 0 1 1 2 1 0 1 0 1 1 0 2 2 2 1 1 1 2 1 2 0 0 0 0 2 0 2 2 1 0 1 2 1 0 0 1 0 2 1 1 1 1 1 1 1 1 2 2 0 0 0 1 2 2 1 2 2 2 1 1 2 2 1 1 2 1 0 0 0 0 0 2 1 1 0 0 0 1 0 0 2 1 1 2 1 1 0 0 0 0 2 2 1 2 1 2 1 2 1 0 0 1 1 2 1 0 1
-0.619400663293412 -0.356955189683816 0.198105186055071 -0.564986855453224 0.328832948628523 1 0 0 1 0 2 1 2 2 1 0 2 1 2 0 1 0 0 1 0 2 0 0 0 2 2 2 1 0 1 0 2 1 0 1 0 1 1 2 1 2 2 1 0 0 1 2 2 2 2 2 2 2 0 1 2 1 0 2 2 1 0 0 0 0 2 2 0 2 0 0 2 1 0 2 0 0 2 2 0 0 0 1 1 2 2 1 1 2 2 2 2 1 1 2 1 2 2 0 1 1 0 0 1 0 2 1 2 2 1 0 2 1 2 0 1 0 0 1 0 2 0 0 0 2 2 2 1 0 1 0 2 1 0 1 0 1 1 2 1 2 2 1 0 0 1 2 2 2 2 2 2 2 0 1 2 1 0 2 2 1 0 0 0 0 2 2 0 2 0 0 2 1 0 2 0 0 2 2 0 0 0 1 1 2 2 1 1 2 2 2 2 1 1 2 1 2 2 0 1 1
0.252657774156444 0.425551711181348 -1.3574343246203 0.302115952200078 0.591146030902689 1 2 1 1 0 2 2 2 2 2 2 1 1 2 0 2 0 0 1 0 2 0 2 0 2 2 2 2 1 1 1 2 1 1 0 1 0 0 1 0 1 1 0 0 0 1 2 2 1 1 2 2 1 0 0 1 0 0 2 2 1 0 0 0 0 2 0 1 1 0 1 1 1 1 1 0 0 2 0 0 0 0 1 2 2 2 2 2 2 2 2 2 1 0 0 1 1 2 0 0 1 2 1 1 0 2 2 2 2 2 2 1 1 2 0 2 0 0 1 0 2 0 2 0 2 2 2 2 1 1 1 2 1 1 0 1 0 0 1 0 1 1 0 0 0 1 2 2 1 1 2 2 1 0 0 1 0 0 2 2 1 0 0 0 0 2 0 1 1 0 1 1 1 1 1 0 0 2 0 0 0 0 1 2 2 2 2 2 2 2 2 2 1 0 0 1 1 2 0 0 1
0.407638886606388 -0.395275609198172 0.307137203428595 0.247389845399775 0.792979189914132 1 1 1 0 0 2 1 1 1 0 0 2 1 2 1 1 0 1 2 0 2 0 1 0 2 2 1 2 2 2 1 2 2 1 0 0 0 0 2 1 1 2 0 0 0 0 2 2 0 1 1 2 0 0 0 1 1 1 2 2 1 0 1 1 0 2 0 2 2 0 0 0 1 2 1 0 1 2 1 1 0 0 2 1 2 2 2 2 2 2 2 2 1 0 0 1 1 2 1 0 1 1 1 0 0 2 1 1 1 0 0 2 1 2 1 1 0 1 2 0 2 0 1 0 2 2 1 2 2 2 1 2 2 1 0 0 0 0 2 1 1 2 0 0 0 0 2 2 0 1 1 2 0 0 0 1 1 1 2 2 1 0 1 1 0 2 0 2 2 0 0 0 1 2 1 0 1 2 1 1 0 0 2 1 2 2 2 2 2 2 2 2 1 0 0 1 1 2 1 0 1
1.98257831505134 -0.72861666566365 0.777688358929775 -0.663890837846742 -1.67956764676237 1 1 1 2 0 2 2 2 2 1 1 0 0 2 0 1 0 0 1 0 2 0 1 0 2 2 1 0 0 2 1 2 1 1 1 1 1 2 2 0 1 2 1 0 0 1 2 2 2 2 2 2 1 1 2 2 1 0 2 2 0 0 0 1 0 2 0 0 2 0 0 1 2 1 2 0 0 2 2 2 0 0 1 0 1 1 0 1 1 2 1 2 1 0 0 0 1 2 0 1 1 1 1 2 0 2 2 2 2 1 1 0 0 2 0 1 0 0 1 0 2 0 1 0 2 2 1 0 0 2 1 2 1 1 1 1 1 2 2 0 1 2 1 0 0 1 2 2 2 2 2 2 1 1 2 2 1 0 2 2 0 0 0 1 0 2 0 0 2 0 0 1 2 1 2 0 0 2 2 2 0 0 1 0 1 1 0 1 1 2 1 2 1 0 0 0 1 2 0 1 1
0.249611740537965 1.29236190464411 -1.27524948869256 0.634388350378635 0.856055959262701 -1 2 2 2 1 2 2 2 1 1 1 1 0 2 1 1 0 0 0 0 2 1 1 0 2 2 1 1 0 1 1 2 1 0 0 2 1 0 2 0 1 1 0 0 0 0 2 2 0 2 2 2 2 1 0 1 0 0 2 1 2 1 1 2 0 2 1 2 1 1 0 0 1 1 2 1 0 2 2 1 0 0 0 0 0 1 1 2 2 2 2 2 0 0 0 0 1 2 0 0 1 -2 -2 -2 -1 -2 -2 -2 -1 -1 -1 -1 0 -2 -1 -1 0 0 0 0 -2 -1 -1 0 -2 -2 -1 -1 0 -1 -1 -2 -1 0 0 -2 -1 0 -2 0 -1 -1 0 0 0 0 -2 -2 0 -2 -2 -2 -2 -1 0 -1 0 0 -2 -1 -2 -1 -1 -2 0 -2 -1 -2 -1 -1 0 0 -1 -1 -2 -1 0 -2 -2 -1 0 0 0 0 0 -1 -1 -2 -2 -2 -2 -2 0 0 0 0 -1 -2 0 0 -1
1.64575355549569 1.09491332291132 0.977740199201962 -0.84784856548728 -0.10873397245526 -1 0 1 0 0 1 2 2 2 1 1 0 0 2 1 1 0 0 1 0 2 0 1 0 2 1 1 2 2 2 0 2 2 1 1 2 0 0 2 0 1 2 1 0 0 1 2 2 1 2 2 2 0 0 0 1 0 0 2 1 0 0 0 0 0 2 1 0 0 1 1 1 1 0 1 0 0 2 1 0 0 1 1 0 2 2 2 1 2 2 0 2 1 0 0 0 2 2 2 2 1 0 -1 0 0 -1 -2 -2 -2 -1 -1 0 0 -2 -1 -1 0 0 -1 0 -2 0 -1 0 -2 -1 -1 -2 -2 -2 0 -2 -2 -1 -1 -2 0 0 -2 0 -1 -2 -1 0 0 -1 -2 -2 -1 -2 -2 -2 0 0 0 -1 0 0 -2 -1 0 0 0 0 0 -2 -1 0 0 -1 -1 -1 -1 0 -1 0 0 -2 -1 0 0 -1 -1 0 -2 -2 -2 -1 -2 -2 0 -2 -1 0 0 0 -2 -2 -2 -2 -1
0.388481796103659 0.812664830781711 -1.24260647206207 -2.27122938865786 -0.532572903972863 -1 1 0 1 0 2 1 2 1 1 0 1 0 2 0 1 0 0 0 0 2 0 1 0 1 1 1 0 0 1 0 2 1 0 1 1 0 0 1 1 2 2 1 0 0 2 1 1 1 2 2 2 0 1 0 2 2 1 2 2 2 0 0 1 0 2 0 0 0 0 0 1 1 1 2 0 0 2 2 1 0 0 0 0 2 0 1 2 1 1 0 2 1 1 0 0 2 2 0 0 0 -1 0 -1 0 -2 -1 -2 -1 -1 0 -1 0 -2 0 -1 0 0 0 0 -2 0 -1 0 -1 -1 -1 0 0 -1 0 -2 -1 0 -1 -1 0 0 -1 -1 -2 -2 -1 0 0 -2 -1 -1 -1 -2 -2 -2 0 -1 0 -2 -2 -1 -2 -2 -2 0 0 -1 0 -2 0 0 0 0 0 -1 -1 -1 -2 0 0 -2 -2 -1 0 0 0 0 -2 0 -1 -2 -1 -1 0 -2 -1 -1 0 0 -2 -2 0 0 0
0.464900493797411 0.262186014594725 2.58655391386417 -0.562458461132649 -1.63490993150578 -1 0 2 2 0 2 2 2 2 1 1 1 0 1 0 1 0 0 0 0 2 1 1 0 2 2 1 1 1 1 0 2 2 1 2 2 1 2 2 1 1 2 1 0 0 2 2 1 0 1 2 2 1 0 0 1 0 0 2 2 0 1 0 1 0 2 0 0 0 0 0 1 0 0 2 0 0 2 1 0 0 1 0 1 2 2 2 2 1 2 0 2 1 0 0 0 1 2 0 2 1 0 -2 -2 0 -2 -2 -2 -2 -1 -1 -1 0 -1 0 -1 0 0 0 0 -2 -1 -1 0 -2 -2 -1 -1 -1 -1 0 -2 -2 -1 -2 -2 -1 -2 -2 -1 -1 -2 -1 0 0 -2 -2 -1 0 -1 -2 -2 -1 0 0 -1 0 0 -2 -2 0 -1 0 -1 0 -2 0 0 0 0 0 -1 0 0 -2 0 0 -2 -1 0 0 -1 0 -1 -2 -2 -2 -2 -1 -2 0 -2 -1 0 0 0 -1 -2 0 -2 -1
-0.10029934637238 1.42019100169445 -1.37246842703451 1.18253294114092 0.241657617833509 1 2 2 2 0 2 2 2 2 0 0 0 0 1 0 1 0 0 1 0 2 2 2 0 2 2 2 1 0 1 0 1 2 1 0 1 1 0 2 1 1 1 0 0 0 0 2 2 0 2 0 2 0 0 0 1 0 0 2 1 2 0 0 1 0 2 1 0 0 0 0 0 1 1 2 0 0 2 1 0 0 0 1 0 1 2 1 2 2 2 2 2 2 0 0 0 1 2 0 0 0 2 2 2 0 2 2 2 2 0 0 0 0 1 0 1 0 0 1 0 2 2 2 0 2 2 2 1 0 1 0 1 2 1 0 1 1 0 2 1 1 1 0 0 0 0 2 2 0 2 0 2 0 0 0 1 0 0 2 1 2 0 0 1 0 2 1 0 0 0 0 0 1 1 2 0 0 2 1 0 0 0 1 0 1 2 1 2 2 2 2 2 2 0 0 0 1 2 0 0 0
1.03076194815969 -1.85733128067655 -0.414229991927626 0.196612081349017 0.669323646414164 1 1 2 1 1 2 2 1 1 0 0 0 0 1 0 0 0 0 0 0 1 0 0 0 2 2 1 1 0 1 0 2 2 1 1 1 2 2 1 0 0 1 1 0 0 0 1 1 0 2 2 2 0 0 0 1 0 0 2 2 1 0 0 1 0 2 0 0 0 2 0 2 1 0 1 1 1 2 1 0 0 0 2 1 2 2 1 1 0 2 1 2 1 0 0 1 1 2 1 1 1 1 2 1 1 2 2 1 1 0 0 0 0 1 0 0 0 0 0 0 1 0 0 0 2 2 1 1 0 1 0 2 2 1 1 1 2 2 1 0 0 1 1 0 0 0 1 1 0 2 2 2 0 0 0 1 0 0 2 2 1 0 0 1 0 2 0 0 0 2 0 2 1 0 1 1 1 2 1 0 0 0 2 1 2 2 1 1 0 2 1 2 1 0 0 1 1 2 1 1 1
1.80261946430306 -1.0736441267249 0.91573716503886 -0.458709543676591 0.988294822832342 1 1 1 1 0 2 1 1 2 1 1 2 0 2 0 0 0 0 2 0 2 2 2 1 2 2 2 1 0 2 1 2 2 1 0 0 0 1 2 0 0 2 2 0 0 0 0 2 1 2 2 2 1 0 1 2 0 0 1 1 1 1 1 1 0 2 0 0 0 0 0 1 2 1 2 0 0 2 1 1 0 0 0 0 0 1 0 1 1 2 1 2 0 0 0 1 2 2 0 0 0 1 1 1 0 2 1 1 2 1 1 2 0 2 0 0 0 0 2 0 2 2 2 1 2 2 2 1 0 2 1 2 2 1 0 0 0 1 2 0 0 2 2 0 0 0 0 2 1 2 2 2 1 0 1 2 0 0 1 1 1 1 1 1 0 2 0 0 0 0 0 1 2 1 2 0 0 2 1 1 0 0 0 0 0 1 0 1 1 2 1 2 0 0 0 1 2 2 0 0 0
1.70783456262632 0.258462402303138 0.519796762695133 1.15316887421865 -1.19466974587113 1 2 1 1 0 2 2 0 0 0 1 0 0 2 0 1 0 0 1 0 0 0 0 0 2 1 1 2 1 2 2 2 0 0 0 0 0 1 1 0 1 2 0 0 0 1 2 2 2 2 2 2 0 0 2 2 1 0 2 2 0 0 0 0 0 2 0 0 0 0 0 1 0 2 2 1 1 2 0 0 0 0 2 0 2 1 1 2 2 2 1 2 1 0 0 1 2 2 0 1 2 2 1 1 0 2 2 0 0 0 1 0 0 2 0 1 0 0 1 0 0 0 0 0 2 1 1 2 1 2 2 2 0 0 0 0 0 1 1 0 1 2 0 0 0 1 2 2 2 2 2 2 0 0 2 2 1 0 2 2 0 0 0 0 0 2 0 0 0 0 0 1 0 2 2 1 1 2 0 0 0 0 2 0 2 1 1 2 2 2 1 2 1 0 0 1 2 2 0 1 2
-0.262502880758974 -1.49476833749523 -0.730427160273404 -0.295300713975826 0.526442970943967 1 2 2 2 1 2 2 2 2 1 1 2 0 2 0 1 0 0 1 0 1 0 1 0 2 2 2 2 0 1 0 2 1 1 1 2 2 0 2 0 1 1 0 0 0 0 2 2 1 2 1 2 0 0 0 1 0 0 2 0 0 1 0 2 0 2 1 1 2 0 0 1 0 1 2 0 0 2 2 0 0 0 1 1 1 2 2 2 2 2 1 2 0 0 0 0 1 1 1 1 1 2 2 2 1 2 2 2 2 1 1 2 0 2 0 1 0 0 1 0 1 0 1 0 2 2 2 2 0 1 0 2 1 1 1 2 2 0 2 0 1 1 0 0 0 0 2 2 1 2 1 2 0 0 0 1 0 0 2 0 0 1 0 2 0 2 1 1 2 0 0 1 0 1 2 0 0 2 2 0 0 0 1 1 1 2 2 2 2 2 1 2 0 0 0 0 1 1 1 1 1
-0.431017610510512 0.843106479917375 1.94975535336001 -1.41570660153174 0.0730137312182464 1 2 1 0 0 1 1 2 2 1 0 1 1 2 1 2 0 0 1 0 1 1 1 0 2 2 1 1 0 1 0 2 1 1 2 2 2 2 2 0 0 2 1 0 0 1 2 1 1 1 1 2 1 1 0 1 1 0 2 2 0 1 0 1 0 2 1 0 1 0 0 0 0 0 1 0 0 2 2 1 0 1 2 1 2 2 0 1 2 2 2 2 2 0 0 0 1 1 0 0 1 2 1 0 0 1 1 2 2 1 0 1 1 2 1 2 0 0 1 0 1 1 1 0 2 2 1 1 0 1 0 2 1 1 2 2 2 2 2 0 0 2 1 0 0 1 2 1 1 1 1 2 1 1 0 1 1 0 2 2 0 1 0 1 0 2 1 0 1 0 0 0 0 0 1 0 0 2 2 1 0 1 2 1 2 2 0 1 2 2 2 2 2 0 0 0 1 1 0 0 1
-0.142538763338558 0.349628638977709 -1.23963627607938 0.0913706999370006 -0.78948724800975 -1 1 0 0 0 2 1 0 1 0 0 0 0 2 0 0 0 0 2 0 2 1 1 0 2 1 1 0 1 1 0 2 1 1 1 1 1 0 2 0 1 2 0 0 0 0 2 2 0 1 2 2 0 0 0 1 0 0 2 1 1 1 0 1 0 2 0 0 1 0 0 1 1 0 1 0 0 2 2 0 0 0 2 1 1 1 0 1 1 2 1 2 0 0 0 0 0 2 1 1 1 -1 0 0 0 -2 -1 0 -1 0 0 0 0 -2 0 0 0 0 -2 0 -2 -1 -1 0 -2 -1 -1 0 -1 -1 0 -2 -1 -1 -1 -1 -1 0 -2 0 -1 -2 0 0 0 0 -2 -2 0 -1 -2 -2 0 0 0 -1 0 0 -2 -1 -1 -1 0 -1 0 -2 0 0 -1 0 0 -1 -1 0 -1 0 0 -2 -2 0 0 0 -2 -1 -1 -1 0 -1 -1 -2 -1 -2 0 0 0 0 0 -2 -1 -1 -1
0.251494258974913 0.983122688865233 -1.10676586682446 0.453097648836115 -0.13017029385595 1 0 0 0 0 1 1 2 2 0 1 2 0 2 0 0 0 0 2 0 1 0 1 0 2 2 2 2 1 1 0 2 2 2 1 1 1 0 2 0 0 1 1 0 1 0 2 2 1 2 2 2 1 1 1 1 1 0 2 2 1 0 0 0 0 2 1 0 0 0 0 1 0 0 1 0 0 2 1 0 0 1 2 2 2 2 2 2 2 2 1 2 0 0 0 1 1 2 0 0 1 0 0 0 0 1 1 2 2 0 1 2 0 2 0 0 0 0 2 0 1 0 1 0 2 2 2 2 1 1 0 2 2 2 1 1 1 0 2 0 0 1 1 0 1 0 2 2 1 2 2 2 1 1 1 1 1 0 2 2 1 0 0 0 0 2 1 0 0 0 0 1 0 0 1 0 0 2 1 0 0 1 2 2 2 2 2 2 2 2 1 2 0 0 0 1 1 2 0 0 1
-0.265598682169248 -0.617704654657157 1.91053078907197 -0.136713862223808 -1.45313641794418 -1 2 2 2 1 2 2 2 2 1 1 2 0 2 0 0 0 0 1 0 2 0 0 0 2 2 2 2 2 2 1 1 2 0 2 2 1 1 2 0 0 1 0 0 0 0 2 2 1 2 2 2 1 2 1 2 0 1 2 2 0 0 0 2 0 2 0 0 0 0 0 0 1 0 2 0 0 2 2 0 0 0 1 1 2 2 2 2 2 2 0 1 1 0 0 1 2 2 1 0 0 -2 -2 -2 -1 -2 -2 -2 -2 -1 -1 -2 0 -2 0 0 0 0 -1 0 -2 0 0 0 -2 -2 -2 -2 -2 -2 -1 -1 -2 0 -2 -2 -1 -1 -2 0 0 -1 0 0 0 0 -2 -2 -1 -2 -2 -2 -1 -2 -1 -2 0 -1 -2 -2 0 0 0 -2 0 -2 0 0 0 0 0 0 -1 0 -2 0 0 -2 -2 0 0 0 -1 -1 -2 -2 -2 -2 -2 -2 0 -1 -1 0 0 -1 -2 -2 -1 0 0
-0.502067417235719 1.18816838989853 0.344170502736961 1.47452400709038 2.83292862482492 -1 1 1 2 0 2 1 2 2 1 0 0 1 2 1 0 0 0 1 0 2 0 1 0 1 2 2 2 1 2 1 2 1 1 1 2 1 1 2 0 2 2 0 0 0 0 2 2 2 2 2 2 1 1 1 1 0 0 2 1 1 1 1 2 0 2 0 1 0 2 0 0 0 0 1 0 0 2 1 0 0 0 0 1 2 2 2 1 2 2 2 2 1 0 1 1 2 2 1 2 2 -1 -1 -2 0 -2 -1 -2 -2 -1 0 0 -1 -2 -1 0 0 0 -1 0 -2 0 -1 0 -1 -2 -2 -2 -1 -2 -1 -2 -1 -1 -1 -2 -1 -1 -2 0 -2 -2 0 0 0 0 -2 -2 -2 -2 -2 -2 -1 -1 -1 -1 0 0 -2 -1 -1 -1 -1 -2 0 -2 0 -1 0 -2 0 0 0 0 -1 0 0 -2 -1 0 0 0 0 -1 -2 -2 -2 -1 -2 -2 -2 -2 -1 0 -1 -1 -2 -2 -1 -2 -2
-0.37392252835285 -0.333798087965851 -0.793608115659696 -0.767892110302858 -0.18645839971645 1 1 1 1 0 2 2 2 1 0 0 2 1 2 0 0 0 0 1 0 1 0 0 0 2 2 1 2 1 2 1 2 2 1 2 2 2 0 2 1 1 1 0 0 1 1 2 2 2 2 2 2 1 1 0 2 0 0 2 1 0 0 1 2 0 2 1 0 0 0 0 0 1 2 2 0 0 2 2 0 0 0 0 0 2 2 1 2 2 2 1 2 1 0 0 0 1 2 0 1 1 1 1 1 0 2 2 2 1 0 0 2 1 2 0 0 0 0 1 0 1 0 0 0 2 2 1 2 1 2 1 2 2 1 2 2 2 0 2 1 1 1 0 0 1 1 2 2 2 2 2 2 1 1 0 2 0 0 2 1 0 0 1 2 0 2 1 0 0 0 0 0 1 2 2 0 0 2 2 0 0 0 0 0 2 2 1 2 2 2 1 2 1 0 0 0 1 2 0 1 1
-0.0211997750499991 -0.917260862666995 -0.901508987822077 0.880361991897934 -0.524915277782689 -1 2 0 2 1 2 2 2 2 1 2 2 0 1 0 1 0 1 2 0 2 1 1 0 2 2 2 2 0 2 1 2 2 2 2 2 2 2 1 1 2 2 0 0 0 1 2 2 2 2 1 2 2 2 1 1 1 1 2 1 1 1 1 2 0 2 0 0 0 1 0 1 0 0 1 1 0 2 1 0 0 0 1 0 2 2 2 2 2 2 1 1 2 0 1 1 2 2 2 2 1 -2 0 -2 -1 -2 -2 -2 -2 -1 -2 -2 0 -1 0 -1 0 -1 -2 0 -2 -1 -1 0 -2 -2 -2 -2 0 -2 -1 -2 -2 -2 -2 -2 -2 -2 -1 -1 -2 -2 0 0 0 -1 -2 -2 -2 -2 -1 -2 -2 -2 -1 -1 -1 -1 -2 -1 -1 -1 -1 -2 0 -2 0 0 0 -1 0 -1 0 0 -1 -1 0 -2 -1 0 0 0 -1 0 -2 -2 -2 -2 -2 -2 -1 -1 -2 0 -1 -1 -2 -2 -2 -2 -1
-0.0226620410933872 -0.781488017173635 -1.3552650937508 1.49123860785344 2.10283562877507 -1 0 2 1 0 2 2 2 2 2 2 2 0 2 0 0 0 0 0 0 2 1 1 0 2 2 1 2 0 2 1 2 2 1 2 2 1 1 1 1 2 2 1 0 0 1 2 2 1 2 2 2 2 2 1 2 0 0 1 2 0 0 0 1 0 2 1 1 1 0 0 2 1 0 0 0 0 2 2 0 0 1 1 0 1 2 2 2 2 2 0 2 0 0 0 0 2 1 0 0 2 0 -2 -1 0 -2 -2 -2 -2 -2 -2 -2 0 -2 0 0 0 0 0 0 -2 -1 -1 0 -2 -2 -1 -2 0 -2 -1 -2 -2 -1 -2 -2 -1 -1 -1 -1 -2 -2 -1 0 0 -1 -2 -2 -1 -2 -2 -2 -2 -2 -1 -2 0 0 -1 -2 0 0 0 -1 0 -2 -1 -1 -1 0 0 -2 -1 0 0 0 0 -2 -2 0 0 -1 -1 0 -1 -2 -2 -2 -2 -2 0 -2 0 0 0 0 -2 -1 0 0 -2
-0.272042026124651 0.375161638480173 -1.58802488845059 -0.611863597916217 -1.03848418733307 -1 0 1 1 0 2 2 2 2 2 2 1 0 2 0 2 0 0 1 0 2 2 2 0 2 2 1 1 1 2 1 1 1 0 0 1 1 0 1 0 2 2 2 0 1 1 2 2 2 2 2 1 0 0 2 2 0 0 2 2 1 0 0 2 0 2 0 1 2 1 0 0 1 2 1 0 0 2 2 2 1 1 1 0 1 2 2 2 1 2 2 2 2 0 0 2 2 2 0 0 1 0 -1 -1 0 -2 -2 -2 -2 -2 -2 -1 0 -2 0 -2 0 0 -1 0 -2 -2 -2 0 -2 -2 -1 -1 -1 -2 -1 -1 -1 0 0 -1 -1 0 -1 0 -2 -2 -2 0 -1 -1 -2 -2 -2 -2 -2 -1 0 0 -2 -2 0 0 -2 -2 -1 0 0 -2 0 -2 0 -1 -2 -1 0 0 -1 -2 -1 0 0 -2 -2 -2 -1 -1 -1 0 -1 -2 -2 -2 -1 -2 -2 -2 -2 0 0 -2 -2 -2 0 0 -1
-1.59014402229468 0.301180217625692 0.198576393953157 0.42271237633338 1.23476200808389 -1 1 0 0 0 2 2 1 1 0 0 1 0 2 0 1 0 0 2 0 2 2 2 0 2 2 2 1 0 1 2 2 1 1 2 1 1 2 2 1 2 2 1 0 1 2 2 2 2 2 2 2 0 1 0 0 0 0 2 2 0 0 0 1 0 2 0 0 1 0 0 0 0 0 1 0 0 2 1 1 1 1 1 0 1 1 0 0 2 2 0 2 1 0 0 2 1 2 1 2 1 -1 0 0 0 -2 -2 -1 -1 0 0 -1 0 -2 0 -1 0 0 -2 0 -2 -2 -2 0 -2 -2 -2 -1 0 -1 -2 -2 -1 -1 -2 -1 -1 -2 -2 -1 -2 -2 -1 0 -1 -2 -2 -2 -2 -2 -2 -2 0 -1 0 0 0 0 -2 -2 0 0 0 -1 0 -2 0 0 -1 0 0 0 0 0 -1 0 0 -2 -1 -1 -1 -1 -1 0 -1 -1 0 0 -2 -2 0 -2 -1 0 0 -2 -1 -2 -1 -2 -1
1.74830954419855 -0.795671304962294 1.28825095848013 -1.2358979991541 0.353727483240855 -1 1 2 0 0 2 2 2 2 1 0 1 1 2 1 1 0 0 1 0 2 0 2 0 2 2 1 2 0 1 0 2 1 2 1 1 1 1 1 0 1 2 0 0 0 1 2 2 1 2 2 2 2 0 0 0 0 0 1 1 0 0 0 2 0 2 1 1 1 2 0 0 1 2 2 1 1 2 2 1 0 1 1 1 2 2 2 2 2 2 2 2 1 0 0 0 2 1 0 1 2 -1 -2 0 0 -2 -2 -2 -2 -1 0 -1 -1 -2 -1 -1 0 0 -1 0 -2 0 -2 0 -2 -2 -1 -2 0 -1 0 -2 -1 -2 -1 -1 -1 -1 -1 0 -1 -2 0 0 0 -1 -2 -2 -1 -2 -2 -2 -2 0 0 0 0 0 -1 -1 0 0 0 -2 0 -2 -1 -1 -1 -2 0 0 -1 -2 -2 -1 -1 -2 -2 -1 0 -1 -1 -1 -2 -2 -2 -2 -2 -2 -2 -2 -1 0 0 0 -2 -1 0 -1 -2
0.407270691608831 2.17585238844652 0.326594191821912 0.268369225254066 -0.560612346920226 -1 1 0 1 0 2 2 2 2 1 1 0 0 1 0 0 0 0 1 0 2 1 0 0 2 2 2 0 1 1 0 2 2 1 2 2 1 1 2 0 0 2 1 0 0 1 2 1 0 2 2 1 0 0 0 2 0 0 1 0 0 0 0 0 0 2 0 1 2 0 0 0 0 0 1 0 0 2 2 1 0 1 0 0 1 2 1 1 2 2 0 2 1 1 0 0 1 2 0 1 2 -1 0 -1 0 -2 -2 -2 -2 -1 -1 0 0 -1 0 0 0 0 -1 0 -2 -1 0 0 -2 -2 -2 0 -1 -1 0 -2 -2 -1 -2 -2 -1 -1 -2 0 0 -2 -1 0 0 -1 -2 -1 0 -2 -2 -1 0 0 0 -2 0 0 -1 0 0 0 0 0 0 -2 0 -1 -2 0 0 0 0 0 -1 0 0 -2 -2 -1 0 -1 0 0 -1 -2 -1 -1 -2 -2 0 -2 -1 -1 0 0 -1 -2 0 -1 -2
1.42687447758659 -0.0583763579260523 -0.761849374231201 1.09260308405997 0.281621017878191 -1 1 1 0 0 1 1 1 1 0 1 2 1 2 0 0 0 0 1 1 2 1 0 0 2 2 2 1 0 0 0 2 2 2 1 2 1 0 1 1 1 2 0 0 0 0 2 1 0 1 1 2 0 0 0 1 0 0 1 1 1 0 0 1 0 2 0 0 0 0 0 0 0 0 1 0 0 2 1 1 0 0 1 0 1 2 2 2 2 2 2 2 2 0 0 2 2 2 1 2 2 -1 -1 0 0 -1 -1 -1 -1 0 -1 -2 -1 -2 0 0 0 0 -1 -1 -2 -1 0 0 -2 -2 -2 -1 0 0 0 -2 -2 -2 -1 -2 -1 0 -1 -1 -1 -2 0 0 0 0 -2 -1 0 -1 -1 -2 0 0 0 -1 0 0 -1 -1 -1 0 0 -1 0 -2 0 0 0 0 0 0 0 0 -1 0 0 -2 -1 -1 0 0 -1 0 -1 -2 -2 -2 -2 -2 -2 -2 -2 0 0 -2 -2 -2 -1 -2 -2
-0.0728662999079204 -0.937497635818382 -0.604646668655521 -2.05024920255864 1.42720131604364 -1 2 1 1 0 2 2 2 2 2 1 2 0 2 1 1 0 0 0 0 2 2 1 0 2 1 2 2 0 2 1 2 2 1 1 2 1 1 2 0 2 2 0 0 0 1 2 2 0 2 2 2 1 0 0 2 0 0 1 0 1 0 0 0 0 2 0 0 0 0 0 0 0 1 2 0 0 2 1 0 0 0 1 1 2 1 1 2 1 1 0 2 1 1 0 0 1 2 2 1 1 -2 -1 -1 0 -2 -2 -2 -2 -2 -1 -2 0 -2 -1 -1 0 0 0 0 -2 -2 -1 0 -2 -1 -2 -2 0 -2 -1 -2 -2 -1 -1 -2 -1 -1 -2 0 -2 -2 0 0 0 -1 -2 -2 0 -2 -2 -2 -1 0 0 -2 0 0 -1 0 -1 0 0 0 0 -2 0 0 0 0 0 0 0 -1 -2 0 0 -2 -1 0 0 0 -1 -1 -2 -1 -1 -2 -1 -1 0 -2 -1 -1 0 0 -1 -2 -2 -1 -1
-2.54920636235845 0.0875718103315286 0.711423789846215 -0.0566909646028197 1.08443450696655 1 1 2 1 0 2 2 2 2 0 0 0 0 2 0 0 0 0 1 0 2 1 1 0 2 2 2 1 1 2 0 1 2 1 1 2 1 0 0 1 1 2 1 0 1 2 2 2 2 2 2 2 0 0 0 2 0 0 2 2 1 1 1 0 0 2 0 0 0 2 0 0 1 2 2 1 1 2 2 1 0 0 0 1 2 2 2 2 2 2 1 2 1 0 0 0 2 2 1 1 1 1 2 1 0 2 2 2 2 0 0 0 0 2 0 0 0 0 1 0 2 1 1 0 2 2 2 1 1 2 0 1 2 1 1 2 1 0 0 1 1 2 1 0 1 2 2 2 2 2 2 2 0 0 0 2 0 0 2 2 1 1 1 0 0 2 0 0 0 2 0 0 1 2 2 1 1 2 2 1 0 0 0 1 2 2 2 2 2 2 1 2 1 0 0 0 2 2 1 1 1
-1.45445686431097 0.0440553669520734 1.34999491613191 0.871787151080996 2.05573878143797 -1 2 1 2 0 2 2 2 1 1 0 1 0 2 0 0 0 0 1 0 2 0 1 0 2 2 2 1 0 1 2 2 2 0 1 0 0 0 2 1 2 2 0 0 0 0 2 2 0 2 1 1 1 0 0 1 0 0 2 2 0 0 1 2 0 2 0 0 0 0 0 1 1 0 1 1 1 2 2 1 0 0 1 0 2 2 1 2 2 2 1 2 1 0 0 0 2 2 1 1 1 -2 -1 -2 0 -2 -2 -2 -1 -1 0 -1 0 -2 0 0 0 0 -1 0 -2 0 -1 0 -2 -2 -2 -1 0 -1 -2 -2 -2 0 -1 0 0 0 -2 -1 -2 -2 0 0 0 0 -2 -2 0 -2 -1 -1 -1 0 0 -1 0 0 -2 -2 0 0 -1 -2 0 -2 0 0 0 0 0 -1 -1 0 -1 -1 -1 -2 -2 -1 0 0 -1 0 -2 -2 -1 -2 -2 -2 -1 -2 -1 0 0 0 -2 -2 -1 -1 -1
-0.360551764113075 1.00794867761557 1.05819753994173 0.784468608558565 1.73932635139959 -1 0 1 1 0 2 1 2 2 1 0 1 1 2 0 0 0 0 1 0 2 1 1 0 2 2 2 1 0 0 1 2 2 2 2 2 2 1 2 1 1 1 1 0 1 1 2 2 2 2 2 2 1 0 0 1 0 0 2 1 1 0 0 1 0 2 1 0 2 0 0 1 2 2 2 1 1 2 2 0 0 0 0 1 2 2 1 2 2 2 0 2 1 0 0 0 1 2 2 0 1 0 -1 -1 0 -2 -1 -2 -2 -1 0 -1 -1 -2 0 0 0 0 -1 0 -2 -1 -1 0 -2 -2 -2 -1 0 0 -1 -2 -2 -2 -2 -2 -2 -1 -2 -1 -1 -1 -1 0 -1 -1 -2 -2 -2 -2 -2 -2 -1 0 0 -1 0 0 -2 -1 -1 0 0 -1 0 -2 -1 0 -2 0 0 -1 -2 -2 -2 -1 -1 -2 -2 0 0 0 0 -1 -2 -2 -1 -2 -2 -2 0 -2 -1 0 0 0 -1 -2 -2 0 -1
-0.70295566663906 0.043447786707701 0.663450341224908 0.718992085424444 -0.0810343328763317 1 2 2 1 0 2 2 2 2 1 2 1 1 2 0 0 0 0 1 0 2 0 0 0 2 2 1 0 0 1 0 1 1 1 0 1 1 0 1 0 1 2 1 0 0 0 2 2 0 1 1 1 0 0 0 2 0 0 1 2 0 0 0 2 0 2 0 0 1 0 0 1 2 1 2 0 0 2 2 0 0 0 2 1 2 2 1 2 2 2 1 2 1 0 0 0 2 2 0 0 1 2 2 1 0 2 2 2 2 1 2 1 1 2 0 0 0 0 1 0 2 0 0 0 2 2 1 0 0 1 0 1 1 1 0 1 1 0 1 0 1 2 1 0 0 0 2 2 0 1 1 1 0 0 0 2 0 0 1 2 0 0 0 2 0 2 0 0 1 0 0 1 2 1 2 0 0 2 2 0 0 0 2 1 2 2 1 2 2 2 1 2 1 0 0 0 2 2 0 0 1
-1.97646235413835 0.0491055254622886 0.566007066649327 -0.234970701920826 1.42132120481168 1 2 1 0 0 1 0 0 0 1 1 1 0 2 1 2 0 0 2 0 2 1 0 0 1 1 1 2 0 1 0 1 0 1 0 0 1 1 2 2 2 2 2 0 2 2 2 2 2 2 2 2 1 1 0 2 0 0 1 1 0 0 0 1 0 2 0 0 1 1 0 1 1 0 2 0 0 2 2 0 0 0 0 1 2 2 2 2 2 2 0 2 1 0 0 0 0 1 0 0 0 2 1 0 0 1 0 0 0 1 1 1 0 2 1 2 0 0 2 0 2 1 0 0 1 1 1 2 0 1 0 1 0 1 0 0 1 1 2 2 2 2 2 0 2 2 2 2 2 2 2 2 1 1 0 2 0 0 1 1 0 0 0 1 0 2 0 0 1 1 0 1 1 0 2 0 0 2 2 0 0 0 0 1 2 2 2 2 2 2 0 2 1 0 0 0 0 1 0 0 0
0.590025142832803 -1.1886715445904 -2.47461050608386 1.01549997640794 -0.235520055346983 1 0 0 0 0 2 1 2 2 1 1 1 0 2 1 2 0 0 0 0 2 1 1 0 2 2 2 1 0 1 1 1 1 1 1 1 1 0 1 0 1 2 0 0 1 2 2 2 2 2 2 2 1 0 0 1 0 0 2 2 1 1 0 0 0 2 0 0 1 0 0 1 0 0 2 0 0 2 1 0 0 0 2 1 2 1 0 0 1 2 1 2 2 0 2 2 2 2 1 2 1 0 0 0 0 2 1 2 2 1 1 1 0 2 1 2 0 0 0 0 2 1 1 0 2 2 2 1 0 1 1 1 1 1 1 1 1 0 1 0 1 2 0 0 1 2 2 2 2 2 2 2 1 0 0 1 0 0 2 2 1 1 0 0 0 2 0 0 1 0 0 1 0 0 2 0 0 2 1 0 0 0 2 1 2 1 0 0 1 2 1 2 2 0 2 2 2 2 1 2 1
-0.185903307816298 0.15856914833278 -0.957214190536521 0.613394124884955 -0.657237871188808 1 0 1 2 1 2 2 2 2 0 0 1 0 2 2 1 0 0 0 0 0 0 0 0 2 1 1 1 0 1 1 2 1 2 1 0 1 1 2 0 1 1 0 0 1 2 2 2 2 2 2 2 1 0 0 2 0 0 2 1 0 0 0 0 0 2 0 0 0 0 1 2 0 0 2 0 0 2 2 1 0 0 1 2 2 2 1 2 2 2 0 2 0 0 1 0 1 1 0 0 2 0 1 2 1 2 2 2 2 0 0 1 0 2 2 1 0 0 0 0 0 0 0 0 2 1 1 1 0 1 1 2 1 2 1 0 1 1 2 0 1 1 0 0 1 2 2 2 2 2 2 2 1 0 0 2 0 0 2 1 0 0 0 0 0 2 0 0 0 0 1 2 0 0 2 0 0 2 2 1 0 0 1 2 2 2 1 2 2 2 0 2 0 0 1 0 1 1 0 0 2
-1.66976956701554 0.953052643638056 -0.16815325918133 -0.23565736683017 0.715972341118963 -1 0 1 1 0 2 1 2 1 1 1 0 0 2 0 1 0 0 0 0 2 1 0 0 2 2 2 1 0 0 0 1 2 2 1 1 1 1 2 1 1 2 0 0 0 0 1 2 1 1 1 2 1 0 1 2 0 0 2 1 0 0 0 1 0 2 0 1 1 2 1 2 2 0 1 0 0 2 1 0 0 0 2 0 2 1 0 1 2 2 1 2 0 0 0 1 1 2 1 2 2 0 -1 -1 0 -2 -1 -2 -1 -1 -1 0 0 -2 0 -1 0 0 0 0 -2 -1 0 0 -2 -2 -2 -1 0 0 0 -1 -2 -2 -1 -1 -1 -1 -2 -1 -1 -2 0 0 0 0 -1 -2 -1 -1 -1 -2 -1 0 -1 -2 0 0 -2 -1 0 0 0 -1 0 -2 0 -1 -1 -2 -1 -2 -2 0 -1 0 0 -2 -1 0 0 0 -2 0 -2 -1 0 -1 -2 -2 -1 -2 0 0 0 -1 -1 -2 -1 -2 -2
-0.982445125872561 -0.826146385317095 -0.258198048751959 -1.37022123759492 0.812347077488218 -1 1 1 1 0 2 2 2 2 1 1 0 0 2 0 1 0 1 2 0 2 1 1 0 2 1 2 2 0 2 2 2 2 0 0 1 0 1 2 1 1 2 1 0 1 1 2 2 1 1 2 2 0 0 1 1 0 0 2 2 0 0 0 1 0 2 0 0 0 0 1 2 2 0 2 0 1 2 2 1 0 0 0 0 2 2 1 2 2 2 1 2 0 0 0 1 2 2 2 1 2 -1 -1 -1 0 -2 -2 -2 -2 -1 -1 0 0 -2 0 -1 0 -1 -2 0 -2 -1 -1 0 -2 -1 -2 -2 0 -2 -2 -2 -2 0 0 -1 0 -1 -2 -1 -1 -2 -1 0 -1 -1 -2 -2 -1 -1 -2 -2 0 0 -1 -1 0 0 -2 -2 0 0 0 -1 0 -2 0 0 0 0 -1 -2 -2 0 -2 0 -1 -2 -2 -1 0 0 0 0 -2 -2 -1 -2 -2 -2 -1 -2 0 0 0 -1 -2 -2 -2 -1 -2
1.65670583719265 0.0392105919673342 -0.416841813240756 1.355682918842 -0.114989133793509 1 1 1 1 0 2 1 1 2 1 0 1 1 2 1 2 0 0 1 0 2 0 0 0 2 1 0 0 0 1 1 2 2 0 0 1 2 1 1 0 0 2 0 0 0 0 1 1 0 1 2 2 1 1 0 1 0 0 1 1 0 0 0 0 0 2 0 0 1 2 1 2 2 1 1 0 1 2 2 1 0 1 2 1 2 2 2 2 2 2 1 2 1 0 0 1 0 1 0 1 1 1 1 1 0 2 1 1 2 1 0 1 1 2 1 2 0 0 1 0 2 0 0 0 2 1 0 0 0 1 1 2 2 0 0 1 2 1 1 0 0 2 0 0 0 0 1 1 0 1 2 2 1 1 0 1 0 0 1 1 0 0 0 0 0 2 0 0 1 2 1 2 2 1 1 0 1 2 2 1 0 1 2 1 2 2 2 2 2 2 1 2 1 0 0 1 0 1 0 1 1
0.213938190194593 -0.0302694559589884 0.0167762853406362 -1.43071543738146 0.122955188660608 -1 2 1 1 0 2 1 2 2 0 1 2 0 2 1 1 0 0 2 1 2 2 1 0 2 1 0 0 0 1 1 2 1 0 0 2 1 1 0 0 1 2 1 0 0 0 2 2 1 2 1 1 1 0 0 1 0 0 2 1 1 1 0 2 1 2 1 1 2 0 0 1 2 1 2 0 0 2 2 1 0 0 0 0 1 1 0 1 2 2 0 2 2 1 0 1 2 2 1 2 2 -2 -1 -1 0 -2 -1 -2 -2 0 -1 -2 0 -2 -1 -1 0 0 -2 -1 -2 -2 -1 0 -2 -1 0 0 0 -1 -1 -2 -1 0 0 -2 -1 -1 0 0 -1 -2 -1 0 0 0 -2 -2 -1 -2 -1 -1 -1 0 0 -1 0 0 -2 -1 -1 -1 0 -2 -1 -2 -1 -1 -2 0 0 -1 -2 -1 -2 0 0 -2 -2 -1 0 0 0 0 -1 -1 0 -1 -2 -2 0 -2 -2 -1 0 -1 -2 -2 -1 -2 -2
2.12204587962097 0.115445429207109 0.813766934716002 1.57653858968011 -0.806541023184132 1 0 0 0 0 0 0 1 1 0 0 1 0 2 1 1 1 0 1 0 2 1 1 0 2 2 0 1 1 2 0 2 1 2 1 0 0 0 2 0 0 2 0 0 1 1 2 2 0 1 2 2 0 0 0 2 1 1 2 2 0 0 0 0 0 2 0 0 1 2 1 2 2 2 2 0 0 2 1 1 0 1 1 0 0 1 1 1 1 2 0 2 1 0 0 0 2 2 1 2 1 0 0 0 0 0 0 1 1 0 0 1 0 2 1 1 1 0 1 0 2 1 1 0 2 2 0 1 1 2 0 2 1 2 1 0 0 0 2 0 0 2 0 0 1 1 2 2 0 1 2 2 0 0 0 2 1 1 2 2 0 0 0 0 0 2 0 0 1 2 1 2 2 2 2 0 0 2 1 1 0 1 1 0 0 1 1 1 1 2 0 2 1 0 0 0 2 2 1 2 1
0.165292570086523 -0.490538180635134 1.16982716221583 -0.306878083230002 1.40712208093066 1 1 1 1 0 2 2 2 2 1 1 2 0 2 1 1 0 0 2 0 2 1 2 0 2 2 1 1 0 0 0 2 1 1 1 1 2 1 2 1 2 2 1 0 0 1 2 2 2 2 2 2 1 0 2 2 0 0 2 2 0 0 0 0 0 2 0 0 1 1 0 0 2 0 1 0 0 2 0 0 0 0 1 1 2 1 1 1 2 2 2 2 2 1 1 1 2 2 2 0 1 1 1 1 0 2 2 2 2 1 1 2 0 2 1 1 0 0 2 0 2 1 2 0 2 2 1 1 0 0 0 2 1 1 1 1 2 1 2 1 2 2 1 0 0 1 2 2 2 2 2 2 1 0 2 2 0 0 2 2 0 0 0 0 0 2 0 0 1 1 0 0 2 0 1 0 0 2 0 0 0 0 1 1 2 1 1 1 2 2 2 2 2 1 1 1 2 2 2 0 1
0.581774946764303 -1.02240007234006 -1.62377255288379 -0.548073566665508 0.411309303518935 1 1 1 1 0 2 2 2 1 1 0 1 0 1 1 1 0 0 1 0 2 1 1 0 2 2 2 1 0 1 0 2 1 1 1 1 0 0 2 1 2 2 0 0 0 1 1 2 1 2 2 2 0 0 1 2 1 0 2 1 0 0 0 1 0 2 0 0 0 2 0 1 0 0 1 0 0 2 1 1 0 0 0 0 2 2 0 0 1 2 0 2 1 0 1 0 1 1 0 0 2 1 1 1 0 2 2 2 1 1 0 1 0 1 1 1 0 0 1 0 2 1 1 0 2 2 2 1 0 1 0 2 1 1 1 1 0 0 2 1 2 2 0 0 0 1 1 2 1 2 2 2 0 0 1 2 1 0 2 1 0 0 0 1 0 2 0 0 0 2 0 1 0 0 1 0 0 2 1 1 0 0 0 0 2 2 0 0 1 2 0 2 1 0 1 0 1 1 0 0 2
-1.08187554548239 1.2319884885849 -0.279551841833294 0.669644371860863 -0.472982843345634 -1 2 2 1 0 2 2 2 2 2 1 1 0 1 0 0 0 0 2 0 2 0 1 0 2 2 1 0 0 1 0 2 1 2 1 1 1 0 0 1 1 2 0 0 0 0 2 2 1 2 2 2 1 1 1 0 1 0 2 2 0 0 0 1 0 2 1 0 0 1 0 0 0 0 1 0 1 2 2 1 0 0 1 0 2 2 1 2 2 2 0 2 1 0 0 1 2 2 0 0 2 -2 -2 -1 0 -2 -2 -2 -2 -2 -1 -1 0 -1 0 0 0 0 -2 0 -2 0 -1 0 -2 -2 -1 0 0 -1 0 -2 -1 -2 -1 -1 -1 0 0 -1 -1 -2 0 0 0 0 -2 -2 -1 -2 -2 -2 -1 -1 -1 0 -1 0 -2 -2 0 0 0 -1 0 -2 -1 0 0 -1 0 0 0 0 -1 0 -1 -2 -2 -1 0 0 -1 0 -2 -2 -1 -2 -2 -2 0 -2 -1 0 0 -1 -2 -2 0 0 -2
-1.36367171274791 0.690903934869753 0.594097412517386 -0.607430989097902 -0.348942098801562 -1 2 2 0 0 2 2 2 2 1 0 2 0 2 0 0 0 1 2 1 2 1 0 0 1 1 1 2 1 1 1 2 2 1 2 2 1 2 2 0 1 2 0 0 0 0 2 2 0 1 1 2 0 0 1 1 0 0 2 2 0 0 0 1 0 2 0 0 1 0 0 0 1 0 0 0 0 2 2 0 0 0 1 1 1 1 0 1 0 0 1 2 1 0 0 0 1 2 0 1 1 -2 -2 0 0 -2 -2 -2 -2 -1 0 -2 0 -2 0 0 0 -1 -2 -1 -2 -1 0 0 -1 -1 -1 -2 -1 -1 -1 -2 -2 -1 -2 -2 -1 -2 -2 0 -1 -2 0 0 0 0 -2 -2 0 -1 -1 -2 0 0 -1 -1 0 0 -2 -2 0 0 0 -1 0 -2 0 0 -1 0 0 0 -1 0 0 0 0 -2 -2 0 0 0 -1 -1 -1 -1 0 -1 0 0 -1 -2 -1 0 0 0 -1 -2 0 -1 -1
1.10729979331889 -0.431684242166128 -0.162788182997975 -0.97337842461536 0.672068907749086 1 2 1 0 0 2 1 1 1 1 2 0 0 2 0 1 0 0 1 1 2 2 1 1 2 2 2 2 1 2 1 1 1 1 1 1 1 0 2 1 1 2 1 1 1 2 2 2 1 2 2 2 1 1 1 2 1 0 1 2 0 0 0 0 0 2 0 0 1 0 0 1 1 0 1 0 0 2 2 0 0 0 1 0 1 1 1 2 1 2 0 2 1 0 1 0 2 2 0 0 1 2 1 0 0 2 1 1 1 1 2 0 0 2 0 1 0 0 1 1 2 2 1 1 2 2 2 2 1 2 1 1 1 1 1 1 1 0 2 1 1 2 1 1 1 2 2 2 1 2 2 2 1 1 1 2 1 0 1 2 0 0 0 0 0 2 0 0 1 0 0 1 1 0 1 0 0 2 2 0 0 0 1 0 1 1 1 2 1 2 0 2 1 0 1 0 2 2 0 0 1
0.362059409699069 1.01789329968791 1.31888380326882 -0.716635094973473 1.32281011458814 -1 1 1 2 1 2 2 2 2 0 0 1 1 2 1 1 0 0 1 0 2 1 1 0 2 2 2 1 1 0 1 2 1 0 0 1 0 0 1 1 2 2 0 0 0 1 2 2 0 1 1 2 0 0 0 1 0 0 2 2 1 1 1 1 0 2 1 1 2 1 0 0 0 0 2 0 0 2 2 1 0 1 0 0 1 2 2 2 2 2 2 2 2 0 0 1 2 2 0 0 1 -1 -1 -2 -1 -2 -2 -2 -2 0 0 -1 -1 -2 -1 -1 0 0 -1 0 -2 -1 -1 0 -2 -2 -2 -1 -1 0 -1 -2 -1 0 0 -1 0 0 -1 -1 -2 -2 0 0 0 -1 -2 -2 0 -1 -1 -2 0 0 0 -1 0 0 -2 -2 -1 -1 -1 -1 0 -2 -1 -1 -2 -1 0 0 0 0 -2 0 0 -2 -2 -1 0 -1 0 0 -1 -2 -2 -2 -2 -2 -2 -2 -2 0 0 -1 -2 -2 0 0 -1
1.70735965542325 -0.98291311549412 1.39718357439728 -1.03905205450319 -1.66653027880993 1 2 1 0 0 2 2 2 1 1 0 2 1 2 0 2 0 0 1 0 2 1 1 0 1 1 2 2 0 1 2 2 1 1 1 1 1 2 1 1 1 1 0 0 1 2 2 2 2 2 2 1 0 1 1 1 0 0 2 2 0 0 0 1 0 2 0 0 1 0 0 1 0 0 1 0 0 2 0 0 0 0 1 2 2 2 0 1 1 2 2 2 2 2 0 1 2 2 1 0 0 2 1 0 0 2 2 2 1 1 0 2 1 2 0 2 0 0 1 0 2 1 1 0 1 1 2 2 0 1 2 2 1 1 1 1 1 2 1 1 1 1 0 0 1 2 2 2 2 2 2 1 0 1 1 1 0 0 2 2 0 0 0 1 0 2 0 0 1 0 0 1 0 0 1 0 0 2 0 0 0 0 1 2 2 2 0 1 1 2 2 2 2 2 0 1 2 2 1 0 0
0.853305108659751 1.21905144144344 -0.287257202960853 0.92066055639003 -0.70428300735199 1 1 2 1 0 2 2 2 2 2 1 1 1 2 1 0 0 0 2 0 1 1 1 0 2 1 2 2 0 0 1 2 2 1 1 1 0 0 1 1 2 2 1 0 0 0 2 2 2 2 2 2 1 0 0 2 0 0 2 2 2 0 0 1 0 2 1 1 2 1 0 0 2 0 1 0 0 2 1 0 0 0 1 0 2 1 0 2 2 2 2 2 1 0 0 1 2 2 0 0 1 1 2 1 0 2 2 2 2 2 1 1 1 2 1 0 0 0 2 0 1 1 1 0 2 1 2 2 0 0 1 2 2 1 1 1 0 0 1 1 2 2 1 0 0 0 2 2 2 2 2 2 1 0 0 2 0 0 2 2 2 0 0 1 0 2 1 1 2 1 0 0 2 0 1 0 0 2 1 0 0 0 1 0 2 1 0 2 2 2 2 2 1 0 0 1 2 2 0 0 1
0.6825300317777 0.645468065206493 -0.176319788080203 0.43579575607974 0.602807881849834 -1 2 1 2 0 2 2 2 2 0 0 1 0 2 0 0 0 0 1 0 2 1 1 0 2 2 2 1 0 1 0 2 2 1 1 1 0 0 1 0 1 2 0 0 0 0 2 2 0 0 1 2 1 1 0 1 0 0 1 2 0 0 0 1 0 2 0 1 0 0 0 1 1 1 2 0 0 2 2 1 0 0 0 0 1 2 1 1 1 2 1 2 0 0 1 1 1 2 1 0 1 -2 -1 -2 0 -2 -2 -2 -2 0 0 -1 0 -2 0 0 0 0 -1 0 -2 -1 -1 0 -2 -2 -2 -1 0 -1 0 -2 -2 -1 -1 -1 0 0 -1 0 -1 -2 0 0 0 0 -2 -2 0 0 -1 -2 -1 -1 0 -1 0 0 -1 -2 0 0 0 -1 0 -2 0 -1 0 0 0 -1 -1 -1 -2 0 0 -2 -2 -1 0 0 0 0 -1 -2 -1 -1 -1 -2 -1 -2 0 0 -1 -1 -1 -2 -1 0 -1
0.754948900795064 -1.29652730462459 1.0777743023138 -0.969147597128496 -0.41283802496045 -1 0 1 1 0 2 1 2 2 1 1 0 0 1 0 0 0 0 0 0 2 0 1 0 2 2 2 1 0 2 1 2 2 0 1 1 2 1 1 0 0 2 0 0 0 0 1 1 1 2 1 2 1 0 0 1 0 0 1 2 0 0 1 0 0 2 0 1 1 0 0 1 1 0 0 0 0 2 1 0 0 0 2 1 2 2 2 2 2 2 1 2 0 0 1 0 1 2 1 2 2 0 -1 -1 0 -2 -1 -2 -2 -1 -1 0 0 -1 0 0 0 0 0 0 -2 0 -1 0 -2 -2 -2 -1 0 -2 -1 -2 -2 0 -1 -1 -2 -1 -1 0 0 -2 0 0 0 0 -1 -1 -1 -2 -1 -2 -1 0 0 -1 0 0 -1 -2 0 0 -1 0 0 -2 0 -1 -1 0 0 -1 -1 0 0 0 0 -2 -1 0 0 0 -2 -1 -2 -2 -2 -2 -2 -2 -1 -2 0 0 -1 0 -1 -2 -1 -2 -2
-1.98025315568799 0.00980121574360683 -1.01491182545312 1.06656472147857 -1.43583677357171 -1 1 2 2 0 2 2 2 2 1 0 1 0 2 0 1 0 0 0 0 2 1 1 0 1 1 2 0 1 1 2 2 2 1 0 1 0 0 2 1 1 2 0 0 0 0 2 1 0 2 2 2 0 1 0 2 0 0 1 1 1 1 0 1 0 2 0 0 1 0 0 1 1 0 2 1 0 2 1 1 0 1 1 0 2 2 2 2 2 2 2 2 2 1 0 1 2 2 2 1 1 -1 -2 -2 0 -2 -2 -2 -2 -1 0 -1 0 -2 0 -1 0 0 0 0 -2 -1 -1 0 -1 -1 -2 0 -1 -1 -2 -2 -2 -1 0 -1 0 0 -2 -1 -1 -2 0 0 0 0 -2 -1 0 -2 -2 -2 0 -1 0 -2 0 0 -1 -1 -1 -1 0 -1 0 -2 0 0 -1 0 0 -1 -1 0 -2 -1 0 -2 -1 -1 0 -1 -1 0 -2 -2 -2 -2 -2 -2 -2 -2 -2 -1 0 -1 -2 -2 -2 -1 -1
0.682946893666765 1.11328117956629 0.0642897256640232 0.501241260879904 0.350356855599694 1 1 0 1 0 2 1 1 2 1 1 0 0 2 1 1 0 0 1 0 2 2 1 0 1 2 2 2 1 0 0 2 2 1 1 1 0 0 2 0 1 2 0 0 0 0 2 2 0 2 1 2 0 0 0 2 0 0 1 2 0 0 0 1 0 2 1 0 1 2 1 1 1 1 1 0 1 2 2 1 0 2 1 0 1 2 1 2 2 2 0 2 1 0 0 0 2 2 1 1 1 1 0 1 0 2 1 1 2 1 1 0 0 2 1 1 0 0 1 0 2 2 1 0 1 2 2 2 1 0 0 2 2 1 1 1 0 0 2 0 1 2 0 0 0 0 2 2 0 2 1 2 0 0 0 2 0 0 1 2 0 0 0 1 0 2 1 0 1 2 1 1 1 1 1 0 1 2 2 1 0 2 1 0 1 2 1 2 2 2 0 2 1 0 0 0 2 2 1 1 1
0.911972272134487 0.411788879261252 1.53709491781787 -0.997744451475883 1.02821700185056 -1 1 1 1 0 2 2 2 2 1 1 1 0 2 0 1 0 0 1 0 1 0 1 0 2 2 2 1 2 2 2 2 1 1 1 0 0 0 1 1 1 2 2 0 0 1 2 2 2 2 2 2 0 0 0 0 0 0 1 0 0 0 0 1 0 2 1 0 1 0 0 1 2 0 2 1 1 2 2 1 0 2 1 0 2 2 0 1 2 2 1 2 2 0 0 0 2 2 1 0 1 -1 -1 -1 0 -2 -2 -2 -2 -1 -1 -1 0 -2 0 -1 0 0 -1 0 -1 0 -1 0 -2 -2 -2 -1 -2 -2 -2 -2 -1 -1 -1 0 0 0 -1 -1 -1 -2 -2 0 0 -1 -2 -2 -2 -2 -2 -2 0 0 0 0 0 0 -1 0 0 0 0 -1 0 -2 -1 0 -1 0 0 -1 -2 0 -2 -1 -1 -2 -2 -1 0 -2 -1 0 -2 -2 0 -1 -2 -2 -1 -2 -2 0 0 0 -2 -2 -1 0 -1
-1.5459097348373 -0.0522141218129489 0.242931880787686 -1.9740754230943 -0.819253493379369 -1 1 1 1 0 2 2 2 2 1 0 0 0 1 0 1 0 1 2 0 2 1 1 0 2 2 1 1 0 1 0 2 2 2 0 2 2 1 2 0 0 1 0 0 0 0 1 2 0 2 2 2 1 0 0 2 0 0 1 1 0 1 0 2 0 2 0 0 0 0 0 1 1 1 1 0 1 2 1 0 0 0 0 0 2 2 2 2 2 2 0 2 1 0 0 0 1 1 0 0 1 -1 -1 -1 0 -2 -2 -2 -2 -1 0 0 0 -1 0 -1 0 -1 -2 0 -2 -1 -1 0 -2 -2 -1 -1 0 -1 0 -2 -2 -2 0 -2 -2 -1 -2 0 0 -1 0 0 0 0 -1 -2 0 -2 -2 -2 -1 0 0 -2 0 0 -1 -1 0 -1 0 -2 0 -2 0 0 0 0 0 -1 -1 -1 -1 0 -1 -2 -1 0 0 0 0 0 -2 -2 -2 -2 -2 -2 0 -2 -1 0 0 0 -1 -1 0 0 -1
1.55855372940519 1.76712550834939 -1.45738211920201 0.701256852521789 1.02024550614679 -1 1 1 0 0 2 2 2 2 1 1 1 1 2 0 0 0 0 0 0 1 0 0 0 2 1 0 0 0 1 0 2 2 1 1 2 1 1 2 0 1 2 0 0 0 0 1 2 2 2 2 2 0 0 0 1 0 0 1 1 0 0 0 2 0 2 0 1 1 0 0 0 1 0 2 0 0 1 2 0 0 0 1 0 2 2 2 2 2 2 2 2 1 0 0 0 1 2 1 1 1 -1 -1 0 0 -2 -2 -2 -2 -1 -1 -1 -1 -2 0 0 0 0 0 0 -1 0 0 0 -2 -1 0 0 0 -1 0 -2 -2 -1 -1 -2 -1 -1 -2 0 -1 -2 0 0 0 0 -1 -2 -2 -2 -2 -2 0 0 0 -1 0 0 -1 -1 0 0 0 -2 0 -2 0 -1 -1 0 0 0 -1 0 -2 0 0 -1 -2 0 0 0 -1 0 -2 -2 -2 -2 -2 -2 -2 -2 -1 0 0 0 -1 -2 -1 -1 -1
-1.25976649339691 -0.86742858375091 0.178377143684443 1.07564339927712 0.294553350910108 1 1 2 1 0 2 1 2 2 1 0 1 0 2 1 1 0 0 1 0 2 0 0 0 2 1 1 1 1 2 0 2 2 1 2 1 1 1 1 0 1 2 1 0 0 0 0 1 0 1 1 2 1 0 0 0 0 0 1 0 0 0 0 1 0 2 0 0 0 0 0 0 0 0 1 0 0 2 1 0 0 0 0 0 1 2 1 2 1 2 1 2 1 0 0 2 2 2 0 1 1 1 2 1 0 2 1 2 2 1 0 1 0 2 1 1 0 0 1 0 2 0 0 0 2 1 1 1 1 2 0 2 2 1 2 1 1 1 1 0 1 2 1 0 0 0 0 1 0 1 1 2 1 0 0 0 0 0 1 0 0 0 0 1 0 2 0 0 0 0 0 0 0 0 1 0 0 2 1 0 0 0 0 0 1 2 1 2 1 2 1 2 1 0 0 2 2 2 0 1 1
-1.27863260210289 0.339058063731856 -0.454785243590763 -0.595746400814882 -2.32348466247173 -1 1 2 2 0 2 1 1 2 0 0 1 0 1 0 0 0 0 1 0 1 1 1 0 2 2 2 1 0 0 1 2 1 0 0 0 1 1 2 0 0 2 0 0 0 0 1 1 1 2 1 2 2 0 0 1 0 0 2 2 2 1 1 2 0 2 2 1 2 0 0 0 0 0 1 0 0 2 0 0 0 1 0 0 2 2 1 1 2 2 0 2 1 0 0 1 1 2 1 2 2 -1 -2 -2 0 -2 -1 -1 -2 0 0 -1 0 -1 0 0 0 0 -1 0 -1 -1 -1 0 -2 -2 -2 -1 0 0 -1 -2 -1 0 0 0 -1 -1 -2 0 0 -2 0 0 0 0 -1 -1 -1 -2 -1 -2 -2 0 0 -1 0 0 -2 -2 -2 -1 -1 -2 0 -2 -2 -1 -2 0 0 0 0 0 -1 0 0 -2 0 0 0 -1 0 0 -2 -2 -1 -1 -2 -2 0 -2 -1 0 0 -1 -1 -2 -1 -2 -2
1.13920956344974 -1.67744488193554 0.101777169543153 -0.174348386043652 -0.83520415558513 -1 1 0 1 0 2 1 2 1 0 0 1 0 1 0 0 0 0 1 1 2 0 1 0 2 1 2 2 1 2 1 2 1 0 0 0 1 0 1 1 1 1 0 0 0 0 1 2 0 0 1 2 1 1 0 1 0 0 2 2 1 1 0 1 0 2 0 0 2 1 0 1 1 0 0 0 0 2 1 0 0 1 0 0 2 1 0 0 1 1 1 1 2 0 0 1 2 2 1 0 0 -1 0 -1 0 -2 -1 -2 -1 0 0 -1 0 -1 0 0 0 0 -1 -1 -2 0 -1 0 -2 -1 -2 -2 -1 -2 -1 -2 -1 0 0 0 -1 0 -1 -1 -1 -1 0 0 0 0 -1 -2 0 0 -1 -2 -1 -1 0 -1 0 0 -2 -2 -1 -1 0 -1 0 -2 0 0 -2 -1 0 -1 -1 0 0 0 0 -2 -1 0 0 -1 0 0 -2 -1 0 0 -1 -1 -1 -1 -2 0 0 -1 -2 -2 -1 0 0
0.510488524306026 0.445023443982139 -0.483382952698436 1.37644567853911 -0.610757550989798 -1 0 1 2 0 1 1 2 2 1 0 1 1 2 0 1 0 0 1 0 1 0 0 0 2 1 1 1 0 1 1 2 2 2 1 0 2 1 1 1 2 2 1 0 1 2 2 2 1 2 2 2 1 1 1 2 1 0 2 1 1 0 0 0 0 2 0 0 1 1 1 0 1 1 2 0 0 2 2 1 0 0 1 0 2 2 1 1 2 1 2 2 1 0 0 1 1 2 0 2 1 0 -1 -2 0 -1 -1 -2 -2 -1 0 -1 -1 -2 0 -1 0 0 -1 0 -1 0 0 0 -2 -1 -1 -1 0 -1 -1 -2 -2 -2 -1 0 -2 -1 -1 -1 -2 -2 -1 0 -1 -2 -2 -2 -1 -2 -2 -2 -1 -1 -1 -2 -1 0 -2 -1 -1 0 0 0 0 -2 0 0 -1 -1 -1 0 -1 -1 -2 0 0 -2 -2 -1 0 0 -1 0 -2 -2 -1 -1 -2 -1 -2 -2 -1 0 0 -1 -1 -2 0 -2 -1
-0.133141197676311 1.11665743399482 1.21262335495538 -0.0526534025919769 -1.2603416309581 -1 0 2 1 0 2 2 2 2 2 2 2 0 2 0 0 0 0 1 0 1 1 0 0 2 2 1 1 0 0 1 1 1 0 1 1 1 0 1 1 0 2 1 0 1 1 2 2 0 1 2 1 0 0 1 2 0 0 2 2 0 0 0 0 0 2 0 0 1 0 0 1 0 0 2 0 0 2 1 0 0 0 1 1 2 2 1 2 1 2 1 2 2 0 0 0 0 2 1 1 1 0 -2 -1 0 -2 -2 -2 -2 -2 -2 -2 0 -2 0 0 0 0 -1 0 -1 -1 0 0 -2 -2 -1 -1 0 0 -1 -1 -1 0 -1 -1 -1 0 -1 -1 0 -2 -1 0 -1 -1 -2 -2 0 -1 -2 -1 0 0 -1 -2 0 0 -2 -2 0 0 0 0 0 -2 0 0 -1 0 0 -1 0 0 -2 0 0 -2 -1 0 0 0 -1 -1 -2 -2 -1 -2 -1 -2 -1 -2 -2 0 0 0 0 -2 -1 -1 -1
1.39239240007985 -1.56317642081792 -1.3814566838249 2.04999086065789 -0.671674728203924 -1 0 1 2 0 2 2 2 2 1 1 1 1 2 1 1 0 0 1 0 2 1 1 0 1 1 2 2 1 1 1 2 2 1 1 0 1 1 2 1 2 2 0 0 1 1 2 2 2 2 2 2 1 0 0 1 0 0 2 2 1 1 1 2 0 2 0 0 0 0 0 0 0 0 2 1 1 2 1 1 0 0 1 2 2 2 0 1 2 2 1 2 1 0 1 2 2 2 0 0 1 0 -1 -2 0 -2 -2 -2 -2 -1 -1 -1 -1 -2 -1 -1 0 0 -1 0 -2 -1 -1 0 -1 -1 -2 -2 -1 -1 -1 -2 -2 -1 -1 0 -1 -1 -2 -1 -2 -2 0 0 -1 -1 -2 -2 -2 -2 -2 -2 -1 0 0 -1 0 0 -2 -2 -1 -1 -1 -2 0 -2 0 0 0 0 0 0 0 0 -2 -1 -1 -2 -1 -1 0 0 -1 -2 -2 -2 0 -1 -2 -2 -1 -2 -1 0 -1 -2 -2 -2 0 0 -1
-0.266182368515967 -0.528211516499974 1.4506076916163 -0.0292222312359191 0.503729751777996 -1 1 0 0 0 2 2 1 1 0 1 0 0 1 0 0 0 0 0 0 2 1 2 0 2 2 2 2 0 1 1 2 1 1 1 0 1 1 1 0 1 2 0 0 0 0 2 2 1 2 2 2 0 0 1 2 0 0 1 1 1 1 1 1 0 2 0 0 0 1 1 1 2 1 2 0 0 2 2 2 1 0 1 1 2 2 2 2 2 2 1 2 1 0 1 1 2 2 1 0 1 -1 0 0 0 -2 -2 -1 -1 0 -1 0 0 -1 0 0 0 0 0 0 -2 -1 -2 0 -2 -2 -2 -2 0 -1 -1 -2 -1 -1 -1 0 -1 -1 -1 0 -1 -2 0 0 0 0 -2 -2 -1 -2 -2 -2 0 0 -1 -2 0 0 -1 -1 -1 -1 -1 -1 0 -2 0 0 0 -1 -1 -1 -2 -1 -2 0 0 -2 -2 -2 -1 0 -1 -1 -2 -2 -2 -2 -2 -2 -1 -2 -1 0 -1 -1 -2 -2 -1 0 -1
-0.73486179280954 0.630120279663347 -1.25652277028018 0.326206323487011 0.0886387764610091 1 1 2 2 0 2 2 2 2 1 1 0 0 2 0 0 0 0 2 0 1 1 2 0 2 2 2 0 0 2 1 2 2 2 1 2 2 1 1 0 1 2 1 0 1 0 1 2 2 2 1 2 1 0 0 2 1 0 2 2 0 0 0 1 0 2 0 0 0 1 0 1 0 0 1 0 0 2 2 0 0 0 1 0 1 2 1 1 1 2 0 1 2 0 0 1 2 2 1 1 2 1 2 2 0 2 2 2 2 1 1 0 0 2 0 0 0 0 2 0 1 1 2 0 2 2 2 0 0 2 1 2 2 2 1 2 2 1 1 0 1 2 1 0 1 0 1 2 2 2 1 2 1 0 0 2 1 0 2 2 0 0 0 1 0 2 0 0 0 1 0 1 0 0 1 0 0 2 2 0 0 0 1 0 1 2 1 1 1 2 0 1 2 0 0 1 2 2 1 1 2
-0.645098716404603 1.83023258450468 2.47308752853012 0.14664375702145 0.206247741065438 -1 0 1 1 1 2 2 2 2 1 1 1 0 2 1 1 0 0 1 0 2 1 1 0 2 2 2 1 0 2 1 2 1 1 1 1 0 1 1 0 0 2 0 0 1 1 2 2 1 2 1 2 2 1 0 1 0 0 2 2 1 0 1 2 0 2 0 0 0 2 1 1 0 0 2 0 0 2 2 1 0 0 1 0 1 2 0 1 2 2 1 2 1 0 0 1 2 2 1 2 2 0 -1 -1 -1 -2 -2 -2 -2 -1 -1 -1 0 -2 -1 -1 0 0 -1 0 -2 -1 -1 0 -2 -2 -2 -1 0 -2 -1 -2 -1 -1 -1 -1 0 -1 -1 0 0 -2 0 0 -1 -1 -2 -2 -1 -2 -1 -2 -2 -1 0 -1 0 0 -2 -2 -1 0 -1 -2 0 -2 0 0 0 -2 -1 -1 0 0 -2 0 0 -2 -2 -1 0 0 -1 0 -1 -2 0 -1 -2 -2 -1 -2 -1 0 0 -1 -2 -2 -1 -2 -2
1.11540775771778 2.27804841120615 0.0858032648275995 2.5382819818291 0.35772441957394 1 1 1 1 0 1 1 2 1 2 1 1 0 2 0 0 0 0 1 0 2 1 1 0 2 2 1 0 0 1 0 1 0 0 0 0 1 1 1 0 0 2 0 0 0 1 2 2 1 2 1 2 0 0 0 1 0 0 1 0 0 0 0 1 0 2 0 1 1 1 0 1 1 0 2 0 0 2 2 2 1 1 1 0 2 2 2 2 1 2 0 2 1 0 0 1 2 1 0 0 0 1 1 1 0 1 1 2 1 2 1 1 0 2 0 0 0 0 1 0 2 1 1 0 2 2 1 0 0 1 0 1 0 0 0 0 1 1 1 0 0 2 0 0 0 1 2 2 1 2 1 2 0 0 0 1 0 0 1 0 0 0 0 1 0 2 0 1 1 1 0 1 1 0 2 0 0 2 2 2 1 1 1 0 2 2 2 2 1 2 0 2 1 0 0 1 2 1 0 0 0
0.483903624480876 -0.120178352866819 0.30831641756786 -0.541347776306094 -0.799279836114818 -1 1 1 1 0 2 2 2 2 0 0 1 0 2 0 0 0 0 0 0 2 1 0 0 2 1 1 0 0 1 1 1 1 0 0 0 0 0 0 0 1 2 0 0 0 0 1 1 0 2 2 2 1 0 0 1 0 0 2 1 1 1 0 0 0 2 0 1 1 0 0 1 0 0 0 0 0 2 2 1 0 0 2 1 1 2 1 1 1 2 0 2 1 0 1 2 2 2 2 2 1 -1 -1 -1 0 -2 -2 -2 -2 0 0 -1 0 -2 0 0 0 0 0 0 -2 -1 0 0 -2 -1 -1 0 0 -1 -1 -1 -1 0 0 0 0 0 0 0 -1 -2 0 0 0 0 -1 -1 0 -2 -2 -2 -1 0 0 -1 0 0 -2 -1 -1 -1 0 0 0 -2 0 -1 -1 0 0 -1 0 0 0 0 0 -2 -2 -1 0 0 -2 -1 -1 -2 -1 -1 -1 -2 0 -2 -1 0 -1 -2 -2 -2 -2 -2 -1
-2.08403916613276 -0.180021865561455 -0.389939558512731 1.02443308334285 -0.749547168766066 -1 1 0 1 0 2 0 0 1 1 1 2 0 2 0 0 0 0 2 1 2 2 2 0 2 2 1 1 0 1 2 2 2 1 0 0 1 0 2 0 1 2 0 0 1 0 2 2 1 2 2 2 0 0 0 1 0 0 2 1 0 0 0 2 0 2 0 0 1 0 0 0 1 1 2 1 0 2 2 2 0 0 1 1 1 2 1 0 2 2 0 2 1 0 0 1 2 2 1 1 0 -1 0 -1 0 -2 0 0 -1 -1 -1 -2 0 -2 0 0 0 0 -2 -1 -2 -2 -2 0 -2 -2 -1 -1 0 -1 -2 -2 -2 -1 0 0 -1 0 -2 0 -1 -2 0 0 -1 0 -2 -2 -1 -2 -2 -2 0 0 0 -1 0 0 -2 -1 0 0 0 -2 0 -2 0 0 -1 0 0 0 -1 -1 -2 -1 0 -2 -2 -2 0 0 -1 -1 -1 -2 -1 0 -2 -2 0 -2 -1 0 0 -1 -2 -2 -1 -1 0
-1.67888100415502 0.459312816050694 0.80807216839186 0.0645119712029669 2.27857864399086 1 2 1 2 1 2 2 2 2 1 0 0 0 2 0 0 0 0 0 0 2 1 1 0 2 2 2 1 1 1 1 2 1 2 1 1 0 0 2 0 1 2 0 0 0 0 2 2 2 2 2 2 0 0 0 1 0 0 0 1 0 0 0 0 0 2 0 0 1 0 0 0 1 0 1 0 0 2 2 0 0 0 2 0 2 2 1 2 2 2 0 2 0 0 0 1 1 2 0 0 0 2 1 2 1 2 2 2 2 1 0 0 0 2 0 0 0 0 0 0 2 1 1 0 2 2 2 1 1 1 1 2 1 2 1 1 0 0 2 0 1 2 0 0 0 0 2 2 2 2 2 2 0 0 0 1 0 0 0 1 0 0 0 0 0 2 0 0 1 0 0 0 1 0 1 0 0 2 2 0 0 0 2 0 2 2 1 2 2 2 0 2 0 0 0 1 1 2 0 0 0
0.231399377060631 -2.04882844653912 1.09865339547696 0.760454231693732 0.638704063880398 -1 1 1 1 1 2 2 2 2 2 1 1 0 2 0 1 0 0 1 0 2 2 2 0 1 1 0 1 1 2 1 2 1 0 0 0 0 0 2 0 0 2 0 0 0 1 1 2 0 1 1 2 1 1 1 2 0 0 2 1 0 0 0 1 0 2 0 0 1 0 0 1 0 1 2 0 0 2 1 0 0 0 1 1 2 2 1 1 2 2 1 2 2 0 0 1 2 2 1 1 1 -1 -1 -1 -1 -2 -2 -2 -2 -2 -1 -1 0 -2 0 -1 0 0 -1 0 -2 -2 -2 0 -1 -1 0 -1 -1 -2 -1 -2 -1 0 0 0 0 0 -2 0 0 -2 0 0 0 -1 -1 -2 0 -1 -1 -2 -1 -1 -1 -2 0 0 -2 -1 0 0 0 -1 0 -2 0 0 -1 0 0 -1 0 -1 -2 0 0 -2 -1 0 0 0 -1 -1 -2 -2 -1 -1 -2 -2 -1 -2 -2 0 0 -1 -2 -2 -1 -1 -1
-0.124149586996482 0.382766138489757 -0.881195781142015 0.886700191132159 -0.0328958691920975 1 2 2 2 0 2 2 2 2 1 0 1 0 1 0 0 1 1 1 0 2 0 1 1 2 2 2 1 1 1 1 2 2 1 1 2 2 1 2 0 0 0 0 0 1 2 2 2 2 2 2 2 1 0 0 1 0 0 1 1 0 0 0 0 0 2 1 0 0 0 0 1 1 0 2 0 0 2 2 0 0 0 2 2 2 2 2 2 2 2 0 2 0 0 1 0 2 2 1 1 1 2 2 2 0 2 2 2 2 1 0 1 0 1 0 0 1 1 1 0 2 0 1 1 2 2 2 1 1 1 1 2 2 1 1 2 2 1 2 0 0 0 0 0 1 2 2 2 2 2 2 2 1 0 0 1 0 0 1 1 0 0 0 0 0 2 1 0 0 0 0 1 1 0 2 0 0 2 2 0 0 0 2 2 2 2 2 2 2 2 0 2 0 0 1 0 2 2 1 1 1
1.24547472984489 -0.118773978351749 -1.50963326449277 0.546137461766749 -1.84284199765926 1 1 0 0 0 2 2 2 2 0 0 1 2 2 1 1 0 0 0 0 2 1 1 0 2 2 0 0 0 2 0 1 1 0 0 2 2 0 1 1 1 1 0 0 0 1 2 2 1 2 2 2 0 0 0 0 0 0 1 2 1 0 0 1 0 2 0 0 0 0 0 0 1 0 1 0 0 2 1 0 0 0 1 0 2 2 1 0 1 2 0 2 2 0 0 1 2 2 1 1 2 1 0 0 0 2 2 2 2 0 0 1 2 2 1 1 0 0 0 0 2 1 1 0 2 2 0 0 0 2 0 1 1 0 0 2 2 0 1 1 1 1 0 0 0 1 2 2 1 2 2 2 0 0 0 0 0 0 1 2 1 0 0 1 0 2 0 0 0 0 0 0 1 0 1 0 0 2 1 0 0 0 1 0 2 2 1 0 1 2 0 2 2 0 0 1 2 2 1 1 2
