-0.222064606135139 -0.843639645433163 -0.588813403399787 -0.765499835248385 -0.837735706206434 -1 0 1 2 0 1 1 1 0 2 0 2 0 2 1 1 2 1 1 1 0 1 2 2 2 0 0 1 0 0 1 0 1 2 2 2 1 2 0 2 1 0 2 0 0 0 0 2 2 2 2 1 1 0 0 1 2 0 0 0 0 0 0 0 0 0 2 2 1 2 2 0 0 2 1 1 0 1 0 0 0 0 0 2 2 1 2 1 1 0 1 0 1 0 2 1 1 1 2 2 2 0 -1 -2 0 -1 -1 -1 0 -2 0 -2 0 -2 -1 -1 -2 -1 -1 -1 0 -1 -2 -2 -2 0 0 -1 0 0 -1 0 -1 -2 -2 -2 -1 -2 0 -2 -1 0 -2 0 0 0 0 -2 -2 -2 -2 -1 -1 0 0 -1 -2 0 0 0 0 0 0 0 0 0 -2 -2 -1 -2 -2 0 0 -2 -1 -1 0 -1 0 0 0 0 0 -2 -2 -1 -2 -1 -1 0 -1 0 -1 0 -2 -1 -1 -1 -2 -2 -2
0.42742626833524 -0.909640148727323 -0.406717918719703 0.664144016493968 -0.705593068495679 1 1 2 2 0 2 1 2 0 2 1 2 0 2 1 1 2 1 2 1 0 1 2 2 2 1 0 2 1 2 2 1 1 2 2 2 2 2 1 2 2 0 1 1 2 1 0 2 1 2 0 1 0 0 0 1 2 0 0 0 0 0 1 1 1 1 1 2 1 1 1 1 0 1 0 2 1 2 2 1 2 2 0 2 1 0 2 2 1 0 1 0 1 0 2 0 0 0 2 1 1 1 2 2 0 2 1 2 0 2 1 2 0 2 1 1 2 1 2 1 0 1 2 2 2 1 0 2 1 2 2 1 1 2 2 2 2 2 1 2 2 0 1 1 2 1 0 2 1 2 0 1 0 0 0 1 2 0 0 0 0 0 1 1 1 1 1 2 1 1 1 1 0 1 0 2 1 2 2 1 2 2 0 2 1 0 2 2 1 0 1 0 1 0 2 0 0 0 2 1 1
0.590998378446935 1.2252381270023 0.311948319280305 2.55391042000267 -1.25474394779837 1 1 0 0 0 0 1 1 0 1 0 1 0 0 0 1 2 0 1 1 0 2 2 1 2 0 0 1 0 1 2 1 0 2 2 1 1 2 1 2 0 0 1 0 0 1 0 1 1 1 1 1 0 0 1 1 1 0 0 0 0 0 0 2 1 0 2 2 0 1 0 2 1 2 2 2 1 2 2 0 1 2 1 2 0 0 1 1 0 0 1 0 1 0 2 1 1 1 2 2 1 1 0 0 0 0 1 1 0 1 0 1 0 0 0 1 2 0 1 1 0 2 2 1 2 0 0 1 0 1 2 1 0 2 2 1 1 2 1 2 0 0 1 0 0 1 0 1 1 1 1 1 0 0 1 1 1 0 0 0 0 0 0 2 1 0 2 2 0 1 0 2 1 2 2 2 1 2 2 0 1 2 1 2 0 0 1 1 0 0 1 0 1 0 2 1 1 1 2 2 1
0.508639233526897 -0.203283170618747 1.17017444603745 0.376962306522702 1.17616986799467 1 1 2 2 1 2 2 2 0 1 1 1 0 1 0 1 0 0 0 1 0 0 0 1 2 1 0 2 0 1 1 1 0 2 2 1 2 2 1 1 1 0 2 0 0 1 1 2 2 2 0 0 0 0 1 2 2 0 0 2 0 0 0 0 1 0 1 2 0 2 1 1 1 1 0 0 1 2 1 0 0 2 0 2 1 0 2 0 0 0 2 0 2 0 2 2 1 2 2 2 1 1 2 2 1 2 2 2 0 1 1 1 0 1 0 1 0 0 0 1 0 0 0 1 2 1 0 2 0 1 1 1 0 2 2 1 2 2 1 1 1 0 2 0 0 1 1 2 2 2 0 0 0 0 1 2 2 0 0 2 0 0 0 0 1 0 1 2 0 2 1 1 1 1 0 0 1 2 1 0 0 2 0 2 1 0 2 0 0 0 2 0 2 0 2 2 1 2 2 2 1
0.973306176325588 2.03976193350939 1.32771713312843 -1.35616940118846 1.15908471078218 1 1 2 2 0 1 2 2 0 2 0 2 1 1 2 2 2 1 1 2 0 1 2 1 2 1 0 1 1 0 2 1 0 2 2 0 2 1 0 2 1 0 1 0 0 0 0 2 2 1 0 0 0 1 1 0 1 0 0 1 0 0 0 0 0 0 2 2 2 2 1 1 1 1 2 2 1 2 2 0 1 2 0 2 1 0 1 1 1 0 2 0 2 0 2 1 0 0 2 2 2 1 2 2 0 1 2 2 0 2 0 2 1 1 2 2 2 1 1 2 0 1 2 1 2 1 0 1 1 0 2 1 0 2 2 0 2 1 0 2 1 0 1 0 0 0 0 2 2 1 0 0 0 1 1 0 1 0 0 1 0 0 0 0 0 0 2 2 2 2 1 1 1 1 2 2 1 2 2 0 1 2 0 2 1 0 1 1 1 0 2 0 2 0 2 1 0 0 2 2 2
-2.00640174729177 1.20996376089829 -1.49953395096702 0.76288621125837 -0.350147140987708 -1 2 2 2 0 1 0 1 0 1 1 2 1 2 2 2 1 0 1 0 0 1 2 2 2 0 0 1 1 2 2 1 0 2 2 2 2 2 1 2 1 0 2 0 0 1 0 2 2 1 0 0 0 0 0 0 2 1 1 1 0 0 1 0 0 0 1 2 1 2 1 1 1 1 1 2 1 2 2 0 0 1 0 2 1 0 2 1 0 0 1 0 1 0 2 0 0 0 2 1 0 -2 -2 -2 0 -1 0 -1 0 -1 -1 -2 -1 -2 -2 -2 -1 0 -1 0 0 -1 -2 -2 -2 0 0 -1 -1 -2 -2 -1 0 -2 -2 -2 -2 -2 -1 -2 -1 0 -2 0 0 -1 0 -2 -2 -1 0 0 0 0 0 0 -2 -1 -1 -1 0 0 -1 0 0 0 -1 -2 -1 -2 -1 -1 -1 -1 -1 -2 -1 -2 -2 0 0 -1 0 -2 -1 0 -2 -1 0 0 -1 0 -1 0 -2 0 0 0 -2 -1 0
1.6612321112969 0.93813404318526 -0.350865697757731 0.327351567464124 0.876699823594747 1 0 0 1 0 1 1 0 0 1 0 1 0 2 1 1 1 0 1 2 1 1 2 2 2 1 0 1 1 0 0 0 0 2 2 1 2 2 1 2 2 0 2 0 0 0 0 2 2 2 1 0 0 0 0 1 2 0 0 1 0 0 1 1 0 0 1 2 0 2 1 0 1 2 2 1 1 2 2 0 1 1 0 2 1 0 1 1 0 0 2 0 2 0 2 0 0 0 2 2 1 0 0 1 0 1 1 0 0 1 0 1 0 2 1 1 1 0 1 2 1 1 2 2 2 1 0 1 1 0 0 0 0 2 2 1 2 2 1 2 2 0 2 0 0 0 0 2 2 2 1 0 0 0 0 1 2 0 0 1 0 0 1 1 0 0 1 2 0 2 1 0 1 2 2 1 1 2 2 0 1 1 0 2 1 0 1 1 0 0 2 0 2 0 2 0 0 0 2 2 1
-0.245379787717062 -0.355207916811105 -0.328478636330796 0.583612949661348 -1.57337199629894 -1 2 2 2 0 1 2 2 0 2 0 1 0 1 0 1 1 2 1 2 0 1 2 2 2 1 0 1 1 1 2 2 0 2 2 0 1 2 1 2 1 0 1 0 0 1 0 2 2 2 1 0 0 1 0 0 0 0 0 0 0 0 0 1 0 0 1 2 0 2 2 2 0 1 2 2 1 2 2 0 1 2 0 2 1 1 2 1 1 0 1 0 0 0 2 1 1 2 2 1 1 -2 -2 -2 0 -1 -2 -2 0 -2 0 -1 0 -1 0 -1 -1 -2 -1 -2 0 -1 -2 -2 -2 -1 0 -1 -1 -1 -2 -2 0 -2 -2 0 -1 -2 -1 -2 -1 0 -1 0 0 -1 0 -2 -2 -2 -1 0 0 -1 0 0 0 0 0 0 0 0 0 -1 0 0 -1 -2 0 -2 -2 -2 0 -1 -2 -2 -1 -2 -2 0 -1 -2 0 -2 -1 -1 -2 -1 -1 0 -1 0 0 0 -2 -1 -1 -2 -2 -1 -1
-0.076059086451059 2.06509718088844 1.07627992918959 -1.62743950648393 0.63365950419395 -1 0 1 2 0 2 2 1 0 0 0 2 0 1 0 0 1 0 0 0 1 1 2 2 2 0 0 2 1 2 2 1 0 1 2 1 1 2 0 1 1 0 2 0 0 1 0 2 2 1 0 1 1 1 1 2 2 0 0 0 0 0 0 0 0 0 1 2 1 2 1 1 1 1 2 2 0 2 2 0 0 1 0 2 2 1 2 1 0 1 2 0 2 0 2 2 2 1 2 2 1 0 -1 -2 0 -2 -2 -1 0 0 0 -2 0 -1 0 0 -1 0 0 0 -1 -1 -2 -2 -2 0 0 -2 -1 -2 -2 -1 0 -1 -2 -1 -1 -2 0 -1 -1 0 -2 0 0 -1 0 -2 -2 -1 0 -1 -1 -1 -1 -2 -2 0 0 0 0 0 0 0 0 0 -1 -2 -1 -2 -1 -1 -1 -1 -2 -2 0 -2 -2 0 0 -1 0 -2 -2 -1 -2 -1 0 -1 -2 0 -2 0 -2 -2 -2 -1 -2 -2 -1
0.774349488934365 0.246569382242586 -0.563643673065304 -0.109226384285341 0.586766102207017 1 1 2 2 0 1 1 2 0 2 0 1 0 0 0 1 1 0 0 1 0 1 2 1 2 0 0 0 1 1 2 2 1 2 2 1 2 2 2 1 1 0 2 1 0 1 0 2 2 2 2 2 0 2 1 1 2 1 0 1 0 0 1 1 0 0 1 1 0 2 2 1 1 1 2 2 2 2 2 0 1 1 0 2 2 1 2 0 1 0 1 0 2 0 2 1 2 2 2 2 1 1 2 2 0 1 1 2 0 2 0 1 0 0 0 1 1 0 0 1 0 1 2 1 2 0 0 0 1 1 2 2 1 2 2 1 2 2 2 1 1 0 2 1 0 1 0 2 2 2 2 2 0 2 1 1 2 1 0 1 0 0 1 1 0 0 1 1 0 2 2 1 1 1 2 2 2 2 2 0 1 1 0 2 2 1 2 0 1 0 1 0 2 0 2 1 2 2 2 2 1
1.21931785515925 0.790531060358912 -1.19154230977008 0.978737808162027 -0.869758592002965 1 2 2 1 0 0 1 2 0 2 0 2 0 2 1 1 2 2 2 2 0 2 2 2 2 1 0 0 0 1 0 0 0 2 2 2 2 2 0 1 0 0 1 0 1 0 0 2 2 2 0 2 0 1 1 2 2 1 0 1 0 0 1 1 1 0 1 1 0 0 0 0 1 2 0 0 1 2 1 0 0 1 1 2 2 0 2 1 0 1 2 0 1 0 2 1 0 0 2 2 0 2 2 1 0 0 1 2 0 2 0 2 0 2 1 1 2 2 2 2 0 2 2 2 2 1 0 0 0 1 0 0 0 2 2 2 2 2 0 1 0 0 1 0 1 0 0 2 2 2 0 2 0 1 1 2 2 1 0 1 0 0 1 1 1 0 1 1 0 0 0 0 1 2 0 0 1 2 1 0 0 1 1 2 2 0 2 1 0 1 2 0 1 0 2 1 0 0 2 2 0
-0.738695558800694 0.505852266686422 -1.11326536320024 -1.92978555549666 -1.54758972747339 1 2 2 1 0 1 1 1 0 2 2 0 0 0 0 1 0 0 0 1 0 1 2 2 2 2 0 2 1 2 2 1 1 2 2 2 2 2 0 2 0 0 2 0 0 0 0 2 2 2 1 0 1 2 1 2 1 0 0 1 0 0 0 1 0 0 2 2 0 2 0 0 0 2 2 2 2 2 1 1 1 2 1 2 2 1 2 2 1 0 2 0 2 0 2 1 0 0 2 1 0 2 2 1 0 1 1 1 0 2 2 0 0 0 0 1 0 0 0 1 0 1 2 2 2 2 0 2 1 2 2 1 1 2 2 2 2 2 0 2 0 0 2 0 0 0 0 2 2 2 1 0 1 2 1 2 1 0 0 1 0 0 0 1 0 0 2 2 0 2 0 0 0 2 2 2 2 2 1 1 1 2 1 2 2 1 2 2 1 0 2 0 2 0 2 1 0 0 2 1 0
-0.252145406759408 -0.920556624543331 0.714577409932086 0.77522746824843 0.0030750469944288 -1 0 1 1 0 0 0 0 0 1 0 1 0 1 0 0 1 0 0 0 0 0 2 1 2 1 0 1 0 1 1 0 1 2 2 1 1 1 1 0 1 0 2 1 0 1 0 2 2 2 1 0 0 1 0 2 2 0 0 0 0 0 2 1 1 1 2 2 1 2 1 1 1 1 1 1 1 2 2 0 0 2 0 2 1 0 2 1 1 0 2 0 2 0 2 0 0 0 2 2 1 0 -1 -1 0 0 0 0 0 -1 0 -1 0 -1 0 0 -1 0 0 0 0 0 -2 -1 -2 -1 0 -1 0 -1 -1 0 -1 -2 -2 -1 -1 -1 -1 0 -1 0 -2 -1 0 -1 0 -2 -2 -2 -1 0 0 -1 0 -2 -2 0 0 0 0 0 -2 -1 -1 -1 -2 -2 -1 -2 -1 -1 -1 -1 -1 -1 -1 -2 -2 0 0 -2 0 -2 -1 0 -2 -1 -1 0 -2 0 -2 0 -2 0 0 0 -2 -2 -1
0.976640019165479 -1.62211838450282 -0.135142231217742 -0.810550452257787 -1.1261822288243 -1 0 2 2 0 1 1 2 0 1 0 1 0 1 0 1 2 0 0 0 0 1 2 2 2 1 0 1 1 1 1 0 0 2 2 1 1 1 0 2 0 0 2 1 1 0 0 2 1 1 1 0 0 1 0 0 2 0 0 0 0 0 1 1 0 0 2 2 2 2 1 1 1 2 2 2 1 2 2 0 0 0 0 2 1 2 2 1 1 0 1 0 1 0 2 1 2 1 2 1 0 0 -2 -2 0 -1 -1 -2 0 -1 0 -1 0 -1 0 -1 -2 0 0 0 0 -1 -2 -2 -2 -1 0 -1 -1 -1 -1 0 0 -2 -2 -1 -1 -1 0 -2 0 0 -2 -1 -1 0 0 -2 -1 -1 -1 0 0 -1 0 0 -2 0 0 0 0 0 -1 -1 0 0 -2 -2 -2 -2 -1 -1 -1 -2 -2 -2 -1 -2 -2 0 0 0 0 -2 -1 -2 -2 -1 -1 0 -1 0 -1 0 -2 -1 -2 -1 -2 -1 0
0.821716955057213 0.823618967826976 -0.714270442943758 -1.08851965806857 -1.05454578470022 -1 1 2 2 0 0 2 1 0 0 0 2 0 0 1 1 1 1 1 1 0 0 2 2 2 0 0 0 1 2 2 1 0 2 2 2 2 2 0 1 0 0 2 0 0 0 0 2 1 1 0 1 0 1 2 2 2 0 0 0 0 0 1 1 0 1 2 2 2 2 2 1 1 2 0 1 1 2 0 0 0 0 0 2 1 0 1 1 2 2 2 0 2 0 2 1 0 1 1 1 0 -1 -2 -2 0 0 -2 -1 0 0 0 -2 0 0 -1 -1 -1 -1 -1 -1 0 0 -2 -2 -2 0 0 0 -1 -2 -2 -1 0 -2 -2 -2 -2 -2 0 -1 0 0 -2 0 0 0 0 -2 -1 -1 0 -1 0 -1 -2 -2 -2 0 0 0 0 0 -1 -1 0 -1 -2 -2 -2 -2 -2 -1 -1 -2 0 -1 -1 -2 0 0 0 0 0 -2 -1 0 -1 -1 -2 -2 -2 0 -2 0 -2 -1 0 -1 -1 -1 0
-1.55834418538327 0.642575391429506 -1.29993349214239 -1.59364448887918 1.08922451549319 1 1 2 1 0 2 1 2 0 2 0 1 0 0 0 1 1 1 1 1 0 0 2 1 2 1 0 2 1 2 2 2 0 2 2 1 2 1 0 2 1 0 2 1 0 0 0 2 2 2 2 1 1 2 1 2 2 0 0 0 0 0 1 2 1 0 2 2 0 2 0 0 2 2 2 2 1 2 2 0 1 2 1 2 1 0 1 0 0 0 2 0 2 0 2 0 1 1 2 2 1 1 2 1 0 2 1 2 0 2 0 1 0 0 0 1 1 1 1 1 0 0 2 1 2 1 0 2 1 2 2 2 0 2 2 1 2 1 0 2 1 0 2 1 0 0 0 2 2 2 2 1 1 2 1 2 2 0 0 0 0 0 1 2 1 0 2 2 0 2 0 0 2 2 2 2 1 2 2 0 1 2 1 2 1 0 1 0 0 0 2 0 2 0 2 0 1 1 2 2 1
-1.63836029304519 -0.985138135062827 0.0788018860887732 1.21439394006419 -0.130411654023853 1 2 2 2 1 2 1 2 0 2 1 1 0 0 0 0 1 0 1 0 0 1 2 2 2 0 0 2 0 1 1 0 0 2 2 1 2 2 1 2 1 0 2 0 0 1 0 2 2 2 0 0 0 2 1 1 2 0 0 0 0 0 0 1 1 1 2 2 2 2 1 1 1 2 1 1 1 2 2 0 1 2 1 2 1 0 1 2 2 0 2 0 1 0 2 1 2 2 2 2 2 2 2 2 1 2 1 2 0 2 1 1 0 0 0 0 1 0 1 0 0 1 2 2 2 0 0 2 0 1 1 0 0 2 2 1 2 2 1 2 1 0 2 0 0 1 0 2 2 2 0 0 0 2 1 1 2 0 0 0 0 0 0 1 1 1 2 2 2 2 1 1 1 2 1 1 1 2 2 0 1 2 1 2 1 0 1 2 2 0 2 0 1 0 2 1 2 2 2 2 2
-0.365988584814657 -0.162923961186344 -0.601336791163493 -0.307042537084757 1.03007444473128 -1 2 2 2 0 2 2 1 0 1 1 1 0 2 1 1 1 0 0 1 0 2 2 2 2 1 0 1 0 1 2 2 1 2 2 2 2 2 0 2 2 0 2 0 0 1 0 2 1 1 0 0 0 0 0 2 2 0 0 1 0 0 1 1 0 0 1 2 0 2 2 2 2 2 0 2 1 2 2 0 1 2 0 2 1 0 1 1 0 0 1 0 1 0 1 0 0 1 2 2 1 -2 -2 -2 0 -2 -2 -1 0 -1 -1 -1 0 -2 -1 -1 -1 0 0 -1 0 -2 -2 -2 -2 -1 0 -1 0 -1 -2 -2 -1 -2 -2 -2 -2 -2 0 -2 -2 0 -2 0 0 -1 0 -2 -1 -1 0 0 0 0 0 -2 -2 0 0 -1 0 0 -1 -1 0 0 -1 -2 0 -2 -2 -2 -2 -2 0 -2 -1 -2 -2 0 -1 -2 0 -2 -1 0 -1 -1 0 0 -1 0 -1 0 -1 0 0 -1 -2 -2 -1
-1.53004738213914 0.208016178093086 -0.648232505603964 -0.0321849304876785 -2.17728384893309 -1 1 1 1 0 1 1 1 0 1 0 0 0 1 2 2 2 1 2 1 0 1 2 2 1 0 0 0 0 2 1 0 1 2 1 1 2 2 0 1 2 0 1 0 0 1 1 2 2 2 1 1 0 1 0 2 2 0 0 0 0 0 0 1 1 0 2 2 2 2 2 1 0 2 0 2 0 2 1 0 1 2 1 2 1 1 2 2 1 1 2 1 2 0 1 1 0 0 2 2 0 -1 -1 -1 0 -1 -1 -1 0 -1 0 0 0 -1 -2 -2 -2 -1 -2 -1 0 -1 -2 -2 -1 0 0 0 0 -2 -1 0 -1 -2 -1 -1 -2 -2 0 -1 -2 0 -1 0 0 -1 -1 -2 -2 -2 -1 -1 0 -1 0 -2 -2 0 0 0 0 0 0 -1 -1 0 -2 -2 -2 -2 -2 -1 0 -2 0 -2 0 -2 -1 0 -1 -2 -1 -2 -1 -1 -2 -2 -1 -1 -2 -1 -2 0 -1 -1 0 0 -2 -2 0
-1.30998163006425 -1.43614404156787 -0.515694021171292 1.05079781501067 -0.742307770454024 1 0 1 2 1 2 2 2 1 2 1 2 0 0 0 1 1 0 1 1 1 2 2 2 2 0 0 2 2 1 1 1 0 2 2 1 2 2 0 2 1 0 2 0 0 0 0 2 1 2 0 1 0 0 0 1 2 0 0 1 0 0 1 2 1 1 2 2 1 2 2 1 2 2 2 2 1 2 2 0 1 2 0 2 1 1 2 2 0 0 2 0 2 0 2 0 0 0 1 1 1 0 1 2 1 2 2 2 1 2 1 2 0 0 0 1 1 0 1 1 1 2 2 2 2 0 0 2 2 1 1 1 0 2 2 1 2 2 0 2 1 0 2 0 0 0 0 2 1 2 0 1 0 0 0 1 2 0 0 1 0 0 1 2 1 1 2 2 1 2 2 1 2 2 2 2 1 2 2 0 1 2 0 2 1 1 2 2 0 0 2 0 2 0 2 0 0 0 1 1 1
0.725920289201207 -0.710697838233301 -0.703049745938094 -0.668022733212406 0.557831183328017 -1 1 2 2 0 1 2 1 0 1 2 2 1 2 1 2 0 0 0 1 0 1 2 2 2 1 0 0 0 0 1 0 0 2 2 1 2 2 2 2 1 0 2 1 0 1 0 2 2 2 0 0 0 1 0 1 2 0 0 1 0 0 1 1 0 1 1 2 2 2 1 1 2 2 0 1 1 2 2 0 1 2 1 2 2 1 2 1 2 0 2 0 2 0 2 1 0 0 1 1 0 -1 -2 -2 0 -1 -2 -1 0 -1 -2 -2 -1 -2 -1 -2 0 0 0 -1 0 -1 -2 -2 -2 -1 0 0 0 0 -1 0 0 -2 -2 -1 -2 -2 -2 -2 -1 0 -2 -1 0 -1 0 -2 -2 -2 0 0 0 -1 0 -1 -2 0 0 -1 0 0 -1 -1 0 -1 -1 -2 -2 -2 -1 -1 -2 -2 0 -1 -1 -2 -2 0 -1 -2 -1 -2 -2 -1 -2 -1 -2 0 -2 0 -2 0 -2 -1 0 0 -1 -1 0
1.12736376479181 -1.43465550040417 2.2824324648426 -1.42475794068818 0.494497815593819 -1 2 2 2 0 1 2 1 0 1 0 2 0 1 0 2 1 1 1 1 0 1 1 2 1 1 0 1 0 0 2 1 1 2 2 1 1 2 1 2 1 0 2 1 1 2 1 2 2 1 0 0 0 2 1 1 2 0 0 0 0 1 1 1 1 0 1 2 1 1 1 1 2 2 1 1 1 2 1 0 1 2 0 2 2 1 2 2 1 1 2 0 2 0 2 1 0 0 1 2 0 -2 -2 -2 0 -1 -2 -1 0 -1 0 -2 0 -1 0 -2 -1 -1 -1 -1 0 -1 -1 -2 -1 -1 0 -1 0 0 -2 -1 -1 -2 -2 -1 -1 -2 -1 -2 -1 0 -2 -1 -1 -2 -1 -2 -2 -1 0 0 0 -2 -1 -1 -2 0 0 0 0 -1 -1 -1 -1 0 -1 -2 -1 -1 -1 -1 -2 -2 -1 -1 -1 -2 -1 0 -1 -2 0 -2 -2 -1 -2 -2 -1 -1 -2 0 -2 0 -2 -1 0 0 -1 -2 0
-0.0627927212404822 -1.25903240633409 -1.28799187633052 -0.427430317694891 -0.760374780519778 1 1 0 2 0 0 1 1 0 2 1 2 0 0 0 1 0 0 0 1 0 1 2 2 2 2 0 2 1 2 2 2 1 2 2 2 2 2 0 1 1 0 2 1 1 2 0 2 1 2 1 1 0 1 2 0 2 1 0 2 0 0 0 0 0 0 2 2 1 2 1 1 2 2 0 0 0 2 2 0 0 2 0 2 1 0 2 2 1 0 2 1 2 0 2 1 1 0 2 2 1 1 0 2 0 0 1 1 0 2 1 2 0 0 0 1 0 0 0 1 0 1 2 2 2 2 0 2 1 2 2 2 1 2 2 2 2 2 0 1 1 0 2 1 1 2 0 2 1 2 1 1 0 1 2 0 2 1 0 2 0 0 0 0 0 0 2 2 1 2 1 1 2 2 0 0 0 2 2 0 0 2 0 2 1 0 2 2 1 0 2 1 2 0 2 1 1 0 2 2 1
1.30390702742832 -0.880919650687446 -0.239947452769476 -0.373634831202365 0.724157463535942 1 2 1 1 0 0 0 1 0 1 0 1 0 0 0 0 0 0 1 2 0 0 1 2 2 2 0 2 0 1 2 1 0 2 1 0 1 1 0 2 1 0 2 0 0 1 0 2 2 2 1 1 1 1 1 1 2 0 0 1 0 0 1 2 1 0 2 2 0 2 2 1 2 2 0 2 2 2 1 0 1 1 0 2 1 1 2 2 1 0 2 0 2 0 2 0 1 2 2 2 1 2 1 1 0 0 0 1 0 1 0 1 0 0 0 0 0 0 1 2 0 0 1 2 2 2 0 2 0 1 2 1 0 2 1 0 1 1 0 2 1 0 2 0 0 1 0 2 2 2 1 1 1 1 1 1 2 0 0 1 0 0 1 2 1 0 2 2 0 2 2 1 2 2 0 2 2 2 1 0 1 1 0 2 1 1 2 2 1 0 2 0 2 0 2 0 1 2 2 2 1
0.888097451717572 -0.552554935607635 0.924533565535102 -2.26752544840765 0.560748407666665 -1 1 2 2 0 0 1 1 0 1 0 2 0 1 1 0 0 0 1 1 0 2 2 2 2 1 0 1 0 1 0 0 1 2 2 2 2 2 0 2 1 0 1 1 0 1 0 2 2 2 2 2 0 1 2 2 2 0 0 2 0 0 2 0 0 0 2 2 2 2 2 1 2 2 1 1 1 2 1 0 0 2 1 2 0 0 2 1 0 0 1 0 2 0 2 1 2 2 2 2 1 -1 -2 -2 0 0 -1 -1 0 -1 0 -2 0 -1 -1 0 0 0 -1 -1 0 -2 -2 -2 -2 -1 0 -1 0 -1 0 0 -1 -2 -2 -2 -2 -2 0 -2 -1 0 -1 -1 0 -1 0 -2 -2 -2 -2 -2 0 -1 -2 -2 -2 0 0 -2 0 0 -2 0 0 0 -2 -2 -2 -2 -2 -1 -2 -2 -1 -1 -1 -2 -1 0 0 -2 -1 -2 0 0 -2 -1 0 0 -1 0 -2 0 -2 -1 -2 -2 -2 -2 -1
0.62300181801419 -1.03876580982986 2.08681577535618 0.781394524853889 -3.62626549259642 1 2 2 2 0 1 0 1 0 2 1 2 0 0 0 1 1 0 0 0 0 1 2 1 2 2 0 2 0 1 2 0 0 1 1 1 2 2 0 2 1 0 2 1 0 0 0 2 2 2 2 2 1 1 1 1 1 0 0 0 0 0 1 1 0 0 2 2 2 1 0 1 1 1 1 2 2 2 1 2 2 2 0 2 1 1 2 1 1 0 2 0 2 0 1 1 0 2 2 2 1 2 2 2 0 1 0 1 0 2 1 2 0 0 0 1 1 0 0 0 0 1 2 1 2 2 0 2 0 1 2 0 0 1 1 1 2 2 0 2 1 0 2 1 0 0 0 2 2 2 2 2 1 1 1 1 1 0 0 0 0 0 1 1 0 0 2 2 2 1 0 1 1 1 1 2 2 2 1 2 2 2 0 2 1 1 2 1 1 0 2 0 2 0 1 1 0 2 2 2 1
-1.01927233411214 -1.58059602751351 -2.54265386309287 0.215199519810259 -0.540207393807312 1 1 2 1 0 1 2 1 0 1 0 2 0 1 0 1 2 0 1 0 0 0 1 1 2 1 0 1 1 2 2 2 1 2 2 1 2 0 0 1 0 0 2 2 2 2 1 2 2 2 1 0 0 0 0 2 2 0 0 1 0 0 0 1 0 0 1 2 0 1 1 2 1 0 1 1 1 2 1 0 0 1 1 2 2 1 2 0 1 0 1 0 1 0 2 0 1 1 2 2 0 1 2 1 0 1 2 1 0 1 0 2 0 1 0 1 2 0 1 0 0 0 1 1 2 1 0 1 1 2 2 2 1 2 2 1 2 0 0 1 0 0 2 2 2 2 1 2 2 2 1 0 0 0 0 2 2 0 0 1 0 0 0 1 0 0 1 2 0 1 1 2 1 0 1 1 1 2 1 0 0 1 1 2 2 1 2 0 1 0 1 0 1 0 2 0 1 1 2 2 0
0.663197848738409 -0.222030251293488 -0.433894065059577 0.464033484465651 -0.171398892090432 -1 1 1 2 0 1 2 2 0 1 1 2 0 0 0 2 1 0 0 0 0 0 2 2 2 2 0 2 1 1 1 0 1 1 1 0 1 1 0 1 1 0 2 0 0 0 0 2 1 1 0 0 1 2 1 2 2 0 0 1 0 1 0 2 0 1 2 2 1 1 0 1 1 2 2 1 1 2 1 0 0 1 0 2 0 0 1 1 0 0 1 0 2 0 2 1 2 1 2 1 0 -1 -1 -2 0 -1 -2 -2 0 -1 -1 -2 0 0 0 -2 -1 0 0 0 0 0 -2 -2 -2 -2 0 -2 -1 -1 -1 0 -1 -1 -1 0 -1 -1 0 -1 -1 0 -2 0 0 0 0 -2 -1 -1 0 0 -1 -2 -1 -2 -2 0 0 -1 0 -1 0 -2 0 -1 -2 -2 -1 -1 0 -1 -1 -2 -2 -1 -1 -2 -1 0 0 -1 0 -2 0 0 -1 -1 0 0 -1 0 -2 0 -2 -1 -2 -1 -2 -1 0
0.37976484165357 -0.558205634809116 -1.286580326465 -0.152396043679205 0.260532252803179 -1 1 2 2 1 2 1 1 0 2 1 1 0 0 0 0 0 0 0 0 0 1 2 2 2 2 0 2 2 1 2 1 0 1 2 1 2 2 1 2 1 0 1 0 0 0 0 2 2 2 0 1 0 1 0 2 2 1 1 1 0 0 1 1 1 0 1 2 2 1 1 0 0 1 2 2 1 2 2 0 1 1 0 2 1 0 1 0 1 0 2 0 1 0 0 1 1 1 2 2 2 -1 -2 -2 -1 -2 -1 -1 0 -2 -1 -1 0 0 0 0 0 0 0 0 0 -1 -2 -2 -2 -2 0 -2 -2 -1 -2 -1 0 -1 -2 -1 -2 -2 -1 -2 -1 0 -1 0 0 0 0 -2 -2 -2 0 -1 0 -1 0 -2 -2 -1 -1 -1 0 0 -1 -1 -1 0 -1 -2 -2 -1 -1 0 0 -1 -2 -2 -1 -2 -2 0 -1 -1 0 -2 -1 0 -1 0 -1 0 -2 0 -1 0 0 -1 -1 -1 -2 -2 -2
-0.177080273896936 -1.44847433673706 -1.63884740689825 0.9521883776054 0.370236227870566 -1 2 2 2 0 2 1 2 0 2 2 1 0 1 1 1 2 1 1 0 0 0 1 2 2 0 0 2 1 2 2 2 0 1 2 0 2 1 0 2 0 0 2 0 1 1 0 2 2 2 1 2 0 1 2 1 2 1 0 1 0 1 2 2 0 1 1 2 2 2 1 0 0 2 2 1 0 2 2 0 0 1 0 2 2 2 2 2 2 1 2 0 1 0 1 0 1 0 2 2 1 -2 -2 -2 0 -2 -1 -2 0 -2 -2 -1 0 -1 -1 -1 -2 -1 -1 0 0 0 -1 -2 -2 0 0 -2 -1 -2 -2 -2 0 -1 -2 0 -2 -1 0 -2 0 0 -2 0 -1 -1 0 -2 -2 -2 -1 -2 0 -1 -2 -1 -2 -1 0 -1 0 -1 -2 -2 0 -1 -1 -2 -2 -2 -1 0 0 -2 -2 -1 0 -2 -2 0 0 -1 0 -2 -2 -2 -2 -2 -2 -1 -2 0 -1 0 -1 0 -1 0 -2 -2 -1
1.02295547625116 -0.265541301237195 -0.193425219659068 0.988233556227205 1.29048240211125 -1 1 1 2 0 1 2 2 0 2 1 1 0 0 0 1 1 0 0 0 0 1 2 2 2 1 0 0 1 1 1 1 0 1 1 0 2 2 0 1 0 0 1 0 0 1 0 1 1 2 1 1 0 1 0 1 1 0 1 1 0 0 0 2 0 0 1 2 2 2 1 0 1 2 1 2 1 2 1 0 0 1 0 2 2 1 2 1 1 0 2 0 2 0 2 0 1 1 2 2 0 -1 -1 -2 0 -1 -2 -2 0 -2 -1 -1 0 0 0 -1 -1 0 0 0 0 -1 -2 -2 -2 -1 0 0 -1 -1 -1 -1 0 -1 -1 0 -2 -2 0 -1 0 0 -1 0 0 -1 0 -1 -1 -2 -1 -1 0 -1 0 -1 -1 0 -1 -1 0 0 0 -2 0 0 -1 -2 -2 -2 -1 0 -1 -2 -1 -2 -1 -2 -1 0 0 -1 0 -2 -2 -1 -2 -1 -1 0 -2 0 -2 0 -2 0 -1 -1 -2 -2 0
0.00690687718596153 -0.15609251071207 -1.15440536112993 -1.03426416388468 0.0928807190348771 -1 1 0 0 0 0 0 1 0 0 0 1 0 1 0 0 0 0 1 1 1 1 2 1 2 1 0 1 0 0 1 0 0 2 2 1 1 1 0 1 1 0 2 1 0 1 0 2 1 2 1 1 1 2 0 1 1 0 0 1 0 0 1 0 0 0 0 2 1 2 2 1 1 2 2 2 2 2 2 0 2 2 2 2 2 1 2 1 1 0 2 0 1 0 2 1 0 0 2 2 1 -1 0 0 0 0 0 -1 0 0 0 -1 0 -1 0 0 0 0 -1 -1 -1 -1 -2 -1 -2 -1 0 -1 0 0 -1 0 0 -2 -2 -1 -1 -1 0 -1 -1 0 -2 -1 0 -1 0 -2 -1 -2 -1 -1 -1 -2 0 -1 -1 0 0 -1 0 0 -1 0 0 0 0 -2 -1 -2 -2 -1 -1 -2 -2 -2 -2 -2 -2 0 -2 -2 -2 -2 -2 -1 -2 -1 -1 0 -2 0 -1 0 -2 -1 0 0 -2 -2 -1
1.73054146184483 0.996310533443911 -2.05190392922884 -0.42779213950458 0.117356126747414 -1 1 2 2 0 2 2 1 0 1 1 1 0 0 1 2 1 1 1 1 0 1 2 2 2 1 0 1 0 2 1 0 0 1 2 1 2 1 0 1 1 0 2 0 0 0 0 2 2 1 0 1 0 0 0 1 2 1 0 1 0 0 0 0 0 0 1 2 1 1 0 0 0 1 1 2 2 2 1 0 1 2 0 2 1 0 2 2 2 0 1 0 1 0 2 1 1 1 2 1 0 -1 -2 -2 0 -2 -2 -1 0 -1 -1 -1 0 0 -1 -2 -1 -1 -1 -1 0 -1 -2 -2 -2 -1 0 -1 0 -2 -1 0 0 -1 -2 -1 -2 -1 0 -1 -1 0 -2 0 0 0 0 -2 -2 -1 0 -1 0 0 0 -1 -2 -1 0 -1 0 0 0 0 0 0 -1 -2 -1 -1 0 0 0 -1 -1 -2 -2 -2 -1 0 -1 -2 0 -2 -1 0 -2 -2 -2 0 -1 0 -1 0 -2 -1 -1 -1 -2 -1 0
-0.37312195815297 0.517061289606902 -0.499112289928667 0.270330075982905 1.3811846167957 -1 0 0 1 0 1 1 1 0 1 0 2 0 0 0 2 2 0 0 1 0 1 1 1 2 1 0 2 1 2 1 1 2 2 2 0 2 1 0 1 1 0 2 1 0 2 0 2 2 1 1 0 0 1 0 1 2 0 0 1 0 0 0 0 0 1 2 2 2 2 2 2 1 1 2 2 1 2 2 0 0 2 1 2 1 1 2 0 1 0 2 0 2 0 2 1 2 2 2 2 1 0 0 -1 0 -1 -1 -1 0 -1 0 -2 0 0 0 -2 -2 0 0 -1 0 -1 -1 -1 -2 -1 0 -2 -1 -2 -1 -1 -2 -2 -2 0 -2 -1 0 -1 -1 0 -2 -1 0 -2 0 -2 -2 -1 -1 0 0 -1 0 -1 -2 0 0 -1 0 0 0 0 0 -1 -2 -2 -2 -2 -2 -2 -1 -1 -2 -2 -1 -2 -2 0 0 -2 -1 -2 -1 -1 -2 0 -1 0 -2 0 -2 0 -2 -1 -2 -2 -2 -2 -1
0.823866186139365 -0.121452844744889 0.114604475661979 -0.643005170351093 -0.841224730682086 -1 0 1 1 0 1 1 2 0 2 0 1 0 0 0 1 0 0 0 2 0 0 2 2 2 1 0 1 0 0 1 0 0 2 2 1 2 2 2 2 2 0 2 0 0 1 0 1 2 1 0 0 0 1 0 0 1 0 0 0 0 0 0 1 0 1 0 2 0 2 2 1 1 2 1 2 2 2 1 0 2 2 0 2 2 1 2 1 0 0 1 0 1 0 1 0 1 0 2 2 0 0 -1 -1 0 -1 -1 -2 0 -2 0 -1 0 0 0 -1 0 0 0 -2 0 0 -2 -2 -2 -1 0 -1 0 0 -1 0 0 -2 -2 -1 -2 -2 -2 -2 -2 0 -2 0 0 -1 0 -1 -2 -1 0 0 0 -1 0 0 -1 0 0 0 0 0 0 -1 0 -1 0 -2 0 -2 -2 -1 -1 -2 -1 -2 -2 -2 -1 0 -2 -2 0 -2 -2 -1 -2 -1 0 0 -1 0 -1 0 -1 0 -1 0 -2 -2 0
1.0094334019772 0.283099793065875 0.23990603769612 -1.02702677875713 -1.38190218239672 1 1 0 2 0 1 1 2 0 1 1 1 0 0 0 1 0 0 0 1 0 0 1 1 2 1 0 1 1 2 2 1 0 2 2 1 2 2 1 1 0 0 1 0 0 1 0 2 1 2 1 1 0 0 1 1 1 0 0 1 0 0 2 2 1 1 1 2 0 2 0 0 1 2 2 2 1 2 2 0 0 1 0 2 1 1 2 2 0 0 1 0 2 0 2 0 1 2 2 2 2 1 0 2 0 1 1 2 0 1 1 1 0 0 0 1 0 0 0 1 0 0 1 1 2 1 0 1 1 2 2 1 0 2 2 1 2 2 1 1 0 0 1 0 0 1 0 2 1 2 1 1 0 0 1 1 1 0 0 1 0 0 2 2 1 1 1 2 0 2 0 0 1 2 2 2 1 2 2 0 0 1 0 2 1 1 2 2 0 0 1 0 2 0 2 0 1 2 2 2 2
1.26465129307739 0.28764031150387 0.0390169598185164 -1.61783744909714 -0.772053652054075 -1 0 1 2 0 2 2 1 0 1 0 0 0 1 0 0 0 0 0 0 0 1 2 2 2 1 0 1 2 2 2 2 1 2 2 2 2 2 1 2 2 0 1 0 0 2 0 2 1 2 1 1 0 1 1 2 2 1 1 1 0 0 1 2 2 1 2 2 1 2 1 1 2 2 1 1 1 2 2 0 0 2 0 2 1 0 2 0 0 0 1 0 1 0 1 1 1 0 2 1 2 0 -1 -2 0 -2 -2 -1 0 -1 0 0 0 -1 0 0 0 0 0 0 0 -1 -2 -2 -2 -1 0 -1 -2 -2 -2 -2 -1 -2 -2 -2 -2 -2 -1 -2 -2 0 -1 0 0 -2 0 -2 -1 -2 -1 -1 0 -1 -1 -2 -2 -1 -1 -1 0 0 -1 -2 -2 -1 -2 -2 -1 -2 -1 -1 -2 -2 -1 -1 -1 -2 -2 0 0 -2 0 -2 -1 0 -2 0 0 0 -1 0 -1 0 -1 -1 -1 0 -2 -1 -2
0.441561799348714 0.167966775970153 -0.464944955369476 1.37432677275484 -0.9718294519587 -1 0 1 2 0 0 1 1 0 1 0 2 0 2 2 1 1 0 1 1 0 1 2 1 2 1 0 1 0 2 2 0 1 2 2 2 2 2 1 2 2 0 2 0 0 1 0 1 1 1 1 1 0 2 2 1 2 0 0 0 0 0 1 2 0 0 2 2 1 1 1 1 1 2 1 2 1 2 2 1 1 2 0 1 0 0 1 0 0 0 1 0 1 0 2 0 1 1 2 2 1 0 -1 -2 0 0 -1 -1 0 -1 0 -2 0 -2 -2 -1 -1 0 -1 -1 0 -1 -2 -1 -2 -1 0 -1 0 -2 -2 0 -1 -2 -2 -2 -2 -2 -1 -2 -2 0 -2 0 0 -1 0 -1 -1 -1 -1 -1 0 -2 -2 -1 -2 0 0 0 0 0 -1 -2 0 0 -2 -2 -1 -1 -1 -1 -1 -2 -1 -2 -1 -2 -2 -1 -1 -2 0 -1 0 0 -1 0 0 0 -1 0 -1 0 -2 0 -1 -1 -2 -2 -1
-0.139140922799386 1.33075153327121 -0.0997093772086337 -1.02149957497681 -1.16912090307935 -1 0 1 2 0 1 1 2 1 2 0 0 0 1 0 1 1 1 2 2 1 1 1 2 2 0 0 2 2 0 2 1 1 2 2 0 2 2 1 1 1 0 2 1 1 2 1 2 2 2 2 2 0 1 1 0 1 0 0 0 0 0 1 2 1 0 1 2 1 2 2 2 2 2 1 2 2 2 2 0 0 2 2 2 2 1 1 2 1 0 0 0 2 0 2 1 2 2 2 2 1 0 -1 -2 0 -1 -1 -2 -1 -2 0 0 0 -1 0 -1 -1 -1 -2 -2 -1 -1 -1 -2 -2 0 0 -2 -2 0 -2 -1 -1 -2 -2 0 -2 -2 -1 -1 -1 0 -2 -1 -1 -2 -1 -2 -2 -2 -2 -2 0 -1 -1 0 -1 0 0 0 0 0 -1 -2 -1 0 -1 -2 -1 -2 -2 -2 -2 -2 -1 -2 -2 -2 -2 0 0 -2 -2 -2 -2 -1 -1 -2 -1 0 0 0 -2 0 -2 -1 -2 -2 -2 -2 -1
0.855725440115641 -0.029610217996606 -3.37698949598582 0.0982573012716393 1.23028175104661 1 0 2 2 0 1 1 1 1 2 0 1 0 0 0 2 1 1 0 1 0 0 1 2 2 0 0 2 1 1 1 1 1 2 2 2 2 2 1 2 1 0 2 0 0 1 1 2 2 2 2 1 1 0 1 1 2 0 0 0 0 0 0 1 0 0 2 2 2 2 2 1 0 2 2 2 2 2 2 0 1 2 0 1 1 0 2 2 0 0 2 0 2 0 2 0 1 2 2 2 0 0 2 2 0 1 1 1 1 2 0 1 0 0 0 2 1 1 0 1 0 0 1 2 2 0 0 2 1 1 1 1 1 2 2 2 2 2 1 2 1 0 2 0 0 1 1 2 2 2 2 1 1 0 1 1 2 0 0 0 0 0 0 1 0 0 2 2 2 2 2 1 0 2 2 2 2 2 2 0 1 2 0 1 1 0 2 2 0 0 2 0 2 0 2 0 1 2 2 2 0
-0.862731208669708 0.563984127924347 1.28679571783342 -0.762488347612982 0.970852050375615 1 2 1 2 0 2 2 2 0 1 0 1 0 2 1 1 1 1 1 0 0 0 1 1 1 1 0 0 0 1 1 0 0 2 2 1 2 2 1 2 1 0 2 0 0 0 0 2 2 2 1 2 0 2 2 0 2 0 1 0 0 0 1 1 0 1 2 2 1 1 1 1 2 2 2 2 1 2 1 0 1 1 1 2 1 0 1 0 1 0 1 0 2 1 1 0 1 0 2 2 2 2 1 2 0 2 2 2 0 1 0 1 0 2 1 1 1 1 1 0 0 0 1 1 1 1 0 0 0 1 1 0 0 2 2 1 2 2 1 2 1 0 2 0 0 0 0 2 2 2 1 2 0 2 2 0 2 0 1 0 0 0 1 1 0 1 2 2 1 1 1 1 2 2 2 2 1 2 1 0 1 1 1 2 1 0 1 0 1 0 1 0 2 1 1 0 1 0 2 2 2
0.0247334207406626 -0.0318788181148292 -0.22295590700167 1.68923756068323 -0.528921759644318 -1 2 2 1 0 1 2 2 0 2 1 2 1 1 0 1 1 1 2 1 0 0 1 2 2 1 0 0 0 0 0 1 1 2 2 1 1 1 0 1 1 0 2 0 0 1 0 1 2 2 1 0 0 1 1 2 2 2 1 2 0 0 1 1 1 1 1 2 0 2 1 2 2 2 2 2 2 2 2 0 0 2 1 2 2 0 2 1 0 0 2 0 2 1 2 1 0 1 2 2 1 -2 -2 -1 0 -1 -2 -2 0 -2 -1 -2 -1 -1 0 -1 -1 -1 -2 -1 0 0 -1 -2 -2 -1 0 0 0 0 0 -1 -1 -2 -2 -1 -1 -1 0 -1 -1 0 -2 0 0 -1 0 -1 -2 -2 -1 0 0 -1 -1 -2 -2 -2 -1 -2 0 0 -1 -1 -1 -1 -1 -2 0 -2 -1 -2 -2 -2 -2 -2 -2 -2 -2 0 0 -2 -1 -2 -2 0 -2 -1 0 0 -2 0 -2 -1 -2 -1 0 -1 -2 -2 -1
0.865621409853693 -0.925965753779322 -0.136654727965734 -0.775658351998149 -1.26549376926002 1 0 2 2 0 1 2 1 0 2 1 1 0 1 0 1 2 0 1 1 0 0 2 2 2 1 0 1 0 0 1 1 0 1 2 1 2 1 0 2 2 0 2 0 0 0 0 2 2 2 0 0 0 1 1 2 2 1 1 1 0 1 2 2 1 0 2 2 2 1 1 1 1 2 2 2 2 2 1 0 0 1 0 2 1 0 2 1 0 1 2 0 2 0 1 0 0 0 2 2 1 0 2 2 0 1 2 1 0 2 1 1 0 1 0 1 2 0 1 1 0 0 2 2 2 1 0 1 0 0 1 1 0 1 2 1 2 1 0 2 2 0 2 0 0 0 0 2 2 2 0 0 0 1 1 2 2 1 1 1 0 1 2 2 1 0 2 2 2 1 1 1 1 2 2 2 2 2 1 0 0 1 0 2 1 0 2 1 0 1 2 0 2 0 1 0 0 0 2 2 1
-0.113431496762812 0.651983536152763 -0.244933955579008 0.170297033766664 0.180399307130769 1 1 2 1 0 0 1 1 0 1 1 2 0 2 0 0 1 0 1 2 0 0 2 2 2 1 0 1 1 2 1 0 1 2 2 1 1 2 0 2 2 0 2 1 1 2 0 2 2 2 1 1 0 1 1 2 2 0 0 1 0 0 1 1 0 0 2 2 1 2 1 2 2 1 0 1 1 2 1 0 0 1 0 2 1 1 2 1 0 0 1 0 1 0 1 1 1 1 2 2 0 1 2 1 0 0 1 1 0 1 1 2 0 2 0 0 1 0 1 2 0 0 2 2 2 1 0 1 1 2 1 0 1 2 2 1 1 2 0 2 2 0 2 1 1 2 0 2 2 2 1 1 0 1 1 2 2 0 0 1 0 0 1 1 0 0 2 2 1 2 1 2 2 1 0 1 1 2 1 0 0 1 0 2 1 1 2 1 0 0 1 0 1 0 1 1 1 1 2 2 0
-1.71090398717443 0.170722390895497 -0.492373759085523 -0.704160793339747 -0.0842737271862649 -1 2 2 2 0 2 2 2 0 2 2 0 0 0 0 0 0 0 0 0 0 1 1 2 2 2 0 2 0 2 2 1 0 2 2 2 2 2 1 2 1 0 2 2 1 1 0 2 0 0 0 0 0 1 2 0 2 0 0 0 0 1 2 1 1 1 2 2 0 2 0 0 1 2 1 2 0 2 2 0 0 2 0 1 2 0 2 2 1 0 2 0 1 0 2 0 0 0 2 2 1 -2 -2 -2 0 -2 -2 -2 0 -2 -2 0 0 0 0 0 0 0 0 0 0 -1 -1 -2 -2 -2 0 -2 0 -2 -2 -1 0 -2 -2 -2 -2 -2 -1 -2 -1 0 -2 -2 -1 -1 0 -2 0 0 0 0 0 -1 -2 0 -2 0 0 0 0 -1 -2 -1 -1 -1 -2 -2 0 -2 0 0 -1 -2 -1 -2 0 -2 -2 0 0 -2 0 -1 -2 0 -2 -2 -1 0 -2 0 -1 0 -2 0 0 0 -2 -2 -1
1.71391151002498 0.720892065254326 -0.255278394195137 -0.749824780767582 0.158099406548717 -1 2 2 1 0 0 0 1 0 1 0 2 0 1 1 2 1 0 2 1 1 2 2 2 2 1 0 2 1 1 2 1 0 1 1 0 2 2 0 0 0 0 2 0 0 0 0 2 2 1 0 0 0 1 1 2 2 1 1 1 0 0 1 2 1 0 1 2 1 2 2 2 2 2 2 2 1 2 2 0 0 0 0 2 2 1 2 0 0 0 0 0 0 0 2 1 1 1 2 2 2 -2 -2 -1 0 0 0 -1 0 -1 0 -2 0 -1 -1 -2 -1 0 -2 -1 -1 -2 -2 -2 -2 -1 0 -2 -1 -1 -2 -1 0 -1 -1 0 -2 -2 0 0 0 0 -2 0 0 0 0 -2 -2 -1 0 0 0 -1 -1 -2 -2 -1 -1 -1 0 0 -1 -2 -1 0 -1 -2 -1 -2 -2 -2 -2 -2 -2 -2 -1 -2 -2 0 0 0 0 -2 -2 -1 -2 0 0 0 0 0 0 0 -2 -1 -1 -1 -2 -2 -2
0.0591314809767029 1.34776436156429 0.554788166624199 0.199539717144624 -0.603302900333241 1 1 1 2 0 1 1 1 0 2 0 2 0 1 0 1 1 0 1 1 0 0 1 1 2 2 0 0 1 1 2 0 0 1 1 0 1 1 0 2 0 0 2 1 0 1 0 2 2 2 2 2 0 1 2 1 2 0 0 1 0 0 0 1 0 0 2 2 1 1 0 2 2 2 2 2 2 2 2 0 0 1 0 2 2 0 2 2 0 1 2 0 2 0 1 0 1 1 2 2 2 1 1 2 0 1 1 1 0 2 0 2 0 1 0 1 1 0 1 1 0 0 1 1 2 2 0 0 1 1 2 0 0 1 1 0 1 1 0 2 0 0 2 1 0 1 0 2 2 2 2 2 0 1 2 1 2 0 0 1 0 0 0 1 0 0 2 2 1 1 0 2 2 2 2 2 2 2 2 0 0 1 0 2 2 0 2 2 0 1 2 0 2 0 1 0 1 1 2 2 2
0.521024021116729 -1.22719007786297 -0.022489890560151 -1.04582248164598 -1.30856853068686 1 2 2 2 0 0 1 1 0 0 0 1 0 0 1 2 2 1 1 1 0 1 0 1 1 2 0 1 0 1 2 1 0 1 2 0 1 1 0 2 0 0 2 0 0 0 0 2 0 1 0 1 0 1 0 2 2 0 1 2 0 0 2 2 1 1 2 2 0 2 1 1 1 1 1 1 1 2 1 0 0 2 1 2 2 0 2 2 0 1 2 0 2 0 2 0 1 1 1 2 0 2 2 2 0 0 1 1 0 0 0 1 0 0 1 2 2 1 1 1 0 1 0 1 1 2 0 1 0 1 2 1 0 1 2 0 1 1 0 2 0 0 2 0 0 0 0 2 0 1 0 1 0 1 0 2 2 0 1 2 0 0 2 2 1 1 2 2 0 2 1 1 1 1 1 1 1 2 1 0 0 2 1 2 2 0 2 2 0 1 2 0 2 0 2 0 1 1 1 2 0
0.0506993460581516 -1.00444995621085 -0.37552348713 1.27300165197482 -0.796343045723572 1 1 1 1 0 1 1 2 0 1 0 2 0 1 1 2 1 0 1 2 0 1 2 2 2 1 0 1 0 0 1 2 1 2 2 2 2 2 1 2 2 0 2 1 0 0 0 2 2 2 1 2 0 1 1 2 2 1 1 0 0 0 0 1 0 0 2 2 0 2 2 2 1 2 0 1 1 2 2 1 2 1 0 2 2 1 1 1 1 0 2 0 1 0 2 1 1 0 2 2 1 1 1 1 0 1 1 2 0 1 0 2 0 1 1 2 1 0 1 2 0 1 2 2 2 1 0 1 0 0 1 2 1 2 2 2 2 2 1 2 2 0 2 1 0 0 0 2 2 2 1 2 0 1 1 2 2 1 1 0 0 0 0 1 0 0 2 2 0 2 2 2 1 2 0 1 1 2 2 1 2 1 0 2 2 1 1 1 1 0 2 0 1 0 2 1 1 0 2 2 1
-0.113373432378519 -1.26651173052662 0.177213017602086 -0.812194519964533 -0.0690692235523864 -1 2 2 2 0 1 1 1 0 0 0 0 0 0 1 1 1 0 1 1 1 1 2 1 2 1 0 2 1 1 1 0 1 2 2 1 1 1 0 2 1 0 2 2 0 0 1 2 2 2 1 1 0 1 0 1 2 0 0 1 0 0 1 1 1 1 1 2 2 2 1 2 2 2 1 2 1 2 2 0 1 2 1 2 1 1 2 2 2 0 1 0 2 0 2 1 2 1 2 1 0 -2 -2 -2 0 -1 -1 -1 0 0 0 0 0 0 -1 -1 -1 0 -1 -1 -1 -1 -2 -1 -2 -1 0 -2 -1 -1 -1 0 -1 -2 -2 -1 -1 -1 0 -2 -1 0 -2 -2 0 0 -1 -2 -2 -2 -1 -1 0 -1 0 -1 -2 0 0 -1 0 0 -1 -1 -1 -1 -1 -2 -2 -2 -1 -2 -2 -2 -1 -2 -1 -2 -2 0 -1 -2 -1 -2 -1 -1 -2 -2 -2 0 -1 0 -2 0 -2 -1 -2 -1 -2 -1 0
1.07631057468145 -1.90634238833032 -0.0811517329727858 1.69975968573302 0.572234631557629 1 1 2 2 0 2 2 2 0 2 0 1 0 1 1 1 1 0 0 0 0 1 2 2 2 2 0 2 2 1 1 0 0 2 2 1 2 2 0 2 0 0 2 1 1 2 1 2 2 2 0 0 0 2 1 2 2 0 0 1 0 0 1 1 1 1 2 2 0 2 1 1 1 2 2 2 2 2 2 0 0 2 0 2 2 1 2 2 0 0 1 0 2 0 2 0 1 1 2 2 2 1 2 2 0 2 2 2 0 2 0 1 0 1 1 1 1 0 0 0 0 1 2 2 2 2 0 2 2 1 1 0 0 2 2 1 2 2 0 2 0 0 2 1 1 2 1 2 2 2 0 0 0 2 1 2 2 0 0 1 0 0 1 1 1 1 2 2 0 2 1 1 1 2 2 2 2 2 2 0 0 2 0 2 2 1 2 2 0 0 1 0 2 0 2 0 1 1 2 2 2
-0.905184016589889 1.65393479611672 -1.15825176939598 2.31145874164411 -1.5205530159598 -1 0 0 1 0 1 1 1 0 2 1 2 0 1 1 0 1 0 1 0 0 0 2 2 2 0 0 1 0 1 1 1 0 2 2 1 2 0 1 2 1 0 2 0 0 1 0 2 2 2 1 1 0 0 0 1 2 0 0 1 0 0 0 1 0 0 1 2 2 2 0 2 2 2 0 1 2 2 2 0 1 2 0 2 2 2 2 1 0 0 1 0 2 0 2 0 0 0 1 2 0 0 0 -1 0 -1 -1 -1 0 -2 -1 -2 0 -1 -1 0 -1 0 -1 0 0 0 -2 -2 -2 0 0 -1 0 -1 -1 -1 0 -2 -2 -1 -2 0 -1 -2 -1 0 -2 0 0 -1 0 -2 -2 -2 -1 -1 0 0 0 -1 -2 0 0 -1 0 0 0 -1 0 0 -1 -2 -2 -2 0 -2 -2 -2 0 -1 -2 -2 -2 0 -1 -2 0 -2 -2 -2 -2 -1 0 0 -1 0 -2 0 -2 0 0 0 -1 -2 0
-0.568316153229727 0.0344900371961904 -0.495626390020641 -0.433440363612302 -1.33064809122377 -1 1 2 2 0 1 1 2 0 2 1 2 0 0 0 0 1 0 0 1 0 2 2 2 2 1 0 2 2 1 1 0 0 1 2 1 2 2 1 2 2 0 2 1 0 0 0 2 1 1 0 1 1 2 1 2 2 0 0 0 0 0 2 2 1 1 1 2 1 2 2 1 1 1 2 2 2 2 2 0 1 2 0 2 2 0 1 1 1 0 2 0 2 0 2 1 1 1 2 2 0 -1 -2 -2 0 -1 -1 -2 0 -2 -1 -2 0 0 0 0 -1 0 0 -1 0 -2 -2 -2 -2 -1 0 -2 -2 -1 -1 0 0 -1 -2 -1 -2 -2 -1 -2 -2 0 -2 -1 0 0 0 -2 -1 -1 0 -1 -1 -2 -1 -2 -2 0 0 0 0 0 -2 -2 -1 -1 -1 -2 -1 -2 -2 -1 -1 -1 -2 -2 -2 -2 -2 0 -1 -2 0 -2 -2 0 -1 -1 -1 0 -2 0 -2 0 -2 -1 -1 -1 -2 -2 0
-0.759412640662083 0.366804104385783 1.19321529821234 0.932856755135939 0.69527765677139 1 2 2 2 0 2 2 1 0 2 0 2 0 0 1 0 0 0 0 1 0 2 2 2 2 0 0 0 0 1 1 0 0 2 1 0 2 2 1 2 1 0 2 2 1 1 0 2 2 2 1 1 0 2 1 0 2 0 0 1 0 0 0 1 1 1 1 2 0 2 2 1 0 1 2 1 1 2 2 0 2 2 1 2 2 1 2 2 1 1 2 0 1 0 2 1 0 1 2 2 1 2 2 2 0 2 2 1 0 2 0 2 0 0 1 0 0 0 0 1 0 2 2 2 2 0 0 0 0 1 1 0 0 2 1 0 2 2 1 2 1 0 2 2 1 1 0 2 2 2 1 1 0 2 1 0 2 0 0 1 0 0 0 1 1 1 1 2 0 2 2 1 0 1 2 1 1 2 2 0 2 2 1 2 2 1 2 2 1 1 2 0 1 0 2 1 0 1 2 2 1
1.14089331524217 0.204045467563108 -1.33147776231432 0.660916916883305 -0.0534654908252819 -1 2 2 2 0 2 1 2 0 2 1 2 0 1 0 1 1 0 1 1 0 1 2 2 2 0 0 2 0 0 1 0 0 2 2 2 2 1 1 2 0 0 2 1 0 2 1 2 2 2 1 0 0 1 0 0 2 0 0 0 0 0 0 1 0 0 1 2 1 2 0 1 1 2 2 2 2 2 2 0 1 1 0 2 1 0 2 0 1 0 2 0 1 0 2 2 2 2 2 2 1 -2 -2 -2 0 -2 -1 -2 0 -2 -1 -2 0 -1 0 -1 -1 0 -1 -1 0 -1 -2 -2 -2 0 0 -2 0 0 -1 0 0 -2 -2 -2 -2 -1 -1 -2 0 0 -2 -1 0 -2 -1 -2 -2 -2 -1 0 0 -1 0 0 -2 0 0 0 0 0 0 -1 0 0 -1 -2 -1 -2 0 -1 -1 -2 -2 -2 -2 -2 -2 0 -1 -1 0 -2 -1 0 -2 0 -1 0 -2 0 -1 0 -2 -2 -2 -2 -2 -2 -1
1.72308990122437 1.49717401833614 1.27604056140395 -0.151238929056679 0.7168360069254 -1 2 2 2 0 2 2 2 0 2 2 1 0 1 0 0 0 1 1 1 0 1 2 2 2 2 0 2 2 2 2 1 0 2 2 2 2 2 0 2 2 0 2 0 0 0 0 2 2 1 1 1 1 2 0 1 2 1 2 2 0 0 2 2 2 1 2 2 0 2 0 2 1 2 1 2 2 2 2 2 0 1 0 2 2 1 2 1 1 0 2 0 1 0 2 1 1 1 2 2 2 -2 -2 -2 0 -2 -2 -2 0 -2 -2 -1 0 -1 0 0 0 -1 -1 -1 0 -1 -2 -2 -2 -2 0 -2 -2 -2 -2 -1 0 -2 -2 -2 -2 -2 0 -2 -2 0 -2 0 0 0 0 -2 -2 -1 -1 -1 -1 -2 0 -1 -2 -1 -2 -2 0 0 -2 -2 -2 -1 -2 -2 0 -2 0 -2 -1 -2 -1 -2 -2 -2 -2 -2 0 -1 0 -2 -2 -1 -2 -1 -1 0 -2 0 -1 0 -2 -1 -1 -1 -2 -2 -2
-0.753861948262926 -0.891069582638842 1.35266322453212 1.02898770677526 0.397615489611089 -1 2 2 2 0 0 0 1 0 1 1 0 0 0 0 0 1 0 0 1 0 1 2 1 1 2 0 2 0 1 0 0 0 2 2 1 2 2 0 2 2 0 1 0 0 1 0 2 2 2 2 2 0 1 0 2 2 1 0 0 0 0 1 2 1 1 1 2 1 1 0 0 1 2 2 1 2 2 1 0 1 1 0 2 2 1 2 1 0 0 2 0 0 0 2 0 1 0 1 1 0 -2 -2 -2 0 0 0 -1 0 -1 -1 0 0 0 0 0 -1 0 0 -1 0 -1 -2 -1 -1 -2 0 -2 0 -1 0 0 0 -2 -2 -1 -2 -2 0 -2 -2 0 -1 0 0 -1 0 -2 -2 -2 -2 -2 0 -1 0 -2 -2 -1 0 0 0 0 -1 -2 -1 -1 -1 -2 -1 -1 0 0 -1 -2 -2 -1 -2 -2 -1 0 -1 -1 0 -2 -2 -1 -2 -1 0 0 -2 0 0 0 -2 0 -1 0 -1 -1 0
-1.20776856160628 2.79929025538446 -0.636615087044434 -0.129478746163402 -0.464030953210427 -1 1 1 2 0 0 1 2 0 2 0 1 0 0 0 1 1 0 1 0 0 1 2 2 2 0 0 1 1 1 1 0 0 2 2 1 2 1 0 2 0 0 2 0 0 1 0 1 2 1 0 1 0 2 0 1 2 0 0 0 0 0 1 1 0 0 1 2 0 2 1 1 2 2 2 1 2 2 2 0 1 2 1 2 2 1 2 2 2 1 2 0 2 0 2 1 1 1 2 2 1 -1 -1 -2 0 0 -1 -2 0 -2 0 -1 0 0 0 -1 -1 0 -1 0 0 -1 -2 -2 -2 0 0 -1 -1 -1 -1 0 0 -2 -2 -1 -2 -1 0 -2 0 0 -2 0 0 -1 0 -1 -2 -1 0 -1 0 -2 0 -1 -2 0 0 0 0 0 -1 -1 0 0 -1 -2 0 -2 -1 -1 -2 -2 -2 -1 -2 -2 -2 0 -1 -2 -1 -2 -2 -1 -2 -2 -2 -1 -2 0 -2 0 -2 -1 -1 -1 -2 -2 -1
-0.877489283089268 1.55893085708882 -0.408039075678018 -0.776382846760592 1.55574082642148 1 0 0 0 0 1 0 1 0 1 0 1 0 0 1 1 1 1 0 0 0 1 2 1 2 1 0 2 1 0 0 1 0 2 2 2 2 2 1 2 1 0 2 0 0 2 1 2 2 2 0 2 0 2 1 0 1 0 0 0 0 0 1 2 1 1 2 2 2 2 1 0 1 2 2 1 0 2 2 0 1 0 0 2 1 0 2 2 1 1 2 0 2 0 2 2 1 2 2 2 1 0 0 0 0 1 0 1 0 1 0 1 0 0 1 1 1 1 0 0 0 1 2 1 2 1 0 2 1 0 0 1 0 2 2 2 2 2 1 2 1 0 2 0 0 2 1 2 2 2 0 2 0 2 1 0 1 0 0 0 0 0 1 2 1 1 2 2 2 2 1 0 1 2 2 1 0 2 2 0 1 0 0 2 1 0 2 2 1 1 2 0 2 0 2 2 1 2 2 2 1
1.57584817522024 0.769550579100428 0.0746041749567846 -1.45832396376395 -0.872358872820313 1 1 2 2 0 0 2 2 0 0 0 1 0 1 1 2 1 0 1 1 0 0 1 2 2 1 0 0 0 2 2 1 0 1 2 1 2 1 0 1 1 0 2 0 0 1 0 2 2 1 0 0 0 1 1 1 2 1 1 2 0 0 2 1 1 1 2 2 1 2 1 1 1 1 0 2 2 2 2 0 1 2 0 2 1 1 2 1 0 0 2 0 1 0 0 0 0 0 2 2 1 1 2 2 0 0 2 2 0 0 0 1 0 1 1 2 1 0 1 1 0 0 1 2 2 1 0 0 0 2 2 1 0 1 2 1 2 1 0 1 1 0 2 0 0 1 0 2 2 1 0 0 0 1 1 1 2 1 1 2 0 0 2 1 1 1 2 2 1 2 1 1 1 1 0 2 2 2 2 0 1 2 0 2 1 1 2 1 0 0 2 0 1 0 0 0 0 0 2 2 1
-1.38185852795601 -0.422952693709269 1.74990155399452 -0.443058039434015 -0.46780707251394 -1 0 1 2 0 1 2 1 0 1 0 2 0 1 0 1 2 0 1 1 1 2 2 2 2 1 0 0 0 1 1 1 0 2 2 0 2 2 0 1 0 0 1 0 0 0 0 2 2 2 2 1 0 0 1 2 2 0 0 1 0 0 1 0 0 0 2 2 0 2 1 1 1 2 1 1 1 2 2 0 0 2 0 2 1 0 2 0 0 0 1 0 2 0 2 0 1 1 2 2 1 0 -1 -2 0 -1 -2 -1 0 -1 0 -2 0 -1 0 -1 -2 0 -1 -1 -1 -2 -2 -2 -2 -1 0 0 0 -1 -1 -1 0 -2 -2 0 -2 -2 0 -1 0 0 -1 0 0 0 0 -2 -2 -2 -2 -1 0 0 -1 -2 -2 0 0 -1 0 0 -1 0 0 0 -2 -2 0 -2 -1 -1 -1 -2 -1 -1 -1 -2 -2 0 0 -2 0 -2 -1 0 -2 0 0 0 -1 0 -2 0 -2 0 -1 -1 -2 -2 -1
-1.2849807253894 -0.0800842602164279 -0.98700201082778 -0.179442494842472 0.516884582265999 1 1 2 2 0 1 1 1 0 2 0 1 0 1 1 2 2 0 1 1 0 2 2 2 2 1 0 2 0 1 1 0 0 2 2 1 1 1 0 2 1 0 1 0 1 0 0 2 1 1 1 0 1 2 1 1 2 0 0 2 0 0 2 2 0 0 2 2 1 2 1 2 2 1 2 1 2 2 2 1 1 1 1 2 1 0 1 0 1 0 2 0 2 0 2 1 1 1 2 2 2 1 2 2 0 1 1 1 0 2 0 1 0 1 1 2 2 0 1 1 0 2 2 2 2 1 0 2 0 1 1 0 0 2 2 1 1 1 0 2 1 0 1 0 1 0 0 2 1 1 1 0 1 2 1 1 2 0 0 2 0 0 2 2 0 0 2 2 1 2 1 2 2 1 2 1 2 2 2 1 1 1 1 2 1 0 1 0 1 0 2 0 2 0 2 1 1 1 2 2 2
-1.00120546509302 -2.0252180619339 -0.0811954266000285 -0.439859742871458 0.610436244041731 1 2 2 1 0 0 0 0 0 2 1 1 0 1 1 2 0 0 1 2 1 0 1 2 2 2 0 1 1 1 2 1 1 2 2 1 2 1 2 2 2 0 2 0 0 0 0 1 1 1 0 0 0 0 1 1 2 0 0 1 0 0 2 2 0 0 1 2 0 2 1 1 0 2 1 2 0 2 2 0 0 0 0 2 2 1 2 1 2 0 2 0 2 0 1 1 1 1 2 2 2 2 2 1 0 0 0 0 0 2 1 1 0 1 1 2 0 0 1 2 1 0 1 2 2 2 0 1 1 1 2 1 1 2 2 1 2 1 2 2 2 0 2 0 0 0 0 1 1 1 0 0 0 0 1 1 2 0 0 1 0 0 2 2 0 0 1 2 0 2 1 1 0 2 1 2 0 2 2 0 0 0 0 2 2 1 2 1 2 0 2 0 2 0 1 1 1 1 2 2 2
-0.864849488034881 0.565283585761972 0.357258107075656 -0.290851790773926 -0.0557520534426031 -1 1 2 2 0 1 0 1 0 1 0 1 0 1 1 1 0 0 0 0 0 0 2 1 1 1 1 2 1 2 2 1 1 2 2 0 0 2 0 2 2 0 1 0 0 1 0 2 2 2 0 1 0 2 1 0 2 0 0 1 0 0 1 2 0 0 2 2 1 1 0 0 0 1 2 2 2 2 1 0 0 2 1 2 0 0 2 0 0 0 1 0 2 0 2 0 0 1 2 2 1 -1 -2 -2 0 -1 0 -1 0 -1 0 -1 0 -1 -1 -1 0 0 0 0 0 0 -2 -1 -1 -1 -1 -2 -1 -2 -2 -1 -1 -2 -2 0 0 -2 0 -2 -2 0 -1 0 0 -1 0 -2 -2 -2 0 -1 0 -2 -1 0 -2 0 0 -1 0 0 -1 -2 0 0 -2 -2 -1 -1 0 0 0 -1 -2 -2 -2 -2 -1 0 0 -2 -1 -2 0 0 -2 0 0 0 -1 0 -2 0 -2 0 0 -1 -2 -2 -1
1.52745819443743 -1.67986574208824 0.507860854299715 0.45793017347558 -0.902815026566124 -1 0 0 1 0 1 1 2 0 0 0 0 0 1 1 2 1 0 0 1 0 1 2 2 2 2 0 2 2 2 2 1 1 2 2 1 2 1 1 2 1 0 2 1 0 1 1 2 2 2 1 2 1 1 0 1 2 0 0 0 0 0 2 1 1 1 2 2 1 2 0 0 0 2 2 2 2 2 2 1 1 2 1 2 2 2 2 2 2 0 1 0 2 0 2 1 2 2 2 2 1 0 0 -1 0 -1 -1 -2 0 0 0 0 0 -1 -1 -2 -1 0 0 -1 0 -1 -2 -2 -2 -2 0 -2 -2 -2 -2 -1 -1 -2 -2 -1 -2 -1 -1 -2 -1 0 -2 -1 0 -1 -1 -2 -2 -2 -1 -2 -1 -1 0 -1 -2 0 0 0 0 0 -2 -1 -1 -1 -2 -2 -1 -2 0 0 0 -2 -2 -2 -2 -2 -2 -1 -1 -2 -1 -2 -2 -2 -2 -2 -2 0 -1 0 -2 0 -2 -1 -2 -2 -2 -2 -1
1.31817128705386 -0.0248344120355361 -0.483380943348222 -0.90120446208593 -1.02517529825993 1 1 2 2 1 1 1 1 0 1 0 1 0 0 0 1 0 0 1 1 1 1 2 2 2 1 0 0 0 0 1 0 1 2 2 2 2 2 1 2 0 0 2 1 1 2 1 2 1 1 0 0 0 1 1 1 2 0 0 0 0 0 1 1 1 0 1 2 1 1 1 2 2 2 1 2 2 2 1 0 0 1 0 2 2 0 1 1 0 0 1 0 2 0 2 0 0 0 2 2 1 1 2 2 1 1 1 1 0 1 0 1 0 0 0 1 0 0 1 1 1 1 2 2 2 1 0 0 0 0 1 0 1 2 2 2 2 2 1 2 0 0 2 1 1 2 1 2 1 1 0 0 0 1 1 1 2 0 0 0 0 0 1 1 1 0 1 2 1 1 1 2 2 2 1 2 2 2 1 0 0 1 0 2 2 0 1 1 0 0 1 0 2 0 2 0 0 0 2 2 1
0.368638638024783 -0.584235649390902 -1.21605353412959 -0.0436435294760927 -0.295399314702382 1 1 1 2 0 1 1 1 0 2 1 1 0 1 1 1 1 0 1 0 1 1 2 2 2 1 0 1 1 2 2 1 1 1 2 1 2 2 1 1 0 0 2 2 0 0 0 2 2 1 0 0 0 1 1 1 2 0 0 0 0 0 1 1 0 0 1 2 0 2 2 2 1 1 1 2 1 2 2 0 1 2 1 2 1 1 2 1 1 0 1 0 2 0 2 0 1 1 2 2 1 1 1 2 0 1 1 1 0 2 1 1 0 1 1 1 1 0 1 0 1 1 2 2 2 1 0 1 1 2 2 1 1 1 2 1 2 2 1 1 0 0 2 2 0 0 0 2 2 1 0 0 0 1 1 1 2 0 0 0 0 0 1 1 0 0 1 2 0 2 2 2 1 1 1 2 1 2 2 0 1 2 1 2 1 1 2 1 1 0 1 0 2 0 2 0 1 1 2 2 1
-0.667606437706618 -1.1409252612213 0.461626558605214 -0.978164432997237 0.259060106849795 -1 0 1 1 0 1 1 1 0 1 0 1 0 0 0 2 1 0 0 1 1 2 2 2 2 1 0 2 1 1 1 0 2 2 2 1 2 2 0 1 0 0 2 0 0 1 0 1 2 2 1 1 1 1 1 2 2 1 0 1 0 0 0 1 1 0 2 2 0 2 1 2 1 2 2 0 0 2 2 1 1 2 0 2 0 0 2 2 1 1 2 0 1 0 2 0 2 1 2 2 0 0 -1 -1 0 -1 -1 -1 0 -1 0 -1 0 0 0 -2 -1 0 0 -1 -1 -2 -2 -2 -2 -1 0 -2 -1 -1 -1 0 -2 -2 -2 -1 -2 -2 0 -1 0 0 -2 0 0 -1 0 -1 -2 -2 -1 -1 -1 -1 -1 -2 -2 -1 0 -1 0 0 0 -1 -1 0 -2 -2 0 -2 -1 -2 -1 -2 -2 0 0 -2 -2 -1 -1 -2 0 -2 0 0 -2 -2 -1 -1 -2 0 -1 0 -2 0 -2 -1 -2 -2 0
-1.21025978356252 -0.428088460895219 1.66193524541504 -0.365564477599754 -0.344839964602437 1 1 2 2 0 1 2 1 0 2 0 1 0 0 1 1 2 0 1 2 1 1 2 2 2 1 0 2 0 1 1 1 0 2 2 1 2 2 1 2 2 0 2 1 1 1 0 1 1 2 0 1 0 0 0 1 2 0 0 0 0 0 1 2 0 1 2 2 1 1 1 1 2 2 1 2 2 2 2 0 1 2 1 2 1 0 2 1 1 0 1 0 2 0 1 1 2 0 1 1 0 1 2 2 0 1 2 1 0 2 0 1 0 0 1 1 2 0 1 2 1 1 2 2 2 1 0 2 0 1 1 1 0 2 2 1 2 2 1 2 2 0 2 1 1 1 0 1 1 2 0 1 0 0 0 1 2 0 0 0 0 0 1 2 0 1 2 2 1 1 1 1 2 2 1 2 2 2 2 0 1 2 1 2 1 0 2 1 1 0 1 0 2 0 1 1 2 0 1 1 0
1.45353369577303 0.0581881030151526 0.479812835573499 0.982751007414937 0.082348021876888 -1 2 2 1 0 0 1 0 0 1 0 1 0 1 1 1 1 0 0 1 0 1 2 2 2 2 0 2 0 0 2 0 1 2 2 1 2 2 2 2 1 0 2 0 0 2 1 2 2 2 2 2 0 1 0 0 1 0 0 0 0 0 1 1 0 0 2 2 1 2 2 2 2 2 2 2 2 2 2 0 1 1 0 2 2 1 2 1 1 0 2 0 2 0 2 0 0 0 1 2 1 -2 -2 -1 0 0 -1 0 0 -1 0 -1 0 -1 -1 -1 -1 0 0 -1 0 -1 -2 -2 -2 -2 0 -2 0 0 -2 0 -1 -2 -2 -1 -2 -2 -2 -2 -1 0 -2 0 0 -2 -1 -2 -2 -2 -2 -2 0 -1 0 0 -1 0 0 0 0 0 -1 -1 0 0 -2 -2 -1 -2 -2 -2 -2 -2 -2 -2 -2 -2 -2 0 -1 -1 0 -2 -2 -1 -2 -1 -1 0 -2 0 -2 0 -2 0 0 0 -1 -2 -1
-1.10187831244496 0.956260003170149 -1.34644956741089 0.130219324917501 0.708928477206479 1 1 2 2 0 0 1 2 0 1 0 1 0 0 1 1 1 0 0 0 0 0 2 2 1 0 0 2 1 2 2 2 1 2 2 2 2 2 1 1 0 0 1 0 0 1 0 2 2 2 1 1 0 1 1 1 2 0 0 1 0 0 0 0 0 1 2 2 1 2 0 2 2 2 1 2 2 2 2 0 0 2 0 2 1 0 2 1 0 0 2 0 2 0 2 0 1 2 2 2 1 1 2 2 0 0 1 2 0 1 0 1 0 0 1 1 1 0 0 0 0 0 2 2 1 0 0 2 1 2 2 2 1 2 2 2 2 2 1 1 0 0 1 0 0 1 0 2 2 2 1 1 0 1 1 1 2 0 0 1 0 0 0 0 0 1 2 2 1 2 0 2 2 2 1 2 2 2 2 0 0 2 0 2 1 0 2 1 0 0 2 0 2 0 2 0 1 2 2 2 1
-0.353391144489676 1.34510105132921 2.39000300830274 -0.794689478033547 -0.348291289833509 1 1 2 2 0 1 1 2 1 2 0 2 0 0 1 2 1 0 1 1 0 1 2 2 2 2 0 1 0 1 2 2 1 2 2 2 2 2 0 1 1 0 2 0 0 1 0 2 2 2 1 1 0 2 2 0 2 1 0 1 0 0 1 1 0 0 1 2 1 1 0 0 0 2 2 2 2 2 2 0 0 2 0 2 1 0 2 1 0 0 1 0 2 0 2 0 1 1 2 2 1 1 2 2 0 1 1 2 1 2 0 2 0 0 1 2 1 0 1 1 0 1 2 2 2 2 0 1 0 1 2 2 1 2 2 2 2 2 0 1 1 0 2 0 0 1 0 2 2 2 1 1 0 2 2 0 2 1 0 1 0 0 1 1 0 0 1 2 1 1 0 0 0 2 2 2 2 2 2 0 0 2 0 2 1 0 2 1 0 0 1 0 2 0 2 0 1 1 2 2 1
0.0636680518480926 -0.585836509975922 -0.984869898536993 -1.35042447586764 -1.69219274172833 1 2 2 2 0 1 1 1 0 1 0 2 0 1 1 0 0 1 2 1 0 2 2 1 1 1 0 2 1 0 2 0 0 2 2 1 2 2 1 2 1 0 2 0 0 1 0 1 2 1 0 0 0 0 0 2 2 0 0 0 0 0 1 1 1 0 1 2 1 2 2 1 2 2 1 2 1 2 1 0 1 1 0 2 2 0 2 0 1 0 2 0 2 0 2 0 0 0 1 2 1 2 2 2 0 1 1 1 0 1 0 2 0 1 1 0 0 1 2 1 0 2 2 1 1 1 0 2 1 0 2 0 0 2 2 1 2 2 1 2 1 0 2 0 0 1 0 1 2 1 0 0 0 0 0 2 2 0 0 0 0 0 1 1 1 0 1 2 1 2 2 1 2 2 1 2 1 2 1 0 1 1 0 2 2 0 2 0 1 0 2 0 2 0 2 0 0 0 1 2 1
1.53639943534743 1.22606346795236 1.58021941110536 1.21987337240555 1.0366739431893 1 1 2 2 1 2 1 1 0 1 0 2 0 2 1 2 1 0 0 0 0 0 1 2 2 0 0 1 0 1 2 1 0 2 2 2 2 2 1 2 1 0 2 0 0 1 0 2 2 1 1 1 1 2 1 1 2 1 0 1 0 0 2 2 1 1 2 2 0 2 2 2 1 2 1 0 2 2 2 1 1 2 1 2 1 0 1 0 0 0 0 0 1 0 2 0 1 2 2 2 1 1 2 2 1 2 1 1 0 1 0 2 0 2 1 2 1 0 0 0 0 0 1 2 2 0 0 1 0 1 2 1 0 2 2 2 2 2 1 2 1 0 2 0 0 1 0 2 2 1 1 1 1 2 1 1 2 1 0 1 0 0 2 2 1 1 2 2 0 2 2 2 1 2 1 0 2 2 2 1 1 2 1 2 1 0 1 0 0 0 0 0 1 0 2 0 1 2 2 2 1
-1.06722773265282 -0.654692020524439 -0.366267262016627 -0.209222733192149 0.0375095587465658 1 2 2 2 1 1 1 2 0 2 1 2 0 1 0 1 1 0 0 0 0 1 2 2 2 0 0 0 0 0 1 1 0 2 2 2 2 1 1 2 0 0 2 0 0 1 0 2 2 2 2 1 0 2 1 0 2 0 0 0 0 0 0 1 0 0 1 2 1 2 2 1 1 1 2 1 1 2 1 0 1 2 0 2 1 0 1 0 0 0 2 0 1 0 1 0 1 2 2 2 2 2 2 2 1 1 1 2 0 2 1 2 0 1 0 1 1 0 0 0 0 1 2 2 2 0 0 0 0 0 1 1 0 2 2 2 2 1 1 2 0 0 2 0 0 1 0 2 2 2 2 1 0 2 1 0 2 0 0 0 0 0 0 1 0 0 1 2 1 2 2 1 1 1 2 1 1 2 1 0 1 2 0 2 1 0 1 0 0 0 2 0 1 0 1 0 1 2 2 2 2
0.315819113504386 -1.18443690072941 -0.69139335378094 -1.46799198904625 0.354458177637225 1 2 2 2 0 2 1 1 0 0 0 1 0 0 1 1 0 0 0 0 0 1 1 1 2 1 0 2 1 2 2 2 1 2 2 1 2 2 0 1 1 0 2 1 0 1 0 2 2 2 1 1 0 0 0 0 2 0 0 1 0 0 1 2 1 1 2 2 2 1 0 0 0 1 2 2 2 2 2 1 1 2 1 2 1 1 2 2 2 0 2 0 2 0 2 0 0 0 2 2 2 2 2 2 0 2 1 1 0 0 0 1 0 0 1 1 0 0 0 0 0 1 1 1 2 1 0 2 1 2 2 2 1 2 2 1 2 2 0 1 1 0 2 1 0 1 0 2 2 2 1 1 0 0 0 0 2 0 0 1 0 0 1 2 1 1 2 2 2 1 0 0 0 1 2 2 2 2 2 1 1 2 1 2 1 1 2 2 2 0 2 0 2 0 2 0 0 0 2 2 2
0.843838130761517 -0.326234988389839 0.487503007114375 0.210686853839195 -0.719286710765246 1 1 2 1 0 0 1 0 0 2 0 2 0 1 0 0 0 0 0 2 0 1 1 2 2 1 0 1 0 1 2 1 0 2 2 1 1 2 0 1 1 0 2 1 0 1 0 2 1 1 0 0 1 2 2 2 2 0 0 2 0 0 1 1 0 0 1 2 1 0 0 1 2 1 2 1 1 2 1 1 2 2 0 2 1 0 1 2 1 0 0 0 2 0 1 0 0 0 1 2 1 1 2 1 0 0 1 0 0 2 0 2 0 1 0 0 0 0 0 2 0 1 1 2 2 1 0 1 0 1 2 1 0 2 2 1 1 2 0 1 1 0 2 1 0 1 0 2 1 1 0 0 1 2 2 2 2 0 0 2 0 0 1 1 0 0 1 2 1 0 0 1 2 1 2 1 1 2 1 1 2 2 0 2 1 0 1 2 1 0 0 0 2 0 1 0 0 0 1 2 1
1.65942400380505 -1.33753933478772 0.605287917496396 -0.640417216913515 -0.456743871345588 1 1 2 2 0 1 2 1 0 1 1 1 0 0 0 1 0 0 0 2 0 0 0 1 2 1 0 2 0 0 0 0 0 2 2 0 2 2 0 1 1 0 2 1 0 1 0 2 2 2 0 0 0 0 0 2 2 1 1 0 0 0 1 1 0 0 1 2 1 2 0 1 1 2 0 1 2 2 1 0 0 2 0 2 0 0 0 0 0 0 1 0 0 0 2 2 1 1 2 2 1 1 2 2 0 1 2 1 0 1 1 1 0 0 0 1 0 0 0 2 0 0 0 1 2 1 0 2 0 0 0 0 0 2 2 0 2 2 0 1 1 0 2 1 0 1 0 2 2 2 0 0 0 0 0 2 2 1 1 0 0 0 1 1 0 0 1 2 1 2 0 1 1 2 0 1 2 2 1 0 0 2 0 2 0 0 0 0 0 0 1 0 0 0 2 2 1 1 2 2 1
1.05080447496235 -2.4989457699967 -0.150642446537802 -1.56164445186707 1.18756590392015 1 1 1 0 0 0 1 0 0 2 1 0 0 1 1 2 2 0 1 2 1 1 1 2 2 1 0 1 1 2 1 1 0 2 2 1 2 2 0 1 1 0 2 0 1 2 0 2 2 2 2 1 0 0 0 2 2 0 0 1 0 0 0 2 1 0 1 2 0 1 1 1 1 2 1 1 0 2 1 0 0 1 0 2 2 0 1 1 0 0 1 0 2 0 2 1 1 0 2 0 0 1 1 0 0 0 1 0 0 2 1 0 0 1 1 2 2 0 1 2 1 1 1 2 2 1 0 1 1 2 1 1 0 2 2 1 2 2 0 1 1 0 2 0 1 2 0 2 2 2 2 1 0 0 0 2 2 0 0 1 0 0 0 2 1 0 1 2 0 1 1 1 1 2 1 1 0 2 1 0 0 1 0 2 2 0 1 1 0 0 1 0 2 0 2 1 1 0 2 0 0
0.996377017176756 -0.0743667880170595 0.267430873757198 1.74196416692393 -0.0758082160428445 1 2 2 2 0 1 1 2 0 1 0 2 0 2 1 2 2 1 1 0 0 0 2 2 2 1 0 1 0 0 1 0 0 2 2 1 2 2 1 2 1 0 2 1 1 0 0 2 1 2 1 0 0 2 2 1 1 0 0 1 1 1 1 2 1 1 1 2 0 2 1 2 1 2 1 2 1 2 2 0 0 0 0 1 0 0 2 2 1 0 1 0 1 0 2 0 2 2 2 2 1 2 2 2 0 1 1 2 0 1 0 2 0 2 1 2 2 1 1 0 0 0 2 2 2 1 0 1 0 0 1 0 0 2 2 1 2 2 1 2 1 0 2 1 1 0 0 2 1 2 1 0 0 2 2 1 1 0 0 1 1 1 1 2 1 1 1 2 0 2 1 2 1 2 1 2 1 2 2 0 0 0 0 1 0 0 2 2 1 0 1 0 1 0 2 0 2 2 2 2 1
-0.843673092147327 -0.0985065241917256 -0.34930793515688 0.772762795080155 -0.203965624264066 -1 0 2 2 0 1 1 1 0 2 0 1 0 0 0 2 2 0 0 1 0 0 2 2 2 1 0 2 2 1 1 0 1 2 1 1 2 1 1 2 1 0 2 0 0 0 0 2 2 2 1 0 0 0 0 1 1 1 0 1 0 0 1 1 0 0 0 2 1 2 1 2 2 2 1 2 1 2 2 1 1 1 0 2 2 1 2 2 1 1 2 0 2 0 2 0 0 0 1 1 1 0 -2 -2 0 -1 -1 -1 0 -2 0 -1 0 0 0 -2 -2 0 0 -1 0 0 -2 -2 -2 -1 0 -2 -2 -1 -1 0 -1 -2 -1 -1 -2 -1 -1 -2 -1 0 -2 0 0 0 0 -2 -2 -2 -1 0 0 0 0 -1 -1 -1 0 -1 0 0 -1 -1 0 0 0 -2 -1 -2 -1 -2 -2 -2 -1 -2 -1 -2 -2 -1 -1 -1 0 -2 -2 -1 -2 -2 -1 -1 -2 0 -2 0 -2 0 0 0 -1 -1 -1
-0.509107588724684 -0.126464638892815 -0.418195803640303 -1.08646402330116 -0.0116316416561665 1 1 2 2 0 1 2 1 0 2 1 2 0 1 0 0 1 0 1 1 0 0 1 2 2 1 0 2 0 1 2 0 1 2 2 2 2 2 1 2 2 0 2 1 0 1 0 1 2 2 1 0 1 2 1 1 2 0 0 1 0 0 1 1 1 1 2 2 1 2 1 2 2 2 2 2 2 2 1 0 0 1 0 2 2 1 2 1 2 0 1 0 2 0 1 0 0 0 1 1 0 1 2 2 0 1 2 1 0 2 1 2 0 1 0 0 1 0 1 1 0 0 1 2 2 1 0 2 0 1 2 0 1 2 2 2 2 2 1 2 2 0 2 1 0 1 0 1 2 2 1 0 1 2 1 1 2 0 0 1 0 0 1 1 1 1 2 2 1 2 1 2 2 2 2 2 2 2 1 0 0 1 0 2 2 1 2 1 2 0 1 0 2 0 1 0 0 0 1 1 0
-1.27898513608601 -1.31229947319901 -1.09634071093105 0.0873781907345822 -0.557257931829759 1 1 0 2 0 1 2 2 0 2 0 1 0 0 0 1 1 0 0 0 0 1 2 2 2 1 0 2 1 1 2 1 0 1 1 1 2 0 0 1 1 0 2 0 1 1 0 2 2 1 2 1 0 1 1 1 2 1 2 1 0 0 0 1 0 0 2 2 1 2 2 2 2 1 1 2 1 2 1 0 0 1 0 2 1 0 2 1 1 0 1 0 2 0 2 0 0 0 2 1 0 1 0 2 0 1 2 2 0 2 0 1 0 0 0 1 1 0 0 0 0 1 2 2 2 1 0 2 1 1 2 1 0 1 1 1 2 0 0 1 1 0 2 0 1 1 0 2 2 1 2 1 0 1 1 1 2 1 2 1 0 0 0 1 0 0 2 2 1 2 2 2 2 1 1 2 1 2 1 0 0 1 0 2 1 0 2 1 1 0 1 0 2 0 2 0 0 0 2 1 0
-0.942110392139783 0.779949990388343 0.177948591721796 0.549302298346469 0.424661130020978 -1 0 2 2 0 1 2 2 1 2 1 2 0 0 0 1 1 0 0 0 0 0 2 2 2 1 0 1 2 1 1 0 0 1 2 0 1 2 0 1 1 0 2 1 0 0 0 1 1 1 0 1 0 0 1 2 2 0 0 0 0 0 2 2 0 0 2 2 2 2 1 0 2 2 1 1 1 2 2 0 1 1 1 1 1 0 2 1 1 0 2 0 2 0 2 0 2 2 2 2 0 0 -2 -2 0 -1 -2 -2 -1 -2 -1 -2 0 0 0 -1 -1 0 0 0 0 0 -2 -2 -2 -1 0 -1 -2 -1 -1 0 0 -1 -2 0 -1 -2 0 -1 -1 0 -2 -1 0 0 0 -1 -1 -1 0 -1 0 0 -1 -2 -2 0 0 0 0 0 -2 -2 0 0 -2 -2 -2 -2 -1 0 -2 -2 -1 -1 -1 -2 -2 0 -1 -1 -1 -1 -1 0 -2 -1 -1 0 -2 0 -2 0 -2 0 -2 -2 -2 -2 0
-0.133413436568849 -1.73407222047427 -0.589304374342597 1.31074586028118 0.297508386520608 -1 0 2 2 1 1 0 1 0 1 1 2 0 1 0 0 0 0 0 1 0 2 2 2 2 2 0 1 1 1 0 0 0 2 2 2 2 2 1 1 1 0 2 0 0 1 0 2 2 2 1 1 0 1 1 1 2 0 0 1 0 0 1 0 1 0 2 2 2 1 1 0 0 1 1 1 2 2 1 0 0 0 0 2 2 2 2 2 0 0 1 0 1 0 0 1 0 1 2 2 0 0 -2 -2 -1 -1 0 -1 0 -1 -1 -2 0 -1 0 0 0 0 0 -1 0 -2 -2 -2 -2 -2 0 -1 -1 -1 0 0 0 -2 -2 -2 -2 -2 -1 -1 -1 0 -2 0 0 -1 0 -2 -2 -2 -1 -1 0 -1 -1 -1 -2 0 0 -1 0 0 -1 0 -1 0 -2 -2 -2 -1 -1 0 0 -1 -1 -1 -2 -2 -1 0 0 0 0 -2 -2 -2 -2 -2 0 0 -1 0 -1 0 0 -1 0 -1 -2 -2 0
-0.335482466489224 0.680129188481139 0.519069590011926 -1.27871704737027 -1.613028453568 1 1 1 1 0 0 2 0 0 1 0 2 0 0 0 1 1 0 1 0 0 1 2 2 2 1 0 1 0 1 2 0 0 2 2 2 2 2 0 2 2 0 1 0 0 1 1 2 2 2 2 0 0 1 1 1 2 0 0 0 0 0 1 1 0 1 2 2 1 2 1 1 2 2 2 2 2 2 2 0 1 2 0 2 1 0 1 1 0 0 2 0 1 0 2 1 0 0 2 2 1 1 1 1 0 0 2 0 0 1 0 2 0 0 0 1 1 0 1 0 0 1 2 2 2 1 0 1 0 1 2 0 0 2 2 2 2 2 0 2 2 0 1 0 0 1 1 2 2 2 2 0 0 1 1 1 2 0 0 0 0 0 1 1 0 1 2 2 1 2 1 1 2 2 2 2 2 2 2 0 1 2 0 2 1 0 1 1 0 0 2 0 1 0 2 1 0 0 2 2 1
-1.00159493426799 -0.858330702288045 1.20401947406968 1.52169953985627 -3.88272265624751 -1 2 2 2 0 2 1 1 0 2 1 1 0 1 0 0 1 0 1 1 0 2 2 2 2 0 0 2 1 2 1 0 1 2 2 1 2 2 1 2 1 0 2 0 0 0 0 2 2 2 1 2 1 2 2 0 2 0 0 1 0 0 0 1 1 0 2 2 2 2 1 1 2 2 0 2 2 2 1 0 1 2 0 2 0 0 1 0 0 0 1 0 2 0 2 1 2 2 2 2 2 -2 -2 -2 0 -2 -1 -1 0 -2 -1 -1 0 -1 0 0 -1 0 -1 -1 0 -2 -2 -2 -2 0 0 -2 -1 -2 -1 0 -1 -2 -2 -1 -2 -2 -1 -2 -1 0 -2 0 0 0 0 -2 -2 -2 -1 -2 -1 -2 -2 0 -2 0 0 -1 0 0 0 -1 -1 0 -2 -2 -2 -2 -1 -1 -2 -2 0 -2 -2 -2 -1 0 -1 -2 0 -2 0 0 -1 0 0 0 -1 0 -2 0 -2 -1 -2 -2 -2 -2 -2
1.35515267445591 -1.18659876305703 -0.185722346122825 -1.76353492750203 -1.01818678277877 -1 1 2 2 1 2 1 0 0 2 1 2 0 1 0 0 1 0 0 1 0 0 2 2 2 0 0 1 0 1 0 1 0 2 2 1 2 2 1 2 1 0 2 1 0 2 1 2 2 2 1 1 0 1 1 0 2 0 1 0 0 0 2 2 1 0 2 2 2 2 2 1 2 2 0 1 2 2 2 1 1 2 1 2 1 1 1 0 0 1 2 0 2 0 2 1 2 1 2 2 1 -1 -2 -2 -1 -2 -1 0 0 -2 -1 -2 0 -1 0 0 -1 0 0 -1 0 0 -2 -2 -2 0 0 -1 0 -1 0 -1 0 -2 -2 -1 -2 -2 -1 -2 -1 0 -2 -1 0 -2 -1 -2 -2 -2 -1 -1 0 -1 -1 0 -2 0 -1 0 0 0 -2 -2 -1 0 -2 -2 -2 -2 -2 -1 -2 -2 0 -1 -2 -2 -2 -1 -1 -2 -1 -2 -1 -1 -1 0 0 -1 -2 0 -2 0 -2 -1 -2 -1 -2 -2 -1
-0.0306409762867458 0.0152605064201769 1.44671216207902 1.99315775678002 0.521201412174047 1 1 2 2 0 2 2 2 0 1 1 2 0 1 1 1 0 1 1 1 0 2 2 2 2 0 0 2 2 0 2 0 1 2 2 2 2 2 1 2 1 0 2 0 0 0 0 1 1 1 0 0 1 1 0 1 2 0 0 0 0 0 2 2 1 1 1 2 2 2 1 0 0 2 1 1 0 2 1 0 0 1 1 2 1 0 1 1 1 0 2 0 1 0 2 1 0 0 2 2 1 1 2 2 0 2 2 2 0 1 1 2 0 1 1 1 0 1 1 1 0 2 2 2 2 0 0 2 2 0 2 0 1 2 2 2 2 2 1 2 1 0 2 0 0 0 0 1 1 1 0 0 1 1 0 1 2 0 0 0 0 0 2 2 1 1 1 2 2 2 1 0 0 2 1 1 0 2 1 0 0 1 1 2 1 0 1 1 1 0 2 0 1 0 2 1 0 0 2 2 1
-2.11058159594661 0.0820833643311087 -0.945909513720033 0.213266956729716 0.0811852006761919 1 1 2 2 0 1 2 1 0 2 1 2 0 0 1 2 2 1 0 0 0 0 2 2 2 0 0 0 1 0 1 1 1 2 1 0 1 2 0 2 1 0 1 0 0 0 0 2 1 0 0 1 0 2 1 0 2 1 0 0 0 0 1 2 0 0 1 2 2 2 2 1 1 2 2 1 1 2 2 0 2 2 1 2 2 1 2 1 0 0 2 0 2 0 2 1 1 0 2 2 2 1 2 2 0 1 2 1 0 2 1 2 0 0 1 2 2 1 0 0 0 0 2 2 2 0 0 0 1 0 1 1 1 2 1 0 1 2 0 2 1 0 1 0 0 0 0 2 1 0 0 1 0 2 1 0 2 1 0 0 0 0 1 2 0 0 1 2 2 2 2 1 1 2 2 1 1 2 2 0 2 2 1 2 2 1 2 1 0 0 2 0 2 0 2 1 1 0 2 2 2
0.832485894321257 3.0698089677965 -0.39328162710877 0.353978461952825 -0.112271547871538 1 2 2 2 1 2 2 2 0 2 1 2 0 1 2 2 1 0 2 2 0 2 2 2 2 1 0 2 1 0 1 0 1 2 2 1 2 2 0 2 0 0 2 1 0 1 0 2 2 1 0 0 0 1 1 1 2 0 0 0 0 0 0 0 1 1 1 2 1 2 2 2 1 2 1 2 2 2 2 0 0 0 0 2 1 0 1 1 0 0 2 0 2 0 2 0 0 0 2 2 0 2 2 2 1 2 2 2 0 2 1 2 0 1 2 2 1 0 2 2 0 2 2 2 2 1 0 2 1 0 1 0 1 2 2 1 2 2 0 2 0 0 2 1 0 1 0 2 2 1 0 0 0 1 1 1 2 0 0 0 0 0 0 0 1 1 1 2 1 2 2 2 1 2 1 2 2 2 2 0 0 0 0 2 1 0 1 1 0 0 2 0 2 0 2 0 0 0 2 2 0
-0.862972227515886 -1.11639055752292 0.146258846842012 0.117613392352458 -0.575872536903922 1 1 2 2 1 2 2 1 0 1 0 1 0 2 2 2 1 1 2 1 0 1 1 2 2 1 0 1 1 1 1 2 0 2 2 2 2 1 0 1 0 0 2 1 0 1 0 2 2 2 1 1 2 2 2 1 2 1 0 1 0 0 1 1 0 1 2 2 1 1 1 1 1 1 2 2 2 2 2 0 0 2 1 2 2 1 2 1 0 0 1 0 1 0 2 2 1 1 2 2 2 1 2 2 1 2 2 1 0 1 0 1 0 2 2 2 1 1 2 1 0 1 1 2 2 1 0 1 1 1 1 2 0 2 2 2 2 1 0 1 0 0 2 1 0 1 0 2 2 2 1 1 2 2 2 1 2 1 0 1 0 0 1 1 0 1 2 2 1 1 1 1 1 1 2 2 2 2 2 0 0 2 1 2 2 1 2 1 0 0 1 0 1 0 2 2 1 1 2 2 2
-1.29682502660915 -0.568709831286474 -1.57996846290859 -1.16567819614845 -0.436590063613763 -1 2 2 2 1 2 1 2 0 2 0 2 0 1 1 1 1 0 1 1 0 1 2 2 2 1 0 1 1 1 2 1 0 1 2 2 2 2 1 2 0 0 2 0 0 0 0 2 2 2 1 1 0 1 1 2 2 1 1 1 0 0 0 0 0 0 2 2 1 0 0 0 0 2 0 1 1 2 0 0 0 2 0 2 2 0 2 1 0 0 2 0 1 0 2 1 1 0 2 2 2 -2 -2 -2 -1 -2 -1 -2 0 -2 0 -2 0 -1 -1 -1 -1 0 -1 -1 0 -1 -2 -2 -2 -1 0 -1 -1 -1 -2 -1 0 -1 -2 -2 -2 -2 -1 -2 0 0 -2 0 0 0 0 -2 -2 -2 -1 -1 0 -1 -1 -2 -2 -1 -1 -1 0 0 0 0 0 0 -2 -2 -1 0 0 0 0 -2 0 -1 -1 -2 0 0 0 -2 0 -2 -2 0 -2 -1 0 0 -2 0 -1 0 -2 -1 -1 0 -2 -2 -2
-0.171496510265317 1.63812738154996 -0.450509828379182 -0.636824078956861 -0.322334478429556 1 2 1 1 0 2 0 0 0 2 1 1 0 1 2 0 1 0 0 0 0 0 2 2 2 1 0 1 0 0 1 1 0 2 2 0 2 2 1 1 1 0 2 1 0 1 1 2 2 2 1 1 0 2 1 2 2 1 1 0 0 0 1 1 0 0 1 2 1 2 2 2 2 2 1 0 0 1 1 0 1 1 1 2 1 1 2 2 2 0 2 0 2 0 2 1 1 1 2 1 1 2 1 1 0 2 0 0 0 2 1 1 0 1 2 0 1 0 0 0 0 0 2 2 2 1 0 1 0 0 1 1 0 2 2 0 2 2 1 1 1 0 2 1 0 1 1 2 2 2 1 1 0 2 1 2 2 1 1 0 0 0 1 1 0 0 1 2 1 2 2 2 2 2 1 0 0 1 1 0 1 1 1 2 1 1 2 2 2 0 2 0 2 0 2 1 1 1 2 1 1
0.38391109907628 2.04497086617786 -0.541640219295071 0.504841533952588 -0.144458283817711 1 2 2 1 0 1 2 2 1 2 2 1 0 0 0 1 1 0 0 0 0 0 2 2 2 1 0 2 1 1 2 1 1 2 2 2 2 2 1 1 0 0 2 1 0 1 0 2 2 1 0 1 0 0 1 2 1 0 0 0 0 0 0 0 0 0 0 1 1 2 1 1 0 2 2 2 2 2 2 1 2 2 0 2 1 0 2 2 1 0 2 0 2 1 1 1 2 1 2 2 1 2 2 1 0 1 2 2 1 2 2 1 0 0 0 1 1 0 0 0 0 0 2 2 2 1 0 2 1 1 2 1 1 2 2 2 2 2 1 1 0 0 2 1 0 1 0 2 2 1 0 1 0 0 1 2 1 0 0 0 0 0 0 0 0 0 0 1 1 2 1 1 0 2 2 2 2 2 2 1 2 2 0 2 1 0 2 2 1 0 2 0 2 1 1 1 2 1 2 2 1
-0.77125703854932 -0.612471185706451 -0.113328275264173 0.0711957572812844 0.452009103942166 -1 2 2 2 0 1 1 1 0 1 1 1 0 1 1 2 1 0 0 1 0 1 2 2 2 1 0 1 0 1 2 0 0 2 2 1 2 1 0 2 2 0 2 1 1 1 1 2 2 2 0 0 0 1 1 2 2 0 1 1 0 0 2 1 1 1 2 1 0 1 1 2 2 2 2 2 2 2 2 0 0 1 0 2 2 0 2 0 1 0 2 1 2 0 2 2 2 1 2 2 2 -2 -2 -2 0 -1 -1 -1 0 -1 -1 -1 0 -1 -1 -2 -1 0 0 -1 0 -1 -2 -2 -2 -1 0 -1 0 -1 -2 0 0 -2 -2 -1 -2 -1 0 -2 -2 0 -2 -1 -1 -1 -1 -2 -2 -2 0 0 0 -1 -1 -2 -2 0 -1 -1 0 0 -2 -1 -1 -1 -2 -1 0 -1 -1 -2 -2 -2 -2 -2 -2 -2 -2 0 0 -1 0 -2 -2 0 -2 0 -1 0 -2 -1 -2 0 -2 -2 -2 -1 -2 -2 -2
-1.20381622214478 -0.92951363145691 0.268528885625287 -1.72681448715161 -1.04615869154644 -1 2 2 1 0 2 1 1 0 2 0 1 0 0 1 1 0 0 0 1 0 1 2 2 2 2 0 1 1 1 2 1 1 2 2 0 2 2 1 2 1 0 2 1 1 0 0 2 2 2 1 1 0 2 2 0 0 0 0 0 0 0 0 0 0 1 2 2 0 1 0 1 0 2 1 1 2 2 2 0 1 2 1 2 2 0 1 0 0 0 2 0 2 0 2 2 2 1 2 2 1 -2 -2 -1 0 -2 -1 -1 0 -2 0 -1 0 0 -1 -1 0 0 0 -1 0 -1 -2 -2 -2 -2 0 -1 -1 -1 -2 -1 -1 -2 -2 0 -2 -2 -1 -2 -1 0 -2 -1 -1 0 0 -2 -2 -2 -1 -1 0 -2 -2 0 0 0 0 0 0 0 0 0 0 -1 -2 -2 0 -1 0 -1 0 -2 -1 -1 -2 -2 -2 0 -1 -2 -1 -2 -2 0 -1 0 0 0 -2 0 -2 0 -2 -2 -2 -1 -2 -2 -1
-1.66473928036949 1.44133649940802 -0.473258045193691 -0.143649179615768 -0.346968125059147 1 1 2 2 0 1 1 1 0 0 0 1 0 0 0 1 2 1 1 0 0 1 2 2 2 1 0 0 0 0 0 0 1 2 2 1 2 2 0 2 2 0 2 1 1 1 0 2 1 1 0 0 0 2 0 0 1 0 1 0 0 0 1 1 0 0 1 2 0 2 2 2 2 2 1 2 1 2 2 0 0 2 0 2 1 1 2 2 1 0 2 0 2 0 2 1 2 2 2 2 2 1 2 2 0 1 1 1 0 0 0 1 0 0 0 1 2 1 1 0 0 1 2 2 2 1 0 0 0 0 0 0 1 2 2 1 2 2 0 2 2 0 2 1 1 1 0 2 1 1 0 0 0 2 0 0 1 0 1 0 0 0 1 1 0 0 1 2 0 2 2 2 2 2 1 2 1 2 2 0 0 2 0 2 1 1 2 2 1 0 2 0 2 0 2 1 2 2 2 2 2
0.74596768555374 1.30743003443016 -0.672188788096759 -1.18676044981986 0.377653542571287 1 0 1 1 0 0 0 0 0 1 0 2 0 1 0 1 1 0 0 0 0 1 2 2 2 0 0 2 1 0 1 0 1 2 2 2 2 2 0 2 2 1 1 0 0 0 0 1 2 2 0 1 0 0 0 2 2 0 0 1 0 0 0 1 0 0 1 2 1 2 2 1 1 1 2 1 2 2 1 0 1 1 0 2 1 1 2 2 1 0 2 0 2 0 2 1 0 0 2 2 1 0 1 1 0 0 0 0 0 1 0 2 0 1 0 1 1 0 0 0 0 1 2 2 2 0 0 2 1 0 1 0 1 2 2 2 2 2 0 2 2 1 1 0 0 0 0 1 2 2 0 1 0 0 0 2 2 0 0 1 0 0 0 1 0 0 1 2 1 2 2 1 1 1 2 1 2 2 1 0 1 1 0 2 1 1 2 2 1 0 2 0 2 0 2 1 0 0 2 2 1
-0.818013235208703 0.75372404979556 -2.64713277804327 0.61910918554392 -0.845213331482246 -1 2 2 0 0 1 1 2 0 2 2 1 0 1 0 2 1 0 1 1 0 0 0 2 2 0 0 2 0 0 1 1 0 2 2 1 1 1 0 2 1 0 2 2 2 1 0 2 2 2 2 2 1 2 0 2 2 0 0 0 0 0 1 0 0 0 1 2 0 2 2 2 2 2 2 2 2 2 2 0 0 1 0 2 1 0 2 0 0 0 2 0 2 0 2 1 1 0 2 2 1 -2 -2 0 0 -1 -1 -2 0 -2 -2 -1 0 -1 0 -2 -1 0 -1 -1 0 0 0 -2 -2 0 0 -2 0 0 -1 -1 0 -2 -2 -1 -1 -1 0 -2 -1 0 -2 -2 -2 -1 0 -2 -2 -2 -2 -2 -1 -2 0 -2 -2 0 0 0 0 0 -1 0 0 0 -1 -2 0 -2 -2 -2 -2 -2 -2 -2 -2 -2 -2 0 0 -1 0 -2 -1 0 -2 0 0 0 -2 0 -2 0 -2 -1 -1 0 -2 -2 -1
