-0.107532163598285 -0.441675713104754 -1.6736390213178 1.06420849007366 1.82779389818402 -1 1 2 1 1 0 0 2 2 2 0 1 2 0 1 1 1 1 2 1 0 0 0 0 0 0 2 0 0 1 2 2 1 2 1 2 2 2 0 0 1 1 0 0 2 1 1 2 2 1 1 2 1 0 1 1 2 1 2 1 0 1 1 0 1 1 2 2 2 2 0 2 2 1 1 1 0 1 2 1 0 1 0 2 2 0 2 2 1 2 2 2 0 0 0 2 0 0 2 2 1 -1 -2 -1 -1 0 0 -2 -2 -2 0 -1 -2 0 -1 -1 -1 -1 -2 -1 0 0 0 0 0 0 -2 0 0 -1 -2 -2 -1 -2 -1 -2 -2 -2 0 0 -1 -1 0 0 -2 -1 -1 -2 -2 -1 -1 -2 -1 0 -1 -1 -2 -1 -2 -1 0 -1 -1 0 -1 -1 -2 -2 -2 -2 0 -2 -2 -1 -1 -1 0 -1 -2 -1 0 -1 0 -2 -2 0 -2 -2 -1 -2 -2 -2 0 0 0 -2 0 0 -2 -2 -1
-0.621802110670404 1.45230532966212 0.29060606790571 0.626332369935991 -1.36625307964326 -1 0 2 2 0 0 1 1 2 2 0 0 1 0 0 0 0 1 1 0 0 1 0 1 1 0 1 0 1 2 2 0 0 2 1 1 2 1 0 0 1 1 1 0 1 1 1 2 2 1 1 2 2 0 2 2 2 2 1 1 1 2 1 0 1 1 0 1 1 2 0 2 1 1 0 0 0 2 2 1 1 0 0 2 1 0 1 2 0 0 1 2 2 1 0 2 1 0 0 2 2 0 -2 -2 0 0 -1 -1 -2 -2 0 0 -1 0 0 0 0 -1 -1 0 0 -1 0 -1 -1 0 -1 0 -1 -2 -2 0 0 -2 -1 -1 -2 -1 0 0 -1 -1 -1 0 -1 -1 -1 -2 -2 -1 -1 -2 -2 0 -2 -2 -2 -2 -1 -1 -1 -2 -1 0 -1 -1 0 -1 -1 -2 0 -2 -1 -1 0 0 0 -2 -2 -1 -1 0 0 -2 -1 0 -1 -2 0 0 -1 -2 -2 -1 0 -2 -1 0 0 -2 -2
0.255256707580023 0.633045348308602 0.403598932786475 0.254742597591241 -0.942927337582211 1 1 2 2 1 1 0 2 2 2 1 2 2 0 0 0 1 1 2 0 0 1 0 1 1 0 1 0 0 1 1 1 0 1 2 2 2 2 1 0 1 1 2 1 2 0 2 1 2 1 1 2 1 0 2 2 1 0 1 2 1 2 2 2 2 2 1 1 2 2 0 2 2 1 0 0 1 2 2 1 0 1 0 2 2 0 1 1 0 0 1 2 2 1 0 2 2 0 2 2 2 1 2 2 1 1 0 2 2 2 1 2 2 0 0 0 1 1 2 0 0 1 0 1 1 0 1 0 0 1 1 1 0 1 2 2 2 2 1 0 1 1 2 1 2 0 2 1 2 1 1 2 1 0 2 2 1 0 1 2 1 2 2 2 2 2 1 1 2 2 0 2 2 1 0 0 1 2 2 1 0 1 0 2 2 0 1 1 0 0 1 2 2 1 0 2 2 0 2 2 2
1.54990453184161 -0.4772141792615 -1.23127109725622 -1.12181807346949 -0.999671089392098 -1 1 2 2 1 0 0 2 2 2 0 2 2 0 1 1 1 0 2 0 0 1 0 1 2 0 1 0 1 2 1 0 0 2 1 2 2 2 1 0 1 2 1 0 1 0 1 2 2 1 1 2 2 0 1 1 1 0 2 2 1 1 1 2 2 2 2 1 0 2 1 2 1 1 1 0 1 1 2 0 0 1 0 2 2 1 2 0 0 1 2 2 2 1 0 2 1 0 1 1 1 -1 -2 -2 -1 0 0 -2 -2 -2 0 -2 -2 0 -1 -1 -1 0 -2 0 0 -1 0 -1 -2 0 -1 0 -1 -2 -1 0 0 -2 -1 -2 -2 -2 -1 0 -1 -2 -1 0 -1 0 -1 -2 -2 -1 -1 -2 -2 0 -1 -1 -1 0 -2 -2 -1 -1 -1 -2 -2 -2 -2 -1 0 -2 -1 -2 -1 -1 -1 0 -1 -1 -2 0 0 -1 0 -2 -2 -1 -2 0 0 -1 -2 -2 -2 -1 0 -2 -1 0 -1 -1 -1
0.692829114472968 0.315946842131503 0.979355138820413 0.435830481201702 0.295248839755989 1 0 2 1 1 1 0 1 1 2 0 1 2 0 1 0 1 0 1 0 0 2 0 2 1 0 2 0 0 2 2 2 0 2 2 2 2 2 0 0 1 1 2 1 1 0 1 1 2 0 1 0 2 0 1 0 2 1 2 2 2 2 2 1 1 0 1 2 0 2 1 2 1 1 1 1 1 1 2 2 2 1 0 2 1 0 1 0 0 1 2 2 2 2 2 1 0 0 0 1 0 0 2 1 1 1 0 1 1 2 0 1 2 0 1 0 1 0 1 0 0 2 0 2 1 0 2 0 0 2 2 2 0 2 2 2 2 2 0 0 1 1 2 1 1 0 1 1 2 0 1 0 2 0 1 0 2 1 2 2 2 2 2 1 1 0 1 2 0 2 1 2 1 1 1 1 1 1 2 2 2 1 0 2 1 0 1 0 0 1 2 2 2 2 2 1 0 0 0 1 0
-1.36848374386141 -0.689051948825474 -0.773220421749792 -0.231111932833487 1.60598457002978 -1 0 1 1 0 0 1 2 1 1 0 0 1 0 0 0 0 0 0 1 1 1 0 1 1 0 2 1 1 2 2 0 0 2 2 2 2 2 0 0 2 1 1 0 1 0 1 2 2 2 1 2 2 0 0 1 1 0 2 2 1 1 2 1 1 0 1 2 1 1 0 2 1 1 1 0 0 1 2 1 1 1 0 2 2 0 1 0 0 2 2 2 1 1 0 2 0 0 1 1 1 0 -1 -1 0 0 -1 -2 -1 -1 0 0 -1 0 0 0 0 0 0 -1 -1 -1 0 -1 -1 0 -2 -1 -1 -2 -2 0 0 -2 -2 -2 -2 -2 0 0 -2 -1 -1 0 -1 0 -1 -2 -2 -2 -1 -2 -2 0 0 -1 -1 0 -2 -2 -1 -1 -2 -1 -1 0 -1 -2 -1 -1 0 -2 -1 -1 -1 0 0 -1 -2 -1 -1 -1 0 -2 -2 0 -1 0 0 -2 -2 -2 -1 -1 0 -2 0 0 -1 -1 -1
1.68974523827338 -0.589298456219401 -0.399074557041023 -0.10008686685605 0.0328201005970769 1 2 2 2 1 1 1 2 2 2 1 2 2 0 1 0 1 0 0 0 0 1 0 1 1 0 1 0 2 2 2 1 1 2 2 2 2 2 1 1 2 1 1 1 1 0 0 1 2 1 1 2 2 0 1 0 2 1 2 1 1 2 1 0 2 2 0 0 1 2 0 2 0 0 0 0 0 1 2 2 0 1 1 2 2 0 2 1 0 2 2 2 2 2 1 1 1 0 2 2 1 2 2 2 1 1 1 2 2 2 1 2 2 0 1 0 1 0 0 0 0 1 0 1 1 0 1 0 2 2 2 1 1 2 2 2 2 2 1 1 2 1 1 1 1 0 0 1 2 1 1 2 2 0 1 0 2 1 2 1 1 2 1 0 2 2 0 0 1 2 0 2 0 0 0 0 0 1 2 2 0 1 1 2 2 0 2 1 0 2 2 2 2 2 1 1 1 0 2 2 1
-0.614578919638383 -0.606295375926945 0.719721034563191 1.13557502773925 0.283247468563164 1 0 1 1 1 1 0 2 2 2 1 2 2 0 1 1 1 0 0 0 0 1 0 2 0 0 1 0 0 2 1 1 0 2 0 0 2 2 0 0 0 1 1 0 2 1 1 2 2 1 1 2 1 0 1 2 2 1 2 2 2 2 2 1 2 1 1 2 1 1 0 2 2 1 1 1 0 1 2 1 0 1 2 2 2 0 1 0 0 2 2 2 1 0 0 0 0 0 0 1 0 0 1 1 1 1 0 2 2 2 1 2 2 0 1 1 1 0 0 0 0 1 0 2 0 0 1 0 0 2 1 1 0 2 0 0 2 2 0 0 0 1 1 0 2 1 1 2 2 1 1 2 1 0 1 2 2 1 2 2 2 2 2 1 2 1 1 2 1 1 0 2 2 1 1 1 0 1 2 1 0 1 2 2 2 0 1 0 0 2 2 2 1 0 0 0 0 0 0 1 0
-1.66723672489549 -1.71828840455866 0.32922062148502 -1.02057946067449 -1.31817781662942 -1 0 2 2 1 0 0 2 0 1 0 1 2 0 1 0 0 2 2 1 1 2 1 1 0 0 1 0 1 2 1 1 0 2 2 2 2 1 0 2 1 2 2 2 2 1 1 1 2 1 1 1 2 0 1 1 2 1 2 2 2 2 2 2 2 0 2 2 2 2 0 1 1 0 0 0 0 0 1 0 0 2 1 2 2 0 2 2 0 1 2 2 1 0 0 2 2 0 0 1 1 0 -2 -2 -1 0 0 -2 0 -1 0 -1 -2 0 -1 0 0 -2 -2 -1 -1 -2 -1 -1 0 0 -1 0 -1 -2 -1 -1 0 -2 -2 -2 -2 -1 0 -2 -1 -2 -2 -2 -2 -1 -1 -1 -2 -1 -1 -1 -2 0 -1 -1 -2 -1 -2 -2 -2 -2 -2 -2 -2 0 -2 -2 -2 -2 0 -1 -1 0 0 0 0 0 -1 0 0 -2 -1 -2 -2 0 -2 -2 0 -1 -2 -2 -1 0 0 -2 -2 0 0 -1 -1
-0.63252046810611 0.699358015467373 0.0112448728877068 -0.767706522970594 -2.19388256389749 -1 0 2 2 0 0 0 2 1 1 0 1 2 0 0 1 1 1 0 0 0 2 0 2 2 0 2 0 2 1 0 1 0 2 1 1 2 2 0 0 0 1 2 2 2 1 1 2 2 2 2 2 2 0 1 2 2 0 2 2 1 2 2 1 2 0 0 1 1 2 0 2 1 0 0 0 0 1 2 1 1 1 0 2 1 0 1 1 0 0 1 2 0 0 0 1 0 0 0 1 1 0 -2 -2 0 0 0 -2 -1 -1 0 -1 -2 0 0 -1 -1 -1 0 0 0 -2 0 -2 -2 0 -2 0 -2 -1 0 -1 0 -2 -1 -1 -2 -2 0 0 0 -1 -2 -2 -2 -1 -1 -2 -2 -2 -2 -2 -2 0 -1 -2 -2 0 -2 -2 -1 -2 -2 -1 -2 0 0 -1 -1 -2 0 -2 -1 0 0 0 0 -1 -2 -1 -1 -1 0 -2 -1 0 -1 -1 0 0 -1 -2 0 0 0 -1 0 0 0 -1 -1
-0.788940092096807 1.91756100213764 1.57266484065409 -0.171936807802201 -0.728794400225653 -1 0 1 1 0 0 0 2 1 1 0 2 2 0 0 0 1 1 2 1 1 2 0 2 2 1 2 0 1 2 2 0 0 2 1 1 2 1 0 1 1 1 0 2 2 1 2 1 2 1 1 1 2 0 2 2 2 1 2 1 0 1 2 0 1 1 0 1 1 2 1 2 2 1 0 0 1 2 2 0 0 2 1 2 2 0 2 2 1 1 2 2 1 1 0 2 1 0 1 2 2 0 -1 -1 0 0 0 -2 -1 -1 0 -2 -2 0 0 0 -1 -1 -2 -1 -1 -2 0 -2 -2 -1 -2 0 -1 -2 -2 0 0 -2 -1 -1 -2 -1 0 -1 -1 -1 0 -2 -2 -1 -2 -1 -2 -1 -1 -1 -2 0 -2 -2 -2 -1 -2 -1 0 -1 -2 0 -1 -1 0 -1 -1 -2 -1 -2 -2 -1 0 0 -1 -2 -2 0 0 -2 -1 -2 -2 0 -2 -2 -1 -1 -2 -2 -1 -1 0 -2 -1 0 -1 -2 -2
-0.795133060038226 0.192684385532793 0.270163007992796 1.12041630282606 0.566574307840145 -1 0 1 2 0 0 0 2 1 1 0 2 2 0 0 0 0 1 1 1 1 1 0 0 1 0 2 0 1 2 1 2 0 2 1 1 2 2 0 0 1 2 2 2 2 2 2 1 2 0 0 1 2 0 2 1 2 0 2 2 2 1 0 0 2 2 1 1 1 2 0 2 2 2 2 1 0 1 2 0 0 1 0 2 2 0 2 2 0 1 2 2 0 0 0 2 1 0 1 1 1 0 -1 -2 0 0 0 -2 -1 -1 0 -2 -2 0 0 0 0 -1 -1 -1 -1 -1 0 0 -1 0 -2 0 -1 -2 -1 -2 0 -2 -1 -1 -2 -2 0 0 -1 -2 -2 -2 -2 -2 -2 -1 -2 0 0 -1 -2 0 -2 -1 -2 0 -2 -2 -2 -1 0 0 -2 -2 -1 -1 -1 -2 0 -2 -2 -2 -2 -1 0 -1 -2 0 0 -1 0 -2 -2 0 -2 -2 0 -1 -2 -2 0 0 0 -2 -1 0 -1 -1 -1
0.450783440406055 -1.17645009914033 -0.449913767348981 0.800235518085115 0.301617078555325 -1 0 1 1 0 0 0 1 2 1 0 2 2 0 0 0 2 0 1 1 1 2 0 2 1 0 2 0 0 2 2 1 0 0 0 1 2 1 0 0 2 2 2 1 2 1 1 1 2 1 1 2 2 1 2 1 1 2 2 2 2 1 1 1 1 0 1 1 2 1 0 2 1 1 1 1 1 2 2 2 1 1 0 2 1 0 2 0 0 1 2 2 1 0 0 2 1 0 1 1 1 0 -1 -1 0 0 0 -1 -2 -1 0 -2 -2 0 0 0 -2 0 -1 -1 -1 -2 0 -2 -1 0 -2 0 0 -2 -2 -1 0 0 0 -1 -2 -1 0 0 -2 -2 -2 -1 -2 -1 -1 -1 -2 -1 -1 -2 -2 -1 -2 -1 -1 -2 -2 -2 -2 -1 -1 -1 -1 0 -1 -1 -2 -1 0 -2 -1 -1 -1 -1 -1 -2 -2 -2 -1 -1 0 -2 -1 0 -2 0 0 -1 -2 -2 -1 0 0 -2 -1 0 -1 -1 -1
-0.103623347638344 0.720112983671145 -0.287673424106666 1.02959385238285 -1.24388384335833 1 0 0 1 0 0 0 2 2 2 0 2 2 1 0 0 0 0 0 0 0 2 0 2 1 0 1 0 1 2 2 1 0 1 1 2 2 2 0 0 1 1 2 1 1 1 1 1 2 2 1 2 2 0 2 2 2 1 2 1 0 0 0 0 0 0 1 1 1 2 1 2 2 1 0 0 0 2 2 2 2 0 0 2 2 0 2 1 1 2 2 2 1 1 0 2 0 0 1 1 0 0 0 1 0 0 0 2 2 2 0 2 2 1 0 0 0 0 0 0 0 2 0 2 1 0 1 0 1 2 2 1 0 1 1 2 2 2 0 0 1 1 2 1 1 1 1 1 2 2 1 2 2 0 2 2 2 1 2 1 0 0 0 0 0 0 1 1 1 2 1 2 2 1 0 0 0 2 2 2 2 0 0 2 2 0 2 1 1 2 2 2 1 1 0 2 0 0 1 1 0
0.102554727537206 0.65365635034223 0.180613683787909 -0.320985621963586 -0.846440700532988 -1 0 0 2 0 0 0 2 2 2 0 1 2 0 1 0 1 0 0 0 0 1 0 1 1 0 2 0 1 2 2 2 0 2 2 2 2 2 0 0 2 2 1 1 1 0 1 1 2 2 2 2 1 0 1 1 1 1 1 1 2 2 2 1 2 2 2 2 2 2 1 2 2 2 0 0 0 2 2 2 0 1 1 2 2 0 2 2 0 1 2 2 2 1 0 1 0 0 2 2 2 0 0 -2 0 0 0 -2 -2 -2 0 -1 -2 0 -1 0 -1 0 0 0 0 -1 0 -1 -1 0 -2 0 -1 -2 -2 -2 0 -2 -2 -2 -2 -2 0 0 -2 -2 -1 -1 -1 0 -1 -1 -2 -2 -2 -2 -1 0 -1 -1 -1 -1 -1 -1 -2 -2 -2 -1 -2 -2 -2 -2 -2 -2 -1 -2 -2 -2 0 0 0 -2 -2 -2 0 -1 -1 -2 -2 0 -2 -2 0 -1 -2 -2 -2 -1 0 -1 0 0 -2 -2 -2
-1.28714142160879 0.374808581554264 -0.898798152593725 -0.273469488061675 1.41524728442888 1 0 2 2 0 1 1 2 1 2 0 1 2 0 0 0 1 1 2 2 0 2 0 2 2 1 2 1 2 2 2 0 0 2 2 2 2 1 0 0 1 2 1 0 1 0 1 1 2 1 1 2 1 0 1 1 0 0 2 2 2 1 2 1 1 1 0 2 1 2 0 1 1 1 0 0 0 1 2 1 0 1 0 2 2 1 2 2 0 2 2 2 1 1 0 1 0 0 0 0 1 0 2 2 0 1 1 2 1 2 0 1 2 0 0 0 1 1 2 2 0 2 0 2 2 1 2 1 2 2 2 0 0 2 2 2 2 1 0 0 1 2 1 0 1 0 1 1 2 1 1 2 1 0 1 1 0 0 2 2 2 1 2 1 1 1 0 2 1 2 0 1 1 1 0 0 0 1 2 1 0 1 0 2 2 1 2 2 0 2 2 2 1 1 0 1 0 0 0 0 1
-0.692404392445084 0.135107112328327 -0.328356308938668 0.194376612515554 -1.64720028799696 -1 0 2 2 0 0 0 2 2 1 0 0 2 0 0 1 2 0 1 0 0 0 0 1 0 0 2 0 0 2 2 1 0 2 1 0 2 2 0 0 1 1 1 1 2 1 1 2 2 2 2 2 2 1 2 1 2 1 2 2 1 2 1 1 2 1 1 1 2 2 0 1 1 2 0 0 0 1 2 0 0 1 1 2 2 0 2 2 0 1 2 2 2 1 1 1 0 0 0 0 1 0 -2 -2 0 0 0 -2 -2 -1 0 0 -2 0 0 -1 -2 0 -1 0 0 0 0 -1 0 0 -2 0 0 -2 -2 -1 0 -2 -1 0 -2 -2 0 0 -1 -1 -1 -1 -2 -1 -1 -2 -2 -2 -2 -2 -2 -1 -2 -1 -2 -1 -2 -2 -1 -2 -1 -1 -2 -1 -1 -1 -2 -2 0 -1 -1 -2 0 0 0 -1 -2 0 0 -1 -1 -2 -2 0 -2 -2 0 -1 -2 -2 -2 -1 -1 -1 0 0 0 0 -1
-0.911846440251117 1.85407879493858 1.91157515534349 -0.429011155107445 0.018828436653639 -1 0 2 1 1 1 1 2 1 2 0 1 2 0 0 0 0 1 1 1 0 0 0 0 0 0 1 0 0 2 1 0 1 2 2 1 2 2 0 0 0 1 1 0 1 0 0 2 2 1 2 2 2 0 2 1 1 1 2 2 0 1 1 0 2 0 0 1 1 2 0 2 1 1 0 0 0 2 2 0 1 1 0 2 2 0 2 2 1 1 2 2 0 0 0 1 1 0 1 2 2 0 -2 -1 -1 -1 -1 -2 -1 -2 0 -1 -2 0 0 0 0 -1 -1 -1 0 0 0 0 0 0 -1 0 0 -2 -1 0 -1 -2 -2 -1 -2 -2 0 0 0 -1 -1 0 -1 0 0 -2 -2 -1 -2 -2 -2 0 -2 -1 -1 -1 -2 -2 0 -1 -1 0 -2 0 0 -1 -1 -2 0 -2 -1 -1 0 0 0 -2 -2 0 -1 -1 0 -2 -2 0 -2 -2 -1 -1 -2 -2 0 0 0 -1 -1 0 -1 -2 -2
-0.902892063008333 0.35990283753947 0.684295226135685 0.533809878910288 -0.907279941281833 -1 1 1 1 0 1 1 2 2 2 0 2 2 0 0 0 0 0 0 0 0 1 1 2 1 0 2 0 0 2 1 1 0 2 1 1 2 1 0 0 1 1 1 0 1 0 1 1 2 2 1 2 2 0 1 2 2 1 2 2 2 2 2 1 2 1 1 1 2 2 0 2 0 0 1 0 0 1 2 1 1 2 2 2 2 0 2 0 0 1 1 2 0 0 0 2 1 0 1 1 1 -1 -1 -1 0 -1 -1 -2 -2 -2 0 -2 -2 0 0 0 0 0 0 0 0 -1 -1 -2 -1 0 -2 0 0 -2 -1 -1 0 -2 -1 -1 -2 -1 0 0 -1 -1 -1 0 -1 0 -1 -1 -2 -2 -1 -2 -2 0 -1 -2 -2 -1 -2 -2 -2 -2 -2 -1 -2 -1 -1 -1 -2 -2 0 -2 0 0 -1 0 0 -1 -2 -1 -1 -2 -2 -2 -2 0 -2 0 0 -1 -1 -2 0 0 0 -2 -1 0 -1 -1 -1
-0.0349412450205493 -0.124994922849366 -1.56525822393025 -1.15274311530277 1.2933637650861 -1 0 2 2 0 0 1 2 1 1 0 2 2 1 0 0 2 2 1 1 1 2 0 2 2 0 2 0 2 2 2 2 0 2 2 1 2 2 1 0 1 1 0 0 0 0 0 2 2 1 1 0 1 0 1 2 2 0 1 2 0 1 1 1 1 1 2 2 1 2 0 2 2 0 0 0 0 1 2 1 0 1 0 2 2 0 1 1 0 1 2 2 0 1 0 1 0 0 1 2 2 0 -2 -2 0 0 -1 -2 -1 -1 0 -2 -2 -1 0 0 -2 -2 -1 -1 -1 -2 0 -2 -2 0 -2 0 -2 -2 -2 -2 0 -2 -2 -1 -2 -2 -1 0 -1 -1 0 0 0 0 0 -2 -2 -1 -1 0 -1 0 -1 -2 -2 0 -1 -2 0 -1 -1 -1 -1 -1 -2 -2 -1 -2 0 -2 -2 0 0 0 0 -1 -2 -1 0 -1 0 -2 -2 0 -1 -1 0 -1 -2 -2 0 -1 0 -1 0 0 -1 -2 -2
1.1202086405894 -1.48098489788844 0.695885302064292 -1.00706843723625 0.996387832641288 1 1 1 1 0 0 0 2 2 2 0 1 2 0 0 0 0 0 1 0 0 2 0 1 0 0 1 0 2 2 1 1 0 2 2 1 2 1 0 0 2 2 2 0 1 0 0 1 2 2 2 1 2 0 1 1 1 1 2 2 1 2 2 2 1 0 0 0 1 2 1 2 2 0 0 0 0 1 2 1 0 1 1 2 2 0 2 2 0 0 1 2 1 1 0 2 1 0 0 2 2 1 1 1 0 0 0 2 2 2 0 1 2 0 0 0 0 0 1 0 0 2 0 1 0 0 1 0 2 2 1 1 0 2 2 1 2 1 0 0 2 2 2 0 1 0 0 1 2 2 2 1 2 0 1 1 1 1 2 2 1 2 2 2 1 0 0 0 1 2 1 2 2 0 0 0 0 1 2 1 0 1 1 2 2 0 2 2 0 0 1 2 1 1 0 2 1 0 0 2 2
1.22970050690594 0.327937748122187 1.13686986539624 -0.570404383101374 0.309104744498413 -1 0 0 0 0 0 0 2 2 2 0 1 2 1 1 0 0 1 1 2 1 2 0 2 1 0 2 0 0 1 1 0 0 1 0 2 2 2 0 0 0 2 1 0 1 0 0 2 2 1 1 2 1 0 0 1 2 1 2 1 1 1 0 0 1 0 2 2 2 2 0 2 1 0 0 0 0 1 2 0 0 2 0 2 2 0 2 1 0 1 2 2 0 0 0 2 1 0 2 1 2 0 0 0 0 0 0 -2 -2 -2 0 -1 -2 -1 -1 0 0 -1 -1 -2 -1 -2 0 -2 -1 0 -2 0 0 -1 -1 0 0 -1 0 -2 -2 -2 0 0 0 -2 -1 0 -1 0 0 -2 -2 -1 -1 -2 -1 0 0 -1 -2 -1 -2 -1 -1 -1 0 0 -1 0 -2 -2 -2 -2 0 -2 -1 0 0 0 0 -1 -2 0 0 -2 0 -2 -2 0 -2 -1 0 -1 -2 -2 0 0 0 -2 -1 0 -2 -1 -2
-0.179259233565413 -0.0661252023327606 0.639528329085954 -1.28334313312404 0.355119201424192 -1 2 2 2 1 1 1 2 1 2 0 2 2 0 0 0 1 1 1 1 1 2 0 1 1 0 2 0 1 2 0 0 0 1 0 1 2 1 0 0 1 2 2 0 2 0 1 1 2 1 2 2 2 0 1 1 0 1 2 2 1 1 1 0 2 0 1 2 1 1 0 2 1 1 1 1 0 2 2 1 0 0 0 2 1 0 0 0 0 0 1 2 1 0 0 2 1 0 1 2 0 -2 -2 -2 -1 -1 -1 -2 -1 -2 0 -2 -2 0 0 0 -1 -1 -1 -1 -1 -2 0 -1 -1 0 -2 0 -1 -2 0 0 0 -1 0 -1 -2 -1 0 0 -1 -2 -2 0 -2 0 -1 -1 -2 -1 -2 -2 -2 0 -1 -1 0 -1 -2 -2 -1 -1 -1 0 -2 0 -1 -2 -1 -1 0 -2 -1 -1 -1 -1 0 -2 -2 -1 0 0 0 -2 -1 0 0 0 0 0 -1 -2 -1 0 0 -2 -1 0 -1 -2 0
-0.978284431042384 0.740214083151347 0.303146785317274 0.977561197119932 1.39447984566785 -1 2 2 2 1 2 1 2 2 2 0 1 2 0 0 0 0 1 1 0 0 2 0 2 1 0 2 0 0 2 1 1 0 1 1 1 2 2 0 0 2 2 2 0 1 1 1 2 2 1 2 1 1 0 1 1 1 0 2 2 1 2 2 0 1 1 0 0 0 2 0 2 1 0 1 1 1 2 2 1 0 1 1 2 2 0 2 0 0 1 2 2 2 1 1 1 0 0 1 1 2 -2 -2 -2 -1 -2 -1 -2 -2 -2 0 -1 -2 0 0 0 0 -1 -1 0 0 -2 0 -2 -1 0 -2 0 0 -2 -1 -1 0 -1 -1 -1 -2 -2 0 0 -2 -2 -2 0 -1 -1 -1 -2 -2 -1 -2 -1 -1 0 -1 -1 -1 0 -2 -2 -1 -2 -2 0 -1 -1 0 0 0 -2 0 -2 -1 0 -1 -1 -1 -2 -2 -1 0 -1 -1 -2 -2 0 -2 0 0 -1 -2 -2 -2 -1 -1 -1 0 0 -1 -1 -2
0.729480849005686 1.36530990074578 -0.359069872100473 -1.67580314710691 1.14728521630817 1 1 1 1 0 0 0 1 0 2 0 1 2 0 0 1 2 1 2 1 1 1 1 1 1 1 2 0 1 2 1 1 0 1 1 2 2 2 0 0 0 0 1 0 2 0 0 1 2 1 2 2 2 0 1 0 0 0 2 2 1 1 0 0 1 0 2 1 1 2 1 2 2 0 1 0 0 0 2 1 0 1 0 2 2 0 2 0 0 1 2 2 2 2 0 1 0 0 0 2 1 1 1 1 0 0 0 1 0 2 0 1 2 0 0 1 2 1 2 1 1 1 1 1 1 1 2 0 1 2 1 1 0 1 1 2 2 2 0 0 0 0 1 0 2 0 0 1 2 1 2 2 2 0 1 0 0 0 2 2 1 1 0 0 1 0 2 1 1 2 1 2 2 0 1 0 0 0 2 1 0 1 0 2 2 0 2 0 0 1 2 2 2 2 0 1 0 0 0 2 1
0.936675635794962 1.66499035097184 -0.394128925721958 -1.47806481888248 0.637266396763886 -1 1 2 2 1 1 1 2 2 2 0 1 2 0 0 0 0 1 1 0 0 2 0 1 2 0 2 0 2 2 2 1 1 2 2 2 2 2 1 0 1 1 0 0 0 0 1 1 2 0 1 1 2 0 0 1 1 2 2 2 2 2 1 1 0 0 1 2 2 2 2 1 1 1 1 1 0 2 2 1 0 2 1 2 2 0 2 0 0 1 1 2 1 1 1 2 1 0 1 2 2 -1 -2 -2 -1 -1 -1 -2 -2 -2 0 -1 -2 0 0 0 0 -1 -1 0 0 -2 0 -1 -2 0 -2 0 -2 -2 -2 -1 -1 -2 -2 -2 -2 -2 -1 0 -1 -1 0 0 0 0 -1 -1 -2 0 -1 -1 -2 0 0 -1 -1 -2 -2 -2 -2 -2 -1 -1 0 0 -1 -2 -2 -2 -2 -1 -1 -1 -1 -1 0 -2 -2 -1 0 -2 -1 -2 -2 0 -2 0 0 -1 -1 -2 -1 -1 -1 -2 -1 0 -1 -2 -2
0.325719355575928 -1.21775427945816 0.99974426360648 -3.29676917439689 -1.98737476134607 1 1 2 2 0 1 2 2 2 2 0 1 2 0 0 0 0 0 1 0 0 1 0 1 2 0 2 0 1 2 2 0 0 1 1 2 2 2 0 0 1 2 1 1 1 0 1 1 2 0 0 1 1 0 1 0 1 0 2 2 1 1 1 1 2 0 1 1 0 2 0 2 1 1 1 1 0 1 2 0 1 0 0 2 2 0 2 1 0 1 2 2 1 0 0 2 1 0 2 2 2 1 2 2 0 1 2 2 2 2 0 1 2 0 0 0 0 0 1 0 0 1 0 1 2 0 2 0 1 2 2 0 0 1 1 2 2 2 0 0 1 2 1 1 1 0 1 1 2 0 0 1 1 0 1 0 1 0 2 2 1 1 1 1 2 0 1 1 0 2 0 2 1 1 1 1 0 1 2 0 1 0 0 2 2 0 2 1 0 1 2 2 1 0 0 2 1 0 2 2 2
-1.08778677152057 -2.11206394822991 -0.164445446076687 0.234655188444764 -0.125969128611612 1 1 2 2 0 0 0 1 1 2 1 2 2 0 1 0 1 0 1 1 1 0 0 1 0 0 2 0 0 1 1 1 0 1 2 2 2 2 1 1 0 0 1 0 2 0 1 2 2 0 1 2 1 0 2 2 2 0 2 2 2 2 2 1 2 1 1 1 2 2 0 1 1 1 0 0 0 1 2 0 1 1 1 2 2 0 2 2 1 1 2 2 1 1 1 2 0 0 2 2 2 1 2 2 0 0 0 1 1 2 1 2 2 0 1 0 1 0 1 1 1 0 0 1 0 0 2 0 0 1 1 1 0 1 2 2 2 2 1 1 0 0 1 0 2 0 1 2 2 0 1 2 1 0 2 2 2 0 2 2 2 2 2 1 2 1 1 1 2 2 0 1 1 1 0 0 0 1 2 0 1 1 1 2 2 0 2 2 1 1 2 2 1 1 1 2 0 0 2 2 2
-0.170612753255824 1.15563437525884 1.56638397552874 0.177469633555018 1.72779239339651 -1 0 0 1 0 0 1 2 2 2 0 2 2 0 0 0 1 1 2 1 1 1 0 1 0 0 2 0 1 2 2 1 0 2 1 2 2 2 0 1 1 1 2 0 0 0 2 2 2 1 2 1 2 0 1 2 2 1 2 2 1 1 1 0 0 1 2 2 1 1 0 2 2 0 0 0 0 1 2 1 1 1 0 2 2 0 1 2 0 1 2 2 0 0 0 1 0 0 0 0 1 0 0 -1 0 0 -1 -2 -2 -2 0 -2 -2 0 0 0 -1 -1 -2 -1 -1 -1 0 -1 0 0 -2 0 -1 -2 -2 -1 0 -2 -1 -2 -2 -2 0 -1 -1 -1 -2 0 0 0 -2 -2 -2 -1 -2 -1 -2 0 -1 -2 -2 -1 -2 -2 -1 -1 -1 0 0 -1 -2 -2 -1 -1 0 -2 -2 0 0 0 0 -1 -2 -1 -1 -1 0 -2 -2 0 -1 -2 0 -1 -2 -2 0 0 0 -1 0 0 0 0 -1
0.0224372530168304 1.05290441157981 -0.817161395629895 0.344564743659472 -0.631490769367222 -1 0 1 0 0 0 0 1 1 1 0 2 2 0 0 0 1 1 1 1 0 1 0 1 0 0 2 0 0 2 1 1 0 2 2 2 2 0 0 0 1 2 1 1 2 2 1 0 1 1 1 2 2 1 2 2 2 0 2 1 0 1 1 0 1 0 1 1 0 2 1 2 2 1 2 1 0 2 2 1 1 2 1 2 2 0 2 1 0 1 2 2 1 1 1 1 0 0 1 2 2 0 -1 0 0 0 0 -1 -1 -1 0 -2 -2 0 0 0 -1 -1 -1 -1 0 -1 0 -1 0 0 -2 0 0 -2 -1 -1 0 -2 -2 -2 -2 0 0 0 -1 -2 -1 -1 -2 -2 -1 0 -1 -1 -1 -2 -2 -1 -2 -2 -2 0 -2 -1 0 -1 -1 0 -1 0 -1 -1 0 -2 -1 -2 -2 -1 -2 -1 0 -2 -2 -1 -1 -2 -1 -2 -2 0 -2 -1 0 -1 -2 -2 -1 -1 -1 -1 0 0 -1 -2 -2
-2.05418712788738 0.282575935967257 -0.636707430264718 2.88599125233036 0.18387214722194 1 1 2 2 1 1 0 2 2 1 0 1 2 0 1 1 0 0 0 1 1 2 0 1 1 0 1 1 1 1 1 0 0 1 0 0 2 1 0 0 1 1 1 0 2 0 0 2 2 2 2 2 2 0 2 2 2 1 2 1 1 2 0 0 1 1 1 2 2 2 0 2 1 1 1 0 0 1 2 1 1 1 1 2 2 0 2 1 0 2 2 2 0 1 0 2 1 0 1 2 2 1 2 2 1 1 0 2 2 1 0 1 2 0 1 1 0 0 0 1 1 2 0 1 1 0 1 1 1 1 1 0 0 1 0 0 2 1 0 0 1 1 1 0 2 0 0 2 2 2 2 2 2 0 2 2 2 1 2 1 1 2 0 0 1 1 1 2 2 2 0 2 1 1 1 0 0 1 2 1 1 1 1 2 2 0 2 1 0 2 2 2 0 1 0 2 1 0 1 2 2
0.42630156652692 -1.04566756594573 -0.523204245553504 1.78633454862372 -0.346119616685322 1 0 2 2 1 1 1 2 2 2 0 2 2 1 0 0 0 1 1 0 0 2 0 2 1 0 2 0 0 1 1 1 0 1 1 1 2 1 0 0 0 2 1 0 1 0 1 2 2 2 2 2 2 0 2 1 2 2 2 2 2 1 0 0 1 0 1 1 1 2 0 2 2 1 1 0 0 1 2 1 0 2 2 2 2 0 1 1 0 2 2 2 0 0 0 2 0 0 1 2 1 0 2 2 1 1 1 2 2 2 0 2 2 1 0 0 0 1 1 0 0 2 0 2 1 0 2 0 0 1 1 1 0 1 1 1 2 1 0 0 0 2 1 0 1 0 1 2 2 2 2 2 2 0 2 1 2 2 2 2 2 1 0 0 1 0 1 1 1 2 0 2 2 1 1 0 0 1 2 1 0 2 2 2 2 0 1 1 0 2 2 2 0 0 0 2 0 0 1 2 1
-1.41935262542037 2.43402619518496 0.289334425999732 0.834114331225736 -0.60708421075963 -1 1 2 2 1 0 0 1 2 2 1 2 2 0 1 1 1 1 2 1 1 1 0 2 1 0 2 0 0 2 2 0 0 2 1 2 2 1 0 0 0 1 1 0 1 1 1 2 2 2 2 2 2 0 1 0 1 0 2 2 1 2 0 0 1 1 1 1 1 2 1 2 2 1 0 0 0 0 2 1 0 1 1 2 2 0 1 0 1 2 2 1 0 0 0 2 0 0 0 1 2 -1 -2 -2 -1 0 0 -1 -2 -2 -1 -2 -2 0 -1 -1 -1 -1 -2 -1 -1 -1 0 -2 -1 0 -2 0 0 -2 -2 0 0 -2 -1 -2 -2 -1 0 0 0 -1 -1 0 -1 -1 -1 -2 -2 -2 -2 -2 -2 0 -1 0 -1 0 -2 -2 -1 -2 0 0 -1 -1 -1 -1 -1 -2 -1 -2 -2 -1 0 0 0 0 -2 -1 0 -1 -1 -2 -2 0 -1 0 -1 -2 -2 -1 0 0 0 -2 0 0 0 -1 -2
-1.70757805688403 -0.216398569491571 -1.69363221798048 -0.49528909224227 0.117674539844567 -1 0 1 2 0 1 1 2 1 2 0 1 2 0 0 0 0 1 1 0 0 1 0 0 2 0 1 1 1 2 2 1 0 0 1 1 2 1 0 1 2 2 2 1 2 0 2 1 2 2 2 2 2 0 1 2 2 2 2 1 1 2 1 0 1 0 1 2 0 0 0 2 2 1 0 0 0 1 2 1 0 1 1 2 2 0 2 1 0 2 2 2 1 1 0 2 1 0 1 1 0 0 -1 -2 0 -1 -1 -2 -1 -2 0 -1 -2 0 0 0 0 -1 -1 0 0 -1 0 0 -2 0 -1 -1 -1 -2 -2 -1 0 0 -1 -1 -2 -1 0 -1 -2 -2 -2 -1 -2 0 -2 -1 -2 -2 -2 -2 -2 0 -1 -2 -2 -2 -2 -1 -1 -2 -1 0 -1 0 -1 -2 0 0 0 -2 -2 -1 0 0 0 -1 -2 -1 0 -1 -1 -2 -2 0 -2 -1 0 -2 -2 -2 -1 -1 0 -2 -1 0 -1 -1 0
0.137320874528283 -1.15556136254558 1.58464682415852 0.692556513959214 -1.34023736284596 -1 1 2 2 0 0 0 2 1 2 0 2 2 0 0 0 1 1 2 1 0 1 0 2 1 0 2 0 0 2 1 1 0 2 1 1 2 2 1 0 1 2 1 1 2 0 1 1 2 1 1 1 2 0 2 1 1 1 2 2 1 1 2 0 0 0 1 1 1 2 2 2 2 0 0 1 1 2 2 2 0 1 0 2 2 0 2 2 0 1 2 2 1 1 0 2 1 0 2 2 1 -1 -2 -2 0 0 0 -2 -1 -2 0 -2 -2 0 0 0 -1 -1 -2 -1 0 -1 0 -2 -1 0 -2 0 0 -2 -1 -1 0 -2 -1 -1 -2 -2 -1 0 -1 -2 -1 -1 -2 0 -1 -1 -2 -1 -1 -1 -2 0 -2 -1 -1 -1 -2 -2 -1 -1 -2 0 0 0 -1 -1 -1 -2 -2 -2 -2 0 0 -1 -1 -2 -2 -2 0 -1 0 -2 -2 0 -2 -2 0 -1 -2 -2 -1 -1 0 -2 -1 0 -2 -2 -1
0.219647633849691 -0.459980531632557 0.250530439073438 0.0395613935057653 -0.0245288628165215 -1 1 2 2 0 2 1 2 2 2 0 1 2 0 0 0 1 1 1 0 0 2 0 1 2 1 2 1 2 2 1 1 0 1 2 2 2 2 1 0 1 1 1 0 1 0 1 2 2 2 1 1 2 0 1 1 1 1 2 2 0 1 1 1 2 2 2 0 0 1 0 1 2 1 1 0 0 2 2 1 0 0 0 2 2 0 2 2 2 2 2 2 1 2 0 1 0 0 0 2 1 -1 -2 -2 0 -2 -1 -2 -2 -2 0 -1 -2 0 0 0 -1 -1 -1 0 0 -2 0 -1 -2 -1 -2 -1 -2 -2 -1 -1 0 -1 -2 -2 -2 -2 -1 0 -1 -1 -1 0 -1 0 -1 -2 -2 -2 -1 -1 -2 0 -1 -1 -1 -1 -2 -2 0 -1 -1 -1 -2 -2 -2 0 0 -1 0 -1 -2 -1 -1 0 0 -2 -2 -1 0 0 0 -2 -2 0 -2 -2 -2 -2 -2 -2 -1 -2 0 -1 0 0 0 -2 -1
0.733281369828353 0.88279069927791 -1.17253246754487 -0.358410113292442 -0.111780389358287 -1 0 1 2 1 1 0 2 2 1 0 2 2 0 0 0 1 0 1 1 0 1 0 1 2 0 1 0 0 2 2 1 0 1 1 1 2 1 0 0 0 0 0 0 1 0 1 1 2 1 1 2 2 0 2 2 2 1 2 2 1 1 1 0 1 1 2 1 0 2 0 2 1 1 1 0 0 2 2 0 0 2 0 2 2 0 2 2 0 1 2 2 2 0 0 2 0 0 0 1 0 0 -1 -2 -1 -1 0 -2 -2 -1 0 -2 -2 0 0 0 -1 0 -1 -1 0 -1 0 -1 -2 0 -1 0 0 -2 -2 -1 0 -1 -1 -1 -2 -1 0 0 0 0 0 0 -1 0 -1 -1 -2 -1 -1 -2 -2 0 -2 -2 -2 -1 -2 -2 -1 -1 -1 0 -1 -1 -2 -1 0 -2 0 -2 -1 -1 -1 0 0 -2 -2 0 0 -2 0 -2 -2 0 -2 -2 0 -1 -2 -2 -2 0 0 -2 0 0 0 -1 0
0.729670039489702 -1.08239370562722 -0.319790298110024 0.683335387478366 -1.36832473521142 1 0 1 1 0 0 0 1 2 2 0 2 2 0 0 1 1 2 2 1 1 1 0 1 0 0 2 0 1 2 2 1 0 1 0 0 2 1 0 0 1 0 0 0 1 0 1 2 2 1 1 1 2 0 1 1 1 0 2 1 0 1 1 1 2 2 1 1 2 1 0 2 2 2 1 0 0 2 2 0 0 1 1 2 1 0 2 1 0 1 2 2 1 0 0 2 1 0 1 1 1 0 1 1 0 0 0 1 2 2 0 2 2 0 0 1 1 2 2 1 1 1 0 1 0 0 2 0 1 2 2 1 0 1 0 0 2 1 0 0 1 0 0 0 1 0 1 2 2 1 1 1 2 0 1 1 1 0 2 1 0 1 1 1 2 2 1 1 2 1 0 2 2 2 1 0 0 2 2 0 0 1 1 2 1 0 2 1 0 1 2 2 1 0 0 2 1 0 1 1 1
0.432792397393756 -0.244676107989024 0.45320837730966 -0.570039537992749 0.42244974066539 -1 0 0 1 1 2 0 2 2 2 0 1 2 0 0 0 0 1 2 0 0 2 0 2 2 1 2 0 1 1 2 1 0 2 2 2 2 1 0 0 1 2 1 2 2 0 0 1 2 2 2 2 2 0 1 1 1 0 2 2 1 1 0 1 2 1 1 2 2 2 1 2 2 0 0 0 0 1 2 1 1 0 0 2 2 0 2 1 0 1 1 2 1 1 1 2 1 0 1 2 1 0 0 -1 -1 -2 0 -2 -2 -2 0 -1 -2 0 0 0 0 -1 -2 0 0 -2 0 -2 -2 -1 -2 0 -1 -1 -2 -1 0 -2 -2 -2 -2 -1 0 0 -1 -2 -1 -2 -2 0 0 -1 -2 -2 -2 -2 -2 0 -1 -1 -1 0 -2 -2 -1 -1 0 -1 -2 -1 -1 -2 -2 -2 -1 -2 -2 0 0 0 0 -1 -2 -1 -1 0 0 -2 -2 0 -2 -1 0 -1 -1 -2 -1 -1 -1 -2 -1 0 -1 -2 -1
-1.77439553850828 -0.748404510075985 1.13800307374174 -0.0845199623924559 1.5408867546123 -1 1 2 2 0 1 1 1 2 2 1 2 2 0 0 0 0 0 1 0 1 2 0 2 2 1 2 0 0 2 2 0 0 2 2 2 2 2 0 0 1 1 1 1 2 0 1 2 2 1 2 2 2 0 1 2 2 1 2 2 1 2 1 0 2 1 1 2 2 2 0 2 1 0 0 0 0 2 2 1 0 1 0 2 2 0 2 1 2 2 2 2 1 1 2 2 0 0 0 1 2 -1 -2 -2 0 -1 -1 -1 -2 -2 -1 -2 -2 0 0 0 0 0 -1 0 -1 -2 0 -2 -2 -1 -2 0 0 -2 -2 0 0 -2 -2 -2 -2 -2 0 0 -1 -1 -1 -1 -2 0 -1 -2 -2 -1 -2 -2 -2 0 -1 -2 -2 -1 -2 -2 -1 -2 -1 0 -2 -1 -1 -2 -2 -2 0 -2 -1 0 0 0 0 -2 -2 -1 0 -1 0 -2 -2 0 -2 -1 -2 -2 -2 -2 -1 -1 -2 -2 0 0 0 -1 -2
1.24130356087851 0.84616143101531 0.166641915336059 -0.814342445542151 -0.900104846266012 -1 1 2 2 1 1 2 2 2 2 1 2 2 0 1 1 2 2 1 1 1 1 0 1 1 0 2 0 0 2 1 1 0 2 1 0 2 2 1 1 1 1 1 1 0 0 1 2 2 2 2 1 1 0 1 0 2 0 2 2 0 1 1 1 2 0 0 1 1 2 0 2 2 1 1 1 0 1 2 1 1 1 1 2 2 0 2 1 1 2 2 2 1 0 0 0 0 0 0 2 1 -1 -2 -2 -1 -1 -2 -2 -2 -2 -1 -2 -2 0 -1 -1 -2 -2 -1 -1 -1 -1 0 -1 -1 0 -2 0 0 -2 -1 -1 0 -2 -1 0 -2 -2 -1 -1 -1 -1 -1 -1 0 0 -1 -2 -2 -2 -2 -1 -1 0 -1 0 -2 0 -2 -2 0 -1 -1 -1 -2 0 0 -1 -1 -2 0 -2 -2 -1 -1 -1 0 -1 -2 -1 -1 -1 -1 -2 -2 0 -2 -1 -1 -2 -2 -2 -1 0 0 0 0 0 0 -2 -1
-0.787363447100781 -1.06590584117013 -0.544398258900988 -0.919242450358458 -0.842779741243707 1 1 1 2 1 0 0 2 1 1 0 1 2 0 0 0 1 1 1 2 1 2 0 1 1 0 2 1 2 2 2 1 0 2 1 2 2 2 1 1 1 0 0 0 2 2 2 2 2 0 1 2 2 0 2 0 1 2 1 1 0 1 1 2 2 1 0 2 1 1 0 2 1 0 0 0 0 1 2 0 1 2 1 2 2 0 2 2 0 2 2 2 2 2 1 2 1 0 2 2 2 1 1 2 1 0 0 2 1 1 0 1 2 0 0 0 1 1 1 2 1 2 0 1 1 0 2 1 2 2 2 1 0 2 1 2 2 2 1 1 1 0 0 0 2 2 2 2 2 0 1 2 2 0 2 0 1 2 1 1 0 1 1 2 2 1 0 2 1 1 0 2 1 0 0 0 0 1 2 0 1 2 1 2 2 0 2 2 0 2 2 2 2 2 1 2 1 0 2 2 2
0.676198124619354 1.841724409092 -0.0698074640556726 -0.965593432799689 1.20543789769378 1 0 1 1 0 0 0 1 1 2 0 2 2 0 0 0 0 0 1 0 0 2 0 2 2 0 2 1 2 2 2 1 0 2 2 2 2 1 0 0 1 2 1 1 2 1 0 2 2 2 2 1 1 0 2 2 1 1 2 2 1 1 2 0 1 0 0 2 0 2 0 1 2 1 1 0 0 1 2 0 0 2 0 2 2 0 2 2 1 2 2 2 0 0 0 2 0 0 2 2 2 0 1 1 0 0 0 1 1 2 0 2 2 0 0 0 0 0 1 0 0 2 0 2 2 0 2 1 2 2 2 1 0 2 2 2 2 1 0 0 1 2 1 1 2 1 0 2 2 2 2 1 1 0 2 2 1 1 2 2 1 1 2 0 1 0 0 2 0 2 0 1 2 1 1 0 0 1 2 0 0 2 0 2 2 0 2 2 1 2 2 2 0 0 0 2 0 0 2 2 2
0.0836345873462306 0.0111757403601664 -0.567478344443518 0.958245882854148 0.310033191757788 1 0 2 2 0 1 1 2 1 2 0 1 2 0 0 0 0 0 1 1 1 1 0 2 1 0 1 0 1 2 2 2 0 2 2 1 2 2 0 1 2 2 2 1 1 0 1 1 2 1 1 1 1 0 1 1 1 2 2 2 1 1 1 1 2 2 1 2 2 2 0 1 1 0 0 0 0 0 1 0 0 1 1 2 2 0 2 1 0 1 1 2 2 2 0 2 1 0 0 1 2 0 2 2 0 1 1 2 1 2 0 1 2 0 0 0 0 0 1 1 1 1 0 2 1 0 1 0 1 2 2 2 0 2 2 1 2 2 0 1 2 2 2 1 1 0 1 1 2 1 1 1 1 0 1 1 1 2 2 2 1 1 1 1 2 2 1 2 2 2 0 1 1 0 0 0 0 0 1 0 0 1 1 2 2 0 2 1 0 1 1 2 2 2 0 2 1 0 0 1 2
-1.66584537887188 0.890797842723849 -1.83420397929822 0.757472540884078 0.795833029832383 -1 1 2 2 0 1 1 2 2 2 0 1 2 0 1 1 1 2 2 1 0 1 0 1 0 0 2 0 0 2 2 1 0 2 2 1 2 1 0 0 1 2 1 1 0 1 2 2 2 2 1 1 2 0 2 1 1 2 2 2 2 2 2 0 1 1 1 1 0 1 1 2 1 0 0 0 0 1 2 2 1 1 1 2 2 0 2 1 0 1 2 2 0 0 0 1 0 0 1 1 1 -1 -2 -2 0 -1 -1 -2 -2 -2 0 -1 -2 0 -1 -1 -1 -2 -2 -1 0 -1 0 -1 0 0 -2 0 0 -2 -2 -1 0 -2 -2 -1 -2 -1 0 0 -1 -2 -1 -1 0 -1 -2 -2 -2 -2 -1 -1 -2 0 -2 -1 -1 -2 -2 -2 -2 -2 -2 0 -1 -1 -1 -1 0 -1 -1 -2 -1 0 0 0 0 -1 -2 -2 -1 -1 -1 -2 -2 0 -2 -1 0 -1 -2 -2 0 0 0 -1 0 0 -1 -1 -1
-1.40250151742149 0.604790178692416 0.0451884572516344 -1.24175123565632 0.553863910943583 1 1 1 2 1 1 0 2 1 1 0 1 2 0 1 0 1 1 0 0 0 2 0 1 1 0 1 0 1 2 1 1 0 2 2 2 2 0 1 0 0 0 0 1 1 0 1 1 2 2 2 1 2 0 0 0 1 1 2 2 0 1 1 0 1 1 0 2 1 2 0 2 1 1 2 0 0 2 2 1 1 1 1 2 2 0 2 2 0 1 1 2 1 0 0 1 1 0 2 1 1 1 1 2 1 1 0 2 1 1 0 1 2 0 1 0 1 1 0 0 0 2 0 1 1 0 1 0 1 2 1 1 0 2 2 2 2 0 1 0 0 0 0 1 1 0 1 1 2 2 2 1 2 0 0 0 1 1 2 2 0 1 1 0 1 1 0 2 1 2 0 2 1 1 2 0 0 2 2 1 1 1 1 2 2 0 2 2 0 1 1 2 1 0 0 1 1 0 2 1 1
-0.0124905762620491 0.854145752892465 -0.829406368755478 0.624708619006533 -0.177783465791466 -1 0 2 2 0 1 0 2 1 2 0 1 2 0 0 0 0 1 1 2 1 1 0 2 1 0 2 1 1 2 2 0 0 2 1 1 2 2 0 0 0 0 1 1 2 1 2 2 2 2 2 1 1 0 1 0 1 1 2 1 2 2 2 1 2 0 1 1 0 2 1 2 2 1 1 1 0 1 2 0 0 0 1 2 2 0 1 2 0 2 2 2 2 1 1 1 0 0 0 1 1 0 -2 -2 0 -1 0 -2 -1 -2 0 -1 -2 0 0 0 0 -1 -1 -2 -1 -1 0 -2 -1 0 -2 -1 -1 -2 -2 0 0 -2 -1 -1 -2 -2 0 0 0 0 -1 -1 -2 -1 -2 -2 -2 -2 -2 -1 -1 0 -1 0 -1 -1 -2 -1 -2 -2 -2 -1 -2 0 -1 -1 0 -2 -1 -2 -2 -1 -1 -1 0 -1 -2 0 0 0 -1 -2 -2 0 -1 -2 0 -2 -2 -2 -2 -1 -1 -1 0 0 0 -1 -1
1.37958145807637 1.62879366483275 -1.3473643367576 0.85458203870267 -0.671528909150212 -1 0 1 2 1 1 1 2 2 2 0 2 2 0 0 1 1 0 1 0 0 2 0 2 1 0 2 0 1 2 1 2 0 2 2 2 2 2 0 0 1 1 2 1 2 0 0 2 2 1 1 2 2 0 2 1 2 2 2 2 2 2 2 1 2 2 2 2 2 2 0 1 1 1 0 0 0 1 2 0 1 1 1 2 2 0 1 2 1 1 2 2 2 1 0 2 0 0 1 2 1 0 -1 -2 -1 -1 -1 -2 -2 -2 0 -2 -2 0 0 -1 -1 0 -1 0 0 -2 0 -2 -1 0 -2 0 -1 -2 -1 -2 0 -2 -2 -2 -2 -2 0 0 -1 -1 -2 -1 -2 0 0 -2 -2 -1 -1 -2 -2 0 -2 -1 -2 -2 -2 -2 -2 -2 -2 -1 -2 -2 -2 -2 -2 -2 0 -1 -1 -1 0 0 0 -1 -2 0 -1 -1 -1 -2 -2 0 -1 -2 -1 -1 -2 -2 -2 -1 0 -2 0 0 -1 -2 -1
2.71281243939249 -0.459069906779621 -1.02436378491479 -0.155640409471037 -1.95581713945082 1 1 1 2 2 2 0 2 2 2 0 1 2 0 0 0 0 0 1 1 1 1 0 2 1 0 2 0 1 2 2 0 0 2 2 2 2 2 1 0 1 1 1 0 0 0 0 1 2 2 2 2 1 0 1 2 1 1 2 2 1 1 2 1 2 2 1 2 0 2 0 2 1 0 1 0 0 1 1 0 1 0 0 2 1 0 1 1 0 2 2 2 1 1 1 2 1 0 1 2 0 1 1 2 2 2 0 2 2 2 0 1 2 0 0 0 0 0 1 1 1 1 0 2 1 0 2 0 1 2 2 0 0 2 2 2 2 2 1 0 1 1 1 0 0 0 0 1 2 2 2 2 1 0 1 2 1 1 2 2 1 1 2 1 2 2 1 2 0 2 0 2 1 0 1 0 0 1 1 0 1 0 0 2 1 0 1 1 0 2 2 2 1 1 1 2 1 0 1 2 0
0.390006852488284 -0.485190083047587 -1.21885788111017 0.0472137727640295 0.308366331416373 -1 0 2 2 0 0 0 1 2 2 0 2 2 0 0 0 0 0 0 0 0 2 0 2 0 0 0 0 0 2 1 0 0 1 2 1 2 2 1 0 1 1 1 1 2 1 1 1 2 2 1 1 1 0 0 0 1 2 2 2 1 2 1 0 1 0 1 1 0 2 1 2 1 0 1 0 0 0 2 0 0 0 0 2 2 0 2 1 0 2 2 2 1 1 0 2 1 0 1 2 2 0 -2 -2 0 0 0 -1 -2 -2 0 -2 -2 0 0 0 0 0 0 0 0 -2 0 -2 0 0 0 0 0 -2 -1 0 0 -1 -2 -1 -2 -2 -1 0 -1 -1 -1 -1 -2 -1 -1 -1 -2 -2 -1 -1 -1 0 0 0 -1 -2 -2 -2 -1 -2 -1 0 -1 0 -1 -1 0 -2 -1 -2 -1 0 -1 0 0 0 -2 0 0 0 0 -2 -2 0 -2 -1 0 -2 -2 -2 -1 -1 0 -2 -1 0 -1 -2 -2
-0.225925034462889 -0.217193704175326 1.15086357574277 0.93180357939317 -0.0522584985327976 -1 0 1 1 0 0 0 2 2 2 0 2 2 0 0 0 1 2 2 1 1 1 0 1 2 0 1 0 1 2 2 0 0 1 2 1 2 2 0 0 2 1 0 1 1 0 1 0 2 1 1 1 2 0 1 0 1 1 2 2 0 1 2 0 1 1 0 1 2 2 1 2 1 0 0 0 0 0 2 1 1 1 1 2 1 0 1 1 0 2 2 2 0 0 0 2 0 0 1 1 2 0 -1 -1 0 0 0 -2 -2 -2 0 -2 -2 0 0 0 -1 -2 -2 -1 -1 -1 0 -1 -2 0 -1 0 -1 -2 -2 0 0 -1 -2 -1 -2 -2 0 0 -2 -1 0 -1 -1 0 -1 0 -2 -1 -1 -1 -2 0 -1 0 -1 -1 -2 -2 0 -1 -2 0 -1 -1 0 -1 -2 -2 -1 -2 -1 0 0 0 0 0 -2 -1 -1 -1 -1 -2 -1 0 -1 -1 0 -2 -2 -2 0 0 0 -2 0 0 -1 -1 -2
0.15719860574741 -1.8794267430596 1.01806727796727 2.06832196680258 -1.14491892467064 1 1 2 1 0 0 0 2 2 2 0 2 2 0 0 0 0 0 1 1 1 2 1 2 1 0 2 0 0 2 2 1 0 2 2 2 2 2 2 0 2 2 1 0 1 0 0 1 2 0 0 2 1 0 0 0 1 0 2 1 0 0 1 0 1 1 0 1 1 2 1 2 1 0 0 1 0 0 2 1 0 2 2 2 2 0 1 0 0 1 1 2 1 0 0 1 0 0 0 2 2 1 2 1 0 0 0 2 2 2 0 2 2 0 0 0 0 0 1 1 1 2 1 2 1 0 2 0 0 2 2 1 0 2 2 2 2 2 2 0 2 2 1 0 1 0 0 1 2 0 0 2 1 0 0 0 1 0 2 1 0 0 1 0 1 1 0 1 1 2 1 2 1 0 0 1 0 0 2 1 0 2 2 2 2 0 1 0 0 1 1 2 1 0 0 1 0 0 0 2 2
0.868421175071323 0.221652588312101 -0.453549286277649 -1.26057006143188 0.229762008598376 1 2 2 2 0 0 0 2 1 1 0 2 2 0 0 0 0 0 0 0 1 1 0 1 1 0 2 0 1 2 2 1 0 1 1 2 2 1 0 0 0 1 0 0 2 0 2 2 2 2 1 1 2 0 2 0 1 1 2 2 1 1 1 0 1 2 2 2 2 2 0 2 2 1 1 0 0 1 2 2 1 0 0 2 2 0 1 0 0 1 2 2 2 0 0 0 0 0 0 1 1 2 2 2 0 0 0 2 1 1 0 2 2 0 0 0 0 0 0 0 1 1 0 1 1 0 2 0 1 2 2 1 0 1 1 2 2 1 0 0 0 1 0 0 2 0 2 2 2 2 1 1 2 0 2 0 1 1 2 2 1 1 1 0 1 2 2 2 2 2 0 2 2 1 1 0 0 1 2 2 1 0 0 2 2 0 1 0 0 1 2 2 2 0 0 0 0 0 0 1 1
1.33807760801317 -0.744158132839428 2.66779673658545 1.51706169040573 0.364332271650874 -1 1 1 2 1 0 1 1 0 2 0 0 2 0 1 0 0 1 1 1 0 1 0 0 1 0 2 0 1 2 1 1 0 1 1 1 2 2 0 0 1 2 1 1 2 1 2 1 2 1 2 2 2 0 2 1 2 0 2 2 2 2 0 1 2 2 2 2 1 2 0 1 1 0 0 0 0 1 2 1 0 1 0 2 2 0 2 1 0 1 2 2 0 1 0 1 0 0 2 2 2 -1 -1 -2 -1 0 -1 -1 0 -2 0 0 -2 0 -1 0 0 -1 -1 -1 0 -1 0 0 -1 0 -2 0 -1 -2 -1 -1 0 -1 -1 -1 -2 -2 0 0 -1 -2 -1 -1 -2 -1 -2 -1 -2 -1 -2 -2 -2 0 -2 -1 -2 0 -2 -2 -2 -2 0 -1 -2 -2 -2 -2 -1 -2 0 -1 -1 0 0 0 0 -1 -2 -1 0 -1 0 -2 -2 0 -2 -1 0 -1 -2 -2 0 -1 0 -1 0 0 -2 -2 -2
1.40059146696916 -1.35746024580147 0.341089926367332 0.292744044639315 0.694187885891972 -1 1 2 2 0 1 0 2 2 1 0 1 2 0 0 0 1 1 2 0 1 2 0 2 1 0 2 0 1 2 2 1 0 2 2 2 2 2 0 0 0 2 2 1 2 2 2 2 2 2 1 2 2 0 2 1 2 1 1 2 2 2 2 0 2 0 0 1 0 2 0 2 1 0 1 0 0 2 2 0 0 1 0 2 2 1 1 1 0 2 2 2 1 2 1 2 1 0 1 1 2 -1 -2 -2 0 -1 0 -2 -2 -1 0 -1 -2 0 0 0 -1 -1 -2 0 -1 -2 0 -2 -1 0 -2 0 -1 -2 -2 -1 0 -2 -2 -2 -2 -2 0 0 0 -2 -2 -1 -2 -2 -2 -2 -2 -2 -1 -2 -2 0 -2 -1 -2 -1 -1 -2 -2 -2 -2 0 -2 0 0 -1 0 -2 0 -2 -1 0 -1 0 0 -2 -2 0 0 -1 0 -2 -2 -1 -1 -1 0 -2 -2 -2 -1 -2 -1 -2 -1 0 -1 -1 -2
0.479244974728027 -0.00994180133184679 1.38396810966756 0.438895725462099 0.651774249678322 1 0 2 2 1 1 1 2 2 2 0 1 2 0 0 0 1 0 0 0 1 1 0 2 2 1 2 1 1 2 2 1 0 1 1 1 2 2 0 0 1 1 1 0 2 1 2 2 2 1 1 1 1 1 2 2 2 1 2 1 1 1 1 0 1 0 1 1 1 2 0 1 1 0 0 0 0 1 2 0 1 0 1 2 2 0 2 2 0 2 2 2 1 1 0 2 0 0 0 1 1 0 2 2 1 1 1 2 2 2 0 1 2 0 0 0 1 0 0 0 1 1 0 2 2 1 2 1 1 2 2 1 0 1 1 1 2 2 0 0 1 1 1 0 2 1 2 2 2 1 1 1 1 1 2 2 2 1 2 1 1 1 1 0 1 0 1 1 1 2 0 1 1 0 0 0 0 1 2 0 1 0 1 2 2 0 2 2 0 2 2 2 1 1 0 2 0 0 0 1 1
-0.564734001559379 0.900578405795532 -0.682531838729848 -2.21625562243245 -1.01618605651791 -1 1 2 1 0 1 1 2 2 2 0 2 2 0 0 0 1 1 2 1 1 1 0 2 2 1 2 0 2 2 1 1 1 2 2 1 2 1 0 0 1 1 0 0 1 1 2 1 2 0 0 1 2 0 2 2 2 1 2 2 2 2 0 0 1 1 2 2 1 2 0 2 0 0 0 0 0 1 2 1 0 1 0 2 2 0 2 1 0 1 2 2 0 1 0 2 1 0 1 2 2 -1 -2 -1 0 -1 -1 -2 -2 -2 0 -2 -2 0 0 0 -1 -1 -2 -1 -1 -1 0 -2 -2 -1 -2 0 -2 -2 -1 -1 -1 -2 -2 -1 -2 -1 0 0 -1 -1 0 0 -1 -1 -2 -1 -2 0 0 -1 -2 0 -2 -2 -2 -1 -2 -2 -2 -2 0 0 -1 -1 -2 -2 -1 -2 0 -2 0 0 0 0 0 -1 -2 -1 0 -1 0 -2 -2 0 -2 -1 0 -1 -2 -2 0 -1 0 -2 -1 0 -1 -2 -2
-0.00538475706992942 0.119237510398278 1.08079533079705 -1.97814354553671 -0.345438785689513 1 0 2 1 0 1 0 1 1 1 0 2 2 0 0 0 1 2 2 2 1 2 0 1 2 0 2 0 1 2 2 1 0 1 1 2 2 2 1 0 1 1 1 0 2 0 1 0 2 1 0 1 1 0 1 1 1 1 2 2 2 2 2 2 2 2 1 1 2 2 0 2 1 0 0 0 0 1 2 1 0 0 0 2 2 0 0 0 0 0 1 2 1 0 0 2 1 0 2 2 2 0 2 1 0 1 0 1 1 1 0 2 2 0 0 0 1 2 2 2 1 2 0 1 2 0 2 0 1 2 2 1 0 1 1 2 2 2 1 0 1 1 1 0 2 0 1 0 2 1 0 1 1 0 1 1 1 1 2 2 2 2 2 2 2 2 1 1 2 2 0 2 1 0 0 0 0 1 2 1 0 0 0 2 2 0 0 0 0 0 1 2 1 0 0 2 1 0 2 2 2
0.421096353230002 -0.9443086583627 -1.99639417028323 -1.33306792245939 -0.285573969876744 -1 0 0 1 1 1 1 2 2 1 0 0 2 0 0 0 1 2 0 0 1 2 0 2 2 1 2 0 2 2 2 0 0 2 2 2 2 2 0 0 1 2 2 1 2 0 2 1 2 1 1 1 1 0 1 2 2 2 2 2 1 2 1 0 2 1 0 1 1 2 0 2 2 1 0 0 0 1 1 0 0 2 1 2 2 0 2 1 0 2 2 2 0 2 1 2 0 0 0 2 2 0 0 -1 -1 -1 -1 -2 -2 -1 0 0 -2 0 0 0 -1 -2 0 0 -1 -2 0 -2 -2 -1 -2 0 -2 -2 -2 0 0 -2 -2 -2 -2 -2 0 0 -1 -2 -2 -1 -2 0 -2 -1 -2 -1 -1 -1 -1 0 -1 -2 -2 -2 -2 -2 -1 -2 -1 0 -2 -1 0 -1 -1 -2 0 -2 -2 -1 0 0 0 -1 -1 0 0 -2 -1 -2 -2 0 -2 -1 0 -2 -2 -2 0 -2 -1 -2 0 0 0 -2 -2
-1.61429870235704 0.0326219891300826 0.116454075413414 1.06431977391897 1.32727047649661 -1 0 2 2 1 0 0 2 2 2 0 2 2 0 0 0 0 1 2 1 1 2 0 1 2 0 2 0 2 2 2 0 0 1 1 2 2 2 0 0 1 2 1 1 1 1 1 1 2 0 2 2 1 0 0 1 1 1 2 2 0 1 0 0 0 0 0 1 1 2 1 2 2 2 0 0 0 1 2 2 1 1 1 2 2 0 1 0 0 1 1 2 2 1 0 2 1 0 1 2 0 0 -2 -2 -1 0 0 -2 -2 -2 0 -2 -2 0 0 0 0 -1 -2 -1 -1 -2 0 -1 -2 0 -2 0 -2 -2 -2 0 0 -1 -1 -2 -2 -2 0 0 -1 -2 -1 -1 -1 -1 -1 -1 -2 0 -2 -2 -1 0 0 -1 -1 -1 -2 -2 0 -1 0 0 0 0 0 -1 -1 -2 -1 -2 -2 -2 0 0 0 -1 -2 -2 -1 -1 -1 -2 -2 0 -1 0 0 -1 -1 -2 -2 -1 0 -2 -1 0 -1 -2 0
-0.1234564449881 -0.99881201899622 2.40544073674163 0.961964271040153 -0.357896566442964 -1 0 0 0 0 0 0 2 2 2 0 1 2 0 0 0 0 0 1 0 1 1 0 2 2 0 2 0 1 2 2 2 1 2 2 2 2 2 1 0 2 2 2 2 2 1 2 0 1 0 0 1 2 0 0 0 2 1 2 2 1 2 2 1 2 1 1 1 1 2 0 1 1 2 0 0 0 2 2 1 1 2 1 2 2 0 2 2 0 1 1 1 0 0 0 2 1 0 1 2 2 0 0 0 0 0 0 -2 -2 -2 0 -1 -2 0 0 0 0 0 -1 0 -1 -1 0 -2 -2 0 -2 0 -1 -2 -2 -2 -1 -2 -2 -2 -2 -2 -1 0 -2 -2 -2 -2 -2 -1 -2 0 -1 0 0 -1 -2 0 0 0 -2 -1 -2 -2 -1 -2 -2 -1 -2 -1 -1 -1 -1 -2 0 -1 -1 -2 0 0 0 -2 -2 -1 -1 -2 -1 -2 -2 0 -2 -2 0 -1 -1 -1 0 0 0 -2 -1 0 -1 -2 -2
0.649565846841963 1.24428975905584 -2.18227817699778 1.52715209783519 -0.92588361434257 1 0 2 1 0 0 0 2 1 1 0 1 1 0 0 0 0 1 1 0 0 1 0 1 1 0 2 0 1 2 2 2 1 1 2 2 2 2 2 0 2 2 2 1 2 1 1 1 2 2 1 0 1 0 1 1 1 0 2 2 1 1 1 0 2 0 0 1 2 2 0 2 2 0 0 0 0 1 2 1 1 1 0 2 2 0 2 1 1 2 2 2 0 0 0 2 0 0 2 2 1 0 2 1 0 0 0 2 1 1 0 1 1 0 0 0 0 1 1 0 0 1 0 1 1 0 2 0 1 2 2 2 1 1 2 2 2 2 2 0 2 2 2 1 2 1 1 1 2 2 1 0 1 0 1 1 1 0 2 2 1 1 1 0 2 0 0 1 2 2 0 2 2 0 0 0 0 1 2 1 1 1 0 2 2 0 2 1 1 2 2 2 0 0 0 2 0 0 2 2 1
-0.666102148655718 0.384744332371795 -0.316819544212839 1.00049577227667 -0.315658724365112 -1 0 1 1 0 0 0 2 1 1 0 2 2 0 0 0 0 0 1 0 1 2 1 2 1 0 1 0 0 2 2 1 0 2 2 2 2 1 0 0 2 2 2 2 2 0 2 2 2 1 2 1 1 0 0 1 1 0 2 2 2 2 2 0 2 0 0 2 1 2 1 2 1 0 2 1 0 1 2 1 0 0 0 2 2 0 2 0 0 2 2 2 0 1 1 2 1 0 2 2 1 0 -1 -1 0 0 0 -2 -1 -1 0 -2 -2 0 0 0 0 0 -1 0 -1 -2 -1 -2 -1 0 -1 0 0 -2 -2 -1 0 -2 -2 -2 -2 -1 0 0 -2 -2 -2 -2 -2 0 -2 -2 -2 -1 -2 -1 -1 0 0 -1 -1 0 -2 -2 -2 -2 -2 0 -2 0 0 -2 -1 -2 -1 -2 -1 0 -2 -1 0 -1 -2 -1 0 0 0 -2 -2 0 -2 0 0 -2 -2 -2 0 -1 -1 -2 -1 0 -2 -2 -1
-0.11896325200324 -0.511892192000314 0.484487575739605 -1.41845921634857 0.825809407934437 -1 1 2 0 0 0 0 2 2 2 1 2 2 0 0 1 0 1 2 2 1 1 0 2 2 0 2 0 1 2 2 2 0 1 2 2 2 2 0 0 1 1 0 0 1 0 0 2 2 1 1 2 1 0 1 0 2 2 2 2 1 1 1 0 1 0 2 2 1 2 0 2 2 2 1 0 0 1 2 0 0 2 1 2 2 0 1 0 0 0 2 2 1 1 1 2 0 0 0 1 1 -1 -2 0 0 0 0 -2 -2 -2 -1 -2 -2 0 0 -1 0 -1 -2 -2 -1 -1 0 -2 -2 0 -2 0 -1 -2 -2 -2 0 -1 -2 -2 -2 -2 0 0 -1 -1 0 0 -1 0 0 -2 -2 -1 -1 -2 -1 0 -1 0 -2 -2 -2 -2 -1 -1 -1 0 -1 0 -2 -2 -1 -2 0 -2 -2 -2 -1 0 0 -1 -2 0 0 -2 -1 -2 -2 0 -1 0 0 0 -2 -2 -1 -1 -1 -2 0 0 0 -1 -1
1.02980193465704 1.18533090662101 -0.782752366974497 -1.50482713550146 -0.666228796451767 -1 0 2 2 0 0 0 2 2 2 1 2 2 0 0 0 1 1 1 1 1 0 0 2 1 0 2 0 1 1 0 0 0 2 2 2 2 2 0 0 2 2 0 0 1 0 1 2 2 1 0 1 0 0 0 0 1 0 2 1 1 1 1 0 2 0 1 2 2 2 0 2 1 0 1 0 0 0 2 1 1 0 0 2 2 0 2 2 1 2 2 2 1 0 0 1 1 0 2 2 2 0 -2 -2 0 0 0 -2 -2 -2 -1 -2 -2 0 0 0 -1 -1 -1 -1 -1 0 0 -2 -1 0 -2 0 -1 -1 0 0 0 -2 -2 -2 -2 -2 0 0 -2 -2 0 0 -1 0 -1 -2 -2 -1 0 -1 0 0 0 0 -1 0 -2 -1 -1 -1 -1 0 -2 0 -1 -2 -2 -2 0 -2 -1 0 -1 0 0 0 -2 -1 -1 0 0 -2 -2 0 -2 -2 -1 -2 -2 -2 -1 0 0 -1 -1 0 -2 -2 -2
-0.0902160913531966 -1.80643980332847 0.121561577218673 1.50227548680876 0.300768574871968 -1 1 2 2 1 1 1 1 2 2 0 1 2 0 0 0 0 1 2 1 1 2 0 1 1 0 2 0 1 2 2 1 0 1 2 2 2 2 0 0 0 0 2 1 1 0 0 1 2 1 1 2 2 0 2 0 1 1 2 2 2 2 1 0 1 0 1 1 1 2 0 1 2 2 2 0 0 1 2 0 0 2 2 2 2 0 2 2 0 1 2 2 1 1 1 2 0 0 0 1 0 -1 -2 -2 -1 -1 -1 -1 -2 -2 0 -1 -2 0 0 0 0 -1 -2 -1 -1 -2 0 -1 -1 0 -2 0 -1 -2 -2 -1 0 -1 -2 -2 -2 -2 0 0 0 0 -2 -1 -1 0 0 -1 -2 -1 -1 -2 -2 0 -2 0 -1 -1 -2 -2 -2 -2 -1 0 -1 0 -1 -1 -1 -2 0 -1 -2 -2 -2 0 0 -1 -2 0 0 -2 -2 -2 -2 0 -2 -2 0 -1 -2 -2 -1 -1 -1 -2 0 0 0 -1 0
0.300298920512759 1.79502507106118 -1.5262398338216 -0.571662763384885 1.1491936843931 -1 0 1 2 0 0 0 1 1 2 1 1 2 0 0 0 1 1 0 1 1 1 0 1 1 0 2 0 0 2 1 0 0 1 2 2 2 1 0 0 0 2 1 1 1 0 0 2 2 1 1 1 1 0 0 0 1 1 1 1 1 1 0 0 0 1 0 1 1 2 0 1 2 1 0 0 0 1 2 1 1 2 0 2 2 0 2 2 0 2 2 2 0 0 0 2 0 0 0 2 1 0 -1 -2 0 0 0 -1 -1 -2 -1 -1 -2 0 0 0 -1 -1 0 -1 -1 -1 0 -1 -1 0 -2 0 0 -2 -1 0 0 -1 -2 -2 -2 -1 0 0 0 -2 -1 -1 -1 0 0 -2 -2 -1 -1 -1 -1 0 0 0 -1 -1 -1 -1 -1 -1 0 0 0 -1 0 -1 -1 -2 0 -1 -2 -1 0 0 0 -1 -2 -1 -1 -2 0 -2 -2 0 -2 -2 0 -2 -2 -2 0 0 0 -2 0 0 0 -2 -1
1.17770998898468 -0.856275511946937 -0.539617789474405 -0.362730652675735 -0.33658816251734 -1 1 0 2 0 0 1 2 2 2 0 1 2 0 0 0 0 1 2 2 2 1 0 1 2 0 2 0 1 1 1 1 0 2 2 2 2 2 1 0 1 2 2 2 1 1 2 1 2 2 2 2 2 0 1 2 2 1 2 2 1 2 2 1 2 1 2 2 1 2 0 1 1 0 1 0 0 1 2 1 0 1 1 2 2 0 1 0 0 2 2 2 2 1 1 2 1 0 0 1 0 -1 0 -2 0 0 -1 -2 -2 -2 0 -1 -2 0 0 0 0 -1 -2 -2 -2 -1 0 -1 -2 0 -2 0 -1 -1 -1 -1 0 -2 -2 -2 -2 -2 -1 0 -1 -2 -2 -2 -1 -1 -2 -1 -2 -2 -2 -2 -2 0 -1 -2 -2 -1 -2 -2 -1 -2 -2 -1 -2 -1 -2 -2 -1 -2 0 -1 -1 0 -1 0 0 -1 -2 -1 0 -1 -1 -2 -2 0 -1 0 0 -2 -2 -2 -2 -1 -1 -2 -1 0 0 -1 0
1.38072006923606 1.10152752686848 1.75567984615776 0.417966840367206 -1.06128855813735 1 1 1 1 0 0 0 2 2 2 0 1 2 0 0 0 1 0 1 0 0 1 0 1 1 1 2 0 0 2 1 0 0 2 2 2 2 0 0 0 1 0 2 1 1 1 2 2 2 0 0 2 2 0 1 1 2 1 2 2 1 0 0 0 1 0 1 1 1 2 1 2 1 1 1 0 0 1 2 1 1 0 0 2 2 0 2 2 0 2 2 2 1 1 1 2 0 0 2 2 2 1 1 1 0 0 0 2 2 2 0 1 2 0 0 0 1 0 1 0 0 1 0 1 1 1 2 0 0 2 1 0 0 2 2 2 2 0 0 0 1 0 2 1 1 1 2 2 2 0 0 2 2 0 1 1 2 1 2 2 1 0 0 0 1 0 1 1 1 2 1 2 1 1 1 0 0 1 2 1 1 0 0 2 2 0 2 2 0 2 2 2 1 1 1 2 0 0 2 2 2
0.863172486069171 -0.378914309417878 -1.17737532629273 0.871326074355188 -0.70953752236494 1 0 1 2 0 0 0 2 2 2 0 1 2 1 0 0 1 1 0 0 1 2 0 2 2 0 2 0 1 2 0 1 0 2 2 2 2 2 0 0 1 1 1 0 1 0 0 2 2 1 1 2 2 0 2 0 1 1 2 2 2 2 1 1 1 0 1 1 0 2 0 1 2 1 0 0 0 1 2 0 0 0 0 2 2 0 1 1 0 2 2 2 2 2 0 2 0 0 1 2 2 0 1 2 0 0 0 2 2 2 0 1 2 1 0 0 1 1 0 0 1 2 0 2 2 0 2 0 1 2 0 1 0 2 2 2 2 2 0 0 1 1 1 0 1 0 0 2 2 1 1 2 2 0 2 0 1 1 2 2 2 2 1 1 1 0 1 1 0 2 0 1 2 1 0 0 0 1 2 0 0 0 0 2 2 0 1 1 0 2 2 2 2 2 0 2 0 0 1 2 2
-1.26922428741171 0.629171166690621 0.881113199478698 0.693257103474341 -0.525615586800288 1 1 2 2 1 0 1 2 1 2 0 2 2 0 0 0 0 1 1 1 2 1 0 2 2 0 1 0 1 2 2 0 0 1 2 0 2 2 0 0 2 2 1 0 2 1 1 1 2 1 1 2 2 0 1 0 1 1 2 2 2 1 1 0 0 0 1 0 1 2 2 2 1 0 0 0 0 0 2 1 1 2 2 2 1 0 2 2 1 2 2 2 0 0 0 2 0 0 1 1 1 1 2 2 1 0 1 2 1 2 0 2 2 0 0 0 0 1 1 1 2 1 0 2 2 0 1 0 1 2 2 0 0 1 2 0 2 2 0 0 2 2 1 0 2 1 1 1 2 1 1 2 2 0 1 0 1 1 2 2 2 1 1 0 0 0 1 0 1 2 2 2 1 0 0 0 0 0 2 1 1 2 2 2 1 0 2 2 1 2 2 2 0 0 0 2 0 0 1 1 1
-0.7152512066313 -0.0492197968432633 -1.08707131393643 -0.311622377180122 0.426328001269989 1 1 2 2 0 0 1 2 2 2 0 2 2 0 0 0 1 1 1 1 1 1 0 2 2 0 2 0 0 1 1 1 0 2 2 2 2 2 0 0 1 1 0 1 1 0 2 2 2 2 2 2 2 0 2 2 2 2 2 1 2 2 0 1 2 1 1 1 1 1 0 0 1 1 0 0 0 1 2 1 0 1 1 2 2 0 2 2 0 2 2 2 0 0 1 2 1 0 1 1 1 1 2 2 0 0 1 2 2 2 0 2 2 0 0 0 1 1 1 1 1 1 0 2 2 0 2 0 0 1 1 1 0 2 2 2 2 2 0 0 1 1 0 1 1 0 2 2 2 2 2 2 2 0 2 2 2 2 2 1 2 2 0 1 2 1 1 1 1 1 0 0 1 1 0 0 0 1 2 1 0 1 1 2 2 0 2 2 0 2 2 2 0 0 1 2 1 0 1 1 1
3.1693557665443 1.57880312587979 2.00321591137968 0.473928382095146 -0.0581731235651806 1 0 2 0 1 0 0 2 1 2 0 2 2 0 0 0 0 0 0 0 0 2 0 2 1 0 2 0 1 2 2 0 0 2 2 2 2 2 0 0 2 2 2 1 1 0 1 1 2 2 2 2 1 0 2 2 2 1 2 2 0 1 1 1 2 1 1 2 2 2 1 2 2 0 1 0 0 1 1 0 1 1 0 2 2 0 2 1 1 2 2 2 2 1 1 1 0 0 0 1 1 0 2 0 1 0 0 2 1 2 0 2 2 0 0 0 0 0 0 0 0 2 0 2 1 0 2 0 1 2 2 0 0 2 2 2 2 2 0 0 2 2 2 1 1 0 1 1 2 2 2 2 1 0 2 2 2 1 2 2 0 1 1 1 2 1 1 2 2 2 1 2 2 0 1 0 0 1 1 0 1 1 0 2 2 0 2 1 1 2 2 2 2 1 1 1 0 0 0 1 1
-0.794850189881433 0.158941893402729 1.32935532423422 0.449782918270787 -0.566293644684793 1 1 2 1 0 0 0 2 1 1 0 2 2 0 0 0 0 0 0 1 0 1 0 2 1 0 2 0 0 1 2 1 0 2 2 1 2 0 0 0 1 2 2 1 1 0 1 2 2 2 2 2 2 0 2 2 1 1 2 2 1 2 2 1 2 0 0 1 1 2 1 2 2 0 0 0 0 1 2 2 1 1 0 2 2 0 2 2 0 1 2 2 1 1 0 2 0 0 1 1 1 1 2 1 0 0 0 2 1 1 0 2 2 0 0 0 0 0 0 1 0 1 0 2 1 0 2 0 0 1 2 1 0 2 2 1 2 0 0 0 1 2 2 1 1 0 1 2 2 2 2 2 2 0 2 2 1 1 2 2 1 2 2 1 2 0 0 1 1 2 1 2 2 0 0 0 0 1 2 2 1 1 0 2 2 0 2 2 0 1 2 2 1 1 0 2 0 0 1 1 1
-0.403430440752624 0.209960031610729 -0.762084178445175 0.595238163973484 0.901197186915899 -1 0 1 2 0 0 1 1 1 2 0 2 2 0 0 0 0 0 1 1 1 2 0 2 1 0 2 0 2 2 1 1 0 2 1 1 2 2 0 0 1 1 1 1 1 0 1 2 2 1 2 2 2 0 0 0 1 0 2 2 2 2 2 2 2 1 0 2 1 1 0 1 1 0 0 0 0 1 2 1 0 0 1 2 2 0 1 1 1 2 2 2 1 1 0 1 1 0 1 2 1 0 -1 -2 0 0 -1 -1 -1 -2 0 -2 -2 0 0 0 0 0 -1 -1 -1 -2 0 -2 -1 0 -2 0 -2 -2 -1 -1 0 -2 -1 -1 -2 -2 0 0 -1 -1 -1 -1 -1 0 -1 -2 -2 -1 -2 -2 -2 0 0 0 -1 0 -2 -2 -2 -2 -2 -2 -2 -1 0 -2 -1 -1 0 -1 -1 0 0 0 0 -1 -2 -1 0 0 -1 -2 -2 0 -1 -1 -1 -2 -2 -2 -1 -1 0 -1 -1 0 -1 -2 -1
1.41688683900454 0.354862988093286 0.658771934247093 -1.04023890530438 -1.18762053188851 1 0 1 2 1 1 0 1 0 1 0 0 2 0 0 0 1 1 2 0 1 2 0 1 1 0 2 0 0 1 2 1 0 2 1 2 2 2 0 0 1 2 2 2 2 0 2 1 1 1 1 2 2 0 2 2 2 2 2 2 1 2 1 0 1 1 1 2 2 2 1 2 2 1 0 0 0 1 2 0 0 1 0 2 2 0 1 1 0 1 2 2 1 1 0 2 1 0 0 2 1 0 1 2 1 1 0 1 0 1 0 0 2 0 0 0 1 1 2 0 1 2 0 1 1 0 2 0 0 1 2 1 0 2 1 2 2 2 0 0 1 2 2 2 2 0 2 1 1 1 1 2 2 0 2 2 2 2 2 2 1 2 1 0 1 1 1 2 2 2 1 2 2 1 0 0 0 1 2 0 0 1 0 2 2 0 1 1 0 1 2 2 1 1 0 2 1 0 0 2 1
-0.0701590972692124 2.72777811207077 1.06501367256033 -0.307662209138434 -1.67228253553438 1 0 1 2 0 0 0 1 2 1 0 2 2 0 0 1 1 1 2 2 1 1 0 1 1 0 1 0 1 2 1 1 0 2 1 1 2 2 0 0 0 1 0 0 0 0 0 2 2 2 2 2 2 0 1 1 2 1 2 1 1 1 0 1 2 1 1 2 1 1 0 2 2 1 0 0 0 2 2 1 0 2 1 2 2 0 0 1 0 1 1 2 1 1 0 2 0 0 0 1 0 0 1 2 0 0 0 1 2 1 0 2 2 0 0 1 1 1 2 2 1 1 0 1 1 0 1 0 1 2 1 1 0 2 1 1 2 2 0 0 0 1 0 0 0 0 0 2 2 2 2 2 2 0 1 1 2 1 2 1 1 1 0 1 2 1 1 2 1 1 0 2 2 1 0 0 0 2 2 1 0 2 1 2 2 0 0 1 0 1 1 2 1 1 0 2 0 0 0 1 0
-0.607520809747516 -0.16980291156092 -1.42404634292181 0.399075627587877 0.230160332501363 1 0 1 2 0 0 0 1 2 2 0 1 2 0 0 0 1 0 1 2 1 2 1 2 2 1 2 0 1 2 2 1 0 2 2 1 2 2 1 0 0 1 2 1 2 0 1 1 2 1 1 2 2 0 1 1 2 1 2 2 1 1 1 1 2 0 1 2 1 2 0 2 1 0 0 0 0 1 2 1 0 2 2 2 2 0 2 1 0 1 2 2 1 1 0 1 0 0 2 2 2 0 1 2 0 0 0 1 2 2 0 1 2 0 0 0 1 0 1 2 1 2 1 2 2 1 2 0 1 2 2 1 0 2 2 1 2 2 1 0 0 1 2 1 2 0 1 1 2 1 1 2 2 0 1 1 2 1 2 2 1 1 1 1 2 0 1 2 1 2 0 2 1 0 0 0 0 1 2 1 0 2 2 2 2 0 2 1 0 1 2 2 1 1 0 1 0 0 2 2 2
-0.794749347324208 0.66600311000241 0.385694578538714 0.64968126909271 0.128251473804691 -1 0 1 1 0 0 0 2 2 2 0 2 2 0 0 0 0 0 2 1 0 1 0 2 1 0 2 0 1 2 1 1 0 2 1 2 2 2 0 0 1 0 0 0 0 0 1 1 2 1 2 2 2 0 2 2 1 1 2 1 1 1 0 0 2 0 0 0 0 2 1 2 2 1 1 1 0 0 2 0 0 1 1 2 2 0 1 1 0 2 2 2 2 1 0 2 0 0 1 2 2 0 -1 -1 0 0 0 -2 -2 -2 0 -2 -2 0 0 0 0 0 -2 -1 0 -1 0 -2 -1 0 -2 0 -1 -2 -1 -1 0 -2 -1 -2 -2 -2 0 0 -1 0 0 0 0 0 -1 -1 -2 -1 -2 -2 -2 0 -2 -2 -1 -1 -2 -1 -1 -1 0 0 -2 0 0 0 0 -2 -1 -2 -2 -1 -1 -1 0 0 -2 0 0 -1 -1 -2 -2 0 -1 -1 0 -2 -2 -2 -2 -1 0 -2 0 0 -1 -2 -2
-0.185056203072309 -0.621152440156354 -1.00286724022827 0.324122306667463 -0.644026497450179 -1 1 0 1 0 0 0 2 1 1 0 1 2 0 0 0 1 0 1 0 1 1 0 1 0 0 1 0 1 2 2 1 0 1 2 2 2 2 0 0 1 1 2 0 1 1 2 1 2 1 1 1 2 0 2 1 1 1 2 2 1 1 0 0 1 1 1 2 2 2 0 2 1 1 1 1 0 1 2 1 1 1 0 2 2 0 2 2 0 1 2 2 0 1 0 2 1 0 1 0 1 -1 0 -1 0 0 0 -2 -1 -1 0 -1 -2 0 0 0 -1 0 -1 0 -1 -1 0 -1 0 0 -1 0 -1 -2 -2 -1 0 -1 -2 -2 -2 -2 0 0 -1 -1 -2 0 -1 -1 -2 -1 -2 -1 -1 -1 -2 0 -2 -1 -1 -1 -2 -2 -1 -1 0 0 -1 -1 -1 -2 -2 -2 0 -2 -1 -1 -1 -1 0 -1 -2 -1 -1 -1 0 -2 -2 0 -2 -2 0 -1 -2 -2 0 -1 0 -2 -1 0 -1 0 -1
-1.72833021940942 -0.372456084723826 -0.696474835033715 -1.4951969349273 1.4914356073248 1 1 1 2 0 0 1 2 2 2 0 2 2 0 0 0 0 0 1 1 0 2 1 2 1 0 2 0 1 2 2 2 0 2 2 1 2 2 1 0 1 2 2 1 1 1 2 1 2 1 1 2 2 0 2 2 2 2 2 2 1 0 1 0 0 1 0 2 2 2 0 2 1 1 0 0 0 1 2 1 0 1 0 2 2 0 2 0 0 1 1 2 0 0 0 1 1 0 1 1 1 1 1 2 0 0 1 2 2 2 0 2 2 0 0 0 0 0 1 1 0 2 1 2 1 0 2 0 1 2 2 2 0 2 2 1 2 2 1 0 1 2 2 1 1 1 2 1 2 1 1 2 2 0 2 2 2 2 2 2 1 0 1 0 0 1 0 2 2 2 0 2 1 1 0 0 0 1 2 1 0 1 0 2 2 0 2 0 0 1 1 2 0 0 0 1 1 0 1 1 1
-2.14989957076992 0.911915449887382 -1.07343711208385 0.662275409362062 -1.5593613231677 -1 1 2 2 1 1 0 2 2 2 0 2 2 0 0 0 0 0 0 0 0 2 1 2 1 0 2 1 1 2 2 0 0 1 2 2 2 2 1 0 0 2 2 2 2 1 2 2 2 1 1 1 1 0 1 2 2 0 1 2 0 1 1 0 1 1 1 2 2 2 1 1 1 0 0 0 0 2 2 1 1 1 0 2 2 0 1 2 1 1 2 2 2 1 0 2 0 0 1 2 2 -1 -2 -2 -1 -1 0 -2 -2 -2 0 -2 -2 0 0 0 0 0 0 0 0 -2 -1 -2 -1 0 -2 -1 -1 -2 -2 0 0 -1 -2 -2 -2 -2 -1 0 0 -2 -2 -2 -2 -1 -2 -2 -2 -1 -1 -1 -1 0 -1 -2 -2 0 -1 -2 0 -1 -1 0 -1 -1 -1 -2 -2 -2 -1 -1 -1 0 0 0 0 -2 -2 -1 -1 -1 0 -2 -2 0 -1 -2 -1 -1 -2 -2 -2 -1 0 -2 0 0 -1 -2 -2
1.13513376039333 -0.194768323283348 -2.06420462866712 -0.423111283479508 0.425462761792156 -1 0 1 1 0 0 0 2 2 2 0 2 2 0 0 0 1 0 0 0 0 2 0 2 2 0 2 0 0 2 2 2 0 2 1 1 1 2 1 1 2 2 2 1 1 2 1 1 2 2 2 2 2 0 2 1 2 1 2 1 1 1 2 0 0 0 1 1 1 2 0 2 1 0 0 0 0 0 2 1 1 1 0 2 2 0 2 1 0 1 2 2 1 0 0 2 1 0 1 2 1 0 -1 -1 0 0 0 -2 -2 -2 0 -2 -2 0 0 0 -1 0 0 0 0 -2 0 -2 -2 0 -2 0 0 -2 -2 -2 0 -2 -1 -1 -1 -2 -1 -1 -2 -2 -2 -1 -1 -2 -1 -1 -2 -2 -2 -2 -2 0 -2 -1 -2 -1 -2 -1 -1 -1 -2 0 0 0 -1 -1 -1 -2 0 -2 -1 0 0 0 0 0 -2 -1 -1 -1 0 -2 -2 0 -2 -1 0 -1 -2 -2 -1 0 0 -2 -1 0 -1 -2 -1
1.58883341081879 -1.04883850949151 1.42763100084147 -0.655370684078805 -0.349941410944882 1 0 1 1 0 0 0 2 2 2 0 2 2 0 0 0 0 0 1 1 0 2 0 2 1 0 2 1 1 2 2 2 0 2 2 2 2 2 0 0 2 2 2 1 2 0 1 1 1 0 1 1 1 0 2 2 1 0 2 2 1 2 1 1 2 1 2 2 2 2 0 2 1 0 1 0 0 1 2 1 1 2 2 2 2 0 2 2 0 2 2 2 1 1 1 1 0 0 1 2 0 0 1 1 0 0 0 2 2 2 0 2 2 0 0 0 0 0 1 1 0 2 0 2 1 0 2 1 1 2 2 2 0 2 2 2 2 2 0 0 2 2 2 1 2 0 1 1 1 0 1 1 1 0 2 2 1 0 2 2 1 2 1 1 2 1 2 2 2 2 0 2 1 0 1 0 0 1 2 1 1 2 2 2 2 0 2 2 0 2 2 2 1 1 1 1 0 0 1 2 0
0.260314838484691 0.168467952017998 -0.876921113034378 -2.6640951761638 -0.0589971938625808 1 0 2 2 0 0 1 1 0 1 0 2 2 0 0 0 0 2 0 0 0 2 0 1 0 0 1 0 0 2 2 0 0 2 2 2 2 2 0 0 2 2 2 1 2 1 2 1 2 1 0 1 2 0 1 1 1 1 2 2 1 1 1 0 1 1 1 2 2 2 1 2 1 0 0 0 0 0 2 1 2 1 1 2 2 0 1 0 0 1 2 2 1 0 0 1 1 0 2 2 2 0 2 2 0 0 1 1 0 1 0 2 2 0 0 0 0 2 0 0 0 2 0 1 0 0 1 0 0 2 2 0 0 2 2 2 2 2 0 0 2 2 2 1 2 1 2 1 2 1 0 1 2 0 1 1 1 1 2 2 1 1 1 0 1 1 1 2 2 2 1 2 1 0 0 0 0 0 2 1 2 1 1 2 2 0 1 0 0 1 2 2 1 0 0 1 1 0 2 2 2
1.4102932207536 0.857802911863766 -1.00523386054492 -0.450207532887083 0.99152886107607 1 1 1 2 1 1 1 2 2 2 0 2 2 0 0 0 0 1 1 1 0 1 0 2 1 1 2 1 2 2 1 1 0 2 1 2 2 2 1 0 1 1 0 1 1 0 2 1 2 1 2 2 0 0 0 0 1 0 2 2 2 2 2 0 1 2 2 2 2 2 0 2 1 0 0 0 0 1 2 2 1 1 0 2 2 0 2 1 0 1 1 1 1 1 0 2 0 0 1 1 2 1 1 2 1 1 1 2 2 2 0 2 2 0 0 0 0 1 1 1 0 1 0 2 1 1 2 1 2 2 1 1 0 2 1 2 2 2 1 0 1 1 0 1 1 0 2 1 2 1 2 2 0 0 0 0 1 0 2 2 2 2 2 0 1 2 2 2 2 2 0 2 1 0 0 0 0 1 2 2 1 1 0 2 2 0 2 1 0 1 1 1 1 1 0 2 0 0 1 1 2
0.478429062725398 0.400681671585409 0.318574424630802 -0.23540529511343 -0.561005575388555 1 1 2 2 0 0 1 2 2 2 0 1 2 0 0 0 0 0 0 0 0 2 0 2 1 0 2 0 1 2 2 0 0 1 2 2 2 1 0 0 2 2 2 0 0 1 0 1 2 1 1 2 2 0 2 1 1 0 2 2 2 2 0 1 2 0 0 2 2 1 0 2 2 0 1 1 0 2 2 2 2 1 1 2 2 0 2 1 0 2 2 2 0 0 0 1 1 0 2 2 1 1 2 2 0 0 1 2 2 2 0 1 2 0 0 0 0 0 0 0 0 2 0 2 1 0 2 0 1 2 2 0 0 1 2 2 2 1 0 0 2 2 2 0 0 1 0 1 2 1 1 2 2 0 2 1 1 0 2 2 2 2 0 1 2 0 0 2 2 1 0 2 2 0 1 1 0 2 2 2 2 1 1 2 2 0 2 1 0 2 2 2 0 0 0 1 1 0 2 2 1
0.520235054746166 0.848021181525621 -0.64934960661476 0.432452027013984 -0.275647848502005 1 0 1 2 1 0 0 2 2 2 0 2 2 0 1 2 2 2 1 1 1 0 0 2 1 0 1 0 1 2 2 0 0 2 2 1 2 2 0 0 0 1 1 0 2 1 0 2 2 1 1 2 2 0 2 2 2 2 2 2 2 1 2 0 2 2 1 2 1 2 0 2 0 0 0 0 0 1 2 1 1 1 0 2 2 0 1 0 0 2 2 2 0 0 0 1 0 0 1 0 1 0 1 2 1 0 0 2 2 2 0 2 2 0 1 2 2 2 1 1 1 0 0 2 1 0 1 0 1 2 2 0 0 2 2 1 2 2 0 0 0 1 1 0 2 1 0 2 2 1 1 2 2 0 2 2 2 2 2 2 2 1 2 0 2 2 1 2 1 2 0 2 0 0 0 0 0 1 2 1 1 1 0 2 2 0 1 0 0 2 2 2 0 0 0 1 0 0 1 0 1
0.421447324716509 -0.590595653518016 0.91526826237837 0.628588316757991 -0.293995549728867 1 0 1 1 1 1 1 1 2 1 0 1 2 0 0 0 0 1 1 1 1 2 0 1 2 0 2 0 1 2 2 2 1 2 2 1 2 2 0 0 2 2 2 0 1 1 1 2 2 1 1 2 2 0 2 1 2 1 2 1 0 1 1 0 2 2 1 1 1 2 0 2 1 0 0 0 0 2 2 2 1 0 0 2 2 0 1 1 0 2 2 2 1 0 0 2 1 0 0 1 0 0 1 1 1 1 1 1 2 1 0 1 2 0 0 0 0 1 1 1 1 2 0 1 2 0 2 0 1 2 2 2 1 2 2 1 2 2 0 0 2 2 2 0 1 1 1 2 2 1 1 2 2 0 2 1 2 1 2 1 0 1 1 0 2 2 1 1 1 2 0 2 1 0 0 0 0 2 2 2 1 0 0 2 2 0 1 1 0 2 2 2 1 0 0 2 1 0 0 1 0
0.408511901195504 -1.44765294318878 1.18290746553767 0.483406285850548 1.15326447321347 -1 0 1 1 0 0 1 2 2 2 0 2 2 0 0 0 1 2 1 0 1 2 0 1 1 0 2 0 2 2 2 1 0 2 2 2 2 2 0 0 1 2 1 0 1 0 1 2 2 1 2 2 2 0 2 2 2 1 2 2 2 2 1 0 0 1 1 2 2 2 0 1 2 1 2 0 0 0 2 1 1 2 2 2 2 0 2 0 0 1 2 2 1 1 0 1 0 0 1 1 0 0 -1 -1 0 0 -1 -2 -2 -2 0 -2 -2 0 0 0 -1 -2 -1 0 -1 -2 0 -1 -1 0 -2 0 -2 -2 -2 -1 0 -2 -2 -2 -2 -2 0 0 -1 -2 -1 0 -1 0 -1 -2 -2 -1 -2 -2 -2 0 -2 -2 -2 -1 -2 -2 -2 -2 -1 0 0 -1 -1 -2 -2 -2 0 -1 -2 -1 -2 0 0 0 -2 -1 -1 -2 -2 -2 -2 0 -2 0 0 -1 -2 -2 -1 -1 0 -1 0 0 -1 -1 0
0.851190650773676 0.87915563229031 1.42733193552777 1.48709596749039 1.2255733359596 -1 1 1 1 0 0 0 2 2 2 1 2 2 0 1 0 1 2 0 0 0 1 0 1 1 0 2 0 0 2 1 0 0 2 2 2 2 2 0 0 2 1 1 0 1 1 2 2 2 1 1 2 2 0 2 1 2 2 2 2 1 2 1 1 2 1 1 2 1 1 0 2 1 0 1 0 0 1 2 1 1 1 0 2 2 1 2 2 1 2 2 2 1 1 0 2 0 0 0 1 0 -1 -1 -1 0 0 0 -2 -2 -2 -1 -2 -2 0 -1 0 -1 -2 0 0 0 -1 0 -1 -1 0 -2 0 0 -2 -1 0 0 -2 -2 -2 -2 -2 0 0 -2 -1 -1 0 -1 -1 -2 -2 -2 -1 -1 -2 -2 0 -2 -1 -2 -2 -2 -2 -1 -2 -1 -1 -2 -1 -1 -2 -1 -1 0 -2 -1 0 -1 0 0 -1 -2 -1 -1 -1 0 -2 -2 -1 -2 -2 -1 -2 -2 -2 -1 -1 0 -2 0 0 0 -1 0
0.163335202136922 -1.157640728994 1.00990452533844 -0.231008250972525 0.225607057709891 -1 0 2 2 1 1 1 2 2 2 0 2 2 0 0 0 0 1 2 1 1 1 0 1 1 0 2 0 0 1 1 1 0 1 0 0 2 1 0 1 1 2 1 0 1 0 0 1 2 0 0 1 2 0 1 1 0 1 2 0 0 2 2 1 2 1 1 2 2 2 0 2 1 1 1 0 0 2 2 2 1 1 0 2 2 0 1 1 0 1 1 1 1 1 1 2 2 0 1 1 0 0 -2 -2 -1 -1 -1 -2 -2 -2 0 -2 -2 0 0 0 0 -1 -2 -1 -1 -1 0 -1 -1 0 -2 0 0 -1 -1 -1 0 -1 0 0 -2 -1 0 -1 -1 -2 -1 0 -1 0 0 -1 -2 0 0 -1 -2 0 -1 -1 0 -1 -2 0 0 -2 -2 -1 -2 -1 -1 -2 -2 -2 0 -2 -1 -1 -1 0 0 -2 -2 -2 -1 -1 0 -2 -2 0 -1 -1 0 -1 -1 -1 -1 -1 -1 -2 -2 0 -1 -1 0
1.87921797838815 -1.05675945074358 1.27311455733513 0.0357609728610138 0.619938362944506 1 1 2 2 0 0 0 0 0 2 0 1 2 0 0 0 0 0 2 1 0 2 1 2 2 0 2 1 2 2 1 2 0 1 2 2 2 2 0 0 2 1 1 0 0 0 0 2 2 2 1 2 1 0 2 1 1 1 2 1 0 1 2 0 1 0 0 2 2 2 1 2 1 0 1 0 0 1 2 1 2 0 0 2 2 0 2 2 1 1 2 2 1 1 0 2 0 0 1 1 2 1 2 2 0 0 0 0 0 2 0 1 2 0 0 0 0 0 2 1 0 2 1 2 2 0 2 1 2 2 1 2 0 1 2 2 2 2 0 0 2 1 1 0 0 0 0 2 2 2 1 2 1 0 2 1 1 1 2 1 0 1 2 0 1 0 0 2 2 2 1 2 1 0 1 0 0 1 2 1 2 0 0 2 2 0 2 2 1 1 2 2 1 1 0 2 0 0 1 1 2
1.62784147247261 -1.93348834000905 2.24325886761596 0.43558249355975 2.41194064781721 -1 1 1 1 0 0 0 1 1 2 0 0 1 0 0 0 0 0 2 2 1 1 0 0 0 0 2 0 2 2 2 1 1 2 2 1 2 2 1 0 0 2 2 1 1 1 2 1 2 1 2 2 1 0 2 1 2 2 2 1 2 2 2 1 2 1 1 1 2 2 0 2 2 1 0 1 0 2 2 0 1 0 0 2 2 0 2 0 0 2 2 2 0 0 0 2 0 0 1 1 2 -1 -1 -1 0 0 0 -1 -1 -2 0 0 -1 0 0 0 0 0 -2 -2 -1 -1 0 0 0 0 -2 0 -2 -2 -2 -1 -1 -2 -2 -1 -2 -2 -1 0 0 -2 -2 -1 -1 -1 -2 -1 -2 -1 -2 -2 -1 0 -2 -1 -2 -2 -2 -1 -2 -2 -2 -1 -2 -1 -1 -1 -2 -2 0 -2 -2 -1 0 -1 0 -2 -2 0 -1 0 0 -2 -2 0 -2 0 0 -2 -2 -2 0 0 0 -2 0 0 -1 -1 -2
-0.282471613393494 0.176014616000282 0.983115114953852 -2.18462861948243 -0.6748137666235 -1 0 2 2 1 0 0 1 2 1 0 2 2 0 0 0 0 1 1 2 2 1 0 1 0 0 2 0 1 2 1 0 0 2 1 0 2 2 2 0 1 1 0 1 1 0 1 1 2 1 1 2 2 0 1 2 2 1 2 2 1 1 0 0 1 0 1 1 0 2 1 2 2 2 1 0 0 0 1 0 0 1 0 2 2 0 2 1 0 1 1 2 0 0 0 2 1 0 1 1 1 0 -2 -2 -1 0 0 -1 -2 -1 0 -2 -2 0 0 0 0 -1 -1 -2 -2 -1 0 -1 0 0 -2 0 -1 -2 -1 0 0 -2 -1 0 -2 -2 -2 0 -1 -1 0 -1 -1 0 -1 -1 -2 -1 -1 -2 -2 0 -1 -2 -2 -1 -2 -2 -1 -1 0 0 -1 0 -1 -1 0 -2 -1 -2 -2 -2 -1 0 0 0 -1 0 0 -1 0 -2 -2 0 -2 -1 0 -1 -1 -2 0 0 0 -2 -1 0 -1 -1 -1
1.4221107874864 -1.03440238928568 0.439946944619171 -0.261294011153386 0.686300385584728 1 1 2 2 1 1 1 2 1 2 0 1 2 0 0 1 1 1 2 2 2 0 0 2 2 1 1 0 1 2 1 0 0 1 1 2 2 2 0 1 2 2 2 2 2 0 2 2 2 2 2 2 2 0 2 2 1 0 2 2 1 1 1 0 2 1 0 2 2 2 1 2 2 2 1 1 0 1 2 1 1 0 0 2 2 0 2 2 0 1 2 2 0 2 2 2 0 0 2 2 2 1 2 2 1 1 1 2 1 2 0 1 2 0 0 1 1 1 2 2 2 0 0 2 2 1 1 0 1 2 1 0 0 1 1 2 2 2 0 1 2 2 2 2 2 0 2 2 2 2 2 2 2 0 2 2 1 0 2 2 1 1 1 0 2 1 0 2 2 2 1 2 2 2 1 1 0 1 2 1 1 0 0 2 2 0 2 2 0 1 2 2 0 2 2 2 0 0 2 2 2
-0.0343660325896948 -0.276151319673877 0.89513376000395 0.152975976631398 -0.369260291374966 -1 0 2 1 1 0 0 2 2 2 0 2 2 0 0 1 0 1 1 1 1 1 0 0 1 0 2 0 1 2 1 0 0 1 2 2 2 2 0 0 0 0 1 0 0 0 1 1 2 1 1 2 2 0 1 0 1 1 2 2 1 2 2 2 2 1 1 2 2 1 0 2 0 0 0 0 0 0 2 1 1 2 1 2 2 0 2 1 0 2 2 2 2 2 1 2 1 0 1 1 2 0 -2 -1 -1 0 0 -2 -2 -2 0 -2 -2 0 0 -1 0 -1 -1 -1 -1 -1 0 0 -1 0 -2 0 -1 -2 -1 0 0 -1 -2 -2 -2 -2 0 0 0 0 -1 0 0 0 -1 -1 -2 -1 -1 -2 -2 0 -1 0 -1 -1 -2 -2 -1 -2 -2 -2 -2 -1 -1 -2 -2 -1 0 -2 0 0 0 0 0 0 -2 -1 -1 -2 -1 -2 -2 0 -2 -1 0 -2 -2 -2 -2 -2 -1 -2 -1 0 -1 -1 -2
0.704167385357889 -0.904556729841174 -0.927135602313173 0.25156103072952 1.43225164122669 -1 0 2 1 0 1 1 1 2 2 0 1 2 0 1 1 1 0 1 0 0 2 0 2 1 0 2 0 1 2 2 2 1 2 2 2 2 2 0 0 1 1 0 0 1 0 1 2 2 2 2 2 2 0 2 0 0 1 2 1 1 1 1 1 1 1 1 2 2 2 0 2 1 1 1 0 0 1 2 0 1 0 0 2 1 0 2 1 0 2 2 1 1 0 0 2 1 0 1 2 2 0 -2 -1 0 -1 -1 -1 -2 -2 0 -1 -2 0 -1 -1 -1 0 -1 0 0 -2 0 -2 -1 0 -2 0 -1 -2 -2 -2 -1 -2 -2 -2 -2 -2 0 0 -1 -1 0 0 -1 0 -1 -2 -2 -2 -2 -2 -2 0 -2 0 0 -1 -2 -1 -1 -1 -1 -1 -1 -1 -1 -2 -2 -2 0 -2 -1 -1 -1 0 0 -1 -2 0 -1 0 0 -2 -1 0 -2 -1 0 -2 -2 -1 -1 0 0 -2 -1 0 -1 -2 -2
0.888816540182692 1.89255794898921 -2.31336129151782 0.593464979986226 -0.58253620432868 -1 0 1 2 1 0 0 2 2 2 0 0 1 0 1 1 1 1 1 1 0 1 0 0 0 0 2 0 1 1 2 0 0 2 2 2 2 2 0 0 2 2 1 0 1 0 1 2 2 1 2 2 1 0 1 2 1 0 2 2 1 2 2 0 1 2 2 2 2 2 1 2 2 1 1 1 0 0 2 1 0 2 0 2 2 0 2 1 1 2 2 2 1 0 0 0 0 0 0 2 1 0 -1 -2 -1 0 0 -2 -2 -2 0 0 -1 0 -1 -1 -1 -1 -1 -1 0 -1 0 0 0 0 -2 0 -1 -1 -2 0 0 -2 -2 -2 -2 -2 0 0 -2 -2 -1 0 -1 0 -1 -2 -2 -1 -2 -2 -1 0 -1 -2 -1 0 -2 -2 -1 -2 -2 0 -1 -2 -2 -2 -2 -2 -1 -2 -2 -1 -1 -1 0 0 -2 -1 0 -2 0 -2 -2 0 -2 -1 -1 -2 -2 -2 -1 0 0 0 0 0 0 -2 -1
-1.64713234707963 -0.306479401360338 -1.01771236420356 0.330015745729974 -0.463264269908275 -1 0 2 1 0 2 1 2 1 2 1 2 2 0 0 0 0 0 1 0 0 0 0 2 1 0 2 0 1 2 2 2 0 2 2 2 2 2 0 0 1 0 0 0 2 1 1 1 2 0 0 2 1 0 1 0 2 1 2 2 1 2 2 1 1 1 1 2 1 2 0 1 1 0 1 0 0 0 2 0 1 1 0 2 2 0 2 0 0 0 2 2 0 0 0 2 1 0 1 2 1 0 -2 -1 0 -2 -1 -2 -1 -2 -1 -2 -2 0 0 0 0 0 -1 0 0 0 0 -2 -1 0 -2 0 -1 -2 -2 -2 0 -2 -2 -2 -2 -2 0 0 -1 0 0 0 -2 -1 -1 -1 -2 0 0 -2 -1 0 -1 0 -2 -1 -2 -2 -1 -2 -2 -1 -1 -1 -1 -2 -1 -2 0 -1 -1 0 -1 0 0 0 -2 0 -1 -1 0 -2 -2 0 -2 0 0 0 -2 -2 0 0 0 -2 -1 0 -1 -2 -1
