-0.0572543514861669 1.34776683209378 0.280783415698512 0.0646104033480243 0.903649110380908 1 1 0 1 1 1 1 0 2 0 0 2 2 0 0 1 0 1 1 2 1 1 1 0 2 0 0 0 1 1 0 2 1 1 0 1 2 1 2 2 1 1 2 2 0 0 1 1 2 1 2 1 1 1 0 2 1 1 2 2 1 0 1 0 2 1 2 2 2 2 1 1 2 2 2 2 2 2 1 1 1 0 2 0 0 2 1 0 0 0 1 0 0 0 1 0 2 2 1 1 1 1 0 1 1 1 1 0 2 0 0 2 2 0 0 1 0 1 1 2 1 1 1 0 2 0 0 0 1 1 0 2 1 1 0 1 2 1 2 2 1 1 2 2 0 0 1 1 2 1 2 1 1 1 0 2 1 1 2 2 1 0 1 0 2 1 2 2 2 2 1 1 2 2 2 2 2 2 1 1 1 0 2 0 0 2 1 0 0 0 1 0 0 0 1 0 2 2 1 1 1
1.18851551528549 1.20461772901169 0.218328869461926 0.255431504367851 -0.708952294282927 1 1 0 1 1 2 2 0 0 0 1 2 2 0 0 1 0 1 1 2 0 2 2 0 2 0 0 1 1 1 1 2 1 2 1 1 2 1 2 1 1 1 2 0 0 0 1 0 0 0 2 1 1 0 0 1 0 1 2 1 0 0 1 1 2 0 1 2 1 2 0 0 0 2 1 0 1 2 1 2 2 1 1 0 1 2 0 1 0 0 2 1 0 0 0 1 2 2 1 2 2 1 0 1 1 2 2 0 0 0 1 2 2 0 0 1 0 1 1 2 0 2 2 0 2 0 0 1 1 1 1 2 1 2 1 1 2 1 2 1 1 1 2 0 0 0 1 0 0 0 2 1 1 0 0 1 0 1 2 1 0 0 1 1 2 0 1 2 1 2 0 0 0 2 1 0 1 2 1 2 2 1 1 0 1 2 0 1 0 0 2 1 0 0 0 1 2 2 1 2 2
0.702212296743363 0.577676658071115 -0.735669679004712 1.22588578844554 -1.22738916668175 1 1 0 0 1 2 2 0 0 0 0 2 2 0 2 2 1 2 2 1 1 2 2 0 1 0 0 0 1 1 0 1 0 1 0 0 2 1 2 1 1 0 2 1 0 1 2 0 1 0 2 2 2 1 1 1 0 2 1 0 2 0 1 0 1 0 0 1 0 2 0 0 1 2 2 0 0 1 0 1 0 0 2 0 2 2 2 1 0 1 1 0 0 0 1 1 2 2 1 2 2 1 0 0 1 2 2 0 0 0 0 2 2 0 2 2 1 2 2 1 1 2 2 0 1 0 0 0 1 1 0 1 0 1 0 0 2 1 2 1 1 0 2 1 0 1 2 0 1 0 2 2 2 1 1 1 0 2 1 0 2 0 1 0 1 0 0 1 0 2 0 0 1 2 2 0 0 1 0 1 0 0 2 0 2 2 2 1 0 1 1 0 0 0 1 1 2 2 1 2 2
-0.594202591507944 0.107096221118521 0.681650210503721 0.50889385267957 -0.491574223204143 1 2 0 2 1 1 2 0 1 0 0 1 2 0 2 1 0 2 2 2 2 2 1 0 1 0 0 0 1 1 0 1 0 1 0 0 2 2 2 1 1 0 2 1 0 0 1 0 1 2 2 2 2 1 0 1 0 1 2 2 0 0 1 0 2 2 1 2 2 2 0 1 2 2 2 1 0 2 0 2 2 0 0 0 0 2 1 0 0 0 1 0 0 0 1 0 2 2 2 2 2 2 0 2 1 1 2 0 1 0 0 1 2 0 2 1 0 2 2 2 2 2 1 0 1 0 0 0 1 1 0 1 0 1 0 0 2 2 2 1 1 0 2 1 0 0 1 0 1 2 2 2 2 1 0 1 0 1 2 2 0 0 1 0 2 2 1 2 2 2 0 1 2 2 2 1 0 2 0 2 2 0 0 0 0 2 1 0 0 0 1 0 0 0 1 0 2 2 2 2 2
-0.0266738851757541 0.199295091088293 0.736324782656125 0.225315718843602 -0.575977912314531 -1 1 0 0 1 0 2 0 1 0 0 2 2 0 1 2 0 0 1 1 0 1 2 0 2 0 0 0 1 2 0 2 1 2 0 0 1 1 2 0 2 1 1 1 0 0 1 0 0 1 2 2 2 2 0 1 1 1 2 1 1 0 2 1 1 0 1 2 0 1 0 0 1 2 2 1 1 2 0 2 2 1 2 0 0 1 0 0 0 0 0 0 0 0 2 1 2 2 1 1 2 -1 0 0 -1 0 -2 0 -1 0 0 -2 -2 0 -1 -2 0 0 -1 -1 0 -1 -2 0 -2 0 0 0 -1 -2 0 -2 -1 -2 0 0 -1 -1 -2 0 -2 -1 -1 -1 0 0 -1 0 0 -1 -2 -2 -2 -2 0 -1 -1 -1 -2 -1 -1 0 -2 -1 -1 0 -1 -2 0 -1 0 0 -1 -2 -2 -1 -1 -2 0 -2 -2 -1 -2 0 0 -1 0 0 0 0 0 0 0 0 -2 -1 -2 -2 -1 -1 -2
0.602837684560286 -1.29772223478377 1.31391525513799 -0.0531308234256412 0.477955003911379 1 1 0 2 1 2 2 0 2 1 0 0 0 0 0 0 0 0 0 2 0 1 2 0 2 0 0 0 1 1 1 2 1 0 1 1 2 2 2 2 1 2 2 0 0 0 1 0 1 0 1 2 2 1 1 1 0 0 0 0 0 0 0 0 1 0 1 2 1 1 0 1 1 2 2 2 2 2 0 1 1 0 0 0 0 2 0 0 0 0 1 1 0 0 0 0 2 2 1 1 2 1 0 2 1 2 2 0 2 1 0 0 0 0 0 0 0 0 0 2 0 1 2 0 2 0 0 0 1 1 1 2 1 0 1 1 2 2 2 2 1 2 2 0 0 0 1 0 1 0 1 2 2 1 1 1 0 0 0 0 0 0 0 0 1 0 1 2 1 1 0 1 1 2 2 2 2 2 0 1 1 0 0 0 0 2 0 0 0 0 1 1 0 0 0 0 2 2 1 1 2
-0.174697197667448 -0.659225668054909 0.650456150913749 0.00845937289869 1.279323142922 1 2 1 2 1 1 0 0 0 0 1 2 2 0 1 1 0 1 2 2 1 2 2 0 1 0 0 0 1 1 0 1 1 1 1 1 1 1 2 1 1 1 1 1 0 0 2 0 1 1 0 1 0 1 0 2 0 2 2 1 0 0 1 1 1 1 2 2 0 2 0 0 1 2 1 0 1 2 0 2 1 0 1 0 0 2 1 0 0 0 2 1 0 0 2 0 2 2 2 1 2 2 1 2 1 1 0 0 0 0 1 2 2 0 1 1 0 1 2 2 1 2 2 0 1 0 0 0 1 1 0 1 1 1 1 1 1 1 2 1 1 1 1 1 0 0 2 0 1 1 0 1 0 1 0 2 0 2 2 1 0 0 1 1 1 1 2 2 0 2 0 0 1 2 1 0 1 2 0 2 1 0 1 0 0 2 1 0 0 0 2 1 0 0 2 0 2 2 2 1 2
1.74930176895707 1.22390659952676 0.169049008746304 -0.491461056133187 0.998002769598138 1 2 0 0 1 1 2 0 0 0 0 2 2 0 1 2 1 1 1 2 1 1 2 0 1 0 0 0 2 1 0 1 1 2 0 0 2 2 2 1 0 0 2 0 0 0 2 1 1 1 1 1 1 1 0 1 1 1 1 0 1 0 1 1 2 2 2 2 1 2 0 0 0 2 1 0 1 2 1 1 1 0 1 0 1 2 2 0 0 0 1 1 0 0 0 0 2 2 1 1 2 2 0 0 1 1 2 0 0 0 0 2 2 0 1 2 1 1 1 2 1 1 2 0 1 0 0 0 2 1 0 1 1 2 0 0 2 2 2 1 0 0 2 0 0 0 2 1 1 1 1 1 1 1 0 1 1 1 1 0 1 0 1 1 2 2 2 2 1 2 0 0 0 2 1 0 1 2 1 1 1 0 1 0 1 2 2 0 0 0 1 1 0 0 0 0 2 2 1 1 2
0.718705248322053 1.17816235847708 0.818936048301838 -0.522110097113404 0.0769584806671443 1 2 0 2 2 1 2 0 1 0 1 1 1 0 2 2 1 0 0 1 1 2 2 0 1 0 0 0 1 0 0 2 1 2 1 0 1 0 1 0 1 1 1 0 0 0 1 0 0 1 1 1 1 2 0 1 1 1 2 0 0 0 0 1 0 1 2 1 0 2 0 0 1 2 2 0 0 1 0 1 0 0 1 0 1 2 0 0 1 1 2 1 0 0 1 0 2 2 1 2 2 2 0 2 2 1 2 0 1 0 1 1 1 0 2 2 1 0 0 1 1 2 2 0 1 0 0 0 1 0 0 2 1 2 1 0 1 0 1 0 1 1 1 0 0 0 1 0 0 1 1 1 1 2 0 1 1 1 2 0 0 0 0 1 0 1 2 1 0 2 0 0 1 2 2 0 0 1 0 1 0 0 1 0 1 2 0 0 1 1 2 1 0 0 1 0 2 2 1 2 2
-0.0537509082246672 -1.06086575077136 -0.0247715468867225 0.715000031858812 3.12372195248802 1 2 0 0 1 1 2 0 0 0 1 2 2 0 0 1 0 0 2 2 1 2 2 1 2 0 0 1 2 1 0 2 1 1 0 0 2 2 2 0 1 0 1 1 0 0 1 0 0 0 1 2 2 1 0 2 0 1 1 0 0 0 0 1 0 0 0 1 0 2 0 0 1 2 1 0 1 2 2 2 0 0 1 0 0 2 1 1 0 0 0 1 0 0 1 1 2 2 2 1 2 2 0 0 1 1 2 0 0 0 1 2 2 0 0 1 0 0 2 2 1 2 2 1 2 0 0 1 2 1 0 2 1 1 0 0 2 2 2 0 1 0 1 1 0 0 1 0 0 0 1 2 2 1 0 2 0 1 1 0 0 0 0 1 0 0 0 1 0 2 0 0 1 2 1 0 1 2 2 2 0 0 1 0 0 2 1 1 0 0 0 1 0 0 1 1 2 2 2 1 2
0.0570510244850752 0.863681909502786 -1.55849902851912 -0.403217388256504 -1.51405371545809 -1 0 0 0 1 1 2 0 2 0 1 2 1 0 1 2 1 0 1 1 0 1 1 0 2 0 0 0 2 2 0 1 0 1 0 1 1 0 1 0 0 0 1 0 0 0 1 0 1 2 1 2 1 0 1 2 0 1 2 1 1 0 2 1 1 0 1 2 1 2 0 2 1 1 2 0 0 2 0 1 0 0 1 0 0 1 1 0 0 0 1 1 0 0 1 1 2 2 2 2 2 0 0 0 -1 -1 -2 0 -2 0 -1 -2 -1 0 -1 -2 -1 0 -1 -1 0 -1 -1 0 -2 0 0 0 -2 -2 0 -1 0 -1 0 -1 -1 0 -1 0 0 0 -1 0 0 0 -1 0 -1 -2 -1 -2 -1 0 -1 -2 0 -1 -2 -1 -1 0 -2 -1 -1 0 -1 -2 -1 -2 0 -2 -1 -1 -2 0 0 -2 0 -1 0 0 -1 0 0 -1 -1 0 0 0 -1 -1 0 0 -1 -1 -2 -2 -2 -2 -2
-0.198394495441539 -0.541963311424683 1.09937710397908 0.688505508119202 1.12122191584529 -1 2 0 2 2 2 2 0 0 1 0 1 1 0 1 1 0 1 0 1 1 2 2 2 1 0 0 0 0 0 0 1 1 0 0 1 2 1 2 1 1 0 2 1 0 1 2 0 1 0 1 1 1 1 0 2 1 2 2 0 1 0 0 0 0 1 2 2 1 2 0 1 1 2 2 1 2 2 0 2 2 0 0 0 0 1 1 0 0 0 0 2 1 0 1 0 2 1 1 1 2 -2 0 -2 -2 -2 -2 0 0 -1 0 -1 -1 0 -1 -1 0 -1 0 -1 -1 -2 -2 -2 -1 0 0 0 0 0 0 -1 -1 0 0 -1 -2 -1 -2 -1 -1 0 -2 -1 0 -1 -2 0 -1 0 -1 -1 -1 -1 0 -2 -1 -2 -2 0 -1 0 0 0 0 -1 -2 -2 -1 -2 0 -1 -1 -2 -2 -1 -2 -2 0 -2 -2 0 0 0 0 -1 -1 0 0 0 0 -2 -1 0 -1 0 -2 -1 -1 -1 -2
-0.923907633287801 -1.80511924448052 0.452379442417713 -0.346853396544008 2.07732598277682 1 2 0 1 2 2 2 0 1 1 0 1 1 0 0 2 0 1 1 2 0 1 2 0 1 0 0 0 1 0 0 1 2 2 0 1 2 2 2 0 0 0 2 1 0 0 1 0 0 2 2 2 1 2 0 2 0 1 2 0 1 1 2 0 0 0 0 2 0 2 0 0 0 2 1 0 0 2 0 2 2 1 1 0 0 1 1 0 0 0 1 1 0 0 1 1 2 2 1 1 2 2 0 1 2 2 2 0 1 1 0 1 1 0 0 2 0 1 1 2 0 1 2 0 1 0 0 0 1 0 0 1 2 2 0 1 2 2 2 0 0 0 2 1 0 0 1 0 0 2 2 2 1 2 0 2 0 1 2 0 1 1 2 0 0 0 0 2 0 2 0 0 0 2 1 0 0 2 0 2 2 1 1 0 0 1 1 0 0 0 1 1 0 0 1 1 2 2 1 1 2
-1.21755428063696 -0.0494224077219003 -1.88599120887163 0.918101380009832 -0.129242801609325 1 1 0 1 1 2 2 0 1 1 0 2 1 0 0 2 0 0 1 1 1 1 2 1 1 0 0 0 0 1 0 2 1 1 0 0 2 1 2 2 2 1 0 0 0 1 2 0 1 1 1 2 2 2 0 1 0 1 2 0 0 0 0 0 1 2 2 2 2 2 1 0 2 2 2 0 0 1 0 0 2 0 1 0 1 2 1 0 0 0 0 0 0 0 1 0 2 2 2 1 1 1 0 1 1 2 2 0 1 1 0 2 1 0 0 2 0 0 1 1 1 1 2 1 1 0 0 0 0 1 0 2 1 1 0 0 2 1 2 2 2 1 0 0 0 1 2 0 1 1 1 2 2 2 0 1 0 1 2 0 0 0 0 0 1 2 2 2 2 2 1 0 2 2 2 0 0 1 0 0 2 0 1 0 1 2 1 0 0 0 0 0 0 0 1 0 2 2 2 1 1
0.145143391868556 0.0525626465890638 -1.13506638171887 0.923714187768808 -0.181966499101385 1 1 0 1 1 0 1 0 1 0 0 1 1 0 1 1 0 0 1 1 0 1 2 0 2 0 0 0 0 0 0 2 1 2 1 1 1 1 2 2 2 0 2 1 0 0 2 0 0 0 1 2 2 1 1 2 2 0 2 1 1 1 0 1 1 0 1 0 0 2 0 0 1 2 2 0 0 2 0 2 2 0 1 0 1 2 1 0 0 0 0 2 0 1 1 0 2 2 1 2 2 1 0 1 1 0 1 0 1 0 0 1 1 0 1 1 0 0 1 1 0 1 2 0 2 0 0 0 0 0 0 2 1 2 1 1 1 1 2 2 2 0 2 1 0 0 2 0 0 0 1 2 2 1 1 2 2 0 2 1 1 1 0 1 1 0 1 0 0 2 0 0 1 2 2 0 0 2 0 2 2 0 1 0 1 2 1 0 0 0 0 2 0 1 1 0 2 2 1 2 2
-0.79186568693697 -0.738362780659854 -0.651358087470624 -0.84992167698053 -1.05795875606508 1 2 0 1 2 0 2 0 0 0 1 1 2 0 2 2 1 1 1 1 0 2 2 0 2 0 0 0 1 0 0 1 1 2 0 0 2 1 2 2 2 2 2 2 0 0 2 0 0 2 2 2 1 2 0 1 1 1 1 0 1 0 2 0 1 0 1 1 1 2 0 0 0 2 2 2 1 2 0 1 2 1 1 1 2 2 1 0 0 0 1 0 0 0 1 2 2 2 1 2 2 2 0 1 2 0 2 0 0 0 1 1 2 0 2 2 1 1 1 1 0 2 2 0 2 0 0 0 1 0 0 1 1 2 0 0 2 1 2 2 2 2 2 2 0 0 2 0 0 2 2 2 1 2 0 1 1 1 1 0 1 0 2 0 1 0 1 1 1 2 0 0 0 2 2 2 1 2 0 1 2 1 1 1 2 2 1 0 0 0 1 0 0 0 1 2 2 2 1 2 2
0.171734117412914 0.651881749127688 -1.22623511515639 -0.6855643464883 1.02343827673197 -1 1 1 1 2 1 2 0 1 1 0 0 2 0 1 1 1 1 2 2 2 2 2 0 1 0 0 0 1 2 0 1 0 1 0 0 2 1 2 1 1 0 2 0 0 0 1 0 0 1 2 2 1 1 1 2 0 1 2 1 1 0 2 2 1 0 1 2 1 2 1 0 1 2 2 2 1 2 1 2 1 0 1 0 0 2 0 1 1 1 0 1 0 0 0 1 2 1 0 2 2 -1 -1 -1 -2 -1 -2 0 -1 -1 0 0 -2 0 -1 -1 -1 -1 -2 -2 -2 -2 -2 0 -1 0 0 0 -1 -2 0 -1 0 -1 0 0 -2 -1 -2 -1 -1 0 -2 0 0 0 -1 0 0 -1 -2 -2 -1 -1 -1 -2 0 -1 -2 -1 -1 0 -2 -2 -1 0 -1 -2 -1 -2 -1 0 -1 -2 -2 -2 -1 -2 -1 -2 -1 0 -1 0 0 -2 0 -1 -1 -1 0 -1 0 0 0 -1 -2 -1 0 -2 -2
0.597036424602333 -0.1064235054982 0.326509888403201 1.03961654750617 -1.7174758893198 1 1 0 1 2 2 2 0 1 0 1 1 2 0 1 2 0 0 0 2 1 2 2 2 2 0 0 0 0 0 0 1 0 1 0 1 1 1 1 1 1 1 0 0 0 0 1 0 1 2 2 2 1 2 1 2 0 2 1 0 1 0 1 1 1 1 0 1 0 0 0 0 0 1 2 1 2 2 0 2 0 0 1 0 1 1 1 1 0 0 1 0 0 0 1 0 2 2 2 1 2 1 0 1 2 2 2 0 1 0 1 1 2 0 1 2 0 0 0 2 1 2 2 2 2 0 0 0 0 0 0 1 0 1 0 1 1 1 1 1 1 1 0 0 0 0 1 0 1 2 2 2 1 2 1 2 0 2 1 0 1 0 1 1 1 1 0 1 0 0 0 0 0 1 2 1 2 2 0 2 0 0 1 0 1 1 1 1 0 0 1 0 0 0 1 0 2 2 2 1 2
-0.807020864999372 -2.59738630913579 0.846205367077006 -0.666225448144195 0.398822480510301 1 1 0 0 1 1 2 0 0 0 0 2 2 0 1 2 1 1 1 2 0 1 2 0 2 0 0 0 1 1 1 0 1 1 1 0 0 2 2 0 1 0 2 1 1 1 2 0 0 0 1 1 2 1 0 2 1 2 2 1 0 0 0 1 2 0 0 1 1 2 0 0 0 2 2 0 1 2 0 1 1 0 1 0 0 2 0 1 0 0 0 0 0 0 2 1 2 2 2 2 2 1 0 0 1 1 2 0 0 0 0 2 2 0 1 2 1 1 1 2 0 1 2 0 2 0 0 0 1 1 1 0 1 1 1 0 0 2 2 0 1 0 2 1 1 1 2 0 0 0 1 1 2 1 0 2 1 2 2 1 0 0 0 1 2 0 0 1 1 2 0 0 0 2 2 0 1 2 0 1 1 0 1 0 0 2 0 1 0 0 0 0 0 0 2 1 2 2 2 2 2
-0.763708185552007 0.17461055446086 -0.422337984597583 0.673121248852256 1.2357345097184 -1 2 0 2 2 2 2 0 0 0 1 2 2 0 0 2 0 0 1 1 1 2 2 1 2 0 0 1 2 2 0 1 1 2 0 0 2 2 2 0 0 0 2 1 0 1 2 0 0 1 2 1 1 0 0 1 0 0 1 1 1 1 2 1 1 0 0 0 0 1 0 0 0 2 1 1 1 2 1 2 2 1 2 0 1 2 2 1 1 1 2 1 0 0 2 2 2 2 2 2 2 -2 0 -2 -2 -2 -2 0 0 0 -1 -2 -2 0 0 -2 0 0 -1 -1 -1 -2 -2 -1 -2 0 0 -1 -2 -2 0 -1 -1 -2 0 0 -2 -2 -2 0 0 0 -2 -1 0 -1 -2 0 0 -1 -2 -1 -1 0 0 -1 0 0 -1 -1 -1 -1 -2 -1 -1 0 0 0 0 -1 0 0 0 -2 -1 -1 -1 -2 -1 -2 -2 -1 -2 0 -1 -2 -2 -1 -1 -1 -2 -1 0 0 -2 -2 -2 -2 -2 -2 -2
0.473110361932281 0.611719022849319 0.412268869144409 -0.108917323565137 -0.176946718920294 -1 1 0 2 2 2 2 0 1 0 0 2 1 0 0 1 0 0 1 2 0 1 1 0 2 0 0 0 0 0 0 2 2 2 1 0 2 2 2 1 1 1 2 0 0 0 2 0 1 0 1 2 1 1 0 2 0 0 1 0 1 0 1 1 1 1 0 1 0 2 0 1 2 2 1 1 0 2 0 0 0 0 2 0 0 2 1 0 0 0 0 1 0 0 1 0 2 1 1 2 2 -1 0 -2 -2 -2 -2 0 -1 0 0 -2 -1 0 0 -1 0 0 -1 -2 0 -1 -1 0 -2 0 0 0 0 0 0 -2 -2 -2 -1 0 -2 -2 -2 -1 -1 -1 -2 0 0 0 -2 0 -1 0 -1 -2 -1 -1 0 -2 0 0 -1 0 -1 0 -1 -1 -1 -1 0 -1 0 -2 0 -1 -2 -2 -1 -1 0 -2 0 0 0 0 -2 0 0 -2 -1 0 0 0 0 -1 0 0 -1 0 -2 -1 -1 -2 -2
0.923473460370109 -0.525496770889875 -0.202598501536161 -0.189037667638623 -0.490560454317374 -1 1 0 1 1 2 2 0 2 0 1 2 2 0 1 1 1 1 2 1 1 1 2 0 1 0 0 0 1 1 0 1 1 2 0 0 2 0 2 0 1 1 2 1 0 1 2 0 0 1 2 2 2 1 1 2 2 2 2 1 1 0 1 2 0 1 2 2 1 2 0 2 2 2 1 0 1 2 0 2 0 0 2 0 1 2 2 1 1 1 0 1 0 1 2 2 2 2 1 1 2 -1 0 -1 -1 -2 -2 0 -2 0 -1 -2 -2 0 -1 -1 -1 -1 -2 -1 -1 -1 -2 0 -1 0 0 0 -1 -1 0 -1 -1 -2 0 0 -2 0 -2 0 -1 -1 -2 -1 0 -1 -2 0 0 -1 -2 -2 -2 -1 -1 -2 -2 -2 -2 -1 -1 0 -1 -2 0 -1 -2 -2 -1 -2 0 -2 -2 -2 -1 0 -1 -2 0 -2 0 0 -2 0 -1 -2 -2 -1 -1 -1 0 -1 0 -1 -2 -2 -2 -2 -1 -1 -2
0.330518636562735 -0.114754598097553 -0.955843253901093 -0.658414797402911 -0.137056300439513 1 0 0 2 2 2 1 0 2 1 1 1 1 0 0 0 0 0 1 1 1 2 2 0 2 0 0 0 1 1 1 1 1 1 0 0 2 2 2 1 1 0 2 2 0 0 2 0 1 1 2 1 1 1 0 1 0 1 1 0 1 0 2 1 0 0 1 2 1 2 0 0 1 2 1 0 0 0 0 2 2 0 0 0 1 2 1 0 0 0 0 1 0 0 2 1 2 2 2 2 2 0 0 2 2 2 1 0 2 1 1 1 1 0 0 0 0 0 1 1 1 2 2 0 2 0 0 0 1 1 1 1 1 1 0 0 2 2 2 1 1 0 2 2 0 0 2 0 1 1 2 1 1 1 0 1 0 1 1 0 1 0 2 1 0 0 1 2 1 2 0 0 1 2 1 0 0 0 0 2 2 0 0 0 1 2 1 0 0 0 0 1 0 0 2 1 2 2 2 2 2
0.122029987229043 1.11022826603591 1.27582518387279 -0.463056794866422 -1.82544323902682 1 2 0 0 1 2 2 0 0 0 0 1 2 0 1 1 0 1 1 2 2 2 2 1 2 0 0 0 2 1 0 0 0 1 0 0 2 1 1 1 0 1 2 1 0 0 1 0 1 2 2 2 2 1 0 2 0 2 1 0 0 0 2 2 0 0 0 2 0 0 0 0 1 2 1 1 1 1 0 2 1 0 1 0 0 1 1 0 1 0 1 0 0 0 0 0 2 2 1 1 2 2 0 0 1 2 2 0 0 0 0 1 2 0 1 1 0 1 1 2 2 2 2 1 2 0 0 0 2 1 0 0 0 1 0 0 2 1 1 1 0 1 2 1 0 0 1 0 1 2 2 2 2 1 0 2 0 2 1 0 0 0 2 2 0 0 0 2 0 0 0 0 1 2 1 1 1 1 0 2 1 0 1 0 0 1 1 0 1 0 1 0 0 0 0 0 2 2 1 1 2
1.00348486420104 -1.64652224151754 -0.986369343389575 -1.45982826989764 0.739117154239244 1 2 0 1 1 2 2 0 1 0 2 2 2 0 1 2 0 0 2 2 0 0 2 0 2 0 0 2 1 0 0 2 2 2 0 0 1 1 2 1 0 0 2 0 0 0 0 0 1 0 1 1 1 1 0 2 2 1 2 1 1 0 0 1 1 0 0 1 0 2 0 0 0 2 2 0 0 2 0 2 2 0 1 0 0 2 0 0 0 0 0 1 1 1 1 0 2 2 1 2 2 2 0 1 1 2 2 0 1 0 2 2 2 0 1 2 0 0 2 2 0 0 2 0 2 0 0 2 1 0 0 2 2 2 0 0 1 1 2 1 0 0 2 0 0 0 0 0 1 0 1 1 1 1 0 2 2 1 2 1 1 0 0 1 1 0 0 1 0 2 0 0 0 2 2 0 0 2 0 2 2 0 1 0 0 2 0 0 0 0 0 1 1 1 1 0 2 2 1 2 2
-1.17277136305025 -1.04811326921826 -0.638022085188741 -0.0630758351640837 0.891065836585314 1 0 0 1 2 2 2 0 1 0 2 2 2 0 1 0 0 1 2 1 0 2 2 1 2 0 0 0 0 2 0 1 0 1 1 1 2 2 2 1 2 1 1 1 0 0 0 0 0 0 2 1 1 1 0 2 0 2 2 2 2 0 2 1 1 1 0 1 1 1 0 0 1 2 2 0 0 2 0 1 0 0 1 0 0 0 0 0 0 0 0 1 0 0 1 1 2 2 1 2 2 0 0 1 2 2 2 0 1 0 2 2 2 0 1 0 0 1 2 1 0 2 2 1 2 0 0 0 0 2 0 1 0 1 1 1 2 2 2 1 2 1 1 1 0 0 0 0 0 0 2 1 1 1 0 2 0 2 2 2 2 0 2 1 1 1 0 1 1 1 0 0 1 2 2 0 0 2 0 1 0 0 1 0 0 0 0 0 0 0 0 1 0 0 1 1 2 2 1 2 2
0.665598280042471 -0.59855639771876 -1.33388486614797 0.256656452111429 0.75158189391359 -1 2 2 1 2 1 2 0 1 0 1 2 2 0 0 1 0 1 2 2 1 1 2 0 1 0 0 0 0 0 0 0 0 0 0 0 2 2 2 0 1 0 2 0 0 0 1 1 2 2 2 2 2 2 0 2 1 0 1 0 1 0 1 1 1 0 1 2 1 2 0 0 1 2 1 0 0 2 0 2 2 1 1 0 1 2 2 0 1 0 0 0 0 0 2 1 2 2 1 0 1 -2 -2 -1 -2 -1 -2 0 -1 0 -1 -2 -2 0 0 -1 0 -1 -2 -2 -1 -1 -2 0 -1 0 0 0 0 0 0 0 0 0 0 0 -2 -2 -2 0 -1 0 -2 0 0 0 -1 -1 -2 -2 -2 -2 -2 -2 0 -2 -1 0 -1 0 -1 0 -1 -1 -1 0 -1 -2 -1 -2 0 0 -1 -2 -1 0 0 -2 0 -2 -2 -1 -1 0 -1 -2 -2 0 -1 0 0 0 0 0 -2 -1 -2 -2 -1 0 -1
1.15453403711306 -0.859442970457225 0.568613658108115 -0.837831052451875 0.519633435071103 -1 2 0 0 1 2 2 0 0 0 0 2 2 0 0 1 0 2 2 2 2 2 2 1 2 0 0 1 2 1 0 2 0 1 2 0 2 2 2 1 1 0 2 1 0 0 2 0 1 1 2 2 2 1 0 1 0 1 2 1 1 0 1 0 1 1 0 1 0 2 0 1 1 2 1 0 1 2 1 2 1 0 0 0 1 2 2 1 0 0 1 0 0 0 1 1 2 2 2 2 2 -2 0 0 -1 -2 -2 0 0 0 0 -2 -2 0 0 -1 0 -2 -2 -2 -2 -2 -2 -1 -2 0 0 -1 -2 -1 0 -2 0 -1 -2 0 -2 -2 -2 -1 -1 0 -2 -1 0 0 -2 0 -1 -1 -2 -2 -2 -1 0 -1 0 -1 -2 -1 -1 0 -1 0 -1 -1 0 -1 0 -2 0 -1 -1 -2 -1 0 -1 -2 -1 -2 -1 0 0 0 -1 -2 -2 -1 0 0 -1 0 0 0 -1 -1 -2 -2 -2 -2 -2
0.79465790908372 -0.193925181156938 1.02860808177359 -1.53910743793337 0.683781591159981 -1 2 0 1 2 2 2 0 1 0 1 2 2 0 0 2 0 1 2 2 1 2 2 1 1 0 0 0 1 1 0 0 0 2 1 2 2 2 2 2 1 0 2 0 0 0 1 0 0 0 2 2 2 2 1 2 1 0 1 1 1 0 0 0 1 0 1 1 1 2 0 0 0 1 2 0 0 1 0 2 2 2 1 0 1 2 2 1 0 0 1 1 0 0 2 2 2 1 1 2 2 -2 0 -1 -2 -2 -2 0 -1 0 -1 -2 -2 0 0 -2 0 -1 -2 -2 -1 -2 -2 -1 -1 0 0 0 -1 -1 0 0 0 -2 -1 -2 -2 -2 -2 -2 -1 0 -2 0 0 0 -1 0 0 0 -2 -2 -2 -2 -1 -2 -1 0 -1 -1 -1 0 0 0 -1 0 -1 -1 -1 -2 0 0 0 -1 -2 0 0 -1 0 -2 -2 -2 -1 0 -1 -2 -2 -1 0 0 -1 -1 0 0 -2 -2 -2 -1 -1 -2 -2
-0.873002434687191 -0.240505086595446 -2.95548253112147 0.0888270757915825 -0.270361132972126 1 0 0 0 0 1 2 0 0 0 0 2 2 0 1 2 1 1 1 2 2 2 2 0 0 0 0 0 0 1 0 0 1 2 0 1 2 0 2 1 1 1 2 1 0 0 0 0 1 2 2 2 2 1 0 1 0 1 2 2 2 1 1 1 1 0 0 2 1 2 0 1 1 2 2 1 1 2 0 1 2 1 0 0 0 1 0 0 0 0 0 1 0 0 1 2 2 2 2 2 2 0 0 0 0 1 2 0 0 0 0 2 2 0 1 2 1 1 1 2 2 2 2 0 0 0 0 0 0 1 0 0 1 2 0 1 2 0 2 1 1 1 2 1 0 0 0 0 1 2 2 2 2 1 0 1 0 1 2 2 2 1 1 1 1 0 0 2 1 2 0 1 1 2 2 1 1 2 0 1 2 1 0 0 0 1 0 0 0 0 0 1 0 0 1 2 2 2 2 2 2
-0.0620587412876631 -0.0203379241790437 0.262982590039745 -0.230473100827463 0.43306644192379 1 2 0 1 1 1 2 0 0 0 1 1 2 0 1 2 1 1 2 2 0 2 2 0 0 0 0 0 2 1 0 1 1 1 0 1 2 2 2 2 2 1 0 0 0 0 1 0 0 0 1 2 1 0 0 1 0 0 2 0 1 0 1 0 0 0 1 2 2 2 0 0 2 2 1 0 0 1 0 2 1 0 2 0 0 2 1 0 0 0 0 1 0 0 0 0 2 2 1 1 1 2 0 1 1 1 2 0 0 0 1 1 2 0 1 2 1 1 2 2 0 2 2 0 0 0 0 0 2 1 0 1 1 1 0 1 2 2 2 2 2 1 0 0 0 0 1 0 0 0 1 2 1 0 0 1 0 0 2 0 1 0 1 0 0 0 1 2 2 2 0 0 2 2 1 0 0 1 0 2 1 0 2 0 0 2 1 0 0 0 0 1 0 0 0 0 2 2 1 1 1
1.18109584161114 1.18045455630038 0.482481599834136 0.715814936570499 -0.326831276315018 -1 0 0 2 1 0 1 0 1 1 0 0 0 0 0 2 1 0 1 1 0 2 2 1 2 1 1 1 2 2 0 2 1 0 0 1 2 1 2 2 1 1 2 0 0 0 2 0 0 1 1 1 1 2 0 0 0 0 1 0 1 0 0 0 0 2 2 2 2 2 0 0 0 2 1 0 0 2 1 1 0 0 2 0 1 2 0 0 0 0 1 1 1 0 1 0 2 2 2 2 2 0 0 -2 -1 0 -1 0 -1 -1 0 0 0 0 0 -2 -1 0 -1 -1 0 -2 -2 -1 -2 -1 -1 -1 -2 -2 0 -2 -1 0 0 -1 -2 -1 -2 -2 -1 -1 -2 0 0 0 -2 0 0 -1 -1 -1 -1 -2 0 0 0 0 -1 0 -1 0 0 0 0 -2 -2 -2 -2 -2 0 0 0 -2 -1 0 0 -2 -1 -1 0 0 -2 0 -1 -2 0 0 0 0 -1 -1 -1 0 -1 0 -2 -2 -2 -2 -2
-1.36804544320859 -0.106383085244282 -0.757219960500004 -0.233034025387377 -0.445244026976745 1 1 0 2 1 0 1 0 1 0 0 1 1 0 0 1 0 0 1 1 0 0 2 1 2 0 0 0 0 1 0 1 2 2 1 1 2 2 2 2 2 1 1 0 0 0 1 0 0 0 2 2 1 1 0 0 0 2 2 0 1 0 1 1 1 2 1 1 0 2 0 0 0 2 2 0 1 1 0 2 1 1 1 0 0 2 0 0 0 0 0 1 0 1 1 0 2 2 2 2 2 1 0 2 1 0 1 0 1 0 0 1 1 0 0 1 0 0 1 1 0 0 2 1 2 0 0 0 0 1 0 1 2 2 1 1 2 2 2 2 2 1 1 0 0 0 1 0 0 0 2 2 1 1 0 0 0 2 2 0 1 0 1 1 1 2 1 1 0 2 0 0 0 2 2 0 1 1 0 2 1 1 1 0 0 2 0 0 0 0 0 1 0 1 1 0 2 2 2 2 2
-0.236691076292632 0.196756595926229 -0.440070026081309 -0.774768863110223 0.483704566580761 1 1 0 1 2 2 2 0 0 0 1 2 2 0 0 1 0 0 2 1 1 1 2 0 2 0 0 0 1 2 1 2 1 1 1 1 2 2 2 1 2 1 2 1 0 0 1 0 1 1 2 2 2 2 0 2 0 1 2 2 2 0 1 0 0 0 1 2 2 2 0 0 1 2 1 0 1 2 1 2 2 0 2 0 0 1 1 0 0 0 0 1 0 1 2 2 2 2 2 2 2 1 0 1 2 2 2 0 0 0 1 2 2 0 0 1 0 0 2 1 1 1 2 0 2 0 0 0 1 2 1 2 1 1 1 1 2 2 2 1 2 1 2 1 0 0 1 0 1 1 2 2 2 2 0 2 0 1 2 2 2 0 1 0 0 0 1 2 2 2 0 0 1 2 1 0 1 2 1 2 2 0 2 0 0 1 1 0 0 0 0 1 0 1 2 2 2 2 2 2 2
2.08641414254221 -1.39818645188128 0.749052251635905 -0.308923095798551 0.624991969494064 1 1 0 1 1 2 2 0 1 0 0 1 2 0 0 1 0 2 2 2 0 2 2 1 2 0 0 0 0 1 0 1 1 1 1 0 2 2 2 1 1 1 2 0 0 0 0 0 0 1 1 1 2 0 0 0 0 1 1 0 2 1 1 0 0 1 1 1 0 1 0 0 1 2 1 0 0 1 0 1 1 0 1 0 1 2 2 0 0 1 0 1 0 1 2 1 2 2 2 2 2 1 0 1 1 2 2 0 1 0 0 1 2 0 0 1 0 2 2 2 0 2 2 1 2 0 0 0 0 1 0 1 1 1 1 0 2 2 2 1 1 1 2 0 0 0 0 0 0 1 1 1 2 0 0 0 0 1 1 0 2 1 1 0 0 1 1 1 0 1 0 0 1 2 1 0 0 1 0 1 1 0 1 0 1 2 2 0 0 1 0 1 0 1 2 1 2 2 2 2 2
-0.834182747185149 -0.758703719824823 -1.27049959251167 -0.396314789952208 1.40274427683921 -1 1 0 1 1 1 1 0 0 0 0 1 2 0 1 2 1 1 2 1 0 1 2 1 2 0 0 1 2 2 1 2 2 2 1 0 1 1 2 1 1 1 2 1 0 0 1 0 1 1 2 2 1 2 0 2 0 2 2 1 0 0 1 0 2 0 2 2 0 2 0 0 1 2 1 0 1 2 0 2 2 0 2 0 0 1 0 0 0 0 0 0 0 0 1 2 2 2 2 2 2 -1 0 -1 -1 -1 -1 0 0 0 0 -1 -2 0 -1 -2 -1 -1 -2 -1 0 -1 -2 -1 -2 0 0 -1 -2 -2 -1 -2 -2 -2 -1 0 -1 -1 -2 -1 -1 -1 -2 -1 0 0 -1 0 -1 -1 -2 -2 -1 -2 0 -2 0 -2 -2 -1 0 0 -1 0 -2 0 -2 -2 0 -2 0 0 -1 -2 -1 0 -1 -2 0 -2 -2 0 -2 0 0 -1 0 0 0 0 0 0 0 0 -1 -2 -2 -2 -2 -2 -2
0.618123219141365 1.5818283621382 -1.71624424360827 0.681191523103921 -1.17395294010898 -1 2 0 0 0 0 1 0 0 0 0 2 2 0 1 2 0 1 2 2 0 1 1 0 2 0 0 0 1 1 0 1 1 0 0 0 2 1 1 0 0 1 0 0 0 0 1 0 1 0 2 2 1 1 0 1 0 2 2 2 2 1 1 1 2 1 2 2 1 2 0 0 1 2 2 0 0 2 0 1 1 0 2 0 1 2 2 1 2 0 1 1 1 0 0 0 2 2 1 1 1 -2 0 0 0 0 -1 0 0 0 0 -2 -2 0 -1 -2 0 -1 -2 -2 0 -1 -1 0 -2 0 0 0 -1 -1 0 -1 -1 0 0 0 -2 -1 -1 0 0 -1 0 0 0 0 -1 0 -1 0 -2 -2 -1 -1 0 -1 0 -2 -2 -2 -2 -1 -1 -1 -2 -1 -2 -2 -1 -2 0 0 -1 -2 -2 0 0 -2 0 -1 -1 0 -2 0 -1 -2 -2 -1 -2 0 -1 -1 -1 0 0 0 -2 -2 -1 -1 -1
0.854287771485785 0.165904327214959 1.48674277639058 1.02212799695965 -0.365491238449101 1 1 0 2 2 2 2 0 0 0 1 2 2 0 0 2 1 1 1 2 0 2 2 1 1 0 0 0 1 1 0 1 1 2 0 0 2 1 2 0 0 0 2 0 0 0 2 0 0 1 2 2 1 1 0 2 1 2 1 0 1 0 1 0 1 0 1 2 0 2 0 0 0 2 2 0 0 2 0 2 2 2 1 0 0 2 1 1 0 0 0 1 0 0 2 1 2 1 1 1 1 1 0 2 2 2 2 0 0 0 1 2 2 0 0 2 1 1 1 2 0 2 2 1 1 0 0 0 1 1 0 1 1 2 0 0 2 1 2 0 0 0 2 0 0 0 2 0 0 1 2 2 1 1 0 2 1 2 1 0 1 0 1 0 1 0 1 2 0 2 0 0 0 2 2 0 0 2 0 2 2 2 1 0 0 2 1 1 0 0 0 1 0 0 2 1 2 1 1 1 1
0.204848406878016 0.489252623684173 0.69411505809614 0.137855329945136 1.40648635720498 -1 1 0 2 2 1 2 0 0 0 2 2 2 0 1 1 0 1 2 2 0 1 2 2 1 0 0 1 1 1 0 2 2 2 1 0 2 2 2 0 0 0 1 0 0 0 2 0 0 0 1 2 2 0 0 1 0 0 1 1 1 0 2 1 1 1 0 1 0 2 0 0 0 2 0 0 1 1 1 2 1 0 2 0 1 2 2 0 0 1 2 1 0 0 1 0 2 2 2 1 2 -1 0 -2 -2 -1 -2 0 0 0 -2 -2 -2 0 -1 -1 0 -1 -2 -2 0 -1 -2 -2 -1 0 0 -1 -1 -1 0 -2 -2 -2 -1 0 -2 -2 -2 0 0 0 -1 0 0 0 -2 0 0 0 -1 -2 -2 0 0 -1 0 0 -1 -1 -1 0 -2 -1 -1 -1 0 -1 0 -2 0 0 0 -2 0 0 -1 -1 -1 -2 -1 0 -2 0 -1 -2 -2 0 0 -1 -2 -1 0 0 -1 0 -2 -2 -2 -1 -2
-1.63792098814006 -0.694924395161556 -0.453923028797095 0.369310228672237 2.20022757134057 1 2 0 1 1 1 2 0 1 0 1 2 2 0 1 2 0 1 1 2 1 1 1 0 2 0 0 0 1 1 0 1 0 1 0 0 1 0 1 1 1 2 1 1 0 0 1 0 0 1 2 2 0 0 0 0 0 0 2 1 1 0 1 1 1 1 1 2 1 2 0 0 1 2 2 0 1 2 0 1 1 0 1 0 0 2 1 1 1 1 1 1 0 0 1 1 2 2 1 2 2 2 0 1 1 1 2 0 1 0 1 2 2 0 1 2 0 1 1 2 1 1 1 0 2 0 0 0 1 1 0 1 0 1 0 0 1 0 1 1 1 2 1 1 0 0 1 0 0 1 2 2 0 0 0 0 0 0 2 1 1 0 1 1 1 1 1 2 1 2 0 0 1 2 2 0 1 2 0 1 1 0 1 0 0 2 1 1 1 1 1 1 0 0 1 1 2 2 1 2 2
-0.837007431596337 -1.40206257277204 1.5668959064923 1.22858370064758 0.204426509689414 1 1 0 2 2 2 2 0 2 0 1 2 2 0 1 2 0 0 1 1 0 1 2 1 2 0 0 0 2 2 0 2 2 2 2 1 2 1 2 1 1 0 1 0 0 0 0 0 1 1 0 1 0 1 0 2 0 1 2 1 1 1 1 1 0 1 0 0 0 1 0 0 0 2 1 0 0 2 0 1 1 1 2 0 2 2 0 0 0 2 1 1 0 0 0 1 2 2 2 2 2 1 0 2 2 2 2 0 2 0 1 2 2 0 1 2 0 0 1 1 0 1 2 1 2 0 0 0 2 2 0 2 2 2 2 1 2 1 2 1 1 0 1 0 0 0 0 0 1 1 0 1 0 1 0 2 0 1 2 1 1 1 1 1 0 1 0 0 0 1 0 0 0 2 1 0 0 2 0 1 1 1 2 0 2 2 0 0 0 2 1 1 0 0 0 1 2 2 2 2 2
-0.831437400147906 -0.150287056349838 -2.17213969826304 0.218111938246333 -0.076604960399309 1 1 0 0 1 2 2 0 1 0 1 2 2 0 1 1 0 0 1 2 0 1 2 1 2 0 0 0 1 1 2 2 2 2 1 0 2 2 2 0 0 1 2 0 0 0 1 0 1 1 2 2 2 1 0 1 1 1 2 1 1 0 2 2 2 0 1 2 0 2 0 1 1 2 2 0 0 2 0 2 2 2 1 0 1 2 1 0 0 0 1 0 0 0 0 0 2 1 0 0 1 1 0 0 1 2 2 0 1 0 1 2 2 0 1 1 0 0 1 2 0 1 2 1 2 0 0 0 1 1 2 2 2 2 1 0 2 2 2 0 0 1 2 0 0 0 1 0 1 1 2 2 2 1 0 1 1 1 2 1 1 0 2 2 2 0 1 2 0 2 0 1 1 2 2 0 0 2 0 2 2 2 1 0 1 2 1 0 0 0 1 0 0 0 0 0 2 1 0 0 1
0.795485139511951 -1.36850397880246 -1.20595326301771 -0.988883676259608 -0.651187442967449 1 2 0 1 0 1 2 0 0 0 1 2 0 0 0 2 0 0 1 1 0 2 2 0 2 0 1 0 2 1 0 2 2 2 1 1 1 2 2 2 2 0 1 0 0 0 1 0 0 1 1 0 0 1 0 2 1 1 2 0 0 0 1 0 1 1 1 2 0 1 0 0 1 2 2 0 0 1 0 2 1 0 1 0 0 2 2 1 2 0 0 0 0 1 2 2 2 2 2 2 2 2 0 1 0 1 2 0 0 0 1 2 0 0 0 2 0 0 1 1 0 2 2 0 2 0 1 0 2 1 0 2 2 2 1 1 1 2 2 2 2 0 1 0 0 0 1 0 0 1 1 0 0 1 0 2 1 1 2 0 0 0 1 0 1 1 1 2 0 1 0 0 1 2 2 0 0 1 0 2 1 0 1 0 0 2 2 1 2 0 0 0 0 1 2 2 2 2 2 2 2
0.964560888823501 -0.166996470640427 1.96968965559766 0.330384729657854 0.190324833876105 -1 2 0 1 0 2 2 0 1 0 0 2 2 0 1 2 0 1 2 2 2 2 1 0 2 0 0 0 1 1 0 1 1 2 2 1 2 2 2 2 0 0 2 1 0 0 1 0 0 0 2 1 2 2 1 2 1 0 2 2 2 1 1 0 1 2 1 1 0 2 0 0 1 2 1 0 0 2 1 1 0 0 2 0 0 2 2 1 0 0 1 0 0 0 0 0 1 2 1 0 2 -2 0 -1 0 -2 -2 0 -1 0 0 -2 -2 0 -1 -2 0 -1 -2 -2 -2 -2 -1 0 -2 0 0 0 -1 -1 0 -1 -1 -2 -2 -1 -2 -2 -2 -2 0 0 -2 -1 0 0 -1 0 0 0 -2 -1 -2 -2 -1 -2 -1 0 -2 -2 -2 -1 -1 0 -1 -2 -1 -1 0 -2 0 0 -1 -2 -1 0 0 -2 -1 -1 0 0 -2 0 0 -2 -2 -1 0 0 -1 0 0 0 0 0 -1 -2 -1 0 -2
0.355056759644439 -0.334974755028573 -0.309620662656948 -1.78161530371352 -1.11600533560367 1 2 0 2 1 1 2 0 1 1 0 2 2 0 0 1 0 0 0 0 0 1 2 1 2 0 1 0 2 1 1 1 1 1 1 1 2 2 2 2 2 1 2 0 0 0 2 0 0 0 1 1 0 1 0 1 0 2 2 1 1 0 2 1 0 0 1 2 0 2 0 1 1 2 1 0 0 2 0 2 1 0 2 0 0 2 0 0 2 1 1 1 0 0 1 0 2 2 2 2 2 2 0 2 1 1 2 0 1 1 0 2 2 0 0 1 0 0 0 0 0 1 2 1 2 0 1 0 2 1 1 1 1 1 1 1 2 2 2 2 2 1 2 0 0 0 2 0 0 0 1 1 0 1 0 1 0 2 2 1 1 0 2 1 0 0 1 2 0 2 0 1 1 2 1 0 0 2 0 2 1 0 2 0 0 2 0 0 2 1 1 1 0 0 1 0 2 2 2 2 2
-0.621837485923628 0.687284885233534 -0.227550204925684 0.292533534437472 -0.984908945674879 1 1 0 0 0 0 2 0 0 0 0 0 1 0 0 2 0 1 1 0 1 1 2 0 2 0 0 1 1 0 0 1 2 1 1 1 1 2 2 2 1 1 2 2 0 0 1 0 0 0 1 1 1 1 0 2 0 0 1 0 2 0 2 2 2 1 0 0 0 2 0 0 1 2 2 1 1 2 0 2 2 1 1 0 1 2 2 0 0 0 0 1 1 0 1 1 2 2 2 1 2 1 0 0 0 0 2 0 0 0 0 0 1 0 0 2 0 1 1 0 1 1 2 0 2 0 0 1 1 0 0 1 2 1 1 1 1 2 2 2 1 1 2 2 0 0 1 0 0 0 1 1 1 1 0 2 0 0 1 0 2 0 2 2 2 1 0 0 0 2 0 0 1 2 2 1 1 2 0 2 2 1 1 0 1 2 2 0 0 0 0 1 1 0 1 1 2 2 2 1 2
1.48576421541503 -0.678087436991359 0.988823466689305 1.37845850852738 -0.805523116090312 1 0 0 1 1 2 2 0 1 0 0 2 2 0 1 2 0 2 2 2 1 2 2 0 1 0 0 0 1 1 0 1 1 2 1 1 1 2 2 2 1 1 2 1 0 0 2 0 2 1 2 2 2 1 1 2 1 0 2 1 2 0 1 1 0 0 0 2 2 2 0 0 1 2 2 0 1 2 0 2 1 0 2 0 0 2 1 1 1 0 1 2 1 1 2 1 2 2 2 2 2 0 0 1 1 2 2 0 1 0 0 2 2 0 1 2 0 2 2 2 1 2 2 0 1 0 0 0 1 1 0 1 1 2 1 1 1 2 2 2 1 1 2 1 0 0 2 0 2 1 2 2 2 1 1 2 1 0 2 1 2 0 1 1 0 0 0 2 2 2 0 0 1 2 2 0 1 2 0 2 1 0 2 0 0 2 1 1 1 0 1 2 1 1 2 1 2 2 2 2 2
1.6325423667126 0.1788478292591 -1.23038551428417 0.243053778513532 -0.0340996782054955 -1 1 0 1 0 0 1 0 0 0 0 0 2 0 0 1 0 0 2 2 1 1 2 0 2 0 0 1 1 1 0 1 1 1 1 0 1 1 2 1 0 0 1 0 0 0 1 0 0 1 2 2 2 0 0 2 1 0 2 1 0 0 2 1 1 0 1 2 0 2 0 1 1 2 1 0 0 1 0 2 2 1 1 0 1 2 0 0 0 0 0 2 0 0 1 0 2 2 1 2 2 -1 0 -1 0 0 -1 0 0 0 0 0 -2 0 0 -1 0 0 -2 -2 -1 -1 -2 0 -2 0 0 -1 -1 -1 0 -1 -1 -1 -1 0 -1 -1 -2 -1 0 0 -1 0 0 0 -1 0 0 -1 -2 -2 -2 0 0 -2 -1 0 -2 -1 0 0 -2 -1 -1 0 -1 -2 0 -2 0 -1 -1 -2 -1 0 0 -1 0 -2 -2 -1 -1 0 -1 -2 0 0 0 0 0 -2 0 0 -1 0 -2 -2 -1 -2 -2
-0.429018437642548 0.283646144244701 0.00105863555836998 -0.40862242575255 -1.19639784613568 1 2 1 2 2 2 2 1 1 0 0 2 2 0 0 0 0 0 0 1 0 2 2 1 2 0 0 0 0 1 0 1 1 0 0 1 1 1 2 0 0 0 2 0 0 1 1 0 0 0 1 1 1 1 0 1 1 1 1 0 1 0 0 1 1 1 2 1 0 0 0 0 1 1 2 0 0 2 0 2 2 1 2 0 1 2 2 1 1 0 1 0 0 0 1 0 2 2 1 2 1 2 1 2 2 2 2 1 1 0 0 2 2 0 0 0 0 0 0 1 0 2 2 1 2 0 0 0 0 1 0 1 1 0 0 1 1 1 2 0 0 0 2 0 0 1 1 0 0 0 1 1 1 1 0 1 1 1 1 0 1 0 0 1 1 1 2 1 0 0 0 0 1 1 2 0 0 2 0 2 2 1 2 0 1 2 2 1 1 0 1 0 0 0 1 0 2 2 1 2 1
1.42176599086022 -0.185686501436971 -0.489911173817544 -0.671197794151164 -1.22127426640256 1 2 1 2 2 2 2 0 0 0 0 0 1 0 0 1 0 0 1 1 1 2 2 2 2 0 0 1 2 1 0 1 2 2 1 1 2 2 2 2 1 2 2 0 0 0 1 0 1 0 2 2 2 1 0 2 2 1 1 1 2 0 1 0 2 1 1 1 1 1 0 0 1 2 2 0 0 2 0 2 2 0 2 0 0 2 1 0 0 0 0 1 0 1 1 0 2 2 2 1 2 2 1 2 2 2 2 0 0 0 0 0 1 0 0 1 0 0 1 1 1 2 2 2 2 0 0 1 2 1 0 1 2 2 1 1 2 2 2 2 1 2 2 0 0 0 1 0 1 0 2 2 2 1 0 2 2 1 1 1 2 0 1 0 2 1 1 1 1 1 0 0 1 2 2 0 0 2 0 2 2 0 2 0 0 2 1 0 0 0 0 1 0 1 1 0 2 2 2 1 2
-0.693126928524114 -1.83914452836679 -0.502952632576957 0.214159684235362 -0.525990913366658 -1 2 0 1 1 2 1 0 0 0 0 2 1 0 0 1 1 1 2 2 1 1 1 0 1 0 0 0 1 0 0 1 0 1 0 1 2 2 2 2 1 0 2 0 0 1 2 0 1 1 2 1 2 2 0 1 0 1 2 0 0 1 1 0 1 0 0 1 0 2 0 1 1 2 2 1 0 2 0 2 1 0 1 0 1 1 1 0 1 0 0 0 0 0 0 1 2 2 2 2 2 -2 0 -1 -1 -2 -1 0 0 0 0 -2 -1 0 0 -1 -1 -1 -2 -2 -1 -1 -1 0 -1 0 0 0 -1 0 0 -1 0 -1 0 -1 -2 -2 -2 -2 -1 0 -2 0 0 -1 -2 0 -1 -1 -2 -1 -2 -2 0 -1 0 -1 -2 0 0 -1 -1 0 -1 0 0 -1 0 -2 0 -1 -1 -2 -2 -1 0 -2 0 -2 -1 0 -1 0 -1 -1 -1 0 -1 0 0 0 0 0 0 -1 -2 -2 -2 -2 -2
0.118495050925211 -0.712900048931581 0.328290563223903 1.49349669584248 1.17493667666938 1 2 0 2 2 2 2 0 0 0 0 2 1 0 0 1 0 0 2 1 0 2 2 0 1 0 0 0 1 2 0 2 1 1 0 0 1 1 2 2 1 1 2 0 0 1 2 0 1 1 1 2 1 1 0 1 0 1 1 1 1 0 1 1 2 2 2 2 1 2 0 1 2 2 2 1 1 1 0 2 1 0 2 0 1 2 1 0 0 0 0 0 1 0 1 1 2 2 2 2 2 2 0 2 2 2 2 0 0 0 0 2 1 0 0 1 0 0 2 1 0 2 2 0 1 0 0 0 1 2 0 2 1 1 0 0 1 1 2 2 1 1 2 0 0 1 2 0 1 1 1 2 1 1 0 1 0 1 1 1 1 0 1 1 2 2 2 2 1 2 0 1 2 2 2 1 1 1 0 2 1 0 2 0 1 2 1 0 0 0 0 0 1 0 1 1 2 2 2 2 2
0.152744759229396 0.486283011500892 1.8630643995932 1.14160597116938 0.864290842707705 1 0 0 1 0 1 2 0 0 0 1 2 2 0 0 0 0 1 1 2 1 2 2 0 1 0 0 2 2 1 0 0 1 2 1 0 2 0 1 0 0 0 0 0 0 0 1 0 0 1 1 2 2 1 0 1 0 1 1 0 1 1 2 2 0 0 1 2 1 2 0 0 1 2 2 1 1 1 0 2 1 0 2 0 0 2 0 0 0 1 2 1 0 0 0 0 2 2 2 1 2 0 0 1 0 1 2 0 0 0 1 2 2 0 0 0 0 1 1 2 1 2 2 0 1 0 0 2 2 1 0 0 1 2 1 0 2 0 1 0 0 0 0 0 0 0 1 0 0 1 1 2 2 1 0 1 0 1 1 0 1 1 2 2 0 0 1 2 1 2 0 0 1 2 2 1 1 1 0 2 1 0 2 0 0 2 0 0 0 1 2 1 0 0 0 0 2 2 2 1 2
-1.38553954500226 1.953002383052 1.50226164319111 1.76648196728838 -1.19578648077257 1 1 0 1 1 2 2 0 2 1 1 1 2 0 1 2 0 1 2 2 1 2 2 0 1 0 0 0 1 1 0 1 0 1 0 0 1 0 2 2 1 1 2 1 0 0 2 1 2 2 2 2 2 1 0 2 0 0 2 2 2 0 2 2 2 1 2 2 2 2 0 1 1 2 2 1 1 2 1 1 0 0 1 0 0 1 1 0 0 0 0 0 1 0 2 2 2 2 2 2 2 1 0 1 1 2 2 0 2 1 1 1 2 0 1 2 0 1 2 2 1 2 2 0 1 0 0 0 1 1 0 1 0 1 0 0 1 0 2 2 1 1 2 1 0 0 2 1 2 2 2 2 2 1 0 2 0 0 2 2 2 0 2 2 2 1 2 2 2 2 0 1 1 2 2 1 1 2 1 1 0 0 1 0 0 1 1 0 0 0 0 0 1 0 2 2 2 2 2 2 2
-0.204611318865801 0.848713493837332 0.859443192782876 1.31903861354913 0.738780573731196 -1 1 0 0 0 1 2 0 0 0 1 1 2 0 1 2 1 0 1 2 0 1 2 0 1 0 0 0 2 0 0 0 0 2 2 0 1 1 2 0 0 0 2 0 0 0 1 0 0 0 1 1 1 0 0 1 0 2 2 1 1 0 1 1 1 0 2 2 1 2 0 0 0 2 1 0 0 2 0 2 1 0 0 0 1 2 2 1 1 0 0 1 0 0 1 0 2 1 1 1 2 -1 0 0 0 -1 -2 0 0 0 -1 -1 -2 0 -1 -2 -1 0 -1 -2 0 -1 -2 0 -1 0 0 0 -2 0 0 0 0 -2 -2 0 -1 -1 -2 0 0 0 -2 0 0 0 -1 0 0 0 -1 -1 -1 0 0 -1 0 -2 -2 -1 -1 0 -1 -1 -1 0 -2 -2 -1 -2 0 0 0 -2 -1 0 0 -2 0 -2 -1 0 0 0 -1 -2 -2 -1 -1 0 0 -1 0 0 -1 0 -2 -1 -1 -1 -2
0.926064732047828 0.95447675063022 -1.03556525990409 -1.1089423539586 1.50051842546241 -1 2 0 2 2 2 2 0 0 0 0 1 1 0 0 2 0 1 0 0 0 1 2 2 1 0 1 0 2 2 0 2 1 2 1 0 2 2 2 1 0 0 2 0 0 1 2 0 0 1 2 2 1 0 0 2 0 1 2 1 2 1 2 0 0 0 0 0 0 1 0 0 1 1 1 0 0 1 0 2 1 1 2 0 2 2 1 1 2 1 1 2 2 1 2 1 2 2 2 1 1 -2 0 -2 -2 -2 -2 0 0 0 0 -1 -1 0 0 -2 0 -1 0 0 0 -1 -2 -2 -1 0 -1 0 -2 -2 0 -2 -1 -2 -1 0 -2 -2 -2 -1 0 0 -2 0 0 -1 -2 0 0 -1 -2 -2 -1 0 0 -2 0 -1 -2 -1 -2 -1 -2 0 0 0 0 0 0 -1 0 0 -1 -1 -1 0 0 -1 0 -2 -1 -1 -2 0 -2 -2 -1 -1 -2 -1 -1 -2 -2 -1 -2 -1 -2 -2 -2 -1 -1
0.603032666168265 -0.682119673753035 -0.598192963405541 1.86986324382218 -0.829297524325107 -1 1 0 2 1 2 1 0 1 0 0 1 1 0 0 1 0 1 2 1 0 2 2 0 2 0 0 1 2 1 0 1 0 1 0 0 2 2 2 1 0 0 1 0 0 0 1 0 1 1 1 2 1 1 0 0 0 1 1 1 1 0 0 0 1 0 0 2 1 2 0 0 1 2 2 0 1 1 0 2 1 0 1 0 0 2 2 0 1 0 0 2 1 1 1 1 2 2 2 2 2 -1 0 -2 -1 -2 -1 0 -1 0 0 -1 -1 0 0 -1 0 -1 -2 -1 0 -2 -2 0 -2 0 0 -1 -2 -1 0 -1 0 -1 0 0 -2 -2 -2 -1 0 0 -1 0 0 0 -1 0 -1 -1 -1 -2 -1 -1 0 0 0 -1 -1 -1 -1 0 0 0 -1 0 0 -2 -1 -2 0 0 -1 -2 -2 0 -1 -1 0 -2 -1 0 -1 0 0 -2 -2 0 -1 0 0 -2 -1 -1 -1 -1 -2 -2 -2 -2 -2
0.802648564296247 1.10616395066583 -0.342313617305574 -0.56117745700772 0.564824322279778 -1 2 0 2 2 1 2 0 1 0 1 2 2 0 1 1 0 0 2 2 1 2 1 0 2 0 1 1 1 2 0 2 1 1 0 0 2 2 1 0 1 1 2 0 0 0 2 0 0 1 2 1 2 2 1 2 2 0 0 0 2 1 1 0 2 2 2 2 1 2 0 1 1 2 2 1 1 1 0 2 1 0 1 0 0 2 0 0 0 0 0 1 1 2 1 0 2 1 1 1 2 -2 0 -2 -2 -1 -2 0 -1 0 -1 -2 -2 0 -1 -1 0 0 -2 -2 -1 -2 -1 0 -2 0 -1 -1 -1 -2 0 -2 -1 -1 0 0 -2 -2 -1 0 -1 -1 -2 0 0 0 -2 0 0 -1 -2 -1 -2 -2 -1 -2 -2 0 0 0 -2 -1 -1 0 -2 -2 -2 -2 -1 -2 0 -1 -1 -2 -2 -1 -1 -1 0 -2 -1 0 -1 0 0 -2 0 0 0 0 0 -1 -1 -2 -1 0 -2 -1 -1 -1 -2
-0.391288480506636 0.432080105828703 -0.690356303738535 1.04416535146497 1.71856218824232 1 1 0 1 1 1 2 0 0 0 0 1 2 0 0 0 0 2 2 2 1 2 1 0 2 0 0 1 1 0 0 0 1 1 0 1 1 0 2 1 1 0 2 1 0 0 2 0 1 1 1 2 2 1 0 1 0 1 1 0 2 0 1 1 1 2 2 2 1 2 0 1 1 2 2 1 0 2 1 1 2 1 0 0 0 2 0 1 0 0 0 0 0 0 0 0 2 2 1 1 2 1 0 1 1 1 2 0 0 0 0 1 2 0 0 0 0 2 2 2 1 2 1 0 2 0 0 1 1 0 0 0 1 1 0 1 1 0 2 1 1 0 2 1 0 0 2 0 1 1 1 2 2 1 0 1 0 1 1 0 2 0 1 1 1 2 2 2 1 2 0 1 1 2 2 1 0 2 1 1 2 1 0 0 0 2 0 1 0 0 0 0 0 0 0 0 2 2 1 1 2
0.947066601961509 -1.02817317658838 -0.852680272595854 -0.348187248512791 1.09203223552742 1 2 0 2 1 2 2 0 0 0 1 2 2 0 0 2 0 1 2 2 2 2 2 1 2 0 0 0 2 2 0 2 1 1 0 0 2 2 2 2 1 0 2 1 0 1 1 0 1 1 2 2 1 1 0 0 0 1 2 2 2 0 2 0 0 0 1 1 1 2 0 0 1 2 2 0 1 2 0 2 1 0 2 0 1 2 1 0 0 0 0 0 0 0 1 0 2 2 0 1 2 2 0 2 1 2 2 0 0 0 1 2 2 0 0 2 0 1 2 2 2 2 2 1 2 0 0 0 2 2 0 2 1 1 0 0 2 2 2 2 1 0 2 1 0 1 1 0 1 1 2 2 1 1 0 0 0 1 2 2 2 0 2 0 0 0 1 1 1 2 0 0 1 2 2 0 1 2 0 2 1 0 2 0 1 2 1 0 0 0 0 0 0 0 1 0 2 2 0 1 2
0.299545326082922 0.165626464395339 -0.52851785340826 -0.876018265062878 0.350560259121335 -1 2 0 0 0 0 1 0 0 0 1 2 2 0 0 1 0 1 0 1 0 2 2 0 1 0 0 0 1 0 0 1 0 0 0 0 1 0 1 0 1 1 2 0 0 1 1 0 0 0 2 2 0 1 0 1 0 0 1 0 1 0 2 1 0 0 0 0 0 0 0 1 2 2 2 0 0 2 0 2 1 0 2 0 2 2 0 0 0 0 1 1 1 0 0 1 2 2 1 2 2 -2 0 0 0 0 -1 0 0 0 -1 -2 -2 0 0 -1 0 -1 0 -1 0 -2 -2 0 -1 0 0 0 -1 0 0 -1 0 0 0 0 -1 0 -1 0 -1 -1 -2 0 0 -1 -1 0 0 0 -2 -2 0 -1 0 -1 0 0 -1 0 -1 0 -2 -1 0 0 0 0 0 0 0 -1 -2 -2 -2 0 0 -2 0 -2 -1 0 -2 0 -2 -2 0 0 0 0 -1 -1 -1 0 0 -1 -2 -2 -1 -2 -2
2.68540764805654 -0.0993420743775965 -1.95505004581372 0.953304590275372 -1.87874624595296 1 2 0 2 1 0 2 0 2 0 1 1 2 0 0 2 0 0 1 2 1 2 1 0 1 0 0 0 0 0 0 2 1 1 0 0 2 1 2 2 0 0 1 0 0 1 1 1 2 2 2 2 2 0 0 1 0 1 1 0 0 0 1 1 2 1 2 2 1 2 0 0 0 2 1 0 0 2 1 1 0 0 2 0 2 2 2 2 2 1 2 0 0 0 0 0 2 2 2 2 2 2 0 2 1 0 2 0 2 0 1 1 2 0 0 2 0 0 1 2 1 2 1 0 1 0 0 0 0 0 0 2 1 1 0 0 2 1 2 2 0 0 1 0 0 1 1 1 2 2 2 2 2 0 0 1 0 1 1 0 0 0 1 1 2 1 2 2 1 2 0 0 0 2 1 0 0 2 1 1 0 0 2 0 2 2 2 2 2 1 2 0 0 0 0 0 2 2 2 2 2
1.32342754783057 0.0181658481204586 0.81911011962894 0.372187911038732 0.255219955262712 -1 2 0 1 2 1 0 0 0 0 0 1 2 0 0 2 0 0 2 1 1 2 2 1 2 0 0 0 1 2 0 1 2 2 0 0 1 1 2 2 0 1 1 0 0 1 2 1 0 0 1 2 1 1 0 1 1 1 1 1 1 0 1 0 2 2 1 2 1 2 1 1 1 1 2 0 1 2 1 1 0 0 2 0 1 2 0 0 0 0 0 0 0 0 0 0 2 2 1 1 1 -2 0 -1 -2 -1 0 0 0 0 0 -1 -2 0 0 -2 0 0 -2 -1 -1 -2 -2 -1 -2 0 0 0 -1 -2 0 -1 -2 -2 0 0 -1 -1 -2 -2 0 -1 -1 0 0 -1 -2 -1 0 0 -1 -2 -1 -1 0 -1 -1 -1 -1 -1 -1 0 -1 0 -2 -2 -1 -2 -1 -2 -1 -1 -1 -1 -2 0 -1 -2 -1 -1 0 0 -2 0 -1 -2 0 0 0 0 0 0 0 0 0 0 -2 -2 -1 -1 -1
-1.26303703092063 0.809967017478511 -1.14261603852788 1.94805462449742 -0.404503151900046 -1 1 0 2 1 2 1 0 1 0 0 1 2 0 0 1 0 1 1 2 0 0 2 1 1 0 0 0 1 2 1 1 1 1 0 1 2 2 2 2 2 1 1 0 0 0 2 0 0 0 1 2 1 1 0 2 1 1 2 1 0 0 0 0 1 0 1 2 1 2 0 0 0 2 2 0 1 2 0 2 2 1 2 0 1 2 1 0 0 0 1 1 0 0 1 0 2 2 1 2 2 -1 0 -2 -1 -2 -1 0 -1 0 0 -1 -2 0 0 -1 0 -1 -1 -2 0 0 -2 -1 -1 0 0 0 -1 -2 -1 -1 -1 -1 0 -1 -2 -2 -2 -2 -2 -1 -1 0 0 0 -2 0 0 0 -1 -2 -1 -1 0 -2 -1 -1 -2 -1 0 0 0 0 -1 0 -1 -2 -1 -2 0 0 0 -2 -2 0 -1 -2 0 -2 -2 -1 -2 0 -1 -2 -1 0 0 0 -1 -1 0 0 -1 0 -2 -2 -1 -2 -2
0.855509495594823 -0.590700031096929 -0.618924367588802 0.499903921300306 -0.661240732231584 -1 1 0 1 2 1 2 0 1 0 1 2 2 0 1 1 0 0 1 0 0 2 2 1 2 0 0 0 2 0 0 2 1 1 1 0 2 2 1 1 2 1 2 0 0 1 2 0 1 1 2 2 1 1 1 2 0 2 2 0 1 0 0 0 1 1 1 1 0 2 0 1 0 2 2 1 0 2 0 2 2 0 1 0 1 2 1 0 0 0 0 0 0 1 2 1 2 2 2 1 2 -1 0 -1 -2 -1 -2 0 -1 0 -1 -2 -2 0 -1 -1 0 0 -1 0 0 -2 -2 -1 -2 0 0 0 -2 0 0 -2 -1 -1 -1 0 -2 -2 -1 -1 -2 -1 -2 0 0 -1 -2 0 -1 -1 -2 -2 -1 -1 -1 -2 0 -2 -2 0 -1 0 0 0 -1 -1 -1 -1 0 -2 0 -1 0 -2 -2 -1 0 -2 0 -2 -2 0 -1 0 -1 -2 -1 0 0 0 0 0 0 -1 -2 -1 -2 -2 -2 -1 -2
-0.537224210789007 0.683642028445244 -1.90450998804399 -1.60172314657107 -2.40456839647689 -1 1 0 1 2 0 2 0 1 1 1 2 2 0 0 1 1 1 1 2 0 1 2 0 1 0 0 0 0 0 0 1 1 2 0 0 2 1 2 1 1 1 0 0 0 0 0 0 0 0 0 1 1 1 1 2 0 0 1 0 0 0 2 1 1 1 0 1 0 2 0 0 0 2 2 0 0 2 0 2 2 0 2 0 0 2 2 1 1 1 1 1 0 0 0 0 2 2 2 1 1 -1 0 -1 -2 0 -2 0 -1 -1 -1 -2 -2 0 0 -1 -1 -1 -1 -2 0 -1 -2 0 -1 0 0 0 0 0 0 -1 -1 -2 0 0 -2 -1 -2 -1 -1 -1 0 0 0 0 0 0 0 0 0 -1 -1 -1 -1 -2 0 0 -1 0 0 0 -2 -1 -1 -1 0 -1 0 -2 0 0 0 -2 -2 0 0 -2 0 -2 -2 0 -2 0 0 -2 -2 -1 -1 -1 -1 -1 0 0 0 0 -2 -2 -2 -1 -1
-0.81334280214508 -0.171767462789452 0.754487350560137 -0.153483096545071 -0.654125199585083 1 2 0 1 2 2 2 0 2 0 0 0 1 0 1 2 0 0 1 1 0 0 2 0 1 0 1 1 2 1 1 2 1 2 0 0 2 2 2 1 0 0 2 1 0 1 0 0 0 1 0 1 1 1 0 0 0 2 2 2 1 1 1 1 2 1 1 2 1 2 0 0 1 2 2 1 1 2 0 2 2 0 1 0 1 2 0 0 0 0 0 0 0 0 0 1 2 2 2 2 2 2 0 1 2 2 2 0 2 0 0 0 1 0 1 2 0 0 1 1 0 0 2 0 1 0 1 1 2 1 1 2 1 2 0 0 2 2 2 1 0 0 2 1 0 1 0 0 0 1 0 1 1 1 0 0 0 2 2 2 1 1 1 1 2 1 1 2 1 2 0 0 1 2 2 1 1 2 0 2 2 0 1 0 1 2 0 0 0 0 0 0 0 0 0 1 2 2 2 2 2
-0.258237672789949 1.22048990760167 2.24809277522899 1.14220039993676 -1.61546468528129 1 2 0 1 0 2 2 0 1 1 1 2 2 0 1 2 1 0 2 2 0 1 1 0 1 0 0 1 1 2 0 1 0 1 1 0 1 1 2 2 1 1 2 0 0 1 1 1 1 0 2 2 2 2 0 2 0 1 2 1 1 0 1 0 1 2 1 1 0 2 0 0 0 2 1 0 0 2 0 1 1 0 1 0 1 2 0 0 0 0 0 1 0 0 2 2 2 2 2 2 2 2 0 1 0 2 2 0 1 1 1 2 2 0 1 2 1 0 2 2 0 1 1 0 1 0 0 1 1 2 0 1 0 1 1 0 1 1 2 2 1 1 2 0 0 1 1 1 1 0 2 2 2 2 0 2 0 1 2 1 1 0 1 0 1 2 1 1 0 2 0 0 0 2 1 0 0 2 0 1 1 0 1 0 1 2 0 0 0 0 0 1 0 0 2 2 2 2 2 2 2
0.581064961065031 -1.84065506091804 -0.0196836833781367 -1.20354340118711 1.49755307450883 1 1 0 1 1 1 1 0 1 0 0 2 2 0 1 2 0 1 0 0 0 1 2 0 1 0 0 1 1 2 0 1 1 2 1 2 2 1 2 0 1 1 2 0 0 0 2 0 1 1 2 2 1 0 0 1 0 1 2 2 1 0 1 0 1 0 1 2 0 1 0 1 0 2 2 0 0 2 0 0 0 0 2 0 1 2 1 1 0 0 1 0 0 0 1 0 2 2 2 1 2 1 0 1 1 1 1 0 1 0 0 2 2 0 1 2 0 1 0 0 0 1 2 0 1 0 0 1 1 2 0 1 1 2 1 2 2 1 2 0 1 1 2 0 0 0 2 0 1 1 2 2 1 0 0 1 0 1 2 2 1 0 1 0 1 0 1 2 0 1 0 1 0 2 2 0 0 2 0 0 0 0 2 0 1 2 1 1 0 0 1 0 0 0 1 0 2 2 2 1 2
-1.00468339817179 -1.61301325516808 0.249614066214853 0.456949159750621 -0.364168968259895 -1 2 1 2 2 2 2 0 2 1 2 2 2 0 1 2 1 1 2 2 0 1 1 0 2 0 0 0 1 0 0 1 1 2 0 0 1 0 2 1 2 0 1 0 0 0 2 0 0 0 0 2 0 1 0 2 0 1 2 1 1 0 0 2 2 0 1 2 0 1 0 0 0 2 2 0 0 2 0 2 0 0 1 0 1 2 2 1 0 1 1 1 0 0 1 1 2 2 2 1 2 -2 -1 -2 -2 -2 -2 0 -2 -1 -2 -2 -2 0 -1 -2 -1 -1 -2 -2 0 -1 -1 0 -2 0 0 0 -1 0 0 -1 -1 -2 0 0 -1 0 -2 -1 -2 0 -1 0 0 0 -2 0 0 0 0 -2 0 -1 0 -2 0 -1 -2 -1 -1 0 0 -2 -2 0 -1 -2 0 -1 0 0 0 -2 -2 0 0 -2 0 -2 0 0 -1 0 -1 -2 -2 -1 0 -1 -1 -1 0 0 -1 -1 -2 -2 -2 -1 -2
-0.498092937122475 0.420902838813625 -0.947345445623194 0.645386124961632 -1.42046329615704 1 0 0 0 1 2 2 0 0 0 0 1 2 0 0 1 0 0 0 1 0 2 2 2 2 0 0 0 1 1 0 1 1 2 0 2 2 2 2 2 2 1 2 1 0 0 1 0 0 1 2 2 2 0 0 2 1 1 2 0 1 0 1 1 2 1 0 1 0 2 0 0 0 2 2 1 0 0 0 2 2 0 0 0 0 1 0 0 1 1 1 0 0 0 0 0 2 2 1 1 2 0 0 0 1 2 2 0 0 0 0 1 2 0 0 1 0 0 0 1 0 2 2 2 2 0 0 0 1 1 0 1 1 2 0 2 2 2 2 2 2 1 2 1 0 0 1 0 0 1 2 2 2 0 0 2 1 1 2 0 1 0 1 1 2 1 0 1 0 2 0 0 0 2 2 1 0 0 0 2 2 0 0 0 0 1 0 0 1 1 1 0 0 0 0 0 2 2 1 1 2
1.86415440639409 -0.367003428910636 -0.103542042459368 -1.0607278014829 -0.648780846010549 1 2 0 1 2 2 1 0 0 0 1 1 1 0 0 0 0 0 1 2 0 2 2 0 2 0 0 0 0 1 0 2 1 2 0 0 2 2 2 1 1 0 2 0 0 1 1 0 0 0 1 1 1 2 0 2 1 1 1 0 1 0 1 0 1 0 0 1 1 2 0 0 1 2 2 0 2 2 0 1 0 0 1 0 0 2 1 0 1 1 0 0 0 0 1 0 2 2 1 2 2 2 0 1 2 2 1 0 0 0 1 1 1 0 0 0 0 0 1 2 0 2 2 0 2 0 0 0 0 1 0 2 1 2 0 0 2 2 2 1 1 0 2 0 0 1 1 0 0 0 1 1 1 2 0 2 1 1 1 0 1 0 1 0 1 0 0 1 1 2 0 0 1 2 2 0 2 2 0 1 0 0 1 0 0 2 1 0 1 1 0 0 0 0 1 0 2 2 1 2 2
-1.31481384458969 -1.29112972660956 0.461277579994918 -1.3888388132592 -1.32387476900838 1 1 0 0 0 0 1 0 0 0 1 1 2 0 0 1 0 1 1 2 1 2 2 0 1 0 0 0 1 1 0 0 1 2 1 0 1 1 2 2 1 1 2 1 0 0 1 0 1 2 1 2 2 2 0 1 2 2 2 1 1 0 2 0 1 1 1 2 1 2 0 1 1 2 2 0 0 1 0 2 2 0 2 0 0 1 0 0 0 0 0 0 0 0 0 0 2 1 0 0 2 1 0 0 0 0 1 0 0 0 1 1 2 0 0 1 0 1 1 2 1 2 2 0 1 0 0 0 1 1 0 0 1 2 1 0 1 1 2 2 1 1 2 1 0 0 1 0 1 2 1 2 2 2 0 1 2 2 2 1 1 0 2 0 1 1 1 2 1 2 0 1 1 2 2 0 0 1 0 2 2 0 2 0 0 1 0 0 0 0 0 0 0 0 0 0 2 1 0 0 2
0.0112771440595121 1.37514781125155 1.17458562799348 0.594737616571378 -0.491774823735774 -1 1 0 1 1 1 2 0 2 0 0 2 2 0 0 1 1 0 2 2 2 2 2 1 2 0 1 1 2 2 0 1 0 1 0 1 2 1 1 0 0 0 2 0 0 0 2 0 1 2 2 1 0 1 1 2 0 1 1 0 2 1 2 0 0 0 0 1 0 2 0 0 0 1 2 0 0 2 0 2 2 0 2 0 2 2 2 1 0 0 2 2 0 0 2 1 2 2 2 2 2 -1 0 -1 -1 -1 -2 0 -2 0 0 -2 -2 0 0 -1 -1 0 -2 -2 -2 -2 -2 -1 -2 0 -1 -1 -2 -2 0 -1 0 -1 0 -1 -2 -1 -1 0 0 0 -2 0 0 0 -2 0 -1 -2 -2 -1 0 -1 -1 -2 0 -1 -1 0 -2 -1 -2 0 0 0 0 -1 0 -2 0 0 0 -1 -2 0 0 -2 0 -2 -2 0 -2 0 -2 -2 -2 -1 0 0 -2 -2 0 0 -2 -1 -2 -2 -2 -2 -2
-0.540964930459976 1.85670149985198 -1.73225612614321 0.655747833199748 -0.763885018209545 -1 1 0 1 2 2 2 0 1 0 0 2 2 0 0 1 0 1 1 2 2 2 2 0 2 0 0 1 2 2 0 2 0 1 0 2 2 2 2 1 1 0 1 1 0 0 1 0 0 2 2 2 0 1 0 0 0 1 1 1 2 1 2 1 1 1 1 1 0 2 0 0 1 2 2 0 0 1 0 2 0 0 0 0 0 1 0 0 0 0 1 1 1 1 1 0 2 2 1 2 2 -1 0 -1 -2 -2 -2 0 -1 0 0 -2 -2 0 0 -1 0 -1 -1 -2 -2 -2 -2 0 -2 0 0 -1 -2 -2 0 -2 0 -1 0 -2 -2 -2 -2 -1 -1 0 -1 -1 0 0 -1 0 0 -2 -2 -2 0 -1 0 0 0 -1 -1 -1 -2 -1 -2 -1 -1 -1 -1 -1 0 -2 0 0 -1 -2 -2 0 0 -1 0 -2 0 0 0 0 0 -1 0 0 0 0 -1 -1 -1 -1 -1 0 -2 -2 -1 -2 -2
-0.319671000450644 1.10869936196343 -1.16635663308472 0.903620583642705 1.23813299612198 -1 1 0 0 1 1 2 0 0 0 1 2 2 0 1 1 0 1 2 2 1 2 2 1 2 0 0 0 0 0 0 0 0 0 0 2 1 1 2 0 0 1 2 1 0 1 2 0 1 0 2 2 2 2 0 1 1 1 2 0 1 0 1 0 1 1 1 2 0 2 0 1 2 2 2 1 1 2 0 2 2 1 0 0 0 1 0 0 1 0 0 0 0 0 0 0 2 2 0 1 1 -1 0 0 -1 -1 -2 0 0 0 -1 -2 -2 0 -1 -1 0 -1 -2 -2 -1 -2 -2 -1 -2 0 0 0 0 0 0 0 0 0 0 -2 -1 -1 -2 0 0 -1 -2 -1 0 -1 -2 0 -1 0 -2 -2 -2 -2 0 -1 -1 -1 -2 0 -1 0 -1 0 -1 -1 -1 -2 0 -2 0 -1 -2 -2 -2 -1 -1 -2 0 -2 -2 -1 0 0 0 -1 0 0 -1 0 0 0 0 0 0 0 -2 -2 0 -1 -1
-0.228026236153677 0.891419292234989 0.139556365612317 1.59982422016296 -1.46560943190349 1 1 0 1 1 1 2 0 1 2 2 2 2 0 1 2 1 0 1 2 2 2 2 1 2 0 0 1 0 1 0 0 0 1 1 1 2 2 2 1 0 0 2 0 0 0 1 0 2 2 2 2 2 2 0 2 1 2 2 0 0 0 1 1 1 0 0 1 0 1 0 0 0 1 1 0 0 1 1 2 2 2 1 0 0 2 2 0 2 1 0 1 0 0 1 1 2 2 0 1 2 1 0 1 1 1 2 0 1 2 2 2 2 0 1 2 1 0 1 2 2 2 2 1 2 0 0 1 0 1 0 0 0 1 1 1 2 2 2 1 0 0 2 0 0 0 1 0 2 2 2 2 2 2 0 2 1 2 2 0 0 0 1 1 1 0 0 1 0 1 0 0 0 1 1 0 0 1 1 2 2 2 1 0 0 2 2 0 2 1 0 1 0 0 1 1 2 2 0 1 2
0.660145074712247 -0.770915998505545 -2.82337226259685 -0.167485919078098 -0.570571136619008 1 0 0 0 1 1 1 0 1 0 1 0 1 0 0 1 0 1 2 2 0 0 2 1 2 0 0 0 1 2 0 0 1 1 0 0 1 0 2 0 0 0 2 0 0 0 1 0 0 0 2 2 2 2 0 1 0 2 2 0 0 0 0 0 0 0 0 0 0 0 0 0 1 2 1 0 0 2 0 1 0 0 1 0 1 2 1 0 0 0 0 0 0 0 1 1 2 2 2 2 2 0 0 0 1 1 1 0 1 0 1 0 1 0 0 1 0 1 2 2 0 0 2 1 2 0 0 0 1 2 0 0 1 1 0 0 1 0 2 0 0 0 2 0 0 0 1 0 0 0 2 2 2 2 0 1 0 2 2 0 0 0 0 0 0 0 0 0 0 0 0 0 1 2 1 0 0 2 0 1 0 0 1 0 1 2 1 0 0 0 0 0 0 0 1 1 2 2 2 2 2
-0.842332014333559 -1.5851366907556 -0.262933032611945 1.02408728807861 -1.46381276422644 -1 2 0 1 2 2 2 0 1 0 1 2 2 0 1 2 1 0 0 2 0 2 2 1 2 0 0 1 2 2 0 2 1 2 1 0 2 2 2 0 0 0 2 0 0 0 2 0 0 1 2 2 0 1 0 1 1 1 2 0 0 0 2 1 1 0 0 1 0 1 0 0 0 2 1 0 0 0 0 2 2 0 1 0 0 1 1 0 0 0 1 1 1 1 1 0 2 2 2 2 2 -2 0 -1 -2 -2 -2 0 -1 0 -1 -2 -2 0 -1 -2 -1 0 0 -2 0 -2 -2 -1 -2 0 0 -1 -2 -2 0 -2 -1 -2 -1 0 -2 -2 -2 0 0 0 -2 0 0 0 -2 0 0 -1 -2 -2 0 -1 0 -1 -1 -1 -2 0 0 0 -2 -1 -1 0 0 -1 0 -1 0 0 0 -2 -1 0 0 0 0 -2 -2 0 -1 0 0 -1 -1 0 0 0 -1 -1 -1 -1 -1 0 -2 -2 -2 -2 -2
-0.462689933840905 1.43557778992962 0.793133894323352 0.638523774679156 -0.376521405695514 1 0 0 2 1 1 2 0 0 0 1 1 2 0 0 1 0 0 1 2 0 2 2 0 2 0 0 1 2 2 0 2 0 2 0 0 2 2 2 1 1 0 2 1 0 0 0 0 0 0 1 1 0 1 1 1 0 2 2 0 2 0 1 0 0 1 1 1 0 1 0 0 0 2 2 0 0 2 0 1 1 0 2 0 0 2 1 0 0 0 1 1 1 0 1 1 2 2 2 1 2 0 0 2 1 1 2 0 0 0 1 1 2 0 0 1 0 0 1 2 0 2 2 0 2 0 0 1 2 2 0 2 0 2 0 0 2 2 2 1 1 0 2 1 0 0 0 0 0 0 1 1 0 1 1 1 0 2 2 0 2 0 1 0 0 1 1 1 0 1 0 0 0 2 2 0 0 2 0 1 1 0 2 0 0 2 1 0 0 0 1 1 1 0 1 1 2 2 2 1 2
1.24589774855267 0.426403285688818 0.0842652604823467 1.29019263671181 -1.46231360084677 1 0 0 1 1 0 1 0 0 0 0 2 1 0 0 0 0 0 0 0 0 0 2 0 2 0 0 1 1 1 0 1 2 1 0 1 2 1 2 2 2 1 0 0 0 0 1 0 0 0 1 2 1 1 0 2 0 1 1 0 0 1 2 2 1 0 0 1 1 2 0 0 0 2 1 0 0 2 1 2 2 0 1 0 1 2 1 0 0 0 0 0 0 0 2 1 2 2 2 1 2 0 0 1 1 0 1 0 0 0 0 2 1 0 0 0 0 0 0 0 0 0 2 0 2 0 0 1 1 1 0 1 2 1 0 1 2 1 2 2 2 1 0 0 0 0 1 0 0 0 1 2 1 1 0 2 0 1 1 0 0 1 2 2 1 0 0 1 1 2 0 0 0 2 1 0 0 2 1 2 2 0 1 0 1 2 1 0 0 0 0 0 0 0 2 1 2 2 2 1 2
0.77360707144413 0.957290683288289 -0.74361454330216 -0.763100293151276 -0.236066239232296 -1 2 0 1 1 2 2 0 0 0 1 2 1 0 1 0 0 0 0 0 0 1 2 0 2 0 0 0 0 1 0 2 1 2 0 0 2 1 2 0 0 0 2 1 0 0 1 0 0 0 1 1 0 2 0 2 0 2 2 2 1 0 2 1 2 2 2 2 1 2 0 1 1 2 1 0 0 1 0 2 2 1 2 0 1 2 1 0 0 0 0 0 0 0 0 0 1 2 0 1 2 -2 0 -1 -1 -2 -2 0 0 0 -1 -2 -1 0 -1 0 0 0 0 0 0 -1 -2 0 -2 0 0 0 0 -1 0 -2 -1 -2 0 0 -2 -1 -2 0 0 0 -2 -1 0 0 -1 0 0 0 -1 -1 0 -2 0 -2 0 -2 -2 -2 -1 0 -2 -1 -2 -2 -2 -2 -1 -2 0 -1 -1 -2 -1 0 0 -1 0 -2 -2 -1 -2 0 -1 -2 -1 0 0 0 0 0 0 0 0 0 -1 -2 0 -1 -2
2.05666714586285 -0.18080979450414 0.962625024559785 -1.57720055762596 -0.465773952121701 -1 2 0 1 1 2 1 0 0 0 1 2 2 0 1 2 1 0 2 1 0 1 2 0 2 0 0 0 1 1 0 2 0 1 1 1 2 1 2 0 0 1 1 0 0 0 1 0 0 0 1 2 1 0 0 2 0 0 2 0 1 1 1 1 1 1 1 1 0 2 0 0 0 2 1 0 1 2 0 1 0 0 1 0 0 1 1 0 0 0 0 2 0 0 2 2 2 2 2 2 2 -2 0 -1 -1 -2 -1 0 0 0 -1 -2 -2 0 -1 -2 -1 0 -2 -1 0 -1 -2 0 -2 0 0 0 -1 -1 0 -2 0 -1 -1 -1 -2 -1 -2 0 0 -1 -1 0 0 0 -1 0 0 0 -1 -2 -1 0 0 -2 0 0 -2 0 -1 -1 -1 -1 -1 -1 -1 -1 0 -2 0 0 0 -2 -1 0 -1 -2 0 -1 0 0 -1 0 0 -1 -1 0 0 0 0 -2 0 0 -2 -2 -2 -2 -2 -2 -2
0.898433797331575 -1.34351046638376 -1.27392094147481 -0.915120104191319 -1.26402707542925 -1 2 0 2 2 1 2 0 1 0 0 1 0 0 0 0 0 0 1 1 1 2 2 0 2 0 1 0 1 1 0 0 0 1 0 0 1 2 1 0 0 0 1 0 0 0 0 0 1 1 2 1 0 1 0 2 1 0 2 2 1 0 0 0 1 1 1 2 0 2 0 1 1 2 1 0 0 2 0 2 1 0 1 0 0 2 2 1 1 0 0 1 0 0 1 0 2 2 2 2 2 -2 0 -2 -2 -1 -2 0 -1 0 0 -1 0 0 0 0 0 0 -1 -1 -1 -2 -2 0 -2 0 -1 0 -1 -1 0 0 0 -1 0 0 -1 -2 -1 0 0 0 -1 0 0 0 0 0 -1 -1 -2 -1 0 -1 0 -2 -1 0 -2 -2 -1 0 0 0 -1 -1 -1 -2 0 -2 0 -1 -1 -2 -1 0 0 -2 0 -2 -1 0 -1 0 0 -2 -2 -1 -1 0 0 -1 0 0 -1 0 -2 -2 -2 -2 -2
1.50442219755901 0.158061059890992 -0.440040378535986 1.89040232018367 -1.51245271072551 -1 1 1 2 2 1 0 0 0 0 2 2 2 0 2 2 0 1 2 2 2 2 2 1 2 0 0 0 1 0 0 1 1 2 2 0 2 1 2 0 0 0 1 0 0 1 2 0 0 1 0 1 1 2 0 0 0 1 2 1 1 1 2 0 2 1 1 2 2 2 0 2 2 2 2 0 1 2 1 0 0 0 2 0 1 2 2 0 1 0 0 1 0 0 2 1 2 2 2 2 1 -1 -1 -2 -2 -1 0 0 0 0 -2 -2 -2 0 -2 -2 0 -1 -2 -2 -2 -2 -2 -1 -2 0 0 0 -1 0 0 -1 -1 -2 -2 0 -2 -1 -2 0 0 0 -1 0 0 -1 -2 0 0 -1 0 -1 -1 -2 0 0 0 -1 -2 -1 -1 -1 -2 0 -2 -1 -1 -2 -2 -2 0 -2 -2 -2 -2 0 -1 -2 -1 0 0 0 -2 0 -1 -2 -2 0 -1 0 0 -1 0 0 -2 -1 -2 -2 -2 -2 -1
0.764096488403833 0.776391414714639 -0.761046879331556 0.219637921269933 0.671268378402978 -1 1 0 0 0 0 1 0 0 1 0 1 2 0 0 1 0 1 2 1 1 1 2 0 1 0 0 0 2 2 0 2 1 1 1 1 1 2 2 1 1 0 1 0 0 0 1 0 0 0 1 1 2 2 0 2 1 1 2 1 0 0 0 0 1 1 1 2 2 2 0 1 1 2 2 1 2 2 0 1 0 0 2 0 0 2 1 0 0 0 1 1 1 0 0 0 1 2 2 2 2 -1 0 0 0 0 -1 0 0 -1 0 -1 -2 0 0 -1 0 -1 -2 -1 -1 -1 -2 0 -1 0 0 0 -2 -2 0 -2 -1 -1 -1 -1 -1 -2 -2 -1 -1 0 -1 0 0 0 -1 0 0 0 -1 -1 -2 -2 0 -2 -1 -1 -2 -1 0 0 0 0 -1 -1 -1 -2 -2 -2 0 -1 -1 -2 -2 -1 -2 -2 0 -1 0 0 -2 0 0 -2 -1 0 0 0 -1 -1 -1 0 0 0 -1 -2 -2 -2 -2
-2.01240340101411 -0.690436990163508 1.44046532204749 0.923216386859875 -1.76381711549094 -1 2 0 2 2 1 1 0 1 0 1 2 1 0 1 1 0 0 2 2 0 0 2 1 1 0 0 0 0 0 0 2 2 2 1 0 2 2 2 1 2 1 2 1 0 0 0 0 0 0 1 2 1 2 1 2 0 1 1 0 0 0 1 1 1 1 1 1 0 1 0 0 0 2 2 0 0 2 0 2 1 1 0 0 1 2 2 1 1 1 2 2 0 0 0 0 2 2 1 2 2 -2 0 -2 -2 -1 -1 0 -1 0 -1 -2 -1 0 -1 -1 0 0 -2 -2 0 0 -2 -1 -1 0 0 0 0 0 0 -2 -2 -2 -1 0 -2 -2 -2 -1 -2 -1 -2 -1 0 0 0 0 0 0 -1 -2 -1 -2 -1 -2 0 -1 -1 0 0 0 -1 -1 -1 -1 -1 -1 0 -1 0 0 0 -2 -2 0 0 -2 0 -2 -1 -1 0 0 -1 -2 -2 -1 -1 -1 -2 -2 0 0 0 0 -2 -2 -1 -2 -2
-1.71533278712589 0.588884945533483 1.80584238639879 -0.0453600047492345 0.0495723223494515 -1 1 0 0 1 1 2 0 1 0 0 2 1 0 1 2 1 1 2 2 2 2 2 0 2 0 0 1 2 2 1 1 1 2 1 0 1 0 0 0 0 0 2 0 0 0 0 0 0 0 1 1 0 0 0 2 0 1 1 0 1 1 2 2 1 0 1 2 0 2 0 0 1 2 0 0 0 2 0 2 1 1 1 0 1 2 1 0 0 1 1 0 0 0 0 1 2 2 1 1 1 -1 0 0 -1 -1 -2 0 -1 0 0 -2 -1 0 -1 -2 -1 -1 -2 -2 -2 -2 -2 0 -2 0 0 -1 -2 -2 -1 -1 -1 -2 -1 0 -1 0 0 0 0 0 -2 0 0 0 0 0 0 0 -1 -1 0 0 0 -2 0 -1 -1 0 -1 -1 -2 -2 -1 0 -1 -2 0 -2 0 0 -1 -2 0 0 0 -2 0 -2 -1 -1 -1 0 -1 -2 -1 0 0 -1 -1 0 0 0 0 -1 -2 -2 -1 -1 -1
0.548328124869264 1.35339629374872 0.281226267330851 -1.55800746912236 0.385280720646257 -1 1 0 0 1 2 2 0 1 0 1 2 2 0 0 1 0 1 2 2 1 2 0 1 1 0 0 0 2 2 0 0 1 1 0 1 2 1 1 0 1 1 2 0 0 1 2 0 1 1 2 2 2 1 0 2 1 2 2 2 2 0 2 1 0 0 0 2 2 2 0 0 1 2 2 1 1 2 1 2 2 0 2 0 0 2 0 0 0 0 1 1 0 0 0 0 2 2 1 0 1 -1 0 0 -1 -2 -2 0 -1 0 -1 -2 -2 0 0 -1 0 -1 -2 -2 -1 -2 0 -1 -1 0 0 0 -2 -2 0 0 -1 -1 0 -1 -2 -1 -1 0 -1 -1 -2 0 0 -1 -2 0 -1 -1 -2 -2 -2 -1 0 -2 -1 -2 -2 -2 -2 0 -2 -1 0 0 0 -2 -2 -2 0 0 -1 -2 -2 -1 -1 -2 -1 -2 -2 0 -2 0 0 -2 0 0 0 0 -1 -1 0 0 0 0 -2 -2 -1 0 -1
-1.35584607034213 0.602093827695641 1.10751329093264 1.00735080786833 0.151960303899258 1 1 0 1 1 0 2 0 1 0 0 2 2 0 2 2 0 2 2 2 1 2 2 0 2 0 0 1 1 1 0 1 1 1 0 0 1 1 2 0 0 0 2 1 0 0 1 0 1 0 2 2 2 0 1 2 0 1 2 0 1 0 0 0 1 1 1 1 0 2 0 1 0 2 1 1 0 2 0 2 2 0 2 0 1 2 1 0 0 0 1 1 1 1 0 0 1 2 2 1 2 1 0 1 1 0 2 0 1 0 0 2 2 0 2 2 0 2 2 2 1 2 2 0 2 0 0 1 1 1 0 1 1 1 0 0 1 1 2 0 0 0 2 1 0 0 1 0 1 0 2 2 2 0 1 2 0 1 2 0 1 0 0 0 1 1 1 1 0 2 0 1 0 2 1 1 0 2 0 2 2 0 2 0 1 2 1 0 0 0 1 1 1 1 0 0 1 2 2 1 2
0.118438352092911 -0.277874302626053 0.120058600530012 0.30878689777503 -0.697388544221843 -1 1 0 0 1 1 2 0 1 0 0 2 2 0 1 2 0 1 2 2 1 2 2 2 2 0 0 0 0 0 0 1 2 2 0 0 0 2 2 2 2 1 2 0 0 0 1 0 0 0 1 1 0 1 0 2 1 2 1 0 0 0 2 1 0 1 1 1 0 2 0 0 1 2 2 0 1 2 0 1 1 0 1 0 2 2 0 0 0 0 0 2 0 1 0 0 2 2 1 2 2 -1 0 0 -1 -1 -2 0 -1 0 0 -2 -2 0 -1 -2 0 -1 -2 -2 -1 -2 -2 -2 -2 0 0 0 0 0 0 -1 -2 -2 0 0 0 -2 -2 -2 -2 -1 -2 0 0 0 -1 0 0 0 -1 -1 0 -1 0 -2 -1 -2 -1 0 0 0 -2 -1 0 -1 -1 -1 0 -2 0 0 -1 -2 -2 0 -1 -2 0 -1 -1 0 -1 0 -2 -2 0 0 0 0 0 -2 0 -1 0 0 -2 -2 -1 -2 -2
-0.551689853835342 -0.954395733127745 -0.2230300385009 1.17267799937904 3.66269661300564 -1 1 0 0 2 2 2 0 0 0 0 2 2 0 1 2 0 1 1 1 0 2 2 2 2 0 0 1 1 1 1 2 2 2 1 1 2 2 2 2 1 1 1 0 0 0 2 0 1 0 1 1 1 1 1 1 0 1 2 1 1 0 2 0 2 1 1 1 0 2 0 1 1 2 2 0 0 2 0 1 0 0 2 0 1 2 2 1 0 0 0 1 0 0 0 1 2 2 2 2 1 -1 0 0 -2 -2 -2 0 0 0 0 -2 -2 0 -1 -2 0 -1 -1 -1 0 -2 -2 -2 -2 0 0 -1 -1 -1 -1 -2 -2 -2 -1 -1 -2 -2 -2 -2 -1 -1 -1 0 0 0 -2 0 -1 0 -1 -1 -1 -1 -1 -1 0 -1 -2 -1 -1 0 -2 0 -2 -1 -1 -1 0 -2 0 -1 -1 -2 -2 0 0 -2 0 -1 0 0 -2 0 -1 -2 -2 -1 0 0 0 -1 0 0 0 -1 -2 -2 -2 -2 -1
-0.29576303626167 2.07274807319603 -0.967047500147635 -0.420227526150929 -0.831337428126015 -1 0 0 2 2 2 2 0 1 0 1 1 2 0 0 1 0 0 2 1 0 2 2 0 2 0 0 0 0 1 0 2 2 2 0 1 2 2 2 1 1 0 1 0 0 0 1 0 0 0 1 1 0 0 0 1 0 0 2 2 2 0 1 0 0 1 2 2 0 1 0 0 1 2 2 1 1 2 0 2 2 2 1 0 1 1 1 0 0 0 1 0 0 0 1 0 2 2 2 2 2 0 0 -2 -2 -2 -2 0 -1 0 -1 -1 -2 0 0 -1 0 0 -2 -1 0 -2 -2 0 -2 0 0 0 0 -1 0 -2 -2 -2 0 -1 -2 -2 -2 -1 -1 0 -1 0 0 0 -1 0 0 0 -1 -1 0 0 0 -1 0 0 -2 -2 -2 0 -1 0 0 -1 -2 -2 0 -1 0 0 -1 -2 -2 -1 -1 -2 0 -2 -2 -2 -1 0 -1 -1 -1 0 0 0 -1 0 0 0 -1 0 -2 -2 -2 -2 -2
1.59370070436812 0.46369396730374 -0.231235025764887 -0.471523670953508 1.6651247988036 -1 2 0 0 2 2 2 0 0 1 1 2 2 0 0 2 0 0 1 1 0 2 1 1 2 0 0 1 2 2 1 2 1 1 0 1 2 1 1 0 0 0 1 0 0 0 1 0 0 0 0 2 1 0 0 1 0 1 2 0 2 0 0 0 1 1 0 1 0 2 0 0 1 2 1 0 1 2 1 1 1 0 2 0 1 2 1 0 0 0 0 1 0 0 1 1 2 2 2 2 2 -2 0 0 -2 -2 -2 0 0 -1 -1 -2 -2 0 0 -2 0 0 -1 -1 0 -2 -1 -1 -2 0 0 -1 -2 -2 -1 -2 -1 -1 0 -1 -2 -1 -1 0 0 0 -1 0 0 0 -1 0 0 0 0 -2 -1 0 0 -1 0 -1 -2 0 -2 0 0 0 -1 -1 0 -1 0 -2 0 0 -1 -2 -1 0 -1 -2 -1 -1 -1 0 -2 0 -1 -2 -1 0 0 0 0 -1 0 0 -1 -1 -2 -2 -2 -2 -2
-0.899876056772499 -0.416230618407904 -0.344506261923056 0.670875653836955 -0.643866568469913 1 1 0 0 1 1 2 0 1 0 1 1 2 0 0 1 1 1 1 1 1 2 2 0 1 0 0 0 0 1 0 1 1 2 1 0 2 2 2 1 1 1 1 1 0 1 1 0 0 0 1 2 1 1 0 1 1 1 1 0 0 0 2 1 0 0 2 2 0 2 0 0 0 2 2 0 0 2 0 2 2 0 1 0 0 1 1 0 1 0 0 1 0 0 1 0 2 2 2 1 1 1 0 0 1 1 2 0 1 0 1 1 2 0 0 1 1 1 1 1 1 2 2 0 1 0 0 0 0 1 0 1 1 2 1 0 2 2 2 1 1 1 1 1 0 1 1 0 0 0 1 2 1 1 0 1 1 1 1 0 0 0 2 1 0 0 2 2 0 2 0 0 0 2 2 0 0 2 0 2 2 0 1 0 0 1 1 0 1 0 0 1 0 0 1 0 2 2 2 1 1
-0.398331635081798 1.43929226164604 -1.60645549688522 -0.33864794332036 0.0993594198982638 1 1 0 0 1 2 2 0 0 0 0 1 2 0 1 2 0 1 2 2 0 1 2 1 2 0 0 0 1 2 1 2 1 1 1 0 2 2 2 1 0 0 1 0 0 0 1 0 0 1 2 2 2 1 0 2 1 0 2 0 1 0 1 1 2 2 2 2 1 2 0 0 1 2 1 0 1 2 0 2 1 0 1 0 0 1 1 1 0 0 1 1 0 0 2 1 2 2 2 2 2 1 0 0 1 2 2 0 0 0 0 1 2 0 1 2 0 1 2 2 0 1 2 1 2 0 0 0 1 2 1 2 1 1 1 0 2 2 2 1 0 0 1 0 0 0 1 0 0 1 2 2 2 1 0 2 1 0 2 0 1 0 1 1 2 2 2 2 1 2 0 0 1 2 1 0 1 2 0 2 1 0 1 0 0 1 1 1 0 0 1 1 0 0 2 1 2 2 2 2 2
-1.40356107002677 2.56289886792678 0.183180845618305 -1.81370509403569 -1.30188706419583 1 2 0 0 1 1 2 0 0 0 0 2 2 0 0 0 0 1 2 2 0 2 1 0 1 0 0 1 2 0 0 0 0 1 0 0 2 1 2 2 1 1 2 1 0 0 1 0 0 0 1 2 2 2 0 2 1 2 2 1 1 1 1 1 0 1 0 1 0 2 0 0 0 2 2 0 1 2 0 2 0 0 2 0 0 1 0 0 0 0 0 0 0 0 0 0 2 2 1 1 2 2 0 0 1 1 2 0 0 0 0 2 2 0 0 0 0 1 2 2 0 2 1 0 1 0 0 1 2 0 0 0 0 1 0 0 2 1 2 2 1 1 2 1 0 0 1 0 0 0 1 2 2 2 0 2 1 2 2 1 1 1 1 1 0 1 0 1 0 2 0 0 0 2 2 0 1 2 0 2 0 0 2 0 0 1 0 0 0 0 0 0 0 0 0 0 2 2 1 1 2
-0.247128045163016 -1.10637642373436 0.708995834631074 0.758886176507079 1.42080260580564 -1 2 0 2 1 2 2 0 0 0 0 2 1 0 0 1 0 2 2 2 1 2 2 1 2 0 0 1 2 0 0 0 0 1 0 0 2 2 2 1 0 0 2 1 0 0 1 0 0 1 2 2 1 1 0 2 1 0 2 1 2 0 2 1 2 1 0 2 2 2 0 0 1 2 2 0 1 2 0 2 1 0 2 0 0 1 0 0 0 0 0 1 0 1 2 0 2 2 0 2 2 -2 0 -2 -1 -2 -2 0 0 0 0 -2 -1 0 0 -1 0 -2 -2 -2 -1 -2 -2 -1 -2 0 0 -1 -2 0 0 0 0 -1 0 0 -2 -2 -2 -1 0 0 -2 -1 0 0 -1 0 0 -1 -2 -2 -1 -1 0 -2 -1 0 -2 -1 -2 0 -2 -1 -2 -1 0 -2 -2 -2 0 0 -1 -2 -2 0 -1 -2 0 -2 -1 0 -2 0 0 -1 0 0 0 0 0 -1 0 -1 -2 0 -2 -2 0 -2 -2
-0.15007525108707 0.754328694548445 1.79122897416024 0.813527885646921 -1.34216595032391 -1 2 0 1 2 2 2 0 1 0 0 2 2 0 1 2 1 1 2 1 1 1 2 1 1 0 0 0 0 0 1 1 1 2 1 0 2 1 2 1 0 0 2 0 0 0 2 0 0 0 1 2 1 0 0 2 1 2 2 1 0 0 0 1 2 1 1 2 0 1 0 0 1 2 1 0 0 2 0 2 1 0 1 0 1 2 1 0 0 0 0 1 0 0 1 2 2 2 1 1 2 -2 0 -1 -2 -2 -2 0 -1 0 0 -2 -2 0 -1 -2 -1 -1 -2 -1 -1 -1 -2 -1 -1 0 0 0 0 0 -1 -1 -1 -2 -1 0 -2 -1 -2 -1 0 0 -2 0 0 0 -2 0 0 0 -1 -2 -1 0 0 -2 -1 -2 -2 -1 0 0 0 -1 -2 -1 -1 -2 0 -1 0 0 -1 -2 -1 0 0 -2 0 -2 -1 0 -1 0 -1 -2 -1 0 0 0 0 -1 0 0 -1 -2 -2 -2 -1 -1 -2
-0.995671337322146 -0.0544606172675162 -0.342663220027951 1.89397079151481 -0.798279777751902 -1 0 0 0 0 1 2 0 1 0 1 2 2 0 0 2 1 1 2 1 1 1 2 1 2 0 0 0 0 1 0 2 1 2 0 0 1 1 1 1 2 2 2 1 0 1 1 0 0 1 1 1 2 2 0 2 1 1 2 1 2 0 1 1 1 0 0 2 1 2 0 1 2 2 2 0 1 2 0 2 1 0 1 0 1 2 0 0 1 0 1 0 0 0 0 1 2 2 2 2 2 0 0 0 0 -1 -2 0 -1 0 -1 -2 -2 0 0 -2 -1 -1 -2 -1 -1 -1 -2 -1 -2 0 0 0 0 -1 0 -2 -1 -2 0 0 -1 -1 -1 -1 -2 -2 -2 -1 0 -1 -1 0 0 -1 -1 -1 -2 -2 0 -2 -1 -1 -2 -1 -2 0 -1 -1 -1 0 0 -2 -1 -2 0 -1 -2 -2 -2 0 -1 -2 0 -2 -1 0 -1 0 -1 -2 0 0 -1 0 -1 0 0 0 0 -1 -2 -2 -2 -2 -2
