-1.31339614296439 0.802737149998969 1.03153858182201 -1.10726639030196 0.922445045373305 -1 1 0 2 2 2 2 0 0 0 2 1 2 1 2 2 1 2 1 1 2 0 2 2 0 2 1 2 1 0 0 1 2 2 0 0 0 0 2 0 0 0 2 2 1 1 1 1 0 0 1 0 2 2 1 2 0 0 2 0 0 0 1 1 0 0 2 2 1 1 0 2 0 0 0 1 0 1 1 1 2 2 2 1 2 2 2 0 2 0 2 2 1 0 2 1 2 0 0 1 1 -1 0 -2 -2 -2 -2 0 0 0 -2 -1 -2 -1 -2 -2 -1 -2 -1 -1 -2 0 -2 -2 0 -2 -1 -2 -1 0 0 -1 -2 -2 0 0 0 0 -2 0 0 0 -2 -2 -1 -1 -1 -1 0 0 -1 0 -2 -2 -1 -2 0 0 -2 0 0 0 -1 -1 0 0 -2 -2 -1 -1 0 -2 0 0 0 -1 0 -1 -1 -1 -2 -2 -2 -1 -2 -2 -2 0 -2 0 -2 -2 -1 0 -2 -1 -2 0 0 -1 -1
-0.718901134663297 -0.635194642283595 -0.442468250838812 0.426417631904673 0.585315058056817 -1 0 1 2 2 1 2 0 1 1 2 0 2 2 1 2 1 2 2 1 2 0 1 1 0 1 0 1 1 0 0 1 2 1 2 0 1 0 1 2 1 0 1 1 1 1 0 1 1 0 0 0 2 1 0 2 0 1 1 0 0 1 2 0 0 1 2 2 0 0 0 2 2 1 1 0 1 1 0 1 1 2 2 1 2 2 2 1 2 0 2 2 1 0 2 1 1 0 0 0 2 0 -1 -2 -2 -1 -2 0 -1 -1 -2 0 -2 -2 -1 -2 -1 -2 -2 -1 -2 0 -1 -1 0 -1 0 -1 -1 0 0 -1 -2 -1 -2 0 -1 0 -1 -2 -1 0 -1 -1 -1 -1 0 -1 -1 0 0 0 -2 -1 0 -2 0 -1 -1 0 0 -1 -2 0 0 -1 -2 -2 0 0 0 -2 -2 -1 -1 0 -1 -1 0 -1 -1 -2 -2 -1 -2 -2 -2 -1 -2 0 -2 -2 -1 0 -2 -1 -1 0 0 0 -2
0.401640349503116 0.110304701271101 -0.995283974782486 0.178041845403267 0.120370581805759 1 0 0 2 1 2 2 0 1 0 2 1 2 1 0 2 0 1 2 1 2 0 2 2 0 1 0 0 0 0 1 1 2 1 0 0 1 0 1 1 1 0 1 1 1 0 0 1 0 1 1 0 2 2 2 2 0 0 2 1 1 1 1 1 0 0 2 2 0 0 0 1 0 0 0 0 2 1 1 1 2 2 2 1 1 2 2 1 2 0 2 1 0 0 2 0 2 1 0 0 2 0 0 2 1 2 2 0 1 0 2 1 2 1 0 2 0 1 2 1 2 0 2 2 0 1 0 0 0 0 1 1 2 1 0 0 1 0 1 1 1 0 1 1 1 0 0 1 0 1 1 0 2 2 2 2 0 0 2 1 1 1 1 1 0 0 2 2 0 0 0 1 0 0 0 0 2 1 1 1 2 2 2 1 1 2 2 1 2 0 2 1 0 0 2 0 2 1 0 0 2
1.64808602027128 -0.199859937979968 0.202271109093864 -0.637078235182122 -1.07067078642429 -1 0 0 2 2 1 2 0 1 0 2 1 2 1 1 2 2 2 2 0 2 0 2 1 0 2 2 1 1 1 1 1 2 2 0 0 2 0 2 1 2 1 2 2 2 0 0 1 1 2 1 1 2 2 1 2 0 2 2 1 0 0 2 1 0 0 2 2 1 1 0 1 0 0 1 1 1 1 0 0 2 2 1 1 2 2 2 0 1 0 2 1 0 0 2 0 2 0 1 2 2 0 0 -2 -2 -1 -2 0 -1 0 -2 -1 -2 -1 -1 -2 -2 -2 -2 0 -2 0 -2 -1 0 -2 -2 -1 -1 -1 -1 -1 -2 -2 0 0 -2 0 -2 -1 -2 -1 -2 -2 -2 0 0 -1 -1 -2 -1 -1 -2 -2 -1 -2 0 -2 -2 -1 0 0 -2 -1 0 0 -2 -2 -1 -1 0 -1 0 0 -1 -1 -1 -1 0 0 -2 -2 -1 -1 -2 -2 -2 0 -1 0 -2 -1 0 0 -2 0 -2 0 -1 -2 -2
1.04725079639689 0.289870701254575 0.471102092062189 0.0784327809540752 0.167660996054704 1 0 0 2 1 1 1 1 1 1 1 0 2 0 0 1 1 2 2 2 2 0 2 1 0 1 1 1 1 0 0 0 1 1 0 0 0 0 1 2 1 0 2 2 2 0 2 2 1 1 1 0 2 1 1 2 0 1 2 2 1 1 2 1 0 1 2 2 0 0 0 1 0 1 1 0 0 1 0 0 2 2 2 1 2 2 2 2 2 0 2 1 1 1 2 1 1 0 0 1 2 0 0 2 1 1 1 1 1 1 1 0 2 0 0 1 1 2 2 2 2 0 2 1 0 1 1 1 1 0 0 0 1 1 0 0 0 0 1 2 1 0 2 2 2 0 2 2 1 1 1 0 2 1 1 2 0 1 2 2 1 1 2 1 0 1 2 2 0 0 0 1 0 1 1 0 0 1 0 0 2 2 2 1 2 2 2 2 2 0 2 1 1 1 2 1 1 0 0 1 2
1.01804842943115 0.818615022927124 -0.225816583167775 1.34847772938335 -1.75494930684948 -1 0 1 2 2 2 2 1 1 1 2 0 1 0 1 1 0 2 2 2 2 0 2 0 0 0 0 1 0 0 0 1 2 2 1 0 0 0 1 1 1 0 2 2 2 1 2 2 0 0 1 0 2 2 1 2 1 1 2 2 1 0 2 1 0 1 2 2 1 2 1 1 0 0 1 0 0 0 0 1 2 2 1 0 2 2 2 1 0 0 2 1 1 1 2 0 2 0 0 0 1 0 -1 -2 -2 -2 -2 -1 -1 -1 -2 0 -1 0 -1 -1 0 -2 -2 -2 -2 0 -2 0 0 0 0 -1 0 0 0 -1 -2 -2 -1 0 0 0 -1 -1 -1 0 -2 -2 -2 -1 -2 -2 0 0 -1 0 -2 -2 -1 -2 -1 -1 -2 -2 -1 0 -2 -1 0 -1 -2 -2 -1 -2 -1 -1 0 0 -1 0 0 0 0 -1 -2 -2 -1 0 -2 -2 -2 -1 0 0 -2 -1 -1 -1 -2 0 -2 0 0 0 -1
-0.375926664747009 0.865559088362522 0.306037807760251 0.293789198301394 -0.217925054250124 -1 2 1 2 2 2 2 1 2 2 2 1 2 0 0 2 0 2 1 1 2 0 2 2 1 2 1 2 2 2 2 2 2 2 0 0 1 0 2 0 1 1 2 1 2 1 0 1 0 0 1 0 2 2 1 2 1 2 2 2 1 1 2 1 0 1 2 2 0 0 1 2 0 0 0 1 2 2 2 1 2 2 1 0 1 1 2 1 2 1 2 2 2 2 2 0 2 0 0 1 2 -2 -1 -2 -2 -2 -2 -1 -2 -2 -2 -1 -2 0 0 -2 0 -2 -1 -1 -2 0 -2 -2 -1 -2 -1 -2 -2 -2 -2 -2 -2 -2 0 0 -1 0 -2 0 -1 -1 -2 -1 -2 -1 0 -1 0 0 -1 0 -2 -2 -1 -2 -1 -2 -2 -2 -1 -1 -2 -1 0 -1 -2 -2 0 0 -1 -2 0 0 0 -1 -2 -2 -2 -1 -2 -2 -1 0 -1 -1 -2 -1 -2 -1 -2 -2 -2 -2 -2 0 -2 0 0 -1 -2
1.23483687033609 -0.150999069566785 0.373264779971042 -0.0139233605131304 0.585711471410726 -1 0 1 2 2 0 1 0 1 0 2 0 2 1 0 2 1 2 1 0 1 0 0 2 0 1 0 1 1 0 0 0 1 1 0 0 1 0 1 1 1 1 1 1 1 0 1 1 1 1 1 0 2 2 1 2 0 0 2 1 1 1 2 0 0 0 2 2 0 0 1 1 0 0 0 0 0 0 0 1 0 1 1 0 2 2 2 1 2 0 2 1 1 0 2 1 2 0 0 0 1 0 -1 -2 -2 0 -1 0 -1 0 -2 0 -2 -1 0 -2 -1 -2 -1 0 -1 0 0 -2 0 -1 0 -1 -1 0 0 0 -1 -1 0 0 -1 0 -1 -1 -1 -1 -1 -1 -1 0 -1 -1 -1 -1 -1 0 -2 -2 -1 -2 0 0 -2 -1 -1 -1 -2 0 0 0 -2 -2 0 0 -1 -1 0 0 0 0 0 0 0 -1 0 -1 -1 0 -2 -2 -2 -1 -2 0 -2 -1 -1 0 -2 -1 -2 0 0 0 -1
-0.335382161550277 0.0306657744146519 -0.496839239714913 1.28544605119197 -0.106236038696388 1 1 1 2 2 2 2 0 1 0 2 1 2 1 0 2 1 2 2 1 2 0 2 1 0 1 0 1 1 0 0 0 2 1 0 0 0 0 1 1 0 0 1 1 2 1 1 2 1 1 2 1 2 1 0 2 0 2 2 2 0 0 1 0 0 0 2 2 0 2 1 2 0 0 0 0 0 1 0 1 1 2 2 1 2 2 2 1 0 0 2 1 0 0 2 0 2 1 0 1 2 1 1 2 2 2 2 0 1 0 2 1 2 1 0 2 1 2 2 1 2 0 2 1 0 1 0 1 1 0 0 0 2 1 0 0 0 0 1 1 0 0 1 1 2 1 1 2 1 1 2 1 2 1 0 2 0 2 2 2 0 0 1 0 0 0 2 2 0 2 1 2 0 0 0 0 0 1 0 1 1 2 2 1 2 2 2 1 0 0 2 1 0 0 2 0 2 1 0 1 2
-0.00409672083508935 -0.242734692938786 0.904818772105041 -0.419966861956386 -0.217950767873216 -1 0 0 1 1 1 2 0 1 1 2 2 2 0 2 2 0 2 2 2 2 1 2 1 0 1 0 0 1 1 1 1 2 2 0 0 1 0 1 1 1 1 2 1 2 1 1 1 1 2 2 0 2 1 1 1 0 1 2 2 1 1 2 1 0 0 2 2 1 2 2 2 0 1 1 0 0 1 0 0 2 2 2 1 1 0 1 2 1 0 2 1 0 1 2 1 2 2 0 0 2 0 0 -1 -1 -1 -2 0 -1 -1 -2 -2 -2 0 -2 -2 0 -2 -2 -2 -2 -1 -2 -1 0 -1 0 0 -1 -1 -1 -1 -2 -2 0 0 -1 0 -1 -1 -1 -1 -2 -1 -2 -1 -1 -1 -1 -2 -2 0 -2 -1 -1 -1 0 -1 -2 -2 -1 -1 -2 -1 0 0 -2 -2 -1 -2 -2 -2 0 -1 -1 0 0 -1 0 0 -2 -2 -2 -1 -1 0 -1 -2 -1 0 -2 -1 0 -1 -2 -1 -2 -2 0 0 -2
1.03569714917824 -0.726160263595908 -0.779637051114956 1.15599789850842 -1.40195737427838 -1 0 0 2 2 1 2 0 1 0 2 0 2 1 0 0 0 2 2 2 2 0 2 2 0 2 2 2 2 2 2 2 2 2 0 0 2 0 2 0 0 0 2 1 2 1 1 2 1 1 1 1 2 2 0 1 0 1 2 1 1 1 2 1 0 1 2 2 0 1 2 2 2 1 0 0 0 0 1 2 2 1 0 0 1 1 2 1 1 0 2 2 2 0 2 0 2 2 1 1 2 0 0 -2 -2 -1 -2 0 -1 0 -2 0 -2 -1 0 0 0 -2 -2 -2 -2 0 -2 -2 0 -2 -2 -2 -2 -2 -2 -2 -2 -2 0 0 -2 0 -2 0 0 0 -2 -1 -2 -1 -1 -2 -1 -1 -1 -1 -2 -2 0 -1 0 -1 -2 -1 -1 -1 -2 -1 0 -1 -2 -2 0 -1 -2 -2 -2 -1 0 0 0 0 -1 -2 -2 -1 0 0 -1 -1 -2 -1 -1 0 -2 -2 -2 0 -2 0 -2 -2 -1 -1 -2
0.617164946274791 0.128570476576313 0.147054421186766 1.00007002165757 -0.389302654202862 1 1 0 2 2 1 1 0 1 0 1 0 2 0 1 2 0 2 2 2 2 0 2 1 0 1 1 1 1 0 1 1 2 2 0 0 1 0 2 2 1 1 2 2 2 1 1 1 0 1 1 1 2 2 1 2 0 1 2 2 2 2 0 0 0 0 1 2 0 0 0 1 0 0 0 0 0 2 0 1 1 1 0 0 2 1 2 1 2 0 2 1 0 0 2 0 2 0 0 1 1 1 0 2 2 1 1 0 1 0 1 0 2 0 1 2 0 2 2 2 2 0 2 1 0 1 1 1 1 0 1 1 2 2 0 0 1 0 2 2 1 1 2 2 2 1 1 1 0 1 1 1 2 2 1 2 0 1 2 2 2 2 0 0 0 0 1 2 0 0 0 1 0 0 0 0 0 2 0 1 1 1 0 0 2 1 2 1 2 0 2 1 0 0 2 0 2 0 0 1 1
0.255965533434056 0.273359670708237 -1.60604316654084 1.99438236066549 -0.680290491703107 -1 0 0 2 2 1 2 0 0 0 2 0 2 0 1 2 0 1 2 2 2 0 2 2 1 1 1 2 2 2 1 2 2 2 0 0 1 0 1 1 0 0 2 0 1 1 0 2 0 0 1 0 2 2 1 1 0 0 1 1 1 2 2 1 0 1 2 2 1 2 2 2 0 0 0 0 0 0 0 1 2 2 1 0 1 2 2 1 1 0 2 2 1 0 2 0 1 0 0 0 2 0 0 -2 -2 -1 -2 0 0 0 -2 0 -2 0 -1 -2 0 -1 -2 -2 -2 0 -2 -2 -1 -1 -1 -2 -2 -2 -1 -2 -2 -2 0 0 -1 0 -1 -1 0 0 -2 0 -1 -1 0 -2 0 0 -1 0 -2 -2 -1 -1 0 0 -1 -1 -1 -2 -2 -1 0 -1 -2 -2 -1 -2 -2 -2 0 0 0 0 0 0 0 -1 -2 -2 -1 0 -1 -2 -2 -1 -1 0 -2 -2 -1 0 -2 0 -1 0 0 0 -2
0.546921154512409 1.12345396057991 0.358146820680073 0.332147084354342 0.293116896747607 -1 0 0 2 2 1 1 1 1 0 2 0 2 1 1 2 0 2 1 0 2 1 2 0 0 0 0 1 0 0 1 1 2 2 1 0 0 0 1 1 2 0 1 0 2 1 2 2 1 2 2 0 2 1 0 2 0 2 2 2 2 2 2 2 1 1 2 2 0 1 0 2 0 0 0 0 0 1 1 2 1 2 1 1 2 2 2 0 1 0 2 2 0 0 2 0 1 0 0 1 2 0 0 -2 -2 -1 -1 -1 -1 0 -2 0 -2 -1 -1 -2 0 -2 -1 0 -2 -1 -2 0 0 0 0 -1 0 0 -1 -1 -2 -2 -1 0 0 0 -1 -1 -2 0 -1 0 -2 -1 -2 -2 -1 -2 -2 0 -2 -1 0 -2 0 -2 -2 -2 -2 -2 -2 -2 -1 -1 -2 -2 0 -1 0 -2 0 0 0 0 0 -1 -1 -2 -1 -2 -1 -1 -2 -2 -2 0 -1 0 -2 -2 0 0 -2 0 -1 0 0 -1 -2
-1.00742992382285 0.191924058933063 2.34501908604612 -0.359944699106016 -0.695607764389923 1 0 0 2 2 2 1 2 1 2 2 0 1 0 0 1 1 2 1 0 2 0 2 1 0 1 0 1 2 1 2 2 2 2 0 0 0 0 1 2 1 1 2 0 2 1 0 1 0 0 0 0 2 2 2 2 0 2 2 2 2 1 2 1 2 1 2 2 0 0 0 2 0 0 0 1 1 0 1 0 1 2 1 0 1 2 2 2 2 1 2 2 2 1 2 1 1 0 0 1 2 0 0 2 2 2 1 2 1 2 2 0 1 0 0 1 1 2 1 0 2 0 2 1 0 1 0 1 2 1 2 2 2 2 0 0 0 0 1 2 1 1 2 0 2 1 0 1 0 0 0 0 2 2 2 2 0 2 2 2 2 1 2 1 2 1 2 2 0 0 0 2 0 0 0 1 1 0 1 0 1 2 1 0 1 2 2 2 2 1 2 2 2 1 2 1 1 0 0 1 2
-0.221124221490225 0.910942378141136 1.56061140170339 -0.28409816499522 -0.252026597061774 -1 0 0 2 2 2 2 0 2 1 2 0 2 1 2 2 0 2 2 1 2 1 2 1 0 1 1 2 1 1 2 2 2 2 0 0 0 0 2 0 1 1 1 0 1 1 0 1 0 0 0 0 2 1 1 1 0 0 2 2 1 1 2 1 1 2 2 2 2 1 1 2 0 1 1 1 0 1 0 0 0 0 0 0 2 2 2 1 1 0 2 1 1 1 2 1 2 0 0 1 2 0 0 -2 -2 -2 -2 0 -2 -1 -2 0 -2 -1 -2 -2 0 -2 -2 -1 -2 -1 -2 -1 0 -1 -1 -2 -1 -1 -2 -2 -2 -2 0 0 0 0 -2 0 -1 -1 -1 0 -1 -1 0 -1 0 0 0 0 -2 -1 -1 -1 0 0 -2 -2 -1 -1 -2 -1 -1 -2 -2 -2 -2 -1 -1 -2 0 -1 -1 -1 0 -1 0 0 0 0 0 0 -2 -2 -2 -1 -1 0 -2 -1 -1 -1 -2 -1 -2 0 0 -1 -2
-1.21555562507565 -1.33269813871444 1.5399828737926 -0.436113827032643 0.473968888590678 1 0 0 2 2 1 2 1 2 1 2 1 2 1 1 2 0 1 2 1 2 0 1 1 0 0 0 1 0 0 0 0 2 2 1 0 1 0 1 1 0 0 2 1 1 1 1 2 0 0 2 0 2 2 1 1 0 1 1 1 0 0 2 2 0 0 2 2 0 1 1 1 0 0 1 0 0 1 2 1 2 1 0 0 2 1 1 1 1 0 2 1 0 0 2 0 2 1 0 0 2 0 0 2 2 1 2 1 2 1 2 1 2 1 1 2 0 1 2 1 2 0 1 1 0 0 0 1 0 0 0 0 2 2 1 0 1 0 1 1 0 0 2 1 1 1 1 2 0 0 2 0 2 2 1 1 0 1 1 1 0 0 2 2 0 0 2 2 0 1 1 1 0 0 1 0 0 1 2 1 2 1 0 0 2 1 1 1 1 0 2 1 0 0 2 0 2 1 0 0 2
-0.253206446050729 -0.414798662311077 0.216797111495919 -1.27246015713663 0.25591178275894 1 0 0 2 1 0 1 1 1 1 2 0 1 0 0 1 0 2 2 2 2 0 1 2 0 1 0 1 1 2 1 2 2 2 0 0 2 0 1 2 1 0 1 1 2 1 1 2 0 0 1 0 2 1 1 2 0 1 2 2 2 1 2 1 0 0 2 2 1 1 1 1 1 0 1 0 0 1 1 1 1 1 2 0 2 2 2 0 1 0 2 1 1 2 2 0 2 2 2 2 2 0 0 2 1 0 1 1 1 1 2 0 1 0 0 1 0 2 2 2 2 0 1 2 0 1 0 1 1 2 1 2 2 2 0 0 2 0 1 2 1 0 1 1 2 1 1 2 0 0 1 0 2 1 1 2 0 1 2 2 2 1 2 1 0 0 2 2 1 1 1 1 1 0 1 0 0 1 1 1 1 1 2 0 2 2 2 0 1 0 2 1 1 2 2 0 2 2 2 2 2
-1.71053521350895 -0.415177621192682 -0.675096286670922 -0.678803539121984 -0.5906608821625 -1 0 0 2 2 2 2 1 2 1 2 0 2 0 0 2 2 2 2 2 2 0 2 1 0 0 0 2 1 1 0 0 2 2 0 0 1 0 2 1 0 0 1 1 2 2 0 2 1 0 1 0 1 2 1 2 0 2 2 1 0 1 2 1 0 1 2 2 1 1 1 1 0 0 0 0 0 1 2 1 1 2 2 0 2 2 2 2 2 0 2 1 1 1 2 0 1 0 0 0 2 0 0 -2 -2 -2 -2 -1 -2 -1 -2 0 -2 0 0 -2 -2 -2 -2 -2 -2 0 -2 -1 0 0 0 -2 -1 -1 0 0 -2 -2 0 0 -1 0 -2 -1 0 0 -1 -1 -2 -2 0 -2 -1 0 -1 0 -1 -2 -1 -2 0 -2 -2 -1 0 -1 -2 -1 0 -1 -2 -2 -1 -1 -1 -1 0 0 0 0 0 -1 -2 -1 -1 -2 -2 0 -2 -2 -2 -2 -2 0 -2 -1 -1 -1 -2 0 -1 0 0 0 -2
-0.156844235286476 1.07480669753257 1.05767261208934 0.209247356541678 -0.666054979655488 1 1 1 2 2 1 1 1 1 0 2 1 2 0 1 2 0 2 1 0 2 0 2 2 0 0 0 0 1 0 1 1 1 1 0 0 1 0 1 0 2 1 2 2 2 1 1 1 1 1 1 0 2 2 2 2 0 1 2 2 2 2 2 2 0 0 2 2 0 2 1 1 0 1 1 1 0 2 0 0 1 2 1 0 2 2 2 1 1 0 2 1 1 1 2 0 2 1 0 1 2 1 1 2 2 1 1 1 1 0 2 1 2 0 1 2 0 2 1 0 2 0 2 2 0 0 0 0 1 0 1 1 1 1 0 0 1 0 1 0 2 1 2 2 2 1 1 1 1 1 1 0 2 2 2 2 0 1 2 2 2 2 2 2 0 0 2 2 0 2 1 1 0 1 1 1 0 2 0 0 1 2 1 0 2 2 2 1 1 0 2 1 1 1 2 0 2 1 0 1 2
-1.97701133486668 1.58792563023037 -0.246420148814373 2.12207784461332 -0.436928523203282 -1 1 1 2 1 1 2 0 0 1 2 0 2 0 1 1 0 2 2 2 2 0 2 2 0 0 1 2 2 1 1 0 1 0 0 0 0 0 0 0 1 0 2 0 0 0 0 2 0 1 1 1 2 2 0 0 0 0 2 1 0 1 2 0 1 2 2 2 2 2 2 2 1 1 1 0 1 2 1 1 2 2 2 1 2 2 2 1 2 1 2 2 2 2 2 1 1 0 1 1 2 -1 -1 -2 -1 -1 -2 0 0 -1 -2 0 -2 0 -1 -1 0 -2 -2 -2 -2 0 -2 -2 0 0 -1 -2 -2 -1 -1 0 -1 0 0 0 0 0 0 0 -1 0 -2 0 0 0 0 -2 0 -1 -1 -1 -2 -2 0 0 0 0 -2 -1 0 -1 -2 0 -1 -2 -2 -2 -2 -2 -2 -2 -1 -1 -1 0 -1 -2 -1 -1 -2 -2 -2 -1 -2 -2 -2 -1 -2 -1 -2 -2 -2 -2 -2 -1 -1 0 -1 -1 -2
-0.663780056866897 -0.576980889073689 0.104109298389583 -1.23784586172131 0.0172369191508083 -1 0 0 2 2 2 2 1 2 1 2 1 2 1 0 1 0 2 2 0 2 0 2 2 0 2 1 1 1 1 0 0 1 2 1 0 0 0 0 0 0 0 2 2 2 2 1 2 0 1 1 0 2 2 2 2 0 0 2 1 0 1 1 1 1 1 2 2 1 1 0 0 0 0 0 0 0 0 1 2 2 2 1 1 1 1 2 1 1 0 2 1 0 0 2 0 2 1 0 1 1 0 0 -2 -2 -2 -2 -1 -2 -1 -2 -1 -2 -1 0 -1 0 -2 -2 0 -2 0 -2 -2 0 -2 -1 -1 -1 -1 0 0 -1 -2 -1 0 0 0 0 0 0 0 -2 -2 -2 -2 -1 -2 0 -1 -1 0 -2 -2 -2 -2 0 0 -2 -1 0 -1 -1 -1 -1 -1 -2 -2 -1 -1 0 0 0 0 0 0 0 0 -1 -2 -2 -2 -1 -1 -1 -1 -2 -1 -1 0 -2 -1 0 0 -2 0 -2 -1 0 -1 -1
0.449743594109092 0.375117333387546 2.12774591569671 1.62141082398825 -0.963206789280305 -1 0 0 2 1 0 1 1 0 1 2 0 2 1 0 1 0 2 1 1 2 0 2 2 0 2 1 2 2 1 2 2 2 2 1 0 0 0 1 1 0 0 2 2 2 0 1 1 0 0 2 1 2 2 2 2 0 0 2 1 1 2 2 0 1 1 2 2 1 1 0 1 0 1 0 0 0 1 1 2 2 2 1 0 1 2 2 2 2 1 2 2 2 1 2 1 1 0 0 2 2 0 0 -2 -1 0 -1 -1 0 -1 -2 0 -2 -1 0 -1 0 -2 -1 -1 -2 0 -2 -2 0 -2 -1 -2 -2 -1 -2 -2 -2 -2 -1 0 0 0 -1 -1 0 0 -2 -2 -2 0 -1 -1 0 0 -2 -1 -2 -2 -2 -2 0 0 -2 -1 -1 -2 -2 0 -1 -1 -2 -2 -1 -1 0 -1 0 -1 0 0 0 -1 -1 -2 -2 -2 -1 0 -1 -2 -2 -2 -2 -1 -2 -2 -2 -1 -2 -1 -1 0 0 -2 -2
-0.0587978137701413 -0.777041271646337 0.781020804078994 0.369237137736064 2.27556141287115 1 0 0 1 1 1 2 0 0 0 2 1 2 0 1 1 0 2 2 2 2 0 2 0 0 2 1 2 1 0 1 0 1 1 0 0 1 0 1 0 1 0 1 1 1 0 0 1 0 0 1 0 2 2 1 2 0 1 2 2 2 0 2 1 0 1 2 1 0 1 1 2 0 1 0 1 1 1 1 0 0 0 0 0 2 2 2 1 1 0 2 1 1 0 2 0 2 0 0 0 2 0 0 1 1 1 2 0 0 0 2 1 2 0 1 1 0 2 2 2 2 0 2 0 0 2 1 2 1 0 1 0 1 1 0 0 1 0 1 0 1 0 1 1 1 0 0 1 0 0 1 0 2 2 1 2 0 1 2 2 2 0 2 1 0 1 2 1 0 1 1 2 0 1 0 1 1 1 1 0 0 0 0 0 2 2 2 1 1 0 2 1 1 0 2 0 2 0 0 0 2
0.930809202593963 -1.80138170853529 0.446246342545004 -0.905174382478776 0.461360026411572 1 0 1 2 1 1 1 0 1 0 2 0 2 0 0 2 0 2 1 0 2 0 2 2 0 1 1 0 1 0 1 2 2 2 1 2 2 0 2 0 0 0 0 1 2 0 1 2 1 2 1 0 2 2 2 2 0 1 2 2 1 1 2 1 1 1 2 2 1 2 2 2 1 1 1 0 1 1 0 2 0 1 0 0 2 2 2 1 1 0 2 1 2 1 2 0 2 0 0 1 2 0 1 2 1 1 1 0 1 0 2 0 2 0 0 2 0 2 1 0 2 0 2 2 0 1 1 0 1 0 1 2 2 2 1 2 2 0 2 0 0 0 0 1 2 0 1 2 1 2 1 0 2 2 2 2 0 1 2 2 1 1 2 1 1 1 2 2 1 2 2 2 1 1 1 0 1 1 0 2 0 1 0 0 2 2 2 1 1 0 2 1 2 1 2 0 2 0 0 1 2
-0.07807322042695 -0.468361990078053 0.127859988064322 -0.0832770768193868 -0.502870335935199 -1 0 0 2 2 0 0 0 1 0 2 0 2 1 1 0 0 2 1 1 2 1 2 0 0 0 1 1 2 0 1 2 2 2 0 0 1 0 1 1 2 0 2 0 1 0 1 2 0 0 1 0 2 2 2 2 0 0 2 2 1 1 1 1 0 1 2 2 1 1 1 2 1 1 0 0 0 1 1 2 2 2 2 1 1 2 2 1 1 0 2 2 1 1 2 0 2 1 1 1 2 0 0 -2 -2 0 0 0 -1 0 -2 0 -2 -1 -1 0 0 -2 -1 -1 -2 -1 -2 0 0 0 -1 -1 -2 0 -1 -2 -2 -2 0 0 -1 0 -1 -1 -2 0 -2 0 -1 0 -1 -2 0 0 -1 0 -2 -2 -2 -2 0 0 -2 -2 -1 -1 -1 -1 0 -1 -2 -2 -1 -1 -1 -2 -1 -1 0 0 0 -1 -1 -2 -2 -2 -2 -1 -1 -2 -2 -1 -1 0 -2 -2 -1 -1 -2 0 -2 -1 -1 -1 -2
0.115641277088183 -0.19368192064797 -1.31154982848384 -0.109738133650081 1.11476195692162 1 1 1 2 2 2 2 1 1 0 2 0 2 0 1 2 1 1 2 0 2 0 2 2 1 2 1 2 2 0 1 1 2 2 1 0 2 0 1 0 1 1 2 2 2 0 1 2 0 0 2 0 2 2 0 1 0 1 2 1 0 0 2 1 0 1 2 2 0 1 0 1 0 0 0 0 0 0 0 0 2 2 1 0 2 2 2 2 2 0 1 1 0 0 2 0 2 0 0 0 1 1 1 2 2 2 2 1 1 0 2 0 2 0 1 2 1 1 2 0 2 0 2 2 1 2 1 2 2 0 1 1 2 2 1 0 2 0 1 0 1 1 2 2 2 0 1 2 0 0 2 0 2 2 0 1 0 1 2 1 0 0 2 1 0 1 2 2 0 1 0 1 0 0 0 0 0 0 0 0 2 2 1 0 2 2 2 2 2 0 1 1 0 0 2 0 2 0 0 0 1
-0.39231091834525 -1.25580268296159 -2.62842195316245 1.04471800006167 1.46084364938781 1 0 0 2 1 0 1 0 1 1 2 0 2 0 1 2 0 1 1 1 2 0 2 1 0 1 0 1 1 1 2 1 2 2 0 0 0 0 1 1 1 1 2 1 2 0 0 1 0 0 0 0 2 2 1 2 0 0 1 1 1 1 2 1 0 0 2 2 0 1 1 2 0 1 1 0 0 0 0 0 1 1 1 0 2 2 2 1 1 0 2 1 1 1 2 0 1 1 0 0 2 0 0 2 1 0 1 0 1 1 2 0 2 0 1 2 0 1 1 1 2 0 2 1 0 1 0 1 1 1 2 1 2 2 0 0 0 0 1 1 1 1 2 1 2 0 0 1 0 0 0 0 2 2 1 2 0 0 1 1 1 1 2 1 0 0 2 2 0 1 1 2 0 1 1 0 0 0 0 0 1 1 1 0 2 2 2 1 1 0 2 1 1 1 2 0 1 1 0 0 2
0.290560671327059 -1.03567879896615 -0.419833218896378 0.95873076575829 -1.46460376865164 1 0 0 2 2 0 1 0 1 0 2 0 2 1 0 1 0 2 2 1 2 0 1 2 0 1 0 1 0 0 1 2 2 2 0 0 0 0 2 1 0 0 1 1 2 0 0 1 1 0 2 1 2 2 2 2 0 1 2 2 0 1 2 1 0 1 2 2 1 1 2 2 1 0 0 1 1 1 0 2 1 2 1 0 2 2 2 0 1 1 2 1 0 0 2 0 2 0 0 1 2 0 0 2 2 0 1 0 1 0 2 0 2 1 0 1 0 2 2 1 2 0 1 2 0 1 0 1 0 0 1 2 2 2 0 0 0 0 2 1 0 0 1 1 2 0 0 1 1 0 2 1 2 2 2 2 0 1 2 2 0 1 2 1 0 1 2 2 1 1 2 2 1 0 0 1 1 1 0 2 1 2 1 0 2 2 2 0 1 1 2 1 0 0 2 0 2 0 0 1 2
-1.36223235017467 1.21093086315881 -0.588051867831064 1.40786547488483 -0.927483265703527 1 0 0 2 2 2 2 1 1 1 2 1 2 0 0 1 0 2 1 0 2 0 2 0 1 1 0 1 2 0 1 1 2 2 0 0 0 0 1 1 2 0 2 0 1 0 0 1 1 0 0 0 1 1 2 2 0 0 2 0 0 1 2 0 0 0 2 2 0 0 0 1 0 0 0 0 0 0 1 2 1 2 2 1 2 2 2 1 0 0 2 1 1 0 2 0 2 1 0 0 2 0 0 2 2 2 2 1 1 1 2 1 2 0 0 1 0 2 1 0 2 0 2 0 1 1 0 1 2 0 1 1 2 2 0 0 0 0 1 1 2 0 2 0 1 0 0 1 1 0 0 0 1 1 2 2 0 0 2 0 0 1 2 0 0 0 2 2 0 0 0 1 0 0 0 0 0 0 1 2 1 2 2 1 2 2 2 1 0 0 2 1 1 0 2 0 2 1 0 0 2
3.13361110831882 -0.525367975944506 0.808212497679419 -0.550181047396347 0.125241343020571 -1 0 0 2 2 2 2 1 0 0 2 1 2 0 1 2 1 2 1 1 2 0 2 1 0 1 2 2 2 1 2 1 2 2 0 0 1 0 1 1 1 0 1 2 2 0 0 2 0 0 1 0 2 2 0 2 0 0 1 2 2 1 0 0 0 0 2 2 1 1 1 2 0 0 0 0 0 0 0 0 1 1 0 0 2 1 2 0 1 0 2 1 0 0 2 0 2 0 0 0 1 0 0 -2 -2 -2 -2 -1 0 0 -2 -1 -2 0 -1 -2 -1 -2 -1 -1 -2 0 -2 -1 0 -1 -2 -2 -2 -1 -2 -1 -2 -2 0 0 -1 0 -1 -1 -1 0 -1 -2 -2 0 0 -2 0 0 -1 0 -2 -2 0 -2 0 0 -1 -2 -2 -1 0 0 0 0 -2 -2 -1 -1 -1 -2 0 0 0 0 0 0 0 0 -1 -1 0 0 -2 -1 -2 0 -1 0 -2 -1 0 0 -2 0 -2 0 0 0 -1
0.134467594820208 0.766120763662316 -0.899261724577148 0.0860828921757468 -0.0199562891262995 1 0 0 2 2 2 1 0 1 1 2 0 2 0 1 1 0 2 2 1 2 0 2 1 0 2 1 1 1 0 1 2 2 2 0 0 0 0 1 0 0 0 1 2 2 0 0 1 2 0 0 0 2 2 0 1 0 0 1 1 0 0 2 1 0 1 2 2 0 1 2 2 0 0 0 0 0 1 1 1 2 2 1 0 2 1 2 2 2 0 2 2 1 0 2 0 1 0 0 0 1 0 0 2 2 2 1 0 1 1 2 0 2 0 1 1 0 2 2 1 2 0 2 1 0 2 1 1 1 0 1 2 2 2 0 0 0 0 1 0 0 0 1 2 2 0 0 1 2 0 0 0 2 2 0 1 0 0 1 1 0 0 2 1 0 1 2 2 0 1 2 2 0 0 0 0 0 1 1 1 2 2 1 0 2 1 2 2 2 0 2 2 1 0 2 0 1 0 0 0 1
2.6771820752937 0.0520680297783424 1.75379116283307 -0.924948307837682 -0.468333018644483 1 1 0 2 2 1 2 1 0 2 2 0 2 0 0 0 1 1 2 1 2 0 1 0 0 2 0 0 0 0 0 0 1 2 0 0 1 0 0 0 0 0 1 1 1 0 0 2 1 2 2 1 2 2 1 2 0 1 2 2 0 0 2 1 1 2 2 2 0 1 1 2 1 2 0 0 0 0 1 2 2 1 1 0 2 2 2 1 2 0 2 2 1 0 2 0 2 2 0 0 2 1 0 2 2 1 2 1 0 2 2 0 2 0 0 0 1 1 2 1 2 0 1 0 0 2 0 0 0 0 0 0 1 2 0 0 1 0 0 0 0 0 1 1 1 0 0 2 1 2 2 1 2 2 1 2 0 1 2 2 0 0 2 1 1 2 2 2 0 1 1 2 1 2 0 0 0 0 1 2 2 1 1 0 2 2 2 1 2 0 2 2 1 0 2 0 2 2 0 0 2
1.25162088905267 -0.245878324972105 -1.92841523783938 -0.18913399190691 0.352404053477952 -1 0 0 2 2 1 1 0 0 1 2 1 2 2 1 2 0 2 1 1 2 0 2 0 0 1 1 2 1 0 0 0 2 2 0 0 2 0 2 0 1 0 2 1 2 1 0 1 1 1 2 1 2 2 1 2 0 1 2 2 2 2 0 0 0 0 2 2 0 1 1 2 0 0 0 0 0 1 0 1 0 1 1 0 2 2 2 1 2 0 2 2 1 0 2 1 0 0 0 1 1 0 0 -2 -2 -1 -1 0 0 -1 -2 -1 -2 -2 -1 -2 0 -2 -1 -1 -2 0 -2 0 0 -1 -1 -2 -1 0 0 0 -2 -2 0 0 -2 0 -2 0 -1 0 -2 -1 -2 -1 0 -1 -1 -1 -2 -1 -2 -2 -1 -2 0 -1 -2 -2 -2 -2 0 0 0 0 -2 -2 0 -1 -1 -2 0 0 0 0 0 -1 0 -1 0 -1 -1 0 -2 -2 -2 -1 -2 0 -2 -2 -1 0 -2 -1 0 0 0 -1 -1
0.460491303967472 0.80305862296595 -0.23296505374725 -1.91559807489978 0.0578825984800578 1 0 0 2 2 0 2 0 0 0 1 1 2 0 0 1 2 2 2 2 2 0 2 1 0 0 1 2 2 2 0 0 2 2 0 0 2 0 0 0 1 0 2 2 2 0 1 2 1 1 2 0 2 2 1 1 0 0 1 0 1 1 2 2 0 1 2 2 0 0 0 2 0 2 1 0 0 1 0 1 2 1 1 0 2 2 2 2 1 0 2 1 1 0 2 0 2 1 0 0 1 0 0 2 2 0 2 0 0 0 1 1 2 0 0 1 2 2 2 2 2 0 2 1 0 0 1 2 2 2 0 0 2 2 0 0 2 0 0 0 1 0 2 2 2 0 1 2 1 1 2 0 2 2 1 1 0 0 1 0 1 1 2 2 0 1 2 2 0 0 0 2 0 2 1 0 0 1 0 1 2 1 1 0 2 2 2 2 1 0 2 1 1 0 2 0 2 1 0 0 1
0.232632359767027 1.60306099225235 0.633883613622423 -1.14640387379318 -0.76985043776109 1 0 0 2 2 2 2 1 0 0 2 0 2 0 1 1 0 2 2 1 2 1 2 1 0 1 0 2 1 0 0 2 2 2 0 1 1 0 2 1 2 1 2 1 2 0 0 1 0 1 2 1 2 2 2 2 0 0 2 1 0 1 2 0 0 0 2 2 0 0 1 1 0 1 1 0 0 0 2 2 2 1 1 0 1 1 2 1 1 0 1 0 1 0 2 0 1 0 0 0 1 0 0 2 2 2 2 1 0 0 2 0 2 0 1 1 0 2 2 1 2 1 2 1 0 1 0 2 1 0 0 2 2 2 0 1 1 0 2 1 2 1 2 1 2 0 0 1 0 1 2 1 2 2 2 2 0 0 2 1 0 1 2 0 0 0 2 2 0 0 1 1 0 1 1 0 0 0 2 2 2 1 1 0 1 1 2 1 1 0 1 0 1 0 2 0 1 0 0 0 1
-0.0827725374454169 1.24733670070965 -0.364459360120653 -0.897381482600487 -1.07652623670989 -1 0 1 2 2 2 2 1 2 0 1 1 2 0 2 2 0 2 2 1 2 0 2 1 0 1 0 1 1 1 1 0 2 2 0 0 0 0 0 0 0 0 0 0 1 0 0 0 1 0 1 0 2 2 1 1 0 1 2 2 2 1 2 2 1 0 2 2 1 2 2 2 1 0 1 0 0 0 1 1 2 2 2 0 1 1 2 0 1 0 2 1 1 0 2 0 2 2 0 0 2 0 -1 -2 -2 -2 -2 -1 -2 0 -1 -1 -2 0 -2 -2 0 -2 -2 -1 -2 0 -2 -1 0 -1 0 -1 -1 -1 -1 0 -2 -2 0 0 0 0 0 0 0 0 0 0 -1 0 0 0 -1 0 -1 0 -2 -2 -1 -1 0 -1 -2 -2 -2 -1 -2 -2 -1 0 -2 -2 -1 -2 -2 -2 -1 0 -1 0 0 0 -1 -1 -2 -2 -2 0 -1 -1 -2 0 -1 0 -2 -1 -1 0 -2 0 -2 -2 0 0 -2
0.323163107220637 0.757446120290041 1.14988088697772 0.644290520382235 -0.0611293618300862 -1 0 0 2 2 1 2 1 1 1 2 1 2 0 0 1 0 2 2 1 2 0 2 1 0 1 2 1 2 0 1 2 2 2 0 0 1 0 1 1 1 0 1 2 2 2 0 2 1 1 1 0 2 2 1 2 0 1 1 2 2 1 2 1 1 0 2 2 1 2 1 2 1 0 0 0 0 1 0 0 0 1 1 0 0 2 2 1 2 0 2 2 2 2 2 1 2 0 0 0 2 0 0 -2 -2 -1 -2 -1 -1 -1 -2 -1 -2 0 0 -1 0 -2 -2 -1 -2 0 -2 -1 0 -1 -2 -1 -2 0 -1 -2 -2 -2 0 0 -1 0 -1 -1 -1 0 -1 -2 -2 -2 0 -2 -1 -1 -1 0 -2 -2 -1 -2 0 -1 -1 -2 -2 -1 -2 -1 -1 0 -2 -2 -1 -2 -1 -2 -1 0 0 0 0 -1 0 0 0 -1 -1 0 0 -2 -2 -1 -2 0 -2 -2 -2 -2 -2 -1 -2 0 0 0 -2
-0.266673541876 -0.628803300873307 -0.377127884337356 1.51972630949867 1.0418550858637 1 0 0 2 2 2 2 0 0 0 2 0 2 1 1 2 1 2 2 1 2 0 1 2 1 1 1 2 2 1 1 1 2 1 0 0 1 0 1 0 0 0 0 0 2 1 1 1 0 1 1 0 2 1 1 2 0 1 2 2 1 1 1 1 0 0 2 2 1 0 1 2 1 1 0 0 0 0 1 0 1 2 2 1 1 2 2 1 2 0 2 2 1 0 2 0 1 0 1 0 2 0 0 2 2 2 2 0 0 0 2 0 2 1 1 2 1 2 2 1 2 0 1 2 1 1 1 2 2 1 1 1 2 1 0 0 1 0 1 0 0 0 0 0 2 1 1 1 0 1 1 0 2 1 1 2 0 1 2 2 1 1 1 1 0 0 2 2 1 0 1 2 1 1 0 0 0 0 1 0 1 2 2 1 1 2 2 1 2 0 2 2 1 0 2 0 1 0 1 0 2
0.290298710761966 1.17349162106959 -0.673706452190458 0.104820959101929 -0.245480094419356 -1 0 1 2 2 1 1 1 1 0 2 1 2 0 0 2 0 2 1 1 2 0 2 1 0 1 0 1 1 0 1 1 2 1 0 0 1 0 0 0 0 1 2 2 2 2 1 2 1 0 1 0 2 1 0 2 0 0 2 1 0 0 2 0 0 1 2 2 1 1 1 2 0 1 0 0 0 1 1 0 2 2 1 0 2 1 2 1 1 0 2 1 0 0 2 0 2 0 0 1 2 0 -1 -2 -2 -1 -1 -1 -1 0 -2 -1 -2 0 0 -2 0 -2 -1 -1 -2 0 -2 -1 0 -1 0 -1 -1 0 -1 -1 -2 -1 0 0 -1 0 0 0 0 -1 -2 -2 -2 -2 -1 -2 -1 0 -1 0 -2 -1 0 -2 0 0 -2 -1 0 0 -2 0 0 -1 -2 -2 -1 -1 -1 -2 0 -1 0 0 0 -1 -1 0 -2 -2 -1 0 -2 -1 -2 -1 -1 0 -2 -1 0 0 -2 0 -2 0 0 -1 -2
-1.11210561383996 0.550118604171791 1.76196086124384 -0.455820715052834 -0.387005374472839 1 0 0 2 2 2 2 0 1 1 1 0 2 1 0 2 2 2 2 1 2 0 2 1 0 1 0 1 2 0 0 0 2 1 0 0 1 0 2 1 0 0 1 1 2 1 0 1 0 0 1 1 2 2 1 1 0 0 1 0 0 0 2 1 0 1 2 2 0 1 0 0 0 0 0 1 1 2 2 1 1 1 1 0 2 2 2 0 1 0 2 2 1 0 2 2 1 1 0 0 1 0 0 2 2 2 2 0 1 1 1 0 2 1 0 2 2 2 2 1 2 0 2 1 0 1 0 1 2 0 0 0 2 1 0 0 1 0 2 1 0 0 1 1 2 1 0 1 0 0 1 1 2 2 1 1 0 0 1 0 0 0 2 1 0 1 2 2 0 1 0 0 0 0 0 1 1 2 2 1 1 1 1 0 2 2 2 0 1 0 2 2 1 0 2 2 1 1 0 0 1
-0.458313385582237 -0.586055551776998 -1.84217499641729 -0.434072773369822 0.122805413070632 -1 1 1 2 2 2 2 0 2 1 2 0 2 2 2 2 1 2 2 1 2 0 2 2 0 1 0 0 0 0 0 2 2 2 0 0 1 0 0 0 0 0 1 0 1 2 1 1 0 2 2 0 2 2 1 2 0 1 2 1 1 0 1 0 0 0 2 1 0 0 1 2 1 1 1 1 2 1 1 2 2 2 1 0 2 2 2 1 0 0 2 1 1 0 2 0 2 2 0 2 2 -1 -1 -2 -2 -2 -2 0 -2 -1 -2 0 -2 -2 -2 -2 -1 -2 -2 -1 -2 0 -2 -2 0 -1 0 0 0 0 0 -2 -2 -2 0 0 -1 0 0 0 0 0 -1 0 -1 -2 -1 -1 0 -2 -2 0 -2 -2 -1 -2 0 -1 -2 -1 -1 0 -1 0 0 0 -2 -1 0 0 -1 -2 -1 -1 -1 -1 -2 -1 -1 -2 -2 -2 -1 0 -2 -2 -2 -1 0 0 -2 -1 -1 0 -2 0 -2 -2 0 -2 -2
-0.214437342603417 0.584021573069932 -1.24575120483958 -0.708871171683475 -0.944612423996914 -1 1 1 2 2 2 2 1 2 1 2 0 2 1 0 2 0 2 2 2 2 0 2 1 0 1 1 2 2 1 0 1 2 2 0 0 1 0 1 2 1 0 1 2 2 0 1 2 0 1 2 1 2 2 2 2 0 1 2 2 1 0 2 1 0 0 2 2 1 1 0 2 0 0 0 1 0 1 0 2 1 2 2 2 2 2 2 2 1 0 2 2 1 1 2 0 0 0 0 1 2 -1 -1 -2 -2 -2 -2 -1 -2 -1 -2 0 -2 -1 0 -2 0 -2 -2 -2 -2 0 -2 -1 0 -1 -1 -2 -2 -1 0 -1 -2 -2 0 0 -1 0 -1 -2 -1 0 -1 -2 -2 0 -1 -2 0 -1 -2 -1 -2 -2 -2 -2 0 -1 -2 -2 -1 0 -2 -1 0 0 -2 -2 -1 -1 0 -2 0 0 0 -1 0 -1 0 -2 -1 -2 -2 -2 -2 -2 -2 -2 -1 0 -2 -2 -1 -1 -2 0 0 0 0 -1 -2
-0.694126669739098 0.848223656369163 1.22001962798068 -0.908105522792134 0.0178778005683912 -1 0 0 2 2 2 2 1 2 1 2 1 2 1 2 2 1 2 1 2 2 0 2 2 0 1 0 1 2 2 2 2 2 2 1 0 1 0 0 1 0 0 2 1 2 1 1 2 0 1 2 1 2 2 1 1 0 1 2 0 0 0 2 1 0 0 2 2 0 1 0 0 0 0 1 0 0 0 0 1 2 2 1 0 1 1 2 0 0 0 2 1 1 1 2 0 2 0 0 0 0 0 0 -2 -2 -2 -2 -1 -2 -1 -2 -1 -2 -1 -2 -2 -1 -2 -1 -2 -2 0 -2 -2 0 -1 0 -1 -2 -2 -2 -2 -2 -2 -1 0 -1 0 0 -1 0 0 -2 -1 -2 -1 -1 -2 0 -1 -2 -1 -2 -2 -1 -1 0 -1 -2 0 0 0 -2 -1 0 0 -2 -2 0 -1 0 0 0 0 -1 0 0 0 0 -1 -2 -2 -1 0 -1 -1 -2 0 0 0 -2 -1 -1 -1 -2 0 -2 0 0 0 0
0.636965286177607 1.56236519142921 0.687809720518406 1.55393032087246 0.873979896306986 1 0 0 2 2 2 1 0 0 0 2 0 2 0 0 0 0 2 1 1 2 0 2 1 0 0 0 2 2 2 2 1 2 2 0 0 1 0 0 1 1 0 0 0 0 1 1 2 1 0 2 0 2 2 2 2 0 1 2 2 1 0 2 0 1 2 2 2 2 2 1 2 0 1 0 1 1 1 1 1 2 2 0 0 2 2 2 2 2 0 2 2 1 0 1 0 1 1 0 0 2 0 0 2 2 2 1 0 0 0 2 0 2 0 0 0 0 2 1 1 2 0 2 1 0 0 0 2 2 2 2 1 2 2 0 0 1 0 0 1 1 0 0 0 0 1 1 2 1 0 2 0 2 2 2 2 0 1 2 2 1 0 2 0 1 2 2 2 2 2 1 2 0 1 0 1 1 1 1 1 2 2 0 0 2 2 2 2 2 0 2 2 1 0 1 0 1 1 0 0 2
1.38273624650996 -2.27015979778701 0.790724810103146 0.362740543034294 -1.2834577915496 1 0 1 2 2 2 2 1 1 1 2 0 2 1 2 2 1 2 2 2 2 1 2 1 0 1 1 0 1 1 1 1 2 2 0 0 0 0 1 0 0 0 2 0 1 1 0 2 0 0 1 0 2 2 1 2 0 1 1 1 0 0 2 2 0 0 2 2 0 1 0 1 0 0 0 2 2 2 0 0 1 2 2 1 2 2 2 1 1 0 1 1 0 0 2 0 2 0 0 1 2 0 1 2 2 2 2 1 1 1 2 0 2 1 2 2 1 2 2 2 2 1 2 1 0 1 1 0 1 1 1 1 2 2 0 0 0 0 1 0 0 0 2 0 1 1 0 2 0 0 1 0 2 2 1 2 0 1 1 1 0 0 2 2 0 0 2 2 0 1 0 1 0 0 0 2 2 2 0 0 1 2 2 1 2 2 2 1 1 0 1 1 0 0 2 0 2 0 0 1 2
0.273147744306984 0.941315315085088 1.50541997492214 0.216095481275716 -0.440311981775047 -1 1 1 2 2 1 2 0 1 1 2 0 2 0 1 2 1 2 2 2 2 0 2 2 0 0 0 1 2 2 1 1 2 2 0 0 0 0 1 1 2 0 2 1 2 0 1 1 1 0 1 1 2 2 1 2 0 1 2 2 1 0 2 0 0 0 2 2 0 1 0 2 1 0 0 1 0 1 1 2 1 1 1 0 2 2 2 1 2 0 2 1 0 0 2 0 1 1 0 0 2 -1 -1 -2 -2 -1 -2 0 -1 -1 -2 0 -2 0 -1 -2 -1 -2 -2 -2 -2 0 -2 -2 0 0 0 -1 -2 -2 -1 -1 -2 -2 0 0 0 0 -1 -1 -2 0 -2 -1 -2 0 -1 -1 -1 0 -1 -1 -2 -2 -1 -2 0 -1 -2 -2 -1 0 -2 0 0 0 -2 -2 0 -1 0 -2 -1 0 0 -1 0 -1 -1 -2 -1 -1 -1 0 -2 -2 -2 -1 -2 0 -2 -1 0 0 -2 0 -1 -1 0 0 -2
0.709098467436739 -0.895689231738456 -0.846365926810099 -1.22748043139351 -0.158768379077633 1 0 0 2 2 2 2 0 2 1 2 1 2 0 0 1 0 2 2 0 2 0 2 2 0 2 1 2 2 2 1 1 2 2 0 0 1 0 0 0 1 1 2 1 1 0 0 1 0 0 1 1 2 2 1 2 0 1 2 2 2 0 2 1 1 2 2 2 2 2 2 2 2 2 0 1 0 0 0 0 0 1 1 0 1 2 2 2 2 1 2 2 1 1 2 0 2 0 0 0 1 0 0 2 2 2 2 0 2 1 2 1 2 0 0 1 0 2 2 0 2 0 2 2 0 2 1 2 2 2 1 1 2 2 0 0 1 0 0 0 1 1 2 1 1 0 0 1 0 0 1 1 2 2 1 2 0 1 2 2 2 0 2 1 1 2 2 2 2 2 2 2 2 2 0 1 0 0 0 0 0 1 1 0 1 2 2 2 2 1 2 2 1 1 2 0 2 0 0 0 1
-0.128709091858322 -0.00861662058023254 -1.32165294368098 0.848883109670496 0.854990329929665 -1 0 0 2 2 1 2 0 1 1 2 0 2 0 0 1 0 2 2 2 2 1 2 2 0 2 1 2 1 1 1 1 2 2 1 0 1 0 0 0 0 0 1 2 2 1 1 2 0 1 0 0 2 1 0 0 0 1 2 1 1 0 2 1 0 1 2 2 1 1 0 2 0 0 0 0 0 0 0 0 2 0 0 0 1 0 2 0 1 0 2 2 1 1 2 0 2 1 0 0 1 0 0 -2 -2 -1 -2 0 -1 -1 -2 0 -2 0 0 -1 0 -2 -2 -2 -2 -1 -2 -2 0 -2 -1 -2 -1 -1 -1 -1 -2 -2 -1 0 -1 0 0 0 0 0 -1 -2 -2 -1 -1 -2 0 -1 0 0 -2 -1 0 0 0 -1 -2 -1 -1 0 -2 -1 0 -1 -2 -2 -1 -1 0 -2 0 0 0 0 0 0 0 0 -2 0 0 0 -1 0 -2 0 -1 0 -2 -2 -1 -1 -2 0 -2 -1 0 0 -1
-0.619049969027662 0.640063355446162 -0.319803256208655 -0.506845265409744 -1.92937166197757 1 0 0 2 2 2 1 0 2 2 2 0 2 0 1 2 0 2 1 1 2 0 2 2 0 0 0 1 1 0 1 1 2 2 0 0 2 0 1 0 1 0 2 1 2 1 0 2 0 0 2 1 2 2 2 2 0 0 1 1 1 1 1 1 1 1 2 2 1 1 0 2 0 0 0 0 0 0 1 2 2 2 0 0 1 2 2 1 2 0 2 2 2 1 2 0 2 1 0 1 1 0 0 2 2 2 1 0 2 2 2 0 2 0 1 2 0 2 1 1 2 0 2 2 0 0 0 1 1 0 1 1 2 2 0 0 2 0 1 0 1 0 2 1 2 1 0 2 0 0 2 1 2 2 2 2 0 0 1 1 1 1 1 1 1 1 2 2 1 1 0 2 0 0 0 0 0 0 1 2 2 2 0 0 1 2 2 1 2 0 2 2 2 1 2 0 2 1 0 1 1
0.55959975352002 0.600987460389074 0.0655067802274087 -1.06332249721933 0.0768758652055801 1 0 0 2 2 2 1 1 2 1 2 0 2 0 1 2 0 1 1 0 2 0 2 1 0 1 0 1 2 2 2 1 1 1 0 0 1 0 1 0 1 1 1 0 2 0 0 1 0 0 1 0 2 2 2 2 0 1 2 2 0 1 1 0 0 1 2 2 1 1 2 1 0 0 0 0 0 0 0 1 2 2 2 0 0 1 2 1 1 0 2 1 2 0 2 0 2 1 1 0 2 0 0 2 2 2 1 1 2 1 2 0 2 0 1 2 0 1 1 0 2 0 2 1 0 1 0 1 2 2 2 1 1 1 0 0 1 0 1 0 1 1 1 0 2 0 0 1 0 0 1 0 2 2 2 2 0 1 2 2 0 1 1 0 0 1 2 2 1 1 2 1 0 0 0 0 0 0 0 1 2 2 2 0 0 1 2 1 1 0 2 1 2 0 2 0 2 1 1 0 2
-1.42704444599155 -0.219895524126528 0.213178807184763 0.200611353893857 2.24386595972729 -1 0 0 2 2 2 2 1 2 0 2 0 1 0 0 2 1 2 2 2 2 0 2 2 0 2 1 2 2 2 1 1 2 2 0 0 2 0 0 0 1 0 1 0 1 0 1 2 0 2 2 1 2 2 1 2 0 0 1 1 1 1 2 0 0 0 2 2 0 2 1 2 1 0 0 0 0 0 1 1 1 1 0 0 2 2 2 0 2 0 2 0 0 0 2 1 2 0 0 0 1 0 0 -2 -2 -2 -2 -1 -2 0 -2 0 -1 0 0 -2 -1 -2 -2 -2 -2 0 -2 -2 0 -2 -1 -2 -2 -2 -1 -1 -2 -2 0 0 -2 0 0 0 -1 0 -1 0 -1 0 -1 -2 0 -2 -2 -1 -2 -2 -1 -2 0 0 -1 -1 -1 -1 -2 0 0 0 -2 -2 0 -2 -1 -2 -1 0 0 0 0 0 -1 -1 -1 -1 0 0 -2 -2 -2 0 -2 0 -2 0 0 0 -2 -1 -2 0 0 0 -1
1.06161433113326 -0.240681050055565 -0.589275491817287 -1.94533253821466 -1.15606273094598 -1 0 0 2 1 1 2 0 0 1 2 1 2 0 1 1 0 2 1 1 2 0 2 0 0 1 0 2 1 1 2 1 1 2 0 0 0 0 1 0 1 0 2 1 1 0 1 2 0 0 2 1 2 2 2 2 0 2 2 2 0 0 2 1 0 1 2 2 1 1 0 2 2 1 0 0 0 0 1 2 0 1 1 1 2 2 2 0 0 0 2 2 1 0 2 0 1 0 0 0 2 0 0 -2 -1 -1 -2 0 0 -1 -2 -1 -2 0 -1 -1 0 -2 -1 -1 -2 0 -2 0 0 -1 0 -2 -1 -1 -2 -1 -1 -2 0 0 0 0 -1 0 -1 0 -2 -1 -1 0 -1 -2 0 0 -2 -1 -2 -2 -2 -2 0 -2 -2 -2 0 0 -2 -1 0 -1 -2 -2 -1 -1 0 -2 -2 -1 0 0 0 0 -1 -2 0 -1 -1 -1 -2 -2 -2 0 0 0 -2 -2 -1 0 -2 0 -1 0 0 0 -2
1.17383093629306 -1.21697453107764 -0.333090760853312 -1.43213239858976 0.296570720421689 1 0 0 2 2 1 2 1 1 1 2 2 2 2 2 2 0 2 2 1 2 0 2 0 0 2 1 2 2 2 0 2 2 2 0 0 2 0 2 1 2 0 2 2 2 0 0 1 0 0 1 0 2 2 1 2 1 2 2 2 1 0 2 1 0 0 2 2 1 0 0 2 0 0 0 0 0 2 0 0 1 1 1 0 2 2 2 1 2 0 2 0 0 0 2 0 1 0 0 0 2 0 0 2 2 1 2 1 1 1 2 2 2 2 2 2 0 2 2 1 2 0 2 0 0 2 1 2 2 2 0 2 2 2 0 0 2 0 2 1 2 0 2 2 2 0 0 1 0 0 1 0 2 2 1 2 1 2 2 2 1 0 2 1 0 0 2 2 1 0 0 2 0 0 0 0 0 2 0 0 1 1 1 0 2 2 2 1 2 0 2 0 0 0 2 0 1 0 0 0 2
-1.14693568080234 -1.02670458019859 0.428721089584619 -1.06441913119857 1.9972828944369 1 0 0 2 1 1 2 1 2 1 2 0 2 0 1 1 0 2 2 0 1 0 2 1 0 1 0 2 2 2 1 1 2 2 2 1 2 0 2 1 2 1 2 1 2 2 1 1 0 0 1 1 2 2 2 2 1 2 2 2 2 1 1 1 0 0 2 2 0 0 1 1 1 0 0 0 1 1 0 0 1 1 1 0 2 2 2 0 0 0 1 0 1 0 2 0 2 1 1 1 2 0 0 2 1 1 2 1 2 1 2 0 2 0 1 1 0 2 2 0 1 0 2 1 0 1 0 2 2 2 1 1 2 2 2 1 2 0 2 1 2 1 2 1 2 2 1 1 0 0 1 1 2 2 2 2 1 2 2 2 2 1 1 1 0 0 2 2 0 0 1 1 1 0 0 0 1 1 0 0 1 1 1 0 2 2 2 0 0 0 1 0 1 0 2 0 2 1 1 1 2
-0.209534986297559 1.61418500346658 -1.51199295973965 0.252429796964686 -0.192362963667895 -1 0 1 2 2 2 2 1 1 1 2 0 2 1 1 1 0 2 2 1 1 0 2 2 1 2 1 1 2 1 1 0 2 2 0 0 2 0 1 0 0 0 2 2 2 1 1 0 1 1 1 2 2 2 1 2 0 2 2 2 1 1 2 2 1 0 2 2 2 1 1 2 0 2 1 0 1 2 0 1 1 2 1 0 1 1 2 0 1 0 2 1 2 1 2 0 2 2 0 1 1 0 -1 -2 -2 -2 -2 -1 -1 -1 -2 0 -2 -1 -1 -1 0 -2 -2 -1 -1 0 -2 -2 -1 -2 -1 -1 -2 -1 -1 0 -2 -2 0 0 -2 0 -1 0 0 0 -2 -2 -2 -1 -1 0 -1 -1 -1 -2 -2 -2 -1 -2 0 -2 -2 -2 -1 -1 -2 -2 -1 0 -2 -2 -2 -1 -1 -2 0 -2 -1 0 -1 -2 0 -1 -1 -2 -1 0 -1 -1 -2 0 -1 0 -2 -1 -2 -1 -2 0 -2 -2 0 -1 -1
2.19922295709519 0.500904174356389 0.0962435573821937 0.41743906902665 1.45369772272538 -1 0 0 2 2 2 2 1 2 2 2 1 1 1 0 2 0 2 1 1 2 0 2 1 0 1 2 2 2 1 1 1 2 2 1 0 1 1 1 0 2 1 2 1 2 1 2 2 1 1 1 0 2 2 1 2 0 1 1 2 1 0 1 1 0 0 2 2 2 1 0 2 2 2 2 0 0 0 1 0 1 2 2 0 1 1 1 0 2 1 2 1 1 0 2 0 2 1 1 2 2 0 0 -2 -2 -2 -2 -1 -2 -2 -2 -1 -1 -1 0 -2 0 -2 -1 -1 -2 0 -2 -1 0 -1 -2 -2 -2 -1 -1 -1 -2 -2 -1 0 -1 -1 -1 0 -2 -1 -2 -1 -2 -1 -2 -2 -1 -1 -1 0 -2 -2 -1 -2 0 -1 -1 -2 -1 0 -1 -1 0 0 -2 -2 -2 -1 0 -2 -2 -2 -2 0 0 0 -1 0 -1 -2 -2 0 -1 -1 -1 0 -2 -1 -2 -1 -1 0 -2 0 -2 -1 -1 -2 -2
0.0192827985888861 0.0416625386799186 -0.581819380615497 -1.90960954180596 1.08056782308323 -1 0 1 2 2 1 1 1 1 1 2 1 2 2 0 1 0 2 1 2 2 0 2 2 1 2 1 2 2 2 1 1 2 2 0 0 1 0 2 1 1 1 2 1 2 0 0 2 0 0 0 0 2 2 1 2 0 1 2 2 1 0 2 0 0 0 2 2 1 0 0 1 0 0 1 1 0 0 0 1 1 2 1 0 2 2 2 2 2 0 2 2 2 1 2 1 2 0 0 1 2 0 -1 -2 -2 -1 -1 -1 -1 -1 -2 -1 -2 -2 0 -1 0 -2 -1 -2 -2 0 -2 -2 -1 -2 -1 -2 -2 -2 -1 -1 -2 -2 0 0 -1 0 -2 -1 -1 -1 -2 -1 -2 0 0 -2 0 0 0 0 -2 -2 -1 -2 0 -1 -2 -2 -1 0 -2 0 0 0 -2 -2 -1 0 0 -1 0 0 -1 -1 0 0 0 -1 -1 -2 -1 0 -2 -2 -2 -2 -2 0 -2 -2 -2 -1 -2 -1 -2 0 0 -1 -2
-0.710398350694973 0.785409722710442 -1.64977875683757 0.305070528002419 -1.22459159814053 -1 0 1 2 1 1 2 1 1 0 2 0 2 1 0 0 0 1 2 1 2 0 2 1 0 1 0 0 0 1 1 1 1 2 0 0 2 0 1 0 0 0 2 1 2 0 0 1 0 1 2 1 2 2 2 2 0 1 2 2 2 2 1 0 1 1 2 2 0 1 2 2 1 2 1 0 0 0 0 0 0 0 0 0 2 1 1 1 1 0 2 1 0 0 2 0 1 1 0 1 1 0 -1 -2 -1 -1 -2 -1 -1 0 -2 0 -2 -1 0 0 0 -1 -2 -1 -2 0 -2 -1 0 -1 0 0 0 -1 -1 -1 -1 -2 0 0 -2 0 -1 0 0 0 -2 -1 -2 0 0 -1 0 -1 -2 -1 -2 -2 -2 -2 0 -1 -2 -2 -2 -2 -1 0 -1 -1 -2 -2 0 -1 -2 -2 -1 -2 -1 0 0 0 0 0 0 0 0 0 -2 -1 -1 -1 -1 0 -2 -1 0 0 -2 0 -1 -1 0 -1 -1
1.39157351370566 0.0604568972237385 -1.02733522193194 -1.41266349872888 -0.537665573518442 -1 2 1 2 2 1 2 0 1 1 2 1 2 1 2 2 1 2 0 1 2 0 2 0 0 2 0 1 2 1 0 1 2 2 0 0 1 0 1 1 2 1 2 0 2 1 1 2 1 1 2 1 2 2 1 2 0 1 1 2 1 0 1 0 0 1 2 2 1 1 0 2 0 0 1 1 1 2 0 1 1 2 0 0 1 1 2 1 1 0 2 2 2 0 2 2 1 0 0 0 1 -2 -1 -2 -2 -1 -2 0 -1 -1 -2 -1 -2 -1 -2 -2 -1 -2 0 -1 -2 0 -2 0 0 -2 0 -1 -2 -1 0 -1 -2 -2 0 0 -1 0 -1 -1 -2 -1 -2 0 -2 -1 -1 -2 -1 -1 -2 -1 -2 -2 -1 -2 0 -1 -1 -2 -1 0 -1 0 0 -1 -2 -2 -1 -1 0 -2 0 0 -1 -1 -1 -2 0 -1 -1 -2 0 0 -1 -1 -2 -1 -1 0 -2 -2 -2 0 -2 -2 -1 0 0 0 -1
1.03124392462101 -0.248661163976342 2.31571348075895 -0.278530399298173 -1.88526743268881 -1 0 0 2 2 1 2 0 1 0 2 1 2 0 0 1 0 1 1 1 2 0 2 0 0 1 0 1 1 1 1 1 2 2 0 0 2 0 1 1 2 0 1 0 2 1 1 2 1 1 1 1 2 1 0 2 0 0 2 0 1 0 2 0 0 0 2 2 1 0 1 2 0 0 0 2 1 1 0 1 2 1 1 0 2 1 2 0 2 0 2 2 1 1 2 0 2 2 0 0 2 0 0 -2 -2 -1 -2 0 -1 0 -2 -1 -2 0 0 -1 0 -1 -1 -1 -2 0 -2 0 0 -1 0 -1 -1 -1 -1 -1 -2 -2 0 0 -2 0 -1 -1 -2 0 -1 0 -2 -1 -1 -2 -1 -1 -1 -1 -2 -1 0 -2 0 0 -2 0 -1 0 -2 0 0 0 -2 -2 -1 0 -1 -2 0 0 0 -2 -1 -1 0 -1 -2 -1 -1 0 -2 -1 -2 0 -2 0 -2 -2 -1 -1 -2 0 -2 -2 0 0 -2
1.01175491706501 -1.33274197736768 1.09436160541166 0.116954662085483 -1.09312877490208 -1 0 0 2 2 2 2 2 0 0 1 0 2 1 1 1 1 2 1 1 2 0 2 1 0 1 1 2 2 0 0 0 2 2 1 1 2 0 1 0 0 0 2 2 2 1 0 1 0 0 1 0 2 2 0 1 0 1 1 1 0 0 2 0 0 1 2 2 0 1 1 2 0 0 0 0 0 0 1 0 1 1 0 0 0 1 2 1 0 0 2 1 1 0 2 0 2 0 0 1 2 0 0 -2 -2 -2 -2 -2 0 0 -1 0 -2 -1 -1 -1 -1 -2 -1 -1 -2 0 -2 -1 0 -1 -1 -2 -2 0 0 0 -2 -2 -1 -1 -2 0 -1 0 0 0 -2 -2 -2 -1 0 -1 0 0 -1 0 -2 -2 0 -1 0 -1 -1 -1 0 0 -2 0 0 -1 -2 -2 0 -1 -1 -2 0 0 0 0 0 0 -1 0 -1 -1 0 0 0 -1 -2 -1 0 0 -2 -1 -1 0 -2 0 -2 0 0 -1 -2
-0.206666368478511 -0.66930910982081 0.70517035413277 0.898697082127906 -0.644281897342258 -1 0 0 2 2 2 2 1 2 2 2 0 2 0 1 2 1 2 2 2 2 0 2 1 0 2 1 1 1 1 1 0 2 2 1 0 1 0 2 2 1 0 2 2 2 1 0 2 0 1 1 0 2 2 1 2 0 0 1 2 1 1 2 1 0 0 2 2 1 0 1 2 0 1 0 0 1 1 0 1 2 2 1 0 2 2 2 1 0 0 2 2 1 1 2 1 2 0 0 0 1 0 0 -2 -2 -2 -2 -1 -2 -2 -2 0 -2 0 -1 -2 -1 -2 -2 -2 -2 0 -2 -1 0 -2 -1 -1 -1 -1 -1 0 -2 -2 -1 0 -1 0 -2 -2 -1 0 -2 -2 -2 -1 0 -2 0 -1 -1 0 -2 -2 -1 -2 0 0 -1 -2 -1 -1 -2 -1 0 0 -2 -2 -1 0 -1 -2 0 -1 0 0 -1 -1 0 -1 -2 -2 -1 0 -2 -2 -2 -1 0 0 -2 -2 -1 -1 -2 -1 -2 0 0 0 -1
0.916190080719793 0.397688623971042 1.52440662281341 0.72693042250255 0.427621264231787 1 1 0 2 2 2 2 0 1 1 2 1 2 0 0 1 0 2 2 2 2 0 2 1 0 0 1 2 1 1 1 1 2 2 0 0 2 0 1 0 1 0 2 1 2 2 0 2 0 0 1 0 2 2 1 2 1 2 2 1 1 1 2 0 0 1 2 2 0 0 0 1 1 1 0 0 0 1 0 0 1 2 1 0 1 2 2 1 1 0 2 1 2 0 2 0 1 0 0 1 2 1 0 2 2 2 2 0 1 1 2 1 2 0 0 1 0 2 2 2 2 0 2 1 0 0 1 2 1 1 1 1 2 2 0 0 2 0 1 0 1 0 2 1 2 2 0 2 0 0 1 0 2 2 1 2 1 2 2 1 1 1 2 0 0 1 2 2 0 0 0 1 1 1 0 0 0 1 0 0 1 2 1 0 1 2 2 1 1 0 2 1 2 0 2 0 1 0 0 1 2
-1.04388928799294 0.261786771177295 0.304915656343395 -1.05758956372713 -1.31872375682585 1 0 1 2 2 1 2 1 1 1 2 2 2 0 1 1 0 2 0 0 2 0 2 2 0 1 1 2 2 0 0 1 2 2 1 0 0 0 0 0 0 0 0 1 2 0 1 2 0 1 2 0 2 1 1 2 0 0 2 2 1 1 1 0 0 2 2 2 1 1 0 2 0 0 0 0 0 0 1 1 1 1 1 1 1 0 2 1 1 0 1 0 0 0 2 0 2 1 0 0 1 0 1 2 2 1 2 1 1 1 2 2 2 0 1 1 0 2 0 0 2 0 2 2 0 1 1 2 2 0 0 1 2 2 1 0 0 0 0 0 0 0 0 1 2 0 1 2 0 1 2 0 2 1 1 2 0 0 2 2 1 1 1 0 0 2 2 2 1 1 0 2 0 0 0 0 0 0 1 1 1 1 1 1 1 0 2 1 1 0 1 0 0 0 2 0 2 1 0 0 1
1.81906286342978 -0.114967496475566 -0.950077078119455 1.53638923117271 -0.274655545348883 -1 0 0 2 1 0 1 0 0 1 2 1 2 2 2 2 0 2 2 2 2 0 2 1 0 2 1 2 2 1 2 2 2 1 1 1 2 0 1 2 2 1 2 1 2 1 1 2 0 0 1 0 1 1 0 2 0 1 2 1 0 2 2 0 0 0 2 2 0 1 0 2 1 0 0 0 0 2 0 0 1 0 2 1 2 2 2 2 1 0 2 2 2 1 2 0 1 1 0 0 1 0 0 -2 -1 0 -1 0 0 -1 -2 -1 -2 -2 -2 -2 0 -2 -2 -2 -2 0 -2 -1 0 -2 -1 -2 -2 -1 -2 -2 -2 -1 -1 -1 -2 0 -1 -2 -2 -1 -2 -1 -2 -1 -1 -2 0 0 -1 0 -1 -1 0 -2 0 -1 -2 -1 0 -2 -2 0 0 0 -2 -2 0 -1 0 -2 -1 0 0 0 0 -2 0 0 -1 0 -2 -1 -2 -2 -2 -2 -1 0 -2 -2 -2 -1 -2 0 -1 -1 0 0 -1
0.310781093340865 1.40697508726825 2.11255836838963 0.763303386347128 0.701627413474224 -1 1 1 2 2 2 2 1 0 0 2 1 2 0 0 2 1 2 2 2 2 0 2 2 0 2 1 2 2 1 0 1 2 2 1 0 1 0 2 1 1 0 2 2 2 1 1 2 1 2 2 1 2 1 0 1 0 1 2 1 1 0 2 0 0 0 2 2 0 1 0 1 1 1 1 0 1 0 1 1 1 2 2 0 2 2 2 1 1 0 2 1 0 0 2 1 1 1 0 2 2 -1 -1 -2 -2 -2 -2 -1 0 0 -2 -1 -2 0 0 -2 -1 -2 -2 -2 -2 0 -2 -2 0 -2 -1 -2 -2 -1 0 -1 -2 -2 -1 0 -1 0 -2 -1 -1 0 -2 -2 -2 -1 -1 -2 -1 -2 -2 -1 -2 -1 0 -1 0 -1 -2 -1 -1 0 -2 0 0 0 -2 -2 0 -1 0 -1 -1 -1 -1 0 -1 0 -1 -1 -1 -2 -2 0 -2 -2 -2 -1 -1 0 -2 -1 0 0 -2 -1 -1 -1 0 -2 -2
0.69876636851873 0.0299254647979345 0.17868198901727 0.487970592626224 0.820736781856814 -1 0 0 1 2 2 2 1 0 0 2 1 2 1 1 1 0 1 1 1 2 0 1 2 0 2 2 2 2 1 2 1 2 2 0 0 1 0 1 1 2 1 2 1 2 0 0 2 0 1 1 0 2 2 2 2 0 2 2 2 1 1 2 2 1 2 2 2 1 1 0 2 0 0 0 1 1 1 0 0 1 2 2 1 1 1 2 1 2 0 2 1 2 0 2 1 1 0 0 0 1 0 0 -1 -2 -2 -2 -1 0 0 -2 -1 -2 -1 -1 -1 0 -1 -1 -1 -2 0 -1 -2 0 -2 -2 -2 -2 -1 -2 -1 -2 -2 0 0 -1 0 -1 -1 -2 -1 -2 -1 -2 0 0 -2 0 -1 -1 0 -2 -2 -2 -2 0 -2 -2 -2 -1 -1 -2 -2 -1 -2 -2 -2 -1 -1 0 -2 0 0 0 -1 -1 -1 0 0 -1 -2 -2 -1 -1 -1 -2 -1 -2 0 -2 -1 -2 0 -2 -1 -1 0 0 0 -1
0.958382811708185 -2.11322752310358 0.0976313088630006 0.596539801883805 -0.413164238787021 -1 0 0 2 1 1 1 0 0 0 2 0 2 0 1 2 1 2 2 1 2 0 1 1 0 1 1 2 2 1 1 1 2 1 0 0 2 0 1 2 1 1 2 2 2 1 0 1 0 0 1 0 1 2 1 1 0 1 2 1 1 1 2 1 0 0 1 2 1 0 0 0 1 0 1 0 0 1 1 2 2 2 2 0 2 2 2 1 2 0 2 1 1 0 2 0 2 1 0 0 2 0 0 -2 -1 -1 -1 0 0 0 -2 0 -2 0 -1 -2 -1 -2 -2 -1 -2 0 -1 -1 0 -1 -1 -2 -2 -1 -1 -1 -2 -1 0 0 -2 0 -1 -2 -1 -1 -2 -2 -2 -1 0 -1 0 0 -1 0 -1 -2 -1 -1 0 -1 -2 -1 -1 -1 -2 -1 0 0 -1 -2 -1 0 0 0 -1 0 -1 0 0 -1 -1 -2 -2 -2 -2 0 -2 -2 -2 -1 -2 0 -2 -1 -1 0 -2 0 -2 -1 0 0 -2
-1.17318984002818 0.365384650836739 -1.25209039117118 -1.45492730970681 -0.879686219005066 1 0 1 2 2 2 2 1 1 1 2 0 2 1 1 2 1 2 2 0 2 0 1 2 0 2 1 1 1 1 1 2 2 2 1 0 1 0 1 0 1 0 1 1 1 1 0 2 0 0 0 0 2 1 1 2 1 2 1 1 1 1 2 1 1 1 2 2 1 2 1 2 0 1 1 1 0 2 0 0 0 2 0 0 2 1 2 1 1 0 2 2 1 1 2 0 1 1 0 1 2 0 1 2 2 2 2 1 1 1 2 0 2 1 1 2 1 2 2 0 2 0 1 2 0 2 1 1 1 1 1 2 2 2 1 0 1 0 1 0 1 0 1 1 1 1 0 2 0 0 0 0 2 1 1 2 1 2 1 1 1 1 2 1 1 1 2 2 1 2 1 2 0 1 1 1 0 2 0 0 0 2 0 0 2 1 2 1 1 0 2 2 1 1 2 0 1 1 0 1 2
-0.779695277531072 -1.38559385371653 -0.447488473964555 -0.206733510945803 -1.94432675643669 -1 0 0 2 2 2 2 1 1 0 2 1 2 0 0 1 1 2 1 1 2 0 2 2 0 0 0 0 1 0 1 1 2 2 1 0 1 0 2 2 1 0 1 1 2 1 0 1 0 0 1 0 2 1 1 2 0 1 2 2 1 1 2 0 0 0 2 1 0 1 2 2 0 1 0 1 1 1 2 2 2 2 1 1 2 2 2 1 1 0 2 0 1 1 2 0 2 1 0 1 2 0 0 -2 -2 -2 -2 -1 -1 0 -2 -1 -2 0 0 -1 -1 -2 -1 -1 -2 0 -2 -2 0 0 0 0 -1 0 -1 -1 -2 -2 -1 0 -1 0 -2 -2 -1 0 -1 -1 -2 -1 0 -1 0 0 -1 0 -2 -1 -1 -2 0 -1 -2 -2 -1 -1 -2 0 0 0 -2 -1 0 -1 -2 -2 0 -1 0 -1 -1 -1 -2 -2 -2 -2 -1 -1 -2 -2 -2 -1 -1 0 -2 0 -1 -1 -2 0 -2 -1 0 -1 -2
1.55836012979079 0.0911850761561006 1.31348818625111 1.45959110150925 -0.268759155139304 1 0 0 2 2 2 1 1 1 2 2 1 2 1 1 2 0 2 1 2 1 0 1 1 0 2 1 2 2 0 2 0 1 2 1 1 1 0 1 2 2 2 2 0 2 0 0 2 0 0 1 1 2 2 1 0 0 1 2 2 1 1 2 0 0 0 2 2 0 0 1 2 1 0 0 0 0 1 0 1 1 1 2 1 1 2 2 1 1 0 2 2 2 1 2 0 2 1 1 0 2 0 0 2 2 2 1 1 1 2 2 1 2 1 1 2 0 2 1 2 1 0 1 1 0 2 1 2 2 0 2 0 1 2 1 1 1 0 1 2 2 2 2 0 2 0 0 2 0 0 1 1 2 2 1 0 0 1 2 2 1 1 2 0 0 0 2 2 0 0 1 2 1 0 0 0 0 1 0 1 1 1 2 1 1 2 2 1 1 0 2 2 2 1 2 0 2 1 1 0 2
0.0095427994228213 -1.03744023504624 0.948587724878346 -0.47415080003759 -0.180385387147936 -1 0 0 2 2 2 2 0 2 1 2 0 2 0 0 2 0 1 1 2 2 0 2 2 0 2 1 2 2 2 2 2 2 1 0 0 1 0 0 1 1 0 2 1 2 1 1 2 0 0 0 0 2 2 1 2 0 1 2 1 1 0 2 1 0 1 2 1 0 1 1 2 1 0 0 0 0 0 1 1 1 1 1 0 2 2 2 0 1 0 2 0 0 0 2 0 2 1 0 0 1 0 0 -2 -2 -2 -2 0 -2 -1 -2 0 -2 0 0 -2 0 -1 -1 -2 -2 0 -2 -2 0 -2 -1 -2 -2 -2 -2 -2 -2 -1 0 0 -1 0 0 -1 -1 0 -2 -1 -2 -1 -1 -2 0 0 0 0 -2 -2 -1 -2 0 -1 -2 -1 -1 0 -2 -1 0 -1 -2 -1 0 -1 -1 -2 -1 0 0 0 0 0 -1 -1 -1 -1 -1 0 -2 -2 -2 0 -1 0 -2 0 0 0 -2 0 -2 -1 0 0 -1
1.24724110185527 0.235851810538878 -0.62473775899909 -1.57674412538219 -0.174226901811427 1 1 1 2 2 2 2 0 0 1 2 1 2 0 1 2 1 2 1 1 2 0 2 1 0 0 0 1 2 1 1 1 2 1 0 0 2 0 2 1 1 0 2 1 2 1 1 1 0 1 1 0 1 2 1 2 0 0 2 1 2 0 2 0 0 0 2 2 1 2 1 2 1 2 0 1 0 1 0 0 1 2 2 0 2 2 2 2 2 0 2 1 2 1 2 0 1 0 0 0 2 1 1 2 2 2 2 0 0 1 2 1 2 0 1 2 1 2 1 1 2 0 2 1 0 0 0 1 2 1 1 1 2 1 0 0 2 0 2 1 1 0 2 1 2 1 1 1 0 1 1 0 1 2 1 2 0 0 2 1 2 0 2 0 0 0 2 2 1 2 1 2 1 2 0 1 0 1 0 0 1 2 2 0 2 2 2 2 2 0 2 1 2 1 2 0 1 0 0 0 2
0.301885823994813 -0.114921842591206 0.870814077390071 0.0881807590396012 -0.0189450066657896 1 0 0 2 2 1 2 0 0 0 2 0 2 1 0 2 0 2 2 1 2 0 1 1 0 1 0 1 1 1 2 1 2 2 0 0 2 0 0 0 1 0 1 1 2 1 1 2 1 1 2 1 2 2 2 2 0 1 2 2 2 1 0 0 0 1 2 2 2 2 2 1 0 0 0 0 0 1 0 1 1 2 0 0 1 1 2 1 1 0 2 1 1 0 2 0 2 1 0 0 1 0 0 2 2 1 2 0 0 0 2 0 2 1 0 2 0 2 2 1 2 0 1 1 0 1 0 1 1 1 2 1 2 2 0 0 2 0 0 0 1 0 1 1 2 1 1 2 1 1 2 1 2 2 2 2 0 1 2 2 2 1 0 0 0 1 2 2 2 2 2 1 0 0 0 0 0 1 0 1 1 2 0 0 1 1 2 1 1 0 2 1 1 0 2 0 2 1 0 0 1
-0.337676336236987 0.621363367984399 0.422487204337106 -1.93369377223682 0.713270514818928 1 0 0 1 1 1 2 0 1 0 2 1 2 0 1 2 1 2 2 1 2 0 2 1 0 2 0 1 1 2 1 0 1 1 0 0 1 0 2 1 1 1 2 1 1 0 1 2 0 1 2 0 2 2 2 2 1 1 2 2 1 1 2 0 0 0 2 2 1 0 0 1 0 0 0 1 1 0 0 1 1 2 1 0 2 2 2 2 2 1 2 0 0 0 2 0 2 1 0 1 2 0 0 1 1 1 2 0 1 0 2 1 2 0 1 2 1 2 2 1 2 0 2 1 0 2 0 1 1 2 1 0 1 1 0 0 1 0 2 1 1 1 2 1 1 0 1 2 0 1 2 0 2 2 2 2 1 1 2 2 1 1 2 0 0 0 2 2 1 0 0 1 0 0 0 1 1 0 0 1 1 2 1 0 2 2 2 2 2 1 2 0 0 0 2 0 2 1 0 1 2
-0.616634893063678 0.814804313969353 -0.114270007382087 -1.97574833008765 -0.643400376399813 1 0 1 2 2 1 2 1 1 1 2 0 2 1 1 2 0 2 2 1 1 0 2 0 0 1 1 2 2 2 1 1 1 2 1 0 1 0 0 0 1 1 2 2 2 1 0 1 0 0 2 0 2 2 2 2 0 0 2 2 1 0 2 2 0 1 2 2 0 0 1 1 0 1 0 0 0 1 0 0 0 2 1 0 1 2 2 0 1 0 2 2 2 0 2 0 1 0 0 0 2 0 1 2 2 1 2 1 1 1 2 0 2 1 1 2 0 2 2 1 1 0 2 0 0 1 1 2 2 2 1 1 1 2 1 0 1 0 0 0 1 1 2 2 2 1 0 1 0 0 2 0 2 2 2 2 0 0 2 2 1 0 2 2 0 1 2 2 0 0 1 1 0 1 0 0 0 1 0 0 0 2 1 0 1 2 2 0 1 0 2 2 2 0 2 0 1 0 0 0 2
0.231063606851068 1.14687688059323 -1.58323596321172 -0.138542752020655 0.54413675840745 1 1 0 2 2 1 2 0 0 0 2 1 2 1 1 2 0 1 0 0 2 0 2 0 0 1 0 2 2 2 1 2 2 2 1 0 2 0 2 2 2 0 2 1 2 1 2 2 0 1 1 0 2 2 1 1 0 0 1 0 0 0 2 0 0 0 2 2 0 1 1 2 1 0 1 0 0 1 0 0 2 1 2 0 0 0 1 1 2 0 2 1 2 1 2 0 2 2 0 0 1 1 0 2 2 1 2 0 0 0 2 1 2 1 1 2 0 1 0 0 2 0 2 0 0 1 0 2 2 2 1 2 2 2 1 0 2 0 2 2 2 0 2 1 2 1 2 2 0 1 1 0 2 2 1 1 0 0 1 0 0 0 2 0 0 0 2 2 0 1 1 2 1 0 1 0 0 1 0 0 2 1 2 0 0 0 1 1 2 0 2 1 2 1 2 0 2 2 0 0 1
0.264407546852111 2.1226316349208 1.34256236387469 -0.252594700948209 0.560887712928485 1 0 0 2 2 1 2 0 1 0 2 1 2 0 0 1 0 2 2 2 2 1 2 2 0 1 0 2 1 1 1 1 2 2 1 0 1 0 0 0 1 1 2 2 2 1 0 1 0 0 1 0 1 0 0 1 0 1 2 2 2 0 0 0 0 0 2 2 1 1 0 1 0 0 1 1 0 0 0 1 0 1 1 0 2 1 2 1 1 0 2 1 1 0 2 0 2 0 0 0 1 0 0 2 2 1 2 0 1 0 2 1 2 0 0 1 0 2 2 2 2 1 2 2 0 1 0 2 1 1 1 1 2 2 1 0 1 0 0 0 1 1 2 2 2 1 0 1 0 0 1 0 1 0 0 1 0 1 2 2 2 0 0 0 0 0 2 2 1 1 0 1 0 0 1 1 0 0 0 1 0 1 1 0 2 1 2 1 1 0 2 1 1 0 2 0 2 0 0 0 1
-0.0373877935847521 0.472898861900521 -2.19979832676182 -0.322605625364702 1.88221344239669 -1 0 0 2 2 1 2 1 1 1 2 2 2 2 2 2 0 2 2 1 2 0 1 2 1 1 1 2 2 1 0 0 2 2 0 0 2 0 1 1 1 0 2 2 2 1 1 2 0 0 1 0 1 1 1 1 0 0 2 2 2 1 2 0 0 0 2 2 0 0 1 2 0 1 1 0 0 0 0 1 0 1 2 1 2 1 2 0 0 0 2 1 0 0 2 0 2 1 0 1 2 0 0 -2 -2 -1 -2 -1 -1 -1 -2 -2 -2 -2 -2 -2 0 -2 -2 -1 -2 0 -1 -2 -1 -1 -1 -2 -2 -1 0 0 -2 -2 0 0 -2 0 -1 -1 -1 0 -2 -2 -2 -1 -1 -2 0 0 -1 0 -1 -1 -1 -1 0 0 -2 -2 -2 -1 -2 0 0 0 -2 -2 0 0 -1 -2 0 -1 -1 0 0 0 0 -1 0 -1 -2 -1 -2 -1 -2 0 0 0 -2 -1 0 0 -2 0 -2 -1 0 -1 -2
0.00775740279534534 -0.800823132827757 1.18416837648899 -2.29211920666544 2.26225182722553 1 0 0 2 2 1 2 1 2 2 2 0 2 0 0 1 1 2 1 1 2 0 2 1 0 0 1 2 2 0 0 1 2 2 0 0 1 0 2 1 1 1 1 2 2 0 0 0 0 1 2 0 1 1 0 1 0 0 2 1 0 1 0 1 0 1 2 2 0 0 0 1 1 0 0 0 0 0 0 0 1 1 1 1 2 2 2 2 1 0 2 1 0 0 2 0 2 0 0 1 2 0 0 2 2 1 2 1 2 2 2 0 2 0 0 1 1 2 1 1 2 0 2 1 0 0 1 2 2 0 0 1 2 2 0 0 1 0 2 1 1 1 1 2 2 0 0 0 0 1 2 0 1 1 0 1 0 0 2 1 0 1 0 1 0 1 2 2 0 0 0 1 1 0 0 0 0 0 0 0 1 1 1 1 2 2 2 2 1 0 2 1 0 0 2 0 2 0 0 1 2
0.255075702337424 -0.142068899281719 0.0707602563994127 0.081481491753698 -0.38667247349766 -1 0 1 2 2 2 2 1 1 0 2 0 2 0 0 2 1 2 2 2 2 0 2 2 0 2 0 0 1 1 1 2 2 2 0 0 2 0 0 1 0 0 2 2 1 0 1 2 0 0 0 0 2 2 2 2 0 1 2 2 2 2 2 0 0 0 2 2 0 2 1 2 1 1 0 0 0 1 0 1 1 1 2 0 2 2 2 1 1 0 2 1 1 0 2 0 2 2 0 1 2 0 -1 -2 -2 -2 -2 -1 -1 0 -2 0 -2 0 0 -2 -1 -2 -2 -2 -2 0 -2 -2 0 -2 0 0 -1 -1 -1 -2 -2 -2 0 0 -2 0 0 -1 0 0 -2 -2 -1 0 -1 -2 0 0 0 0 -2 -2 -2 -2 0 -1 -2 -2 -2 -2 -2 0 0 0 -2 -2 0 -2 -1 -2 -1 -1 0 0 0 -1 0 -1 -1 -1 -2 0 -2 -2 -2 -1 -1 0 -2 -1 -1 0 -2 0 -2 -2 0 -1 -2
-3.08101815969378 -0.368243494161367 -0.259025615263928 -0.298915894611007 0.733780087129683 1 0 0 1 2 2 2 1 2 1 2 0 2 0 0 2 1 2 1 2 2 1 2 1 0 1 0 1 2 2 1 1 2 2 0 0 1 0 2 0 1 1 1 0 2 0 0 1 0 1 2 0 2 2 1 2 0 1 2 1 1 0 1 0 0 1 2 2 1 1 0 2 2 2 1 0 0 1 0 0 1 2 0 0 1 1 2 1 1 0 2 1 0 0 2 0 1 1 0 0 0 0 0 1 2 2 2 1 2 1 2 0 2 0 0 2 1 2 1 2 2 1 2 1 0 1 0 1 2 2 1 1 2 2 0 0 1 0 2 0 1 1 1 0 2 0 0 1 0 1 2 0 2 2 1 2 0 1 2 1 1 0 1 0 0 1 2 2 1 1 0 2 2 2 1 0 0 1 0 0 1 2 0 0 1 1 2 1 1 0 2 1 0 0 2 0 1 1 0 0 0
-2.00769915889899 -0.556787609706321 -0.259140577592099 2.05645267775454 -1.53926789060448 -1 0 1 2 2 2 2 0 0 0 2 1 2 1 0 0 0 2 2 1 2 0 1 2 0 1 2 2 2 1 1 2 2 2 1 0 1 0 2 1 0 0 1 0 2 1 0 1 2 2 2 1 2 2 1 2 0 1 2 1 1 1 1 0 0 2 2 2 1 2 2 2 1 1 1 1 1 2 1 1 0 1 2 1 2 2 2 1 1 0 1 1 2 1 2 1 1 0 0 0 2 0 -1 -2 -2 -2 -2 0 0 0 -2 -1 -2 -1 0 0 0 -2 -2 -1 -2 0 -1 -2 0 -1 -2 -2 -2 -1 -1 -2 -2 -2 -1 0 -1 0 -2 -1 0 0 -1 0 -2 -1 0 -1 -2 -2 -2 -1 -2 -2 -1 -2 0 -1 -2 -1 -1 -1 -1 0 0 -2 -2 -2 -1 -2 -2 -2 -1 -1 -1 -1 -1 -2 -1 -1 0 -1 -2 -1 -2 -2 -2 -1 -1 0 -1 -1 -2 -1 -2 -1 -1 0 0 0 -2
-0.0565754743086321 -0.33190968254287 -0.754440326240986 1.0427445098611 -0.116414662662688 1 0 0 2 2 1 0 0 0 0 2 0 2 0 0 2 1 2 1 1 2 0 2 1 0 1 0 1 2 0 1 1 2 2 0 0 1 0 1 1 0 1 2 1 2 0 1 2 2 1 2 0 2 2 2 1 0 1 2 2 1 0 1 0 0 1 2 2 0 1 1 1 0 0 0 0 0 0 1 2 1 2 1 0 2 2 2 0 0 0 2 2 2 1 2 0 1 1 0 0 2 0 0 2 2 1 0 0 0 0 2 0 2 0 0 2 1 2 1 1 2 0 2 1 0 1 0 1 2 0 1 1 2 2 0 0 1 0 1 1 0 1 2 1 2 0 1 2 2 1 2 0 2 2 2 1 0 1 2 2 1 0 1 0 0 1 2 2 0 1 1 1 0 0 0 0 0 0 1 2 1 2 1 0 2 2 2 0 0 0 2 2 2 1 2 0 1 1 0 0 2
-2.75773100391596 -1.41956366668957 0.831883298736334 2.37633326952312 -0.348277460578377 -1 0 0 2 2 0 1 0 1 1 2 0 2 0 1 2 1 2 2 1 2 1 2 1 0 1 0 0 2 0 0 0 1 2 1 1 2 0 0 0 0 0 2 1 2 2 1 2 1 1 2 0 2 2 1 1 0 0 1 1 0 0 1 0 0 0 2 2 0 0 0 1 0 0 1 1 0 0 0 0 2 2 2 0 1 1 1 1 1 0 2 2 2 0 2 0 2 0 0 1 2 0 0 -2 -2 0 -1 0 -1 -1 -2 0 -2 0 -1 -2 -1 -2 -2 -1 -2 -1 -2 -1 0 -1 0 0 -2 0 0 0 -1 -2 -1 -1 -2 0 0 0 0 0 -2 -1 -2 -2 -1 -2 -1 -1 -2 0 -2 -2 -1 -1 0 0 -1 -1 0 0 -1 0 0 0 -2 -2 0 0 0 -1 0 0 -1 -1 0 0 0 0 -2 -2 -2 0 -1 -1 -1 -1 -1 0 -2 -2 -2 0 -2 0 -2 0 0 -1 -2
-0.707161346102547 0.806642717492391 -0.362622170336063 -0.282774126203988 -0.197659419140318 -1 0 0 1 1 1 2 0 2 1 2 0 2 0 0 2 0 2 1 0 2 0 2 1 0 1 0 2 2 1 1 1 2 2 0 0 2 0 1 0 1 0 1 0 2 1 1 2 1 0 1 0 2 2 2 2 0 1 1 2 2 0 1 2 0 0 2 2 2 2 1 2 1 0 0 0 0 0 1 0 0 0 0 0 0 1 2 0 0 0 2 1 1 0 2 0 2 1 0 1 2 0 0 -1 -1 -1 -2 0 -2 -1 -2 0 -2 0 0 -2 0 -2 -1 0 -2 0 -2 -1 0 -1 0 -2 -2 -1 -1 -1 -2 -2 0 0 -2 0 -1 0 -1 0 -1 0 -2 -1 -1 -2 -1 0 -1 0 -2 -2 -2 -2 0 -1 -1 -2 -2 0 -1 -2 0 0 -2 -2 -2 -2 -1 -2 -1 0 0 0 0 0 -1 0 0 0 0 0 0 -1 -2 0 0 0 -2 -1 -1 0 -2 0 -2 -1 0 -1 -2
0.42149612883464 0.901221780466156 -1.29736666884253 0.500490050769778 -0.295407022055228 -1 1 0 2 2 1 2 1 0 0 2 0 1 0 1 1 0 2 1 1 2 0 2 2 0 0 1 2 2 2 2 2 2 2 0 0 2 1 2 1 1 2 2 2 1 2 1 2 0 0 0 0 1 2 1 1 0 0 2 1 0 1 2 0 0 0 2 2 0 2 0 2 1 1 0 0 0 1 1 2 2 1 1 0 1 2 2 2 2 1 2 1 1 1 2 1 2 2 0 1 2 -1 0 -2 -2 -1 -2 -1 0 0 -2 0 -1 0 -1 -1 0 -2 -1 -1 -2 0 -2 -2 0 0 -1 -2 -2 -2 -2 -2 -2 -2 0 0 -2 -1 -2 -1 -1 -2 -2 -2 -1 -2 -1 -2 0 0 0 0 -1 -2 -1 -1 0 0 -2 -1 0 -1 -2 0 0 0 -2 -2 0 -2 0 -2 -1 -1 0 0 0 -1 -1 -2 -2 -1 -1 0 -1 -2 -2 -2 -2 -1 -2 -1 -1 -1 -2 -1 -2 -2 0 -1 -2
0.241168841976844 0.117214247850912 -1.36497567834602 0.408286300970197 0.35771373337759 -1 0 0 2 2 1 2 1 1 1 2 0 2 1 2 2 0 2 1 1 2 1 2 1 0 1 0 2 2 2 1 1 2 2 1 0 1 0 0 0 0 0 1 2 2 0 0 1 0 0 0 0 1 1 0 1 0 0 2 2 1 1 2 1 0 1 2 2 0 1 0 1 1 0 0 1 0 0 0 1 1 0 0 0 1 1 2 0 0 0 2 2 1 0 2 0 1 0 0 0 1 0 0 -2 -2 -1 -2 -1 -1 -1 -2 0 -2 -1 -2 -2 0 -2 -1 -1 -2 -1 -2 -1 0 -1 0 -2 -2 -2 -1 -1 -2 -2 -1 0 -1 0 0 0 0 0 -1 -2 -2 0 0 -1 0 0 0 0 -1 -1 0 -1 0 0 -2 -2 -1 -1 -2 -1 0 -1 -2 -2 0 -1 0 -1 -1 0 0 -1 0 0 0 -1 -1 0 0 0 -1 -1 -2 0 0 0 -2 -2 -1 0 -2 0 -1 0 0 0 -1
-0.341862889192522 -0.999589509311313 -1.27426503598939 -0.428386434895017 -0.402806599228041 1 0 0 2 2 1 1 0 0 0 2 1 2 0 0 1 1 2 1 1 2 0 2 2 1 2 1 2 2 1 1 1 2 2 0 1 2 0 2 0 0 0 1 0 1 0 0 1 0 0 2 1 2 2 2 2 0 1 2 1 1 0 2 0 0 0 2 2 0 1 1 1 1 1 0 2 0 2 0 0 1 2 2 0 2 2 2 1 2 0 2 2 2 1 2 1 2 1 0 0 0 0 0 2 2 1 1 0 0 0 2 1 2 0 0 1 1 2 1 1 2 0 2 2 1 2 1 2 2 1 1 1 2 2 0 1 2 0 2 0 0 0 1 0 1 0 0 1 0 0 2 1 2 2 2 2 0 1 2 1 1 0 2 0 0 0 2 2 0 1 1 1 1 1 0 2 0 2 0 0 1 2 2 0 2 2 2 1 2 0 2 2 2 1 2 1 2 1 0 0 0
-0.492173898194444 -0.682189920472687 0.490367323558353 0.757104410824854 -0.457775703077197 -1 0 0 2 2 2 2 0 1 2 2 1 2 0 0 1 0 2 0 0 1 0 2 2 0 1 1 2 2 1 1 1 2 2 1 1 1 0 1 0 0 0 2 2 2 1 1 1 0 0 0 0 2 1 1 2 0 0 1 0 0 0 2 1 1 1 2 2 1 0 0 2 0 0 0 0 1 1 0 1 1 2 2 1 1 2 2 0 1 1 2 2 0 1 2 1 2 1 0 1 2 0 0 -2 -2 -2 -2 0 -1 -2 -2 -1 -2 0 0 -1 0 -2 0 0 -1 0 -2 -2 0 -1 -1 -2 -2 -1 -1 -1 -2 -2 -1 -1 -1 0 -1 0 0 0 -2 -2 -2 -1 -1 -1 0 0 0 0 -2 -1 -1 -2 0 0 -1 0 0 0 -2 -1 -1 -1 -2 -2 -1 0 0 -2 0 0 0 0 -1 -1 0 -1 -1 -2 -2 -1 -1 -2 -2 0 -1 -1 -2 -2 0 -1 -2 -1 -2 -1 0 -1 -2
-1.17042732085205 -1.8326330852734 0.760620050814319 1.03093381148995 -0.368240394067696 -1 0 0 2 2 1 0 0 0 1 2 1 2 1 0 1 0 2 1 0 2 0 2 2 1 2 2 2 2 1 0 0 2 2 2 1 2 0 1 1 1 1 2 2 1 0 1 2 1 2 2 1 2 2 2 2 0 1 2 1 1 0 2 1 0 0 2 2 0 0 1 2 1 2 2 1 0 0 0 0 0 1 2 1 2 2 2 1 2 2 2 2 2 2 2 0 2 1 0 1 2 0 0 -2 -2 -1 0 0 0 -1 -2 -1 -2 -1 0 -1 0 -2 -1 0 -2 0 -2 -2 -1 -2 -2 -2 -2 -1 0 0 -2 -2 -2 -1 -2 0 -1 -1 -1 -1 -2 -2 -1 0 -1 -2 -1 -2 -2 -1 -2 -2 -2 -2 0 -1 -2 -1 -1 0 -2 -1 0 0 -2 -2 0 0 -1 -2 -1 -2 -2 -1 0 0 0 0 0 -1 -2 -1 -2 -2 -2 -1 -2 -2 -2 -2 -2 -2 -2 0 -2 -1 0 -1 -2
0.693823357272755 -1.7294544931486 -1.53944986804786 1.23865680437675 1.89214764269148 -1 0 0 2 2 1 0 0 0 0 2 1 2 0 1 2 0 2 1 0 1 0 1 2 0 1 1 2 2 1 2 1 2 2 1 0 2 0 1 0 0 0 1 0 1 2 1 2 0 0 0 0 2 2 2 2 1 2 2 2 1 0 2 0 0 0 2 2 0 1 1 2 1 0 1 0 0 0 1 1 1 1 2 0 1 2 2 1 1 1 2 2 2 1 2 1 2 1 0 0 2 0 0 -2 -2 -1 0 0 0 0 -2 -1 -2 0 -1 -2 0 -2 -1 0 -1 0 -1 -2 0 -1 -1 -2 -2 -1 -2 -1 -2 -2 -1 0 -2 0 -1 0 0 0 -1 0 -1 -2 -1 -2 0 0 0 0 -2 -2 -2 -2 -1 -2 -2 -2 -1 0 -2 0 0 0 -2 -2 0 -1 -1 -2 -1 0 -1 0 0 0 -1 -1 -1 -1 -2 0 -1 -2 -2 -1 -1 -1 -2 -2 -2 -1 -2 -1 -2 -1 0 0 -2
1.04189052181811 -1.72353422123477 -1.1831291095735 -0.927620845814455 -1.4469724793241 -1 0 1 2 2 2 1 0 2 1 1 1 2 0 0 2 1 2 2 0 2 0 2 2 0 2 0 1 1 0 0 0 2 2 0 0 2 0 2 0 1 0 2 1 2 0 0 1 0 0 1 0 2 2 1 1 0 1 2 0 0 1 2 1 0 1 2 2 1 1 2 2 1 0 2 1 0 1 1 1 1 2 1 0 2 2 2 1 2 0 1 0 2 0 2 0 0 0 0 1 1 0 -1 -2 -2 -2 -1 0 -2 -1 -1 -1 -2 0 0 -2 -1 -2 -2 0 -2 0 -2 -2 0 -2 0 -1 -1 0 0 0 -2 -2 0 0 -2 0 -2 0 -1 0 -2 -1 -2 0 0 -1 0 0 -1 0 -2 -2 -1 -1 0 -1 -2 0 0 -1 -2 -1 0 -1 -2 -2 -1 -1 -2 -2 -1 0 -2 -1 0 -1 -1 -1 -1 -2 -1 0 -2 -2 -2 -1 -2 0 -1 0 -2 0 -2 0 0 0 0 -1 -1
0.958694343505181 1.01017566403847 -1.05207633507863 0.937086512182627 0.32448327271169 -1 0 0 2 2 2 2 2 1 0 2 0 2 1 1 2 1 1 2 1 2 0 2 2 0 0 1 2 2 0 0 0 2 2 0 0 1 0 1 2 2 0 2 2 2 1 0 1 0 0 1 0 2 2 1 2 0 0 1 2 1 0 1 1 0 1 2 2 0 0 0 2 1 1 1 1 1 1 0 1 2 2 2 1 2 2 2 1 1 0 2 2 1 1 2 0 2 2 0 0 1 0 0 -2 -2 -2 -2 -2 -1 0 -2 0 -2 -1 -1 -2 -1 -1 -2 -1 -2 0 -2 -2 0 0 -1 -2 -2 0 0 0 -2 -2 0 0 -1 0 -1 -2 -2 0 -2 -2 -2 -1 0 -1 0 0 -1 0 -2 -2 -1 -2 0 0 -1 -2 -1 0 -1 -1 0 -1 -2 -2 0 0 0 -2 -1 -1 -1 -1 -1 -1 0 -1 -2 -2 -2 -1 -2 -2 -2 -1 -1 0 -2 -2 -1 -1 -2 0 -2 -2 0 0 -1
0.664598606069298 1.194602989303 -0.69510180440981 0.260015225547874 -1.00733400949034 1 0 0 2 2 2 2 0 1 0 2 0 2 0 0 2 1 2 2 2 2 0 2 0 0 0 1 2 1 0 0 1 2 2 1 0 1 0 1 0 1 1 2 1 2 1 1 2 2 1 1 0 2 2 1 2 0 1 1 1 1 1 2 1 1 1 2 2 1 1 1 1 0 1 1 0 0 2 0 1 1 0 0 0 1 1 2 0 1 0 2 2 1 0 2 0 2 0 0 0 2 0 0 2 2 2 2 0 1 0 2 0 2 0 0 2 1 2 2 2 2 0 2 0 0 0 1 2 1 0 0 1 2 2 1 0 1 0 1 0 1 1 2 1 2 1 1 2 2 1 1 0 2 2 1 2 0 1 1 1 1 1 2 1 1 1 2 2 1 1 1 1 0 1 1 0 0 2 0 1 1 0 0 0 1 1 2 0 1 0 2 2 1 0 2 0 2 0 0 0 2
1.50234303299561 0.522229456565943 -0.597440956071276 -0.0656379172910581 -0.109484907324747 1 1 0 2 2 2 2 0 0 0 2 1 2 1 1 1 1 2 2 2 2 0 2 1 0 2 0 0 1 1 1 1 2 1 0 0 0 0 1 0 1 0 2 2 2 0 1 2 0 1 2 0 2 2 2 2 0 1 2 1 1 1 2 0 1 0 2 2 1 1 0 2 1 1 1 1 0 1 0 1 1 2 1 1 2 2 2 2 1 0 2 1 0 1 2 0 2 1 0 0 1 1 0 2 2 2 2 0 0 0 2 1 2 1 1 1 1 2 2 2 2 0 2 1 0 2 0 0 1 1 1 1 2 1 0 0 0 0 1 0 1 0 2 2 2 0 1 2 0 1 2 0 2 2 2 2 0 1 2 1 1 1 2 0 1 0 2 2 1 1 0 2 1 1 1 1 0 1 0 1 1 2 1 1 2 2 2 2 1 0 2 1 0 1 2 0 2 1 0 0 1
0.567633415503478 -0.903653264482636 -1.078243086948 0.333889083727381 -0.255206971121041 -1 0 0 1 2 1 1 0 1 1 2 0 2 1 0 1 0 1 1 2 2 0 2 2 1 2 0 2 2 2 1 1 2 1 0 0 2 0 0 1 1 0 2 2 2 0 0 2 0 0 2 0 2 2 2 2 0 1 2 1 2 0 2 0 0 1 2 2 0 0 1 2 1 1 1 0 0 1 0 0 2 2 1 1 1 2 1 0 0 0 2 1 2 1 2 0 2 1 1 1 1 0 0 -1 -2 -1 -1 0 -1 -1 -2 0 -2 -1 0 -1 0 -1 -1 -2 -2 0 -2 -2 -1 -2 0 -2 -2 -2 -1 -1 -2 -1 0 0 -2 0 0 -1 -1 0 -2 -2 -2 0 0 -2 0 0 -2 0 -2 -2 -2 -2 0 -1 -2 -1 -2 0 -2 0 0 -1 -2 -2 0 0 -1 -2 -1 -1 -1 0 0 -1 0 0 -2 -2 -1 -1 -1 -2 -1 0 0 0 -2 -1 -2 -1 -2 0 -2 -1 -1 -1 -1
0.871608643805471 -1.21777547481625 -0.849292309000294 2.51749039162854 -0.900094505184653 -1 0 0 2 2 2 2 1 2 2 2 0 1 0 0 1 1 2 1 1 2 0 2 1 0 2 1 1 2 1 0 0 2 1 2 1 1 0 1 1 1 0 2 1 2 1 1 1 0 2 2 0 2 2 1 1 0 0 1 1 0 0 1 1 0 1 2 2 0 0 0 2 0 1 1 0 1 2 0 0 1 1 0 1 2 2 2 1 2 0 2 1 0 0 2 0 2 1 0 1 2 0 0 -2 -2 -2 -2 -1 -2 -2 -2 0 -1 0 0 -1 -1 -2 -1 -1 -2 0 -2 -1 0 -2 -1 -1 -2 -1 0 0 -2 -1 -2 -1 -1 0 -1 -1 -1 0 -2 -1 -2 -1 -1 -1 0 -2 -2 0 -2 -2 -1 -1 0 0 -1 -1 0 0 -1 -1 0 -1 -2 -2 0 0 0 -2 0 -1 -1 0 -1 -2 0 0 -1 -1 0 -1 -2 -2 -2 -1 -2 0 -2 -1 0 0 -2 0 -2 -1 0 -1 -2
0.933925790271561 0.0263943431505199 1.04478161191737 -0.250638922454081 1.41542890281347 1 1 0 2 2 1 1 0 1 1 2 0 2 0 0 0 0 1 1 0 2 0 2 1 0 2 2 2 2 1 0 1 2 2 0 0 1 0 1 0 1 0 2 1 1 1 0 1 0 0 2 1 2 2 0 1 0 2 2 2 2 1 2 1 0 0 2 2 0 2 2 2 1 1 0 1 1 1 0 1 1 2 1 0 2 2 2 1 1 0 2 1 1 1 2 0 1 0 0 0 2 1 0 2 2 1 1 0 1 1 2 0 2 0 0 0 0 1 1 0 2 0 2 1 0 2 2 2 2 1 0 1 2 2 0 0 1 0 1 0 1 0 2 1 1 1 0 1 0 0 2 1 2 2 0 1 0 2 2 2 2 1 2 1 0 0 2 2 0 2 2 2 1 1 0 1 1 1 0 1 1 2 1 0 2 2 2 1 1 0 2 1 1 1 2 0 1 0 0 0 2
