1.41832515084726 1.22217791508247 1.54764815466643 -1.07414092029646 0.371287819881891 1 1 2 2 1 1 2 2 2 2 0 2 0 1 2 1 0 0 2 1 0 0 0 0 1 2 2 2 1 1 2 1 0 0 2 1 2 1 0 2 2 0 2 1 0 1 2 2 0 0 1 1 2 2 1 2 2 2 0 2 1 1 2 1 0 2 2 2 2 2 1 1 2 1 0 2 1 1 1 0 1 1 1 0 1 2 0 2 2 2 0 1 2 0 2 0 0 1 2 0 1 1 2 2 1 1 2 2 2 2 0 2 0 1 2 1 0 0 2 1 0 0 0 0 1 2 2 2 1 1 2 1 0 0 2 1 2 1 0 2 2 0 2 1 0 1 2 2 0 0 1 1 2 2 1 2 2 2 0 2 1 1 2 1 0 2 2 2 2 2 1 1 2 1 0 2 1 1 1 0 1 1 1 0 1 2 0 2 2 2 0 1 2 0 2 0 0 1 2 0 1
-0.523849124207311 -0.419667652984365 -0.0806303722456815 -0.522867575932667 -1.13068821593373 1 0 0 0 1 2 2 2 1 2 0 2 1 1 0 1 1 0 2 2 1 0 1 2 1 2 2 2 2 0 2 0 0 0 2 1 2 1 0 0 2 1 2 1 0 0 0 1 0 0 0 0 1 2 0 2 2 1 0 0 1 0 0 0 0 2 2 2 2 2 1 2 1 0 1 2 2 1 1 0 1 0 0 1 1 1 0 2 2 1 0 2 2 1 2 2 2 2 2 1 1 0 0 0 1 2 2 2 1 2 0 2 1 1 0 1 1 0 2 2 1 0 1 2 1 2 2 2 2 0 2 0 0 0 2 1 2 1 0 0 2 1 2 1 0 0 0 1 0 0 0 0 1 2 0 2 2 1 0 0 1 0 0 0 0 2 2 2 2 2 1 2 1 0 1 2 2 1 1 0 1 0 0 1 1 1 0 2 2 1 0 2 2 1 2 2 2 2 2 1 1
-0.136067487987915 0.320801079930643 -0.821080631162924 -0.450342003304415 1.99977061432702 1 1 2 2 1 1 2 2 2 2 2 2 1 1 1 1 0 0 2 1 0 1 1 1 0 2 2 2 0 0 2 2 2 0 2 0 2 1 0 1 2 1 2 0 0 1 0 0 0 0 1 0 2 2 1 2 2 1 2 2 2 1 1 0 0 2 2 2 2 2 1 1 1 1 0 2 0 1 1 0 1 0 1 2 2 2 0 1 1 1 0 1 0 0 2 0 1 1 1 0 2 1 2 2 1 1 2 2 2 2 2 2 1 1 1 1 0 0 2 1 0 1 1 1 0 2 2 2 0 0 2 2 2 0 2 0 2 1 0 1 2 1 2 0 0 1 0 0 0 0 1 0 2 2 1 2 2 1 2 2 2 1 1 0 0 2 2 2 2 2 1 1 1 1 0 2 0 1 1 0 1 0 1 2 2 2 0 1 1 1 0 1 0 0 2 0 1 1 1 0 2
0.106133032254486 -1.5114499430366 -1.29614695323653 -1.42201823662804 0.929707172516487 -1 2 2 2 0 0 2 2 0 2 1 2 1 0 0 0 0 0 2 2 0 0 2 1 1 2 1 1 2 1 2 0 0 0 2 1 2 2 1 1 2 0 2 1 0 0 0 1 1 0 1 0 2 2 1 2 2 0 0 1 0 1 0 0 0 2 2 1 2 1 0 2 1 1 2 2 2 1 2 0 1 1 2 1 1 2 1 2 2 0 0 1 2 0 1 0 2 1 1 1 2 -2 -2 -2 0 0 -2 -2 0 -2 -1 -2 -1 0 0 0 0 0 -2 -2 0 0 -2 -1 -1 -2 -1 -1 -2 -1 -2 0 0 0 -2 -1 -2 -2 -1 -1 -2 0 -2 -1 0 0 0 -1 -1 0 -1 0 -2 -2 -1 -2 -2 0 0 -1 0 -1 0 0 0 -2 -2 -1 -2 -1 0 -2 -1 -1 -2 -2 -2 -1 -2 0 -1 -1 -2 -1 -1 -2 -1 -2 -2 0 0 -1 -2 0 -1 0 -2 -1 -1 -1 -2
0.683103516846076 -0.584655483077586 1.42252058593442 -1.73093795527198 -0.494340296786958 -1 0 1 1 1 2 2 2 2 2 1 2 2 1 0 1 1 2 2 2 0 0 1 0 1 2 2 2 1 1 2 1 1 0 2 0 2 1 0 1 1 0 2 2 0 0 0 0 1 0 0 0 2 2 0 2 1 2 0 1 1 0 0 0 0 2 2 2 2 2 0 1 0 1 1 2 0 1 1 0 0 1 0 1 0 2 1 1 1 2 0 2 2 1 2 1 1 1 1 0 1 0 -1 -1 -1 -2 -2 -2 -2 -2 -1 -2 -2 -1 0 -1 -1 -2 -2 -2 0 0 -1 0 -1 -2 -2 -2 -1 -1 -2 -1 -1 0 -2 0 -2 -1 0 -1 -1 0 -2 -2 0 0 0 0 -1 0 0 0 -2 -2 0 -2 -1 -2 0 -1 -1 0 0 0 0 -2 -2 -2 -2 -2 0 -1 0 -1 -1 -2 0 -1 -1 0 0 -1 0 -1 0 -2 -1 -1 -1 -2 0 -2 -2 -1 -2 -1 -1 -1 -1 0 -1
1.63987946293076 -0.762812429672042 1.16972836482151 -0.99137730210036 1.01200263456721 1 0 1 2 1 0 0 1 1 2 0 2 0 1 0 0 1 0 2 2 0 0 1 0 1 2 2 1 0 2 2 2 0 0 2 0 2 2 2 1 1 0 1 1 0 1 1 1 1 1 0 0 1 2 1 1 1 1 2 2 0 0 0 0 0 2 2 2 2 2 0 2 1 0 0 1 0 2 2 1 0 0 0 2 1 2 1 1 2 1 0 2 1 0 2 1 1 1 0 0 0 0 1 2 1 0 0 1 1 2 0 2 0 1 0 0 1 0 2 2 0 0 1 0 1 2 2 1 0 2 2 2 0 0 2 0 2 2 2 1 1 0 1 1 0 1 1 1 1 1 0 0 1 2 1 1 1 1 2 2 0 0 0 0 0 2 2 2 2 2 0 2 1 0 0 1 0 2 2 1 0 0 0 2 1 2 1 1 2 1 0 2 1 0 2 1 1 1 0 0 0
0.596382475128986 -0.579494444385925 -0.233927555756325 -0.597503134017756 0.715866913650777 -1 1 1 2 0 1 1 2 1 2 2 2 1 0 0 0 1 1 2 2 0 0 0 1 0 1 2 2 1 1 2 1 2 1 2 1 2 2 0 1 2 0 2 1 0 1 1 2 1 1 0 0 2 2 0 0 2 2 1 2 1 0 0 0 0 1 2 2 2 2 0 2 1 1 0 2 0 1 2 1 2 2 2 2 1 2 1 1 1 1 0 1 2 0 2 0 1 1 2 0 1 -1 -1 -2 0 -1 -1 -2 -1 -2 -2 -2 -1 0 0 0 -1 -1 -2 -2 0 0 0 -1 0 -1 -2 -2 -1 -1 -2 -1 -2 -1 -2 -1 -2 -2 0 -1 -2 0 -2 -1 0 -1 -1 -2 -1 -1 0 0 -2 -2 0 0 -2 -2 -1 -2 -1 0 0 0 0 -1 -2 -2 -2 -2 0 -2 -1 -1 0 -2 0 -1 -2 -1 -2 -2 -2 -2 -1 -2 -1 -1 -1 -1 0 -1 -2 0 -2 0 -1 -1 -2 0 -1
1.14121347111181 0.206456035237032 1.28776593402595 1.08737962442811 0.189526682835209 1 0 1 0 1 2 2 2 1 1 1 2 1 0 0 0 1 0 2 2 1 0 0 1 0 1 0 2 2 0 2 0 0 0 2 0 2 1 0 0 1 1 2 1 0 0 2 1 0 0 0 0 2 2 0 2 1 1 0 1 0 1 1 1 2 2 2 0 2 1 1 2 1 1 1 2 2 2 2 1 1 0 0 0 0 1 1 1 1 1 0 0 1 0 1 0 1 0 0 0 0 0 1 0 1 2 2 2 1 1 1 2 1 0 0 0 1 0 2 2 1 0 0 1 0 1 0 2 2 0 2 0 0 0 2 0 2 1 0 0 1 1 2 1 0 0 2 1 0 0 0 0 2 2 0 2 1 1 0 1 0 1 1 1 2 2 2 0 2 1 1 2 1 1 1 2 2 2 2 1 1 0 0 0 0 1 1 1 1 1 0 0 1 0 1 0 1 0 0 0 0
-0.666368083964693 0.403871819770784 -0.366425434902784 -0.334772976906795 -0.815175201982022 1 0 2 2 1 1 2 2 2 2 1 2 1 0 0 1 0 0 2 2 1 0 2 0 0 2 2 1 1 0 2 1 0 1 2 0 2 1 0 1 2 0 2 0 0 0 0 2 0 0 0 1 1 2 1 2 0 0 0 0 0 0 0 0 0 1 1 0 2 2 0 2 1 2 2 2 1 2 2 1 1 0 1 1 1 2 0 2 2 2 0 2 2 0 2 1 2 2 2 1 2 0 2 2 1 1 2 2 2 2 1 2 1 0 0 1 0 0 2 2 1 0 2 0 0 2 2 1 1 0 2 1 0 1 2 0 2 1 0 1 2 0 2 0 0 0 0 2 0 0 0 1 1 2 1 2 0 0 0 0 0 0 0 0 0 1 1 0 2 2 0 2 1 2 2 2 1 2 2 1 1 0 1 1 1 2 0 2 2 2 0 2 2 0 2 1 2 2 2 1 2
0.697028557724204 -0.378104653656072 -0.592231738099357 -0.752339871630036 -0.0979854374980594 1 1 2 1 0 0 1 1 0 2 2 2 1 1 1 0 1 1 2 2 0 0 1 0 0 2 2 2 2 1 2 1 0 0 2 1 2 1 1 2 2 0 1 0 0 0 0 2 0 0 0 0 2 2 1 2 1 2 0 2 1 1 1 0 0 2 2 1 2 2 0 2 0 0 0 2 0 1 1 0 1 1 1 2 2 2 1 2 2 1 0 2 2 1 2 0 1 1 1 0 1 1 2 1 0 0 1 1 0 2 2 2 1 1 1 0 1 1 2 2 0 0 1 0 0 2 2 2 2 1 2 1 0 0 2 1 2 1 1 2 2 0 1 0 0 0 0 2 0 0 0 0 2 2 1 2 1 2 0 2 1 1 1 0 0 2 2 1 2 2 0 2 0 0 0 2 0 1 1 0 1 1 1 2 2 2 1 2 2 1 0 2 2 1 2 0 1 1 1 0 1
0.145877320504311 1.69509505985321 -1.28311504121484 -0.497608930402346 0.0322430924662634 1 1 2 2 1 1 1 1 1 2 1 2 2 1 0 0 1 0 2 2 0 1 2 1 0 2 2 1 1 1 2 1 2 0 2 0 2 2 0 1 2 2 2 1 0 0 1 2 0 0 0 0 2 2 0 2 2 2 1 1 0 1 1 1 0 1 2 1 1 1 0 2 0 0 0 1 0 0 1 1 2 1 1 1 0 2 0 1 0 1 0 2 2 0 2 1 2 1 0 0 2 1 2 2 1 1 1 1 1 2 1 2 2 1 0 0 1 0 2 2 0 1 2 1 0 2 2 1 1 1 2 1 2 0 2 0 2 2 0 1 2 2 2 1 0 0 1 2 0 0 0 0 2 2 0 2 2 2 1 1 0 1 1 1 0 1 2 1 1 1 0 2 0 0 0 1 0 0 1 1 2 1 1 1 0 2 0 1 0 1 0 2 2 0 2 1 2 1 0 0 2
-0.957784151173041 -0.608956741136885 0.450052474196841 0.695627853918364 0.397767790621375 -1 2 2 2 1 1 2 2 0 2 2 2 1 1 0 0 0 0 2 2 0 0 0 0 0 2 2 1 0 1 2 1 1 1 2 1 2 2 1 1 2 1 2 1 0 1 2 1 0 1 1 0 1 2 1 2 2 2 1 2 1 0 0 0 0 1 2 1 2 1 1 2 1 1 0 1 0 1 2 0 2 1 1 1 1 1 2 2 2 2 0 2 2 0 2 2 2 2 1 1 2 -2 -2 -2 -1 -1 -2 -2 0 -2 -2 -2 -1 -1 0 0 0 0 -2 -2 0 0 0 0 0 -2 -2 -1 0 -1 -2 -1 -1 -1 -2 -1 -2 -2 -1 -1 -2 -1 -2 -1 0 -1 -2 -1 0 -1 -1 0 -1 -2 -1 -2 -2 -2 -1 -2 -1 0 0 0 0 -1 -2 -1 -2 -1 -1 -2 -1 -1 0 -1 0 -1 -2 0 -2 -1 -1 -1 -1 -1 -2 -2 -2 -2 0 -2 -2 0 -2 -2 -2 -2 -1 -1 -2
1.14956478994961 -0.223945119282863 -0.795216525580934 0.31692647229598 -0.591539369880794 1 0 2 2 1 1 1 2 2 1 1 2 0 0 0 0 0 0 2 0 0 0 1 2 2 2 2 2 0 1 2 0 0 0 2 1 2 1 0 1 1 0 1 1 0 1 1 1 0 0 0 0 2 2 2 2 2 2 1 2 2 1 1 0 0 2 2 0 1 1 0 2 0 1 1 2 1 1 1 0 1 1 1 1 1 2 1 2 2 2 1 2 1 0 2 0 2 1 0 0 1 0 2 2 1 1 1 2 2 1 1 2 0 0 0 0 0 0 2 0 0 0 1 2 2 2 2 2 0 1 2 0 0 0 2 1 2 1 0 1 1 0 1 1 0 1 1 1 0 0 0 0 2 2 2 2 2 2 1 2 2 1 1 0 0 2 2 0 1 1 0 2 0 1 1 2 1 1 1 0 1 1 1 1 1 2 1 2 2 2 1 2 1 0 2 0 2 1 0 0 1
-1.57637120120125 -0.688563242511502 -0.0873130537381697 -0.378750466101209 0.437665611900459 -1 0 0 1 0 0 0 2 1 2 2 2 2 2 1 1 1 0 2 1 0 1 2 2 1 2 0 1 1 2 2 1 1 0 2 1 2 1 0 0 1 0 1 0 0 0 0 2 2 2 0 0 1 2 0 0 0 0 0 2 2 0 0 0 1 2 2 2 2 2 2 2 2 1 1 2 2 1 2 1 2 1 1 1 1 2 1 2 1 1 0 2 1 0 2 0 2 1 1 0 0 0 0 -1 0 0 0 -2 -1 -2 -2 -2 -2 -2 -1 -1 -1 0 -2 -1 0 -1 -2 -2 -1 -2 0 -1 -1 -2 -2 -1 -1 0 -2 -1 -2 -1 0 0 -1 0 -1 0 0 0 0 -2 -2 -2 0 0 -1 -2 0 0 0 0 0 -2 -2 0 0 0 -1 -2 -2 -2 -2 -2 -2 -2 -2 -1 -1 -2 -2 -1 -2 -1 -2 -1 -1 -1 -1 -2 -1 -2 -1 -1 0 -2 -1 0 -2 0 -2 -1 -1 0 0
1.51911403413912 0.440219565718063 -1.47917743657914 -0.884351103602682 0.459896014041228 1 1 2 1 0 0 0 1 1 2 1 2 1 0 0 0 0 0 2 2 0 0 1 0 1 2 1 2 1 2 2 2 0 0 2 1 2 2 0 1 1 1 2 0 0 0 0 2 1 0 0 0 1 2 1 1 2 2 1 2 0 0 1 1 0 2 2 2 2 2 0 1 0 0 0 1 0 0 1 0 0 0 1 2 2 2 1 1 2 1 0 2 2 1 2 0 1 1 0 0 2 1 2 1 0 0 0 1 1 2 1 2 1 0 0 0 0 0 2 2 0 0 1 0 1 2 1 2 1 2 2 2 0 0 2 1 2 2 0 1 1 1 2 0 0 0 0 2 1 0 0 0 1 2 1 1 2 2 1 2 0 0 1 1 0 2 2 2 2 2 0 1 0 0 0 1 0 0 1 0 0 0 1 2 2 2 1 1 2 1 0 2 2 1 2 0 1 1 0 0 2
-0.757723403465728 1.86682352954258 -0.0954326404173259 0.544098264117852 0.0553512009607981 1 1 2 2 1 0 1 2 2 2 1 2 1 0 0 1 0 0 2 1 0 0 1 2 2 2 2 2 2 0 2 1 1 1 2 0 2 2 1 2 2 0 2 1 0 1 0 2 1 0 0 0 1 2 1 1 0 0 1 2 0 0 0 0 0 2 2 1 1 2 0 2 1 1 1 2 1 1 2 0 0 0 1 1 1 2 1 2 2 2 0 2 2 0 2 0 2 0 0 0 0 1 2 2 1 0 1 2 2 2 1 2 1 0 0 1 0 0 2 1 0 0 1 2 2 2 2 2 2 0 2 1 1 1 2 0 2 2 1 2 2 0 2 1 0 1 0 2 1 0 0 0 1 2 1 1 0 0 1 2 0 0 0 0 0 2 2 1 1 2 0 2 1 1 1 2 1 1 2 0 0 0 1 1 1 2 1 2 2 2 0 2 2 0 2 0 2 0 0 0 0
-0.128628437023023 0.243483328105531 -0.650976032890661 -0.0705184156989674 -1.58050502209492 -1 0 1 1 0 0 1 2 2 2 2 2 2 1 1 0 0 0 2 2 0 0 1 1 1 2 2 2 2 0 2 1 0 1 2 1 2 0 0 0 1 0 1 0 0 0 1 1 1 0 0 0 1 2 0 0 1 0 0 1 1 1 1 1 1 2 2 2 1 2 1 2 1 1 0 2 2 2 2 1 2 2 2 2 0 1 0 1 1 1 0 2 2 0 2 1 2 1 1 0 0 0 -1 -1 0 0 -1 -2 -2 -2 -2 -2 -2 -1 -1 0 0 0 -2 -2 0 0 -1 -1 -1 -2 -2 -2 -2 0 -2 -1 0 -1 -2 -1 -2 0 0 0 -1 0 -1 0 0 0 -1 -1 -1 0 0 0 -1 -2 0 0 -1 0 0 -1 -1 -1 -1 -1 -1 -2 -2 -2 -1 -2 -1 -2 -1 -1 0 -2 -2 -2 -2 -1 -2 -2 -2 -2 0 -1 0 -1 -1 -1 0 -2 -2 0 -2 -1 -2 -1 -1 0 0
-0.470622837777097 0.276398175245504 -0.3488329554146 0.728539613624272 -0.487093910346776 1 0 2 2 0 0 1 2 0 2 2 2 2 1 0 1 1 1 2 2 0 0 1 1 1 2 2 2 1 1 2 1 0 0 2 1 2 2 1 1 2 0 2 1 1 0 0 2 0 0 1 0 2 2 1 1 1 1 1 2 0 0 1 1 0 1 2 0 2 2 0 2 2 1 2 2 1 2 2 1 1 1 2 2 2 2 1 2 2 2 0 2 2 0 2 0 2 2 0 0 1 0 2 2 0 0 1 2 0 2 2 2 2 1 0 1 1 1 2 2 0 0 1 1 1 2 2 2 1 1 2 1 0 0 2 1 2 2 1 1 2 0 2 1 1 0 0 2 0 0 1 0 2 2 1 1 1 1 1 2 0 0 1 1 0 1 2 0 2 2 0 2 2 1 2 2 1 2 2 1 1 1 2 2 2 2 1 2 2 2 0 2 2 0 2 0 2 2 0 0 1
1.25063735130426 0.49676072827428 -1.12138901634531 -0.094741172378299 -1.04349518426534 1 1 1 2 0 2 0 2 1 2 2 2 1 0 0 0 0 0 2 2 0 0 0 0 0 2 1 2 2 1 2 1 0 0 2 1 2 2 0 1 2 1 2 1 0 1 1 2 0 1 1 0 1 2 0 0 1 1 1 2 1 2 2 1 1 2 2 2 2 2 0 1 0 1 0 2 0 1 1 1 1 1 1 0 1 2 1 2 2 2 0 1 1 0 1 1 2 2 1 0 2 1 1 2 0 2 0 2 1 2 2 2 1 0 0 0 0 0 2 2 0 0 0 0 0 2 1 2 2 1 2 1 0 0 2 1 2 2 0 1 2 1 2 1 0 1 1 2 0 1 1 0 1 2 0 0 1 1 1 2 1 2 2 1 1 2 2 2 2 2 0 1 0 1 0 2 0 1 1 1 1 1 1 0 1 2 1 2 2 2 0 1 1 0 1 1 2 2 1 0 2
-1.61178305464463 1.2696078476487 -1.9120747957355 -0.42520856804716 1.08182628874168 1 0 2 1 1 1 2 1 1 1 0 1 1 1 0 0 1 1 2 2 1 0 0 0 1 2 2 1 0 0 2 2 1 0 2 0 2 2 1 0 1 1 1 0 0 0 0 1 1 1 0 0 2 2 0 2 2 1 0 1 0 0 0 0 0 1 2 2 2 2 0 2 1 0 0 2 1 1 2 1 0 1 2 2 2 2 2 2 2 2 0 2 2 0 2 0 0 0 1 0 1 0 2 1 1 1 2 1 1 1 0 1 1 1 0 0 1 1 2 2 1 0 0 0 1 2 2 1 0 0 2 2 1 0 2 0 2 2 1 0 1 1 1 0 0 0 0 1 1 1 0 0 2 2 0 2 2 1 0 1 0 0 0 0 0 1 2 2 2 2 0 2 1 0 0 2 1 1 2 1 0 1 2 2 2 2 2 2 2 2 0 2 2 0 2 0 0 0 1 0 1
-1.0558694399241 -0.345576899038629 1.02186719266636 0.232249251721813 -0.201597902521147 1 0 2 2 1 1 2 2 2 2 2 2 1 0 0 0 1 1 2 1 0 0 2 2 1 2 2 2 2 2 2 2 0 0 2 0 2 2 1 2 2 0 2 1 1 2 1 2 0 0 1 0 2 2 0 1 1 0 1 2 1 1 1 1 1 2 2 1 2 2 1 2 1 2 2 2 1 1 2 0 1 1 2 0 1 2 1 2 2 2 0 2 2 0 2 1 2 1 0 1 2 0 2 2 1 1 2 2 2 2 2 2 1 0 0 0 1 1 2 1 0 0 2 2 1 2 2 2 2 2 2 2 0 0 2 0 2 2 1 2 2 0 2 1 1 2 1 2 0 0 1 0 2 2 0 1 1 0 1 2 1 1 1 1 1 2 2 1 2 2 1 2 1 2 2 2 1 1 2 0 1 1 2 0 1 2 1 2 2 2 0 2 2 0 2 1 2 1 0 1 2
-0.525016533571349 1.15775694626801 1.75845481863214 0.55862540299308 1.71234813503691 1 0 2 2 1 1 2 2 2 2 1 2 2 1 0 0 0 0 2 2 1 0 0 2 1 2 2 2 2 1 2 2 1 0 2 1 2 1 0 0 1 0 1 0 0 0 1 1 0 0 0 0 2 2 0 1 1 1 1 2 1 0 0 0 0 1 2 2 2 2 0 1 0 1 0 2 1 2 1 0 1 2 1 2 2 2 0 1 1 1 0 2 1 0 2 0 2 1 1 0 2 0 2 2 1 1 2 2 2 2 1 2 2 1 0 0 0 0 2 2 1 0 0 2 1 2 2 2 2 1 2 2 1 0 2 1 2 1 0 0 1 0 1 0 0 0 1 1 0 0 0 0 2 2 0 1 1 1 1 2 1 0 0 0 0 1 2 2 2 2 0 1 0 1 0 2 1 2 1 0 1 2 1 2 2 2 0 1 1 1 0 2 1 0 2 0 2 1 1 0 2
2.0600044755215 -0.149567207635135 0.673802138256679 1.36432270959683 0.0138579762849982 1 0 1 2 1 1 0 1 1 2 0 2 0 0 0 0 0 0 2 2 2 0 2 2 2 2 2 1 1 1 2 2 1 1 2 0 2 2 1 1 2 0 2 0 0 0 1 1 0 0 1 1 2 2 0 2 1 1 0 2 0 0 0 0 0 2 2 0 0 1 0 1 0 0 1 2 2 1 2 1 2 2 2 1 2 2 1 1 2 2 0 2 2 0 2 1 2 2 1 1 2 0 1 2 1 1 0 1 1 2 0 2 0 0 0 0 0 0 2 2 2 0 2 2 2 2 2 1 1 1 2 2 1 1 2 0 2 2 1 1 2 0 2 0 0 0 1 1 0 0 1 1 2 2 0 2 1 1 0 2 0 0 0 0 0 2 2 0 0 1 0 1 0 0 1 2 2 1 2 1 2 2 2 1 2 2 1 1 2 2 0 2 2 0 2 1 2 2 1 1 2
0.619560827329753 0.403100438584062 -0.0899495069382927 -1.14388156636108 -0.759021905325342 -1 0 2 2 1 1 2 2 1 2 0 2 0 0 0 0 1 0 2 1 0 0 2 1 1 2 2 2 1 1 2 1 0 0 2 1 2 1 1 1 2 1 2 0 0 0 0 1 0 0 0 0 2 2 0 1 1 0 1 2 2 1 1 0 0 1 2 2 2 2 0 1 1 0 0 2 1 1 2 1 1 1 1 1 1 2 0 2 2 2 0 1 1 1 2 2 2 2 2 0 2 0 -2 -2 -1 -1 -2 -2 -1 -2 0 -2 0 0 0 0 -1 0 -2 -1 0 0 -2 -1 -1 -2 -2 -2 -1 -1 -2 -1 0 0 -2 -1 -2 -1 -1 -1 -2 -1 -2 0 0 0 0 -1 0 0 0 0 -2 -2 0 -1 -1 0 -1 -2 -2 -1 -1 0 0 -1 -2 -2 -2 -2 0 -1 -1 0 0 -2 -1 -1 -2 -1 -1 -1 -1 -1 -1 -2 0 -2 -2 -2 0 -1 -1 -1 -2 -2 -2 -2 -2 0 -2
-0.26245525715376 0.83860305874771 1.16310473197107 0.56820871692046 1.20851824304646 -1 0 1 2 1 1 1 2 1 2 1 2 0 0 0 0 0 0 2 1 0 0 1 0 0 2 2 2 2 1 2 2 1 1 2 1 2 1 0 1 2 0 1 0 1 1 1 1 1 1 0 0 2 2 1 2 2 0 0 1 0 1 1 1 1 2 2 2 1 1 0 1 0 0 0 2 2 1 1 0 1 0 2 2 1 2 1 1 2 1 0 2 2 0 2 0 1 1 0 0 1 0 -1 -2 -1 -1 -1 -2 -1 -2 -1 -2 0 0 0 0 0 0 -2 -1 0 0 -1 0 0 -2 -2 -2 -2 -1 -2 -2 -1 -1 -2 -1 -2 -1 0 -1 -2 0 -1 0 -1 -1 -1 -1 -1 -1 0 0 -2 -2 -1 -2 -2 0 0 -1 0 -1 -1 -1 -1 -2 -2 -2 -1 -1 0 -1 0 0 0 -2 -2 -1 -1 0 -1 0 -2 -2 -1 -2 -1 -1 -2 -1 0 -2 -2 0 -2 0 -1 -1 0 0 -1
-0.32199899370304 -0.0549490528443736 -1.17910091770876 0.537491645342619 2.01693374785581 1 1 2 2 0 1 2 2 2 2 1 2 2 1 0 0 0 0 2 1 0 0 0 0 1 2 0 2 1 0 2 1 0 0 2 0 2 2 1 1 2 2 2 2 0 0 0 2 1 0 0 0 2 2 2 2 2 1 1 1 1 1 0 0 0 2 2 1 2 2 0 2 2 2 1 2 1 1 2 0 1 0 0 2 2 2 1 2 2 2 0 2 2 0 1 0 1 1 1 0 2 1 2 2 0 1 2 2 2 2 1 2 2 1 0 0 0 0 2 1 0 0 0 0 1 2 0 2 1 0 2 1 0 0 2 0 2 2 1 1 2 2 2 2 0 0 0 2 1 0 0 0 2 2 2 2 2 1 1 1 1 1 0 0 0 2 2 1 2 2 0 2 2 2 1 2 1 1 2 0 1 0 0 2 2 2 1 2 2 2 0 2 2 0 1 0 1 1 1 0 2
-0.654445599401 0.29666167521821 1.72374388936375 0.391006402903607 1.22332603392395 -1 0 2 2 1 1 1 2 0 2 2 2 1 0 0 0 0 0 2 1 0 0 1 1 1 2 1 2 1 0 2 0 0 0 2 1 2 1 1 2 2 1 2 1 0 0 1 2 1 1 0 0 2 2 1 1 1 1 0 1 1 1 0 0 0 2 2 2 2 2 1 2 1 1 0 2 0 2 2 2 1 1 1 0 0 1 2 2 2 2 0 2 2 0 2 1 2 2 0 0 1 0 -2 -2 -1 -1 -1 -2 0 -2 -2 -2 -1 0 0 0 0 0 -2 -1 0 0 -1 -1 -1 -2 -1 -2 -1 0 -2 0 0 0 -2 -1 -2 -1 -1 -2 -2 -1 -2 -1 0 0 -1 -2 -1 -1 0 0 -2 -2 -1 -1 -1 -1 0 -1 -1 -1 0 0 0 -2 -2 -2 -2 -2 -1 -2 -1 -1 0 -2 0 -2 -2 -2 -1 -1 -1 0 0 -1 -2 -2 -2 -2 0 -2 -2 0 -2 -1 -2 -2 0 0 -1
-0.71465397847725 0.950380254772498 0.474091447188666 1.32020211455846 -0.219200629118707 -1 1 2 2 2 2 2 2 2 2 2 2 1 1 1 0 0 0 2 2 0 0 0 1 1 2 2 0 0 2 2 0 0 1 2 1 2 2 1 2 2 1 2 0 0 0 0 1 0 0 0 0 1 2 0 1 1 1 0 1 2 2 2 1 1 2 2 1 1 2 0 1 1 2 1 2 1 1 2 2 1 1 2 2 1 2 1 2 2 2 0 2 2 1 2 2 2 2 1 0 1 -1 -2 -2 -2 -2 -2 -2 -2 -2 -2 -2 -1 -1 -1 0 0 0 -2 -2 0 0 0 -1 -1 -2 -2 0 0 -2 -2 0 0 -1 -2 -1 -2 -2 -1 -2 -2 -1 -2 0 0 0 0 -1 0 0 0 0 -1 -2 0 -1 -1 -1 0 -1 -2 -2 -2 -1 -1 -2 -2 -1 -1 -2 0 -1 -1 -2 -1 -2 -1 -1 -2 -2 -1 -1 -2 -2 -1 -2 -1 -2 -2 -2 0 -2 -2 -1 -2 -2 -2 -2 -1 0 -1
0.762281484397959 -2.2213837629589 0.726126177855265 -0.134172879067235 0.641937273990702 -1 1 1 2 1 1 1 2 2 2 1 2 1 0 0 0 0 0 2 1 0 0 2 1 2 2 2 2 1 0 1 1 0 0 2 0 2 2 1 2 2 0 2 1 0 0 0 1 0 0 0 0 2 2 0 2 1 1 0 1 2 2 1 2 0 1 2 0 1 2 0 0 0 0 0 2 0 2 2 1 2 1 2 1 2 2 1 2 2 1 0 2 2 0 2 0 1 2 2 0 2 -1 -1 -2 -1 -1 -1 -2 -2 -2 -1 -2 -1 0 0 0 0 0 -2 -1 0 0 -2 -1 -2 -2 -2 -2 -1 0 -1 -1 0 0 -2 0 -2 -2 -1 -2 -2 0 -2 -1 0 0 0 -1 0 0 0 0 -2 -2 0 -2 -1 -1 0 -1 -2 -2 -1 -2 0 -1 -2 0 -1 -2 0 0 0 0 0 -2 0 -2 -2 -1 -2 -1 -2 -1 -2 -2 -1 -2 -2 -1 0 -2 -2 0 -2 0 -1 -2 -2 0 -2
0.22945962989154 -1.59797056175219 0.639226705836926 2.14760824052068 0.804153208219722 1 0 2 2 0 0 1 2 1 2 2 2 1 1 0 0 0 0 2 2 0 0 1 1 1 2 2 2 0 0 1 2 1 1 2 1 2 1 0 0 1 0 2 0 0 0 0 0 1 0 1 0 2 2 0 1 1 1 0 1 0 1 1 0 0 2 2 2 2 2 1 2 1 2 0 2 1 2 2 1 1 1 2 2 1 1 0 0 0 1 0 2 2 0 1 0 1 1 1 0 1 0 2 2 0 0 1 2 1 2 2 2 1 1 0 0 0 0 2 2 0 0 1 1 1 2 2 2 0 0 1 2 1 1 2 1 2 1 0 0 1 0 2 0 0 0 0 0 1 0 1 0 2 2 0 1 1 1 0 1 0 1 1 0 0 2 2 2 2 2 1 2 1 2 0 2 1 2 2 1 1 1 2 2 1 1 0 0 0 1 0 2 2 0 1 0 1 1 1 0 1
0.42113527816161 -0.266847546929757 0.0355463696040925 0.153736491685189 0.642838182946386 1 0 2 2 2 2 2 2 2 2 1 2 2 1 0 0 0 0 2 2 0 0 1 2 2 2 2 2 2 0 2 1 0 0 2 0 2 1 1 0 2 1 2 2 0 0 1 2 1 0 0 0 2 2 0 1 1 1 0 2 0 0 1 1 1 2 2 1 1 1 1 2 1 1 2 2 1 2 0 0 0 0 1 1 1 2 0 2 1 2 0 2 1 0 2 2 2 1 1 0 2 0 2 2 2 2 2 2 2 2 1 2 2 1 0 0 0 0 2 2 0 0 1 2 2 2 2 2 2 0 2 1 0 0 2 0 2 1 1 0 2 1 2 2 0 0 1 2 1 0 0 0 2 2 0 1 1 1 0 2 0 0 1 1 1 2 2 1 1 1 1 2 1 1 2 2 1 2 0 0 0 0 1 1 1 2 0 2 1 2 0 2 1 0 2 2 2 1 1 0 2
-1.0698228596502 -1.35353035493524 1.02814645848492 2.45860353038719 0.475532577727683 1 0 1 2 1 1 2 2 2 2 0 2 2 1 0 1 1 0 2 1 0 0 1 1 2 2 2 1 2 0 2 1 0 0 2 0 2 2 2 2 2 1 2 1 0 0 0 1 1 1 0 0 1 2 1 1 2 2 1 2 0 0 0 1 1 1 2 2 2 2 0 2 1 1 0 2 1 2 1 0 2 2 1 1 1 2 1 1 2 1 0 2 1 0 2 1 2 1 0 0 1 0 1 2 1 1 2 2 2 2 0 2 2 1 0 1 1 0 2 1 0 0 1 1 2 2 2 1 2 0 2 1 0 0 2 0 2 2 2 2 2 1 2 1 0 0 0 1 1 1 0 0 1 2 1 1 2 2 1 2 0 0 0 1 1 1 2 2 2 2 0 2 1 1 0 2 1 2 1 0 2 2 1 1 1 2 1 1 2 1 0 2 1 0 2 1 2 1 0 0 1
1.36692345513321 -0.981979614289393 0.766434394247321 1.27128647954148 -1.12756233245165 -1 1 2 2 0 0 2 2 2 2 2 2 0 0 0 0 0 0 2 2 1 0 2 0 1 2 2 1 1 0 2 1 0 0 2 1 2 2 1 1 2 1 2 1 0 0 1 2 1 0 0 0 2 2 1 1 0 1 1 2 0 0 0 0 0 1 2 2 2 2 0 1 1 1 1 2 2 1 1 0 1 1 1 1 2 2 0 2 2 2 0 2 2 0 1 0 2 2 0 0 1 -1 -2 -2 0 0 -2 -2 -2 -2 -2 -2 0 0 0 0 0 0 -2 -2 -1 0 -2 0 -1 -2 -2 -1 -1 0 -2 -1 0 0 -2 -1 -2 -2 -1 -1 -2 -1 -2 -1 0 0 -1 -2 -1 0 0 0 -2 -2 -1 -1 0 -1 -1 -2 0 0 0 0 0 -1 -2 -2 -2 -2 0 -1 -1 -1 -1 -2 -2 -1 -1 0 -1 -1 -1 -1 -2 -2 0 -2 -2 -2 0 -2 -2 0 -1 0 -2 -2 0 0 -1
1.56104615693903 -0.199308561950015 0.738833239565691 1.52865883174244 -0.579788953126646 -1 1 2 2 2 2 2 2 1 2 0 2 1 0 0 0 0 0 2 2 1 0 0 1 0 2 2 2 2 1 2 0 0 1 2 1 2 1 0 2 2 1 2 0 0 1 1 2 1 1 0 0 1 2 0 1 2 2 2 2 0 1 2 1 1 2 2 2 2 2 1 2 1 1 0 2 1 1 1 1 2 1 1 1 2 2 1 2 2 2 0 2 2 0 2 1 2 2 1 0 1 -1 -2 -2 -2 -2 -2 -2 -1 -2 0 -2 -1 0 0 0 0 0 -2 -2 -1 0 0 -1 0 -2 -2 -2 -2 -1 -2 0 0 -1 -2 -1 -2 -1 0 -2 -2 -1 -2 0 0 -1 -1 -2 -1 -1 0 0 -1 -2 0 -1 -2 -2 -2 -2 0 -1 -2 -1 -1 -2 -2 -2 -2 -2 -1 -2 -1 -1 0 -2 -1 -1 -1 -1 -2 -1 -1 -1 -2 -2 -1 -2 -2 -2 0 -2 -2 0 -2 -1 -2 -2 -1 0 -1
0.201292199720799 -1.87346106193807 0.159324055254768 -0.461453184338774 0.475535647118515 1 1 2 2 1 1 2 1 1 1 2 2 2 0 1 0 1 0 2 2 1 0 0 1 1 2 2 2 1 0 2 2 2 1 2 1 2 2 1 2 2 1 2 1 0 0 0 2 1 1 2 0 2 2 1 2 1 1 1 2 2 2 1 1 1 2 2 2 2 2 1 2 2 1 1 2 1 2 1 0 1 0 2 1 1 2 0 2 2 2 1 2 2 0 2 1 2 2 1 0 0 1 2 2 1 1 2 1 1 1 2 2 2 0 1 0 1 0 2 2 1 0 0 1 1 2 2 2 1 0 2 2 2 1 2 1 2 2 1 2 2 1 2 1 0 0 0 2 1 1 2 0 2 2 1 2 1 1 1 2 2 2 1 1 1 2 2 2 2 2 1 2 2 1 1 2 1 2 1 0 1 0 2 1 1 2 0 2 2 2 1 2 2 0 2 1 2 2 1 0 0
0.481833109678378 -0.135856707062802 -0.184103540333675 -0.423327145169351 -1.61838149370857 -1 0 2 2 1 0 2 1 2 2 1 2 2 1 0 0 0 0 2 1 0 0 1 2 2 2 2 2 1 1 2 1 0 0 2 0 2 2 2 2 2 0 2 0 0 1 0 1 1 0 1 0 1 2 1 2 1 0 0 1 1 1 0 0 0 2 2 1 2 1 0 1 0 2 1 2 2 2 1 0 1 2 2 2 1 1 1 1 1 1 0 1 1 0 1 0 1 0 0 0 1 0 -2 -2 -1 0 -2 -1 -2 -2 -1 -2 -2 -1 0 0 0 0 -2 -1 0 0 -1 -2 -2 -2 -2 -2 -1 -1 -2 -1 0 0 -2 0 -2 -2 -2 -2 -2 0 -2 0 0 -1 0 -1 -1 0 -1 0 -1 -2 -1 -2 -1 0 0 -1 -1 -1 0 0 0 -2 -2 -1 -2 -1 0 -1 0 -2 -1 -2 -2 -2 -1 0 -1 -2 -2 -2 -1 -1 -1 -1 -1 -1 0 -1 -1 0 -1 0 -1 0 0 0 -1
0.16503472182489 -0.482182608874866 -0.777474199831002 1.11489458397056 -0.254123483247201 -1 0 2 2 1 1 2 2 2 2 1 2 1 1 1 1 1 0 2 2 1 0 1 1 2 2 1 2 2 0 2 1 0 0 2 0 2 1 0 0 2 0 1 1 0 1 0 1 2 0 0 0 2 2 0 1 0 1 1 0 1 0 1 1 0 2 2 1 2 2 0 2 1 2 0 2 2 2 2 0 1 0 1 1 1 1 0 2 1 2 0 2 2 1 2 0 2 2 2 0 1 0 -2 -2 -1 -1 -2 -2 -2 -2 -1 -2 -1 -1 -1 -1 -1 0 -2 -2 -1 0 -1 -1 -2 -2 -1 -2 -2 0 -2 -1 0 0 -2 0 -2 -1 0 0 -2 0 -1 -1 0 -1 0 -1 -2 0 0 0 -2 -2 0 -1 0 -1 -1 0 -1 0 -1 -1 0 -2 -2 -1 -2 -2 0 -2 -1 -2 0 -2 -2 -2 -2 0 -1 0 -1 -1 -1 -1 0 -2 -1 -2 0 -2 -2 -1 -2 0 -2 -2 -2 0 -1
-1.12922763987617 -0.625654987918601 0.084665006245736 0.16720571641215 0.604274714127974 -1 0 1 2 0 2 2 2 2 2 1 2 2 0 0 0 0 0 2 1 0 0 0 1 1 2 2 1 1 1 2 1 1 1 2 1 2 2 1 2 2 0 2 2 0 0 0 2 1 1 0 0 2 2 1 2 1 0 1 2 1 2 0 0 0 2 1 1 2 2 0 0 0 0 0 2 1 1 2 0 1 1 1 1 1 2 2 2 2 1 0 2 2 0 2 2 1 2 0 0 1 0 -1 -2 0 -2 -2 -2 -2 -2 -1 -2 -2 0 0 0 0 0 -2 -1 0 0 0 -1 -1 -2 -2 -1 -1 -1 -2 -1 -1 -1 -2 -1 -2 -2 -1 -2 -2 0 -2 -2 0 0 0 -2 -1 -1 0 0 -2 -2 -1 -2 -1 0 -1 -2 -1 -2 0 0 0 -2 -1 -1 -2 -2 0 0 0 0 0 -2 -1 -1 -2 0 -1 -1 -1 -1 -1 -2 -2 -2 -2 -1 0 -2 -2 0 -2 -2 -1 -2 0 0 -1
0.174185663490747 -0.692571241289811 1.18923989723634 -0.633800461022606 1.29033256459497 1 0 2 2 0 2 2 2 2 2 1 2 0 0 0 0 0 1 2 2 1 1 1 0 1 2 2 1 1 2 2 1 1 1 2 1 2 2 0 1 2 1 2 1 0 0 1 2 1 1 0 0 2 2 0 2 2 1 1 2 1 0 1 0 0 2 2 2 2 2 0 1 1 0 0 1 0 2 2 0 2 2 1 2 1 2 1 2 2 2 0 2 2 0 1 1 2 2 1 0 1 0 2 2 0 2 2 2 2 2 1 2 0 0 0 0 0 1 2 2 1 1 1 0 1 2 2 1 1 2 2 1 1 1 2 1 2 2 0 1 2 1 2 1 0 0 1 2 1 1 0 0 2 2 0 2 2 1 1 2 1 0 1 0 0 2 2 2 2 2 0 1 1 0 0 1 0 2 2 0 2 2 1 2 1 2 1 2 2 2 0 2 2 0 1 1 2 2 1 0 1
0.481285543841876 0.895921477248915 -0.942148652569349 1.06986994226266 0.619474319804437 -1 0 2 2 1 1 1 2 2 2 1 2 2 2 0 2 2 0 2 2 0 0 1 0 0 2 2 1 0 0 2 1 0 0 2 0 2 1 1 0 2 1 1 0 0 0 0 1 0 0 0 0 2 2 1 0 1 1 0 1 0 1 0 0 0 1 1 2 2 2 0 0 1 0 1 2 1 1 1 0 2 1 1 2 2 2 2 2 2 2 0 2 2 0 2 2 2 2 2 1 2 0 -2 -2 -1 -1 -1 -2 -2 -2 -1 -2 -2 -2 0 -2 -2 0 -2 -2 0 0 -1 0 0 -2 -2 -1 0 0 -2 -1 0 0 -2 0 -2 -1 -1 0 -2 -1 -1 0 0 0 0 -1 0 0 0 0 -2 -2 -1 0 -1 -1 0 -1 0 -1 0 0 0 -1 -1 -2 -2 -2 0 0 -1 0 -1 -2 -1 -1 -1 0 -2 -1 -1 -2 -2 -2 -2 -2 -2 -2 0 -2 -2 0 -2 -2 -2 -2 -2 -1 -2
-0.775342482677532 2.11550012274817 -1.00480950200232 -0.370275038174524 -1.21242779830939 -1 0 1 1 0 0 1 2 2 2 2 2 1 1 0 0 1 0 2 2 0 0 2 2 1 2 2 2 0 1 2 1 0 0 2 0 2 2 0 2 2 1 2 0 0 0 1 2 2 2 0 0 2 2 0 1 1 1 0 1 1 2 1 1 1 2 2 2 2 2 0 1 1 1 1 2 1 1 2 1 2 1 2 2 2 2 1 2 2 2 1 2 2 2 2 1 2 2 0 0 1 0 -1 -1 0 0 -1 -2 -2 -2 -2 -2 -1 -1 0 0 -1 0 -2 -2 0 0 -2 -2 -1 -2 -2 -2 0 -1 -2 -1 0 0 -2 0 -2 -2 0 -2 -2 -1 -2 0 0 0 -1 -2 -2 -2 0 0 -2 -2 0 -1 -1 -1 0 -1 -1 -2 -1 -1 -1 -2 -2 -2 -2 -2 0 -1 -1 -1 -1 -2 -1 -1 -2 -1 -2 -1 -2 -2 -2 -2 -1 -2 -2 -2 -1 -2 -2 -2 -2 -1 -2 -2 0 0 -1
-1.09416893273006 0.687241333963702 0.657151408907467 -1.15970748258227 -0.158636745683961 1 1 2 2 1 1 2 2 2 2 2 2 2 1 0 0 1 1 2 1 0 0 0 0 1 2 2 2 2 0 1 0 1 0 2 0 2 2 0 0 2 0 2 0 0 0 1 2 0 0 1 0 0 2 1 0 1 1 1 1 2 1 0 2 0 2 2 0 1 1 0 2 2 1 2 2 2 2 2 1 1 0 1 1 1 1 0 2 2 2 0 2 1 0 2 1 1 1 0 0 2 1 2 2 1 1 2 2 2 2 2 2 2 1 0 0 1 1 2 1 0 0 0 0 1 2 2 2 2 0 1 0 1 0 2 0 2 2 0 0 2 0 2 0 0 0 1 2 0 0 1 0 0 2 1 0 1 1 1 1 2 1 0 2 0 2 2 0 1 1 0 2 2 1 2 2 2 2 2 1 1 0 1 1 1 1 0 2 2 2 0 2 1 0 2 1 1 1 0 0 2
0.506366751766338 0.254782479029808 0.254357604705529 -1.61663303623501 -0.249584063026626 -1 1 2 2 0 0 1 0 0 2 1 2 2 2 0 1 1 0 2 2 0 0 1 1 2 2 2 2 1 0 1 1 0 0 2 0 2 0 0 1 2 1 2 1 0 0 0 1 0 0 1 0 1 2 1 2 2 1 0 1 1 1 1 0 0 2 1 0 1 2 0 2 0 2 1 2 0 2 2 0 0 0 0 1 0 1 2 2 2 2 1 2 2 0 2 1 2 2 2 0 1 -1 -2 -2 0 0 -1 0 0 -2 -1 -2 -2 -2 0 -1 -1 0 -2 -2 0 0 -1 -1 -2 -2 -2 -2 -1 0 -1 -1 0 0 -2 0 -2 0 0 -1 -2 -1 -2 -1 0 0 0 -1 0 0 -1 0 -1 -2 -1 -2 -2 -1 0 -1 -1 -1 -1 0 0 -2 -1 0 -1 -2 0 -2 0 -2 -1 -2 0 -2 -2 0 0 0 0 -1 0 -1 -2 -2 -2 -2 -1 -2 -2 0 -2 -1 -2 -2 -2 0 -1
0.252118330385412 -0.45105717117833 -0.568821382553917 -0.238984220435887 -1.33860807774349 1 1 2 2 2 2 2 2 2 2 0 2 2 1 1 0 0 0 2 2 0 0 1 0 1 2 1 2 0 0 1 0 0 0 2 1 2 1 2 2 2 1 2 0 0 0 0 2 1 0 1 0 2 2 2 2 2 2 1 2 1 1 0 1 0 1 2 2 2 2 1 0 0 1 0 0 0 1 2 0 1 1 1 0 2 2 1 2 2 2 0 2 1 0 2 0 2 2 1 2 2 1 2 2 2 2 2 2 2 2 0 2 2 1 1 0 0 0 2 2 0 0 1 0 1 2 1 2 0 0 1 0 0 0 2 1 2 1 2 2 2 1 2 0 0 0 0 2 1 0 1 0 2 2 2 2 2 2 1 2 1 1 0 1 0 1 2 2 2 2 1 0 0 1 0 0 0 1 2 0 1 1 1 0 2 2 1 2 2 2 0 2 1 0 2 0 2 2 1 2 2
-0.0135582942187332 -0.858425861008565 -0.125966375133782 -0.177785775994878 -2.34510751939678 1 1 2 2 2 1 1 2 2 2 1 2 2 2 1 1 1 1 2 2 0 0 0 1 1 2 2 1 1 0 2 0 0 0 2 0 2 0 0 1 2 0 1 1 0 1 2 1 0 2 1 0 2 2 2 2 1 1 0 2 1 1 1 1 1 1 2 2 2 2 2 2 1 1 1 2 2 2 2 0 1 0 0 2 2 2 1 2 2 1 0 2 1 0 2 2 1 1 1 1 2 1 2 2 2 1 1 2 2 2 1 2 2 2 1 1 1 1 2 2 0 0 0 1 1 2 2 1 1 0 2 0 0 0 2 0 2 0 0 1 2 0 1 1 0 1 2 1 0 2 1 0 2 2 2 2 1 1 0 2 1 1 1 1 1 1 2 2 2 2 2 2 1 1 1 2 2 2 2 0 1 0 0 2 2 2 1 2 2 1 0 2 1 0 2 2 1 1 1 1 2
0.870970392728224 1.52366912183328 1.09753226843482 -0.171936926254338 1.92973902377994 -1 0 2 2 1 2 2 2 1 2 2 2 2 0 0 0 0 0 2 2 0 0 2 2 1 2 2 2 1 1 2 1 0 0 2 1 2 2 1 1 2 0 1 0 0 0 0 0 0 0 0 0 2 2 1 2 1 1 0 2 0 0 1 0 1 2 2 1 2 1 0 1 1 2 2 2 1 1 1 0 1 1 2 1 1 2 1 2 2 1 0 2 1 0 1 0 1 2 1 0 0 0 -2 -2 -1 -2 -2 -2 -1 -2 -2 -2 -2 0 0 0 0 0 -2 -2 0 0 -2 -2 -1 -2 -2 -2 -1 -1 -2 -1 0 0 -2 -1 -2 -2 -1 -1 -2 0 -1 0 0 0 0 0 0 0 0 0 -2 -2 -1 -2 -1 -1 0 -2 0 0 -1 0 -1 -2 -2 -1 -2 -1 0 -1 -1 -2 -2 -2 -1 -1 -1 0 -1 -1 -2 -1 -1 -2 -1 -2 -2 -1 0 -2 -1 0 -1 0 -1 -2 -1 0 0
1.8845140018225 1.2735475098959 1.22653808335665 0.587963263712316 0.297370221005759 1 0 1 2 0 1 2 2 2 2 1 2 0 1 0 0 1 0 2 1 0 0 0 0 1 2 2 2 1 1 2 1 0 0 2 1 2 2 0 2 1 0 1 0 0 1 1 1 0 1 1 0 2 2 0 2 2 1 1 2 1 0 0 0 0 1 2 1 2 2 1 2 0 0 0 1 1 1 2 1 2 0 1 2 2 2 0 2 2 2 0 2 1 0 2 1 2 1 0 1 2 0 1 2 0 1 2 2 2 2 1 2 0 1 0 0 1 0 2 1 0 0 0 0 1 2 2 2 1 1 2 1 0 0 2 1 2 2 0 2 1 0 1 0 0 1 1 1 0 1 1 0 2 2 0 2 2 1 1 2 1 0 0 0 0 1 2 1 2 2 1 2 0 0 0 1 1 1 2 1 2 0 1 2 2 2 0 2 2 2 0 2 1 0 2 1 2 1 0 1 2
-0.817544855457965 0.445856904509698 0.0731420442542571 2.13888168975336 0.45103060726663 -1 0 2 2 0 0 1 2 2 2 2 2 2 2 0 0 1 0 2 1 0 0 0 0 1 2 2 2 2 0 2 2 2 0 2 0 2 1 0 1 2 1 2 2 1 0 0 1 0 0 0 0 2 2 1 2 2 2 1 2 0 1 0 0 0 1 2 2 2 2 0 1 1 0 0 1 0 1 0 0 1 1 1 2 2 1 1 1 1 2 0 1 1 0 2 1 2 1 1 0 1 0 -2 -2 0 0 -1 -2 -2 -2 -2 -2 -2 -2 0 0 -1 0 -2 -1 0 0 0 0 -1 -2 -2 -2 -2 0 -2 -2 -2 0 -2 0 -2 -1 0 -1 -2 -1 -2 -2 -1 0 0 -1 0 0 0 0 -2 -2 -1 -2 -2 -2 -1 -2 0 -1 0 0 0 -1 -2 -2 -2 -2 0 -1 -1 0 0 -1 0 -1 0 0 -1 -1 -1 -2 -2 -1 -1 -1 -1 -2 0 -1 -1 0 -2 -1 -2 -1 -1 0 -1
-2.72053103888293 1.65787122248503 1.05428320595799 1.73374232838651 1.18511369266023 -1 1 1 1 0 0 1 2 1 2 0 2 2 0 0 0 0 0 2 2 0 0 1 1 1 2 2 2 2 2 2 1 0 0 2 1 2 2 1 1 2 1 2 2 0 0 0 0 0 0 0 0 1 2 0 2 1 0 1 2 2 1 0 0 0 0 1 1 2 1 0 1 0 0 0 2 1 2 2 2 2 2 0 1 1 2 0 2 2 2 0 2 2 1 2 2 2 1 1 1 2 -1 -1 -1 0 0 -1 -2 -1 -2 0 -2 -2 0 0 0 0 0 -2 -2 0 0 -1 -1 -1 -2 -2 -2 -2 -2 -2 -1 0 0 -2 -1 -2 -2 -1 -1 -2 -1 -2 -2 0 0 0 0 0 0 0 0 -1 -2 0 -2 -1 0 -1 -2 -2 -1 0 0 0 0 -1 -1 -2 -1 0 -1 0 0 0 -2 -1 -2 -2 -2 -2 -2 0 -1 -1 -2 0 -2 -2 -2 0 -2 -2 -1 -2 -2 -2 -1 -1 -1 -2
-1.25734057511629 0.433644498652852 -0.539852489678457 0.571292476401121 1.44260816360494 1 1 2 2 1 1 2 2 2 2 1 2 1 0 0 0 0 0 2 1 0 0 1 0 1 2 2 2 1 0 2 1 0 0 2 1 2 2 0 1 2 0 2 0 0 0 1 1 0 0 0 0 1 2 0 1 1 0 0 1 1 1 0 1 0 2 2 1 1 2 0 2 0 1 1 2 1 2 1 1 1 1 0 0 0 1 0 2 2 2 1 2 2 0 2 1 1 0 0 0 1 1 2 2 1 1 2 2 2 2 1 2 1 0 0 0 0 0 2 1 0 0 1 0 1 2 2 2 1 0 2 1 0 0 2 1 2 2 0 1 2 0 2 0 0 0 1 1 0 0 0 0 1 2 0 1 1 0 0 1 1 1 0 1 0 2 2 1 1 2 0 2 0 1 1 2 1 2 1 1 1 1 0 0 0 1 0 2 2 2 1 2 2 0 2 1 1 0 0 0 1
1.505638411473 -0.567026207725072 0.124830155349483 0.714604372321386 -0.380412414173794 -1 1 2 2 1 2 2 2 2 1 0 2 2 1 0 0 1 0 2 1 0 0 1 1 1 1 1 2 2 1 2 1 0 1 2 0 2 1 0 1 2 1 2 1 0 0 0 0 0 0 0 0 1 2 0 0 1 1 0 2 1 1 0 1 0 2 2 1 2 1 0 1 1 1 0 2 1 2 2 0 0 0 1 1 0 1 1 2 2 1 0 2 2 0 1 1 2 1 1 0 1 -1 -2 -2 -1 -2 -2 -2 -2 -1 0 -2 -2 -1 0 0 -1 0 -2 -1 0 0 -1 -1 -1 -1 -1 -2 -2 -1 -2 -1 0 -1 -2 0 -2 -1 0 -1 -2 -1 -2 -1 0 0 0 0 0 0 0 0 -1 -2 0 0 -1 -1 0 -2 -1 -1 0 -1 0 -2 -2 -1 -2 -1 0 -1 -1 -1 0 -2 -1 -2 -2 0 0 0 -1 -1 0 -1 -1 -2 -2 -1 0 -2 -2 0 -1 -1 -2 -1 -1 0 -1
-0.724416408132953 0.713124505867415 0.161539122730611 1.33039199253072 -1.05915373276216 1 0 1 1 1 1 2 2 1 2 2 2 0 0 0 0 0 0 2 1 0 0 0 1 0 2 1 1 1 0 2 0 0 0 2 0 2 2 1 0 2 0 2 1 0 0 0 2 1 0 0 0 1 2 0 1 0 0 0 1 1 1 0 1 0 2 1 0 1 2 0 2 1 1 0 2 1 2 1 1 1 1 2 2 1 2 1 1 1 1 0 2 1 0 2 0 1 0 0 0 1 0 1 1 1 1 2 2 1 2 2 2 0 0 0 0 0 0 2 1 0 0 0 1 0 2 1 1 1 0 2 0 0 0 2 0 2 2 1 0 2 0 2 1 0 0 0 2 1 0 0 0 1 2 0 1 0 0 0 1 1 1 0 1 0 2 1 0 1 2 0 2 1 1 0 2 1 2 1 1 1 1 2 2 1 2 1 1 1 1 0 2 1 0 2 0 1 0 0 0 1
0.785051423547376 -0.961182643874242 -0.132705354266296 0.246156503171533 0.565195135909577 -1 0 2 2 1 1 2 2 1 2 1 2 2 1 0 1 1 0 2 2 0 0 0 1 1 2 2 1 2 2 2 2 0 0 2 1 2 1 0 1 2 0 2 1 0 0 2 2 1 0 0 0 1 2 0 2 2 1 0 2 0 0 0 0 0 2 2 2 2 2 1 2 2 1 0 1 1 1 0 0 0 1 2 2 0 2 1 2 2 1 0 2 2 0 2 1 2 1 1 0 1 0 -2 -2 -1 -1 -2 -2 -1 -2 -1 -2 -2 -1 0 -1 -1 0 -2 -2 0 0 0 -1 -1 -2 -2 -1 -2 -2 -2 -2 0 0 -2 -1 -2 -1 0 -1 -2 0 -2 -1 0 0 -2 -2 -1 0 0 0 -1 -2 0 -2 -2 -1 0 -2 0 0 0 0 0 -2 -2 -2 -2 -2 -1 -2 -2 -1 0 -1 -1 -1 0 0 0 -1 -2 -2 0 -2 -1 -2 -2 -1 0 -2 -2 0 -2 -1 -2 -1 -1 0 -1
0.207541511307011 0.0141380015866082 0.0955246612547841 -0.0283372770587071 0.0106264513831118 -1 1 2 2 2 1 2 2 2 2 2 2 1 1 0 0 0 0 2 2 1 0 0 1 2 2 2 1 1 0 2 2 1 0 2 0 2 1 0 1 2 0 1 0 0 0 0 1 1 1 1 0 1 2 1 1 1 1 1 1 0 0 0 0 0 2 2 2 1 2 0 2 1 2 0 2 2 0 2 0 0 0 1 1 2 2 1 1 1 2 0 2 2 0 1 0 1 1 1 0 2 -1 -2 -2 -2 -1 -2 -2 -2 -2 -2 -2 -1 -1 0 0 0 0 -2 -2 -1 0 0 -1 -2 -2 -2 -1 -1 0 -2 -2 -1 0 -2 0 -2 -1 0 -1 -2 0 -1 0 0 0 0 -1 -1 -1 -1 0 -1 -2 -1 -1 -1 -1 -1 -1 0 0 0 0 0 -2 -2 -2 -1 -2 0 -2 -1 -2 0 -2 -2 0 -2 0 0 0 -1 -1 -2 -2 -1 -1 -1 -2 0 -2 -2 0 -1 0 -1 -1 -1 0 -2
0.409455006815674 -1.16127862719472 -0.426425615710487 -0.837013364798729 0.227403912416192 -1 0 2 1 0 1 1 2 2 2 1 2 1 1 0 1 1 0 2 2 1 0 1 2 1 2 2 2 2 0 2 1 0 0 2 0 2 1 0 0 2 0 2 1 1 1 1 0 0 0 1 0 1 2 1 1 1 1 0 2 0 0 1 1 1 1 2 2 2 2 0 0 0 1 1 1 0 1 1 0 1 1 0 1 0 1 0 2 1 1 0 2 1 0 2 0 1 1 1 0 2 0 -2 -1 0 -1 -1 -2 -2 -2 -1 -2 -1 -1 0 -1 -1 0 -2 -2 -1 0 -1 -2 -1 -2 -2 -2 -2 0 -2 -1 0 0 -2 0 -2 -1 0 0 -2 0 -2 -1 -1 -1 -1 0 0 0 -1 0 -1 -2 -1 -1 -1 -1 0 -2 0 0 -1 -1 -1 -1 -2 -2 -2 -2 0 0 0 -1 -1 -1 0 -1 -1 0 -1 -1 0 -1 0 -1 0 -2 -1 -1 0 -2 -1 0 -2 0 -1 -1 -1 0 -2
-0.777858258234046 1.50506668467286 -0.595459823853719 -0.834835706545569 1.24159520985679 1 0 2 1 0 1 2 2 2 2 1 2 2 1 0 0 2 1 2 2 0 0 1 0 0 2 2 2 1 0 1 0 0 0 2 0 2 1 1 2 2 1 2 0 0 0 0 2 2 0 0 0 0 2 0 1 2 1 1 2 2 0 0 1 0 1 2 0 2 2 0 1 2 1 0 2 1 2 2 1 1 1 2 1 1 0 1 2 1 2 0 2 2 0 1 0 2 1 1 0 1 0 2 1 0 1 2 2 2 2 1 2 2 1 0 0 2 1 2 2 0 0 1 0 0 2 2 2 1 0 1 0 0 0 2 0 2 1 1 2 2 1 2 0 0 0 0 2 2 0 0 0 0 2 0 1 2 1 1 2 2 0 0 1 0 1 2 0 2 2 0 1 2 1 0 2 1 2 2 1 1 1 2 1 1 0 1 2 1 2 0 2 2 0 1 0 2 1 1 0 1
-1.11639944877923 1.07288906685262 -0.669729232138569 1.20536414994753 0.877847471793682 1 1 1 2 1 1 1 2 2 2 2 2 2 1 0 0 0 0 2 2 1 0 0 0 0 2 1 2 2 1 2 1 0 0 2 1 2 2 2 2 2 1 2 0 0 0 0 1 2 0 0 0 2 2 1 1 2 1 0 1 0 0 0 0 1 2 2 2 2 2 0 0 0 0 0 2 1 2 2 0 2 0 0 1 1 2 2 2 2 2 0 2 1 0 1 1 2 2 0 0 2 1 1 2 1 1 1 2 2 2 2 2 2 1 0 0 0 0 2 2 1 0 0 0 0 2 1 2 2 1 2 1 0 0 2 1 2 2 2 2 2 1 2 0 0 0 0 1 2 0 0 0 2 2 1 1 2 1 0 1 0 0 0 0 1 2 2 2 2 2 0 0 0 0 0 2 1 2 2 0 2 0 0 1 1 2 2 2 2 2 0 2 1 0 1 1 2 2 0 0 2
0.234130446182389 -2.6233010325921 -0.0520233570999899 1.66049798728922 0.885351804866048 1 1 2 2 0 0 1 1 0 2 2 2 2 1 0 1 1 0 2 1 0 0 0 1 1 2 2 2 2 0 2 0 0 0 2 1 2 1 0 1 2 0 1 0 0 0 0 0 0 0 2 1 2 2 1 2 2 2 2 2 0 1 2 1 0 1 2 1 1 1 0 2 2 2 2 2 2 1 2 1 1 0 2 1 2 2 1 2 2 2 0 2 2 1 2 1 2 1 0 0 2 1 2 2 0 0 1 1 0 2 2 2 2 1 0 1 1 0 2 1 0 0 0 1 1 2 2 2 2 0 2 0 0 0 2 1 2 1 0 1 2 0 1 0 0 0 0 0 0 0 2 1 2 2 1 2 2 2 2 2 0 1 2 1 0 1 2 1 1 1 0 2 2 2 2 2 2 1 2 1 1 0 2 1 2 2 1 2 2 2 0 2 2 1 2 1 2 1 0 0 2
0.816390659437847 0.0283500974197935 -0.828509583677211 2.05060945471633 1.67285763291604 -1 0 1 2 0 1 1 2 2 2 2 2 2 0 0 0 1 0 2 2 0 0 0 0 0 2 2 2 2 1 2 0 0 0 2 1 2 2 2 1 2 1 2 1 0 0 0 0 0 0 0 0 2 2 0 2 1 1 1 2 2 1 1 2 1 2 2 1 1 1 0 1 1 0 0 2 1 2 1 0 2 0 0 1 1 2 0 1 2 2 0 2 2 0 2 1 2 2 1 0 1 0 -1 -2 0 -1 -1 -2 -2 -2 -2 -2 -2 0 0 0 -1 0 -2 -2 0 0 0 0 0 -2 -2 -2 -2 -1 -2 0 0 0 -2 -1 -2 -2 -2 -1 -2 -1 -2 -1 0 0 0 0 0 0 0 0 -2 -2 0 -2 -1 -1 -1 -2 -2 -1 -1 -2 -1 -2 -2 -1 -1 -1 0 -1 -1 0 0 -2 -1 -2 -1 0 -2 0 0 -1 -1 -2 0 -1 -2 -2 0 -2 -2 0 -2 -1 -2 -2 -1 0 -1
1.27892344587904 1.4374333489588 0.0266121388180544 0.0203065412859893 -0.794503335793603 1 1 2 2 2 1 2 2 1 1 2 2 1 1 1 0 0 0 2 1 0 0 0 1 0 2 2 1 2 0 2 1 0 0 2 1 2 2 2 2 2 1 2 1 0 1 0 1 0 0 0 0 1 2 0 1 2 2 0 2 1 0 2 1 0 1 2 1 2 2 0 1 1 1 1 2 2 1 2 0 2 2 2 2 2 2 1 2 2 2 1 2 2 0 2 1 2 2 1 0 0 1 2 2 2 1 2 2 1 1 2 2 1 1 1 0 0 0 2 1 0 0 0 1 0 2 2 1 2 0 2 1 0 0 2 1 2 2 2 2 2 1 2 1 0 1 0 1 0 0 0 0 1 2 0 1 2 2 0 2 1 0 2 1 0 1 2 1 2 2 0 1 1 1 1 2 2 1 2 0 2 2 2 2 2 2 1 2 2 2 1 2 2 0 2 1 2 2 1 0 0
0.841488207085379 1.39168117653918 2.08008520052707 -0.34266466165769 -0.806273561057664 1 1 1 1 1 1 1 2 2 2 1 2 1 1 0 0 0 0 2 2 0 0 0 0 0 1 1 1 2 1 2 2 1 0 2 0 2 2 1 1 2 1 2 1 0 0 0 1 0 0 0 0 1 2 0 1 1 0 0 1 2 1 2 1 0 0 2 0 1 2 0 2 1 0 0 2 1 1 2 1 0 1 1 2 2 2 0 1 2 2 0 1 0 0 1 0 1 1 0 0 2 1 1 1 1 1 1 2 2 2 1 2 1 1 0 0 0 0 2 2 0 0 0 0 0 1 1 1 2 1 2 2 1 0 2 0 2 2 1 1 2 1 2 1 0 0 0 1 0 0 0 0 1 2 0 1 1 0 0 1 2 1 2 1 0 0 2 0 1 2 0 2 1 0 0 2 1 1 2 1 0 1 1 2 2 2 0 1 2 2 0 1 0 0 1 0 1 1 0 0 2
0.0143952927916926 -0.434757620765413 0.681741591212252 -0.925721536274594 -1.73085961436452 1 0 2 2 2 0 0 1 2 2 2 2 2 1 0 0 0 0 2 2 1 0 0 0 0 2 1 2 1 0 2 0 0 0 2 0 2 1 1 1 1 0 1 0 1 2 2 2 1 1 1 0 1 2 0 1 2 1 1 2 1 0 0 0 0 1 2 1 2 2 0 2 0 0 0 1 0 2 2 0 2 2 1 1 1 2 2 2 2 2 0 2 1 0 2 0 2 2 0 0 1 0 2 2 2 0 0 1 2 2 2 2 2 1 0 0 0 0 2 2 1 0 0 0 0 2 1 2 1 0 2 0 0 0 2 0 2 1 1 1 1 0 1 0 1 2 2 2 1 1 1 0 1 2 0 1 2 1 1 2 1 0 0 0 0 1 2 1 2 2 0 2 0 0 0 1 0 2 2 0 2 2 1 1 1 2 2 2 2 2 0 2 1 0 2 0 2 2 0 0 1
-1.45118006463874 -0.367079252839178 0.194244363551293 0.770389376762181 -1.7116549670008 -1 0 2 2 0 1 1 1 1 2 2 2 1 1 0 0 1 0 2 2 1 0 1 0 1 2 2 2 1 1 2 2 0 0 2 2 2 2 1 1 2 1 2 0 0 0 1 2 0 0 1 1 2 2 0 2 2 1 0 2 0 0 0 0 0 2 2 2 2 2 0 1 1 2 1 2 2 0 1 0 1 1 2 1 1 2 0 1 0 2 0 1 1 0 2 1 2 2 1 0 0 0 -2 -2 0 -1 -1 -1 -1 -2 -2 -2 -1 -1 0 0 -1 0 -2 -2 -1 0 -1 0 -1 -2 -2 -2 -1 -1 -2 -2 0 0 -2 -2 -2 -2 -1 -1 -2 -1 -2 0 0 0 -1 -2 0 0 -1 -1 -2 -2 0 -2 -2 -1 0 -2 0 0 0 0 0 -2 -2 -2 -2 -2 0 -1 -1 -2 -1 -2 -2 0 -1 0 -1 -1 -2 -1 -1 -2 0 -1 0 -2 0 -1 -1 0 -2 -1 -2 -2 -1 0 0
1.02950743407628 -0.724920619305677 1.99770545389785 -0.441981842052545 -1.1903091104681 -1 0 2 2 1 1 2 2 1 2 1 2 0 1 2 1 0 0 2 2 1 0 0 0 0 2 2 2 1 0 2 0 0 0 2 1 2 2 1 2 2 1 2 0 0 1 1 2 1 1 0 0 1 2 0 1 1 1 1 1 0 0 1 1 0 2 2 1 1 2 0 1 0 1 0 2 1 1 1 0 1 0 1 1 2 2 1 1 2 2 1 2 1 0 2 1 2 0 0 0 2 0 -2 -2 -1 -1 -2 -2 -1 -2 -1 -2 0 -1 -2 -1 0 0 -2 -2 -1 0 0 0 0 -2 -2 -2 -1 0 -2 0 0 0 -2 -1 -2 -2 -1 -2 -2 -1 -2 0 0 -1 -1 -2 -1 -1 0 0 -1 -2 0 -1 -1 -1 -1 -1 0 0 -1 -1 0 -2 -2 -1 -1 -2 0 -1 0 -1 0 -2 -1 -1 -1 0 -1 0 -1 -1 -2 -2 -1 -1 -2 -2 -1 -2 -1 0 -2 -1 -2 0 0 0 -2
-0.137318036411538 1.23629028495671 0.000216752565269809 -1.11853309344774 -0.651769631418669 1 0 1 2 1 1 2 2 1 2 2 2 1 1 1 0 0 0 2 2 0 0 0 1 2 2 2 2 1 0 2 2 0 0 2 0 2 1 0 1 1 0 2 1 0 0 0 1 0 0 0 0 2 2 1 1 2 1 2 2 2 0 0 0 0 1 2 2 2 2 1 1 1 1 1 2 1 2 1 0 1 0 0 1 0 2 2 2 2 2 0 2 2 0 2 2 2 2 1 0 1 0 1 2 1 1 2 2 1 2 2 2 1 1 1 0 0 0 2 2 0 0 0 1 2 2 2 2 1 0 2 2 0 0 2 0 2 1 0 1 1 0 2 1 0 0 0 1 0 0 0 0 2 2 1 1 2 1 2 2 2 0 0 0 0 1 2 2 2 2 1 1 1 1 1 2 1 2 1 0 1 0 0 1 0 2 2 2 2 2 0 2 2 0 2 2 2 2 1 0 1
0.0510399573626854 0.291050082913609 0.928153920187177 0.474503905107101 1.49408265836589 1 1 2 2 2 2 2 2 2 2 1 2 2 1 1 0 0 0 1 2 0 0 1 1 1 2 2 1 2 0 2 2 2 1 2 1 2 1 1 1 2 1 2 0 1 1 1 1 0 0 0 0 2 2 1 2 2 1 1 1 2 0 0 0 0 2 2 2 2 2 1 2 1 2 1 2 1 2 2 1 1 1 2 2 1 2 0 2 2 1 0 2 2 2 2 1 2 2 1 1 2 1 2 2 2 2 2 2 2 2 1 2 2 1 1 0 0 0 1 2 0 0 1 1 1 2 2 1 2 0 2 2 2 1 2 1 2 1 1 1 2 1 2 0 1 1 1 1 0 0 0 0 2 2 1 2 2 1 1 1 2 0 0 0 0 2 2 2 2 2 1 2 1 2 1 2 1 2 2 1 1 1 2 2 1 2 0 2 2 1 0 2 2 2 2 1 2 2 1 1 2
-0.423644501888768 -0.0336020486658715 -1.39188303210246 -1.00978860590557 -0.251434364464695 -1 0 0 0 0 1 1 2 2 1 1 2 1 0 1 0 1 0 2 2 0 0 0 1 2 2 2 2 2 1 2 1 0 0 2 2 2 1 0 2 2 0 2 1 0 0 0 1 1 1 0 0 2 2 0 1 1 0 1 2 1 0 1 0 0 2 2 2 2 2 0 0 1 1 0 2 1 2 2 0 0 0 1 1 1 2 0 2 2 2 0 2 1 0 2 0 1 1 0 0 1 0 0 0 0 -1 -1 -2 -2 -1 -1 -2 -1 0 -1 0 -1 0 -2 -2 0 0 0 -1 -2 -2 -2 -2 -2 -1 -2 -1 0 0 -2 -2 -2 -1 0 -2 -2 0 -2 -1 0 0 0 -1 -1 -1 0 0 -2 -2 0 -1 -1 0 -1 -2 -1 0 -1 0 0 -2 -2 -2 -2 -2 0 0 -1 -1 0 -2 -1 -2 -2 0 0 0 -1 -1 -1 -2 0 -2 -2 -2 0 -2 -1 0 -2 0 -1 -1 0 0 -1
1.10147402815578 1.4193511010941 -1.58939841254911 0.238030910597285 -0.706237086588066 1 1 2 2 1 0 0 2 2 2 2 2 1 1 0 0 0 0 2 1 0 0 0 2 1 2 2 1 0 2 2 0 0 1 2 1 2 1 0 1 2 1 2 1 0 0 1 1 1 0 0 1 2 2 1 2 1 2 2 2 2 1 1 1 0 2 2 1 1 2 0 2 2 1 1 2 1 1 1 0 1 1 2 1 1 2 1 1 1 1 0 1 2 0 0 0 2 2 1 1 2 1 2 2 1 0 0 2 2 2 2 2 1 1 0 0 0 0 2 1 0 0 0 2 1 2 2 1 0 2 2 0 0 1 2 1 2 1 0 1 2 1 2 1 0 0 1 1 1 0 0 1 2 2 1 2 1 2 2 2 2 1 1 1 0 2 2 1 1 2 0 2 2 1 1 2 1 1 1 0 1 1 2 1 1 2 1 1 1 1 0 1 2 0 0 0 2 2 1 1 2
1.02094735436172 0.358355174103364 0.344379290682078 0.141845163506203 -2.30704707927749 1 0 1 1 0 0 1 1 0 2 2 2 0 1 1 0 0 0 2 2 0 0 1 1 1 2 2 2 2 1 2 0 0 1 2 0 2 1 0 0 2 1 2 2 1 0 1 2 1 1 1 0 2 2 0 1 2 1 0 1 1 1 2 0 0 2 2 2 2 2 1 2 1 1 1 2 2 1 1 0 1 1 1 1 2 2 0 2 2 2 0 2 1 0 2 1 2 1 0 1 2 0 1 1 0 0 1 1 0 2 2 2 0 1 1 0 0 0 2 2 0 0 1 1 1 2 2 2 2 1 2 0 0 1 2 0 2 1 0 0 2 1 2 2 1 0 1 2 1 1 1 0 2 2 0 1 2 1 0 1 1 1 2 0 0 2 2 2 2 2 1 2 1 1 1 2 2 1 1 0 1 1 1 1 2 2 0 2 2 2 0 2 1 0 2 1 2 1 0 1 2
0.203346981640377 -1.01452609012355 0.0517471743161889 -0.714611398862847 1.37192640994438 -1 0 2 2 1 1 2 1 0 2 2 2 1 0 0 0 0 0 2 2 0 0 2 1 2 2 1 1 1 0 1 0 1 0 2 0 2 1 0 0 2 0 2 2 0 1 0 2 0 0 0 0 1 2 0 2 1 0 0 0 0 0 0 1 0 2 2 2 1 2 1 2 2 1 0 2 1 2 2 1 1 1 1 1 0 2 2 2 2 2 0 2 2 0 2 1 2 1 1 1 2 0 -2 -2 -1 -1 -2 -1 0 -2 -2 -2 -1 0 0 0 0 0 -2 -2 0 0 -2 -1 -2 -2 -1 -1 -1 0 -1 0 -1 0 -2 0 -2 -1 0 0 -2 0 -2 -2 0 -1 0 -2 0 0 0 0 -1 -2 0 -2 -1 0 0 0 0 0 0 -1 0 -2 -2 -2 -1 -2 -1 -2 -2 -1 0 -2 -1 -2 -2 -1 -1 -1 -1 -1 0 -2 -2 -2 -2 -2 0 -2 -2 0 -2 -1 -2 -1 -1 -1 -2
2.3578796257412 0.936552255848797 -0.715810461207909 -2.70323761338609 0.590705734565702 1 1 2 2 1 1 2 2 2 2 0 2 2 1 0 0 1 0 2 2 1 0 0 1 1 2 2 2 2 1 1 1 0 0 2 1 2 1 0 0 2 0 2 0 0 1 1 2 1 1 0 0 1 2 0 1 1 0 1 1 1 0 0 0 0 2 2 0 1 2 0 0 0 1 1 2 1 2 1 0 1 2 2 1 1 2 0 0 1 0 0 2 2 0 2 0 2 1 0 0 2 1 2 2 1 1 2 2 2 2 0 2 2 1 0 0 1 0 2 2 1 0 0 1 1 2 2 2 2 1 1 1 0 0 2 1 2 1 0 0 2 0 2 0 0 1 1 2 1 1 0 0 1 2 0 1 1 0 1 1 1 0 0 0 0 2 2 0 1 2 0 0 0 1 1 2 1 2 1 0 1 2 2 1 1 2 0 0 1 0 0 2 2 0 2 0 2 1 0 0 2
0.260442647155769 -1.04959207165737 0.441866039519879 1.44583224183388 -0.0591313953146754 1 0 1 2 1 2 1 2 1 2 1 2 1 1 0 0 0 0 2 1 0 0 1 1 2 2 2 2 0 0 2 2 0 0 2 0 2 0 0 0 1 0 1 0 0 0 0 2 0 1 0 0 0 2 0 1 0 0 0 0 1 1 0 0 0 2 2 1 2 1 0 1 1 1 0 2 2 2 2 1 1 2 2 2 2 2 1 1 2 2 0 2 2 0 2 0 0 1 1 0 2 0 1 2 1 2 1 2 1 2 1 2 1 1 0 0 0 0 2 1 0 0 1 1 2 2 2 2 0 0 2 2 0 0 2 0 2 0 0 0 1 0 1 0 0 0 0 2 0 1 0 0 0 2 0 1 0 0 0 0 1 1 0 0 0 2 2 1 2 1 0 1 1 1 0 2 2 2 2 1 1 2 2 2 2 2 1 1 2 2 0 2 2 0 2 0 0 1 1 0 2
0.133257470649314 -0.588457494402787 -1.27852192769138 0.621535280885821 0.902899695204887 -1 1 1 1 1 2 2 2 1 2 2 2 1 2 1 1 1 0 2 2 2 0 0 1 1 2 2 2 1 0 2 1 2 1 2 1 2 1 1 1 2 0 2 2 0 1 1 2 0 0 1 0 1 2 0 2 2 1 0 2 1 0 0 0 0 2 2 1 2 2 0 2 2 2 2 2 1 1 1 1 2 2 1 2 2 2 0 1 2 1 0 2 1 1 2 1 2 1 0 1 2 -1 -1 -1 -1 -2 -2 -2 -1 -2 -2 -2 -1 -2 -1 -1 -1 0 -2 -2 -2 0 0 -1 -1 -2 -2 -2 -1 0 -2 -1 -2 -1 -2 -1 -2 -1 -1 -1 -2 0 -2 -2 0 -1 -1 -2 0 0 -1 0 -1 -2 0 -2 -2 -1 0 -2 -1 0 0 0 0 -2 -2 -1 -2 -2 0 -2 -2 -2 -2 -2 -1 -1 -1 -1 -2 -2 -1 -2 -2 -2 0 -1 -2 -1 0 -2 -1 -1 -2 -1 -2 -1 0 -1 -2
-0.0257701583446113 0.581889627410473 -0.926527852781342 -1.52569145220634 -0.0953056677348446 -1 1 2 2 2 2 2 2 2 1 2 2 2 2 0 0 0 1 2 2 0 0 1 0 0 2 2 1 0 1 2 0 0 0 2 1 2 2 2 1 2 1 2 0 0 1 1 2 2 2 0 0 1 2 1 1 1 0 0 1 0 0 0 1 1 2 2 1 1 1 0 2 2 2 2 1 0 2 2 0 1 0 2 2 1 2 2 2 2 1 0 2 2 1 2 2 2 1 1 0 0 -1 -2 -2 -2 -2 -2 -2 -2 -1 -2 -2 -2 -2 0 0 0 -1 -2 -2 0 0 -1 0 0 -2 -2 -1 0 -1 -2 0 0 0 -2 -1 -2 -2 -2 -1 -2 -1 -2 0 0 -1 -1 -2 -2 -2 0 0 -1 -2 -1 -1 -1 0 0 -1 0 0 0 -1 -1 -2 -2 -1 -1 -1 0 -2 -2 -2 -2 -1 0 -2 -2 0 -1 0 -2 -2 -1 -2 -2 -2 -2 -1 0 -2 -2 -1 -2 -2 -2 -1 -1 0 0
-0.470284457953104 0.893944799684021 -0.47540232283096 0.447416551984277 1.52232533347353 -1 0 2 2 1 1 2 2 2 2 2 2 2 1 0 0 0 0 2 1 0 0 0 0 2 2 2 2 1 0 2 0 0 0 2 0 2 1 1 1 2 0 0 0 0 0 0 0 0 0 0 0 1 2 0 2 1 1 0 1 2 1 0 0 1 2 2 2 1 2 0 2 1 1 1 2 2 1 1 0 1 0 1 2 2 2 1 2 2 1 0 2 1 0 2 1 2 2 2 1 2 0 -2 -2 -1 -1 -2 -2 -2 -2 -2 -2 -2 -1 0 0 0 0 -2 -1 0 0 0 0 -2 -2 -2 -2 -1 0 -2 0 0 0 -2 0 -2 -1 -1 -1 -2 0 0 0 0 0 0 0 0 0 0 0 -1 -2 0 -2 -1 -1 0 -1 -2 -1 0 0 -1 -2 -2 -2 -1 -2 0 -2 -1 -1 -1 -2 -2 -1 -1 0 -1 0 -1 -2 -2 -2 -1 -2 -2 -1 0 -2 -1 0 -2 -1 -2 -2 -2 -1 -2
-0.0523236211432857 -0.596041977196375 -0.741857497138093 2.06832135306389 0.428010029238813 1 0 1 2 1 0 0 2 2 1 0 2 1 0 0 0 0 0 2 2 0 0 0 1 0 2 2 2 2 0 1 0 0 0 2 1 2 2 0 1 2 0 1 0 0 1 1 2 1 1 0 0 1 2 0 2 1 1 1 2 1 2 2 1 1 2 2 2 2 2 0 1 0 1 1 2 2 1 1 0 1 1 1 1 1 2 1 2 2 2 0 1 1 0 2 1 2 1 1 0 2 0 1 2 1 0 0 2 2 1 0 2 1 0 0 0 0 0 2 2 0 0 0 1 0 2 2 2 2 0 1 0 0 0 2 1 2 2 0 1 2 0 1 0 0 1 1 2 1 1 0 0 1 2 0 2 1 1 1 2 1 2 2 1 1 2 2 2 2 2 0 1 0 1 1 2 2 1 1 0 1 1 1 1 1 2 1 2 2 2 0 1 1 0 2 1 2 1 1 0 2
0.672903137404907 1.83958383790017 -0.232243175054072 -0.685019008202931 0.341136140582988 1 2 2 2 1 1 2 2 2 2 2 2 2 2 0 0 1 0 2 2 0 0 0 2 2 2 2 2 1 0 2 0 0 0 2 0 2 0 0 0 1 1 1 0 0 0 0 1 1 0 0 0 1 2 0 0 1 0 0 2 1 1 0 0 0 2 2 2 2 1 0 2 2 1 0 2 1 2 1 0 0 0 1 1 2 2 1 1 2 2 0 2 1 0 2 0 1 1 0 0 1 2 2 2 1 1 2 2 2 2 2 2 2 2 0 0 1 0 2 2 0 0 0 2 2 2 2 2 1 0 2 0 0 0 2 0 2 0 0 0 1 1 1 0 0 0 0 1 1 0 0 0 1 2 0 0 1 0 0 2 1 1 0 0 0 2 2 2 2 1 0 2 2 1 0 2 1 2 1 0 0 0 1 1 2 2 1 1 2 2 0 2 1 0 2 0 1 1 0 0 1
0.928217262615247 -1.16637883758633 -1.12002984039325 -1.89174155881982 -1.31701568698778 -1 1 2 2 1 1 2 2 1 2 2 2 1 1 1 0 0 0 2 1 0 0 1 0 1 2 2 2 2 1 2 1 0 0 2 1 2 1 1 1 2 0 2 1 0 0 1 2 1 0 0 0 1 2 0 2 2 2 1 2 0 0 1 0 0 2 2 1 2 2 0 1 0 0 0 2 1 1 1 1 1 0 1 1 2 2 0 2 2 1 0 2 2 1 2 1 2 0 1 0 1 -1 -2 -2 -1 -1 -2 -2 -1 -2 -2 -2 -1 -1 -1 0 0 0 -2 -1 0 0 -1 0 -1 -2 -2 -2 -2 -1 -2 -1 0 0 -2 -1 -2 -1 -1 -1 -2 0 -2 -1 0 0 -1 -2 -1 0 0 0 -1 -2 0 -2 -2 -2 -1 -2 0 0 -1 0 0 -2 -2 -1 -2 -2 0 -1 0 0 0 -2 -1 -1 -1 -1 -1 0 -1 -1 -2 -2 0 -2 -2 -1 0 -2 -2 -1 -2 -1 -2 0 -1 0 -1
1.53008693666102 -0.100337209093737 1.60277609346217 -1.68110611500188 0.403502493216837 1 1 2 2 0 0 0 2 1 2 1 2 1 0 0 0 0 0 2 2 0 0 1 0 0 2 2 1 1 0 2 0 0 0 2 1 2 1 0 1 2 0 1 0 0 0 1 2 0 0 1 0 2 2 0 2 2 1 1 2 1 1 0 1 0 1 2 2 2 2 0 1 1 1 1 2 2 1 2 1 1 1 1 2 1 1 1 2 2 2 0 1 1 0 2 0 2 2 2 0 2 1 2 2 0 0 0 2 1 2 1 2 1 0 0 0 0 0 2 2 0 0 1 0 0 2 2 1 1 0 2 0 0 0 2 1 2 1 0 1 2 0 1 0 0 0 1 2 0 0 1 0 2 2 0 2 2 1 1 2 1 1 0 1 0 1 2 2 2 2 0 1 1 1 1 2 2 1 2 1 1 1 1 2 1 1 1 2 2 2 0 1 1 0 2 0 2 2 2 0 2
0.908534928305092 1.09294014852387 -0.327821982778318 0.175790850062408 -0.861380361639466 1 1 1 1 1 0 1 1 2 2 2 2 2 2 0 0 1 0 2 2 0 0 1 0 1 2 2 2 2 1 2 0 0 0 2 0 2 1 0 0 2 1 2 1 0 0 0 2 0 1 0 0 1 2 0 1 0 0 1 1 0 0 0 0 0 2 2 2 2 2 0 1 1 2 1 2 2 2 2 0 1 1 2 1 2 2 1 2 2 2 0 2 1 0 2 1 2 0 0 0 2 1 1 1 1 0 1 1 2 2 2 2 2 2 0 0 1 0 2 2 0 0 1 0 1 2 2 2 2 1 2 0 0 0 2 0 2 1 0 0 2 1 2 1 0 0 0 2 0 1 0 0 1 2 0 1 0 0 1 1 0 0 0 0 0 2 2 2 2 2 0 1 1 2 1 2 2 2 2 0 1 1 2 1 2 2 1 2 2 2 0 2 1 0 2 1 2 0 0 0 2
2.46530402880982 -0.455121812778073 1.50813489039668 0.753159110600633 -0.174146633708465 1 0 0 1 0 0 0 1 2 2 1 2 2 0 0 1 0 0 2 2 0 0 0 1 1 2 2 2 2 1 2 0 0 0 2 1 2 1 1 1 1 0 1 0 0 1 1 1 1 1 0 0 2 2 2 1 2 1 1 2 0 0 0 0 0 1 2 2 2 2 1 2 1 1 0 2 2 2 2 1 1 0 1 1 0 2 1 1 1 0 0 2 1 0 2 0 2 1 1 0 1 0 0 1 0 0 0 1 2 2 1 2 2 0 0 1 0 0 2 2 0 0 0 1 1 2 2 2 2 1 2 0 0 0 2 1 2 1 1 1 1 0 1 0 0 1 1 1 1 1 0 0 2 2 2 1 2 1 1 2 0 0 0 0 0 1 2 2 2 2 1 2 1 1 0 2 2 2 2 1 1 0 1 1 0 2 1 1 1 0 0 2 1 0 2 0 2 1 1 0 1
-1.16801002762927 0.93954406327973 -0.261928922554257 0.630054279452157 1.24979181433575 -1 1 2 1 0 1 2 2 2 2 2 2 2 2 1 1 0 0 2 2 2 1 0 1 1 2 2 2 2 0 2 2 1 0 2 0 2 1 0 1 1 0 2 2 1 1 0 1 1 1 0 0 0 2 0 0 1 1 1 2 0 1 0 0 0 1 2 1 2 2 1 2 2 1 1 2 1 2 2 1 0 0 0 2 1 1 0 0 2 2 0 2 2 0 1 0 2 2 1 0 0 -1 -2 -1 0 -1 -2 -2 -2 -2 -2 -2 -2 -2 -1 -1 0 0 -2 -2 -2 -1 0 -1 -1 -2 -2 -2 -2 0 -2 -2 -1 0 -2 0 -2 -1 0 -1 -1 0 -2 -2 -1 -1 0 -1 -1 -1 0 0 0 -2 0 0 -1 -1 -1 -2 0 -1 0 0 0 -1 -2 -1 -2 -2 -1 -2 -2 -1 -1 -2 -1 -2 -2 -1 0 0 0 -2 -1 -1 0 0 -2 -2 0 -2 -2 0 -1 0 -2 -2 -1 0 0
-0.578371316147989 -0.00848063249383687 1.39164824022907 -1.97647420014956 -0.0461468597330246 1 0 1 2 1 1 2 2 2 1 0 2 1 1 0 1 1 0 2 2 0 0 0 0 0 2 2 2 2 2 2 1 1 0 2 1 2 0 0 0 2 0 1 1 0 0 1 0 0 1 1 0 0 2 0 1 2 2 0 2 1 1 0 0 0 2 2 1 2 2 1 2 1 1 0 2 0 2 2 1 2 2 2 1 0 1 1 2 2 1 0 1 0 0 2 1 2 1 1 0 2 0 1 2 1 1 2 2 2 1 0 2 1 1 0 1 1 0 2 2 0 0 0 0 0 2 2 2 2 2 2 1 1 0 2 1 2 0 0 0 2 0 1 1 0 0 1 0 0 1 1 0 0 2 0 1 2 2 0 2 1 1 0 0 0 2 2 1 2 2 1 2 1 1 0 2 0 2 2 1 2 2 2 1 0 1 1 2 2 1 0 1 0 0 2 1 2 1 1 0 2
-0.872502461468536 0.0713715419817441 0.613224267486465 -0.55048952740744 -1.52996766216268 -1 0 1 2 1 1 2 2 2 2 1 2 0 0 0 0 1 1 2 2 1 0 0 1 0 2 2 2 1 1 2 2 0 0 2 1 2 1 0 1 2 0 0 0 0 2 1 1 1 1 0 0 2 2 0 0 0 0 1 1 1 1 0 1 0 2 2 2 2 2 1 2 1 2 0 2 0 2 1 0 2 1 2 2 2 2 0 1 2 2 0 2 2 1 2 1 1 1 1 1 1 0 -1 -2 -1 -1 -2 -2 -2 -2 -1 -2 0 0 0 0 -1 -1 -2 -2 -1 0 0 -1 0 -2 -2 -2 -1 -1 -2 -2 0 0 -2 -1 -2 -1 0 -1 -2 0 0 0 0 -2 -1 -1 -1 -1 0 0 -2 -2 0 0 0 0 -1 -1 -1 -1 0 -1 0 -2 -2 -2 -2 -2 -1 -2 -1 -2 0 -2 0 -2 -1 0 -2 -1 -2 -2 -2 -2 0 -1 -2 -2 0 -2 -2 -1 -2 -1 -1 -1 -1 -1 -1
0.337077217991484 -0.181858160108083 -0.844281922889908 0.416809831908021 0.792506175064972 -1 2 2 2 1 0 0 2 2 1 0 2 0 1 0 1 1 0 2 1 0 0 0 1 1 1 1 0 0 0 2 0 0 0 2 2 2 2 1 0 2 1 2 2 1 2 1 2 0 0 0 0 1 2 1 2 2 1 1 2 1 2 0 0 0 2 2 0 1 2 0 2 1 1 0 1 0 1 2 0 1 2 1 1 2 2 1 2 1 2 0 2 2 0 0 0 2 1 1 0 1 -2 -2 -2 -1 0 0 -2 -2 -1 0 -2 0 -1 0 -1 -1 0 -2 -1 0 0 0 -1 -1 -1 -1 0 0 0 -2 0 0 0 -2 -2 -2 -2 -1 0 -2 -1 -2 -2 -1 -2 -1 -2 0 0 0 0 -1 -2 -1 -2 -2 -1 -1 -2 -1 -2 0 0 0 -2 -2 0 -1 -2 0 -2 -1 -1 0 -1 0 -1 -2 0 -1 -2 -1 -1 -2 -2 -1 -2 -1 -2 0 -2 -2 0 0 0 -2 -1 -1 0 -1
0.328784126598848 -1.17916442594469 -0.337422351906868 -1.42571515492156 -1.24566518849409 1 0 1 2 1 1 1 2 1 1 0 2 1 1 0 0 1 0 2 0 0 0 0 1 1 2 2 1 0 1 2 1 0 0 2 0 2 0 0 0 0 0 1 2 0 0 0 2 1 0 0 0 2 2 0 1 2 2 1 2 1 2 1 1 2 2 2 2 2 2 0 1 1 1 0 1 1 2 2 1 1 1 2 1 1 1 1 1 1 2 0 2 1 0 1 0 1 0 0 0 1 0 1 2 1 1 1 2 1 1 0 2 1 1 0 0 1 0 2 0 0 0 0 1 1 2 2 1 0 1 2 1 0 0 2 0 2 0 0 0 0 0 1 2 0 0 0 2 1 0 0 0 2 2 0 1 2 2 1 2 1 2 1 1 2 2 2 2 2 2 0 1 1 1 0 1 1 2 2 1 1 1 2 1 1 1 1 1 1 2 0 2 1 0 1 0 1 0 0 0 1
0.0153741443622147 0.489768421150937 0.0551250179969284 0.792190476588445 0.809571414238319 -1 2 2 2 1 1 2 2 2 2 2 2 1 0 0 0 0 0 2 2 1 0 1 0 1 2 2 2 1 1 2 1 0 0 2 0 2 2 0 0 1 0 0 0 1 0 1 1 0 1 1 0 1 2 0 2 2 2 0 2 1 1 0 1 1 2 2 2 2 2 0 0 1 0 0 1 0 2 1 0 0 1 2 1 1 1 1 2 2 1 0 1 1 0 2 1 2 1 0 0 2 -2 -2 -2 -1 -1 -2 -2 -2 -2 -2 -2 -1 0 0 0 0 0 -2 -2 -1 0 -1 0 -1 -2 -2 -2 -1 -1 -2 -1 0 0 -2 0 -2 -2 0 0 -1 0 0 0 -1 0 -1 -1 0 -1 -1 0 -1 -2 0 -2 -2 -2 0 -2 -1 -1 0 -1 -1 -2 -2 -2 -2 -2 0 0 -1 0 0 -1 0 -2 -1 0 0 -1 -2 -1 -1 -1 -1 -2 -2 -1 0 -1 -1 0 -2 -1 -2 -1 0 0 -2
0.496472219744309 1.87210133307374 0.838843348691976 -1.57902837568216 -0.621195516540604 1 1 2 2 2 2 2 2 1 1 1 2 1 1 0 0 0 0 2 2 0 0 0 2 1 2 1 2 2 1 2 0 0 0 2 0 2 1 0 2 2 1 1 0 0 0 1 1 0 0 1 0 2 2 1 2 1 2 0 2 1 0 1 1 0 2 2 1 2 2 0 2 2 1 0 2 1 2 1 1 1 1 2 2 1 2 1 2 2 2 0 2 2 0 2 1 2 2 1 0 1 1 2 2 2 2 2 2 1 1 1 2 1 1 0 0 0 0 2 2 0 0 0 2 1 2 1 2 2 1 2 0 0 0 2 0 2 1 0 2 2 1 1 0 0 0 1 1 0 0 1 0 2 2 1 2 1 2 0 2 1 0 1 1 0 2 2 1 2 2 0 2 2 1 0 2 1 2 1 1 1 1 2 2 1 2 1 2 2 2 0 2 2 0 2 1 2 2 1 0 1
1.87758774180185 0.569675502769808 0.797566810486261 0.933178176252883 1.50393355791106 1 0 1 1 0 1 2 2 1 2 2 2 1 1 0 0 1 0 2 2 0 0 0 1 0 2 1 1 0 0 1 0 0 0 2 0 2 1 1 1 2 0 2 0 0 0 0 2 1 1 0 0 2 2 0 1 2 0 0 2 1 1 0 0 0 1 1 1 0 1 0 0 0 0 0 1 1 2 2 2 1 1 2 1 1 2 1 2 2 2 0 2 1 0 2 1 2 1 0 0 1 0 1 1 0 1 2 2 1 2 2 2 1 1 0 0 1 0 2 2 0 0 0 1 0 2 1 1 0 0 1 0 0 0 2 0 2 1 1 1 2 0 2 0 0 0 0 2 1 1 0 0 2 2 0 1 2 0 0 2 1 1 0 0 0 1 1 1 0 1 0 0 0 0 0 1 1 2 2 2 1 1 2 1 1 2 1 2 2 2 0 2 1 0 2 1 2 1 0 0 1
0.904145136244279 -1.25596276061535 -0.713468952286116 0.554577497929434 -0.347417318355287 1 1 2 2 0 1 1 2 2 2 0 2 1 1 1 1 1 0 2 2 0 1 0 1 0 2 1 1 1 1 2 1 1 2 2 0 2 0 0 1 2 0 1 1 1 1 2 2 1 1 0 0 2 2 0 1 0 0 0 2 1 1 1 1 0 2 2 2 2 2 1 2 1 1 0 1 0 1 1 0 2 1 2 2 2 2 1 2 2 2 0 2 2 0 1 0 1 2 2 1 1 1 2 2 0 1 1 2 2 2 0 2 1 1 1 1 1 0 2 2 0 1 0 1 0 2 1 1 1 1 2 1 1 2 2 0 2 0 0 1 2 0 1 1 1 1 2 2 1 1 0 0 2 2 0 1 0 0 0 2 1 1 1 1 0 2 2 2 2 2 1 2 1 1 0 1 0 1 1 0 2 1 2 2 2 2 1 2 2 2 0 2 2 0 1 0 1 2 2 1 1
-0.73225262570694 0.496224681116846 0.508342077524711 1.19583165010372 -0.264367397247494 -1 1 1 1 0 1 2 2 1 2 1 2 1 0 0 1 1 0 2 1 0 0 1 1 2 2 1 2 2 0 2 1 1 1 2 0 2 2 0 0 1 0 2 0 0 1 0 1 2 2 0 0 2 2 0 1 0 1 0 2 1 0 0 0 0 2 2 0 1 1 0 2 2 2 1 2 1 2 1 1 1 1 2 2 1 2 0 2 1 1 0 2 2 0 2 1 1 2 1 0 2 -1 -1 -1 0 -1 -2 -2 -1 -2 -1 -2 -1 0 0 -1 -1 0 -2 -1 0 0 -1 -1 -2 -2 -1 -2 -2 0 -2 -1 -1 -1 -2 0 -2 -2 0 0 -1 0 -2 0 0 -1 0 -1 -2 -2 0 0 -2 -2 0 -1 0 -1 0 -2 -1 0 0 0 0 -2 -2 0 -1 -1 0 -2 -2 -2 -1 -2 -1 -2 -1 -1 -1 -1 -2 -2 -1 -2 0 -2 -1 -1 0 -2 -2 0 -2 -1 -1 -2 -1 0 -2
-1.47141170928087 0.112464997216127 0.235142817055869 0.647890265507057 -0.128151682068461 -1 1 1 1 1 1 2 2 1 2 1 2 2 1 0 0 0 0 2 2 1 0 2 2 1 2 2 0 0 2 2 1 1 1 2 0 1 0 0 0 1 0 1 0 0 0 0 1 0 0 1 1 2 2 0 1 1 1 1 2 0 1 1 0 0 1 2 2 1 2 0 2 2 2 1 2 2 2 1 0 1 1 1 2 2 2 2 1 2 2 1 1 1 0 2 1 2 1 1 1 1 -1 -1 -1 -1 -1 -2 -2 -1 -2 -1 -2 -2 -1 0 0 0 0 -2 -2 -1 0 -2 -2 -1 -2 -2 0 0 -2 -2 -1 -1 -1 -2 0 -1 0 0 0 -1 0 -1 0 0 0 0 -1 0 0 -1 -1 -2 -2 0 -1 -1 -1 -1 -2 0 -1 -1 0 0 -1 -2 -2 -1 -2 0 -2 -2 -2 -1 -2 -2 -2 -1 0 -1 -1 -1 -2 -2 -2 -2 -1 -2 -2 -1 -1 -1 0 -2 -1 -2 -1 -1 -1 -1
-0.378174115586778 -1.36382192462062 0.525940770602988 0.946417660870807 2.38181902370719 1 0 2 2 0 0 2 1 2 2 1 2 2 1 1 1 1 0 2 1 0 0 1 0 1 2 2 2 2 1 2 1 1 0 2 1 2 1 0 0 2 1 2 2 0 0 0 1 2 0 0 0 0 2 1 2 2 1 0 1 0 0 0 0 0 0 1 1 2 2 0 1 1 1 1 2 2 1 1 0 1 0 1 0 1 2 0 2 2 1 0 2 2 0 1 0 0 1 1 0 1 0 2 2 0 0 2 1 2 2 1 2 2 1 1 1 1 0 2 1 0 0 1 0 1 2 2 2 2 1 2 1 1 0 2 1 2 1 0 0 2 1 2 2 0 0 0 1 2 0 0 0 0 2 1 2 2 1 0 1 0 0 0 0 0 0 1 1 2 2 0 1 1 1 1 2 2 1 1 0 1 0 1 0 1 2 0 2 2 1 0 2 2 0 1 0 0 1 1 0 1
-0.0774888411935623 -1.54000689338314 -1.30152794843828 1.01764654491935 -0.405943648362006 1 0 0 2 1 0 1 2 2 2 1 2 1 0 0 0 1 0 2 2 0 0 1 1 1 2 2 1 0 1 2 2 2 1 2 1 1 0 0 0 1 0 2 1 1 1 1 2 1 0 0 0 1 2 0 1 1 1 1 2 0 0 0 0 0 1 2 1 2 2 0 1 0 0 0 2 0 2 1 0 1 2 2 2 1 2 0 2 2 1 0 1 2 0 2 0 2 1 1 0 2 0 0 2 1 0 1 2 2 2 1 2 1 0 0 0 1 0 2 2 0 0 1 1 1 2 2 1 0 1 2 2 2 1 2 1 1 0 0 0 1 0 2 1 1 1 1 2 1 0 0 0 1 2 0 1 1 1 1 2 0 0 0 0 0 1 2 1 2 2 0 1 0 0 0 2 0 2 1 0 1 2 2 2 1 2 0 2 2 1 0 1 2 0 2 0 2 1 1 0 2
0.268449739838525 -0.672887419045978 0.773395576840338 1.12265483829297 -0.74840586829494 1 0 1 2 1 1 2 2 2 1 0 2 1 0 0 0 0 0 2 2 0 0 1 0 0 2 2 1 2 1 2 1 0 0 2 0 2 1 0 0 1 1 2 0 0 1 0 1 1 1 1 0 2 2 1 1 2 2 0 2 1 0 0 0 0 1 1 1 1 2 0 2 1 1 1 2 1 2 1 1 0 0 2 1 2 2 1 1 2 2 0 1 1 0 2 2 2 1 2 0 2 0 1 2 1 1 2 2 2 1 0 2 1 0 0 0 0 0 2 2 0 0 1 0 0 2 2 1 2 1 2 1 0 0 2 0 2 1 0 0 1 1 2 0 0 1 0 1 1 1 1 0 2 2 1 1 2 2 0 2 1 0 0 0 0 1 1 1 1 2 0 2 1 1 1 2 1 2 1 1 0 0 2 1 2 2 1 1 2 2 0 1 1 0 2 2 2 1 2 0 2
0.487237528428194 0.726169662115437 0.345614307953709 -0.464138291691477 -0.761672203664752 -1 0 1 1 1 1 1 2 0 2 2 2 1 0 0 0 1 0 2 0 0 0 0 0 1 2 2 2 0 1 2 0 1 0 2 1 2 1 0 2 2 1 2 0 0 0 0 0 0 0 0 0 1 2 1 2 1 1 1 2 1 1 0 1 0 2 2 1 1 1 0 2 0 0 1 2 1 2 2 0 0 0 1 1 2 2 0 2 2 1 0 1 1 0 1 0 2 1 0 0 1 0 -1 -1 -1 -1 -1 -2 0 -2 -2 -2 -1 0 0 0 -1 0 -2 0 0 0 0 0 -1 -2 -2 -2 0 -1 -2 0 -1 0 -2 -1 -2 -1 0 -2 -2 -1 -2 0 0 0 0 0 0 0 0 0 -1 -2 -1 -2 -1 -1 -1 -2 -1 -1 0 -1 0 -2 -2 -1 -1 -1 0 -2 0 0 -1 -2 -1 -2 -2 0 0 0 -1 -1 -2 -2 0 -2 -2 -1 0 -1 -1 0 -1 0 -2 -1 0 0 -1
-1.44495437142809 -0.221527853299882 0.289759052954723 0.20596435103184 -0.523015422305733 -1 0 2 2 1 0 1 1 1 2 1 2 2 1 0 0 0 0 2 2 0 0 0 1 1 2 2 1 1 0 2 1 0 0 2 1 2 2 1 1 2 1 2 1 0 0 0 0 0 0 0 0 2 2 1 1 2 1 1 1 2 1 0 0 0 2 2 1 2 2 1 1 0 2 1 2 2 2 2 1 2 1 1 2 2 2 0 1 1 2 0 2 1 0 2 1 2 2 2 0 1 0 -2 -2 -1 0 -1 -1 -1 -2 -1 -2 -2 -1 0 0 0 0 -2 -2 0 0 0 -1 -1 -2 -2 -1 -1 0 -2 -1 0 0 -2 -1 -2 -2 -1 -1 -2 -1 -2 -1 0 0 0 0 0 0 0 0 -2 -2 -1 -1 -2 -1 -1 -1 -2 -1 0 0 0 -2 -2 -1 -2 -2 -1 -1 0 -2 -1 -2 -2 -2 -2 -1 -2 -1 -1 -2 -2 -2 0 -1 -1 -2 0 -2 -1 0 -2 -1 -2 -2 -2 0 -1
-0.259579864966444 0.564817331310335 0.436310547553023 -0.649310067003144 0.328482357123991 1 1 2 2 1 1 1 2 2 2 1 2 1 1 0 0 0 0 2 2 0 0 0 2 1 2 2 2 2 1 2 0 0 0 2 1 2 2 1 1 2 0 2 1 0 0 0 1 0 1 0 0 1 2 1 2 1 1 1 2 0 0 0 0 1 2 2 1 0 1 0 1 1 1 0 2 2 1 2 1 1 1 0 1 1 1 1 2 2 1 0 1 1 0 2 0 2 1 0 0 1 1 2 2 1 1 1 2 2 2 1 2 1 1 0 0 0 0 2 2 0 0 0 2 1 2 2 2 2 1 2 0 0 0 2 1 2 2 1 1 2 0 2 1 0 0 0 1 0 1 0 0 1 2 1 2 1 1 1 2 0 0 0 0 1 2 2 1 0 1 0 1 1 1 0 2 2 1 2 1 1 1 0 1 1 1 1 2 2 1 0 1 1 0 2 0 2 1 0 0 1
0.0969095490697925 1.73207124802668 0.171420015665924 0.839858157583617 0.139728529455767 1 1 2 2 2 1 2 2 2 2 2 2 1 0 0 0 0 0 2 1 0 0 0 0 0 2 2 2 1 0 2 0 0 0 2 0 2 2 1 1 2 0 2 0 1 1 1 2 1 1 0 0 2 2 0 2 1 1 0 2 1 0 1 0 1 1 1 1 2 2 0 2 0 1 1 2 1 1 2 0 1 1 1 2 2 1 1 2 2 1 0 1 2 0 2 2 2 2 1 0 2 1 2 2 2 1 2 2 2 2 2 2 1 0 0 0 0 0 2 1 0 0 0 0 0 2 2 2 1 0 2 0 0 0 2 0 2 2 1 1 2 0 2 0 1 1 1 2 1 1 0 0 2 2 0 2 1 1 0 2 1 0 1 0 1 1 1 1 2 2 0 2 0 1 1 2 1 1 2 0 1 1 1 2 2 1 1 2 2 1 0 1 2 0 2 2 2 2 1 0 2
1.49719617971632 -0.203232494948977 0.443740150529111 1.02105969294968 -0.831459312679775 -1 0 2 2 1 2 2 2 1 2 0 2 1 1 1 0 0 0 2 2 0 0 0 0 0 2 0 1 0 0 2 1 1 0 2 1 2 2 0 2 2 1 2 1 0 0 1 2 1 0 1 0 2 2 1 1 2 2 0 2 0 0 0 0 0 1 2 0 1 2 0 1 1 0 0 1 0 2 2 1 0 1 1 2 1 2 2 1 1 2 0 2 2 0 1 0 2 1 1 0 1 0 -2 -2 -1 -2 -2 -2 -1 -2 0 -2 -1 -1 -1 0 0 0 -2 -2 0 0 0 0 0 -2 0 -1 0 0 -2 -1 -1 0 -2 -1 -2 -2 0 -2 -2 -1 -2 -1 0 0 -1 -2 -1 0 -1 0 -2 -2 -1 -1 -2 -2 0 -2 0 0 0 0 0 -1 -2 0 -1 -2 0 -1 -1 0 0 -1 0 -2 -2 -1 0 -1 -1 -2 -1 -2 -2 -1 -1 -2 0 -2 -2 0 -1 0 -2 -1 -1 0 -1
