-0.83223582779289 0.0548791019006849 -0.751033653215682 -0.867002265501432 1.12311447114872 1 2 1 1 1 1 2 2 1 1 0 2 0 0 2 0 1 1 1 2 2 0 0 2 1 0 0 2 1 1 1 0 0 2 1 0 1 2 1 0 0 0 1 1 0 0 0 1 1 1 1 2 2 1 0 0 0 0 1 0 0 0 2 2 2 1 0 0 2 1 2 2 2 1 2 1 1 0 2 0 0 1 2 1 1 1 2 1 0 1 1 2 1 2 0 1 0 0 1 1 2 2 1 1 1 1 2 2 1 1 0 2 0 0 2 0 1 1 1 2 2 0 0 2 1 0 0 2 1 1 1 0 0 2 1 0 1 2 1 0 0 0 1 1 0 0 0 1 1 1 1 2 2 1 0 0 0 0 1 0 0 0 2 2 2 1 0 0 2 1 2 2 2 1 2 1 1 0 2 0 0 1 2 1 1 1 2 1 0 1 1 2 1 2 0 1 0 0 1 1 2
-1.02095787673409 -1.09708356802961 -0.0340805825430183 -0.414341748476605 -0.40299634907931 -1 2 1 1 1 1 2 0 0 0 0 2 0 1 2 1 1 2 2 0 2 0 0 2 1 2 0 1 1 0 0 0 1 2 0 0 0 2 2 0 0 0 1 2 1 1 0 0 0 0 0 1 0 0 0 0 0 0 1 0 0 1 2 1 2 1 0 0 2 1 2 1 0 0 2 1 2 2 1 0 2 2 2 1 2 1 2 1 0 0 2 0 1 2 0 2 1 2 1 2 2 -2 -1 -1 -1 -1 -2 0 0 0 0 -2 0 -1 -2 -1 -1 -2 -2 0 -2 0 0 -2 -1 -2 0 -1 -1 0 0 0 -1 -2 0 0 0 -2 -2 0 0 0 -1 -2 -1 -1 0 0 0 0 0 -1 0 0 0 0 0 0 -1 0 0 -1 -2 -1 -2 -1 0 0 -2 -1 -2 -1 0 0 -2 -1 -2 -2 -1 0 -2 -2 -2 -1 -2 -1 -2 -1 0 0 -2 0 -1 -2 0 -2 -1 -2 -1 -2 -2
1.18150346977033 -0.88299296837434 -1.36619716128701 0.143165694662522 0.580006062859503 1 2 1 2 2 2 2 2 2 0 0 2 0 1 2 1 1 2 2 2 2 0 1 2 0 1 0 1 0 1 2 1 1 2 0 1 1 2 2 1 1 1 2 2 2 1 1 1 1 1 1 1 1 1 0 1 0 2 2 0 0 0 2 1 2 0 1 0 2 1 2 2 1 1 2 0 2 0 0 0 2 2 2 1 2 2 2 1 0 0 2 2 1 2 1 1 0 1 0 1 2 2 1 2 2 2 2 2 2 0 0 2 0 1 2 1 1 2 2 2 2 0 1 2 0 1 0 1 0 1 2 1 1 2 0 1 1 2 2 1 1 1 2 2 2 1 1 1 1 1 1 1 1 1 0 1 0 2 2 0 0 0 2 1 2 0 1 0 2 1 2 2 1 1 2 0 2 0 0 0 2 2 2 1 2 2 2 1 0 0 2 2 1 2 1 1 0 1 0 1 2
1.70808649290299 -0.505389512826812 0.956482720230375 -0.258105940078244 -1.03269530527431 1 2 0 1 2 2 2 2 0 0 1 2 1 1 2 0 1 0 2 2 2 2 1 2 1 2 0 2 1 1 2 1 1 2 0 0 0 2 2 0 1 0 1 2 1 2 1 0 2 1 1 1 1 1 0 1 0 0 2 0 0 0 2 1 2 0 0 0 2 1 1 2 1 2 2 0 2 1 1 1 2 2 2 2 2 1 2 2 0 1 1 2 1 2 0 2 1 1 1 2 2 2 0 1 2 2 2 2 0 0 1 2 1 1 2 0 1 0 2 2 2 2 1 2 1 2 0 2 1 1 2 1 1 2 0 0 0 2 2 0 1 0 1 2 1 2 1 0 2 1 1 1 1 1 0 1 0 0 2 0 0 0 2 1 2 0 0 0 2 1 1 2 1 2 2 0 2 1 1 1 2 2 2 2 2 1 2 2 0 1 1 2 1 2 0 2 1 1 1 2 2
-1.31590375452096 1.42570321145115 0.081968363084343 -1.25589842389176 0.510733990874017 1 2 1 1 1 2 2 1 0 0 0 2 0 0 2 0 0 0 0 1 2 1 0 2 1 2 1 2 1 0 0 0 1 2 1 0 0 2 2 1 1 0 0 1 1 0 0 0 0 0 0 0 2 1 0 1 0 0 1 0 0 1 2 1 1 1 0 0 2 0 0 1 0 1 2 0 1 1 1 0 2 2 2 0 1 0 2 0 0 1 2 2 1 2 1 2 0 0 1 2 2 2 1 1 1 2 2 1 0 0 0 2 0 0 2 0 0 0 0 1 2 1 0 2 1 2 1 2 1 0 0 0 1 2 1 0 0 2 2 1 1 0 0 1 1 0 0 0 0 0 0 0 2 1 0 1 0 0 1 0 0 1 2 1 1 1 0 0 2 0 0 1 0 1 2 0 1 1 1 0 2 2 2 0 1 0 2 0 0 1 2 2 1 2 1 2 0 0 1 2 2
-0.277840915070596 -1.74282224667931 1.95183765565331 -0.274741595606571 -1.04663676621248 -1 2 2 1 2 2 2 1 0 0 1 2 0 0 2 0 1 1 0 0 1 0 0 2 0 2 0 1 1 2 2 2 1 2 0 0 0 2 1 0 1 0 2 2 0 2 1 1 1 2 0 1 2 0 0 0 0 0 2 0 1 1 2 1 2 1 0 0 1 1 0 2 1 0 2 0 2 2 1 0 2 2 2 1 2 2 2 1 0 0 1 2 1 2 0 1 1 1 2 2 2 -2 -2 -1 -2 -2 -2 -1 0 0 -1 -2 0 0 -2 0 -1 -1 0 0 -1 0 0 -2 0 -2 0 -1 -1 -2 -2 -2 -1 -2 0 0 0 -2 -1 0 -1 0 -2 -2 0 -2 -1 -1 -1 -2 0 -1 -2 0 0 0 0 0 -2 0 -1 -1 -2 -1 -2 -1 0 0 -1 -1 0 -2 -1 0 -2 0 -2 -2 -1 0 -2 -2 -2 -1 -2 -2 -2 -1 0 0 -1 -2 -1 -2 0 -1 -1 -1 -2 -2 -2
-0.710171808153285 -0.518662342510917 -0.80292953807674 -1.94575115496503 2.06500058849539 1 2 0 0 1 1 1 1 0 1 1 2 0 1 2 0 0 2 2 1 2 1 0 2 1 2 0 1 0 2 2 0 1 2 0 0 0 2 2 0 0 0 2 2 2 1 1 1 2 2 2 2 2 0 0 0 0 1 0 0 0 1 2 0 1 0 0 0 1 0 0 1 0 0 2 0 2 0 1 0 0 2 2 1 2 2 2 1 0 0 2 2 0 2 0 1 0 1 1 2 2 2 0 0 1 1 1 1 0 1 1 2 0 1 2 0 0 2 2 1 2 1 0 2 1 2 0 1 0 2 2 0 1 2 0 0 0 2 2 0 0 0 2 2 2 1 1 1 2 2 2 2 2 0 0 0 0 1 0 0 0 1 2 0 1 0 0 0 1 0 0 1 0 0 2 0 2 0 1 0 0 2 2 1 2 2 2 1 0 0 2 2 0 2 0 1 0 1 1 2 2
-0.778212389557043 0.319232080273126 -1.68101159808731 -2.73722766451516 -1.358626180787 -1 2 0 0 1 1 2 0 1 0 0 2 0 0 2 0 1 2 2 2 2 2 0 2 1 2 0 2 1 2 2 0 0 2 0 0 0 1 2 0 1 2 2 2 2 0 0 1 1 1 1 1 2 1 1 0 0 0 2 0 0 1 2 2 2 2 1 0 2 0 0 1 0 0 2 1 2 1 1 0 1 2 2 1 1 1 2 1 0 1 1 1 1 2 0 1 0 1 1 2 2 -2 0 0 -1 -1 -2 0 -1 0 0 -2 0 0 -2 0 -1 -2 -2 -2 -2 -2 0 -2 -1 -2 0 -2 -1 -2 -2 0 0 -2 0 0 0 -1 -2 0 -1 -2 -2 -2 -2 0 0 -1 -1 -1 -1 -1 -2 -1 -1 0 0 0 -2 0 0 -1 -2 -2 -2 -2 -1 0 -2 0 0 -1 0 0 -2 -1 -2 -1 -1 0 -1 -2 -2 -1 -1 -1 -2 -1 0 -1 -1 -1 -1 -2 0 -1 0 -1 -1 -2 -2
0.354827992392946 -0.931754979155799 0.0206601988919516 0.435160185216452 -0.959580353839426 1 2 0 1 2 2 2 2 2 0 0 2 0 1 2 0 1 0 0 1 1 0 0 2 1 2 1 2 2 1 1 1 1 2 1 0 2 2 2 1 2 1 2 2 2 2 1 1 1 1 1 1 2 0 0 1 0 1 1 0 0 0 2 0 1 0 0 0 2 0 0 1 0 0 2 0 1 1 1 0 0 2 2 1 2 2 2 1 0 0 2 2 1 2 0 2 2 2 1 2 2 2 0 1 2 2 2 2 2 0 0 2 0 1 2 0 1 0 0 1 1 0 0 2 1 2 1 2 2 1 1 1 1 2 1 0 2 2 2 1 2 1 2 2 2 2 1 1 1 1 1 1 2 0 0 1 0 1 1 0 0 0 2 0 1 0 0 0 2 0 0 1 0 0 2 0 1 1 1 0 0 2 2 1 2 2 2 1 0 0 2 2 1 2 0 2 2 2 1 2 2
1.6832760747784 -1.08298862672355 0.488273860918031 -0.114190706309625 -1.17361168832117 1 2 0 2 2 2 2 1 2 0 0 2 0 0 2 0 0 1 1 0 1 1 1 2 1 2 1 2 1 2 2 0 0 2 0 0 0 2 1 0 0 1 1 1 0 1 0 0 1 1 0 2 1 1 0 0 0 1 2 0 0 0 2 2 2 1 0 0 2 1 2 2 0 0 2 1 2 1 1 0 2 2 2 1 2 1 2 2 0 0 2 2 1 1 1 1 0 0 0 1 2 2 0 2 2 2 2 1 2 0 0 2 0 0 2 0 0 1 1 0 1 1 1 2 1 2 1 2 1 2 2 0 0 2 0 0 0 2 1 0 0 1 1 1 0 1 0 0 1 1 0 2 1 1 0 0 0 1 2 0 0 0 2 2 2 1 0 0 2 1 2 2 0 0 2 1 2 1 1 0 2 2 2 1 2 1 2 2 0 0 2 2 1 1 1 1 0 0 0 1 2
-1.41369109746912 -2.26329654480946 1.84082681197011 -0.381734898465021 -0.387041307979071 -1 2 1 1 2 2 2 2 1 0 0 2 0 0 2 0 0 1 2 1 2 2 1 2 2 2 1 2 2 0 1 0 0 2 0 0 0 1 1 0 0 0 0 2 1 1 0 1 1 2 1 2 2 1 0 1 0 1 2 0 1 2 2 1 2 0 0 0 2 0 2 2 1 0 2 2 2 2 0 0 1 2 2 2 2 1 2 1 0 0 0 1 0 2 1 1 0 2 1 1 2 -2 -1 -1 -2 -2 -2 -2 -1 0 0 -2 0 0 -2 0 0 -1 -2 -1 -2 -2 -1 -2 -2 -2 -1 -2 -2 0 -1 0 0 -2 0 0 0 -1 -1 0 0 0 0 -2 -1 -1 0 -1 -1 -2 -1 -2 -2 -1 0 -1 0 -1 -2 0 -1 -2 -2 -1 -2 0 0 0 -2 0 -2 -2 -1 0 -2 -2 -2 -2 0 0 -1 -2 -2 -2 -2 -1 -2 -1 0 0 0 -1 0 -2 -1 -1 0 -2 -1 -1 -2
-0.224420921661345 0.632926028958896 0.650659371046534 -1.96393562645328 -1.47659493744874 1 2 2 1 1 2 2 1 1 0 0 1 0 0 2 1 1 1 2 1 2 1 0 2 1 2 1 2 1 0 1 1 1 2 0 0 0 2 2 1 1 1 1 2 1 0 0 0 1 1 1 2 2 1 1 2 0 0 1 0 0 2 2 2 2 0 0 0 2 1 1 2 0 0 2 0 2 1 1 0 1 2 2 1 2 1 2 1 0 2 1 2 1 2 0 1 1 2 1 2 2 2 2 1 1 2 2 1 1 0 0 1 0 0 2 1 1 1 2 1 2 1 0 2 1 2 1 2 1 0 1 1 1 2 0 0 0 2 2 1 1 1 1 2 1 0 0 0 1 1 1 2 2 1 1 2 0 0 1 0 0 2 2 2 2 0 0 0 2 1 1 2 0 0 2 0 2 1 1 0 1 2 2 1 2 1 2 1 0 2 1 2 1 2 0 1 1 2 1 2 2
1.94342246431566 1.04949655151395 0.94660936209254 -0.164839688198743 -1.21049195342905 -1 2 1 2 1 1 2 0 1 0 1 2 1 0 2 0 2 2 1 1 1 1 0 2 0 2 1 2 0 1 0 0 1 2 0 0 1 2 2 0 1 1 1 2 0 2 2 1 0 1 1 1 1 0 0 0 0 0 1 0 0 0 2 0 1 0 0 0 1 1 2 2 0 0 2 0 2 1 1 0 2 2 1 0 1 2 2 1 0 0 1 2 0 2 0 2 0 0 1 2 2 -2 -1 -2 -1 -1 -2 0 -1 0 -1 -2 -1 0 -2 0 -2 -2 -1 -1 -1 -1 0 -2 0 -2 -1 -2 0 -1 0 0 -1 -2 0 0 -1 -2 -2 0 -1 -1 -1 -2 0 -2 -2 -1 0 -1 -1 -1 -1 0 0 0 0 0 -1 0 0 0 -2 0 -1 0 0 0 -1 -1 -2 -2 0 0 -2 0 -2 -1 -1 0 -2 -2 -1 0 -1 -2 -2 -1 0 0 -1 -2 0 -2 0 -2 0 0 -1 -2 -2
0.549440083945884 1.03972038114108 0.689651803613877 -1.94989814713203 1.87799263876912 -1 2 0 2 2 2 1 1 0 0 0 2 0 0 2 0 0 2 2 1 2 1 0 2 1 2 1 2 1 2 2 1 2 2 2 0 1 2 2 0 0 0 1 2 1 1 0 2 2 2 2 2 2 2 0 0 0 1 2 0 0 1 2 1 2 0 0 0 2 1 2 2 1 0 2 1 2 0 0 0 0 2 1 0 1 1 2 2 0 1 1 1 0 2 0 2 1 1 1 1 2 -2 0 -2 -2 -2 -1 -1 0 0 0 -2 0 0 -2 0 0 -2 -2 -1 -2 -1 0 -2 -1 -2 -1 -2 -1 -2 -2 -1 -2 -2 -2 0 -1 -2 -2 0 0 0 -1 -2 -1 -1 0 -2 -2 -2 -2 -2 -2 -2 0 0 0 -1 -2 0 0 -1 -2 -1 -2 0 0 0 -2 -1 -2 -2 -1 0 -2 -1 -2 0 0 0 0 -2 -1 0 -1 -1 -2 -2 0 -1 -1 -1 0 -2 0 -2 -1 -1 -1 -1 -2
-0.0674037290380268 0.601825244366178 1.88012832572431 -0.886494040426953 1.55145651188051 -1 2 0 1 1 2 2 2 2 0 0 2 0 0 2 0 0 0 0 0 2 1 1 2 0 2 0 2 0 2 2 0 1 2 0 0 0 2 2 0 1 1 2 2 1 0 0 0 0 0 0 1 0 0 0 0 0 1 2 0 0 0 2 0 2 0 0 0 1 2 1 1 0 0 2 0 2 2 1 0 0 2 2 0 1 0 2 1 0 1 1 2 1 2 0 2 1 1 1 2 2 -2 0 -1 -1 -2 -2 -2 -2 0 0 -2 0 0 -2 0 0 0 0 0 -2 -1 -1 -2 0 -2 0 -2 0 -2 -2 0 -1 -2 0 0 0 -2 -2 0 -1 -1 -2 -2 -1 0 0 0 0 0 0 -1 0 0 0 0 0 -1 -2 0 0 0 -2 0 -2 0 0 0 -1 -2 -1 -1 0 0 -2 0 -2 -2 -1 0 0 -2 -2 0 -1 0 -2 -1 0 -1 -1 -2 -1 -2 0 -2 -1 -1 -1 -2 -2
-0.683203830122272 -1.62959634407992 -0.511246901855864 0.53133615265254 -0.199669431134034 1 2 0 0 1 2 2 2 2 0 0 2 0 0 1 1 0 2 1 1 1 0 1 2 0 2 0 1 0 2 2 1 1 2 1 0 2 2 2 0 1 1 2 2 2 0 0 0 0 0 0 0 1 2 1 1 0 0 2 0 0 0 2 1 2 1 0 0 2 0 0 2 0 0 2 0 1 0 1 0 1 2 2 1 2 2 2 1 0 1 1 1 0 2 0 0 0 1 1 2 2 2 0 0 1 2 2 2 2 0 0 2 0 0 1 1 0 2 1 1 1 0 1 2 0 2 0 1 0 2 2 1 1 2 1 0 2 2 2 0 1 1 2 2 2 0 0 0 0 0 0 0 1 2 1 1 0 0 2 0 0 0 2 1 2 1 0 0 2 0 0 2 0 0 2 0 1 0 1 0 1 2 2 1 2 2 2 1 0 1 1 1 0 2 0 0 0 1 1 2 2
1.76149635830388 -1.39688132510991 0.721735234506181 2.28826731477512 -1.11579826824863 1 2 1 2 2 2 2 2 1 0 0 2 0 0 2 1 1 1 0 2 1 0 0 2 1 2 1 1 2 2 2 1 2 2 1 0 0 2 2 0 0 0 2 2 1 0 0 0 1 0 0 2 2 2 0 2 0 0 0 0 0 1 2 2 2 1 0 0 2 0 0 1 0 0 2 1 2 1 2 0 1 2 2 2 2 0 2 2 0 0 1 2 2 2 1 2 2 2 1 2 2 2 1 2 2 2 2 2 1 0 0 2 0 0 2 1 1 1 0 2 1 0 0 2 1 2 1 1 2 2 2 1 2 2 1 0 0 2 2 0 0 0 2 2 1 0 0 0 1 0 0 2 2 2 0 2 0 0 0 0 0 1 2 2 2 1 0 0 2 0 0 1 0 0 2 1 2 1 2 0 1 2 2 2 2 0 2 2 0 0 1 2 2 2 1 2 2 2 1 2 2
-0.0745428462717911 -0.190761419966573 0.375538232189448 -1.23185788096952 -0.290750222321512 -1 2 1 1 2 2 2 1 1 0 0 2 0 0 2 0 1 1 0 1 2 1 1 2 0 2 0 1 0 2 2 1 0 2 1 0 0 2 2 0 0 0 2 2 1 1 0 0 1 1 0 2 1 1 0 2 0 0 2 1 0 2 2 2 2 0 0 0 2 0 0 1 0 0 2 0 0 1 2 0 0 1 1 1 2 2 2 1 0 0 2 2 1 2 0 2 2 1 2 2 2 -2 -1 -1 -2 -2 -2 -1 -1 0 0 -2 0 0 -2 0 -1 -1 0 -1 -2 -1 -1 -2 0 -2 0 -1 0 -2 -2 -1 0 -2 -1 0 0 -2 -2 0 0 0 -2 -2 -1 -1 0 0 -1 -1 0 -2 -1 -1 0 -2 0 0 -2 -1 0 -2 -2 -2 -2 0 0 0 -2 0 0 -1 0 0 -2 0 0 -1 -2 0 0 -1 -1 -1 -2 -2 -2 -1 0 0 -2 -2 -1 -2 0 -2 -2 -1 -2 -2 -2
-2.36900199080298 0.732339157628741 1.66061848033174 0.818972909114242 -0.273582911020028 -1 2 1 0 0 0 2 1 0 0 0 2 0 1 2 0 0 1 0 1 1 1 1 2 2 2 2 2 1 2 2 0 1 2 1 0 1 1 2 1 1 1 2 2 2 0 1 0 0 1 0 1 0 0 0 0 0 2 1 0 0 0 2 2 2 1 1 1 2 1 1 1 0 0 2 0 1 1 0 0 0 2 2 1 1 2 2 0 0 0 2 2 0 2 0 2 1 1 1 2 2 -2 -1 0 0 0 -2 -1 0 0 0 -2 0 -1 -2 0 0 -1 0 -1 -1 -1 -1 -2 -2 -2 -2 -2 -1 -2 -2 0 -1 -2 -1 0 -1 -1 -2 -1 -1 -1 -2 -2 -2 0 -1 0 0 -1 0 -1 0 0 0 0 0 -2 -1 0 0 0 -2 -2 -2 -1 -1 -1 -2 -1 -1 -1 0 0 -2 0 -1 -1 0 0 0 -2 -2 -1 -1 -2 -2 0 0 0 -2 -2 0 -2 0 -2 -1 -1 -1 -2 -2
-0.426902123754382 -0.485528364756949 1.12466165907371 0.0724003869272115 -0.303036996769695 1 2 1 2 2 2 2 1 1 0 0 2 0 0 1 0 1 1 2 1 2 2 1 2 2 2 0 2 1 2 2 2 2 2 1 0 1 2 1 0 1 1 1 2 2 2 0 0 0 1 2 1 1 1 0 1 0 0 2 0 0 2 2 2 2 1 0 1 2 2 0 2 0 0 2 0 2 0 1 1 2 2 2 1 2 1 2 1 0 0 2 2 1 2 0 2 1 0 1 2 2 2 1 2 2 2 2 1 1 0 0 2 0 0 1 0 1 1 2 1 2 2 1 2 2 2 0 2 1 2 2 2 2 2 1 0 1 2 1 0 1 1 1 2 2 2 0 0 0 1 2 1 1 1 0 1 0 0 2 0 0 2 2 2 2 1 0 1 2 2 0 2 0 0 2 0 2 0 1 1 2 2 2 1 2 1 2 1 0 0 2 2 1 2 0 2 1 0 1 2 2
-1.27114967814706 0.118552209958661 -2.6851085150003 -1.06966292658952 1.40335129115291 1 2 1 1 0 1 2 1 0 0 0 2 0 0 1 0 1 1 1 0 0 0 0 2 0 2 1 2 2 2 2 0 0 2 0 0 0 2 1 0 1 1 2 2 1 0 0 0 0 0 0 0 2 1 0 0 0 1 2 0 0 1 2 1 1 2 0 0 2 1 2 2 0 0 2 1 2 2 1 0 2 2 1 1 1 1 2 2 1 0 1 1 1 2 1 2 1 0 1 2 2 2 1 1 0 1 2 1 0 0 0 2 0 0 1 0 1 1 1 0 0 0 0 2 0 2 1 2 2 2 2 0 0 2 0 0 0 2 1 0 1 1 2 2 1 0 0 0 0 0 0 0 2 1 0 0 0 1 2 0 0 1 2 1 1 2 0 0 2 1 2 2 0 0 2 1 2 2 1 0 2 2 1 1 1 1 2 2 1 0 1 1 1 2 1 2 1 0 1 2 2
-0.340778734985767 0.514260459081942 -1.22043969548599 -0.00560858785555965 -1.18490982486633 1 2 0 0 1 2 2 1 0 0 1 2 1 1 2 1 0 2 1 1 2 1 0 2 1 2 1 2 1 1 2 1 2 2 0 1 1 2 1 0 0 0 2 1 0 2 1 0 0 0 0 2 2 0 0 2 1 1 2 0 0 2 2 2 2 0 0 1 2 1 1 2 0 0 2 0 0 0 0 0 2 2 2 1 2 1 1 1 0 0 0 0 1 2 0 2 0 0 0 2 2 2 0 0 1 2 2 1 0 0 1 2 1 1 2 1 0 2 1 1 2 1 0 2 1 2 1 2 1 1 2 1 2 2 0 1 1 2 1 0 0 0 2 1 0 2 1 0 0 0 0 2 2 0 0 2 1 1 2 0 0 2 2 2 2 0 0 1 2 1 1 2 0 0 2 0 0 0 0 0 2 2 2 1 2 1 1 1 0 0 0 0 1 2 0 2 0 0 0 2 2
-1.71818231402018 1.42222476022554 -0.641285929831267 -0.427719920883753 -0.402650455740969 -1 2 1 1 2 2 2 2 1 0 0 1 0 1 2 0 0 1 2 2 1 1 0 2 0 2 0 2 1 2 2 1 1 2 1 0 0 2 0 0 1 0 1 2 1 0 0 0 0 1 1 1 1 1 0 2 0 1 0 0 0 0 2 1 2 0 0 0 2 0 1 1 0 0 2 0 1 0 0 0 2 2 2 2 2 2 2 2 0 1 1 1 0 1 0 0 0 0 0 1 2 -2 -1 -1 -2 -2 -2 -2 -1 0 0 -1 0 -1 -2 0 0 -1 -2 -2 -1 -1 0 -2 0 -2 0 -2 -1 -2 -2 -1 -1 -2 -1 0 0 -2 0 0 -1 0 -1 -2 -1 0 0 0 0 -1 -1 -1 -1 -1 0 -2 0 -1 0 0 0 0 -2 -1 -2 0 0 0 -2 0 -1 -1 0 0 -2 0 -1 0 0 0 -2 -2 -2 -2 -2 -2 -2 -2 0 -1 -1 -1 0 -1 0 0 0 0 0 -1 -2
0.188902138671436 0.725449864317152 1.2253447338412 -2.1699040302519 2.01360225196768 1 2 1 0 1 1 2 0 1 0 0 2 0 1 2 0 1 1 1 1 2 0 0 2 1 2 0 2 0 2 1 1 1 2 0 0 0 2 0 0 0 0 1 1 1 1 0 0 1 2 0 0 2 1 0 1 0 0 0 0 0 0 2 2 2 1 0 1 2 2 2 2 1 1 2 1 2 2 2 0 2 2 2 2 1 1 2 1 0 0 1 2 1 2 0 2 1 1 0 1 2 2 1 0 1 1 2 0 1 0 0 2 0 1 2 0 1 1 1 1 2 0 0 2 1 2 0 2 0 2 1 1 1 2 0 0 0 2 0 0 0 0 1 1 1 1 0 0 1 2 0 0 2 1 0 1 0 0 0 0 0 0 2 2 2 1 0 1 2 2 2 2 1 1 2 1 2 2 2 0 2 2 2 2 1 1 2 1 0 0 1 2 1 2 0 2 1 1 0 1 2
-0.790930876807167 0.0226319737516424 0.679176923698353 -0.0814656693157528 -0.210474436137932 1 2 0 0 0 1 2 2 1 0 0 2 0 0 2 0 0 1 1 0 2 1 0 2 1 2 0 2 1 1 1 1 2 2 0 0 0 2 2 1 1 1 2 1 0 0 0 0 0 1 1 2 2 1 0 1 0 1 0 0 0 1 2 1 2 0 1 1 2 1 1 2 0 0 2 1 2 2 1 0 1 2 1 1 2 2 2 2 0 0 2 2 1 2 0 2 1 0 0 2 2 2 0 0 0 1 2 2 1 0 0 2 0 0 2 0 0 1 1 0 2 1 0 2 1 2 0 2 1 1 1 1 2 2 0 0 0 2 2 1 1 1 2 1 0 0 0 0 0 1 1 2 2 1 0 1 0 1 0 0 0 1 2 1 2 0 1 1 2 1 1 2 0 0 2 1 2 2 1 0 1 2 1 1 2 2 2 2 0 0 2 2 1 2 0 2 1 0 0 2 2
-0.358411253844369 -1.37861659482629 1.19496335114348 -1.40801446147069 -0.491087704930474 -1 2 1 0 0 1 2 2 2 0 0 2 0 0 1 0 0 1 1 0 1 1 1 2 1 2 2 2 2 2 2 2 2 2 1 0 1 2 2 0 2 1 1 1 1 2 0 0 2 2 0 2 2 2 0 1 0 2 2 0 1 2 2 2 2 1 1 0 2 0 1 2 0 0 2 0 1 0 0 0 2 2 2 1 2 1 2 1 0 0 2 2 0 2 0 2 1 2 0 0 2 -2 -1 0 0 -1 -2 -2 -2 0 0 -2 0 0 -1 0 0 -1 -1 0 -1 -1 -1 -2 -1 -2 -2 -2 -2 -2 -2 -2 -2 -2 -1 0 -1 -2 -2 0 -2 -1 -1 -1 -1 -2 0 0 -2 -2 0 -2 -2 -2 0 -1 0 -2 -2 0 -1 -2 -2 -2 -2 -1 -1 0 -2 0 -1 -2 0 0 -2 0 -1 0 0 0 -2 -2 -2 -1 -2 -1 -2 -1 0 0 -2 -2 0 -2 0 -2 -1 -2 0 0 -2
0.412727310355117 -0.133307556692218 0.734584266781889 1.89870872622064 0.327774403737729 1 2 1 2 2 2 2 2 1 0 0 2 0 0 2 0 1 2 2 1 1 1 0 2 2 2 1 2 1 1 1 0 0 2 0 0 0 2 2 0 0 0 1 2 1 0 0 1 0 2 2 1 1 0 0 0 0 0 2 0 0 0 2 1 2 0 0 0 2 2 0 1 0 0 2 1 2 2 2 0 0 2 1 0 1 0 2 1 0 1 2 2 1 2 0 1 0 1 1 2 2 2 1 2 2 2 2 2 1 0 0 2 0 0 2 0 1 2 2 1 1 1 0 2 2 2 1 2 1 1 1 0 0 2 0 0 0 2 2 0 0 0 1 2 1 0 0 1 0 2 2 1 1 0 0 0 0 0 2 0 0 0 2 1 2 0 0 0 2 2 0 1 0 0 2 1 2 2 2 0 0 2 1 0 1 0 2 1 0 1 2 2 1 2 0 1 0 1 1 2 2
1.24066282668633 1.53569047814484 0.504028030784019 -0.611761333316517 0.484971297228612 -1 2 1 2 2 2 2 2 1 0 0 2 0 0 2 0 0 2 1 1 2 2 0 2 1 2 1 2 0 2 1 0 0 2 0 0 0 2 2 0 0 1 1 1 1 1 0 1 2 2 2 2 2 1 0 0 0 0 2 0 0 2 2 1 2 1 1 0 2 0 0 1 0 0 2 0 1 1 2 0 2 1 1 1 1 0 2 2 0 0 1 2 0 1 0 1 0 0 0 2 2 -2 -1 -2 -2 -2 -2 -2 -1 0 0 -2 0 0 -2 0 0 -2 -1 -1 -2 -2 0 -2 -1 -2 -1 -2 0 -2 -1 0 0 -2 0 0 0 -2 -2 0 0 -1 -1 -1 -1 -1 0 -1 -2 -2 -2 -2 -2 -1 0 0 0 0 -2 0 0 -2 -2 -1 -2 -1 -1 0 -2 0 0 -1 0 0 -2 0 -1 -1 -2 0 -2 -1 -1 -1 -1 0 -2 -2 0 0 -1 -2 0 -1 0 -1 0 0 0 -2 -2
-0.180543499427795 -0.0545948982461136 0.47048133617984 0.956765626466439 -1.31949505647061 -1 2 0 1 2 2 2 2 1 0 0 2 0 0 2 0 0 1 1 1 2 1 0 2 1 2 1 2 1 2 2 1 0 2 0 0 0 2 1 0 0 2 1 2 0 1 0 0 0 1 1 2 0 1 0 0 0 0 1 0 0 0 2 0 2 1 0 0 2 0 0 1 0 0 2 1 2 1 2 0 2 2 2 2 2 0 2 1 0 0 0 2 2 2 0 2 2 2 2 2 2 -2 0 -1 -2 -2 -2 -2 -1 0 0 -2 0 0 -2 0 0 -1 -1 -1 -2 -1 0 -2 -1 -2 -1 -2 -1 -2 -2 -1 0 -2 0 0 0 -2 -1 0 0 -2 -1 -2 0 -1 0 0 0 -1 -1 -2 0 -1 0 0 0 0 -1 0 0 0 -2 0 -2 -1 0 0 -2 0 0 -1 0 0 -2 -1 -2 -1 -2 0 -2 -2 -2 -2 -2 0 -2 -1 0 0 0 -2 -2 -2 0 -2 -2 -2 -2 -2 -2
-0.201701623835227 -0.700970981215129 -0.0894582044279374 -0.0585960014980336 1.08868175306016 -1 2 1 1 1 2 2 0 1 0 0 2 0 1 2 1 1 1 2 2 2 1 0 2 1 2 1 2 1 1 2 0 1 2 0 0 1 2 2 0 1 0 1 1 1 1 1 1 2 1 0 1 1 1 1 2 1 2 2 0 0 0 2 1 2 1 0 0 2 1 2 2 0 0 2 0 1 0 1 0 1 2 2 2 2 1 2 2 0 0 0 2 1 2 1 2 2 2 2 2 2 -2 -1 -1 -1 -2 -2 0 -1 0 0 -2 0 -1 -2 -1 -1 -1 -2 -2 -2 -1 0 -2 -1 -2 -1 -2 -1 -1 -2 0 -1 -2 0 0 -1 -2 -2 0 -1 0 -1 -1 -1 -1 -1 -1 -2 -1 0 -1 -1 -1 -1 -2 -1 -2 -2 0 0 0 -2 -1 -2 -1 0 0 -2 -1 -2 -2 0 0 -2 0 -1 0 -1 0 -1 -2 -2 -2 -2 -1 -2 -2 0 0 0 -2 -1 -2 -1 -2 -2 -2 -2 -2 -2
-0.715984103652547 0.368712422541503 -1.25194813989774 -0.549146760703596 0.174374803540899 1 2 2 2 1 2 2 0 0 0 0 2 0 0 2 0 0 1 0 1 2 0 1 2 1 2 1 2 0 2 2 0 0 2 1 1 1 2 2 0 0 0 2 2 0 0 0 0 1 1 0 1 2 1 1 1 0 1 1 0 0 1 2 1 2 2 1 0 2 1 1 2 0 0 2 0 2 2 0 0 2 2 2 0 0 1 2 2 0 0 2 2 1 2 0 0 0 0 0 0 2 2 2 2 1 2 2 0 0 0 0 2 0 0 2 0 0 1 0 1 2 0 1 2 1 2 1 2 0 2 2 0 0 2 1 1 1 2 2 0 0 0 2 2 0 0 0 0 1 1 0 1 2 1 1 1 0 1 1 0 0 1 2 1 2 2 1 0 2 1 1 2 0 0 2 0 2 2 0 0 2 2 2 0 0 1 2 2 0 0 2 2 1 2 0 0 0 0 0 0 2
1.49824340300804 -0.537063722312245 -0.147204280594185 0.301982537121101 2.87473380854402 1 2 0 1 1 1 2 2 1 0 0 2 0 0 2 2 2 2 0 0 1 1 0 2 0 0 0 1 1 0 0 0 2 2 1 0 0 2 1 0 2 1 1 2 1 0 0 0 1 0 0 0 0 0 0 1 0 1 0 0 1 2 2 1 1 0 1 0 2 1 1 1 0 0 2 0 2 0 1 0 1 2 1 1 1 0 1 1 0 0 2 1 2 2 1 2 2 1 2 1 2 2 0 1 1 1 2 2 1 0 0 2 0 0 2 2 2 2 0 0 1 1 0 2 0 0 0 1 1 0 0 0 2 2 1 0 0 2 1 0 2 1 1 2 1 0 0 0 1 0 0 0 0 0 0 1 0 1 0 0 1 2 2 1 1 0 1 0 2 1 1 1 0 0 2 0 2 0 1 0 1 2 1 1 1 0 1 1 0 0 2 1 2 2 1 2 2 1 2 1 2
1.1215679382452 -0.530378449220435 -0.291201532023831 2.84307343751858 -0.0943531654417394 -1 2 1 0 1 2 2 1 0 0 0 2 0 0 2 0 0 1 0 1 2 1 0 2 1 2 0 2 1 0 2 1 1 2 0 0 1 2 1 0 1 1 2 2 1 1 0 0 1 1 1 1 2 1 0 1 0 1 1 0 0 0 2 1 2 1 0 1 2 1 0 2 0 0 2 1 2 1 1 0 1 2 2 0 0 0 2 1 0 1 1 2 2 2 1 1 0 0 1 1 2 -2 -1 0 -1 -2 -2 -1 0 0 0 -2 0 0 -2 0 0 -1 0 -1 -2 -1 0 -2 -1 -2 0 -2 -1 0 -2 -1 -1 -2 0 0 -1 -2 -1 0 -1 -1 -2 -2 -1 -1 0 0 -1 -1 -1 -1 -2 -1 0 -1 0 -1 -1 0 0 0 -2 -1 -2 -1 0 -1 -2 -1 0 -2 0 0 -2 -1 -2 -1 -1 0 -1 -2 -2 0 0 0 -2 -1 0 -1 -1 -2 -2 -2 -1 -1 0 0 -1 -1 -2
-1.86231798983876 -0.129843522731339 1.82950683331823 -0.74783630951138 -1.03518140288821 -1 2 0 1 2 2 2 2 1 0 1 2 0 0 2 0 0 1 1 1 1 0 0 2 0 2 1 2 1 1 2 0 1 2 0 0 0 2 1 0 0 0 0 2 2 1 2 1 1 0 2 2 2 2 0 1 0 1 2 0 0 1 2 2 2 2 0 0 2 1 1 2 0 0 2 1 2 1 0 0 2 2 2 1 1 1 2 0 0 0 1 2 2 2 1 1 1 0 0 2 2 -2 0 -1 -2 -2 -2 -2 -1 0 -1 -2 0 0 -2 0 0 -1 -1 -1 -1 0 0 -2 0 -2 -1 -2 -1 -1 -2 0 -1 -2 0 0 0 -2 -1 0 0 0 0 -2 -2 -1 -2 -1 -1 0 -2 -2 -2 -2 0 -1 0 -1 -2 0 0 -1 -2 -2 -2 -2 0 0 -2 -1 -1 -2 0 0 -2 -1 -2 -1 0 0 -2 -2 -2 -1 -1 -1 -2 0 0 0 -1 -2 -2 -2 -1 -1 -1 0 0 -2 -2
0.251431300123512 0.988944072723305 0.346858813272382 -0.46390066348092 -1.40293069063036 1 2 0 0 1 1 2 0 0 0 0 2 0 0 2 0 1 2 0 1 2 0 0 1 0 2 0 2 2 1 2 0 0 2 0 0 1 2 2 0 1 0 1 2 0 0 0 0 1 1 1 2 1 2 1 1 0 0 1 0 0 0 2 2 2 1 0 0 2 1 0 2 1 0 2 1 1 0 0 0 1 2 1 1 2 2 2 2 0 0 2 2 1 1 0 2 0 1 1 2 2 2 0 0 1 1 2 0 0 0 0 2 0 0 2 0 1 2 0 1 2 0 0 1 0 2 0 2 2 1 2 0 0 2 0 0 1 2 2 0 1 0 1 2 0 0 0 0 1 1 1 2 1 2 1 1 0 0 1 0 0 0 2 2 2 1 0 0 2 1 0 2 1 0 2 1 1 0 0 0 1 2 1 1 2 2 2 2 0 0 2 2 1 1 0 2 0 1 1 2 2
3.11043417942645 1.74102547557723 2.51481581362055 0.203091569457862 -0.760281298540841 -1 2 1 2 2 1 2 1 1 0 0 2 0 0 2 1 1 2 1 2 2 2 1 2 1 1 0 2 0 1 2 1 1 2 0 0 0 2 1 0 1 1 2 1 0 0 1 1 1 2 1 1 2 1 0 0 0 0 1 0 0 0 2 1 1 0 0 0 1 1 1 2 1 1 2 1 1 1 1 0 1 2 2 0 1 2 2 2 0 0 0 1 1 2 0 2 0 0 0 0 2 -2 -1 -2 -2 -1 -2 -1 -1 0 0 -2 0 0 -2 -1 -1 -2 -1 -2 -2 -2 -1 -2 -1 -1 0 -2 0 -1 -2 -1 -1 -2 0 0 0 -2 -1 0 -1 -1 -2 -1 0 0 -1 -1 -1 -2 -1 -1 -2 -1 0 0 0 0 -1 0 0 0 -2 -1 -1 0 0 0 -1 -1 -1 -2 -1 -1 -2 -1 -1 -1 -1 0 -1 -2 -2 0 -1 -2 -2 -2 0 0 0 -1 -1 -2 0 -2 0 0 0 0 -2
0.23891685698126 -1.14205901628974 -1.36533129147203 -0.28302932935928 0.273500040503114 1 2 1 0 1 1 2 1 1 1 0 2 0 1 2 1 0 2 1 1 1 0 0 2 1 2 1 2 1 2 2 1 1 2 1 0 1 2 2 0 1 0 2 2 0 0 0 0 1 1 2 1 2 0 0 1 0 1 2 0 0 1 2 1 2 1 0 0 2 0 1 2 0 0 2 0 1 0 1 0 1 1 1 0 1 0 2 0 0 1 2 2 1 2 0 2 0 0 1 2 2 2 1 0 1 1 2 1 1 1 0 2 0 1 2 1 0 2 1 1 1 0 0 2 1 2 1 2 1 2 2 1 1 2 1 0 1 2 2 0 1 0 2 2 0 0 0 0 1 1 2 1 2 0 0 1 0 1 2 0 0 1 2 1 2 1 0 0 2 0 1 2 0 0 2 0 1 0 1 0 1 1 1 0 1 0 2 0 0 1 2 2 1 2 0 2 0 0 1 2 2
-0.665239911742343 0.177613413439931 -1.46082760041231 -0.0777154623197668 1.16660464224417 1 2 0 0 0 2 1 1 0 0 0 2 0 0 2 0 1 2 0 0 1 1 1 2 1 1 0 2 0 2 2 1 1 2 0 1 1 2 0 0 0 0 1 2 1 0 1 1 1 1 1 2 2 1 1 1 0 1 2 0 0 1 2 2 2 1 0 0 2 2 1 2 0 0 2 0 2 0 1 1 2 2 2 1 2 0 0 1 0 0 1 1 1 2 0 2 1 0 0 2 2 2 0 0 0 2 1 1 0 0 0 2 0 0 2 0 1 2 0 0 1 1 1 2 1 1 0 2 0 2 2 1 1 2 0 1 1 2 0 0 0 0 1 2 1 0 1 1 1 1 1 2 2 1 1 1 0 1 2 0 0 1 2 2 2 1 0 0 2 2 1 2 0 0 2 0 2 0 1 1 2 2 2 1 2 0 0 1 0 0 1 1 1 2 0 2 1 0 0 2 2
-0.275835275702974 -0.0520808016389093 0.192881656921499 0.276359794563928 -2.13606304815919 -1 2 1 1 2 2 2 2 1 0 0 2 1 0 1 0 1 1 0 0 0 0 0 2 1 2 0 2 2 2 2 2 1 2 0 0 0 2 2 0 0 0 2 2 1 2 1 1 1 1 0 1 1 0 0 1 0 1 2 0 1 1 2 2 2 1 0 0 2 0 1 1 0 0 2 0 1 1 0 0 2 2 2 0 0 1 2 2 0 1 2 2 2 2 1 2 1 0 1 2 2 -2 -1 -1 -2 -2 -2 -2 -1 0 0 -2 -1 0 -1 0 -1 -1 0 0 0 0 0 -2 -1 -2 0 -2 -2 -2 -2 -2 -1 -2 0 0 0 -2 -2 0 0 0 -2 -2 -1 -2 -1 -1 -1 -1 0 -1 -1 0 0 -1 0 -1 -2 0 -1 -1 -2 -2 -2 -1 0 0 -2 0 -1 -1 0 0 -2 0 -1 -1 0 0 -2 -2 -2 0 0 -1 -2 -2 0 -1 -2 -2 -2 -2 -1 -2 -1 0 -1 -2 -2
-0.899202122445033 1.24375111955835 0.48348862672896 -2.43673469517871 -0.758732679849632 1 2 0 1 1 1 2 2 1 0 1 2 0 0 2 0 0 2 1 1 2 0 0 2 1 2 0 2 0 1 2 0 2 2 1 0 0 2 2 0 1 1 2 2 0 1 0 1 0 1 1 2 2 1 0 0 0 1 2 0 0 0 2 2 2 1 0 0 2 2 2 2 2 1 2 2 1 1 1 0 2 2 2 0 2 1 1 0 0 0 1 1 0 2 0 2 0 0 1 1 2 2 0 1 1 1 2 2 1 0 1 2 0 0 2 0 0 2 1 1 2 0 0 2 1 2 0 2 0 1 2 0 2 2 1 0 0 2 2 0 1 1 2 2 0 1 0 1 0 1 1 2 2 1 0 0 0 1 2 0 0 0 2 2 2 1 0 0 2 2 2 2 2 1 2 2 1 1 1 0 2 2 2 0 2 1 1 0 0 0 1 1 0 2 0 2 0 0 1 1 2
0.391866597258449 -0.316948562237453 1.50246702455454 -1.05545670604625 -0.770636024071755 -1 2 1 1 2 2 2 1 0 0 0 1 0 1 2 0 0 1 1 1 1 0 0 2 1 2 1 2 1 0 2 0 0 2 0 0 0 2 1 0 1 1 2 2 1 2 1 2 2 1 2 2 2 2 0 1 0 0 2 0 0 2 2 0 2 0 0 0 2 2 1 2 0 0 2 0 1 0 0 0 1 2 1 0 1 2 2 1 0 1 2 2 1 2 0 2 1 1 0 1 2 -2 -1 -1 -2 -2 -2 -1 0 0 0 -1 0 -1 -2 0 0 -1 -1 -1 -1 0 0 -2 -1 -2 -1 -2 -1 0 -2 0 0 -2 0 0 0 -2 -1 0 -1 -1 -2 -2 -1 -2 -1 -2 -2 -1 -2 -2 -2 -2 0 -1 0 0 -2 0 0 -2 -2 0 -2 0 0 0 -2 -2 -1 -2 0 0 -2 0 -1 0 0 0 -1 -2 -1 0 -1 -2 -2 -1 0 -1 -2 -2 -1 -2 0 -2 -1 -1 0 -1 -2
-0.991787981231807 -0.559663817610702 0.857805843462664 -0.373534854662238 0.70996850882316 -1 2 1 0 1 1 2 1 0 0 0 2 0 0 2 1 2 2 1 0 1 2 1 2 0 2 1 2 0 2 2 0 1 2 1 0 1 2 1 0 0 0 1 1 0 0 0 0 0 0 0 1 2 0 0 0 0 0 2 0 0 1 2 0 2 1 0 1 2 1 1 2 0 0 2 0 1 2 2 0 1 2 2 2 2 2 2 1 0 0 0 1 0 2 0 2 2 2 1 1 2 -2 -1 0 -1 -1 -2 -1 0 0 0 -2 0 0 -2 -1 -2 -2 -1 0 -1 -2 -1 -2 0 -2 -1 -2 0 -2 -2 0 -1 -2 -1 0 -1 -2 -1 0 0 0 -1 -1 0 0 0 0 0 0 0 -1 -2 0 0 0 0 0 -2 0 0 -1 -2 0 -2 -1 0 -1 -2 -1 -1 -2 0 0 -2 0 -1 -2 -2 0 -1 -2 -2 -2 -2 -2 -2 -1 0 0 0 -1 0 -2 0 -2 -2 -2 -1 -1 -2
-0.314638086553872 0.628055084176494 0.600365677159481 0.139766054686343 -0.113913805854334 1 2 1 0 1 2 2 2 2 0 1 2 0 1 2 0 1 2 1 1 1 0 0 2 2 2 1 2 0 2 2 1 1 2 0 0 0 2 1 0 1 0 1 2 2 1 0 0 1 1 1 2 1 0 0 1 0 0 1 0 0 0 2 0 2 0 0 0 2 1 0 2 0 0 2 1 2 2 2 0 2 2 1 1 2 1 2 1 0 1 1 1 0 2 0 2 1 0 0 2 2 2 1 0 1 2 2 2 2 0 1 2 0 1 2 0 1 2 1 1 1 0 0 2 2 2 1 2 0 2 2 1 1 2 0 0 0 2 1 0 1 0 1 2 2 1 0 0 1 1 1 2 1 0 0 1 0 0 1 0 0 0 2 0 2 0 0 0 2 1 0 2 0 0 2 1 2 2 2 0 2 2 1 1 2 1 2 1 0 1 1 1 0 2 0 2 1 0 0 2 2
-0.256863402626938 0.621239172025634 -1.04222384535156 -0.00958984020584434 0.562241237141199 1 2 1 0 2 1 2 1 1 0 1 2 0 0 2 0 1 2 1 1 2 1 0 2 2 2 1 2 1 2 2 1 1 2 1 0 0 2 2 1 0 1 0 2 1 0 0 0 0 0 0 1 1 1 0 0 0 0 0 0 0 1 2 1 2 1 0 0 2 0 1 2 1 0 2 1 2 2 2 0 2 2 2 1 1 1 2 1 0 0 2 2 1 2 1 2 1 1 1 2 2 2 1 0 2 1 2 1 1 0 1 2 0 0 2 0 1 2 1 1 2 1 0 2 2 2 1 2 1 2 2 1 1 2 1 0 0 2 2 1 0 1 0 2 1 0 0 0 0 0 0 1 1 1 0 0 0 0 0 0 0 1 2 1 2 1 0 0 2 0 1 2 1 0 2 1 2 2 2 0 2 2 2 1 1 1 2 1 0 0 2 2 1 2 1 2 1 1 1 2 2
-0.202819491304458 0.336370638384965 0.403915630476714 -1.23911455053375 0.608127507149392 -1 2 0 0 2 2 2 2 0 0 0 2 1 0 2 0 2 2 2 2 2 0 0 2 2 2 0 2 0 2 1 0 1 2 0 0 0 2 2 0 0 1 2 2 1 0 0 1 1 1 1 1 1 2 0 1 0 0 2 0 0 1 2 2 2 1 1 1 2 1 0 2 0 0 2 0 1 0 1 0 1 2 2 1 0 1 2 1 0 0 1 1 1 2 0 1 0 0 1 2 2 -2 0 0 -2 -2 -2 -2 0 0 0 -2 -1 0 -2 0 -2 -2 -2 -2 -2 0 0 -2 -2 -2 0 -2 0 -2 -1 0 -1 -2 0 0 0 -2 -2 0 0 -1 -2 -2 -1 0 0 -1 -1 -1 -1 -1 -1 -2 0 -1 0 0 -2 0 0 -1 -2 -2 -2 -1 -1 -1 -2 -1 0 -2 0 0 -2 0 -1 0 -1 0 -1 -2 -2 -1 0 -1 -2 -1 0 0 -1 -1 -1 -2 0 -1 0 0 -1 -2 -2
0.927639241755744 0.166448233031181 -1.47115063070116 -0.572729701381563 1.43032807271744 1 2 1 1 1 2 1 1 2 0 0 2 0 1 2 1 1 1 0 1 2 1 1 2 2 2 1 2 0 1 1 0 0 2 0 0 0 2 1 0 1 0 2 2 2 0 0 0 0 1 0 1 1 0 0 1 1 1 2 0 0 0 2 2 2 1 0 0 2 2 1 1 0 1 2 0 1 0 1 0 2 1 1 0 1 1 2 2 0 0 1 1 1 2 1 2 0 2 2 2 2 2 1 1 1 2 1 1 2 0 0 2 0 1 2 1 1 1 0 1 2 1 1 2 2 2 1 2 0 1 1 0 0 2 0 0 0 2 1 0 1 0 2 2 2 0 0 0 0 1 0 1 1 0 0 1 1 1 2 0 0 0 2 2 2 1 0 0 2 2 1 1 0 1 2 0 1 0 1 0 2 1 1 0 1 1 2 2 0 0 1 1 1 2 1 2 0 2 2 2 2
-1.05365655814453 -0.396438942423221 -0.190060260452462 -1.77012829565768 1.18320500401768 -1 2 0 0 0 1 2 0 0 0 0 2 0 0 2 0 0 2 1 1 1 1 0 2 2 2 1 2 1 1 1 0 0 2 0 0 0 2 2 0 1 1 2 2 2 0 0 0 1 2 0 0 1 1 0 2 0 1 0 0 0 1 2 0 2 1 0 0 2 1 1 2 0 0 2 1 1 1 2 0 2 2 2 1 1 1 2 0 0 0 2 2 2 2 1 2 1 0 1 0 2 -2 0 0 0 -1 -2 0 0 0 0 -2 0 0 -2 0 0 -2 -1 -1 -1 -1 0 -2 -2 -2 -1 -2 -1 -1 -1 0 0 -2 0 0 0 -2 -2 0 -1 -1 -2 -2 -2 0 0 0 -1 -2 0 0 -1 -1 0 -2 0 -1 0 0 0 -1 -2 0 -2 -1 0 0 -2 -1 -1 -2 0 0 -2 -1 -1 -1 -2 0 -2 -2 -2 -1 -1 -1 -2 0 0 0 -2 -2 -2 -2 -1 -2 -1 0 -1 0 -2
2.09948584956848 -0.378655008042377 -0.494776985731469 -2.39400520820442 -1.73484697448827 1 2 2 2 1 2 2 1 1 0 1 2 0 0 2 0 2 2 1 1 2 1 1 2 0 1 0 2 1 1 1 0 0 1 0 1 1 2 2 0 1 1 2 2 1 2 0 0 0 0 1 1 2 1 0 2 0 0 1 0 0 0 2 0 2 0 0 0 2 0 0 2 1 1 2 0 2 1 1 0 1 2 1 0 2 2 2 1 0 0 1 1 0 2 1 2 0 1 0 2 2 2 2 2 1 2 2 1 1 0 1 2 0 0 2 0 2 2 1 1 2 1 1 2 0 1 0 2 1 1 1 0 0 1 0 1 1 2 2 0 1 1 2 2 1 2 0 0 0 0 1 1 2 1 0 2 0 0 1 0 0 0 2 0 2 0 0 0 2 0 0 2 1 1 2 0 2 1 1 0 1 2 1 0 2 2 2 1 0 0 1 1 0 2 1 2 0 1 0 2 2
-0.0610482328199846 -1.06314429763323 -1.2646627846674 -0.34197863874164 1.66339491796615 -1 2 0 0 1 1 2 1 1 0 0 2 0 0 2 0 0 1 1 1 2 1 0 2 0 1 0 2 0 1 1 0 0 2 1 0 0 2 2 0 0 1 1 2 1 1 0 0 0 0 1 2 2 1 0 1 0 1 2 0 0 1 2 1 2 1 0 0 2 0 2 2 0 0 2 1 2 1 1 0 1 2 1 1 0 1 1 0 0 1 1 1 0 2 0 2 0 0 2 2 2 -2 0 0 -1 -1 -2 -1 -1 0 0 -2 0 0 -2 0 0 -1 -1 -1 -2 -1 0 -2 0 -1 0 -2 0 -1 -1 0 0 -2 -1 0 0 -2 -2 0 0 -1 -1 -2 -1 -1 0 0 0 0 -1 -2 -2 -1 0 -1 0 -1 -2 0 0 -1 -2 -1 -2 -1 0 0 -2 0 -2 -2 0 0 -2 -1 -2 -1 -1 0 -1 -2 -1 -1 0 -1 -1 0 0 -1 -1 -1 0 -2 0 -2 0 0 -2 -2 -2
-0.862485611897511 -0.192863922163583 0.698033785906894 -0.596662760296535 0.0152687102284151 1 2 1 0 1 1 2 1 0 0 0 1 0 0 1 0 1 2 1 1 1 0 0 2 1 2 0 2 1 2 2 1 2 2 1 1 2 2 2 0 2 1 2 2 2 0 0 0 0 1 0 0 1 1 0 0 0 2 1 0 0 0 2 1 2 1 0 0 2 0 0 2 0 1 2 2 2 1 2 0 1 2 1 0 1 2 2 2 0 1 2 2 1 2 1 2 0 0 0 1 2 2 1 0 1 1 2 1 0 0 0 1 0 0 1 0 1 2 1 1 1 0 0 2 1 2 0 2 1 2 2 1 2 2 1 1 2 2 2 0 2 1 2 2 2 0 0 0 0 1 0 0 1 1 0 0 0 2 1 0 0 0 2 1 2 1 0 0 2 0 0 2 0 1 2 2 2 1 2 0 1 2 1 0 1 2 2 2 0 1 2 2 1 2 1 2 0 0 0 1 2
-0.85596549804732 -0.462364802693006 -0.0688785980173059 0.706652891609663 -0.427259930098274 1 2 0 1 1 2 2 2 0 0 0 2 0 0 2 1 2 0 0 0 1 1 0 2 0 1 0 2 1 1 2 0 1 2 0 0 0 1 0 0 0 0 1 2 0 0 0 0 0 0 1 2 2 0 0 0 0 0 1 0 0 2 2 1 1 0 0 0 1 0 1 2 0 0 2 0 1 1 1 0 2 2 2 1 0 1 2 0 0 0 1 1 0 2 1 2 0 1 1 2 2 2 0 1 1 2 2 2 0 0 0 2 0 0 2 1 2 0 0 0 1 1 0 2 0 1 0 2 1 1 2 0 1 2 0 0 0 1 0 0 0 0 1 2 0 0 0 0 0 0 1 2 2 0 0 0 0 0 1 0 0 2 2 1 1 0 0 0 1 0 1 2 0 0 2 0 1 1 1 0 2 2 2 1 0 1 2 0 0 0 1 1 0 2 1 2 0 1 1 2 2
-0.0261200634656275 0.433161309904455 0.544241731931674 -0.430553666245909 1.37302907190205 -1 2 0 0 1 1 2 0 0 0 0 2 0 0 2 0 0 1 2 2 2 1 0 2 2 2 1 2 1 1 1 0 0 2 0 0 0 1 1 0 0 0 1 2 2 1 0 0 1 2 2 2 2 1 0 1 0 0 1 0 0 0 2 2 2 1 0 0 2 1 0 1 0 0 2 1 1 0 0 0 0 1 1 0 0 0 2 0 0 0 1 2 1 2 0 2 0 0 0 2 2 -2 0 0 -1 -1 -2 0 0 0 0 -2 0 0 -2 0 0 -1 -2 -2 -2 -1 0 -2 -2 -2 -1 -2 -1 -1 -1 0 0 -2 0 0 0 -1 -1 0 0 0 -1 -2 -2 -1 0 0 -1 -2 -2 -2 -2 -1 0 -1 0 0 -1 0 0 0 -2 -2 -2 -1 0 0 -2 -1 0 -1 0 0 -2 -1 -1 0 0 0 0 -1 -1 0 0 0 -2 0 0 0 -1 -2 -1 -2 0 -2 0 0 0 -2 -2
-0.677854804364076 -1.54721151586332 1.31185734161493 0.169380695652755 -0.578528410314366 1 2 0 0 2 2 2 2 1 0 0 1 0 0 2 1 1 0 0 1 2 1 1 2 0 1 0 2 0 1 2 1 1 2 0 0 0 2 2 0 1 1 1 2 2 1 1 1 0 0 0 1 1 2 0 1 0 0 2 0 0 0 2 1 2 1 1 2 2 1 0 1 0 0 2 0 1 0 0 0 1 2 2 2 1 0 1 1 0 0 2 2 2 2 0 2 1 0 2 2 2 2 0 0 2 2 2 2 1 0 0 1 0 0 2 1 1 0 0 1 2 1 1 2 0 1 0 2 0 1 2 1 1 2 0 0 0 2 2 0 1 1 1 2 2 1 1 1 0 0 0 1 1 2 0 1 0 0 2 0 0 0 2 1 2 1 1 2 2 1 0 1 0 0 2 0 1 0 0 0 1 2 2 2 1 0 1 1 0 0 2 2 2 2 0 2 1 0 2 2 2
-1.84288718083446 -0.646263590686197 0.483684500436146 -0.0597511965682248 0.66228450746039 1 2 0 1 2 2 2 2 1 0 0 2 0 0 2 0 2 2 2 2 2 2 0 2 2 2 0 2 0 2 2 0 0 2 0 0 0 2 2 0 1 1 2 2 1 0 0 0 0 1 1 1 1 1 0 0 0 0 2 0 0 2 2 2 2 1 0 1 2 0 0 2 0 0 2 1 1 0 0 0 1 2 2 2 2 2 2 2 0 1 1 1 0 2 0 1 2 2 2 2 2 2 0 1 2 2 2 2 1 0 0 2 0 0 2 0 2 2 2 2 2 2 0 2 2 2 0 2 0 2 2 0 0 2 0 0 0 2 2 0 1 1 2 2 1 0 0 0 0 1 1 1 1 1 0 0 0 0 2 0 0 2 2 2 2 1 0 1 2 0 0 2 0 0 2 1 1 0 0 0 1 2 2 2 2 2 2 2 0 1 1 1 0 2 0 1 2 2 2 2 2
0.811309822235432 0.62958832685024 -0.902187968327783 -1.72008250016157 -0.331406524543086 1 2 1 2 2 2 2 2 1 0 0 2 1 0 2 0 1 2 1 0 2 2 1 2 0 2 1 2 2 0 1 1 2 2 0 0 0 2 1 0 1 0 0 2 1 0 0 1 2 1 1 2 2 1 0 0 0 1 2 0 0 1 2 2 2 2 1 1 2 0 1 2 0 0 2 0 1 0 0 0 1 2 2 1 1 1 2 1 0 1 1 2 1 2 0 2 2 1 1 1 2 2 1 2 2 2 2 2 1 0 0 2 1 0 2 0 1 2 1 0 2 2 1 2 0 2 1 2 2 0 1 1 2 2 0 0 0 2 1 0 1 0 0 2 1 0 0 1 2 1 1 2 2 1 0 0 0 1 2 0 0 1 2 2 2 2 1 1 2 0 1 2 0 0 2 0 1 0 0 0 1 2 2 1 1 1 2 1 0 1 1 2 1 2 0 2 2 1 1 1 2
-0.96416542221628 -0.995056262121117 0.870400279337441 -2.75899554071978 0.61152888814222 -1 2 0 1 2 1 2 1 2 0 0 2 0 0 2 2 1 1 1 2 2 2 0 2 1 2 0 2 1 2 2 0 1 2 2 0 0 2 0 0 0 1 0 1 0 0 0 0 0 1 0 1 2 1 0 1 0 0 2 0 0 1 2 0 1 0 0 0 1 0 0 2 1 0 2 2 2 2 2 0 2 2 2 2 2 2 2 2 0 0 0 1 1 2 0 1 1 1 0 1 2 -2 0 -1 -2 -1 -2 -1 -2 0 0 -2 0 0 -2 -2 -1 -1 -1 -2 -2 -2 0 -2 -1 -2 0 -2 -1 -2 -2 0 -1 -2 -2 0 0 -2 0 0 0 -1 0 -1 0 0 0 0 0 -1 0 -1 -2 -1 0 -1 0 0 -2 0 0 -1 -2 0 -1 0 0 0 -1 0 0 -2 -1 0 -2 -2 -2 -2 -2 0 -2 -2 -2 -2 -2 -2 -2 -2 0 0 0 -1 -1 -2 0 -1 -1 -1 0 -1 -2
0.764213595891584 0.684679802488777 0.987823291022722 -0.48019883582606 -1.87233210841227 1 2 0 0 0 2 2 2 1 0 0 2 0 1 2 0 0 0 0 0 1 1 2 2 0 2 0 2 0 1 2 1 1 2 0 0 0 2 2 0 0 0 1 2 0 0 0 1 1 2 2 2 2 2 1 1 0 2 1 0 0 0 2 1 2 1 0 0 2 1 2 2 1 1 2 1 2 1 2 0 2 2 2 1 2 2 2 1 0 0 1 1 0 2 0 1 0 0 1 1 2 2 0 0 0 2 2 2 1 0 0 2 0 1 2 0 0 0 0 0 1 1 2 2 0 2 0 2 0 1 2 1 1 2 0 0 0 2 2 0 0 0 1 2 0 0 0 1 1 2 2 2 2 2 1 1 0 2 1 0 0 0 2 1 2 1 0 0 2 1 2 2 1 1 2 1 2 1 2 0 2 2 2 1 2 2 2 1 0 0 1 1 0 2 0 1 0 0 1 1 2
-2.89676289601814 -2.11460210843132 -0.445499687465975 -0.514854925557782 -0.251468905016805 1 2 1 1 2 2 2 2 0 0 0 2 0 0 2 0 0 2 1 1 2 1 0 2 0 2 1 2 1 0 1 1 1 2 1 0 0 2 0 0 1 1 1 1 0 0 0 1 1 2 1 1 1 1 0 0 0 1 1 0 0 1 2 2 2 2 2 0 2 2 1 2 0 0 2 2 2 2 2 0 1 1 1 0 1 0 2 1 0 0 1 2 2 2 0 1 1 1 0 1 2 2 1 1 2 2 2 2 0 0 0 2 0 0 2 0 0 2 1 1 2 1 0 2 0 2 1 2 1 0 1 1 1 2 1 0 0 2 0 0 1 1 1 1 0 0 0 1 1 2 1 1 1 1 0 0 0 1 1 0 0 1 2 2 2 2 2 0 2 2 1 2 0 0 2 2 2 2 2 0 1 1 1 0 1 0 2 1 0 0 1 2 2 2 0 1 1 1 0 1 2
0.807941849023132 -0.691337147393894 0.362069777057115 1.71400609689988 0.0467475645502783 -1 2 1 1 1 1 2 1 2 0 0 2 0 0 2 0 0 1 2 2 2 2 0 2 2 2 0 2 0 1 2 1 2 2 1 0 1 2 2 0 2 1 2 2 2 1 0 0 1 2 2 1 2 1 0 0 0 0 1 0 1 1 2 2 2 1 1 0 2 2 2 2 0 0 1 0 1 0 0 0 2 2 2 1 2 1 2 1 1 0 1 1 0 2 0 1 0 1 0 1 2 -2 -1 -1 -1 -1 -2 -1 -2 0 0 -2 0 0 -2 0 0 -1 -2 -2 -2 -2 0 -2 -2 -2 0 -2 0 -1 -2 -1 -2 -2 -1 0 -1 -2 -2 0 -2 -1 -2 -2 -2 -1 0 0 -1 -2 -2 -1 -2 -1 0 0 0 0 -1 0 -1 -1 -2 -2 -2 -1 -1 0 -2 -2 -2 -2 0 0 -1 0 -1 0 0 0 -2 -2 -2 -1 -2 -1 -2 -1 -1 0 -1 -1 0 -2 0 -1 0 -1 0 -1 -2
0.892640139432989 2.40638144875778 -0.0658882129772329 -0.462111772925421 -1.2068565837619 -1 2 0 0 1 1 1 1 2 0 1 2 0 1 2 0 0 2 1 2 2 1 0 2 1 2 1 2 1 2 2 0 0 2 0 0 1 2 2 0 1 2 2 2 1 0 0 0 0 1 1 1 2 1 0 0 0 0 0 0 0 1 2 1 1 0 0 0 2 1 1 2 0 0 2 1 1 1 1 0 1 1 1 1 1 0 2 1 0 0 1 1 1 2 0 1 1 1 0 2 2 -2 0 0 -1 -1 -1 -1 -2 0 -1 -2 0 -1 -2 0 0 -2 -1 -2 -2 -1 0 -2 -1 -2 -1 -2 -1 -2 -2 0 0 -2 0 0 -1 -2 -2 0 -1 -2 -2 -2 -1 0 0 0 0 -1 -1 -1 -2 -1 0 0 0 0 0 0 0 -1 -2 -1 -1 0 0 0 -2 -1 -1 -2 0 0 -2 -1 -1 -1 -1 0 -1 -1 -1 -1 -1 0 -2 -1 0 0 -1 -1 -1 -2 0 -1 -1 -1 0 -2 -2
-1.1100599712333 0.554321666179656 -0.107836344813549 1.31327882648312 -1.14502354286852 1 2 0 0 0 0 1 0 0 0 0 2 0 0 1 0 0 2 1 2 2 2 1 2 2 2 1 2 1 1 1 1 1 2 0 0 1 2 2 0 1 0 2 2 0 0 0 0 1 2 1 1 2 1 0 1 0 0 0 0 0 0 2 0 2 0 1 1 2 1 1 1 0 0 2 1 1 0 2 1 1 2 1 1 2 2 2 0 0 1 2 2 1 2 0 1 0 1 1 1 2 2 0 0 0 0 1 0 0 0 0 2 0 0 1 0 0 2 1 2 2 2 1 2 2 2 1 2 1 1 1 1 1 2 0 0 1 2 2 0 1 0 2 2 0 0 0 0 1 2 1 1 2 1 0 1 0 0 0 0 0 0 2 0 2 0 1 1 2 1 1 1 0 0 2 1 1 0 2 1 1 2 1 1 2 2 2 0 0 1 2 2 1 2 0 1 0 1 1 1 2
-0.776394179905532 0.0694239707668344 -0.37660372952965 -0.157950402095354 2.13187782568173 -1 2 0 0 1 2 2 1 0 0 0 2 0 1 1 0 1 0 1 0 2 1 1 2 0 1 0 1 2 2 2 0 1 2 0 0 1 2 1 0 0 0 1 2 1 1 1 1 1 1 1 1 1 0 0 2 0 1 2 0 0 0 2 1 2 0 0 0 2 1 1 2 0 0 2 0 2 1 0 0 1 1 1 0 0 2 2 1 0 0 1 1 0 2 0 1 1 1 2 2 2 -2 0 0 -1 -2 -2 -1 0 0 0 -2 0 -1 -1 0 -1 0 -1 0 -2 -1 -1 -2 0 -1 0 -1 -2 -2 -2 0 -1 -2 0 0 -1 -2 -1 0 0 0 -1 -2 -1 -1 -1 -1 -1 -1 -1 -1 -1 0 0 -2 0 -1 -2 0 0 0 -2 -1 -2 0 0 0 -2 -1 -1 -2 0 0 -2 0 -2 -1 0 0 -1 -1 -1 0 0 -2 -2 -1 0 0 -1 -1 0 -2 0 -1 -1 -1 -2 -2 -2
-0.91640501960071 0.146610295840925 0.658066710689844 -1.22337466166826 2.93358726212034 -1 2 0 0 1 1 2 1 1 0 0 2 0 0 2 0 1 1 0 2 1 0 1 2 1 2 1 2 1 1 2 1 2 2 1 0 0 2 2 0 1 1 1 1 1 1 0 0 0 0 0 1 2 2 0 0 0 1 0 0 0 0 2 1 2 0 0 0 2 0 1 2 1 0 2 0 1 1 2 0 1 1 0 0 0 1 2 1 0 1 2 2 1 2 0 2 0 0 2 2 2 -2 0 0 -1 -1 -2 -1 -1 0 0 -2 0 0 -2 0 -1 -1 0 -2 -1 0 -1 -2 -1 -2 -1 -2 -1 -1 -2 -1 -2 -2 -1 0 0 -2 -2 0 -1 -1 -1 -1 -1 -1 0 0 0 0 0 -1 -2 -2 0 0 0 -1 0 0 0 0 -2 -1 -2 0 0 0 -2 0 -1 -2 -1 0 -2 0 -1 -1 -2 0 -1 -1 0 0 0 -1 -2 -1 0 -1 -2 -2 -1 -2 0 -2 0 0 -2 -2 -2
-1.18816145421621 0.376310393719172 0.463062290532294 -0.125264476232685 0.191602961859047 -1 2 1 1 2 1 2 1 2 1 0 2 0 0 2 1 0 1 1 1 2 1 1 2 1 2 0 2 1 2 2 1 1 2 0 0 0 2 1 0 2 1 1 2 1 1 0 0 0 0 0 2 2 1 0 1 0 0 0 0 0 0 2 2 2 1 0 1 2 0 0 2 0 0 2 0 2 1 1 0 2 2 1 1 2 1 2 2 0 0 2 2 0 2 0 1 1 0 1 2 2 -2 -1 -1 -2 -1 -2 -1 -2 -1 0 -2 0 0 -2 -1 0 -1 -1 -1 -2 -1 -1 -2 -1 -2 0 -2 -1 -2 -2 -1 -1 -2 0 0 0 -2 -1 0 -2 -1 -1 -2 -1 -1 0 0 0 0 0 -2 -2 -1 0 -1 0 0 0 0 0 0 -2 -2 -2 -1 0 -1 -2 0 0 -2 0 0 -2 0 -2 -1 -1 0 -2 -2 -1 -1 -2 -1 -2 -2 0 0 -2 -2 0 -2 0 -1 -1 0 -1 -2 -2
-1.03264292819933 -1.82879124392919 -0.306294740848225 0.646290561179995 0.688034435327972 -1 2 0 0 1 1 2 0 1 0 0 2 1 0 2 1 1 2 1 1 2 2 1 2 1 2 0 2 0 1 2 1 1 2 0 0 0 1 0 0 0 0 1 2 1 0 0 1 2 2 1 2 2 1 0 1 0 0 2 0 0 1 2 0 2 1 0 0 2 0 2 2 1 0 2 0 1 0 1 0 2 1 1 0 0 0 2 1 0 0 1 1 1 1 0 1 2 1 1 0 2 -2 0 0 -1 -1 -2 0 -1 0 0 -2 -1 0 -2 -1 -1 -2 -1 -1 -2 -2 -1 -2 -1 -2 0 -2 0 -1 -2 -1 -1 -2 0 0 0 -1 0 0 0 0 -1 -2 -1 0 0 -1 -2 -2 -1 -2 -2 -1 0 -1 0 0 -2 0 0 -1 -2 0 -2 -1 0 0 -2 0 -2 -2 -1 0 -2 0 -1 0 -1 0 -2 -1 -1 0 0 0 -2 -1 0 0 -1 -1 -1 -1 0 -1 -2 -1 -1 0 -2
0.723772047859654 1.54281253305588 -1.08045813495322 0.0190838605842065 0.972012153258298 1 2 0 1 2 2 2 1 1 0 0 2 0 0 2 0 2 2 2 1 1 1 0 2 1 1 1 2 1 2 2 1 2 2 1 0 1 2 1 0 0 0 1 2 1 0 1 0 1 1 1 2 2 2 0 1 0 0 2 0 0 0 2 0 2 1 0 0 2 1 2 2 0 1 2 0 1 0 0 0 1 2 2 1 1 1 2 0 0 0 2 2 1 2 1 2 1 0 1 2 2 2 0 1 2 2 2 1 1 0 0 2 0 0 2 0 2 2 2 1 1 1 0 2 1 1 1 2 1 2 2 1 2 2 1 0 1 2 1 0 0 0 1 2 1 0 1 0 1 1 1 2 2 2 0 1 0 0 2 0 0 0 2 0 2 1 0 0 2 1 2 2 0 1 2 0 1 0 0 0 1 2 2 1 1 1 2 0 0 0 2 2 1 2 1 2 1 0 1 2 2
0.0380960498369921 -0.872519993649933 1.39943037931904 -0.105931433315998 0.837986253844679 -1 2 1 1 2 2 2 1 0 0 0 2 0 0 2 0 0 1 1 2 2 0 1 2 2 2 0 2 0 2 2 1 1 2 0 0 0 2 1 1 2 1 2 2 2 1 0 0 0 1 2 1 1 1 0 2 0 0 2 0 0 0 2 1 2 0 0 0 2 0 2 2 0 1 2 1 2 1 2 0 2 2 1 0 0 0 2 0 0 0 0 2 0 2 0 1 0 0 1 2 2 -2 -1 -1 -2 -2 -2 -1 0 0 0 -2 0 0 -2 0 0 -1 -1 -2 -2 0 -1 -2 -2 -2 0 -2 0 -2 -2 -1 -1 -2 0 0 0 -2 -1 -1 -2 -1 -2 -2 -2 -1 0 0 0 -1 -2 -1 -1 -1 0 -2 0 0 -2 0 0 0 -2 -1 -2 0 0 0 -2 0 -2 -2 0 -1 -2 -1 -2 -1 -2 0 -2 -2 -1 0 0 0 -2 0 0 0 0 -2 0 -2 0 -1 0 0 -1 -2 -2
-0.542618727960215 0.559083116268786 0.467598033447607 -1.87617505625198 0.181021430429394 1 2 0 0 1 2 2 2 1 0 0 2 0 0 2 0 0 1 2 2 2 1 1 2 2 2 0 2 2 0 2 0 0 1 0 0 0 2 2 0 1 1 1 2 0 1 1 0 0 0 0 1 2 0 0 0 0 1 1 0 0 0 2 1 1 1 0 0 2 1 0 2 0 0 2 0 0 0 1 0 0 2 1 0 0 0 1 0 0 0 2 0 0 2 0 2 1 0 0 1 2 2 0 0 1 2 2 2 1 0 0 2 0 0 2 0 0 1 2 2 2 1 1 2 2 2 0 2 2 0 2 0 0 1 0 0 0 2 2 0 1 1 1 2 0 1 1 0 0 0 0 1 2 0 0 0 0 1 1 0 0 0 2 1 1 1 0 0 2 1 0 2 0 0 2 0 0 0 1 0 0 2 1 0 0 0 1 0 0 0 2 0 0 2 0 2 1 0 0 1 2
-0.641101460039303 -0.00637606199193992 0.516589489079995 0.75449620770361 -0.710172764568279 -1 2 0 0 0 1 2 1 2 0 1 2 1 0 2 0 0 1 2 2 2 0 0 2 2 2 0 2 1 0 1 0 0 2 0 0 0 2 2 1 1 0 1 2 0 0 1 0 1 0 0 1 2 2 1 2 0 1 1 0 0 1 2 1 2 1 0 0 2 1 0 1 0 0 2 0 1 1 1 0 1 2 1 1 2 2 2 1 0 0 2 2 1 2 1 2 2 0 1 2 2 -2 0 0 0 -1 -2 -1 -2 0 -1 -2 -1 0 -2 0 0 -1 -2 -2 -2 0 0 -2 -2 -2 0 -2 -1 0 -1 0 0 -2 0 0 0 -2 -2 -1 -1 0 -1 -2 0 0 -1 0 -1 0 0 -1 -2 -2 -1 -2 0 -1 -1 0 0 -1 -2 -1 -2 -1 0 0 -2 -1 0 -1 0 0 -2 0 -1 -1 -1 0 -1 -2 -1 -1 -2 -2 -2 -1 0 0 -2 -2 -1 -2 -1 -2 -2 0 -1 -2 -2
0.542545649207379 0.41458312963535 -0.0137772123996778 -0.0676170852210762 -1.90324329262077 1 2 1 1 2 2 2 1 2 1 1 2 0 0 2 0 1 2 1 2 2 2 1 2 0 2 1 2 2 1 2 1 1 2 0 0 0 2 1 1 2 0 1 2 1 2 2 0 1 0 0 1 1 1 0 0 0 0 1 0 0 1 2 2 2 1 1 1 2 1 1 2 0 0 2 0 2 1 1 0 2 2 2 2 2 2 2 2 0 1 2 1 1 2 0 1 0 0 2 2 2 2 1 1 2 2 2 1 2 1 1 2 0 0 2 0 1 2 1 2 2 2 1 2 0 2 1 2 2 1 2 1 1 2 0 0 0 2 1 1 2 0 1 2 1 2 2 0 1 0 0 1 1 1 0 0 0 0 1 0 0 1 2 2 2 1 1 1 2 1 1 2 0 0 2 0 2 1 1 0 2 2 2 2 2 2 2 2 0 1 2 1 1 2 0 1 0 0 2 2 2
-0.321848359645544 -0.207333379770397 1.84699929087641 0.144615905648547 -0.812549330519587 -1 2 0 1 2 2 2 2 2 1 0 2 0 0 1 0 1 2 1 0 1 1 1 2 0 2 0 2 1 2 2 1 2 2 1 0 0 1 1 0 2 0 2 2 1 1 0 1 2 2 1 1 2 1 0 1 0 1 2 1 0 1 2 2 2 2 0 1 2 1 2 2 0 0 2 0 0 0 0 0 0 2 1 0 2 1 1 1 0 1 2 2 1 2 0 2 1 1 1 1 2 -2 0 -1 -2 -2 -2 -2 -2 -1 0 -2 0 0 -1 0 -1 -2 -1 0 -1 -1 -1 -2 0 -2 0 -2 -1 -2 -2 -1 -2 -2 -1 0 0 -1 -1 0 -2 0 -2 -2 -1 -1 0 -1 -2 -2 -1 -1 -2 -1 0 -1 0 -1 -2 -1 0 -1 -2 -2 -2 -2 0 -1 -2 -1 -2 -2 0 0 -2 0 0 0 0 0 0 -2 -1 0 -2 -1 -1 -1 0 -1 -2 -2 -1 -2 0 -2 -1 -1 -1 -1 -2
-0.664319531682452 -1.07444339200903 2.10052939235874 -1.5173932377034 1.87663509349723 1 2 0 0 2 1 2 2 2 1 1 2 0 0 2 0 1 0 1 0 2 1 0 2 0 1 1 2 2 1 1 1 1 2 1 0 0 2 2 0 0 0 1 1 2 1 0 0 0 0 1 1 1 0 0 1 0 1 2 0 0 1 2 0 2 0 0 0 2 1 1 1 0 0 1 0 2 1 1 0 1 2 1 1 2 1 2 0 0 0 0 1 0 2 0 1 0 1 1 2 2 2 0 0 2 1 2 2 2 1 1 2 0 0 2 0 1 0 1 0 2 1 0 2 0 1 1 2 2 1 1 1 1 2 1 0 0 2 2 0 0 0 1 1 2 1 0 0 0 0 1 1 1 0 0 1 0 1 2 0 0 1 2 0 2 0 0 0 2 1 1 1 0 0 1 0 2 1 1 0 1 2 1 1 2 1 2 0 0 0 0 1 0 2 0 1 0 1 1 2 2
-0.863016674296313 0.231873994019406 1.73335534515872 1.18032244002712 0.0689479121472408 1 2 0 1 2 2 2 2 1 1 1 2 0 0 1 0 1 2 1 0 1 0 0 2 0 2 0 2 2 2 1 0 1 2 0 0 0 0 1 0 0 0 2 2 0 1 1 0 0 1 1 2 2 1 0 1 0 1 2 0 0 0 2 1 2 1 0 0 2 1 0 2 0 1 2 1 2 0 1 0 1 2 2 2 2 2 2 2 0 0 1 2 2 2 1 2 2 1 2 2 2 2 0 1 2 2 2 2 1 1 1 2 0 0 1 0 1 2 1 0 1 0 0 2 0 2 0 2 2 2 1 0 1 2 0 0 0 0 1 0 0 0 2 2 0 1 1 0 0 1 1 2 2 1 0 1 0 1 2 0 0 0 2 1 2 1 0 0 2 1 0 2 0 1 2 1 2 0 1 0 1 2 2 2 2 2 2 2 0 0 1 2 2 2 1 2 2 1 2 2 2
-0.819276977624527 0.121337922246004 -0.53229048423332 1.63000180006183 -0.219230016302472 1 2 1 0 1 2 2 2 2 0 0 2 0 0 2 0 0 2 1 2 2 1 0 2 1 2 0 2 1 1 1 0 1 2 0 1 0 1 1 0 0 0 1 2 0 0 0 0 0 2 0 0 1 1 0 1 0 0 2 0 0 1 2 2 2 2 1 0 2 1 1 2 0 0 2 1 2 0 1 0 0 1 2 1 2 1 2 1 0 1 2 2 1 2 2 2 0 1 1 1 2 2 1 0 1 2 2 2 2 0 0 2 0 0 2 0 0 2 1 2 2 1 0 2 1 2 0 2 1 1 1 0 1 2 0 1 0 1 1 0 0 0 1 2 0 0 0 0 0 2 0 0 1 1 0 1 0 0 2 0 0 1 2 2 2 2 1 0 2 1 1 2 0 0 2 1 2 0 1 0 0 1 2 1 2 1 2 1 0 1 2 2 1 2 2 2 0 1 1 1 2
-0.292542988457257 -0.834459711898009 -0.0400013306945017 -0.635091102845624 0.178476345976171 1 2 1 1 2 1 1 1 1 0 1 2 1 0 2 0 0 1 2 2 2 1 0 2 1 2 0 2 0 1 1 0 1 2 0 1 1 2 2 0 0 0 1 2 1 0 0 1 2 2 1 1 2 0 0 0 0 0 2 0 0 1 2 1 2 1 0 0 2 2 2 2 0 0 2 1 1 0 0 0 1 2 2 2 2 2 2 2 0 0 1 1 1 2 1 1 0 1 1 1 2 2 1 1 2 1 1 1 1 0 1 2 1 0 2 0 0 1 2 2 2 1 0 2 1 2 0 2 0 1 1 0 1 2 0 1 1 2 2 0 0 0 1 2 1 0 0 1 2 2 1 1 2 0 0 0 0 0 2 0 0 1 2 1 2 1 0 0 2 2 2 2 0 0 2 1 1 0 0 0 1 2 2 2 2 2 2 2 0 0 1 1 1 2 1 1 0 1 1 1 2
-1.0057937353303 1.71302484624387 1.76660146387725 -0.522945763578036 0.560772121988165 -1 2 1 1 2 2 2 1 0 0 0 2 0 0 2 0 1 2 1 1 2 2 1 2 0 1 0 0 0 1 2 1 1 2 0 0 1 2 2 0 1 1 1 2 2 0 1 1 1 1 1 2 2 1 0 1 0 0 1 0 0 0 2 1 1 0 0 0 2 1 1 2 0 0 2 0 2 1 1 0 0 2 1 0 1 1 2 2 0 1 1 1 1 2 0 1 0 2 1 2 2 -2 -1 -1 -2 -2 -2 -1 0 0 0 -2 0 0 -2 0 -1 -2 -1 -1 -2 -2 -1 -2 0 -1 0 0 0 -1 -2 -1 -1 -2 0 0 -1 -2 -2 0 -1 -1 -1 -2 -2 0 -1 -1 -1 -1 -1 -2 -2 -1 0 -1 0 0 -1 0 0 0 -2 -1 -1 0 0 0 -2 -1 -1 -2 0 0 -2 0 -2 -1 -1 0 0 -2 -1 0 -1 -1 -2 -2 0 -1 -1 -1 -1 -2 0 -1 0 -2 -1 -2 -2
1.16674864442785 -0.74792708532051 1.1478192863169 0.945697360758576 -0.240409261447756 1 2 0 0 2 2 2 2 1 0 0 2 1 0 2 1 1 2 1 0 2 1 0 2 1 2 0 2 2 1 1 0 0 2 0 0 2 2 2 0 1 0 1 2 1 0 0 0 1 0 0 1 1 0 0 2 0 1 0 0 0 1 2 1 2 0 1 0 2 1 1 1 0 0 2 0 1 0 1 0 1 2 2 0 0 1 2 1 0 0 0 2 1 2 1 1 0 0 0 0 2 2 0 0 2 2 2 2 1 0 0 2 1 0 2 1 1 2 1 0 2 1 0 2 1 2 0 2 2 1 1 0 0 2 0 0 2 2 2 0 1 0 1 2 1 0 0 0 1 0 0 1 1 0 0 2 0 1 0 0 0 1 2 1 2 0 1 0 2 1 1 1 0 0 2 0 1 0 1 0 1 2 2 0 0 1 2 1 0 0 0 2 1 2 1 1 0 0 0 0 2
-0.693810869219082 -0.757134713860801 0.485917839524602 -0.843210563948186 -1.0380861119569 -1 2 0 0 1 2 2 1 1 0 0 2 0 0 2 0 1 1 1 1 2 1 0 2 2 2 1 2 1 0 1 0 1 2 0 0 1 2 1 0 1 0 0 1 1 2 0 0 2 2 2 2 2 1 0 1 0 1 1 0 0 1 2 1 2 0 0 0 2 0 1 2 0 0 2 0 0 0 1 0 1 1 1 0 0 1 2 1 1 1 1 2 1 2 1 2 1 2 1 1 2 -2 0 0 -1 -2 -2 -1 -1 0 0 -2 0 0 -2 0 -1 -1 -1 -1 -2 -1 0 -2 -2 -2 -1 -2 -1 0 -1 0 -1 -2 0 0 -1 -2 -1 0 -1 0 0 -1 -1 -2 0 0 -2 -2 -2 -2 -2 -1 0 -1 0 -1 -1 0 0 -1 -2 -1 -2 0 0 0 -2 0 -1 -2 0 0 -2 0 0 0 -1 0 -1 -1 -1 0 0 -1 -2 -1 -1 -1 -1 -2 -1 -2 -1 -2 -1 -2 -1 -1 -2
-0.706352765343655 -1.24414385646377 0.153843274006106 1.49209396088567 -0.86643562091879 1 1 0 0 1 2 2 1 0 0 0 2 0 0 2 0 0 1 1 1 1 0 1 2 1 2 1 2 1 1 1 1 1 2 0 0 0 1 1 0 0 1 1 1 1 0 0 0 1 1 2 2 2 2 1 2 0 0 2 0 0 0 2 1 2 1 0 0 2 0 0 1 0 0 2 0 1 0 0 1 2 2 1 0 0 0 1 1 0 0 1 2 1 2 0 2 2 1 1 1 2 1 0 0 1 2 2 1 0 0 0 2 0 0 2 0 0 1 1 1 1 0 1 2 1 2 1 2 1 1 1 1 1 2 0 0 0 1 1 0 0 1 1 1 1 0 0 0 1 1 2 2 2 2 1 2 0 0 2 0 0 0 2 1 2 1 0 0 2 0 0 1 0 0 2 0 1 0 0 1 2 2 1 0 0 0 1 1 0 0 1 2 1 2 0 2 2 1 1 1 2
-0.623225548180497 0.366038350150167 1.06546375023936 -1.59080066528741 -0.871005990613872 1 2 0 1 2 2 2 2 1 0 0 2 0 0 2 1 2 2 0 0 1 1 0 2 1 2 0 2 0 0 0 0 0 2 0 0 0 2 2 0 1 1 1 2 2 0 0 0 0 0 0 0 1 0 0 0 0 0 2 0 0 2 2 1 2 1 0 0 2 1 0 2 0 0 2 0 2 0 1 0 1 2 2 1 2 1 2 2 0 0 1 2 0 1 0 2 1 0 1 1 2 2 0 1 2 2 2 2 1 0 0 2 0 0 2 1 2 2 0 0 1 1 0 2 1 2 0 2 0 0 0 0 0 2 0 0 0 2 2 0 1 1 1 2 2 0 0 0 0 0 0 0 1 0 0 0 0 0 2 0 0 2 2 1 2 1 0 0 2 1 0 2 0 0 2 0 2 0 1 0 1 2 2 1 2 1 2 2 0 0 1 2 0 1 0 2 1 0 1 1 2
0.295957501668457 0.549508569368711 1.02464976723676 0.410380634566477 -0.903997952665998 1 2 1 1 2 1 2 2 1 0 0 2 0 0 2 1 0 2 1 1 1 1 0 2 0 1 0 2 1 1 1 0 0 2 0 0 0 2 2 0 1 1 1 1 0 0 0 0 0 1 0 1 2 2 0 1 0 0 2 0 1 2 2 1 2 1 1 0 2 1 1 2 0 0 2 0 1 0 2 0 0 1 1 1 2 2 2 1 0 0 2 1 0 2 0 1 1 1 0 2 2 2 1 1 2 1 2 2 1 0 0 2 0 0 2 1 0 2 1 1 1 1 0 2 0 1 0 2 1 1 1 0 0 2 0 0 0 2 2 0 1 1 1 1 0 0 0 0 0 1 0 1 2 2 0 1 0 0 2 0 1 2 2 1 2 1 1 0 2 1 1 2 0 0 2 0 1 0 2 0 0 1 1 1 2 2 2 1 0 0 2 1 0 2 0 1 1 1 0 2 2
-0.9486526443744 0.268718947339657 0.480668256390542 0.452544092909955 2.42189917883986 -1 2 1 1 1 2 2 1 1 0 0 2 0 1 2 1 2 1 2 2 2 1 0 2 1 2 1 2 1 1 2 0 2 2 0 0 1 2 1 0 0 1 1 2 0 0 0 0 1 0 0 1 2 1 0 1 0 0 2 0 0 0 2 0 2 0 0 0 1 1 2 2 0 0 2 1 2 0 1 0 1 1 1 0 0 1 2 1 0 1 1 1 0 1 0 1 0 0 1 1 2 -2 -1 -1 -1 -2 -2 -1 -1 0 0 -2 0 -1 -2 -1 -2 -1 -2 -2 -2 -1 0 -2 -1 -2 -1 -2 -1 -1 -2 0 -2 -2 0 0 -1 -2 -1 0 0 -1 -1 -2 0 0 0 0 -1 0 0 -1 -2 -1 0 -1 0 0 -2 0 0 0 -2 0 -2 0 0 0 -1 -1 -2 -2 0 0 -2 -1 -2 0 -1 0 -1 -1 -1 0 0 -1 -2 -1 0 -1 -1 -1 0 -1 0 -1 0 0 -1 -1 -2
0.881264708068513 0.458910541733219 0.349372160372406 1.6324853290404 0.60404697944956 1 2 1 2 2 2 2 2 1 0 0 2 0 0 1 0 0 0 0 1 1 0 0 2 1 2 0 2 0 1 1 0 0 2 1 0 0 2 1 0 0 0 0 2 1 1 0 0 0 2 2 2 2 0 0 1 0 0 1 0 0 1 2 1 2 1 1 1 2 0 1 2 0 0 2 0 0 0 1 0 2 1 1 0 1 0 0 0 0 0 2 2 2 2 0 0 0 0 0 0 2 2 1 2 2 2 2 2 1 0 0 2 0 0 1 0 0 0 0 1 1 0 0 2 1 2 0 2 0 1 1 0 0 2 1 0 0 2 1 0 0 0 0 2 1 1 0 0 0 2 2 2 2 0 0 1 0 0 1 0 0 1 2 1 2 1 1 1 2 0 1 2 0 0 2 0 0 0 1 0 2 1 1 0 1 0 0 0 0 0 2 2 2 2 0 0 0 0 0 0 2
0.176692275366032 0.0937858399991607 -1.26837805980569 0.312479885292085 0.056206940077316 1 2 2 1 1 0 2 1 1 0 1 2 0 0 2 0 0 1 2 1 2 1 1 2 0 1 0 2 2 2 2 0 0 2 0 0 0 2 1 0 1 0 1 2 1 1 0 1 2 2 2 2 2 1 0 1 0 0 0 0 0 0 2 0 2 1 0 0 2 1 2 2 0 0 2 1 1 0 0 0 2 2 2 2 2 2 1 2 0 0 1 2 2 2 0 2 0 1 1 1 2 2 2 1 1 0 2 1 1 0 1 2 0 0 2 0 0 1 2 1 2 1 1 2 0 1 0 2 2 2 2 0 0 2 0 0 0 2 1 0 1 0 1 2 1 1 0 1 2 2 2 2 2 1 0 1 0 0 0 0 0 0 2 0 2 1 0 0 2 1 2 2 0 0 2 1 1 0 0 0 2 2 2 2 2 2 1 2 0 0 1 2 2 2 0 2 0 1 1 1 2
1.03065039325754 -0.254477947006397 -1.00967333963263 -1.57290081376509 0.0778888271968667 1 2 0 1 2 2 2 2 2 2 2 2 1 0 2 0 2 1 2 2 2 2 1 2 0 2 0 2 1 0 1 0 0 2 0 0 0 2 2 1 2 1 2 2 0 0 0 0 0 0 0 0 0 0 0 0 0 0 2 0 0 2 2 2 2 1 0 0 2 1 2 2 0 0 2 0 1 0 0 0 2 2 2 2 2 2 2 0 0 0 2 2 2 2 0 2 0 1 1 1 2 2 0 1 2 2 2 2 2 2 2 2 1 0 2 0 2 1 2 2 2 2 1 2 0 2 0 2 1 0 1 0 0 2 0 0 0 2 2 1 2 1 2 2 0 0 0 0 0 0 0 0 0 0 0 0 0 0 2 0 0 2 2 2 2 1 0 0 2 1 2 2 0 0 2 0 1 0 0 0 2 2 2 2 2 2 2 0 0 0 2 2 2 2 0 2 0 1 1 1 2
0.777695578675825 -0.0010926313348929 -1.66472928307021 -1.62282661500338 0.920365365190655 -1 2 0 0 1 2 2 2 2 1 0 2 0 1 2 0 1 1 1 2 2 1 1 2 1 2 2 2 2 2 2 1 0 2 0 0 0 2 1 0 1 1 2 2 2 1 1 0 1 2 1 2 2 0 0 1 0 1 1 0 0 1 2 1 2 1 1 1 2 1 0 2 0 0 2 0 2 0 0 0 2 2 2 1 2 1 2 2 0 0 1 2 1 2 0 1 1 0 1 1 2 -2 0 0 -1 -2 -2 -2 -2 -1 0 -2 0 -1 -2 0 -1 -1 -1 -2 -2 -1 -1 -2 -1 -2 -2 -2 -2 -2 -2 -1 0 -2 0 0 0 -2 -1 0 -1 -1 -2 -2 -2 -1 -1 0 -1 -2 -1 -2 -2 0 0 -1 0 -1 -1 0 0 -1 -2 -1 -2 -1 -1 -1 -2 -1 0 -2 0 0 -2 0 -2 0 0 0 -2 -2 -2 -1 -2 -1 -2 -2 0 0 -1 -2 -1 -2 0 -1 -1 0 -1 -1 -2
0.209586295140419 1.09136020593589 -2.44102981920921 0.291181308873433 0.976307769611364 1 2 0 0 1 1 2 2 1 0 0 2 0 0 2 0 0 0 0 0 1 0 0 2 2 2 1 2 0 1 2 0 1 2 0 0 0 0 1 0 1 0 1 1 0 1 1 0 0 1 1 2 2 1 0 0 1 1 2 0 0 1 2 0 2 0 0 1 2 0 1 2 0 1 2 0 2 1 1 0 1 2 2 1 2 1 1 1 0 1 1 2 2 2 0 0 0 0 1 2 2 2 0 0 1 1 2 2 1 0 0 2 0 0 2 0 0 0 0 0 1 0 0 2 2 2 1 2 0 1 2 0 1 2 0 0 0 0 1 0 1 0 1 1 0 1 1 0 0 1 1 2 2 1 0 0 1 1 2 0 0 1 2 0 2 0 0 1 2 0 1 2 0 1 2 0 2 1 1 0 1 2 2 1 2 1 1 1 0 1 1 2 2 2 0 0 0 0 1 2 2
1.10413635681512 0.237583230620598 0.113535222329111 1.0188999529604 -0.0539807249387459 1 2 1 0 1 2 2 2 1 0 0 1 0 0 2 0 2 1 1 1 2 1 0 2 0 2 0 1 1 0 2 0 1 2 0 1 1 2 1 0 1 1 1 2 2 0 0 0 1 0 1 1 2 1 0 1 0 1 1 0 0 0 2 1 2 2 1 1 2 0 1 2 0 1 2 2 2 0 1 0 2 2 1 1 2 1 2 1 0 0 2 1 0 2 0 2 1 1 1 2 2 2 1 0 1 2 2 2 1 0 0 1 0 0 2 0 2 1 1 1 2 1 0 2 0 2 0 1 1 0 2 0 1 2 0 1 1 2 1 0 1 1 1 2 2 0 0 0 1 0 1 1 2 1 0 1 0 1 1 0 0 0 2 1 2 2 1 1 2 0 1 2 0 1 2 2 2 0 1 0 2 2 1 1 2 1 2 1 0 0 2 1 0 2 0 2 1 1 1 2 2
-0.536564912839104 -0.483850799171455 2.1459414355032 -0.262643460738811 -0.160388304362774 -1 2 0 0 2 2 2 1 0 0 0 2 0 0 2 0 0 0 0 1 2 1 1 2 1 2 1 2 1 1 0 0 0 2 0 0 0 2 2 0 2 0 1 2 2 1 0 0 0 1 0 1 1 0 0 0 0 0 1 0 0 1 2 2 2 2 0 0 2 1 2 2 1 1 2 0 1 1 0 0 1 1 2 1 1 0 1 0 0 0 0 2 2 2 0 0 0 0 0 1 2 -2 0 0 -2 -2 -2 -1 0 0 0 -2 0 0 -2 0 0 0 0 -1 -2 -1 -1 -2 -1 -2 -1 -2 -1 -1 0 0 0 -2 0 0 0 -2 -2 0 -2 0 -1 -2 -2 -1 0 0 0 -1 0 -1 -1 0 0 0 0 0 -1 0 0 -1 -2 -2 -2 -2 0 0 -2 -1 -2 -2 -1 -1 -2 0 -1 -1 0 0 -1 -1 -2 -1 -1 0 -1 0 0 0 0 -2 -2 -2 0 0 0 0 0 -1 -2
-0.253458284227703 -0.848099980072267 0.910567208426216 1.01027016510914 -0.865084282558383 1 2 0 0 0 0 2 1 0 0 0 2 0 0 1 0 1 1 1 1 2 2 1 2 2 2 0 2 2 0 0 0 0 2 0 0 0 2 1 1 1 1 2 2 1 0 0 0 0 1 1 0 1 0 0 2 0 1 1 0 0 0 2 2 2 1 0 0 2 0 0 1 0 0 2 0 2 1 2 0 1 1 1 1 2 2 2 1 0 0 2 2 1 2 1 2 1 0 1 1 2 2 0 0 0 0 2 1 0 0 0 2 0 0 1 0 1 1 1 1 2 2 1 2 2 2 0 2 2 0 0 0 0 2 0 0 0 2 1 1 1 1 2 2 1 0 0 0 0 1 1 0 1 0 0 2 0 1 1 0 0 0 2 2 2 1 0 0 2 0 0 1 0 0 2 0 2 1 2 0 1 1 1 1 2 2 2 1 0 0 2 2 1 2 1 2 1 0 1 1 2
-1.34426130643217 1.42598071491929 0.332430955673028 -1.71660703930583 0.863836346596812 -1 2 1 1 2 1 2 2 0 0 0 2 0 0 2 0 1 2 1 2 2 2 2 2 1 1 0 2 0 1 1 0 0 2 0 0 0 2 2 0 1 0 1 1 1 2 0 0 0 1 1 2 2 2 1 1 0 1 1 0 0 0 2 2 2 1 0 0 2 0 0 2 0 0 2 1 2 1 1 0 1 2 2 2 2 1 2 2 0 0 1 2 2 2 1 2 1 1 1 2 2 -2 -1 -1 -2 -1 -2 -2 0 0 0 -2 0 0 -2 0 -1 -2 -1 -2 -2 -2 -2 -2 -1 -1 0 -2 0 -1 -1 0 0 -2 0 0 0 -2 -2 0 -1 0 -1 -1 -1 -2 0 0 0 -1 -1 -2 -2 -2 -1 -1 0 -1 -1 0 0 0 -2 -2 -2 -1 0 0 -2 0 0 -2 0 0 -2 -1 -2 -1 -1 0 -1 -2 -2 -2 -2 -1 -2 -2 0 0 -1 -2 -2 -2 -1 -2 -1 -1 -1 -2 -2
0.148738269673483 -0.718083427503906 1.0525490808331 -2.54737242658355 -0.130999178576732 1 2 0 0 2 2 1 0 0 0 0 2 0 0 2 1 0 2 0 0 1 1 0 2 1 2 1 2 1 1 1 2 1 2 1 0 1 1 2 0 1 0 0 1 0 0 0 0 0 1 0 2 2 1 0 1 0 0 2 0 0 0 2 0 2 1 1 1 2 1 1 2 0 0 2 1 2 0 1 0 2 2 2 1 2 0 1 1 0 1 2 1 0 2 1 1 0 1 1 1 2 2 0 0 2 2 1 0 0 0 0 2 0 0 2 1 0 2 0 0 1 1 0 2 1 2 1 2 1 1 1 2 1 2 1 0 1 1 2 0 1 0 0 1 0 0 0 0 0 1 0 2 2 1 0 1 0 0 2 0 0 0 2 0 2 1 1 1 2 1 1 2 0 0 2 1 2 0 1 0 2 2 2 1 2 0 1 1 0 1 2 1 0 2 1 1 0 1 1 1 2
-0.574564103204145 -0.216919080803505 0.648738654145669 0.809586717032647 -0.366149008830767 1 2 1 0 2 2 2 1 1 1 2 2 0 0 2 2 2 2 1 1 2 2 0 2 0 1 0 1 2 0 1 0 1 2 0 0 0 2 1 0 1 0 2 2 1 0 0 0 2 0 0 2 1 0 0 1 0 0 0 0 0 0 2 1 2 0 1 1 2 0 0 2 0 0 2 0 2 1 0 0 2 2 2 2 2 1 2 1 0 0 1 2 1 2 0 2 1 0 0 2 2 2 1 0 2 2 2 1 1 1 2 2 0 0 2 2 2 2 1 1 2 2 0 2 0 1 0 1 2 0 1 0 1 2 0 0 0 2 1 0 1 0 2 2 1 0 0 0 2 0 0 2 1 0 0 1 0 0 0 0 0 0 2 1 2 0 1 1 2 0 0 2 0 0 2 0 2 1 0 0 2 2 2 2 2 1 2 1 0 0 1 2 1 2 0 2 1 0 0 2 2
0.258524026720805 0.863971775784105 0.483827833087476 -1.09014112179587 -0.647941781931218 1 2 0 0 1 2 2 1 1 0 0 2 0 0 2 0 0 1 1 0 2 0 0 2 1 2 0 2 1 2 2 1 1 2 0 0 0 2 2 0 1 1 2 1 0 2 1 1 1 1 0 1 2 0 0 1 0 2 1 0 0 0 2 1 2 1 2 1 2 0 1 2 1 0 2 1 1 0 1 0 1 2 2 2 2 2 2 2 0 0 1 2 1 2 0 1 1 1 1 1 2 2 0 0 1 2 2 1 1 0 0 2 0 0 2 0 0 1 1 0 2 0 0 2 1 2 0 2 1 2 2 1 1 2 0 0 0 2 2 0 1 1 2 1 0 2 1 1 1 1 0 1 2 0 0 1 0 2 1 0 0 0 2 1 2 1 2 1 2 0 1 2 1 0 2 1 1 0 1 0 1 2 2 2 2 2 2 2 0 0 1 2 1 2 0 1 1 1 1 1 2
-0.188150014812171 -1.93310830728377 -1.27651031168721 -1.10184889553315 -0.419758985662433 1 2 2 2 2 2 2 2 2 0 1 2 0 1 2 0 0 0 1 1 2 2 1 2 0 2 0 1 0 2 1 0 0 2 0 0 0 2 2 0 1 0 1 2 1 1 0 0 0 0 0 2 2 0 0 1 0 0 1 0 0 1 2 2 2 1 0 0 2 1 1 1 0 1 2 0 1 1 1 0 2 2 2 2 2 1 1 0 0 0 2 2 0 2 0 1 0 0 0 1 2 2 2 2 2 2 2 2 2 0 1 2 0 1 2 0 0 0 1 1 2 2 1 2 0 2 0 1 0 2 1 0 0 2 0 0 0 2 2 0 1 0 1 2 1 1 0 0 0 0 0 2 2 0 0 1 0 0 1 0 0 1 2 2 2 1 0 0 2 1 1 1 0 1 2 0 1 1 1 0 2 2 2 2 2 1 1 0 0 0 2 2 0 2 0 1 0 0 0 1 2
-0.284449612686518 -0.996219338812794 1.41065269279876 -0.0845151337282458 -0.110091318274144 1 2 0 0 1 1 2 2 1 0 1 2 0 0 2 1 2 2 1 1 2 0 0 2 1 2 1 2 1 1 2 0 1 2 1 1 1 2 1 0 1 1 2 2 0 1 0 1 1 2 2 2 1 1 1 1 0 2 2 0 1 2 2 1 2 2 1 1 2 0 1 2 0 0 2 0 2 1 1 0 1 2 2 0 2 1 2 1 0 1 2 1 0 2 0 2 1 2 1 1 2 2 0 0 1 1 2 2 1 0 1 2 0 0 2 1 2 2 1 1 2 0 0 2 1 2 1 2 1 1 2 0 1 2 1 1 1 2 1 0 1 1 2 2 0 1 0 1 1 2 2 2 1 1 1 1 0 2 2 0 1 2 2 1 2 2 1 1 2 0 1 2 0 0 2 0 2 1 1 0 1 2 2 0 2 1 2 1 0 1 2 1 0 2 0 2 1 2 1 1 2
-0.115611196061602 0.541364129804595 -1.19817741196453 -0.706786452684029 -1.05379729237448 -1 2 1 0 0 0 1 0 0 0 0 2 0 0 2 0 0 0 0 1 2 0 1 2 1 2 1 2 0 1 2 2 1 2 0 0 0 2 1 0 0 0 1 2 1 0 0 0 0 1 0 2 2 1 0 0 0 2 2 0 0 0 2 1 2 1 0 0 1 2 2 2 2 1 2 1 2 2 2 0 1 1 1 1 1 1 2 1 0 0 1 1 0 1 0 1 1 2 2 2 2 -2 -1 0 0 0 -1 0 0 0 0 -2 0 0 -2 0 0 0 0 -1 -2 0 -1 -2 -1 -2 -1 -2 0 -1 -2 -2 -1 -2 0 0 0 -2 -1 0 0 0 -1 -2 -1 0 0 0 0 -1 0 -2 -2 -1 0 0 0 -2 -2 0 0 0 -2 -1 -2 -1 0 0 -1 -2 -2 -2 -2 -1 -2 -1 -2 -2 -2 0 -1 -1 -1 -1 -1 -1 -2 -1 0 0 -1 -1 0 -1 0 -1 -1 -2 -2 -2 -2
-0.206180414358477 0.459120424856036 0.0391278065125157 -0.947603566495904 2.12671064225028 1 2 0 0 1 2 2 1 1 0 0 2 0 0 2 0 0 0 0 0 1 1 0 2 2 2 0 2 1 2 2 1 0 2 0 0 0 2 2 0 0 0 1 2 0 1 0 0 0 1 0 2 2 1 0 1 0 2 1 0 0 1 2 1 2 0 0 0 2 1 1 2 0 0 2 0 2 1 1 0 2 2 2 2 2 2 2 2 0 2 1 1 0 2 0 1 0 0 1 2 2 2 0 0 1 2 2 1 1 0 0 2 0 0 2 0 0 0 0 0 1 1 0 2 2 2 0 2 1 2 2 1 0 2 0 0 0 2 2 0 0 0 1 2 0 1 0 0 0 1 0 2 2 1 0 1 0 2 1 0 0 1 2 1 2 0 0 0 2 1 1 2 0 0 2 0 2 1 1 0 2 2 2 2 2 2 2 2 0 2 1 1 0 2 0 1 0 0 1 2 2
1.19247740643741 0.450585442838963 -0.702746668139481 1.26232886814327 0.15725722602636 1 2 0 1 2 2 2 1 1 0 0 2 0 0 2 0 1 2 2 2 1 2 1 2 0 2 0 2 2 1 1 0 0 2 0 0 1 2 2 1 1 0 2 2 0 0 0 0 0 1 0 2 2 1 0 2 0 1 2 0 0 0 2 1 2 0 0 0 2 0 1 2 0 0 2 0 2 1 2 0 2 2 2 2 2 1 2 2 1 0 2 1 1 2 1 2 1 1 0 1 2 2 0 1 2 2 2 1 1 0 0 2 0 0 2 0 1 2 2 2 1 2 1 2 0 2 0 2 2 1 1 0 0 2 0 0 1 2 2 1 1 0 2 2 0 0 0 0 0 1 0 2 2 1 0 2 0 1 2 0 0 0 2 1 2 0 0 0 2 0 1 2 0 0 2 0 2 1 2 0 2 2 2 2 2 1 2 2 1 0 2 1 1 2 1 2 1 1 0 1 2
0.524460106674087 1.27337654009862 0.333119735935088 -0.306930981451321 1.07006988223084 1 2 0 0 1 2 2 0 0 0 0 2 0 0 2 0 1 2 2 1 2 0 0 2 1 1 1 2 0 1 1 0 1 2 0 0 0 2 1 0 0 0 0 1 0 1 0 0 0 0 0 1 2 0 0 2 0 0 2 1 0 2 2 1 2 2 1 1 2 0 0 1 0 0 2 0 1 0 0 0 2 2 2 1 2 2 2 1 0 0 2 2 2 2 1 2 2 2 2 2 2 2 0 0 1 2 2 0 0 0 0 2 0 0 2 0 1 2 2 1 2 0 0 2 1 1 1 2 0 1 1 0 1 2 0 0 0 2 1 0 0 0 0 1 0 1 0 0 0 0 0 1 2 0 0 2 0 0 2 1 0 2 2 1 2 2 1 1 2 0 0 1 0 0 2 0 1 0 0 0 2 2 2 1 2 2 2 1 0 0 2 2 2 2 1 2 2 2 2 2 2
