0.0746475982211997 -0.914532297835642 0.26203242593502 -1.06507128522312 -0.572419344674741 1 2 0 0 1 0 2 1 1 1 1 1 2 1 0 0 0 1 0 1 1 2 0 0 1 0 0 0 2 2 1 1 0 1 0 0 2 0 2 2 1 0 0 0 2 0 1 2 1 1 0 2 2 0 0 1 2 0 2 0 1 1 1 0 1 1 2 2 1 0 2 1 1 1 1 2 1 2 2 1 1 1 2 1 2 0 1 2 1 2 0 2 2 1 2 1 1 0 2 1 2 2 0 0 1 0 2 1 1 1 1 1 2 1 0 0 0 1 0 1 1 2 0 0 1 0 0 0 2 2 1 1 0 1 0 0 2 0 2 2 1 0 0 0 2 0 1 2 1 1 0 2 2 0 0 1 2 0 2 0 1 1 1 0 1 1 2 2 1 0 2 1 1 1 1 2 1 2 2 1 1 1 2 1 2 0 1 2 1 2 0 2 2 1 2 1 1 0 2 1 2
1.07763117884965 0.206628889361806 0.499104103686285 1.29820808150984 0.884268451255343 1 1 0 0 1 0 1 1 0 2 2 2 1 1 0 0 1 2 1 1 1 2 1 1 1 0 2 1 2 2 2 0 1 0 0 0 2 0 2 2 2 1 0 1 2 1 1 1 0 1 0 2 2 1 0 0 1 1 2 0 1 2 2 2 2 2 2 2 2 1 1 1 0 0 0 1 1 2 2 2 2 2 2 1 2 1 0 1 0 2 0 1 2 1 1 1 1 1 2 1 2 1 0 0 1 0 1 1 0 2 2 2 1 1 0 0 1 2 1 1 1 2 1 1 1 0 2 1 2 2 2 0 1 0 0 0 2 0 2 2 2 1 0 1 2 1 1 1 0 1 0 2 2 1 0 0 1 1 2 0 1 2 2 2 2 2 2 2 2 1 1 1 0 0 0 1 1 2 2 2 2 2 2 1 2 1 0 1 0 2 0 1 2 1 1 1 1 1 2 1 2
1.23801796851746 0.769632956724338 0.897536836128302 -0.180366162567387 -1.8202729937865 1 0 0 0 0 1 1 2 1 1 1 1 1 2 0 1 0 0 1 1 2 1 0 0 0 0 1 1 2 2 1 0 0 0 0 1 2 0 1 0 1 0 0 0 1 0 0 1 0 2 0 2 2 1 1 0 1 1 2 1 2 2 2 2 2 2 2 2 1 0 1 1 0 1 1 1 0 1 2 0 0 0 0 0 1 0 1 2 0 1 0 2 2 2 2 2 2 1 1 1 2 0 0 0 0 1 1 2 1 1 1 1 1 2 0 1 0 0 1 1 2 1 0 0 0 0 1 1 2 2 1 0 0 0 0 1 2 0 1 0 1 0 0 0 1 0 0 1 0 2 0 2 2 1 1 0 1 1 2 1 2 2 2 2 2 2 2 2 1 0 1 1 0 1 1 1 0 1 2 0 0 0 0 0 1 0 1 2 0 1 0 2 2 2 2 2 2 1 1 1 2
-0.734462816693158 -1.38996146214688 0.421969585268063 -0.0338592186116398 0.621827390493194 -1 1 0 0 0 0 1 1 1 1 1 1 1 2 2 2 0 2 2 1 0 0 1 0 1 0 2 2 2 2 1 0 0 0 0 0 2 0 1 1 2 2 0 1 2 1 1 2 0 0 0 1 2 1 1 0 1 1 2 0 1 2 2 1 2 1 1 2 2 0 2 2 1 0 2 1 0 1 1 0 0 0 0 0 1 1 1 1 1 1 0 1 2 0 1 1 0 0 0 0 2 -1 0 0 0 0 -1 -1 -1 -1 -1 -1 -1 -2 -2 -2 0 -2 -2 -1 0 0 -1 0 -1 0 -2 -2 -2 -2 -1 0 0 0 0 0 -2 0 -1 -1 -2 -2 0 -1 -2 -1 -1 -2 0 0 0 -1 -2 -1 -1 0 -1 -1 -2 0 -1 -2 -2 -1 -2 -1 -1 -2 -2 0 -2 -2 -1 0 -2 -1 0 -1 -1 0 0 0 0 0 -1 -1 -1 -1 -1 -1 0 -1 -2 0 -1 -1 0 0 0 0 -2
-0.0228262615115963 -2.38350419815594 0.224776730237792 -0.0824003717262059 -0.538694591023956 -1 2 0 1 1 0 1 1 1 2 2 2 1 2 1 1 1 2 1 2 2 2 0 1 0 0 2 2 2 2 0 0 1 0 1 0 1 0 2 1 2 1 1 1 1 1 2 2 0 2 0 1 2 0 0 1 0 2 2 0 2 2 2 1 2 2 2 2 1 0 2 2 1 1 2 1 0 2 2 1 0 0 0 0 1 1 1 2 1 2 2 2 2 1 2 2 1 0 0 1 2 -2 0 -1 -1 0 -1 -1 -1 -2 -2 -2 -1 -2 -1 -1 -1 -2 -1 -2 -2 -2 0 -1 0 0 -2 -2 -2 -2 0 0 -1 0 -1 0 -1 0 -2 -1 -2 -1 -1 -1 -1 -1 -2 -2 0 -2 0 -1 -2 0 0 -1 0 -2 -2 0 -2 -2 -2 -1 -2 -2 -2 -2 -1 0 -2 -2 -1 -1 -2 -1 0 -2 -2 -1 0 0 0 0 -1 -1 -1 -2 -1 -2 -2 -2 -2 -1 -2 -2 -1 0 0 -1 -2
-0.3032777581698 1.82042997542821 0.665974455559541 0.154755291803163 0.705853330530062 1 2 0 0 0 0 2 2 1 2 2 1 2 2 0 1 0 1 0 0 0 0 0 0 1 1 1 0 2 2 1 0 0 0 0 1 2 0 2 2 2 2 1 1 1 0 0 2 0 0 0 0 1 0 0 0 0 1 2 1 2 2 2 2 2 2 1 1 0 1 2 2 1 0 1 0 0 1 0 0 1 0 0 0 1 1 2 1 0 1 1 2 2 2 2 2 2 0 0 0 2 2 0 0 0 0 2 2 1 2 2 1 2 2 0 1 0 1 0 0 0 0 0 0 1 1 1 0 2 2 1 0 0 0 0 1 2 0 2 2 2 2 1 1 1 0 0 2 0 0 0 0 1 0 0 0 0 1 2 1 2 2 2 2 2 2 1 1 0 1 2 2 1 0 1 0 0 1 0 0 1 0 0 0 1 1 2 1 0 1 1 2 2 2 2 2 2 0 0 0 2
-0.942193559263677 -0.888664886490281 1.01464978126839 -1.10964085473753 -0.8210672124823 -1 2 1 2 2 1 1 1 2 1 2 2 2 2 0 0 0 1 1 1 1 1 0 2 1 0 0 0 2 1 0 0 0 0 0 0 2 0 0 1 2 0 0 0 2 0 1 2 0 1 0 1 2 0 1 0 1 1 2 1 1 2 1 2 2 2 2 2 2 2 2 2 2 1 2 0 0 2 1 0 1 0 0 0 2 1 0 0 0 1 0 1 1 0 1 2 2 0 0 0 2 -2 -1 -2 -2 -1 -1 -1 -2 -1 -2 -2 -2 -2 0 0 0 -1 -1 -1 -1 -1 0 -2 -1 0 0 0 -2 -1 0 0 0 0 0 0 -2 0 0 -1 -2 0 0 0 -2 0 -1 -2 0 -1 0 -1 -2 0 -1 0 -1 -1 -2 -1 -1 -2 -1 -2 -2 -2 -2 -2 -2 -2 -2 -2 -2 -1 -2 0 0 -2 -1 0 -1 0 0 0 -2 -1 0 0 0 -1 0 -1 -1 0 -1 -2 -2 0 0 0 -2
0.402223556428948 -0.540356430950688 0.0196146220720815 -1.00156245495496 1.27964097968921 -1 2 0 0 0 0 0 0 0 0 1 1 1 2 1 1 0 2 1 1 1 1 0 1 0 0 1 0 2 2 1 0 0 0 0 0 2 0 2 2 2 0 0 0 2 2 2 2 0 2 1 2 2 0 0 0 0 2 2 1 2 2 1 0 1 1 2 1 1 1 2 2 0 1 2 1 1 1 1 0 1 0 1 0 1 1 2 2 2 1 1 2 2 2 1 2 2 0 1 1 2 -2 0 0 0 0 0 0 0 0 -1 -1 -1 -2 -1 -1 0 -2 -1 -1 -1 -1 0 -1 0 0 -1 0 -2 -2 -1 0 0 0 0 0 -2 0 -2 -2 -2 0 0 0 -2 -2 -2 -2 0 -2 -1 -2 -2 0 0 0 0 -2 -2 -1 -2 -2 -1 0 -1 -1 -2 -1 -1 -1 -2 -2 0 -1 -2 -1 -1 -1 -1 0 -1 0 -1 0 -1 -1 -2 -2 -2 -1 -1 -2 -2 -2 -1 -2 -2 0 -1 -1 -2
-0.0366420209352581 -0.914799950472211 0.427347890140466 -1.15675705676559 -0.877321663950454 -1 2 1 0 0 0 1 1 1 1 2 1 2 1 0 0 0 0 1 1 1 1 0 2 1 0 1 0 2 2 1 0 0 0 0 0 0 0 1 2 2 0 0 0 2 1 2 1 0 2 0 1 2 0 0 1 0 0 1 1 2 2 2 2 2 2 1 2 2 0 2 1 2 1 2 2 0 1 2 0 0 0 0 0 1 2 2 1 0 0 0 2 2 0 1 1 1 0 0 0 2 -2 -1 0 0 0 -1 -1 -1 -1 -2 -1 -2 -1 0 0 0 0 -1 -1 -1 -1 0 -2 -1 0 -1 0 -2 -2 -1 0 0 0 0 0 0 0 -1 -2 -2 0 0 0 -2 -1 -2 -1 0 -2 0 -1 -2 0 0 -1 0 0 -1 -1 -2 -2 -2 -2 -2 -2 -1 -2 -2 0 -2 -1 -2 -1 -2 -2 0 -1 -2 0 0 0 0 0 -1 -2 -2 -1 0 0 0 -2 -2 0 -1 -1 -1 0 0 0 -2
0.581685233581696 0.87880034541114 -1.00290302469906 -0.55472836483801 0.852544565334664 1 1 0 0 0 0 1 0 0 0 2 2 2 1 0 0 0 2 2 2 2 2 0 0 1 1 2 1 2 2 0 0 1 0 0 1 2 0 2 2 2 1 0 0 1 1 2 2 2 2 1 2 2 1 1 0 1 2 2 1 1 2 2 1 2 2 2 2 2 1 2 2 1 1 2 1 0 1 1 0 0 1 2 0 1 1 0 1 2 2 0 1 2 1 1 2 2 0 1 1 2 1 0 0 0 0 1 0 0 0 2 2 2 1 0 0 0 2 2 2 2 2 0 0 1 1 2 1 2 2 0 0 1 0 0 1 2 0 2 2 2 1 0 0 1 1 2 2 2 2 1 2 2 1 1 0 1 2 2 1 1 2 2 1 2 2 2 2 2 1 2 2 1 1 2 1 0 1 1 0 0 1 2 0 1 1 0 1 2 2 0 1 2 1 1 2 2 0 1 1 2
1.72393547605908 -0.112971899165489 -0.903320696241729 0.568113384138195 -1.44352314887333 -1 1 0 0 1 0 2 1 2 2 2 2 2 2 1 0 0 2 0 0 1 1 0 1 1 0 1 1 2 2 0 1 1 2 1 1 2 0 2 1 1 0 0 0 0 0 1 2 0 1 0 2 1 0 0 0 0 1 1 1 1 2 2 1 2 2 2 2 1 1 2 1 0 1 1 1 0 1 2 0 1 0 0 0 1 1 1 1 0 0 0 2 2 0 0 1 2 0 0 0 2 -1 0 0 -1 0 -2 -1 -2 -2 -2 -2 -2 -2 -1 0 0 -2 0 0 -1 -1 0 -1 -1 0 -1 -1 -2 -2 0 -1 -1 -2 -1 -1 -2 0 -2 -1 -1 0 0 0 0 0 -1 -2 0 -1 0 -2 -1 0 0 0 0 -1 -1 -1 -1 -2 -2 -1 -2 -2 -2 -2 -1 -1 -2 -1 0 -1 -1 -1 0 -1 -2 0 -1 0 0 0 -1 -1 -1 -1 0 0 0 -2 -2 0 0 -1 -2 0 0 0 -2
-1.68320976576661 -0.187349979340855 -0.1914817905269 -0.941585197813317 0.493884610711264 1 2 0 0 0 0 2 1 0 0 1 1 1 2 0 0 0 2 2 1 1 2 0 0 0 0 2 0 2 2 2 0 0 0 0 0 1 0 2 2 2 1 1 1 2 1 0 1 1 2 0 1 1 0 0 0 0 2 2 0 0 2 2 1 2 1 2 1 1 0 2 2 1 1 2 1 1 1 1 2 1 1 1 0 1 1 1 2 1 2 2 2 2 1 2 1 2 0 1 2 2 2 0 0 0 0 2 1 0 0 1 1 1 2 0 0 0 2 2 1 1 2 0 0 0 0 2 0 2 2 2 0 0 0 0 0 1 0 2 2 2 1 1 1 2 1 0 1 1 2 0 1 1 0 0 0 0 2 2 0 0 2 2 1 2 1 2 1 1 0 2 2 1 1 2 1 1 1 1 2 1 1 1 0 1 1 1 2 1 2 2 2 2 1 2 1 2 0 1 2 2
-0.555994773648739 -0.612327039100414 -0.778875397798995 -1.93523437682467 0.361637718557571 1 0 0 0 0 0 2 1 2 2 2 1 2 1 0 0 0 1 1 0 0 1 1 1 2 2 2 1 2 2 1 0 1 0 0 1 2 0 1 2 2 0 0 0 2 1 2 2 1 2 1 1 1 0 0 1 1 2 1 0 2 2 2 1 2 2 2 1 1 0 2 2 0 0 0 0 0 0 1 1 2 1 0 0 1 2 2 1 0 2 0 2 2 1 2 2 2 0 1 1 2 0 0 0 0 0 2 1 2 2 2 1 2 1 0 0 0 1 1 0 0 1 1 1 2 2 2 1 2 2 1 0 1 0 0 1 2 0 1 2 2 0 0 0 2 1 2 2 1 2 1 1 1 0 0 1 1 2 1 0 2 2 2 1 2 2 2 1 1 0 2 2 0 0 0 0 0 0 1 1 2 1 0 0 1 2 2 1 0 2 0 2 2 1 2 2 2 0 1 1 2
0.526581332873714 0.450899219854772 -0.076751501212488 -0.628727226410543 -0.560066644621069 -1 2 0 0 0 1 2 2 2 2 2 1 1 2 0 0 0 2 1 1 0 0 0 0 2 1 2 1 2 2 2 0 1 0 0 1 2 0 1 2 2 1 0 0 2 1 2 1 0 2 0 1 2 0 0 0 0 1 1 0 2 1 2 1 2 1 2 0 0 0 1 0 0 0 0 1 0 2 1 1 1 0 1 1 2 2 1 1 2 2 1 1 2 1 1 2 1 0 0 1 2 -2 0 0 0 -1 -2 -2 -2 -2 -2 -1 -1 -2 0 0 0 -2 -1 -1 0 0 0 0 -2 -1 -2 -1 -2 -2 -2 0 -1 0 0 -1 -2 0 -1 -2 -2 -1 0 0 -2 -1 -2 -1 0 -2 0 -1 -2 0 0 0 0 -1 -1 0 -2 -1 -2 -1 -2 -1 -2 0 0 0 -1 0 0 0 0 -1 0 -2 -1 -1 -1 0 -1 -1 -2 -2 -1 -1 -2 -2 -1 -1 -2 -1 -1 -2 -1 0 0 -1 -2
0.239861365626757 -1.00754561772235 0.660150383783043 1.39748059661982 -0.562948003702381 1 2 0 1 0 1 1 1 1 1 2 1 0 1 1 1 2 2 2 2 0 1 0 0 2 0 1 1 2 2 2 0 0 0 0 1 1 0 1 2 1 1 0 1 1 1 1 1 0 1 0 1 2 0 0 0 0 1 2 1 1 2 2 2 2 2 2 1 2 2 2 1 1 0 2 1 0 2 2 1 1 1 0 0 2 1 1 1 1 1 2 2 2 1 1 1 2 2 1 1 2 2 0 1 0 1 1 1 1 1 2 1 0 1 1 1 2 2 2 2 0 1 0 0 2 0 1 1 2 2 2 0 0 0 0 1 1 0 1 2 1 1 0 1 1 1 1 1 0 1 0 1 2 0 0 0 0 1 2 1 1 2 2 2 2 2 2 1 2 2 2 1 1 0 2 1 0 2 2 1 1 1 0 0 2 1 1 1 1 1 2 2 2 1 1 1 2 2 1 1 2
0.410440719213764 -0.424736455323398 -1.06093637848835 0.420498446984385 -0.556102624560269 -1 1 0 0 0 0 2 1 1 1 2 2 2 1 0 1 1 2 2 2 2 2 0 1 2 0 1 0 1 2 1 1 2 0 0 0 2 0 2 2 2 2 0 0 1 2 2 1 1 1 0 2 2 1 0 0 0 0 0 0 1 2 1 0 2 2 1 1 0 0 2 2 1 1 2 2 1 0 1 0 1 1 2 0 1 1 1 1 0 1 1 2 2 2 2 2 1 0 0 0 2 -1 0 0 0 0 -2 -1 -1 -1 -2 -2 -2 -1 0 -1 -1 -2 -2 -2 -2 -2 0 -1 -2 0 -1 0 -1 -2 -1 -1 -2 0 0 0 -2 0 -2 -2 -2 -2 0 0 -1 -2 -2 -1 -1 -1 0 -2 -2 -1 0 0 0 0 0 0 -1 -2 -1 0 -2 -2 -1 -1 0 0 -2 -2 -1 -1 -2 -2 -1 0 -1 0 -1 -1 -2 0 -1 -1 -1 -1 0 -1 -1 -2 -2 -2 -2 -2 -1 0 0 0 -2
-1.51637447335932 0.477196611852159 -0.873065500037333 -1.78576776049569 0.373051081687481 -1 2 0 0 0 0 2 2 2 1 1 1 0 1 1 1 0 1 2 2 2 2 1 1 0 0 0 0 2 2 1 0 0 0 0 2 2 0 2 1 1 0 0 0 2 1 1 1 1 1 0 1 2 0 0 0 1 2 1 1 1 2 2 1 2 1 1 0 0 0 1 2 0 0 2 1 0 2 2 0 1 0 0 0 2 1 1 1 0 0 0 2 2 1 1 2 2 0 2 2 2 -2 0 0 0 0 -2 -2 -2 -1 -1 -1 0 -1 -1 -1 0 -1 -2 -2 -2 -2 -1 -1 0 0 0 0 -2 -2 -1 0 0 0 0 -2 -2 0 -2 -1 -1 0 0 0 -2 -1 -1 -1 -1 -1 0 -1 -2 0 0 0 -1 -2 -1 -1 -1 -2 -2 -1 -2 -1 -1 0 0 0 -1 -2 0 0 -2 -1 0 -2 -2 0 -1 0 0 0 -2 -1 -1 -1 0 0 0 -2 -2 -1 -1 -2 -2 0 -2 -2 -2
-1.33514263662876 2.80003623038882 -0.346007915415731 -0.448499723371406 -0.516708862344201 -1 1 0 2 1 0 2 0 1 2 2 1 2 2 0 1 0 1 2 2 2 2 0 2 2 0 1 1 2 2 2 0 0 0 0 1 2 0 2 2 2 1 2 2 1 1 0 1 0 1 0 1 2 0 0 0 0 2 1 0 0 1 2 1 2 2 2 2 2 1 2 1 0 0 1 0 0 2 2 0 2 1 2 0 2 1 1 2 1 2 1 2 2 0 0 2 2 1 0 0 2 -1 0 -2 -1 0 -2 0 -1 -2 -2 -1 -2 -2 0 -1 0 -1 -2 -2 -2 -2 0 -2 -2 0 -1 -1 -2 -2 -2 0 0 0 0 -1 -2 0 -2 -2 -2 -1 -2 -2 -1 -1 0 -1 0 -1 0 -1 -2 0 0 0 0 -2 -1 0 0 -1 -2 -1 -2 -2 -2 -2 -2 -1 -2 -1 0 0 -1 0 0 -2 -2 0 -2 -1 -2 0 -2 -1 -1 -2 -1 -2 -1 -2 -2 0 0 -2 -2 -1 0 0 -2
1.23455051434776 -1.78385568504436 1.63452749356471 0.715708420642369 1.44016892993946 -1 2 0 2 1 2 2 2 0 1 2 1 2 2 2 0 0 2 0 1 0 0 0 0 1 0 2 1 2 2 1 0 2 1 0 0 1 0 2 2 2 1 1 0 2 2 1 2 1 1 0 2 2 0 0 0 1 2 1 0 2 2 2 1 2 2 1 1 0 0 2 2 1 0 1 2 1 1 2 2 2 1 1 0 2 1 2 2 1 2 0 2 2 1 0 2 1 0 0 0 2 -2 0 -2 -1 -2 -2 -2 0 -1 -2 -1 -2 -2 -2 0 0 -2 0 -1 0 0 0 0 -1 0 -2 -1 -2 -2 -1 0 -2 -1 0 0 -1 0 -2 -2 -2 -1 -1 0 -2 -2 -1 -2 -1 -1 0 -2 -2 0 0 0 -1 -2 -1 0 -2 -2 -2 -1 -2 -2 -1 -1 0 0 -2 -2 -1 0 -1 -2 -1 -1 -2 -2 -2 -1 -1 0 -2 -1 -2 -2 -1 -2 0 -2 -2 -1 0 -2 -1 0 0 0 -2
1.73823724337721 -0.300879358150397 0.810414996594727 -1.99633361982398 -0.0349211494028163 1 1 0 1 0 0 2 0 0 1 2 2 2 2 0 0 0 2 2 2 1 1 0 0 0 0 2 2 2 2 1 0 1 0 0 0 2 0 2 2 1 0 0 0 0 0 1 2 0 0 0 1 1 0 0 1 1 2 2 1 1 2 2 2 2 1 1 1 1 0 0 0 0 0 0 0 0 2 2 1 0 0 0 0 2 0 0 1 2 1 1 2 2 0 1 1 2 0 1 0 2 1 0 1 0 0 2 0 0 1 2 2 2 2 0 0 0 2 2 2 1 1 0 0 0 0 2 2 2 2 1 0 1 0 0 0 2 0 2 2 1 0 0 0 0 0 1 2 0 0 0 1 1 0 0 1 1 2 2 1 1 2 2 2 2 1 1 1 1 0 0 0 0 0 0 0 0 2 2 1 0 0 0 0 2 0 0 1 2 1 1 2 2 0 1 1 2 0 1 0 2
0.0809249658335319 0.250325303405292 -0.278463089982161 -0.187294288346119 -0.560763134285469 1 2 0 0 0 0 1 1 1 1 2 2 2 2 1 1 1 2 1 0 0 1 0 0 0 0 1 1 2 2 1 0 1 1 0 0 2 0 2 0 2 1 0 1 1 1 1 1 1 2 0 2 2 0 0 0 1 0 1 0 1 1 0 0 1 1 1 1 1 1 2 1 0 0 1 1 1 1 1 2 1 0 0 0 2 1 1 0 0 2 1 2 2 2 2 2 2 1 1 1 2 2 0 0 0 0 1 1 1 1 2 2 2 2 1 1 1 2 1 0 0 1 0 0 0 0 1 1 2 2 1 0 1 1 0 0 2 0 2 0 2 1 0 1 1 1 1 1 1 2 0 2 2 0 0 0 1 0 1 0 1 1 0 0 1 1 1 1 1 1 2 1 0 0 1 1 1 1 1 2 1 0 0 0 2 1 1 0 0 2 1 2 2 2 2 2 2 1 1 1 2
-1.3563795815532 0.8685278510775 -0.953525888427856 -0.461702758035958 0.168935460575649 1 2 1 2 1 0 1 1 2 1 2 1 1 2 0 0 0 1 2 1 2 1 0 0 1 0 1 0 2 2 1 0 1 0 0 1 1 0 1 2 2 1 1 1 2 2 1 2 1 2 0 1 1 1 0 0 0 1 2 0 1 2 1 2 2 2 1 0 0 0 2 2 1 0 2 1 1 2 1 1 1 0 0 0 1 1 1 1 2 1 1 2 2 1 0 2 2 0 1 1 2 2 1 2 1 0 1 1 2 1 2 1 1 2 0 0 0 1 2 1 2 1 0 0 1 0 1 0 2 2 1 0 1 0 0 1 1 0 1 2 2 1 1 1 2 2 1 2 1 2 0 1 1 1 0 0 0 1 2 0 1 2 1 2 2 2 1 0 0 0 2 2 1 0 2 1 1 2 1 1 1 0 0 0 1 1 1 1 2 1 1 2 2 1 0 2 2 0 1 1 2
0.585235257354494 0.515126232483657 0.786728241079054 0.45033445631804 0.403780829951574 -1 1 0 0 0 0 0 1 1 1 2 1 1 0 0 1 1 2 1 1 1 1 0 1 2 1 2 2 2 2 0 0 0 0 0 1 2 0 1 2 2 1 1 1 2 1 2 1 0 2 1 2 2 0 0 0 0 1 2 0 2 2 2 1 2 2 0 2 1 0 2 1 0 0 1 2 0 0 1 0 0 1 0 0 2 1 2 1 1 1 0 2 2 2 0 2 2 0 0 1 2 -1 0 0 0 0 0 -1 -1 -1 -2 -1 -1 0 0 -1 -1 -2 -1 -1 -1 -1 0 -1 -2 -1 -2 -2 -2 -2 0 0 0 0 0 -1 -2 0 -1 -2 -2 -1 -1 -1 -2 -1 -2 -1 0 -2 -1 -2 -2 0 0 0 0 -1 -2 0 -2 -2 -2 -1 -2 -2 0 -2 -1 0 -2 -1 0 0 -1 -2 0 0 -1 0 0 -1 0 0 -2 -1 -2 -1 -1 -1 0 -2 -2 -2 0 -2 -2 0 0 -1 -2
-0.155597324588317 -0.288075098451627 1.84498944096171 -0.60747944855172 -1.17291725598253 1 1 0 0 0 0 1 0 0 0 2 2 1 2 0 0 0 1 0 1 0 1 0 0 0 0 0 0 2 1 0 0 2 1 0 1 2 0 2 2 2 1 0 1 2 1 1 2 0 2 0 1 2 1 1 0 0 0 0 0 1 2 2 2 2 2 2 2 1 1 2 2 2 1 2 1 0 1 1 0 0 0 1 0 1 1 0 0 2 1 0 2 2 1 0 2 1 0 0 0 2 1 0 0 0 0 1 0 0 0 2 2 1 2 0 0 0 1 0 1 0 1 0 0 0 0 0 0 2 1 0 0 2 1 0 1 2 0 2 2 2 1 0 1 2 1 1 2 0 2 0 1 2 1 1 0 0 0 0 0 1 2 2 2 2 2 2 2 1 1 2 2 2 1 2 1 0 1 1 0 0 0 1 0 1 1 0 0 2 1 0 2 2 1 0 2 1 0 0 0 2
-0.975560929307915 0.0340715406888376 -0.304185055822117 1.35843633398946 -1.00437620896796 -1 1 0 1 1 1 1 1 2 1 1 2 2 2 1 1 0 2 0 1 1 0 0 1 0 0 2 2 2 2 2 0 1 0 0 0 2 0 2 2 2 0 0 0 2 2 1 2 1 1 0 1 2 0 0 1 1 0 1 0 0 1 1 1 1 0 1 2 1 1 2 2 0 1 1 1 0 2 2 2 2 1 1 0 2 0 1 1 1 2 1 2 2 0 0 2 1 0 0 1 2 -1 0 -1 -1 -1 -1 -1 -2 -1 -1 -2 -2 -2 -1 -1 0 -2 0 -1 -1 0 0 -1 0 0 -2 -2 -2 -2 -2 0 -1 0 0 0 -2 0 -2 -2 -2 0 0 0 -2 -2 -1 -2 -1 -1 0 -1 -2 0 0 -1 -1 0 -1 0 0 -1 -1 -1 -1 0 -1 -2 -1 -1 -2 -2 0 -1 -1 -1 0 -2 -2 -2 -2 -1 -1 0 -2 0 -1 -1 -1 -2 -1 -2 -2 0 0 -2 -1 0 0 -1 -2
0.522019272740152 1.29919302533695 -0.521712820282906 -0.213242920606417 2.1934517077747 -1 1 0 0 0 0 1 0 0 1 2 2 1 2 0 0 1 0 0 0 0 1 0 0 1 0 2 2 2 2 2 0 1 0 0 1 2 1 2 2 2 1 1 1 2 1 1 1 0 1 1 2 2 2 1 1 2 2 2 1 2 2 2 1 2 2 2 1 0 0 1 1 0 0 0 0 1 1 1 1 1 0 1 1 2 1 1 2 1 1 1 2 1 1 1 2 1 0 0 1 2 -1 0 0 0 0 -1 0 0 -1 -2 -2 -1 -2 0 0 -1 0 0 0 0 -1 0 0 -1 0 -2 -2 -2 -2 -2 0 -1 0 0 -1 -2 -1 -2 -2 -2 -1 -1 -1 -2 -1 -1 -1 0 -1 -1 -2 -2 -2 -1 -1 -2 -2 -2 -1 -2 -2 -2 -1 -2 -2 -2 -1 0 0 -1 -1 0 0 0 0 -1 -1 -1 -1 -1 0 -1 -1 -2 -1 -1 -2 -1 -1 -1 -2 -1 -1 -1 -2 -1 0 0 -1 -2
0.604418386153097 -0.844003544366736 0.0243465464360974 -0.8050269922692 0.00782011344494726 1 1 0 1 0 0 1 1 1 2 2 2 2 2 0 1 0 2 1 1 1 1 0 1 1 0 1 1 1 2 1 0 1 0 0 0 2 0 1 2 2 1 0 0 2 2 2 1 0 1 0 1 1 0 1 0 1 1 2 0 1 2 1 1 2 2 2 2 1 0 2 1 0 0 0 0 0 1 1 1 1 0 1 1 2 1 1 1 2 2 1 2 2 0 1 2 0 0 1 1 2 1 0 1 0 0 1 1 1 2 2 2 2 2 0 1 0 2 1 1 1 1 0 1 1 0 1 1 1 2 1 0 1 0 0 0 2 0 1 2 2 1 0 0 2 2 2 1 0 1 0 1 1 0 1 0 1 1 2 0 1 2 1 1 2 2 2 2 1 0 2 1 0 0 0 0 0 1 1 1 1 0 1 1 2 1 1 1 2 2 1 2 2 0 1 2 0 0 1 1 2
-0.872851759797639 -0.839162815423684 -0.213655511675186 0.963376469584693 1.70016497889255 1 1 0 0 0 0 0 2 1 1 2 1 2 2 0 1 1 2 1 0 0 2 0 0 0 0 2 1 2 2 1 0 0 0 0 1 2 0 2 2 1 0 0 2 0 0 1 1 0 2 0 2 2 0 0 0 2 1 1 0 1 2 1 0 2 2 2 2 1 0 2 2 1 0 1 1 0 0 1 0 0 0 1 0 2 1 0 2 1 2 0 2 1 1 0 2 2 0 0 0 2 1 0 0 0 0 0 2 1 1 2 1 2 2 0 1 1 2 1 0 0 2 0 0 0 0 2 1 2 2 1 0 0 0 0 1 2 0 2 2 1 0 0 2 0 0 1 1 0 2 0 2 2 0 0 0 2 1 1 0 1 2 1 0 2 2 2 2 1 0 2 2 1 0 1 1 0 0 1 0 0 0 1 0 2 1 0 2 1 2 0 2 1 1 0 2 2 0 0 0 2
-0.870258817190038 -0.00625178544582078 -0.00655461856456244 1.30994390772602 -0.719176423238007 1 1 0 0 1 0 1 1 1 0 1 1 2 1 1 1 0 2 1 1 2 0 1 1 1 0 1 0 2 2 1 0 2 0 0 0 2 0 2 2 2 0 0 0 1 0 1 1 0 1 0 0 2 0 0 0 0 2 1 0 1 1 1 1 2 2 2 0 0 0 0 0 0 0 1 1 0 1 0 0 0 0 1 0 2 1 0 1 2 1 1 2 1 0 0 2 1 1 1 1 2 1 0 0 1 0 1 1 1 0 1 1 2 1 1 1 0 2 1 1 2 0 1 1 1 0 1 0 2 2 1 0 2 0 0 0 2 0 2 2 2 0 0 0 1 0 1 1 0 1 0 0 2 0 0 0 0 2 1 0 1 1 1 1 2 2 2 0 0 0 0 0 0 0 1 1 0 1 0 0 0 0 1 0 2 1 0 1 2 1 1 2 1 0 0 2 1 1 1 1 2
0.190477658866534 -0.109187257265016 1.53596900906672 0.59789582298395 0.654831808821696 1 2 0 1 0 1 2 1 1 0 1 1 1 2 1 0 0 2 1 2 1 1 0 0 0 0 2 1 2 2 2 0 2 0 0 2 2 0 2 2 2 2 1 0 2 2 1 1 0 1 0 2 1 0 0 0 1 1 2 0 2 2 1 0 2 2 1 1 1 0 2 2 1 1 1 0 1 2 2 1 2 1 1 0 2 2 1 1 1 2 2 2 2 1 0 1 2 1 1 1 2 2 0 1 0 1 2 1 1 0 1 1 1 2 1 0 0 2 1 2 1 1 0 0 0 0 2 1 2 2 2 0 2 0 0 2 2 0 2 2 2 2 1 0 2 2 1 1 0 1 0 2 1 0 0 0 1 1 2 0 2 2 1 0 2 2 1 1 1 0 2 2 1 1 1 0 1 2 2 1 2 1 1 0 2 2 1 1 1 2 2 2 2 1 0 1 2 1 1 1 2
-0.114349931042615 -0.545997441120784 2.42113667773827 -1.18296351486989 0.365339771198149 -1 2 0 0 0 0 1 1 1 1 0 1 0 2 0 0 0 1 0 0 0 1 0 1 1 0 1 1 2 1 1 0 1 0 0 0 0 0 1 1 2 1 1 1 2 2 1 0 0 0 1 2 1 0 0 1 2 2 1 0 1 1 2 0 2 2 2 2 2 1 2 2 0 0 2 2 0 2 1 1 0 0 0 0 2 1 0 0 0 2 1 1 2 0 0 2 1 0 1 1 2 -2 0 0 0 0 -1 -1 -1 -1 0 -1 0 -2 0 0 0 -1 0 0 0 -1 0 -1 -1 0 -1 -1 -2 -1 -1 0 -1 0 0 0 0 0 -1 -1 -2 -1 -1 -1 -2 -2 -1 0 0 0 -1 -2 -1 0 0 -1 -2 -2 -1 0 -1 -1 -2 0 -2 -2 -2 -2 -2 -1 -2 -2 0 0 -2 -2 0 -2 -1 -1 0 0 0 0 -2 -1 0 0 0 -2 -1 -1 -2 0 0 -2 -1 0 -1 -1 -2
-1.43987669052221 0.177004328488697 0.609073389504007 -1.58572067069799 0.580450545180724 1 2 0 1 1 1 0 0 1 1 2 1 1 2 0 0 0 2 0 1 1 1 0 1 0 0 2 2 2 2 1 0 0 0 1 2 2 0 2 2 2 2 1 0 2 0 2 0 0 2 0 1 2 0 0 0 0 1 2 1 1 2 2 0 1 1 1 1 0 1 2 2 1 0 1 1 0 2 1 0 0 0 0 0 1 0 1 1 0 1 1 1 1 1 0 1 1 0 0 2 2 2 0 1 1 1 0 0 1 1 2 1 1 2 0 0 0 2 0 1 1 1 0 1 0 0 2 2 2 2 1 0 0 0 1 2 2 0 2 2 2 2 1 0 2 0 2 0 0 2 0 1 2 0 0 0 0 1 2 1 1 2 2 0 1 1 1 1 0 1 2 2 1 0 1 1 0 2 1 0 0 0 0 0 1 0 1 1 0 1 1 1 1 1 0 1 1 0 0 2 2
-1.4170207993854 -0.439479388978914 -0.739341936910841 0.335954799121264 1.09152377466241 1 1 0 1 1 0 1 0 0 1 1 2 2 1 0 0 0 2 2 2 2 1 0 0 0 0 1 2 2 2 1 0 0 0 0 1 1 0 2 2 2 0 0 1 2 0 1 1 0 0 0 1 2 1 1 0 2 1 1 0 1 2 2 2 2 2 1 2 1 0 1 0 0 0 2 1 0 0 2 2 1 1 2 1 1 0 1 2 1 0 1 1 2 1 1 2 1 0 0 0 2 1 0 1 1 0 1 0 0 1 1 2 2 1 0 0 0 2 2 2 2 1 0 0 0 0 1 2 2 2 1 0 0 0 0 1 1 0 2 2 2 0 0 1 2 0 1 1 0 0 0 1 2 1 1 0 2 1 1 0 1 2 2 2 2 2 1 2 1 0 1 0 0 0 2 1 0 0 2 2 1 1 2 1 1 0 1 2 1 0 1 1 2 1 1 2 1 0 0 0 2
0.0967711832231889 0.151287733458526 -1.19175978021308 -0.395827405680812 1.99068461470324 1 2 0 1 0 0 1 0 0 1 1 1 1 1 0 1 0 2 2 2 1 2 0 0 2 0 2 2 2 1 1 0 1 0 0 0 1 0 2 2 2 1 0 1 2 1 2 2 0 1 0 1 2 0 0 1 1 0 1 0 0 2 2 2 2 2 1 2 2 0 2 2 1 0 2 1 0 2 0 0 1 1 1 0 1 0 1 1 1 1 0 2 2 0 0 2 1 0 0 0 2 2 0 1 0 0 1 0 0 1 1 1 1 1 0 1 0 2 2 2 1 2 0 0 2 0 2 2 2 1 1 0 1 0 0 0 1 0 2 2 2 1 0 1 2 1 2 2 0 1 0 1 2 0 0 1 1 0 1 0 0 2 2 2 2 2 1 2 2 0 2 2 1 0 2 1 0 2 0 0 1 1 1 0 1 0 1 1 1 1 0 2 2 0 0 2 1 0 0 0 2
0.508732971665128 -0.775921093404774 0.144959937729785 -0.709498134547635 1.47814382876526 1 2 0 0 0 1 2 1 1 1 2 1 2 1 0 0 0 0 0 1 1 1 0 0 1 0 2 2 2 1 0 0 1 0 0 1 2 0 2 1 2 0 0 0 1 2 2 2 0 2 0 0 1 0 0 0 0 2 2 0 1 1 1 2 2 2 1 0 1 1 2 1 1 0 2 1 0 1 2 2 0 0 1 0 2 1 2 1 1 0 0 2 2 1 1 2 0 0 0 1 2 2 0 0 0 1 2 1 1 1 2 1 2 1 0 0 0 0 0 1 1 1 0 0 1 0 2 2 2 1 0 0 1 0 0 1 2 0 2 1 2 0 0 0 1 2 2 2 0 2 0 0 1 0 0 0 0 2 2 0 1 1 1 2 2 2 1 0 1 1 2 1 1 0 2 1 0 1 2 2 0 0 1 0 2 1 2 1 1 0 0 2 2 1 1 2 0 0 0 1 2
-0.241440628620734 0.432018829544366 -0.723176487640385 -0.936634268483928 -0.152018870424976 1 0 0 0 0 0 1 1 1 1 2 2 1 2 1 1 0 1 1 1 0 0 0 0 0 0 1 2 2 1 1 0 0 0 0 0 1 0 2 2 2 0 0 0 2 1 2 2 0 1 0 2 2 1 1 1 1 2 2 1 1 2 2 2 2 2 2 0 0 0 2 1 0 0 2 2 1 2 2 1 2 1 1 0 2 2 1 1 1 1 1 1 2 1 0 1 2 2 1 0 2 0 0 0 0 0 1 1 1 1 2 2 1 2 1 1 0 1 1 1 0 0 0 0 0 0 1 2 2 1 1 0 0 0 0 0 1 0 2 2 2 0 0 0 2 1 2 2 0 1 0 2 2 1 1 1 1 2 2 1 1 2 2 2 2 2 2 0 0 0 2 1 0 0 2 2 1 2 2 1 2 1 1 0 2 2 1 1 1 1 1 1 2 1 0 1 2 2 1 0 2
-0.87032755091642 -0.27913137438124 0.658054752784097 -0.158561354247952 -0.893577451106037 -1 2 0 1 1 0 2 2 1 0 1 1 2 2 0 1 0 2 1 2 1 1 0 0 1 0 1 0 1 2 1 0 2 1 0 0 2 0 1 2 1 0 0 2 2 0 0 0 0 1 0 1 2 1 1 0 0 2 1 1 2 2 2 2 2 2 1 2 1 0 1 1 0 0 1 1 0 0 1 0 1 1 0 0 1 1 1 2 0 2 0 1 2 1 1 2 2 0 0 0 2 -2 0 -1 -1 0 -2 -2 -1 0 -1 -1 -2 -2 0 -1 0 -2 -1 -2 -1 -1 0 0 -1 0 -1 0 -1 -2 -1 0 -2 -1 0 0 -2 0 -1 -2 -1 0 0 -2 -2 0 0 0 0 -1 0 -1 -2 -1 -1 0 0 -2 -1 -1 -2 -2 -2 -2 -2 -2 -1 -2 -1 0 -1 -1 0 0 -1 -1 0 0 -1 0 -1 -1 0 0 -1 -1 -1 -2 0 -2 0 -1 -2 -1 -1 -2 -2 0 0 0 -2
-0.538482643501329 -0.670234599135589 0.463608269667411 1.65995405488934 -0.00991909168004345 1 1 0 0 0 0 2 1 1 1 2 1 2 2 0 1 0 1 1 0 1 1 0 2 2 0 0 2 2 2 1 0 1 0 0 0 1 0 2 2 2 0 0 1 2 1 2 1 0 2 0 1 2 2 1 0 1 2 2 0 2 2 2 2 2 2 2 1 0 0 2 2 2 1 1 2 0 1 1 0 1 1 0 0 1 1 1 1 1 1 0 0 1 0 1 2 2 0 1 1 2 1 0 0 0 0 2 1 1 1 2 1 2 2 0 1 0 1 1 0 1 1 0 2 2 0 0 2 2 2 1 0 1 0 0 0 1 0 2 2 2 0 0 1 2 1 2 1 0 2 0 1 2 2 1 0 1 2 2 0 2 2 2 2 2 2 2 1 0 0 2 2 2 1 1 2 0 1 1 0 1 1 0 0 1 1 1 1 1 1 0 0 1 0 1 2 2 0 1 1 2
0.159771089744528 -2.25339555616905 1.36371364659601 0.268956988878132 0.186668629047706 1 2 0 0 0 0 2 1 2 2 2 1 2 2 1 1 0 2 0 1 1 1 0 0 0 0 2 1 2 2 2 0 1 0 0 0 2 0 0 1 1 0 0 0 2 1 1 1 0 2 0 1 2 0 0 0 0 0 1 0 0 1 2 1 2 2 1 1 2 1 1 0 0 0 2 1 0 0 0 1 0 0 0 0 2 2 0 0 2 1 0 1 2 1 2 2 1 0 0 1 2 2 0 0 0 0 2 1 2 2 2 1 2 2 1 1 0 2 0 1 1 1 0 0 0 0 2 1 2 2 2 0 1 0 0 0 2 0 0 1 1 0 0 0 2 1 1 1 0 2 0 1 2 0 0 0 0 0 1 0 0 1 2 1 2 2 1 1 2 1 1 0 0 0 2 1 0 0 0 1 0 0 0 0 2 2 0 0 2 1 0 1 2 1 2 2 1 0 0 1 2
-0.340813047561236 0.584135467480214 -0.474290349831177 0.231469497454313 1.79671171524487 1 2 0 0 0 0 1 1 1 2 2 2 2 2 0 0 0 1 2 1 2 2 0 0 1 1 2 2 2 1 0 0 1 0 0 0 0 0 2 2 2 0 0 0 2 0 1 1 0 2 2 2 1 1 1 1 1 1 2 1 1 2 2 1 2 2 2 2 1 0 2 1 0 0 1 1 0 0 1 0 0 0 1 0 2 0 0 2 2 2 0 1 1 1 2 1 0 0 0 0 2 2 0 0 0 0 1 1 1 2 2 2 2 2 0 0 0 1 2 1 2 2 0 0 1 1 2 2 2 1 0 0 1 0 0 0 0 0 2 2 2 0 0 0 2 0 1 1 0 2 2 2 1 1 1 1 1 1 2 1 1 2 2 1 2 2 2 2 1 0 2 1 0 0 1 1 0 0 1 0 0 0 1 0 2 0 0 2 2 2 0 1 1 1 2 1 0 0 0 0 2
1.14125606382578 -0.172972215008535 -0.356844928893381 -0.124869014549095 0.210890639445465 1 1 0 1 1 0 1 1 2 1 2 1 2 2 0 1 1 2 0 0 0 0 0 1 2 0 1 2 2 2 2 0 2 0 0 1 2 0 1 2 2 1 0 1 2 0 2 2 0 1 0 1 2 0 0 1 1 1 1 0 1 2 2 1 2 2 2 1 0 1 2 2 2 1 2 2 0 1 0 1 1 0 0 0 2 2 1 0 0 0 0 1 2 1 1 2 1 0 0 0 2 1 0 1 1 0 1 1 2 1 2 1 2 2 0 1 1 2 0 0 0 0 0 1 2 0 1 2 2 2 2 0 2 0 0 1 2 0 1 2 2 1 0 1 2 0 2 2 0 1 0 1 2 0 0 1 1 1 1 0 1 2 2 1 2 2 2 1 0 1 2 2 2 1 2 2 0 1 0 1 1 0 0 0 2 2 1 0 0 0 0 1 2 1 1 2 1 0 0 0 2
-0.654928262731602 0.0706228806459089 2.32662615292518 -0.86936914704986 -0.355077592867055 -1 1 0 0 1 0 1 2 2 2 1 0 1 1 1 1 0 2 1 1 2 1 0 2 2 1 2 0 2 2 2 0 2 0 0 1 2 0 1 2 2 1 1 0 1 1 2 1 0 2 0 1 2 0 0 0 0 2 2 1 2 2 2 1 2 2 1 2 2 2 2 2 1 2 2 1 0 1 2 2 0 0 1 0 1 1 1 1 1 2 2 2 2 1 0 2 1 0 0 0 2 -1 0 0 -1 0 -1 -2 -2 -2 -1 0 -1 -1 -1 -1 0 -2 -1 -1 -2 -1 0 -2 -2 -1 -2 0 -2 -2 -2 0 -2 0 0 -1 -2 0 -1 -2 -2 -1 -1 0 -1 -1 -2 -1 0 -2 0 -1 -2 0 0 0 0 -2 -2 -1 -2 -2 -2 -1 -2 -2 -1 -2 -2 -2 -2 -2 -1 -2 -2 -1 0 -1 -2 -2 0 0 -1 0 -1 -1 -1 -1 -1 -2 -2 -2 -2 -1 0 -2 -1 0 0 0 -2
-1.47163741907173 0.0617220795750661 -1.58311578040987 -0.0205499542718607 -1.74973877984489 -1 2 1 0 0 0 0 0 0 1 1 1 1 1 1 0 1 2 2 2 2 1 1 1 2 0 1 1 2 2 1 0 1 0 0 0 2 0 2 2 2 1 0 1 0 0 1 0 0 0 0 2 2 0 0 0 0 0 1 0 1 2 1 0 2 0 0 0 1 0 1 1 0 0 1 1 0 1 2 1 1 1 1 0 1 1 1 1 1 1 1 2 2 1 1 2 2 1 0 2 2 -2 -1 0 0 0 0 0 0 -1 -1 -1 -1 -1 -1 0 -1 -2 -2 -2 -2 -1 -1 -1 -2 0 -1 -1 -2 -2 -1 0 -1 0 0 0 -2 0 -2 -2 -2 -1 0 -1 0 0 -1 0 0 0 0 -2 -2 0 0 0 0 0 -1 0 -1 -2 -1 0 -2 0 0 0 -1 0 -1 -1 0 0 -1 -1 0 -1 -2 -1 -1 -1 -1 0 -1 -1 -1 -1 -1 -1 -1 -2 -2 -1 -1 -2 -2 -1 0 -2 -2
-0.547425185737865 -0.158959527767861 -0.232855377652843 1.59297505565805 -1.24823012994473 -1 1 0 0 1 1 2 1 1 1 2 1 1 2 0 0 0 1 2 2 1 2 0 0 0 0 1 1 2 2 2 0 1 0 0 0 2 0 2 2 2 0 0 0 1 0 1 2 0 2 1 2 2 0 0 0 0 0 0 0 1 2 1 1 2 2 1 0 0 0 1 1 1 1 2 1 1 1 2 1 1 0 0 0 0 1 1 2 1 1 0 1 2 2 1 2 2 0 1 0 2 -1 0 0 -1 -1 -2 -1 -1 -1 -2 -1 -1 -2 0 0 0 -1 -2 -2 -1 -2 0 0 0 0 -1 -1 -2 -2 -2 0 -1 0 0 0 -2 0 -2 -2 -2 0 0 0 -1 0 -1 -2 0 -2 -1 -2 -2 0 0 0 0 0 0 0 -1 -2 -1 -1 -2 -2 -1 0 0 0 -1 -1 -1 -1 -2 -1 -1 -1 -2 -1 -1 0 0 0 0 -1 -1 -2 -1 -1 0 -1 -2 -2 -1 -2 -2 0 -1 0 -2
-1.25631763841316 -0.155452768072655 0.502975971457553 -0.130841190834412 -0.526371773154905 -1 2 0 0 0 0 1 0 1 1 2 2 2 2 0 0 0 1 0 0 0 0 0 1 1 0 2 1 2 2 0 0 0 0 0 0 2 0 1 2 2 0 0 0 1 0 1 1 0 1 0 2 2 2 1 0 2 1 0 0 1 2 1 1 2 1 1 1 2 1 1 2 1 0 1 0 0 1 2 1 1 0 0 0 1 0 0 0 0 1 0 2 2 1 1 2 1 0 0 0 2 -2 0 0 0 0 -1 0 -1 -1 -2 -2 -2 -2 0 0 0 -1 0 0 0 0 0 -1 -1 0 -2 -1 -2 -2 0 0 0 0 0 0 -2 0 -1 -2 -2 0 0 0 -1 0 -1 -1 0 -1 0 -2 -2 -2 -1 0 -2 -1 0 0 -1 -2 -1 -1 -2 -1 -1 -1 -2 -1 -1 -2 -1 0 -1 0 0 -1 -2 -1 -1 0 0 0 -1 0 0 0 0 -1 0 -2 -2 -1 -1 -2 -1 0 0 0 -2
0.0913923306843971 0.413169597652242 -0.281218547254376 -1.72723706919762 0.0818685632473519 -1 2 0 0 0 0 1 1 1 2 2 2 1 1 0 0 0 2 1 0 1 2 0 0 0 0 0 1 2 2 1 0 0 0 0 1 2 0 2 2 2 0 1 1 1 0 0 0 0 0 0 2 2 0 0 0 1 1 2 1 2 2 2 2 2 2 1 0 1 2 2 2 1 0 0 1 0 1 1 0 1 1 1 0 1 0 1 1 1 0 1 2 2 2 0 1 1 1 1 1 2 -2 0 0 0 0 -1 -1 -1 -2 -2 -2 -1 -1 0 0 0 -2 -1 0 -1 -2 0 0 0 0 0 -1 -2 -2 -1 0 0 0 0 -1 -2 0 -2 -2 -2 0 -1 -1 -1 0 0 0 0 0 0 -2 -2 0 0 0 -1 -1 -2 -1 -2 -2 -2 -2 -2 -2 -1 0 -1 -2 -2 -2 -1 0 0 -1 0 -1 -1 0 -1 -1 -1 0 -1 0 -1 -1 -1 0 -1 -2 -2 -2 0 -1 -1 -1 -1 -1 -2
-0.505828251496376 1.0268365157117 0.724616781211401 -0.035286100956256 -3.0819553117979 1 2 1 1 0 0 1 2 2 0 2 1 1 1 1 0 1 2 2 2 2 2 0 1 0 0 2 2 2 2 0 0 1 0 0 0 2 0 2 2 2 2 1 2 2 1 2 1 0 1 0 0 0 0 1 1 0 2 2 0 2 2 2 1 2 1 1 2 1 1 2 2 0 0 2 2 0 1 1 1 2 1 1 0 2 2 1 1 2 2 1 2 2 2 0 2 2 0 0 1 2 2 1 1 0 0 1 2 2 0 2 1 1 1 1 0 1 2 2 2 2 2 0 1 0 0 2 2 2 2 0 0 1 0 0 0 2 0 2 2 2 2 1 2 2 1 2 1 0 1 0 0 0 0 1 1 0 2 2 0 2 2 2 1 2 1 1 2 1 1 2 2 0 0 2 2 0 1 1 1 2 1 1 0 2 2 1 1 2 2 1 2 2 2 0 2 2 0 0 1 2
0.274681536273391 2.7665309566634 -0.0950068338195489 -0.693719320270123 0.461212868817502 -1 2 0 1 1 0 2 2 2 2 2 2 2 2 0 0 0 1 1 1 2 1 1 1 1 1 2 2 2 2 2 0 1 0 0 0 1 0 2 2 2 0 0 1 1 2 2 2 0 2 0 2 2 1 2 0 1 1 1 0 1 2 2 1 2 2 1 2 2 0 2 2 1 0 1 1 0 1 2 2 0 0 1 0 2 2 2 2 2 2 1 2 2 1 1 2 2 0 1 1 2 -2 0 -1 -1 0 -2 -2 -2 -2 -2 -2 -2 -2 0 0 0 -1 -1 -1 -2 -1 -1 -1 -1 -1 -2 -2 -2 -2 -2 0 -1 0 0 0 -1 0 -2 -2 -2 0 0 -1 -1 -2 -2 -2 0 -2 0 -2 -2 -1 -2 0 -1 -1 -1 0 -1 -2 -2 -1 -2 -2 -1 -2 -2 0 -2 -2 -1 0 -1 -1 0 -1 -2 -2 0 0 -1 0 -2 -2 -2 -2 -2 -2 -1 -2 -2 -1 -1 -2 -2 0 -1 -1 -2
0.856093668122377 0.66737294448286 0.925762318620148 0.964133549487361 -2.60172056006998 1 2 1 2 0 1 2 1 2 2 2 1 2 2 0 0 0 1 1 1 1 1 0 0 1 0 1 1 2 2 2 0 2 0 0 1 1 0 2 2 2 0 1 0 2 1 0 0 0 1 0 1 2 0 0 0 1 1 1 1 0 2 2 0 2 2 1 2 1 0 2 1 0 0 1 1 0 2 2 1 1 0 0 1 2 0 0 0 0 1 0 2 2 0 0 2 2 0 0 0 2 2 1 2 0 1 2 1 2 2 2 1 2 2 0 0 0 1 1 1 1 1 0 0 1 0 1 1 2 2 2 0 2 0 0 1 1 0 2 2 2 0 1 0 2 1 0 0 0 1 0 1 2 0 0 0 1 1 1 1 0 2 2 0 2 2 1 2 1 0 2 1 0 0 1 1 0 2 2 1 1 0 0 1 2 0 0 0 0 1 0 2 2 0 0 2 2 0 0 0 2
0.340578212718771 0.433025663692868 0.0570994920963164 0.193635432508257 -0.829664521505415 -1 2 0 0 0 0 1 1 2 1 1 2 2 2 0 0 1 2 2 2 2 2 1 1 1 0 0 0 2 2 1 0 0 0 0 0 2 0 2 1 1 1 0 0 2 1 1 1 0 1 0 0 2 0 0 0 1 1 0 0 1 2 1 1 2 2 2 2 2 0 2 2 0 0 1 0 0 1 1 1 1 1 1 0 2 1 2 2 2 1 0 1 1 1 0 2 2 0 0 0 2 -2 0 0 0 0 -1 -1 -2 -1 -1 -2 -2 -2 0 0 -1 -2 -2 -2 -2 -2 -1 -1 -1 0 0 0 -2 -2 -1 0 0 0 0 0 -2 0 -2 -1 -1 -1 0 0 -2 -1 -1 -1 0 -1 0 0 -2 0 0 0 -1 -1 0 0 -1 -2 -1 -1 -2 -2 -2 -2 -2 0 -2 -2 0 0 -1 0 0 -1 -1 -1 -1 -1 -1 0 -2 -1 -2 -2 -2 -1 0 -1 -1 -1 0 -2 -2 0 0 0 -2
1.56324124353072 -0.820129022654281 0.471791410944164 0.186375796470154 -1.04057513932906 -1 0 0 0 0 1 1 2 2 0 0 1 2 2 0 1 0 0 0 1 1 1 2 2 2 1 1 0 2 2 2 0 0 0 0 1 2 0 2 2 2 0 0 0 1 0 1 2 0 1 0 2 2 0 0 0 1 2 2 0 1 2 1 1 2 2 1 1 0 0 1 1 0 0 1 0 0 2 1 0 0 0 0 0 2 1 2 2 1 2 1 2 2 1 0 1 2 0 0 0 2 0 0 0 0 -1 -1 -2 -2 0 0 -1 -2 -2 0 -1 0 0 0 -1 -1 -1 -2 -2 -2 -1 -1 0 -2 -2 -2 0 0 0 0 -1 -2 0 -2 -2 -2 0 0 0 -1 0 -1 -2 0 -1 0 -2 -2 0 0 0 -1 -2 -2 0 -1 -2 -1 -1 -2 -2 -1 -1 0 0 -1 -1 0 0 -1 0 0 -2 -1 0 0 0 0 0 -2 -1 -2 -2 -1 -2 -1 -2 -2 -1 0 -1 -2 0 0 0 -2
0.917512870146858 -1.47342858115646 -0.105103680232338 0.769535115158362 0.821098968909077 -1 2 1 0 0 0 2 1 1 1 2 2 1 2 0 1 0 2 0 0 0 0 0 1 1 1 2 1 2 2 2 0 0 0 1 1 2 0 2 2 2 0 0 0 1 0 1 2 1 0 0 0 1 0 0 0 2 1 2 0 1 2 2 1 2 2 2 1 1 0 1 2 0 0 2 1 0 0 0 1 2 1 1 0 1 2 2 1 0 1 2 2 2 0 0 2 0 0 1 1 2 -2 -1 0 0 0 -2 -1 -1 -1 -2 -2 -1 -2 0 -1 0 -2 0 0 0 0 0 -1 -1 -1 -2 -1 -2 -2 -2 0 0 0 -1 -1 -2 0 -2 -2 -2 0 0 0 -1 0 -1 -2 -1 0 0 0 -1 0 0 0 -2 -1 -2 0 -1 -2 -2 -1 -2 -2 -2 -1 -1 0 -1 -2 0 0 -2 -1 0 0 0 -1 -2 -1 -1 0 -1 -2 -2 -1 0 -1 -2 -2 -2 0 0 -2 0 0 -1 -1 -2
-0.0674069678531155 1.2026279340924 -1.28734344273981 -1.8778821084953 -0.542134913412204 -1 1 0 0 0 0 2 1 2 2 1 1 2 1 0 0 0 1 0 0 2 0 1 0 1 0 1 1 2 2 0 0 1 0 0 0 1 0 2 2 2 0 0 0 2 1 2 2 0 0 0 0 2 0 0 0 1 1 1 0 0 2 1 1 2 2 2 2 2 2 2 2 2 1 2 2 1 2 2 1 0 1 1 0 2 2 1 1 1 2 1 1 2 2 1 2 2 0 0 1 2 -1 0 0 0 0 -2 -1 -2 -2 -1 -1 -2 -1 0 0 0 -1 0 0 -2 0 -1 0 -1 0 -1 -1 -2 -2 0 0 -1 0 0 0 -1 0 -2 -2 -2 0 0 0 -2 -1 -2 -2 0 0 0 0 -2 0 0 0 -1 -1 -1 0 0 -2 -1 -1 -2 -2 -2 -2 -2 -2 -2 -2 -2 -1 -2 -2 -1 -2 -2 -1 0 -1 -1 0 -2 -2 -1 -1 -1 -2 -1 -1 -2 -2 -1 -2 -2 0 0 -1 -2
0.844975093443098 0.584278596119409 -1.74697043607436 -0.732747720797145 -0.946966341040774 1 1 0 0 0 0 2 1 1 0 1 1 0 1 0 1 1 2 1 1 1 1 0 1 1 1 2 2 2 2 2 0 0 0 0 0 2 0 1 2 1 0 0 0 2 1 2 2 1 1 0 1 1 0 0 1 1 2 2 0 2 2 1 1 2 2 2 2 2 1 2 1 0 1 2 1 0 1 0 1 1 0 0 0 2 2 1 0 1 1 0 2 2 0 0 1 0 0 0 2 2 1 0 0 0 0 2 1 1 0 1 1 0 1 0 1 1 2 1 1 1 1 0 1 1 1 2 2 2 2 2 0 0 0 0 0 2 0 1 2 1 0 0 0 2 1 2 2 1 1 0 1 1 0 0 1 1 2 2 0 2 2 1 1 2 2 2 2 2 1 2 1 0 1 2 1 0 1 0 1 1 0 0 0 2 2 1 0 1 1 0 2 2 0 0 1 0 0 0 2 2
0.195099441043129 -0.27201209896888 -1.40861543192722 2.19401472931745 0.914323680478727 -1 2 0 0 1 0 1 2 2 2 2 2 2 2 0 0 0 2 2 2 2 2 1 1 1 1 2 2 2 2 1 0 0 0 0 0 1 0 2 2 2 1 0 0 1 1 1 1 0 1 0 1 2 1 1 0 0 0 1 0 2 2 2 2 2 2 2 1 1 0 2 1 0 0 0 2 0 0 1 2 2 0 0 0 1 2 2 1 0 1 2 2 2 0 0 2 2 0 0 0 1 -2 0 0 -1 0 -1 -2 -2 -2 -2 -2 -2 -2 0 0 0 -2 -2 -2 -2 -2 -1 -1 -1 -1 -2 -2 -2 -2 -1 0 0 0 0 0 -1 0 -2 -2 -2 -1 0 0 -1 -1 -1 -1 0 -1 0 -1 -2 -1 -1 0 0 0 -1 0 -2 -2 -2 -2 -2 -2 -2 -1 -1 0 -2 -1 0 0 0 -2 0 0 -1 -2 -2 0 0 0 -1 -2 -2 -1 0 -1 -2 -2 -2 0 0 -2 -2 0 0 0 -1
-0.126900243617911 0.21975565039188 0.0274068302076927 1.4689043226353 0.143081845774277 1 0 0 1 0 0 1 1 0 0 1 2 1 2 0 1 1 2 1 1 1 0 0 1 0 1 2 2 2 2 2 0 0 1 0 1 2 0 2 1 2 1 0 1 2 0 1 0 0 1 0 2 2 0 0 1 1 2 2 0 2 2 2 2 2 2 0 2 2 1 2 2 1 0 1 1 1 2 2 1 2 1 1 0 2 2 1 1 2 1 0 2 2 1 0 1 1 0 0 1 2 0 0 1 0 0 1 1 0 0 1 2 1 2 0 1 1 2 1 1 1 0 0 1 0 1 2 2 2 2 2 0 0 1 0 1 2 0 2 1 2 1 0 1 2 0 1 0 0 1 0 2 2 0 0 1 1 2 2 0 2 2 2 2 2 2 0 2 2 1 2 2 1 0 1 1 1 2 2 1 2 1 1 0 2 2 1 1 2 1 0 2 2 1 0 1 1 0 0 1 2
0.363157289410848 -0.650654356785811 0.935097708819788 -0.615117715782386 -1.40850879900148 -1 0 0 0 1 0 1 0 0 1 1 1 2 2 0 0 0 1 0 1 1 1 0 1 2 1 1 1 2 2 1 0 2 1 0 1 2 1 2 2 2 2 1 2 1 1 1 2 0 1 0 1 2 1 1 0 1 2 2 1 1 2 2 1 2 2 2 1 1 0 2 1 0 0 1 0 0 0 1 0 1 1 1 0 2 0 0 2 1 2 2 2 2 0 1 2 2 1 0 0 2 0 0 0 -1 0 -1 0 0 -1 -1 -1 -2 -2 0 0 0 -1 0 -1 -1 -1 0 -1 -2 -1 -1 -1 -2 -2 -1 0 -2 -1 0 -1 -2 -1 -2 -2 -2 -2 -1 -2 -1 -1 -1 -2 0 -1 0 -1 -2 -1 -1 0 -1 -2 -2 -1 -1 -2 -2 -1 -2 -2 -2 -1 -1 0 -2 -1 0 0 -1 0 0 0 -1 0 -1 -1 -1 0 -2 0 0 -2 -1 -2 -2 -2 -2 0 -1 -2 -2 -1 0 0 -2
0.557767356785674 0.283039155444724 0.206169854627675 -0.627256174342169 -0.338081272624282 -1 2 0 0 1 0 1 1 1 1 2 1 0 2 0 0 0 1 2 1 0 1 0 0 1 0 2 1 2 2 2 1 2 1 1 1 2 0 2 2 1 0 0 2 2 1 1 0 1 2 1 2 2 2 2 1 0 1 2 0 1 1 2 1 2 2 2 2 1 0 2 2 1 0 1 0 0 0 2 2 2 0 0 0 1 1 1 1 0 0 0 1 1 0 1 1 1 0 0 0 2 -2 0 0 -1 0 -1 -1 -1 -1 -2 -1 0 -2 0 0 0 -1 -2 -1 0 -1 0 0 -1 0 -2 -1 -2 -2 -2 -1 -2 -1 -1 -1 -2 0 -2 -2 -1 0 0 -2 -2 -1 -1 0 -1 -2 -1 -2 -2 -2 -2 -1 0 -1 -2 0 -1 -1 -2 -1 -2 -2 -2 -2 -1 0 -2 -2 -1 0 -1 0 0 0 -2 -2 -2 0 0 0 -1 -1 -1 -1 0 0 0 -1 -1 0 -1 -1 -1 0 0 0 -2
0.297128461965269 1.98793025507052 -1.23657600932878 0.36553858116536 1.75265660005695 1 2 1 1 1 1 1 1 1 1 0 1 0 2 0 1 0 2 0 0 0 0 0 0 0 0 1 2 2 1 1 0 1 0 0 1 1 0 1 2 2 1 0 0 2 0 1 2 1 0 0 1 2 0 0 0 1 2 1 1 2 2 2 1 2 1 1 0 1 1 2 2 2 1 2 1 0 0 1 1 1 0 1 0 2 1 1 1 1 1 0 1 1 1 2 2 2 0 0 1 2 2 1 1 1 1 1 1 1 1 0 1 0 2 0 1 0 2 0 0 0 0 0 0 0 0 1 2 2 1 1 0 1 0 0 1 1 0 1 2 2 1 0 0 2 0 1 2 1 0 0 1 2 0 0 0 1 2 1 1 2 2 2 1 2 1 1 0 1 1 2 2 2 1 2 1 0 0 1 1 1 0 1 0 2 1 1 1 1 1 0 1 1 1 2 2 2 0 0 1 2
0.555295947672917 -0.47110141772379 -1.28152014841524 -0.490506084703093 -1.61402971440041 1 2 1 1 1 0 2 0 2 2 2 2 2 2 0 0 0 1 1 0 0 0 1 1 0 1 1 2 2 2 2 0 0 0 0 1 2 0 2 1 1 0 0 0 2 1 1 1 0 0 0 1 2 0 0 0 0 2 2 0 2 2 1 2 2 2 2 2 2 0 2 1 0 0 2 2 1 2 2 1 1 1 1 0 2 2 1 1 0 1 0 1 2 0 1 2 2 0 0 0 2 2 1 1 1 0 2 0 2 2 2 2 2 2 0 0 0 1 1 0 0 0 1 1 0 1 1 2 2 2 2 0 0 0 0 1 2 0 2 1 1 0 0 0 2 1 1 1 0 0 0 1 2 0 0 0 0 2 2 0 2 2 1 2 2 2 2 2 2 0 2 1 0 0 2 2 1 2 2 1 1 1 1 0 2 2 1 1 0 1 0 1 2 0 1 2 2 0 0 0 2
2.12882546221282 -0.573449911088386 -1.28896256387679 0.171892129387728 -1.45814469844355 -1 1 0 0 0 0 1 1 0 0 1 1 2 2 0 0 0 2 1 1 1 1 0 0 1 0 0 0 2 2 2 0 0 0 0 1 2 0 2 1 2 0 0 0 2 0 1 1 0 0 0 2 2 0 0 1 1 1 1 1 2 2 1 1 2 2 2 0 1 0 2 2 2 1 1 1 0 1 2 2 1 1 2 1 2 0 0 1 2 2 1 2 2 2 1 2 2 1 0 1 2 -1 0 0 0 0 -1 -1 0 0 -1 -1 -2 -2 0 0 0 -2 -1 -1 -1 -1 0 0 -1 0 0 0 -2 -2 -2 0 0 0 0 -1 -2 0 -2 -1 -2 0 0 0 -2 0 -1 -1 0 0 0 -2 -2 0 0 -1 -1 -1 -1 -1 -2 -2 -1 -1 -2 -2 -2 0 -1 0 -2 -2 -2 -1 -1 -1 0 -1 -2 -2 -1 -1 -2 -1 -2 0 0 -1 -2 -2 -1 -2 -2 -2 -1 -2 -2 -1 0 -1 -2
-1.02602129264182 -1.80109420439655 0.271176533144204 -0.504863026366466 -0.602263301261731 1 2 0 0 0 0 1 1 1 1 2 1 0 2 0 0 0 1 1 2 2 1 1 1 1 1 2 1 2 2 1 0 1 0 0 0 2 0 1 2 2 2 1 1 1 0 0 0 0 0 0 0 0 0 0 0 1 2 2 1 2 2 2 1 2 2 2 2 2 1 2 2 1 0 2 2 0 1 1 1 1 1 1 0 2 2 1 1 1 1 1 2 2 1 2 2 2 0 0 0 2 2 0 0 0 0 1 1 1 1 2 1 0 2 0 0 0 1 1 2 2 1 1 1 1 1 2 1 2 2 1 0 1 0 0 0 2 0 1 2 2 2 1 1 1 0 0 0 0 0 0 0 0 0 0 0 1 2 2 1 2 2 2 1 2 2 2 2 2 1 2 2 1 0 2 2 0 1 1 1 1 1 1 0 2 2 1 1 1 1 1 2 2 1 2 2 2 0 0 0 2
-1.73413066999012 0.27092045369713 -0.113870454412369 -1.59354288069836 -0.0106288584502326 -1 1 0 0 0 0 1 1 0 0 1 1 1 2 0 0 0 1 1 2 2 1 0 1 1 1 2 2 2 2 1 0 1 0 0 2 2 0 2 2 2 1 1 1 1 1 1 1 0 1 0 1 1 0 0 0 1 2 2 0 1 2 1 1 2 1 2 1 1 1 2 1 0 0 2 2 0 1 1 1 1 0 1 0 1 1 0 1 0 1 2 2 2 1 0 1 1 0 0 0 2 -1 0 0 0 0 -1 -1 0 0 -1 -1 -1 -2 0 0 0 -1 -1 -2 -2 -1 0 -1 -1 -1 -2 -2 -2 -2 -1 0 -1 0 0 -2 -2 0 -2 -2 -2 -1 -1 -1 -1 -1 -1 -1 0 -1 0 -1 -1 0 0 0 -1 -2 -2 0 -1 -2 -1 -1 -2 -1 -2 -1 -1 -1 -2 -1 0 0 -2 -2 0 -1 -1 -1 -1 0 -1 0 -1 -1 0 -1 0 -1 -2 -2 -2 -1 0 -1 -1 0 0 0 -2
-0.0150030043655759 0.646053545637548 0.387628474003534 0.639885604254371 -1.87234434586911 -1 2 0 1 1 0 2 0 1 0 1 0 1 1 0 1 0 1 0 1 1 2 0 0 0 1 1 0 1 1 0 0 0 0 0 0 1 0 1 1 2 0 0 0 2 1 1 1 0 1 1 2 2 0 0 0 1 1 1 0 0 1 2 2 2 1 0 2 2 0 2 2 1 1 2 1 0 1 2 1 1 0 1 0 1 1 1 0 0 0 0 1 2 1 0 1 1 1 1 1 2 -2 0 -1 -1 0 -2 0 -1 0 -1 0 -1 -1 0 -1 0 -1 0 -1 -1 -2 0 0 0 -1 -1 0 -1 -1 0 0 0 0 0 0 -1 0 -1 -1 -2 0 0 0 -2 -1 -1 -1 0 -1 -1 -2 -2 0 0 0 -1 -1 -1 0 0 -1 -2 -2 -2 -1 0 -2 -2 0 -2 -2 -1 -1 -2 -1 0 -1 -2 -1 -1 0 -1 0 -1 -1 -1 0 0 0 0 -1 -2 -1 0 -1 -1 -1 -1 -1 -2
1.59665799565778 -1.06392337251493 0.103387384197976 2.13268299828299 -0.280660864229407 -1 1 0 0 0 0 2 2 2 1 1 0 0 1 0 0 0 2 1 2 1 1 0 0 1 1 1 2 2 2 1 0 1 0 0 1 2 0 2 2 2 0 0 0 1 0 0 2 0 1 0 2 2 0 0 0 1 0 0 0 1 2 2 2 2 1 2 1 2 2 2 2 2 0 2 2 0 0 0 1 1 1 0 0 2 0 0 1 1 2 1 2 1 0 0 1 2 1 1 0 2 -1 0 0 0 0 -2 -2 -2 -1 -1 0 0 -1 0 0 0 -2 -1 -2 -1 -1 0 0 -1 -1 -1 -2 -2 -2 -1 0 -1 0 0 -1 -2 0 -2 -2 -2 0 0 0 -1 0 0 -2 0 -1 0 -2 -2 0 0 0 -1 0 0 0 -1 -2 -2 -2 -2 -1 -2 -1 -2 -2 -2 -2 -2 0 -2 -2 0 0 0 -1 -1 -1 0 0 -2 0 0 -1 -1 -2 -1 -2 -1 0 0 -1 -2 -1 -1 0 -2
-0.58226602829263 -0.0563999648169909 -0.350131483221541 -0.735933023986516 -1.00023237940773 -1 1 0 0 0 1 2 1 2 1 1 2 2 2 0 0 0 1 0 0 0 0 1 2 2 0 2 1 2 2 2 0 2 1 0 0 2 0 2 2 2 0 0 2 2 0 1 2 0 0 0 1 2 0 1 0 0 2 2 1 1 1 2 2 2 1 2 2 2 0 2 1 1 0 2 2 0 2 1 0 1 0 0 0 1 0 1 2 1 1 0 2 2 1 1 1 1 0 1 0 2 -1 0 0 0 -1 -2 -1 -2 -1 -1 -2 -2 -2 0 0 0 -1 0 0 0 0 -1 -2 -2 0 -2 -1 -2 -2 -2 0 -2 -1 0 0 -2 0 -2 -2 -2 0 0 -2 -2 0 -1 -2 0 0 0 -1 -2 0 -1 0 0 -2 -2 -1 -1 -1 -2 -2 -2 -1 -2 -2 -2 0 -2 -1 -1 0 -2 -2 0 -2 -1 0 -1 0 0 0 -1 0 -1 -2 -1 -1 0 -2 -2 -1 -1 -1 -1 0 -1 0 -2
-0.237547533768802 -0.436660815161513 0.00202258328070052 0.111807989209222 -1.45234894870781 -1 2 0 1 0 2 2 2 0 0 1 0 2 1 1 0 0 1 0 0 1 1 0 0 1 0 2 1 2 2 1 0 1 0 0 0 2 0 2 2 2 0 0 0 2 1 0 1 0 1 0 2 2 0 0 0 0 1 2 0 2 2 2 0 2 2 2 2 2 1 1 1 0 0 1 1 0 0 0 0 0 0 0 0 1 2 0 1 1 2 1 2 1 0 1 1 1 0 0 0 2 -2 0 -1 0 -2 -2 -2 0 0 -1 0 -2 -1 -1 0 0 -1 0 0 -1 -1 0 0 -1 0 -2 -1 -2 -2 -1 0 -1 0 0 0 -2 0 -2 -2 -2 0 0 0 -2 -1 0 -1 0 -1 0 -2 -2 0 0 0 0 -1 -2 0 -2 -2 -2 0 -2 -2 -2 -2 -2 -1 -1 -1 0 0 -1 -1 0 0 0 0 0 0 0 0 -1 -2 0 -1 -1 -2 -1 -2 -1 0 -1 -1 -1 0 0 0 -2
1.01016392105681 0.964216626274939 -1.00743179443346 0.401236554565351 -0.437288312127144 1 2 0 0 1 1 2 2 2 2 2 2 2 2 0 0 0 2 1 1 0 0 0 0 0 1 1 0 2 2 1 0 2 0 0 0 2 0 2 2 1 1 0 0 1 0 1 2 0 2 1 2 2 1 0 0 0 1 1 1 2 2 2 1 2 2 1 2 1 1 2 1 0 0 2 1 0 1 2 2 1 1 0 0 2 1 0 0 0 1 1 2 1 1 1 1 1 0 0 0 2 2 0 0 1 1 2 2 2 2 2 2 2 2 0 0 0 2 1 1 0 0 0 0 0 1 1 0 2 2 1 0 2 0 0 0 2 0 2 2 1 1 0 0 1 0 1 2 0 2 1 2 2 1 0 0 0 1 1 1 2 2 2 1 2 2 1 2 1 1 2 1 0 0 2 1 0 1 2 2 1 1 0 0 2 1 0 0 0 1 1 2 1 1 1 1 1 0 0 0 2
1.63854361794734 0.0483920238378118 0.197624848408071 0.311902348994058 1.70354302221881 -1 1 0 0 1 0 2 2 2 2 2 2 2 2 0 1 0 1 0 1 2 1 1 1 1 1 2 1 2 2 2 0 2 0 0 1 2 0 2 2 2 0 0 0 2 1 1 1 0 1 0 2 2 1 1 1 2 0 1 0 1 2 2 1 2 2 2 2 2 1 2 2 1 1 2 1 0 1 1 1 1 0 1 1 2 1 1 0 0 1 0 1 2 2 1 2 2 0 1 0 2 -1 0 0 -1 0 -2 -2 -2 -2 -2 -2 -2 -2 0 -1 0 -1 0 -1 -2 -1 -1 -1 -1 -1 -2 -1 -2 -2 -2 0 -2 0 0 -1 -2 0 -2 -2 -2 0 0 0 -2 -1 -1 -1 0 -1 0 -2 -2 -1 -1 -1 -2 0 -1 0 -1 -2 -2 -1 -2 -2 -2 -2 -2 -1 -2 -2 -1 -1 -2 -1 0 -1 -1 -1 -1 0 -1 -1 -2 -1 -1 0 0 -1 0 -1 -2 -2 -1 -2 -2 0 -1 0 -2
-0.00143830876232565 -0.0319991164757738 -0.623654307821781 -0.576330377752474 -0.900091947284826 -1 2 0 0 0 1 2 1 2 2 2 2 1 2 0 0 0 1 1 2 1 1 0 0 0 0 1 0 2 2 0 0 2 0 0 0 2 0 1 2 2 0 0 0 2 2 1 0 0 1 0 2 2 0 1 1 1 2 2 0 1 1 1 1 2 2 2 1 1 0 2 1 0 0 1 1 1 0 1 1 2 1 1 1 2 1 1 0 2 1 0 2 2 2 1 2 2 2 0 1 2 -2 0 0 0 -1 -2 -1 -2 -2 -2 -2 -1 -2 0 0 0 -1 -1 -2 -1 -1 0 0 0 0 -1 0 -2 -2 0 0 -2 0 0 0 -2 0 -1 -2 -2 0 0 0 -2 -2 -1 0 0 -1 0 -2 -2 0 -1 -1 -1 -2 -2 0 -1 -1 -1 -1 -2 -2 -2 -1 -1 0 -2 -1 0 0 -1 -1 -1 0 -1 -1 -2 -1 -1 -1 -2 -1 -1 0 -2 -1 0 -2 -2 -2 -1 -2 -2 -2 0 -1 -2
0.462460137377193 0.189003178456497 -1.874688121013 -0.708316204035816 -0.0640044679349864 1 2 0 0 0 0 1 1 0 1 2 0 1 2 0 0 0 1 1 1 1 1 0 0 1 1 2 1 2 2 1 0 1 0 0 0 1 0 2 2 1 0 0 0 1 1 0 1 0 1 0 1 2 0 0 0 1 1 2 0 2 2 2 1 2 2 2 2 2 1 2 1 1 1 1 1 0 2 1 0 0 1 0 0 1 2 0 1 2 1 1 2 2 1 0 1 1 0 0 0 2 2 0 0 0 0 1 1 0 1 2 0 1 2 0 0 0 1 1 1 1 1 0 0 1 1 2 1 2 2 1 0 1 0 0 0 1 0 2 2 1 0 0 0 1 1 0 1 0 1 0 1 2 0 0 0 1 1 2 0 2 2 2 1 2 2 2 2 2 1 2 1 1 1 1 1 0 2 1 0 0 1 0 0 1 2 0 1 2 1 1 2 2 1 0 1 1 0 0 0 2
0.562712972362691 1.9571959815872 2.36143509629982 0.804375848999219 -1.10484082148499 1 1 1 1 1 0 2 1 2 2 2 2 2 2 0 0 0 1 1 0 1 2 0 1 1 0 2 2 2 2 2 0 1 0 1 1 2 0 1 2 2 0 0 1 1 2 2 1 0 1 0 1 2 0 0 2 1 1 1 0 1 1 2 1 2 2 1 1 1 0 1 1 1 1 1 1 0 2 2 1 1 0 0 0 2 0 1 2 2 2 1 2 1 0 1 2 2 0 0 0 2 1 1 1 1 0 2 1 2 2 2 2 2 2 0 0 0 1 1 0 1 2 0 1 1 0 2 2 2 2 2 0 1 0 1 1 2 0 1 2 2 0 0 1 1 2 2 1 0 1 0 1 2 0 0 2 1 1 1 0 1 1 2 1 2 2 1 1 1 0 1 1 1 1 1 1 0 2 2 1 1 0 0 0 2 0 1 2 2 2 1 2 1 0 1 2 2 0 0 0 2
0.619805324610202 -0.138846282642561 0.307977124372039 -0.408761085461205 1.91621065303731 1 1 0 1 1 0 2 1 0 1 1 1 1 1 0 0 0 2 1 1 1 1 0 0 0 0 1 0 2 2 2 0 0 0 0 0 0 0 2 2 2 1 1 1 2 1 2 2 0 0 0 1 2 0 0 0 1 1 1 1 2 2 2 1 2 1 1 2 2 0 2 2 1 0 2 2 0 1 2 2 1 1 1 0 1 2 2 2 2 1 1 2 2 1 1 2 2 0 0 0 2 1 0 1 1 0 2 1 0 1 1 1 1 1 0 0 0 2 1 1 1 1 0 0 0 0 1 0 2 2 2 0 0 0 0 0 0 0 2 2 2 1 1 1 2 1 2 2 0 0 0 1 2 0 0 0 1 1 1 1 2 2 2 1 2 1 1 2 2 0 2 2 1 0 2 2 0 1 2 2 1 1 1 0 1 2 2 2 2 1 1 2 2 1 1 2 2 0 0 0 2
-0.39558223021998 -1.08593203729614 0.104856695223346 0.553707442279555 0.785391790175265 -1 1 0 0 0 1 2 0 1 1 2 1 1 1 0 0 0 0 0 0 0 0 0 0 1 0 2 1 2 2 1 0 0 0 0 2 2 1 2 2 2 0 1 1 1 1 1 2 0 2 0 1 0 0 0 0 0 0 1 0 0 2 1 1 2 2 0 0 1 0 2 2 1 0 1 0 1 1 2 2 2 1 1 0 2 1 1 1 0 0 0 2 1 0 1 2 2 0 0 0 2 -1 0 0 0 -1 -2 0 -1 -1 -2 -1 -1 -1 0 0 0 0 0 0 0 0 0 0 -1 0 -2 -1 -2 -2 -1 0 0 0 0 -2 -2 -1 -2 -2 -2 0 -1 -1 -1 -1 -1 -2 0 -2 0 -1 0 0 0 0 0 0 -1 0 0 -2 -1 -1 -2 -2 0 0 -1 0 -2 -2 -1 0 -1 0 -1 -1 -2 -2 -2 -1 -1 0 -2 -1 -1 -1 0 0 0 -2 -1 0 -1 -2 -2 0 0 0 -2
1.3211477647947 0.367413343879431 -0.590055283142197 0.559426787064315 -0.585840801802124 -1 2 1 0 0 0 2 1 2 1 2 1 1 1 0 0 0 2 0 1 1 0 0 1 1 1 2 2 2 2 1 0 1 0 0 2 2 0 2 2 2 0 0 1 2 1 2 2 0 1 0 2 2 0 1 0 1 2 1 2 1 2 2 0 2 2 2 1 0 0 2 2 2 1 2 2 0 1 1 0 1 0 1 0 2 1 1 1 1 1 1 1 1 0 0 0 1 0 0 0 2 -2 -1 0 0 0 -2 -1 -2 -1 -2 -1 -1 -1 0 0 0 -2 0 -1 -1 0 0 -1 -1 -1 -2 -2 -2 -2 -1 0 -1 0 0 -2 -2 0 -2 -2 -2 0 0 -1 -2 -1 -2 -2 0 -1 0 -2 -2 0 -1 0 -1 -2 -1 -2 -1 -2 -2 0 -2 -2 -2 -1 0 0 -2 -2 -2 -1 -2 -2 0 -1 -1 0 -1 0 -1 0 -2 -1 -1 -1 -1 -1 -1 -1 -1 0 0 0 -1 0 0 0 -2
0.858414837110486 1.16561962925119 0.635965949953454 -0.0525954212893542 0.314139151305875 -1 2 0 1 0 0 2 2 1 0 1 2 2 2 0 1 0 2 2 2 1 0 1 1 1 0 2 1 2 2 2 0 2 0 0 1 2 0 2 2 2 0 0 1 2 0 2 1 0 1 0 1 1 0 0 1 1 1 1 0 1 1 2 1 2 2 2 2 1 1 2 1 0 1 1 1 0 1 1 1 0 0 1 1 2 1 2 2 2 2 1 2 2 0 0 2 1 0 0 0 2 -2 0 -1 0 0 -2 -2 -1 0 -1 -2 -2 -2 0 -1 0 -2 -2 -2 -1 0 -1 -1 -1 0 -2 -1 -2 -2 -2 0 -2 0 0 -1 -2 0 -2 -2 -2 0 0 -1 -2 0 -2 -1 0 -1 0 -1 -1 0 0 -1 -1 -1 -1 0 -1 -1 -2 -1 -2 -2 -2 -2 -1 -1 -2 -1 0 -1 -1 -1 0 -1 -1 -1 0 0 -1 -1 -2 -1 -2 -2 -2 -2 -1 -2 -2 0 0 -2 -1 0 0 0 -2
1.01629826615081 0.593390885760745 -0.93511104194662 2.06112835482113 -0.479689155130376 1 2 0 0 0 1 2 2 1 1 1 1 1 0 0 0 0 2 1 1 1 1 1 0 2 0 0 0 2 2 0 0 0 0 0 0 2 0 2 2 2 0 0 1 2 0 1 0 0 2 0 1 2 0 1 0 1 1 1 0 1 2 1 1 2 1 1 2 1 0 2 2 1 1 2 2 0 1 1 1 1 1 0 0 2 2 0 2 1 1 1 2 2 1 1 0 2 0 0 1 2 2 0 0 0 1 2 2 1 1 1 1 1 0 0 0 0 2 1 1 1 1 1 0 2 0 0 0 2 2 0 0 0 0 0 0 2 0 2 2 2 0 0 1 2 0 1 0 0 2 0 1 2 0 1 0 1 1 1 0 1 2 1 1 2 1 1 2 1 0 2 2 1 1 2 2 0 1 1 1 1 1 0 0 2 2 0 2 1 1 1 2 2 1 1 0 2 0 0 1 2
1.08574409244291 1.46114974741583 1.01173328313603 -0.627471709068529 0.116164561919385 -1 1 0 0 0 0 1 1 1 0 1 2 2 2 0 0 0 1 1 0 0 0 1 1 2 0 1 0 2 1 1 0 0 0 0 0 1 0 2 2 2 2 1 1 0 0 0 0 0 0 0 2 2 0 0 0 0 1 2 1 1 2 2 0 2 2 1 0 1 1 2 2 1 0 2 1 0 0 1 1 2 0 1 1 2 1 1 1 2 2 1 2 2 1 1 2 1 0 0 1 2 -1 0 0 0 0 -1 -1 -1 0 -1 -2 -2 -2 0 0 0 -1 -1 0 0 0 -1 -1 -2 0 -1 0 -2 -1 -1 0 0 0 0 0 -1 0 -2 -2 -2 -2 -1 -1 0 0 0 0 0 0 0 -2 -2 0 0 0 0 -1 -2 -1 -1 -2 -2 0 -2 -2 -1 0 -1 -1 -2 -2 -1 0 -2 -1 0 0 -1 -1 -2 0 -1 -1 -2 -1 -1 -1 -2 -2 -1 -2 -2 -1 -1 -2 -1 0 0 -1 -2
1.41426570904769 1.193685669023 0.768255271466198 -0.328164816684773 -1.9303868324808 1 2 1 1 1 0 1 1 1 1 2 1 1 1 0 2 0 1 1 1 1 1 0 1 1 0 1 0 2 2 2 0 1 0 0 1 2 0 2 1 2 1 0 1 2 1 1 2 0 1 0 2 2 0 1 0 0 1 0 0 1 2 1 1 2 1 2 0 1 1 2 2 1 1 1 0 1 2 1 2 1 1 1 1 2 1 1 1 2 0 0 1 1 0 1 1 1 0 0 0 2 2 1 1 1 0 1 1 1 1 2 1 1 1 0 2 0 1 1 1 1 1 0 1 1 0 1 0 2 2 2 0 1 0 0 1 2 0 2 1 2 1 0 1 2 1 1 2 0 1 0 2 2 0 1 0 0 1 0 0 1 2 1 1 2 1 2 0 1 1 2 2 1 1 1 0 1 2 1 2 1 1 1 1 2 1 1 1 2 0 0 1 1 0 1 1 1 0 0 0 2
-1.09859058847825 -1.11894617974268 0.570947282809599 0.705112813239949 0.165697242774298 -1 2 0 0 0 0 2 2 1 1 2 1 1 2 0 0 0 2 0 2 1 0 0 0 2 0 1 0 1 1 0 0 0 0 0 0 2 0 2 2 2 1 1 2 2 2 1 2 1 2 0 2 2 0 0 0 1 2 1 0 0 1 2 2 2 2 2 1 1 0 2 1 1 0 1 0 0 1 2 2 2 0 1 0 1 1 1 2 1 1 0 2 2 2 1 1 1 0 0 0 2 -2 0 0 0 0 -2 -2 -1 -1 -2 -1 -1 -2 0 0 0 -2 0 -2 -1 0 0 0 -2 0 -1 0 -1 -1 0 0 0 0 0 0 -2 0 -2 -2 -2 -1 -1 -2 -2 -2 -1 -2 -1 -2 0 -2 -2 0 0 0 -1 -2 -1 0 0 -1 -2 -2 -2 -2 -2 -1 -1 0 -2 -1 -1 0 -1 0 0 -1 -2 -2 -2 0 -1 0 -1 -1 -1 -2 -1 -1 0 -2 -2 -2 -1 -1 -1 0 0 0 -2
-0.321220796941678 -0.447982728575833 0.655945992407284 -0.206848846301299 -0.482575392913523 1 2 1 1 0 0 2 1 1 0 2 2 2 2 0 0 1 2 0 1 0 0 1 1 1 2 2 2 2 2 2 0 1 0 0 0 1 0 2 0 1 0 0 0 1 0 2 1 1 1 0 2 2 0 2 1 0 2 2 0 1 2 2 2 1 2 0 0 1 0 2 2 0 0 1 1 0 0 1 0 0 0 0 0 1 1 1 2 2 2 1 2 2 0 1 2 1 0 0 0 2 2 1 1 0 0 2 1 1 0 2 2 2 2 0 0 1 2 0 1 0 0 1 1 1 2 2 2 2 2 2 0 1 0 0 0 1 0 2 0 1 0 0 0 1 0 2 1 1 1 0 2 2 0 2 1 0 2 2 0 1 2 2 2 1 2 0 0 1 0 2 2 0 0 1 1 0 0 1 0 0 0 0 0 1 1 1 2 2 2 1 2 2 0 1 2 1 0 0 0 2
-1.06669564161196 -2.52029351856356 -0.657044599715199 0.156784966927107 -0.999018759554625 -1 2 0 0 0 0 0 0 1 1 2 2 2 2 1 1 0 1 0 0 1 1 0 0 1 0 2 0 2 2 2 0 1 0 0 0 2 0 2 2 2 1 0 0 2 1 1 1 0 1 0 0 2 1 0 0 1 2 1 0 0 1 1 0 2 1 1 2 1 1 2 2 1 0 1 1 0 2 1 0 0 1 1 0 2 2 2 2 2 2 0 2 2 1 1 2 2 0 1 1 2 -2 0 0 0 0 0 0 -1 -1 -2 -2 -2 -2 -1 -1 0 -1 0 0 -1 -1 0 0 -1 0 -2 0 -2 -2 -2 0 -1 0 0 0 -2 0 -2 -2 -2 -1 0 0 -2 -1 -1 -1 0 -1 0 0 -2 -1 0 0 -1 -2 -1 0 0 -1 -1 0 -2 -1 -1 -2 -1 -1 -2 -2 -1 0 -1 -1 0 -2 -1 0 0 -1 -1 0 -2 -2 -2 -2 -2 -2 0 -2 -2 -1 -1 -2 -2 0 -1 -1 -2
-0.550875357569379 -0.670721783093663 -1.02992795594063 -1.09955628990012 -0.0677759660645604 1 1 0 0 0 0 0 0 0 0 1 1 1 1 0 0 0 2 1 1 1 0 0 1 1 0 0 0 2 2 1 0 1 0 0 0 2 0 2 2 2 2 1 1 2 1 1 2 1 2 0 2 2 1 0 1 1 2 2 1 2 2 2 2 2 2 2 2 1 0 1 0 0 0 2 0 0 0 1 0 0 0 1 0 2 1 0 1 0 1 1 2 2 0 0 1 2 2 1 2 2 1 0 0 0 0 0 0 0 0 1 1 1 1 0 0 0 2 1 1 1 0 0 1 1 0 0 0 2 2 1 0 1 0 0 0 2 0 2 2 2 2 1 1 2 1 1 2 1 2 0 2 2 1 0 1 1 2 2 1 2 2 2 2 2 2 2 2 1 0 1 0 0 0 2 0 0 0 1 0 0 0 1 0 2 1 0 1 0 1 1 2 2 0 0 1 2 2 1 2 2
0.0457753302948066 0.809656063552514 -0.394793775718474 0.673415507480549 0.566332945335013 -1 2 0 0 0 0 0 0 1 2 2 2 2 1 0 0 0 1 1 0 1 0 0 0 1 1 2 2 2 2 1 0 0 0 0 0 2 0 1 2 2 1 0 0 1 0 1 1 0 1 0 2 2 1 1 1 0 2 2 1 2 2 2 2 2 2 2 2 2 1 2 2 2 1 1 1 0 1 2 1 2 1 1 1 2 1 0 0 1 1 0 1 1 1 0 2 2 1 0 0 2 -2 0 0 0 0 0 0 -1 -2 -2 -2 -2 -1 0 0 0 -1 -1 0 -1 0 0 0 -1 -1 -2 -2 -2 -2 -1 0 0 0 0 0 -2 0 -1 -2 -2 -1 0 0 -1 0 -1 -1 0 -1 0 -2 -2 -1 -1 -1 0 -2 -2 -1 -2 -2 -2 -2 -2 -2 -2 -2 -2 -1 -2 -2 -2 -1 -1 -1 0 -1 -2 -1 -2 -1 -1 -1 -2 -1 0 0 -1 -1 0 -1 -1 -1 0 -2 -2 -1 0 0 -2
-0.619752944446877 0.689951944549045 -1.58578789822218 1.26111927221028 -1.84750913177239 1 2 0 1 1 2 2 2 2 1 2 2 2 1 0 1 1 2 0 1 1 1 0 0 1 0 0 1 2 2 2 0 0 0 0 2 2 0 0 2 2 2 1 1 2 1 1 1 0 0 0 0 2 0 1 1 1 1 2 0 1 2 2 1 2 2 2 1 2 0 2 2 1 1 2 1 0 0 0 0 1 1 0 0 1 1 1 0 1 2 1 2 1 0 0 1 1 0 0 0 2 2 0 1 1 2 2 2 2 1 2 2 2 1 0 1 1 2 0 1 1 1 0 0 1 0 0 1 2 2 2 0 0 0 0 2 2 0 0 2 2 2 1 1 2 1 1 1 0 0 0 0 2 0 1 1 1 1 2 0 1 2 2 1 2 2 2 1 2 0 2 2 1 1 2 1 0 0 0 0 1 1 0 0 1 1 1 0 1 2 1 2 1 0 0 1 1 0 0 0 2
0.340251138402124 -0.830128373992575 -0.341038975487379 0.751061697751137 0.163817916590743 -1 2 0 1 0 0 2 1 0 1 2 2 2 1 0 0 0 1 1 0 0 1 0 1 0 0 1 1 2 2 0 0 2 1 0 0 2 0 2 1 2 1 1 1 1 1 2 1 0 2 0 1 1 1 2 1 0 0 2 0 2 2 2 0 2 2 2 0 0 1 2 1 0 0 1 1 0 1 1 2 2 0 1 0 1 1 1 1 1 2 1 2 2 1 1 2 1 0 0 0 2 -2 0 -1 0 0 -2 -1 0 -1 -2 -2 -2 -1 0 0 0 -1 -1 0 0 -1 0 -1 0 0 -1 -1 -2 -2 0 0 -2 -1 0 0 -2 0 -2 -1 -2 -1 -1 -1 -1 -1 -2 -1 0 -2 0 -1 -1 -1 -2 -1 0 0 -2 0 -2 -2 -2 0 -2 -2 -2 0 0 -1 -2 -1 0 0 -1 -1 0 -1 -1 -2 -2 0 -1 0 -1 -1 -1 -1 -1 -2 -1 -2 -2 -1 -1 -2 -1 0 0 0 -2
-0.17988529364322 0.595293920756389 0.757132465443858 0.241900671034979 -1.34306759953563 1 2 0 1 1 0 2 1 1 1 1 1 2 2 0 0 0 2 2 2 2 0 0 1 2 1 2 1 2 2 0 0 0 0 0 0 2 0 2 2 2 1 0 1 0 0 0 1 0 2 0 2 2 0 0 0 1 2 0 0 1 2 1 1 2 2 2 1 0 0 2 2 2 0 2 1 0 1 2 1 1 0 1 0 1 1 2 1 1 1 0 2 2 1 0 2 2 0 1 1 2 2 0 1 1 0 2 1 1 1 1 1 2 2 0 0 0 2 2 2 2 0 0 1 2 1 2 1 2 2 0 0 0 0 0 0 2 0 2 2 2 1 0 1 0 0 0 1 0 2 0 2 2 0 0 0 1 2 0 0 1 2 1 1 2 2 2 1 0 0 2 2 2 0 2 1 0 1 2 1 1 0 1 0 1 1 2 1 1 1 0 2 2 1 0 2 2 0 1 1 2
-1.30478981696604 0.503606214177455 0.0791201645422087 -0.330869231613382 -0.128662754827673 -1 2 1 2 1 0 2 0 0 1 1 2 2 2 0 0 0 1 2 2 2 2 0 0 0 1 1 2 2 2 2 0 1 0 0 0 2 0 1 2 2 1 1 0 1 1 1 0 0 1 0 1 2 0 0 0 2 1 1 0 1 2 2 1 1 2 2 1 1 0 2 1 0 1 2 1 0 0 1 0 1 0 1 0 2 1 1 2 2 2 0 1 2 1 1 2 2 1 1 1 2 -2 -1 -2 -1 0 -2 0 0 -1 -1 -2 -2 -2 0 0 0 -1 -2 -2 -2 -2 0 0 0 -1 -1 -2 -2 -2 -2 0 -1 0 0 0 -2 0 -1 -2 -2 -1 -1 0 -1 -1 -1 0 0 -1 0 -1 -2 0 0 0 -2 -1 -1 0 -1 -2 -2 -1 -1 -2 -2 -1 -1 0 -2 -1 0 -1 -2 -1 0 0 -1 0 -1 0 -1 0 -2 -1 -1 -2 -2 -2 0 -1 -2 -1 -1 -2 -2 -1 -1 -1 -2
0.789149626973804 -0.432665571382693 0.530750147819263 1.54587252620391 0.490792156156319 -1 1 0 0 0 0 1 1 1 2 1 2 2 2 0 0 1 2 1 1 1 1 0 0 0 0 1 1 2 2 2 0 1 0 0 0 2 0 2 2 2 1 0 0 1 0 0 1 0 0 0 1 2 2 0 0 0 1 1 1 1 2 2 1 2 2 2 1 2 0 1 2 0 0 0 0 0 0 0 0 1 0 0 0 1 0 0 0 0 1 0 2 2 2 0 1 1 0 1 1 2 -1 0 0 0 0 -1 -1 -1 -2 -1 -2 -2 -2 0 0 -1 -2 -1 -1 -1 -1 0 0 0 0 -1 -1 -2 -2 -2 0 -1 0 0 0 -2 0 -2 -2 -2 -1 0 0 -1 0 0 -1 0 0 0 -1 -2 -2 0 0 0 -1 -1 -1 -1 -2 -2 -1 -2 -2 -2 -1 -2 0 -1 -2 0 0 0 0 0 0 0 0 -1 0 0 0 -1 0 0 0 0 -1 0 -2 -2 -2 0 -1 -1 0 -1 -1 -2
-0.693127789205531 -0.551006900354311 2.09918741393438 0.401070013676315 -0.0417913489626079 1 1 0 0 0 0 1 0 1 1 1 1 2 2 0 0 0 2 2 1 1 1 0 1 1 0 2 2 2 2 1 0 1 0 0 0 2 0 2 2 2 1 0 0 2 1 1 1 0 1 0 1 2 0 0 2 1 1 1 0 2 2 1 2 2 1 1 1 1 0 2 1 0 0 1 1 0 2 2 1 1 0 1 0 1 0 0 1 1 1 1 2 2 2 1 2 2 0 1 1 2 1 0 0 0 0 1 0 1 1 1 1 2 2 0 0 0 2 2 1 1 1 0 1 1 0 2 2 2 2 1 0 1 0 0 0 2 0 2 2 2 1 0 0 2 1 1 1 0 1 0 1 2 0 0 2 1 1 1 0 2 2 1 2 2 1 1 1 1 0 2 1 0 0 1 1 0 2 2 1 1 0 1 0 1 0 0 1 1 1 1 2 2 2 1 2 2 0 1 1 2
-0.678525181734919 -0.422070310142682 -0.659308564361781 0.2377690486952 -0.242653437210637 1 2 0 0 2 1 2 1 2 1 1 0 1 0 0 0 0 1 0 1 1 1 0 0 1 1 2 1 2 2 2 0 1 0 0 0 1 0 1 2 1 0 1 2 2 2 1 1 0 2 1 2 2 0 0 0 0 0 1 0 1 2 2 2 2 2 2 1 2 1 2 2 0 0 2 1 0 1 1 0 1 0 0 0 0 2 1 2 2 2 1 1 2 1 1 1 1 0 1 1 2 2 0 0 2 1 2 1 2 1 1 0 1 0 0 0 0 1 0 1 1 1 0 0 1 1 2 1 2 2 2 0 1 0 0 0 1 0 1 2 1 0 1 2 2 2 1 1 0 2 1 2 2 0 0 0 0 0 1 0 1 2 2 2 2 2 2 1 2 1 2 2 0 0 2 1 0 1 1 0 1 0 0 0 0 2 1 2 2 2 1 1 2 1 1 1 1 0 1 1 2
-0.259343605665811 -1.26569402184243 -0.929827300493221 0.817102593282186 -0.923956408409358 -1 2 0 0 0 1 1 1 1 0 1 1 2 2 0 0 0 1 0 0 0 1 0 1 1 2 2 2 2 1 1 0 0 0 0 0 2 0 2 2 2 1 0 1 2 0 0 0 0 1 0 0 2 0 0 0 1 1 2 1 2 2 1 2 1 1 1 1 1 0 1 1 1 1 2 1 0 1 2 1 1 0 2 0 1 1 1 0 0 1 1 2 1 0 0 1 1 0 1 1 2 -2 0 0 0 -1 -1 -1 -1 0 -1 -1 -2 -2 0 0 0 -1 0 0 0 -1 0 -1 -1 -2 -2 -2 -2 -1 -1 0 0 0 0 0 -2 0 -2 -2 -2 -1 0 -1 -2 0 0 0 0 -1 0 0 -2 0 0 0 -1 -1 -2 -1 -2 -2 -1 -2 -1 -1 -1 -1 -1 0 -1 -1 -1 -1 -2 -1 0 -1 -2 -1 -1 0 -2 0 -1 -1 -1 0 0 -1 -1 -2 -1 0 0 -1 -1 0 -1 -1 -2
0.817394951164806 -0.558937792899173 0.227610561841878 -0.148188222408099 -0.354301062527265 1 2 0 0 1 1 1 0 1 0 1 0 1 1 0 0 0 2 2 2 1 1 0 1 1 0 2 2 2 2 1 1 1 0 0 1 2 0 2 2 2 0 0 0 2 1 1 0 0 1 0 0 2 1 0 1 1 1 1 1 1 2 2 2 2 1 2 1 1 0 2 2 0 0 0 0 1 1 1 2 1 0 1 1 2 2 2 2 0 2 1 2 2 1 0 2 1 2 1 0 2 2 0 0 1 1 1 0 1 0 1 0 1 1 0 0 0 2 2 2 1 1 0 1 1 0 2 2 2 2 1 1 1 0 0 1 2 0 2 2 2 0 0 0 2 1 1 0 0 1 0 0 2 1 0 1 1 1 1 1 1 2 2 2 2 1 2 1 1 0 2 2 0 0 0 0 1 1 1 2 1 0 1 1 2 2 2 2 0 2 1 2 2 1 0 2 1 2 1 0 2
0.593647133003375 0.602940041472653 0.163203784888027 -1.53595482874805 1.10315319461974 -1 1 0 0 0 0 1 2 2 1 1 1 1 0 0 0 0 1 1 0 0 2 0 1 1 0 2 1 1 2 1 0 1 0 0 1 2 0 2 2 2 1 1 1 2 1 2 1 0 1 1 2 2 0 1 0 0 0 1 0 1 2 2 1 2 2 2 2 1 1 2 1 0 0 0 0 0 1 2 1 1 0 0 0 2 1 1 2 1 1 1 2 2 0 0 1 1 0 1 0 2 -1 0 0 0 0 -1 -2 -2 -1 -1 -1 -1 0 0 0 0 -1 -1 0 0 -2 0 -1 -1 0 -2 -1 -1 -2 -1 0 -1 0 0 -1 -2 0 -2 -2 -2 -1 -1 -1 -2 -1 -2 -1 0 -1 -1 -2 -2 0 -1 0 0 0 -1 0 -1 -2 -2 -1 -2 -2 -2 -2 -1 -1 -2 -1 0 0 0 0 0 -1 -2 -1 -1 0 0 0 -2 -1 -1 -2 -1 -1 -1 -2 -2 0 0 -1 -1 0 -1 0 -2
1.89710579705717 -0.284974193744639 0.743870333985779 -1.07276064249443 0.702580196223443 -1 2 0 0 1 0 2 1 2 2 1 1 1 1 0 1 0 0 1 2 1 0 0 1 1 2 2 2 2 2 2 0 0 1 0 1 2 0 2 2 2 1 0 1 2 1 1 2 1 2 0 1 2 0 1 0 2 2 2 1 1 2 1 1 2 2 1 2 1 1 2 2 1 1 2 2 0 0 2 1 0 0 1 0 1 1 1 2 2 2 1 2 2 1 2 2 2 1 0 0 2 -2 0 0 -1 0 -2 -1 -2 -2 -1 -1 -1 -1 0 -1 0 0 -1 -2 -1 0 0 -1 -1 -2 -2 -2 -2 -2 -2 0 0 -1 0 -1 -2 0 -2 -2 -2 -1 0 -1 -2 -1 -1 -2 -1 -2 0 -1 -2 0 -1 0 -2 -2 -2 -1 -1 -2 -1 -1 -2 -2 -1 -2 -1 -1 -2 -2 -1 -1 -2 -2 0 0 -2 -1 0 0 -1 0 -1 -1 -1 -2 -2 -2 -1 -2 -2 -1 -2 -2 -2 -1 0 0 -2
-0.607103252876506 -0.584846956144193 -0.00684206801157781 -0.446209857404577 0.298210681383929 -1 2 0 0 0 1 2 1 1 1 2 1 1 1 0 0 0 2 0 0 1 0 0 1 1 0 1 0 2 1 0 0 0 0 0 0 2 0 2 2 2 1 1 1 1 0 1 0 0 0 0 1 2 1 0 1 0 1 1 0 1 1 1 2 2 2 1 2 2 1 2 2 2 2 1 2 0 1 2 2 1 0 0 0 1 1 0 0 1 2 0 2 2 1 2 2 0 0 1 2 2 -2 0 0 0 -1 -2 -1 -1 -1 -2 -1 -1 -1 0 0 0 -2 0 0 -1 0 0 -1 -1 0 -1 0 -2 -1 0 0 0 0 0 0 -2 0 -2 -2 -2 -1 -1 -1 -1 0 -1 0 0 0 0 -1 -2 -1 0 -1 0 -1 -1 0 -1 -1 -1 -2 -2 -2 -1 -2 -2 -1 -2 -2 -2 -2 -1 -2 0 -1 -2 -2 -1 0 0 0 -1 -1 0 0 -1 -2 0 -2 -2 -1 -2 -2 0 0 -1 -2 -2
-1.0940357341052 -0.487201105188208 1.25017929168174 -1.56734730060844 -0.102552778599956 -1 2 0 0 0 0 1 1 2 2 2 1 2 1 0 0 0 1 0 0 0 0 0 0 0 0 1 0 2 2 1 0 1 0 0 1 2 0 2 2 2 0 1 1 0 0 1 1 0 1 0 1 2 0 1 0 0 1 2 0 1 2 2 1 2 2 2 1 1 1 2 2 0 2 2 2 1 2 2 1 1 1 1 0 2 1 0 2 0 0 1 1 2 1 0 1 2 2 1 1 2 -2 0 0 0 0 -1 -1 -2 -2 -2 -1 -2 -1 0 0 0 -1 0 0 0 0 0 0 0 0 -1 0 -2 -2 -1 0 -1 0 0 -1 -2 0 -2 -2 -2 0 -1 -1 0 0 -1 -1 0 -1 0 -1 -2 0 -1 0 0 -1 -2 0 -1 -2 -2 -1 -2 -2 -2 -1 -1 -1 -2 -2 0 -2 -2 -2 -1 -2 -2 -1 -1 -1 -1 0 -2 -1 0 -2 0 0 -1 -1 -2 -1 0 -1 -2 -2 -1 -1 -2
-0.3066840804172 -0.302773891347058 0.314062408634645 -0.456804229268042 1.11969935609528 1 2 0 1 1 1 2 1 1 1 1 1 1 1 0 0 0 2 1 0 1 2 0 0 0 0 2 2 2 2 0 0 0 1 1 2 2 0 2 2 2 0 1 0 2 1 2 1 0 2 1 2 2 0 1 0 1 1 2 0 1 2 2 2 2 1 0 2 1 0 2 1 1 1 2 2 0 0 1 1 1 1 2 0 2 1 1 0 0 1 0 1 2 0 0 1 1 0 0 0 2 2 0 1 1 1 2 1 1 1 1 1 1 1 0 0 0 2 1 0 1 2 0 0 0 0 2 2 2 2 0 0 0 1 1 2 2 0 2 2 2 0 1 0 2 1 2 1 0 2 1 2 2 0 1 0 1 1 2 0 1 2 2 2 2 1 0 2 1 0 2 1 1 1 2 2 0 0 1 1 1 1 2 0 2 1 1 0 0 1 0 1 2 0 0 1 1 0 0 0 2
0.334678137113343 2.15907722570142 -0.658984419222419 -0.410026799910291 -0.802441984245607 -1 1 0 0 0 0 2 1 2 1 2 2 2 2 0 0 0 1 1 0 1 0 0 0 1 0 2 1 2 2 2 0 0 0 0 2 1 0 1 2 2 0 1 0 1 1 0 0 0 0 0 2 2 2 1 0 0 1 2 1 1 2 2 1 2 2 2 1 0 0 2 2 2 1 2 2 0 1 2 2 2 1 1 0 2 1 1 1 1 1 0 1 2 0 1 2 1 0 0 1 2 -1 0 0 0 0 -2 -1 -2 -1 -2 -2 -2 -2 0 0 0 -1 -1 0 -1 0 0 0 -1 0 -2 -1 -2 -2 -2 0 0 0 0 -2 -1 0 -1 -2 -2 0 -1 0 -1 -1 0 0 0 0 0 -2 -2 -2 -1 0 0 -1 -2 -1 -1 -2 -2 -1 -2 -2 -2 -1 0 0 -2 -2 -2 -1 -2 -2 0 -1 -2 -2 -2 -1 -1 0 -2 -1 -1 -1 -1 -1 0 -1 -2 0 -1 -2 -1 0 0 -1 -2
-2.05719126649587 0.554036529198024 1.18623909210916 0.706056002236797 0.170312681927874 1 1 0 1 0 0 1 1 0 0 1 1 1 1 0 1 0 2 1 2 1 1 0 1 1 0 2 1 2 2 1 0 1 0 0 0 1 0 2 2 1 0 0 0 1 0 2 2 1 2 0 1 2 0 1 0 2 0 0 1 2 2 2 1 2 1 1 0 0 0 1 0 1 1 0 0 0 2 2 2 2 1 1 0 1 1 1 0 1 2 1 2 2 1 0 1 1 0 0 0 2 1 0 1 0 0 1 1 0 0 1 1 1 1 0 1 0 2 1 2 1 1 0 1 1 0 2 1 2 2 1 0 1 0 0 0 1 0 2 2 1 0 0 0 1 0 2 2 1 2 0 1 2 0 1 0 2 0 0 1 2 2 2 1 2 1 1 0 0 0 1 0 1 1 0 0 0 2 2 2 2 1 1 0 1 1 1 0 1 2 1 2 2 1 0 1 1 0 0 0 2
