0.890484455122152 0.122272696636351 -2.23204646664799 -0.952963583828991 -0.770762809030868 -1 0 2 0 1 0 0 2 1 2 2 1 1 1 2 1 2 2 2 2 1 1 1 1 1 1 0 2 2 0 1 0 2 0 1 0 0 0 1 0 1 1 2 1 0 0 0 0 1 1 0 1 0 2 1 0 0 0 0 1 2 0 1 1 0 2 1 2 1 1 0 1 0 1 0 2 2 1 0 0 0 0 0 1 0 0 0 2 1 2 1 1 2 2 1 2 2 1 0 0 2 0 -2 0 -1 0 0 -2 -1 -2 -2 -1 -1 -1 -2 -1 -2 -2 -2 -2 -1 -1 -1 -1 -1 -1 0 -2 -2 0 -1 0 -2 0 -1 0 0 0 -1 0 -1 -1 -2 -1 0 0 0 0 -1 -1 0 -1 0 -2 -1 0 0 0 0 -1 -2 0 -1 -1 0 -2 -1 -2 -1 -1 0 -1 0 -1 0 -2 -2 -1 0 0 0 0 0 -1 0 0 0 -2 -1 -2 -1 -1 -2 -2 -1 -2 -2 -1 0 0 -2
-0.580833087012158 1.31558012213077 0.0628273762337017 -0.0891367133807389 -0.726334857689663 1 1 2 0 1 1 2 2 1 1 0 1 1 2 2 0 2 2 1 1 0 0 0 0 2 2 0 2 1 0 1 1 2 1 1 0 0 0 1 0 1 2 1 1 0 2 2 0 2 2 1 2 0 2 2 0 0 0 1 1 2 0 2 1 0 1 0 0 0 1 0 1 0 1 1 2 2 1 0 1 0 0 1 1 0 1 0 2 0 2 0 0 1 2 0 1 2 1 1 0 2 1 2 0 1 1 2 2 1 1 0 1 1 2 2 0 2 2 1 1 0 0 0 0 2 2 0 2 1 0 1 1 2 1 1 0 0 0 1 0 1 2 1 1 0 2 2 0 2 2 1 2 0 2 2 0 0 0 1 1 2 0 2 1 0 1 0 0 0 1 0 1 0 1 1 2 2 1 0 1 0 0 1 1 0 1 0 2 0 2 0 0 1 2 0 1 2 1 1 0 2
1.0837121188798 0.787618930220711 -1.97790014464983 1.71559427301888 0.0964683621289466 1 0 2 0 1 0 2 2 1 2 1 1 2 1 2 0 2 2 2 1 1 0 0 1 2 2 1 2 2 1 0 1 2 0 0 0 1 2 2 0 1 1 2 2 0 1 1 1 1 0 0 2 1 2 1 1 0 0 2 1 2 0 1 0 0 2 1 2 1 0 0 1 0 0 1 2 2 0 0 2 1 0 1 1 1 2 1 2 1 1 0 1 2 2 0 2 2 0 0 0 1 0 2 0 1 0 2 2 1 2 1 1 2 1 2 0 2 2 2 1 1 0 0 1 2 2 1 2 2 1 0 1 2 0 0 0 1 2 2 0 1 1 2 2 0 1 1 1 1 0 0 2 1 2 1 1 0 0 2 1 2 0 1 0 0 2 1 2 1 0 0 1 0 0 1 2 2 0 0 2 1 0 1 1 1 2 1 2 1 1 0 1 2 2 0 2 2 0 0 0 1
-0.374758217172781 -1.10315640750513 0.711134557332294 0.476036391990604 -0.432316239002906 -1 1 2 0 2 0 1 2 1 1 1 2 2 2 2 0 1 2 0 1 1 1 0 1 2 1 0 2 0 0 0 1 2 0 0 0 1 0 1 0 2 1 1 0 0 1 1 1 1 1 2 2 0 2 1 0 0 0 2 1 1 0 2 1 0 1 0 0 1 1 0 1 0 0 0 2 1 0 0 1 0 1 0 1 0 1 0 2 1 1 0 1 1 1 1 2 1 0 0 0 2 -1 -2 0 -2 0 -1 -2 -1 -1 -1 -2 -2 -2 -2 0 -1 -2 0 -1 -1 -1 0 -1 -2 -1 0 -2 0 0 0 -1 -2 0 0 0 -1 0 -1 0 -2 -1 -1 0 0 -1 -1 -1 -1 -1 -2 -2 0 -2 -1 0 0 0 -2 -1 -1 0 -2 -1 0 -1 0 0 -1 -1 0 -1 0 0 0 -2 -1 0 0 -1 0 -1 0 -1 0 -1 0 -2 -1 -1 0 -1 -1 -1 -1 -2 -1 0 0 0 -2
-0.333035825221496 0.354947409783064 0.0798530445405616 0.0189288919694717 -0.463338924606049 -1 1 1 0 2 0 1 1 1 2 1 1 0 0 1 0 2 2 2 1 1 0 0 2 2 2 0 2 2 1 1 0 0 0 0 0 0 0 1 1 0 2 2 1 0 2 1 0 1 1 0 2 0 2 1 2 0 1 0 1 2 2 2 1 0 1 0 0 0 1 0 1 0 1 0 2 1 1 0 0 0 0 1 1 0 0 1 2 0 1 0 0 1 1 0 0 0 0 0 0 2 -1 -1 0 -2 0 -1 -1 -1 -2 -1 -1 0 0 -1 0 -2 -2 -2 -1 -1 0 0 -2 -2 -2 0 -2 -2 -1 -1 0 0 0 0 0 0 0 -1 -1 0 -2 -2 -1 0 -2 -1 0 -1 -1 0 -2 0 -2 -1 -2 0 -1 0 -1 -2 -2 -2 -1 0 -1 0 0 0 -1 0 -1 0 -1 0 -2 -1 -1 0 0 0 0 -1 -1 0 0 -1 -2 0 -1 0 0 -1 -1 0 0 0 0 0 0 -2
1.06148096761398 -0.339182439653416 0.337948432448963 -1.5686902261537 -0.813225121299187 1 1 1 0 2 1 2 1 1 1 2 2 1 1 1 1 1 1 2 1 0 0 0 0 2 2 0 2 2 0 0 0 1 0 0 0 1 0 2 1 1 1 2 1 0 0 0 0 0 0 0 2 1 2 2 1 0 0 1 0 2 1 1 1 0 1 0 1 0 0 0 1 0 0 0 2 2 0 0 0 0 0 0 0 0 0 0 1 0 0 0 0 0 2 2 2 0 0 0 0 1 1 1 0 2 1 2 1 1 1 2 2 1 1 1 1 1 1 2 1 0 0 0 0 2 2 0 2 2 0 0 0 1 0 0 0 1 0 2 1 1 1 2 1 0 0 0 0 0 0 0 2 1 2 2 1 0 0 1 0 2 1 1 1 0 1 0 1 0 0 0 1 0 0 0 2 2 0 0 0 0 0 0 0 0 0 0 1 0 0 0 0 0 2 2 2 0 0 0 0 1
-2.12285476717794 0.694056630628877 1.27736159175442 0.5956500261219 -0.0850389282926662 -1 0 2 0 2 0 2 2 1 2 1 1 0 0 2 2 2 2 2 1 0 1 1 1 2 2 0 2 1 0 1 1 2 1 0 0 0 2 0 0 1 2 0 1 0 1 0 1 2 2 1 2 0 2 1 2 0 2 2 1 2 2 2 1 0 2 0 1 0 0 0 1 0 1 1 2 2 0 0 1 0 1 0 0 0 0 0 1 0 1 0 0 1 1 0 1 2 0 0 0 1 0 -2 0 -2 0 -2 -2 -1 -2 -1 -1 0 0 -2 -2 -2 -2 -2 -1 0 -1 -1 -1 -2 -2 0 -2 -1 0 -1 -1 -2 -1 0 0 0 -2 0 0 -1 -2 0 -1 0 -1 0 -1 -2 -2 -1 -2 0 -2 -1 -2 0 -2 -2 -1 -2 -2 -2 -1 0 -2 0 -1 0 0 0 -1 0 -1 -1 -2 -2 0 0 -1 0 -1 0 0 0 0 0 -1 0 -1 0 0 -1 -1 0 -1 -2 0 0 0 -1
0.533985882879704 2.32152083754989 0.25057651594163 1.54089915721731 0.678088880178138 1 1 1 0 2 0 2 2 1 1 2 2 2 2 2 2 2 2 2 1 2 1 1 1 2 2 0 2 2 1 2 0 1 0 0 0 0 0 2 0 1 1 2 1 0 2 0 0 1 1 0 1 0 2 2 2 1 1 1 1 1 1 1 1 0 2 0 1 1 1 0 1 0 2 1 2 1 0 0 1 0 0 0 1 0 0 0 1 0 2 0 1 2 1 0 1 1 0 0 0 1 1 1 0 2 0 2 2 1 1 2 2 2 2 2 2 2 2 2 1 2 1 1 1 2 2 0 2 2 1 2 0 1 0 0 0 0 0 2 0 1 1 2 1 0 2 0 0 1 1 0 1 0 2 2 2 1 1 1 1 1 1 1 1 0 2 0 1 1 1 0 1 0 2 1 2 1 0 0 1 0 0 0 1 0 0 0 1 0 2 0 1 2 1 0 1 1 0 0 0 1
-0.410439855778446 1.27917687859191 -0.299806441167195 1.13304976581571 0.720474213091285 1 0 1 0 0 0 1 2 1 0 0 1 0 0 1 1 1 2 2 0 1 0 0 0 2 2 0 2 2 0 0 1 2 1 1 0 0 0 1 0 1 2 2 0 0 0 0 0 1 1 1 2 0 2 2 2 0 0 2 1 1 1 2 1 0 1 0 2 1 0 0 1 0 0 1 2 2 1 0 1 1 0 1 0 0 1 0 1 0 0 0 2 2 2 1 1 1 0 0 0 0 0 1 0 0 0 1 2 1 0 0 1 0 0 1 1 1 2 2 0 1 0 0 0 2 2 0 2 2 0 0 1 2 1 1 0 0 0 1 0 1 2 2 0 0 0 0 0 1 1 1 2 0 2 2 2 0 0 2 1 1 1 2 1 0 1 0 2 1 0 0 1 0 0 1 2 2 1 0 1 1 0 1 0 0 1 0 1 0 0 0 2 2 2 1 1 1 0 0 0 0
0.0922096222623002 0.00641878639829359 1.26267412559768 -0.389643496902403 -1.52229580874648 -1 0 2 0 1 0 1 1 0 1 1 2 1 2 2 1 2 2 1 1 0 0 0 1 2 2 0 2 2 0 0 0 2 1 1 1 0 1 1 1 1 1 2 0 0 1 1 1 1 1 1 2 2 2 2 2 0 2 2 2 2 2 0 0 0 2 0 0 0 0 0 1 0 2 2 2 2 1 0 2 1 1 2 1 0 0 1 2 2 2 0 1 2 2 0 0 0 0 0 0 2 0 -2 0 -1 0 -1 -1 0 -1 -1 -2 -1 -2 -2 -1 -2 -2 -1 -1 0 0 0 -1 -2 -2 0 -2 -2 0 0 0 -2 -1 -1 -1 0 -1 -1 -1 -1 -1 -2 0 0 -1 -1 -1 -1 -1 -1 -2 -2 -2 -2 -2 0 -2 -2 -2 -2 -2 0 0 0 -2 0 0 0 0 0 -1 0 -2 -2 -2 -2 -1 0 -2 -1 -1 -2 -1 0 0 -1 -2 -2 -2 0 -1 -2 -2 0 0 0 0 0 0 -2
-0.941887249869809 0.507142054298265 0.739945943671178 -0.182057139492635 0.131332666395635 1 0 2 1 1 0 1 2 2 1 2 2 1 2 2 1 2 2 2 0 2 1 0 2 2 2 0 2 2 1 1 0 1 0 1 1 1 0 2 1 2 2 2 1 0 1 1 1 1 1 0 2 0 2 2 1 0 2 2 1 1 1 1 0 0 1 0 0 0 0 0 2 1 2 0 2 2 0 0 1 0 0 0 0 0 1 1 2 2 1 1 2 2 2 2 2 2 1 2 0 2 0 2 1 1 0 1 2 2 1 2 2 1 2 2 1 2 2 2 0 2 1 0 2 2 2 0 2 2 1 1 0 1 0 1 1 1 0 2 1 2 2 2 1 0 1 1 1 1 1 0 2 0 2 2 1 0 2 2 1 1 1 1 0 0 1 0 0 0 0 0 2 1 2 0 2 2 0 0 1 0 0 0 0 0 1 1 2 2 1 1 2 2 2 2 2 2 1 2 0 2
-0.795961356177887 0.597991583425682 -0.496150323625455 0.174622135513027 -0.70595946241011 1 0 1 0 1 0 1 1 1 1 1 1 1 1 2 0 1 2 1 0 1 0 1 1 2 2 0 2 2 0 2 0 1 0 0 0 1 2 1 0 0 0 1 0 0 0 0 0 1 0 0 1 0 2 2 1 0 0 0 0 2 1 1 2 0 2 0 1 1 0 0 1 0 0 1 2 2 0 0 0 0 1 2 2 2 1 1 2 1 2 1 1 1 1 1 1 1 1 1 0 2 0 1 0 1 0 1 1 1 1 1 1 1 1 2 0 1 2 1 0 1 0 1 1 2 2 0 2 2 0 2 0 1 0 0 0 1 2 1 0 0 0 1 0 0 0 0 0 1 0 0 1 0 2 2 1 0 0 0 0 2 1 1 2 0 2 0 1 1 0 0 1 0 0 1 2 2 0 0 0 0 1 2 2 2 1 1 2 1 2 1 1 1 1 1 1 1 1 1 0 2
0.256722063472809 0.0799088160180768 -0.414923064432303 0.156031432955936 0.657409902741804 -1 1 1 1 2 0 2 2 1 2 2 2 2 2 2 2 2 2 2 1 0 0 1 2 2 2 0 2 1 0 1 2 2 0 0 0 1 1 1 1 2 2 2 1 0 1 1 0 1 0 0 2 0 1 1 2 0 0 2 1 1 0 1 0 0 1 0 0 0 0 0 1 0 1 0 2 2 1 0 1 0 0 1 0 0 0 1 2 0 1 0 0 1 1 1 2 2 0 1 0 2 -1 -1 -1 -2 0 -2 -2 -1 -2 -2 -2 -2 -2 -2 -2 -2 -2 -2 -1 0 0 -1 -2 -2 -2 0 -2 -1 0 -1 -2 -2 0 0 0 -1 -1 -1 -1 -2 -2 -2 -1 0 -1 -1 0 -1 0 0 -2 0 -1 -1 -2 0 0 -2 -1 -1 0 -1 0 0 -1 0 0 0 0 0 -1 0 -1 0 -2 -2 -1 0 -1 0 0 -1 0 0 0 -1 -2 0 -1 0 0 -1 -1 -1 -2 -2 0 -1 0 -2
0.404850503082835 1.36577903899448 0.148837700009253 0.316547455755957 -0.917455775044871 1 0 2 0 0 0 0 1 1 1 1 2 1 1 1 0 1 2 2 1 0 0 0 2 2 2 0 1 1 0 2 0 0 0 0 1 1 2 1 0 1 1 2 2 0 1 0 0 2 0 0 1 0 1 2 2 0 0 0 0 0 0 1 1 1 2 0 1 0 0 0 1 0 1 0 2 1 0 0 1 0 0 0 0 0 0 0 2 2 0 0 0 1 0 0 2 2 0 0 0 2 0 2 0 0 0 0 1 1 1 1 2 1 1 1 0 1 2 2 1 0 0 0 2 2 2 0 1 1 0 2 0 0 0 0 1 1 2 1 0 1 1 2 2 0 1 0 0 2 0 0 1 0 1 2 2 0 0 0 0 0 0 1 1 1 2 0 1 0 0 0 1 0 1 0 2 1 0 0 1 0 0 0 0 0 0 0 2 2 0 0 0 1 0 0 2 2 0 0 0 2
-1.30186396109135 -1.06633202936824 -0.330371851818613 -1.76507533545832 -0.271945863085968 -1 1 2 0 1 0 1 1 1 2 1 0 1 0 0 0 1 1 1 0 1 0 0 1 2 2 0 1 1 0 0 1 2 1 2 2 1 2 1 0 1 2 1 0 0 1 2 1 1 1 1 2 1 2 2 2 2 2 2 2 1 0 2 1 0 2 0 0 0 0 0 1 0 1 0 2 1 0 0 0 0 0 0 0 0 1 0 2 1 0 0 0 0 1 1 1 1 0 0 0 2 -1 -2 0 -1 0 -1 -1 -1 -2 -1 0 -1 0 0 0 -1 -1 -1 0 -1 0 0 -1 -2 -2 0 -1 -1 0 0 -1 -2 -1 -2 -2 -1 -2 -1 0 -1 -2 -1 0 0 -1 -2 -1 -1 -1 -1 -2 -1 -2 -2 -2 -2 -2 -2 -2 -1 0 -2 -1 0 -2 0 0 0 0 0 -1 0 -1 0 -2 -1 0 0 0 0 0 0 0 0 -1 0 -2 -1 0 0 0 0 -1 -1 -1 -1 0 0 0 -2
-0.763198189597108 -0.404953164013512 -1.5966801283416 0.338815948925669 1.23494025764131 1 0 2 0 1 0 1 2 2 2 1 2 2 1 1 0 2 1 0 1 1 1 0 0 1 2 0 1 1 0 0 1 2 0 1 0 0 1 1 0 2 1 2 1 0 1 0 0 2 1 0 1 0 2 2 2 0 1 2 1 1 1 1 1 0 2 1 2 1 1 0 2 0 1 1 2 2 1 0 1 0 0 1 1 0 1 0 2 2 1 0 0 0 2 1 1 1 0 0 0 1 0 2 0 1 0 1 2 2 2 1 2 2 1 1 0 2 1 0 1 1 1 0 0 1 2 0 1 1 0 0 1 2 0 1 0 0 1 1 0 2 1 2 1 0 1 0 0 2 1 0 1 0 2 2 2 0 1 2 1 1 1 1 1 0 2 1 2 1 1 0 2 0 1 1 2 2 1 0 1 0 0 1 1 0 1 0 2 2 1 0 0 0 2 1 1 1 0 0 0 1
1.41707432293993 -1.01850887476057 -0.540908562132351 -0.469844904660811 -0.085884055926161 -1 0 1 0 0 0 0 2 0 0 0 2 1 1 1 1 2 2 1 1 1 0 0 2 2 2 0 2 2 0 1 1 2 0 1 0 0 0 0 0 1 1 1 0 0 1 1 0 1 2 1 2 1 2 2 2 0 1 2 2 2 2 1 1 1 2 0 0 0 0 0 0 0 1 0 2 2 2 0 1 0 0 0 0 1 1 0 2 1 1 0 2 2 2 2 2 2 0 0 0 1 0 -1 0 0 0 0 -2 0 0 0 -2 -1 -1 -1 -1 -2 -2 -1 -1 -1 0 0 -2 -2 -2 0 -2 -2 0 -1 -1 -2 0 -1 0 0 0 0 0 -1 -1 -1 0 0 -1 -1 0 -1 -2 -1 -2 -1 -2 -2 -2 0 -1 -2 -2 -2 -2 -1 -1 -1 -2 0 0 0 0 0 0 0 -1 0 -2 -2 -2 0 -1 0 0 0 0 -1 -1 0 -2 -1 -1 0 -2 -2 -2 -2 -2 -2 0 0 0 -1
0.796921421112154 -0.0247648364997387 -0.286887444529909 0.0935200500517486 -1.09132535340986 1 0 1 0 1 1 2 1 0 0 1 2 2 1 2 0 2 2 2 1 0 0 0 1 2 2 0 2 2 0 1 0 2 0 0 0 1 2 1 0 1 2 2 1 1 2 2 2 2 2 2 2 0 1 2 2 0 0 2 1 1 0 0 1 2 2 0 1 0 0 0 1 0 2 1 2 2 1 0 1 0 0 0 1 0 0 1 2 1 1 0 1 2 2 2 2 2 0 1 0 2 0 1 0 1 1 2 1 0 0 1 2 2 1 2 0 2 2 2 1 0 0 0 1 2 2 0 2 2 0 1 0 2 0 0 0 1 2 1 0 1 2 2 1 1 2 2 2 2 2 2 2 0 1 2 2 0 0 2 1 1 0 0 1 2 2 0 1 0 0 0 1 0 2 1 2 2 1 0 1 0 0 0 1 0 0 1 2 1 1 0 1 2 2 2 2 2 0 1 0 2
-0.902808238543883 -0.824304216042533 0.788926256266013 -1.762717117397 -0.710302545714005 1 1 2 0 1 0 1 2 2 2 2 2 2 1 1 1 2 2 2 2 0 0 0 2 2 2 0 1 1 0 0 0 1 0 0 0 0 1 1 0 1 1 2 0 0 0 0 0 1 1 0 2 0 2 2 1 0 1 2 1 2 1 2 2 0 2 0 1 1 1 0 1 0 2 2 2 1 0 0 1 0 0 0 0 0 0 0 2 0 0 0 1 2 2 1 1 2 0 0 0 1 1 2 0 1 0 1 2 2 2 2 2 2 1 1 1 2 2 2 2 0 0 0 2 2 2 0 1 1 0 0 0 1 0 0 0 0 1 1 0 1 1 2 0 0 0 0 0 1 1 0 2 0 2 2 1 0 1 2 1 2 1 2 2 0 2 0 1 1 1 0 1 0 2 2 2 1 0 0 1 0 0 0 0 0 0 0 2 0 0 0 1 2 2 1 1 2 0 0 0 1
-0.439805381147402 -0.409007127067163 0.302593916358871 -0.509543924011824 -0.35548804610206 -1 0 0 0 1 0 1 1 0 1 0 1 1 1 2 0 2 2 2 0 0 0 1 1 2 2 1 2 1 0 1 1 2 0 0 0 1 0 0 0 1 1 2 2 0 0 0 0 1 1 1 2 0 2 2 1 0 0 0 2 2 1 2 1 1 2 1 1 1 0 0 1 1 1 1 2 2 0 0 0 0 0 1 1 0 0 1 2 2 1 1 1 2 2 1 2 1 0 1 0 1 0 0 0 -1 0 -1 -1 0 -1 0 -1 -1 -1 -2 0 -2 -2 -2 0 0 0 -1 -1 -2 -2 -1 -2 -1 0 -1 -1 -2 0 0 0 -1 0 0 0 -1 -1 -2 -2 0 0 0 0 -1 -1 -1 -2 0 -2 -2 -1 0 0 0 -2 -2 -1 -2 -1 -1 -2 -1 -1 -1 0 0 -1 -1 -1 -1 -2 -2 0 0 0 0 0 -1 -1 0 0 -1 -2 -2 -1 -1 -1 -2 -2 -1 -2 -1 0 -1 0 -1
-0.197680662021883 -0.181295767068587 -1.49222609985167 -1.81264058862258 -1.08658321928068 1 0 0 0 2 1 1 2 1 2 2 2 0 1 1 1 2 1 2 0 0 0 0 0 2 2 0 1 2 0 0 1 1 0 0 0 0 0 1 0 0 2 2 0 0 0 1 0 2 2 1 2 0 1 1 1 0 1 1 0 2 1 1 0 1 2 0 0 0 0 0 0 0 0 1 2 2 1 0 0 0 0 0 0 0 0 0 2 1 2 1 2 2 2 1 2 2 0 0 0 2 0 0 0 2 1 1 2 1 2 2 2 0 1 1 1 2 1 2 0 0 0 0 0 2 2 0 1 2 0 0 1 1 0 0 0 0 0 1 0 0 2 2 0 0 0 1 0 2 2 1 2 0 1 1 1 0 1 1 0 2 1 1 0 1 2 0 0 0 0 0 0 0 0 1 2 2 1 0 0 0 0 0 0 0 0 0 2 1 2 1 2 2 2 1 2 2 0 0 0 2
0.127690538945963 0.501712684847748 0.624304507613309 0.921102218540012 1.00626159246312 1 0 1 0 1 0 1 2 2 2 1 2 2 2 2 0 0 1 2 0 1 0 1 1 2 2 0 2 1 0 2 0 2 0 1 1 1 1 1 1 1 1 2 1 0 2 2 0 1 0 0 2 1 2 1 2 0 1 1 1 2 1 2 1 0 2 0 1 1 0 0 2 0 0 0 2 2 1 0 1 1 0 1 0 1 1 1 2 1 1 0 2 2 2 1 2 2 0 0 0 1 0 1 0 1 0 1 2 2 2 1 2 2 2 2 0 0 1 2 0 1 0 1 1 2 2 0 2 1 0 2 0 2 0 1 1 1 1 1 1 1 1 2 1 0 2 2 0 1 0 0 2 1 2 1 2 0 1 1 1 2 1 2 1 0 2 0 1 1 0 0 2 0 0 0 2 2 1 0 1 1 0 1 0 1 1 1 2 1 1 0 2 2 2 1 2 2 0 0 0 1
-1.38289563995395 0.649916715201006 -0.736400008555401 -0.62185278835291 0.3857032623451 1 1 2 0 1 0 1 2 0 0 0 2 2 2 2 2 2 2 1 1 1 0 1 2 2 2 1 2 2 1 2 1 2 1 0 0 0 0 1 0 0 0 1 1 0 1 0 0 1 1 2 2 0 0 2 1 1 1 1 1 1 1 1 0 1 1 0 2 2 1 1 1 0 2 1 2 1 0 0 2 1 0 1 2 0 0 1 2 0 1 0 1 0 2 0 2 1 0 0 0 1 1 2 0 1 0 1 2 0 0 0 2 2 2 2 2 2 2 1 1 1 0 1 2 2 2 1 2 2 1 2 1 2 1 0 0 0 0 1 0 0 0 1 1 0 1 0 0 1 1 2 2 0 0 2 1 1 1 1 1 1 1 1 0 1 1 0 2 2 1 1 1 0 2 1 2 1 0 0 2 1 0 1 2 0 0 1 2 0 1 0 1 0 2 0 2 1 0 0 0 1
-1.40950691247736 -0.947278250150465 -0.194368659029186 -0.389791330002828 0.183410787964236 1 0 2 0 1 0 1 2 1 1 1 1 1 0 1 1 2 2 2 1 0 0 0 1 2 2 0 2 1 0 1 0 1 0 1 1 1 2 1 0 0 1 2 1 0 1 2 1 1 1 1 2 0 2 2 2 1 2 2 1 1 1 2 1 0 1 0 0 0 0 0 2 1 1 1 2 1 1 0 2 0 1 2 2 1 1 0 2 1 2 0 2 2 2 1 2 2 0 1 0 1 0 2 0 1 0 1 2 1 1 1 1 1 0 1 1 2 2 2 1 0 0 0 1 2 2 0 2 1 0 1 0 1 0 1 1 1 2 1 0 0 1 2 1 0 1 2 1 1 1 1 2 0 2 2 2 1 2 2 1 1 1 2 1 0 1 0 0 0 0 0 2 1 1 1 2 1 1 0 2 0 1 2 2 1 1 0 2 1 2 0 2 2 2 1 2 2 0 1 0 1
-1.40649670774219 -1.35152947603965 1.0928516836142 1.38463354294287 0.337993966154597 -1 1 2 0 1 0 2 1 0 0 0 0 0 0 1 0 1 2 0 0 0 0 0 0 2 2 0 2 2 0 0 0 2 0 0 0 1 1 0 0 2 1 2 0 0 2 2 1 2 1 0 2 1 1 0 1 1 1 2 2 2 2 2 1 1 2 1 1 1 0 0 2 1 2 1 2 1 0 0 1 0 0 0 0 0 0 1 2 0 2 0 2 1 2 0 2 2 0 0 0 0 -1 -2 0 -1 0 -2 -1 0 0 0 0 0 0 -1 0 -1 -2 0 0 0 0 0 0 -2 -2 0 -2 -2 0 0 0 -2 0 0 0 -1 -1 0 0 -2 -1 -2 0 0 -2 -2 -1 -2 -1 0 -2 -1 -1 0 -1 -1 -1 -2 -2 -2 -2 -2 -1 -1 -2 -1 -1 -1 0 0 -2 -1 -2 -1 -2 -1 0 0 -1 0 0 0 0 0 0 -1 -2 0 -2 0 -2 -1 -2 0 -2 -2 0 0 0 0
0.205006957916682 -0.103178226013013 -0.303765778514536 -0.310359353882097 -0.831740239705 -1 0 1 0 1 1 2 1 1 0 0 1 0 0 1 0 2 2 1 0 0 0 0 0 2 2 0 2 1 0 0 1 2 0 0 0 0 1 1 0 0 0 1 1 0 2 1 0 1 0 0 2 0 2 2 2 0 0 1 1 1 0 0 1 0 1 0 0 1 0 0 2 0 0 0 2 2 1 0 1 0 0 2 2 0 0 0 2 1 1 0 2 2 2 1 1 2 0 0 0 2 0 -1 0 -1 -1 -2 -1 -1 0 0 -1 0 0 -1 0 -2 -2 -1 0 0 0 0 0 -2 -2 0 -2 -1 0 0 -1 -2 0 0 0 0 -1 -1 0 0 0 -1 -1 0 -2 -1 0 -1 0 0 -2 0 -2 -2 -2 0 0 -1 -1 -1 0 0 -1 0 -1 0 0 -1 0 0 -2 0 0 0 -2 -2 -1 0 -1 0 0 -2 -2 0 0 0 -2 -1 -1 0 -2 -2 -2 -1 -1 -2 0 0 0 -2
0.280994611696084 0.464696012199693 -0.419147325045435 -1.59001414017836 0.201843274475896 1 0 2 0 1 0 1 1 1 1 1 1 1 2 2 0 2 2 1 1 0 0 1 1 2 2 0 1 2 0 0 0 1 0 0 0 0 1 0 0 1 1 1 1 0 1 0 0 1 1 2 2 1 2 2 2 0 1 2 1 2 0 2 1 0 2 0 0 1 0 0 0 0 1 0 2 2 1 0 2 0 1 2 1 0 0 0 2 2 2 1 1 2 2 0 2 1 0 1 0 2 0 2 0 1 0 1 1 1 1 1 1 1 2 2 0 2 2 1 1 0 0 1 1 2 2 0 1 2 0 0 0 1 0 0 0 0 1 0 0 1 1 1 1 0 1 0 0 1 1 2 2 1 2 2 2 0 1 2 1 2 0 2 1 0 2 0 0 1 0 0 0 0 1 0 2 2 1 0 2 0 1 2 1 0 0 0 2 2 2 1 1 2 2 0 2 1 0 1 0 2
-1.34282799808776 0.60850962069006 0.436628524623242 0.560154786532314 -0.839242017432217 1 0 2 0 1 1 2 1 1 2 2 2 2 1 0 0 1 2 2 1 1 1 1 2 2 2 0 2 2 1 1 1 2 0 0 0 2 1 2 0 1 1 2 1 0 1 0 0 1 2 1 2 0 1 2 2 0 0 1 0 0 1 2 1 0 2 0 0 1 0 0 2 2 2 2 2 2 1 0 0 0 0 1 0 0 1 0 2 1 1 0 1 2 2 0 1 1 0 0 0 1 0 2 0 1 1 2 1 1 2 2 2 2 1 0 0 1 2 2 1 1 1 1 2 2 2 0 2 2 1 1 1 2 0 0 0 2 1 2 0 1 1 2 1 0 1 0 0 1 2 1 2 0 1 2 2 0 0 1 0 0 1 2 1 0 2 0 0 1 0 0 2 2 2 2 2 2 1 0 0 0 0 1 0 0 1 0 2 1 1 0 1 2 2 0 1 1 0 0 0 1
-0.195674971270357 1.06789285164716 1.46666647096475 -0.227707865520768 -0.053166055043903 -1 0 2 1 2 1 1 2 0 1 1 2 2 0 1 0 1 1 2 1 1 1 1 2 2 2 0 2 1 1 2 0 1 0 1 0 0 0 2 0 2 2 2 0 0 1 0 0 2 1 1 2 0 1 2 0 0 1 1 1 2 0 1 0 0 2 0 0 0 0 0 0 0 0 0 2 0 0 0 0 0 0 0 1 0 0 0 1 0 2 0 1 2 1 0 0 2 0 0 0 0 0 -2 -1 -2 -1 -1 -2 0 -1 -1 -2 -2 0 -1 0 -1 -1 -2 -1 -1 -1 -1 -2 -2 -2 0 -2 -1 -1 -2 0 -1 0 -1 0 0 0 -2 0 -2 -2 -2 0 0 -1 0 0 -2 -1 -1 -2 0 -1 -2 0 0 -1 -1 -1 -2 0 -1 0 0 -2 0 0 0 0 0 0 0 0 0 -2 0 0 0 0 0 0 0 -1 0 0 0 -1 0 -2 0 -1 -2 -1 0 0 -2 0 0 0 0
0.838265362260508 0.63074442245314 1.0585865713062 1.11595815287982 0.64633339129748 1 0 1 0 1 0 1 1 0 1 2 1 1 1 2 0 1 2 1 1 0 0 1 1 2 2 0 1 2 0 0 0 1 0 1 1 1 0 1 0 0 2 1 0 0 1 0 0 2 0 0 1 0 2 2 1 0 0 1 2 2 1 1 1 0 2 1 1 0 1 0 2 0 2 1 2 2 1 0 2 1 0 2 1 1 1 1 2 0 1 0 1 2 1 1 1 1 0 0 0 1 0 1 0 1 0 1 1 0 1 2 1 1 1 2 0 1 2 1 1 0 0 1 1 2 2 0 1 2 0 0 0 1 0 1 1 1 0 1 0 0 2 1 0 0 1 0 0 2 0 0 1 0 2 2 1 0 0 1 2 2 1 1 1 0 2 1 1 0 1 0 2 0 2 1 2 2 1 0 2 1 0 2 1 1 1 1 2 0 1 0 1 2 1 1 1 1 0 0 0 1
-1.36509810286908 -1.54383556580952 1.18908812407789 0.756707870333206 -0.409324708106046 -1 1 1 0 2 0 1 2 2 2 0 1 0 0 1 0 2 2 1 1 0 0 0 1 2 2 0 1 1 0 0 2 2 0 1 0 0 1 0 0 0 1 2 0 0 1 1 0 2 1 0 0 0 2 1 1 0 0 1 0 1 0 1 1 1 1 0 1 0 1 0 1 0 1 0 1 2 1 0 2 1 1 1 1 0 0 0 1 0 2 0 1 2 2 2 2 2 0 0 0 2 -1 -1 0 -2 0 -1 -2 -2 -2 0 -1 0 0 -1 0 -2 -2 -1 -1 0 0 0 -1 -2 -2 0 -1 -1 0 0 -2 -2 0 -1 0 0 -1 0 0 0 -1 -2 0 0 -1 -1 0 -2 -1 0 0 0 -2 -1 -1 0 0 -1 0 -1 0 -1 -1 -1 -1 0 -1 0 -1 0 -1 0 -1 0 -1 -2 -1 0 -2 -1 -1 -1 -1 0 0 0 -1 0 -2 0 -1 -2 -2 -2 -2 -2 0 0 0 -2
-0.445051642643767 0.944992517909528 -0.249088332084123 1.37831849660567 -0.0423920653738757 -1 1 2 0 2 0 1 0 0 2 2 1 1 1 1 1 1 2 2 0 0 0 0 0 2 1 0 2 1 0 0 1 2 0 0 0 1 2 1 0 1 1 1 0 0 1 0 0 1 0 0 2 0 1 2 0 0 0 1 1 2 0 1 2 1 2 0 0 0 1 0 1 0 2 2 2 1 0 0 0 0 0 0 0 0 1 1 1 1 2 2 2 2 2 2 2 2 1 1 0 2 -1 -2 0 -2 0 -1 0 0 -2 -2 -1 -1 -1 -1 -1 -1 -2 -2 0 0 0 0 0 -2 -1 0 -2 -1 0 0 -1 -2 0 0 0 -1 -2 -1 0 -1 -1 -1 0 0 -1 0 0 -1 0 0 -2 0 -1 -2 0 0 0 -1 -1 -2 0 -1 -2 -1 -2 0 0 0 -1 0 -1 0 -2 -2 -2 -1 0 0 0 0 0 0 0 0 -1 -1 -1 -1 -2 -2 -2 -2 -2 -2 -2 -2 -1 -1 0 -2
0.759389114574209 -0.388497137463031 -1.77567120396782 1.87702121754161 -0.495931739359697 -1 0 2 0 1 0 1 0 0 1 2 2 2 1 1 1 2 2 1 0 0 0 1 2 2 2 0 2 2 1 1 1 1 0 0 0 1 0 2 0 0 1 2 1 0 1 0 0 2 2 1 1 0 1 1 1 0 0 1 1 1 1 2 1 0 0 0 0 0 1 1 1 0 2 1 2 2 2 0 1 0 0 1 0 0 0 0 2 0 1 0 1 2 2 1 2 2 0 0 0 2 0 -2 0 -1 0 -1 0 0 -1 -2 -2 -2 -1 -1 -1 -2 -2 -1 0 0 0 -1 -2 -2 -2 0 -2 -2 -1 -1 -1 -1 0 0 0 -1 0 -2 0 0 -1 -2 -1 0 -1 0 0 -2 -2 -1 -1 0 -1 -1 -1 0 0 -1 -1 -1 -1 -2 -1 0 0 0 0 0 -1 -1 -1 0 -2 -1 -2 -2 -2 0 -1 0 0 -1 0 0 0 0 -2 0 -1 0 -1 -2 -2 -1 -2 -2 0 0 0 -2
-1.31149971519758 0.799990603611878 0.236567732754235 -0.67800712721687 0.581768297128667 -1 0 1 0 1 0 1 1 0 2 2 2 2 1 1 0 1 1 2 1 0 0 0 1 2 2 0 2 2 0 0 0 1 0 0 0 1 2 2 0 2 2 2 1 0 1 1 1 1 0 2 2 0 2 2 1 0 1 1 0 1 0 0 0 0 2 1 1 0 0 0 1 0 0 0 2 1 0 0 2 0 1 0 0 0 0 0 2 2 2 0 1 1 1 0 1 2 0 0 0 2 0 -1 0 -1 0 -1 -1 0 -2 -2 -2 -2 -1 -1 0 -1 -1 -2 -1 0 0 0 -1 -2 -2 0 -2 -2 0 0 0 -1 0 0 0 -1 -2 -2 0 -2 -2 -2 -1 0 -1 -1 -1 -1 0 -2 -2 0 -2 -2 -1 0 -1 -1 0 -1 0 0 0 0 -2 -1 -1 0 0 0 -1 0 0 0 -2 -1 0 0 -2 0 -1 0 0 0 0 0 -2 -2 -2 0 -1 -1 -1 0 -1 -2 0 0 0 -2
0.364673296783414 1.63971905260492 0.73879736393661 -0.664472654482299 1.04357195999842 -1 0 1 0 1 1 2 1 0 1 1 2 1 1 2 1 2 2 1 1 0 0 0 1 2 2 0 2 2 1 1 0 2 1 2 2 1 2 1 1 2 1 2 1 0 1 1 0 2 0 0 2 0 2 2 1 0 0 1 0 1 1 1 0 0 1 0 0 0 0 0 0 0 2 1 2 0 1 0 2 0 0 0 1 0 0 1 1 0 0 0 1 0 1 1 2 1 0 0 0 1 0 -1 0 -1 -1 -2 -1 0 -1 -1 -2 -1 -1 -2 -1 -2 -2 -1 -1 0 0 0 -1 -2 -2 0 -2 -2 -1 -1 0 -2 -1 -2 -2 -1 -2 -1 -1 -2 -1 -2 -1 0 -1 -1 0 -2 0 0 -2 0 -2 -2 -1 0 0 -1 0 -1 -1 -1 0 0 -1 0 0 0 0 0 0 0 -2 -1 -2 0 -1 0 -2 0 0 0 -1 0 0 -1 -1 0 0 0 -1 0 -1 -1 -2 -1 0 0 0 -1
0.950756067835084 -1.83395846929939 -1.35012147775103 -1.03948854194221 1.23895409739528 -1 1 0 0 1 0 1 2 2 2 2 2 2 1 1 0 2 1 2 1 0 0 0 2 2 2 1 2 2 0 1 0 2 0 1 0 1 1 2 0 2 2 2 1 0 2 1 0 0 0 0 1 1 2 2 2 1 0 2 1 2 1 2 2 1 2 1 0 1 1 0 0 0 2 1 2 1 0 0 0 0 0 0 0 0 1 0 2 0 2 1 1 1 1 0 1 1 0 0 0 2 -1 0 0 -1 0 -1 -2 -2 -2 -2 -2 -2 -1 -1 0 -2 -1 -2 -1 0 0 0 -2 -2 -2 -1 -2 -2 0 -1 0 -2 0 -1 0 -1 -1 -2 0 -2 -2 -2 -1 0 -2 -1 0 0 0 0 -1 -1 -2 -2 -2 -1 0 -2 -1 -2 -1 -2 -2 -1 -2 -1 0 -1 -1 0 0 0 -2 -1 -2 -1 0 0 0 0 0 0 0 0 -1 0 -2 0 -2 -1 -1 -1 -1 0 -1 -1 0 0 0 -2
0.417910529000848 -0.435264864376075 0.0907944900965965 0.83237468013124 0.73224977445563 -1 0 2 0 0 0 1 0 1 2 1 2 1 1 2 1 2 1 0 0 0 1 0 0 2 2 0 0 1 1 2 0 2 1 1 0 0 0 1 1 1 2 1 1 0 1 1 0 1 1 1 2 1 2 2 1 1 1 2 1 2 1 1 1 1 2 0 1 1 1 0 0 0 1 0 2 2 1 0 1 0 0 1 2 1 1 1 2 1 1 0 1 2 1 0 0 1 0 0 0 1 0 -2 0 0 0 -1 0 -1 -2 -1 -2 -1 -1 -2 -1 -2 -1 0 0 0 -1 0 0 -2 -2 0 0 -1 -1 -2 0 -2 -1 -1 0 0 0 -1 -1 -1 -2 -1 -1 0 -1 -1 0 -1 -1 -1 -2 -1 -2 -2 -1 -1 -1 -2 -1 -2 -1 -1 -1 -1 -2 0 -1 -1 -1 0 0 0 -1 0 -2 -2 -1 0 -1 0 0 -1 -2 -1 -1 -1 -2 -1 -1 0 -1 -2 -1 0 0 -1 0 0 0 -1
0.141475144146737 0.405534347637329 1.31923933666094 1.41845207049548 2.30628151264035 -1 0 2 0 2 1 2 1 0 2 2 0 1 0 2 0 2 2 2 1 1 0 1 1 2 2 0 2 2 1 0 0 0 0 1 0 0 0 1 1 1 1 1 0 0 0 0 0 1 1 1 2 0 1 2 1 0 1 2 2 2 1 0 0 0 2 1 2 2 1 0 1 0 2 0 2 1 0 0 1 0 0 1 0 0 1 1 2 1 2 1 1 2 2 1 2 2 0 0 0 2 0 -2 0 -2 -1 -2 -1 0 -2 -2 0 -1 0 -2 0 -2 -2 -2 -1 -1 0 -1 -1 -2 -2 0 -2 -2 -1 0 0 0 0 -1 0 0 0 -1 -1 -1 -1 -1 0 0 0 0 0 -1 -1 -1 -2 0 -1 -2 -1 0 -1 -2 -2 -2 -1 0 0 0 -2 -1 -2 -2 -1 0 -1 0 -2 0 -2 -1 0 0 -1 0 0 -1 0 0 -1 -1 -2 -1 -2 -1 -1 -2 -2 -1 -2 -2 0 0 0 -2
2.1639840092607 1.72290178372794 -0.388696708998078 -0.319008219419021 0.543611068241652 -1 1 2 0 2 0 1 1 1 2 2 2 2 1 2 1 2 2 2 1 1 0 0 2 2 2 0 2 2 1 2 1 2 0 1 0 0 1 2 0 0 2 2 2 0 2 0 0 1 2 2 2 1 2 2 2 0 1 2 1 2 0 1 1 0 1 0 1 1 1 0 1 1 1 0 2 2 1 0 1 1 1 1 1 1 1 0 2 1 2 0 2 2 2 1 2 2 1 0 0 1 -1 -2 0 -2 0 -1 -1 -1 -2 -2 -2 -2 -1 -2 -1 -2 -2 -2 -1 -1 0 0 -2 -2 -2 0 -2 -2 -1 -2 -1 -2 0 -1 0 0 -1 -2 0 0 -2 -2 -2 0 -2 0 0 -1 -2 -2 -2 -1 -2 -2 -2 0 -1 -2 -1 -2 0 -1 -1 0 -1 0 -1 -1 -1 0 -1 -1 -1 0 -2 -2 -1 0 -1 -1 -1 -1 -1 -1 -1 0 -2 -1 -2 0 -2 -2 -2 -1 -2 -2 -1 0 0 -1
-0.209579823732732 0.954697417004633 0.596536811070371 0.840940281552671 1.1159036614294 -1 1 2 0 2 0 1 1 2 2 1 2 1 1 2 1 2 2 0 0 0 0 1 1 2 2 0 2 2 2 2 1 2 1 1 0 1 1 0 0 2 2 2 1 0 1 0 0 2 1 1 2 1 2 2 1 0 0 0 1 1 0 2 2 1 2 0 1 0 0 0 0 1 1 2 2 2 1 1 2 0 0 2 0 0 1 1 2 0 1 0 1 2 2 1 2 2 0 0 0 2 -1 -2 0 -2 0 -1 -1 -2 -2 -1 -2 -1 -1 -2 -1 -2 -2 0 0 0 0 -1 -1 -2 -2 0 -2 -2 -2 -2 -1 -2 -1 -1 0 -1 -1 0 0 -2 -2 -2 -1 0 -1 0 0 -2 -1 -1 -2 -1 -2 -2 -1 0 0 0 -1 -1 0 -2 -2 -1 -2 0 -1 0 0 0 0 -1 -1 -2 -2 -2 -1 -1 -2 0 0 -2 0 0 -1 -1 -2 0 -1 0 -1 -2 -2 -1 -2 -2 0 0 0 -2
0.679313308075516 1.21994768099551 -0.412327719284585 0.0865258743234193 0.0605078298827963 1 0 1 0 1 0 0 1 0 0 0 1 0 0 1 1 2 2 2 1 0 0 0 0 2 2 0 2 2 0 1 2 2 0 1 0 0 0 2 1 1 0 1 1 0 1 1 1 1 1 0 1 0 1 1 1 0 1 0 1 0 2 2 1 1 1 0 0 0 0 0 2 0 0 0 2 1 1 0 2 0 0 1 0 0 1 0 2 1 2 0 1 2 2 2 2 2 0 0 0 2 0 1 0 1 0 0 1 0 0 0 1 0 0 1 1 2 2 2 1 0 0 0 0 2 2 0 2 2 0 1 2 2 0 1 0 0 0 2 1 1 0 1 1 0 1 1 1 1 1 0 1 0 1 1 1 0 1 0 1 0 2 2 1 1 1 0 0 0 0 0 2 0 0 0 2 1 1 0 2 0 0 1 0 0 1 0 2 1 2 0 1 2 2 2 2 2 0 0 0 2
-0.0355378145191079 -0.422244382678404 0.974119431555081 -0.266382343041447 -0.883376346961959 -1 0 2 0 2 0 2 1 0 1 2 2 1 1 1 0 0 1 2 1 1 1 0 1 2 2 0 2 2 0 1 1 2 0 1 0 0 1 1 0 1 1 2 0 0 2 1 0 2 2 2 2 0 2 1 2 0 1 1 0 1 0 1 1 0 2 0 1 1 2 0 2 0 2 0 2 2 0 1 2 1 0 0 0 0 0 0 2 1 1 1 2 1 2 1 2 2 1 0 0 1 0 -2 0 -2 0 -2 -1 0 -1 -2 -2 -1 -1 -1 0 0 -1 -2 -1 -1 -1 0 -1 -2 -2 0 -2 -2 0 -1 -1 -2 0 -1 0 0 -1 -1 0 -1 -1 -2 0 0 -2 -1 0 -2 -2 -2 -2 0 -2 -1 -2 0 -1 -1 0 -1 0 -1 -1 0 -2 0 -1 -1 -2 0 -2 0 -2 0 -2 -2 0 -1 -2 -1 0 0 0 0 0 0 -2 -1 -1 -1 -2 -1 -2 -1 -2 -2 -1 0 0 -1
-1.77185045658651 0.55187475839277 1.21917520234198 -0.664463704868033 1.23379254712144 -1 0 2 0 1 0 2 0 1 1 1 2 2 1 0 1 2 2 0 0 0 0 1 1 2 2 0 2 1 0 1 1 1 0 0 0 0 0 1 0 1 1 2 0 0 1 0 0 1 1 0 2 0 2 2 1 0 0 1 0 2 0 0 0 0 1 0 0 0 0 0 0 0 0 0 2 1 0 0 1 0 0 0 0 0 0 0 1 0 1 1 1 0 1 0 2 1 0 0 0 1 0 -2 0 -1 0 -2 0 -1 -1 -1 -2 -2 -1 0 -1 -2 -2 0 0 0 0 -1 -1 -2 -2 0 -2 -1 0 -1 -1 -1 0 0 0 0 0 -1 0 -1 -1 -2 0 0 -1 0 0 -1 -1 0 -2 0 -2 -2 -1 0 0 -1 0 -2 0 0 0 0 -1 0 0 0 0 0 0 0 0 0 -2 -1 0 0 -1 0 0 0 0 0 0 0 -1 0 -1 -1 -1 0 -1 0 -2 -1 0 0 0 -1
2.36174568831706 -0.602737894027555 0.784041176738822 0.84193859068142 -1.11402616553151 -1 0 1 0 1 0 2 1 1 1 2 2 1 1 1 0 1 1 1 1 0 0 0 1 2 2 0 1 2 0 0 0 1 0 2 1 1 0 2 0 1 1 2 0 0 1 0 0 0 0 1 1 2 2 2 2 1 1 2 2 2 0 1 1 0 2 0 1 1 0 0 1 0 2 1 2 2 0 0 2 0 0 0 0 0 0 0 1 0 1 0 1 1 1 1 1 1 0 0 0 1 0 -1 0 -1 0 -2 -1 -1 -1 -2 -2 -1 -1 -1 0 -1 -1 -1 -1 0 0 0 -1 -2 -2 0 -1 -2 0 0 0 -1 0 -2 -1 -1 0 -2 0 -1 -1 -2 0 0 -1 0 0 0 0 -1 -1 -2 -2 -2 -2 -1 -1 -2 -2 -2 0 -1 -1 0 -2 0 -1 -1 0 0 -1 0 -2 -1 -2 -2 0 0 -2 0 0 0 0 0 0 0 -1 0 -1 0 -1 -1 -1 -1 -1 -1 0 0 0 -1
0.717784168273098 0.0332532352196877 0.747916470981714 0.309422886415524 -0.1880143133126 -1 0 2 0 1 0 2 1 1 2 2 2 1 1 2 0 2 2 2 1 0 0 0 0 2 2 0 2 2 1 1 0 1 0 0 0 0 0 1 0 1 1 2 1 0 2 2 1 2 1 0 2 0 1 2 1 0 1 2 1 1 0 1 2 1 2 0 0 1 1 0 2 0 0 0 2 1 0 0 0 0 0 2 2 0 1 0 2 2 1 0 0 1 1 0 1 1 0 1 0 0 0 -2 0 -1 0 -2 -1 -1 -2 -2 -2 -1 -1 -2 0 -2 -2 -2 -1 0 0 0 0 -2 -2 0 -2 -2 -1 -1 0 -1 0 0 0 0 0 -1 0 -1 -1 -2 -1 0 -2 -2 -1 -2 -1 0 -2 0 -1 -2 -1 0 -1 -2 -1 -1 0 -1 -2 -1 -2 0 0 -1 -1 0 -2 0 0 0 -2 -1 0 0 0 0 0 -2 -2 0 -1 0 -2 -2 -1 0 0 -1 -1 0 -1 -1 0 -1 0 0
0.0611930279303524 -1.393040915531 -0.112437562632528 -1.04163329639641 -0.683195699565213 1 0 2 0 1 0 1 1 0 2 1 2 0 0 1 0 1 1 0 1 0 0 0 0 2 2 0 2 2 0 2 1 2 1 1 0 0 0 1 0 0 1 1 0 0 0 0 0 2 2 2 2 0 2 2 1 1 0 1 2 2 0 1 1 0 1 0 0 1 1 1 1 0 1 0 2 2 0 0 2 0 0 0 0 0 0 1 2 2 2 0 2 2 1 0 1 2 0 1 0 1 0 2 0 1 0 1 1 0 2 1 2 0 0 1 0 1 1 0 1 0 0 0 0 2 2 0 2 2 0 2 1 2 1 1 0 0 0 1 0 0 1 1 0 0 0 0 0 2 2 2 2 0 2 2 1 1 0 1 2 2 0 1 1 0 1 0 0 1 1 1 1 0 1 0 2 2 0 0 2 0 0 0 0 0 0 1 2 2 2 0 2 2 1 0 1 2 0 1 0 1
0.390296081538905 0.621218432182529 1.27429754540667 -0.79785017557127 0.327156106877601 -1 0 1 0 1 0 1 1 0 0 1 2 1 2 2 0 2 2 1 0 0 0 1 0 2 2 0 1 1 0 0 1 2 1 2 1 1 1 2 0 0 1 2 0 0 2 1 0 1 0 0 2 0 2 1 1 0 0 1 1 2 0 1 1 0 2 0 2 1 0 0 2 0 1 1 2 2 2 0 1 0 0 1 1 0 0 1 2 1 2 0 0 0 1 0 2 2 0 0 0 2 0 -1 0 -1 0 -1 -1 0 0 -1 -2 -1 -2 -2 0 -2 -2 -1 0 0 0 -1 0 -2 -2 0 -1 -1 0 0 -1 -2 -1 -2 -1 -1 -1 -2 0 0 -1 -2 0 0 -2 -1 0 -1 0 0 -2 0 -2 -1 -1 0 0 -1 -1 -2 0 -1 -1 0 -2 0 -2 -1 0 0 -2 0 -1 -1 -2 -2 -2 0 -1 0 0 -1 -1 0 0 -1 -2 -1 -2 0 0 0 -1 0 -2 -2 0 0 0 -2
-1.76309530950729 1.11384034443132 0.170212717677536 -0.253003959579236 1.40360718128221 1 1 1 0 2 0 0 0 0 0 0 0 0 0 1 0 1 2 1 2 1 0 1 1 2 2 0 2 2 0 0 0 2 1 0 0 1 1 1 0 1 2 1 1 0 0 0 0 0 1 1 2 0 2 2 1 0 1 1 1 2 1 0 1 1 2 0 0 0 0 0 1 0 1 0 2 2 1 0 0 0 0 1 2 1 2 1 2 2 2 0 1 2 2 2 2 2 0 1 0 2 1 1 0 2 0 0 0 0 0 0 0 0 0 1 0 1 2 1 2 1 0 1 1 2 2 0 2 2 0 0 0 2 1 0 0 1 1 1 0 1 2 1 1 0 0 0 0 0 1 1 2 0 2 2 1 0 1 1 1 2 1 0 1 1 2 0 0 0 0 0 1 0 1 0 2 2 1 0 0 0 0 1 2 1 2 1 2 2 2 0 1 2 2 2 2 2 0 1 0 2
1.54436526937893 -1.51638758283213 -1.50511878849298 -0.142516101574013 -0.165961233423948 -1 0 1 0 2 0 2 2 1 1 1 2 2 0 2 1 2 2 2 1 0 0 0 2 2 2 0 2 2 0 0 1 2 1 1 0 0 0 2 0 1 1 2 1 0 0 0 0 1 0 1 2 1 2 2 2 0 0 2 1 2 1 1 1 0 2 0 1 0 0 0 1 1 0 0 2 2 1 0 2 1 0 0 1 0 1 1 2 1 2 0 1 1 2 0 1 2 0 0 0 2 0 -1 0 -2 0 -2 -2 -1 -1 -1 -2 -2 0 -2 -1 -2 -2 -2 -1 0 0 0 -2 -2 -2 0 -2 -2 0 0 -1 -2 -1 -1 0 0 0 -2 0 -1 -1 -2 -1 0 0 0 0 -1 0 -1 -2 -1 -2 -2 -2 0 0 -2 -1 -2 -1 -1 -1 0 -2 0 -1 0 0 0 -1 -1 0 0 -2 -2 -1 0 -2 -1 0 0 -1 0 -1 -1 -2 -1 -2 0 -1 -1 -2 0 -1 -2 0 0 0 -2
0.559822884209518 -0.371298988765116 -0.123343116127672 -0.901174783013414 -0.808494784668168 1 0 1 0 1 0 1 1 0 1 1 2 2 2 1 0 1 1 2 2 1 1 1 1 2 2 0 2 2 0 1 2 2 0 1 1 1 1 2 1 1 1 2 1 0 1 0 0 1 1 0 0 0 2 1 0 0 1 1 1 1 0 2 1 1 2 0 0 0 0 0 0 0 1 1 2 2 1 0 1 0 0 1 1 0 0 1 1 1 2 0 0 1 1 1 1 2 0 0 0 2 0 1 0 1 0 1 1 0 1 1 2 2 2 1 0 1 1 2 2 1 1 1 1 2 2 0 2 2 0 1 2 2 0 1 1 1 1 2 1 1 1 2 1 0 1 0 0 1 1 0 0 0 2 1 0 0 1 1 1 1 0 2 1 1 2 0 0 0 0 0 0 0 1 1 2 2 1 0 1 0 0 1 1 0 0 1 1 1 2 0 0 1 1 1 1 2 0 0 0 2
-0.453788860282826 0.377819382646128 0.150098689018575 0.219627116764783 -0.224135621119377 1 1 1 0 1 0 1 0 0 0 2 2 2 0 1 0 1 2 2 2 1 1 1 2 2 2 0 1 2 0 1 0 2 1 1 0 1 1 2 0 2 2 2 1 0 2 1 0 2 1 2 2 0 2 2 1 0 1 1 1 2 1 1 0 0 2 0 1 1 0 0 0 1 1 1 2 1 0 0 0 0 0 0 0 0 1 1 1 0 1 0 1 2 2 2 2 2 0 0 0 2 1 1 0 1 0 1 0 0 0 2 2 2 0 1 0 1 2 2 2 1 1 1 2 2 2 0 1 2 0 1 0 2 1 1 0 1 1 2 0 2 2 2 1 0 2 1 0 2 1 2 2 0 2 2 1 0 1 1 1 2 1 1 0 0 2 0 1 1 0 0 0 1 1 1 2 1 0 0 0 0 0 0 0 0 1 1 1 0 1 0 1 2 2 2 2 2 0 0 0 2
-0.488735543060424 -2.1395117321641 0.92269920931443 0.101061627116165 0.907951855324721 1 1 1 0 1 0 1 0 1 2 2 2 1 1 2 1 1 2 1 2 1 1 0 0 2 2 0 2 2 0 1 1 2 0 2 1 1 2 2 1 1 0 2 0 0 2 2 1 2 1 1 2 0 2 2 2 0 0 1 1 1 0 1 1 0 2 0 0 0 0 0 0 0 1 0 2 1 0 0 1 0 0 1 1 1 1 0 2 1 2 1 1 0 1 0 0 1 0 1 0 2 1 1 0 1 0 1 0 1 2 2 2 1 1 2 1 1 2 1 2 1 1 0 0 2 2 0 2 2 0 1 1 2 0 2 1 1 2 2 1 1 0 2 0 0 2 2 1 2 1 1 2 0 2 2 2 0 0 1 1 1 0 1 1 0 2 0 0 0 0 0 0 0 1 0 2 1 0 0 1 0 0 1 1 1 1 0 2 1 2 1 1 0 1 0 0 1 0 1 0 2
0.190866241034041 -0.713424749538735 1.64174377328726 -0.242159838943911 1.18804464966283 -1 0 0 0 2 0 2 1 1 2 1 1 1 1 1 0 1 2 2 2 0 0 0 1 2 2 1 2 2 0 1 0 2 2 0 1 1 0 2 1 1 2 1 0 0 1 1 1 1 0 0 2 0 2 2 1 0 2 2 1 1 1 1 0 0 1 0 0 0 1 0 1 1 2 2 2 2 2 0 1 0 0 1 1 0 0 0 2 1 1 1 2 2 2 1 1 1 0 0 0 0 0 0 0 -2 0 -2 -1 -1 -2 -1 -1 -1 -1 -1 0 -1 -2 -2 -2 0 0 0 -1 -2 -2 -1 -2 -2 0 -1 0 -2 -2 0 -1 -1 0 -2 -1 -1 -2 -1 0 0 -1 -1 -1 -1 0 0 -2 0 -2 -2 -1 0 -2 -2 -1 -1 -1 -1 0 0 -1 0 0 0 -1 0 -1 -1 -2 -2 -2 -2 -2 0 -1 0 0 -1 -1 0 0 0 -2 -1 -1 -1 -2 -2 -2 -1 -1 -1 0 0 0 0
-0.25921796572542 1.10411549263127 2.87104476985045 -0.20038043085867 0.904483616772667 1 0 1 0 1 0 1 2 1 1 2 2 2 1 0 0 2 2 2 0 1 0 1 2 2 2 0 1 2 1 1 0 2 0 0 0 1 1 0 0 1 2 2 1 0 1 0 0 1 2 1 2 0 1 2 2 0 2 2 1 0 0 2 2 1 2 1 0 0 0 0 2 0 1 0 1 1 0 0 2 0 0 1 1 1 1 0 2 1 1 0 0 2 1 0 1 2 0 0 0 2 0 1 0 1 0 1 2 1 1 2 2 2 1 0 0 2 2 2 0 1 0 1 2 2 2 0 1 2 1 1 0 2 0 0 0 1 1 0 0 1 2 2 1 0 1 0 0 1 2 1 2 0 1 2 2 0 2 2 1 0 0 2 2 1 2 1 0 0 0 0 2 0 1 0 1 1 0 0 2 0 0 1 1 1 1 0 2 1 1 0 0 2 1 0 1 2 0 0 0 2
-0.0722482421592546 2.42330725991758 -1.11660688109199 1.04784446765916 0.39792890787422 1 0 1 0 1 0 0 2 1 1 0 1 2 2 1 0 1 2 2 0 0 1 1 0 2 2 0 0 1 0 0 2 2 1 1 0 2 1 1 1 2 2 1 1 0 0 0 1 2 2 0 2 0 2 1 0 0 0 1 2 2 1 2 2 1 2 1 1 1 2 0 2 2 2 0 2 2 1 0 1 0 0 0 1 0 0 0 1 0 1 0 1 1 2 0 2 2 1 0 0 1 0 1 0 1 0 0 2 1 1 0 1 2 2 1 0 1 2 2 0 0 1 1 0 2 2 0 0 1 0 0 2 2 1 1 0 2 1 1 1 2 2 1 1 0 0 0 1 2 2 0 2 0 2 1 0 0 0 1 2 2 1 2 2 1 2 1 1 1 2 0 2 2 2 0 2 2 1 0 1 0 0 0 1 0 0 0 1 0 1 0 1 1 2 0 2 2 1 0 0 1
0.535380420772499 1.440332909497 -0.539153859979099 -0.274392515882928 -1.72398311126109 1 1 2 0 1 1 2 1 0 1 1 1 2 1 2 0 2 2 1 1 1 0 2 1 2 2 0 2 2 0 1 0 0 0 0 1 1 0 2 0 0 2 2 0 0 0 0 0 1 1 0 2 0 1 2 1 1 2 2 2 2 1 1 1 0 2 0 1 2 0 0 0 0 1 0 2 2 1 0 1 0 0 1 1 1 0 0 2 2 2 0 0 0 2 1 1 1 0 0 0 1 1 2 0 1 1 2 1 0 1 1 1 2 1 2 0 2 2 1 1 1 0 2 1 2 2 0 2 2 0 1 0 0 0 0 1 1 0 2 0 0 2 2 0 0 0 0 0 1 1 0 2 0 1 2 1 1 2 2 2 2 1 1 1 0 2 0 1 2 0 0 0 0 1 0 2 2 1 0 1 0 0 1 1 1 0 0 2 2 2 0 0 0 2 1 1 1 0 0 0 1
-0.938070815800245 -0.794189749642934 1.66037068078156 0.359776594479258 0.608919538093614 1 1 1 0 2 1 2 2 2 1 0 1 2 1 2 1 1 1 2 0 0 0 0 1 2 2 0 1 2 0 0 1 2 0 0 0 0 1 1 0 0 1 0 0 0 0 1 0 2 0 0 1 0 2 2 2 0 1 2 1 1 0 1 1 0 1 0 1 1 1 1 2 0 0 0 2 1 1 0 2 0 0 0 1 0 1 0 2 1 2 0 1 2 2 2 2 1 1 0 0 1 1 1 0 2 1 2 2 2 1 0 1 2 1 2 1 1 1 2 0 0 0 0 1 2 2 0 1 2 0 0 1 2 0 0 0 0 1 1 0 0 1 0 0 0 0 1 0 2 0 0 1 0 2 2 2 0 1 2 1 1 0 1 1 0 1 0 1 1 1 1 2 0 0 0 2 1 1 0 2 0 0 0 1 0 1 0 2 1 2 0 1 2 2 2 2 1 1 0 0 1
1.08265683767378 -0.982988705293922 -0.0109136911190975 0.434063774521071 -0.926478812360768 1 1 2 0 2 0 1 0 1 2 2 2 2 2 2 1 2 1 2 1 0 0 0 1 2 2 0 2 2 1 1 1 2 0 0 0 0 0 1 0 1 2 2 1 0 2 1 1 1 1 1 2 0 2 1 1 0 0 1 1 2 1 2 1 0 2 0 0 0 0 0 1 0 2 2 2 2 0 0 1 0 0 1 2 2 1 2 2 1 2 0 1 1 2 1 2 2 0 1 0 2 1 2 0 2 0 1 0 1 2 2 2 2 2 2 1 2 1 2 1 0 0 0 1 2 2 0 2 2 1 1 1 2 0 0 0 0 0 1 0 1 2 2 1 0 2 1 1 1 1 1 2 0 2 1 1 0 0 1 1 2 1 2 1 0 2 0 0 0 0 0 1 0 2 2 2 2 0 0 1 0 0 1 2 2 1 2 2 1 2 0 1 1 2 1 2 2 0 1 0 2
-0.181755959119513 -0.399665235345773 1.33615403311156 -0.138013491261121 1.69712878050635 -1 1 2 0 1 1 2 0 1 2 1 2 1 1 1 1 2 1 2 2 1 0 0 0 2 2 0 1 2 0 1 1 2 0 0 0 0 1 1 0 2 1 2 1 0 1 0 0 2 2 0 1 0 2 1 1 0 0 2 2 2 1 1 1 1 2 1 2 2 0 0 1 0 0 0 2 1 0 0 1 0 1 2 1 0 2 2 2 0 2 0 0 0 1 1 2 2 0 0 0 2 -1 -2 0 -1 -1 -2 0 -1 -2 -1 -2 -1 -1 -1 -1 -2 -1 -2 -2 -1 0 0 0 -2 -2 0 -1 -2 0 -1 -1 -2 0 0 0 0 -1 -1 0 -2 -1 -2 -1 0 -1 0 0 -2 -2 0 -1 0 -2 -1 -1 0 0 -2 -2 -2 -1 -1 -1 -1 -2 -1 -2 -2 0 0 -1 0 0 0 -2 -1 0 0 -1 0 -1 -2 -1 0 -2 -2 -2 0 -2 0 0 0 -1 -1 -2 -2 0 0 0 -2
-0.0660852931686961 0.370173812388827 -0.233415392298638 1.44351270426807 -0.798936732894585 1 0 1 0 1 0 1 1 1 1 1 1 1 2 2 0 2 2 1 1 0 0 1 0 2 2 0 2 2 0 1 0 2 2 2 0 2 2 0 0 1 2 1 0 0 1 0 0 1 1 0 1 0 1 2 1 0 0 1 1 1 1 0 0 0 1 0 1 0 0 0 2 0 1 0 2 1 0 0 2 1 0 0 0 1 1 1 2 1 2 1 1 1 2 2 1 2 0 0 0 2 0 1 0 1 0 1 1 1 1 1 1 1 2 2 0 2 2 1 1 0 0 1 0 2 2 0 2 2 0 1 0 2 2 2 0 2 2 0 0 1 2 1 0 0 1 0 0 1 1 0 1 0 1 2 1 0 0 1 1 1 1 0 0 0 1 0 1 0 0 0 2 0 1 0 2 1 0 0 2 1 0 0 0 1 1 1 2 1 2 1 1 1 2 2 1 2 0 0 0 2
-1.57288085611175 0.399975704515383 0.752923650678884 0.421256756695823 0.987412475508296 1 2 2 1 1 1 2 2 1 1 2 2 2 1 1 1 1 2 2 1 0 0 1 1 2 2 0 2 1 0 2 0 2 0 0 0 1 2 2 1 1 1 2 1 0 2 0 0 2 1 1 2 1 2 2 2 0 2 2 1 2 1 1 1 0 2 0 0 0 0 0 1 0 0 1 2 1 1 0 2 1 1 1 0 0 0 0 1 0 1 0 1 2 2 2 1 2 0 0 0 1 2 2 1 1 1 2 2 1 1 2 2 2 1 1 1 1 2 2 1 0 0 1 1 2 2 0 2 1 0 2 0 2 0 0 0 1 2 2 1 1 1 2 1 0 2 0 0 2 1 1 2 1 2 2 2 0 2 2 1 2 1 1 1 0 2 0 0 0 0 0 1 0 0 1 2 1 1 0 2 1 1 1 0 0 0 0 1 0 1 0 1 2 2 2 1 2 0 0 0 1
-0.0664073728977031 -0.99708848542288 1.01748324567543 0.473521153576823 0.778016290132885 -1 1 2 0 0 0 1 0 0 2 1 1 0 1 1 0 1 1 2 1 1 1 0 0 2 2 0 2 2 0 2 2 2 1 1 0 1 1 1 0 0 1 2 2 0 2 1 1 2 2 1 1 0 2 1 0 0 1 1 1 2 1 1 2 0 2 0 1 0 0 0 1 0 0 1 2 2 0 0 1 1 1 0 1 1 1 1 2 1 1 0 0 2 2 0 1 1 0 0 0 2 -1 -2 0 0 0 -1 0 0 -2 -1 -1 0 -1 -1 0 -1 -1 -2 -1 -1 -1 0 0 -2 -2 0 -2 -2 0 -2 -2 -2 -1 -1 0 -1 -1 -1 0 0 -1 -2 -2 0 -2 -1 -1 -2 -2 -1 -1 0 -2 -1 0 0 -1 -1 -1 -2 -1 -1 -2 0 -2 0 -1 0 0 0 -1 0 0 -1 -2 -2 0 0 -1 -1 -1 0 -1 -1 -1 -1 -2 -1 -1 0 0 -2 -2 0 -1 -1 0 0 0 -2
0.466421385690559 1.30494114804126 1.18726307591212 0.466295396770754 -1.67559521930934 -1 0 2 0 0 0 1 2 1 2 1 2 1 2 2 0 2 2 2 0 0 0 1 1 2 2 1 2 1 1 2 0 2 0 0 0 1 0 1 0 0 0 1 0 0 1 0 0 1 0 0 1 1 2 2 2 0 1 1 0 1 0 2 0 0 1 0 2 1 0 0 1 0 2 0 2 1 0 0 0 0 0 1 1 1 0 2 2 0 1 0 0 1 2 2 2 2 1 0 0 2 0 -2 0 0 0 -1 -2 -1 -2 -1 -2 -1 -2 -2 0 -2 -2 -2 0 0 0 -1 -1 -2 -2 -1 -2 -1 -1 -2 0 -2 0 0 0 -1 0 -1 0 0 0 -1 0 0 -1 0 0 -1 0 0 -1 -1 -2 -2 -2 0 -1 -1 0 -1 0 -2 0 0 -1 0 -2 -1 0 0 -1 0 -2 0 -2 -1 0 0 0 0 0 -1 -1 -1 0 -2 -2 0 -1 0 0 -1 -2 -2 -2 -2 -1 0 0 -2
0.257399662199367 0.42148650752258 -1.25013397669741 0.484684761724426 -0.268886972879505 1 1 2 0 2 1 2 1 2 1 1 1 1 1 2 1 1 1 2 1 0 0 0 1 2 2 0 0 1 0 0 0 0 0 1 1 0 0 1 0 1 2 2 0 0 0 0 0 0 0 0 2 1 1 2 2 0 1 2 2 2 1 2 2 0 2 0 0 0 0 0 0 0 2 0 2 2 0 0 2 2 0 0 0 0 0 2 2 2 1 0 0 2 2 1 1 2 0 0 0 2 1 2 0 2 1 2 1 2 1 1 1 1 1 2 1 1 1 2 1 0 0 0 1 2 2 0 0 1 0 0 0 0 0 1 1 0 0 1 0 1 2 2 0 0 0 0 0 0 0 0 2 1 1 2 2 0 1 2 2 2 1 2 2 0 2 0 0 0 0 0 0 0 2 0 2 2 0 0 2 2 0 0 0 0 0 2 2 2 1 0 0 2 2 1 1 2 0 0 0 2
-0.164072759985206 -0.640890416313817 -0.974995273980509 0.027535273349333 1.77982557051246 1 2 1 0 1 0 1 1 0 1 1 0 1 1 1 0 1 1 2 2 2 1 2 2 2 2 0 2 1 1 2 0 1 0 1 0 0 1 1 0 1 1 1 1 0 1 0 0 1 0 1 2 0 1 1 0 0 0 0 1 2 1 2 1 1 2 0 0 1 0 0 1 0 0 0 2 2 1 0 2 0 1 1 0 0 1 0 1 1 1 1 0 1 1 0 2 2 1 2 0 1 2 1 0 1 0 1 1 0 1 1 0 1 1 1 0 1 1 2 2 2 1 2 2 2 2 0 2 1 1 2 0 1 0 1 0 0 1 1 0 1 1 1 1 0 1 0 0 1 0 1 2 0 1 1 0 0 0 0 1 2 1 2 1 1 2 0 0 1 0 0 1 0 0 0 2 2 1 0 2 0 1 1 0 0 1 0 1 1 1 1 0 1 1 0 2 2 1 2 0 1
0.333907314366219 -0.298107016915098 1.15357167056763 -0.92574534599902 0.288280169941903 -1 1 2 0 1 0 2 1 1 1 1 2 1 0 1 0 2 2 2 1 0 0 0 0 2 2 0 1 2 0 1 0 2 1 2 1 0 2 0 0 1 2 1 0 0 2 0 0 1 2 2 2 0 2 2 1 0 0 1 1 1 0 2 1 0 1 0 0 0 0 0 1 0 0 0 2 1 0 0 2 1 1 1 1 0 0 1 2 1 2 1 1 2 2 1 2 2 0 0 0 2 -1 -2 0 -1 0 -2 -1 -1 -1 -1 -2 -1 0 -1 0 -2 -2 -2 -1 0 0 0 0 -2 -2 0 -1 -2 0 -1 0 -2 -1 -2 -1 0 -2 0 0 -1 -2 -1 0 0 -2 0 0 -1 -2 -2 -2 0 -2 -2 -1 0 0 -1 -1 -1 0 -2 -1 0 -1 0 0 0 0 0 -1 0 0 0 -2 -1 0 0 -2 -1 -1 -1 -1 0 0 -1 -2 -1 -2 -1 -1 -2 -2 -1 -2 -2 0 0 0 -2
0.225145695221154 0.301258267547864 -0.842386362073198 0.632300275210924 -0.361690267756072 1 0 1 0 2 0 2 2 0 1 1 2 1 2 1 0 1 1 2 0 0 0 0 1 2 2 0 2 2 1 0 0 0 0 0 0 0 0 1 0 0 2 1 0 0 0 0 0 1 1 0 2 0 2 2 1 0 1 2 2 2 0 1 0 0 2 0 0 0 0 0 1 0 1 1 2 1 0 0 0 0 0 1 2 1 1 1 2 1 2 0 0 1 2 2 2 0 0 1 0 1 0 1 0 2 0 2 2 0 1 1 2 1 2 1 0 1 1 2 0 0 0 0 1 2 2 0 2 2 1 0 0 0 0 0 0 0 0 1 0 0 2 1 0 0 0 0 0 1 1 0 2 0 2 2 1 0 1 2 2 2 0 1 0 0 2 0 0 0 0 0 1 0 1 1 2 1 0 0 0 0 0 1 2 1 1 1 2 1 2 0 0 1 2 2 2 0 0 1 0 1
-1.49212455891337 -1.10804870889631 -0.940540133972721 -0.195280732531013 -1.54317282279771 1 0 2 0 2 1 0 1 1 1 0 2 1 0 0 1 1 1 2 1 1 0 0 0 2 1 0 2 2 1 0 0 2 0 0 0 0 0 1 0 0 1 1 1 0 0 0 0 2 1 0 2 1 2 2 2 2 2 1 1 2 1 1 1 1 1 0 1 0 0 0 1 0 1 0 2 2 1 1 2 2 1 1 2 1 2 0 1 1 2 0 0 2 2 1 2 2 1 0 0 1 0 2 0 2 1 0 1 1 1 0 2 1 0 0 1 1 1 2 1 1 0 0 0 2 1 0 2 2 1 0 0 2 0 0 0 0 0 1 0 0 1 1 1 0 0 0 0 2 1 0 2 1 2 2 2 2 2 1 1 2 1 1 1 1 1 0 1 0 0 0 1 0 1 0 2 2 1 1 2 2 1 1 2 1 2 0 1 1 2 0 0 2 2 1 2 2 1 0 0 1
-2.24456983455494 0.177595393490548 0.0896081021949076 -0.124079383210585 1.40642387737464 -1 0 1 0 2 0 2 2 0 0 1 1 1 1 1 0 2 2 1 1 0 1 1 1 2 2 0 1 1 0 0 1 1 0 0 0 1 1 1 1 0 1 2 1 0 1 0 0 1 1 0 1 1 2 2 2 2 1 2 2 2 0 2 2 1 2 0 0 0 0 0 2 1 2 0 2 2 0 0 1 0 1 0 0 0 0 1 2 0 1 0 1 1 1 0 2 1 0 0 0 1 0 -1 0 -2 0 -2 -2 0 0 -1 -1 -1 -1 -1 0 -2 -2 -1 -1 0 -1 -1 -1 -2 -2 0 -1 -1 0 0 -1 -1 0 0 0 -1 -1 -1 -1 0 -1 -2 -1 0 -1 0 0 -1 -1 0 -1 -1 -2 -2 -2 -2 -1 -2 -2 -2 0 -2 -2 -1 -2 0 0 0 0 0 -2 -1 -2 0 -2 -2 0 0 -1 0 -1 0 0 0 0 -1 -2 0 -1 0 -1 -1 -1 0 -2 -1 0 0 0 -1
-0.0170695550106108 -0.844442431779252 -0.327794599821431 -1.219699898682 0.536565707859282 1 0 2 0 1 0 1 2 1 1 1 0 1 1 1 1 2 2 2 2 2 0 1 0 2 2 0 2 1 0 0 0 1 0 0 0 0 1 2 1 2 2 2 2 0 1 2 0 2 1 0 2 0 2 2 2 1 2 2 1 2 0 2 1 0 2 0 0 0 1 0 2 0 2 0 2 2 1 0 2 1 0 0 0 0 1 0 2 1 1 1 1 1 1 0 1 2 0 0 0 1 0 2 0 1 0 1 2 1 1 1 0 1 1 1 1 2 2 2 2 2 0 1 0 2 2 0 2 1 0 0 0 1 0 0 0 0 1 2 1 2 2 2 2 0 1 2 0 2 1 0 2 0 2 2 2 1 2 2 1 2 0 2 1 0 2 0 0 0 1 0 2 0 2 0 2 2 1 0 2 1 0 0 0 0 1 0 2 1 1 1 1 1 1 0 1 2 0 0 0 1
0.114937893645539 -0.996056303597305 0.559511928879213 0.536586156627522 0.282142199228364 -1 0 1 0 0 0 1 1 2 1 1 1 1 0 1 0 1 1 2 1 2 1 1 2 2 2 0 2 2 1 0 0 2 0 1 0 0 1 1 1 1 2 1 1 0 1 1 0 2 0 2 1 0 2 1 2 1 0 1 0 2 1 2 2 1 2 0 1 0 0 0 0 0 1 1 2 1 1 0 1 0 0 1 0 1 1 1 2 0 2 1 0 2 2 2 2 2 0 0 0 1 0 -1 0 0 0 -1 -1 -2 -1 -1 -1 -1 0 -1 0 -1 -1 -2 -1 -2 -1 -1 -2 -2 -2 0 -2 -2 -1 0 0 -2 0 -1 0 0 -1 -1 -1 -1 -2 -1 -1 0 -1 -1 0 -2 0 -2 -1 0 -2 -1 -2 -1 0 -1 0 -2 -1 -2 -2 -1 -2 0 -1 0 0 0 0 0 -1 -1 -2 -1 -1 0 -1 0 0 -1 0 -1 -1 -1 -2 0 -2 -1 0 -2 -2 -2 -2 -2 0 0 0 -1
-0.99916024327719 -0.540739461243118 0.58809629602813 -0.145270851638535 -1.18488717159971 -1 1 2 0 2 0 1 0 2 1 2 1 1 0 2 0 2 2 1 0 1 0 1 1 2 2 0 2 2 0 1 0 2 0 0 0 0 1 0 0 0 1 1 1 0 2 2 0 1 0 0 2 1 2 2 2 0 0 1 2 2 1 2 2 1 2 0 0 0 0 0 1 0 1 1 2 2 1 0 1 0 0 0 0 1 1 1 2 2 1 1 0 0 1 1 1 2 0 0 0 0 -1 -2 0 -2 0 -1 0 -2 -1 -2 -1 -1 0 -2 0 -2 -2 -1 0 -1 0 -1 -1 -2 -2 0 -2 -2 0 -1 0 -2 0 0 0 0 -1 0 0 0 -1 -1 -1 0 -2 -2 0 -1 0 0 -2 -1 -2 -2 -2 0 0 -1 -2 -2 -1 -2 -2 -1 -2 0 0 0 0 0 -1 0 -1 -1 -2 -2 -1 0 -1 0 0 0 0 -1 -1 -1 -2 -2 -1 -1 0 0 -1 -1 -1 -2 0 0 0 0
2.10655700390432 -0.353810125195562 -1.35311758467796 0.0554884145043206 -1.00847197171294 -1 1 2 1 2 1 2 2 1 2 2 2 1 1 1 1 2 2 2 0 0 0 1 0 2 2 0 1 0 1 1 0 1 0 0 0 0 0 0 0 2 2 2 1 1 2 1 0 0 0 2 2 1 2 2 1 0 2 1 0 1 0 1 1 0 2 0 1 0 0 0 0 1 2 1 2 2 0 0 2 1 0 2 2 1 2 0 2 1 0 0 0 1 2 1 2 2 0 0 0 2 -1 -2 -1 -2 -1 -2 -2 -1 -2 -2 -2 -1 -1 -1 -1 -2 -2 -2 0 0 0 -1 0 -2 -2 0 -1 0 -1 -1 0 -1 0 0 0 0 0 0 0 -2 -2 -2 -1 -1 -2 -1 0 0 0 -2 -2 -1 -2 -2 -1 0 -2 -1 0 -1 0 -1 -1 0 -2 0 -1 0 0 0 0 -1 -2 -1 -2 -2 0 0 -2 -1 0 -2 -2 -1 -2 0 -2 -1 0 0 0 -1 -2 -1 -2 -2 0 0 0 -2
0.60527522880444 0.268729186976228 0.858587714112362 -0.00429091858418399 1.37680402843865 -1 1 1 0 2 1 1 2 2 2 2 2 2 2 2 1 2 2 1 2 1 1 0 0 2 1 0 0 2 1 1 0 0 0 0 0 1 1 1 0 0 0 1 0 0 1 0 0 1 1 1 2 1 1 2 2 0 1 2 1 2 0 2 1 0 2 0 1 1 1 0 0 1 2 1 2 2 0 0 2 1 0 1 0 0 0 0 2 0 0 0 0 0 1 0 2 2 0 0 0 1 -1 -1 0 -2 -1 -1 -2 -2 -2 -2 -2 -2 -2 -2 -1 -2 -2 -1 -2 -1 -1 0 0 -2 -1 0 0 -2 -1 -1 0 0 0 0 0 -1 -1 -1 0 0 0 -1 0 0 -1 0 0 -1 -1 -1 -2 -1 -1 -2 -2 0 -1 -2 -1 -2 0 -2 -1 0 -2 0 -1 -1 -1 0 0 -1 -2 -1 -2 -2 0 0 -2 -1 0 -1 0 0 0 0 -2 0 0 0 0 0 -1 0 -2 -2 0 0 0 -1
1.08503286759072 0.215266850274648 -2.24796367012274 1.60653904516617 0.171298936805086 -1 0 2 0 0 0 0 2 2 1 1 1 1 2 2 1 2 2 0 0 0 0 0 0 2 2 0 1 1 0 0 0 1 1 1 0 0 1 2 1 2 1 2 0 0 1 0 0 1 0 0 1 0 1 2 2 1 1 2 0 0 0 2 2 2 2 1 0 0 0 0 1 0 1 0 2 1 0 0 2 1 0 1 0 0 0 0 1 1 2 0 0 0 2 1 2 2 0 0 0 1 0 -2 0 0 0 0 -2 -2 -1 -1 -1 -1 -2 -2 -1 -2 -2 0 0 0 0 0 0 -2 -2 0 -1 -1 0 0 0 -1 -1 -1 0 0 -1 -2 -1 -2 -1 -2 0 0 -1 0 0 -1 0 0 -1 0 -1 -2 -2 -1 -1 -2 0 0 0 -2 -2 -2 -2 -1 0 0 0 0 -1 0 -1 0 -2 -1 0 0 -2 -1 0 -1 0 0 0 0 -1 -1 -2 0 0 0 -2 -1 -2 -2 0 0 0 -1
0.787795780699179 -0.7436754310876 0.977165943583701 1.42586634067171 -0.246846799694264 -1 0 1 0 0 0 1 2 2 2 1 2 2 2 1 1 2 2 1 1 0 0 0 1 2 2 0 1 2 0 1 2 1 1 1 1 1 1 0 0 0 1 2 2 0 2 0 0 2 1 1 2 0 1 2 2 0 1 1 1 2 1 2 1 1 2 0 1 1 0 0 2 0 2 1 2 2 2 0 1 0 0 0 1 0 0 0 2 1 1 0 1 0 0 0 0 1 0 0 0 1 0 -1 0 0 0 -1 -2 -2 -2 -1 -2 -2 -2 -1 -1 -2 -2 -1 -1 0 0 0 -1 -2 -2 0 -1 -2 0 -1 -2 -1 -1 -1 -1 -1 -1 0 0 0 -1 -2 -2 0 -2 0 0 -2 -1 -1 -2 0 -1 -2 -2 0 -1 -1 -1 -2 -1 -2 -1 -1 -2 0 -1 -1 0 0 -2 0 -2 -1 -2 -2 -2 0 -1 0 0 0 -1 0 0 0 -2 -1 -1 0 -1 0 0 0 0 -1 0 0 0 -1
1.30475478037022 0.484033830330814 -1.01080587153149 0.169266473673986 -1.80807971177322 -1 1 2 0 1 0 1 1 1 2 2 2 2 2 2 1 2 2 2 1 1 2 2 2 2 2 0 2 2 1 2 2 2 0 2 0 0 0 1 0 0 1 1 0 0 0 0 0 1 1 2 2 1 2 2 1 0 1 2 1 2 1 1 1 1 2 0 1 1 1 0 1 0 2 0 2 1 1 0 2 1 0 1 0 0 0 0 2 2 1 0 1 0 1 0 2 2 0 0 0 0 -1 -2 0 -1 0 -1 -1 -1 -2 -2 -2 -2 -2 -2 -1 -2 -2 -2 -1 -1 -2 -2 -2 -2 -2 0 -2 -2 -1 -2 -2 -2 0 -2 0 0 0 -1 0 0 -1 -1 0 0 0 0 0 -1 -1 -2 -2 -1 -2 -2 -1 0 -1 -2 -1 -2 -1 -1 -1 -1 -2 0 -1 -1 -1 0 -1 0 -2 0 -2 -1 -1 0 -2 -1 0 -1 0 0 0 0 -2 -2 -1 0 -1 0 -1 0 -2 -2 0 0 0 0
-0.344437837636298 -2.29966483240429 0.379671770434787 1.72584237630154 1.28587946901792 1 0 1 0 1 0 1 1 1 2 0 1 0 1 2 1 1 1 1 0 0 0 0 1 2 2 0 1 1 0 1 1 2 1 0 0 2 1 2 0 1 2 2 1 0 1 0 0 1 1 1 2 0 2 2 0 0 0 1 2 1 0 1 0 0 2 0 0 0 0 0 2 0 1 1 2 2 2 0 2 0 0 0 1 0 1 1 2 1 2 0 1 0 2 1 1 2 0 0 0 1 0 1 0 1 0 1 1 1 2 0 1 0 1 2 1 1 1 1 0 0 0 0 1 2 2 0 1 1 0 1 1 2 1 0 0 2 1 2 0 1 2 2 1 0 1 0 0 1 1 1 2 0 2 2 0 0 0 1 2 1 0 1 0 0 2 0 0 0 0 0 2 0 1 1 2 2 2 0 2 0 0 0 1 0 1 1 2 1 2 0 1 0 2 1 1 2 0 0 0 1
-0.947398770599407 -0.369178690726271 -0.559696432321654 -0.750927273940942 -2.20277672736387 -1 0 2 1 2 2 2 1 1 1 2 2 2 1 2 1 2 2 2 2 1 0 0 1 2 2 0 1 2 1 1 0 2 0 1 0 2 1 1 0 0 2 2 1 0 2 1 0 2 0 0 1 0 2 2 2 0 2 2 2 2 2 2 1 1 1 0 1 1 0 0 1 1 2 0 2 0 0 0 2 0 0 0 2 1 1 0 2 1 2 1 0 1 2 1 2 1 0 0 0 2 0 -2 -1 -2 -2 -2 -1 -1 -1 -2 -2 -2 -1 -2 -1 -2 -2 -2 -2 -1 0 0 -1 -2 -2 0 -1 -2 -1 -1 0 -2 0 -1 0 -2 -1 -1 0 0 -2 -2 -1 0 -2 -1 0 -2 0 0 -1 0 -2 -2 -2 0 -2 -2 -2 -2 -2 -2 -1 -1 -1 0 -1 -1 0 0 -1 -1 -2 0 -2 0 0 0 -2 0 0 0 -2 -1 -1 0 -2 -1 -2 -1 0 -1 -2 -1 -2 -1 0 0 0 -2
0.33600063514647 1.33453769821654 0.0059707655454676 1.89618130129676 -0.214654271249117 1 0 2 0 1 0 0 1 0 1 0 0 0 0 1 0 2 1 2 0 1 0 1 2 2 2 0 1 2 0 0 1 2 1 0 0 0 2 2 1 1 1 2 0 0 1 1 0 1 1 0 2 1 1 1 1 0 2 2 2 1 0 2 1 2 1 0 0 1 0 1 2 0 2 1 2 2 0 0 0 0 0 0 0 0 0 0 1 1 1 1 1 1 2 1 1 1 0 0 0 1 0 2 0 1 0 0 1 0 1 0 0 0 0 1 0 2 1 2 0 1 0 1 2 2 2 0 1 2 0 0 1 2 1 0 0 0 2 2 1 1 1 2 0 0 1 1 0 1 1 0 2 1 1 1 1 0 2 2 2 1 0 2 1 2 1 0 0 1 0 1 2 0 2 1 2 2 0 0 0 0 0 0 0 0 0 0 1 1 1 1 1 1 2 1 1 1 0 0 0 1
0.900652948565389 -1.4253272976213 -1.21874291031349 -0.273309253240523 0.272719763587652 1 0 1 0 2 0 2 1 1 2 1 2 1 1 2 1 2 2 2 2 1 0 0 0 2 2 0 2 2 1 2 1 2 1 0 1 1 0 0 0 1 1 0 1 0 0 0 0 0 0 0 1 0 1 1 1 0 1 2 1 2 0 1 1 0 2 0 0 0 0 0 0 1 2 0 2 2 0 0 0 0 0 0 0 0 1 0 1 1 2 1 1 2 2 1 1 2 1 1 0 2 0 1 0 2 0 2 1 1 2 1 2 1 1 2 1 2 2 2 2 1 0 0 0 2 2 0 2 2 1 2 1 2 1 0 1 1 0 0 0 1 1 0 1 0 0 0 0 0 0 0 1 0 1 1 1 0 1 2 1 2 0 1 1 0 2 0 0 0 0 0 0 1 2 0 2 2 0 0 0 0 0 0 0 0 1 0 1 1 2 1 1 2 2 1 1 2 1 1 0 2
-1.17810473010127 -0.71885647883927 1.04355201786794 -0.932966736794123 -0.206617611432128 1 0 1 0 1 1 2 0 0 0 1 2 2 0 0 0 2 2 2 1 0 0 0 0 2 2 0 2 2 1 2 1 1 0 0 1 0 0 1 0 1 1 2 2 0 2 1 0 2 2 2 2 1 2 2 1 0 2 1 0 1 0 1 2 1 0 0 1 2 2 0 1 0 1 0 2 1 0 0 0 0 0 1 2 0 0 0 2 1 2 0 2 2 2 1 2 1 0 0 0 1 0 1 0 1 1 2 0 0 0 1 2 2 0 0 0 2 2 2 1 0 0 0 0 2 2 0 2 2 1 2 1 1 0 0 1 0 0 1 0 1 1 2 2 0 2 1 0 2 2 2 2 1 2 2 1 0 2 1 0 1 0 1 2 1 0 0 1 2 2 0 1 0 1 0 2 1 0 0 0 0 0 1 2 0 0 0 2 1 2 0 2 2 2 1 2 1 0 0 0 1
-0.573676133066783 -0.610179488513956 2.05869077194548 0.201382786283465 -0.892386861160091 -1 0 1 0 1 0 2 1 1 1 1 2 0 0 2 0 2 2 1 1 1 0 1 1 2 2 1 2 2 1 2 2 2 1 1 0 1 0 0 0 2 1 2 0 0 2 0 0 1 2 1 2 0 1 2 1 0 1 1 1 2 1 1 0 0 2 0 1 1 1 0 2 0 0 0 2 1 1 0 0 0 0 0 1 0 0 1 2 1 0 0 0 1 2 1 1 2 0 0 0 2 0 -1 0 -1 0 -2 -1 -1 -1 -1 -2 0 0 -2 0 -2 -2 -1 -1 -1 0 -1 -1 -2 -2 -1 -2 -2 -1 -2 -2 -2 -1 -1 0 -1 0 0 0 -2 -1 -2 0 0 -2 0 0 -1 -2 -1 -2 0 -1 -2 -1 0 -1 -1 -1 -2 -1 -1 0 0 -2 0 -1 -1 -1 0 -2 0 0 0 -2 -1 -1 0 0 0 0 0 -1 0 0 -1 -2 -1 0 0 0 -1 -2 -1 -1 -2 0 0 0 -2
-0.0501476316888968 -0.854526323650647 -0.00875999100376161 -0.643242111491801 2.39874550414198 -1 1 1 0 1 0 1 1 1 0 1 2 1 1 1 1 2 2 2 1 0 0 0 1 2 2 0 1 1 0 1 1 2 0 2 0 1 0 1 0 1 2 2 2 0 2 1 0 1 0 0 2 0 2 2 1 0 1 2 1 2 1 1 1 0 2 0 2 0 0 0 1 0 2 2 2 2 1 0 1 0 0 1 1 0 2 1 2 1 1 0 1 1 2 1 1 1 0 0 0 1 -1 -1 0 -1 0 -1 -1 -1 0 -1 -2 -1 -1 -1 -1 -2 -2 -2 -1 0 0 0 -1 -2 -2 0 -1 -1 0 -1 -1 -2 0 -2 0 -1 0 -1 0 -1 -2 -2 -2 0 -2 -1 0 -1 0 0 -2 0 -2 -2 -1 0 -1 -2 -1 -2 -1 -1 -1 0 -2 0 -2 0 0 0 -1 0 -2 -2 -2 -2 -1 0 -1 0 0 -1 -1 0 -2 -1 -2 -1 -1 0 -1 -1 -2 -1 -1 -1 0 0 0 -1
1.06737086913992 -0.735823260922379 -1.24643408474235 -1.33997421819298 -0.559168153969239 1 0 1 0 2 0 1 1 1 1 0 2 2 2 1 0 2 2 1 1 0 0 0 0 2 2 0 1 1 0 1 1 1 1 1 1 0 1 1 0 1 1 2 0 0 2 0 0 1 1 1 2 1 2 2 1 0 1 2 2 2 0 2 2 1 2 0 1 1 1 0 2 0 2 1 2 2 1 0 2 0 0 1 0 0 1 1 2 1 1 1 1 2 2 0 0 2 0 0 0 0 0 1 0 2 0 1 1 1 1 0 2 2 2 1 0 2 2 1 1 0 0 0 0 2 2 0 1 1 0 1 1 1 1 1 1 0 1 1 0 1 1 2 0 0 2 0 0 1 1 1 2 1 2 2 1 0 1 2 2 2 0 2 2 1 2 0 1 1 1 0 2 0 2 1 2 2 1 0 2 0 0 1 0 0 1 1 2 1 1 1 1 2 2 0 0 2 0 0 0 0
-1.01211490884008 1.32069920106747 0.609585393032337 0.286728421086201 -0.350704476898658 1 2 2 0 2 0 2 1 1 2 1 2 1 2 2 2 2 2 2 1 1 1 1 1 2 2 0 2 0 0 2 0 1 0 1 0 1 0 1 1 2 0 2 2 1 2 0 0 1 0 0 2 1 2 2 1 0 2 2 1 0 1 2 1 0 2 0 0 1 0 0 0 0 1 0 2 2 0 0 1 0 0 0 1 0 1 1 2 0 2 0 2 2 2 1 2 2 0 0 0 1 2 2 0 2 0 2 1 1 2 1 2 1 2 2 2 2 2 2 1 1 1 1 1 2 2 0 2 0 0 2 0 1 0 1 0 1 0 1 1 2 0 2 2 1 2 0 0 1 0 0 2 1 2 2 1 0 2 2 1 0 1 2 1 0 2 0 0 1 0 0 0 0 1 0 2 2 0 0 1 0 0 0 1 0 1 1 2 0 2 0 2 2 2 1 2 2 0 0 0 1
-0.403931378991758 -0.888520480060204 0.39130695329296 0.371610067207934 0.0987652229379887 1 1 1 0 2 0 0 2 1 2 2 0 1 0 1 0 1 1 0 1 0 1 1 1 2 2 0 2 2 0 1 1 2 1 1 0 0 1 2 1 1 1 1 0 0 2 0 0 1 1 1 2 1 2 2 1 1 1 2 2 1 0 1 1 0 1 0 0 0 1 0 2 0 1 0 2 2 0 0 1 0 0 0 0 0 0 0 2 1 1 0 0 1 1 0 0 1 0 0 0 2 1 1 0 2 0 0 2 1 2 2 0 1 0 1 0 1 1 0 1 0 1 1 1 2 2 0 2 2 0 1 1 2 1 1 0 0 1 2 1 1 1 1 0 0 2 0 0 1 1 1 2 1 2 2 1 1 1 2 2 1 0 1 1 0 1 0 0 0 1 0 2 0 1 0 2 2 0 0 1 0 0 0 0 0 0 0 2 1 1 0 0 1 1 0 0 1 0 0 0 2
-0.839406839509347 -0.000361797499438091 -0.180474464062003 -1.34464409835348 -1.83734019923606 -1 1 2 0 2 0 2 2 2 2 2 2 1 1 0 0 1 1 1 1 1 1 1 0 2 2 0 0 1 0 1 0 1 0 0 1 1 1 1 1 1 1 2 0 0 1 0 0 1 1 2 2 0 2 2 2 1 1 1 2 2 1 2 1 0 2 0 0 0 0 0 1 0 1 1 2 2 1 0 0 0 0 1 1 0 0 0 2 2 2 1 1 2 1 1 1 1 0 0 0 1 -1 -2 0 -2 0 -2 -2 -2 -2 -2 -2 -1 -1 0 0 -1 -1 -1 -1 -1 -1 -1 0 -2 -2 0 0 -1 0 -1 0 -1 0 0 -1 -1 -1 -1 -1 -1 -1 -2 0 0 -1 0 0 -1 -1 -2 -2 0 -2 -2 -2 -1 -1 -1 -2 -2 -1 -2 -1 0 -2 0 0 0 0 0 -1 0 -1 -1 -2 -2 -1 0 0 0 0 -1 -1 0 0 0 -2 -2 -2 -1 -1 -2 -1 -1 -1 -1 0 0 0 -1
0.857925368884342 -1.95140831210003 -0.984032957221753 -0.819066055244146 -0.465231974415496 1 0 1 0 1 0 1 1 1 2 0 1 1 1 2 1 1 2 2 1 0 0 0 1 2 2 0 2 1 2 2 1 1 0 0 0 0 1 2 1 2 2 2 2 0 1 1 0 0 1 1 2 0 1 2 1 0 0 1 1 1 0 2 0 0 1 0 1 1 2 0 0 1 2 1 2 2 0 0 0 0 0 0 0 0 0 0 2 1 1 0 1 1 2 1 1 2 0 0 0 2 0 1 0 1 0 1 1 1 2 0 1 1 1 2 1 1 2 2 1 0 0 0 1 2 2 0 2 1 2 2 1 1 0 0 0 0 1 2 1 2 2 2 2 0 1 1 0 0 1 1 2 0 1 2 1 0 0 1 1 1 0 2 0 0 1 0 1 1 2 0 0 1 2 1 2 2 0 0 0 0 0 0 0 0 0 0 2 1 1 0 1 1 2 1 1 2 0 0 0 2
-0.0294955895495585 -0.431995513793828 0.371180778043045 -2.6682122360798 0.666942144459695 -1 0 1 0 2 0 1 2 1 0 0 1 0 0 1 1 1 2 2 2 1 1 1 1 2 2 0 2 2 1 1 0 1 0 0 0 1 1 2 2 0 1 2 1 0 1 1 1 1 1 1 2 1 2 2 2 0 0 2 1 1 0 1 0 0 1 0 0 0 0 0 2 1 1 0 2 2 2 1 2 0 0 0 1 0 1 1 2 1 1 0 1 0 1 1 2 2 0 0 0 1 0 -1 0 -2 0 -1 -2 -1 0 0 -1 0 0 -1 -1 -1 -2 -2 -2 -1 -1 -1 -1 -2 -2 0 -2 -2 -1 -1 0 -1 0 0 0 -1 -1 -2 -2 0 -1 -2 -1 0 -1 -1 -1 -1 -1 -1 -2 -1 -2 -2 -2 0 0 -2 -1 -1 0 -1 0 0 -1 0 0 0 0 0 -2 -1 -1 0 -2 -2 -2 -1 -2 0 0 0 -1 0 -1 -1 -2 -1 -1 0 -1 0 -1 -1 -2 -2 0 0 0 -1
-0.261808783415384 1.27358601348886 -0.381492077786622 -1.03716070497696 -1.03199670513454 1 0 2 0 0 0 1 1 0 2 2 2 2 0 0 1 2 2 2 2 0 0 0 0 1 1 0 2 1 0 1 2 2 0 1 1 1 1 0 0 1 2 2 0 0 2 1 1 2 1 1 2 0 2 2 1 0 0 1 0 1 0 1 0 0 2 0 1 0 0 0 1 0 0 0 2 2 1 0 1 1 0 2 1 2 1 1 2 2 2 0 1 2 2 1 2 2 0 0 0 2 0 2 0 0 0 1 1 0 2 2 2 2 0 0 1 2 2 2 2 0 0 0 0 1 1 0 2 1 0 1 2 2 0 1 1 1 1 0 0 1 2 2 0 0 2 1 1 2 1 1 2 0 2 2 1 0 0 1 0 1 0 1 0 0 2 0 1 0 0 0 1 0 0 0 2 2 1 0 1 1 0 2 1 2 1 1 2 2 2 0 1 2 2 1 2 2 0 0 0 2
0.405444195482006 -0.502749213152284 0.503440275054775 -0.728172874727318 0.21681708592724 -1 0 0 0 0 0 1 1 0 0 0 0 0 1 0 0 1 1 0 0 0 0 1 1 2 2 0 1 1 0 1 1 2 1 1 1 1 0 1 0 0 1 1 1 0 1 0 0 1 0 2 2 0 2 2 1 0 1 1 2 2 1 2 1 1 2 0 0 0 2 0 0 1 2 0 2 2 1 0 2 0 0 0 0 0 1 0 1 1 2 0 0 1 1 0 1 1 0 0 0 2 0 0 0 0 0 -1 -1 0 0 0 0 0 -1 0 0 -1 -1 0 0 0 0 -1 -1 -2 -2 0 -1 -1 0 -1 -1 -2 -1 -1 -1 -1 0 -1 0 0 -1 -1 -1 0 -1 0 0 -1 0 -2 -2 0 -2 -2 -1 0 -1 -1 -2 -2 -1 -2 -1 -1 -2 0 0 0 -2 0 0 -1 -2 0 -2 -2 -1 0 -2 0 0 0 0 0 -1 0 -1 -1 -2 0 0 -1 -1 0 -1 -1 0 0 0 -2
-1.76327446029999 0.989656997729462 -0.218842780246561 0.946678282182596 -0.708859990140949 1 0 2 0 0 0 1 0 1 1 0 1 1 0 2 1 2 2 2 0 0 0 1 1 2 2 0 2 2 1 1 1 2 1 2 0 0 0 1 0 1 0 1 1 0 2 1 0 1 0 0 1 0 1 1 1 0 0 1 0 0 0 1 1 1 2 1 2 1 1 0 0 0 1 0 2 2 1 0 1 0 1 1 1 1 1 1 1 0 2 1 2 2 2 0 1 1 0 0 0 2 0 2 0 0 0 1 0 1 1 0 1 1 0 2 1 2 2 2 0 0 0 1 1 2 2 0 2 2 1 1 1 2 1 2 0 0 0 1 0 1 0 1 1 0 2 1 0 1 0 0 1 0 1 1 1 0 0 1 0 0 0 1 1 1 2 1 2 1 1 0 0 0 1 0 2 2 1 0 1 0 1 1 1 1 1 1 1 0 2 1 2 2 2 0 1 1 0 0 0 2
0.250445056386192 -0.622231548911678 1.78936859482874 -0.6087837067159 -0.420922693392203 -1 0 2 0 2 0 1 2 1 2 1 2 0 1 1 0 0 1 2 1 0 1 2 0 1 2 1 2 2 0 1 0 1 0 2 1 1 0 0 0 1 1 1 0 0 0 0 0 1 0 1 2 0 2 2 1 0 1 2 1 2 0 1 1 0 1 0 0 1 1 1 1 1 1 1 2 1 0 0 1 2 2 1 2 0 0 0 2 0 0 0 0 2 1 0 1 1 0 0 0 2 0 -2 0 -2 0 -1 -2 -1 -2 -1 -2 0 -1 -1 0 0 -1 -2 -1 0 -1 -2 0 -1 -2 -1 -2 -2 0 -1 0 -1 0 -2 -1 -1 0 0 0 -1 -1 -1 0 0 0 0 0 -1 0 -1 -2 0 -2 -2 -1 0 -1 -2 -1 -2 0 -1 -1 0 -1 0 0 -1 -1 -1 -1 -1 -1 -1 -2 -1 0 0 -1 -2 -2 -1 -2 0 0 0 -2 0 0 0 0 -2 -1 0 -1 -1 0 0 0 -2
-1.19454004143695 1.37220341429007 0.0490572562185569 -0.170391226125753 0.758735495555926 -1 0 2 0 1 0 2 1 1 0 0 1 0 1 2 1 1 2 2 0 0 0 0 0 2 2 0 2 1 0 0 0 1 0 0 0 0 0 2 0 2 2 2 1 0 0 0 1 2 1 0 2 0 2 2 2 1 1 2 2 1 0 0 0 1 2 0 0 0 0 0 0 1 2 2 2 1 1 0 2 1 0 1 0 0 0 0 2 1 1 0 2 1 2 0 1 1 0 0 0 1 0 -2 0 -1 0 -2 -1 -1 0 0 -1 0 -1 -2 -1 -1 -2 -2 0 0 0 0 0 -2 -2 0 -2 -1 0 0 0 -1 0 0 0 0 0 -2 0 -2 -2 -2 -1 0 0 0 -1 -2 -1 0 -2 0 -2 -2 -2 -1 -1 -2 -2 -1 0 0 0 -1 -2 0 0 0 0 0 0 -1 -2 -2 -2 -1 -1 0 -2 -1 0 -1 0 0 0 0 -2 -1 -1 0 -2 -1 -2 0 -1 -1 0 0 0 -1
-0.761567934437707 2.08737934829032 0.883367019191289 -0.840056909457188 -2.03665612004824 1 0 1 0 1 0 1 0 0 1 1 2 2 1 2 1 2 2 2 1 1 1 1 0 2 2 0 2 2 1 2 1 1 0 1 0 0 1 2 0 1 0 1 2 0 2 2 0 2 1 0 2 0 2 2 1 0 0 1 1 1 0 1 0 0 0 0 1 0 1 0 1 0 2 0 2 2 2 0 1 1 1 1 1 1 1 0 1 1 2 0 1 1 2 0 1 2 0 1 0 2 0 1 0 1 0 1 0 0 1 1 2 2 1 2 1 2 2 2 1 1 1 1 0 2 2 0 2 2 1 2 1 1 0 1 0 0 1 2 0 1 0 1 2 0 2 2 0 2 1 0 2 0 2 2 1 0 0 1 1 1 0 1 0 0 0 0 1 0 1 0 1 0 2 0 2 2 2 0 1 1 1 1 1 1 1 0 1 1 2 0 1 1 2 0 1 2 0 1 0 2
-1.5024396837657 -1.30512484132425 0.683739678134465 1.37201843455082 -2.67071335506166 -1 0 1 1 2 0 1 1 1 1 0 1 1 1 2 1 2 2 1 1 1 0 0 1 2 2 0 1 2 1 2 1 2 0 1 1 1 1 1 0 0 1 2 0 0 1 0 0 2 1 0 1 0 2 2 2 1 1 1 1 1 2 1 0 1 2 0 0 0 0 0 0 0 1 0 2 2 0 1 2 1 0 1 0 0 0 1 2 0 1 0 1 2 2 1 1 2 0 0 0 2 0 -1 -1 -2 0 -1 -1 -1 -1 0 -1 -1 -1 -2 -1 -2 -2 -1 -1 -1 0 0 -1 -2 -2 0 -1 -2 -1 -2 -1 -2 0 -1 -1 -1 -1 -1 0 0 -1 -2 0 0 -1 0 0 -2 -1 0 -1 0 -2 -2 -2 -1 -1 -1 -1 -1 -2 -1 0 -1 -2 0 0 0 0 0 0 0 -1 0 -2 -2 0 -1 -2 -1 0 -1 0 0 0 -1 -2 0 -1 0 -1 -2 -2 -1 -1 -2 0 0 0 -2
-0.096590917765969 1.25979784893579 -0.192556334206531 0.06436176286572 -0.423131747449454 -1 1 1 0 2 0 2 1 1 2 2 2 1 2 1 0 1 2 2 1 0 0 0 1 2 2 0 2 1 0 0 0 2 1 2 1 1 1 1 0 1 2 2 1 0 1 0 1 2 1 1 2 0 1 1 0 0 1 2 2 1 0 0 1 1 2 1 2 2 2 1 2 1 1 0 2 2 1 0 2 1 1 1 0 0 0 0 2 2 1 0 0 1 1 1 2 2 1 0 0 2 -1 -1 0 -2 0 -2 -1 -1 -2 -2 -2 -1 -2 -1 0 -1 -2 -2 -1 0 0 0 -1 -2 -2 0 -2 -1 0 0 0 -2 -1 -2 -1 -1 -1 -1 0 -1 -2 -2 -1 0 -1 0 -1 -2 -1 -1 -2 0 -1 -1 0 0 -1 -2 -2 -1 0 0 -1 -1 -2 -1 -2 -2 -2 -1 -2 -1 -1 0 -2 -2 -1 0 -2 -1 -1 -1 0 0 0 0 -2 -2 -1 0 0 -1 -1 -1 -2 -2 -1 0 0 -2
-0.371547413674609 -1.04832604867477 0.308864141335529 0.276226866509513 0.808469665558786 -1 0 1 0 1 0 1 1 1 2 2 1 0 0 1 0 1 0 2 2 1 0 0 0 2 2 0 1 2 1 1 0 2 0 0 0 0 0 0 0 0 2 2 1 0 0 0 0 1 0 0 2 1 2 0 0 0 0 1 1 2 2 1 0 0 2 0 0 0 0 0 0 1 0 0 2 2 1 0 2 1 0 0 0 0 0 0 2 0 2 1 1 2 2 0 0 1 0 0 0 0 0 -1 0 -1 0 -1 -1 -1 -2 -2 -1 0 0 -1 0 -1 0 -2 -2 -1 0 0 0 -2 -2 0 -1 -2 -1 -1 0 -2 0 0 0 0 0 0 0 0 -2 -2 -1 0 0 0 0 -1 0 0 -2 -1 -2 0 0 0 0 -1 -1 -2 -2 -1 0 0 -2 0 0 0 0 0 0 -1 0 0 -2 -2 -1 0 -2 -1 0 0 0 0 0 0 -2 0 -2 -1 -1 -2 -2 0 0 -1 0 0 0 0
0.120909550275871 0.0259652288776844 2.02510804409041 1.52648673090112 1.24695981033572 -1 0 2 1 2 1 2 1 1 2 1 2 1 1 2 0 1 2 2 0 0 0 0 0 2 2 0 1 2 1 1 1 2 0 1 0 0 1 1 1 1 2 2 1 0 1 1 0 2 1 1 2 0 2 2 1 1 1 2 0 2 0 0 1 0 2 0 0 0 0 0 0 0 1 1 2 2 1 0 1 1 0 0 1 0 0 0 2 0 2 1 2 2 2 1 2 1 0 0 0 1 0 -2 -1 -2 -1 -2 -1 -1 -2 -1 -2 -1 -1 -2 0 -1 -2 -2 0 0 0 0 0 -2 -2 0 -1 -2 -1 -1 -1 -2 0 -1 0 0 -1 -1 -1 -1 -2 -2 -1 0 -1 -1 0 -2 -1 -1 -2 0 -2 -2 -1 -1 -1 -2 0 -2 0 0 -1 0 -2 0 0 0 0 0 0 0 -1 -1 -2 -2 -1 0 -1 -1 0 0 -1 0 0 0 -2 0 -2 -1 -2 -2 -2 -1 -2 -1 0 0 0 -1
