-1.66535327268742 -0.495719883076996 1.00785063096573 -1.45586752905629 0.754779830714693 -1 1 1 0 0 0 2 0 0 1 2 1 2 1 1 2 1 0 2 0 0 0 1 1 0 0 0 0 0 0 0 0 2 0 1 0 0 1 0 2 1 0 1 2 1 1 2 1 1 1 2 1 0 1 2 0 1 2 2 2 1 2 1 2 2 2 1 0 1 0 0 2 0 2 2 0 0 0 0 1 1 2 0 1 1 1 1 0 1 1 1 2 2 2 1 1 1 1 1 1 1 -1 -1 0 0 0 -2 0 0 -1 -2 -1 -2 -1 -1 -2 -1 0 -2 0 0 0 -1 -1 0 0 0 0 0 0 0 0 -2 0 -1 0 0 -1 0 -2 -1 0 -1 -2 -1 -1 -2 -1 -1 -1 -2 -1 0 -1 -2 0 -1 -2 -2 -2 -1 -2 -1 -2 -2 -2 -1 0 -1 0 0 -2 0 -2 -2 0 0 0 0 -1 -1 -2 0 -1 -1 -1 -1 0 -1 -1 -1 -2 -2 -2 -1 -1 -1 -1 -1 -1 -1
0.617323665205968 -0.235015598202861 0.45474499731877 -0.67306541402899 -1.68078976834057 -1 0 1 0 0 0 2 0 0 0 1 1 2 0 1 1 1 0 2 0 0 0 1 2 1 1 1 2 2 0 0 2 2 0 2 0 2 0 0 2 2 1 1 1 1 1 2 1 1 1 2 2 0 0 2 0 1 2 2 0 0 2 2 2 2 2 2 1 2 2 1 2 0 1 2 0 1 2 1 2 0 0 0 0 0 1 1 0 1 1 1 1 1 2 0 1 0 0 1 2 1 0 -1 0 0 0 -2 0 0 0 -1 -1 -2 0 -1 -1 -1 0 -2 0 0 0 -1 -2 -1 -1 -1 -2 -2 0 0 -2 -2 0 -2 0 -2 0 0 -2 -2 -1 -1 -1 -1 -1 -2 -1 -1 -1 -2 -2 0 0 -2 0 -1 -2 -2 0 0 -2 -2 -2 -2 -2 -2 -1 -2 -2 -1 -2 0 -1 -2 0 -1 -2 -1 -2 0 0 0 0 0 -1 -1 0 -1 -1 -1 -1 -1 -2 0 -1 0 0 -1 -2 -1
0.130294502941145 0.797894644196382 1.01942122346412 -0.331450784854386 -1.03628283167466 1 1 1 2 1 0 2 2 0 0 1 1 2 0 0 1 1 0 2 0 0 0 1 1 0 0 0 2 2 1 0 1 1 0 2 0 1 1 1 2 2 1 1 2 1 0 0 1 0 0 1 1 0 0 2 0 2 2 2 2 0 2 1 2 2 0 0 0 0 1 0 2 1 1 1 0 1 1 0 1 0 2 2 1 2 2 2 0 1 2 2 2 2 2 1 1 2 2 2 2 2 1 1 2 1 0 2 2 0 0 1 1 2 0 0 1 1 0 2 0 0 0 1 1 0 0 0 2 2 1 0 1 1 0 2 0 1 1 1 2 2 1 1 2 1 0 0 1 0 0 1 1 0 0 2 0 2 2 2 2 0 2 1 2 2 0 0 0 0 1 0 2 1 1 1 0 1 1 0 1 0 2 2 1 2 2 2 0 1 2 2 2 2 2 1 1 2 2 2 2 2
-0.282389043201506 -0.841902237913451 -0.232366675179961 3.23737993378502 0.806832858462179 1 0 1 1 1 0 2 1 0 0 1 0 2 1 1 1 0 0 2 0 0 0 1 1 0 0 0 2 1 0 0 0 2 0 0 0 0 1 1 2 1 0 1 1 1 0 1 0 1 0 2 1 0 0 1 0 1 1 1 0 1 2 2 2 2 1 0 0 2 1 2 2 0 1 2 0 1 0 0 2 0 1 0 0 0 2 2 0 1 1 2 2 1 2 0 2 2 1 1 1 2 0 1 1 1 0 2 1 0 0 1 0 2 1 1 1 0 0 2 0 0 0 1 1 0 0 0 2 1 0 0 0 2 0 0 0 0 1 1 2 1 0 1 1 1 0 1 0 1 0 2 1 0 0 1 0 1 1 1 0 1 2 2 2 2 1 0 0 2 1 2 2 0 1 2 0 1 0 0 2 0 1 0 0 0 2 2 0 1 1 2 2 1 2 0 2 2 1 1 1 2
1.97132339860235 1.51158892779477 0.036594756783129 0.350303780522946 0.654587300300038 1 0 1 0 0 0 2 1 0 0 0 1 2 0 0 0 1 0 2 0 0 0 1 1 1 2 1 2 2 1 0 0 2 0 1 0 2 1 1 2 2 2 2 2 1 1 2 1 1 0 2 1 0 0 1 0 0 2 1 0 0 1 2 2 2 1 2 0 2 2 0 2 0 1 2 0 1 0 1 2 0 1 2 1 2 1 2 1 1 2 1 1 1 2 0 0 2 2 0 2 2 0 1 0 0 0 2 1 0 0 0 1 2 0 0 0 1 0 2 0 0 0 1 1 1 2 1 2 2 1 0 0 2 0 1 0 2 1 1 2 2 2 2 2 1 1 2 1 1 0 2 1 0 0 1 0 0 2 1 0 0 1 2 2 2 1 2 0 2 2 0 2 0 1 2 0 1 0 1 2 0 1 2 1 2 1 2 1 1 2 1 1 1 2 0 0 2 2 0 2 2
-2.43635018965871 -0.965564826975352 1.71270270145394 0.210668975716019 0.218259325983627 1 0 1 0 0 0 2 0 0 2 1 2 2 0 0 1 2 0 2 0 1 0 2 1 0 1 1 2 2 0 0 0 1 0 0 0 0 1 1 1 2 0 1 2 2 0 0 1 1 0 2 1 0 0 2 1 2 2 2 2 1 2 1 2 2 1 0 0 0 1 0 2 0 1 2 0 1 1 2 2 1 0 0 0 0 2 1 0 0 2 0 1 2 2 1 2 1 0 1 2 2 0 1 0 0 0 2 0 0 2 1 2 2 0 0 1 2 0 2 0 1 0 2 1 0 1 1 2 2 0 0 0 1 0 0 0 0 1 1 1 2 0 1 2 2 0 0 1 1 0 2 1 0 0 2 1 2 2 2 2 1 2 1 2 2 1 0 0 0 1 0 2 0 1 2 0 1 1 2 2 1 0 0 0 0 2 1 0 0 2 0 1 2 2 1 2 1 0 1 2 2
0.161991322924347 0.550474945537386 0.768853324307174 0.11530045069632 -0.6704954657974 1 1 1 0 0 0 1 0 0 1 1 2 2 1 1 2 1 0 2 1 1 0 0 1 0 0 0 2 1 0 0 0 2 0 1 0 1 2 1 1 2 1 2 2 2 0 1 0 0 0 1 0 0 0 1 0 0 1 1 1 0 2 2 2 2 1 0 1 2 1 0 1 0 2 2 0 2 0 1 1 0 0 0 0 0 1 0 0 1 2 1 2 2 2 0 1 0 1 1 2 2 1 1 0 0 0 1 0 0 1 1 2 2 1 1 2 1 0 2 1 1 0 0 1 0 0 0 2 1 0 0 0 2 0 1 0 1 2 1 1 2 1 2 2 2 0 1 0 0 0 1 0 0 0 1 0 0 1 1 1 0 2 2 2 2 1 0 1 2 1 0 1 0 2 2 0 2 0 1 1 0 0 0 0 0 1 0 0 1 2 1 2 2 2 0 1 0 1 1 2 2
-0.731357317152062 0.91203395798104 0.162512587937627 -0.77288122360453 0.709412892396463 1 1 2 0 1 0 2 1 0 2 1 2 2 0 1 2 2 0 2 0 0 0 1 1 0 0 0 2 2 1 0 1 2 1 1 0 1 1 0 1 2 0 2 2 2 0 2 1 1 0 2 1 0 1 2 0 2 0 2 0 0 1 1 2 1 0 0 0 2 2 1 2 0 1 1 0 2 1 2 2 1 1 1 2 2 1 2 0 1 2 1 1 1 2 0 1 1 0 0 1 2 1 2 0 1 0 2 1 0 2 1 2 2 0 1 2 2 0 2 0 0 0 1 1 0 0 0 2 2 1 0 1 2 1 1 0 1 1 0 1 2 0 2 2 2 0 2 1 1 0 2 1 0 1 2 0 2 0 2 0 0 1 1 2 1 0 0 0 2 2 1 2 0 1 1 0 2 1 2 2 1 1 1 2 2 1 2 0 1 2 1 1 1 2 0 1 1 0 0 1 2
-0.697234627766433 0.960476412252267 1.3578598736672 -1.28806918566097 1.36487254095113 1 2 2 0 0 1 2 0 0 0 1 0 2 0 1 2 1 0 2 0 0 0 1 0 1 1 0 1 1 0 0 1 2 1 1 1 1 0 1 1 2 0 0 1 0 0 0 0 0 0 2 2 0 1 2 0 2 2 2 2 0 1 1 2 2 2 1 2 2 2 2 2 0 1 2 0 1 0 0 2 1 1 2 1 2 2 1 0 1 1 0 2 2 2 0 0 1 1 0 1 2 2 2 0 0 1 2 0 0 0 1 0 2 0 1 2 1 0 2 0 0 0 1 0 1 1 0 1 1 0 0 1 2 1 1 1 1 0 1 1 2 0 0 1 0 0 0 0 0 0 2 2 0 1 2 0 2 2 2 2 0 1 1 2 2 2 1 2 2 2 2 2 0 1 2 0 1 0 0 2 1 1 2 1 2 2 1 0 1 1 0 2 2 2 0 0 1 1 0 1 2
0.725640927671841 -0.617532155326807 1.99712159500286 -1.08295467732372 -0.22926077806422 1 1 1 0 0 0 2 0 0 1 1 1 2 1 0 2 0 1 2 0 0 0 0 0 0 1 0 2 2 0 0 1 2 1 1 0 1 1 1 1 1 0 2 2 1 1 0 0 0 0 2 1 0 0 1 0 1 2 2 2 1 1 0 2 2 1 1 0 1 0 0 1 0 1 2 0 2 1 2 2 1 2 1 2 2 1 1 1 1 1 0 1 2 2 1 0 1 1 1 2 2 1 1 0 0 0 2 0 0 1 1 1 2 1 0 2 0 1 2 0 0 0 0 0 0 1 0 2 2 0 0 1 2 1 1 0 1 1 1 1 1 0 2 2 1 1 0 0 0 0 2 1 0 0 1 0 1 2 2 2 1 1 0 2 2 1 1 0 1 0 0 1 0 1 2 0 2 1 2 2 1 2 1 2 2 1 1 1 1 1 0 1 2 2 1 0 1 1 1 2 2
-0.680719826264908 1.74655711924866 0.425631528236623 1.27400633134903 0.173793394428155 -1 0 2 1 1 0 1 0 0 0 0 2 2 1 1 2 1 0 2 0 2 0 2 2 0 0 0 2 1 1 1 0 1 0 0 0 1 1 2 2 2 1 1 2 1 0 0 1 1 0 2 1 0 1 2 0 1 1 2 2 0 2 2 2 1 1 1 0 1 0 0 2 0 1 1 0 0 0 2 2 0 0 1 0 2 2 1 1 2 2 1 1 1 2 0 0 0 0 1 2 2 0 -2 -1 -1 0 -1 0 0 0 0 -2 -2 -1 -1 -2 -1 0 -2 0 -2 0 -2 -2 0 0 0 -2 -1 -1 -1 0 -1 0 0 0 -1 -1 -2 -2 -2 -1 -1 -2 -1 0 0 -1 -1 0 -2 -1 0 -1 -2 0 -1 -1 -2 -2 0 -2 -2 -2 -1 -1 -1 0 -1 0 0 -2 0 -1 -1 0 0 0 -2 -2 0 0 -1 0 -2 -2 -1 -1 -2 -2 -1 -1 -1 -2 0 0 0 0 -1 -2 -2
-1.05979576909415 -0.0773008506951584 0.740743132642952 0.624892391312976 -1.77691617020599 1 0 2 1 1 0 1 1 0 1 2 2 2 1 0 0 0 0 2 1 2 0 1 1 1 0 0 2 2 0 0 2 2 2 0 0 0 1 2 2 2 0 0 2 1 0 2 1 1 1 2 1 0 0 2 0 1 1 1 0 0 1 1 2 2 0 0 0 1 1 2 2 1 2 1 0 1 0 1 2 0 1 1 1 1 2 2 0 1 2 1 0 2 2 0 0 0 0 2 2 1 0 2 1 1 0 1 1 0 1 2 2 2 1 0 0 0 0 2 1 2 0 1 1 1 0 0 2 2 0 0 2 2 2 0 0 0 1 2 2 2 0 0 2 1 0 2 1 1 1 2 1 0 0 2 0 1 1 1 0 0 1 1 2 2 0 0 0 1 1 2 2 1 2 1 0 1 0 1 2 0 1 1 1 1 2 2 0 1 2 1 0 2 2 0 0 0 0 2 2 1
-0.545092877427602 -0.240126076865935 -1.33432923957352 -0.311680002772486 -0.336182336611036 -1 2 2 1 0 1 2 1 0 0 1 1 2 0 1 2 0 0 2 1 1 0 1 1 0 1 0 2 2 0 0 1 1 0 0 0 1 1 1 1 2 1 1 2 0 0 1 1 1 0 2 1 0 2 2 0 1 2 2 1 0 1 2 2 2 1 1 0 1 1 0 0 0 1 2 1 1 1 1 2 1 1 0 0 0 2 0 0 2 2 0 0 1 2 1 1 1 0 0 2 2 -2 -2 -1 0 -1 -2 -1 0 0 -1 -1 -2 0 -1 -2 0 0 -2 -1 -1 0 -1 -1 0 -1 0 -2 -2 0 0 -1 -1 0 0 0 -1 -1 -1 -1 -2 -1 -1 -2 0 0 -1 -1 -1 0 -2 -1 0 -2 -2 0 -1 -2 -2 -1 0 -1 -2 -2 -2 -1 -1 0 -1 -1 0 0 0 -1 -2 -1 -1 -1 -1 -2 -1 -1 0 0 0 -2 0 0 -2 -2 0 0 -1 -2 -1 -1 -1 0 0 -2 -2
-0.562742623073123 -1.16135416513388 -0.315482712956353 -0.485383209233025 0.349603168313167 1 1 1 0 0 0 2 0 0 1 1 1 2 0 1 2 1 0 2 1 1 0 2 2 0 1 0 2 2 0 1 1 2 2 0 0 1 1 2 2 1 0 1 1 1 0 2 2 1 0 2 2 0 2 2 1 2 2 2 2 0 2 1 2 2 1 1 0 1 1 0 2 1 1 2 0 0 0 0 2 1 2 2 1 1 2 2 0 1 2 1 1 1 1 1 1 0 1 1 0 2 1 1 0 0 0 2 0 0 1 1 1 2 0 1 2 1 0 2 1 1 0 2 2 0 1 0 2 2 0 1 1 2 2 0 0 1 1 2 2 1 0 1 1 1 0 2 2 1 0 2 2 0 2 2 1 2 2 2 2 0 2 1 2 2 1 1 0 1 1 0 2 1 1 2 0 0 0 0 2 1 2 2 1 1 2 2 0 1 2 1 1 1 1 1 1 0 1 1 0 2
-0.609663043606127 1.01074798701497 1.12519448039527 -1.87697219581316 -1.66464391018256 -1 1 2 1 0 0 2 0 0 1 2 2 2 0 0 1 0 0 2 0 0 0 1 0 0 1 0 2 2 1 0 2 2 1 0 0 0 1 1 2 2 1 2 2 1 0 0 0 0 1 2 2 0 0 2 1 1 1 1 0 0 1 1 2 2 1 0 0 1 0 0 2 1 1 2 0 2 1 1 2 1 0 0 0 0 1 0 0 1 1 1 2 2 2 0 0 1 0 1 2 2 -1 -2 -1 0 0 -2 0 0 -1 -2 -2 -2 0 0 -1 0 0 -2 0 0 0 -1 0 0 -1 0 -2 -2 -1 0 -2 -2 -1 0 0 0 -1 -1 -2 -2 -1 -2 -2 -1 0 0 0 0 -1 -2 -2 0 0 -2 -1 -1 -1 -1 0 0 -1 -1 -2 -2 -1 0 0 -1 0 0 -2 -1 -1 -2 0 -2 -1 -1 -2 -1 0 0 0 0 -1 0 0 -1 -1 -1 -2 -2 -2 0 0 -1 0 -1 -2 -2
0.3526988251218 0.468250040044507 1.71811066920553 1.68619037892506 -1.10105788189648 1 0 2 1 0 0 1 0 0 1 1 2 2 0 0 2 1 0 2 0 2 0 0 1 0 1 0 1 1 0 0 0 2 1 2 0 2 0 0 1 2 1 2 2 0 0 1 1 1 0 2 2 0 0 2 0 1 2 2 1 0 2 2 1 2 2 1 0 2 0 1 2 1 1 0 0 0 0 0 1 1 1 0 1 0 0 0 0 2 0 1 0 1 2 1 2 1 0 1 1 2 0 2 1 0 0 1 0 0 1 1 2 2 0 0 2 1 0 2 0 2 0 0 1 0 1 0 1 1 0 0 0 2 1 2 0 2 0 0 1 2 1 2 2 0 0 1 1 1 0 2 2 0 0 2 0 1 2 2 1 0 2 2 1 2 2 1 0 2 0 1 2 1 1 0 0 0 0 0 1 1 1 0 1 0 0 0 0 2 0 1 0 1 2 1 2 1 0 1 1 2
-1.00837154792477 0.700314819613256 2.107741305126 -0.484124845699283 -0.568237936474067 -1 2 2 1 1 1 2 1 0 0 1 2 2 1 2 2 1 0 2 0 0 0 1 0 1 2 2 2 2 1 0 0 2 0 0 0 1 0 1 2 2 1 1 1 1 1 1 1 0 0 2 2 0 0 2 0 0 2 0 0 0 1 1 2 2 1 1 0 1 2 0 2 0 2 2 0 1 0 0 2 0 0 0 0 2 2 2 0 0 2 0 0 1 2 0 0 1 0 1 2 2 -2 -2 -1 -1 -1 -2 -1 0 0 -1 -2 -2 -1 -2 -2 -1 0 -2 0 0 0 -1 0 -1 -2 -2 -2 -2 -1 0 0 -2 0 0 0 -1 0 -1 -2 -2 -1 -1 -1 -1 -1 -1 -1 0 0 -2 -2 0 0 -2 0 0 -2 0 0 0 -1 -1 -2 -2 -1 -1 0 -1 -2 0 -2 0 -2 -2 0 -1 0 0 -2 0 0 0 0 -2 -2 -2 0 0 -2 0 0 -1 -2 0 0 -1 0 -1 -2 -2
-1.03902504523139 0.498424708878849 -0.776581455325897 -0.858115925710478 1.1179589098443 1 1 1 0 1 0 1 0 0 0 0 0 2 0 0 1 1 0 2 0 0 0 0 1 0 1 2 2 1 0 0 1 2 1 2 1 2 1 1 2 2 1 2 2 2 1 1 2 0 0 2 2 0 1 2 0 1 2 2 1 0 1 1 2 2 2 1 0 1 0 0 1 0 0 0 0 0 0 1 2 2 2 0 1 1 2 1 1 0 0 0 1 1 2 1 0 0 1 1 1 1 1 1 0 1 0 1 0 0 0 0 0 2 0 0 1 1 0 2 0 0 0 0 1 0 1 2 2 1 0 0 1 2 1 2 1 2 1 1 2 2 1 2 2 2 1 1 2 0 0 2 2 0 1 2 0 1 2 2 1 0 1 1 2 2 2 1 0 1 0 0 1 0 0 0 0 0 0 1 2 2 2 0 1 1 2 1 1 0 0 0 1 1 2 1 0 0 1 1 1 1
0.195150609583937 -0.796786186685469 -0.326414070402711 -1.22241142794412 0.204092125576496 1 2 1 1 2 0 2 1 1 1 1 1 2 1 1 1 0 0 2 0 0 0 0 0 0 1 0 1 1 0 0 1 2 0 1 1 2 2 1 2 2 0 0 2 1 1 2 2 2 0 1 2 0 0 1 0 0 1 1 1 0 2 2 2 2 2 0 0 2 1 1 2 0 1 1 0 0 0 1 2 0 2 0 0 0 2 1 0 2 1 0 0 0 2 0 1 1 0 1 2 2 2 1 1 2 0 2 1 1 1 1 1 2 1 1 1 0 0 2 0 0 0 0 0 0 1 0 1 1 0 0 1 2 0 1 1 2 2 1 2 2 0 0 2 1 1 2 2 2 0 1 2 0 0 1 0 0 1 1 1 0 2 2 2 2 2 0 0 2 1 1 2 0 1 1 0 0 0 1 2 0 2 0 0 0 2 1 0 2 1 0 0 0 2 0 1 1 0 1 2 2
0.227952858569832 0.0920862854637461 1.88678825218541 1.29244659872228 -0.998455885180122 1 1 1 0 0 1 2 0 0 1 1 1 2 2 2 2 0 0 2 0 0 0 1 0 0 0 1 2 2 0 1 2 2 1 1 0 1 1 1 0 1 0 1 2 1 0 1 1 1 0 2 2 0 0 2 1 1 2 2 2 0 1 2 2 2 0 0 0 0 1 0 1 0 1 1 0 1 1 1 2 0 1 0 0 0 0 0 0 2 2 1 1 1 2 2 0 0 0 0 0 0 1 1 0 0 1 2 0 0 1 1 1 2 2 2 2 0 0 2 0 0 0 1 0 0 0 1 2 2 0 1 2 2 1 1 0 1 1 1 0 1 0 1 2 1 0 1 1 1 0 2 2 0 0 2 1 1 2 2 2 0 1 2 2 2 0 0 0 0 1 0 1 0 1 1 0 1 1 1 2 0 1 0 0 0 0 0 0 2 2 1 1 1 2 2 0 0 0 0 0 0
-1.25905735999767 0.982709418493528 -1.20493297828595 -1.76870078219649 0.792109872986787 -1 1 2 0 0 0 1 0 0 0 2 1 2 2 1 2 1 0 2 2 1 0 0 2 2 2 1 1 2 0 0 1 2 2 0 0 1 1 0 1 1 0 1 1 1 0 0 0 0 0 2 0 0 0 2 0 0 1 1 1 0 1 2 2 2 2 1 0 2 1 1 2 0 2 2 0 0 0 0 2 1 0 0 1 1 2 1 0 2 2 1 1 1 2 1 1 1 0 0 1 2 -1 -2 0 0 0 -1 0 0 0 -2 -1 -2 -2 -1 -2 -1 0 -2 -2 -1 0 0 -2 -2 -2 -1 -1 -2 0 0 -1 -2 -2 0 0 -1 -1 0 -1 -1 0 -1 -1 -1 0 0 0 0 0 -2 0 0 0 -2 0 0 -1 -1 -1 0 -1 -2 -2 -2 -2 -1 0 -2 -1 -1 -2 0 -2 -2 0 0 0 0 -2 -1 0 0 -1 -1 -2 -1 0 -2 -2 -1 -1 -1 -2 -1 -1 -1 0 0 -1 -2
-1.10287132156059 2.26512557948902 0.639900569847217 0.0196257442868694 -1.40806042080082 -1 1 1 0 0 0 1 0 0 1 1 1 2 0 1 1 0 0 2 0 0 0 1 1 1 1 0 1 1 0 1 0 1 0 0 0 1 0 2 2 2 0 1 2 2 2 1 1 1 0 2 2 0 0 2 0 0 1 2 2 0 2 2 2 2 1 0 0 2 2 0 2 0 0 2 0 1 0 0 2 0 0 0 0 0 2 2 0 1 2 1 1 2 1 0 0 1 1 1 1 2 -1 -1 0 0 0 -1 0 0 -1 -1 -1 -2 0 -1 -1 0 0 -2 0 0 0 -1 -1 -1 -1 0 -1 -1 0 -1 0 -1 0 0 0 -1 0 -2 -2 -2 0 -1 -2 -2 -2 -1 -1 -1 0 -2 -2 0 0 -2 0 0 -1 -2 -2 0 -2 -2 -2 -2 -1 0 0 -2 -2 0 -2 0 0 -2 0 -1 0 0 -2 0 0 0 0 0 -2 -2 0 -1 -2 -1 -1 -2 -1 0 0 -1 -1 -1 -1 -2
-0.831956211196924 0.406334810182959 -0.538541075135238 1.19091474009589 -0.957171785036882 -1 1 2 0 0 0 2 1 0 1 1 1 2 0 0 2 1 0 2 1 0 0 0 0 0 0 0 2 1 0 0 0 2 0 2 0 0 0 0 0 1 0 2 2 1 2 1 1 1 0 2 2 0 1 1 0 0 1 2 1 0 1 0 2 2 0 0 0 2 0 0 2 0 1 2 0 0 0 0 1 0 1 1 0 1 1 2 0 2 2 2 2 2 2 1 0 0 0 0 2 1 -1 -2 0 0 0 -2 -1 0 -1 -1 -1 -2 0 0 -2 -1 0 -2 -1 0 0 0 0 0 0 0 -2 -1 0 0 0 -2 0 -2 0 0 0 0 0 -1 0 -2 -2 -1 -2 -1 -1 -1 0 -2 -2 0 -1 -1 0 0 -1 -2 -1 0 -1 0 -2 -2 0 0 0 -2 0 0 -2 0 -1 -2 0 0 0 0 -1 0 -1 -1 0 -1 -1 -2 0 -2 -2 -2 -2 -2 -2 -1 0 0 0 0 -2 -1
-0.0581976334140725 -0.197359848880668 0.420520650743509 -0.974392837187741 -1.6122007565423 -1 0 1 0 0 0 2 2 2 1 2 2 2 1 1 1 1 0 2 0 0 0 1 1 1 2 1 1 2 0 0 0 2 0 1 0 1 2 2 2 2 0 1 2 2 0 0 1 1 1 2 1 0 0 2 0 0 1 1 1 0 1 1 2 2 1 1 0 1 1 0 2 0 2 2 0 2 2 2 2 1 1 0 0 1 2 2 1 2 2 0 0 1 2 0 2 1 1 1 1 0 0 -1 0 0 0 -2 -2 -2 -1 -2 -2 -2 -1 -1 -1 -1 0 -2 0 0 0 -1 -1 -1 -2 -1 -1 -2 0 0 0 -2 0 -1 0 -1 -2 -2 -2 -2 0 -1 -2 -2 0 0 -1 -1 -1 -2 -1 0 0 -2 0 0 -1 -1 -1 0 -1 -1 -2 -2 -1 -1 0 -1 -1 0 -2 0 -2 -2 0 -2 -2 -2 -2 -1 -1 0 0 -1 -2 -2 -1 -2 -2 0 0 -1 -2 0 -2 -1 -1 -1 -1 0
-0.8852069065038 0.540674406985471 0.509903145004735 -0.868946245349149 1.7936724083083 -1 1 2 0 0 0 2 1 0 2 2 1 2 0 1 2 0 0 2 0 1 0 1 0 0 2 1 2 2 0 0 1 2 1 0 0 1 1 0 2 2 0 1 2 1 0 2 1 1 1 2 2 1 2 2 1 2 2 2 2 2 2 2 2 2 1 1 0 2 1 0 2 0 1 1 0 0 0 1 2 0 1 1 1 1 2 1 1 1 2 2 2 2 2 1 0 1 0 2 2 2 -1 -2 0 0 0 -2 -1 0 -2 -2 -1 -2 0 -1 -2 0 0 -2 0 -1 0 -1 0 0 -2 -1 -2 -2 0 0 -1 -2 -1 0 0 -1 -1 0 -2 -2 0 -1 -2 -1 0 -2 -1 -1 -1 -2 -2 -1 -2 -2 -1 -2 -2 -2 -2 -2 -2 -2 -2 -2 -1 -1 0 -2 -1 0 -2 0 -1 -1 0 0 0 -1 -2 0 -1 -1 -1 -1 -2 -1 -1 -1 -2 -2 -2 -2 -2 -1 0 -1 0 -2 -2 -2
1.15432679327986 -0.4459887131148 1.09803935392684 0.0361028645829453 0.941537652857047 -1 0 1 0 0 0 1 0 0 0 0 0 2 1 0 0 1 0 2 1 0 0 0 1 1 2 1 2 1 0 0 0 1 0 1 0 2 1 1 1 2 0 2 2 2 1 2 2 1 1 2 2 0 1 2 0 0 2 2 2 0 1 0 1 2 1 1 0 1 1 1 2 0 2 2 1 2 0 0 2 2 1 0 1 0 1 2 1 2 2 0 1 0 2 1 0 0 0 0 1 2 0 -1 0 0 0 -1 0 0 0 0 0 -2 -1 0 0 -1 0 -2 -1 0 0 0 -1 -1 -2 -1 -2 -1 0 0 0 -1 0 -1 0 -2 -1 -1 -1 -2 0 -2 -2 -2 -1 -2 -2 -1 -1 -2 -2 0 -1 -2 0 0 -2 -2 -2 0 -1 0 -1 -2 -1 -1 0 -1 -1 -1 -2 0 -2 -2 -1 -2 0 0 -2 -2 -1 0 -1 0 -1 -2 -1 -2 -2 0 -1 0 -2 -1 0 0 0 0 -1 -2
-0.116805833149306 0.661269604956997 0.270310928664579 -0.407933344231477 -0.0308596024020213 1 0 1 0 0 0 1 0 0 0 0 1 2 2 1 1 2 0 2 0 1 0 0 0 0 1 1 2 2 0 1 1 2 0 2 0 1 1 1 2 2 2 2 2 2 1 2 2 1 1 2 1 0 0 2 1 1 1 2 1 0 1 1 2 2 2 1 0 2 1 1 2 0 2 2 0 1 1 2 2 1 1 1 1 0 2 2 0 2 2 1 2 2 2 0 0 0 0 1 2 2 0 1 0 0 0 1 0 0 0 0 1 2 2 1 1 2 0 2 0 1 0 0 0 0 1 1 2 2 0 1 1 2 0 2 0 1 1 1 2 2 2 2 2 2 1 2 2 1 1 2 1 0 0 2 1 1 1 2 1 0 1 1 2 2 2 1 0 2 1 1 2 0 2 2 0 1 1 2 2 1 1 1 1 0 2 2 0 2 2 1 2 2 2 0 0 0 0 1 2 2
-2.12461632006092 1.5944058667404 1.32121205158756 -1.70426673319521 -0.324778837939488 -1 1 1 0 0 0 1 0 0 1 2 1 2 0 1 2 2 0 2 1 0 0 1 1 1 1 0 1 2 0 0 0 2 1 2 1 2 1 1 2 2 0 2 1 1 1 2 2 2 1 2 1 0 1 2 1 2 2 2 1 0 1 2 2 2 2 2 0 0 1 0 2 0 1 1 0 0 0 1 2 1 1 2 1 2 2 0 0 2 1 1 1 1 2 0 0 0 0 0 1 1 -1 -1 0 0 0 -1 0 0 -1 -2 -1 -2 0 -1 -2 -2 0 -2 -1 0 0 -1 -1 -1 -1 0 -1 -2 0 0 0 -2 -1 -2 -1 -2 -1 -1 -2 -2 0 -2 -1 -1 -1 -2 -2 -2 -1 -2 -1 0 -1 -2 -1 -2 -2 -2 -1 0 -1 -2 -2 -2 -2 -2 0 0 -1 0 -2 0 -1 -1 0 0 0 -1 -2 -1 -1 -2 -1 -2 -2 0 0 -2 -1 -1 -1 -1 -2 0 0 0 0 0 -1 -1
0.371153790233442 -0.328411737572487 1.47756021376844 -0.497865069485779 -0.346552883836616 1 0 1 1 0 0 2 0 0 0 1 1 2 0 1 2 0 0 2 0 0 0 1 1 1 2 2 2 2 1 0 1 2 1 1 0 1 0 1 2 2 0 2 1 1 1 2 2 2 0 1 1 0 0 2 0 2 1 1 1 1 2 2 2 2 1 0 0 0 0 0 2 0 0 2 0 0 0 2 2 2 1 0 1 1 1 2 0 0 1 1 1 1 1 0 1 0 1 2 1 2 0 1 1 0 0 2 0 0 0 1 1 2 0 1 2 0 0 2 0 0 0 1 1 1 2 2 2 2 1 0 1 2 1 1 0 1 0 1 2 2 0 2 1 1 1 2 2 2 0 1 1 0 0 2 0 2 1 1 1 1 2 2 2 2 1 0 0 0 0 0 2 0 0 2 0 0 0 2 2 2 1 0 1 1 1 2 0 0 1 1 1 1 1 0 1 0 1 2 1 2
0.278146950208041 1.23013416959514 0.232922178659891 -1.2607604290369 -1.22657564026038 -1 0 2 1 0 0 2 0 0 0 1 2 1 0 0 2 1 0 2 0 0 0 0 0 0 1 0 2 2 1 0 1 1 0 1 0 1 1 2 2 2 0 2 2 1 0 1 0 0 0 2 2 0 1 2 0 1 0 2 2 0 1 1 2 2 1 0 0 2 0 0 1 0 2 2 0 0 0 2 2 1 2 1 0 1 2 2 1 1 1 1 2 1 2 0 0 0 1 2 1 2 0 -2 -1 0 0 -2 0 0 0 -1 -2 -1 0 0 -2 -1 0 -2 0 0 0 0 0 0 -1 0 -2 -2 -1 0 -1 -1 0 -1 0 -1 -1 -2 -2 -2 0 -2 -2 -1 0 -1 0 0 0 -2 -2 0 -1 -2 0 -1 0 -2 -2 0 -1 -1 -2 -2 -1 0 0 -2 0 0 -1 0 -2 -2 0 0 0 -2 -2 -1 -2 -1 0 -1 -2 -2 -1 -1 -1 -1 -2 -1 -2 0 0 0 -1 -2 -1 -2
-1.05700699368856 -0.327508948279433 1.74013570432996 -2.50945259044124 -0.283106429593003 1 0 1 0 0 0 1 0 0 0 0 1 2 0 1 2 1 0 2 1 0 0 1 0 0 1 0 2 2 0 1 2 2 0 0 0 0 0 0 2 2 0 0 2 1 0 1 1 0 0 2 2 1 1 2 0 1 2 2 2 0 0 0 2 2 0 0 0 2 1 1 2 0 1 1 0 1 1 1 2 0 1 2 1 2 2 1 1 2 2 1 2 1 2 0 0 1 1 2 2 2 0 1 0 0 0 1 0 0 0 0 1 2 0 1 2 1 0 2 1 0 0 1 0 0 1 0 2 2 0 1 2 2 0 0 0 0 0 0 2 2 0 0 2 1 0 1 1 0 0 2 2 1 1 2 0 1 2 2 2 0 0 0 2 2 0 0 0 2 1 1 2 0 1 1 0 1 1 1 2 0 1 2 1 2 2 1 1 2 2 1 2 1 2 0 0 1 1 2 2 2
0.263699400049604 1.57109499450138 -1.40847523438282 3.0131116732722 -1.02547093456075 1 1 1 1 0 0 2 1 0 0 2 1 2 0 0 1 1 0 2 1 1 0 0 0 0 1 0 2 1 0 0 0 1 1 2 0 1 1 1 1 2 1 1 2 1 0 1 1 1 0 1 2 0 1 2 1 1 2 2 1 1 1 1 2 2 0 1 0 2 1 1 2 0 0 0 0 1 1 1 1 0 1 0 0 0 2 0 0 2 2 1 1 1 2 0 0 0 0 1 1 2 1 1 1 0 0 2 1 0 0 2 1 2 0 0 1 1 0 2 1 1 0 0 0 0 1 0 2 1 0 0 0 1 1 2 0 1 1 1 1 2 1 1 2 1 0 1 1 1 0 1 2 0 1 2 1 1 2 2 1 1 1 1 2 2 0 1 0 2 1 1 2 0 0 0 0 1 1 1 1 0 1 0 0 0 2 0 0 2 2 1 1 1 2 0 0 0 0 1 1 2
-0.328267076286002 0.535056065673112 -0.230991772864871 -0.785726935146832 -0.760763597867121 -1 0 2 2 2 0 2 1 0 2 2 2 1 0 0 2 1 0 2 0 1 0 2 1 0 1 0 2 2 0 0 0 1 1 1 0 2 1 1 2 2 2 2 2 2 0 1 1 2 1 2 1 0 0 2 0 0 2 2 2 1 2 1 2 2 1 1 0 1 0 1 2 0 1 0 0 0 0 1 2 0 1 1 1 1 1 2 0 1 1 1 0 2 2 0 0 0 0 2 2 2 0 -2 -2 -2 0 -2 -1 0 -2 -2 -2 -1 0 0 -2 -1 0 -2 0 -1 0 -2 -1 0 -1 0 -2 -2 0 0 0 -1 -1 -1 0 -2 -1 -1 -2 -2 -2 -2 -2 -2 0 -1 -1 -2 -1 -2 -1 0 0 -2 0 0 -2 -2 -2 -1 -2 -1 -2 -2 -1 -1 0 -1 0 -1 -2 0 -1 0 0 0 0 -1 -2 0 -1 -1 -1 -1 -1 -2 0 -1 -1 -1 0 -2 -2 0 0 0 0 -2 -2 -2
-0.722751171846988 -0.709525448908969 -0.593037654515291 -0.200234782388956 -1.36358633469328 -1 0 2 1 0 0 2 1 0 1 2 2 2 2 1 2 2 1 2 1 1 0 0 1 0 1 1 2 1 0 1 2 2 1 1 0 2 0 1 2 2 0 1 2 1 1 0 1 1 1 2 2 0 2 2 0 1 2 1 1 0 2 2 2 2 2 1 0 2 1 0 2 1 2 2 0 1 1 1 2 0 1 1 2 2 2 1 0 1 1 1 1 0 2 0 0 0 1 1 2 2 0 -2 -1 0 0 -2 -1 0 -1 -2 -2 -2 -2 -1 -2 -2 -1 -2 -1 -1 0 0 -1 0 -1 -1 -2 -1 0 -1 -2 -2 -1 -1 0 -2 0 -1 -2 -2 0 -1 -2 -1 -1 0 -1 -1 -1 -2 -2 0 -2 -2 0 -1 -2 -1 -1 0 -2 -2 -2 -2 -2 -1 0 -2 -1 0 -2 -1 -2 -2 0 -1 -1 -1 -2 0 -1 -1 -2 -2 -2 -1 0 -1 -1 -1 -1 0 -2 0 0 0 -1 -1 -2 -2
1.33501520389368 0.248326523337603 0.1003638433989 1.31417013606154 0.0167373625476923 1 1 2 0 0 0 2 0 0 1 1 1 2 0 0 2 0 0 2 1 0 1 1 2 1 0 0 1 0 0 0 2 2 1 1 1 2 0 0 1 1 0 1 2 1 0 1 2 0 0 2 1 0 1 2 0 1 1 2 1 0 1 1 2 2 0 0 0 1 0 0 1 0 1 1 0 0 0 0 2 1 2 1 1 2 2 1 1 2 2 1 0 2 2 2 2 2 0 1 2 2 1 2 0 0 0 2 0 0 1 1 1 2 0 0 2 0 0 2 1 0 1 1 2 1 0 0 1 0 0 0 2 2 1 1 1 2 0 0 1 1 0 1 2 1 0 1 2 0 0 2 1 0 1 2 0 1 1 2 1 0 1 1 2 2 0 0 0 1 0 0 1 0 1 1 0 0 0 0 2 1 2 1 1 2 2 1 1 2 2 1 0 2 2 2 2 2 0 1 2 2
1.44904048840155 0.336575682528195 -0.424749139678464 0.0104208553921741 0.637725408949865 1 0 0 0 0 0 1 0 0 0 0 0 2 1 0 1 0 0 2 0 0 0 1 1 1 2 1 2 2 1 0 1 2 0 0 0 0 0 0 1 1 0 1 1 0 0 0 0 0 0 1 1 0 0 2 0 1 1 2 1 0 2 1 2 2 1 1 0 2 0 0 1 0 0 0 0 0 0 0 1 2 1 2 2 1 2 2 1 2 2 1 1 2 1 1 0 2 1 0 2 1 0 0 0 0 0 1 0 0 0 0 0 2 1 0 1 0 0 2 0 0 0 1 1 1 2 1 2 2 1 0 1 2 0 0 0 0 0 0 1 1 0 1 1 0 0 0 0 0 0 1 1 0 0 2 0 1 1 2 1 0 2 1 2 2 1 1 0 2 0 0 1 0 0 0 0 0 0 0 1 2 1 2 2 1 2 2 1 2 2 1 1 2 1 1 0 2 1 0 2 1
-0.528260125794301 -1.12074518957198 -2.42081326438796 -1.03708174957595 -1.26584309292089 1 0 0 0 0 0 1 0 0 1 1 1 2 0 1 0 0 0 1 0 0 0 1 2 0 1 1 2 1 0 1 2 2 1 0 0 0 0 2 2 2 0 1 1 0 0 1 0 0 0 2 2 0 0 1 0 1 2 1 1 1 1 1 2 2 1 1 0 1 1 1 2 0 1 2 0 0 0 0 1 0 1 0 1 1 2 1 0 2 2 1 2 1 2 1 1 0 0 1 2 2 0 0 0 0 0 1 0 0 1 1 1 2 0 1 0 0 0 1 0 0 0 1 2 0 1 1 2 1 0 1 2 2 1 0 0 0 0 2 2 2 0 1 1 0 0 1 0 0 0 2 2 0 0 1 0 1 2 1 1 1 1 1 2 2 1 1 0 1 1 1 2 0 1 2 0 0 0 0 1 0 1 0 1 1 2 1 0 2 2 1 2 1 2 1 1 0 0 1 2 2
-0.472325669674118 0.150132315511211 -0.491119627194615 0.794647943866656 -0.70114713620357 -1 1 1 0 0 0 2 0 0 0 0 1 1 0 0 2 0 0 2 0 0 0 0 1 0 0 0 1 1 0 0 0 1 0 1 0 1 0 1 2 2 0 2 2 1 0 2 2 1 1 2 2 0 1 2 1 2 2 2 1 0 1 2 2 2 1 0 0 1 1 1 2 0 1 2 0 1 0 2 2 0 0 2 2 2 2 0 0 1 2 1 1 2 2 0 0 0 0 1 1 2 -1 -1 0 0 0 -2 0 0 0 0 -1 -1 0 0 -2 0 0 -2 0 0 0 0 -1 0 0 0 -1 -1 0 0 0 -1 0 -1 0 -1 0 -1 -2 -2 0 -2 -2 -1 0 -2 -2 -1 -1 -2 -2 0 -1 -2 -1 -2 -2 -2 -1 0 -1 -2 -2 -2 -1 0 0 -1 -1 -1 -2 0 -1 -2 0 -1 0 -2 -2 0 0 -2 -2 -2 -2 0 0 -1 -2 -1 -1 -2 -2 0 0 0 0 -1 -1 -2
1.6496157952532 -1.12269518064853 -1.44826943957028 -1.06303436197885 1.12274884191349 -1 1 1 0 0 0 2 0 0 0 0 1 2 0 1 2 1 0 2 1 1 0 0 0 0 0 0 1 2 0 0 2 2 0 0 0 0 0 0 1 1 0 2 2 1 0 2 1 2 1 2 1 0 1 2 0 0 1 2 2 1 1 1 2 2 2 0 0 1 1 1 2 0 1 2 0 1 0 1 2 0 0 0 1 1 2 1 0 0 2 0 0 0 2 1 1 1 1 2 2 0 -1 -1 0 0 0 -2 0 0 0 0 -1 -2 0 -1 -2 -1 0 -2 -1 -1 0 0 0 0 0 0 -1 -2 0 0 -2 -2 0 0 0 0 0 0 -1 -1 0 -2 -2 -1 0 -2 -1 -2 -1 -2 -1 0 -1 -2 0 0 -1 -2 -2 -1 -1 -1 -2 -2 -2 0 0 -1 -1 -1 -2 0 -1 -2 0 -1 0 -1 -2 0 0 0 -1 -1 -2 -1 0 0 -2 0 0 0 -2 -1 -1 -1 -1 -2 -2 0
1.59695033941705 -1.03827206029301 0.153759749251537 -1.11629938985188 0.614003594026449 1 0 1 1 2 0 2 1 0 1 1 2 2 0 1 2 1 0 2 0 1 0 2 1 0 0 0 2 1 0 0 0 2 1 2 0 1 0 1 1 2 0 1 2 1 1 1 2 2 1 2 0 0 0 2 0 0 2 2 1 0 2 1 2 2 1 1 1 2 1 0 1 0 1 2 0 0 0 1 2 1 1 1 1 0 2 2 0 2 2 2 1 2 2 0 0 1 1 1 2 2 0 1 1 2 0 2 1 0 1 1 2 2 0 1 2 1 0 2 0 1 0 2 1 0 0 0 2 1 0 0 0 2 1 2 0 1 0 1 1 2 0 1 2 1 1 1 2 2 1 2 0 0 0 2 0 0 2 2 1 0 2 1 2 2 1 1 1 2 1 0 1 0 1 2 0 0 0 1 2 1 1 1 1 0 2 2 0 2 2 2 1 2 2 0 0 1 1 1 2 2
0.962011031251544 -0.326233700955963 0.500871799500881 -1.23963120103542 0.637553532344999 -1 1 1 0 0 0 2 1 0 0 1 2 2 1 1 2 0 0 2 0 0 0 2 1 1 1 0 2 1 0 0 2 2 1 0 0 1 0 1 1 1 0 1 2 1 1 2 1 2 1 2 1 0 1 2 0 1 2 2 1 1 2 1 2 1 1 1 0 0 1 0 2 0 1 1 0 1 0 1 1 0 1 0 0 0 2 2 0 1 1 0 0 0 2 1 0 0 1 0 1 2 -1 -1 0 0 0 -2 -1 0 0 -1 -2 -2 -1 -1 -2 0 0 -2 0 0 0 -2 -1 -1 -1 0 -2 -1 0 0 -2 -2 -1 0 0 -1 0 -1 -1 -1 0 -1 -2 -1 -1 -2 -1 -2 -1 -2 -1 0 -1 -2 0 -1 -2 -2 -1 -1 -2 -1 -2 -1 -1 -1 0 0 -1 0 -2 0 -1 -1 0 -1 0 -1 -1 0 -1 0 0 0 -2 -2 0 -1 -1 0 0 0 -2 -1 0 0 -1 0 -1 -2
0.815277308438315 1.38457819017308 1.49509631149013 1.26530655951821 -0.147404648153724 1 1 1 0 0 0 2 1 0 1 1 1 2 0 1 2 1 1 2 1 0 0 1 2 0 1 1 2 1 1 0 1 2 0 1 1 1 0 0 2 2 1 2 2 2 0 2 2 1 1 2 2 0 0 2 0 0 1 2 1 0 1 0 2 2 0 0 0 1 0 0 2 0 0 1 1 2 0 1 1 1 2 1 2 1 2 1 0 2 2 1 2 2 2 1 1 1 1 1 1 1 1 1 0 0 0 2 1 0 1 1 1 2 0 1 2 1 1 2 1 0 0 1 2 0 1 1 2 1 1 0 1 2 0 1 1 1 0 0 2 2 1 2 2 2 0 2 2 1 1 2 2 0 0 2 0 0 1 2 1 0 1 0 2 2 0 0 0 1 0 0 2 0 0 1 1 2 0 1 1 1 2 1 2 1 2 1 0 2 2 1 2 2 2 1 1 1 1 1 1 1
0.348834710654908 0.242157506045293 -0.553446582476685 0.998321386976562 -0.855277077336164 1 1 1 0 0 0 2 2 1 0 2 2 2 1 1 2 2 0 2 0 0 0 2 2 0 1 0 1 1 0 0 0 1 0 1 0 1 0 1 2 2 0 1 2 1 0 1 0 0 0 2 2 0 0 2 0 0 1 1 0 0 1 1 2 2 1 0 0 1 0 0 0 0 2 2 0 2 2 2 2 0 1 1 1 1 2 2 0 1 2 1 1 0 2 0 0 0 0 1 1 2 1 1 0 0 0 2 2 1 0 2 2 2 1 1 2 2 0 2 0 0 0 2 2 0 1 0 1 1 0 0 0 1 0 1 0 1 0 1 2 2 0 1 2 1 0 1 0 0 0 2 2 0 0 2 0 0 1 1 0 0 1 1 2 2 1 0 0 1 0 0 0 0 2 2 0 2 2 2 2 0 1 1 1 1 2 2 0 1 2 1 1 0 2 0 0 0 0 1 1 2
-0.979381251138025 -1.3479344259648 -1.12145227202168 1.21011088360352 0.0201473444968616 -1 1 2 1 1 0 2 2 0 1 2 2 2 1 1 2 1 0 2 0 0 0 0 1 2 2 0 2 2 1 0 0 2 0 2 0 0 0 1 1 1 0 0 2 1 1 2 1 1 0 2 2 0 2 2 1 2 1 2 1 0 1 1 2 2 1 1 0 1 0 0 2 0 2 2 0 0 0 0 2 0 0 0 1 0 0 1 0 1 1 0 0 1 2 1 0 0 0 2 2 2 -1 -2 -1 -1 0 -2 -2 0 -1 -2 -2 -2 -1 -1 -2 -1 0 -2 0 0 0 0 -1 -2 -2 0 -2 -2 -1 0 0 -2 0 -2 0 0 0 -1 -1 -1 0 0 -2 -1 -1 -2 -1 -1 0 -2 -2 0 -2 -2 -1 -2 -1 -2 -1 0 -1 -1 -2 -2 -1 -1 0 -1 0 0 -2 0 -2 -2 0 0 0 0 -2 0 0 0 -1 0 0 -1 0 -1 -1 0 0 -1 -2 -1 0 0 0 -2 -2 -2
-1.14921554481468 0.617946349682092 0.510554155301547 0.996911274449903 -1.12691927921103 1 0 1 1 2 0 2 2 1 1 2 2 2 1 1 2 0 0 2 0 0 0 0 0 0 1 0 2 2 0 0 1 2 1 1 0 0 0 0 2 2 1 1 2 2 1 2 1 1 0 2 2 0 1 2 0 1 2 2 2 0 1 1 2 2 2 1 0 1 2 1 1 0 2 2 0 2 1 1 2 1 1 0 1 0 2 1 1 0 1 1 1 1 2 0 0 1 0 1 1 1 0 1 1 2 0 2 2 1 1 2 2 2 1 1 2 0 0 2 0 0 0 0 0 0 1 0 2 2 0 0 1 2 1 1 0 0 0 0 2 2 1 1 2 2 1 2 1 1 0 2 2 0 1 2 0 1 2 2 2 0 1 1 2 2 2 1 0 1 2 1 1 0 2 2 0 2 1 1 2 1 1 0 1 0 2 1 1 0 1 1 1 1 2 0 0 1 0 1 1 1
-0.128672677389213 0.460747380932143 -0.683265265181156 -0.11878359634538 -1.13761910944064 1 2 2 1 1 0 2 0 0 1 1 2 2 1 1 2 1 0 2 0 0 0 0 0 1 2 1 2 2 1 1 2 2 0 1 0 2 1 1 2 2 0 2 2 1 1 1 1 1 0 1 0 0 0 2 0 1 1 1 0 1 2 1 2 2 2 2 0 2 2 0 2 0 1 2 0 0 0 1 1 0 1 0 0 1 2 1 0 1 2 1 1 1 2 1 0 0 1 2 1 2 2 2 1 1 0 2 0 0 1 1 2 2 1 1 2 1 0 2 0 0 0 0 0 1 2 1 2 2 1 1 2 2 0 1 0 2 1 1 2 2 0 2 2 1 1 1 1 1 0 1 0 0 0 2 0 1 1 1 0 1 2 1 2 2 2 2 0 2 2 0 2 0 1 2 0 0 0 1 1 0 1 0 0 1 2 1 0 1 2 1 1 1 2 1 0 0 1 2 1 2
0.751819684862112 -2.41740944196133 -0.155230227800427 -0.392757029019569 0.225898293296805 1 0 2 1 0 0 1 0 0 1 2 2 2 0 2 2 1 0 2 0 0 0 0 0 0 0 0 2 2 1 0 0 1 0 2 1 2 2 1 2 2 0 2 2 1 1 1 1 1 0 2 2 0 1 2 1 2 2 2 1 0 2 1 1 1 0 0 0 1 2 0 2 0 1 0 0 1 1 1 2 0 0 0 1 0 2 2 0 2 2 2 1 1 2 0 0 0 1 2 2 2 0 2 1 0 0 1 0 0 1 2 2 2 0 2 2 1 0 2 0 0 0 0 0 0 0 0 2 2 1 0 0 1 0 2 1 2 2 1 2 2 0 2 2 1 1 1 1 1 0 2 2 0 1 2 1 2 2 2 1 0 2 1 1 1 0 0 0 1 2 0 2 0 1 0 0 1 1 1 2 0 0 0 1 0 2 2 0 2 2 2 1 1 2 0 0 0 1 2 2 2
0.946695838331994 -1.12810700055218 0.459643408484105 0.530105384793562 0.620958175149088 1 1 1 0 1 0 2 0 0 0 1 0 2 0 1 2 1 0 2 0 1 0 0 1 0 1 0 2 2 0 0 0 1 0 1 0 1 0 2 2 2 0 2 2 1 1 1 0 2 0 2 2 0 0 1 0 1 2 2 2 0 0 2 2 2 1 0 0 2 1 1 1 0 1 2 0 0 0 0 2 1 1 0 1 0 1 1 0 2 1 1 1 1 2 0 0 1 1 2 2 2 1 1 0 1 0 2 0 0 0 1 0 2 0 1 2 1 0 2 0 1 0 0 1 0 1 0 2 2 0 0 0 1 0 1 0 1 0 2 2 2 0 2 2 1 1 1 0 2 0 2 2 0 0 1 0 1 2 2 2 0 0 2 2 2 1 0 0 2 1 1 1 0 1 2 0 0 0 0 2 1 1 0 1 0 1 1 0 2 1 1 1 1 2 0 0 1 1 2 2 2
-0.110891523621919 -0.570581963273996 -0.292349578740427 -0.90975330150613 0.531769227611272 1 2 2 1 0 0 1 0 0 0 1 2 2 1 2 2 2 0 2 1 2 0 1 1 0 1 1 2 1 0 0 1 2 1 0 0 1 1 0 1 0 0 1 1 0 0 1 0 0 0 2 2 0 0 2 0 1 1 2 2 0 1 2 2 2 1 1 0 2 0 0 1 0 0 1 0 1 0 0 2 0 1 0 0 1 2 1 0 1 2 2 2 2 2 0 0 1 1 1 1 1 2 2 1 0 0 1 0 0 0 1 2 2 1 2 2 2 0 2 1 2 0 1 1 0 1 1 2 1 0 0 1 2 1 0 0 1 1 0 1 0 0 1 1 0 0 1 0 0 0 2 2 0 0 2 0 1 1 2 2 0 1 2 2 2 1 1 0 2 0 0 1 0 0 1 0 1 0 0 2 0 1 0 0 1 2 1 0 1 2 2 2 2 2 0 0 1 1 1 1 1
0.294749466158846 0.128777336524617 0.365521342209074 -0.747663276346251 0.939373259284411 -1 2 2 1 1 0 2 0 0 0 1 0 2 1 1 1 1 0 2 0 0 0 0 1 1 2 1 2 2 1 1 1 2 1 2 0 0 0 2 2 2 0 1 2 0 0 2 1 1 1 2 1 0 0 2 0 1 1 1 0 1 1 1 2 1 1 1 0 1 1 0 2 0 0 0 0 0 0 0 1 0 0 0 1 1 2 2 0 2 2 1 1 1 2 0 0 1 0 1 1 1 -2 -2 -1 -1 0 -2 0 0 0 -1 0 -2 -1 -1 -1 -1 0 -2 0 0 0 0 -1 -1 -2 -1 -2 -2 -1 -1 -1 -2 -1 -2 0 0 0 -2 -2 -2 0 -1 -2 0 0 -2 -1 -1 -1 -2 -1 0 0 -2 0 -1 -1 -1 0 -1 -1 -1 -2 -1 -1 -1 0 -1 -1 0 -2 0 0 0 0 0 0 0 -1 0 0 0 -1 -1 -2 -2 0 -2 -2 -1 -1 -1 -2 0 0 -1 0 -1 -1 -1
0.230230375270868 1.90581658105296 -1.88611470178471 -0.0489181860118508 1.2878434657752 1 2 2 0 0 0 2 1 0 0 2 2 2 0 0 1 0 0 2 0 0 0 0 0 0 1 0 0 1 0 0 1 2 0 0 0 1 0 0 1 2 0 1 2 1 2 2 2 2 1 2 2 0 0 2 0 0 2 2 1 0 1 0 1 2 0 1 0 1 1 0 1 0 0 1 0 0 1 1 2 1 1 1 0 0 1 1 0 1 1 1 1 2 2 0 0 0 0 1 2 2 2 2 0 0 0 2 1 0 0 2 2 2 0 0 1 0 0 2 0 0 0 0 0 0 1 0 0 1 0 0 1 2 0 0 0 1 0 0 1 2 0 1 2 1 2 2 2 2 1 2 2 0 0 2 0 0 2 2 1 0 1 0 1 2 0 1 0 1 1 0 1 0 0 1 0 0 1 1 2 1 1 1 0 0 1 1 0 1 1 1 1 2 2 0 0 0 0 1 2 2
0.657352209420501 -0.312155156190461 -1.43285194579476 -0.142515430342637 -0.348214583472758 1 2 1 0 1 0 1 2 0 1 1 1 2 1 1 2 2 1 2 0 1 0 2 1 0 1 0 2 1 0 0 1 2 0 2 0 2 1 1 1 1 0 1 2 2 1 1 1 2 1 2 2 0 1 2 1 2 1 2 1 0 1 2 2 2 2 1 0 1 1 0 1 0 1 1 0 1 1 0 2 1 1 1 1 0 1 2 1 1 1 1 1 2 2 1 1 0 1 1 1 2 2 1 0 1 0 1 2 0 1 1 1 2 1 1 2 2 1 2 0 1 0 2 1 0 1 0 2 1 0 0 1 2 0 2 0 2 1 1 1 1 0 1 2 2 1 1 1 2 1 2 2 0 1 2 1 2 1 2 1 0 1 2 2 2 2 1 0 1 1 0 1 0 1 1 0 1 1 0 2 1 1 1 1 0 1 2 1 1 1 1 1 2 2 1 1 0 1 1 1 2
-1.48189513234687 -1.91974449243356 -1.23045497693676 -0.178479624807457 -1.36603493663269 1 1 2 1 1 0 1 0 0 1 2 1 1 0 0 2 1 0 2 0 0 0 1 0 0 1 0 2 1 0 0 1 2 0 1 0 0 1 1 2 2 1 2 2 1 1 2 1 0 0 2 2 0 1 2 2 2 2 2 1 1 2 1 2 2 2 1 0 1 1 1 2 0 1 2 1 2 1 2 2 2 2 2 2 0 2 2 0 2 2 0 0 1 2 1 1 1 1 2 1 1 1 2 1 1 0 1 0 0 1 2 1 1 0 0 2 1 0 2 0 0 0 1 0 0 1 0 2 1 0 0 1 2 0 1 0 0 1 1 2 2 1 2 2 1 1 2 1 0 0 2 2 0 1 2 2 2 2 2 1 1 2 1 2 2 2 1 0 1 1 1 2 0 1 2 1 2 1 2 2 2 2 2 2 0 2 2 0 2 2 0 0 1 2 1 1 1 1 2 1 1
-1.14782367428659 -1.49889832178902 0.562678486258914 -0.160139319154461 2.00344734169078 -1 0 1 0 0 0 1 1 1 2 2 2 2 0 0 2 2 0 2 0 1 0 1 2 1 1 0 1 2 0 0 2 2 2 0 0 1 1 2 2 2 0 1 0 0 0 2 2 1 0 2 2 0 2 2 0 1 1 1 1 1 2 2 2 2 1 2 0 1 0 0 2 0 1 0 0 0 0 0 2 0 1 2 2 1 2 2 1 2 1 0 0 1 1 0 0 0 1 0 1 2 0 -1 0 0 0 -1 -1 -1 -2 -2 -2 -2 0 0 -2 -2 0 -2 0 -1 0 -1 -2 -1 -1 0 -1 -2 0 0 -2 -2 -2 0 0 -1 -1 -2 -2 -2 0 -1 0 0 0 -2 -2 -1 0 -2 -2 0 -2 -2 0 -1 -1 -1 -1 -1 -2 -2 -2 -2 -1 -2 0 -1 0 0 -2 0 -1 0 0 0 0 0 -2 0 -1 -2 -2 -1 -2 -2 -1 -2 -1 0 0 -1 -1 0 0 0 -1 0 -1 -2
1.02123569957693 0.0337291175807787 0.341080503033133 0.365014699209875 -0.417396405207495 1 1 1 0 0 0 1 1 0 1 1 1 2 0 1 1 0 0 2 0 0 0 0 0 0 1 0 0 1 0 0 0 2 0 1 0 0 1 1 1 2 0 1 2 2 0 1 1 1 1 2 1 0 0 2 0 2 2 2 2 0 0 0 2 2 0 0 0 1 0 0 2 0 2 1 0 0 0 1 2 0 1 0 0 1 1 2 0 1 2 0 0 2 2 0 1 1 0 1 1 1 1 1 0 0 0 1 1 0 1 1 1 2 0 1 1 0 0 2 0 0 0 0 0 0 1 0 0 1 0 0 0 2 0 1 0 0 1 1 1 2 0 1 2 2 0 1 1 1 1 2 1 0 0 2 0 2 2 2 2 0 0 0 2 2 0 0 0 1 0 0 2 0 2 1 0 0 0 1 2 0 1 0 0 1 1 2 0 1 2 0 0 2 2 0 1 1 0 1 1 1
0.14904018500623 -0.634852990115944 1.1103819770115 0.794326609695528 -0.336490418911906 -1 0 1 1 1 0 2 0 0 1 1 1 2 1 2 2 2 0 2 1 2 0 0 0 0 1 0 2 2 2 0 0 0 0 1 0 2 1 1 2 2 0 2 2 2 1 1 1 0 0 2 2 0 0 2 0 1 2 1 1 1 2 2 2 2 2 1 0 2 0 1 2 0 1 2 0 2 1 1 2 1 1 1 1 1 2 2 0 1 2 1 0 1 2 0 0 0 0 1 2 1 0 -1 -1 -1 0 -2 0 0 -1 -1 -1 -2 -1 -2 -2 -2 0 -2 -1 -2 0 0 0 0 -1 0 -2 -2 -2 0 0 0 0 -1 0 -2 -1 -1 -2 -2 0 -2 -2 -2 -1 -1 -1 0 0 -2 -2 0 0 -2 0 -1 -2 -1 -1 -1 -2 -2 -2 -2 -2 -1 0 -2 0 -1 -2 0 -1 -2 0 -2 -1 -1 -2 -1 -1 -1 -1 -1 -2 -2 0 -1 -2 -1 0 -1 -2 0 0 0 0 -1 -2 -1
-0.0180835877257326 1.65465693273562 0.963828232101083 -0.778171596928019 -2.05140988114995 -1 0 1 1 1 0 2 0 0 0 1 1 2 0 0 1 1 0 2 0 1 0 1 1 0 2 0 1 1 0 0 0 2 0 1 0 0 0 1 2 2 0 2 2 2 1 2 1 1 1 2 2 1 1 2 0 1 1 2 2 0 2 2 2 2 0 1 0 1 0 0 1 0 1 1 0 2 0 1 2 0 1 0 1 0 0 0 0 1 0 0 0 1 2 0 0 1 0 0 1 1 0 -1 -1 -1 0 -2 0 0 0 -1 -1 -2 0 0 -1 -1 0 -2 0 -1 0 -1 -1 0 -2 0 -1 -1 0 0 0 -2 0 -1 0 0 0 -1 -2 -2 0 -2 -2 -2 -1 -2 -1 -1 -1 -2 -2 -1 -1 -2 0 -1 -1 -2 -2 0 -2 -2 -2 -2 0 -1 0 -1 0 0 -1 0 -1 -1 0 -2 0 -1 -2 0 -1 0 -1 0 0 0 0 -1 0 0 0 -1 -2 0 0 -1 0 0 -1 -1
-0.695252695611209 -1.58728771496788 -0.111650309486985 3.07641784176484 -0.176161156060077 1 2 2 0 0 0 2 1 0 0 1 1 2 0 0 0 0 0 2 0 0 0 1 0 1 1 1 1 2 0 0 1 2 0 1 0 2 1 2 2 2 1 2 2 1 0 2 2 1 0 2 2 0 0 2 1 2 2 1 0 0 2 2 2 2 2 2 1 2 1 1 2 0 1 2 0 2 2 2 2 0 0 0 0 0 2 1 0 1 1 0 0 2 2 0 0 1 0 0 1 1 2 2 0 0 0 2 1 0 0 1 1 2 0 0 0 0 0 2 0 0 0 1 0 1 1 1 1 2 0 0 1 2 0 1 0 2 1 2 2 2 1 2 2 1 0 2 2 1 0 2 2 0 0 2 1 2 2 1 0 0 2 2 2 2 2 2 1 2 1 1 2 0 1 2 0 2 2 2 2 0 0 0 0 0 2 1 0 1 1 0 0 2 2 0 0 1 0 0 1 1
-0.619915658501895 0.200304520393095 0.579810090661046 0.395398591353592 -0.0294236319787645 1 1 1 1 0 0 1 0 0 1 2 2 2 2 2 2 1 0 2 1 1 0 1 0 0 1 1 2 2 1 1 0 2 0 1 0 1 2 1 2 2 1 2 2 2 1 2 2 2 1 1 1 0 0 2 0 1 2 2 1 1 2 2 1 1 0 0 0 2 0 0 1 0 2 2 1 2 1 2 2 0 1 0 1 1 2 2 1 0 2 2 2 2 2 1 2 2 1 1 2 2 1 1 1 0 0 1 0 0 1 2 2 2 2 2 2 1 0 2 1 1 0 1 0 0 1 1 2 2 1 1 0 2 0 1 0 1 2 1 2 2 1 2 2 2 1 2 2 2 1 1 1 0 0 2 0 1 2 2 1 1 2 2 1 1 0 0 0 2 0 0 1 0 2 2 1 2 1 2 2 0 1 0 1 1 2 2 1 0 2 2 2 2 2 1 2 2 1 1 2 2
-1.549761437486 0.861858293040215 1.0239355499982 0.141730029017321 1.1355017967195 1 1 2 0 0 0 2 0 0 1 1 1 2 0 1 2 0 0 2 1 0 0 0 0 0 1 1 2 2 1 1 0 2 2 1 0 1 1 1 2 2 1 1 2 1 1 2 0 1 0 2 1 0 0 1 0 0 1 1 0 1 2 0 2 2 1 0 0 2 1 1 2 0 2 1 0 1 0 1 1 0 0 0 0 0 1 2 0 2 1 1 1 1 2 1 1 1 1 1 2 2 1 2 0 0 0 2 0 0 1 1 1 2 0 1 2 0 0 2 1 0 0 0 0 0 1 1 2 2 1 1 0 2 2 1 0 1 1 1 2 2 1 1 2 1 1 2 0 1 0 2 1 0 0 1 0 0 1 1 0 1 2 0 2 2 1 0 0 2 1 1 2 0 2 1 0 1 0 1 1 0 0 0 0 0 1 2 0 2 1 1 1 1 2 1 1 1 1 1 2 2
0.692678141304537 -0.192862285012967 0.743722325146605 -0.816289707640407 0.034210702128689 1 0 1 1 1 0 2 0 0 1 0 0 2 1 1 2 1 0 2 1 0 0 1 2 0 0 0 2 2 0 0 1 2 0 1 0 0 0 1 2 2 0 2 2 2 2 2 1 0 0 2 0 0 0 2 0 0 0 2 2 0 2 0 1 2 0 1 0 1 1 0 1 0 2 2 1 2 2 2 2 0 1 1 1 1 2 0 0 1 1 0 1 0 2 0 1 1 1 0 2 2 0 1 1 1 0 2 0 0 1 0 0 2 1 1 2 1 0 2 1 0 0 1 2 0 0 0 2 2 0 0 1 2 0 1 0 0 0 1 2 2 0 2 2 2 2 2 1 0 0 2 0 0 0 2 0 0 0 2 2 0 2 0 1 2 0 1 0 1 1 0 1 0 2 2 1 2 2 2 2 0 1 1 1 1 2 0 0 1 1 0 1 0 2 0 1 1 1 0 2 2
-0.0102061848136944 1.15710638978513 0.777397760088466 -1.53133206343882 0.625492989700388 1 2 2 1 1 0 2 1 0 0 2 2 2 0 1 2 1 0 2 0 0 0 0 1 0 1 0 1 1 0 0 0 2 1 2 0 2 2 1 2 2 2 2 2 2 0 0 0 0 0 2 0 0 0 1 0 1 2 2 1 1 2 2 2 2 1 1 1 1 2 0 2 1 0 1 0 1 1 1 2 2 1 0 2 1 2 2 1 1 1 0 0 1 2 1 2 1 2 2 2 2 2 2 1 1 0 2 1 0 0 2 2 2 0 1 2 1 0 2 0 0 0 0 1 0 1 0 1 1 0 0 0 2 1 2 0 2 2 1 2 2 2 2 2 2 0 0 0 0 0 2 0 0 0 1 0 1 2 2 1 1 2 2 2 2 1 1 1 1 2 0 2 1 0 1 0 1 1 1 2 2 1 0 2 1 2 2 1 1 1 0 0 1 2 1 2 1 2 2 2 2
-1.18653570036059 -2.0511501588584 -0.322598302745763 0.837186419674308 0.0374242798612963 -1 1 1 0 0 0 2 1 0 1 2 2 2 1 1 2 1 0 2 1 1 0 1 0 0 0 0 1 1 0 0 1 1 0 1 1 2 2 1 2 2 1 2 2 1 0 2 1 1 0 2 2 0 0 2 0 2 2 1 1 2 2 2 2 2 1 1 0 1 1 0 2 0 2 2 0 1 1 1 2 0 1 1 0 0 1 1 1 2 1 1 2 1 2 1 0 0 1 0 2 2 -1 -1 0 0 0 -2 -1 0 -1 -2 -2 -2 -1 -1 -2 -1 0 -2 -1 -1 0 -1 0 0 0 0 -1 -1 0 0 -1 -1 0 -1 -1 -2 -2 -1 -2 -2 -1 -2 -2 -1 0 -2 -1 -1 0 -2 -2 0 0 -2 0 -2 -2 -1 -1 -2 -2 -2 -2 -2 -1 -1 0 -1 -1 0 -2 0 -2 -2 0 -1 -1 -1 -2 0 -1 -1 0 0 -1 -1 -1 -2 -1 -1 -2 -1 -2 -1 0 0 -1 0 -2 -2
-0.592484970671826 -1.85864605676037 0.184230870212444 0.208101216330877 -0.076114473425816 1 1 1 1 1 0 2 0 0 2 2 2 2 2 2 2 0 0 2 1 2 0 0 0 0 0 0 1 2 0 0 0 2 0 1 0 0 1 1 2 2 1 2 1 0 0 0 2 2 1 2 1 0 1 2 0 0 2 2 1 0 2 2 2 2 1 0 0 2 1 0 1 0 1 1 0 0 0 1 2 0 0 0 1 1 0 0 0 2 2 1 1 1 2 1 1 1 0 1 2 2 1 1 1 1 0 2 0 0 2 2 2 2 2 2 2 0 0 2 1 2 0 0 0 0 0 0 1 2 0 0 0 2 0 1 0 0 1 1 2 2 1 2 1 0 0 0 2 2 1 2 1 0 1 2 0 0 2 2 1 0 2 2 2 2 1 0 0 2 1 0 1 0 1 1 0 0 0 1 2 0 0 0 1 1 0 0 0 2 2 1 1 1 2 1 1 1 0 1 2 2
-1.33804314115029 -0.870327935150779 1.07719129642038 0.111905926922759 0.8022438297299 1 0 0 0 0 0 2 1 0 0 1 1 2 1 2 2 0 0 2 1 1 0 1 1 0 2 2 2 2 0 1 0 2 0 0 0 0 1 2 1 1 1 2 2 2 0 1 1 0 1 2 1 0 0 2 0 1 2 2 2 1 2 1 2 2 2 2 0 1 0 0 1 0 2 2 1 1 2 2 2 0 1 0 0 0 1 1 1 2 2 0 2 1 2 1 2 1 2 2 2 2 0 0 0 0 0 2 1 0 0 1 1 2 1 2 2 0 0 2 1 1 0 1 1 0 2 2 2 2 0 1 0 2 0 0 0 0 1 2 1 1 1 2 2 2 0 1 1 0 1 2 1 0 0 2 0 1 2 2 2 1 2 1 2 2 2 2 0 1 0 0 1 0 2 2 1 1 2 2 2 0 1 0 0 0 1 1 1 2 2 0 2 1 2 1 2 1 2 2 2 2
1.18493080988728 -0.266032544044271 -1.14260673903271 -0.228022845439318 0.198525789744351 -1 0 1 0 0 0 2 0 0 0 1 2 2 2 2 2 1 0 2 0 1 0 1 1 1 2 1 2 2 0 0 1 2 0 1 0 1 0 1 2 2 0 2 2 2 2 2 1 1 0 2 1 0 1 2 0 2 2 2 2 0 1 1 2 1 0 0 0 2 1 1 2 0 0 1 0 1 0 1 2 1 1 2 2 1 2 2 0 0 0 0 0 0 1 1 1 0 0 2 2 2 0 -1 0 0 0 -2 0 0 0 -1 -2 -2 -2 -2 -2 -1 0 -2 0 -1 0 -1 -1 -1 -2 -1 -2 -2 0 0 -1 -2 0 -1 0 -1 0 -1 -2 -2 0 -2 -2 -2 -2 -2 -1 -1 0 -2 -1 0 -1 -2 0 -2 -2 -2 -2 0 -1 -1 -2 -1 0 0 0 -2 -1 -1 -2 0 0 -1 0 -1 0 -1 -2 -1 -1 -2 -2 -1 -2 -2 0 0 0 0 0 0 -1 -1 -1 0 0 -2 -2 -2
0.735339386870964 0.765087027024933 1.79135962942241 1.30712362539296 -1.87190731842111 -1 1 1 1 0 0 1 0 1 1 2 0 2 0 0 2 0 0 2 0 0 0 1 1 0 1 1 2 2 0 0 0 1 0 1 0 1 0 1 2 2 0 1 2 1 0 2 1 1 1 2 2 0 0 1 0 0 1 2 1 1 2 2 2 2 1 1 0 2 2 1 2 0 1 1 0 1 0 1 2 0 1 1 0 0 1 1 0 2 2 1 1 2 2 0 1 0 0 2 0 1 -1 -1 -1 0 0 -1 0 -1 -1 -2 0 -2 0 0 -2 0 0 -2 0 0 0 -1 -1 0 -1 -1 -2 -2 0 0 0 -1 0 -1 0 -1 0 -1 -2 -2 0 -1 -2 -1 0 -2 -1 -1 -1 -2 -2 0 0 -1 0 0 -1 -2 -1 -1 -2 -2 -2 -2 -1 -1 0 -2 -2 -1 -2 0 -1 -1 0 -1 0 -1 -2 0 -1 -1 0 0 -1 -1 0 -2 -2 -1 -1 -2 -2 0 -1 0 0 -2 0 -1
1.20446811358352 -1.35304188996084 0.332115641386885 -0.254098914885701 1.67179119887867 1 1 2 0 1 0 2 1 0 1 2 1 2 1 1 2 1 0 2 1 1 0 1 0 0 0 0 2 2 0 1 1 2 0 2 0 1 1 1 2 2 0 1 1 1 0 1 1 0 0 2 2 0 1 2 0 1 2 2 2 0 1 0 2 1 1 0 0 1 1 0 2 0 1 1 0 1 0 0 2 0 1 1 0 0 2 1 0 2 2 1 0 1 2 1 1 0 0 0 0 2 1 2 0 1 0 2 1 0 1 2 1 2 1 1 2 1 0 2 1 1 0 1 0 0 0 0 2 2 0 1 1 2 0 2 0 1 1 1 2 2 0 1 1 1 0 1 1 0 0 2 2 0 1 2 0 1 2 2 2 0 1 0 2 1 1 0 0 1 1 0 2 0 1 1 0 1 0 0 2 0 1 1 0 0 2 1 0 2 2 1 0 1 2 1 1 0 0 0 0 2
-0.0743048772769585 -1.39995953558891 1.5508146236939 1.25189401935447 -0.403127656578759 -1 1 1 0 0 0 2 1 0 1 1 0 1 0 1 1 0 0 2 0 1 0 0 1 1 1 0 1 2 1 0 1 2 0 0 0 1 0 0 2 2 0 2 2 1 0 0 0 1 0 2 1 0 0 2 0 1 2 2 2 0 1 1 2 2 1 0 0 1 0 0 2 0 2 2 0 1 0 0 2 1 1 2 2 2 2 2 1 2 2 1 1 1 2 0 0 0 0 0 2 2 -1 -1 0 0 0 -2 -1 0 -1 -1 0 -1 0 -1 -1 0 0 -2 0 -1 0 0 -1 -1 -1 0 -1 -2 -1 0 -1 -2 0 0 0 -1 0 0 -2 -2 0 -2 -2 -1 0 0 0 -1 0 -2 -1 0 0 -2 0 -1 -2 -2 -2 0 -1 -1 -2 -2 -1 0 0 -1 0 0 -2 0 -2 -2 0 -1 0 0 -2 -1 -1 -2 -2 -2 -2 -2 -1 -2 -2 -1 -1 -1 -2 0 0 0 0 0 -2 -2
0.976912270120573 0.194443754508437 -1.51676922450019 2.10257605653803 0.80103433668625 1 1 1 0 0 0 2 1 0 0 0 1 2 0 1 1 0 0 2 0 0 0 0 1 0 0 1 2 2 0 1 2 2 1 1 0 1 0 0 2 2 1 2 2 1 1 1 2 2 1 2 2 1 1 2 0 1 1 1 0 0 1 2 2 2 1 0 0 2 2 1 1 0 1 2 0 2 2 1 2 0 1 2 0 0 1 0 0 2 2 2 1 1 2 2 2 2 2 1 2 2 1 1 0 0 0 2 1 0 0 0 1 2 0 1 1 0 0 2 0 0 0 0 1 0 0 1 2 2 0 1 2 2 1 1 0 1 0 0 2 2 1 2 2 1 1 1 2 2 1 2 2 1 1 2 0 1 1 1 0 0 1 2 2 2 1 0 0 2 2 1 1 0 1 2 0 2 2 1 2 0 1 2 0 0 1 0 0 2 2 2 1 1 2 2 2 2 2 1 2 2
-1.70810903947156 -0.392255441637591 -1.62581813149715 1.15699773523026 -0.938466814081 -1 1 1 0 0 0 2 0 0 0 0 1 2 0 1 1 2 0 2 1 1 0 1 1 2 2 0 2 2 1 1 1 1 1 1 0 1 1 1 2 2 1 2 2 1 0 1 1 1 1 2 2 0 2 2 1 2 2 2 1 0 2 2 2 2 1 1 0 2 2 0 1 0 1 1 0 0 0 0 2 1 0 1 2 1 2 2 1 2 2 1 1 1 2 0 1 0 0 0 1 2 -1 -1 0 0 0 -2 0 0 0 0 -1 -2 0 -1 -1 -2 0 -2 -1 -1 0 -1 -1 -2 -2 0 -2 -2 -1 -1 -1 -1 -1 -1 0 -1 -1 -1 -2 -2 -1 -2 -2 -1 0 -1 -1 -1 -1 -2 -2 0 -2 -2 -1 -2 -2 -2 -1 0 -2 -2 -2 -2 -1 -1 0 -2 -2 0 -1 0 -1 -1 0 0 0 0 -2 -1 0 -1 -2 -1 -2 -2 -1 -2 -2 -1 -1 -1 -2 0 -1 0 0 0 -1 -2
-0.393639612981135 1.09705829940158 0.448740815008827 -1.60217382109006 0.0208960713222759 -1 0 0 0 0 0 2 1 0 1 2 1 2 0 1 2 0 0 2 1 0 0 0 1 1 1 0 2 2 0 0 0 2 1 1 0 0 0 0 2 2 0 1 0 1 0 0 2 2 1 1 1 1 2 2 1 2 2 2 1 0 2 2 2 2 2 2 0 1 0 0 1 0 0 1 0 0 0 1 2 0 0 2 1 1 1 1 0 1 2 1 1 1 2 1 1 1 0 1 2 2 0 0 0 0 0 -2 -1 0 -1 -2 -1 -2 0 -1 -2 0 0 -2 -1 0 0 0 -1 -1 -1 0 -2 -2 0 0 0 -2 -1 -1 0 0 0 0 -2 -2 0 -1 0 -1 0 0 -2 -2 -1 -1 -1 -1 -2 -2 -1 -2 -2 -2 -1 0 -2 -2 -2 -2 -2 -2 0 -1 0 0 -1 0 0 -1 0 0 0 -1 -2 0 0 -2 -1 -1 -1 -1 0 -1 -2 -1 -1 -1 -2 -1 -1 -1 0 -1 -2 -2
-0.70814507040932 0.362185516517466 -0.531816984743071 -0.122288117592696 0.50358688314053 -1 1 1 0 0 1 1 0 0 0 2 1 1 0 1 1 0 0 1 0 0 0 1 0 0 1 0 2 2 0 0 0 2 0 1 0 1 0 1 0 1 0 1 2 2 0 0 2 1 1 2 1 0 0 1 0 1 2 2 1 0 2 1 2 2 1 1 0 1 0 1 2 0 1 2 0 0 0 0 2 0 0 1 2 2 1 1 0 2 2 1 1 1 2 1 0 0 1 1 1 2 -1 -1 0 0 -1 -1 0 0 0 -2 -1 -1 0 -1 -1 0 0 -1 0 0 0 -1 0 0 -1 0 -2 -2 0 0 0 -2 0 -1 0 -1 0 -1 0 -1 0 -1 -2 -2 0 0 -2 -1 -1 -2 -1 0 0 -1 0 -1 -2 -2 -1 0 -2 -1 -2 -2 -1 -1 0 -1 0 -1 -2 0 -1 -2 0 0 0 0 -2 0 0 -1 -2 -2 -1 -1 0 -2 -2 -1 -1 -1 -2 -1 0 0 -1 -1 -1 -2
-0.530279348544671 -0.201567109826178 2.5677538812986 -0.326509431531352 -1.23476563452478 1 0 0 0 0 0 2 0 0 0 1 1 2 1 2 2 1 0 2 0 1 1 1 1 0 0 0 2 2 0 0 1 2 1 0 0 0 1 2 2 2 0 1 2 2 2 2 2 1 0 2 2 1 0 2 1 1 1 2 2 1 2 2 2 2 1 1 0 1 0 0 2 0 0 1 0 0 0 2 2 0 0 0 0 1 2 0 0 2 2 2 2 2 2 0 0 0 0 0 2 2 0 0 0 0 0 2 0 0 0 1 1 2 1 2 2 1 0 2 0 1 1 1 1 0 0 0 2 2 0 0 1 2 1 0 0 0 1 2 2 2 0 1 2 2 2 2 2 1 0 2 2 1 0 2 1 1 1 2 2 1 2 2 2 2 1 1 0 1 0 0 2 0 0 1 0 0 0 2 2 0 0 0 0 1 2 0 0 2 2 2 2 2 2 0 0 0 0 0 2 2
-0.346563114919274 1.40135197338251 1.66807300114006 -0.273685947411729 0.307671138756844 -1 0 2 1 0 0 2 0 0 0 1 1 2 1 1 1 1 0 2 1 1 0 0 2 1 2 1 2 1 0 0 1 2 1 0 0 1 1 1 1 1 0 2 2 1 0 1 2 2 0 1 1 0 0 2 0 1 2 2 0 1 2 2 2 2 1 0 0 1 1 0 2 0 2 2 0 0 0 2 2 0 0 0 1 1 1 0 1 2 2 2 2 1 2 1 0 1 0 1 2 2 0 -2 -1 0 0 -2 0 0 0 -1 -1 -2 -1 -1 -1 -1 0 -2 -1 -1 0 0 -2 -1 -2 -1 -2 -1 0 0 -1 -2 -1 0 0 -1 -1 -1 -1 -1 0 -2 -2 -1 0 -1 -2 -2 0 -1 -1 0 0 -2 0 -1 -2 -2 0 -1 -2 -2 -2 -2 -1 0 0 -1 -1 0 -2 0 -2 -2 0 0 0 -2 -2 0 0 0 -1 -1 -1 0 -1 -2 -2 -2 -2 -1 -2 -1 0 -1 0 -1 -2 -2
1.20941291565206 -1.096638367188 -0.306852096888066 0.124553044062661 -0.790919828470564 1 0 1 0 1 0 2 1 0 1 1 1 2 0 0 2 1 0 2 0 1 0 1 0 0 2 0 2 2 0 0 1 2 0 1 0 1 1 1 2 2 0 2 2 2 1 2 2 1 0 2 1 0 1 2 0 0 2 2 2 0 1 1 2 2 1 0 1 1 1 1 2 0 2 2 1 2 2 2 2 0 0 2 0 1 2 2 1 1 2 1 1 0 2 0 0 1 1 2 2 2 0 1 0 1 0 2 1 0 1 1 1 2 0 0 2 1 0 2 0 1 0 1 0 0 2 0 2 2 0 0 1 2 0 1 0 1 1 1 2 2 0 2 2 2 1 2 2 1 0 2 1 0 1 2 0 0 2 2 2 0 1 1 2 2 1 0 1 1 1 1 2 0 2 2 1 2 2 2 2 0 0 2 0 1 2 2 1 1 2 1 1 0 2 0 0 1 1 2 2 2
0.536868147747245 0.677176920010263 2.1077779630909 -3.63655776997725 0.975844836185717 -1 1 2 1 0 0 1 0 0 1 1 1 2 1 1 1 0 0 2 1 0 0 1 1 2 1 1 2 2 1 0 0 2 0 1 0 2 1 0 1 2 0 1 1 0 0 2 1 0 0 2 2 0 0 2 0 0 2 2 1 0 1 1 2 2 0 0 0 1 0 0 2 0 2 2 0 2 1 2 2 0 1 1 2 2 2 2 0 1 1 0 0 1 1 0 0 1 1 0 1 2 -1 -2 -1 0 0 -1 0 0 -1 -1 -1 -2 -1 -1 -1 0 0 -2 -1 0 0 -1 -1 -2 -1 -1 -2 -2 -1 0 0 -2 0 -1 0 -2 -1 0 -1 -2 0 -1 -1 0 0 -2 -1 0 0 -2 -2 0 0 -2 0 0 -2 -2 -1 0 -1 -1 -2 -2 0 0 0 -1 0 0 -2 0 -2 -2 0 -2 -1 -2 -2 0 -1 -1 -2 -2 -2 -2 0 -1 -1 0 0 -1 -1 0 0 -1 -1 0 -1 -2
1.14764986765293 1.54027601773823 0.235966358070414 -1.06483850535508 3.74089157176595 1 1 0 0 0 0 2 1 0 2 2 2 2 0 1 2 1 0 2 1 0 0 2 2 0 1 0 1 1 0 0 1 2 1 1 1 2 2 0 1 1 0 2 2 1 1 2 1 1 0 2 1 0 1 2 0 2 2 2 2 0 2 1 2 2 1 0 0 2 1 1 2 0 2 2 0 1 0 0 1 0 0 1 1 2 2 0 1 1 1 1 1 0 2 0 0 0 0 1 2 2 1 0 0 0 0 2 1 0 2 2 2 2 0 1 2 1 0 2 1 0 0 2 2 0 1 0 1 1 0 0 1 2 1 1 1 2 2 0 1 1 0 2 2 1 1 2 1 1 0 2 1 0 1 2 0 2 2 2 2 0 2 1 2 2 1 0 0 2 1 1 2 0 2 2 0 1 0 0 1 0 0 1 1 2 2 0 1 1 1 1 1 0 2 0 0 0 0 1 2 2
0.731797008751366 -1.02812108273849 -1.63759653701103 -1.21503291733437 0.795438935064733 1 1 2 2 2 1 2 0 0 1 1 2 2 0 1 2 0 0 2 1 0 0 2 2 1 0 0 1 2 0 0 1 2 1 0 0 0 0 0 0 1 0 1 2 1 0 1 1 1 2 2 2 0 1 2 0 1 1 1 1 2 2 2 2 2 2 2 1 2 1 0 1 0 1 1 0 0 1 2 2 2 2 2 1 2 2 2 1 1 2 1 1 1 2 1 0 1 1 1 2 2 1 2 2 2 1 2 0 0 1 1 2 2 0 1 2 0 0 2 1 0 0 2 2 1 0 0 1 2 0 0 1 2 1 0 0 0 0 0 0 1 0 1 2 1 0 1 1 1 2 2 2 0 1 2 0 1 1 1 1 2 2 2 2 2 2 2 1 2 1 0 1 0 1 1 0 0 1 2 2 2 2 2 1 2 2 2 1 1 2 1 1 1 2 1 0 1 1 1 2 2
-1.8967602645431 -0.247369252083082 1.42223653859321 0.63937999886387 0.878788801467513 1 2 2 2 0 0 2 1 0 0 1 1 2 1 1 1 1 0 2 2 2 0 1 1 0 1 0 2 2 0 0 1 2 1 1 0 0 0 0 0 2 0 0 1 1 0 1 1 0 0 2 1 0 0 2 0 1 2 2 0 0 1 0 2 2 2 1 1 2 1 0 2 0 1 1 0 0 1 2 2 0 0 1 0 0 1 2 0 1 2 1 0 0 1 0 0 1 1 1 1 2 2 2 2 0 0 2 1 0 0 1 1 2 1 1 1 1 0 2 2 2 0 1 1 0 1 0 2 2 0 0 1 2 1 1 0 0 0 0 0 2 0 0 1 1 0 1 1 0 0 2 1 0 0 2 0 1 2 2 0 0 1 0 2 2 2 1 1 2 1 0 2 0 1 1 0 0 1 2 2 0 0 1 0 0 1 2 0 1 2 1 0 0 1 0 0 1 1 1 1 2
-1.08893564949922 -0.0240553487604225 2.0548227931052 -0.126204337680866 -0.354798975881581 1 1 2 1 0 0 2 1 0 1 1 2 2 0 1 2 1 0 2 0 0 0 1 1 0 1 0 2 0 0 0 0 2 0 1 0 1 0 1 1 2 1 1 2 0 0 2 1 1 0 2 2 0 1 2 0 1 2 2 2 0 0 1 1 2 1 0 0 2 1 0 1 0 1 2 0 1 0 0 1 1 1 2 1 0 2 2 0 2 2 0 0 0 1 1 1 1 1 1 2 2 1 2 1 0 0 2 1 0 1 1 2 2 0 1 2 1 0 2 0 0 0 1 1 0 1 0 2 0 0 0 0 2 0 1 0 1 0 1 1 2 1 1 2 0 0 2 1 1 0 2 2 0 1 2 0 1 2 2 2 0 0 1 1 2 1 0 0 2 1 0 1 0 1 2 0 1 0 0 1 1 1 2 1 0 2 2 0 2 2 0 0 0 1 1 1 1 1 1 2 2
-0.501822720762785 -0.179754181719543 -0.930455588299203 -1.07949435897833 -0.819030479137528 -1 0 2 0 2 1 2 0 0 0 0 1 2 0 1 2 1 0 2 1 0 0 0 1 0 2 1 2 2 1 1 1 2 0 0 0 0 0 1 2 2 1 1 1 0 0 0 0 0 0 2 2 0 0 2 0 2 2 2 1 1 1 1 2 2 1 2 1 2 2 2 2 1 1 1 0 1 0 0 2 1 2 1 0 1 2 2 0 0 1 1 1 2 2 0 0 0 1 2 2 2 0 -2 0 -2 -1 -2 0 0 0 0 -1 -2 0 -1 -2 -1 0 -2 -1 0 0 0 -1 0 -2 -1 -2 -2 -1 -1 -1 -2 0 0 0 0 0 -1 -2 -2 -1 -1 -1 0 0 0 0 0 0 -2 -2 0 0 -2 0 -2 -2 -2 -1 -1 -1 -1 -2 -2 -1 -2 -1 -2 -2 -2 -2 -1 -1 -1 0 -1 0 0 -2 -1 -2 -1 0 -1 -2 -2 0 0 -1 -1 -1 -2 -2 0 0 0 -1 -2 -2 -2
2.3128344756016 0.198027279126838 0.624596458019497 -0.374960087826439 -0.143609269665083 1 1 2 0 0 0 2 0 0 1 1 0 2 0 1 2 1 0 2 1 1 0 1 2 2 1 1 2 1 0 2 1 2 1 2 1 2 1 1 2 2 1 1 2 2 1 1 1 1 0 2 2 0 2 2 0 0 0 2 0 1 1 1 2 2 1 1 0 1 1 1 2 1 0 1 0 1 1 2 2 0 1 0 1 1 2 2 0 2 2 0 1 2 2 1 1 1 0 0 2 2 1 2 0 0 0 2 0 0 1 1 0 2 0 1 2 1 0 2 1 1 0 1 2 2 1 1 2 1 0 2 1 2 1 2 1 2 1 1 2 2 1 1 2 2 1 1 1 1 0 2 2 0 2 2 0 0 0 2 0 1 1 1 2 2 1 1 0 1 1 1 2 1 0 1 0 1 1 2 2 0 1 0 1 1 2 2 0 2 2 0 1 2 2 1 1 1 0 0 2 2
-0.582226496100753 -1.2715083192647 -0.563671661131054 0.902476693075191 -0.0994138777454856 1 2 2 1 1 0 2 1 0 1 1 2 2 1 1 2 0 0 2 0 1 0 1 1 0 0 0 2 0 0 0 0 1 0 2 0 1 1 1 0 1 0 1 2 1 0 1 1 0 0 2 2 0 0 1 0 0 2 2 2 1 2 1 2 2 1 1 0 1 2 1 2 0 2 2 0 0 0 1 2 0 1 0 1 0 1 2 1 1 2 1 1 1 2 0 0 1 0 1 2 1 2 2 1 1 0 2 1 0 1 1 2 2 1 1 2 0 0 2 0 1 0 1 1 0 0 0 2 0 0 0 0 1 0 2 0 1 1 1 0 1 0 1 2 1 0 1 1 0 0 2 2 0 0 1 0 0 2 2 2 1 2 1 2 2 1 1 0 1 2 1 2 0 2 2 0 0 0 1 2 0 1 0 1 0 1 2 1 1 2 1 1 1 2 0 0 1 0 1 2 1
0.0789882888428603 0.172920821754225 0.098081066992718 0.00416894577893299 1.5843569900696 -1 1 2 0 0 0 2 0 0 0 1 1 2 2 1 1 0 0 2 0 0 0 2 0 0 1 1 2 2 0 0 0 2 0 2 0 1 0 1 2 2 1 2 2 2 1 2 2 2 1 1 1 0 1 2 1 2 2 2 2 0 2 2 2 2 1 1 0 2 1 2 2 0 0 1 0 1 1 2 2 0 2 2 1 0 2 2 0 0 0 0 0 1 1 0 0 0 0 0 2 2 -1 -2 0 0 0 -2 0 0 0 -1 -1 -2 -2 -1 -1 0 0 -2 0 0 0 -2 0 0 -1 -1 -2 -2 0 0 0 -2 0 -2 0 -1 0 -1 -2 -2 -1 -2 -2 -2 -1 -2 -2 -2 -1 -1 -1 0 -1 -2 -1 -2 -2 -2 -2 0 -2 -2 -2 -2 -1 -1 0 -2 -1 -2 -2 0 0 -1 0 -1 -1 -2 -2 0 -2 -2 -1 0 -2 -2 0 0 0 0 0 -1 -1 0 0 0 0 0 -2 -2
0.0803585534269638 0.480581864723617 -0.866050764127183 -0.488341662554199 -1.23473210666362 -1 0 1 1 0 0 2 0 0 0 0 0 2 0 0 2 1 0 2 2 1 0 1 1 1 1 0 2 2 0 0 2 2 1 1 0 1 1 0 1 2 0 0 1 1 0 1 2 1 0 2 2 0 0 2 0 1 1 2 1 1 2 2 2 2 0 1 0 1 0 0 1 0 0 1 0 0 1 2 2 0 0 1 1 1 2 2 1 2 2 0 0 1 2 0 1 1 0 1 2 1 0 -1 -1 0 0 -2 0 0 0 0 0 -2 0 0 -2 -1 0 -2 -2 -1 0 -1 -1 -1 -1 0 -2 -2 0 0 -2 -2 -1 -1 0 -1 -1 0 -1 -2 0 0 -1 -1 0 -1 -2 -1 0 -2 -2 0 0 -2 0 -1 -1 -2 -1 -1 -2 -2 -2 -2 0 -1 0 -1 0 0 -1 0 0 -1 0 0 -1 -2 -2 0 0 -1 -1 -1 -2 -2 -1 -2 -2 0 0 -1 -2 0 -1 -1 0 -1 -2 -1
0.122130416329987 0.30901172323413 0.738788137531871 0.653843093624173 0.413373332104847 -1 0 1 0 0 0 2 1 0 0 2 2 2 1 0 1 1 0 2 1 1 0 1 2 1 1 1 2 1 0 0 0 2 1 1 0 0 1 2 2 2 1 1 2 0 0 1 2 2 1 2 1 0 0 2 0 1 1 2 1 1 1 1 2 2 2 1 1 2 1 0 1 0 0 1 0 1 0 0 2 2 1 0 1 1 2 1 0 2 2 2 1 1 2 0 1 0 2 2 2 2 0 -1 0 0 0 -2 -1 0 0 -2 -2 -2 -1 0 -1 -1 0 -2 -1 -1 0 -1 -2 -1 -1 -1 -2 -1 0 0 0 -2 -1 -1 0 0 -1 -2 -2 -2 -1 -1 -2 0 0 -1 -2 -2 -1 -2 -1 0 0 -2 0 -1 -1 -2 -1 -1 -1 -1 -2 -2 -2 -1 -1 -2 -1 0 -1 0 0 -1 0 -1 0 0 -2 -2 -1 0 -1 -1 -2 -1 0 -2 -2 -2 -1 -1 -2 0 -1 0 -2 -2 -2 -2
0.0449650272791952 -0.8231494691458 -0.307340112159081 -0.335887604277166 -0.52458726020907 -1 1 2 1 0 0 2 0 0 0 0 1 2 1 1 1 1 0 2 0 0 0 1 2 1 1 1 2 1 1 1 1 2 1 1 0 1 1 1 2 1 0 1 1 1 0 1 1 0 0 1 0 0 0 2 0 1 2 2 1 1 2 2 2 2 1 0 0 1 0 0 2 0 0 1 0 1 1 0 2 0 0 0 1 0 2 2 1 1 2 2 1 0 2 0 0 1 1 1 1 1 -1 -2 -1 0 0 -2 0 0 0 0 -1 -2 -1 -1 -1 -1 0 -2 0 0 0 -1 -2 -1 -1 -1 -2 -1 -1 -1 -1 -2 -1 -1 0 -1 -1 -1 -2 -1 0 -1 -1 -1 0 -1 -1 0 0 -1 0 0 0 -2 0 -1 -2 -2 -1 -1 -2 -2 -2 -2 -1 0 0 -1 0 0 -2 0 0 -1 0 -1 -1 0 -2 0 0 0 -1 0 -2 -2 -1 -1 -2 -2 -1 0 -2 0 0 -1 -1 -1 -1 -1
-1.59171383823798 0.311151026877815 -0.660058747156282 0.0462490533055025 -0.76467446083292 -1 2 2 1 0 0 0 1 0 1 2 1 2 1 1 2 0 0 2 0 0 0 2 2 0 2 1 2 2 1 1 0 2 1 1 0 1 0 0 2 2 0 1 2 0 0 0 0 0 0 2 0 0 1 2 0 1 2 2 2 1 2 2 2 2 1 0 0 1 2 0 1 0 1 1 0 0 0 2 2 1 0 0 1 1 1 1 0 2 2 1 1 1 2 0 0 0 0 1 2 2 -2 -2 -1 0 0 0 -1 0 -1 -2 -1 -2 -1 -1 -2 0 0 -2 0 0 0 -2 -2 0 -2 -1 -2 -2 -1 -1 0 -2 -1 -1 0 -1 0 0 -2 -2 0 -1 -2 0 0 0 0 0 0 -2 0 0 -1 -2 0 -1 -2 -2 -2 -1 -2 -2 -2 -2 -1 0 0 -1 -2 0 -1 0 -1 -1 0 0 0 -2 -2 -1 0 0 -1 -1 -1 -1 0 -2 -2 -1 -1 -1 -2 0 0 0 0 -1 -2 -2
-2.00932500142297 0.142143621930843 0.635891727635135 -0.674264733194581 0.969590627923694 1 2 2 1 1 1 2 1 0 1 1 1 2 1 1 2 1 0 2 0 0 0 1 1 1 2 1 2 2 0 0 1 2 0 0 0 0 0 2 1 2 1 1 1 1 0 2 1 0 0 1 2 0 0 2 1 1 2 2 1 1 2 2 2 2 1 0 0 1 0 0 1 0 1 1 0 1 1 1 2 0 1 2 1 1 2 2 1 2 1 0 1 1 2 2 0 0 0 2 1 1 2 2 1 1 1 2 1 0 1 1 1 2 1 1 2 1 0 2 0 0 0 1 1 1 2 1 2 2 0 0 1 2 0 0 0 0 0 2 1 2 1 1 1 1 0 2 1 0 0 1 2 0 0 2 1 1 2 2 1 1 2 2 2 2 1 0 0 1 0 0 1 0 1 1 0 1 1 1 2 0 1 2 1 1 2 2 1 2 1 0 1 1 2 2 0 0 0 2 1 1
-0.466324047613949 0.305504715315915 1.2213794182436 2.12315243901748 0.511478015686925 1 1 2 0 0 0 1 0 0 0 0 0 2 0 1 2 1 0 2 0 0 0 0 1 0 1 0 2 1 0 0 1 2 0 2 0 1 1 1 1 1 0 1 2 2 0 2 1 1 1 2 0 0 1 2 1 2 2 2 1 0 1 2 2 2 1 1 0 1 2 1 2 0 1 1 0 0 0 1 2 0 1 0 0 1 2 2 0 1 2 1 2 2 2 0 1 0 0 1 2 2 1 2 0 0 0 1 0 0 0 0 0 2 0 1 2 1 0 2 0 0 0 0 1 0 1 0 2 1 0 0 1 2 0 2 0 1 1 1 1 1 0 1 2 2 0 2 1 1 1 2 0 0 1 2 1 2 2 2 1 0 1 2 2 2 1 1 0 1 2 1 2 0 1 1 0 0 0 1 2 0 1 0 0 1 2 2 0 1 2 1 2 2 2 0 1 0 0 1 2 2
-0.381751428300805 0.897390050851029 -0.153935913959898 -1.17069443111335 -1.8972668811277 1 2 1 0 0 0 2 1 0 1 1 1 2 0 1 2 1 0 2 0 1 0 1 1 0 1 1 2 2 1 0 0 1 1 1 0 1 1 1 2 2 1 1 2 2 1 1 1 1 0 2 2 0 1 2 0 1 2 2 2 0 2 2 2 2 2 1 0 2 2 1 1 0 1 1 0 1 0 1 2 1 1 0 0 0 2 1 0 2 2 0 0 1 2 1 0 1 1 0 1 1 2 1 0 0 0 2 1 0 1 1 1 2 0 1 2 1 0 2 0 1 0 1 1 0 1 1 2 2 1 0 0 1 1 1 0 1 1 1 2 2 1 1 2 2 1 1 1 1 0 2 2 0 1 2 0 1 2 2 2 0 2 2 2 2 2 1 0 2 2 1 1 0 1 1 0 1 0 1 2 1 1 0 0 0 2 1 0 2 2 0 0 1 2 1 0 1 1 0 1 1
0.715077546281452 0.770062499814901 -0.129300068035632 0.0958742236776296 0.414971619887036 1 0 0 0 0 0 2 0 0 1 1 2 2 0 1 1 0 0 2 1 0 0 1 1 1 1 0 2 2 1 1 1 2 0 0 0 0 1 1 1 1 0 1 2 1 0 0 0 0 0 2 1 0 0 1 0 1 2 2 2 0 0 0 2 2 0 1 0 1 0 0 1 0 1 1 0 1 1 0 2 0 1 0 0 2 2 2 0 1 0 0 1 2 2 0 0 0 1 2 2 2 0 0 0 0 0 2 0 0 1 1 2 2 0 1 1 0 0 2 1 0 0 1 1 1 1 0 2 2 1 1 1 2 0 0 0 0 1 1 1 1 0 1 2 1 0 0 0 0 0 2 1 0 0 1 0 1 2 2 2 0 0 0 2 2 0 1 0 1 0 0 1 0 1 1 0 1 1 0 2 0 1 0 0 2 2 2 0 1 0 0 1 2 2 0 0 0 1 2 2 2
1.44763941148805 1.04511837904043 0.0538309743278587 -0.23706954199661 2.29037539029255 -1 2 1 0 0 0 2 0 0 1 2 2 2 0 0 2 1 0 2 1 0 0 0 1 0 1 0 2 2 1 1 1 2 0 1 0 1 1 0 1 2 0 2 2 2 0 1 1 1 1 2 1 0 2 2 1 2 2 2 2 1 2 1 2 2 1 1 0 0 0 0 2 0 1 2 0 1 1 1 2 2 2 1 1 0 2 2 1 2 1 1 2 2 2 1 0 0 1 2 2 2 -2 -1 0 0 0 -2 0 0 -1 -2 -2 -2 0 0 -2 -1 0 -2 -1 0 0 0 -1 0 -1 0 -2 -2 -1 -1 -1 -2 0 -1 0 -1 -1 0 -1 -2 0 -2 -2 -2 0 -1 -1 -1 -1 -2 -1 0 -2 -2 -1 -2 -2 -2 -2 -1 -2 -1 -2 -2 -1 -1 0 0 0 0 -2 0 -1 -2 0 -1 -1 -1 -2 -2 -2 -1 -1 0 -2 -2 -1 -2 -1 -1 -2 -2 -2 -1 0 0 -1 -2 -2 -2
0.780356659817239 0.437553676440996 0.0305935991471154 -0.739601310882362 0.462242048871634 1 2 1 0 0 0 1 0 0 0 1 2 2 1 1 2 0 0 2 1 1 0 1 0 1 2 2 2 2 1 0 2 2 1 1 0 0 0 1 1 2 1 1 2 1 0 1 1 0 0 2 2 0 1 2 0 1 1 1 1 0 2 1 2 2 1 1 0 2 1 2 2 0 0 0 0 0 0 1 1 1 2 2 1 0 2 1 0 2 1 0 0 1 2 0 0 0 0 1 2 2 2 1 0 0 0 1 0 0 0 1 2 2 1 1 2 0 0 2 1 1 0 1 0 1 2 2 2 2 1 0 2 2 1 1 0 0 0 1 1 2 1 1 2 1 0 1 1 0 0 2 2 0 1 2 0 1 1 1 1 0 2 1 2 2 1 1 0 2 1 2 2 0 0 0 0 0 0 1 1 1 2 2 1 0 2 1 0 2 1 0 0 1 2 0 0 0 0 1 2 2
-0.978607262752595 -0.128744456105374 0.178424955368788 -0.190371549153041 -1.34627885540063 -1 0 1 0 1 0 1 0 0 1 2 1 2 0 1 2 1 0 2 0 1 0 2 2 1 2 1 2 2 1 2 1 2 2 1 0 1 1 2 2 2 0 1 2 1 0 0 1 2 1 2 2 0 1 2 0 1 1 2 1 0 0 0 1 2 0 0 0 0 0 0 2 0 1 2 0 0 0 0 2 0 0 2 2 2 2 2 0 1 2 1 1 1 2 0 1 0 0 0 1 2 0 -1 0 -1 0 -1 0 0 -1 -2 -1 -2 0 -1 -2 -1 0 -2 0 -1 0 -2 -2 -1 -2 -1 -2 -2 -1 -2 -1 -2 -2 -1 0 -1 -1 -2 -2 -2 0 -1 -2 -1 0 0 -1 -2 -1 -2 -2 0 -1 -2 0 -1 -1 -2 -1 0 0 0 -1 -2 0 0 0 0 0 0 -2 0 -1 -2 0 0 0 0 -2 0 0 -2 -2 -2 -2 -2 0 -1 -2 -1 -1 -1 -2 0 -1 0 0 0 -1 -2
0.00173098371558058 0.0266673667547595 1.10059347940956 -3.0027272800408 -1.26344321569035 1 1 1 1 1 0 2 0 0 0 1 1 2 1 0 2 2 0 2 1 1 0 2 2 0 1 1 2 2 1 0 0 2 0 2 1 1 0 2 2 2 0 1 2 2 0 1 1 1 1 2 1 0 0 2 0 1 2 2 2 0 1 1 1 1 0 0 0 1 1 0 2 0 1 1 0 1 0 0 2 0 1 0 0 0 2 2 1 1 1 1 0 1 2 1 1 1 1 1 2 2 1 1 1 1 0 2 0 0 0 1 1 2 1 0 2 2 0 2 1 1 0 2 2 0 1 1 2 2 1 0 0 2 0 2 1 1 0 2 2 2 0 1 2 2 0 1 1 1 1 2 1 0 0 2 0 1 2 2 2 0 1 1 1 1 0 0 0 1 1 0 2 0 1 1 0 1 0 0 2 0 1 0 0 0 2 2 1 1 1 1 0 1 2 1 1 1 1 1 2 2
1.10921637133227 -0.168324282294193 0.198778995247361 -0.651898590724971 -0.440467084762339 -1 1 2 0 0 0 1 0 0 1 1 1 2 1 0 1 1 0 2 0 0 0 2 2 1 2 1 1 1 0 0 0 2 0 1 0 0 1 1 2 2 1 2 1 2 0 2 2 1 0 1 1 0 0 2 0 1 0 1 1 1 1 2 2 2 1 1 0 1 0 0 2 0 1 2 0 0 0 2 2 1 1 0 0 0 2 2 0 2 2 0 0 2 2 0 1 0 0 0 0 2 -1 -2 0 0 0 -1 0 0 -1 -1 -1 -2 -1 0 -1 -1 0 -2 0 0 0 -2 -2 -1 -2 -1 -1 -1 0 0 0 -2 0 -1 0 0 -1 -1 -2 -2 -1 -2 -1 -2 0 -2 -2 -1 0 -1 -1 0 0 -2 0 -1 0 -1 -1 -1 -1 -2 -2 -2 -1 -1 0 -1 0 0 -2 0 -1 -2 0 0 0 -2 -2 -1 -1 0 0 0 -2 -2 0 -2 -2 0 0 -2 -2 0 -1 0 0 0 0 -2
-0.0389031384815686 -1.54407522108974 0.0570765051576354 -1.59802024470756 -0.0149231039993168 -1 1 2 1 1 0 2 1 0 0 2 0 2 0 1 2 0 0 2 2 2 0 2 2 1 2 0 1 1 0 1 2 2 0 0 0 1 0 1 0 2 1 1 2 0 0 1 2 2 1 2 2 1 2 2 0 1 1 2 0 1 2 1 2 2 0 0 0 1 0 0 1 0 1 2 0 1 0 2 2 0 0 0 0 0 1 1 0 2 2 1 1 2 2 1 0 0 0 0 0 1 -1 -2 -1 -1 0 -2 -1 0 0 -2 0 -2 0 -1 -2 0 0 -2 -2 -2 0 -2 -2 -1 -2 0 -1 -1 0 -1 -2 -2 0 0 0 -1 0 -1 0 -2 -1 -1 -2 0 0 -1 -2 -2 -1 -2 -2 -1 -2 -2 0 -1 -1 -2 0 -1 -2 -1 -2 -2 0 0 0 -1 0 0 -1 0 -1 -2 0 -1 0 -2 -2 0 0 0 0 0 -1 -1 0 -2 -2 -1 -1 -2 -2 -1 0 0 0 0 0 -1
0.49365717904157 -0.149602082252975 0.984278902577046 0.246297408922979 -2.16741328495696 1 0 2 1 0 0 2 0 0 0 1 1 2 0 0 2 1 0 2 0 0 0 1 1 0 1 0 1 1 0 0 0 1 0 1 0 2 1 1 2 2 0 2 2 1 0 1 1 1 1 2 1 0 0 1 0 0 1 2 1 0 1 1 2 2 1 2 0 1 1 0 0 0 0 2 0 0 0 2 2 0 1 1 1 1 1 0 0 1 2 1 0 1 1 0 1 1 0 2 2 2 0 2 1 0 0 2 0 0 0 1 1 2 0 0 2 1 0 2 0 0 0 1 1 0 1 0 1 1 0 0 0 1 0 1 0 2 1 1 2 2 0 2 2 1 0 1 1 1 1 2 1 0 0 1 0 0 1 2 1 0 1 1 2 2 1 2 0 1 1 0 0 0 0 2 0 0 0 2 2 0 1 1 1 1 1 0 0 1 2 1 0 1 1 0 1 1 0 2 2 2
