-0.904326312995633 0.492464207491042 0.415864552392231 -0.0548504137399398 0.172183663143689 1 0 1 2 1 2 2 2 0 1 1 0 2 2 0 2 1 2 2 0 0 2 1 0 1 1 1 1 1 0 0 1 2 1 2 2 2 2 0 0 1 0 0 0 1 2 0 2 1 0 0 1 1 0 1 0 1 1 1 2 2 0 2 2 1 1 1 2 0 0 1 0 0 1 2 0 1 0 1 2 1 1 0 0 0 1 1 1 0 0 0 2 2 1 2 2 0 0 1 2 0 0 1 2 1 2 2 2 0 1 1 0 2 2 0 2 1 2 2 0 0 2 1 0 1 1 1 1 1 0 0 1 2 1 2 2 2 2 0 0 1 0 0 0 1 2 0 2 1 0 0 1 1 0 1 0 1 1 1 2 2 0 2 2 1 1 1 2 0 0 1 0 0 1 2 0 1 0 1 2 1 1 0 0 0 1 1 1 0 0 0 2 2 1 2 2 0 0 1 2 0
0.312357805331412 -1.19145064706806 0.020194396563716 -0.152103547981637 -0.523370487865635 -1 2 1 2 2 1 2 2 2 2 1 0 2 2 0 2 0 1 2 1 0 2 1 1 1 2 2 0 0 1 0 2 2 0 1 1 1 1 0 2 1 0 1 1 1 2 2 2 1 0 0 1 2 0 1 0 0 0 0 1 2 1 2 2 2 2 1 2 0 1 2 2 1 2 2 2 2 1 2 2 1 2 1 1 1 1 1 2 1 0 0 2 2 2 2 1 0 1 1 0 0 -2 -1 -2 -2 -1 -2 -2 -2 -2 -1 0 -2 -2 0 -2 0 -1 -2 -1 0 -2 -1 -1 -1 -2 -2 0 0 -1 0 -2 -2 0 -1 -1 -1 -1 0 -2 -1 0 -1 -1 -1 -2 -2 -2 -1 0 0 -1 -2 0 -1 0 0 0 0 -1 -2 -1 -2 -2 -2 -2 -1 -2 0 -1 -2 -2 -1 -2 -2 -2 -2 -1 -2 -2 -1 -2 -1 -1 -1 -1 -1 -2 -1 0 0 -2 -2 -2 -2 -1 0 -1 -1 0 0
-0.737250398357254 0.367964129982689 -1.08811108633303 0.357695693705317 0.798747358632919 1 0 0 0 0 1 1 2 0 0 0 0 0 2 0 2 0 1 1 0 0 1 0 0 1 1 0 0 1 1 0 2 2 1 1 2 0 1 0 0 1 0 0 0 0 0 0 1 1 0 2 2 2 0 0 1 0 0 1 1 2 0 2 2 2 2 2 2 0 0 1 0 0 1 0 0 2 1 1 1 1 0 0 0 0 0 1 2 2 1 1 1 1 1 1 2 1 1 2 1 0 0 0 0 0 1 1 2 0 0 0 0 0 2 0 2 0 1 1 0 0 1 0 0 1 1 0 0 1 1 0 2 2 1 1 2 0 1 0 0 1 0 0 0 0 0 0 1 1 0 2 2 2 0 0 1 0 0 1 1 2 0 2 2 2 2 2 2 0 0 1 0 0 1 0 0 2 1 1 1 1 0 0 0 0 0 1 2 2 1 1 1 1 1 1 2 1 1 2 1 0
0.688466264519417 0.529875350035249 -0.0109926171792447 0.957368071972524 1.21636928953784 -1 0 0 0 1 2 1 2 0 0 0 0 2 2 0 2 0 1 2 0 0 2 1 0 1 1 0 0 1 0 0 1 1 1 1 1 1 2 0 2 2 0 0 2 0 1 1 2 1 0 2 0 2 1 2 0 0 0 0 0 2 0 2 2 1 2 1 2 0 0 2 1 0 1 1 1 1 0 2 2 1 2 0 1 1 1 1 2 2 2 2 1 0 0 2 2 0 0 1 1 0 0 0 0 -1 -2 -1 -2 0 0 0 0 -2 -2 0 -2 0 -1 -2 0 0 -2 -1 0 -1 -1 0 0 -1 0 0 -1 -1 -1 -1 -1 -1 -2 0 -2 -2 0 0 -2 0 -1 -1 -2 -1 0 -2 0 -2 -1 -2 0 0 0 0 0 -2 0 -2 -2 -1 -2 -1 -2 0 0 -2 -1 0 -1 -1 -1 -1 0 -2 -2 -1 -2 0 -1 -1 -1 -1 -2 -2 -2 -2 -1 0 0 -2 -2 0 0 -1 -1 0
-0.320246132840915 -0.344407892908611 0.347651032776533 -1.45243262975123 -0.761320020172636 1 1 0 0 1 1 1 1 0 0 0 0 1 2 0 2 2 1 2 0 0 1 0 0 1 2 0 0 1 0 0 2 2 1 1 1 1 1 0 0 0 0 0 1 1 1 0 1 1 0 1 0 1 0 0 2 0 0 1 2 2 0 2 2 1 2 2 2 0 0 0 1 0 2 2 0 2 1 2 2 2 2 0 0 0 2 2 2 1 1 2 1 1 2 2 2 1 1 2 2 0 1 0 0 1 1 1 1 0 0 0 0 1 2 0 2 2 1 2 0 0 1 0 0 1 2 0 0 1 0 0 2 2 1 1 1 1 1 0 0 0 0 0 1 1 1 0 1 1 0 1 0 1 0 0 2 0 0 1 2 2 0 2 2 1 2 2 2 0 0 0 1 0 2 2 0 2 1 2 2 2 2 0 0 0 2 2 2 1 1 2 1 1 2 2 2 1 1 2 2 0
-1.17155023436557 1.01144679163626 -1.79779948707359 -1.22261917680264 0.55851901297211 -1 1 0 0 0 2 2 2 0 1 1 0 2 2 1 2 1 0 2 0 0 1 1 0 0 1 1 1 1 1 0 2 2 2 1 2 0 1 0 0 1 0 1 1 1 1 1 2 1 0 2 2 2 1 1 0 0 0 0 2 2 0 2 2 2 2 2 2 0 1 2 0 0 0 0 0 2 2 2 2 1 2 1 1 1 1 1 2 2 2 0 1 2 2 2 2 0 1 1 1 0 -1 0 0 0 -2 -2 -2 0 -1 -1 0 -2 -2 -1 -2 -1 0 -2 0 0 -1 -1 0 0 -1 -1 -1 -1 -1 0 -2 -2 -2 -1 -2 0 -1 0 0 -1 0 -1 -1 -1 -1 -1 -2 -1 0 -2 -2 -2 -1 -1 0 0 0 0 -2 -2 0 -2 -2 -2 -2 -2 -2 0 -1 -2 0 0 0 0 0 -2 -2 -2 -2 -1 -2 -1 -1 -1 -1 -1 -2 -2 -2 0 -1 -2 -2 -2 -2 0 -1 -1 -1 0
-0.918955626535876 -0.147258865980234 -0.134337168718627 -0.151573770536523 -0.737299459195322 1 1 0 0 2 2 2 2 1 1 0 0 0 2 0 1 1 0 1 0 0 1 0 0 2 2 2 1 0 0 0 1 2 2 1 0 0 0 0 0 0 0 1 1 0 2 1 1 2 0 1 1 1 0 0 1 0 0 0 0 1 0 2 2 2 2 1 2 0 0 2 2 0 2 2 2 2 0 1 1 2 2 1 1 1 0 0 2 2 2 2 1 1 1 1 2 0 1 1 2 1 1 0 0 2 2 2 2 1 1 0 0 0 2 0 1 1 0 1 0 0 1 0 0 2 2 2 1 0 0 0 1 2 2 1 0 0 0 0 0 0 0 1 1 0 2 1 1 2 0 1 1 1 0 0 1 0 0 0 0 1 0 2 2 2 2 1 2 0 0 2 2 0 2 2 2 2 0 1 1 2 2 1 1 1 0 0 2 2 2 2 1 1 1 1 2 0 1 1 2 1
0.730315366847021 0.334081419698844 -0.724754705602239 -0.766505895286408 0.548647710545869 1 0 1 1 1 1 2 2 0 0 1 1 1 2 1 2 1 1 2 1 0 2 1 0 1 1 1 1 1 2 0 2 2 0 0 1 0 1 0 0 0 0 1 1 2 2 1 2 2 0 1 2 2 1 1 0 0 0 0 1 2 1 2 2 2 2 1 2 0 0 2 2 1 2 2 1 2 1 2 2 2 1 0 0 1 1 1 2 2 2 1 2 2 1 1 2 0 0 0 0 0 0 1 1 1 1 2 2 0 0 1 1 1 2 1 2 1 1 2 1 0 2 1 0 1 1 1 1 1 2 0 2 2 0 0 1 0 1 0 0 0 0 1 1 2 2 1 2 2 0 1 2 2 1 1 0 0 0 0 1 2 1 2 2 2 2 1 2 0 0 2 2 1 2 2 1 2 1 2 2 2 1 0 0 1 1 1 2 2 2 1 2 2 1 1 2 0 0 0 0 0
-0.368738103758308 0.636414690501593 -0.0579102309778186 -0.216416769739294 0.0136408650239606 1 0 0 0 2 2 2 2 0 1 2 0 2 2 0 1 0 1 2 0 0 1 1 0 0 1 0 0 0 0 0 1 2 2 2 1 1 1 0 0 0 0 0 0 1 1 1 1 1 0 2 1 2 0 1 1 0 0 1 2 1 0 2 2 2 2 1 2 0 1 2 1 1 2 2 1 2 1 2 0 2 2 0 0 0 1 1 2 2 2 1 0 1 0 2 1 0 1 1 0 0 0 0 0 2 2 2 2 0 1 2 0 2 2 0 1 0 1 2 0 0 1 1 0 0 1 0 0 0 0 0 1 2 2 2 1 1 1 0 0 0 0 0 0 1 1 1 1 1 0 2 1 2 0 1 1 0 0 1 2 1 0 2 2 2 2 1 2 0 1 2 1 1 2 2 1 2 1 2 0 2 2 0 0 0 1 1 2 2 2 1 0 1 0 2 1 0 1 1 0 0
2.57552083350509 -0.0110598067718879 -0.782754474170447 0.114782851026548 -1.68692317513487 1 1 0 1 1 2 2 2 1 2 2 0 1 2 0 2 1 2 2 0 0 1 1 0 2 2 2 1 0 0 0 1 2 2 2 0 2 2 0 2 2 0 0 0 1 2 0 2 1 0 0 1 2 0 0 0 0 0 1 2 2 1 2 2 2 2 2 2 0 1 2 2 0 1 2 1 1 0 1 1 1 1 0 0 0 1 1 1 2 2 1 2 2 0 1 1 0 0 1 0 0 1 0 1 1 2 2 2 1 2 2 0 1 2 0 2 1 2 2 0 0 1 1 0 2 2 2 1 0 0 0 1 2 2 2 0 2 2 0 2 2 0 0 0 1 2 0 2 1 0 0 1 2 0 0 0 0 0 1 2 2 1 2 2 2 2 2 2 0 1 2 2 0 1 2 1 1 0 1 1 1 1 0 0 0 1 1 1 2 2 1 2 2 0 1 1 0 0 1 0 0
-1.76636290062357 0.635489599157953 -1.17623621480508 -0.307064980673774 1.52567498300373 1 1 0 1 1 2 2 2 1 2 1 1 2 2 0 1 0 0 1 0 0 1 1 0 0 0 0 0 0 1 0 2 2 2 2 1 1 2 0 0 0 0 1 1 1 1 1 2 1 1 0 1 2 0 1 1 0 0 2 1 2 1 2 1 1 1 1 2 0 1 1 0 0 2 2 2 2 1 2 2 1 2 0 1 0 0 0 1 2 1 0 2 2 2 2 2 1 1 1 0 0 1 0 1 1 2 2 2 1 2 1 1 2 2 0 1 0 0 1 0 0 1 1 0 0 0 0 0 0 1 0 2 2 2 2 1 1 2 0 0 0 0 1 1 1 1 1 2 1 1 0 1 2 0 1 1 0 0 2 1 2 1 2 1 1 1 1 2 0 1 1 0 0 2 2 2 2 1 2 2 1 2 0 1 0 0 0 1 2 1 0 2 2 2 2 2 1 1 1 0 0
-1.13202456674204 -1.39952544697181 -0.42989755183482 -0.641224976872538 0.386195561426339 -1 1 1 1 2 1 1 1 0 1 0 0 2 2 0 1 0 2 2 0 0 2 1 0 2 2 0 0 1 2 1 2 2 0 2 0 0 0 0 0 1 0 0 0 0 2 1 1 1 1 2 2 2 1 1 2 0 0 1 2 1 0 2 2 1 1 1 2 0 1 2 0 0 1 2 1 2 1 2 1 1 2 0 1 1 1 1 1 1 2 2 2 1 1 2 2 1 1 1 1 0 -1 -1 -1 -2 -1 -1 -1 0 -1 0 0 -2 -2 0 -1 0 -2 -2 0 0 -2 -1 0 -2 -2 0 0 -1 -2 -1 -2 -2 0 -2 0 0 0 0 0 -1 0 0 0 0 -2 -1 -1 -1 -1 -2 -2 -2 -1 -1 -2 0 0 -1 -2 -1 0 -2 -2 -1 -1 -1 -2 0 -1 -2 0 0 -1 -2 -1 -2 -1 -2 -1 -1 -2 0 -1 -1 -1 -1 -1 -1 -2 -2 -2 -1 -1 -2 -2 -1 -1 -1 -1 0
-1.97369833823174 -1.08349659606813 0.428514130236575 -0.774085005267751 0.437740733244929 1 1 1 0 1 1 1 2 1 2 1 0 2 2 1 2 2 1 1 1 1 2 1 0 0 1 1 1 0 0 0 2 2 1 1 0 0 1 0 0 0 0 1 0 1 2 1 1 1 0 2 0 1 0 2 1 0 0 1 2 1 0 2 2 2 2 2 2 0 0 2 1 0 1 0 0 1 0 2 1 1 1 0 1 0 2 1 2 1 2 2 1 2 1 2 2 1 1 1 1 1 1 1 0 1 1 1 2 1 2 1 0 2 2 1 2 2 1 1 1 1 2 1 0 0 1 1 1 0 0 0 2 2 1 1 0 0 1 0 0 0 0 1 0 1 2 1 1 1 0 2 0 1 0 2 1 0 0 1 2 1 0 2 2 2 2 2 2 0 0 2 1 0 1 0 0 1 0 2 1 1 1 0 1 0 2 1 2 1 2 2 1 2 1 2 2 1 1 1 1 1
0.188628491856101 0.709053008497111 1.10353699603598 0.987554092844532 1.11883292612241 -1 1 1 0 1 1 2 2 0 1 1 0 1 2 0 2 0 2 2 0 0 0 0 1 2 2 2 2 1 0 0 1 2 1 2 0 0 1 0 1 0 1 1 1 1 2 1 1 1 0 0 0 1 1 2 1 0 1 2 1 2 0 2 2 1 2 2 2 1 2 2 2 0 1 1 1 2 2 2 2 2 2 1 1 1 2 0 0 2 1 1 1 2 1 2 2 0 1 2 2 2 -1 -1 0 -1 -1 -2 -2 0 -1 -1 0 -1 -2 0 -2 0 -2 -2 0 0 0 0 -1 -2 -2 -2 -2 -1 0 0 -1 -2 -1 -2 0 0 -1 0 -1 0 -1 -1 -1 -1 -2 -1 -1 -1 0 0 0 -1 -1 -2 -1 0 -1 -2 -1 -2 0 -2 -2 -1 -2 -2 -2 -1 -2 -2 -2 0 -1 -1 -1 -2 -2 -2 -2 -2 -2 -1 -1 -1 -2 0 0 -2 -1 -1 -1 -2 -1 -2 -2 0 -1 -2 -2 -2
-0.602460564967267 0.436131802542969 -0.150849484049928 1.03740630215534 -0.549224483600338 -1 1 0 1 2 2 2 2 0 1 0 0 2 2 0 2 2 2 1 0 0 1 0 0 0 1 0 0 1 0 0 2 2 1 2 0 0 1 0 0 0 0 0 1 2 2 1 1 0 0 2 2 2 0 1 1 0 1 2 1 2 0 2 1 1 2 2 2 0 1 2 2 1 2 1 0 1 1 2 2 1 2 0 0 0 0 0 2 2 2 1 1 1 1 1 2 0 0 0 2 1 -1 0 -1 -2 -2 -2 -2 0 -1 0 0 -2 -2 0 -2 -2 -2 -1 0 0 -1 0 0 0 -1 0 0 -1 0 0 -2 -2 -1 -2 0 0 -1 0 0 0 0 0 -1 -2 -2 -1 -1 0 0 -2 -2 -2 0 -1 -1 0 -1 -2 -1 -2 0 -2 -1 -1 -2 -2 -2 0 -1 -2 -2 -1 -2 -1 0 -1 -1 -2 -2 -1 -2 0 0 0 0 0 -2 -2 -2 -1 -1 -1 -1 -1 -2 0 0 0 -2 -1
-0.688010408474917 -1.28567985920855 0.0969373860074914 -1.93641581672828 1.30046414353523 -1 1 1 1 1 2 2 2 0 2 2 1 2 2 0 2 0 1 1 0 0 1 0 0 0 1 1 1 0 0 0 1 2 1 2 1 2 2 0 0 0 0 0 0 0 1 2 1 1 0 1 0 1 0 1 1 0 0 1 0 1 0 2 2 2 2 1 2 1 1 2 2 0 2 2 0 2 1 2 1 0 1 0 0 0 0 0 2 1 2 1 1 1 2 2 2 0 0 1 1 1 -1 -1 -1 -1 -2 -2 -2 0 -2 -2 -1 -2 -2 0 -2 0 -1 -1 0 0 -1 0 0 0 -1 -1 -1 0 0 0 -1 -2 -1 -2 -1 -2 -2 0 0 0 0 0 0 0 -1 -2 -1 -1 0 -1 0 -1 0 -1 -1 0 0 -1 0 -1 0 -2 -2 -2 -2 -1 -2 -1 -1 -2 -2 0 -2 -2 0 -2 -1 -2 -1 0 -1 0 0 0 0 0 -2 -1 -2 -1 -1 -1 -2 -2 -2 0 0 -1 -1 -1
0.159820451726997 0.537522643978159 -0.890728274858954 -0.153351824402233 -0.310744008921905 -1 0 0 0 1 1 1 2 0 1 0 0 2 2 1 2 1 1 1 0 0 0 0 0 0 1 1 1 0 0 0 1 2 0 1 2 2 2 0 1 0 0 0 0 0 2 1 1 0 0 2 1 2 1 2 2 0 0 1 2 2 1 1 2 2 2 2 2 1 1 2 1 0 2 1 1 2 0 0 2 2 2 1 1 0 0 0 1 2 2 0 2 2 2 2 2 1 2 2 0 0 0 0 0 -1 -1 -1 -2 0 -1 0 0 -2 -2 -1 -2 -1 -1 -1 0 0 0 0 0 0 -1 -1 -1 0 0 0 -1 -2 0 -1 -2 -2 -2 0 -1 0 0 0 0 0 -2 -1 -1 0 0 -2 -1 -2 -1 -2 -2 0 0 -1 -2 -2 -1 -1 -2 -2 -2 -2 -2 -1 -1 -2 -1 0 -2 -1 -1 -2 0 0 -2 -2 -2 -1 -1 0 0 0 -1 -2 -2 0 -2 -2 -2 -2 -2 -1 -2 -2 0 0
0.820117305139447 0.0602979959859411 0.461256345070342 0.425060997888982 0.131137354669928 -1 0 0 0 0 1 1 2 0 1 0 0 1 2 0 1 1 1 1 0 0 1 1 0 2 1 1 0 1 1 0 1 2 0 1 1 1 2 0 0 0 0 1 1 1 2 2 2 1 0 1 2 1 1 2 1 0 1 1 2 2 0 2 1 1 2 1 2 0 1 1 0 0 1 1 1 2 1 2 2 2 2 0 0 0 1 0 1 2 2 2 1 2 1 2 2 0 0 1 1 0 0 0 0 0 -1 -1 -2 0 -1 0 0 -1 -2 0 -1 -1 -1 -1 0 0 -1 -1 0 -2 -1 -1 0 -1 -1 0 -1 -2 0 -1 -1 -1 -2 0 0 0 0 -1 -1 -1 -2 -2 -2 -1 0 -1 -2 -1 -1 -2 -1 0 -1 -1 -2 -2 0 -2 -1 -1 -2 -1 -2 0 -1 -1 0 0 -1 -1 -1 -2 -1 -2 -2 -2 -2 0 0 0 -1 0 -1 -2 -2 -2 -1 -2 -1 -2 -2 0 0 -1 -1 0
-0.521875221733635 -0.969409273041078 1.61868823046548 1.30370165929231 -0.794648239074912 -1 2 1 1 0 1 2 2 1 2 0 0 1 2 1 2 2 1 2 1 1 1 0 0 1 2 2 1 0 2 1 2 2 2 2 1 1 1 0 0 0 0 1 1 2 2 2 2 1 0 1 2 2 1 2 1 0 0 0 1 1 0 2 1 1 1 1 2 0 0 1 1 0 0 1 1 2 1 2 2 1 1 0 0 0 1 1 2 2 2 1 1 2 1 2 2 2 2 2 1 0 -2 -1 -1 0 -1 -2 -2 -1 -2 0 0 -1 -2 -1 -2 -2 -1 -2 -1 -1 -1 0 0 -1 -2 -2 -1 0 -2 -1 -2 -2 -2 -2 -1 -1 -1 0 0 0 0 -1 -1 -2 -2 -2 -2 -1 0 -1 -2 -2 -1 -2 -1 0 0 0 -1 -1 0 -2 -1 -1 -1 -1 -2 0 0 -1 -1 0 0 -1 -1 -2 -1 -2 -2 -1 -1 0 0 0 -1 -1 -2 -2 -2 -1 -1 -2 -1 -2 -2 -2 -2 -2 -1 0
0.598368459624864 -0.992191537612643 0.318513969040987 -0.106408927890184 -1.39910403006647 1 1 1 1 2 1 2 2 1 1 1 0 2 2 0 2 1 1 2 1 0 2 2 0 1 2 2 1 1 1 0 1 2 2 2 1 0 1 0 0 0 0 0 1 2 1 0 1 0 1 1 1 2 1 1 2 0 1 1 2 2 0 2 1 1 2 2 2 0 1 2 1 0 2 2 1 2 0 2 2 1 1 0 1 1 2 1 1 1 0 0 1 1 1 2 2 0 1 1 0 0 1 1 1 2 1 2 2 1 1 1 0 2 2 0 2 1 1 2 1 0 2 2 0 1 2 2 1 1 1 0 1 2 2 2 1 0 1 0 0 0 0 0 1 2 1 0 1 0 1 1 1 2 1 1 2 0 1 1 2 2 0 2 1 1 2 2 2 0 1 2 1 0 2 2 1 2 0 2 2 1 1 0 1 1 2 1 1 1 0 0 1 1 1 2 2 0 1 1 0 0
-0.99127302884309 -0.123312479407089 0.494876999039837 0.423437282998785 0.234199220556508 -1 0 0 0 1 2 1 2 1 2 0 0 2 2 0 2 1 2 2 0 1 1 0 0 1 2 0 0 0 1 0 1 2 2 2 2 1 1 0 1 0 0 0 1 1 1 1 2 1 0 0 0 1 0 2 1 0 1 2 2 1 0 2 2 2 1 1 2 1 1 2 1 0 1 1 0 1 1 2 1 2 1 0 0 0 2 0 1 2 2 1 2 2 2 1 2 1 1 2 1 2 0 0 0 -1 -2 -1 -2 -1 -2 0 0 -2 -2 0 -2 -1 -2 -2 0 -1 -1 0 0 -1 -2 0 0 0 -1 0 -1 -2 -2 -2 -2 -1 -1 0 -1 0 0 0 -1 -1 -1 -1 -2 -1 0 0 0 -1 0 -2 -1 0 -1 -2 -2 -1 0 -2 -2 -2 -1 -1 -2 -1 -1 -2 -1 0 -1 -1 0 -1 -1 -2 -1 -2 -1 0 0 0 -2 0 -1 -2 -2 -1 -2 -2 -2 -1 -2 -1 -1 -2 -1 -2
-0.20055560225516 0.709859730572731 -2.9311945849266 -1.19691894029451 -0.645291123984866 -1 1 1 0 1 1 2 2 0 2 2 0 1 2 0 2 1 2 2 0 0 1 0 1 2 2 2 1 0 0 0 1 2 2 2 0 0 2 0 0 1 0 0 1 1 1 0 1 0 0 2 1 1 0 1 0 0 0 2 2 1 0 2 2 2 2 2 2 1 1 2 1 1 2 1 1 2 1 2 1 2 2 0 0 0 1 1 2 2 1 1 1 1 2 2 2 0 1 1 1 0 -1 -1 0 -1 -1 -2 -2 0 -2 -2 0 -1 -2 0 -2 -1 -2 -2 0 0 -1 0 -1 -2 -2 -2 -1 0 0 0 -1 -2 -2 -2 0 0 -2 0 0 -1 0 0 -1 -1 -1 0 -1 0 0 -2 -1 -1 0 -1 0 0 0 -2 -2 -1 0 -2 -2 -2 -2 -2 -2 -1 -1 -2 -1 -1 -2 -1 -1 -2 -1 -2 -1 -2 -2 0 0 0 -1 -1 -2 -2 -1 -1 -1 -1 -2 -2 -2 0 -1 -1 -1 0
0.561847041517131 -1.9111001844865 -0.448445431490152 -1.3267444800142 1.88309069377458 1 2 1 0 0 0 1 2 0 1 0 0 2 2 0 2 0 2 2 0 0 1 1 0 0 1 2 1 0 0 0 1 1 0 0 1 2 1 0 0 0 0 0 0 0 2 0 1 0 0 2 2 2 1 1 1 0 0 2 2 2 0 2 2 1 0 1 2 0 1 2 1 0 2 2 1 1 0 0 1 1 2 0 0 0 0 0 1 1 2 2 0 1 0 2 2 0 1 2 0 1 2 1 0 0 0 1 2 0 1 0 0 2 2 0 2 0 2 2 0 0 1 1 0 0 1 2 1 0 0 0 1 1 0 0 1 2 1 0 0 0 0 0 0 0 2 0 1 0 0 2 2 2 1 1 1 0 0 2 2 2 0 2 2 1 0 1 2 0 1 2 1 0 2 2 1 1 0 0 1 1 2 0 0 0 0 0 1 1 2 2 0 1 0 2 2 0 1 2 0 1
-0.0978779514915667 -0.569564060295255 -0.797238484465749 -0.145837585845935 1.88702858365401 1 1 2 1 0 1 1 2 0 2 0 0 0 2 0 2 2 1 0 0 0 1 0 0 0 0 1 1 1 0 0 1 2 2 1 0 2 0 0 0 0 0 1 0 1 2 1 1 1 0 2 2 2 0 1 1 0 0 2 2 1 0 2 2 1 2 2 2 0 0 1 0 0 2 2 1 2 2 2 2 2 2 1 1 1 1 2 1 2 1 1 2 2 2 2 2 0 0 1 0 1 1 2 1 0 1 1 2 0 2 0 0 0 2 0 2 2 1 0 0 0 1 0 0 0 0 1 1 1 0 0 1 2 2 1 0 2 0 0 0 0 0 1 0 1 2 1 1 1 0 2 2 2 0 1 1 0 0 2 2 1 0 2 2 1 2 2 2 0 0 1 0 0 2 2 1 2 2 2 2 2 2 1 1 1 1 2 1 2 1 1 2 2 2 2 2 0 0 1 0 1
-1.41113838323401 0.104017612281705 -1.67073971266345 0.016944888866087 0.985018671135229 -1 1 0 1 2 1 1 2 1 1 2 0 2 2 0 2 0 2 2 1 0 2 1 0 1 2 1 1 0 1 1 2 2 1 2 0 0 1 0 1 0 0 0 0 1 1 0 2 2 0 2 1 1 0 0 2 0 0 1 2 2 1 2 2 1 2 1 2 0 0 1 0 2 2 2 2 2 1 1 2 1 2 1 0 0 1 0 1 1 1 0 1 1 1 2 2 0 1 2 1 1 -1 0 -1 -2 -1 -1 -2 -1 -1 -2 0 -2 -2 0 -2 0 -2 -2 -1 0 -2 -1 0 -1 -2 -1 -1 0 -1 -1 -2 -2 -1 -2 0 0 -1 0 -1 0 0 0 0 -1 -1 0 -2 -2 0 -2 -1 -1 0 0 -2 0 0 -1 -2 -2 -1 -2 -2 -1 -2 -1 -2 0 0 -1 0 -2 -2 -2 -2 -2 -1 -1 -2 -1 -2 -1 0 0 -1 0 -1 -1 -1 0 -1 -1 -1 -2 -2 0 -1 -2 -1 -1
-0.653913662211913 -0.32160523297561 0.776232215416915 0.425173444111377 -1.77785857555538 -1 0 0 0 0 1 2 2 2 1 1 0 2 2 1 2 1 1 2 0 0 1 0 0 1 2 2 0 1 0 1 2 2 2 1 0 0 2 0 0 0 0 0 0 2 2 2 2 1 0 2 2 2 0 0 1 0 0 1 2 2 1 2 2 1 2 1 2 0 0 0 0 1 2 2 1 2 2 2 2 2 2 0 1 0 1 0 1 2 2 0 0 2 1 1 1 0 0 2 2 1 0 0 0 0 -1 -2 -2 -2 -1 -1 0 -2 -2 -1 -2 -1 -1 -2 0 0 -1 0 0 -1 -2 -2 0 -1 0 -1 -2 -2 -2 -1 0 0 -2 0 0 0 0 0 0 -2 -2 -2 -2 -1 0 -2 -2 -2 0 0 -1 0 0 -1 -2 -2 -1 -2 -2 -1 -2 -1 -2 0 0 0 0 -1 -2 -2 -1 -2 -2 -2 -2 -2 -2 0 -1 0 -1 0 -1 -2 -2 0 0 -2 -1 -1 -1 0 0 -2 -2 -1
0.322299931685451 -0.907060118964216 0.758528925400223 -0.798898229195713 -0.248221226367793 1 1 0 1 2 2 2 2 0 1 0 0 0 2 0 2 0 2 2 0 0 1 0 0 1 1 0 0 0 1 1 1 2 2 2 1 1 1 0 0 0 0 0 0 0 0 0 2 2 1 2 2 2 0 1 1 0 0 0 1 2 1 2 2 2 2 2 2 0 0 2 2 0 2 1 1 2 2 2 2 2 2 0 1 2 2 2 2 2 2 1 1 2 1 2 2 0 0 1 1 0 1 0 1 2 2 2 2 0 1 0 0 0 2 0 2 0 2 2 0 0 1 0 0 1 1 0 0 0 1 1 1 2 2 2 1 1 1 0 0 0 0 0 0 0 0 0 2 2 1 2 2 2 0 1 1 0 0 0 1 2 1 2 2 2 2 2 2 0 0 2 2 0 2 1 1 2 2 2 2 2 2 0 1 2 2 2 2 2 2 1 1 2 1 2 2 0 0 1 1 0
0.582972412786506 -0.850629548188552 -1.15574002727041 -1.07104854711398 -0.751715682459624 -1 1 1 1 0 2 2 2 1 1 0 0 1 1 0 2 1 1 2 0 0 0 0 0 0 2 1 0 0 0 0 2 2 1 1 0 0 1 0 1 0 0 1 1 2 1 1 1 0 2 1 1 2 0 1 1 0 0 2 2 1 0 2 2 2 2 2 2 0 1 1 0 0 2 2 1 1 1 2 1 2 1 0 0 0 0 0 1 2 1 1 2 1 1 2 2 0 2 1 0 0 -1 -1 -1 0 -2 -2 -2 -1 -1 0 0 -1 -1 0 -2 -1 -1 -2 0 0 0 0 0 0 -2 -1 0 0 0 0 -2 -2 -1 -1 0 0 -1 0 -1 0 0 -1 -1 -2 -1 -1 -1 0 -2 -1 -1 -2 0 -1 -1 0 0 -2 -2 -1 0 -2 -2 -2 -2 -2 -2 0 -1 -1 0 0 -2 -2 -1 -1 -1 -2 -1 -2 -1 0 0 0 0 0 -1 -2 -1 -1 -2 -1 -1 -2 -2 0 -2 -1 0 0
2.29684046117416 0.585961935849125 -1.30655842217785 0.944380401579353 -0.172385100098587 -1 1 1 1 0 1 2 2 1 1 0 0 1 2 0 2 1 0 2 0 0 1 1 0 1 1 0 0 0 1 0 1 2 2 1 1 1 2 1 2 0 0 0 0 1 1 1 2 1 0 2 1 1 0 1 2 0 1 1 1 1 0 2 2 2 2 1 2 0 1 1 1 0 1 1 0 1 0 2 2 2 2 0 0 0 0 1 1 2 1 1 1 1 1 2 2 1 1 1 1 1 -1 -1 -1 0 -1 -2 -2 -1 -1 0 0 -1 -2 0 -2 -1 0 -2 0 0 -1 -1 0 -1 -1 0 0 0 -1 0 -1 -2 -2 -1 -1 -1 -2 -1 -2 0 0 0 0 -1 -1 -1 -2 -1 0 -2 -1 -1 0 -1 -2 0 -1 -1 -1 -1 0 -2 -2 -2 -2 -1 -2 0 -1 -1 -1 0 -1 -1 0 -1 0 -2 -2 -2 -2 0 0 0 0 -1 -1 -2 -1 -1 -1 -1 -1 -2 -2 -1 -1 -1 -1 -1
-1.09368193627326 0.673445681337348 0.172318331073618 -0.888024250956706 0.511300607235016 1 1 1 1 1 1 1 2 0 2 1 0 2 2 1 2 2 1 2 0 0 2 1 0 2 2 1 1 0 0 0 2 2 1 1 1 1 2 0 1 1 0 0 0 0 1 1 1 1 0 2 2 2 2 2 1 0 0 1 1 2 1 2 2 2 2 1 2 0 1 1 0 0 2 2 1 2 2 2 2 2 0 0 0 0 2 1 1 2 2 0 1 2 1 2 2 0 0 0 0 0 1 1 1 1 1 1 2 0 2 1 0 2 2 1 2 2 1 2 0 0 2 1 0 2 2 1 1 0 0 0 2 2 1 1 1 1 2 0 1 1 0 0 0 0 1 1 1 1 0 2 2 2 2 2 1 0 0 1 1 2 1 2 2 2 2 1 2 0 1 1 0 0 2 2 1 2 2 2 2 2 0 0 0 0 2 1 1 2 2 0 1 2 1 2 2 0 0 0 0 0
-0.941288924392265 -0.53122984494386 0.210627970452244 -0.631924072403906 0.220700550367701 1 1 1 0 0 1 2 2 1 1 0 0 1 2 0 2 0 1 2 0 0 2 1 1 1 0 0 0 0 0 0 1 1 1 1 1 0 0 0 0 1 0 2 1 1 1 1 2 2 0 0 1 2 1 2 2 0 0 1 1 1 0 2 2 2 1 2 2 0 1 1 0 0 2 1 0 2 2 2 0 0 1 0 0 0 0 2 2 2 2 2 1 1 1 2 2 1 1 2 0 0 1 1 0 0 1 2 2 1 1 0 0 1 2 0 2 0 1 2 0 0 2 1 1 1 0 0 0 0 0 0 1 1 1 1 1 0 0 0 0 1 0 2 1 1 1 1 2 2 0 0 1 2 1 2 2 0 0 1 1 1 0 2 2 2 1 2 2 0 1 1 0 0 2 1 0 2 2 2 0 0 1 0 0 0 0 2 2 2 2 2 1 1 1 2 2 1 1 2 0 0
-0.411380303743649 -0.93063858501984 -0.92607806019883 -0.560953996275524 0.109186858184766 1 1 1 2 2 2 1 2 0 1 0 0 2 2 0 1 0 2 1 0 0 2 0 0 1 2 2 1 0 0 0 1 2 1 1 0 0 1 0 1 0 0 0 0 0 0 0 1 0 0 2 0 2 0 1 0 0 0 0 1 1 0 2 2 1 2 2 2 0 1 2 2 1 2 1 1 2 2 2 2 1 1 0 0 1 1 0 1 1 1 0 2 2 2 2 2 1 1 2 0 0 1 1 2 2 2 1 2 0 1 0 0 2 2 0 1 0 2 1 0 0 2 0 0 1 2 2 1 0 0 0 1 2 1 1 0 0 1 0 1 0 0 0 0 0 0 0 1 0 0 2 0 2 0 1 0 0 0 0 1 1 0 2 2 1 2 2 2 0 1 2 2 1 2 1 1 2 2 2 2 1 1 0 0 1 1 0 1 1 1 0 2 2 2 2 2 1 1 2 0 0
-0.00490391089835502 1.55394022328142 -1.85456397469543 0.0521207932957117 0.624096662922619 -1 0 0 1 0 1 2 2 0 2 0 0 0 2 1 2 2 2 2 0 1 2 1 0 1 2 1 1 0 0 0 1 2 2 2 1 1 2 0 0 0 0 1 2 2 2 0 1 2 0 1 0 2 0 2 0 0 0 1 1 2 2 2 2 2 2 1 2 0 1 2 2 0 1 2 0 1 1 1 2 2 2 0 0 0 1 0 1 2 1 1 0 1 1 1 2 0 1 1 0 0 0 0 -1 0 -1 -2 -2 0 -2 0 0 0 -2 -1 -2 -2 -2 -2 0 -1 -2 -1 0 -1 -2 -1 -1 0 0 0 -1 -2 -2 -2 -1 -1 -2 0 0 0 0 -1 -2 -2 -2 0 -1 -2 0 -1 0 -2 0 -2 0 0 0 -1 -1 -2 -2 -2 -2 -2 -2 -1 -2 0 -1 -2 -2 0 -1 -2 0 -1 -1 -1 -2 -2 -2 0 0 0 -1 0 -1 -2 -1 -1 0 -1 -1 -1 -2 0 -1 -1 0 0
0.564817995293197 -1.58072269047867 0.765212494327402 -0.261038191613175 1.05063849849043 -1 1 2 1 2 1 2 2 0 1 1 0 1 1 0 2 1 2 2 1 0 1 2 0 0 2 2 1 0 0 0 2 2 2 2 0 0 1 0 0 0 0 1 1 1 1 0 1 0 0 0 1 2 0 1 0 0 0 1 2 2 0 2 2 1 1 1 2 0 0 1 0 0 2 1 0 2 0 2 2 2 2 0 0 0 1 2 2 1 0 1 2 2 2 2 2 0 0 1 0 1 -1 -2 -1 -2 -1 -2 -2 0 -1 -1 0 -1 -1 0 -2 -1 -2 -2 -1 0 -1 -2 0 0 -2 -2 -1 0 0 0 -2 -2 -2 -2 0 0 -1 0 0 0 0 -1 -1 -1 -1 0 -1 0 0 0 -1 -2 0 -1 0 0 0 -1 -2 -2 0 -2 -2 -1 -1 -1 -2 0 0 -1 0 0 -2 -1 0 -2 0 -2 -2 -2 -2 0 0 0 -1 -2 -2 -1 0 -1 -2 -2 -2 -2 -2 0 0 -1 0 -1
0.487660861001542 -0.0842130492778673 -0.589486674876975 0.068802175578697 0.343346513614863 -1 0 1 0 1 2 1 2 0 1 0 0 0 2 0 2 1 1 2 0 0 1 0 0 1 1 0 1 1 0 0 2 2 1 1 0 0 2 0 2 2 0 1 1 2 2 0 1 1 1 1 1 2 0 2 0 0 0 2 1 2 0 2 1 2 2 0 2 0 0 1 1 1 2 1 1 2 1 2 2 2 2 0 1 0 2 2 2 2 2 2 2 2 2 2 2 1 1 2 0 0 0 -1 0 -1 -2 -1 -2 0 -1 0 0 0 -2 0 -2 -1 -1 -2 0 0 -1 0 0 -1 -1 0 -1 -1 0 0 -2 -2 -1 -1 0 0 -2 0 -2 -2 0 -1 -1 -2 -2 0 -1 -1 -1 -1 -1 -2 0 -2 0 0 0 -2 -1 -2 0 -2 -1 -2 -2 0 -2 0 0 -1 -1 -1 -2 -1 -1 -2 -1 -2 -2 -2 -2 0 -1 0 -2 -2 -2 -2 -2 -2 -2 -2 -2 -2 -2 -1 -1 -2 0 0
-0.62698933576029 -0.346889262800904 1.67733725452054 -0.425187882463098 -0.547079998658112 1 0 0 0 0 1 1 2 0 1 0 0 2 2 0 2 2 1 1 1 1 2 0 0 2 2 1 0 0 1 0 1 2 2 2 1 0 2 0 0 1 0 0 1 1 2 1 2 2 0 0 1 2 0 0 0 0 0 2 2 1 0 2 2 2 2 2 2 0 0 0 0 0 2 1 1 2 0 2 2 1 2 0 0 0 0 0 1 1 0 1 0 1 0 2 2 0 1 1 1 0 0 0 0 0 1 1 2 0 1 0 0 2 2 0 2 2 1 1 1 1 2 0 0 2 2 1 0 0 1 0 1 2 2 2 1 0 2 0 0 1 0 0 1 1 2 1 2 2 0 0 1 2 0 0 0 0 0 2 2 1 0 2 2 2 2 2 2 0 0 0 0 0 2 1 1 2 0 2 2 1 2 0 0 0 0 0 1 1 0 1 0 1 0 2 2 0 1 1 1 0
-0.833673029947079 1.57984499294284 0.0770924188739175 0.487450965607787 0.297722755781172 -1 1 0 0 1 2 1 1 0 1 0 0 1 2 0 2 1 1 2 2 1 2 0 0 0 1 1 0 1 2 1 2 2 1 1 1 1 2 0 0 0 0 0 1 1 2 0 1 2 0 1 1 2 1 1 1 0 0 1 2 2 0 2 2 2 2 2 2 1 2 2 2 0 2 2 1 2 2 2 1 1 1 0 0 0 0 1 1 2 1 1 1 2 1 2 2 0 0 2 1 0 -1 0 0 -1 -2 -1 -1 0 -1 0 0 -1 -2 0 -2 -1 -1 -2 -2 -1 -2 0 0 0 -1 -1 0 -1 -2 -1 -2 -2 -1 -1 -1 -1 -2 0 0 0 0 0 -1 -1 -2 0 -1 -2 0 -1 -1 -2 -1 -1 -1 0 0 -1 -2 -2 0 -2 -2 -2 -2 -2 -2 -1 -2 -2 -2 0 -2 -2 -1 -2 -2 -2 -1 -1 -1 0 0 0 0 -1 -1 -2 -1 -1 -1 -2 -1 -2 -2 0 0 -2 -1 0
0.590370598764131 -0.134030457047713 -0.030296992185397 1.0039464459876 -1.34968027173361 1 0 1 1 1 2 2 2 0 0 0 0 1 2 0 0 0 1 2 0 0 0 1 0 1 2 2 1 0 1 0 2 1 2 2 0 0 1 0 0 0 0 0 2 2 2 2 2 1 1 2 1 1 0 0 1 0 0 0 1 1 0 2 2 1 2 0 2 0 1 2 1 0 2 1 1 1 0 2 1 2 1 0 0 1 1 0 2 2 2 0 1 1 0 1 2 0 0 2 0 0 0 1 1 1 2 2 2 0 0 0 0 1 2 0 0 0 1 2 0 0 0 1 0 1 2 2 1 0 1 0 2 1 2 2 0 0 1 0 0 0 0 0 2 2 2 2 2 1 1 2 1 1 0 0 1 0 0 0 1 1 0 2 2 1 2 0 2 0 1 2 1 0 2 1 1 1 0 2 1 2 1 0 0 1 1 0 2 2 2 0 1 1 0 1 2 0 0 2 0 0
1.53606263609226 -0.98670747938884 0.0355516270828876 -1.30308437543151 -0.51221248735002 1 0 1 0 1 1 1 2 0 0 0 0 2 2 0 2 1 1 2 1 0 2 1 0 1 1 0 0 1 2 0 1 2 1 2 1 1 1 0 0 0 0 1 1 1 2 1 2 0 0 1 2 2 1 1 1 0 0 1 2 2 0 2 2 2 2 1 2 1 0 2 1 0 2 1 0 2 1 2 2 1 1 0 1 1 2 2 2 2 2 2 2 2 2 2 2 0 2 2 1 0 0 1 0 1 1 1 2 0 0 0 0 2 2 0 2 1 1 2 1 0 2 1 0 1 1 0 0 1 2 0 1 2 1 2 1 1 1 0 0 0 0 1 1 1 2 1 2 0 0 1 2 2 1 1 1 0 0 1 2 2 0 2 2 2 2 1 2 1 0 2 1 0 2 1 0 2 1 2 2 1 1 0 1 1 2 2 2 2 2 2 2 2 2 2 2 0 2 2 1 0
-1.22623065073099 -0.0118598983284369 -1.73037616261362 0.734566774681535 0.501905502822595 -1 2 2 1 1 1 2 2 0 1 1 0 1 2 0 2 0 0 1 0 0 2 1 0 2 2 1 1 0 1 0 1 1 0 1 0 1 1 0 0 0 0 0 0 1 2 2 2 2 1 1 0 2 0 0 1 0 0 1 1 2 0 2 2 2 2 2 2 0 1 1 0 0 1 2 2 2 1 2 2 1 2 0 0 0 1 0 2 2 1 1 1 2 1 2 2 1 1 1 0 0 -2 -2 -1 -1 -1 -2 -2 0 -1 -1 0 -1 -2 0 -2 0 0 -1 0 0 -2 -1 0 -2 -2 -1 -1 0 -1 0 -1 -1 0 -1 0 -1 -1 0 0 0 0 0 0 -1 -2 -2 -2 -2 -1 -1 0 -2 0 0 -1 0 0 -1 -1 -2 0 -2 -2 -2 -2 -2 -2 0 -1 -1 0 0 -1 -2 -2 -2 -1 -2 -2 -1 -2 0 0 0 -1 0 -2 -2 -1 -1 -1 -2 -1 -2 -2 -1 -1 -1 0 0
0.562295278398308 -0.239879720956078 -1.95024278459325 1.00220160979319 -0.372280443906527 -1 0 1 1 0 2 1 2 0 1 0 0 2 2 1 2 2 1 1 0 0 2 1 0 2 2 1 1 0 0 0 2 2 1 1 0 0 1 0 0 0 0 1 0 1 1 1 1 2 1 2 2 2 1 1 1 1 1 2 2 2 0 2 2 2 2 2 2 2 2 2 2 0 1 1 0 2 1 1 1 1 2 0 1 0 2 2 1 1 1 1 1 1 2 2 2 1 1 1 1 1 0 -1 -1 0 -2 -1 -2 0 -1 0 0 -2 -2 -1 -2 -2 -1 -1 0 0 -2 -1 0 -2 -2 -1 -1 0 0 0 -2 -2 -1 -1 0 0 -1 0 0 0 0 -1 0 -1 -1 -1 -1 -2 -1 -2 -2 -2 -1 -1 -1 -1 -1 -2 -2 -2 0 -2 -2 -2 -2 -2 -2 -2 -2 -2 -2 0 -1 -1 0 -2 -1 -1 -1 -1 -2 0 -1 0 -2 -2 -1 -1 -1 -1 -1 -1 -2 -2 -2 -1 -1 -1 -1 -1
-0.0380163299348158 2.02842771377829 1.14008414106798 0.555552702526686 0.367239028736877 -1 1 1 0 1 1 2 2 1 1 0 0 1 2 0 2 2 2 2 1 1 2 2 0 0 2 1 0 0 0 0 2 2 2 1 2 2 2 1 1 1 0 1 1 0 1 1 2 1 0 2 2 2 1 2 1 0 0 1 2 1 0 2 2 2 2 2 2 0 1 1 0 1 2 2 0 2 0 1 2 1 1 0 1 0 1 1 2 2 0 2 1 1 1 2 1 1 1 2 2 0 -1 -1 0 -1 -1 -2 -2 -1 -1 0 0 -1 -2 0 -2 -2 -2 -2 -1 -1 -2 -2 0 0 -2 -1 0 0 0 0 -2 -2 -2 -1 -2 -2 -2 -1 -1 -1 0 -1 -1 0 -1 -1 -2 -1 0 -2 -2 -2 -1 -2 -1 0 0 -1 -2 -1 0 -2 -2 -2 -2 -2 -2 0 -1 -1 0 -1 -2 -2 0 -2 0 -1 -2 -1 -1 0 -1 0 -1 -1 -2 -2 0 -2 -1 -1 -1 -2 -1 -1 -1 -2 -2 0
0.513612542307814 0.983154315685472 1.07173367580171 0.60555673680191 0.243894611862796 -1 0 1 1 1 1 1 2 0 2 0 0 1 2 1 2 2 1 1 0 0 1 0 0 1 2 0 0 0 0 0 1 2 2 1 2 0 1 0 1 0 0 1 0 0 1 0 1 1 0 1 1 2 0 1 0 0 0 0 0 2 0 2 2 2 2 1 2 0 1 2 1 1 2 2 2 2 1 2 2 1 2 0 1 0 0 1 2 2 1 0 1 2 1 2 1 0 0 0 0 0 0 -1 -1 -1 -1 -1 -2 0 -2 0 0 -1 -2 -1 -2 -2 -1 -1 0 0 -1 0 0 -1 -2 0 0 0 0 0 -1 -2 -2 -1 -2 0 -1 0 -1 0 0 -1 0 0 -1 0 -1 -1 0 -1 -1 -2 0 -1 0 0 0 0 0 -2 0 -2 -2 -2 -2 -1 -2 0 -1 -2 -1 -1 -2 -2 -2 -2 -1 -2 -2 -1 -2 0 -1 0 0 -1 -2 -2 -1 0 -1 -2 -1 -2 -1 0 0 0 0 0
-1.25290853133332 -0.807435975215016 0.587519284906913 0.194349228672296 -0.192919936157795 1 2 0 1 0 2 1 1 0 1 1 1 2 2 0 2 1 1 2 0 0 1 0 0 0 2 0 0 1 2 0 2 2 2 2 1 1 2 0 1 0 0 0 0 1 1 1 1 1 0 0 0 1 0 1 0 0 0 0 0 2 1 2 2 1 2 2 2 0 0 1 0 0 2 1 0 2 0 2 2 1 2 0 0 0 0 0 0 2 1 2 2 2 2 2 2 1 0 0 0 0 2 0 1 0 2 1 1 0 1 1 1 2 2 0 2 1 1 2 0 0 1 0 0 0 2 0 0 1 2 0 2 2 2 2 1 1 2 0 1 0 0 0 0 1 1 1 1 1 0 0 0 1 0 1 0 0 0 0 0 2 1 2 2 1 2 2 2 0 0 1 0 0 2 1 0 2 0 2 2 1 2 0 0 0 0 0 0 2 1 2 2 2 2 2 2 1 0 0 0 0
1.00862704898181 0.947237673073504 1.75833116040389 0.839812316027766 2.65329402995403 -1 2 1 1 0 1 1 2 0 0 0 0 1 2 0 2 0 1 2 0 1 1 0 1 1 1 0 0 0 0 0 2 2 1 2 0 0 1 0 0 0 0 0 1 1 2 0 2 1 0 2 2 1 0 0 1 0 0 1 1 2 0 2 2 2 2 2 2 0 0 1 0 0 2 1 0 1 2 2 2 2 2 1 1 0 1 0 2 2 2 1 2 1 1 2 2 0 1 2 1 0 -2 -1 -1 0 -1 -1 -2 0 0 0 0 -1 -2 0 -2 0 -1 -2 0 -1 -1 0 -1 -1 -1 0 0 0 0 0 -2 -2 -1 -2 0 0 -1 0 0 0 0 0 -1 -1 -2 0 -2 -1 0 -2 -2 -1 0 0 -1 0 0 -1 -1 -2 0 -2 -2 -2 -2 -2 -2 0 0 -1 0 0 -2 -1 0 -1 -2 -2 -2 -2 -2 -1 -1 0 -1 0 -2 -2 -2 -1 -2 -1 -1 -2 -2 0 -1 -2 -1 0
-0.64306966587731 0.492068504212101 0.427435227514359 0.871750526482865 -1.58845607543644 -1 2 0 0 0 1 1 2 0 0 0 0 0 2 0 1 0 1 2 0 0 1 1 0 1 1 0 0 0 0 0 1 2 2 2 0 0 1 0 1 0 0 0 0 0 2 1 1 1 0 0 0 2 0 2 2 0 1 2 2 2 1 2 2 1 2 2 2 1 1 1 0 0 1 2 0 1 0 2 2 2 2 0 0 1 2 0 0 0 1 0 1 2 1 2 2 1 1 1 0 0 -2 0 0 0 -1 -1 -2 0 0 0 0 0 -2 0 -1 0 -1 -2 0 0 -1 -1 0 -1 -1 0 0 0 0 0 -1 -2 -2 -2 0 0 -1 0 -1 0 0 0 0 0 -2 -1 -1 -1 0 0 0 -2 0 -2 -2 0 -1 -2 -2 -2 -1 -2 -2 -1 -2 -2 -2 -1 -1 -1 0 0 -1 -2 0 -1 0 -2 -2 -2 -2 0 0 -1 -2 0 0 0 -1 0 -1 -2 -1 -2 -2 -1 -1 -1 0 0
-1.05234770881423 -0.628928957830908 -1.11121274150552 1.64889741594022 0.992616737197746 1 0 0 0 1 2 2 2 0 1 1 0 2 2 0 2 0 0 2 0 0 0 0 0 2 2 1 1 0 0 0 1 2 2 2 1 1 1 0 0 0 0 1 1 2 1 1 1 0 0 2 2 2 1 1 2 0 2 2 2 2 0 2 2 2 2 2 2 0 0 1 0 0 2 1 0 2 0 2 2 1 2 0 0 0 0 0 2 2 1 1 1 2 2 2 1 1 0 2 0 1 0 0 0 1 2 2 2 0 1 1 0 2 2 0 2 0 0 2 0 0 0 0 0 2 2 1 1 0 0 0 1 2 2 2 1 1 1 0 0 0 0 1 1 2 1 1 1 0 0 2 2 2 1 1 2 0 2 2 2 2 0 2 2 2 2 2 2 0 0 1 0 0 2 1 0 2 0 2 2 1 2 0 0 0 0 0 2 2 1 1 1 2 2 2 1 1 0 2 0 1
0.899583585074779 0.957490695508377 -0.566968233587487 1.86767969288114 0.937394638927551 1 1 1 1 0 1 0 2 0 1 0 0 0 2 1 1 0 1 2 0 0 0 0 0 1 2 0 0 0 1 0 2 2 1 2 1 2 2 0 0 0 0 0 0 1 1 0 1 0 0 1 1 2 1 2 2 0 0 2 1 2 1 2 2 2 2 2 2 2 2 2 2 1 2 2 2 2 2 2 2 2 2 0 2 1 1 0 0 2 2 2 1 2 2 2 2 0 0 1 0 0 1 1 1 0 1 0 2 0 1 0 0 0 2 1 1 0 1 2 0 0 0 0 0 1 2 0 0 0 1 0 2 2 1 2 1 2 2 0 0 0 0 0 0 1 1 0 1 0 0 1 1 2 1 2 2 0 0 2 1 2 1 2 2 2 2 2 2 2 2 2 2 1 2 2 2 2 2 2 2 2 2 0 2 1 1 0 0 2 2 2 1 2 2 2 2 0 0 1 0 0
0.734284171522042 0.904371660376564 -2.7689336674971 -0.812510476418237 -1.66285580831252 -1 0 1 0 0 2 2 1 0 1 0 0 1 2 0 1 0 0 2 0 0 0 0 0 1 1 1 0 0 0 0 1 2 1 1 2 2 1 1 2 1 0 0 1 0 1 0 1 0 0 2 2 2 0 1 2 0 0 2 1 2 0 2 1 1 2 1 2 0 0 1 1 1 2 2 1 1 0 1 2 2 2 0 0 0 1 2 1 2 0 0 1 2 1 1 2 0 0 2 1 0 0 -1 0 0 -2 -2 -1 0 -1 0 0 -1 -2 0 -1 0 0 -2 0 0 0 0 0 -1 -1 -1 0 0 0 0 -1 -2 -1 -1 -2 -2 -1 -1 -2 -1 0 0 -1 0 -1 0 -1 0 0 -2 -2 -2 0 -1 -2 0 0 -2 -1 -2 0 -2 -1 -1 -2 -1 -2 0 0 -1 -1 -1 -2 -2 -1 -1 0 -1 -2 -2 -2 0 0 0 -1 -2 -1 -2 0 0 -1 -2 -1 -1 -2 0 0 -2 -1 0
-0.762343600296024 1.06275200446297 0.662122163302455 0.678689083416611 1.2983266806188 1 0 0 1 0 0 1 2 1 1 0 0 2 2 0 2 1 2 2 0 0 1 0 0 2 2 0 0 0 0 0 1 2 2 2 1 1 0 0 0 0 0 0 0 0 0 0 1 0 0 1 1 2 0 2 2 1 1 0 0 2 0 2 2 1 2 2 2 0 1 1 0 1 2 1 2 2 2 2 2 2 1 0 0 1 1 1 2 2 2 2 0 1 0 2 1 1 1 2 1 0 0 0 1 0 0 1 2 1 1 0 0 2 2 0 2 1 2 2 0 0 1 0 0 2 2 0 0 0 0 0 1 2 2 2 1 1 0 0 0 0 0 0 0 0 0 0 1 0 0 1 1 2 0 2 2 1 1 0 0 2 0 2 2 1 2 2 2 0 1 1 0 1 2 1 2 2 2 2 2 2 1 0 0 1 1 1 2 2 2 2 0 1 0 2 1 1 1 2 1 0
0.608839970615396 0.196070161574826 2.61724885745648 -0.746751810173407 0.136438858798665 -1 2 1 0 1 1 2 2 2 1 1 0 2 2 0 2 2 1 1 0 0 0 1 0 1 2 0 0 0 0 0 2 2 2 1 0 0 2 0 1 0 0 0 1 1 1 1 1 1 0 1 1 2 0 0 0 0 0 1 2 2 0 2 2 2 2 2 2 0 0 1 1 0 2 2 1 1 1 1 0 1 1 0 1 0 1 1 2 2 1 1 1 1 1 2 2 1 0 2 0 1 -2 -1 0 -1 -1 -2 -2 -2 -1 -1 0 -2 -2 0 -2 -2 -1 -1 0 0 0 -1 0 -1 -2 0 0 0 0 0 -2 -2 -2 -1 0 0 -2 0 -1 0 0 0 -1 -1 -1 -1 -1 -1 0 -1 -1 -2 0 0 0 0 0 -1 -2 -2 0 -2 -2 -2 -2 -2 -2 0 0 -1 -1 0 -2 -2 -1 -1 -1 -1 0 -1 -1 0 -1 0 -1 -1 -2 -2 -1 -1 -1 -1 -1 -2 -2 -1 0 -2 0 -1
-2.16110998275913 -0.670133854483252 -1.75726466211776 -0.296656421566893 -1.39387525328005 1 1 1 0 1 2 2 2 2 1 0 0 0 2 0 2 2 1 2 0 1 1 1 0 1 1 1 0 1 2 0 2 2 2 1 0 0 1 0 1 0 0 1 1 1 1 1 2 1 0 2 2 2 1 1 1 0 0 0 1 2 1 2 2 2 1 2 2 1 0 0 0 0 1 1 1 2 1 1 1 1 1 0 0 0 0 0 1 2 2 1 1 2 2 2 2 0 2 2 2 1 1 1 0 1 2 2 2 2 1 0 0 0 2 0 2 2 1 2 0 1 1 1 0 1 1 1 0 1 2 0 2 2 2 1 0 0 1 0 1 0 0 1 1 1 1 1 2 1 0 2 2 2 1 1 1 0 0 0 1 2 1 2 2 2 1 2 2 1 0 0 0 0 1 1 1 2 1 1 1 1 1 0 0 0 0 0 1 2 2 1 1 2 2 2 2 0 2 2 2 1
1.51055025748939 -1.45111149933441 0.432588748380679 0.142690521648069 0.985373157362332 1 0 0 1 1 2 2 2 1 2 1 0 2 2 0 2 1 1 1 0 0 1 0 0 0 2 0 0 1 1 0 1 1 0 1 0 1 1 0 1 0 0 0 2 0 0 1 2 0 0 2 2 2 0 1 1 0 0 2 2 1 0 2 2 2 2 2 2 0 0 1 0 0 2 2 1 2 2 2 1 2 1 0 1 1 0 1 1 2 1 1 2 2 2 2 2 2 2 2 2 1 0 0 1 1 2 2 2 1 2 1 0 2 2 0 2 1 1 1 0 0 1 0 0 0 2 0 0 1 1 0 1 1 0 1 0 1 1 0 1 0 0 0 2 0 0 1 2 0 0 2 2 2 0 1 1 0 0 2 2 1 0 2 2 2 2 2 2 0 0 1 0 0 2 2 1 2 2 2 1 2 1 0 1 1 0 1 1 2 1 1 2 2 2 2 2 2 2 2 2 1
-0.26050625455768 0.107669142562896 1.59684825454058 -0.62938135258532 0.381443290809199 1 1 1 0 1 2 2 2 0 1 1 0 2 2 0 2 1 2 2 0 0 2 1 0 0 1 0 1 2 2 0 2 2 1 2 1 2 2 1 1 0 0 1 1 1 0 1 2 1 0 1 2 2 1 1 1 1 1 2 2 2 0 2 2 2 2 2 2 0 1 2 1 0 2 2 1 2 1 2 2 1 1 0 0 1 1 1 2 2 2 1 1 2 1 1 2 0 1 1 0 1 1 1 0 1 2 2 2 0 1 1 0 2 2 0 2 1 2 2 0 0 2 1 0 0 1 0 1 2 2 0 2 2 1 2 1 2 2 1 1 0 0 1 1 1 0 1 2 1 0 1 2 2 1 1 1 1 1 2 2 2 0 2 2 2 2 2 2 0 1 2 1 0 2 2 1 2 1 2 2 1 1 0 0 1 1 1 2 2 2 1 1 2 1 1 2 0 1 1 0 1
1.15936756795748 -0.528667707639213 1.67143521896097 -0.408833891140488 -0.185351393913466 -1 0 1 2 1 1 1 2 1 1 0 0 0 1 0 2 0 2 2 0 0 1 1 0 2 1 0 0 0 0 0 1 2 2 1 1 1 2 0 0 0 0 1 0 0 1 1 2 1 0 2 2 2 1 2 2 0 1 2 2 2 1 2 2 2 2 1 2 0 0 2 1 1 2 1 1 2 1 1 2 0 2 0 0 0 1 0 2 2 2 1 1 2 1 2 2 1 2 2 0 0 0 -1 -2 -1 -1 -1 -2 -1 -1 0 0 0 -1 0 -2 0 -2 -2 0 0 -1 -1 0 -2 -1 0 0 0 0 0 -1 -2 -2 -1 -1 -1 -2 0 0 0 0 -1 0 0 -1 -1 -2 -1 0 -2 -2 -2 -1 -2 -2 0 -1 -2 -2 -2 -1 -2 -2 -2 -2 -1 -2 0 0 -2 -1 -1 -2 -1 -1 -2 -1 -1 -2 0 -2 0 0 0 -1 0 -2 -2 -2 -1 -1 -2 -1 -2 -2 -1 -2 -2 0 0
-0.0761845325258065 0.571701439189492 1.64254603760296 1.34282731423358 -1.10291052957396 1 1 1 0 1 1 1 2 0 1 1 0 1 2 1 2 0 2 2 0 0 0 0 0 0 2 0 0 1 2 0 2 2 2 1 1 1 2 0 0 1 0 0 1 0 0 0 1 0 0 0 2 2 1 1 1 0 0 1 1 1 1 2 2 1 2 2 2 0 1 1 0 0 2 2 2 2 2 2 1 2 2 0 1 1 1 1 1 1 1 2 2 1 1 2 2 0 0 1 1 0 1 1 0 1 1 1 2 0 1 1 0 1 2 1 2 0 2 2 0 0 0 0 0 0 2 0 0 1 2 0 2 2 2 1 1 1 2 0 0 1 0 0 1 0 0 0 1 0 0 0 2 2 1 1 1 0 0 1 1 1 1 2 2 1 2 2 2 0 1 1 0 0 2 2 2 2 2 2 1 2 2 0 1 1 1 1 1 1 1 2 2 1 1 2 2 0 0 1 1 0
0.335450657774894 0.960527468698473 1.16242305700108 1.29386766841079 0.068338978206352 -1 1 0 0 1 1 1 2 1 0 0 0 2 2 0 2 1 1 2 0 0 1 1 0 1 2 2 1 0 0 0 1 2 1 1 2 1 2 0 0 0 0 0 0 0 1 2 2 2 2 1 0 2 0 0 1 0 0 2 2 2 0 2 2 2 2 2 2 1 2 2 2 0 1 1 0 2 0 0 0 2 2 0 1 2 2 1 1 1 2 1 2 1 1 2 2 0 1 2 1 0 -1 0 0 -1 -1 -1 -2 -1 0 0 0 -2 -2 0 -2 -1 -1 -2 0 0 -1 -1 0 -1 -2 -2 -1 0 0 0 -1 -2 -1 -1 -2 -1 -2 0 0 0 0 0 0 0 -1 -2 -2 -2 -2 -1 0 -2 0 0 -1 0 0 -2 -2 -2 0 -2 -2 -2 -2 -2 -2 -1 -2 -2 -2 0 -1 -1 0 -2 0 0 0 -2 -2 0 -1 -2 -2 -1 -1 -1 -2 -1 -2 -1 -1 -2 -2 0 -1 -2 -1 0
-1.01668440443922 -0.453373145170154 1.33771294789379 0.134836843031015 -0.87680038831374 1 0 1 1 2 2 2 2 0 2 1 0 2 2 1 2 1 2 2 1 0 1 1 0 0 2 1 1 0 1 0 0 2 1 2 0 1 2 0 0 0 0 0 0 1 2 0 1 1 0 1 1 2 0 1 0 0 0 1 1 2 0 2 2 2 2 2 2 0 0 1 1 0 1 1 0 2 0 2 2 1 1 0 1 1 2 0 1 2 2 0 2 1 1 2 2 1 1 2 1 0 0 1 1 2 2 2 2 0 2 1 0 2 2 1 2 1 2 2 1 0 1 1 0 0 2 1 1 0 1 0 0 2 1 2 0 1 2 0 0 0 0 0 0 1 2 0 1 1 0 1 1 2 0 1 0 0 0 1 1 2 0 2 2 2 2 2 2 0 0 1 1 0 1 1 0 2 0 2 2 1 1 0 1 1 2 0 1 2 2 0 2 1 1 2 2 1 1 2 1 0
0.299654643632323 -2.29665377427637 -0.891958058978314 -2.52791547783091 0.031243943972185 1 2 2 2 1 2 2 2 1 1 0 0 0 2 0 2 1 0 0 0 0 0 0 0 0 0 1 2 0 0 0 2 2 0 2 2 2 2 0 0 1 0 1 0 0 0 0 0 0 0 2 2 2 1 2 2 0 0 0 1 2 1 2 2 2 2 2 2 0 1 2 0 0 2 2 2 2 1 2 1 2 2 0 0 0 1 2 2 2 1 2 2 2 1 2 2 1 1 1 0 0 2 2 2 1 2 2 2 1 1 0 0 0 2 0 2 1 0 0 0 0 0 0 0 0 0 1 2 0 0 0 2 2 0 2 2 2 2 0 0 1 0 1 0 0 0 0 0 0 0 2 2 2 1 2 2 0 0 0 1 2 1 2 2 2 2 2 2 0 1 2 0 0 2 2 2 2 1 2 1 2 2 0 0 0 1 2 2 2 1 2 2 2 1 2 2 1 1 1 0 0
1.82463188009056 2.40929028003056 0.701635697725804 0.364717644650705 1.61456623412197 -1 1 1 0 1 1 2 2 1 2 1 0 2 1 0 2 0 2 2 0 0 2 1 0 1 1 1 1 1 0 0 2 2 2 1 1 2 1 0 0 0 0 1 1 1 1 0 2 0 0 1 0 0 0 1 1 0 0 2 2 2 1 2 2 2 2 2 2 0 0 1 1 0 2 0 1 2 2 2 1 2 2 0 1 1 2 2 2 2 2 1 2 1 0 1 1 1 1 0 0 0 -1 -1 0 -1 -1 -2 -2 -1 -2 -1 0 -2 -1 0 -2 0 -2 -2 0 0 -2 -1 0 -1 -1 -1 -1 -1 0 0 -2 -2 -2 -1 -1 -2 -1 0 0 0 0 -1 -1 -1 -1 0 -2 0 0 -1 0 0 0 -1 -1 0 0 -2 -2 -2 -1 -2 -2 -2 -2 -2 -2 0 0 -1 -1 0 -2 0 -1 -2 -2 -2 -1 -2 -2 0 -1 -1 -2 -2 -2 -2 -2 -1 -2 -1 0 -1 -1 -1 -1 0 0 0
-0.405614298198172 -0.601087255620298 -0.676680938288026 1.44311383320313 2.43656329807225 1 1 1 0 2 2 2 2 0 2 1 0 2 2 0 2 0 2 2 1 1 2 0 0 0 1 0 0 0 1 0 2 2 1 2 0 2 2 0 1 0 0 0 1 1 2 1 2 1 0 2 2 2 0 1 1 0 0 0 2 2 0 2 2 2 2 2 2 0 0 0 1 0 2 2 1 1 0 1 2 1 2 0 0 1 2 1 2 2 2 1 1 2 2 2 2 0 0 2 1 0 1 1 0 2 2 2 2 0 2 1 0 2 2 0 2 0 2 2 1 1 2 0 0 0 1 0 0 0 1 0 2 2 1 2 0 2 2 0 1 0 0 0 1 1 2 1 2 1 0 2 2 2 0 1 1 0 0 0 2 2 0 2 2 2 2 2 2 0 0 0 1 0 2 2 1 1 0 1 2 1 2 0 0 1 2 1 2 2 2 1 1 2 2 2 2 0 0 2 1 0
-1.49165208571551 -1.99101405081452 -1.45815937800818 0.245463703129517 -1.27243847643962 1 1 1 0 1 2 2 2 1 1 0 0 1 2 0 2 2 0 1 0 0 1 2 0 0 1 0 0 0 1 0 2 2 2 2 2 0 2 0 1 1 0 1 0 1 2 1 2 2 0 1 2 1 0 0 0 0 0 0 0 2 0 2 1 2 1 1 2 0 0 2 0 0 2 2 1 2 2 2 2 0 0 0 0 0 1 1 1 1 2 2 2 2 2 2 2 0 1 2 0 0 1 1 0 1 2 2 2 1 1 0 0 1 2 0 2 2 0 1 0 0 1 2 0 0 1 0 0 0 1 0 2 2 2 2 2 0 2 0 1 1 0 1 0 1 2 1 2 2 0 1 2 1 0 0 0 0 0 0 0 2 0 2 1 2 1 1 2 0 0 2 0 0 2 2 1 2 2 2 2 0 0 0 0 0 1 1 1 1 2 2 2 2 2 2 2 0 1 2 0 0
0.107253557547453 1.00353108939547 0.930076708171165 0.553344584963907 -0.933187119913658 1 1 1 0 0 1 1 2 0 2 1 0 0 2 0 2 0 2 2 1 0 0 0 0 0 2 0 1 1 1 0 1 2 2 1 0 2 2 0 0 1 0 0 1 0 1 0 1 0 0 1 2 2 0 1 1 0 0 1 2 2 0 2 1 2 2 1 2 0 0 2 0 0 2 2 0 2 1 2 2 2 2 1 2 1 2 2 2 2 1 1 1 1 1 2 2 0 1 1 1 0 1 1 0 0 1 1 2 0 2 1 0 0 2 0 2 0 2 2 1 0 0 0 0 0 2 0 1 1 1 0 1 2 2 1 0 2 2 0 0 1 0 0 1 0 1 0 1 0 0 1 2 2 0 1 1 0 0 1 2 2 0 2 1 2 2 1 2 0 0 2 0 0 2 2 0 2 1 2 2 2 2 1 2 1 2 2 2 2 1 1 1 1 1 2 2 0 1 1 1 0
-0.25191813146259 1.87035937824248 1.95796643684677 0.606152861901499 -0.745838691087904 -1 1 0 0 1 1 1 2 0 0 0 0 1 2 0 2 0 0 1 0 0 0 1 1 1 2 1 1 0 0 0 1 2 2 2 1 1 2 0 1 0 0 0 0 0 1 1 1 0 0 2 2 2 0 1 1 0 1 1 1 1 0 2 2 2 2 1 2 0 0 0 0 2 2 2 0 2 1 2 1 0 0 0 1 0 1 1 2 2 2 1 1 2 2 2 2 0 1 2 2 0 -1 0 0 -1 -1 -1 -2 0 0 0 0 -1 -2 0 -2 0 0 -1 0 0 0 -1 -1 -1 -2 -1 -1 0 0 0 -1 -2 -2 -2 -1 -1 -2 0 -1 0 0 0 0 0 -1 -1 -1 0 0 -2 -2 -2 0 -1 -1 0 -1 -1 -1 -1 0 -2 -2 -2 -2 -1 -2 0 0 0 0 -2 -2 -2 0 -2 -1 -2 -1 0 0 0 -1 0 -1 -1 -2 -2 -2 -1 -1 -2 -2 -2 -2 0 -1 -2 -2 0
-0.559480601324478 2.598827108622 0.366482151093867 1.81792664988207 -0.818523702852548 -1 1 2 1 0 2 2 2 1 1 0 0 2 2 0 2 0 1 2 0 1 1 0 0 0 2 1 0 0 1 0 2 2 1 2 1 0 1 0 0 0 0 1 1 0 1 1 1 0 0 1 2 2 0 0 0 0 0 0 1 2 0 2 1 2 2 1 2 0 1 2 1 0 2 2 2 2 1 2 2 2 2 0 1 0 1 1 2 2 2 2 0 1 2 2 2 0 0 1 0 0 -1 -2 -1 0 -2 -2 -2 -1 -1 0 0 -2 -2 0 -2 0 -1 -2 0 -1 -1 0 0 0 -2 -1 0 0 -1 0 -2 -2 -1 -2 -1 0 -1 0 0 0 0 -1 -1 0 -1 -1 -1 0 0 -1 -2 -2 0 0 0 0 0 0 -1 -2 0 -2 -1 -2 -2 -1 -2 0 -1 -2 -1 0 -2 -2 -2 -2 -1 -2 -2 -2 -2 0 -1 0 -1 -1 -2 -2 -2 -2 0 -1 -2 -2 -2 0 0 -1 0 0
0.478351473740848 0.643144850976277 -2.40608260819485 -0.445046309140933 0.419365957967381 -1 2 2 0 1 2 1 2 0 0 0 0 1 2 1 2 1 1 1 0 1 2 1 0 1 1 0 0 0 1 0 1 2 2 2 0 0 2 0 1 0 0 1 1 1 2 1 2 0 0 1 1 1 0 0 0 0 0 0 0 2 0 2 2 2 2 2 2 0 0 1 1 0 2 2 1 2 2 2 1 2 2 1 1 1 2 2 2 2 2 1 1 2 2 2 2 2 2 2 0 0 -2 -2 0 -1 -2 -1 -2 0 0 0 0 -1 -2 -1 -2 -1 -1 -1 0 -1 -2 -1 0 -1 -1 0 0 0 -1 0 -1 -2 -2 -2 0 0 -2 0 -1 0 0 -1 -1 -1 -2 -1 -2 0 0 -1 -1 -1 0 0 0 0 0 0 0 -2 0 -2 -2 -2 -2 -2 -2 0 0 -1 -1 0 -2 -2 -1 -2 -2 -2 -1 -2 -2 -1 -1 -1 -2 -2 -2 -2 -2 -1 -1 -2 -2 -2 -2 -2 -2 -2 0 0
-0.324267727456292 -0.440407731967324 0.6373693897224 -1.01236352446501 0.577622985807225 -1 0 0 1 1 1 0 2 1 1 0 0 1 1 0 2 1 2 2 0 0 2 1 0 0 2 2 1 0 0 0 2 2 2 1 1 1 1 0 0 0 0 0 1 1 1 1 1 0 0 0 0 2 1 2 2 1 1 0 1 0 0 2 2 2 2 0 2 0 0 1 1 0 2 1 1 2 1 2 2 2 2 1 0 0 1 0 1 1 2 2 1 1 1 2 2 0 0 0 1 0 0 0 -1 -1 -1 0 -2 -1 -1 0 0 -1 -1 0 -2 -1 -2 -2 0 0 -2 -1 0 0 -2 -2 -1 0 0 0 -2 -2 -2 -1 -1 -1 -1 0 0 0 0 0 -1 -1 -1 -1 -1 0 0 0 0 -2 -1 -2 -2 -1 -1 0 -1 0 0 -2 -2 -2 -2 0 -2 0 0 -1 -1 0 -2 -1 -1 -2 -1 -2 -2 -2 -2 -1 0 0 -1 0 -1 -1 -2 -2 -1 -1 -1 -2 -2 0 0 0 -1 0
-1.38360938647311 1.18256271638359 0.843077745251385 -0.685004480928614 1.80802056035122 1 2 2 1 1 2 2 2 1 2 0 0 1 2 0 2 0 1 1 0 0 1 1 0 1 0 0 0 1 0 0 1 2 1 2 0 0 1 0 0 0 0 0 0 1 1 1 1 0 0 2 1 2 0 2 1 0 0 1 1 2 0 2 2 2 2 2 2 0 1 1 0 0 1 1 0 2 0 1 1 2 2 0 1 0 1 0 2 1 2 1 0 1 1 2 2 0 0 1 1 0 2 2 1 1 2 2 2 1 2 0 0 1 2 0 2 0 1 1 0 0 1 1 0 1 0 0 0 1 0 0 1 2 1 2 0 0 1 0 0 0 0 0 0 1 1 1 1 0 0 2 1 2 0 2 1 0 0 1 1 2 0 2 2 2 2 2 2 0 1 1 0 0 1 1 0 2 0 1 1 2 2 0 1 0 1 0 2 1 2 1 0 1 1 2 2 0 0 1 1 0
0.780354323671478 -1.61923462080272 -0.490240322656788 0.747103758829214 -0.0482648892610104 -1 1 2 1 1 2 1 1 0 2 0 0 1 2 0 2 2 1 2 0 0 0 1 1 2 2 0 0 0 0 0 0 2 0 0 0 1 2 0 0 0 0 0 0 0 1 0 0 0 0 0 2 1 0 1 1 0 1 2 2 1 0 2 2 2 2 2 2 0 0 1 1 0 2 1 0 1 1 2 2 2 2 0 0 1 0 1 1 1 1 2 2 2 2 2 2 0 0 1 0 0 -1 -2 -1 -1 -2 -1 -1 0 -2 0 0 -1 -2 0 -2 -2 -1 -2 0 0 0 -1 -1 -2 -2 0 0 0 0 0 0 -2 0 0 0 -1 -2 0 0 0 0 0 0 0 -1 0 0 0 0 0 -2 -1 0 -1 -1 0 -1 -2 -2 -1 0 -2 -2 -2 -2 -2 -2 0 0 -1 -1 0 -2 -1 0 -1 -1 -2 -2 -2 -2 0 0 -1 0 -1 -1 -1 -1 -2 -2 -2 -2 -2 -2 0 0 -1 0 0
1.05211165645823 -0.554938716576386 0.488932492272769 0.604266529980662 0.737553628432886 -1 1 0 1 0 2 2 2 0 2 1 0 1 2 0 2 0 0 1 0 1 2 1 0 0 0 0 0 0 1 0 1 2 2 1 0 0 1 0 0 0 0 0 1 1 2 1 1 0 1 1 2 2 0 1 1 0 0 1 2 2 0 2 2 2 2 2 2 1 1 2 1 1 2 1 1 2 1 2 2 1 2 1 1 1 2 2 2 2 2 2 2 2 2 2 2 2 2 1 0 0 -1 0 -1 0 -2 -2 -2 0 -2 -1 0 -1 -2 0 -2 0 0 -1 0 -1 -2 -1 0 0 0 0 0 0 -1 0 -1 -2 -2 -1 0 0 -1 0 0 0 0 0 -1 -1 -2 -1 -1 0 -1 -1 -2 -2 0 -1 -1 0 0 -1 -2 -2 0 -2 -2 -2 -2 -2 -2 -1 -1 -2 -1 -1 -2 -1 -1 -2 -1 -2 -2 -1 -2 -1 -1 -1 -2 -2 -2 -2 -2 -2 -2 -2 -2 -2 -2 -2 -2 -1 0 0
0.181760371732774 -0.123452410183965 -0.9484202769905 -0.157961286794197 0.274427184596068 1 1 1 1 1 1 2 2 0 1 0 0 2 2 1 2 2 1 2 0 0 2 1 0 0 2 1 0 0 0 0 1 2 1 2 1 1 2 0 0 0 0 0 0 1 1 2 2 1 0 2 2 2 0 1 0 0 0 0 2 1 1 2 2 2 1 1 2 1 1 2 0 1 2 2 0 2 1 1 1 0 1 0 0 0 1 1 2 2 2 2 1 1 1 2 2 0 1 2 1 0 1 1 1 1 1 2 2 0 1 0 0 2 2 1 2 2 1 2 0 0 2 1 0 0 2 1 0 0 0 0 1 2 1 2 1 1 2 0 0 0 0 0 0 1 1 2 2 1 0 2 2 2 0 1 0 0 0 0 2 1 1 2 2 2 1 1 2 1 1 2 0 1 2 2 0 2 1 1 1 0 1 0 0 0 1 1 2 2 2 2 1 1 1 2 2 0 1 2 1 0
-0.894091075167893 -1.72558486634284 -1.29167994288774 -0.236832876615309 0.51793770731353 1 1 1 1 1 2 1 2 1 2 1 0 1 1 0 1 0 2 1 0 0 1 0 0 0 0 0 0 0 1 0 2 2 2 2 0 0 1 0 0 0 0 1 1 0 1 0 2 0 0 1 1 1 0 2 2 0 0 1 1 2 0 2 1 1 2 1 2 0 0 2 1 0 2 2 1 2 2 2 2 2 2 1 1 1 1 1 1 2 2 1 1 1 1 2 2 1 1 1 1 1 1 1 1 1 2 1 2 1 2 1 0 1 1 0 1 0 2 1 0 0 1 0 0 0 0 0 0 0 1 0 2 2 2 2 0 0 1 0 0 0 0 1 1 0 1 0 2 0 0 1 1 1 0 2 2 0 0 1 1 2 0 2 1 1 2 1 2 0 0 2 1 0 2 2 1 2 2 2 2 2 2 1 1 1 1 1 1 2 2 1 1 1 1 2 2 1 1 1 1 1
0.941702392326917 -0.510086953102095 -0.21054010927782 0.590169493206598 1.34297387349677 1 2 1 1 2 2 2 2 0 1 1 0 1 2 1 2 2 2 2 0 0 1 0 0 1 1 0 0 0 0 0 1 2 2 2 1 0 2 0 0 1 0 1 1 2 2 2 2 2 0 1 2 2 0 1 1 0 0 2 1 2 0 2 2 2 2 2 2 1 2 2 2 0 0 1 1 2 2 2 2 2 2 1 1 0 1 0 2 2 1 2 0 1 0 1 2 1 1 2 1 1 2 1 1 2 2 2 2 0 1 1 0 1 2 1 2 2 2 2 0 0 1 0 0 1 1 0 0 0 0 0 1 2 2 2 1 0 2 0 0 1 0 1 1 2 2 2 2 2 0 1 2 2 0 1 1 0 0 2 1 2 0 2 2 2 2 2 2 1 2 2 2 0 0 1 1 2 2 2 2 2 2 1 1 0 1 0 2 2 1 2 0 1 0 1 2 1 1 2 1 1
0.414619070289811 1.4347682362387 0.531818838346526 0.271484591113287 -0.803573136683044 1 1 0 1 1 0 0 2 1 0 0 0 0 1 0 2 1 2 2 0 0 1 1 0 1 1 0 0 0 0 0 1 2 0 0 2 2 2 0 1 2 0 0 1 1 2 1 1 1 0 1 0 0 0 0 1 0 0 1 2 1 0 2 2 2 2 2 2 0 1 1 2 0 1 1 1 2 1 1 1 2 2 0 0 0 0 0 1 2 2 1 2 2 2 2 2 1 2 2 0 0 1 0 1 1 0 0 2 1 0 0 0 0 1 0 2 1 2 2 0 0 1 1 0 1 1 0 0 0 0 0 1 2 0 0 2 2 2 0 1 2 0 0 1 1 2 1 1 1 0 1 0 0 0 0 1 0 0 1 2 1 0 2 2 2 2 2 2 0 1 1 2 0 1 1 1 2 1 1 1 2 2 0 0 0 0 0 1 2 2 1 2 2 2 2 2 1 2 2 0 0
-0.341548661106147 0.479850163926937 1.1475279144861 0.374380828766419 0.140789420776478 1 1 1 0 0 0 0 0 0 1 0 0 1 2 0 2 1 2 1 0 0 1 0 0 0 1 1 0 0 1 1 1 2 2 2 1 1 1 0 0 1 0 1 0 1 2 1 1 1 0 2 1 2 0 1 0 0 0 0 2 1 0 2 2 2 2 2 2 0 0 2 1 0 2 1 1 1 0 1 2 2 1 0 0 0 0 1 1 1 1 0 1 1 1 2 2 1 1 1 0 0 1 1 0 0 0 0 0 0 1 0 0 1 2 0 2 1 2 1 0 0 1 0 0 0 1 1 0 0 1 1 1 2 2 2 1 1 1 0 0 1 0 1 0 1 2 1 1 1 0 2 1 2 0 1 0 0 0 0 2 1 0 2 2 2 2 2 2 0 0 2 1 0 2 1 1 1 0 1 2 2 1 0 0 0 0 1 1 1 1 0 1 1 1 2 2 1 1 1 0 0
-0.778379129990087 0.280466528011232 -2.09484699804809 -0.390162309964712 -0.564745532389166 1 0 0 0 0 0 1 2 1 1 1 0 2 2 0 2 2 1 2 0 1 1 0 0 2 2 2 1 0 0 0 1 2 1 1 1 0 2 0 0 0 0 0 0 0 0 1 2 1 2 1 0 2 1 2 0 0 1 2 2 2 1 2 1 1 2 2 2 0 1 2 0 0 1 1 1 2 0 1 1 1 0 0 0 0 0 0 1 0 1 0 1 2 2 2 2 1 0 2 1 1 0 0 0 0 0 1 2 1 1 1 0 2 2 0 2 2 1 2 0 1 1 0 0 2 2 2 1 0 0 0 1 2 1 1 1 0 2 0 0 0 0 0 0 0 0 1 2 1 2 1 0 2 1 2 0 0 1 2 2 2 1 2 1 1 2 2 2 0 1 2 0 0 1 1 1 2 0 1 1 1 0 0 0 0 0 0 1 0 1 0 1 2 2 2 2 1 0 2 1 1
-0.144710183603985 -0.273877555531887 1.1585276179521 -1.98553390975491 0.312643013148003 -1 0 0 0 1 2 2 2 2 1 0 0 2 2 0 2 1 1 2 0 0 1 2 0 2 2 0 1 0 0 0 2 2 2 2 0 0 1 0 1 1 0 0 1 1 1 1 2 1 1 1 1 2 1 1 2 0 0 2 2 2 0 2 2 1 2 1 2 0 0 0 0 1 2 2 0 2 1 2 2 2 2 0 0 1 1 0 1 1 1 2 1 2 0 1 1 1 2 2 0 0 0 0 0 -1 -2 -2 -2 -2 -1 0 0 -2 -2 0 -2 -1 -1 -2 0 0 -1 -2 0 -2 -2 0 -1 0 0 0 -2 -2 -2 -2 0 0 -1 0 -1 -1 0 0 -1 -1 -1 -1 -2 -1 -1 -1 -1 -2 -1 -1 -2 0 0 -2 -2 -2 0 -2 -2 -1 -2 -1 -2 0 0 0 0 -1 -2 -2 0 -2 -1 -2 -2 -2 -2 0 0 -1 -1 0 -1 -1 -1 -2 -1 -2 0 -1 -1 -1 -2 -2 0 0
-1.85741513846953 -1.57757060365512 -0.410677205332295 -1.41548383698169 -1.35278189937948 -1 2 2 2 2 2 0 2 0 1 0 0 2 2 1 2 0 1 1 0 0 1 0 0 0 0 0 0 0 0 0 1 2 2 2 1 1 2 0 1 0 0 1 1 1 1 0 0 2 0 2 2 2 1 2 2 1 1 2 1 1 0 2 2 2 1 2 2 0 0 1 0 0 2 2 0 2 2 1 1 1 1 0 0 1 2 2 2 2 2 2 0 1 2 2 2 1 0 1 1 0 -2 -2 -2 -2 -2 0 -2 0 -1 0 0 -2 -2 -1 -2 0 -1 -1 0 0 -1 0 0 0 0 0 0 0 0 0 -1 -2 -2 -2 -1 -1 -2 0 -1 0 0 -1 -1 -1 -1 0 0 -2 0 -2 -2 -2 -1 -2 -2 -1 -1 -2 -1 -1 0 -2 -2 -2 -1 -2 -2 0 0 -1 0 0 -2 -2 0 -2 -2 -1 -1 -1 -1 0 0 -1 -2 -2 -2 -2 -2 -2 0 -1 -2 -2 -2 -1 0 -1 -1 0
0.34411761128226 -0.797594675513263 0.526057820264834 -1.73039590910639 -0.603707801515691 -1 0 1 0 1 2 2 2 1 2 0 0 0 1 0 1 0 0 1 1 1 1 1 0 0 0 1 0 1 1 0 2 2 2 2 2 1 0 0 0 1 0 0 2 2 2 1 1 0 0 2 1 2 1 1 2 0 0 1 1 2 0 2 2 2 1 1 2 0 0 2 1 0 1 2 1 2 0 1 2 1 1 0 0 0 0 1 2 1 2 1 1 1 1 2 2 1 0 1 0 0 0 -1 0 -1 -2 -2 -2 -1 -2 0 0 0 -1 0 -1 0 0 -1 -1 -1 -1 -1 0 0 0 -1 0 -1 -1 0 -2 -2 -2 -2 -2 -1 0 0 0 -1 0 0 -2 -2 -2 -1 -1 0 0 -2 -1 -2 -1 -1 -2 0 0 -1 -1 -2 0 -2 -2 -2 -1 -1 -2 0 0 -2 -1 0 -1 -2 -1 -2 0 -1 -2 -1 -1 0 0 0 0 -1 -2 -1 -2 -1 -1 -1 -1 -2 -2 -1 0 -1 0 0
0.922365296252352 -0.0284290524884207 -0.207972885288057 -0.544583189772773 -0.814800583555684 -1 1 0 0 0 1 2 2 2 1 0 0 0 2 0 2 1 2 2 0 0 2 2 1 2 1 1 1 1 0 1 2 2 2 2 1 0 1 0 1 0 0 2 2 1 2 1 1 2 0 1 1 0 0 1 0 0 0 0 1 2 1 2 2 2 2 1 2 1 1 2 1 0 2 1 0 2 0 2 2 0 0 0 0 0 0 0 2 1 2 2 1 1 1 2 2 1 0 1 0 0 -1 0 0 0 -1 -2 -2 -2 -1 0 0 0 -2 0 -2 -1 -2 -2 0 0 -2 -2 -1 -2 -1 -1 -1 -1 0 -1 -2 -2 -2 -2 -1 0 -1 0 -1 0 0 -2 -2 -1 -2 -1 -1 -2 0 -1 -1 0 0 -1 0 0 0 0 -1 -2 -1 -2 -2 -2 -2 -1 -2 -1 -1 -2 -1 0 -2 -1 0 -2 0 -2 -2 0 0 0 0 0 0 0 -2 -1 -2 -2 -1 -1 -1 -2 -2 -1 0 -1 0 0
-0.896838064641554 0.587865877456492 -0.357843698319371 1.09283600136957 -0.233849065224239 -1 2 1 1 0 2 2 2 1 0 0 0 1 2 0 2 1 1 2 0 0 2 1 0 0 1 1 2 0 1 0 1 1 1 1 1 1 2 0 0 0 0 0 0 0 0 1 2 1 1 1 1 2 1 2 0 0 0 2 1 0 0 2 2 1 2 1 2 0 0 1 1 0 2 2 1 2 1 2 2 1 1 0 0 0 1 1 0 1 2 1 2 2 2 2 2 0 0 1 0 0 -2 -1 -1 0 -2 -2 -2 -1 0 0 0 -1 -2 0 -2 -1 -1 -2 0 0 -2 -1 0 0 -1 -1 -2 0 -1 0 -1 -1 -1 -1 -1 -1 -2 0 0 0 0 0 0 0 0 -1 -2 -1 -1 -1 -1 -2 -1 -2 0 0 0 -2 -1 0 0 -2 -2 -1 -2 -1 -2 0 0 -1 -1 0 -2 -2 -1 -2 -1 -2 -2 -1 -1 0 0 0 -1 -1 0 -1 -2 -1 -2 -2 -2 -2 -2 0 0 -1 0 0
1.2976905538911 0.953951452368028 -0.709183187975112 -1.05297496122603 -1.60729368294139 1 2 0 0 1 1 1 1 1 1 0 0 2 2 0 1 1 2 2 0 0 0 0 0 1 1 0 0 2 1 0 2 2 2 1 1 2 1 0 0 0 0 1 1 1 2 2 2 1 0 1 2 2 0 1 2 0 0 1 2 2 0 2 2 2 1 2 2 0 2 1 1 1 2 1 0 1 1 2 1 1 1 0 0 0 0 0 0 1 0 2 1 2 2 2 2 0 0 2 0 1 2 0 0 1 1 1 1 1 1 0 0 2 2 0 1 1 2 2 0 0 0 0 0 1 1 0 0 2 1 0 2 2 2 1 1 2 1 0 0 0 0 1 1 1 2 2 2 1 0 1 2 2 0 1 2 0 0 1 2 2 0 2 2 2 1 2 2 0 2 1 1 1 2 1 0 1 1 2 1 1 1 0 0 0 0 0 0 1 0 2 1 2 2 2 2 0 0 2 0 1
0.797111576354801 1.59081452534072 -0.373895236661006 -0.913103637401992 -0.800257849468724 1 1 1 0 0 2 1 2 0 1 0 0 1 2 0 2 0 1 2 0 0 0 0 0 0 1 0 1 1 1 0 2 2 2 2 1 1 2 0 2 1 0 0 2 2 2 1 1 1 0 1 1 1 0 0 1 0 1 1 1 2 0 2 2 2 2 2 2 0 0 1 1 0 2 2 1 1 0 2 2 1 1 0 0 0 0 0 0 0 2 1 0 1 2 1 2 0 1 2 1 2 1 1 0 0 2 1 2 0 1 0 0 1 2 0 2 0 1 2 0 0 0 0 0 0 1 0 1 1 1 0 2 2 2 2 1 1 2 0 2 1 0 0 2 2 2 1 1 1 0 1 1 1 0 0 1 0 1 1 1 2 0 2 2 2 2 2 2 0 0 1 1 0 2 2 1 1 0 2 2 1 1 0 0 0 0 0 0 0 2 1 0 1 2 1 2 0 1 2 1 2
1.22375448258522 1.02731645276404 -0.284602154802387 -0.766318089052846 -0.750351977338242 1 2 1 0 1 1 1 2 0 0 0 0 0 1 0 2 1 2 2 0 0 1 0 0 2 2 2 1 0 0 0 0 2 2 2 1 0 1 0 0 0 0 1 2 2 2 1 1 1 0 2 2 2 0 2 2 0 0 0 2 2 0 2 2 1 1 2 2 0 2 2 0 0 2 2 1 2 2 2 1 2 2 0 0 0 2 1 1 2 2 1 0 1 1 2 2 0 0 1 0 0 2 1 0 1 1 1 2 0 0 0 0 0 1 0 2 1 2 2 0 0 1 0 0 2 2 2 1 0 0 0 0 2 2 2 1 0 1 0 0 0 0 1 2 2 2 1 1 1 0 2 2 2 0 2 2 0 0 0 2 2 0 2 2 1 1 2 2 0 2 2 0 0 2 2 1 2 2 2 1 2 2 0 0 0 2 1 1 2 2 1 0 1 1 2 2 0 0 1 0 0
1.65572684049536 -0.477143496348828 1.16227125088532 0.00840277657928035 -0.347551921161368 1 2 1 1 1 1 1 2 1 2 1 0 2 2 0 2 1 1 2 0 0 2 0 0 1 2 1 1 1 2 0 2 2 1 0 1 1 1 0 0 0 0 0 0 0 1 0 1 0 0 0 1 2 0 1 0 0 0 0 2 1 0 2 2 1 2 1 2 0 1 1 0 0 1 1 0 2 1 1 1 2 2 0 1 1 1 2 2 1 2 1 2 1 2 2 2 2 2 1 0 0 2 1 1 1 1 1 2 1 2 1 0 2 2 0 2 1 1 2 0 0 2 0 0 1 2 1 1 1 2 0 2 2 1 0 1 1 1 0 0 0 0 0 0 0 1 0 1 0 0 0 1 2 0 1 0 0 0 0 2 1 0 2 2 1 2 1 2 0 1 1 0 0 1 1 0 2 1 1 1 2 2 0 1 1 1 2 2 1 2 1 2 1 2 2 2 2 2 1 0 0
-0.49072563862983 2.1104523497818 -0.0390799451356993 -2.05358507700317 1.67104949495453 1 0 1 1 1 2 0 1 0 0 0 0 2 2 0 2 1 2 2 1 1 2 1 1 2 2 1 0 0 2 1 2 2 2 2 1 1 2 1 0 1 0 0 1 1 0 0 1 2 0 1 2 2 2 2 0 0 1 1 2 2 0 2 2 1 1 1 2 0 1 1 0 0 1 1 1 2 0 1 1 2 2 0 1 0 0 0 2 2 2 1 2 2 2 2 2 1 1 0 0 0 0 1 1 1 2 0 1 0 0 0 0 2 2 0 2 1 2 2 1 1 2 1 1 2 2 1 0 0 2 1 2 2 2 2 1 1 2 1 0 1 0 0 1 1 0 0 1 2 0 1 2 2 2 2 0 0 1 1 2 2 0 2 2 1 1 1 2 0 1 1 0 0 1 1 1 2 0 1 1 2 2 0 1 0 0 0 2 2 2 1 2 2 2 2 2 1 1 0 0 0
0.22511498790611 -0.254011713770125 -1.37373340216957 0.658837202624666 -0.107128967249984 1 0 1 1 1 1 1 2 0 1 0 0 1 2 0 2 2 1 1 0 1 2 1 0 1 2 2 0 1 0 0 1 1 0 1 0 0 1 0 0 0 0 1 0 1 2 2 2 1 0 2 2 0 0 1 0 0 0 1 1 2 1 2 2 1 2 1 2 0 0 1 0 0 1 1 2 1 1 2 1 2 0 0 0 1 1 1 2 2 2 1 1 2 2 2 2 0 0 1 0 0 0 1 1 1 1 1 2 0 1 0 0 1 2 0 2 2 1 1 0 1 2 1 0 1 2 2 0 1 0 0 1 1 0 1 0 0 1 0 0 0 0 1 0 1 2 2 2 1 0 2 2 0 0 1 0 0 0 1 1 2 1 2 2 1 2 1 2 0 0 1 0 0 1 1 2 1 1 2 1 2 0 0 0 1 1 1 2 2 2 1 1 2 2 2 2 0 0 1 0 0
-2.65600493139365 -0.588732740587941 1.26067761807751 -0.104899841954844 -2.27675214887187 -1 0 0 0 1 0 1 2 0 1 1 0 1 1 0 2 1 2 2 1 1 2 0 0 0 1 1 0 0 0 0 1 2 2 2 0 0 0 0 0 0 0 1 0 1 2 1 1 0 0 2 1 2 1 1 1 0 1 2 2 2 0 2 2 2 2 1 2 0 0 1 1 0 2 2 0 2 2 2 2 2 2 1 1 1 1 1 2 2 0 1 1 1 1 2 2 0 0 1 0 0 0 0 0 -1 0 -1 -2 0 -1 -1 0 -1 -1 0 -2 -1 -2 -2 -1 -1 -2 0 0 0 -1 -1 0 0 0 0 -1 -2 -2 -2 0 0 0 0 0 0 0 -1 0 -1 -2 -1 -1 0 0 -2 -1 -2 -1 -1 -1 0 -1 -2 -2 -2 0 -2 -2 -2 -2 -1 -2 0 0 -1 -1 0 -2 -2 0 -2 -2 -2 -2 -2 -2 -1 -1 -1 -1 -1 -2 -2 0 -1 -1 -1 -1 -2 -2 0 0 -1 0 0
-0.137065956658115 -0.174038645731734 -0.845901021217159 0.53732181967932 0.457000245773649 1 2 1 2 2 2 2 2 0 1 0 0 2 2 1 2 2 2 2 0 0 0 0 0 1 2 2 1 0 1 0 2 2 2 2 0 1 1 0 1 1 0 1 0 0 1 0 0 0 0 2 2 2 0 0 1 0 1 2 2 2 0 2 2 2 1 2 2 1 1 2 2 0 1 2 0 2 1 2 2 1 1 0 1 0 1 2 2 2 2 2 2 1 1 2 2 1 1 1 0 0 2 1 2 2 2 2 2 0 1 0 0 2 2 1 2 2 2 2 0 0 0 0 0 1 2 2 1 0 1 0 2 2 2 2 0 1 1 0 1 1 0 1 0 0 1 0 0 0 0 2 2 2 0 0 1 0 1 2 2 2 0 2 2 2 1 2 2 1 1 2 2 0 1 2 0 2 1 2 2 1 1 0 1 0 1 2 2 2 2 2 2 1 1 2 2 1 1 1 0 0
2.88348871267399 0.548452577378096 0.164213872170536 1.05011498356791 0.639316860877503 1 0 0 0 0 0 2 2 1 2 0 0 2 2 0 1 0 1 2 0 0 1 0 0 2 2 0 1 1 1 0 1 2 2 2 1 1 1 0 1 0 0 0 1 2 2 1 2 2 0 1 2 2 0 1 0 0 0 2 2 1 0 2 2 2 2 2 2 0 2 2 2 0 0 1 0 2 1 2 2 2 1 0 2 0 1 0 1 2 2 2 1 1 2 1 2 0 0 1 0 0 0 0 0 0 0 2 2 1 2 0 0 2 2 0 1 0 1 2 0 0 1 0 0 2 2 0 1 1 1 0 1 2 2 2 1 1 1 0 1 0 0 0 1 2 2 1 2 2 0 1 2 2 0 1 0 0 0 2 2 1 0 2 2 2 2 2 2 0 2 2 2 0 0 1 0 2 1 2 2 2 1 0 2 0 1 0 1 2 2 2 1 1 2 1 2 0 0 1 0 0
-0.273784257016632 0.102704888814712 -0.793831035729635 -1.78313706149021 -0.807163019553396 -1 1 1 0 0 2 2 2 1 1 0 0 2 2 0 2 0 2 2 1 0 1 0 1 0 1 0 0 1 1 0 1 2 2 2 2 1 1 0 0 0 0 0 1 0 1 0 1 1 0 1 1 2 1 2 2 0 1 2 2 0 0 2 2 1 2 0 2 0 0 2 0 0 1 1 1 2 2 2 1 1 1 0 0 0 0 0 0 2 1 0 0 1 2 2 2 0 0 1 0 0 -1 -1 0 0 -2 -2 -2 -1 -1 0 0 -2 -2 0 -2 0 -2 -2 -1 0 -1 0 -1 0 -1 0 0 -1 -1 0 -1 -2 -2 -2 -2 -1 -1 0 0 0 0 0 -1 0 -1 0 -1 -1 0 -1 -1 -2 -1 -2 -2 0 -1 -2 -2 0 0 -2 -2 -1 -2 0 -2 0 0 -2 0 0 -1 -1 -1 -2 -2 -2 -1 -1 -1 0 0 0 0 0 0 -2 -1 0 0 -1 -2 -2 -2 0 0 -1 0 0
1.71212664439782 -1.42730978115535 -0.270763742665494 1.2252080390733 0.434940686030056 1 1 0 1 1 2 2 2 1 1 1 1 2 2 1 2 2 1 1 0 0 2 0 1 2 2 1 1 0 0 0 2 2 1 2 0 0 2 0 0 1 0 1 1 1 1 2 2 1 0 2 2 2 1 2 1 0 0 1 1 1 1 2 1 1 2 0 2 0 0 2 2 1 2 2 1 2 1 2 2 1 2 0 1 1 2 2 2 2 2 2 1 1 1 2 1 0 1 1 0 0 1 0 1 1 2 2 2 1 1 1 1 2 2 1 2 2 1 1 0 0 2 0 1 2 2 1 1 0 0 0 2 2 1 2 0 0 2 0 0 1 0 1 1 1 1 2 2 1 0 2 2 2 1 2 1 0 0 1 1 1 1 2 1 1 2 0 2 0 0 2 2 1 2 2 1 2 1 2 2 1 2 0 1 1 2 2 2 2 2 2 1 1 1 2 1 0 1 1 0 0
-0.0742014013090619 -0.45374945899567 -1.54284967550112 -1.1049748324106 2.29154354551924 -1 1 2 1 1 2 1 2 1 1 0 0 1 2 0 2 1 1 2 0 0 1 1 0 0 2 1 0 0 0 0 2 2 2 1 0 0 1 0 0 0 0 1 2 1 2 1 2 0 0 1 1 0 0 0 1 0 0 1 1 2 1 2 2 2 1 1 2 1 1 1 0 1 2 2 1 1 0 2 1 1 1 0 0 0 0 0 1 0 1 0 2 1 2 2 2 0 0 2 1 1 -1 -2 -1 -1 -2 -1 -2 -1 -1 0 0 -1 -2 0 -2 -1 -1 -2 0 0 -1 -1 0 0 -2 -1 0 0 0 0 -2 -2 -2 -1 0 0 -1 0 0 0 0 -1 -2 -1 -2 -1 -2 0 0 -1 -1 0 0 0 -1 0 0 -1 -1 -2 -1 -2 -2 -2 -1 -1 -2 -1 -1 -1 0 -1 -2 -2 -1 -1 0 -2 -1 -1 -1 0 0 0 0 0 -1 0 -1 0 -2 -1 -2 -2 -2 0 0 -2 -1 -1
1.33635387752636 1.19329578713169 1.06559092506786 -0.590138264061076 -2.05051398578339 -1 0 0 1 1 1 2 2 0 1 0 0 1 2 1 2 2 2 2 0 0 2 1 0 1 1 0 1 0 1 0 1 2 2 2 0 1 1 0 0 0 0 0 0 1 1 1 2 1 0 1 0 1 0 1 2 0 0 1 2 1 0 2 2 1 2 2 2 0 0 1 1 1 2 2 1 2 0 1 0 2 2 0 0 0 0 1 2 2 2 2 1 2 1 2 2 0 1 2 0 0 0 0 -1 -1 -1 -2 -2 0 -1 0 0 -1 -2 -1 -2 -2 -2 -2 0 0 -2 -1 0 -1 -1 0 -1 0 -1 0 -1 -2 -2 -2 0 -1 -1 0 0 0 0 0 0 -1 -1 -1 -2 -1 0 -1 0 -1 0 -1 -2 0 0 -1 -2 -1 0 -2 -2 -1 -2 -2 -2 0 0 -1 -1 -1 -2 -2 -1 -2 0 -1 0 -2 -2 0 0 0 0 -1 -2 -2 -2 -2 -1 -2 -1 -2 -2 0 -1 -2 0 0
0.213471837334354 0.574644251605228 1.11652590480217 2.56513016929617 -1.17533159994866 1 1 2 2 1 2 2 2 2 2 1 1 2 2 0 2 1 1 2 1 1 1 1 0 1 2 1 1 1 1 0 2 2 2 2 1 1 1 0 0 1 0 1 1 1 2 2 1 2 1 0 2 2 0 0 0 0 0 2 1 2 1 2 2 2 2 1 2 1 1 2 2 0 2 1 1 2 0 2 2 1 1 0 1 0 0 1 2 1 1 0 0 1 1 2 1 0 0 0 0 0 1 2 2 1 2 2 2 2 2 1 1 2 2 0 2 1 1 2 1 1 1 1 0 1 2 1 1 1 1 0 2 2 2 2 1 1 1 0 0 1 0 1 1 1 2 2 1 2 1 0 2 2 0 0 0 0 0 2 1 2 1 2 2 2 2 1 2 1 1 2 2 0 2 1 1 2 0 2 2 1 1 0 1 0 0 1 2 1 1 0 0 1 1 2 1 0 0 0 0 0
0.270638916124676 0.430805123463537 0.545729785994496 -0.494648612847528 -2.14284223516314 -1 2 1 1 1 1 2 2 0 1 0 0 0 2 0 2 2 2 2 0 1 2 1 0 1 1 0 0 0 1 0 2 2 1 2 0 0 2 0 0 0 0 0 1 1 1 2 1 0 0 1 1 2 0 1 2 0 0 1 1 2 0 2 2 2 1 1 2 0 1 1 1 0 2 2 1 2 0 1 1 0 0 0 0 0 0 0 1 0 0 0 2 2 1 2 2 1 1 2 1 0 -2 -1 -1 -1 -1 -2 -2 0 -1 0 0 0 -2 0 -2 -2 -2 -2 0 -1 -2 -1 0 -1 -1 0 0 0 -1 0 -2 -2 -1 -2 0 0 -2 0 0 0 0 0 -1 -1 -1 -2 -1 0 0 -1 -1 -2 0 -1 -2 0 0 -1 -1 -2 0 -2 -2 -2 -1 -1 -2 0 -1 -1 -1 0 -2 -2 -1 -2 0 -1 -1 0 0 0 0 0 0 0 -1 0 0 0 -2 -2 -1 -2 -2 -1 -1 -2 -1 0
-0.562105327966001 0.244942375123587 0.507713897443859 -1.10571353887915 -1.857846209393 1 0 0 0 0 0 1 2 1 1 0 0 1 2 0 2 0 2 2 0 0 2 1 0 0 0 0 0 0 2 0 2 2 2 1 1 0 1 0 0 0 0 0 0 2 1 1 2 1 0 1 0 1 0 1 1 0 0 0 1 1 1 2 2 2 2 2 2 0 1 1 0 0 2 2 0 2 1 2 2 1 1 0 0 1 2 0 1 2 2 1 1 1 1 2 2 0 0 2 1 1 0 0 0 0 0 1 2 1 1 0 0 1 2 0 2 0 2 2 0 0 2 1 0 0 0 0 0 0 2 0 2 2 2 1 1 0 1 0 0 0 0 0 0 2 1 1 2 1 0 1 0 1 0 1 1 0 0 0 1 1 1 2 2 2 2 2 2 0 1 1 0 0 2 2 0 2 1 2 2 1 1 0 0 1 2 0 1 2 2 1 1 1 1 2 2 0 0 2 1 1
-0.766326623874279 0.0926792785608795 2.00297846837304 -0.405325659588131 -1.57589856019613 -1 2 1 0 1 1 2 2 1 1 0 0 1 2 0 1 1 1 1 0 0 2 1 0 1 1 0 1 0 0 0 1 2 2 1 2 2 2 0 0 1 0 0 1 1 1 1 1 2 0 1 0 1 0 2 1 0 0 1 2 2 0 2 2 2 2 2 2 0 1 1 1 0 1 2 2 2 2 2 2 2 2 0 1 1 2 1 1 1 1 1 1 1 2 2 2 0 0 1 0 0 -2 -1 0 -1 -1 -2 -2 -1 -1 0 0 -1 -2 0 -1 -1 -1 -1 0 0 -2 -1 0 -1 -1 0 -1 0 0 0 -1 -2 -2 -1 -2 -2 -2 0 0 -1 0 0 -1 -1 -1 -1 -1 -2 0 -1 0 -1 0 -2 -1 0 0 -1 -2 -2 0 -2 -2 -2 -2 -2 -2 0 -1 -1 -1 0 -1 -2 -2 -2 -2 -2 -2 -2 -2 0 -1 -1 -2 -1 -1 -1 -1 -1 -1 -1 -2 -2 -2 0 0 -1 0 0
-0.00799910575666967 1.82969922142312 -0.147435103781708 -0.145659558320036 0.338362996763 1 0 0 0 0 1 0 1 0 1 0 0 2 2 1 2 2 1 1 0 0 2 0 0 0 2 1 0 0 0 0 2 2 2 2 0 1 1 0 0 0 0 0 0 1 2 1 1 1 1 2 2 2 0 2 1 0 0 0 0 2 0 2 1 2 2 2 2 0 1 2 0 0 2 1 1 2 1 2 2 2 1 0 1 1 1 1 2 2 2 1 1 2 2 2 2 0 0 2 1 0 0 0 0 0 1 0 1 0 1 0 0 2 2 1 2 2 1 1 0 0 2 0 0 0 2 1 0 0 0 0 2 2 2 2 0 1 1 0 0 0 0 0 0 1 2 1 1 1 1 2 2 2 0 2 1 0 0 0 0 2 0 2 1 2 2 2 2 0 1 2 0 0 2 1 1 2 1 2 2 2 1 0 1 1 1 1 2 2 2 1 1 2 2 2 2 0 0 2 1 0
0.987249569966857 0.525811623147025 -0.784724008159285 -0.26428689291433 -0.562705152990729 -1 2 1 1 2 2 2 2 1 2 1 0 2 2 0 2 2 1 1 0 1 2 1 0 1 2 0 0 0 1 0 2 2 1 2 0 0 0 0 0 0 0 0 0 0 0 0 1 1 0 0 1 1 0 1 2 0 1 1 2 2 0 2 2 1 2 1 2 0 2 1 0 0 2 1 1 2 1 2 2 1 1 0 0 0 1 0 1 1 1 1 1 2 2 2 2 1 1 2 1 2 -2 -1 -1 -2 -2 -2 -2 -1 -2 -1 0 -2 -2 0 -2 -2 -1 -1 0 -1 -2 -1 0 -1 -2 0 0 0 -1 0 -2 -2 -1 -2 0 0 0 0 0 0 0 0 0 0 0 0 -1 -1 0 0 -1 -1 0 -1 -2 0 -1 -1 -2 -2 0 -2 -2 -1 -2 -1 -2 0 -2 -1 0 0 -2 -1 -1 -2 -1 -2 -2 -1 -1 0 0 0 -1 0 -1 -1 -1 -1 -1 -2 -2 -2 -2 -1 -1 -2 -1 -2
