1.0818016702656 -0.00524510677211912 -1.22745114147433 1.67068468741493 0.81820300891414 1 1 2 1 1 0 1 2 2 2 2 1 1 2 2 2 2 2 0 0 1 0 1 0 2 2 2 0 1 1 1 2 2 2 2 2 2 0 0 0 2 0 0 2 0 0 2 2 2 0 0 0 0 1 1 1 0 0 0 1 2 2 2 2 2 2 1 2 0 2 2 0 1 2 0 0 0 0 1 2 2 1 1 0 0 0 1 0 1 0 1 1 0 1 1 2 2 2 1 1 1 1 2 1 1 0 1 2 2 2 2 1 1 2 2 2 2 2 0 0 1 0 1 0 2 2 2 0 1 1 1 2 2 2 2 2 2 0 0 0 2 0 0 2 0 0 2 2 2 0 0 0 0 1 1 1 0 0 0 1 2 2 2 2 2 2 1 2 0 2 2 0 1 2 0 0 0 0 1 2 2 1 1 0 0 0 1 0 1 0 1 1 0 1 1 2 2 2 1 1 1
0.576413301446062 0.817756337264883 -0.663775664780572 -1.45579416755966 -1.89252904291019 -1 0 1 0 2 1 1 0 2 2 2 0 0 1 0 2 2 2 1 1 1 0 1 1 0 2 2 1 1 0 1 2 1 2 1 2 1 0 0 0 2 0 0 2 2 0 2 2 2 0 1 2 0 1 1 0 1 2 2 2 0 1 1 2 2 2 1 2 1 1 1 0 2 2 0 0 0 1 1 2 2 1 0 0 1 0 2 1 2 1 2 1 0 1 1 2 2 2 1 0 0 0 -1 0 -2 -1 -1 0 -2 -2 -2 0 0 -1 0 -2 -2 -2 -1 -1 -1 0 -1 -1 0 -2 -2 -1 -1 0 -1 -2 -1 -2 -1 -2 -1 0 0 0 -2 0 0 -2 -2 0 -2 -2 -2 0 -1 -2 0 -1 -1 0 -1 -2 -2 -2 0 -1 -1 -2 -2 -2 -1 -2 -1 -1 -1 0 -2 -2 0 0 0 -1 -1 -2 -2 -1 0 0 -1 0 -2 -1 -2 -1 -2 -1 0 -1 -1 -2 -2 -2 -1 0 0
-1.76709488313371 -0.399369493703886 -1.25415934710928 -1.06181123216983 -1.52772914970509 1 1 1 1 2 2 1 0 2 2 2 2 2 2 2 2 2 1 0 1 0 1 2 0 0 2 2 0 1 2 0 2 2 2 1 2 1 1 0 1 2 0 0 2 2 1 2 2 2 0 0 0 0 2 1 1 1 0 0 1 2 1 1 2 1 1 0 1 1 1 2 0 2 2 0 0 0 0 0 1 2 1 2 0 2 0 1 1 2 1 1 0 0 0 0 1 1 2 0 0 0 1 1 1 2 2 1 0 2 2 2 2 2 2 2 2 2 1 0 1 0 1 2 0 0 2 2 0 1 2 0 2 2 2 1 2 1 1 0 1 2 0 0 2 2 1 2 2 2 0 0 0 0 2 1 1 1 0 0 1 2 1 1 2 1 1 0 1 1 1 2 0 2 2 0 0 0 0 0 1 2 1 2 0 2 0 1 1 2 1 1 0 0 0 0 1 1 2 0 0 0
0.383954610245654 1.30580811739648 1.24028760973979 -0.684695201717505 -0.222140054188236 1 1 2 1 2 2 1 1 2 2 2 1 0 2 2 2 2 2 0 1 2 2 1 0 0 2 2 1 0 2 0 2 1 1 2 2 0 0 1 0 1 0 0 2 1 1 2 2 2 0 1 1 0 1 1 0 0 1 1 1 1 1 2 2 1 1 0 2 0 1 2 1 2 2 0 0 0 0 1 2 1 1 0 0 0 0 2 0 1 0 1 0 0 2 1 2 2 2 0 0 0 1 2 1 2 2 1 1 2 2 2 1 0 2 2 2 2 2 0 1 2 2 1 0 0 2 2 1 0 2 0 2 1 1 2 2 0 0 1 0 1 0 0 2 1 1 2 2 2 0 1 1 0 1 1 0 0 1 1 1 1 1 2 2 1 1 0 2 0 1 2 1 2 2 0 0 0 0 1 2 1 1 0 0 0 0 2 0 1 0 1 0 0 2 1 2 2 2 0 0 0
0.387444574906719 0.561352828803348 1.49477459334854 -0.33364641230301 -2.17127671990363 1 0 2 1 2 1 1 1 2 2 2 1 2 2 2 2 2 2 2 0 1 0 1 1 1 2 1 0 1 0 1 2 2 2 1 2 1 1 0 0 1 0 0 2 2 0 1 1 2 0 1 0 0 1 1 1 1 1 1 1 2 1 2 2 2 2 1 1 0 1 2 0 2 2 0 0 0 0 0 2 2 1 0 0 0 0 1 0 1 1 2 1 0 0 0 0 1 2 1 0 0 0 2 1 2 1 1 1 2 2 2 1 2 2 2 2 2 2 2 0 1 0 1 1 1 2 1 0 1 0 1 2 2 2 1 2 1 1 0 0 1 0 0 2 2 0 1 1 2 0 1 0 0 1 1 1 1 1 1 1 2 1 2 2 2 2 1 1 0 1 2 0 2 2 0 0 0 0 0 2 2 1 0 0 0 0 1 0 1 1 2 1 0 0 0 0 1 2 1 0 0
0.810379346899162 -1.90875853210141 0.389150319781254 -1.60265905132019 -2.14037379248885 1 1 2 1 2 2 2 0 2 2 2 0 2 2 2 2 1 2 0 1 1 0 2 2 2 2 1 0 1 1 1 1 1 1 1 2 1 0 1 0 2 1 0 2 2 1 2 2 2 0 1 1 0 1 1 1 0 0 1 0 1 2 1 2 1 2 1 2 1 0 2 0 2 2 0 0 0 1 1 2 2 0 0 0 1 0 2 0 1 1 2 1 0 1 1 1 1 2 1 0 0 1 2 1 2 2 2 0 2 2 2 0 2 2 2 2 1 2 0 1 1 0 2 2 2 2 1 0 1 1 1 1 1 1 1 2 1 0 1 0 2 1 0 2 2 1 2 2 2 0 1 1 0 1 1 1 0 0 1 0 1 2 1 2 1 2 1 2 1 0 2 0 2 2 0 0 0 1 1 2 2 0 0 0 1 0 2 0 1 1 2 1 0 1 1 1 1 2 1 0 0
0.239026112196368 2.17211579775686 -1.05883003483664 1.17329116881404 1.15600474469463 -1 0 2 1 2 1 2 1 2 2 2 2 1 2 2 2 2 1 0 0 1 0 0 0 2 2 2 1 2 1 0 2 2 1 1 2 2 1 1 0 2 0 0 2 0 0 1 2 2 1 1 0 0 1 1 0 0 1 2 1 0 1 1 2 2 1 0 1 0 0 2 1 2 2 0 0 0 0 1 1 2 1 1 1 0 0 1 0 1 1 2 2 1 2 1 0 2 2 2 2 1 0 -2 -1 -2 -1 -2 -1 -2 -2 -2 -2 -1 -2 -2 -2 -2 -1 0 0 -1 0 0 0 -2 -2 -2 -1 -2 -1 0 -2 -2 -1 -1 -2 -2 -1 -1 0 -2 0 0 -2 0 0 -1 -2 -2 -1 -1 0 0 -1 -1 0 0 -1 -2 -1 0 -1 -1 -2 -2 -1 0 -1 0 0 -2 -1 -2 -2 0 0 0 0 -1 -1 -2 -1 -1 -1 0 0 -1 0 -1 -1 -2 -2 -1 -2 -1 0 -2 -2 -2 -2 -1
-1.55728066029977 0.217467160950149 -0.541922364173154 1.36084216113945 0.265048899750914 -1 1 2 0 2 2 2 1 2 2 2 1 2 2 2 2 2 2 0 1 1 0 2 1 2 1 1 0 0 1 0 1 0 1 0 0 2 1 2 0 2 0 1 2 2 0 2 2 2 0 1 1 0 1 0 0 0 0 1 1 1 1 1 2 2 2 1 2 0 0 2 0 2 2 0 1 0 2 2 2 2 1 1 0 1 1 1 0 2 2 2 0 0 2 1 0 1 2 0 0 0 -1 -2 0 -2 -2 -2 -1 -2 -2 -2 -1 -2 -2 -2 -2 -2 -2 0 -1 -1 0 -2 -1 -2 -1 -1 0 0 -1 0 -1 0 -1 0 0 -2 -1 -2 0 -2 0 -1 -2 -2 0 -2 -2 -2 0 -1 -1 0 -1 0 0 0 0 -1 -1 -1 -1 -1 -2 -2 -2 -1 -2 0 0 -2 0 -2 -2 0 -1 0 -2 -2 -2 -2 -1 -1 0 -1 -1 -1 0 -2 -2 -2 0 0 -2 -1 0 -1 -2 0 0 0
-1.18590326882103 -0.207778430244527 -0.299419157257222 1.08366217428537 -1.12356496360605 1 1 2 1 2 0 1 1 2 2 2 0 1 2 2 2 2 1 1 2 1 1 2 1 2 2 1 0 1 1 1 2 0 1 1 1 1 1 1 0 2 0 1 2 1 0 2 2 2 1 1 1 0 1 0 0 1 0 1 1 1 0 1 2 2 1 0 0 0 0 2 0 0 2 0 0 0 1 1 2 2 0 1 0 1 1 2 2 2 2 1 1 0 2 1 1 1 2 2 2 1 1 2 1 2 0 1 1 2 2 2 0 1 2 2 2 2 1 1 2 1 1 2 1 2 2 1 0 1 1 1 2 0 1 1 1 1 1 1 0 2 0 1 2 1 0 2 2 2 1 1 1 0 1 0 0 1 0 1 1 1 0 1 2 2 1 0 0 0 0 2 0 0 2 0 0 0 1 1 2 2 0 1 0 1 1 2 2 2 2 1 1 0 2 1 1 1 2 2 2 1
-2.08151339270508 0.761146907331438 0.734785445178476 0.348420633555954 0.709746120540913 -1 1 1 1 2 1 0 0 2 2 2 2 2 1 1 2 1 1 0 1 1 0 2 0 1 2 2 1 2 2 0 1 0 2 1 1 1 0 0 0 2 0 1 2 2 1 2 2 2 0 1 1 0 0 1 1 0 0 0 0 1 1 2 2 2 2 0 1 1 1 2 0 2 2 0 0 0 0 1 2 2 0 1 1 1 0 2 2 2 1 2 1 0 1 1 0 0 2 1 0 0 -1 -1 -1 -2 -1 0 0 -2 -2 -2 -2 -2 -1 -1 -2 -1 -1 0 -1 -1 0 -2 0 -1 -2 -2 -1 -2 -2 0 -1 0 -2 -1 -1 -1 0 0 0 -2 0 -1 -2 -2 -1 -2 -2 -2 0 -1 -1 0 0 -1 -1 0 0 0 0 -1 -1 -2 -2 -2 -2 0 -1 -1 -1 -2 0 -2 -2 0 0 0 0 -1 -2 -2 0 -1 -1 -1 0 -2 -2 -2 -1 -2 -1 0 -1 -1 0 0 -2 -1 0 0
0.113341486737064 0.109548509013811 0.158661084165085 -0.849950056217725 -1.78177349030918 -1 0 1 2 2 1 1 1 2 2 2 2 0 1 2 2 2 2 0 1 1 2 2 0 0 2 1 0 0 2 0 2 0 1 2 0 2 1 0 1 2 0 0 2 1 0 1 2 2 0 0 0 0 1 0 0 0 1 1 1 0 0 1 2 2 2 1 2 0 1 2 0 2 2 0 0 0 0 0 2 2 1 0 0 0 1 2 2 1 1 2 1 0 2 0 0 0 1 0 0 0 0 -1 -2 -2 -1 -1 -1 -2 -2 -2 -2 0 -1 -2 -2 -2 -2 0 -1 -1 -2 -2 0 0 -2 -1 0 0 -2 0 -2 0 -1 -2 0 -2 -1 0 -1 -2 0 0 -2 -1 0 -1 -2 -2 0 0 0 0 -1 0 0 0 -1 -1 -1 0 0 -1 -2 -2 -2 -1 -2 0 -1 -2 0 -2 -2 0 0 0 0 0 -2 -2 -1 0 0 0 -1 -2 -2 -1 -1 -2 -1 0 -2 0 0 0 -1 0 0 0
-1.24634911977016 -0.881791078904926 -1.12279100322937 -0.603366224323787 -0.560048447183748 -1 0 1 1 2 1 1 2 2 2 2 1 1 2 1 2 2 0 0 0 0 1 1 1 2 2 2 2 2 1 0 1 0 2 2 2 1 0 1 0 1 0 0 2 2 0 2 2 2 0 1 0 0 2 1 2 1 0 0 1 1 1 2 2 2 2 0 1 0 0 1 0 2 2 0 1 0 1 1 2 0 0 1 0 1 1 2 1 1 2 2 1 0 1 1 1 1 2 0 1 0 0 -1 -1 -2 -1 -1 -2 -2 -2 -2 -1 -1 -2 -1 -2 -2 0 0 0 0 -1 -1 -1 -2 -2 -2 -2 -2 -1 0 -1 0 -2 -2 -2 -1 0 -1 0 -1 0 0 -2 -2 0 -2 -2 -2 0 -1 0 0 -2 -1 -2 -1 0 0 -1 -1 -1 -2 -2 -2 -2 0 -1 0 0 -1 0 -2 -2 0 -1 0 -1 -1 -2 0 0 -1 0 -1 -1 -2 -1 -1 -2 -2 -1 0 -1 -1 -1 -1 -2 0 -1 0
-1.25668806781546 -0.603167907958928 -1.91539440999752 1.54027945922462 0.396287648767727 1 0 2 1 2 2 1 0 2 2 2 1 2 2 2 2 2 2 1 1 0 0 2 1 2 2 2 1 1 1 1 2 1 1 2 1 1 1 0 0 2 0 0 1 1 0 1 2 2 0 1 0 0 2 1 2 0 0 2 0 0 1 2 2 2 2 0 2 1 0 1 0 2 2 0 0 0 2 2 2 0 2 2 2 2 0 2 1 2 1 2 1 0 0 0 0 2 2 0 0 0 0 2 1 2 2 1 0 2 2 2 1 2 2 2 2 2 2 1 1 0 0 2 1 2 2 2 1 1 1 1 2 1 1 2 1 1 1 0 0 2 0 0 1 1 0 1 2 2 0 1 0 0 2 1 2 0 0 2 0 0 1 2 2 2 2 0 2 1 0 1 0 2 2 0 0 0 2 2 2 0 2 2 2 2 0 2 1 2 1 2 1 0 0 0 0 2 2 0 0 0
1.56069723044744 1.06175265359969 1.87000418363837 -1.65667416677579 -0.0728126927579699 1 1 2 1 1 2 2 1 2 2 2 1 1 1 1 2 1 0 0 1 1 0 2 1 2 2 2 1 2 1 0 1 0 0 0 1 1 0 0 0 2 0 0 2 1 0 2 2 2 0 0 2 0 2 2 1 2 1 1 2 0 0 0 1 1 2 0 1 0 0 2 1 2 2 0 0 0 1 1 2 2 1 1 0 0 0 1 1 2 1 1 1 0 1 0 0 1 2 0 0 0 1 2 1 1 2 2 1 2 2 2 1 1 1 1 2 1 0 0 1 1 0 2 1 2 2 2 1 2 1 0 1 0 0 0 1 1 0 0 0 2 0 0 2 1 0 2 2 2 0 0 2 0 2 2 1 2 1 1 2 0 0 0 1 1 2 0 1 0 0 2 1 2 2 0 0 0 1 1 2 2 1 1 0 0 0 1 1 2 1 1 1 0 1 0 0 1 2 0 0 0
0.995206657325041 -0.0689949659131544 -0.787352682846875 -0.250503689945939 1.88774924637766 -1 0 0 0 2 0 0 0 2 2 2 0 1 1 2 2 1 1 0 1 1 1 2 0 1 2 2 1 2 1 0 1 1 1 2 2 2 1 0 0 1 0 0 2 2 1 2 2 2 0 0 1 0 1 1 1 2 2 1 0 0 1 1 2 1 2 0 1 0 1 2 0 2 2 0 0 0 0 2 1 1 1 1 0 0 0 2 1 2 1 2 1 1 2 0 0 1 2 1 1 1 0 0 0 -2 0 0 0 -2 -2 -2 0 -1 -1 -2 -2 -1 -1 0 -1 -1 -1 -2 0 -1 -2 -2 -1 -2 -1 0 -1 -1 -1 -2 -2 -2 -1 0 0 -1 0 0 -2 -2 -1 -2 -2 -2 0 0 -1 0 -1 -1 -1 -2 -2 -1 0 0 -1 -1 -2 -1 -2 0 -1 0 -1 -2 0 -2 -2 0 0 0 0 -2 -1 -1 -1 -1 0 0 0 -2 -1 -2 -1 -2 -1 -1 -2 0 0 -1 -2 -1 -1 -1
0.542581946349296 0.882587029057617 0.551237513751125 -0.0974791251481179 0.328357108442886 1 2 2 2 2 1 2 2 2 2 2 1 1 1 2 2 2 1 0 1 1 0 0 0 1 1 2 2 2 1 0 2 0 2 2 2 2 1 1 0 2 0 0 2 1 0 1 1 2 0 0 1 0 1 0 2 1 0 0 1 2 1 1 2 2 2 0 1 0 0 2 0 2 2 0 0 1 1 1 1 0 1 2 1 2 0 2 2 2 2 2 1 0 0 0 0 0 2 1 1 0 2 2 2 2 1 2 2 2 2 2 1 1 1 2 2 2 1 0 1 1 0 0 0 1 1 2 2 2 1 0 2 0 2 2 2 2 1 1 0 2 0 0 2 1 0 1 1 2 0 0 1 0 1 0 2 1 0 0 1 2 1 1 2 2 2 0 1 0 0 2 0 2 2 0 0 1 1 1 1 0 1 2 1 2 0 2 2 2 2 2 1 0 0 0 0 0 2 1 1 0
0.0843126293125095 0.969895976803126 0.971788318322634 0.461004911374606 -0.324407845519015 -1 2 1 2 2 2 2 0 2 2 1 1 0 0 1 2 2 1 0 1 1 1 1 1 2 2 1 0 1 0 0 1 0 1 1 1 0 0 0 0 1 0 0 2 1 0 1 1 1 0 2 0 0 2 2 1 0 0 1 2 2 2 1 2 1 1 0 0 0 1 2 0 2 2 0 0 0 0 1 2 2 1 1 0 1 1 2 1 1 1 2 0 0 1 0 2 1 2 1 1 0 -2 -1 -2 -2 -2 -2 0 -2 -2 -1 -1 0 0 -1 -2 -2 -1 0 -1 -1 -1 -1 -1 -2 -2 -1 0 -1 0 0 -1 0 -1 -1 -1 0 0 0 0 -1 0 0 -2 -1 0 -1 -1 -1 0 -2 0 0 -2 -2 -1 0 0 -1 -2 -2 -2 -1 -2 -1 -1 0 0 0 -1 -2 0 -2 -2 0 0 0 0 -1 -2 -2 -1 -1 0 -1 -1 -2 -1 -1 -1 -2 0 0 -1 0 -2 -1 -2 -1 -1 0
-0.632874685706101 -0.201204500461318 1.52435663643035 0.437239191006635 -1.19643418063798 1 0 1 0 1 1 1 0 2 2 1 0 0 2 2 2 2 2 1 1 2 0 2 0 0 2 2 1 1 2 0 2 2 2 1 2 2 1 1 0 2 1 0 2 1 0 2 2 1 0 0 1 0 1 1 1 1 1 2 0 0 2 1 2 1 2 1 2 0 2 2 0 1 1 0 0 0 0 1 2 1 0 0 0 1 0 2 1 2 2 2 0 0 1 0 0 2 2 0 0 0 0 1 0 1 1 1 0 2 2 1 0 0 2 2 2 2 2 1 1 2 0 2 0 0 2 2 1 1 2 0 2 2 2 1 2 2 1 1 0 2 1 0 2 1 0 2 2 1 0 0 1 0 1 1 1 1 1 2 0 0 2 1 2 1 2 1 2 0 2 2 0 1 1 0 0 0 0 1 2 1 0 0 0 1 0 2 1 2 2 2 0 0 1 0 0 2 2 0 0 0
0.8316310984198 -1.19319811614067 -1.41625780638379 -0.0321143803459931 0.806980260779797 -1 0 2 2 2 1 0 0 2 2 2 0 1 2 2 2 2 1 0 1 2 2 1 0 1 2 2 1 2 1 0 2 1 2 1 1 2 0 0 0 0 0 0 2 2 0 2 0 2 0 0 1 0 1 1 0 1 0 0 1 1 0 1 2 1 2 0 2 0 0 1 0 2 2 0 1 1 0 2 2 2 1 1 0 0 0 0 0 1 1 2 0 0 1 2 1 1 2 1 0 0 0 -2 -2 -2 -1 0 0 -2 -2 -2 0 -1 -2 -2 -2 -2 -1 0 -1 -2 -2 -1 0 -1 -2 -2 -1 -2 -1 0 -2 -1 -2 -1 -1 -2 0 0 0 0 0 0 -2 -2 0 -2 0 -2 0 0 -1 0 -1 -1 0 -1 0 0 -1 -1 0 -1 -2 -1 -2 0 -2 0 0 -1 0 -2 -2 0 -1 -1 0 -2 -2 -2 -1 -1 0 0 0 0 0 -1 -1 -2 0 0 -1 -2 -1 -1 -2 -1 0 0
0.525303643419951 -0.0920456788251886 -1.56029226775868 -0.45565591512811 -1.98813085526739 -1 1 2 1 2 2 2 0 2 2 2 2 1 2 2 2 2 1 0 1 2 1 1 0 1 2 1 0 1 0 1 2 1 2 1 0 1 0 0 0 1 0 1 2 2 0 2 2 2 0 1 1 1 1 0 1 2 0 0 0 1 0 1 2 1 1 0 0 0 0 1 0 2 2 0 0 1 0 2 2 1 1 2 1 1 0 1 0 1 1 2 1 0 0 1 1 1 2 0 0 0 -1 -2 -1 -2 -2 -2 0 -2 -2 -2 -2 -1 -2 -2 -2 -2 -1 0 -1 -2 -1 -1 0 -1 -2 -1 0 -1 0 -1 -2 -1 -2 -1 0 -1 0 0 0 -1 0 -1 -2 -2 0 -2 -2 -2 0 -1 -1 -1 -1 0 -1 -2 0 0 0 -1 0 -1 -2 -1 -1 0 0 0 0 -1 0 -2 -2 0 0 -1 0 -2 -2 -1 -1 -2 -1 -1 0 -1 0 -1 -1 -2 -1 0 0 -1 -1 -1 -2 0 0 0
0.499215453299138 0.845654346137288 -0.523998141468113 -0.494189787171604 0.699227579179757 -1 2 2 2 2 2 0 1 2 2 2 1 2 2 2 2 1 0 0 1 1 1 1 2 1 2 1 1 2 1 0 1 1 2 1 1 1 0 1 1 2 0 0 2 2 1 2 2 2 0 1 0 0 1 0 1 1 0 1 1 1 1 2 2 2 2 1 2 0 1 2 0 1 2 0 0 2 0 1 2 2 2 2 0 1 1 2 1 1 1 2 1 0 2 1 1 1 2 1 0 1 -2 -2 -2 -2 -2 0 -1 -2 -2 -2 -1 -2 -2 -2 -2 -1 0 0 -1 -1 -1 -1 -2 -1 -2 -1 -1 -2 -1 0 -1 -1 -2 -1 -1 -1 0 -1 -1 -2 0 0 -2 -2 -1 -2 -2 -2 0 -1 0 0 -1 0 -1 -1 0 -1 -1 -1 -1 -2 -2 -2 -2 -1 -2 0 -1 -2 0 -1 -2 0 0 -2 0 -1 -2 -2 -2 -2 0 -1 -1 -2 -1 -1 -1 -2 -1 0 -2 -1 -1 -1 -2 -1 0 -1
-1.26491572800496 0.647300057040606 1.19371289307353 -0.382764019299649 0.0417769842117652 -1 0 1 1 2 2 2 1 2 2 2 1 1 2 2 2 2 1 1 1 1 2 2 1 1 2 2 0 0 1 0 1 0 1 1 2 2 1 0 0 2 0 0 2 1 0 2 1 1 0 0 0 0 2 2 1 0 0 1 1 0 0 1 1 1 1 0 0 0 0 1 0 2 2 0 1 0 1 1 2 1 0 1 0 1 0 2 1 1 0 2 2 0 2 1 1 2 2 0 0 0 0 -1 -1 -2 -2 -2 -1 -2 -2 -2 -1 -1 -2 -2 -2 -2 -1 -1 -1 -1 -2 -2 -1 -1 -2 -2 0 0 -1 0 -1 0 -1 -1 -2 -2 -1 0 0 -2 0 0 -2 -1 0 -2 -1 -1 0 0 0 0 -2 -2 -1 0 0 -1 -1 0 0 -1 -1 -1 -1 0 0 0 0 -1 0 -2 -2 0 -1 0 -1 -1 -2 -1 0 -1 0 -1 0 -2 -1 -1 0 -2 -2 0 -2 -1 -1 -2 -2 0 0 0
-0.406025858438874 -0.857177573319202 -1.00695833498259 1.19525539300166 -1.2466542431661 -1 0 1 1 2 0 1 0 2 2 2 1 0 2 1 2 2 1 0 1 2 1 2 0 0 2 1 1 2 2 1 2 2 2 2 2 2 1 2 1 2 0 1 2 1 1 1 2 2 0 1 1 0 2 2 1 1 1 2 2 0 0 0 2 0 2 0 2 1 1 2 0 2 2 0 0 0 0 0 2 2 0 0 0 1 0 2 1 2 2 2 2 0 1 0 0 1 2 1 1 0 0 -1 -1 -2 0 -1 0 -2 -2 -2 -1 0 -2 -1 -2 -2 -1 0 -1 -2 -1 -2 0 0 -2 -1 -1 -2 -2 -1 -2 -2 -2 -2 -2 -2 -1 -2 -1 -2 0 -1 -2 -1 -1 -1 -2 -2 0 -1 -1 0 -2 -2 -1 -1 -1 -2 -2 0 0 0 -2 0 -2 0 -2 -1 -1 -2 0 -2 -2 0 0 0 0 0 -2 -2 0 0 0 -1 0 -2 -1 -2 -2 -2 -2 0 -1 0 0 -1 -2 -1 -1 0
0.0732067808175019 -1.08556507923353 0.22011203074401 -2.06134806059157 1.00865035653002 -1 0 1 1 1 1 0 0 2 2 2 1 0 2 2 2 2 2 1 2 1 1 2 0 1 2 1 1 1 1 1 1 0 2 1 2 2 1 1 1 2 0 0 2 1 0 2 2 2 0 0 0 0 1 1 0 1 1 1 1 2 1 2 2 2 2 1 2 0 1 2 0 2 2 0 0 1 0 1 2 2 1 1 1 2 1 2 1 1 1 2 1 0 1 1 2 2 2 1 0 0 0 -1 -1 -1 -1 0 0 -2 -2 -2 -1 0 -2 -2 -2 -2 -2 -1 -2 -1 -1 -2 0 -1 -2 -1 -1 -1 -1 -1 -1 0 -2 -1 -2 -2 -1 -1 -1 -2 0 0 -2 -1 0 -2 -2 -2 0 0 0 0 -1 -1 0 -1 -1 -1 -1 -2 -1 -2 -2 -2 -2 -1 -2 0 -1 -2 0 -2 -2 0 0 -1 0 -1 -2 -2 -1 -1 -1 -2 -1 -2 -1 -1 -1 -2 -1 0 -1 -1 -2 -2 -2 -1 0 0
0.194575820234152 -1.89239580628749 1.14613932931328 -1.55249828141279 -0.891718526132762 -1 0 1 0 2 1 1 0 2 2 2 1 1 2 1 2 2 0 0 0 0 1 1 0 1 2 2 1 2 0 0 2 0 1 2 2 1 0 0 0 2 0 1 2 1 0 2 2 2 0 1 1 1 2 1 1 0 0 0 0 2 1 2 2 1 2 0 1 0 0 2 1 2 2 0 0 0 0 0 1 2 0 1 0 2 1 2 1 1 0 2 1 0 1 1 1 1 2 1 1 1 0 -1 0 -2 -1 -1 0 -2 -2 -2 -1 -1 -2 -1 -2 -2 0 0 0 0 -1 -1 0 -1 -2 -2 -1 -2 0 0 -2 0 -1 -2 -2 -1 0 0 0 -2 0 -1 -2 -1 0 -2 -2 -2 0 -1 -1 -1 -2 -1 -1 0 0 0 0 -2 -1 -2 -2 -1 -2 0 -1 0 0 -2 -1 -2 -2 0 0 0 0 0 -1 -2 0 -1 0 -2 -1 -2 -1 -1 0 -2 -1 0 -1 -1 -1 -1 -2 -1 -1 -1
-2.11640924416202 0.440161998668897 0.724588482185788 -0.321351361038107 2.25726457934354 -1 0 1 1 2 1 0 0 2 2 2 1 1 2 2 2 2 1 0 0 0 0 1 1 2 2 2 0 1 2 1 1 1 2 1 2 2 0 1 0 2 0 0 2 2 1 2 2 2 0 1 0 0 2 1 0 0 0 1 0 0 0 2 2 2 2 1 2 1 1 2 0 2 2 0 0 0 0 1 2 2 2 1 0 2 0 1 0 2 1 2 2 1 1 0 1 0 2 1 0 0 0 -1 -1 -2 -1 0 0 -2 -2 -2 -1 -1 -2 -2 -2 -2 -1 0 0 0 0 -1 -1 -2 -2 -2 0 -1 -2 -1 -1 -1 -2 -1 -2 -2 0 -1 0 -2 0 0 -2 -2 -1 -2 -2 -2 0 -1 0 0 -2 -1 0 0 0 -1 0 0 0 -2 -2 -2 -2 -1 -2 -1 -1 -2 0 -2 -2 0 0 0 0 -1 -2 -2 -2 -1 0 -2 0 -1 0 -2 -1 -2 -2 -1 -1 0 -1 0 -2 -1 0 0
0.639730190282577 1.98411246656784 -1.6607517358513 -0.460320832072551 -0.23179796334866 -1 1 1 1 2 2 2 2 2 2 2 2 2 2 2 2 2 2 2 1 1 0 1 0 1 2 2 2 2 1 1 2 2 2 2 2 1 1 0 0 2 0 0 2 2 1 2 2 2 1 2 1 1 2 1 1 1 0 1 1 1 1 2 2 2 2 0 1 0 0 2 0 2 2 0 0 0 0 0 2 2 1 0 0 0 0 2 1 0 0 2 0 0 2 0 0 1 2 0 1 0 -1 -1 -1 -2 -2 -2 -2 -2 -2 -2 -2 -2 -2 -2 -2 -2 -2 -2 -1 -1 0 -1 0 -1 -2 -2 -2 -2 -1 -1 -2 -2 -2 -2 -2 -1 -1 0 0 -2 0 0 -2 -2 -1 -2 -2 -2 -1 -2 -1 -1 -2 -1 -1 -1 0 -1 -1 -1 -1 -2 -2 -2 -2 0 -1 0 0 -2 0 -2 -2 0 0 0 0 0 -2 -2 -1 0 0 0 0 -2 -1 0 0 -2 0 0 -2 0 0 -1 -2 0 -1 0
-2.31192973761901 1.43289394716986 0.801291261632593 -0.248996369770081 -0.753548826773559 1 0 0 0 2 1 0 0 2 2 2 2 1 2 2 2 2 2 1 0 0 1 2 2 2 2 2 1 2 1 1 2 0 1 2 1 0 0 0 0 2 0 0 2 1 1 2 2 2 0 1 1 0 2 2 0 0 1 1 1 0 1 1 2 2 2 0 1 0 0 2 0 2 2 0 0 0 2 2 2 2 1 0 0 0 0 1 0 1 2 0 0 0 2 2 1 1 2 1 0 0 0 0 0 2 1 0 0 2 2 2 2 1 2 2 2 2 2 1 0 0 1 2 2 2 2 2 1 2 1 1 2 0 1 2 1 0 0 0 0 2 0 0 2 1 1 2 2 2 0 1 1 0 2 2 0 0 1 1 1 0 1 1 2 2 2 0 1 0 0 2 0 2 2 0 0 0 2 2 2 2 1 0 0 0 0 1 0 1 2 0 0 0 2 2 1 1 2 1 0 0
-0.693696277302272 -0.578900572166556 -0.580584546163289 -0.525186675762355 -0.455698240515505 1 0 1 0 2 1 0 0 2 2 2 1 1 2 2 2 1 1 0 1 2 1 2 1 0 2 2 2 2 2 1 2 0 1 2 1 2 0 0 0 2 0 0 2 2 0 2 2 2 0 1 1 0 2 2 1 2 0 1 1 1 0 0 1 2 2 0 1 0 0 2 1 2 2 1 1 0 1 1 2 2 1 1 2 2 0 2 0 2 0 2 0 0 1 0 0 1 2 0 1 0 0 1 0 2 1 0 0 2 2 2 1 1 2 2 2 1 1 0 1 2 1 2 1 0 2 2 2 2 2 1 2 0 1 2 1 2 0 0 0 2 0 0 2 2 0 2 2 2 0 1 1 0 2 2 1 2 0 1 1 1 0 0 1 2 2 0 1 0 0 2 1 2 2 1 1 0 1 1 2 2 1 1 2 2 0 2 0 2 0 2 0 0 1 0 0 1 2 0 1 0
-0.728634359335847 0.450077194479399 0.80276281206497 -0.944886058689729 0.552472908305693 1 0 1 0 2 0 0 0 2 2 2 2 1 2 2 2 1 2 1 1 1 1 1 0 0 1 1 0 0 2 0 1 1 1 2 2 1 1 0 0 1 0 0 2 2 0 2 2 2 0 0 1 1 2 1 1 1 1 1 1 1 0 1 2 2 1 0 2 0 0 0 0 2 2 0 0 0 0 0 1 1 0 1 0 0 0 1 1 1 0 2 1 0 1 1 0 1 2 0 0 0 0 1 0 2 0 0 0 2 2 2 2 1 2 2 2 1 2 1 1 1 1 1 0 0 1 1 0 0 2 0 1 1 1 2 2 1 1 0 0 1 0 0 2 2 0 2 2 2 0 0 1 1 2 1 1 1 1 1 1 1 0 1 2 2 1 0 2 0 0 0 0 2 2 0 0 0 0 0 1 1 0 1 0 0 0 1 1 1 0 2 1 0 1 1 0 1 2 0 0 0
0.732806069049231 0.288146151241202 -1.12115753208185 -0.039739074757378 1.19892373624381 1 2 2 2 2 2 1 1 2 2 2 1 1 2 2 2 2 2 0 0 0 0 2 1 1 1 1 1 1 1 1 2 0 2 2 1 1 1 0 0 2 0 0 2 0 0 2 1 1 0 0 1 0 2 0 0 0 0 1 1 1 0 2 2 1 1 0 0 0 0 2 0 1 1 0 0 1 2 1 2 2 1 2 1 2 0 2 1 2 0 2 1 0 0 0 0 2 2 1 0 0 2 2 2 2 2 1 1 2 2 2 1 1 2 2 2 2 2 0 0 0 0 2 1 1 1 1 1 1 1 1 2 0 2 2 1 1 1 0 0 2 0 0 2 0 0 2 1 1 0 0 1 0 2 0 0 0 0 1 1 1 0 2 2 1 1 0 0 0 0 2 0 1 1 0 0 1 2 1 2 2 1 2 1 2 0 2 1 2 0 2 1 0 0 0 0 2 2 1 0 0
1.0890002682882 -0.521286045304939 0.37577563935437 0.594086493411197 -0.928072790642198 1 0 1 1 1 2 2 1 2 2 2 2 1 2 2 2 2 2 1 1 2 2 0 0 0 1 1 1 0 1 0 1 0 2 1 1 1 0 0 0 2 0 0 2 1 0 2 2 2 0 1 0 0 1 1 0 1 0 1 1 0 0 0 1 1 2 0 2 0 1 2 0 2 2 0 0 0 0 1 2 2 1 2 0 0 0 1 1 1 0 1 0 0 2 1 1 1 2 1 1 2 0 1 1 1 2 2 1 2 2 2 2 1 2 2 2 2 2 1 1 2 2 0 0 0 1 1 1 0 1 0 1 0 2 1 1 1 0 0 0 2 0 0 2 1 0 2 2 2 0 1 0 0 1 1 0 1 0 1 1 0 0 0 1 1 2 0 2 0 1 2 0 2 2 0 0 0 0 1 2 2 1 2 0 0 0 1 1 1 0 1 0 0 2 1 1 1 2 1 1 2
1.54959419673154 0.653830189843051 0.597918099884756 -0.260399907275749 1.98997273221633 1 1 2 1 2 2 1 0 2 2 2 1 0 1 2 2 2 2 0 0 1 1 2 1 2 2 1 1 1 0 0 1 0 0 1 1 2 1 0 0 2 0 1 2 1 0 0 1 2 0 0 0 0 1 1 1 2 1 1 1 1 2 1 2 0 0 0 0 0 1 2 0 2 2 0 0 0 1 1 2 2 2 1 0 0 0 2 1 2 1 2 1 0 1 0 1 1 2 1 0 1 1 2 1 2 2 1 0 2 2 2 1 0 1 2 2 2 2 0 0 1 1 2 1 2 2 1 1 1 0 0 1 0 0 1 1 2 1 0 0 2 0 1 2 1 0 0 1 2 0 0 0 0 1 1 1 2 1 1 1 1 2 1 2 0 0 0 0 0 1 2 0 2 2 0 0 0 1 1 2 2 2 1 0 0 0 2 1 2 1 2 1 0 1 0 1 1 2 1 0 1
1.45400057903971 -0.331878543478708 -0.345852832474905 -0.53381380853886 1.62662863848901 1 0 2 0 2 1 0 1 2 2 2 0 2 0 1 2 1 0 0 1 2 0 2 1 1 2 2 1 1 0 0 2 1 1 1 1 1 0 0 0 1 0 0 2 2 0 2 2 2 1 1 0 0 1 1 0 0 0 1 0 1 0 1 2 1 1 1 2 0 1 2 0 2 2 0 0 0 1 1 2 2 2 1 0 2 1 2 0 2 1 2 2 0 1 0 0 0 2 0 0 0 0 2 0 2 1 0 1 2 2 2 0 2 0 1 2 1 0 0 1 2 0 2 1 1 2 2 1 1 0 0 2 1 1 1 1 1 0 0 0 1 0 0 2 2 0 2 2 2 1 1 0 0 1 1 0 0 0 1 0 1 0 1 2 1 1 1 2 0 1 2 0 2 2 0 0 0 1 1 2 2 2 1 0 2 1 2 0 2 1 2 2 0 1 0 0 0 2 0 0 0
0.432212045005889 -1.96802427669952 -0.568145948246292 0.141832905418462 -0.220665892633744 1 0 2 1 2 1 1 1 2 2 2 1 1 2 2 2 2 2 1 1 1 0 2 2 2 2 2 1 2 0 0 2 1 2 1 2 1 1 1 0 2 0 0 2 2 1 2 1 1 0 1 0 0 1 1 1 1 1 2 1 0 0 0 2 1 2 0 1 0 1 2 0 2 2 0 0 1 1 2 2 2 1 1 0 0 0 1 0 0 0 2 1 0 1 1 0 1 2 1 0 0 0 2 1 2 1 1 1 2 2 2 1 1 2 2 2 2 2 1 1 1 0 2 2 2 2 2 1 2 0 0 2 1 2 1 2 1 1 1 0 2 0 0 2 2 1 2 1 1 0 1 0 0 1 1 1 1 1 2 1 0 0 0 2 1 2 0 1 0 1 2 0 2 2 0 0 1 1 2 2 2 1 1 0 0 0 1 0 0 0 2 1 0 1 1 0 1 2 1 0 0
-0.937777959457275 0.906201186419485 1.65661881461038 0.417186873662909 1.7457959472243 1 0 1 1 2 1 1 1 2 2 2 1 1 2 2 2 2 2 1 1 2 2 1 1 1 2 2 1 1 0 0 1 0 1 1 2 2 2 0 1 2 0 0 2 1 0 2 2 2 0 0 0 0 1 0 1 1 1 2 1 1 1 1 2 2 2 0 0 0 1 2 0 2 1 0 1 0 0 2 2 2 1 1 0 1 0 1 0 0 0 1 0 0 2 0 1 1 2 0 0 0 0 1 1 2 1 1 1 2 2 2 1 1 2 2 2 2 2 1 1 2 2 1 1 1 2 2 1 1 0 0 1 0 1 1 2 2 2 0 1 2 0 0 2 1 0 2 2 2 0 0 0 0 1 0 1 1 1 2 1 1 1 1 2 2 2 0 0 0 1 2 0 2 1 0 1 0 0 2 2 2 1 1 0 1 0 1 0 0 0 1 0 0 2 0 1 1 2 0 0 0
0.363862754192146 1.33768232381786 0.458940770235095 -0.831553789821558 0.601565578412214 -1 0 2 1 2 1 1 0 2 2 2 1 1 1 2 2 0 1 0 0 1 0 1 0 1 2 2 1 1 1 0 1 0 1 2 2 2 2 1 0 2 0 0 2 2 0 1 1 2 0 0 1 0 2 2 1 0 0 2 1 0 1 2 2 1 2 1 1 0 1 2 0 2 2 0 0 0 1 2 2 1 1 1 0 2 1 2 1 2 1 2 0 0 1 0 1 2 2 2 1 0 0 -2 -1 -2 -1 -1 0 -2 -2 -2 -1 -1 -1 -2 -2 0 -1 0 0 -1 0 -1 0 -1 -2 -2 -1 -1 -1 0 -1 0 -1 -2 -2 -2 -2 -1 0 -2 0 0 -2 -2 0 -1 -1 -2 0 0 -1 0 -2 -2 -1 0 0 -2 -1 0 -1 -2 -2 -1 -2 -1 -1 0 -1 -2 0 -2 -2 0 0 0 -1 -2 -2 -1 -1 -1 0 -2 -1 -2 -1 -2 -1 -2 0 0 -1 0 -1 -2 -2 -2 -1 0
-0.0636294992481721 0.584103016860309 -1.29788458168984 0.100242581637156 -1.93388661868144 1 0 1 2 2 1 2 0 2 2 2 1 1 1 2 2 1 2 1 1 1 0 1 1 1 2 2 2 2 2 1 2 2 2 2 2 2 2 1 1 2 0 0 2 1 0 2 2 2 1 1 2 0 2 2 1 1 1 1 1 1 1 1 1 0 2 0 1 0 0 1 0 2 1 0 0 0 1 1 2 2 0 1 0 2 1 2 1 1 0 2 0 0 1 0 1 1 2 1 0 1 0 1 2 2 1 2 0 2 2 2 1 1 1 2 2 1 2 1 1 1 0 1 1 1 2 2 2 2 2 1 2 2 2 2 2 2 2 1 1 2 0 0 2 1 0 2 2 2 1 1 2 0 2 2 1 1 1 1 1 1 1 1 1 0 2 0 1 0 0 1 0 2 1 0 0 0 1 1 2 2 0 1 0 2 1 2 1 1 0 2 0 0 1 0 1 1 2 1 0 1
0.100492950622918 -1.03884560221451 0.435271773124341 -1.64845535619507 1.41183081894435 -1 1 2 2 2 2 2 1 2 2 2 1 0 2 1 2 1 0 0 0 2 1 2 2 1 2 2 1 2 0 0 1 0 0 0 0 1 0 0 0 0 0 0 1 2 1 2 2 2 0 1 1 0 1 1 2 1 2 2 2 0 0 0 2 1 2 0 1 0 0 2 0 2 2 0 0 0 0 1 1 0 0 0 0 1 0 2 1 1 2 2 1 0 0 1 2 2 2 1 0 0 -1 -2 -2 -2 -2 -2 -1 -2 -2 -2 -1 0 -2 -1 -2 -1 0 0 0 -2 -1 -2 -2 -1 -2 -2 -1 -2 0 0 -1 0 0 0 0 -1 0 0 0 0 0 0 -1 -2 -1 -2 -2 -2 0 -1 -1 0 -1 -1 -2 -1 -2 -2 -2 0 0 0 -2 -1 -2 0 -1 0 0 -2 0 -2 -2 0 0 0 0 -1 -1 0 0 0 0 -1 0 -2 -1 -1 -2 -2 -1 0 0 -1 -2 -2 -2 -1 0 0
-1.79785770390397 -0.0184233701086175 2.95237773228033 0.334095611315465 -0.83905999753396 1 0 1 1 2 2 1 1 2 2 2 1 0 1 1 2 1 1 0 0 2 2 1 0 1 2 1 1 2 1 1 1 0 2 2 1 2 1 1 0 2 0 0 2 1 1 2 2 2 0 0 2 0 2 1 2 1 0 1 1 0 0 1 2 0 1 0 0 0 0 2 0 2 2 0 1 0 2 2 2 2 2 0 0 1 1 2 1 2 0 2 0 0 0 0 2 1 2 1 1 1 0 1 1 2 2 1 1 2 2 2 1 0 1 1 2 1 1 0 0 2 2 1 0 1 2 1 1 2 1 1 1 0 2 2 1 2 1 1 0 2 0 0 2 1 1 2 2 2 0 0 2 0 2 1 2 1 0 1 1 0 0 1 2 0 1 0 0 0 0 2 0 2 2 0 1 0 2 2 2 2 2 0 0 1 1 2 1 2 0 2 0 0 0 0 2 1 2 1 1 1
-1.5518460137445 1.50189404645866 -0.0113159281461866 -1.25031580782012 -0.649517279269011 1 0 1 0 2 1 1 0 2 2 2 1 0 1 1 2 1 1 0 1 1 0 1 0 0 1 0 0 0 2 0 2 2 2 2 2 2 2 0 0 2 0 1 2 2 1 2 2 2 0 1 1 0 1 0 0 1 1 2 1 0 0 2 2 2 2 2 1 0 1 2 0 2 2 0 0 0 1 1 2 2 1 0 1 2 1 2 1 2 1 1 1 0 2 0 1 1 2 1 2 0 0 1 0 2 1 1 0 2 2 2 1 0 1 1 2 1 1 0 1 1 0 1 0 0 1 0 0 0 2 0 2 2 2 2 2 2 2 0 0 2 0 1 2 2 1 2 2 2 0 1 1 0 1 0 0 1 1 2 1 0 0 2 2 2 2 2 1 0 1 2 0 2 2 0 0 0 1 1 2 2 1 0 1 2 1 2 1 2 1 1 1 0 2 0 1 1 2 1 2 0
-0.637838925285064 1.37305289673364 -1.13037396195882 -0.338681848493807 0.806010263490667 1 1 2 2 2 2 2 2 2 2 2 0 0 1 2 2 2 1 1 2 2 1 1 1 1 2 1 1 2 0 0 2 1 1 0 0 1 0 0 0 2 0 0 2 0 0 2 2 2 0 0 0 0 1 0 2 2 2 1 1 1 2 1 1 0 2 0 0 0 0 2 0 2 1 0 0 0 1 0 0 2 2 2 1 2 0 1 0 1 0 1 0 0 0 0 1 1 2 1 0 1 1 2 2 2 2 2 2 2 2 2 0 0 1 2 2 2 1 1 2 2 1 1 1 1 2 1 1 2 0 0 2 1 1 0 0 1 0 0 0 2 0 0 2 0 0 2 2 2 0 0 0 0 1 0 2 2 2 1 1 1 2 1 1 0 2 0 0 0 0 2 0 2 1 0 0 0 1 0 0 2 2 2 1 2 0 1 0 1 0 1 0 0 0 0 1 1 2 1 0 1
0.141979820705031 0.909044238794981 0.0588431048313564 1.74972719149148 1.26576815557671 1 0 1 0 2 1 2 0 2 2 2 1 2 2 2 2 2 2 1 1 1 0 2 0 2 2 2 2 2 1 1 2 1 1 1 1 2 1 0 0 2 0 0 2 2 1 2 2 2 1 1 2 1 2 1 0 1 0 0 0 0 0 0 2 1 2 0 1 1 2 2 0 2 2 0 0 0 0 0 2 1 0 0 0 2 0 2 0 2 2 1 0 0 0 0 1 1 2 0 0 0 0 1 0 2 1 2 0 2 2 2 1 2 2 2 2 2 2 1 1 1 0 2 0 2 2 2 2 2 1 1 2 1 1 1 1 2 1 0 0 2 0 0 2 2 1 2 2 2 1 1 2 1 2 1 0 1 0 0 0 0 0 0 2 1 2 0 1 1 2 2 0 2 2 0 0 0 0 0 2 1 0 0 0 2 0 2 0 2 2 1 0 0 0 0 1 1 2 0 0 0
-1.22601296416506 3.16623753749975 -0.545561881561685 -0.315098589977798 0.0258923186015633 1 0 2 1 2 2 1 0 2 2 2 1 2 2 2 2 1 0 0 0 1 0 2 0 0 2 2 2 1 1 0 2 1 0 0 0 1 0 0 0 2 0 0 2 1 0 1 2 1 1 2 1 0 0 0 0 0 1 2 1 2 1 2 2 1 1 0 0 0 1 2 0 1 2 0 0 0 0 0 2 0 0 0 0 1 0 2 1 2 1 2 0 0 2 1 1 1 2 0 0 0 0 2 1 2 2 1 0 2 2 2 1 2 2 2 2 1 0 0 0 1 0 2 0 0 2 2 2 1 1 0 2 1 0 0 0 1 0 0 0 2 0 0 2 1 0 1 2 1 1 2 1 0 0 0 0 0 1 2 1 2 1 2 2 1 1 0 0 0 1 2 0 1 2 0 0 0 0 0 2 0 0 0 0 1 0 2 1 2 1 2 0 0 2 1 1 1 2 0 0 0
-1.67246375964852 -0.843071407356413 -0.928361708785452 -0.0837380665819747 0.0528210588266836 -1 0 2 0 2 2 1 1 2 2 2 0 1 2 2 2 1 0 0 1 1 1 2 1 2 2 2 2 2 2 0 1 1 2 2 1 1 0 0 1 2 0 0 2 0 0 2 2 2 0 1 0 0 2 2 1 0 1 1 0 2 2 2 2 0 2 0 1 1 1 2 0 1 2 0 0 0 0 0 1 1 1 2 2 2 0 2 0 1 0 2 0 0 1 1 1 2 2 1 0 0 0 -2 0 -2 -2 -1 -1 -2 -2 -2 0 -1 -2 -2 -2 -1 0 0 -1 -1 -1 -2 -1 -2 -2 -2 -2 -2 -2 0 -1 -1 -2 -2 -1 -1 0 0 -1 -2 0 0 -2 0 0 -2 -2 -2 0 -1 0 0 -2 -2 -1 0 -1 -1 0 -2 -2 -2 -2 0 -2 0 -1 -1 -1 -2 0 -1 -2 0 0 0 0 0 -1 -1 -1 -2 -2 -2 0 -2 0 -1 0 -2 0 0 -1 -1 -1 -2 -2 -1 0 0
-0.648201816140728 -0.748770319741741 0.151695360322295 -1.07660827790759 -0.502985185132093 -1 1 2 2 2 2 2 2 2 2 2 1 1 0 2 2 2 1 0 0 1 1 2 1 1 2 2 1 2 2 1 2 1 2 2 2 2 2 0 0 2 0 0 2 1 0 2 2 2 0 1 0 0 1 1 1 1 0 0 2 1 2 1 2 2 2 1 1 0 1 2 0 1 2 0 0 0 2 2 2 2 1 1 1 2 0 1 0 2 1 1 1 0 1 1 0 1 2 0 0 0 -1 -2 -2 -2 -2 -2 -2 -2 -2 -2 -1 -1 0 -2 -2 -2 -1 0 0 -1 -1 -2 -1 -1 -2 -2 -1 -2 -2 -1 -2 -1 -2 -2 -2 -2 -2 0 0 -2 0 0 -2 -1 0 -2 -2 -2 0 -1 0 0 -1 -1 -1 -1 0 0 -2 -1 -2 -1 -2 -2 -2 -1 -1 0 -1 -2 0 -1 -2 0 0 0 -2 -2 -2 -2 -1 -1 -1 -2 0 -1 0 -2 -1 -1 -1 0 -1 -1 0 -1 -2 0 0 0
-0.653957887004644 1.67449937630738 -0.304236991199689 -1.53985853622064 1.28633723608946 1 1 2 0 2 2 0 1 2 2 2 1 1 2 2 2 2 2 1 0 1 0 1 0 2 2 2 1 2 1 0 0 0 1 1 0 2 0 0 0 2 1 0 2 1 0 1 2 2 0 1 1 0 2 1 1 2 0 2 2 1 0 2 2 1 2 0 2 0 1 2 0 2 2 0 0 0 1 1 2 2 2 1 0 2 0 2 1 1 1 1 2 0 1 0 0 1 2 1 1 0 1 2 0 2 2 0 1 2 2 2 1 1 2 2 2 2 2 1 0 1 0 1 0 2 2 2 1 2 1 0 0 0 1 1 0 2 0 0 0 2 1 0 2 1 0 1 2 2 0 1 1 0 2 1 1 2 0 2 2 1 0 2 2 1 2 0 2 0 1 2 0 2 2 0 0 0 1 1 2 2 2 1 0 2 0 2 1 1 1 1 2 0 1 0 0 1 2 1 1 0
0.644442173667131 -1.36403830881901 0.350887811670557 1.28187428242515 -1.80344951820165 1 1 0 2 2 2 1 0 2 2 2 1 2 1 1 2 1 1 1 1 1 1 2 1 1 1 1 1 1 0 0 1 1 2 0 1 2 0 0 0 1 0 0 1 0 0 1 2 2 0 1 2 1 2 1 2 1 0 1 1 2 2 2 2 2 2 0 2 0 1 2 0 2 2 0 0 0 0 1 2 2 1 0 1 2 0 2 0 2 1 1 0 0 1 1 1 2 2 1 0 1 1 0 2 2 2 1 0 2 2 2 1 2 1 1 2 1 1 1 1 1 1 2 1 1 1 1 1 1 0 0 1 1 2 0 1 2 0 0 0 1 0 0 1 0 0 1 2 2 0 1 2 1 2 1 2 1 0 1 1 2 2 2 2 2 2 0 2 0 1 2 0 2 2 0 0 0 0 1 2 2 1 0 1 2 0 2 0 2 1 1 0 0 1 1 1 2 2 1 0 1
-0.288002055885406 -0.803192870435919 -0.671023600206298 0.176835258230655 -1.37601053951435 -1 0 1 2 2 1 1 1 2 2 2 2 0 1 1 2 2 2 1 1 1 0 1 0 0 2 2 1 1 1 0 1 1 1 1 1 2 2 0 0 2 0 0 2 1 0 2 2 2 0 0 0 0 1 0 1 1 1 2 0 0 2 2 2 1 2 0 1 0 0 1 0 2 2 0 0 1 1 1 2 2 0 0 2 2 1 1 0 2 2 2 1 0 1 0 0 0 2 0 0 0 0 -1 -2 -2 -1 -1 -1 -2 -2 -2 -2 0 -1 -1 -2 -2 -2 -1 -1 -1 0 -1 0 0 -2 -2 -1 -1 -1 0 -1 -1 -1 -1 -1 -2 -2 0 0 -2 0 0 -2 -1 0 -2 -2 -2 0 0 0 0 -1 0 -1 -1 -1 -2 0 0 -2 -2 -2 -1 -2 0 -1 0 0 -1 0 -2 -2 0 0 -1 -1 -1 -2 -2 0 0 -2 -2 -1 -1 0 -2 -2 -2 -1 0 -1 0 0 0 -2 0 0 0
-0.482048966265452 -0.565282661357574 1.22924828584801 -0.921892776910123 -1.98001168340586 -1 1 2 1 2 1 1 2 2 2 2 1 0 1 1 2 2 1 0 1 1 1 2 1 1 2 1 0 1 1 1 1 2 2 1 2 2 0 0 0 2 0 0 2 1 0 1 2 2 0 0 1 0 1 0 1 0 0 1 1 0 1 1 2 2 2 0 1 0 2 2 0 2 2 0 0 0 1 1 2 2 0 0 0 1 0 1 1 1 1 0 0 0 0 0 1 1 2 0 0 0 -1 -2 -1 -2 -1 -1 -2 -2 -2 -2 -1 0 -1 -1 -2 -2 -1 0 -1 -1 -1 -2 -1 -1 -2 -1 0 -1 -1 -1 -1 -2 -2 -1 -2 -2 0 0 0 -2 0 0 -2 -1 0 -1 -2 -2 0 0 -1 0 -1 0 -1 0 0 -1 -1 0 -1 -1 -2 -2 -2 0 -1 0 -2 -2 0 -2 -2 0 0 0 -1 -1 -2 -2 0 0 0 -1 0 -1 -1 -1 -1 0 0 0 0 0 -1 -1 -2 0 0 0
-0.0459349538125394 -1.0095523726215 -1.94191395014108 -1.55642194196814 -0.457471118452908 1 1 1 1 1 1 1 0 2 2 2 0 2 2 2 2 2 2 1 0 2 2 1 0 2 2 2 2 2 2 1 0 0 1 0 1 1 0 0 0 2 0 1 2 2 0 2 2 2 0 1 0 0 2 1 1 1 1 0 0 1 1 1 1 0 1 0 1 0 0 1 0 1 2 0 0 0 0 0 2 2 0 1 0 2 1 2 1 2 0 2 0 0 1 0 0 1 2 1 1 0 1 1 1 1 1 1 0 2 2 2 0 2 2 2 2 2 2 1 0 2 2 1 0 2 2 2 2 2 2 1 0 0 1 0 1 1 0 0 0 2 0 1 2 2 0 2 2 2 0 1 0 0 2 1 1 1 1 0 0 1 1 1 1 0 1 0 1 0 0 1 0 1 2 0 0 0 0 0 2 2 0 1 0 2 1 2 1 2 0 2 0 0 1 0 0 1 2 1 1 0
-1.50780536878161 1.24059346524667 0.916538110088797 -0.778949219135721 -0.0190248422014438 1 1 2 2 2 1 1 0 2 2 2 0 1 2 2 2 2 1 0 0 2 1 1 1 2 2 2 2 2 2 1 1 1 2 2 2 2 0 0 1 2 0 0 2 2 2 2 2 2 0 0 0 0 1 0 1 1 0 0 0 0 1 1 2 2 2 0 2 1 1 2 0 1 2 0 0 0 1 1 2 2 1 0 0 0 0 1 0 1 1 2 0 0 1 0 1 1 2 0 0 0 1 2 2 2 1 1 0 2 2 2 0 1 2 2 2 2 1 0 0 2 1 1 1 2 2 2 2 2 2 1 1 1 2 2 2 2 0 0 1 2 0 0 2 2 2 2 2 2 0 0 0 0 1 0 1 1 0 0 0 0 1 1 2 2 2 0 2 1 1 2 0 1 2 0 0 0 1 1 2 2 1 0 0 0 0 1 0 1 1 2 0 0 1 0 1 1 2 0 0 0
0.205202988563441 -0.0954336228874042 0.785564333368904 -1.30118347123946 0.00771883910271791 -1 1 2 1 2 2 1 0 2 2 2 1 0 2 2 2 0 0 1 1 2 0 2 0 1 2 1 2 2 2 1 2 1 1 1 2 1 0 0 0 2 0 0 2 1 1 2 2 2 0 0 0 0 2 0 1 1 1 1 1 1 0 1 2 1 2 0 0 0 1 2 1 2 2 0 0 0 2 2 2 1 0 1 0 0 0 1 0 1 1 2 0 0 1 2 0 0 2 1 0 0 -1 -2 -1 -2 -2 -1 0 -2 -2 -2 -1 0 -2 -2 -2 0 0 -1 -1 -2 0 -2 0 -1 -2 -1 -2 -2 -2 -1 -2 -1 -1 -1 -2 -1 0 0 0 -2 0 0 -2 -1 -1 -2 -2 -2 0 0 0 0 -2 0 -1 -1 -1 -1 -1 -1 0 -1 -2 -1 -2 0 0 0 -1 -2 -1 -2 -2 0 0 0 -2 -2 -2 -1 0 -1 0 0 0 -1 0 -1 -1 -2 0 0 -1 -2 0 0 -2 -1 0 0
0.871056792127337 -0.539476285445865 1.15481524078345 0.742926570588168 -0.98486197876841 -1 1 2 2 2 2 1 1 2 2 1 1 0 2 1 2 1 1 0 0 0 0 2 1 0 2 2 1 2 2 0 1 1 1 0 1 2 0 0 1 2 1 0 2 1 1 2 2 2 0 0 1 0 2 1 0 2 1 1 0 1 2 2 2 1 2 0 1 0 1 2 0 2 2 0 1 0 1 2 2 1 1 1 0 1 0 2 0 1 1 0 0 0 1 1 0 0 2 1 1 0 -1 -2 -2 -2 -2 -1 -1 -2 -2 -1 -1 0 -2 -1 -2 -1 -1 0 0 0 0 -2 -1 0 -2 -2 -1 -2 -2 0 -1 -1 -1 0 -1 -2 0 0 -1 -2 -1 0 -2 -1 -1 -2 -2 -2 0 0 -1 0 -2 -1 0 -2 -1 -1 0 -1 -2 -2 -2 -1 -2 0 -1 0 -1 -2 0 -2 -2 0 -1 0 -1 -2 -2 -1 -1 -1 0 -1 0 -2 0 -1 -1 0 0 0 -1 -1 0 0 -2 -1 -1 0
1.61144677213556 -0.363449709344478 -1.24874898916068 -1.32165078306225 1.79645038873702 -1 0 1 1 2 2 1 1 2 2 2 0 1 2 2 2 2 2 2 1 2 2 2 0 2 2 2 1 2 2 2 2 2 2 1 2 2 2 1 0 2 0 0 2 2 1 2 2 2 1 2 1 0 1 0 1 1 1 2 1 0 1 1 2 2 2 0 1 0 1 2 0 2 2 0 1 2 2 2 2 2 2 1 1 1 0 2 1 1 1 2 0 0 0 0 0 0 1 0 0 1 0 -1 -1 -2 -2 -1 -1 -2 -2 -2 0 -1 -2 -2 -2 -2 -2 -2 -1 -2 -2 -2 0 -2 -2 -2 -1 -2 -2 -2 -2 -2 -2 -1 -2 -2 -2 -1 0 -2 0 0 -2 -2 -1 -2 -2 -2 -1 -2 -1 0 -1 0 -1 -1 -1 -2 -1 0 -1 -1 -2 -2 -2 0 -1 0 -1 -2 0 -2 -2 0 -1 -2 -2 -2 -2 -2 -2 -1 -1 -1 0 -2 -1 -1 -1 -2 0 0 0 0 0 0 -1 0 0 -1
-0.436805102369307 -1.47666124810461 -2.47554419459461 0.554402245339205 0.296240313453585 1 1 2 2 2 2 1 0 2 2 2 2 2 2 2 2 2 1 1 1 2 0 1 1 1 1 2 1 2 2 1 2 2 1 1 2 0 0 0 0 1 0 0 1 1 0 2 2 2 0 1 1 0 0 1 1 1 0 0 1 1 1 2 2 1 1 0 0 0 1 2 1 2 2 0 0 0 0 2 2 2 0 0 0 1 0 0 0 0 0 2 1 0 2 1 1 1 2 1 1 0 1 2 2 2 2 1 0 2 2 2 2 2 2 2 2 2 1 1 1 2 0 1 1 1 1 2 1 2 2 1 2 2 1 1 2 0 0 0 0 1 0 0 1 1 0 2 2 2 0 1 1 0 0 1 1 1 0 0 1 1 1 2 2 1 1 0 0 0 1 2 1 2 2 0 0 0 0 2 2 2 0 0 0 1 0 0 0 0 0 2 1 0 2 1 1 1 2 1 1 0
0.795307083873644 -0.173311861310142 -0.885328408306942 -0.0362582503472248 -0.557339556276832 1 1 2 2 2 2 0 0 2 2 2 1 2 2 2 2 2 2 0 0 1 1 2 0 2 2 1 1 1 1 1 2 2 1 2 2 1 0 0 0 0 0 0 2 2 1 2 2 2 0 0 1 0 1 0 1 0 0 1 0 1 1 2 2 2 2 0 1 1 0 2 0 2 2 0 1 0 2 1 2 2 0 1 0 1 0 2 1 2 2 2 1 0 2 2 2 1 2 1 0 0 1 2 2 2 2 0 0 2 2 2 1 2 2 2 2 2 2 0 0 1 1 2 0 2 2 1 1 1 1 1 2 2 1 2 2 1 0 0 0 0 0 0 2 2 1 2 2 2 0 0 1 0 1 0 1 0 0 1 0 1 1 2 2 2 2 0 1 1 0 2 0 2 2 0 1 0 2 1 2 2 0 1 0 1 0 2 1 2 2 2 1 0 2 2 2 1 2 1 0 0
-1.20615828958687 -0.358914882372837 -1.66369534026584 0.0258638117071002 -0.615332656874911 1 0 1 1 2 1 1 1 2 2 2 1 2 2 2 2 2 2 1 1 1 2 1 0 1 2 2 0 0 1 0 1 0 1 1 2 2 0 0 0 2 0 1 2 2 1 2 2 2 0 1 0 0 1 1 1 0 0 1 1 0 0 1 2 2 1 0 2 0 0 2 0 2 2 0 0 0 1 1 2 2 0 0 0 1 0 1 1 1 0 0 0 0 1 0 0 0 2 0 0 0 0 1 1 2 1 1 1 2 2 2 1 2 2 2 2 2 2 1 1 1 2 1 0 1 2 2 0 0 1 0 1 0 1 1 2 2 0 0 0 2 0 1 2 2 1 2 2 2 0 1 0 0 1 1 1 0 0 1 1 0 0 1 2 2 1 0 2 0 0 2 0 2 2 0 0 0 1 1 2 2 0 0 0 1 0 1 1 1 0 0 0 0 1 0 0 0 2 0 0 0
0.382302958168332 0.961915361609233 0.236096882511269 -0.0176489247630972 0.163920299958117 -1 0 0 1 2 0 0 0 2 2 2 1 2 1 1 2 1 2 1 1 0 0 2 0 1 2 2 0 0 1 1 2 0 1 2 2 1 0 0 0 2 0 0 2 2 1 1 2 1 0 1 1 0 1 0 0 0 1 0 0 1 1 2 2 1 2 1 2 1 1 2 0 2 2 0 0 1 2 1 2 2 0 0 0 1 1 2 0 0 1 2 0 0 1 0 0 0 1 0 0 0 0 0 -1 -2 0 0 0 -2 -2 -2 -1 -2 -1 -1 -2 -1 -2 -1 -1 0 0 -2 0 -1 -2 -2 0 0 -1 -1 -2 0 -1 -2 -2 -1 0 0 0 -2 0 0 -2 -2 -1 -1 -2 -1 0 -1 -1 0 -1 0 0 0 -1 0 0 -1 -1 -2 -2 -1 -2 -1 -2 -1 -1 -2 0 -2 -2 0 0 -1 -2 -1 -2 -2 0 0 0 -1 -1 -2 0 0 -1 -2 0 0 -1 0 0 0 -1 0 0 0
0.00450032089067022 -0.373633395373852 -0.711759455104289 0.161415580976809 1.6906059531943 -1 2 2 2 2 2 1 0 2 2 2 0 1 1 2 2 2 1 0 2 1 1 2 1 1 2 2 1 2 1 1 2 0 1 1 1 1 0 0 0 1 0 0 2 1 0 1 2 2 0 0 1 1 2 1 0 1 0 0 1 0 0 0 1 1 1 1 2 0 1 2 0 2 2 0 0 0 2 2 2 1 0 1 0 2 1 2 1 2 2 1 0 0 1 0 0 1 2 0 0 0 -2 -2 -2 -2 -2 -1 0 -2 -2 -2 0 -1 -1 -2 -2 -2 -1 0 -2 -1 -1 -2 -1 -1 -2 -2 -1 -2 -1 -1 -2 0 -1 -1 -1 -1 0 0 0 -1 0 0 -2 -1 0 -1 -2 -2 0 0 -1 -1 -2 -1 0 -1 0 0 -1 0 0 0 -1 -1 -1 -1 -2 0 -1 -2 0 -2 -2 0 0 0 -2 -2 -2 -1 0 -1 0 -2 -1 -2 -1 -2 -2 -1 0 0 -1 0 0 -1 -2 0 0 0
0.241504559037863 0.808002225797868 1.19089976136837 -0.0860692925684215 0.0850728990247714 -1 0 1 0 1 1 1 1 2 2 2 1 2 2 2 2 2 1 0 2 2 1 1 1 1 1 0 0 0 1 0 1 0 1 1 1 2 1 1 0 2 0 1 2 1 1 2 2 2 0 1 0 0 1 0 1 1 1 1 2 0 1 1 2 1 2 0 0 0 1 2 0 2 2 0 0 0 1 1 2 2 1 2 0 1 0 1 0 0 1 1 1 0 1 1 0 0 2 2 1 0 0 -1 0 -1 -1 -1 -1 -2 -2 -2 -1 -2 -2 -2 -2 -2 -1 0 -2 -2 -1 -1 -1 -1 -1 0 0 0 -1 0 -1 0 -1 -1 -1 -2 -1 -1 0 -2 0 -1 -2 -1 -1 -2 -2 -2 0 -1 0 0 -1 0 -1 -1 -1 -1 -2 0 -1 -1 -2 -1 -2 0 0 0 -1 -2 0 -2 -2 0 0 0 -1 -1 -2 -2 -1 -2 0 -1 0 -1 0 0 -1 -1 -1 0 -1 -1 0 0 -2 -2 -1 0
-1.17490442784294 -0.721237844377991 0.211781065074162 0.307288846213026 0.532898079630797 1 1 1 2 2 1 2 1 2 2 2 0 1 0 1 2 1 0 0 0 0 0 1 0 1 1 2 1 1 2 1 2 2 2 2 2 2 2 2 1 2 0 0 2 1 0 1 1 1 0 0 1 0 1 1 0 0 1 2 1 0 1 2 2 2 1 0 1 0 2 2 0 1 2 0 0 0 0 1 2 1 0 0 0 0 0 0 1 0 0 1 1 0 1 0 0 1 2 1 1 0 1 1 2 2 1 2 1 2 2 2 0 1 0 1 2 1 0 0 0 0 0 1 0 1 1 2 1 1 2 1 2 2 2 2 2 2 2 2 1 2 0 0 2 1 0 1 1 1 0 0 1 0 1 1 0 0 1 2 1 0 1 2 2 2 1 0 1 0 2 2 0 1 2 0 0 0 0 1 2 1 0 0 0 0 0 0 1 0 0 1 1 0 1 0 0 1 2 1 1 0
0.119923187282482 -0.512588203551881 -0.191925548164575 1.11370219628338 0.699835932621201 -1 1 2 1 2 2 1 1 2 2 2 1 1 1 2 2 1 1 0 0 1 1 2 1 1 2 2 2 2 1 0 1 0 1 1 1 1 0 1 0 2 0 0 2 1 0 2 2 2 1 2 0 0 1 1 1 0 0 0 1 0 0 0 2 0 1 0 0 0 0 2 0 2 2 0 0 1 1 1 2 1 0 1 1 2 0 2 2 2 2 1 1 1 2 2 2 2 2 1 1 0 -1 -2 -1 -2 -2 -1 -1 -2 -2 -2 -1 -1 -1 -2 -2 -1 -1 0 0 -1 -1 -2 -1 -1 -2 -2 -2 -2 -1 0 -1 0 -1 -1 -1 -1 0 -1 0 -2 0 0 -2 -1 0 -2 -2 -2 -1 -2 0 0 -1 -1 -1 0 0 0 -1 0 0 0 -2 0 -1 0 0 0 0 -2 0 -2 -2 0 0 -1 -1 -1 -2 -1 0 -1 -1 -2 0 -2 -2 -2 -2 -1 -1 -1 -2 -2 -2 -2 -2 -1 -1 0
-2.10099351614997 1.7314544745993 0.985926697678922 -0.922802359242153 -0.518702223941224 -1 1 2 2 2 2 1 0 2 2 2 0 2 1 2 2 1 0 0 0 1 1 1 1 2 2 2 1 2 2 0 1 1 1 1 2 1 0 0 1 1 0 0 2 1 0 2 2 2 1 2 1 0 2 1 1 0 1 1 1 1 1 1 2 2 2 0 1 0 0 2 0 1 2 0 1 1 1 1 2 2 1 2 0 1 1 2 0 1 1 2 1 0 0 0 0 1 2 0 0 0 -1 -2 -2 -2 -2 -1 0 -2 -2 -2 0 -2 -1 -2 -2 -1 0 0 0 -1 -1 -1 -1 -2 -2 -2 -1 -2 -2 0 -1 -1 -1 -1 -2 -1 0 0 -1 -1 0 0 -2 -1 0 -2 -2 -2 -1 -2 -1 0 -2 -1 -1 0 -1 -1 -1 -1 -1 -1 -2 -2 -2 0 -1 0 0 -2 0 -1 -2 0 -1 -1 -1 -1 -2 -2 -1 -2 0 -1 -1 -2 0 -1 -1 -2 -1 0 0 0 0 -1 -2 0 0 0
0.0745646776094303 0.322702952471806 -1.47470324611203 -0.483135770688284 0.310284157093467 -1 0 2 2 2 1 1 1 2 2 2 1 1 2 2 2 2 1 0 0 0 0 1 0 2 2 2 0 1 1 2 2 1 2 1 2 2 2 1 0 1 0 1 2 1 0 2 2 2 0 1 1 0 1 2 2 1 2 1 0 1 1 1 2 2 2 0 1 0 1 2 1 2 2 0 0 1 2 2 2 1 1 0 0 1 1 1 0 1 0 2 1 0 2 1 2 1 2 0 0 0 0 -2 -2 -2 -1 -1 -1 -2 -2 -2 -1 -1 -2 -2 -2 -2 -1 0 0 0 0 -1 0 -2 -2 -2 0 -1 -1 -2 -2 -1 -2 -1 -2 -2 -2 -1 0 -1 0 -1 -2 -1 0 -2 -2 -2 0 -1 -1 0 -1 -2 -2 -1 -2 -1 0 -1 -1 -1 -2 -2 -2 0 -1 0 -1 -2 -1 -2 -2 0 0 -1 -2 -2 -2 -1 -1 0 0 -1 -1 -1 0 -1 0 -2 -1 0 -2 -1 -2 -1 -2 0 0 0
-1.1141756578322 1.33479983632386 -1.09971514945802 1.40540120021983 -0.26383218170423 -1 1 1 1 2 2 0 1 2 2 2 0 2 2 2 2 2 2 0 1 1 0 1 0 0 1 2 1 2 0 1 1 0 1 2 2 2 2 1 0 1 0 0 2 0 0 1 1 2 0 1 1 0 2 1 2 1 0 2 2 1 0 1 2 2 2 0 1 0 0 2 0 2 1 0 0 0 0 1 2 1 1 1 0 0 1 2 2 2 1 2 0 0 2 0 0 1 2 1 1 1 -1 -1 -1 -2 -2 0 -1 -2 -2 -2 0 -2 -2 -2 -2 -2 -2 0 -1 -1 0 -1 0 0 -1 -2 -1 -2 0 -1 -1 0 -1 -2 -2 -2 -2 -1 0 -1 0 0 -2 0 0 -1 -1 -2 0 -1 -1 0 -2 -1 -2 -1 0 -2 -2 -1 0 -1 -2 -2 -2 0 -1 0 0 -2 0 -2 -1 0 0 0 0 -1 -2 -1 -1 -1 0 0 -1 -2 -2 -2 -1 -2 0 0 -2 0 0 -1 -2 -1 -1 -1
-0.932223983144385 -0.284331648611318 -0.565645529780512 -0.354274981444257 -0.0541172410185223 -1 1 1 0 2 0 1 0 2 2 2 0 0 2 2 2 1 2 1 2 2 0 1 0 1 2 2 1 2 1 0 1 0 1 0 2 2 1 1 0 2 0 0 2 1 0 2 2 1 0 0 2 0 2 2 2 2 1 0 1 1 2 2 2 1 2 0 1 1 1 2 0 2 2 0 0 1 0 1 2 2 0 0 0 1 0 1 0 1 1 1 1 0 2 1 0 1 2 0 0 0 -1 -1 0 -2 0 -1 0 -2 -2 -2 0 0 -2 -2 -2 -1 -2 -1 -2 -2 0 -1 0 -1 -2 -2 -1 -2 -1 0 -1 0 -1 0 -2 -2 -1 -1 0 -2 0 0 -2 -1 0 -2 -2 -1 0 0 -2 0 -2 -2 -2 -2 -1 0 -1 -1 -2 -2 -2 -1 -2 0 -1 -1 -1 -2 0 -2 -2 0 0 -1 0 -1 -2 -2 0 0 0 -1 0 -1 0 -1 -1 -1 -1 0 -2 -1 0 -1 -2 0 0 0
-0.244944982947096 0.222761920852499 -0.342702755461934 -0.42858942966937 -1.58941067152096 1 0 1 1 2 2 2 2 2 2 2 1 2 0 2 2 2 1 0 1 1 1 1 0 1 2 1 1 2 2 0 1 1 2 2 1 2 1 1 0 2 0 0 2 1 0 2 1 2 1 0 1 1 1 0 0 0 2 1 1 1 2 2 2 2 2 0 1 0 1 2 0 2 2 0 0 0 0 0 2 1 1 0 0 1 0 0 0 0 0 1 1 0 0 0 0 1 2 0 1 0 0 1 1 2 2 2 2 2 2 2 1 2 0 2 2 2 1 0 1 1 1 1 0 1 2 1 1 2 2 0 1 1 2 2 1 2 1 1 0 2 0 0 2 1 0 2 1 2 1 0 1 1 1 0 0 0 2 1 1 1 2 2 2 2 2 0 1 0 1 2 0 2 2 0 0 0 0 0 2 1 1 0 0 1 0 0 0 0 0 1 1 0 0 0 0 1 2 0 1 0
0.89374749513597 0.364194992472922 -1.82804011108985 -0.46806963622985 -0.171454391968139 1 0 1 0 2 1 0 1 2 2 2 1 2 1 2 2 2 2 1 1 1 1 2 1 2 2 2 1 2 1 0 2 2 2 1 2 2 0 1 0 2 0 1 2 0 0 1 1 2 0 0 0 0 0 0 0 0 0 1 1 0 1 2 2 0 1 1 2 1 1 2 0 2 2 0 0 0 0 0 2 2 1 1 0 1 1 2 1 2 2 2 1 0 1 0 0 2 2 2 1 0 0 1 0 2 1 0 1 2 2 2 1 2 1 2 2 2 2 1 1 1 1 2 1 2 2 2 1 2 1 0 2 2 2 1 2 2 0 1 0 2 0 1 2 0 0 1 1 2 0 0 0 0 0 0 0 0 0 1 1 0 1 2 2 0 1 1 2 1 1 2 0 2 2 0 0 0 0 0 2 2 1 1 0 1 1 2 1 2 2 2 1 0 1 0 0 2 2 2 1 0
0.205421272727066 -1.41016645300512 0.83223624460704 -0.305412791029701 1.06821002563771 -1 1 2 2 2 2 1 1 2 2 2 1 1 2 2 2 1 1 0 2 2 1 2 0 0 2 2 0 2 2 0 1 2 2 1 1 1 2 1 0 2 0 0 2 2 1 2 2 2 0 0 0 0 1 0 0 1 1 1 2 0 1 1 2 2 2 0 0 0 0 2 1 2 2 0 1 0 1 1 1 1 0 1 0 0 0 1 0 1 1 1 0 0 1 1 0 1 2 2 1 1 -1 -2 -2 -2 -2 -1 -1 -2 -2 -2 -1 -1 -2 -2 -2 -1 -1 0 -2 -2 -1 -2 0 0 -2 -2 0 -2 -2 0 -1 -2 -2 -1 -1 -1 -2 -1 0 -2 0 0 -2 -2 -1 -2 -2 -2 0 0 0 0 -1 0 0 -1 -1 -1 -2 0 -1 -1 -2 -2 -2 0 0 0 0 -2 -1 -2 -2 0 -1 0 -1 -1 -1 -1 0 -1 0 0 0 -1 0 -1 -1 -1 0 0 -1 -1 0 -1 -2 -2 -1 -1
-0.283372089612295 0.736198467729422 -1.10114665519194 -1.8530733776788 0.0706374595866501 -1 1 2 1 2 2 1 1 2 2 2 1 1 2 2 2 1 1 0 0 2 2 0 0 1 1 1 0 1 1 1 1 0 1 1 2 2 1 1 0 1 0 0 2 1 0 1 2 2 0 1 2 0 2 0 1 0 0 1 0 1 1 2 2 0 1 0 1 1 1 1 2 2 2 0 0 0 1 1 2 1 1 1 0 0 0 2 1 2 2 2 1 0 2 1 1 0 2 0 0 0 -1 -2 -1 -2 -2 -1 -1 -2 -2 -2 -1 -1 -2 -2 -2 -1 -1 0 0 -2 -2 0 0 -1 -1 -1 0 -1 -1 -1 -1 0 -1 -1 -2 -2 -1 -1 0 -1 0 0 -2 -1 0 -1 -2 -2 0 -1 -2 0 -2 0 -1 0 0 -1 0 -1 -1 -2 -2 0 -1 0 -1 -1 -1 -1 -2 -2 -2 0 0 0 -1 -1 -2 -1 -1 -1 0 0 0 -2 -1 -2 -2 -2 -1 0 -2 -1 -1 0 -2 0 0 0
-0.824565012186643 -0.815440903911181 -0.343275126333696 0.694691224988519 1.64343396182762 -1 1 1 2 2 2 1 0 2 2 2 1 1 2 2 2 2 2 2 1 1 0 1 0 1 1 2 1 2 2 2 2 1 1 1 2 2 1 1 0 1 0 0 2 1 1 2 2 1 0 1 0 0 1 2 1 0 0 1 0 1 2 2 2 2 2 0 1 1 1 2 0 2 2 0 0 0 0 1 1 0 0 1 0 0 0 1 1 1 0 2 1 0 1 0 1 1 2 0 1 0 -1 -1 -2 -2 -2 -1 0 -2 -2 -2 -1 -1 -2 -2 -2 -2 -2 -2 -1 -1 0 -1 0 -1 -1 -2 -1 -2 -2 -2 -2 -1 -1 -1 -2 -2 -1 -1 0 -1 0 0 -2 -1 -1 -2 -2 -1 0 -1 0 0 -1 -2 -1 0 0 -1 0 -1 -2 -2 -2 -2 -2 0 -1 -1 -1 -2 0 -2 -2 0 0 0 0 -1 -1 0 0 -1 0 0 0 -1 -1 -1 0 -2 -1 0 -1 0 -1 -1 -2 0 -1 0
-0.873871991542882 -1.670472055342 -0.192665594213516 -0.918157448518893 -0.439796170516819 1 1 1 1 2 2 0 0 2 2 2 1 1 0 0 2 0 0 0 0 2 0 1 1 1 1 1 0 1 1 1 1 1 1 0 0 2 1 0 0 2 0 0 2 1 0 2 2 2 0 1 0 0 0 0 0 0 1 1 0 0 1 2 2 2 2 1 1 0 0 2 0 1 2 0 0 0 1 2 1 0 0 1 1 1 1 2 2 1 1 2 1 0 2 2 2 1 2 1 1 0 1 1 1 2 2 0 0 2 2 2 1 1 0 0 2 0 0 0 0 2 0 1 1 1 1 1 0 1 1 1 1 1 1 0 0 2 1 0 0 2 0 0 2 1 0 2 2 2 0 1 0 0 0 0 0 0 1 1 0 0 1 2 2 2 2 1 1 0 0 2 0 1 2 0 0 0 1 2 1 0 0 1 1 1 1 2 2 1 1 2 1 0 2 2 2 1 2 1 1 0
0.587511521406461 -1.58761514487944 1.67605084954624 -1.67416638419678 2.05859716925188 1 0 1 1 1 1 0 0 2 2 2 0 2 2 2 2 2 1 0 0 0 0 1 0 1 2 2 0 1 1 1 2 0 1 2 1 2 2 1 0 2 0 0 2 2 1 2 2 2 0 1 1 0 2 1 2 2 1 1 2 0 1 2 2 2 2 1 2 1 1 2 1 2 2 0 0 0 2 2 2 0 1 0 0 0 0 1 1 1 1 2 1 0 1 1 1 1 2 1 0 0 0 1 1 1 1 0 0 2 2 2 0 2 2 2 2 2 1 0 0 0 0 1 0 1 2 2 0 1 1 1 2 0 1 2 1 2 2 1 0 2 0 0 2 2 1 2 2 2 0 1 1 0 2 1 2 2 1 1 2 0 1 2 2 2 2 1 2 1 1 2 1 2 2 0 0 0 2 2 2 0 1 0 0 0 0 1 1 1 1 2 1 0 1 1 1 1 2 1 0 0
0.730931057450714 1.14015162158265 -0.129803513195281 -1.19536037797712 -0.682647222495603 1 1 2 1 2 1 1 0 2 2 2 2 1 1 2 2 0 0 0 0 0 1 1 0 1 1 1 0 2 2 1 0 1 1 1 1 1 0 1 0 2 0 0 2 2 0 1 1 0 0 0 1 0 2 0 0 1 0 0 0 1 0 1 2 0 1 0 2 1 0 2 0 2 2 0 0 0 2 0 2 2 1 2 0 0 1 2 2 2 1 1 0 0 1 0 1 1 2 1 0 0 1 2 1 2 1 1 0 2 2 2 2 1 1 2 2 0 0 0 0 0 1 1 0 1 1 1 0 2 2 1 0 1 1 1 1 1 0 1 0 2 0 0 2 2 0 1 1 0 0 0 1 0 2 0 0 1 0 0 0 1 0 1 2 0 1 0 2 1 0 2 0 2 2 0 0 0 2 0 2 2 1 2 0 0 1 2 2 2 1 1 0 0 1 0 1 1 2 1 0 0
-0.152999468628263 0.906559999343693 -0.93378277476456 0.860207274738221 -1.33836589461022 -1 0 0 1 2 2 0 0 2 2 2 1 2 1 2 2 1 0 0 1 2 2 0 0 1 2 1 2 2 1 0 1 1 1 1 2 2 2 0 0 1 0 1 2 1 0 2 2 2 0 1 0 1 2 0 1 0 0 0 0 1 1 2 2 2 2 0 1 1 1 1 1 2 2 0 0 0 0 0 2 1 0 2 1 2 0 2 0 1 2 1 0 0 1 0 1 1 2 1 1 0 0 0 -1 -2 -2 0 0 -2 -2 -2 -1 -2 -1 -2 -2 -1 0 0 -1 -2 -2 0 0 -1 -2 -1 -2 -2 -1 0 -1 -1 -1 -1 -2 -2 -2 0 0 -1 0 -1 -2 -1 0 -2 -2 -2 0 -1 0 -1 -2 0 -1 0 0 0 0 -1 -1 -2 -2 -2 -2 0 -1 -1 -1 -1 -1 -2 -2 0 0 0 0 0 -2 -1 0 -2 -1 -2 0 -2 0 -1 -2 -1 0 0 -1 0 -1 -1 -2 -1 -1 0
0.686243180919262 0.539448852394068 -0.521010258647251 1.62752566661699 -1.70499975034922 1 0 0 0 2 2 1 1 2 2 2 2 1 2 1 2 1 1 0 1 1 0 2 0 1 2 1 1 2 1 1 2 2 2 1 1 1 0 0 1 2 0 0 2 1 0 2 2 1 0 0 1 0 1 1 0 0 0 0 1 1 0 1 2 1 1 0 1 0 0 2 0 1 2 0 0 0 0 1 2 2 1 1 0 1 0 1 1 1 0 1 0 0 1 0 0 1 2 0 0 0 0 0 0 2 2 1 1 2 2 2 2 1 2 1 2 1 1 0 1 1 0 2 0 1 2 1 1 2 1 1 2 2 2 1 1 1 0 0 1 2 0 0 2 1 0 2 2 1 0 0 1 0 1 1 0 0 0 0 1 1 0 1 2 1 1 0 1 0 0 2 0 1 2 0 0 0 0 1 2 2 1 1 0 1 0 1 1 1 0 1 0 0 1 0 0 1 2 0 0 0
1.49747968713439 1.65980871893763 -0.0309623605225279 0.947072818092854 -0.014102971445001 -1 1 2 1 2 2 2 2 2 2 2 0 1 2 2 2 1 1 0 2 1 2 2 0 0 2 2 0 1 0 1 2 2 2 2 2 2 2 2 0 2 0 0 2 1 0 1 2 1 0 1 2 0 1 0 0 0 1 2 2 0 1 1 2 2 2 1 2 0 0 2 0 2 2 0 0 0 0 1 2 1 0 2 0 2 2 2 2 2 2 2 0 0 1 0 1 1 2 1 0 0 -1 -2 -1 -2 -2 -2 -2 -2 -2 -2 0 -1 -2 -2 -2 -1 -1 0 -2 -1 -2 -2 0 0 -2 -2 0 -1 0 -1 -2 -2 -2 -2 -2 -2 -2 -2 0 -2 0 0 -2 -1 0 -1 -2 -1 0 -1 -2 0 -1 0 0 0 -1 -2 -2 0 -1 -1 -2 -2 -2 -1 -2 0 0 -2 0 -2 -2 0 0 0 0 -1 -2 -1 0 -2 0 -2 -2 -2 -2 -2 -2 -2 0 0 -1 0 -1 -1 -2 -1 0 0
-0.496691352604329 -1.08331325918975 0.0470529163945518 -0.583327514515285 -2.04876865109066 -1 0 0 1 2 1 0 0 2 2 2 0 1 2 2 2 2 1 0 1 1 0 2 0 1 2 2 1 1 1 1 2 1 2 1 1 1 0 1 0 1 0 1 2 1 1 2 2 2 0 1 0 0 2 1 0 1 1 2 0 0 1 2 2 2 2 0 1 0 0 2 0 1 2 0 0 0 0 0 1 1 0 0 0 1 1 1 2 2 1 2 1 0 1 0 1 1 2 0 0 0 0 0 -1 -2 -1 0 0 -2 -2 -2 0 -1 -2 -2 -2 -2 -1 0 -1 -1 0 -2 0 -1 -2 -2 -1 -1 -1 -1 -2 -1 -2 -1 -1 -1 0 -1 0 -1 0 -1 -2 -1 -1 -2 -2 -2 0 -1 0 0 -2 -1 0 -1 -1 -2 0 0 -1 -2 -2 -2 -2 0 -1 0 0 -2 0 -1 -2 0 0 0 0 0 -1 -1 0 0 0 -1 -1 -1 -2 -2 -1 -2 -1 0 -1 0 -1 -1 -2 0 0 0
0.498935753895526 -0.0532118188842588 1.95549045654618 0.17750132761187 -1.23405564999046 -1 1 1 1 2 2 1 2 2 2 2 0 1 2 2 2 1 0 0 0 0 0 1 1 2 2 2 1 2 1 0 2 1 2 1 0 0 0 0 0 1 0 1 2 1 0 2 2 1 0 1 1 0 2 1 1 0 2 2 2 1 2 1 2 2 1 0 1 0 1 2 0 2 2 0 0 0 0 1 2 0 1 0 0 0 0 0 1 0 0 1 1 0 1 0 0 0 2 1 0 0 -1 -1 -1 -2 -2 -1 -2 -2 -2 -2 0 -1 -2 -2 -2 -1 0 0 0 0 0 -1 -1 -2 -2 -2 -1 -2 -1 0 -2 -1 -2 -1 0 0 0 0 0 -1 0 -1 -2 -1 0 -2 -2 -1 0 -1 -1 0 -2 -1 -1 0 -2 -2 -2 -1 -2 -1 -2 -2 -1 0 -1 0 -1 -2 0 -2 -2 0 0 0 0 -1 -2 0 -1 0 0 0 0 0 -1 0 0 -1 -1 0 -1 0 0 0 -2 -1 0 0
-0.28929394113374 0.143615471354235 0.25166493433892 -1.80050841801008 0.223171041924918 1 1 1 0 2 2 2 1 2 2 2 1 0 1 1 2 1 0 0 0 0 0 1 0 1 2 2 1 1 0 1 2 0 2 0 1 2 2 1 0 1 0 0 2 1 0 2 2 2 0 1 1 0 1 0 1 0 0 1 1 0 0 1 2 1 2 0 1 0 1 2 0 1 2 0 1 0 1 2 2 1 0 1 0 1 0 1 1 1 0 2 1 0 2 0 1 1 2 0 0 0 1 1 0 2 2 2 1 2 2 2 1 0 1 1 2 1 0 0 0 0 0 1 0 1 2 2 1 1 0 1 2 0 2 0 1 2 2 1 0 1 0 0 2 1 0 2 2 2 0 1 1 0 1 0 1 0 0 1 1 0 0 1 2 1 2 0 1 0 1 2 0 1 2 0 1 0 1 2 2 1 0 1 0 1 0 1 1 1 0 2 1 0 2 0 1 1 2 0 0 0
1.93840049290303 0.876807662807742 -1.60522943103141 1.51896324818298 1.23995953221972 1 0 2 1 2 1 0 0 2 2 2 1 1 2 1 2 2 2 0 1 2 1 2 1 1 2 2 2 2 0 0 1 1 1 1 0 2 2 0 0 2 0 0 2 1 0 2 1 1 0 0 1 0 2 2 1 1 1 2 2 0 1 1 1 1 2 0 1 1 1 2 0 2 2 0 0 0 2 2 2 1 1 2 1 1 0 2 1 2 1 2 1 1 1 0 1 1 2 0 0 0 0 2 1 2 1 0 0 2 2 2 1 1 2 1 2 2 2 0 1 2 1 2 1 1 2 2 2 2 0 0 1 1 1 1 0 2 2 0 0 2 0 0 2 1 0 2 1 1 0 0 1 0 2 2 1 1 1 2 2 0 1 1 1 1 2 0 1 1 1 2 0 2 2 0 0 0 2 2 2 1 1 2 1 1 0 2 1 2 1 2 1 1 1 0 1 1 2 0 0 0
-1.00198627836767 -0.38697411409569 -0.46539665955185 1.72567619690041 -1.59860275372202 1 2 2 1 2 2 1 2 2 2 2 1 0 2 2 2 2 2 0 0 0 0 2 1 1 2 1 0 0 1 0 2 1 2 1 2 2 1 1 0 2 0 0 2 0 1 2 2 2 1 2 0 0 1 0 0 0 0 1 1 1 1 1 2 0 1 0 1 0 0 1 0 2 2 0 0 0 0 0 2 2 0 1 0 1 1 2 1 2 2 2 0 0 0 0 1 0 1 0 0 0 2 2 1 2 2 1 2 2 2 2 1 0 2 2 2 2 2 0 0 0 0 2 1 1 2 1 0 0 1 0 2 1 2 1 2 2 1 1 0 2 0 0 2 0 1 2 2 2 1 2 0 0 1 0 0 0 0 1 1 1 1 1 2 0 1 0 1 0 0 1 0 2 2 0 0 0 0 0 2 2 0 1 0 1 1 2 1 2 2 2 0 0 0 0 1 0 1 0 0 0
0.488493564880866 0.700975430129568 0.104641106823977 2.01491635859751 1.29626336385889 -1 0 2 1 2 0 0 1 2 2 2 1 1 1 2 2 2 1 0 0 1 1 1 0 0 2 2 1 1 2 1 2 0 2 2 2 2 0 0 0 1 0 0 2 2 2 2 2 1 0 1 0 0 2 1 0 1 0 1 1 2 2 2 2 1 2 1 2 0 0 2 0 1 2 0 1 0 1 2 2 2 2 1 0 2 0 2 1 2 2 1 0 0 1 1 1 1 2 2 0 0 0 -2 -1 -2 0 0 -1 -2 -2 -2 -1 -1 -1 -2 -2 -2 -1 0 0 -1 -1 -1 0 0 -2 -2 -1 -1 -2 -1 -2 0 -2 -2 -2 -2 0 0 0 -1 0 0 -2 -2 -2 -2 -2 -1 0 -1 0 0 -2 -1 0 -1 0 -1 -1 -2 -2 -2 -2 -1 -2 -1 -2 0 0 -2 0 -1 -2 0 -1 0 -1 -2 -2 -2 -2 -1 0 -2 0 -2 -1 -2 -2 -1 0 0 -1 -1 -1 -1 -2 -2 0 0
0.0581102777979355 -0.543609006274823 1.93559490474608 -2.04051249810634 1.70114893284976 -1 1 2 2 2 1 1 0 2 2 2 1 0 2 2 2 1 1 1 1 0 0 1 0 2 2 2 2 2 0 0 1 1 0 0 1 1 0 0 0 2 0 0 2 2 0 2 2 1 0 1 2 0 1 0 0 0 0 0 1 0 0 1 2 1 2 0 1 0 1 2 0 1 2 0 0 0 2 2 2 2 1 0 0 0 0 2 1 1 0 0 0 0 2 0 0 2 2 0 0 0 -1 -2 -2 -2 -1 -1 0 -2 -2 -2 -1 0 -2 -2 -2 -1 -1 -1 -1 0 0 -1 0 -2 -2 -2 -2 -2 0 0 -1 -1 0 0 -1 -1 0 0 0 -2 0 0 -2 -2 0 -2 -2 -1 0 -1 -2 0 -1 0 0 0 0 0 -1 0 0 -1 -2 -1 -2 0 -1 0 -1 -2 0 -1 -2 0 0 0 -2 -2 -2 -2 -1 0 0 0 0 -2 -1 -1 0 0 0 0 -2 0 0 -2 -2 0 0 0
-0.591196829207345 -1.31474483415735 0.093986550934637 -0.12108899089212 -1.25223305568378 -1 1 1 1 2 2 1 1 2 2 2 0 1 2 2 2 2 1 1 0 1 1 1 0 1 2 1 0 0 1 1 2 0 1 1 2 1 1 1 1 2 0 0 2 1 0 1 1 2 0 0 2 2 2 0 1 1 1 2 2 0 0 2 2 2 2 0 0 0 0 1 0 2 2 1 1 1 1 2 2 2 0 2 0 2 1 2 1 1 1 2 2 1 1 0 1 1 2 1 1 1 -1 -1 -1 -2 -2 -1 -1 -2 -2 -2 0 -1 -2 -2 -2 -2 -1 -1 0 -1 -1 -1 0 -1 -2 -1 0 0 -1 -1 -2 0 -1 -1 -2 -1 -1 -1 -1 -2 0 0 -2 -1 0 -1 -1 -2 0 0 -2 -2 -2 0 -1 -1 -1 -2 -2 0 0 -2 -2 -2 -2 0 0 0 0 -1 0 -2 -2 -1 -1 -1 -1 -2 -2 -2 0 -2 0 -2 -1 -2 -1 -1 -1 -2 -2 -1 -1 0 -1 -1 -2 -1 -1 -1
-0.273731339610907 -0.628861436522529 -0.353183349105529 1.24406208661357 0.812399382780116 1 0 2 2 2 2 1 1 2 2 2 0 0 2 2 2 2 2 1 2 0 0 2 1 2 2 2 1 2 0 0 1 0 0 2 2 2 1 0 0 2 0 0 2 0 0 2 2 1 0 1 1 0 2 1 2 1 1 1 1 1 1 2 2 1 2 0 1 1 1 2 0 2 2 0 0 1 2 2 2 1 2 1 1 2 1 2 1 1 1 1 0 1 2 1 2 2 2 1 0 0 0 2 2 2 2 1 1 2 2 2 0 0 2 2 2 2 2 1 2 0 0 2 1 2 2 2 1 2 0 0 1 0 0 2 2 2 1 0 0 2 0 0 2 0 0 2 2 1 0 1 1 0 2 1 2 1 1 1 1 1 1 2 2 1 2 0 1 1 1 2 0 2 2 0 0 1 2 2 2 1 2 1 1 2 1 2 1 1 1 1 0 1 2 1 2 2 2 1 0 0
-0.622923248291533 -1.64258355771157 0.845370956352446 -0.776291533366801 -0.720907005145739 1 0 0 0 2 1 1 1 2 1 2 0 1 2 2 2 2 1 2 2 2 0 2 1 2 2 2 1 2 1 0 1 0 1 0 0 1 0 0 0 2 0 1 2 1 0 2 2 1 0 0 0 0 1 0 0 0 1 1 1 1 1 2 2 1 1 0 0 0 0 2 0 2 2 0 0 0 1 2 2 2 1 0 0 1 0 1 0 1 1 2 0 0 1 0 1 1 2 1 0 1 0 0 0 2 1 1 1 2 1 2 0 1 2 2 2 2 1 2 2 2 0 2 1 2 2 2 1 2 1 0 1 0 1 0 0 1 0 0 0 2 0 1 2 1 0 2 2 1 0 0 0 0 1 0 0 0 1 1 1 1 1 2 2 1 1 0 0 0 0 2 0 2 2 0 0 0 1 2 2 2 1 0 0 1 0 1 0 1 1 2 0 0 1 0 1 1 2 1 0 1
-0.85578835027276 1.51421155980562 -0.891317453191831 -0.929992441642221 1.41466877547283 -1 1 1 0 2 2 2 2 2 2 2 2 1 2 2 2 2 2 0 1 1 1 1 0 0 1 2 0 1 2 1 1 1 2 1 0 2 0 1 0 2 0 0 2 1 0 2 2 2 0 1 1 0 1 0 2 1 1 2 2 1 2 2 2 2 2 0 1 1 2 2 0 2 2 0 1 0 1 1 2 2 0 1 1 0 0 2 1 2 0 2 1 0 2 0 0 0 2 0 0 0 -1 -1 0 -2 -2 -2 -2 -2 -2 -2 -2 -1 -2 -2 -2 -2 -2 0 -1 -1 -1 -1 0 0 -1 -2 0 -1 -2 -1 -1 -1 -2 -1 0 -2 0 -1 0 -2 0 0 -2 -1 0 -2 -2 -2 0 -1 -1 0 -1 0 -2 -1 -1 -2 -2 -1 -2 -2 -2 -2 -2 0 -1 -1 -2 -2 0 -2 -2 0 -1 0 -1 -1 -2 -2 0 -1 -1 0 0 -2 -1 -2 0 -2 -1 0 -2 0 0 0 -2 0 0 0
1.32461360200379 -1.56901036113189 1.72405419050029 1.08008200920861 0.11391141665661 1 2 2 2 2 2 2 0 2 2 2 1 1 2 2 2 2 1 0 0 1 1 0 0 1 2 2 1 1 1 0 1 0 0 1 2 2 1 0 0 1 0 1 2 2 1 2 2 2 0 1 0 0 0 0 0 1 1 2 0 0 2 2 2 1 2 1 2 1 2 2 0 2 2 0 0 0 0 1 2 2 1 2 0 2 0 1 0 1 0 0 0 0 1 0 2 1 2 1 1 1 2 2 2 2 2 2 0 2 2 2 1 1 2 2 2 2 1 0 0 1 1 0 0 1 2 2 1 1 1 0 1 0 0 1 2 2 1 0 0 1 0 1 2 2 1 2 2 2 0 1 0 0 0 0 0 1 1 2 0 0 2 2 2 1 2 1 2 1 2 2 0 2 2 0 0 0 0 1 2 2 1 2 0 2 0 1 0 1 0 0 0 0 1 0 2 1 2 1 1 1
2.01539336200277 -0.07070285420929 0.507499424353169 -0.757055075979697 -0.880298878874547 -1 0 0 1 2 1 0 0 2 1 2 1 1 2 2 2 2 1 0 1 1 1 0 0 1 2 1 1 2 1 0 1 2 2 1 2 2 1 0 0 1 0 1 2 2 1 1 2 1 0 0 0 0 1 0 0 2 0 1 0 0 0 1 1 1 2 0 2 0 0 2 0 2 2 0 0 0 1 0 1 2 1 2 0 0 1 2 1 2 2 2 1 0 1 0 0 1 2 0 1 0 0 0 -1 -2 -1 0 0 -2 -1 -2 -1 -1 -2 -2 -2 -2 -1 0 -1 -1 -1 0 0 -1 -2 -1 -1 -2 -1 0 -1 -2 -2 -1 -2 -2 -1 0 0 -1 0 -1 -2 -2 -1 -1 -2 -1 0 0 0 0 -1 0 0 -2 0 -1 0 0 0 -1 -1 -1 -2 0 -2 0 0 -2 0 -2 -2 0 0 0 -1 0 -1 -2 -1 -2 0 0 -1 -2 -1 -2 -2 -2 -1 0 -1 0 0 -1 -2 0 -1 0
-0.31347299451029 -0.350932898465059 0.262898492818054 -0.258357331793855 0.998264980142062 -1 0 1 0 1 2 2 0 2 2 2 2 2 1 1 2 2 1 0 1 1 0 1 0 1 1 0 0 0 2 0 1 1 2 1 0 1 1 1 0 1 0 0 2 2 0 2 1 2 0 0 0 0 2 1 1 1 1 2 0 1 2 2 2 2 1 1 2 0 1 2 0 2 2 0 0 0 0 0 1 1 0 0 0 2 1 2 0 1 0 0 0 0 1 0 0 1 2 1 1 1 0 -1 0 -1 -2 -2 0 -2 -2 -2 -2 -2 -1 -1 -2 -2 -1 0 -1 -1 0 -1 0 -1 -1 0 0 0 -2 0 -1 -1 -2 -1 0 -1 -1 -1 0 -1 0 0 -2 -2 0 -2 -1 -2 0 0 0 0 -2 -1 -1 -1 -1 -2 0 -1 -2 -2 -2 -2 -1 -1 -2 0 -1 -2 0 -2 -2 0 0 0 0 0 -1 -1 0 0 0 -2 -1 -2 0 -1 0 0 0 0 -1 0 0 -1 -2 -1 -1 -1
-0.290301556229024 0.591066239975232 -0.281017391094504 1.33215421429542 1.34400478808566 -1 0 1 0 2 2 1 0 2 2 2 0 1 2 2 2 2 2 1 1 2 0 1 0 0 1 1 0 1 1 0 1 1 1 1 2 2 2 0 0 2 0 0 2 1 1 2 2 2 0 0 1 0 0 1 1 0 0 0 0 1 2 2 2 1 2 1 2 1 1 2 0 2 2 0 0 0 0 1 2 1 1 1 0 1 1 2 1 2 1 2 1 0 0 0 1 0 2 1 1 0 0 -1 0 -2 -2 -1 0 -2 -2 -2 0 -1 -2 -2 -2 -2 -2 -1 -1 -2 0 -1 0 0 -1 -1 0 -1 -1 0 -1 -1 -1 -1 -2 -2 -2 0 0 -2 0 0 -2 -1 -1 -2 -2 -2 0 0 -1 0 0 -1 -1 0 0 0 0 -1 -2 -2 -2 -1 -2 -1 -2 -1 -1 -2 0 -2 -2 0 0 0 0 -1 -2 -1 -1 -1 0 -1 -1 -2 -1 -2 -1 -2 -1 0 0 0 -1 0 -2 -1 -1 0
-1.21622928822832 0.358256387480249 -1.19706711033233 0.805714007837391 -0.651351743801751 1 0 1 1 2 2 2 1 2 2 2 2 2 2 2 2 2 1 0 1 1 1 1 1 2 2 2 1 2 1 1 2 2 2 2 1 1 1 1 0 2 0 1 2 2 2 2 2 2 0 1 0 0 1 0 2 1 0 0 1 1 1 2 2 1 2 1 1 1 1 2 0 2 2 0 1 0 1 0 1 1 0 0 0 0 0 1 0 0 1 2 2 0 0 0 0 1 2 1 0 0 0 1 1 2 2 2 1 2 2 2 2 2 2 2 2 2 1 0 1 1 1 1 1 2 2 2 1 2 1 1 2 2 2 2 1 1 1 1 0 2 0 1 2 2 2 2 2 2 0 1 0 0 1 0 2 1 0 0 1 1 1 2 2 1 2 1 1 1 1 2 0 2 2 0 1 0 1 0 1 1 0 0 0 0 0 1 0 0 1 2 2 0 0 0 0 1 2 1 0 0
0.651065106954738 -0.450379235777773 0.124057409432037 -0.162258045299334 -0.386256047981272 1 0 1 1 2 1 0 0 2 2 2 0 1 2 1 2 2 1 0 0 0 0 1 0 1 2 1 1 1 2 1 2 0 1 1 0 1 1 1 0 1 0 0 2 2 0 2 2 2 0 1 0 0 1 1 1 1 1 1 1 0 0 1 2 2 2 0 2 1 1 2 1 2 2 0 0 0 1 2 2 2 1 1 1 1 1 2 1 1 1 1 0 0 1 0 0 0 1 0 0 0 0 1 1 2 1 0 0 2 2 2 0 1 2 1 2 2 1 0 0 0 0 1 0 1 2 1 1 1 2 1 2 0 1 1 0 1 1 1 0 1 0 0 2 2 0 2 2 2 0 1 0 0 1 1 1 1 1 1 1 0 0 1 2 2 2 0 2 1 1 2 1 2 2 0 0 0 1 2 2 2 1 1 1 1 1 2 1 1 1 1 0 0 1 0 0 0 1 0 0 0
-0.55633148325519 0.427016704607133 0.959390227318872 1.06531430129381 0.158075105784303 -1 1 2 1 2 1 0 1 2 2 2 1 2 2 2 2 2 1 0 2 1 0 1 1 2 1 2 1 1 1 0 1 1 1 1 1 1 1 0 0 2 0 0 1 0 0 0 1 1 0 0 1 0 2 1 1 0 0 0 1 1 0 1 2 1 1 0 2 0 0 2 0 2 2 0 0 0 0 1 2 2 1 1 0 1 0 1 0 1 1 2 1 0 1 0 0 1 2 0 1 0 -1 -2 -1 -2 -1 0 -1 -2 -2 -2 -1 -2 -2 -2 -2 -2 -1 0 -2 -1 0 -1 -1 -2 -1 -2 -1 -1 -1 0 -1 -1 -1 -1 -1 -1 -1 0 0 -2 0 0 -1 0 0 0 -1 -1 0 0 -1 0 -2 -1 -1 0 0 0 -1 -1 0 -1 -2 -1 -1 0 -2 0 0 -2 0 -2 -2 0 0 0 0 -1 -2 -2 -1 -1 0 -1 0 -1 0 -1 -1 -2 -1 0 -1 0 0 -1 -2 0 -1 0
0.566197269547394 -0.94584800071523 -0.400210185463093 0.100909335330073 0.802454089208646 1 0 0 0 1 1 2 2 2 2 2 1 2 2 2 2 2 2 0 1 1 0 2 2 1 2 2 2 2 0 0 2 1 2 2 2 1 0 0 0 1 0 0 2 0 0 1 2 2 0 0 1 0 2 2 0 0 0 2 0 1 1 2 2 1 2 0 2 0 1 2 0 2 2 0 1 0 0 1 2 1 0 2 0 1 0 2 0 1 1 1 0 0 1 0 1 0 1 0 0 1 0 0 0 1 1 2 2 2 2 2 1 2 2 2 2 2 2 0 1 1 0 2 2 1 2 2 2 2 0 0 2 1 2 2 2 1 0 0 0 1 0 0 2 0 0 1 2 2 0 0 1 0 2 2 0 0 0 2 0 1 1 2 2 1 2 0 2 0 1 2 0 2 2 0 1 0 0 1 2 1 0 2 0 1 0 2 0 1 1 1 0 0 1 0 1 0 1 0 0 1
0.0284141698145435 -0.748988475221718 -0.203129609571278 1.74476257304784 -1.32298625032326 -1 0 2 1 1 1 0 0 2 1 2 0 0 1 2 2 1 0 0 1 0 0 1 1 2 2 2 0 1 1 0 1 1 2 1 1 1 0 0 1 2 0 0 2 1 0 2 2 2 1 2 1 0 2 0 1 1 0 1 1 1 1 1 1 2 2 0 0 0 0 2 0 2 2 0 0 0 1 2 2 1 0 0 0 0 0 1 0 2 1 2 2 0 2 1 1 1 2 1 0 0 0 -2 -1 -1 -1 0 0 -2 -1 -2 0 0 -1 -2 -2 -1 0 0 -1 0 0 -1 -1 -2 -2 -2 0 -1 -1 0 -1 -1 -2 -1 -1 -1 0 0 -1 -2 0 0 -2 -1 0 -2 -2 -2 -1 -2 -1 0 -2 0 -1 -1 0 -1 -1 -1 -1 -1 -1 -2 -2 0 0 0 0 -2 0 -2 -2 0 0 0 -1 -2 -2 -1 0 0 0 0 0 -1 0 -2 -1 -2 -2 0 -2 -1 -1 -1 -2 -1 0 0
-0.037279582256673 1.56139230962573 -0.0848759155956551 1.47950461857812 -0.042200512884249 -1 2 2 2 2 2 1 0 2 2 2 2 1 2 2 2 2 2 0 1 2 1 1 1 0 1 0 0 1 1 0 2 1 1 2 2 2 1 0 0 2 0 1 2 1 0 2 2 1 0 1 2 0 1 0 0 0 1 1 0 1 1 1 1 0 2 0 0 0 2 2 0 1 2 0 0 0 1 0 1 1 0 2 1 2 0 2 1 2 0 2 0 0 0 0 0 1 2 1 0 0 -2 -2 -2 -2 -2 -1 0 -2 -2 -2 -2 -1 -2 -2 -2 -2 -2 0 -1 -2 -1 -1 -1 0 -1 0 0 -1 -1 0 -2 -1 -1 -2 -2 -2 -1 0 0 -2 0 -1 -2 -1 0 -2 -2 -1 0 -1 -2 0 -1 0 0 0 -1 -1 0 -1 -1 -1 -1 0 -2 0 0 0 -2 -2 0 -1 -2 0 0 0 -1 0 -1 -1 0 -2 -1 -2 0 -2 -1 -2 0 -2 0 0 0 0 0 -1 -2 -1 0 0
0.716342241976783 1.18887156209018 0.640595181141139 1.00422118119515 0.79757566377714 -1 0 0 0 1 1 2 1 2 2 2 1 2 2 1 2 2 0 0 0 0 0 1 1 2 2 2 1 1 1 0 2 2 2 1 2 2 2 0 0 2 0 0 2 2 0 2 2 2 0 1 0 0 1 0 0 0 1 1 2 0 1 2 2 1 1 0 0 0 1 2 0 2 2 0 0 1 1 1 2 2 0 2 2 2 0 2 1 2 2 2 1 0 0 0 1 1 2 1 0 0 0 0 0 -1 -1 -2 -1 -2 -2 -2 -1 -2 -2 -1 -2 -2 0 0 0 0 0 -1 -1 -2 -2 -2 -1 -1 -1 0 -2 -2 -2 -1 -2 -2 -2 0 0 -2 0 0 -2 -2 0 -2 -2 -2 0 -1 0 0 -1 0 0 0 -1 -1 -2 0 -1 -2 -2 -1 -1 0 0 0 -1 -2 0 -2 -2 0 0 -1 -1 -1 -2 -2 0 -2 -2 -2 0 -2 -1 -2 -2 -2 -1 0 0 0 -1 -1 -2 -1 0 0
