-0.107144525456033 0.362803392866147 0.115707415186837 2.57344183452491 -0.225848543737941 -1 1 1 1 2 1 2 2 2 1 0 0 0 2 0 2 0 0 0 0 0 1 0 2 2 0 1 0 2 0 1 0 0 0 1 2 1 2 1 0 0 2 1 2 1 2 2 2 1 1 2 2 2 1 2 1 1 0 2 2 2 2 1 1 1 2 2 0 1 2 2 1 0 0 2 1 1 0 1 0 0 0 1 0 1 0 0 0 0 2 1 1 1 2 1 0 1 2 1 0 2 -1 -1 -1 -2 -1 -2 -2 -2 -1 0 0 0 -2 0 -2 0 0 0 0 0 -1 0 -2 -2 0 -1 0 -2 0 -1 0 0 0 -1 -2 -1 -2 -1 0 0 -2 -1 -2 -1 -2 -2 -2 -1 -1 -2 -2 -2 -1 -2 -1 -1 0 -2 -2 -2 -2 -1 -1 -1 -2 -2 0 -1 -2 -2 -1 0 0 -2 -1 -1 0 -1 0 0 0 -1 0 -1 0 0 0 0 -2 -1 -1 -1 -2 -1 0 -1 -2 -1 0 -2
-1.3716572012344 1.22306887172327 0.935540037152524 -0.502240068431777 -0.664690430432547 1 1 0 0 1 0 0 0 1 0 0 0 0 2 0 0 0 0 0 0 0 1 0 1 1 1 2 0 2 0 1 1 0 0 0 0 0 2 2 0 0 1 0 2 1 2 2 2 1 0 1 2 2 1 1 0 1 0 1 1 0 2 1 2 1 2 2 2 1 2 1 0 1 2 2 2 2 0 2 2 2 2 2 0 0 1 1 0 2 2 0 0 1 2 0 0 1 2 1 0 1 1 0 0 1 0 0 0 1 0 0 0 0 2 0 0 0 0 0 0 0 1 0 1 1 1 2 0 2 0 1 1 0 0 0 0 0 2 2 0 0 1 0 2 1 2 2 2 1 0 1 2 2 1 1 0 1 0 1 1 0 2 1 2 1 2 2 2 1 2 1 0 1 2 2 2 2 0 2 2 2 2 2 0 0 1 1 0 2 2 0 0 1 2 0 0 1 2 1 0 1
-0.942768391141686 -0.225465320794026 -0.439265690220945 -0.0173801814402569 -0.941204934436163 1 1 1 1 2 0 2 2 1 0 0 0 0 1 0 0 0 1 1 1 0 2 0 1 2 0 2 1 1 0 2 1 0 0 0 1 1 2 2 0 1 1 0 2 1 1 2 1 2 1 2 2 2 1 2 2 2 1 2 2 1 2 1 1 2 2 2 2 1 2 2 0 1 2 2 2 2 0 2 1 1 2 2 0 2 0 2 0 0 2 0 2 2 2 2 1 0 1 1 0 1 1 1 1 2 0 2 2 1 0 0 0 0 1 0 0 0 1 1 1 0 2 0 1 2 0 2 1 1 0 2 1 0 0 0 1 1 2 2 0 1 1 0 2 1 1 2 1 2 1 2 2 2 1 2 2 2 1 2 2 1 2 1 1 2 2 2 2 1 2 2 0 1 2 2 2 2 0 2 1 1 2 2 0 2 0 2 0 0 2 0 2 2 2 2 1 0 1 1 0 1
-1.0072523537824 -0.122076314453037 0.527868403650496 1.25431693579716 -0.72555217897945 -1 2 2 0 2 0 1 2 1 0 0 0 0 2 0 0 0 1 1 1 0 0 0 2 2 0 1 0 1 0 0 0 1 0 0 1 2 2 1 0 0 2 0 1 2 1 2 2 0 1 2 2 2 2 2 1 0 0 1 1 1 2 1 0 1 2 2 0 0 2 2 1 2 1 2 2 1 0 1 0 1 0 2 0 1 0 2 0 0 2 0 2 1 2 1 0 1 2 0 0 2 -2 -2 0 -2 0 -1 -2 -1 0 0 0 0 -2 0 0 0 -1 -1 -1 0 0 0 -2 -2 0 -1 0 -1 0 0 0 -1 0 0 -1 -2 -2 -1 0 0 -2 0 -1 -2 -1 -2 -2 0 -1 -2 -2 -2 -2 -2 -1 0 0 -1 -1 -1 -2 -1 0 -1 -2 -2 0 0 -2 -2 -1 -2 -1 -2 -2 -1 0 -1 0 -1 0 -2 0 -1 0 -2 0 0 -2 0 -2 -1 -2 -1 0 -1 -2 0 0 -2
-0.901745226836559 -0.572283803745272 0.149622187314137 0.307956211154117 -1.39658469091915 1 2 2 0 2 0 1 1 1 0 0 0 0 2 0 0 0 1 0 0 0 1 0 1 1 0 1 0 2 0 0 0 0 0 2 2 1 2 2 0 1 1 0 1 2 2 1 1 1 0 2 2 2 1 2 2 2 0 1 2 2 2 1 1 1 1 1 0 0 2 2 0 2 0 2 2 2 0 2 2 1 1 2 0 1 0 2 0 1 1 0 1 2 2 2 0 1 2 1 1 2 2 2 0 2 0 1 1 1 0 0 0 0 2 0 0 0 1 0 0 0 1 0 1 1 0 1 0 2 0 0 0 0 0 2 2 1 2 2 0 1 1 0 1 2 2 1 1 1 0 2 2 2 1 2 2 2 0 1 2 2 2 1 1 1 1 1 0 0 2 2 0 2 0 2 2 2 0 2 2 1 1 2 0 1 0 2 0 1 1 0 1 2 2 2 0 1 2 1 1 2
0.506094185199051 1.62724372232753 0.181602740397515 -1.28409576587667 -0.837894366717947 1 2 1 0 2 1 1 2 1 0 0 1 0 2 0 2 0 1 0 0 0 1 0 1 2 0 2 0 1 0 1 2 1 0 0 0 1 2 1 0 0 2 0 1 1 2 2 1 1 0 2 2 2 2 2 2 2 0 2 1 0 2 1 1 2 1 1 0 0 2 1 0 0 0 2 2 2 0 2 1 2 1 2 1 2 0 2 0 2 2 0 1 1 2 0 0 1 0 0 0 1 2 1 0 2 1 1 2 1 0 0 1 0 2 0 2 0 1 0 0 0 1 0 1 2 0 2 0 1 0 1 2 1 0 0 0 1 2 1 0 0 2 0 1 1 2 2 1 1 0 2 2 2 2 2 2 2 0 2 1 0 2 1 1 2 1 1 0 0 2 1 0 0 0 2 2 2 0 2 1 2 1 2 1 2 0 2 0 2 2 0 1 1 2 0 0 1 0 0 0 1
-0.845363289363975 -1.32024082206649 2.0605063548019 0.618283861655907 -0.365253034991809 1 1 1 1 2 0 1 2 2 0 0 1 0 2 0 2 0 0 0 0 0 1 0 2 1 1 2 0 1 0 2 2 1 1 2 2 1 2 2 0 0 1 0 2 1 2 2 2 1 2 2 1 1 1 1 2 1 0 1 2 1 2 0 2 2 2 1 1 0 2 2 1 2 1 2 2 2 0 2 1 2 2 2 0 2 0 2 0 2 2 1 2 2 2 1 0 0 2 1 0 0 1 1 1 2 0 1 2 2 0 0 1 0 2 0 2 0 0 0 0 0 1 0 2 1 1 2 0 1 0 2 2 1 1 2 2 1 2 2 0 0 1 0 2 1 2 2 2 1 2 2 1 1 1 1 2 1 0 1 2 1 2 0 2 2 2 1 1 0 2 2 1 2 1 2 2 2 0 2 1 2 2 2 0 2 0 2 0 2 2 1 2 2 2 1 0 0 2 1 0 0
0.55099305541564 0.590896949919356 0.484765437677902 -0.430013576276198 0.372490219812356 1 1 0 0 1 0 0 2 1 0 0 1 0 2 0 1 0 1 0 0 0 2 0 0 1 1 2 0 2 0 0 2 0 0 1 1 1 2 2 0 2 1 0 2 2 2 2 1 0 1 1 2 2 2 2 2 1 0 2 2 2 2 1 2 2 2 2 0 0 2 1 0 2 1 2 1 2 0 1 1 0 2 2 0 1 1 2 1 1 2 0 0 1 2 1 0 1 2 0 0 2 1 0 0 1 0 0 2 1 0 0 1 0 2 0 1 0 1 0 0 0 2 0 0 1 1 2 0 2 0 0 2 0 0 1 1 1 2 2 0 2 1 0 2 2 2 2 1 0 1 1 2 2 2 2 2 1 0 2 2 2 2 1 2 2 2 2 0 0 2 1 0 2 1 2 1 2 0 1 1 0 2 2 0 1 1 2 1 1 2 0 0 1 2 1 0 1 2 0 0 2
-0.340016860771302 0.796293255888691 -0.778677379646714 0.873725253208339 1.62086270889269 1 0 0 0 2 0 0 2 2 0 0 1 1 1 0 1 1 2 0 0 0 2 0 0 2 1 2 1 2 0 1 2 1 0 2 1 0 2 0 0 0 1 0 2 1 2 2 1 1 0 2 1 2 2 2 2 1 0 1 2 2 2 0 0 2 2 1 0 0 2 2 0 1 1 1 1 2 0 2 1 1 0 1 0 1 0 0 0 1 2 0 0 2 2 0 0 0 0 0 0 1 0 0 0 2 0 0 2 2 0 0 1 1 1 0 1 1 2 0 0 0 2 0 0 2 1 2 1 2 0 1 2 1 0 2 1 0 2 0 0 0 1 0 2 1 2 2 1 1 0 2 1 2 2 2 2 1 0 1 2 2 2 0 0 2 2 1 0 0 2 2 0 1 1 1 1 2 0 2 1 1 0 1 0 1 0 0 0 1 2 0 0 2 2 0 0 0 0 0 0 1
1.59157197085792 -0.00627868931558666 2.18880884176151 0.328888036317391 -0.752734391594053 -1 1 2 0 2 1 1 1 0 0 0 0 0 2 0 0 0 0 0 0 0 1 0 2 2 0 1 0 1 0 1 2 0 0 0 0 0 2 1 0 0 2 0 1 2 2 1 1 0 1 2 2 2 0 1 1 2 0 2 2 2 2 0 1 2 2 2 2 1 2 2 0 1 1 2 2 2 1 2 2 1 2 2 0 1 0 2 0 0 2 1 0 1 2 0 0 1 1 0 0 1 -1 -2 0 -2 -1 -1 -1 0 0 0 0 0 -2 0 0 0 0 0 0 0 -1 0 -2 -2 0 -1 0 -1 0 -1 -2 0 0 0 0 0 -2 -1 0 0 -2 0 -1 -2 -2 -1 -1 0 -1 -2 -2 -2 0 -1 -1 -2 0 -2 -2 -2 -2 0 -1 -2 -2 -2 -2 -1 -2 -2 0 -1 -1 -2 -2 -2 -1 -2 -2 -1 -2 -2 0 -1 0 -2 0 0 -2 -1 0 -1 -2 0 0 -1 -1 0 0 -1
-1.09324519693466 -0.845297463281759 -0.6838699048182 0.767663365459849 0.19499748235644 1 1 0 0 1 0 1 2 1 0 0 1 1 2 0 2 1 1 0 0 0 2 0 2 2 0 2 0 2 0 1 2 1 0 1 1 1 2 1 0 0 0 0 2 1 2 2 0 0 0 0 1 2 0 2 1 1 0 2 2 1 2 0 0 1 2 2 2 1 2 1 0 0 0 2 2 1 0 2 1 0 0 2 0 0 0 1 0 1 2 0 2 2 2 0 0 1 2 0 0 1 1 0 0 1 0 1 2 1 0 0 1 1 2 0 2 1 1 0 0 0 2 0 2 2 0 2 0 2 0 1 2 1 0 1 1 1 2 1 0 0 0 0 2 1 2 2 0 0 0 0 1 2 0 2 1 1 0 2 2 1 2 0 0 1 2 2 2 1 2 1 0 0 0 2 2 1 0 2 1 0 0 2 0 0 0 1 0 1 2 0 2 2 2 0 0 1 2 0 0 1
-1.34553952182376 -0.228454852414017 1.07221779341639 0.665998528569974 -0.638303898383976 -1 2 1 1 2 0 2 2 2 0 1 0 1 2 0 1 0 2 1 1 1 2 0 2 2 1 2 1 2 1 2 2 1 0 2 2 2 2 1 0 0 0 0 1 1 1 1 0 0 0 2 2 2 2 2 2 2 1 1 2 2 2 1 2 1 2 2 1 0 2 2 1 1 1 1 1 1 0 1 1 0 1 2 0 2 0 1 1 1 2 0 0 2 2 1 0 0 0 1 0 1 -2 -1 -1 -2 0 -2 -2 -2 0 -1 0 -1 -2 0 -1 0 -2 -1 -1 -1 -2 0 -2 -2 -1 -2 -1 -2 -1 -2 -2 -1 0 -2 -2 -2 -2 -1 0 0 0 0 -1 -1 -1 -1 0 0 0 -2 -2 -2 -2 -2 -2 -2 -1 -1 -2 -2 -2 -1 -2 -1 -2 -2 -1 0 -2 -2 -1 -1 -1 -1 -1 -1 0 -1 -1 0 -1 -2 0 -2 0 -1 -1 -1 -2 0 0 -2 -2 -1 0 0 0 -1 0 -1
1.96778145151693 -0.359636342548262 1.47460541630521 0.799542611509047 0.818797190063816 1 2 1 0 1 0 1 2 2 1 0 0 1 0 0 2 2 1 0 0 0 2 0 1 1 1 2 1 1 0 1 1 0 0 1 2 2 2 2 0 0 1 0 1 1 1 2 2 2 0 2 2 2 2 2 2 1 0 2 2 1 2 0 0 0 2 2 2 2 2 2 0 1 0 2 1 1 0 1 1 0 1 2 0 0 0 1 1 1 2 0 1 2 2 1 1 2 2 0 0 1 2 1 0 1 0 1 2 2 1 0 0 1 0 0 2 2 1 0 0 0 2 0 1 1 1 2 1 1 0 1 1 0 0 1 2 2 2 2 0 0 1 0 1 1 1 2 2 2 0 2 2 2 2 2 2 1 0 2 2 1 2 0 0 0 2 2 2 2 2 2 0 1 0 2 1 1 0 1 1 0 1 2 0 0 0 1 1 1 2 0 1 2 2 1 1 2 2 0 0 1
-1.45118850660404 -0.416562065170491 -1.91160955957147 -1.22907959398586 -0.544722656453094 1 1 1 0 1 0 2 2 2 0 1 0 2 2 0 1 1 1 0 0 0 2 0 1 1 1 2 0 1 0 2 2 0 0 1 1 0 2 2 0 0 0 0 2 2 2 2 0 0 1 2 2 2 1 1 1 0 0 1 1 0 2 0 1 2 2 2 2 1 2 2 0 2 2 2 2 2 0 2 1 2 1 2 0 1 1 2 1 1 2 1 1 1 2 1 0 1 0 1 0 2 1 1 0 1 0 2 2 2 0 1 0 2 2 0 1 1 1 0 0 0 2 0 1 1 1 2 0 1 0 2 2 0 0 1 1 0 2 2 0 0 0 0 2 2 2 2 0 0 1 2 2 2 1 1 1 0 0 1 1 0 2 0 1 2 2 2 2 1 2 2 0 2 2 2 2 2 0 2 1 2 1 2 0 1 1 2 1 1 2 1 1 1 2 1 0 1 0 1 0 2
0.653092533080132 -0.107301868015627 -0.54162372762753 -0.966333888552448 2.36869945393649 1 2 1 0 2 0 2 2 1 0 0 1 1 2 0 0 0 1 1 1 1 2 0 1 2 0 0 0 2 0 1 1 0 1 2 1 0 2 0 0 1 1 0 2 2 2 2 1 1 0 2 2 2 1 1 0 1 0 2 2 2 2 0 1 1 2 2 1 0 2 2 1 1 1 2 2 2 0 2 1 2 2 2 1 2 0 1 1 0 2 0 1 1 2 1 0 1 1 0 0 1 2 1 0 2 0 2 2 1 0 0 1 1 2 0 0 0 1 1 1 1 2 0 1 2 0 0 0 2 0 1 1 0 1 2 1 0 2 0 0 1 1 0 2 2 2 2 1 1 0 2 2 2 1 1 0 1 0 2 2 2 2 0 1 1 2 2 1 0 2 2 1 1 1 2 2 2 0 2 1 2 2 2 1 2 0 1 1 0 2 0 1 1 2 1 0 1 1 0 0 1
2.59432122650788 -0.696290490604578 -1.32925523744912 -0.273865560610644 -1.9886932513968 -1 2 2 1 2 0 1 2 2 0 1 1 0 0 0 0 0 0 0 0 0 1 0 1 2 0 2 0 1 0 1 2 0 0 2 2 0 2 0 0 0 1 0 1 2 1 2 1 0 0 1 2 2 2 1 0 2 0 2 1 0 2 1 1 1 2 2 0 0 2 2 0 1 0 2 2 2 0 1 0 0 0 2 0 0 0 1 0 0 2 0 0 1 2 1 0 0 2 2 1 2 -2 -2 -1 -2 0 -1 -2 -2 0 -1 -1 0 0 0 0 0 0 0 0 0 -1 0 -1 -2 0 -2 0 -1 0 -1 -2 0 0 -2 -2 0 -2 0 0 0 -1 0 -1 -2 -1 -2 -1 0 0 -1 -2 -2 -2 -1 0 -2 0 -2 -1 0 -2 -1 -1 -1 -2 -2 0 0 -2 -2 0 -1 0 -2 -2 -2 0 -1 0 0 0 -2 0 0 0 -1 0 0 -2 0 0 -1 -2 -1 0 0 -2 -2 -1 -2
-0.839738460258734 0.892539859407125 -1.83643801472457 -0.99817390210616 -0.549701571878128 -1 2 2 2 2 1 1 2 1 1 0 0 0 2 0 1 2 2 0 1 0 1 0 2 1 0 1 0 2 0 1 2 0 0 0 2 2 2 1 0 2 2 0 2 2 2 2 1 0 0 2 2 2 1 2 2 1 0 1 2 2 2 2 0 1 2 2 1 1 2 2 0 1 0 2 1 1 0 2 1 1 2 2 1 2 0 1 0 1 2 1 1 2 2 2 0 0 1 0 0 2 -2 -2 -2 -2 -1 -1 -2 -1 -1 0 0 0 -2 0 -1 -2 -2 0 -1 0 -1 0 -2 -1 0 -1 0 -2 0 -1 -2 0 0 0 -2 -2 -2 -1 0 -2 -2 0 -2 -2 -2 -2 -1 0 0 -2 -2 -2 -1 -2 -2 -1 0 -1 -2 -2 -2 -2 0 -1 -2 -2 -1 -1 -2 -2 0 -1 0 -2 -1 -1 0 -2 -1 -1 -2 -2 -1 -2 0 -1 0 -1 -2 -1 -1 -2 -2 -2 0 0 -1 0 0 -2
0.421410248817946 0.105669865626713 -0.0763099527056593 -0.72381033868806 0.998570354640473 -1 2 0 0 2 0 1 1 2 0 0 0 1 2 0 0 0 0 0 0 0 1 0 0 0 0 1 0 1 0 2 2 1 0 2 2 0 2 2 0 0 1 0 2 1 1 1 1 0 1 2 1 2 1 2 0 0 0 1 2 2 2 1 1 1 2 2 2 1 2 1 0 1 1 2 2 2 0 2 1 1 1 2 0 1 0 2 0 2 2 0 1 2 2 0 0 1 2 1 0 1 -2 0 0 -2 0 -1 -1 -2 0 0 0 -1 -2 0 0 0 0 0 0 0 -1 0 0 0 0 -1 0 -1 0 -2 -2 -1 0 -2 -2 0 -2 -2 0 0 -1 0 -2 -1 -1 -1 -1 0 -1 -2 -1 -2 -1 -2 0 0 0 -1 -2 -2 -2 -1 -1 -1 -2 -2 -2 -1 -2 -1 0 -1 -1 -2 -2 -2 0 -2 -1 -1 -1 -2 0 -1 0 -2 0 -2 -2 0 -1 -2 -2 0 0 -1 -2 -1 0 -1
-0.945139698180472 -0.440203230159244 0.101565951745825 1.92642865683729 0.15039064484572 -1 2 2 0 2 0 2 2 2 1 0 1 0 1 0 0 0 0 0 0 0 0 0 1 2 0 2 0 2 0 1 2 1 0 1 2 2 2 1 0 1 2 0 2 2 2 2 1 1 0 1 2 2 2 2 2 1 0 2 2 2 2 0 1 1 2 2 1 0 2 2 0 1 0 2 2 2 0 2 2 2 1 2 0 1 0 2 1 1 2 2 1 1 2 0 0 1 1 1 0 2 -2 -2 0 -2 0 -2 -2 -2 -1 0 -1 0 -1 0 0 0 0 0 0 0 0 0 -1 -2 0 -2 0 -2 0 -1 -2 -1 0 -1 -2 -2 -2 -1 0 -1 -2 0 -2 -2 -2 -2 -1 -1 0 -1 -2 -2 -2 -2 -2 -1 0 -2 -2 -2 -2 0 -1 -1 -2 -2 -1 0 -2 -2 0 -1 0 -2 -2 -2 0 -2 -2 -2 -1 -2 0 -1 0 -2 -1 -1 -2 -2 -1 -1 -2 0 0 -1 -1 -1 0 -2
-0.820070292257061 2.26993562253057 0.0684359100878739 0.676795646567819 -0.16163713167096 1 2 1 0 2 0 0 1 0 0 0 1 1 2 0 2 1 2 0 0 0 2 1 2 1 0 2 1 2 2 2 2 1 1 2 2 1 2 1 0 1 2 0 1 0 2 2 0 0 1 2 2 2 2 2 2 2 0 1 2 1 2 1 0 1 1 1 1 0 2 1 0 0 1 1 1 0 0 2 1 0 1 2 0 0 0 2 1 1 2 0 1 2 2 2 1 2 0 1 0 1 2 1 0 2 0 0 1 0 0 0 1 1 2 0 2 1 2 0 0 0 2 1 2 1 0 2 1 2 2 2 2 1 1 2 2 1 2 1 0 1 2 0 1 0 2 2 0 0 1 2 2 2 2 2 2 2 0 1 2 1 2 1 0 1 1 1 1 0 2 1 0 0 1 1 1 0 0 2 1 0 1 2 0 0 0 2 1 1 2 0 1 2 2 2 1 2 0 1 0 1
-0.498308194728511 2.02311714489355 0.453161818894029 0.507509173815745 -0.70844317029434 1 2 2 1 2 1 2 2 2 1 1 0 1 2 0 1 0 0 1 1 0 1 0 2 2 0 1 0 1 0 1 2 1 0 2 2 0 2 2 1 1 1 0 1 1 2 2 2 2 1 2 2 2 1 2 2 1 0 1 1 1 2 2 2 2 2 2 1 0 2 2 0 1 1 1 1 2 1 2 1 1 2 2 0 0 0 1 0 0 1 0 1 1 2 1 0 1 1 1 1 2 2 2 1 2 1 2 2 2 1 1 0 1 2 0 1 0 0 1 1 0 1 0 2 2 0 1 0 1 0 1 2 1 0 2 2 0 2 2 1 1 1 0 1 1 2 2 2 2 1 2 2 2 1 2 2 1 0 1 1 1 2 2 2 2 2 2 1 0 2 2 0 1 1 1 1 2 1 2 1 1 2 2 0 0 0 1 0 0 1 0 1 1 2 1 0 1 1 1 1 2
-1.05433137860439 -2.140353892418 0.649422335744611 0.915336587485865 -0.629595931459416 -1 2 2 2 2 0 2 2 2 1 1 0 0 2 0 2 1 2 1 2 0 2 0 1 2 0 2 0 1 0 1 2 1 1 2 1 1 2 1 0 0 1 0 2 1 1 0 1 0 1 2 1 2 1 2 2 2 0 2 2 1 2 0 1 0 2 2 2 1 2 2 1 2 1 2 2 2 0 2 2 1 1 2 0 1 0 2 0 1 2 0 1 2 2 2 0 1 0 0 0 1 -2 -2 -2 -2 0 -2 -2 -2 -1 -1 0 0 -2 0 -2 -1 -2 -1 -2 0 -2 0 -1 -2 0 -2 0 -1 0 -1 -2 -1 -1 -2 -1 -1 -2 -1 0 0 -1 0 -2 -1 -1 0 -1 0 -1 -2 -1 -2 -1 -2 -2 -2 0 -2 -2 -1 -2 0 -1 0 -2 -2 -2 -1 -2 -2 -1 -2 -1 -2 -2 -2 0 -2 -2 -1 -1 -2 0 -1 0 -2 0 -1 -2 0 -1 -2 -2 -2 0 -1 0 0 0 -1
0.668467826738477 1.50378027849602 -0.296889833688809 0.642548458395982 0.199436378209171 1 2 1 1 2 1 0 2 2 1 0 0 0 2 0 0 0 1 0 0 0 1 0 1 2 0 2 0 2 0 1 2 0 0 0 2 1 2 2 0 2 1 0 1 2 2 2 2 1 1 2 2 2 1 2 2 1 0 1 2 1 2 0 0 1 2 2 1 1 2 2 1 2 1 2 1 2 0 2 1 1 2 2 1 2 0 1 0 0 2 0 0 1 2 2 0 0 1 1 0 2 2 1 1 2 1 0 2 2 1 0 0 0 2 0 0 0 1 0 0 0 1 0 1 2 0 2 0 2 0 1 2 0 0 0 2 1 2 2 0 2 1 0 1 2 2 2 2 1 1 2 2 2 1 2 2 1 0 1 2 1 2 0 0 1 2 2 1 1 2 2 1 2 1 2 1 2 0 2 1 1 2 2 1 2 0 1 0 0 2 0 0 1 2 2 0 0 1 1 0 2
0.126107914354058 0.955561306018645 0.104603807302508 -0.318636993751145 -0.483582180603676 1 1 1 1 2 0 1 2 2 1 0 1 1 2 0 2 0 0 0 0 0 2 1 2 2 0 2 2 1 0 2 2 2 1 2 2 2 2 1 0 1 1 0 2 2 2 2 0 2 1 2 2 2 1 2 1 1 0 1 2 1 2 1 1 1 2 1 1 1 2 1 0 2 1 2 2 2 1 2 2 1 0 2 1 2 1 2 0 2 2 0 0 2 2 1 0 0 1 0 0 1 1 1 1 2 0 1 2 2 1 0 1 1 2 0 2 0 0 0 0 0 2 1 2 2 0 2 2 1 0 2 2 2 1 2 2 2 2 1 0 1 1 0 2 2 2 2 0 2 1 2 2 2 1 2 1 1 0 1 2 1 2 1 1 1 2 1 1 1 2 1 0 2 1 2 2 2 1 2 2 1 0 2 1 2 1 2 0 2 2 0 0 2 2 1 0 0 1 0 0 1
0.512395708555532 -0.405211526279535 -0.280916602139505 -0.327910979917828 0.495297860970006 1 2 2 0 2 1 2 1 1 0 1 0 1 2 0 0 1 2 0 1 0 2 1 2 2 0 1 1 0 0 1 2 1 1 1 1 0 2 2 0 0 2 0 2 2 1 2 1 0 0 2 2 2 0 1 0 2 0 1 1 2 2 0 0 1 2 2 0 0 2 2 0 1 0 2 0 0 0 1 0 0 0 2 0 0 0 2 1 1 2 0 0 2 2 1 0 1 1 1 0 2 2 2 0 2 1 2 1 1 0 1 0 1 2 0 0 1 2 0 1 0 2 1 2 2 0 1 1 0 0 1 2 1 1 1 1 0 2 2 0 0 2 0 2 2 1 2 1 0 0 2 2 2 0 1 0 2 0 1 1 2 2 0 0 1 2 2 0 0 2 2 0 1 0 2 0 0 0 1 0 0 0 2 0 0 0 2 1 1 2 0 0 2 2 1 0 1 1 1 0 2
1.07867031239991 -0.0658930381892102 -0.833391061689248 -0.13071443161455 0.280311628457497 1 2 2 1 2 0 1 2 1 0 0 1 1 1 0 1 0 0 0 0 0 1 0 1 2 1 2 1 2 0 1 2 1 0 2 2 2 2 2 0 0 0 0 0 1 1 2 0 1 0 2 2 2 2 2 1 1 0 1 1 1 2 1 1 1 2 2 2 1 2 2 0 1 1 2 2 2 0 2 1 0 0 2 0 2 0 2 1 1 2 0 0 1 2 0 0 0 0 0 0 0 2 2 1 2 0 1 2 1 0 0 1 1 1 0 1 0 0 0 0 0 1 0 1 2 1 2 1 2 0 1 2 1 0 2 2 2 2 2 0 0 0 0 0 1 1 2 0 1 0 2 2 2 2 2 1 1 0 1 1 1 2 1 1 1 2 2 2 1 2 2 0 1 1 2 2 2 0 2 1 0 0 2 0 2 0 2 1 1 2 0 0 1 2 0 0 0 0 0 0 0
-0.726605856961391 0.770928825180264 -2.25325618977713 -0.799021296044531 -0.393408614368549 -1 2 2 0 2 0 2 2 1 1 0 0 1 2 0 2 2 2 0 1 1 2 0 2 2 0 2 1 2 0 2 2 0 0 1 2 1 2 1 0 1 2 0 2 1 0 1 1 2 1 2 2 2 1 2 1 2 0 2 1 1 2 1 0 1 2 2 1 1 2 2 0 1 0 1 1 1 0 1 0 0 0 2 0 2 0 0 0 0 2 1 1 2 2 1 0 0 2 1 1 2 -2 -2 0 -2 0 -2 -2 -1 -1 0 0 -1 -2 0 -2 -2 -2 0 -1 -1 -2 0 -2 -2 0 -2 -1 -2 0 -2 -2 0 0 -1 -2 -1 -2 -1 0 -1 -2 0 -2 -1 0 -1 -1 -2 -1 -2 -2 -2 -1 -2 -1 -2 0 -2 -1 -1 -2 -1 0 -1 -2 -2 -1 -1 -2 -2 0 -1 0 -1 -1 -1 0 -1 0 0 0 -2 0 -2 0 0 0 0 -2 -1 -1 -2 -2 -1 0 0 -2 -1 -1 -2
0.354795508792821 -0.216239858944186 -0.795847076133106 0.0916261382129509 1.28454058784868 1 2 2 1 2 0 0 1 0 1 0 1 0 1 0 1 0 1 0 1 0 2 0 1 2 0 2 1 2 0 1 1 0 0 1 1 1 2 2 0 0 1 0 2 2 1 1 2 1 1 2 2 2 2 2 2 2 0 1 2 2 2 2 1 2 2 2 1 1 2 2 1 2 2 2 2 0 0 1 0 0 1 2 0 1 0 1 0 2 2 0 2 2 2 0 0 0 2 0 0 2 2 2 1 2 0 0 1 0 1 0 1 0 1 0 1 0 1 0 1 0 2 0 1 2 0 2 1 2 0 1 1 0 0 1 1 1 2 2 0 0 1 0 2 2 1 1 2 1 1 2 2 2 2 2 2 2 0 1 2 2 2 2 1 2 2 2 1 1 2 2 1 2 2 2 2 0 0 1 0 0 1 2 0 1 0 1 0 2 2 0 2 2 2 0 0 0 2 0 0 2
0.582026850232523 -1.53005044005545 1.04048491405189 0.676132176316396 0.724372195254581 1 2 1 0 2 0 2 2 2 1 0 0 1 2 0 2 1 2 1 0 0 2 0 0 2 1 2 0 2 0 2 1 1 1 1 1 0 2 1 0 1 2 0 2 2 2 2 2 0 0 2 2 2 2 2 2 1 0 1 1 2 2 1 0 0 1 2 2 1 2 2 0 1 1 1 1 0 0 2 2 1 0 2 0 2 0 2 1 1 2 0 1 2 2 0 0 0 0 0 0 0 2 1 0 2 0 2 2 2 1 0 0 1 2 0 2 1 2 1 0 0 2 0 0 2 1 2 0 2 0 2 1 1 1 1 1 0 2 1 0 1 2 0 2 2 2 2 2 0 0 2 2 2 2 2 2 1 0 1 1 2 2 1 0 0 1 2 2 1 2 2 0 1 1 1 1 0 0 2 2 1 0 2 0 2 0 2 1 1 2 0 1 2 2 0 0 0 0 0 0 0
2.49635393461327 1.37221949730216 1.18417571984606 0.626678868914259 0.357539512832302 1 2 1 1 1 0 1 1 0 1 0 0 0 2 0 0 0 1 0 0 0 1 0 1 2 1 2 1 2 1 2 2 2 0 2 2 1 2 1 0 0 2 0 2 2 2 2 2 1 0 2 1 1 1 2 2 2 0 1 0 1 2 1 2 2 2 2 1 1 2 2 1 2 2 1 1 2 0 2 1 2 2 2 1 2 0 1 0 1 2 0 1 2 2 2 0 0 2 2 1 2 2 1 1 1 0 1 1 0 1 0 0 0 2 0 0 0 1 0 0 0 1 0 1 2 1 2 1 2 1 2 2 2 0 2 2 1 2 1 0 0 2 0 2 2 2 2 2 1 0 2 1 1 1 2 2 2 0 1 0 1 2 1 2 2 2 2 1 1 2 2 1 2 2 1 1 2 0 2 1 2 2 2 1 2 0 1 0 1 2 0 1 2 2 2 0 0 2 2 1 2
0.673097813110658 -2.33551642631542 -0.74960174480886 1.78778240024292 -0.115954301982287 -1 2 2 0 2 0 2 2 1 0 0 0 0 1 0 1 1 1 0 0 0 2 0 2 0 0 1 0 2 0 2 2 1 0 1 1 1 2 1 0 0 2 0 1 1 2 1 1 1 1 2 2 2 1 2 1 1 0 1 0 0 2 0 1 2 2 1 1 1 2 2 1 2 2 2 2 2 0 1 0 1 1 2 0 1 0 1 0 0 2 0 0 1 2 1 0 1 1 1 0 2 -2 -2 0 -2 0 -2 -2 -1 0 0 0 0 -1 0 -1 -1 -1 0 0 0 -2 0 -2 0 0 -1 0 -2 0 -2 -2 -1 0 -1 -1 -1 -2 -1 0 0 -2 0 -1 -1 -2 -1 -1 -1 -1 -2 -2 -2 -1 -2 -1 -1 0 -1 0 0 -2 0 -1 -2 -2 -1 -1 -1 -2 -2 -1 -2 -2 -2 -2 -2 0 -1 0 -1 -1 -2 0 -1 0 -1 0 0 -2 0 0 -1 -2 -1 0 -1 -1 -1 0 -2
0.249185617141075 1.44961345940931 -0.0315512516006011 -1.23135545098018 1.1200020277644 -1 2 1 0 2 0 1 2 2 0 0 0 0 0 0 0 0 0 0 0 0 2 0 2 2 0 2 1 2 0 2 1 1 0 0 1 0 2 1 0 0 2 0 0 2 2 2 2 2 2 2 2 2 2 2 2 2 1 2 2 2 2 0 0 2 2 2 1 0 2 1 0 1 1 2 2 2 0 2 0 0 0 2 0 0 0 2 0 0 1 0 0 1 2 0 0 1 1 1 1 1 -2 -1 0 -2 0 -1 -2 -2 0 0 0 0 0 0 0 0 0 0 0 0 -2 0 -2 -2 0 -2 -1 -2 0 -2 -1 -1 0 0 -1 0 -2 -1 0 0 -2 0 0 -2 -2 -2 -2 -2 -2 -2 -2 -2 -2 -2 -2 -2 -1 -2 -2 -2 -2 0 0 -2 -2 -2 -1 0 -2 -1 0 -1 -1 -2 -2 -2 0 -2 0 0 0 -2 0 0 0 -2 0 0 -1 0 0 -1 -2 0 0 -1 -1 -1 -1 -1
0.138931917703962 1.39222415314123 1.10390749943024 0.806306180335509 -1.12179095142808 -1 2 2 1 2 1 1 2 1 0 0 0 0 1 0 1 1 1 0 0 0 2 0 1 1 1 1 0 2 0 0 2 0 0 1 2 2 2 1 0 0 1 0 1 1 2 1 1 1 1 2 2 2 1 2 2 2 0 1 1 0 2 1 1 1 2 1 2 1 2 2 2 2 1 1 1 1 0 1 2 1 2 2 0 1 0 2 0 1 2 1 0 1 2 1 0 1 1 0 0 0 -2 -2 -1 -2 -1 -1 -2 -1 0 0 0 0 -1 0 -1 -1 -1 0 0 0 -2 0 -1 -1 -1 -1 0 -2 0 0 -2 0 0 -1 -2 -2 -2 -1 0 0 -1 0 -1 -1 -2 -1 -1 -1 -1 -2 -2 -2 -1 -2 -2 -2 0 -1 -1 0 -2 -1 -1 -1 -2 -1 -2 -1 -2 -2 -2 -2 -1 -1 -1 -1 0 -1 -2 -1 -2 -2 0 -1 0 -2 0 -1 -2 -1 0 -1 -2 -1 0 -1 -1 0 0 0
-0.381317213721786 -1.04570153324629 -0.539013882202944 -1.12877255909936 0.0118135956616272 -1 1 1 0 2 0 1 2 2 1 1 0 0 1 0 1 0 0 0 0 0 2 0 2 2 2 2 0 1 0 2 2 0 1 2 2 2 2 1 0 1 2 1 2 2 2 2 2 2 1 2 2 2 1 2 1 0 0 2 2 2 2 1 2 2 2 1 1 1 2 2 0 1 1 2 2 2 0 2 2 1 2 2 1 2 1 1 0 1 1 0 1 1 2 1 0 2 1 1 0 1 -1 -1 0 -2 0 -1 -2 -2 -1 -1 0 0 -1 0 -1 0 0 0 0 0 -2 0 -2 -2 -2 -2 0 -1 0 -2 -2 0 -1 -2 -2 -2 -2 -1 0 -1 -2 -1 -2 -2 -2 -2 -2 -2 -1 -2 -2 -2 -1 -2 -1 0 0 -2 -2 -2 -2 -1 -2 -2 -2 -1 -1 -1 -2 -2 0 -1 -1 -2 -2 -2 0 -2 -2 -1 -2 -2 -1 -2 -1 -1 0 -1 -1 0 -1 -1 -2 -1 0 -2 -1 -1 0 -1
0.906863593426245 0.0409605928452194 0.382837574639541 -0.0974070253089408 -1.3777749555029 1 2 1 0 1 0 2 2 2 2 0 0 0 1 0 0 0 1 0 0 0 2 0 1 2 1 2 0 2 1 2 2 0 0 1 1 2 2 1 0 0 1 0 2 1 1 2 1 0 0 2 2 2 0 0 1 1 0 1 2 2 2 0 0 2 2 2 1 0 2 2 0 2 1 2 2 2 0 2 1 1 1 2 0 1 0 2 0 0 1 0 1 2 2 1 0 0 0 0 0 1 2 1 0 1 0 2 2 2 2 0 0 0 1 0 0 0 1 0 0 0 2 0 1 2 1 2 0 2 1 2 2 0 0 1 1 2 2 1 0 0 1 0 2 1 1 2 1 0 0 2 2 2 0 0 1 1 0 1 2 2 2 0 0 2 2 2 1 0 2 2 0 2 1 2 2 2 0 2 1 1 1 2 0 1 0 2 0 0 1 0 1 2 2 1 0 0 0 0 0 1
-2.37634504882138 0.183825930853665 0.644470738485347 -0.38578268216568 -0.289315488404529 1 2 1 1 2 1 1 2 2 0 0 1 1 1 0 1 0 2 0 0 0 2 0 1 2 0 1 0 1 0 2 2 1 0 1 2 0 2 2 0 1 1 0 2 2 2 2 1 1 2 2 2 2 1 1 2 2 0 1 2 1 2 1 1 2 2 2 1 1 2 1 0 0 1 2 2 1 0 1 0 2 1 2 1 0 0 1 0 0 1 0 0 1 2 0 0 1 0 0 0 1 2 1 1 2 1 1 2 2 0 0 1 1 1 0 1 0 2 0 0 0 2 0 1 2 0 1 0 1 0 2 2 1 0 1 2 0 2 2 0 1 1 0 2 2 2 2 1 1 2 2 2 2 1 1 2 2 0 1 2 1 2 1 1 2 2 2 1 1 2 1 0 0 1 2 2 1 0 1 0 2 1 2 1 0 0 1 0 0 1 0 0 1 2 0 0 1 0 0 0 1
-0.277981909073561 0.269528337394451 1.56867711521482 0.6779842599187 -1.43324949387833 -1 1 1 0 1 0 1 1 2 1 1 2 1 2 0 1 1 1 0 1 0 2 0 0 1 0 1 1 2 0 2 2 2 0 2 2 2 2 2 0 1 1 0 2 2 2 1 1 0 1 1 2 2 1 2 1 1 0 1 0 2 2 1 0 1 2 1 1 1 2 2 0 1 1 2 2 1 1 2 1 1 1 2 0 1 0 1 1 1 2 0 2 2 2 1 1 2 2 1 0 2 -1 -1 0 -1 0 -1 -1 -2 -1 -1 -2 -1 -2 0 -1 -1 -1 0 -1 0 -2 0 0 -1 0 -1 -1 -2 0 -2 -2 -2 0 -2 -2 -2 -2 -2 0 -1 -1 0 -2 -2 -2 -1 -1 0 -1 -1 -2 -2 -1 -2 -1 -1 0 -1 0 -2 -2 -1 0 -1 -2 -1 -1 -1 -2 -2 0 -1 -1 -2 -2 -1 -1 -2 -1 -1 -1 -2 0 -1 0 -1 -1 -1 -2 0 -2 -2 -2 -1 -1 -2 -2 -1 0 -2
-0.11310472952191 0.674444957915659 0.0786477370428209 -1.37595192976315 0.0965078085990068 -1 1 1 0 2 0 2 2 2 1 0 0 0 2 0 1 0 2 1 0 0 1 0 2 2 1 2 1 2 0 1 1 0 0 0 0 0 2 0 0 1 1 0 2 1 2 2 1 1 0 1 2 2 1 2 1 2 0 2 2 1 2 1 0 2 2 2 2 2 2 2 1 2 1 2 2 1 1 2 2 1 0 2 0 0 0 0 0 0 2 0 0 0 2 1 1 1 1 0 0 1 -1 -1 0 -2 0 -2 -2 -2 -1 0 0 0 -2 0 -1 0 -2 -1 0 0 -1 0 -2 -2 -1 -2 -1 -2 0 -1 -1 0 0 0 0 0 -2 0 0 -1 -1 0 -2 -1 -2 -2 -1 -1 0 -1 -2 -2 -1 -2 -1 -2 0 -2 -2 -1 -2 -1 0 -2 -2 -2 -2 -2 -2 -2 -1 -2 -1 -2 -2 -1 -1 -2 -2 -1 0 -2 0 0 0 0 0 0 -2 0 0 0 -2 -1 -1 -1 -1 0 0 -1
0.526081944305657 -0.00328476091363867 -0.500733236122858 -0.925961929583807 1.33231159795996 1 1 0 0 2 0 2 2 2 0 0 1 0 1 0 2 0 2 1 0 0 2 0 1 2 1 2 1 2 0 2 2 0 0 0 1 0 1 1 0 0 1 0 2 2 1 1 1 1 1 1 2 2 1 0 1 1 0 1 2 2 2 0 0 1 2 2 1 1 2 2 1 1 2 2 1 2 0 1 1 0 0 1 0 0 0 1 0 2 2 0 1 1 2 0 0 0 1 1 0 1 1 0 0 2 0 2 2 2 0 0 1 0 1 0 2 0 2 1 0 0 2 0 1 2 1 2 1 2 0 2 2 0 0 0 1 0 1 1 0 0 1 0 2 2 1 1 1 1 1 1 2 2 1 0 1 1 0 1 2 2 2 0 0 1 2 2 1 1 2 2 1 1 2 2 1 2 0 1 1 0 0 1 0 0 0 1 0 2 2 0 1 1 2 0 0 0 1 1 0 1
-0.608014510098597 -0.0523009073814677 0.0632292001559788 -1.21854716409613 -0.916020864107788 1 2 2 0 2 1 2 1 1 0 0 0 0 2 0 0 0 0 0 1 1 2 0 1 2 0 2 1 2 0 2 2 0 0 1 2 1 2 2 0 0 2 0 2 2 2 1 1 0 1 2 2 2 0 1 1 2 0 1 2 2 2 0 0 2 2 1 1 1 2 2 0 2 0 2 2 2 0 2 1 1 1 2 0 1 0 1 0 0 2 1 1 2 2 1 0 0 0 0 0 1 2 2 0 2 1 2 1 1 0 0 0 0 2 0 0 0 0 0 1 1 2 0 1 2 0 2 1 2 0 2 2 0 0 1 2 1 2 2 0 0 2 0 2 2 2 1 1 0 1 2 2 2 0 1 1 2 0 1 2 2 2 0 0 2 2 1 1 1 2 2 0 2 0 2 2 2 0 2 1 1 1 2 0 1 0 1 0 0 2 1 1 2 2 1 0 0 0 0 0 1
-2.25026826186245 0.950589279413153 0.0348535527462099 0.185768744957573 1.24286794989345 -1 2 1 0 2 1 2 2 2 0 1 1 1 2 0 0 0 1 1 0 0 1 0 1 2 0 0 0 2 0 2 2 1 1 2 2 2 2 2 0 0 1 0 2 1 2 2 2 2 1 2 2 2 0 0 1 2 0 2 2 2 2 1 2 2 2 2 2 0 2 2 1 2 2 1 0 1 0 1 1 1 2 2 0 2 0 0 0 0 2 1 0 1 2 1 0 2 1 1 0 1 -2 -1 0 -2 -1 -2 -2 -2 0 -1 -1 -1 -2 0 0 0 -1 -1 0 0 -1 0 -1 -2 0 0 0 -2 0 -2 -2 -1 -1 -2 -2 -2 -2 -2 0 0 -1 0 -2 -1 -2 -2 -2 -2 -1 -2 -2 -2 0 0 -1 -2 0 -2 -2 -2 -2 -1 -2 -2 -2 -2 -2 0 -2 -2 -1 -2 -2 -1 0 -1 0 -1 -1 -1 -2 -2 0 -2 0 0 0 0 -2 -1 0 -1 -2 -1 0 -2 -1 -1 0 -1
1.33672361819687 -0.311785164330322 -0.975199005570449 -0.265228544545299 -0.278027432212842 1 2 2 1 2 0 2 2 2 1 0 0 0 1 0 1 0 2 1 0 0 2 0 1 2 0 2 0 2 0 1 2 1 0 2 2 2 2 1 0 0 0 0 1 2 2 2 0 0 0 2 2 2 1 1 0 0 0 2 1 2 2 0 0 2 2 1 0 0 2 2 0 0 1 1 2 2 0 2 2 1 1 2 0 1 0 0 0 1 2 0 0 2 2 2 0 1 1 1 0 1 2 2 1 2 0 2 2 2 1 0 0 0 1 0 1 0 2 1 0 0 2 0 1 2 0 2 0 2 0 1 2 1 0 2 2 2 2 1 0 0 0 0 1 2 2 2 0 0 0 2 2 2 1 1 0 0 0 2 1 2 2 0 0 2 2 1 0 0 2 2 0 0 1 1 2 2 0 2 2 1 1 2 0 1 0 0 0 1 2 0 0 2 2 2 0 1 1 1 0 1
0.549776270732669 1.02144830910823 0.196559813048173 -0.548328459616808 0.94546101404245 1 2 2 1 2 0 1 2 1 0 0 0 0 2 0 2 1 1 0 0 0 2 1 1 2 0 2 0 2 0 2 2 1 0 1 1 0 2 1 0 2 1 0 2 1 2 2 0 0 0 1 2 2 1 2 2 1 0 2 2 2 2 1 2 2 2 2 2 1 2 2 1 1 2 2 2 2 0 2 1 2 2 2 0 2 0 1 0 1 2 0 0 2 2 1 0 0 1 1 0 1 2 2 1 2 0 1 2 1 0 0 0 0 2 0 2 1 1 0 0 0 2 1 1 2 0 2 0 2 0 2 2 1 0 1 1 0 2 1 0 2 1 0 2 1 2 2 0 0 0 1 2 2 1 2 2 1 0 2 2 2 2 1 2 2 2 2 2 1 2 2 1 1 2 2 2 2 0 2 1 2 2 2 0 2 0 1 0 1 2 0 0 2 2 1 0 0 1 1 0 1
-0.962209625681972 1.19564579480926 -0.386468632729263 0.543340012295459 -1.05531107851118 -1 1 0 0 2 0 2 2 2 1 0 0 0 0 0 0 0 2 0 0 0 1 0 1 2 0 1 0 1 0 1 1 1 0 0 2 1 1 1 0 0 1 0 2 2 2 2 2 1 1 2 2 1 0 2 1 2 0 2 2 1 2 0 0 2 2 2 1 1 2 2 1 2 1 1 2 1 0 2 2 1 2 2 0 0 1 1 0 0 2 0 0 1 2 0 0 1 2 0 0 1 -1 0 0 -2 0 -2 -2 -2 -1 0 0 0 0 0 0 0 -2 0 0 0 -1 0 -1 -2 0 -1 0 -1 0 -1 -1 -1 0 0 -2 -1 -1 -1 0 0 -1 0 -2 -2 -2 -2 -2 -1 -1 -2 -2 -1 0 -2 -1 -2 0 -2 -2 -1 -2 0 0 -2 -2 -2 -1 -1 -2 -2 -1 -2 -1 -1 -2 -1 0 -2 -2 -1 -2 -2 0 0 -1 -1 0 0 -2 0 0 -1 -2 0 0 -1 -2 0 0 -1
-0.344453732967706 0.388957332423986 1.15100203138153 1.32240815640515 -0.508862333356377 -1 2 1 0 2 0 1 2 1 1 0 0 0 1 0 1 0 1 0 1 0 2 0 1 2 0 1 0 2 0 2 2 0 0 2 1 0 2 0 0 0 1 0 2 1 2 2 2 0 1 2 2 2 1 2 1 1 0 2 2 0 1 1 1 1 2 2 2 2 2 2 1 1 1 2 2 1 0 2 1 1 2 2 0 2 0 1 1 1 2 1 0 2 2 1 0 1 1 0 0 1 -2 -1 0 -2 0 -1 -2 -1 -1 0 0 0 -1 0 -1 0 -1 0 -1 0 -2 0 -1 -2 0 -1 0 -2 0 -2 -2 0 0 -2 -1 0 -2 0 0 0 -1 0 -2 -1 -2 -2 -2 0 -1 -2 -2 -2 -1 -2 -1 -1 0 -2 -2 0 -1 -1 -1 -1 -2 -2 -2 -2 -2 -2 -1 -1 -1 -2 -2 -1 0 -2 -1 -1 -2 -2 0 -2 0 -1 -1 -1 -2 -1 0 -2 -2 -1 0 -1 -1 0 0 -1
0.475872327752688 0.00785938534504467 -0.458609137515256 0.139881976945914 -0.800847950055842 -1 2 2 1 1 0 2 1 1 0 0 0 0 2 0 1 0 1 0 0 0 2 0 1 1 0 2 0 2 0 1 2 1 0 2 2 1 2 0 0 0 1 0 2 1 2 1 2 2 0 2 2 2 2 2 1 0 0 2 2 2 2 1 2 2 2 2 1 1 2 2 0 1 2 2 0 1 1 2 1 2 1 2 0 1 0 2 0 0 2 0 1 2 2 2 1 2 1 1 1 2 -2 -2 -1 -1 0 -2 -1 -1 0 0 0 0 -2 0 -1 0 -1 0 0 0 -2 0 -1 -1 0 -2 0 -2 0 -1 -2 -1 0 -2 -2 -1 -2 0 0 0 -1 0 -2 -1 -2 -1 -2 -2 0 -2 -2 -2 -2 -2 -1 0 0 -2 -2 -2 -2 -1 -2 -2 -2 -2 -1 -1 -2 -2 0 -1 -2 -2 0 -1 -1 -2 -1 -2 -1 -2 0 -1 0 -2 0 0 -2 0 -1 -2 -2 -2 -1 -2 -1 -1 -1 -2
1.11118562097748 0.0940256271652642 -0.449267929855485 0.700061041529638 -0.904680709806584 1 2 2 0 2 0 1 2 1 0 0 0 1 2 1 2 0 1 1 1 0 2 0 1 2 0 2 0 2 0 1 2 1 0 0 1 1 2 2 1 2 1 0 2 1 2 2 2 1 1 2 2 2 1 2 2 2 0 2 2 2 2 2 1 2 2 2 2 1 2 2 0 0 1 1 1 1 0 2 1 1 1 2 0 1 1 2 1 1 1 1 1 2 2 2 0 0 0 0 0 1 2 2 0 2 0 1 2 1 0 0 0 1 2 1 2 0 1 1 1 0 2 0 1 2 0 2 0 2 0 1 2 1 0 0 1 1 2 2 1 2 1 0 2 1 2 2 2 1 1 2 2 2 1 2 2 2 0 2 2 2 2 2 1 2 2 2 2 1 2 2 0 0 1 1 1 1 0 2 1 1 1 2 0 1 1 2 1 1 1 1 1 2 2 2 0 0 0 0 0 1
-0.639072564990038 1.21381207142198 0.952817414033358 1.31573272318469 0.33439258318551 1 2 2 1 2 0 0 1 0 0 0 0 0 2 0 1 0 1 0 0 0 1 0 0 2 1 2 1 2 0 1 1 0 0 1 1 0 2 2 0 1 2 0 1 1 2 2 0 2 1 1 1 2 1 2 2 2 0 1 1 1 2 0 1 1 2 1 0 0 2 2 0 2 1 0 1 0 0 2 1 2 1 2 0 0 0 2 1 1 2 1 0 0 2 1 0 1 1 0 0 1 2 2 1 2 0 0 1 0 0 0 0 0 2 0 1 0 1 0 0 0 1 0 0 2 1 2 1 2 0 1 1 0 0 1 1 0 2 2 0 1 2 0 1 1 2 2 0 2 1 1 1 2 1 2 2 2 0 1 1 1 2 0 1 1 2 1 0 0 2 2 0 2 1 0 1 0 0 2 1 2 1 2 0 0 0 2 1 1 2 1 0 0 2 1 0 1 1 0 0 1
-1.28157969754339 0.49077804493755 0.471655885797944 -1.26704958545458 0.0476242342052217 -1 1 1 1 2 0 1 1 0 0 0 1 1 2 0 1 1 1 0 1 0 2 0 1 2 0 2 0 2 1 2 2 1 1 2 2 2 2 2 0 0 1 0 0 2 2 2 1 1 1 2 2 2 0 1 1 2 0 2 2 2 2 0 1 2 2 2 2 2 2 2 0 1 1 2 0 0 0 2 0 0 0 2 0 2 0 1 0 1 2 0 0 1 2 1 0 0 1 0 0 2 -1 -1 -1 -2 0 -1 -1 0 0 0 -1 -1 -2 0 -1 -1 -1 0 -1 0 -2 0 -1 -2 0 -2 0 -2 -1 -2 -2 -1 -1 -2 -2 -2 -2 -2 0 0 -1 0 0 -2 -2 -2 -1 -1 -1 -2 -2 -2 0 -1 -1 -2 0 -2 -2 -2 -2 0 -1 -2 -2 -2 -2 -2 -2 -2 0 -1 -1 -2 0 0 0 -2 0 0 0 -2 0 -2 0 -1 0 -1 -2 0 0 -1 -2 -1 0 0 -1 0 0 -2
0.620463552316634 0.2271613581677 0.316789813872764 -0.305534193464594 0.373111141412788 1 2 1 0 2 0 2 2 2 0 0 1 1 1 0 1 0 0 0 0 0 1 0 1 1 0 2 0 2 0 2 2 2 0 1 1 1 1 0 0 1 1 0 1 0 2 2 1 2 2 1 2 2 1 2 1 1 0 1 1 1 2 0 1 1 2 0 0 1 2 1 0 2 0 2 2 1 1 2 2 0 1 2 0 1 0 2 0 2 2 0 1 2 2 1 0 1 0 0 0 1 2 1 0 2 0 2 2 2 0 0 1 1 1 0 1 0 0 0 0 0 1 0 1 1 0 2 0 2 0 2 2 2 0 1 1 1 1 0 0 1 1 0 1 0 2 2 1 2 2 1 2 2 1 2 1 1 0 1 1 1 2 0 1 1 2 0 0 1 2 1 0 2 0 2 2 1 1 2 2 0 1 2 0 1 0 2 0 2 2 0 1 2 2 1 0 1 0 0 0 1
-1.01114219653785 -0.127510800600437 -2.07972416829758 0.453057298574939 0.503036118596161 1 2 2 2 2 0 1 2 2 0 0 0 0 2 0 0 0 1 0 0 0 1 0 2 2 0 2 0 1 0 1 1 0 0 1 1 1 2 2 0 1 2 1 2 2 2 2 2 1 0 2 2 2 1 2 2 1 0 1 1 1 1 1 1 2 2 1 2 1 2 2 0 0 1 2 1 1 0 2 1 1 2 2 1 2 0 2 0 0 2 1 2 1 2 0 0 2 1 0 0 2 2 2 2 2 0 1 2 2 0 0 0 0 2 0 0 0 1 0 0 0 1 0 2 2 0 2 0 1 0 1 1 0 0 1 1 1 2 2 0 1 2 1 2 2 2 2 2 1 0 2 2 2 1 2 2 1 0 1 1 1 1 1 1 2 2 1 2 1 2 2 0 0 1 2 1 1 0 2 1 1 2 2 1 2 0 2 0 0 2 1 2 1 2 0 0 2 1 0 0 2
0.346024413387142 0.241090342726196 -1.30766822966805 -1.56976798120312 -0.807359266866366 1 1 1 0 1 0 1 2 1 1 1 0 0 2 0 1 0 0 0 0 0 1 0 0 1 0 1 0 0 0 2 2 1 0 1 1 2 2 1 0 1 2 0 2 1 2 2 0 0 1 2 2 2 1 2 1 1 0 1 1 1 2 0 0 1 2 2 2 2 2 2 0 1 0 1 0 0 0 2 1 1 2 1 0 2 0 0 0 1 2 1 2 2 2 1 0 1 0 1 0 1 1 1 0 1 0 1 2 1 1 1 0 0 2 0 1 0 0 0 0 0 1 0 0 1 0 1 0 0 0 2 2 1 0 1 1 2 2 1 0 1 2 0 2 1 2 2 0 0 1 2 2 2 1 2 1 1 0 1 1 1 2 0 0 1 2 2 2 2 2 2 0 1 0 1 0 0 0 2 1 1 2 1 0 2 0 0 0 1 2 1 2 2 2 1 0 1 0 1 0 1
-0.38232997670663 0.660099630567618 -0.429402715602207 -0.0755764135356357 0.909578193645607 -1 2 0 0 2 0 2 2 1 0 0 1 0 1 0 0 0 1 0 1 0 2 0 2 2 0 1 0 1 0 1 2 0 0 2 2 1 2 1 0 1 1 0 2 1 1 1 1 2 1 2 2 2 1 1 1 1 1 2 2 1 2 2 2 1 2 2 2 1 2 2 1 1 0 1 1 0 0 0 0 2 1 2 0 0 0 1 0 2 2 0 1 2 2 0 0 1 2 2 1 1 -2 0 0 -2 0 -2 -2 -1 0 0 -1 0 -1 0 0 0 -1 0 -1 0 -2 0 -2 -2 0 -1 0 -1 0 -1 -2 0 0 -2 -2 -1 -2 -1 0 -1 -1 0 -2 -1 -1 -1 -1 -2 -1 -2 -2 -2 -1 -1 -1 -1 -1 -2 -2 -1 -2 -2 -2 -1 -2 -2 -2 -1 -2 -2 -1 -1 0 -1 -1 0 0 0 0 -2 -1 -2 0 0 0 -1 0 -2 -2 0 -1 -2 -2 0 0 -1 -2 -2 -1 -1
2.63380554886528 -0.475585265670097 -1.05261471981691 0.675860522822658 0.371705778165684 1 2 1 1 2 0 1 2 1 1 0 1 0 2 0 0 0 0 0 0 0 2 0 2 1 0 2 0 0 0 2 2 0 0 0 0 0 2 1 0 0 0 0 1 0 1 2 1 1 0 2 2 2 2 2 2 1 0 2 2 1 2 0 1 1 2 2 1 2 2 2 0 1 0 2 2 1 0 2 2 2 2 2 0 1 0 1 0 0 2 1 1 1 2 1 0 0 1 0 0 2 2 1 1 2 0 1 2 1 1 0 1 0 2 0 0 0 0 0 0 0 2 0 2 1 0 2 0 0 0 2 2 0 0 0 0 0 2 1 0 0 0 0 1 0 1 2 1 1 0 2 2 2 2 2 2 1 0 2 2 1 2 0 1 1 2 2 1 2 2 2 0 1 0 2 2 1 0 2 2 2 2 2 0 1 0 1 0 0 2 1 1 1 2 1 0 0 1 0 0 2
0.54079869876142 -0.464444615866994 -0.275133577288266 0.806094697264151 0.0365852326635045 1 2 1 0 2 0 1 2 2 0 0 0 0 2 0 1 0 1 0 1 0 1 0 1 1 0 2 0 2 0 2 2 1 0 1 2 0 1 0 0 1 1 0 1 1 1 2 2 2 1 2 2 2 1 2 2 2 0 1 2 2 2 0 1 1 1 0 0 0 2 1 0 1 1 2 2 2 2 2 1 1 2 2 0 0 0 1 0 0 1 1 0 2 2 0 0 0 1 1 0 1 2 1 0 2 0 1 2 2 0 0 0 0 2 0 1 0 1 0 1 0 1 0 1 1 0 2 0 2 0 2 2 1 0 1 2 0 1 0 0 1 1 0 1 1 1 2 2 2 1 2 2 2 1 2 2 2 0 1 2 2 2 0 1 1 1 0 0 0 2 1 0 1 1 2 2 2 2 2 1 1 2 2 0 0 0 1 0 0 1 1 0 2 2 0 0 0 1 1 0 1
0.3853451269464 0.402605304023684 -0.739625827853805 0.317627771703028 -2.07622513319313 1 1 1 0 1 0 2 2 2 0 0 0 0 2 0 1 0 0 0 0 0 2 0 1 2 1 2 1 2 0 1 2 0 0 1 2 1 2 1 0 0 2 0 2 1 2 2 1 1 0 2 2 2 1 2 0 2 0 2 2 2 2 0 0 1 1 0 0 0 2 2 0 1 1 1 1 1 0 2 1 2 1 2 0 1 0 1 0 1 2 1 1 1 2 0 0 0 1 1 0 2 1 1 0 1 0 2 2 2 0 0 0 0 2 0 1 0 0 0 0 0 2 0 1 2 1 2 1 2 0 1 2 0 0 1 2 1 2 1 0 0 2 0 2 1 2 2 1 1 0 2 2 2 1 2 0 2 0 2 2 2 2 0 0 1 1 0 0 0 2 2 0 1 1 1 1 1 0 2 1 2 1 2 0 1 0 1 0 1 2 1 1 1 2 0 0 0 1 1 0 2
1.53702695688835 -0.88367983425442 -0.879062561569398 0.307610351685037 -0.514361322770336 -1 2 2 1 1 0 2 2 2 0 0 0 0 1 0 0 0 2 1 1 1 2 1 2 2 0 2 2 0 0 1 1 0 0 0 2 0 2 1 0 0 2 0 2 2 2 2 2 2 1 2 2 2 2 2 2 1 0 2 2 1 1 1 2 2 2 2 1 1 2 2 0 2 0 2 1 2 1 2 2 2 1 2 0 2 0 0 0 0 1 0 1 0 2 1 0 1 1 1 0 1 -2 -2 -1 -1 0 -2 -2 -2 0 0 0 0 -1 0 0 0 -2 -1 -1 -1 -2 -1 -2 -2 0 -2 -2 0 0 -1 -1 0 0 0 -2 0 -2 -1 0 0 -2 0 -2 -2 -2 -2 -2 -2 -1 -2 -2 -2 -2 -2 -2 -1 0 -2 -2 -1 -1 -1 -2 -2 -2 -2 -1 -1 -2 -2 0 -2 0 -2 -1 -2 -1 -2 -2 -2 -1 -2 0 -2 0 0 0 0 -1 0 -1 0 -2 -1 0 -1 -1 -1 0 -1
0.79443310102896 1.66649616393333 -1.55265001370047 -0.477496940954346 2.28624177761422 1 2 2 0 2 0 2 2 2 2 1 2 2 2 0 1 0 1 0 0 0 2 1 2 2 0 2 1 2 0 2 2 0 0 1 1 0 1 1 0 1 1 0 1 2 2 1 1 0 1 2 2 2 2 2 2 1 0 2 1 1 2 1 2 1 2 2 2 1 2 2 1 0 1 2 1 2 1 2 2 2 2 2 0 2 0 2 0 0 2 1 0 1 2 2 0 1 1 0 0 0 2 2 0 2 0 2 2 2 2 1 2 2 2 0 1 0 1 0 0 0 2 1 2 2 0 2 1 2 0 2 2 0 0 1 1 0 1 1 0 1 1 0 1 2 2 1 1 0 1 2 2 2 2 2 2 1 0 2 1 1 2 1 2 1 2 2 2 1 2 2 1 0 1 2 1 2 1 2 2 2 2 2 0 2 0 2 0 0 2 1 0 1 2 2 0 1 1 0 0 0
-0.314560201167648 1.41124781928781 -1.12266404306959 -1.40470630438066 0.240755354205957 -1 2 2 2 2 0 1 2 2 0 0 0 0 2 1 2 0 0 0 1 1 1 0 2 1 0 2 2 2 0 0 2 1 1 2 0 0 2 2 0 2 1 0 1 1 1 0 0 0 0 2 2 2 1 2 2 1 0 1 2 1 2 0 2 2 2 2 1 1 2 2 0 0 0 1 1 1 0 2 1 0 0 1 0 0 0 2 0 1 2 0 0 2 2 1 0 1 2 1 1 1 -2 -2 -2 -2 0 -1 -2 -2 0 0 0 0 -2 -1 -2 0 0 0 -1 -1 -1 0 -2 -1 0 -2 -2 -2 0 0 -2 -1 -1 -2 0 0 -2 -2 0 -2 -1 0 -1 -1 -1 0 0 0 0 -2 -2 -2 -1 -2 -2 -1 0 -1 -2 -1 -2 0 -2 -2 -2 -2 -1 -1 -2 -2 0 0 0 -1 -1 -1 0 -2 -1 0 0 -1 0 0 0 -2 0 -1 -2 0 0 -2 -2 -1 0 -1 -2 -1 -1 -1
1.04039033687028 0.636236649561686 -0.836038317555604 -0.533434754970886 0.757470358486077 -1 2 1 1 2 0 0 2 2 0 0 0 2 2 0 1 0 1 1 1 0 2 0 2 2 2 2 1 2 0 1 1 0 0 1 0 1 2 0 0 0 1 0 2 2 2 1 1 1 2 2 1 1 1 2 1 1 0 2 2 2 2 0 0 1 2 2 0 0 2 2 0 1 2 2 2 2 0 1 0 0 0 0 0 0 1 2 1 2 2 1 1 2 2 1 0 2 1 0 0 2 -2 -1 -1 -2 0 0 -2 -2 0 0 0 -2 -2 0 -1 0 -1 -1 -1 0 -2 0 -2 -2 -2 -2 -1 -2 0 -1 -1 0 0 -1 0 -1 -2 0 0 0 -1 0 -2 -2 -2 -1 -1 -1 -2 -2 -1 -1 -1 -2 -1 -1 0 -2 -2 -2 -2 0 0 -1 -2 -2 0 0 -2 -2 0 -1 -2 -2 -2 -2 0 -1 0 0 0 0 0 0 -1 -2 -1 -2 -2 -1 -1 -2 -2 -1 0 -2 -1 0 0 -2
-0.268930650873302 2.49539539515784 -0.567768446209343 -0.0688689822033022 0.481477243034725 -1 2 2 1 2 0 2 2 2 1 1 0 1 2 0 1 0 1 1 0 0 2 0 1 2 0 2 0 2 0 2 2 1 0 1 1 1 2 1 0 0 2 0 1 2 1 1 1 2 1 2 2 2 1 2 2 2 0 0 1 2 2 2 1 1 1 2 1 0 2 2 0 2 2 2 2 1 0 2 1 2 1 2 0 0 0 2 0 0 1 0 1 1 2 1 0 2 1 0 1 2 -2 -2 -1 -2 0 -2 -2 -2 -1 -1 0 -1 -2 0 -1 0 -1 -1 0 0 -2 0 -1 -2 0 -2 0 -2 0 -2 -2 -1 0 -1 -1 -1 -2 -1 0 0 -2 0 -1 -2 -1 -1 -1 -2 -1 -2 -2 -2 -1 -2 -2 -2 0 0 -1 -2 -2 -2 -1 -1 -1 -2 -1 0 -2 -2 0 -2 -2 -2 -2 -1 0 -2 -1 -2 -1 -2 0 0 0 -2 0 0 -1 0 -1 -1 -2 -1 0 -2 -1 0 -1 -2
-0.70047283616308 -0.933293367768674 1.70508109414886 1.11240754914039 1.15810769361842 1 1 0 0 2 0 0 1 1 0 0 0 0 1 0 0 0 0 0 0 0 1 0 0 1 0 2 0 1 0 1 2 0 0 2 1 1 2 1 0 0 1 0 1 1 2 2 1 0 0 2 2 2 1 2 1 2 0 2 2 2 1 1 1 1 2 2 1 1 2 1 0 1 1 2 1 1 1 2 1 1 2 2 1 2 0 2 1 1 2 1 2 2 2 0 0 0 1 1 1 2 1 0 0 2 0 0 1 1 0 0 0 0 1 0 0 0 0 0 0 0 1 0 0 1 0 2 0 1 0 1 2 0 0 2 1 1 2 1 0 0 1 0 1 1 2 2 1 0 0 2 2 2 1 2 1 2 0 2 2 2 1 1 1 1 2 2 1 1 2 1 0 1 1 2 1 1 1 2 1 1 2 2 1 2 0 2 1 1 2 1 2 2 2 0 0 0 1 1 1 2
1.12837088152374 2.32073482233621 0.384393939895384 0.217463838556718 -0.661969788104494 -1 2 1 0 2 1 2 2 2 1 1 0 0 2 1 2 1 2 0 0 0 1 0 1 2 1 2 0 1 0 2 2 2 1 2 1 0 2 2 1 0 1 0 1 1 2 1 1 1 0 1 2 2 1 2 1 1 0 2 2 1 2 2 1 1 2 2 1 1 2 1 0 1 0 1 2 2 0 2 2 2 1 2 1 2 0 1 2 2 2 0 1 1 2 1 0 1 1 0 0 1 -2 -1 0 -2 -1 -2 -2 -2 -1 -1 0 0 -2 -1 -2 -1 -2 0 0 0 -1 0 -1 -2 -1 -2 0 -1 0 -2 -2 -2 -1 -2 -1 0 -2 -2 -1 0 -1 0 -1 -1 -2 -1 -1 -1 0 -1 -2 -2 -1 -2 -1 -1 0 -2 -2 -1 -2 -2 -1 -1 -2 -2 -1 -1 -2 -1 0 -1 0 -1 -2 -2 0 -2 -2 -2 -1 -2 -1 -2 0 -1 -2 -2 -2 0 -1 -1 -2 -1 0 -1 -1 0 0 -1
-1.40553891518321 0.413201597562759 -0.486176591339904 -1.23695534249087 0.857038698959321 1 2 2 1 2 0 1 2 1 1 0 0 0 1 0 1 0 0 0 0 0 2 0 0 2 1 2 1 2 0 1 2 0 1 2 2 0 2 2 1 1 0 0 1 1 0 2 2 0 1 2 2 2 2 1 1 1 0 2 2 2 2 1 0 1 2 2 0 0 2 2 0 1 2 1 1 1 0 1 0 1 0 2 1 2 0 2 1 1 2 0 1 2 2 1 0 0 1 1 0 2 2 2 1 2 0 1 2 1 1 0 0 0 1 0 1 0 0 0 0 0 2 0 0 2 1 2 1 2 0 1 2 0 1 2 2 0 2 2 1 1 0 0 1 1 0 2 2 0 1 2 2 2 2 1 1 1 0 2 2 2 2 1 0 1 2 2 0 0 2 2 0 1 2 1 1 1 0 1 0 1 0 2 1 2 0 2 1 1 2 0 1 2 2 1 0 0 1 1 0 2
-0.551063477109128 1.20460786066526 -1.01992825539116 -1.09345633628989 0.475031019723426 1 2 0 0 2 0 1 1 0 0 0 0 0 1 0 2 1 1 0 0 0 1 0 2 2 0 2 0 2 0 1 2 1 0 0 0 0 1 0 0 0 1 0 0 1 1 1 0 1 0 2 2 2 1 2 2 1 0 1 2 2 2 2 2 2 2 2 1 1 2 2 0 2 1 1 1 1 0 2 1 0 1 2 0 1 0 0 0 1 2 0 1 1 2 2 0 0 1 1 0 1 2 0 0 2 0 1 1 0 0 0 0 0 1 0 2 1 1 0 0 0 1 0 2 2 0 2 0 2 0 1 2 1 0 0 0 0 1 0 0 0 1 0 0 1 1 1 0 1 0 2 2 2 1 2 2 1 0 1 2 2 2 2 2 2 2 2 1 1 2 2 0 2 1 1 1 1 0 2 1 0 1 2 0 1 0 0 0 1 2 0 1 1 2 2 0 0 1 1 0 1
-0.865601973835122 0.596375507523473 -0.61181704062454 0.509564639082236 -2.20189575149878 1 2 1 1 2 0 2 2 0 0 1 1 0 2 0 2 1 1 0 0 0 1 0 2 2 0 2 0 2 0 1 1 0 0 1 0 0 2 2 0 0 2 0 1 2 2 2 2 1 1 2 2 2 2 2 0 2 0 2 1 1 2 1 1 2 2 2 0 0 2 2 0 1 1 1 1 1 0 1 0 0 0 2 0 1 0 1 1 2 2 1 0 1 2 1 0 0 2 0 0 1 2 1 1 2 0 2 2 0 0 1 1 0 2 0 2 1 1 0 0 0 1 0 2 2 0 2 0 2 0 1 1 0 0 1 0 0 2 2 0 0 2 0 1 2 2 2 2 1 1 2 2 2 2 2 0 2 0 2 1 1 2 1 1 2 2 2 0 0 2 2 0 1 1 1 1 1 0 1 0 0 0 2 0 1 0 1 1 2 2 1 0 1 2 1 0 0 2 0 0 1
1.39492554391042 -2.10384059637441 -1.17888345190716 -0.272339884838956 -0.359790977682782 -1 1 0 0 1 0 0 1 0 0 0 0 1 2 0 1 1 1 0 0 0 2 0 2 2 0 2 1 1 0 2 2 2 1 2 2 1 2 2 0 0 0 0 2 1 2 1 1 1 0 2 2 2 2 1 1 1 0 1 2 2 2 1 1 1 2 2 1 0 2 2 0 1 1 0 0 1 1 2 2 1 2 2 0 1 0 2 0 1 2 0 1 1 2 0 0 0 0 0 0 1 -1 0 0 -1 0 0 -1 0 0 0 0 -1 -2 0 -1 -1 -1 0 0 0 -2 0 -2 -2 0 -2 -1 -1 0 -2 -2 -2 -1 -2 -2 -1 -2 -2 0 0 0 0 -2 -1 -2 -1 -1 -1 0 -2 -2 -2 -2 -1 -1 -1 0 -1 -2 -2 -2 -1 -1 -1 -2 -2 -1 0 -2 -2 0 -1 -1 0 0 -1 -1 -2 -2 -1 -2 -2 0 -1 0 -2 0 -1 -2 0 -1 -1 -2 0 0 0 0 0 0 -1
-0.161860170522862 0.14766066266843 -0.873034066032574 -1.28444235074313 -0.356153276114754 1 2 1 1 2 0 0 2 1 0 0 1 1 2 0 2 0 1 0 1 0 2 0 0 2 0 2 0 1 0 1 2 1 0 2 1 1 2 1 0 0 2 0 2 1 2 2 1 0 1 2 2 2 1 2 2 1 0 0 1 1 2 1 1 2 2 2 2 1 2 2 1 0 0 2 2 2 1 2 2 1 2 2 1 2 1 2 1 2 2 1 1 2 2 1 0 1 2 0 0 1 2 1 1 2 0 0 2 1 0 0 1 1 2 0 2 0 1 0 1 0 2 0 0 2 0 2 0 1 0 1 2 1 0 2 1 1 2 1 0 0 2 0 2 1 2 2 1 0 1 2 2 2 1 2 2 1 0 0 1 1 2 1 1 2 2 2 2 1 2 2 1 0 0 2 2 2 1 2 2 1 2 2 1 2 1 2 1 2 2 1 1 2 2 1 0 1 2 0 0 1
-0.0942593549882804 -0.557018440192094 0.50351954431189 0.208996835677123 1.20955609393109 -1 2 1 1 2 1 1 2 2 0 0 0 0 0 0 2 1 1 0 1 1 2 1 1 1 0 1 0 2 0 0 2 1 0 2 2 0 2 2 0 1 1 0 2 2 1 1 1 1 1 2 2 2 1 2 1 1 0 2 2 2 2 2 1 1 2 1 2 1 2 2 1 2 0 2 1 2 0 2 2 2 2 2 0 0 0 1 0 1 2 1 1 1 2 2 1 1 2 1 0 0 -2 -1 -1 -2 -1 -1 -2 -2 0 0 0 0 0 0 -2 -1 -1 0 -1 -1 -2 -1 -1 -1 0 -1 0 -2 0 0 -2 -1 0 -2 -2 0 -2 -2 0 -1 -1 0 -2 -2 -1 -1 -1 -1 -1 -2 -2 -2 -1 -2 -1 -1 0 -2 -2 -2 -2 -2 -1 -1 -2 -1 -2 -1 -2 -2 -1 -2 0 -2 -1 -2 0 -2 -2 -2 -2 -2 0 0 0 -1 0 -1 -2 -1 -1 -1 -2 -2 -1 -1 -2 -1 0 0
0.25576933787052 -0.950275999772115 -1.83223942440365 1.82167736689123 0.763648446358626 -1 2 2 1 2 0 2 2 2 0 0 0 0 2 0 0 0 1 0 0 0 2 0 1 2 1 1 0 2 0 2 2 1 1 2 2 0 2 1 0 0 2 0 2 2 2 1 1 1 2 2 2 2 1 2 1 2 0 2 2 2 2 1 1 2 1 1 1 0 2 2 0 0 1 2 2 1 0 2 1 1 1 2 0 2 0 1 0 0 2 0 1 0 2 2 1 1 2 1 0 1 -2 -2 -1 -2 0 -2 -2 -2 0 0 0 0 -2 0 0 0 -1 0 0 0 -2 0 -1 -2 -1 -1 0 -2 0 -2 -2 -1 -1 -2 -2 0 -2 -1 0 0 -2 0 -2 -2 -2 -1 -1 -1 -2 -2 -2 -2 -1 -2 -1 -2 0 -2 -2 -2 -2 -1 -1 -2 -1 -1 -1 0 -2 -2 0 0 -1 -2 -2 -1 0 -2 -1 -1 -1 -2 0 -2 0 -1 0 0 -2 0 -1 0 -2 -2 -1 -1 -2 -1 0 -1
-0.026633529122933 0.53973648844046 -0.6442132313317 -0.41299852370511 -1.1163131540502 -1 2 2 1 2 0 2 2 2 0 0 1 0 2 0 1 0 0 0 0 0 2 0 1 0 0 2 0 2 0 1 1 1 0 1 2 0 2 2 1 1 2 0 2 2 2 2 1 0 0 2 2 2 1 1 2 2 0 2 2 2 2 1 1 2 2 2 1 1 2 2 0 2 1 1 1 2 1 2 1 1 1 2 0 2 0 1 0 0 1 0 1 2 2 2 0 1 0 1 0 2 -2 -2 -1 -2 0 -2 -2 -2 0 0 -1 0 -2 0 -1 0 0 0 0 0 -2 0 -1 0 0 -2 0 -2 0 -1 -1 -1 0 -1 -2 0 -2 -2 -1 -1 -2 0 -2 -2 -2 -2 -1 0 0 -2 -2 -2 -1 -1 -2 -2 0 -2 -2 -2 -2 -1 -1 -2 -2 -2 -1 -1 -2 -2 0 -2 -1 -1 -1 -2 -1 -2 -1 -1 -1 -2 0 -2 0 -1 0 0 -1 0 -1 -2 -2 -2 0 -1 0 -1 0 -2
1.73514249387398 0.00889977604116905 0.0139248748318095 -0.765061591214542 -0.167424423508773 1 2 2 1 2 0 1 2 2 1 0 0 0 1 0 1 0 2 0 1 1 2 1 2 2 0 2 0 1 0 1 1 1 1 1 2 1 2 1 0 1 1 0 2 2 2 2 2 2 1 2 2 2 0 1 1 0 0 2 1 0 2 1 1 2 2 2 0 1 2 2 0 1 1 1 2 2 1 2 0 1 1 2 0 1 1 2 1 1 2 0 1 2 2 2 0 0 2 0 0 1 2 2 1 2 0 1 2 2 1 0 0 0 1 0 1 0 2 0 1 1 2 1 2 2 0 2 0 1 0 1 1 1 1 1 2 1 2 1 0 1 1 0 2 2 2 2 2 2 1 2 2 2 0 1 1 0 0 2 1 0 2 1 1 2 2 2 0 1 2 2 0 1 1 1 2 2 1 2 0 1 1 2 0 1 1 2 1 1 2 0 1 2 2 2 0 0 2 0 0 1
2.56044428922302 0.182273491894641 1.16501998796515 -0.761012779325947 -2.12063221952107 -1 2 1 1 2 0 1 2 2 0 0 0 0 2 0 2 0 2 0 0 0 1 0 2 2 0 1 0 2 0 1 2 1 0 1 1 0 2 1 0 0 1 0 2 2 2 2 2 1 1 2 2 2 1 2 2 1 0 2 2 2 2 0 0 2 2 2 1 0 2 2 1 2 2 1 1 1 0 2 2 1 1 2 0 2 0 1 0 0 2 2 0 2 2 1 0 0 2 1 0 2 -2 -1 -1 -2 0 -1 -2 -2 0 0 0 0 -2 0 -2 0 -2 0 0 0 -1 0 -2 -2 0 -1 0 -2 0 -1 -2 -1 0 -1 -1 0 -2 -1 0 0 -1 0 -2 -2 -2 -2 -2 -1 -1 -2 -2 -2 -1 -2 -2 -1 0 -2 -2 -2 -2 0 0 -2 -2 -2 -1 0 -2 -2 -1 -2 -2 -1 -1 -1 0 -2 -2 -1 -1 -2 0 -2 0 -1 0 0 -2 -2 0 -2 -2 -1 0 0 -2 -1 0 -2
0.0818178866613793 1.52983578844316 0.693975217336525 -0.30190891585464 0.0312243722073735 -1 2 1 1 2 0 1 1 2 0 0 0 0 2 0 1 0 1 1 1 0 1 0 2 2 1 2 1 2 0 0 2 1 1 2 1 1 2 1 0 0 1 0 2 2 2 2 2 2 2 2 2 2 1 2 2 2 0 2 2 1 2 1 1 1 1 1 2 1 2 2 0 1 1 2 1 0 0 2 0 1 2 2 0 2 0 2 0 0 2 2 0 1 2 1 0 1 1 0 0 2 -2 -1 -1 -2 0 -1 -1 -2 0 0 0 0 -2 0 -1 0 -1 -1 -1 0 -1 0 -2 -2 -1 -2 -1 -2 0 0 -2 -1 -1 -2 -1 -1 -2 -1 0 0 -1 0 -2 -2 -2 -2 -2 -2 -2 -2 -2 -2 -1 -2 -2 -2 0 -2 -2 -1 -2 -1 -1 -1 -1 -1 -2 -1 -2 -2 0 -1 -1 -2 -1 0 0 -2 0 -1 -2 -2 0 -2 0 -2 0 0 -2 -2 0 -1 -2 -1 0 -1 -1 0 0 -2
1.21836757124933 -0.918507494327267 0.22504529491328 -0.382079154825847 -1.30160298421617 1 2 2 0 1 0 2 2 1 0 0 0 1 2 0 1 1 1 0 0 0 1 0 1 2 1 2 0 0 0 1 1 1 0 0 1 0 2 2 0 1 0 0 2 2 2 2 1 0 0 2 2 2 2 2 1 0 0 2 2 2 2 1 1 1 2 2 1 1 2 1 0 0 1 1 0 1 0 1 0 1 1 2 1 2 1 2 0 0 2 0 1 1 2 0 0 1 2 0 0 1 2 2 0 1 0 2 2 1 0 0 0 1 2 0 1 1 1 0 0 0 1 0 1 2 1 2 0 0 0 1 1 1 0 0 1 0 2 2 0 1 0 0 2 2 2 2 1 0 0 2 2 2 2 2 1 0 0 2 2 2 2 1 1 1 2 2 1 1 2 1 0 0 1 1 0 1 0 1 0 1 1 2 1 2 1 2 0 0 2 0 1 1 2 0 0 1 2 0 0 1
0.677546353637254 1.19777563956026 -2.09235014800325 -1.75388255367312 1.12651140052631 -1 2 1 1 2 0 2 2 2 0 0 0 0 0 0 0 0 1 0 0 0 2 0 1 1 0 1 0 1 0 1 2 0 0 1 1 0 2 0 0 1 2 0 2 2 2 2 2 2 1 1 2 2 1 2 1 2 0 2 2 2 2 1 1 2 2 2 0 0 2 2 0 1 0 2 1 1 0 2 1 2 0 2 1 2 1 2 1 2 2 1 1 2 2 2 0 0 2 0 0 2 -2 -1 -1 -2 0 -2 -2 -2 0 0 0 0 0 0 0 0 -1 0 0 0 -2 0 -1 -1 0 -1 0 -1 0 -1 -2 0 0 -1 -1 0 -2 0 0 -1 -2 0 -2 -2 -2 -2 -2 -2 -1 -1 -2 -2 -1 -2 -1 -2 0 -2 -2 -2 -2 -1 -1 -2 -2 -2 0 0 -2 -2 0 -1 0 -2 -1 -1 0 -2 -1 -2 0 -2 -1 -2 -1 -2 -1 -2 -2 -1 -1 -2 -2 -2 0 0 -2 0 0 -2
0.00743757225000069 -0.332002488493376 -0.697424277547106 -0.0478230847888462 -0.650507956388629 1 1 1 1 2 0 1 1 1 0 0 0 0 2 0 0 0 1 0 1 0 2 0 1 1 0 2 1 1 0 2 2 0 0 2 2 0 2 2 1 1 2 0 2 2 1 1 1 0 1 2 2 2 0 1 1 1 0 2 2 2 1 0 0 1 2 2 1 0 2 2 0 1 0 2 2 2 0 1 2 2 2 2 1 2 0 1 1 1 2 0 0 1 2 0 0 1 1 0 0 2 1 1 1 2 0 1 1 1 0 0 0 0 2 0 0 0 1 0 1 0 2 0 1 1 0 2 1 1 0 2 2 0 0 2 2 0 2 2 1 1 2 0 2 2 1 1 1 0 1 2 2 2 0 1 1 1 0 2 2 2 1 0 0 1 2 2 1 0 2 2 0 1 0 2 2 2 0 1 2 2 2 2 1 2 0 1 1 1 2 0 0 1 2 0 0 1 1 0 0 2
0.22225573397729 0.51182045548684 -0.217535151391584 0.716021327314157 0.11107645803156 -1 2 1 1 2 0 2 2 2 1 0 0 0 2 0 1 0 1 0 0 0 2 0 1 1 0 1 0 1 0 0 2 1 0 1 2 1 2 1 0 1 2 1 2 2 2 2 1 2 2 1 2 2 2 2 2 1 0 0 2 2 2 0 0 1 1 1 1 0 2 1 0 0 0 2 2 2 0 2 1 0 0 2 0 1 0 2 0 1 2 0 1 1 2 2 0 1 1 0 0 1 -2 -1 -1 -2 0 -2 -2 -2 -1 0 0 0 -2 0 -1 0 -1 0 0 0 -2 0 -1 -1 0 -1 0 -1 0 0 -2 -1 0 -1 -2 -1 -2 -1 0 -1 -2 -1 -2 -2 -2 -2 -1 -2 -2 -1 -2 -2 -2 -2 -2 -1 0 0 -2 -2 -2 0 0 -1 -1 -1 -1 0 -2 -1 0 0 0 -2 -2 -2 0 -2 -1 0 0 -2 0 -1 0 -2 0 -1 -2 0 -1 -1 -2 -2 0 -1 -1 0 0 -1
0.348526663909238 0.556648920273861 0.617131036223066 1.00923596448233 0.245965275750675 1 2 1 0 2 0 2 2 1 1 0 0 0 2 0 0 0 0 0 0 0 0 0 1 1 0 2 0 2 0 0 1 0 0 0 1 1 2 1 0 0 2 0 2 2 2 2 2 2 1 2 2 2 2 2 2 2 0 2 2 2 2 0 1 1 2 2 1 1 2 2 0 1 0 1 1 1 0 2 0 0 1 2 0 0 0 1 0 2 2 0 2 2 2 2 0 1 2 2 0 2 2 1 0 2 0 2 2 1 1 0 0 0 2 0 0 0 0 0 0 0 0 0 1 1 0 2 0 2 0 0 1 0 0 0 1 1 2 1 0 0 2 0 2 2 2 2 2 2 1 2 2 2 2 2 2 2 0 2 2 2 2 0 1 1 2 2 1 1 2 2 0 1 0 1 1 1 0 2 0 0 1 2 0 0 0 1 0 2 2 0 2 2 2 2 0 1 2 2 0 2
1.86939366249067 -2.03220158898479 0.80377268011531 -1.67862404768105 -0.0886703644114499 1 2 2 0 2 0 2 2 2 0 0 1 2 2 0 0 0 0 0 1 0 1 0 0 1 0 1 0 1 0 1 2 1 0 0 1 1 2 0 0 0 0 0 2 2 2 2 2 0 1 2 2 2 1 2 2 1 0 0 1 1 2 0 0 0 2 2 1 0 2 2 1 1 0 2 1 1 0 1 1 1 2 2 0 2 0 1 0 0 2 1 1 1 2 1 1 2 1 0 0 2 2 2 0 2 0 2 2 2 0 0 1 2 2 0 0 0 0 0 1 0 1 0 0 1 0 1 0 1 0 1 2 1 0 0 1 1 2 0 0 0 0 0 2 2 2 2 2 0 1 2 2 2 1 2 2 1 0 0 1 1 2 0 0 0 2 2 1 0 2 2 1 1 0 2 1 1 0 1 1 1 2 2 0 2 0 1 0 0 2 1 1 1 2 1 1 2 1 0 0 2
1.3200412628296 0.832837820889129 -0.183905384634606 2.05988392719414 -1.68323220762883 -1 1 1 1 2 0 2 2 1 0 0 1 1 2 0 2 0 2 1 1 1 2 0 1 2 1 2 1 2 0 1 1 0 0 1 1 1 2 2 0 1 1 0 1 1 1 1 1 0 0 2 2 2 1 2 0 0 0 1 1 1 2 1 1 1 2 1 1 0 2 1 0 1 1 2 2 2 1 2 1 1 1 2 0 2 1 2 0 1 2 1 1 1 2 1 1 1 1 1 0 2 -1 -1 -1 -2 0 -2 -2 -1 0 0 -1 -1 -2 0 -2 0 -2 -1 -1 -1 -2 0 -1 -2 -1 -2 -1 -2 0 -1 -1 0 0 -1 -1 -1 -2 -2 0 -1 -1 0 -1 -1 -1 -1 -1 0 0 -2 -2 -2 -1 -2 0 0 0 -1 -1 -1 -2 -1 -1 -1 -2 -1 -1 0 -2 -1 0 -1 -1 -2 -2 -2 -1 -2 -1 -1 -1 -2 0 -2 -1 -2 0 -1 -2 -1 -1 -1 -2 -1 -1 -1 -1 -1 0 -2
-0.759054439863765 -1.77473011928382 0.576533764802023 1.12275434237776 -1.1891586409054 1 2 2 1 2 0 1 1 2 0 0 0 0 2 0 2 0 1 0 0 0 0 0 1 2 0 1 0 0 0 1 2 1 0 1 0 0 2 2 0 0 1 0 2 2 2 1 1 1 0 2 2 2 2 2 2 2 0 1 0 2 2 1 0 1 2 1 0 0 2 0 0 1 2 2 2 1 0 2 1 0 1 2 1 2 0 0 0 0 1 0 0 1 2 1 0 1 2 0 0 1 2 2 1 2 0 1 1 2 0 0 0 0 2 0 2 0 1 0 0 0 0 0 1 2 0 1 0 0 0 1 2 1 0 1 0 0 2 2 0 0 1 0 2 2 2 1 1 1 0 2 2 2 2 2 2 2 0 1 0 2 2 1 0 1 2 1 0 0 2 0 0 1 2 2 2 1 0 2 1 0 1 2 1 2 0 0 0 0 1 0 0 1 2 1 0 1 2 0 0 1
-1.31484122625844 -1.30209556443206 -0.372996086872897 1.45808817968225 -0.0805716043170096 -1 2 2 2 2 0 2 2 2 0 1 1 0 2 1 2 2 2 1 1 1 2 0 1 2 1 2 0 2 0 1 2 0 1 2 1 2 2 2 0 0 0 0 2 1 2 0 0 2 0 1 2 1 0 1 1 2 0 2 2 0 2 1 1 1 2 2 2 2 2 2 0 1 1 2 2 1 0 2 2 1 0 2 0 1 1 2 1 2 2 1 1 1 2 0 0 0 2 0 0 1 -2 -2 -2 -2 0 -2 -2 -2 0 -1 -1 0 -2 -1 -2 -2 -2 -1 -1 -1 -2 0 -1 -2 -1 -2 0 -2 0 -1 -2 0 -1 -2 -1 -2 -2 -2 0 0 0 0 -2 -1 -2 0 0 -2 0 -1 -2 -1 0 -1 -1 -2 0 -2 -2 0 -2 -1 -1 -1 -2 -2 -2 -2 -2 -2 0 -1 -1 -2 -2 -1 0 -2 -2 -1 0 -2 0 -1 -1 -2 -1 -2 -2 -1 -1 -1 -2 0 0 0 -2 0 0 -1
-2.03313298500538 -0.315531675905259 -0.435135827573805 0.502258366721714 0.336776839639446 1 1 1 0 0 0 0 2 2 1 0 1 0 2 0 1 0 1 0 0 0 1 0 0 1 0 1 0 0 0 2 0 0 0 1 2 0 2 0 0 0 2 0 1 1 2 2 1 1 1 2 2 2 2 2 2 1 0 2 1 2 2 1 1 2 2 1 0 0 1 2 0 1 0 2 2 1 0 2 2 2 2 2 0 0 0 1 0 0 1 0 1 2 2 1 0 0 1 0 1 1 1 1 0 0 0 0 2 2 1 0 1 0 2 0 1 0 1 0 0 0 1 0 0 1 0 1 0 0 0 2 0 0 0 1 2 0 2 0 0 0 2 0 1 1 2 2 1 1 1 2 2 2 2 2 2 1 0 2 1 2 2 1 1 2 2 1 0 0 1 2 0 1 0 2 2 1 0 2 2 2 2 2 0 0 0 1 0 0 1 0 1 2 2 1 0 0 1 0 1 1
-0.989928591070921 0.253591828753184 0.0354487291163121 0.0173798558144196 -0.52015850705492 -1 2 0 0 1 0 1 1 1 0 0 0 0 1 0 2 0 1 0 0 0 2 0 1 2 0 1 0 1 0 2 1 0 0 1 2 0 2 0 0 0 1 0 2 2 2 2 2 2 1 2 2 2 2 1 1 2 0 2 2 2 2 0 0 1 2 2 1 1 2 2 0 0 2 1 1 0 1 2 1 0 1 2 0 1 0 1 0 0 1 0 0 2 2 1 0 1 2 1 0 0 -2 0 0 -1 0 -1 -1 -1 0 0 0 0 -1 0 -2 0 -1 0 0 0 -2 0 -1 -2 0 -1 0 -1 0 -2 -1 0 0 -1 -2 0 -2 0 0 0 -1 0 -2 -2 -2 -2 -2 -2 -1 -2 -2 -2 -2 -1 -1 -2 0 -2 -2 -2 -2 0 0 -1 -2 -2 -1 -1 -2 -2 0 0 -2 -1 -1 0 -1 -2 -1 0 -1 -2 0 -1 0 -1 0 0 -1 0 0 -2 -2 -1 0 -1 -2 -1 0 0
-0.0787622644634806 0.556353245338337 -0.484553482538973 -0.994708048115143 -0.60444947540341 -1 1 2 0 2 0 2 2 2 0 0 0 0 1 0 1 0 1 0 1 0 2 0 1 2 0 0 0 2 0 1 2 0 0 1 2 1 2 1 0 0 1 0 2 2 2 2 2 2 0 2 2 2 1 2 2 1 0 2 2 1 2 1 1 2 2 2 2 0 2 2 1 1 0 1 1 2 0 1 1 1 1 2 0 0 0 2 1 1 2 0 0 2 2 1 1 1 1 1 0 1 -1 -2 0 -2 0 -2 -2 -2 0 0 0 0 -1 0 -1 0 -1 0 -1 0 -2 0 -1 -2 0 0 0 -2 0 -1 -2 0 0 -1 -2 -1 -2 -1 0 0 -1 0 -2 -2 -2 -2 -2 -2 0 -2 -2 -2 -1 -2 -2 -1 0 -2 -2 -1 -2 -1 -1 -2 -2 -2 -2 0 -2 -2 -1 -1 0 -1 -1 -2 0 -1 -1 -1 -1 -2 0 0 0 -2 -1 -1 -2 0 0 -2 -2 -1 -1 -1 -1 -1 0 -1
0.602417591266171 -2.03913837094962 -1.13942495288709 0.56459034382453 2.23241423222708 -1 1 0 0 2 0 1 2 1 0 0 0 0 2 0 2 1 1 1 1 0 2 0 1 2 1 2 1 2 1 2 2 1 0 0 1 1 1 1 0 0 1 0 2 2 2 2 1 1 1 2 1 1 0 0 1 1 0 1 1 2 2 0 1 1 2 2 1 1 2 2 2 2 2 2 1 0 0 2 0 0 1 2 0 0 1 2 1 2 2 1 2 2 2 2 0 2 2 1 0 2 -1 0 0 -2 0 -1 -2 -1 0 0 0 0 -2 0 -2 -1 -1 -1 -1 0 -2 0 -1 -2 -1 -2 -1 -2 -1 -2 -2 -1 0 0 -1 -1 -1 -1 0 0 -1 0 -2 -2 -2 -2 -1 -1 -1 -2 -1 -1 0 0 -1 -1 0 -1 -1 -2 -2 0 -1 -1 -2 -2 -1 -1 -2 -2 -2 -2 -2 -2 -1 0 0 -2 0 0 -1 -2 0 0 -1 -2 -1 -2 -2 -1 -2 -2 -2 -2 0 -2 -2 -1 0 -2
-1.39138804520367 1.03154438584745 1.2713287689406 0.818141917457527 1.26168672902511 1 2 1 0 2 1 2 2 1 0 0 0 0 2 0 1 0 1 0 0 0 1 0 2 1 0 1 0 2 0 1 2 0 0 1 2 2 2 1 0 1 1 0 2 2 2 1 2 2 0 1 2 2 1 2 2 1 0 2 1 1 2 1 1 1 2 1 0 0 1 2 0 0 1 2 1 1 0 1 2 2 1 2 1 1 0 1 0 0 2 0 0 1 2 1 0 1 2 1 0 1 2 1 0 2 1 2 2 1 0 0 0 0 2 0 1 0 1 0 0 0 1 0 2 1 0 1 0 2 0 1 2 0 0 1 2 2 2 1 0 1 1 0 2 2 2 1 2 2 0 1 2 2 1 2 2 1 0 2 1 1 2 1 1 1 2 1 0 0 1 2 0 0 1 2 1 1 0 1 2 2 1 2 1 1 0 1 0 0 2 0 0 1 2 1 0 1 2 1 0 1
-0.713283815613067 -0.369139396642425 -0.480921717757561 0.061066770849231 -1.1936595089141 -1 2 2 1 1 0 2 2 2 0 1 0 1 2 0 2 0 0 0 0 0 1 0 0 1 0 1 0 1 0 0 1 0 0 2 1 1 2 1 0 0 2 0 1 2 2 2 1 1 0 1 2 1 1 1 1 1 0 2 2 1 2 0 0 1 1 2 0 0 2 2 1 2 2 1 2 0 0 2 1 1 1 2 0 2 0 2 0 2 2 0 0 1 2 0 0 0 2 1 0 1 -2 -2 -1 -1 0 -2 -2 -2 0 -1 0 -1 -2 0 -2 0 0 0 0 0 -1 0 0 -1 0 -1 0 -1 0 0 -1 0 0 -2 -1 -1 -2 -1 0 0 -2 0 -1 -2 -2 -2 -1 -1 0 -1 -2 -1 -1 -1 -1 -1 0 -2 -2 -1 -2 0 0 -1 -1 -2 0 0 -2 -2 -1 -2 -2 -1 -2 0 0 -2 -1 -1 -1 -2 0 -2 0 -2 0 -2 -2 0 0 -1 -2 0 0 0 -2 -1 0 -1
-1.09028777024559 0.803012193625294 0.609020578677206 1.12525588631524 1.08882196255367 1 2 2 0 2 0 1 2 2 0 0 0 0 2 0 1 0 1 0 0 0 1 0 1 2 0 1 0 2 0 2 1 1 0 2 2 2 2 1 0 0 2 0 2 1 0 2 2 2 1 2 2 2 1 2 2 2 0 2 1 2 2 0 1 2 2 2 1 1 2 1 0 2 1 1 2 2 0 2 1 1 2 2 2 2 0 1 0 0 2 0 0 1 2 0 0 0 2 0 0 2 2 2 0 2 0 1 2 2 0 0 0 0 2 0 1 0 1 0 0 0 1 0 1 2 0 1 0 2 0 2 1 1 0 2 2 2 2 1 0 0 2 0 2 1 0 2 2 2 1 2 2 2 1 2 2 2 0 2 1 2 2 0 1 2 2 2 1 1 2 1 0 2 1 1 2 2 0 2 1 1 2 2 2 2 0 1 0 0 2 0 0 1 2 0 0 0 2 0 0 2
-1.74426796660216 -0.320163791710763 0.148905843908157 0.357695841849897 -0.381310775432269 1 2 2 0 2 0 2 2 2 0 0 0 0 2 0 0 0 1 0 1 0 1 0 2 2 1 2 1 2 0 1 1 0 0 1 1 0 2 1 0 0 1 0 1 1 2 2 1 0 1 2 2 2 2 2 0 1 0 2 2 2 2 1 1 1 2 2 1 2 2 2 0 1 1 1 1 2 1 2 1 1 0 2 0 0 0 2 0 1 2 0 0 1 2 2 0 1 2 0 0 1 2 2 0 2 0 2 2 2 0 0 0 0 2 0 0 0 1 0 1 0 1 0 2 2 1 2 1 2 0 1 1 0 0 1 1 0 2 1 0 0 1 0 1 1 2 2 1 0 1 2 2 2 2 2 0 1 0 2 2 2 2 1 1 1 2 2 1 2 2 2 0 1 1 1 1 2 1 2 1 1 0 2 0 0 0 2 0 1 2 0 0 1 2 2 0 1 2 0 0 1
-0.29096162633563 -0.145866728119087 0.617225593254189 -1.51688333461961 -1.82183607815304 -1 2 1 0 2 0 1 2 2 1 0 0 0 2 0 2 2 2 1 1 0 2 0 2 2 1 2 0 2 0 2 2 2 1 1 2 1 2 1 0 1 1 0 1 2 1 2 2 0 1 2 1 2 2 2 1 2 0 1 1 1 2 0 1 1 2 2 1 1 2 2 0 1 0 2 2 2 1 2 2 2 1 2 0 1 0 1 0 0 1 0 0 1 2 2 1 1 2 1 0 2 -2 -1 0 -2 0 -1 -2 -2 -1 0 0 0 -2 0 -2 -2 -2 -1 -1 0 -2 0 -2 -2 -1 -2 0 -2 0 -2 -2 -2 -1 -1 -2 -1 -2 -1 0 -1 -1 0 -1 -2 -1 -2 -2 0 -1 -2 -1 -2 -2 -2 -1 -2 0 -1 -1 -1 -2 0 -1 -1 -2 -2 -1 -1 -2 -2 0 -1 0 -2 -2 -2 -1 -2 -2 -2 -1 -2 0 -1 0 -1 0 0 -1 0 0 -1 -2 -2 -1 -1 -2 -1 0 -2
0.591001196353102 0.108885962225344 1.54512481174752 -1.7560827847989 -0.802216306744033 -1 2 1 0 1 0 0 1 1 0 0 1 1 2 0 1 1 2 0 0 0 1 0 0 1 0 2 1 2 0 1 2 0 0 1 1 1 2 2 0 1 0 0 2 1 0 0 1 0 0 2 2 2 1 1 2 1 0 1 1 0 1 0 0 0 1 1 0 1 2 2 0 2 1 2 1 1 0 2 1 2 2 2 0 0 2 2 2 1 2 0 1 2 2 0 0 2 2 1 0 2 -2 -1 0 -1 0 0 -1 -1 0 0 -1 -1 -2 0 -1 -1 -2 0 0 0 -1 0 0 -1 0 -2 -1 -2 0 -1 -2 0 0 -1 -1 -1 -2 -2 0 -1 0 0 -2 -1 0 0 -1 0 0 -2 -2 -2 -1 -1 -2 -1 0 -1 -1 0 -1 0 0 0 -1 -1 0 -1 -2 -2 0 -2 -1 -2 -1 -1 0 -2 -1 -2 -2 -2 0 0 -2 -2 -2 -1 -2 0 -1 -2 -2 0 0 -2 -2 -1 0 -2
-0.888793173407363 0.685581928880783 -0.598454694299071 -1.16660142953966 0.149558947601 -1 2 1 0 1 0 0 1 0 0 0 2 1 2 1 1 1 2 2 2 0 2 0 1 2 2 2 1 1 0 1 1 1 0 1 1 1 2 2 0 1 0 0 2 1 1 2 2 2 1 1 1 2 0 2 0 1 0 1 1 0 2 1 1 1 2 2 1 1 2 2 0 2 1 1 1 2 0 2 1 2 1 2 1 2 0 0 0 0 2 1 1 2 2 1 0 0 1 0 0 2 -2 -1 0 -1 0 0 -1 0 0 0 -2 -1 -2 -1 -1 -1 -2 -2 -2 0 -2 0 -1 -2 -2 -2 -1 -1 0 -1 -1 -1 0 -1 -1 -1 -2 -2 0 -1 0 0 -2 -1 -1 -2 -2 -2 -1 -1 -1 -2 0 -2 0 -1 0 -1 -1 0 -2 -1 -1 -1 -2 -2 -1 -1 -2 -2 0 -2 -1 -1 -1 -2 0 -2 -1 -2 -1 -2 -1 -2 0 0 0 0 -2 -1 -1 -2 -2 -1 0 0 -1 0 0 -2
0.991339017290912 -0.378167515160176 -0.166813980637607 0.6764931009601 1.38978329127323 -1 1 1 0 2 0 2 2 1 0 0 0 1 2 0 0 0 0 0 0 0 2 0 2 2 0 2 0 1 0 2 1 0 0 1 1 0 2 2 0 0 1 1 2 1 1 0 0 0 0 2 2 2 1 2 1 1 0 1 1 1 2 1 0 1 2 2 1 0 2 1 0 0 0 2 1 0 0 1 1 1 2 2 0 0 0 2 0 0 1 0 1 1 2 1 0 1 1 0 0 1 -1 -1 0 -2 0 -2 -2 -1 0 0 0 -1 -2 0 0 0 0 0 0 0 -2 0 -2 -2 0 -2 0 -1 0 -2 -1 0 0 -1 -1 0 -2 -2 0 0 -1 -1 -2 -1 -1 0 0 0 0 -2 -2 -2 -1 -2 -1 -1 0 -1 -1 -1 -2 -1 0 -1 -2 -2 -1 0 -2 -1 0 0 0 -2 -1 0 0 -1 -1 -1 -2 -2 0 0 0 -2 0 0 -1 0 -1 -1 -2 -1 0 -1 -1 0 0 -1
-0.272149706793419 1.34981534512706 -0.554328217390495 -1.00306103313513 1.73818752655447 1 1 0 0 1 0 1 2 1 0 0 0 1 2 0 1 1 2 1 2 1 2 0 1 1 1 2 0 2 0 1 2 1 0 2 2 1 1 1 0 1 0 0 1 0 1 1 2 1 1 2 2 2 2 2 1 2 0 2 2 1 2 1 1 1 2 2 1 0 2 2 1 2 1 2 1 1 0 2 0 1 1 2 1 2 0 2 0 1 2 0 1 1 2 0 0 1 2 1 1 1 1 0 0 1 0 1 2 1 0 0 0 1 2 0 1 1 2 1 2 1 2 0 1 1 1 2 0 2 0 1 2 1 0 2 2 1 1 1 0 1 0 0 1 0 1 1 2 1 1 2 2 2 2 2 1 2 0 2 2 1 2 1 1 1 2 2 1 0 2 2 1 2 1 2 1 1 0 2 0 1 1 2 1 2 0 2 0 1 2 0 1 1 2 0 0 1 2 1 1 1
0.40868420229019 -0.541784607342537 0.113546589074063 0.933161919259224 -0.792023916661421 1 2 2 1 2 0 1 1 1 1 0 0 0 1 0 1 0 1 0 0 0 0 0 1 1 0 1 0 1 0 2 2 1 1 1 1 1 2 1 0 0 2 0 0 1 2 2 1 1 2 1 2 2 2 2 2 2 0 2 2 2 2 0 0 1 2 2 2 1 2 1 1 1 1 2 1 1 0 1 1 1 1 2 0 2 1 1 0 0 2 0 2 2 2 0 1 1 1 1 0 2 2 2 1 2 0 1 1 1 1 0 0 0 1 0 1 0 1 0 0 0 0 0 1 1 0 1 0 1 0 2 2 1 1 1 1 1 2 1 0 0 2 0 0 1 2 2 1 1 2 1 2 2 2 2 2 2 0 2 2 2 2 0 0 1 2 2 2 1 2 1 1 1 1 2 1 1 0 1 1 1 1 2 0 2 1 1 0 0 2 0 2 2 2 0 1 1 1 1 0 2
-1.62939563702903 -1.39850278601719 -1.170844070653 -0.421854215164736 -0.387255533304224 -1 2 0 0 1 0 0 2 2 0 0 0 0 1 0 0 0 0 0 0 0 2 0 1 1 0 0 0 2 0 1 2 0 0 2 2 1 1 0 0 0 1 0 2 2 2 2 1 2 2 2 2 2 2 2 2 2 0 2 1 1 2 1 0 1 2 1 1 0 2 2 0 0 0 2 2 2 1 2 2 2 2 2 1 2 0 1 0 1 2 1 1 2 2 1 0 0 2 1 0 2 -2 0 0 -1 0 0 -2 -2 0 0 0 0 -1 0 0 0 0 0 0 0 -2 0 -1 -1 0 0 0 -2 0 -1 -2 0 0 -2 -2 -1 -1 0 0 0 -1 0 -2 -2 -2 -2 -1 -2 -2 -2 -2 -2 -2 -2 -2 -2 0 -2 -1 -1 -2 -1 0 -1 -2 -1 -1 0 -2 -2 0 0 0 -2 -2 -2 -1 -2 -2 -2 -2 -2 -1 -2 0 -1 0 -1 -2 -1 -1 -2 -2 -1 0 0 -2 -1 0 -2
-1.38515812402298 0.134120210205367 -0.698181560655183 -0.0103017233657001 -1.01264192806894 1 2 2 1 2 0 2 2 2 0 0 0 0 2 0 1 0 1 0 0 0 1 0 0 0 0 1 0 2 0 2 2 0 0 1 1 2 1 0 0 0 2 0 2 0 2 2 0 0 1 2 2 2 0 0 1 1 0 1 2 2 2 2 1 1 2 2 1 1 2 2 1 0 0 1 1 1 0 1 0 0 1 2 0 0 0 2 0 1 2 0 1 2 2 1 0 2 2 2 0 2 2 2 1 2 0 2 2 2 0 0 0 0 2 0 1 0 1 0 0 0 1 0 0 0 0 1 0 2 0 2 2 0 0 1 1 2 1 0 0 0 2 0 2 0 2 2 0 0 1 2 2 2 0 0 1 1 0 1 2 2 2 2 1 1 2 2 1 1 2 2 1 0 0 1 1 1 0 1 0 0 1 2 0 0 0 2 0 1 2 0 1 2 2 1 0 2 2 2 0 2
0.287265801677499 -0.559904302774566 -1.07848700949151 -0.964519563067975 0.472274289373662 1 1 0 1 2 1 2 2 2 0 1 0 0 1 0 2 0 2 0 0 0 2 0 0 2 0 1 0 2 0 2 2 2 0 1 2 2 2 0 0 0 2 0 1 1 1 2 1 0 0 1 2 2 1 1 1 1 0 2 2 2 2 0 0 1 2 2 1 1 2 2 0 1 1 2 1 2 0 0 0 0 2 2 0 2 0 2 0 0 2 0 0 2 2 1 0 0 0 1 0 1 1 0 1 2 1 2 2 2 0 1 0 0 1 0 2 0 2 0 0 0 2 0 0 2 0 1 0 2 0 2 2 2 0 1 2 2 2 0 0 0 2 0 1 1 1 2 1 0 0 1 2 2 1 1 1 1 0 2 2 2 2 0 0 1 2 2 1 1 2 2 0 1 1 2 1 2 0 0 0 0 2 2 0 2 0 2 0 0 2 0 0 2 2 1 0 0 0 1 0 1
