-0.52897322438375 -1.01203366186668 -0.00929455212900282 0.434844249009821 1.46925568275527 1 0 0 1 1 0 1 2 2 1 2 1 1 1 0 1 2 0 0 0 1 1 2 2 0 2 2 2 1 2 1 1 1 0 1 0 0 0 2 2 1 2 0 2 2 0 0 1 0 1 0 1 1 1 1 1 2 0 2 0 1 2 0 1 0 0 2 2 2 2 0 0 0 2 2 2 2 0 1 0 0 2 2 2 0 2 0 2 1 2 0 1 2 1 0 1 1 0 1 2 2 0 0 1 1 0 1 2 2 1 2 1 1 1 0 1 2 0 0 0 1 1 2 2 0 2 2 2 1 2 1 1 1 0 1 0 0 0 2 2 1 2 0 2 2 0 0 1 0 1 0 1 1 1 1 1 2 0 2 0 1 2 0 1 0 0 2 2 2 2 0 0 0 2 2 2 2 0 1 0 0 2 2 2 0 2 0 2 1 2 0 1 2 1 0 1 1 0 1 2 2
1.11689303347621 0.0511749688169686 1.51684828693964 0.790000416204612 -0.543781108437965 -1 1 1 0 0 0 2 2 2 2 1 1 2 2 1 1 2 0 1 0 2 1 2 2 0 2 2 1 0 0 2 1 1 1 2 1 0 1 1 2 0 2 0 2 2 0 0 0 0 2 0 2 1 1 2 1 2 0 1 0 1 1 0 1 0 0 1 2 0 2 1 1 1 1 2 2 1 0 2 2 1 1 2 2 0 2 0 1 1 2 0 1 2 2 1 1 1 0 1 2 2 -1 -1 0 0 0 -2 -2 -2 -2 -1 -1 -2 -2 -1 -1 -2 0 -1 0 -2 -1 -2 -2 0 -2 -2 -1 0 0 -2 -1 -1 -1 -2 -1 0 -1 -1 -2 0 -2 0 -2 -2 0 0 0 0 -2 0 -2 -1 -1 -2 -1 -2 0 -1 0 -1 -1 0 -1 0 0 -1 -2 0 -2 -1 -1 -1 -1 -2 -2 -1 0 -2 -2 -1 -1 -2 -2 0 -2 0 -1 -1 -2 0 -1 -2 -2 -1 -1 -1 0 -1 -2 -2
0.462764543275117 -1.02534748592214 0.188044883815451 -0.454953045211461 0.0657162274805124 -1 2 1 1 1 0 2 2 1 1 0 2 2 0 0 2 2 0 1 0 0 1 2 2 0 1 2 2 2 2 2 1 0 0 2 1 0 1 2 2 1 2 0 2 0 0 0 2 2 2 0 1 2 1 2 1 2 0 1 0 0 1 0 2 0 0 2 2 1 2 1 2 0 2 2 1 2 0 2 2 0 1 2 2 0 2 0 1 1 0 0 0 1 0 0 0 1 0 0 1 2 -2 -1 -1 -1 0 -2 -2 -1 -1 0 -2 -2 0 0 -2 -2 0 -1 0 0 -1 -2 -2 0 -1 -2 -2 -2 -2 -2 -1 0 0 -2 -1 0 -1 -2 -2 -1 -2 0 -2 0 0 0 -2 -2 -2 0 -1 -2 -1 -2 -1 -2 0 -1 0 0 -1 0 -2 0 0 -2 -2 -1 -2 -1 -2 0 -2 -2 -1 -2 0 -2 -2 0 -1 -2 -2 0 -2 0 -1 -1 0 0 0 -1 0 0 0 -1 0 0 -1 -2
0.389430728161548 -0.738438095533185 -1.16412569050646 0.746056177183537 0.00398646148222687 1 1 0 1 0 0 0 2 2 1 0 1 1 0 0 1 2 0 1 1 1 0 2 2 0 2 2 1 1 2 2 1 0 0 2 0 0 0 1 0 0 2 0 2 2 0 0 1 0 2 0 0 0 2 1 1 2 0 2 0 1 2 0 2 0 1 2 2 1 2 1 1 0 0 2 2 2 1 2 0 0 1 2 2 0 1 0 1 0 1 0 0 2 1 0 0 0 0 1 2 1 1 0 1 0 0 0 2 2 1 0 1 1 0 0 1 2 0 1 1 1 0 2 2 0 2 2 1 1 2 2 1 0 0 2 0 0 0 1 0 0 2 0 2 2 0 0 1 0 2 0 0 0 2 1 1 2 0 2 0 1 2 0 2 0 1 2 2 1 2 1 1 0 0 2 2 2 1 2 0 0 1 2 2 0 1 0 1 0 1 0 0 2 1 0 0 0 0 1 2 1
-1.08268437229788 -0.452001011030277 0.697893491276685 -0.797539396075217 1.58534286454234 -1 1 1 0 1 1 2 2 2 2 1 1 1 1 0 2 2 0 1 0 1 1 2 2 0 1 2 1 0 0 2 0 1 1 2 0 0 1 2 1 2 2 0 2 2 0 0 1 0 1 0 1 1 2 2 1 2 0 1 0 2 2 0 1 0 1 2 2 0 2 0 1 1 2 2 2 2 0 2 0 0 2 2 2 0 2 0 1 2 1 0 0 1 0 0 1 2 2 2 2 2 -1 -1 0 -1 -1 -2 -2 -2 -2 -1 -1 -1 -1 0 -2 -2 0 -1 0 -1 -1 -2 -2 0 -1 -2 -1 0 0 -2 0 -1 -1 -2 0 0 -1 -2 -1 -2 -2 0 -2 -2 0 0 -1 0 -1 0 -1 -1 -2 -2 -1 -2 0 -1 0 -2 -2 0 -1 0 -1 -2 -2 0 -2 0 -1 -1 -2 -2 -2 -2 0 -2 0 0 -2 -2 -2 0 -2 0 -1 -2 -1 0 0 -1 0 0 -1 -2 -2 -2 -2 -2
-0.611566158273741 1.06698757772832 -0.448676670016947 0.650914173324875 0.32754166652831 1 1 1 1 0 0 1 2 1 1 1 1 2 2 0 2 2 0 0 0 0 0 2 2 0 2 2 2 0 2 2 1 1 1 2 1 0 1 2 2 2 2 0 1 1 0 0 2 2 2 1 2 1 2 2 0 1 0 0 0 1 2 0 2 0 1 1 2 0 1 0 0 1 1 1 1 1 0 2 1 0 2 2 2 0 2 0 2 2 1 0 0 2 1 0 1 1 1 1 2 2 1 1 1 0 0 1 2 1 1 1 1 2 2 0 2 2 0 0 0 0 0 2 2 0 2 2 2 0 2 2 1 1 1 2 1 0 1 2 2 2 2 0 1 1 0 0 2 2 2 1 2 1 2 2 0 1 0 0 0 1 2 0 2 0 1 1 2 0 1 0 0 1 1 1 1 1 0 2 1 0 2 2 2 0 2 0 2 2 1 0 0 2 1 0 1 1 1 1 2 2
-0.34922078446803 0.229763113455554 -0.421282485688867 0.209011440268878 0.896878885807504 -1 2 2 2 2 2 2 2 2 1 0 2 1 1 0 2 2 0 1 0 1 0 2 2 0 0 1 1 1 2 2 1 1 0 2 0 0 0 2 1 0 2 0 2 2 0 0 2 2 2 0 1 2 2 2 0 2 0 1 0 2 2 0 2 0 0 1 2 1 2 1 1 2 2 2 2 2 2 2 1 0 1 2 2 0 2 0 1 2 2 1 1 2 0 0 0 1 0 2 2 2 -2 -2 -2 -2 -2 -2 -2 -2 -1 0 -2 -1 -1 0 -2 -2 0 -1 0 -1 0 -2 -2 0 0 -1 -1 -1 -2 -2 -1 -1 0 -2 0 0 0 -2 -1 0 -2 0 -2 -2 0 0 -2 -2 -2 0 -1 -2 -2 -2 0 -2 0 -1 0 -2 -2 0 -2 0 0 -1 -2 -1 -2 -1 -1 -2 -2 -2 -2 -2 -2 -2 -1 0 -1 -2 -2 0 -2 0 -1 -2 -2 -1 -1 -2 0 0 0 -1 0 -2 -2 -2
-1.40110468190526 -0.692090495290851 0.307897090848774 0.169422491321984 -0.704544697695167 -1 1 1 1 1 1 1 1 1 1 0 2 1 1 0 1 2 0 1 0 1 0 2 2 0 1 2 2 0 1 2 0 1 0 2 0 0 0 1 1 0 2 0 2 1 0 0 1 0 1 0 0 1 2 2 1 2 0 1 0 1 2 0 2 0 0 2 2 0 1 0 0 0 0 2 1 2 2 2 2 0 2 2 2 0 1 0 1 0 1 0 1 2 0 0 2 2 0 1 2 1 -1 -1 -1 -1 -1 -1 -1 -1 -1 0 -2 -1 -1 0 -1 -2 0 -1 0 -1 0 -2 -2 0 -1 -2 -2 0 -1 -2 0 -1 0 -2 0 0 0 -1 -1 0 -2 0 -2 -1 0 0 -1 0 -1 0 0 -1 -2 -2 -1 -2 0 -1 0 -1 -2 0 -2 0 0 -2 -2 0 -1 0 0 0 0 -2 -1 -2 -2 -2 -2 0 -2 -2 -2 0 -1 0 -1 0 -1 0 -1 -2 0 0 -2 -2 0 -1 -2 -1
-1.35158561571589 1.25571327120619 -0.466914431018108 1.77007948220436 0.836763343879305 1 1 2 2 2 0 2 2 2 1 0 1 2 2 1 1 2 0 2 0 0 1 2 2 0 1 2 1 0 1 2 1 1 1 2 0 0 2 2 2 1 2 0 2 2 0 0 1 1 1 0 2 2 2 2 0 1 0 1 0 0 1 0 2 0 0 2 2 1 1 0 0 0 2 2 2 2 1 2 2 0 2 2 2 0 2 1 1 1 2 0 1 2 0 0 1 1 0 1 2 2 1 2 2 2 0 2 2 2 1 0 1 2 2 1 1 2 0 2 0 0 1 2 2 0 1 2 1 0 1 2 1 1 1 2 0 0 2 2 2 1 2 0 2 2 0 0 1 1 1 0 2 2 2 2 0 1 0 1 0 0 1 0 2 0 0 2 2 1 1 0 0 0 2 2 2 2 1 2 2 0 2 2 2 0 2 1 1 1 2 0 1 2 0 0 1 1 0 1 2 2
-1.38935256149876 0.90445386604862 -2.34670098130463 -0.508641736059546 1.86237930095329 -1 2 1 1 0 0 1 2 2 2 2 0 2 2 0 2 2 1 1 0 0 0 2 1 0 2 2 2 1 2 1 1 2 1 2 0 0 0 2 2 1 2 0 0 1 0 0 1 1 2 1 2 2 2 2 2 2 0 1 0 1 1 0 2 0 1 1 2 0 2 0 1 0 2 2 2 2 1 2 2 0 1 2 2 0 2 0 1 1 2 1 1 1 0 0 1 1 1 0 2 1 -2 -1 -1 0 0 -1 -2 -2 -2 -2 0 -2 -2 0 -2 -2 -1 -1 0 0 0 -2 -1 0 -2 -2 -2 -1 -2 -1 -1 -2 -1 -2 0 0 0 -2 -2 -1 -2 0 0 -1 0 0 -1 -1 -2 -1 -2 -2 -2 -2 -2 -2 0 -1 0 -1 -1 0 -2 0 -1 -1 -2 0 -2 0 -1 0 -2 -2 -2 -2 -1 -2 -2 0 -1 -2 -2 0 -2 0 -1 -1 -2 -1 -1 -1 0 0 -1 -1 -1 0 -2 -1
0.375145205999625 -1.45043460331267 1.09831654567799 1.05634172887461 -1.03846352691432 -1 2 2 2 1 1 1 1 2 2 2 2 2 1 0 1 2 1 1 0 1 1 2 2 0 0 2 1 1 2 1 0 1 1 2 0 0 0 2 1 0 2 0 1 2 0 0 1 2 2 0 2 2 2 2 1 2 0 1 0 0 1 0 2 0 0 2 2 1 2 0 1 1 2 2 1 1 1 2 1 0 1 2 2 0 2 0 0 1 0 0 0 2 2 0 0 1 0 0 2 2 -2 -2 -2 -1 -1 -1 -1 -2 -2 -2 -2 -2 -1 0 -1 -2 -1 -1 0 -1 -1 -2 -2 0 0 -2 -1 -1 -2 -1 0 -1 -1 -2 0 0 0 -2 -1 0 -2 0 -1 -2 0 0 -1 -2 -2 0 -2 -2 -2 -2 -1 -2 0 -1 0 0 -1 0 -2 0 0 -2 -2 -1 -2 0 -1 -1 -2 -2 -1 -1 -1 -2 -1 0 -1 -2 -2 0 -2 0 0 -1 0 0 0 -2 -2 0 0 -1 0 0 -2 -2
-1.6159063307234 -2.39740354641571 -1.04359646885015 -0.190240700634642 -2.40121494929335 1 1 2 2 2 0 2 2 2 2 1 1 1 2 0 2 2 0 1 0 0 1 2 2 0 2 2 2 2 2 2 1 0 2 2 0 0 1 2 1 0 2 0 0 1 0 0 2 1 1 0 2 2 2 2 1 2 0 1 0 0 2 0 2 0 0 2 2 1 1 0 1 1 1 2 1 2 1 2 2 1 1 1 2 0 1 0 1 1 2 0 1 2 1 0 1 2 1 2 2 2 1 2 2 2 0 2 2 2 2 1 1 1 2 0 2 2 0 1 0 0 1 2 2 0 2 2 2 2 2 2 1 0 2 2 0 0 1 2 1 0 2 0 0 1 0 0 2 1 1 0 2 2 2 2 1 2 0 1 0 0 2 0 2 0 0 2 2 1 1 0 1 1 1 2 1 2 1 2 2 1 1 1 2 0 1 0 1 1 2 0 1 2 1 0 1 2 1 2 2 2
-0.269169560862963 -1.14665645378529 -1.25486946230597 1.8601995584507 0.551115564696472 1 1 2 2 0 0 2 2 2 2 2 1 2 2 1 1 2 0 1 0 1 1 2 2 0 1 2 0 0 0 2 1 1 0 1 0 1 2 2 2 0 2 0 2 2 0 0 2 2 2 2 2 2 2 1 1 2 0 1 0 0 2 0 2 0 0 2 2 1 2 1 1 0 0 2 2 1 1 2 2 0 1 2 2 0 2 0 1 2 1 0 0 1 1 0 1 0 0 1 2 2 1 2 2 0 0 2 2 2 2 2 1 2 2 1 1 2 0 1 0 1 1 2 2 0 1 2 0 0 0 2 1 1 0 1 0 1 2 2 2 0 2 0 2 2 0 0 2 2 2 2 2 2 2 1 1 2 0 1 0 0 2 0 2 0 0 2 2 1 2 1 1 0 0 2 2 1 1 2 2 0 1 2 2 0 2 0 1 2 1 0 0 1 1 0 1 0 0 1 2 2
-0.827237056508565 -1.37845786448241 0.195646128533431 0.296191816859392 -0.0384165196014237 -1 1 1 2 2 1 2 2 2 1 1 2 2 1 0 1 2 1 2 0 1 2 2 2 0 2 1 1 1 0 1 0 0 1 2 0 0 0 2 1 1 2 0 1 2 0 0 1 1 2 1 2 2 2 2 1 2 0 2 1 2 2 0 2 0 0 2 2 1 2 0 1 0 1 2 2 2 1 2 1 0 2 2 2 0 2 0 1 0 2 1 0 1 1 0 0 1 1 0 2 2 -1 -1 -2 -2 -1 -2 -2 -2 -1 -1 -2 -2 -1 0 -1 -2 -1 -2 0 -1 -2 -2 -2 0 -2 -1 -1 -1 0 -1 0 0 -1 -2 0 0 0 -2 -1 -1 -2 0 -1 -2 0 0 -1 -1 -2 -1 -2 -2 -2 -2 -1 -2 0 -2 -1 -2 -2 0 -2 0 0 -2 -2 -1 -2 0 -1 0 -1 -2 -2 -2 -1 -2 -1 0 -2 -2 -2 0 -2 0 -1 0 -2 -1 0 -1 -1 0 0 -1 -1 0 -2 -2
-0.141552355450336 1.26284931746659 1.65992155806003 -0.23528171282022 0.317213361282433 -1 0 1 1 1 0 1 2 2 2 2 0 1 1 0 2 2 0 1 0 2 2 2 2 0 2 2 1 0 1 2 1 1 0 1 0 0 0 1 1 0 2 0 2 2 0 0 2 1 2 0 2 1 2 2 2 2 0 0 0 1 2 0 2 1 1 2 2 0 2 1 1 0 1 2 0 1 1 1 0 0 1 1 2 0 1 0 1 1 2 0 0 1 1 0 0 1 0 1 2 2 0 -1 -1 -1 0 -1 -2 -2 -2 -2 0 -1 -1 0 -2 -2 0 -1 0 -2 -2 -2 -2 0 -2 -2 -1 0 -1 -2 -1 -1 0 -1 0 0 0 -1 -1 0 -2 0 -2 -2 0 0 -2 -1 -2 0 -2 -1 -2 -2 -2 -2 0 0 0 -1 -2 0 -2 -1 -1 -2 -2 0 -2 -1 -1 0 -1 -2 0 -1 -1 -1 0 0 -1 -1 -2 0 -1 0 -1 -1 -2 0 0 -1 -1 0 0 -1 0 -1 -2 -2
0.0836420065980945 0.620128287411016 -1.92797679006082 -1.15851118934715 0.515325823625798 -1 0 0 0 0 0 1 2 2 1 2 0 1 1 0 2 2 0 0 1 2 2 2 2 0 2 2 2 2 2 1 0 0 0 2 0 0 0 1 2 0 2 0 1 1 0 1 1 0 2 1 2 1 1 1 0 1 0 0 0 0 1 0 2 1 2 2 2 1 2 2 2 0 2 2 2 2 2 2 2 0 0 1 1 0 2 0 0 0 2 0 1 2 1 1 2 1 1 2 2 1 0 0 0 0 0 -1 -2 -2 -1 -2 0 -1 -1 0 -2 -2 0 0 -1 -2 -2 -2 -2 0 -2 -2 -2 -2 -2 -1 0 0 0 -2 0 0 0 -1 -2 0 -2 0 -1 -1 0 -1 -1 0 -2 -1 -2 -1 -1 -1 0 -1 0 0 0 0 -1 0 -2 -1 -2 -2 -2 -1 -2 -2 -2 0 -2 -2 -2 -2 -2 -2 -2 0 0 -1 -1 0 -2 0 0 0 -2 0 -1 -2 -1 -1 -2 -1 -1 -2 -2 -1
1.10462158497851 -0.781422119331527 -0.0572112946304224 1.39623238027763 0.709450017471259 1 1 1 1 1 1 1 2 2 1 1 1 0 0 0 2 2 2 2 1 1 0 2 2 0 1 2 1 1 2 2 1 1 2 2 0 0 1 2 2 1 2 0 2 2 0 0 1 0 1 0 2 1 1 1 2 2 0 2 0 1 2 0 2 0 0 0 2 0 1 0 0 0 1 1 0 2 0 2 1 0 1 2 2 0 2 0 0 0 2 1 2 1 1 0 2 1 0 1 2 2 1 1 1 1 1 1 2 2 1 1 1 0 0 0 2 2 2 2 1 1 0 2 2 0 1 2 1 1 2 2 1 1 2 2 0 0 1 2 2 1 2 0 2 2 0 0 1 0 1 0 2 1 1 1 2 2 0 2 0 1 2 0 2 0 0 0 2 0 1 0 0 0 1 1 0 2 0 2 1 0 1 2 2 0 2 0 0 0 2 1 2 1 1 0 2 1 0 1 2 2
-0.149015294054382 -0.139447291439628 0.131577198376878 0.598894981833135 1.38033167091505 1 1 2 2 0 0 1 2 2 0 0 2 2 1 0 2 2 0 1 0 2 1 2 2 0 1 2 1 1 2 2 1 2 1 2 1 0 0 0 1 0 2 0 2 1 0 0 2 1 2 0 2 1 1 0 2 2 0 1 1 2 2 0 1 0 0 0 2 0 2 0 0 0 0 2 1 2 0 2 1 0 2 2 2 0 2 1 2 2 2 0 0 0 0 0 2 1 2 1 2 2 1 2 2 0 0 1 2 2 0 0 2 2 1 0 2 2 0 1 0 2 1 2 2 0 1 2 1 1 2 2 1 2 1 2 1 0 0 0 1 0 2 0 2 1 0 0 2 1 2 0 2 1 1 0 2 2 0 1 1 2 2 0 1 0 0 0 2 0 2 0 0 0 0 2 1 2 0 2 1 0 2 2 2 0 2 1 2 2 2 0 0 0 0 0 2 1 2 1 2 2
0.15081224759406 0.00164886617428021 1.64446686357613 -0.594839904775773 0.0645005668319204 1 1 2 2 2 1 2 2 2 1 2 0 2 1 0 1 2 0 2 0 1 2 2 2 0 0 2 2 1 1 1 0 2 2 2 0 0 0 1 0 0 2 0 2 1 0 0 1 0 2 1 2 2 1 1 1 1 0 2 0 0 1 0 2 0 0 2 2 0 2 0 1 1 2 2 1 1 0 2 1 0 1 2 2 0 2 1 1 1 2 0 0 2 1 0 2 2 0 1 2 2 1 2 2 2 1 2 2 2 1 2 0 2 1 0 1 2 0 2 0 1 2 2 2 0 0 2 2 1 1 1 0 2 2 2 0 0 0 1 0 0 2 0 2 1 0 0 1 0 2 1 2 2 1 1 1 1 0 2 0 0 1 0 2 0 0 2 2 0 2 0 1 1 2 2 1 1 0 2 1 0 1 2 2 0 2 1 1 1 2 0 0 2 1 0 2 2 0 1 2 2
0.369780128426022 -0.954256737139265 0.174468982245426 -0.799774736498755 0.577484411354345 -1 1 2 2 0 1 2 2 2 1 1 2 2 2 0 2 2 0 2 1 2 1 2 2 0 0 2 1 2 1 2 2 2 1 1 0 0 0 1 1 0 2 0 2 2 0 0 1 1 2 0 0 0 1 2 0 2 0 1 1 1 1 0 2 0 0 1 2 0 1 0 0 0 1 1 1 2 1 2 2 1 2 1 2 0 2 0 2 2 1 0 1 1 1 0 2 2 1 1 2 2 -1 -2 -2 0 -1 -2 -2 -2 -1 -1 -2 -2 -2 0 -2 -2 0 -2 -1 -2 -1 -2 -2 0 0 -2 -1 -2 -1 -2 -2 -2 -1 -1 0 0 0 -1 -1 0 -2 0 -2 -2 0 0 -1 -1 -2 0 0 0 -1 -2 0 -2 0 -1 -1 -1 -1 0 -2 0 0 -1 -2 0 -1 0 0 0 -1 -1 -1 -2 -1 -2 -2 -1 -2 -1 -2 0 -2 0 -2 -2 -1 0 -1 -1 -1 0 -2 -2 -1 -1 -2 -2
-0.0341686620258949 -0.758166975780599 -0.175633247517955 -0.806860112509525 -0.803550402575966 -1 1 2 2 1 1 1 2 2 1 2 1 2 1 0 1 2 0 1 0 0 1 2 2 0 1 2 2 1 1 2 1 0 0 2 0 0 2 1 2 1 2 0 0 0 0 0 2 1 2 1 2 2 2 2 2 2 0 1 0 2 2 0 2 0 1 1 1 0 1 0 1 1 2 0 2 0 0 1 1 0 0 1 2 0 2 0 0 1 1 0 1 2 1 0 2 1 1 1 2 2 -1 -2 -2 -1 -1 -1 -2 -2 -1 -2 -1 -2 -1 0 -1 -2 0 -1 0 0 -1 -2 -2 0 -1 -2 -2 -1 -1 -2 -1 0 0 -2 0 0 -2 -1 -2 -1 -2 0 0 0 0 0 -2 -1 -2 -1 -2 -2 -2 -2 -2 -2 0 -1 0 -2 -2 0 -2 0 -1 -1 -1 0 -1 0 -1 -1 -2 0 -2 0 0 -1 -1 0 0 -1 -2 0 -2 0 0 -1 -1 0 -1 -2 -1 0 -2 -1 -1 -1 -2 -2
1.07210069425931 0.0503851403581849 -0.122892802693955 -0.54593888178507 0.224820264832411 -1 1 2 0 0 0 1 2 2 1 1 2 1 1 0 1 2 0 2 0 1 0 1 2 0 0 2 1 1 2 2 2 1 0 2 1 1 2 2 2 0 2 0 1 1 0 0 2 1 0 0 1 1 2 2 1 2 0 1 0 2 2 0 2 0 0 2 2 1 2 1 0 0 1 2 2 2 1 2 2 1 2 2 2 0 2 0 1 1 2 0 1 2 1 0 0 1 0 1 2 2 -1 -2 0 0 0 -1 -2 -2 -1 -1 -2 -1 -1 0 -1 -2 0 -2 0 -1 0 -1 -2 0 0 -2 -1 -1 -2 -2 -2 -1 0 -2 -1 -1 -2 -2 -2 0 -2 0 -1 -1 0 0 -2 -1 0 0 -1 -1 -2 -2 -1 -2 0 -1 0 -2 -2 0 -2 0 0 -2 -2 -1 -2 -1 0 0 -1 -2 -2 -2 -1 -2 -2 -1 -2 -2 -2 0 -2 0 -1 -1 -2 0 -1 -2 -1 0 0 -1 0 -1 -2 -2
0.793378348028794 0.404626932543842 -0.161221609097376 1.28917293721896 -0.626781421904009 -1 2 2 2 0 0 1 2 1 1 1 0 2 2 0 1 2 0 1 0 0 0 2 1 0 0 2 2 0 2 2 2 1 1 1 0 0 2 2 2 1 2 0 2 1 0 0 0 1 2 0 1 2 2 2 0 1 0 1 0 2 2 0 2 0 0 0 2 0 1 0 1 0 1 0 1 1 0 1 2 0 1 2 2 0 2 0 1 0 2 1 1 2 1 0 1 2 1 1 2 2 -2 -2 -2 0 0 -1 -2 -1 -1 -1 0 -2 -2 0 -1 -2 0 -1 0 0 0 -2 -1 0 0 -2 -2 0 -2 -2 -2 -1 -1 -1 0 0 -2 -2 -2 -1 -2 0 -2 -1 0 0 0 -1 -2 0 -1 -2 -2 -2 0 -1 0 -1 0 -2 -2 0 -2 0 0 0 -2 0 -1 0 -1 0 -1 0 -1 -1 0 -1 -2 0 -1 -2 -2 0 -2 0 -1 0 -2 -1 -1 -2 -1 0 -1 -2 -1 -1 -2 -2
-0.955388846963116 0.657212321255496 -0.81505701069381 -1.01009223363964 -1.97806713968763 -1 1 2 1 1 0 0 2 1 0 1 1 1 1 0 1 2 0 1 0 0 1 2 2 0 1 2 1 1 2 2 1 0 0 2 0 0 1 2 2 1 2 0 2 0 0 0 2 1 2 1 2 1 2 1 0 1 0 1 0 1 2 0 0 0 0 1 2 1 1 0 1 0 2 1 2 2 0 2 2 1 2 1 2 0 2 1 1 0 1 0 0 2 1 0 2 2 1 2 2 1 -1 -2 -1 -1 0 0 -2 -1 0 -1 -1 -1 -1 0 -1 -2 0 -1 0 0 -1 -2 -2 0 -1 -2 -1 -1 -2 -2 -1 0 0 -2 0 0 -1 -2 -2 -1 -2 0 -2 0 0 0 -2 -1 -2 -1 -2 -1 -2 -1 0 -1 0 -1 0 -1 -2 0 0 0 0 -1 -2 -1 -1 0 -1 0 -2 -1 -2 -2 0 -2 -2 -1 -2 -1 -2 0 -2 -1 -1 0 -1 0 0 -2 -1 0 -2 -2 -1 -2 -2 -1
-1.05768305457489 0.585977663843422 0.0455674968429496 -0.937882498014822 0.735361051150009 1 1 2 1 0 0 1 2 2 1 1 2 1 0 0 1 2 0 0 1 1 0 2 1 0 0 2 2 2 2 2 1 1 0 2 0 0 1 2 2 0 2 0 2 1 0 0 0 1 1 0 1 0 2 1 0 2 1 2 0 2 2 0 1 0 0 1 2 0 1 0 1 1 1 2 2 2 1 2 1 0 1 1 2 0 2 0 0 1 1 1 0 1 0 0 0 0 0 0 1 1 1 2 1 0 0 1 2 2 1 1 2 1 0 0 1 2 0 0 1 1 0 2 1 0 0 2 2 2 2 2 1 1 0 2 0 0 1 2 2 0 2 0 2 1 0 0 0 1 1 0 1 0 2 1 0 2 1 2 0 2 2 0 1 0 0 1 2 0 1 0 1 1 1 2 2 2 1 2 1 0 1 1 2 0 2 0 0 1 1 1 0 1 0 0 0 0 0 0 1 1
1.49706575532661 -0.529621454538163 0.800039508512416 -0.934581604154995 0.377029758021145 1 0 2 0 0 0 0 2 2 2 1 2 2 2 0 2 2 0 1 0 1 0 2 2 0 1 2 2 2 2 2 0 0 0 2 0 0 0 2 2 1 2 0 2 1 0 0 2 1 0 0 2 0 1 2 1 1 0 2 0 1 2 0 1 0 0 2 2 1 2 1 2 1 2 1 2 2 1 2 1 0 1 1 2 0 2 0 1 2 1 0 1 2 2 0 1 2 1 1 2 2 0 2 0 0 0 0 2 2 2 1 2 2 2 0 2 2 0 1 0 1 0 2 2 0 1 2 2 2 2 2 0 0 0 2 0 0 0 2 2 1 2 0 2 1 0 0 2 1 0 0 2 0 1 2 1 1 0 2 0 1 2 0 1 0 0 2 2 1 2 1 2 1 2 1 2 2 1 2 1 0 1 1 2 0 2 0 1 2 1 0 1 2 2 0 1 2 1 1 2 2
2.74160899615214 -0.145326753371374 -0.803336873330861 -0.770992559520181 0.24695640343199 -1 1 2 1 1 0 2 2 1 1 2 2 1 1 0 1 2 0 1 0 0 0 2 2 0 0 1 1 1 1 2 1 0 0 2 0 0 0 2 1 0 2 0 2 1 0 0 0 1 1 0 2 2 2 2 1 2 0 1 0 1 2 0 1 0 0 1 2 0 1 1 0 0 2 2 2 2 1 2 0 0 1 1 2 0 2 0 0 2 1 0 1 2 2 0 1 0 1 2 2 2 -1 -2 -1 -1 0 -2 -2 -1 -1 -2 -2 -1 -1 0 -1 -2 0 -1 0 0 0 -2 -2 0 0 -1 -1 -1 -1 -2 -1 0 0 -2 0 0 0 -2 -1 0 -2 0 -2 -1 0 0 0 -1 -1 0 -2 -2 -2 -2 -1 -2 0 -1 0 -1 -2 0 -1 0 0 -1 -2 0 -1 -1 0 0 -2 -2 -2 -2 -1 -2 0 0 -1 -1 -2 0 -2 0 0 -2 -1 0 -1 -2 -2 0 -1 0 -1 -2 -2 -2
-1.55862313027501 0.457892002569676 0.822513803114901 -1.44573096868635 0.0344444017733721 -1 2 2 2 1 0 1 2 1 2 2 2 1 1 0 0 2 0 1 0 2 0 2 1 0 0 2 1 1 2 2 2 1 1 2 0 0 1 2 2 1 2 0 2 2 0 0 0 0 1 0 2 1 2 1 1 2 0 2 1 1 2 0 2 0 0 1 2 0 1 0 0 0 1 2 2 2 1 2 2 0 0 1 1 0 2 0 1 1 2 0 1 1 0 0 1 1 1 1 2 2 -2 -2 -2 -1 0 -1 -2 -1 -2 -2 -2 -1 -1 0 0 -2 0 -1 0 -2 0 -2 -1 0 0 -2 -1 -1 -2 -2 -2 -1 -1 -2 0 0 -1 -2 -2 -1 -2 0 -2 -2 0 0 0 0 -1 0 -2 -1 -2 -1 -1 -2 0 -2 -1 -1 -2 0 -2 0 0 -1 -2 0 -1 0 0 0 -1 -2 -2 -2 -1 -2 -2 0 0 -1 -1 0 -2 0 -1 -1 -2 0 -1 -1 0 0 -1 -1 -1 -1 -2 -2
0.00584379728067407 -0.486972919653456 -1.07059271852882 0.792070440752647 -0.136117648503904 -1 2 2 2 1 0 1 2 2 1 0 1 2 2 0 2 2 0 1 0 2 1 2 2 0 0 2 0 0 1 2 1 1 1 2 1 0 0 0 1 0 2 0 1 0 0 0 0 0 1 0 0 0 1 2 2 2 0 2 1 2 2 0 2 0 0 0 2 0 1 0 2 1 2 1 1 2 0 2 2 0 1 2 2 0 2 1 1 1 2 0 0 1 2 0 1 1 1 2 2 2 -2 -2 -2 -1 0 -1 -2 -2 -1 0 -1 -2 -2 0 -2 -2 0 -1 0 -2 -1 -2 -2 0 0 -2 0 0 -1 -2 -1 -1 -1 -2 -1 0 0 0 -1 0 -2 0 -1 0 0 0 0 0 -1 0 0 0 -1 -2 -2 -2 0 -2 -1 -2 -2 0 -2 0 0 0 -2 0 -1 0 -2 -1 -2 -1 -1 -2 0 -2 -2 0 -1 -2 -2 0 -2 -1 -1 -1 -2 0 0 -1 -2 0 -1 -1 -1 -2 -2 -2
-0.416846381735241 1.57212622726784 0.237530686668112 0.244698258928592 0.0666604563200824 1 2 2 2 0 0 1 2 2 1 1 0 1 1 0 1 2 0 0 0 1 0 2 2 0 1 2 1 0 0 2 0 0 0 2 0 0 1 2 2 1 2 0 1 2 0 0 2 2 2 1 2 2 1 1 1 2 0 2 1 2 2 0 2 0 0 0 2 0 1 0 0 0 1 1 1 1 1 2 1 1 1 2 2 0 2 0 1 1 2 0 0 1 1 0 1 1 0 1 2 2 2 2 2 0 0 1 2 2 1 1 0 1 1 0 1 2 0 0 0 1 0 2 2 0 1 2 1 0 0 2 0 0 0 2 0 0 1 2 2 1 2 0 1 2 0 0 2 2 2 1 2 2 1 1 1 2 0 2 1 2 2 0 2 0 0 0 2 0 1 0 0 0 1 1 1 1 1 2 1 1 1 2 2 0 2 0 1 1 2 0 0 1 1 0 1 1 0 1 2 2
-0.20716682041452 -0.373294055905807 -0.930576392405431 -0.876760100290469 0.86954638768191 1 1 2 2 0 1 1 0 1 1 0 1 1 2 0 1 2 0 1 0 0 1 2 2 0 2 2 2 2 2 2 2 1 0 2 0 0 0 2 2 0 2 0 1 2 1 0 0 0 2 0 2 1 2 2 0 0 0 0 0 1 2 0 1 0 1 2 2 0 2 0 0 0 0 2 2 2 0 2 2 0 1 2 2 0 2 1 2 2 1 0 0 2 1 0 2 2 1 1 2 2 1 2 2 0 1 1 0 1 1 0 1 1 2 0 1 2 0 1 0 0 1 2 2 0 2 2 2 2 2 2 2 1 0 2 0 0 0 2 2 0 2 0 1 2 1 0 0 0 2 0 2 1 2 2 0 0 0 0 0 1 2 0 1 0 1 2 2 0 2 0 0 0 0 2 2 2 0 2 2 0 1 2 2 0 2 1 2 2 1 0 0 2 1 0 2 2 1 1 2 2
0.10776758284039 0.980263138939698 0.735809186188304 -1.10748239897348 0.122587427780839 -1 1 1 0 0 0 1 1 1 1 1 2 1 1 0 1 2 0 1 0 2 1 2 1 0 0 2 1 1 1 2 1 0 0 2 0 0 0 2 2 2 2 0 1 1 0 0 2 1 2 1 2 2 2 2 0 1 0 0 0 1 2 0 2 0 0 1 2 1 2 1 1 0 1 2 2 2 2 2 2 1 2 2 2 0 2 1 1 1 2 0 1 2 1 2 0 0 1 2 1 0 -1 -1 0 0 0 -1 -1 -1 -1 -1 -2 -1 -1 0 -1 -2 0 -1 0 -2 -1 -2 -1 0 0 -2 -1 -1 -1 -2 -1 0 0 -2 0 0 0 -2 -2 -2 -2 0 -1 -1 0 0 -2 -1 -2 -1 -2 -2 -2 -2 0 -1 0 0 0 -1 -2 0 -2 0 0 -1 -2 -1 -2 -1 -1 0 -1 -2 -2 -2 -2 -2 -2 -1 -2 -2 -2 0 -2 -1 -1 -1 -2 0 -1 -2 -1 -2 0 0 -1 -2 -1 0
-0.270058936493719 0.928684296448206 1.09817382402253 -0.491614729153993 -0.737176026924933 1 1 2 2 0 0 2 2 1 0 1 1 2 0 0 1 1 0 1 0 0 0 2 2 0 1 2 2 2 1 2 2 1 0 2 1 0 0 2 2 0 2 0 2 1 0 0 1 1 1 0 1 1 1 1 0 2 0 1 0 1 2 0 2 0 1 2 2 1 2 2 2 1 2 2 1 0 0 2 2 0 1 2 2 0 2 1 1 1 2 0 0 1 1 0 1 0 0 0 2 1 1 2 2 0 0 2 2 1 0 1 1 2 0 0 1 1 0 1 0 0 0 2 2 0 1 2 2 2 1 2 2 1 0 2 1 0 0 2 2 0 2 0 2 1 0 0 1 1 1 0 1 1 1 1 0 2 0 1 0 1 2 0 2 0 1 2 2 1 2 2 2 1 2 2 1 0 0 2 2 0 1 2 2 0 2 1 1 1 2 0 0 1 1 0 1 0 0 0 2 1
2.00848189769175 0.507353121051507 0.735734035683385 -0.336961314718347 -0.604301115512162 1 0 0 0 1 1 1 2 1 1 2 1 1 1 0 1 2 0 0 0 1 1 2 2 0 1 2 1 1 2 1 2 1 1 2 1 0 1 1 1 0 2 0 2 1 0 0 1 0 2 0 2 0 2 2 1 2 1 2 0 0 1 0 2 0 1 1 2 0 2 1 1 0 1 2 1 0 0 2 1 0 1 2 2 0 2 0 1 2 1 0 0 1 1 0 1 0 0 0 1 2 0 0 0 1 1 1 2 1 1 2 1 1 1 0 1 2 0 0 0 1 1 2 2 0 1 2 1 1 2 1 2 1 1 2 1 0 1 1 1 0 2 0 2 1 0 0 1 0 2 0 2 0 2 2 1 2 1 2 0 0 1 0 2 0 1 1 2 0 2 1 1 0 1 2 1 0 0 2 1 0 1 2 2 0 2 0 1 2 1 0 0 1 1 0 1 0 0 0 1 2
-0.856370117575856 -1.46091324110218 -0.89494926524066 -0.340115821613313 -0.87222414772515 1 1 0 0 0 1 1 2 1 1 1 1 1 2 0 1 2 0 1 0 2 1 2 2 0 1 2 1 1 2 2 1 0 0 2 0 0 0 2 1 1 2 0 2 2 0 0 1 2 2 1 2 2 1 2 0 1 0 1 0 0 2 0 2 0 0 2 2 0 2 1 2 0 1 2 2 2 1 2 2 0 1 2 2 0 2 0 2 2 1 0 1 1 0 0 2 2 0 0 2 2 1 0 0 0 1 1 2 1 1 1 1 1 2 0 1 2 0 1 0 2 1 2 2 0 1 2 1 1 2 2 1 0 0 2 0 0 0 2 1 1 2 0 2 2 0 0 1 2 2 1 2 2 1 2 0 1 0 1 0 0 2 0 2 0 0 2 2 0 2 1 2 0 1 2 2 2 1 2 2 0 1 2 2 0 2 0 2 2 1 0 1 1 0 0 2 2 0 0 2 2
-0.24949359953791 0.770496366621565 -0.752382714123253 -1.33915190272231 -0.405405316447306 -1 0 2 1 1 1 1 1 1 1 1 2 2 2 0 2 2 0 2 0 2 1 2 2 0 1 2 1 0 1 2 2 1 0 2 0 0 2 2 1 0 2 0 2 1 0 0 2 1 1 0 1 2 2 2 0 2 0 2 1 1 2 0 2 0 0 2 2 2 2 0 0 0 1 2 2 2 1 2 2 0 2 2 2 0 2 0 0 0 2 1 1 2 2 1 1 1 0 1 2 2 0 -2 -1 -1 -1 -1 -1 -1 -1 -1 -2 -2 -2 0 -2 -2 0 -2 0 -2 -1 -2 -2 0 -1 -2 -1 0 -1 -2 -2 -1 0 -2 0 0 -2 -2 -1 0 -2 0 -2 -1 0 0 -2 -1 -1 0 -1 -2 -2 -2 0 -2 0 -2 -1 -1 -2 0 -2 0 0 -2 -2 -2 -2 0 0 0 -1 -2 -2 -2 -1 -2 -2 0 -2 -2 -2 0 -2 0 0 0 -2 -1 -1 -2 -2 -1 -1 -1 0 -1 -2 -2
2.07536838247615 -0.655147620447543 0.507974512899735 0.169695533624722 -1.58313609251128 -1 0 1 0 0 0 1 2 2 2 2 0 2 1 0 0 2 0 1 0 0 0 2 2 0 1 2 2 1 2 2 2 1 1 2 0 0 2 2 1 1 2 0 2 1 0 0 1 1 2 1 2 2 2 1 0 2 0 1 0 2 2 0 1 0 0 0 2 0 1 0 0 1 2 2 2 2 1 2 0 0 1 2 2 0 2 0 1 2 2 1 1 2 1 2 2 2 0 0 2 2 0 -1 0 0 0 -1 -2 -2 -2 -2 0 -2 -1 0 0 -2 0 -1 0 0 0 -2 -2 0 -1 -2 -2 -1 -2 -2 -2 -1 -1 -2 0 0 -2 -2 -1 -1 -2 0 -2 -1 0 0 -1 -1 -2 -1 -2 -2 -2 -1 0 -2 0 -1 0 -2 -2 0 -1 0 0 0 -2 0 -1 0 0 -1 -2 -2 -2 -2 -1 -2 0 0 -1 -2 -2 0 -2 0 -1 -2 -2 -1 -1 -2 -1 -2 -2 -2 0 0 -2 -2
0.953905724631676 1.32785740607082 0.0564604459400888 1.37099632590003 -0.805018779901903 1 1 2 1 0 0 1 2 1 0 0 1 1 0 0 1 2 0 0 0 0 1 2 2 0 1 1 2 2 2 2 2 2 1 2 1 0 0 2 2 1 2 0 1 0 0 0 1 1 2 0 0 1 1 1 1 1 0 1 0 1 2 0 2 0 1 1 2 1 2 0 1 0 1 2 2 2 1 2 1 0 1 2 2 0 2 1 2 2 2 0 0 0 0 0 0 1 0 1 2 2 1 2 1 0 0 1 2 1 0 0 1 1 0 0 1 2 0 0 0 0 1 2 2 0 1 1 2 2 2 2 2 2 1 2 1 0 0 2 2 1 2 0 1 0 0 0 1 1 2 0 0 1 1 1 1 1 0 1 0 1 2 0 2 0 1 1 2 1 2 0 1 0 1 2 2 2 1 2 1 0 1 2 2 0 2 1 2 2 2 0 0 0 0 0 0 1 0 1 2 2
0.250695623773624 -0.990978751416513 0.237499300000984 0.646930895210008 -1.53866852722228 1 1 2 2 1 1 2 2 2 1 1 0 0 2 0 1 2 1 1 0 0 1 2 2 0 1 2 1 1 1 0 0 1 0 2 1 0 0 2 2 0 2 0 2 1 0 0 0 0 0 0 2 1 1 2 1 1 0 2 1 1 2 0 1 0 0 1 2 1 2 0 0 0 0 2 1 1 0 2 0 0 0 1 1 0 2 0 0 1 2 0 2 1 1 0 0 2 1 1 2 2 1 2 2 1 1 2 2 2 1 1 0 0 2 0 1 2 1 1 0 0 1 2 2 0 1 2 1 1 1 0 0 1 0 2 1 0 0 2 2 0 2 0 2 1 0 0 0 0 0 0 2 1 1 2 1 1 0 2 1 1 2 0 1 0 0 1 2 1 2 0 0 0 0 2 1 1 0 2 0 0 0 1 1 0 2 0 0 1 2 0 2 1 1 0 0 2 1 1 2 2
0.213403244707343 0.668284645201079 -1.62545542134291 1.95977371297702 -0.351526892786265 1 1 2 2 0 0 1 2 2 2 1 0 0 2 0 1 2 0 1 0 1 1 2 2 0 2 2 2 1 2 2 1 2 1 2 1 0 2 2 2 0 2 1 2 0 0 0 1 0 2 1 2 2 2 2 0 1 0 1 0 2 2 0 2 0 0 2 2 2 2 1 1 0 0 0 1 2 0 2 2 0 1 2 2 0 2 0 0 0 2 0 1 2 0 1 1 0 0 1 2 2 1 2 2 0 0 1 2 2 2 1 0 0 2 0 1 2 0 1 0 1 1 2 2 0 2 2 2 1 2 2 1 2 1 2 1 0 2 2 2 0 2 1 2 0 0 0 1 0 2 1 2 2 2 2 0 1 0 1 0 2 2 0 2 0 0 2 2 2 2 1 1 0 0 0 1 2 0 2 2 0 1 2 2 0 2 0 0 0 2 0 1 2 0 1 1 0 0 1 2 2
0.272384880461291 -0.075856287406837 0.92023031161502 0.683336959960078 0.594963496316252 1 1 1 2 1 2 1 2 2 1 1 1 2 2 0 1 2 0 1 0 1 2 2 2 0 1 2 1 0 1 2 1 0 0 2 1 0 1 2 2 1 2 0 2 1 0 0 1 0 2 1 2 1 1 2 0 1 0 0 0 0 2 0 2 0 1 2 2 1 2 1 1 1 2 2 2 2 1 2 2 0 1 2 2 0 2 0 1 2 2 1 1 2 1 0 1 1 0 2 2 2 1 1 2 1 2 1 2 2 1 1 1 2 2 0 1 2 0 1 0 1 2 2 2 0 1 2 1 0 1 2 1 0 0 2 1 0 1 2 2 1 2 0 2 1 0 0 1 0 2 1 2 1 1 2 0 1 0 0 0 0 2 0 2 0 1 2 2 1 2 1 1 1 2 2 2 2 1 2 2 0 1 2 2 0 2 0 1 2 2 1 1 2 1 0 1 1 0 2 2 2
0.315923762393746 0.0701756403175944 -0.0266446793215887 -0.408751805645665 0.497479020114759 -1 2 2 2 2 1 1 2 2 1 1 2 2 1 0 1 2 1 2 0 1 2 2 2 0 1 2 2 2 2 2 2 2 0 2 0 0 1 2 1 1 2 0 2 0 0 0 1 0 2 0 2 1 1 2 2 1 0 1 0 0 0 0 1 0 0 1 2 1 2 0 1 1 2 2 0 0 0 2 2 0 2 2 2 0 2 1 2 1 0 0 0 1 0 0 0 0 0 2 2 1 -2 -2 -2 -2 -1 -1 -2 -2 -1 -1 -2 -2 -1 0 -1 -2 -1 -2 0 -1 -2 -2 -2 0 -1 -2 -2 -2 -2 -2 -2 -2 0 -2 0 0 -1 -2 -1 -1 -2 0 -2 0 0 0 -1 0 -2 0 -2 -1 -1 -2 -2 -1 0 -1 0 0 0 0 -1 0 0 -1 -2 -1 -2 0 -1 -1 -2 -2 0 0 0 -2 -2 0 -2 -2 -2 0 -2 -1 -2 -1 0 0 0 -1 0 0 0 0 0 -2 -2 -1
0.544290646194463 0.858748022506273 1.2247254869321 -1.86433717905756 0.0652246495453459 -1 2 2 2 1 1 1 2 2 2 2 2 1 2 1 1 2 0 2 0 0 1 2 2 0 0 2 2 0 2 2 1 0 0 2 0 0 1 2 2 1 2 0 2 2 0 0 2 2 2 1 2 2 2 2 0 2 0 1 0 1 1 0 0 0 0 1 2 1 2 0 0 0 1 1 0 1 0 2 1 0 0 2 2 0 1 0 1 1 0 0 1 2 2 0 0 1 0 0 1 1 -2 -2 -2 -1 -1 -1 -2 -2 -2 -2 -2 -1 -2 -1 -1 -2 0 -2 0 0 -1 -2 -2 0 0 -2 -2 0 -2 -2 -1 0 0 -2 0 0 -1 -2 -2 -1 -2 0 -2 -2 0 0 -2 -2 -2 -1 -2 -2 -2 -2 0 -2 0 -1 0 -1 -1 0 0 0 0 -1 -2 -1 -2 0 0 0 -1 -1 0 -1 0 -2 -1 0 0 -2 -2 0 -1 0 -1 -1 0 0 -1 -2 -2 0 0 -1 0 0 -1 -1
-0.882352789319601 -1.16266112559792 -0.929727255991695 0.635232958382403 0.606692506728161 -1 0 1 1 0 0 1 1 1 2 2 1 0 2 1 2 2 0 0 0 0 0 2 2 0 2 2 2 1 1 1 1 0 0 2 0 0 1 2 1 0 2 0 1 0 0 0 1 0 1 0 1 1 2 1 1 2 0 1 0 2 2 0 2 0 0 2 2 1 2 1 0 1 2 2 2 1 2 2 2 1 1 2 2 0 2 1 2 2 2 1 1 1 1 0 1 1 1 2 2 0 0 -1 -1 0 0 -1 -1 -1 -2 -2 -1 0 -2 -1 -2 -2 0 0 0 0 0 -2 -2 0 -2 -2 -2 -1 -1 -1 -1 0 0 -2 0 0 -1 -2 -1 0 -2 0 -1 0 0 0 -1 0 -1 0 -1 -1 -2 -1 -1 -2 0 -1 0 -2 -2 0 -2 0 0 -2 -2 -1 -2 -1 0 -1 -2 -2 -2 -1 -2 -2 -2 -1 -1 -2 -2 0 -2 -1 -2 -2 -2 -1 -1 -1 -1 0 -1 -1 -1 -2 -2 0
-0.830242302117317 1.2341444983198 -0.0765903736042324 -0.918542847630522 -0.461573270001379 1 1 0 0 0 1 1 1 1 2 1 2 2 0 0 2 2 0 0 0 1 1 2 2 0 1 2 1 0 1 1 0 0 0 2 0 0 0 2 2 1 2 0 2 1 0 0 0 1 2 0 2 1 1 2 1 2 1 2 0 1 2 0 1 0 0 2 2 0 2 0 1 1 2 1 2 2 0 1 1 0 1 2 2 0 2 0 1 1 2 0 1 2 2 0 1 1 1 2 2 2 1 0 0 0 1 1 1 1 2 1 2 2 0 0 2 2 0 0 0 1 1 2 2 0 1 2 1 0 1 1 0 0 0 2 0 0 0 2 2 1 2 0 2 1 0 0 0 1 2 0 2 1 1 2 1 2 1 2 0 1 2 0 1 0 0 2 2 0 2 0 1 1 2 1 2 2 0 1 1 0 1 2 2 0 2 0 1 1 2 0 1 2 2 0 1 1 1 2 2 2
-0.433111556324276 -0.499112290659928 1.32938635924212 -0.535894231212024 0.508970826062869 1 1 1 0 1 1 1 1 1 1 1 1 1 1 0 2 2 1 1 0 1 2 2 2 0 0 2 1 0 2 2 1 0 0 2 0 0 0 1 2 0 2 0 1 0 0 0 1 1 2 0 2 2 2 2 1 1 0 1 1 1 1 0 2 0 0 2 2 2 2 1 0 1 1 2 1 2 1 2 2 0 1 1 2 0 2 1 2 0 1 0 0 1 0 0 0 0 0 0 1 1 1 1 0 1 1 1 1 1 1 1 1 1 1 0 2 2 1 1 0 1 2 2 2 0 0 2 1 0 2 2 1 0 0 2 0 0 0 1 2 0 2 0 1 0 0 0 1 1 2 0 2 2 2 2 1 1 0 1 1 1 1 0 2 0 0 2 2 2 2 1 0 1 1 2 1 2 1 2 2 0 1 1 2 0 2 1 2 0 1 0 0 1 0 0 0 0 0 0 1 1
0.2491441578924 2.43541814763963 -0.840768817509371 0.115302920547844 -0.549632952824997 -1 0 0 1 1 1 2 2 2 2 2 0 2 2 0 2 2 1 2 0 1 2 2 2 0 0 2 1 1 2 2 2 1 1 2 0 0 0 1 1 0 2 0 0 1 0 0 2 0 2 2 2 1 1 2 0 1 0 1 0 1 2 0 1 0 0 1 2 1 2 1 1 0 1 2 1 1 0 2 1 0 2 2 2 0 2 1 2 2 1 1 1 2 2 1 2 2 1 1 2 2 0 0 -1 -1 -1 -2 -2 -2 -2 -2 0 -2 -2 0 -2 -2 -1 -2 0 -1 -2 -2 -2 0 0 -2 -1 -1 -2 -2 -2 -1 -1 -2 0 0 0 -1 -1 0 -2 0 0 -1 0 0 -2 0 -2 -2 -2 -1 -1 -2 0 -1 0 -1 0 -1 -2 0 -1 0 0 -1 -2 -1 -2 -1 -1 0 -1 -2 -1 -1 0 -2 -1 0 -2 -2 -2 0 -2 -1 -2 -2 -1 -1 -1 -2 -2 -1 -2 -2 -1 -1 -2 -2
0.31934612860906 0.303196621670045 0.57169531608229 -0.700698190725117 0.960265791904868 -1 0 0 0 0 0 0 1 2 2 1 1 2 2 0 1 2 0 1 0 1 0 2 2 0 2 2 2 1 2 2 1 0 1 2 1 0 1 2 2 2 2 1 2 1 0 0 1 0 2 0 2 2 1 2 0 1 0 0 0 0 1 0 1 0 0 0 1 0 1 0 0 0 1 2 2 2 0 2 0 0 0 2 2 0 2 0 1 2 1 0 1 2 0 0 1 1 1 1 2 2 0 0 0 0 0 0 -1 -2 -2 -1 -1 -2 -2 0 -1 -2 0 -1 0 -1 0 -2 -2 0 -2 -2 -2 -1 -2 -2 -1 0 -1 -2 -1 0 -1 -2 -2 -2 -2 -1 -2 -1 0 0 -1 0 -2 0 -2 -2 -1 -2 0 -1 0 0 0 0 -1 0 -1 0 0 0 -1 0 -1 0 0 0 -1 -2 -2 -2 0 -2 0 0 0 -2 -2 0 -2 0 -1 -2 -1 0 -1 -2 0 0 -1 -1 -1 -1 -2 -2
-0.960529847328969 -0.189633136920983 0.604250554854354 0.96207745527727 0.271657862966545 1 1 1 2 1 0 1 2 2 1 2 1 2 2 1 2 2 1 2 1 1 0 2 2 0 2 2 2 2 2 2 1 2 1 2 0 0 1 2 1 0 2 0 2 0 0 0 2 1 1 0 2 2 2 1 1 2 0 1 0 1 2 0 2 0 1 2 2 0 2 1 0 1 2 1 1 1 2 2 1 0 2 2 2 0 2 0 0 1 0 0 0 1 0 0 2 1 0 1 2 2 1 1 2 1 0 1 2 2 1 2 1 2 2 1 2 2 1 2 1 1 0 2 2 0 2 2 2 2 2 2 1 2 1 2 0 0 1 2 1 0 2 0 2 0 0 0 2 1 1 0 2 2 2 1 1 2 0 1 0 1 2 0 2 0 1 2 2 0 2 1 0 1 2 1 1 1 2 2 1 0 2 2 2 0 2 0 0 1 0 0 0 1 0 0 2 1 0 1 2 2
-0.560278806342103 0.269750239185862 1.12075035811039 1.36310028491849 0.843180835312119 1 2 2 2 1 0 1 2 2 0 0 1 1 0 0 1 2 0 1 0 2 2 2 2 0 0 2 0 0 1 1 1 1 1 2 1 0 1 2 1 1 2 0 1 1 0 0 1 1 1 0 1 1 1 2 1 2 0 1 0 1 2 0 2 0 1 2 2 1 1 0 1 1 1 2 0 1 0 1 2 0 1 1 2 0 2 0 1 2 1 0 0 2 1 1 1 1 0 0 2 1 2 2 2 1 0 1 2 2 0 0 1 1 0 0 1 2 0 1 0 2 2 2 2 0 0 2 0 0 1 1 1 1 1 2 1 0 1 2 1 1 2 0 1 1 0 0 1 1 1 0 1 1 1 2 1 2 0 1 0 1 2 0 2 0 1 2 2 1 1 0 1 1 1 2 0 1 0 1 2 0 1 1 2 0 2 0 1 2 1 0 0 2 1 1 1 1 0 0 2 1
-0.89604049386722 -0.842412383476715 0.194119145945853 -1.58207105828279 -1.49804406337098 1 0 0 0 0 0 0 2 2 1 2 0 1 0 0 1 2 0 0 0 0 0 2 2 0 1 1 0 0 1 1 1 0 0 2 1 0 1 2 2 1 2 0 2 2 0 0 1 1 1 0 0 0 0 0 0 1 0 0 0 1 2 0 2 0 0 2 2 1 2 1 1 0 0 1 2 2 1 2 2 1 2 2 2 0 2 0 0 0 2 0 1 2 1 0 2 2 2 2 2 1 0 0 0 0 0 0 2 2 1 2 0 1 0 0 1 2 0 0 0 0 0 2 2 0 1 1 0 0 1 1 1 0 0 2 1 0 1 2 2 1 2 0 2 2 0 0 1 1 1 0 0 0 0 0 0 1 0 0 0 1 2 0 2 0 0 2 2 1 2 1 1 0 0 1 2 2 1 2 2 1 2 2 2 0 2 0 0 0 2 0 1 2 1 0 2 2 2 2 2 1
-1.0429529188013 0.130390957750009 -1.89408729206315 -2.39364508672461 0.402991670940311 -1 1 2 2 0 0 0 2 2 1 0 0 1 2 1 2 2 0 2 1 2 1 2 2 0 1 2 2 1 2 2 1 2 1 2 0 0 1 2 2 2 2 0 2 0 0 0 0 0 2 0 1 1 1 2 0 2 0 2 1 2 2 0 2 0 0 2 2 1 1 0 0 1 0 2 2 2 2 2 1 0 1 2 2 0 2 0 1 0 2 0 1 2 0 0 2 2 2 1 2 2 -1 -2 -2 0 0 0 -2 -2 -1 0 0 -1 -2 -1 -2 -2 0 -2 -1 -2 -1 -2 -2 0 -1 -2 -2 -1 -2 -2 -1 -2 -1 -2 0 0 -1 -2 -2 -2 -2 0 -2 0 0 0 0 0 -2 0 -1 -1 -1 -2 0 -2 0 -2 -1 -2 -2 0 -2 0 0 -2 -2 -1 -1 0 0 -1 0 -2 -2 -2 -2 -2 -1 0 -1 -2 -2 0 -2 0 -1 0 -2 0 -1 -2 0 0 -2 -2 -2 -1 -2 -2
0.876740988236662 0.88660588723606 -0.15100001451325 0.429331425869657 -1.27025710156834 1 2 0 0 1 0 2 2 2 2 2 1 1 1 0 2 2 1 1 0 1 1 2 2 0 1 1 1 0 1 1 1 0 1 2 0 0 1 1 1 1 2 0 2 2 0 0 1 0 2 1 2 2 2 2 0 2 0 1 0 2 2 1 2 0 0 1 2 0 2 1 0 1 2 2 0 2 1 2 2 1 1 1 2 0 2 0 1 2 1 0 1 2 0 0 0 1 0 1 1 1 2 0 0 1 0 2 2 2 2 2 1 1 1 0 2 2 1 1 0 1 1 2 2 0 1 1 1 0 1 1 1 0 1 2 0 0 1 1 1 1 2 0 2 2 0 0 1 0 2 1 2 2 2 2 0 2 0 1 0 2 2 1 2 0 0 1 2 0 2 1 0 1 2 2 0 2 1 2 2 1 1 1 2 0 2 0 1 2 1 0 1 2 0 0 0 1 0 1 1 1
-2.12552608476297 1.42789493566724 -0.904115082004164 -0.368986522417869 -0.25063689529737 -1 2 2 2 2 2 1 2 0 1 1 0 0 0 0 1 2 0 0 0 1 0 2 2 0 1 2 2 0 0 1 1 1 0 2 1 0 2 2 1 1 2 0 2 1 0 0 1 1 2 0 2 2 2 2 1 2 0 2 1 2 2 0 2 0 0 1 2 0 2 1 1 0 1 1 2 2 1 2 1 0 0 1 2 0 2 1 1 2 2 0 1 2 2 0 1 0 0 0 1 2 -2 -2 -2 -2 -2 -1 -2 0 -1 -1 0 0 0 0 -1 -2 0 0 0 -1 0 -2 -2 0 -1 -2 -2 0 0 -1 -1 -1 0 -2 -1 0 -2 -2 -1 -1 -2 0 -2 -1 0 0 -1 -1 -2 0 -2 -2 -2 -2 -1 -2 0 -2 -1 -2 -2 0 -2 0 0 -1 -2 0 -2 -1 -1 0 -1 -1 -2 -2 -1 -2 -1 0 0 -1 -2 0 -2 -1 -1 -2 -2 0 -1 -2 -2 0 -1 0 0 0 -1 -2
0.269239375084998 -0.09619261357349 1.20716046421786 1.55255973894579 0.547261669036201 -1 0 0 1 0 1 2 2 2 1 1 2 2 0 0 1 2 0 2 0 1 0 2 2 0 1 2 2 2 1 2 1 1 1 2 0 0 2 2 2 0 2 0 2 2 0 0 1 0 1 0 2 1 1 1 1 2 0 1 0 0 1 0 2 0 0 0 2 0 2 0 0 0 1 1 1 2 0 2 2 0 2 2 2 0 2 1 1 2 1 0 2 2 0 1 1 0 0 1 2 2 0 0 -1 0 -1 -2 -2 -2 -1 -1 -2 -2 0 0 -1 -2 0 -2 0 -1 0 -2 -2 0 -1 -2 -2 -2 -1 -2 -1 -1 -1 -2 0 0 -2 -2 -2 0 -2 0 -2 -2 0 0 -1 0 -1 0 -2 -1 -1 -1 -1 -2 0 -1 0 0 -1 0 -2 0 0 0 -2 0 -2 0 0 0 -1 -1 -1 -2 0 -2 -2 0 -2 -2 -2 0 -2 -1 -1 -2 -1 0 -2 -2 0 -1 -1 0 0 -1 -2 -2
-0.383348058073126 -0.181157299341581 0.870935497150697 0.14738660432281 -0.706716773211664 -1 1 2 0 0 1 2 2 2 1 1 0 0 1 0 1 2 1 1 0 1 0 2 2 0 0 1 1 1 1 1 0 1 0 2 1 0 0 0 0 0 2 0 1 0 0 0 2 2 2 0 1 0 2 1 1 1 0 1 0 1 2 0 2 1 1 2 2 1 2 1 2 1 2 1 0 1 2 2 2 0 0 2 2 0 2 0 0 0 2 1 0 1 0 0 1 0 0 2 2 1 -1 -2 0 0 -1 -2 -2 -2 -1 -1 0 0 -1 0 -1 -2 -1 -1 0 -1 0 -2 -2 0 0 -1 -1 -1 -1 -1 0 -1 0 -2 -1 0 0 0 0 0 -2 0 -1 0 0 0 -2 -2 -2 0 -1 0 -2 -1 -1 -1 0 -1 0 -1 -2 0 -2 -1 -1 -2 -2 -1 -2 -1 -2 -1 -2 -1 0 -1 -2 -2 -2 0 0 -2 -2 0 -2 0 0 0 -2 -1 0 -1 0 0 -1 0 0 -2 -2 -1
0.280392349601362 1.40330481160248 0.374854058591255 -2.29514372262874 0.0518964850270387 -1 1 2 1 2 1 2 2 2 2 1 1 2 1 0 2 2 1 1 1 1 0 2 1 0 0 2 1 2 2 2 0 1 0 2 0 0 0 1 1 0 2 0 2 1 0 0 2 1 2 1 1 0 2 2 0 2 0 2 0 0 2 0 1 0 0 2 2 0 1 0 2 1 1 2 2 2 0 2 2 0 0 0 1 0 2 0 0 0 1 0 0 1 1 0 0 0 0 2 2 2 -1 -2 -1 -2 -1 -2 -2 -2 -2 -1 -1 -2 -1 0 -2 -2 -1 -1 -1 -1 0 -2 -1 0 0 -2 -1 -2 -2 -2 0 -1 0 -2 0 0 0 -1 -1 0 -2 0 -2 -1 0 0 -2 -1 -2 -1 -1 0 -2 -2 0 -2 0 -2 0 0 -2 0 -1 0 0 -2 -2 0 -1 0 -2 -1 -1 -2 -2 -2 0 -2 -2 0 0 0 -1 0 -2 0 0 0 -1 0 0 -1 -1 0 0 0 0 -2 -2 -2
1.35050340141837 -0.551029786555048 -1.57285500287516 -1.93866212150832 1.8040586397604 1 2 2 1 1 1 1 2 2 2 2 1 2 2 0 2 2 0 1 0 0 1 2 2 0 0 1 0 0 1 2 1 0 0 2 1 1 1 1 1 1 2 0 1 1 0 0 2 2 2 2 2 2 2 2 0 1 0 1 1 2 2 0 2 0 0 2 2 0 2 2 2 0 0 1 2 2 0 2 1 0 0 2 2 0 2 0 1 2 1 0 1 1 0 0 1 1 0 0 2 1 2 2 1 1 1 1 2 2 2 2 1 2 2 0 2 2 0 1 0 0 1 2 2 0 0 1 0 0 1 2 1 0 0 2 1 1 1 1 1 1 2 0 1 1 0 0 2 2 2 2 2 2 2 2 0 1 0 1 1 2 2 0 2 0 0 2 2 0 2 2 2 0 0 1 2 2 0 2 1 0 0 2 2 0 2 0 1 2 1 0 1 1 0 0 1 1 0 0 2 1
-1.51410655840971 0.752706414547143 -0.86586030536942 0.864725683923961 -1.58826398811612 1 2 2 2 2 1 2 2 2 2 1 1 2 1 0 1 2 0 2 0 1 1 2 2 0 1 2 2 1 2 2 1 2 1 2 1 0 2 1 1 0 2 0 2 1 0 0 1 0 1 0 2 0 1 1 2 2 0 2 1 1 2 0 2 0 0 1 2 0 1 0 0 0 1 1 1 2 1 2 0 0 1 1 2 0 2 0 2 2 1 0 0 1 1 0 0 1 0 2 2 2 2 2 2 2 1 2 2 2 2 1 1 2 1 0 1 2 0 2 0 1 1 2 2 0 1 2 2 1 2 2 1 2 1 2 1 0 2 1 1 0 2 0 2 1 0 0 1 0 1 0 2 0 1 1 2 2 0 2 1 1 2 0 2 0 0 1 2 0 1 0 0 0 1 1 1 2 1 2 0 0 1 1 2 0 2 0 2 2 1 0 0 1 1 0 0 1 0 2 2 2
-0.200239320744006 0.144712058656104 0.16507061447655 0.335241134419919 -1.51489192276642 1 0 1 1 2 1 1 2 1 0 0 2 2 0 0 1 2 0 2 1 0 1 2 2 0 2 2 2 1 2 2 0 1 1 2 0 0 0 2 1 0 2 0 1 0 0 0 1 0 2 0 1 0 1 2 1 2 0 2 0 1 2 0 2 0 0 1 2 1 2 0 1 0 0 0 1 2 0 2 2 1 1 2 2 0 2 0 0 2 0 0 1 1 0 0 1 2 0 2 2 1 0 1 1 2 1 1 2 1 0 0 2 2 0 0 1 2 0 2 1 0 1 2 2 0 2 2 2 1 2 2 0 1 1 2 0 0 0 2 1 0 2 0 1 0 0 0 1 0 2 0 1 0 1 2 1 2 0 2 0 1 2 0 2 0 0 1 2 1 2 0 1 0 0 0 1 2 0 2 2 1 1 2 2 0 2 0 0 2 0 0 1 1 0 0 1 2 0 2 2 1
-0.917102497991599 -1.93212396484032 -0.617195088047152 -0.461191354938679 -1.26534673267982 1 2 1 1 0 0 0 2 2 2 2 1 1 1 0 2 2 1 2 0 0 1 2 2 0 2 2 2 1 2 2 2 1 1 2 1 0 2 1 2 1 2 0 2 1 0 0 1 1 2 2 2 2 2 2 0 2 0 1 0 1 2 0 2 0 0 1 2 0 2 0 1 1 2 1 2 2 0 2 2 0 0 2 2 0 2 0 0 2 2 0 1 2 1 0 0 2 2 0 2 2 2 1 1 0 0 0 2 2 2 2 1 1 1 0 2 2 1 2 0 0 1 2 2 0 2 2 2 1 2 2 2 1 1 2 1 0 2 1 2 1 2 0 2 1 0 0 1 1 2 2 2 2 2 2 0 2 0 1 0 1 2 0 2 0 0 1 2 0 2 0 1 1 2 1 2 2 0 2 2 0 0 2 2 0 2 0 0 2 2 0 1 2 1 0 0 2 2 0 2 2
1.41834049582128 1.01960521035228 -0.0371995350992937 0.984653613738167 -1.31317424528512 1 0 0 1 0 0 0 2 2 1 1 0 1 2 1 2 2 1 1 0 1 1 2 2 0 1 1 1 0 2 2 2 1 0 2 0 0 0 1 2 0 2 0 2 2 0 0 2 0 1 0 1 1 2 1 2 1 0 1 0 1 2 0 2 1 1 2 2 1 2 1 2 1 2 2 1 2 0 2 1 0 1 2 2 0 2 0 1 1 1 0 0 2 1 0 1 1 1 1 2 2 0 0 1 0 0 0 2 2 1 1 0 1 2 1 2 2 1 1 0 1 1 2 2 0 1 1 1 0 2 2 2 1 0 2 0 0 0 1 2 0 2 0 2 2 0 0 2 0 1 0 1 1 2 1 2 1 0 1 0 1 2 0 2 1 1 2 2 1 2 1 2 1 2 2 1 2 0 2 1 0 1 2 2 0 2 0 1 1 1 0 0 2 1 0 1 1 1 1 2 2
-1.41697946238174 0.477183131819204 0.0825858258517907 -0.44004655535189 -0.208494905898343 -1 2 2 2 2 1 2 2 2 2 2 2 2 1 0 1 2 1 2 0 2 1 2 1 0 1 2 1 0 1 2 1 0 1 2 0 0 1 1 0 1 2 0 2 1 0 0 1 1 2 0 2 1 2 1 0 2 0 1 0 1 2 0 2 0 0 2 2 1 1 0 0 0 1 2 2 2 2 2 2 1 2 2 2 0 2 1 1 2 1 1 0 0 0 0 1 1 1 1 2 1 -2 -2 -2 -2 -1 -2 -2 -2 -2 -2 -2 -2 -1 0 -1 -2 -1 -2 0 -2 -1 -2 -1 0 -1 -2 -1 0 -1 -2 -1 0 -1 -2 0 0 -1 -1 0 -1 -2 0 -2 -1 0 0 -1 -1 -2 0 -2 -1 -2 -1 0 -2 0 -1 0 -1 -2 0 -2 0 0 -2 -2 -1 -1 0 0 0 -1 -2 -2 -2 -2 -2 -2 -1 -2 -2 -2 0 -2 -1 -1 -2 -1 -1 0 0 0 0 -1 -1 -1 -1 -2 -1
-0.252287951818173 0.0885049673172955 -0.0135460300595287 -0.378301530922835 0.867663291721478 -1 2 1 2 1 0 2 2 2 1 1 2 2 1 0 2 1 0 1 0 2 1 2 2 0 1 2 0 2 2 2 0 1 1 2 1 0 2 2 1 1 2 0 1 1 0 0 2 1 2 0 1 2 1 2 1 2 0 0 0 1 2 0 1 0 0 1 2 1 1 0 1 1 1 2 2 2 0 2 2 1 1 2 2 0 2 0 0 0 2 0 2 1 0 0 1 2 2 2 2 2 -2 -1 -2 -1 0 -2 -2 -2 -1 -1 -2 -2 -1 0 -2 -1 0 -1 0 -2 -1 -2 -2 0 -1 -2 0 -2 -2 -2 0 -1 -1 -2 -1 0 -2 -2 -1 -1 -2 0 -1 -1 0 0 -2 -1 -2 0 -1 -2 -1 -2 -1 -2 0 0 0 -1 -2 0 -1 0 0 -1 -2 -1 -1 0 -1 -1 -1 -2 -2 -2 0 -2 -2 -1 -1 -2 -2 0 -2 0 0 0 -2 0 -2 -1 0 0 -1 -2 -2 -2 -2 -2
-1.79893433161129 1.30446227646887 0.0952361420418663 -0.856020993386016 0.384366131087116 -1 0 2 1 1 0 0 1 1 1 0 0 2 2 0 1 2 1 2 1 1 1 2 1 0 1 2 2 2 2 2 1 1 1 2 0 0 0 0 1 0 2 0 1 0 0 0 1 0 0 0 1 2 2 2 1 2 0 1 0 0 2 0 2 0 0 0 2 0 0 0 1 1 2 2 1 1 0 2 1 0 1 2 2 0 1 0 2 2 2 0 0 0 0 1 1 1 0 2 2 2 0 -2 -1 -1 0 0 -1 -1 -1 0 0 -2 -2 0 -1 -2 -1 -2 -1 -1 -1 -2 -1 0 -1 -2 -2 -2 -2 -2 -1 -1 -1 -2 0 0 0 0 -1 0 -2 0 -1 0 0 0 -1 0 0 0 -1 -2 -2 -2 -1 -2 0 -1 0 0 -2 0 -2 0 0 0 -2 0 0 0 -1 -1 -2 -2 -1 -1 0 -2 -1 0 -1 -2 -2 0 -1 0 -2 -2 -2 0 0 0 0 -1 -1 -1 0 -2 -2 -2
0.0614804996433041 -0.809346785229318 -0.682160863654068 -1.43365622260433 0.42460667167311 1 2 1 2 1 1 1 2 1 1 1 1 1 2 0 2 2 0 1 1 1 0 2 2 0 1 2 2 1 0 1 0 1 1 2 1 0 1 2 1 0 2 0 1 2 0 0 1 0 2 1 2 2 2 1 0 2 0 0 0 1 2 0 2 0 0 1 2 2 2 1 1 0 1 2 2 2 1 2 1 0 0 1 2 0 2 0 0 1 2 0 1 0 0 0 0 1 1 1 2 2 2 1 2 1 1 1 2 1 1 1 1 1 2 0 2 2 0 1 1 1 0 2 2 0 1 2 2 1 0 1 0 1 1 2 1 0 1 2 1 0 2 0 1 2 0 0 1 0 2 1 2 2 2 1 0 2 0 0 0 1 2 0 2 0 0 1 2 2 2 1 1 0 1 2 2 2 1 2 1 0 0 1 2 0 2 0 0 1 2 0 1 0 0 0 0 1 1 1 2 2
-0.213048448171312 0.460998471660677 1.41073635369452 0.0200959747789788 -0.23236122899576 1 1 2 2 1 1 2 2 2 2 2 0 1 1 0 0 2 0 1 0 1 0 2 2 0 1 2 2 0 1 2 0 0 0 2 0 0 1 2 1 1 2 0 2 1 0 0 1 0 1 1 2 2 1 2 1 1 0 0 0 1 1 0 2 0 0 1 2 0 2 1 1 0 1 2 2 2 1 1 0 0 2 2 2 0 2 0 0 2 0 0 0 2 1 0 1 1 0 1 2 1 1 2 2 1 1 2 2 2 2 2 0 1 1 0 0 2 0 1 0 1 0 2 2 0 1 2 2 0 1 2 0 0 0 2 0 0 1 2 1 1 2 0 2 1 0 0 1 0 1 1 2 2 1 2 1 1 0 0 0 1 1 0 2 0 0 1 2 0 2 1 1 0 1 2 2 2 1 1 0 0 2 2 2 0 2 0 0 2 0 0 0 2 1 0 1 1 0 1 2 1
0.299708616205436 -0.990982303566665 0.698037860094546 -0.631170709508272 -0.797273710627197 1 1 1 1 1 1 2 2 2 0 0 2 1 2 0 2 2 1 1 0 2 1 2 2 0 1 2 2 2 2 2 0 0 0 2 0 0 2 2 2 2 2 0 2 2 0 0 1 1 1 0 2 1 2 2 0 2 0 1 0 1 2 0 1 0 0 2 2 0 2 1 1 0 2 1 0 2 2 2 2 0 1 2 2 0 1 0 1 2 1 0 1 2 0 0 1 2 2 2 2 2 1 1 1 1 1 2 2 2 0 0 2 1 2 0 2 2 1 1 0 2 1 2 2 0 1 2 2 2 2 2 0 0 0 2 0 0 2 2 2 2 2 0 2 2 0 0 1 1 1 0 2 1 2 2 0 2 0 1 0 1 2 0 1 0 0 2 2 0 2 1 1 0 2 1 0 2 2 2 2 0 1 2 2 0 1 0 1 2 1 0 1 2 0 0 1 2 2 2 2 2
-1.30177556804155 -0.338661041047102 -1.20401584831603 1.57424110641865 0.901752766557375 1 1 1 1 0 0 0 1 2 1 0 2 2 2 1 1 2 0 2 0 1 1 2 2 0 0 2 1 1 2 2 1 1 1 2 0 0 1 1 1 1 2 0 2 2 0 0 2 0 1 0 2 2 2 2 0 2 0 1 1 1 2 0 2 0 0 2 2 1 2 0 0 0 2 1 1 2 0 2 1 0 0 0 1 0 2 0 1 0 2 0 1 1 1 0 0 2 0 1 1 1 1 1 1 0 0 0 1 2 1 0 2 2 2 1 1 2 0 2 0 1 1 2 2 0 0 2 1 1 2 2 1 1 1 2 0 0 1 1 1 1 2 0 2 2 0 0 2 0 1 0 2 2 2 2 0 2 0 1 1 1 2 0 2 0 0 2 2 1 2 0 0 0 2 1 1 2 0 2 1 0 0 0 1 0 2 0 1 0 2 0 1 1 1 0 0 2 0 1 1 1
-2.11924504937879 0.141347131666071 1.5849898971606 -0.55842595218208 0.0677523009606781 1 1 2 2 2 0 2 2 2 1 1 0 1 1 1 1 2 0 2 0 0 0 1 2 0 0 1 0 0 0 2 2 1 0 2 0 0 1 2 2 0 2 0 2 0 0 0 1 0 1 0 1 2 2 2 2 2 0 0 0 1 2 0 2 0 0 2 2 1 2 1 1 1 1 2 1 2 2 1 1 0 0 1 2 0 1 0 0 1 1 0 1 1 0 0 0 0 0 2 2 0 1 2 2 2 0 2 2 2 1 1 0 1 1 1 1 2 0 2 0 0 0 1 2 0 0 1 0 0 0 2 2 1 0 2 0 0 1 2 2 0 2 0 2 0 0 0 1 0 1 0 1 2 2 2 2 2 0 0 0 1 2 0 2 0 0 2 2 1 2 1 1 1 1 2 1 2 2 1 1 0 0 1 2 0 1 0 0 1 1 0 1 1 0 0 0 0 0 2 2 0
1.66641173509979 -1.26762657088815 -2.23472059346913 -0.0315450721993893 0.291970982663854 1 1 2 2 1 1 2 2 1 1 1 0 1 2 0 2 2 0 0 0 0 0 2 2 0 1 2 2 1 2 2 2 2 1 2 0 0 0 2 1 0 2 0 1 1 0 0 1 1 2 0 1 1 1 2 2 2 0 1 0 2 2 0 1 1 1 2 2 1 2 1 1 0 1 0 0 1 0 1 1 0 1 2 2 0 2 0 2 2 2 1 1 2 1 0 2 2 1 2 2 2 1 2 2 1 1 2 2 1 1 1 0 1 2 0 2 2 0 0 0 0 0 2 2 0 1 2 2 1 2 2 2 2 1 2 0 0 0 2 1 0 2 0 1 1 0 0 1 1 2 0 1 1 1 2 2 2 0 1 0 2 2 0 1 1 1 2 2 1 2 1 1 0 1 0 0 1 0 1 1 0 1 2 2 0 2 0 2 2 2 1 1 2 1 0 2 2 1 2 2 2
-1.10920201008643 -0.959481022039275 0.44345092272463 -0.893671299924468 -1.18617894335538 -1 1 2 2 2 0 1 2 2 2 2 1 2 1 0 1 2 0 1 0 0 0 2 2 0 2 2 1 0 1 1 1 1 0 2 1 1 1 1 1 1 2 0 1 1 0 0 0 0 2 0 2 2 2 2 1 1 0 2 1 1 2 0 1 0 0 2 2 1 1 1 1 0 2 2 2 2 1 2 2 0 2 2 2 0 2 1 2 2 2 0 0 2 1 0 1 1 0 0 2 2 -1 -2 -2 -2 0 -1 -2 -2 -2 -2 -1 -2 -1 0 -1 -2 0 -1 0 0 0 -2 -2 0 -2 -2 -1 0 -1 -1 -1 -1 0 -2 -1 -1 -1 -1 -1 -1 -2 0 -1 -1 0 0 0 0 -2 0 -2 -2 -2 -2 -1 -1 0 -2 -1 -1 -2 0 -1 0 0 -2 -2 -1 -1 -1 -1 0 -2 -2 -2 -2 -1 -2 -2 0 -2 -2 -2 0 -2 -1 -2 -2 -2 0 0 -2 -1 0 -1 -1 0 0 -2 -2
-1.52120355554632 -0.10925834003955 -0.671824061668253 -1.45155907252165 -0.47914362175705 1 1 0 1 0 0 0 1 2 1 1 1 1 1 0 2 2 0 1 0 1 1 2 2 0 2 2 2 2 2 2 1 2 1 2 0 0 1 2 2 1 2 0 1 1 0 1 2 1 2 0 0 1 2 2 0 2 0 1 0 1 2 0 2 0 0 2 2 2 1 1 2 0 1 2 2 2 1 2 2 0 1 2 2 0 2 2 2 2 2 0 1 1 0 0 2 1 2 1 1 2 1 0 1 0 0 0 1 2 1 1 1 1 1 0 2 2 0 1 0 1 1 2 2 0 2 2 2 2 2 2 1 2 1 2 0 0 1 2 2 1 2 0 1 1 0 1 2 1 2 0 0 1 2 2 0 2 0 1 0 1 2 0 2 0 0 2 2 2 1 1 2 0 1 2 2 2 1 2 2 0 1 2 2 0 2 2 2 2 2 0 1 1 0 0 2 1 2 1 1 2
0.100093294123856 0.719669263149151 -1.43454275624837 -0.954544697757115 0.268940243338234 -1 1 2 1 0 0 1 2 2 1 1 1 1 1 0 1 2 0 1 0 1 2 2 2 0 2 2 2 1 2 2 0 0 0 2 0 0 0 2 0 0 2 0 2 2 0 0 0 0 1 0 2 1 2 2 1 1 0 1 0 1 2 0 2 0 1 1 2 1 2 0 1 0 2 2 2 2 0 2 1 0 1 2 2 0 2 0 1 1 2 0 1 1 0 0 0 0 0 1 2 1 -1 -2 -1 0 0 -1 -2 -2 -1 -1 -1 -1 -1 0 -1 -2 0 -1 0 -1 -2 -2 -2 0 -2 -2 -2 -1 -2 -2 0 0 0 -2 0 0 0 -2 0 0 -2 0 -2 -2 0 0 0 0 -1 0 -2 -1 -2 -2 -1 -1 0 -1 0 -1 -2 0 -2 0 -1 -1 -2 -1 -2 0 -1 0 -2 -2 -2 -2 0 -2 -1 0 -1 -2 -2 0 -2 0 -1 -1 -2 0 -1 -1 0 0 0 0 0 -1 -2 -1
1.43393835297292 1.32711747441558 -0.805639868889459 -0.0225899391508219 0.453681510493222 1 0 1 1 1 0 2 2 2 2 2 1 1 1 1 2 2 2 2 0 2 0 2 2 0 1 2 2 0 0 0 0 0 0 2 0 0 0 1 1 0 2 0 2 2 0 0 2 0 1 0 2 2 2 2 0 2 0 2 1 1 2 0 2 0 0 1 1 0 2 0 1 0 1 1 1 2 0 2 2 0 1 2 2 0 2 1 2 1 1 0 2 2 0 0 0 1 0 1 2 2 0 1 1 1 0 2 2 2 2 2 1 1 1 1 2 2 2 2 0 2 0 2 2 0 1 2 2 0 0 0 0 0 0 2 0 0 0 1 1 0 2 0 2 2 0 0 2 0 1 0 2 2 2 2 0 2 0 2 1 1 2 0 2 0 0 1 1 0 2 0 1 0 1 1 1 2 0 2 2 0 1 2 2 0 2 1 2 1 1 0 2 2 0 0 0 1 0 1 2 2
0.143588241167187 0.613285776254808 -0.942014380366661 -0.183317768833965 -0.605384756502356 -1 1 1 2 0 1 2 2 1 0 0 1 1 2 0 2 2 2 2 1 1 1 2 2 0 1 2 1 1 2 2 2 2 2 2 0 0 1 2 1 0 2 0 0 1 0 0 1 1 2 0 2 1 2 2 1 2 0 2 0 0 2 0 2 1 1 0 2 0 2 0 0 0 2 2 2 2 0 2 2 1 2 2 2 0 2 0 1 1 2 1 0 2 0 0 0 0 0 0 2 2 -1 -1 -2 0 -1 -2 -2 -1 0 0 -1 -1 -2 0 -2 -2 -2 -2 -1 -1 -1 -2 -2 0 -1 -2 -1 -1 -2 -2 -2 -2 -2 -2 0 0 -1 -2 -1 0 -2 0 0 -1 0 0 -1 -1 -2 0 -2 -1 -2 -2 -1 -2 0 -2 0 0 -2 0 -2 -1 -1 0 -2 0 -2 0 0 0 -2 -2 -2 -2 0 -2 -2 -1 -2 -2 -2 0 -2 0 -1 -1 -2 -1 0 -2 0 0 0 0 0 0 -2 -2
-1.45016302134745 -1.38854716949319 -0.542601007502159 0.200192602104518 -0.0343841843835153 -1 0 2 2 1 0 0 1 2 1 1 2 2 2 0 1 2 0 1 0 0 0 2 2 0 1 2 1 1 1 2 2 1 0 2 0 0 1 2 1 0 2 0 1 1 0 0 1 1 2 1 2 2 2 2 2 2 1 2 0 1 2 0 2 0 0 2 2 0 2 1 0 1 1 1 1 2 0 2 1 0 1 2 2 0 2 0 0 1 1 1 1 1 0 0 1 1 1 1 2 1 0 -2 -2 -1 0 0 -1 -2 -1 -1 -2 -2 -2 0 -1 -2 0 -1 0 0 0 -2 -2 0 -1 -2 -1 -1 -1 -2 -2 -1 0 -2 0 0 -1 -2 -1 0 -2 0 -1 -1 0 0 -1 -1 -2 -1 -2 -2 -2 -2 -2 -2 -1 -2 0 -1 -2 0 -2 0 0 -2 -2 0 -2 -1 0 -1 -1 -1 -1 -2 0 -2 -1 0 -1 -2 -2 0 -2 0 0 -1 -1 -1 -1 -1 0 0 -1 -1 -1 -1 -2 -1
-0.852993989232514 1.68141104113353 -0.854259818204378 1.0321310608012 0.406337104841162 -1 1 1 0 0 0 0 1 0 0 0 1 2 2 0 2 2 0 1 0 1 0 2 2 0 1 2 2 1 1 2 0 1 1 2 0 0 1 2 2 1 2 0 2 1 0 0 1 0 1 0 1 1 2 2 1 1 0 0 0 1 2 0 2 1 1 2 2 1 2 2 0 1 1 1 0 2 0 2 2 1 1 2 2 0 2 0 0 1 1 0 0 2 2 1 1 0 0 1 1 1 -1 -1 0 0 0 0 -1 0 0 0 -1 -2 -2 0 -2 -2 0 -1 0 -1 0 -2 -2 0 -1 -2 -2 -1 -1 -2 0 -1 -1 -2 0 0 -1 -2 -2 -1 -2 0 -2 -1 0 0 -1 0 -1 0 -1 -1 -2 -2 -1 -1 0 0 0 -1 -2 0 -2 -1 -1 -2 -2 -1 -2 -2 0 -1 -1 -1 0 -2 0 -2 -2 -1 -1 -2 -2 0 -2 0 0 -1 -1 0 0 -2 -2 -1 -1 0 0 -1 -1 -1
0.280552638041391 -0.809866884801521 -0.0169382150631947 -1.20610106907512 -1.54534184012639 1 2 2 2 0 0 2 2 1 1 1 1 2 1 0 0 2 0 1 0 1 0 2 2 0 0 2 1 0 1 2 2 1 0 2 0 0 0 2 2 1 2 0 1 1 0 0 2 1 1 0 2 1 1 2 1 1 0 2 2 2 2 0 2 0 0 1 2 1 2 0 0 0 2 1 1 2 1 2 2 0 1 2 2 0 1 0 1 1 0 0 0 2 0 0 0 0 0 2 2 1 2 2 2 0 0 2 2 1 1 1 1 2 1 0 0 2 0 1 0 1 0 2 2 0 0 2 1 0 1 2 2 1 0 2 0 0 0 2 2 1 2 0 1 1 0 0 2 1 1 0 2 1 1 2 1 1 0 2 2 2 2 0 2 0 0 1 2 1 2 0 0 0 2 1 1 2 1 2 2 0 1 2 2 0 1 0 1 1 0 0 0 2 0 0 0 0 0 2 2 1
0.0831946949883209 -1.33478038674866 2.22713227968211 -1.05684775790174 1.28724187148837 1 1 1 1 0 0 0 2 2 1 0 0 1 0 0 2 2 0 1 0 0 1 2 2 0 2 2 1 2 1 2 1 2 0 2 0 0 0 2 1 0 2 0 1 1 0 0 1 0 2 0 2 1 1 2 0 1 0 2 0 0 2 0 2 0 1 2 2 0 2 0 0 0 2 2 1 1 0 2 1 0 1 2 2 0 1 0 0 2 2 0 0 2 2 1 2 2 2 2 2 2 1 1 1 0 0 0 2 2 1 0 0 1 0 0 2 2 0 1 0 0 1 2 2 0 2 2 1 2 1 2 1 2 0 2 0 0 0 2 1 0 2 0 1 1 0 0 1 0 2 0 2 1 1 2 0 1 0 2 0 0 2 0 2 0 1 2 2 0 2 0 0 0 2 2 1 1 0 2 1 0 1 2 2 0 1 0 0 2 2 0 0 2 2 1 2 2 2 2 2 2
1.41188308681944 -0.525522081364879 0.569202807201327 0.601855943625427 0.0139996852499256 -1 1 1 2 1 1 2 2 2 2 2 1 1 0 0 1 2 0 1 0 1 0 2 2 0 1 2 2 0 2 1 0 0 0 2 0 0 1 1 0 1 2 0 2 2 0 0 0 0 2 0 0 1 2 1 0 1 0 0 0 0 2 0 2 0 0 2 2 1 2 0 0 1 2 2 1 1 2 2 1 0 2 2 2 0 2 1 1 1 1 0 0 1 0 0 1 1 0 1 2 2 -1 -1 -2 -1 -1 -2 -2 -2 -2 -2 -1 -1 0 0 -1 -2 0 -1 0 -1 0 -2 -2 0 -1 -2 -2 0 -2 -1 0 0 0 -2 0 0 -1 -1 0 -1 -2 0 -2 -2 0 0 0 0 -2 0 0 -1 -2 -1 0 -1 0 0 0 0 -2 0 -2 0 0 -2 -2 -1 -2 0 0 -1 -2 -2 -1 -1 -2 -2 -1 0 -2 -2 -2 0 -2 -1 -1 -1 -1 0 0 -1 0 0 -1 -1 0 -1 -2 -2
1.10910080651126 -0.155304599630941 0.0969900963591269 -0.766405276517966 1.30781559200312 1 1 2 1 0 0 0 1 0 0 2 2 2 1 0 2 2 0 1 0 1 1 2 1 0 2 2 2 2 2 2 2 1 1 2 0 0 0 1 1 1 2 0 1 1 0 0 1 0 1 0 2 1 0 2 0 1 1 2 1 1 2 0 0 0 0 1 2 0 2 1 1 0 2 0 0 1 1 2 1 0 0 1 2 0 1 0 1 1 2 0 2 2 1 1 1 2 1 0 1 1 1 2 1 0 0 0 1 0 0 2 2 2 1 0 2 2 0 1 0 1 1 2 1 0 2 2 2 2 2 2 2 1 1 2 0 0 0 1 1 1 2 0 1 1 0 0 1 0 1 0 2 1 0 2 0 1 1 2 1 1 2 0 0 0 0 1 2 0 2 1 1 0 2 0 0 1 1 2 1 0 0 1 2 0 1 0 1 1 2 0 2 2 1 1 1 2 1 0 1 1
0.566148492869802 -0.192488550054599 0.796832189519127 2.41086231238867 0.631369659101978 1 0 1 2 1 0 1 2 2 1 2 1 0 0 0 2 2 1 1 0 0 0 2 1 0 1 2 2 0 0 2 0 0 0 2 0 0 1 0 2 0 2 0 2 2 0 0 1 0 1 0 2 1 2 1 0 2 0 0 0 0 2 0 2 0 0 2 2 1 2 0 0 0 0 1 1 2 1 2 2 0 2 1 2 0 2 0 1 2 1 0 0 2 0 1 1 1 0 0 2 2 0 1 2 1 0 1 2 2 1 2 1 0 0 0 2 2 1 1 0 0 0 2 1 0 1 2 2 0 0 2 0 0 0 2 0 0 1 0 2 0 2 0 2 2 0 0 1 0 1 0 2 1 2 1 0 2 0 0 0 0 2 0 2 0 0 2 2 1 2 0 0 0 0 1 1 2 1 2 2 0 2 1 2 0 2 0 1 2 1 0 0 2 0 1 1 1 0 0 2 2
-2.19459237928856 0.0757069412308494 2.52619564844834 0.166270510357723 0.0901452890158392 1 2 2 2 2 1 2 2 2 1 1 0 0 1 0 1 2 1 1 0 0 1 2 2 0 1 2 1 1 2 2 2 1 1 2 0 0 0 1 2 0 2 0 2 1 0 0 0 0 1 0 1 2 2 2 2 2 0 2 0 1 2 0 1 0 0 2 2 1 2 1 1 0 2 1 1 1 0 1 0 0 1 2 2 0 2 0 1 2 2 1 1 2 2 1 1 1 0 2 2 2 2 2 2 2 1 2 2 2 1 1 0 0 1 0 1 2 1 1 0 0 1 2 2 0 1 2 1 1 2 2 2 1 1 2 0 0 0 1 2 0 2 0 2 1 0 0 0 0 1 0 1 2 2 2 2 2 0 2 0 1 2 0 1 0 0 2 2 1 2 1 1 0 2 1 1 1 0 1 0 0 1 2 2 0 2 0 1 2 2 1 1 2 2 1 1 1 0 2 2 2
0.918542213859893 -0.463935880358489 -1.12348785159348 -0.172327550127372 -0.00535299431390884 -1 1 2 2 0 0 2 2 2 2 2 1 2 1 0 1 2 0 1 0 1 1 2 2 0 1 2 1 0 0 2 1 0 1 2 2 0 1 2 2 1 2 0 2 2 1 0 0 1 1 0 2 2 1 2 2 2 0 1 0 1 1 0 2 0 0 2 2 0 2 0 0 0 2 2 1 2 1 2 1 0 0 2 2 0 2 0 0 0 2 0 0 2 1 0 1 1 2 1 2 2 -1 -2 -2 0 0 -2 -2 -2 -2 -2 -1 -2 -1 0 -1 -2 0 -1 0 -1 -1 -2 -2 0 -1 -2 -1 0 0 -2 -1 0 -1 -2 -2 0 -1 -2 -2 -1 -2 0 -2 -2 -1 0 0 -1 -1 0 -2 -2 -1 -2 -2 -2 0 -1 0 -1 -1 0 -2 0 0 -2 -2 0 -2 0 0 0 -2 -2 -1 -2 -1 -2 -1 0 0 -2 -2 0 -2 0 0 0 -2 0 0 -2 -1 0 -1 -1 -2 -1 -2 -2
-0.176570516931442 -0.452049680802652 -1.07167746994854 0.440877375039605 2.45179737961542 -1 1 0 1 0 1 2 2 2 2 2 1 1 1 0 2 2 0 0 0 1 0 2 2 0 1 2 1 0 1 2 0 0 0 2 0 0 0 0 1 1 2 0 1 0 0 1 2 0 2 1 2 2 2 2 1 1 0 1 1 2 2 0 2 1 0 1 2 0 1 0 0 1 1 2 1 1 0 2 1 0 1 2 2 0 2 1 1 1 2 0 1 2 1 1 1 1 1 1 2 2 -1 0 -1 0 -1 -2 -2 -2 -2 -2 -1 -1 -1 0 -2 -2 0 0 0 -1 0 -2 -2 0 -1 -2 -1 0 -1 -2 0 0 0 -2 0 0 0 0 -1 -1 -2 0 -1 0 0 -1 -2 0 -2 -1 -2 -2 -2 -2 -1 -1 0 -1 -1 -2 -2 0 -2 -1 0 -1 -2 0 -1 0 0 -1 -1 -2 -1 -1 0 -2 -1 0 -1 -2 -2 0 -2 -1 -1 -1 -2 0 -1 -2 -1 -1 -1 -1 -1 -1 -2 -2
-1.31751450892258 -1.56071649160563 -1.45714683137043 -2.57338262687567 -0.623623543127219 1 2 2 2 1 0 0 0 0 0 0 2 0 0 0 1 2 0 0 0 1 1 2 2 0 0 2 1 0 1 2 2 1 1 2 1 0 1 1 1 1 2 0 1 0 0 0 2 0 1 0 2 0 2 2 0 0 0 1 0 1 2 0 1 0 0 2 2 0 2 0 0 0 1 2 2 2 0 2 2 0 1 2 2 0 2 0 1 2 1 0 0 1 1 0 2 1 2 2 2 2 2 2 2 1 0 0 0 0 0 0 2 0 0 0 1 2 0 0 0 1 1 2 2 0 0 2 1 0 1 2 2 1 1 2 1 0 1 1 1 1 2 0 1 0 0 0 2 0 1 0 2 0 2 2 0 0 0 1 0 1 2 0 1 0 0 2 2 0 2 0 0 0 1 2 2 2 0 2 2 0 1 2 2 0 2 0 1 2 1 0 0 1 1 0 2 1 2 2 2 2
0.887478644886317 1.2970864616886 1.1332107974903 0.958937837951008 -1.14612367133942 1 2 2 2 1 0 0 0 1 1 1 0 1 2 0 2 2 1 1 0 0 2 2 2 0 2 2 2 0 0 1 0 1 0 1 0 0 0 2 2 1 2 0 1 1 0 0 2 2 2 1 2 0 2 1 0 1 0 1 0 1 2 0 2 0 0 1 2 1 1 0 0 0 1 1 0 1 0 2 2 0 2 2 2 0 2 1 1 2 2 1 0 1 1 1 2 2 0 2 2 2 2 2 2 1 0 0 0 1 1 1 0 1 2 0 2 2 1 1 0 0 2 2 2 0 2 2 2 0 0 1 0 1 0 1 0 0 0 2 2 1 2 0 1 1 0 0 2 2 2 1 2 0 2 1 0 1 0 1 0 1 2 0 2 0 0 1 2 1 1 0 0 0 1 1 0 1 0 2 2 0 2 2 2 0 2 1 1 2 2 1 0 1 1 1 2 2 0 2 2 2
-0.227713963786629 0.848737941949121 -2.27357186849426 0.369663029829095 0.620252199878564 -1 1 1 1 1 0 2 2 2 0 0 0 1 2 0 2 2 1 1 0 0 1 2 2 0 2 2 1 1 2 2 1 2 0 2 0 0 1 1 2 1 2 0 2 1 0 0 1 0 2 0 1 1 1 1 2 2 0 2 0 2 2 0 2 0 1 2 2 1 2 0 1 0 0 2 1 2 0 2 1 0 1 2 2 0 1 0 1 1 2 0 0 2 1 0 0 1 0 1 2 2 -1 -1 -1 -1 0 -2 -2 -2 0 0 0 -1 -2 0 -2 -2 -1 -1 0 0 -1 -2 -2 0 -2 -2 -1 -1 -2 -2 -1 -2 0 -2 0 0 -1 -1 -2 -1 -2 0 -2 -1 0 0 -1 0 -2 0 -1 -1 -1 -1 -2 -2 0 -2 0 -2 -2 0 -2 0 -1 -2 -2 -1 -2 0 -1 0 0 -2 -1 -2 0 -2 -1 0 -1 -2 -2 0 -1 0 -1 -1 -2 0 0 -2 -1 0 0 -1 0 -1 -2 -2
-1.19731724088589 0.54949458435963 -0.179320680632884 -1.49411799453159 0.8784555919105 -1 1 1 1 0 0 1 1 2 1 1 2 2 1 0 1 2 1 1 0 2 2 2 2 0 1 2 2 2 2 2 1 0 0 2 0 0 0 1 1 1 2 0 2 2 0 0 1 2 2 1 2 1 2 2 1 2 0 0 0 0 2 0 2 0 0 1 2 0 2 0 0 0 0 2 1 2 0 1 1 0 2 2 2 0 2 0 0 0 2 1 0 1 1 1 2 2 1 2 2 0 -1 -1 -1 0 0 -1 -1 -2 -1 -1 -2 -2 -1 0 -1 -2 -1 -1 0 -2 -2 -2 -2 0 -1 -2 -2 -2 -2 -2 -1 0 0 -2 0 0 0 -1 -1 -1 -2 0 -2 -2 0 0 -1 -2 -2 -1 -2 -1 -2 -2 -1 -2 0 0 0 0 -2 0 -2 0 0 -1 -2 0 -2 0 0 0 0 -2 -1 -2 0 -1 -1 0 -2 -2 -2 0 -2 0 0 0 -2 -1 0 -1 -1 -1 -2 -2 -1 -2 -2 0
-0.426523670939866 0.381783371439593 0.12998377712293 1.10356156311479 -1.9810127909693 1 0 1 0 0 0 1 0 0 0 0 2 1 1 0 2 2 1 2 1 2 2 2 2 0 1 2 2 1 2 2 1 1 0 2 1 0 0 1 2 0 2 0 1 0 0 0 1 1 2 0 2 2 1 1 1 2 0 1 0 2 2 0 2 0 0 1 1 1 2 0 0 0 0 1 1 1 0 0 1 0 1 2 2 0 1 0 0 0 1 0 0 1 1 0 1 1 1 1 1 1 0 1 0 0 0 1 0 0 0 0 2 1 1 0 2 2 1 2 1 2 2 2 2 0 1 2 2 1 2 2 1 1 0 2 1 0 0 1 2 0 2 0 1 0 0 0 1 1 2 0 2 2 1 1 1 2 0 1 0 2 2 0 2 0 0 1 1 1 2 0 0 0 0 1 1 1 0 0 1 0 1 2 2 0 1 0 0 0 1 0 0 1 1 0 1 1 1 1 1 1
1.44739632494331 0.24551589620143 0.740342639929458 -0.37374523199695 0.941446792694696 1 0 1 0 0 0 2 2 2 2 2 2 2 2 0 2 2 0 2 0 1 0 2 2 0 0 2 1 0 1 1 1 1 0 2 1 0 0 1 1 0 2 0 2 2 0 0 0 1 2 1 2 2 2 2 1 1 0 2 0 1 2 0 2 0 1 1 2 1 2 0 0 0 1 2 2 2 2 1 2 0 0 1 2 0 1 0 1 1 1 1 1 2 2 0 2 2 0 1 2 1 0 1 0 0 0 2 2 2 2 2 2 2 2 0 2 2 0 2 0 1 0 2 2 0 0 2 1 0 1 1 1 1 0 2 1 0 0 1 1 0 2 0 2 2 0 0 0 1 2 1 2 2 2 2 1 1 0 2 0 1 2 0 2 0 1 1 2 1 2 0 0 0 1 2 2 2 2 1 2 0 0 1 2 0 1 0 1 1 1 1 1 2 2 0 2 2 0 1 2 1
1.39916706409117 0.550283767817554 -1.07456180999559 0.402249170142807 1.04919012208861 1 2 1 1 1 0 1 2 2 1 1 1 1 1 0 2 2 0 0 1 2 1 2 2 0 2 2 2 1 2 2 1 1 0 2 0 0 2 2 2 1 2 0 2 1 0 0 2 2 2 1 2 1 2 1 1 2 0 1 0 1 2 0 0 0 0 2 2 0 2 0 1 1 1 2 1 2 0 2 2 1 2 2 2 0 2 1 2 1 2 0 0 2 1 1 0 1 0 1 2 2 2 1 1 1 0 1 2 2 1 1 1 1 1 0 2 2 0 0 1 2 1 2 2 0 2 2 2 1 2 2 1 1 0 2 0 0 2 2 2 1 2 0 2 1 0 0 2 2 2 1 2 1 2 1 1 2 0 1 0 1 2 0 0 0 0 2 2 0 2 0 1 1 1 2 1 2 0 2 2 1 2 2 2 0 2 1 2 1 2 0 0 2 1 1 0 1 0 1 2 2
2.1934789612931 0.467188379322359 0.919525661458641 -0.331449458693381 0.50578016997172 -1 1 2 2 1 1 1 2 2 0 0 2 1 1 0 1 2 0 2 0 1 0 2 2 0 1 2 1 1 1 2 1 1 0 2 0 0 0 1 2 1 2 0 1 0 0 0 2 1 1 0 2 0 2 2 1 2 0 1 0 0 2 0 1 0 0 1 2 1 2 0 1 0 2 1 2 2 1 2 2 1 2 2 2 0 2 1 2 1 2 1 1 2 1 1 1 2 0 1 2 2 -1 -2 -2 -1 -1 -1 -2 -2 0 0 -2 -1 -1 0 -1 -2 0 -2 0 -1 0 -2 -2 0 -1 -2 -1 -1 -1 -2 -1 -1 0 -2 0 0 0 -1 -2 -1 -2 0 -1 0 0 0 -2 -1 -1 0 -2 0 -2 -2 -1 -2 0 -1 0 0 -2 0 -1 0 0 -1 -2 -1 -2 0 -1 0 -2 -1 -2 -2 -1 -2 -2 -1 -2 -2 -2 0 -2 -1 -2 -1 -2 -1 -1 -2 -1 -1 -1 -2 0 -1 -2 -2
0.626074817843437 -0.540924937392467 -0.398766217569701 0.539919058127067 0.876214898306932 -1 1 1 2 1 0 1 2 2 1 1 0 2 1 0 2 2 0 2 0 0 0 2 2 0 2 2 1 2 2 2 1 0 1 2 0 0 0 1 0 0 2 0 2 2 0 0 1 0 1 0 2 1 1 2 2 2 0 1 0 0 2 0 1 0 0 2 2 0 2 0 1 0 1 2 1 1 0 2 2 0 1 1 2 0 1 0 0 1 1 0 0 0 0 0 0 0 0 1 2 2 -1 -1 -2 -1 0 -1 -2 -2 -1 -1 0 -2 -1 0 -2 -2 0 -2 0 0 0 -2 -2 0 -2 -2 -1 -2 -2 -2 -1 0 -1 -2 0 0 0 -1 0 0 -2 0 -2 -2 0 0 -1 0 -1 0 -2 -1 -1 -2 -2 -2 0 -1 0 0 -2 0 -1 0 0 -2 -2 0 -2 0 -1 0 -1 -2 -1 -1 0 -2 -2 0 -1 -1 -2 0 -1 0 0 -1 -1 0 0 0 0 0 0 0 0 -1 -2 -2
-0.94365970747257 -0.966909753453475 -0.0904210036952554 0.243414874102513 -0.545079175935995 -1 1 1 2 1 0 1 1 2 2 1 0 1 2 0 2 2 0 2 0 0 0 1 1 0 1 2 1 0 0 0 0 0 0 2 0 0 2 1 1 1 2 0 2 2 0 0 2 1 2 0 2 2 2 1 1 2 0 0 0 1 2 0 2 0 0 1 2 0 2 1 1 0 0 2 2 2 1 2 1 0 1 2 2 0 2 0 2 1 0 0 0 1 0 0 0 1 0 1 2 2 -1 -1 -2 -1 0 -1 -1 -2 -2 -1 0 -1 -2 0 -2 -2 0 -2 0 0 0 -1 -1 0 -1 -2 -1 0 0 0 0 0 0 -2 0 0 -2 -1 -1 -1 -2 0 -2 -2 0 0 -2 -1 -2 0 -2 -2 -2 -1 -1 -2 0 0 0 -1 -2 0 -2 0 0 -1 -2 0 -2 -1 -1 0 0 -2 -2 -2 -1 -2 -1 0 -1 -2 -2 0 -2 0 -2 -1 0 0 0 -1 0 0 0 -1 0 -1 -2 -2
0.624081530175082 -0.713292204099558 0.816865830828241 0.168790729858537 -0.0759253111230159 -1 1 2 1 2 0 1 2 1 0 1 0 1 1 0 2 2 0 2 0 2 1 2 2 0 1 2 2 1 2 2 0 0 1 2 0 1 2 2 1 1 2 0 2 2 0 0 2 2 2 2 2 1 1 2 1 2 0 1 0 1 1 0 2 0 0 0 2 1 2 0 1 0 2 1 1 2 0 2 2 1 1 2 2 0 2 0 0 1 2 0 0 2 1 0 1 2 1 2 2 2 -1 -2 -1 -2 0 -1 -2 -1 0 -1 0 -1 -1 0 -2 -2 0 -2 0 -2 -1 -2 -2 0 -1 -2 -2 -1 -2 -2 0 0 -1 -2 0 -1 -2 -2 -1 -1 -2 0 -2 -2 0 0 -2 -2 -2 -2 -2 -1 -1 -2 -1 -2 0 -1 0 -1 -1 0 -2 0 0 0 -2 -1 -2 0 -1 0 -2 -1 -1 -2 0 -2 -2 -1 -1 -2 -2 0 -2 0 0 -1 -2 0 0 -2 -1 0 -1 -2 -1 -2 -2 -2
0.735754417149105 -1.80859200029184 0.752116883433058 -0.316861632339345 0.821734554964011 1 1 1 1 1 0 0 1 1 0 0 2 1 1 0 2 2 1 1 0 1 1 2 2 0 2 2 2 2 2 2 2 0 0 1 0 0 1 0 1 0 2 0 1 0 0 0 2 0 1 0 2 2 2 2 1 1 0 0 0 1 2 0 1 0 0 1 2 0 1 0 0 0 1 2 2 2 2 2 1 0 1 2 2 0 2 0 1 1 1 0 0 1 1 1 1 1 0 1 2 2 1 1 1 1 0 0 1 1 0 0 2 1 1 0 2 2 1 1 0 1 1 2 2 0 2 2 2 2 2 2 2 0 0 1 0 0 1 0 1 0 2 0 1 0 0 0 2 0 1 0 2 2 2 2 1 1 0 0 0 1 2 0 1 0 0 1 2 0 1 0 0 0 1 2 2 2 2 2 1 0 1 2 2 0 2 0 1 1 1 0 0 1 1 1 1 1 0 1 2 2
0.926343415136599 -0.416411163131629 0.815433789228568 -2.74167235788441 -2.13503097700346 1 2 2 2 0 0 1 2 2 1 1 1 2 1 0 0 2 0 1 0 1 1 2 2 0 0 1 0 0 0 1 1 0 0 2 0 0 0 2 2 2 2 0 2 0 0 0 2 2 2 0 2 1 2 2 1 1 0 1 0 1 2 0 2 0 0 1 2 1 2 0 1 1 1 1 1 2 0 2 2 0 1 2 2 0 1 0 2 2 2 1 1 2 1 0 1 1 1 1 2 1 2 2 2 0 0 1 2 2 1 1 1 2 1 0 0 2 0 1 0 1 1 2 2 0 0 1 0 0 0 1 1 0 0 2 0 0 0 2 2 2 2 0 2 0 0 0 2 2 2 0 2 1 2 2 1 1 0 1 0 1 2 0 2 0 0 1 2 1 2 0 1 1 1 1 1 2 0 2 2 0 1 2 2 0 1 0 2 2 2 1 1 2 1 0 1 1 1 1 2 1
0.207460103570099 0.156345433998773 -1.51267561582294 -0.0285215390429298 0.134774546559087 -1 1 1 1 1 0 1 2 2 1 1 2 1 2 0 1 2 0 1 0 1 1 2 2 0 1 2 2 1 0 2 0 1 0 2 0 0 0 2 2 1 2 0 1 0 0 0 1 0 0 0 0 1 2 2 1 2 0 1 0 1 2 1 2 0 1 2 2 1 2 2 1 0 0 1 2 2 1 2 2 1 1 1 2 0 2 1 2 2 1 0 0 1 0 2 2 1 0 1 2 1 -1 -1 -1 -1 0 -1 -2 -2 -1 -1 -2 -1 -2 0 -1 -2 0 -1 0 -1 -1 -2 -2 0 -1 -2 -2 -1 0 -2 0 -1 0 -2 0 0 0 -2 -2 -1 -2 0 -1 0 0 0 -1 0 0 0 0 -1 -2 -2 -1 -2 0 -1 0 -1 -2 -1 -2 0 -1 -2 -2 -1 -2 -2 -1 0 0 -1 -2 -2 -1 -2 -2 -1 -1 -1 -2 0 -2 -1 -2 -2 -1 0 0 -1 0 -2 -2 -1 0 -1 -2 -1
