-0.657209108446924 0.303885381343487 -0.00121921250892791 -0.724556178368525 -0.98304241547065 -1 2 1 2 2 1 0 0 0 2 1 0 1 1 0 2 0 0 1 1 0 0 1 1 2 1 1 1 0 0 0 2 0 0 0 0 0 2 2 0 0 0 0 1 0 2 0 1 2 1 0 0 0 2 0 2 1 2 2 2 2 0 1 0 0 0 2 1 1 1 0 0 0 2 0 1 0 1 0 0 2 1 2 0 2 2 1 1 0 1 0 0 0 0 2 0 0 0 1 0 0 -2 -1 -2 -2 -1 0 0 0 -2 -1 0 -1 -1 0 -2 0 0 -1 -1 0 0 -1 -1 -2 -1 -1 -1 0 0 0 -2 0 0 0 0 0 -2 -2 0 0 0 0 -1 0 -2 0 -1 -2 -1 0 0 0 -2 0 -2 -1 -2 -2 -2 -2 0 -1 0 0 0 -2 -1 -1 -1 0 0 0 -2 0 -1 0 -1 0 0 -2 -1 -2 0 -2 -2 -1 -1 0 -1 0 0 0 0 -2 0 0 0 -1 0 0
-0.711670871017229 0.371057109437995 0.019830596983685 2.21871079680371 -0.894925685650542 1 1 0 1 0 2 1 1 1 1 0 0 2 0 1 2 0 0 1 1 0 0 0 2 2 1 1 1 1 1 1 2 2 1 2 0 0 2 2 1 0 0 1 2 0 2 0 0 2 1 0 0 0 1 1 2 0 1 2 1 0 0 0 0 0 0 2 0 2 1 1 1 2 2 0 0 0 1 0 0 1 1 2 0 0 2 2 2 2 2 0 2 1 0 2 0 1 0 1 1 1 1 0 1 0 2 1 1 1 1 0 0 2 0 1 2 0 0 1 1 0 0 0 2 2 1 1 1 1 1 1 2 2 1 2 0 0 2 2 1 0 0 1 2 0 2 0 0 2 1 0 0 0 1 1 2 0 1 2 1 0 0 0 0 0 0 2 0 2 1 1 1 2 2 0 0 0 1 0 0 1 1 2 0 0 2 2 2 2 2 0 2 1 0 2 0 1 0 1 1 1
0.699017752714358 0.397432817585795 -1.17386043276085 0.118700212601426 0.236990391157043 -1 2 2 2 1 1 1 1 0 2 1 0 2 1 0 2 0 0 2 2 0 0 0 1 2 0 0 1 0 0 0 2 2 0 1 0 1 2 2 0 0 1 2 1 0 1 0 0 1 1 0 0 0 2 2 2 2 2 2 0 0 0 1 0 0 0 1 0 1 1 0 0 0 2 0 0 1 2 1 0 2 1 2 0 1 2 0 1 1 1 0 1 0 0 0 0 0 0 1 0 0 -2 -2 -2 -1 -1 -1 -1 0 -2 -1 0 -2 -1 0 -2 0 0 -2 -2 0 0 0 -1 -2 0 0 -1 0 0 0 -2 -2 0 -1 0 -1 -2 -2 0 0 -1 -2 -1 0 -1 0 0 -1 -1 0 0 0 -2 -2 -2 -2 -2 -2 0 0 0 -1 0 0 0 -1 0 -1 -1 0 0 0 -2 0 0 -1 -2 -1 0 -2 -1 -2 0 -1 -2 0 -1 -1 -1 0 -1 0 0 0 0 0 0 -1 0 0
-0.364259494160468 0.284661119651762 0.519870482782458 -2.08917320115478 0.802057555604721 -1 1 2 2 2 2 1 0 0 1 0 1 1 0 0 2 0 0 1 1 0 0 1 1 1 0 1 1 0 0 1 1 0 0 0 0 0 2 2 0 0 0 1 1 0 1 0 1 2 2 0 1 0 2 2 2 2 2 2 1 2 1 0 0 0 0 1 1 1 1 0 1 1 2 0 0 0 1 0 1 2 1 2 0 1 2 1 2 2 2 0 2 2 1 1 0 1 0 0 0 1 -1 -2 -2 -2 -2 -1 0 0 -1 0 -1 -1 0 0 -2 0 0 -1 -1 0 0 -1 -1 -1 0 -1 -1 0 0 -1 -1 0 0 0 0 0 -2 -2 0 0 0 -1 -1 0 -1 0 -1 -2 -2 0 -1 0 -2 -2 -2 -2 -2 -2 -1 -2 -1 0 0 0 0 -1 -1 -1 -1 0 -1 -1 -2 0 0 0 -1 0 -1 -2 -1 -2 0 -1 -2 -1 -2 -2 -2 0 -2 -2 -1 -1 0 -1 0 0 0 -1
0.987032670656577 -1.69076266045686 0.12083606283077 0.562589290419749 0.214787981470434 1 1 1 0 0 1 2 2 1 1 0 1 1 0 1 2 0 0 2 1 0 0 0 1 2 2 1 1 0 1 1 2 1 0 0 0 0 1 2 0 0 0 1 0 0 2 0 0 2 1 0 0 0 1 1 2 1 1 2 1 1 1 2 1 1 2 2 1 2 2 0 0 0 2 0 1 0 1 0 1 2 0 2 1 0 0 2 2 2 2 0 2 1 0 2 0 2 0 2 1 1 1 1 0 0 1 2 2 1 1 0 1 1 0 1 2 0 0 2 1 0 0 0 1 2 2 1 1 0 1 1 2 1 0 0 0 0 1 2 0 0 0 1 0 0 2 0 0 2 1 0 0 0 1 1 2 1 1 2 1 1 1 2 1 1 2 2 1 2 2 0 0 0 2 0 1 0 1 0 1 2 0 2 1 0 0 2 2 2 2 0 2 1 0 2 0 2 0 2 1 1
-1.88417235547644 -0.675946322163095 -0.0494256543432039 0.339941410439795 1.94054303319503 -1 2 2 2 1 0 1 0 1 2 0 1 2 0 1 2 1 1 2 2 1 1 1 1 2 1 1 2 0 2 2 2 1 0 0 0 0 2 2 1 0 1 1 2 1 2 1 1 2 1 0 2 0 2 2 2 0 2 2 2 2 1 1 1 0 0 1 0 0 1 0 0 1 2 0 1 1 1 0 0 1 0 2 0 1 1 2 1 1 1 0 1 1 0 2 0 1 1 2 2 2 -2 -2 -2 -1 0 -1 0 -1 -2 0 -1 -2 0 -1 -2 -1 -1 -2 -2 -1 -1 -1 -1 -2 -1 -1 -2 0 -2 -2 -2 -1 0 0 0 0 -2 -2 -1 0 -1 -1 -2 -1 -2 -1 -1 -2 -1 0 -2 0 -2 -2 -2 0 -2 -2 -2 -2 -1 -1 -1 0 0 -1 0 0 -1 0 0 -1 -2 0 -1 -1 -1 0 0 -1 0 -2 0 -1 -1 -2 -1 -1 -1 0 -1 -1 0 -2 0 -1 -1 -2 -2 -2
0.299777562107446 -0.408086696132564 -1.55229132929112 0.416568094928034 0.986049485969317 1 2 2 2 2 2 1 0 0 2 1 2 2 0 0 2 2 1 2 1 0 1 0 1 2 0 0 1 0 0 0 1 1 0 0 0 1 2 2 0 0 0 2 2 0 2 0 0 2 0 0 0 0 1 0 2 1 2 2 1 2 0 1 0 0 0 0 0 2 1 0 0 0 2 0 1 0 1 1 1 2 0 2 1 2 2 2 1 2 2 0 2 0 0 1 0 1 0 0 1 1 2 2 2 2 2 1 0 0 2 1 2 2 0 0 2 2 1 2 1 0 1 0 1 2 0 0 1 0 0 0 1 1 0 0 0 1 2 2 0 0 0 2 2 0 2 0 0 2 0 0 0 0 1 0 2 1 2 2 1 2 0 1 0 0 0 0 0 2 1 0 0 0 2 0 1 0 1 1 1 2 0 2 1 2 2 2 1 2 2 0 2 0 0 1 0 1 0 0 1 1
-0.667186769217872 -0.0115345700520632 0.199935198079877 -1.0911380469846 1.89788759953301 -1 2 2 2 1 0 1 1 0 1 0 2 2 0 0 2 2 0 2 2 0 1 1 1 1 0 0 0 0 1 1 1 1 0 0 0 0 1 2 1 0 0 1 2 0 2 0 0 2 1 0 0 0 2 1 2 1 2 2 0 0 0 1 0 0 0 1 0 1 0 0 0 0 2 0 1 0 1 0 2 2 1 1 0 0 1 2 2 2 2 0 1 0 0 1 0 0 0 2 0 0 -2 -2 -2 -1 0 -1 -1 0 -1 0 -2 -2 0 0 -2 -2 0 -2 -2 0 -1 -1 -1 -1 0 0 0 0 -1 -1 -1 -1 0 0 0 0 -1 -2 -1 0 0 -1 -2 0 -2 0 0 -2 -1 0 0 0 -2 -1 -2 -1 -2 -2 0 0 0 -1 0 0 0 -1 0 -1 0 0 0 0 -2 0 -1 0 -1 0 -2 -2 -1 -1 0 0 -1 -2 -2 -2 -2 0 -1 0 0 -1 0 0 0 -2 0 0
1.60983338525186 -0.849774189008963 2.13542875338111 -0.323683498633423 0.223579808809564 -1 2 1 2 1 2 2 1 0 1 1 1 1 0 0 2 0 1 2 1 0 0 0 1 2 1 2 2 0 0 0 2 1 0 1 1 0 1 2 1 0 0 1 2 0 2 0 0 2 1 0 0 0 2 1 2 1 2 1 0 0 1 1 0 0 0 1 0 1 2 1 1 0 2 0 1 1 2 1 2 2 1 2 2 0 2 2 1 2 2 0 2 2 0 2 0 2 1 1 1 1 -2 -1 -2 -1 -2 -2 -1 0 -1 -1 -1 -1 0 0 -2 0 -1 -2 -1 0 0 0 -1 -2 -1 -2 -2 0 0 0 -2 -1 0 -1 -1 0 -1 -2 -1 0 0 -1 -2 0 -2 0 0 -2 -1 0 0 0 -2 -1 -2 -1 -2 -1 0 0 -1 -1 0 0 0 -1 0 -1 -2 -1 -1 0 -2 0 -1 -1 -2 -1 -2 -2 -1 -2 -2 0 -2 -2 -1 -2 -2 0 -2 -2 0 -2 0 -2 -1 -1 -1 -1
0.905104508213414 -2.47688519878316 0.934125237911014 -1.23409185063567 -1.05228665197956 1 1 2 0 1 1 0 0 0 2 1 1 2 1 0 2 0 0 1 2 0 0 1 2 2 2 2 2 0 2 2 2 1 0 0 0 0 1 2 0 0 1 0 2 0 2 0 0 2 2 0 0 0 2 2 2 2 2 2 1 1 0 0 0 0 0 1 0 0 0 0 0 1 2 0 0 0 0 0 0 2 1 2 0 0 1 1 1 0 0 0 1 0 0 1 2 2 0 1 2 1 1 2 0 1 1 0 0 0 2 1 1 2 1 0 2 0 0 1 2 0 0 1 2 2 2 2 2 0 2 2 2 1 0 0 0 0 1 2 0 0 1 0 2 0 2 0 0 2 2 0 0 0 2 2 2 2 2 2 1 1 0 0 0 0 0 1 0 0 0 0 0 1 2 0 0 0 0 0 0 2 1 2 0 0 1 1 1 0 0 0 1 0 0 1 2 2 0 1 2 1
-0.668869920061972 0.239105951374339 -0.242772388616154 -0.846517817044021 -0.500306438757611 -1 1 1 2 2 2 2 2 1 1 1 2 2 0 0 2 1 0 2 1 0 0 0 1 2 0 0 1 0 1 1 1 1 0 0 0 0 1 2 0 0 0 1 2 1 2 0 1 2 1 0 1 0 2 1 2 1 2 2 0 1 0 1 0 0 0 2 0 0 0 0 0 0 2 0 1 0 1 1 1 2 1 2 0 0 0 2 2 1 1 0 1 0 0 0 0 1 0 1 0 1 -1 -1 -2 -2 -2 -2 -2 -1 -1 -1 -2 -2 0 0 -2 -1 0 -2 -1 0 0 0 -1 -2 0 0 -1 0 -1 -1 -1 -1 0 0 0 0 -1 -2 0 0 0 -1 -2 -1 -2 0 -1 -2 -1 0 -1 0 -2 -1 -2 -1 -2 -2 0 -1 0 -1 0 0 0 -2 0 0 0 0 0 0 -2 0 -1 0 -1 -1 -1 -2 -1 -2 0 0 0 -2 -2 -1 -1 0 -1 0 0 0 0 -1 0 -1 0 -1
0.13021374784104 0.190312890227185 -2.54115162904211 -0.047591969927267 0.109385696222081 -1 1 1 1 0 0 0 0 0 2 0 0 1 0 1 2 1 1 2 2 1 0 1 2 2 1 1 1 0 1 0 1 1 0 0 0 0 2 2 0 0 0 2 1 0 1 0 1 2 1 0 0 0 2 1 2 1 2 2 0 1 1 1 0 0 0 1 0 0 1 0 0 0 2 0 0 0 1 0 1 2 0 1 0 0 1 2 1 1 2 0 2 1 1 1 0 2 1 1 0 0 -1 -1 -1 0 0 0 0 0 -2 0 0 -1 0 -1 -2 -1 -1 -2 -2 -1 0 -1 -2 -2 -1 -1 -1 0 -1 0 -1 -1 0 0 0 0 -2 -2 0 0 0 -2 -1 0 -1 0 -1 -2 -1 0 0 0 -2 -1 -2 -1 -2 -2 0 -1 -1 -1 0 0 0 -1 0 0 -1 0 0 0 -2 0 0 0 -1 0 -1 -2 0 -1 0 0 -1 -2 -1 -1 -2 0 -2 -1 -1 -1 0 -2 -1 -1 0 0
-0.365174895507034 0.269677825301863 0.653884901616799 -0.301769821503212 1.19641333591707 1 2 1 2 1 2 1 1 0 0 0 1 2 0 1 2 0 0 2 1 0 0 1 2 2 2 2 2 0 1 1 2 1 0 0 0 0 2 2 0 0 0 0 2 0 2 0 1 2 1 0 0 0 2 1 2 1 2 2 1 0 1 0 0 0 0 2 0 0 0 0 0 0 2 0 0 0 2 0 0 1 0 2 0 1 1 2 1 2 1 0 1 0 0 0 0 0 0 0 0 0 2 1 2 1 2 1 1 0 0 0 1 2 0 1 2 0 0 2 1 0 0 1 2 2 2 2 2 0 1 1 2 1 0 0 0 0 2 2 0 0 0 0 2 0 2 0 1 2 1 0 0 0 2 1 2 1 2 2 1 0 1 0 0 0 0 2 0 0 0 0 0 0 2 0 0 0 2 0 0 1 0 2 0 1 1 2 1 2 1 0 1 0 0 0 0 0 0 0 0 0
-0.769847444638193 -0.526724631861799 0.931912856567708 -0.614344070563607 1.36924181787887 1 2 1 2 2 1 2 0 1 0 1 0 1 0 1 2 1 0 2 1 0 0 0 2 2 1 1 1 0 1 1 2 1 0 1 1 0 2 2 0 0 0 1 2 1 2 1 1 2 1 0 0 0 2 2 2 2 2 2 0 1 0 0 0 0 1 2 0 1 1 0 0 0 2 0 0 0 1 1 1 2 0 2 1 1 1 1 2 2 2 0 1 0 0 1 0 2 1 2 0 1 2 1 2 2 1 2 0 1 0 1 0 1 0 1 2 1 0 2 1 0 0 0 2 2 1 1 1 0 1 1 2 1 0 1 1 0 2 2 0 0 0 1 2 1 2 1 1 2 1 0 0 0 2 2 2 2 2 2 0 1 0 0 0 0 1 2 0 1 1 0 0 0 2 0 0 0 1 1 1 2 0 2 1 1 1 1 2 2 2 0 1 0 0 1 0 2 1 2 0 1
-2.26832631011179 0.458465341045483 0.00268006412796111 0.764601384948496 0.563848920563904 -1 2 1 1 1 1 2 1 0 2 1 1 0 1 0 2 0 0 1 2 0 0 0 1 2 1 0 1 0 1 1 1 1 0 0 0 0 0 2 1 1 0 0 2 0 1 0 1 2 2 0 1 0 1 1 2 1 2 2 1 1 0 1 1 1 0 2 0 1 0 0 0 0 2 0 0 0 1 0 0 1 0 2 0 0 1 2 2 2 2 0 2 1 0 1 1 2 0 1 1 1 -2 -1 -1 -1 -1 -2 -1 0 -2 -1 -1 0 -1 0 -2 0 0 -1 -2 0 0 0 -1 -2 -1 0 -1 0 -1 -1 -1 -1 0 0 0 0 0 -2 -1 -1 0 0 -2 0 -1 0 -1 -2 -2 0 -1 0 -1 -1 -2 -1 -2 -2 -1 -1 0 -1 -1 -1 0 -2 0 -1 0 0 0 0 -2 0 0 0 -1 0 0 -1 0 -2 0 0 -1 -2 -2 -2 -2 0 -2 -1 0 -1 -1 -2 0 -1 -1 -1
0.159461815608831 -0.289099696739255 -0.106731723780952 -0.425097697336664 -0.326491811372039 -1 1 1 0 1 2 1 1 2 2 0 0 1 0 1 1 1 0 1 0 0 0 2 2 2 2 1 1 1 2 1 2 1 0 0 0 0 2 2 0 0 0 1 1 0 2 0 1 1 0 0 0 0 2 0 2 1 2 1 1 1 0 2 0 0 0 2 0 0 0 1 0 0 2 1 2 0 0 0 1 2 1 2 0 1 1 1 1 1 2 0 1 1 0 1 0 1 0 1 1 1 -1 -1 0 -1 -2 -1 -1 -2 -2 0 0 -1 0 -1 -1 -1 0 -1 0 0 0 -2 -2 -2 -2 -1 -1 -1 -2 -1 -2 -1 0 0 0 0 -2 -2 0 0 0 -1 -1 0 -2 0 -1 -1 0 0 0 0 -2 0 -2 -1 -2 -1 -1 -1 0 -2 0 0 0 -2 0 0 0 -1 0 0 -2 -1 -2 0 0 0 -1 -2 -1 -2 0 -1 -1 -1 -1 -1 -2 0 -1 -1 0 -1 0 -1 0 -1 -1 -1
0.960101373139313 1.07694772469252 0.786442869354432 0.770368826052152 0.012457744733975 1 2 2 1 0 0 2 1 0 1 0 1 2 0 0 2 1 0 2 1 0 0 0 1 2 1 1 1 1 2 1 2 2 0 0 0 0 2 2 0 0 0 0 1 1 2 0 0 2 1 0 1 0 2 1 2 2 2 2 0 1 0 2 1 0 0 2 0 1 1 0 0 0 2 0 1 1 1 0 0 2 2 2 1 0 1 2 2 2 2 0 1 0 0 2 0 0 0 0 0 0 2 2 1 0 0 2 1 0 1 0 1 2 0 0 2 1 0 2 1 0 0 0 1 2 1 1 1 1 2 1 2 2 0 0 0 0 2 2 0 0 0 0 1 1 2 0 0 2 1 0 1 0 2 1 2 2 2 2 0 1 0 2 1 0 0 2 0 1 1 0 0 0 2 0 1 1 1 0 0 2 2 2 1 0 1 2 2 2 2 0 1 0 0 2 0 0 0 0 0 0
-0.194023089617673 0.0550644233617677 0.890198096959094 -2.25727898153074 1.54937651570826 1 1 0 1 1 1 1 1 2 2 1 1 1 0 1 2 0 0 1 2 0 0 0 1 2 1 1 2 0 0 0 2 2 0 0 0 0 2 2 0 0 0 1 2 0 2 0 0 2 0 0 1 0 2 0 2 0 2 2 1 2 1 1 0 0 0 1 0 1 1 0 1 2 2 0 0 0 0 0 0 1 0 2 0 0 1 2 1 2 2 0 2 1 0 2 0 1 1 2 1 2 1 0 1 1 1 1 1 2 2 1 1 1 0 1 2 0 0 1 2 0 0 0 1 2 1 1 2 0 0 0 2 2 0 0 0 0 2 2 0 0 0 1 2 0 2 0 0 2 0 0 1 0 2 0 2 0 2 2 1 2 1 1 0 0 0 1 0 1 1 0 1 2 2 0 0 0 0 0 0 1 0 2 0 0 1 2 1 2 2 0 2 1 0 2 0 1 1 2 1 2
-1.20620843111535 0.477610083674674 -0.63399356684483 0.140951728062616 0.0769598937079959 -1 1 1 1 0 1 1 0 1 2 1 1 2 0 1 2 0 0 2 1 0 0 1 2 2 0 0 2 0 1 0 1 2 0 0 0 1 2 2 1 0 0 1 0 0 0 0 0 0 0 0 0 0 2 0 2 2 2 1 0 1 0 0 0 0 0 2 0 1 0 1 0 0 2 1 1 0 2 1 1 2 1 2 0 1 2 2 2 2 2 0 2 1 0 2 1 2 1 2 0 1 -1 -1 -1 0 -1 -1 0 -1 -2 -1 -1 -2 0 -1 -2 0 0 -2 -1 0 0 -1 -2 -2 0 0 -2 0 -1 0 -1 -2 0 0 0 -1 -2 -2 -1 0 0 -1 0 0 0 0 0 0 0 0 0 0 -2 0 -2 -2 -2 -1 0 -1 0 0 0 0 0 -2 0 -1 0 -1 0 0 -2 -1 -1 0 -2 -1 -1 -2 -1 -2 0 -1 -2 -2 -2 -2 -2 0 -2 -1 0 -2 -1 -2 -1 -2 0 -1
0.420932222894442 -1.18832379592816 -0.373086337213311 -0.791171427983963 -0.912171489296019 -1 1 2 1 1 2 1 2 1 2 0 1 2 0 0 2 0 0 2 1 0 0 0 1 2 0 1 2 1 1 2 2 0 0 0 0 0 1 2 2 0 0 1 0 0 2 1 1 2 1 0 1 0 1 0 2 2 2 2 1 1 1 0 1 1 1 2 0 1 2 0 0 0 1 0 1 0 1 0 1 1 0 2 0 0 0 0 0 1 1 0 1 0 0 2 0 0 0 1 0 1 -1 -2 -1 -1 -2 -1 -2 -1 -2 0 -1 -2 0 0 -2 0 0 -2 -1 0 0 0 -1 -2 0 -1 -2 -1 -1 -2 -2 0 0 0 0 0 -1 -2 -2 0 0 -1 0 0 -2 -1 -1 -2 -1 0 -1 0 -1 0 -2 -2 -2 -2 -1 -1 -1 0 -1 -1 -1 -2 0 -1 -2 0 0 0 -1 0 -1 0 -1 0 -1 -1 0 -2 0 0 0 0 0 -1 -1 0 -1 0 0 -2 0 0 0 -1 0 -1
-0.671992979422739 -0.785492381873638 1.75681446123275 -0.486207445596668 -0.569173490286677 1 2 2 1 2 2 1 0 0 2 1 2 2 0 0 2 0 0 1 0 0 0 0 0 1 0 2 0 0 1 0 1 1 0 0 0 0 2 2 1 1 0 1 0 0 2 0 0 2 1 0 1 0 2 1 2 1 2 2 1 1 0 0 0 0 0 2 0 2 2 0 0 0 2 0 0 0 0 0 1 2 0 1 0 0 1 1 2 2 2 0 2 1 2 2 1 1 0 0 0 0 2 2 1 2 2 1 0 0 2 1 2 2 0 0 2 0 0 1 0 0 0 0 0 1 0 2 0 0 1 0 1 1 0 0 0 0 2 2 1 1 0 1 0 0 2 0 0 2 1 0 1 0 2 1 2 1 2 2 1 1 0 0 0 0 0 2 0 2 2 0 0 0 2 0 0 0 0 0 1 2 0 1 0 0 1 1 2 2 2 0 2 1 2 2 1 1 0 0 0 0
-0.663615859852537 0.711796071621973 0.211166324573597 -0.404965018327499 0.727333297567339 1 1 1 1 2 1 1 0 0 1 0 1 2 0 0 2 1 0 1 2 1 0 0 0 0 1 1 1 0 1 0 1 2 0 0 1 0 2 2 0 1 0 1 2 0 2 1 1 2 2 0 1 0 1 2 2 1 2 2 2 1 1 0 0 0 0 2 0 1 2 0 0 1 2 0 0 0 1 0 1 2 0 2 1 1 1 2 1 2 2 0 1 0 0 2 1 2 0 1 1 2 1 1 1 2 1 1 0 0 1 0 1 2 0 0 2 1 0 1 2 1 0 0 0 0 1 1 1 0 1 0 1 2 0 0 1 0 2 2 0 1 0 1 2 0 2 1 1 2 2 0 1 0 1 2 2 1 2 2 2 1 1 0 0 0 0 2 0 1 2 0 0 1 2 0 0 0 1 0 1 2 0 2 1 1 1 2 1 2 2 0 1 0 0 2 1 2 0 1 1 2
-2.8860181032308 -1.21450555496077 -0.880550321617521 -0.421187004705965 -0.152719394772712 -1 1 1 1 0 0 0 0 0 2 0 0 2 0 0 2 2 1 2 2 1 0 1 2 2 1 1 2 0 0 0 2 1 0 0 0 0 0 2 0 0 0 1 1 0 2 0 0 1 2 0 0 0 1 0 2 1 1 2 1 1 1 1 0 0 0 2 0 2 1 0 0 0 2 0 1 0 0 1 0 1 1 2 1 1 2 2 1 1 1 0 1 0 0 1 0 0 0 1 0 1 -1 -1 -1 0 0 0 0 0 -2 0 0 -2 0 0 -2 -2 -1 -2 -2 -1 0 -1 -2 -2 -1 -1 -2 0 0 0 -2 -1 0 0 0 0 0 -2 0 0 0 -1 -1 0 -2 0 0 -1 -2 0 0 0 -1 0 -2 -1 -1 -2 -1 -1 -1 -1 0 0 0 -2 0 -2 -1 0 0 0 -2 0 -1 0 0 -1 0 -1 -1 -2 -1 -1 -2 -2 -1 -1 -1 0 -1 0 0 -1 0 0 0 -1 0 -1
1.81467527014526 -0.733148554654285 1.29060637190667 -1.20209321544296 -2.34360058047669 1 2 2 2 2 2 0 1 0 1 0 0 1 0 0 1 0 0 1 1 0 0 1 1 2 1 1 2 0 0 2 1 0 0 0 0 0 1 2 0 0 0 0 2 0 1 0 1 2 1 0 1 0 2 1 2 1 2 1 0 0 0 1 0 0 0 1 0 0 0 0 0 0 2 0 1 1 1 0 1 2 1 2 1 2 2 2 2 2 2 0 1 0 0 2 1 2 0 0 0 1 2 2 2 2 2 0 1 0 1 0 0 1 0 0 1 0 0 1 1 0 0 1 1 2 1 1 2 0 0 2 1 0 0 0 0 0 1 2 0 0 0 0 2 0 1 0 1 2 1 0 1 0 2 1 2 1 2 1 0 0 0 1 0 0 0 1 0 0 0 0 0 0 2 0 1 1 1 0 1 2 1 2 1 2 2 2 2 2 2 0 1 0 0 2 1 2 0 0 0 1
-0.352742471141029 -1.34882700835786 0.468534275987332 -2.50750373330565 -1.067836012005 -1 2 1 2 1 0 2 0 1 1 0 1 2 1 0 2 1 0 1 1 0 0 1 1 2 1 0 1 0 0 0 2 1 0 1 0 0 2 2 1 1 0 1 1 1 2 0 0 2 1 0 1 0 1 1 2 0 2 2 1 2 1 1 0 0 0 2 1 1 2 1 0 1 2 0 0 0 1 1 1 2 1 2 0 1 0 1 2 2 1 0 0 0 0 1 0 2 0 2 1 1 -2 -1 -2 -1 0 -2 0 -1 -1 0 -1 -2 -1 0 -2 -1 0 -1 -1 0 0 -1 -1 -2 -1 0 -1 0 0 0 -2 -1 0 -1 0 0 -2 -2 -1 -1 0 -1 -1 -1 -2 0 0 -2 -1 0 -1 0 -1 -1 -2 0 -2 -2 -1 -2 -1 -1 0 0 0 -2 -1 -1 -2 -1 0 -1 -2 0 0 0 -1 -1 -1 -2 -1 -2 0 -1 0 -1 -2 -2 -1 0 0 0 0 -1 0 -2 0 -2 -1 -1
-0.551225743952811 -0.564906374901786 -0.619262781993679 -1.39247877744897 1.39013783015418 -1 2 2 2 0 1 2 1 1 2 1 1 2 0 0 2 1 1 2 2 1 0 1 1 2 0 2 2 1 1 1 2 0 0 0 0 0 0 2 0 0 0 0 2 0 1 0 0 2 0 0 1 0 2 2 2 2 1 2 0 0 0 0 1 1 1 2 1 2 2 0 1 1 2 0 1 1 1 0 0 2 0 2 0 0 1 1 1 2 2 0 2 2 1 2 1 1 0 2 1 1 -2 -2 -2 0 -1 -2 -1 -1 -2 -1 -1 -2 0 0 -2 -1 -1 -2 -2 -1 0 -1 -1 -2 0 -2 -2 -1 -1 -1 -2 0 0 0 0 0 0 -2 0 0 0 0 -2 0 -1 0 0 -2 0 0 -1 0 -2 -2 -2 -2 -1 -2 0 0 0 0 -1 -1 -1 -2 -1 -2 -2 0 -1 -1 -2 0 -1 -1 -1 0 0 -2 0 -2 0 0 -1 -1 -1 -2 -2 0 -2 -2 -1 -2 -1 -1 0 -2 -1 -1
0.570790111778156 0.59703306212189 0.770410084210069 -0.930018665183754 0.567518695719655 -1 1 1 1 0 0 0 0 1 1 0 0 1 0 0 2 1 1 2 2 1 1 2 2 2 2 1 0 0 1 0 2 2 0 0 1 0 1 2 1 0 0 1 2 0 2 0 0 2 1 0 1 0 2 2 2 0 2 2 0 0 0 1 0 0 0 2 0 1 1 0 0 0 2 0 0 0 0 0 0 2 1 2 2 1 2 2 2 1 2 0 2 1 0 2 1 1 1 2 2 1 -1 -1 -1 0 0 0 0 -1 -1 0 0 -1 0 0 -2 -1 -1 -2 -2 -1 -1 -2 -2 -2 -2 -1 0 0 -1 0 -2 -2 0 0 -1 0 -1 -2 -1 0 0 -1 -2 0 -2 0 0 -2 -1 0 -1 0 -2 -2 -2 0 -2 -2 0 0 0 -1 0 0 0 -2 0 -1 -1 0 0 0 -2 0 0 0 0 0 0 -2 -1 -2 -2 -1 -2 -2 -2 -1 -2 0 -2 -1 0 -2 -1 -1 -1 -2 -2 -1
2.23703470592835 0.0728245762090002 -0.427422007631696 -0.816392549853878 -0.0613292718239006 1 2 2 2 0 1 2 1 1 2 1 1 2 0 0 2 0 0 2 2 0 0 0 1 2 1 1 2 0 0 0 1 2 1 1 0 0 1 2 0 0 0 0 1 0 2 1 1 2 1 0 1 0 2 1 2 1 2 2 1 0 0 1 0 0 0 1 0 0 1 0 0 0 2 0 0 0 0 0 0 1 0 2 1 1 2 2 2 1 1 0 1 1 1 1 0 1 0 1 0 1 2 2 2 0 1 2 1 1 2 1 1 2 0 0 2 0 0 2 2 0 0 0 1 2 1 1 2 0 0 0 1 2 1 1 0 0 1 2 0 0 0 0 1 0 2 1 1 2 1 0 1 0 2 1 2 1 2 2 1 0 0 1 0 0 0 1 0 0 1 0 0 0 2 0 0 0 0 0 0 1 0 2 1 1 2 2 2 1 1 0 1 1 1 1 0 1 0 1 0 1
0.253578458491772 -0.198415693516384 0.589087455274925 0.269456339981685 1.52015695219555 -1 2 1 1 1 1 2 0 0 0 0 1 2 0 0 2 1 0 2 1 0 0 1 2 2 0 1 2 1 2 2 2 1 0 0 0 0 1 2 2 0 0 1 2 0 2 0 0 2 1 0 0 0 2 1 2 2 2 2 2 1 0 1 0 0 0 2 0 1 2 1 0 1 2 0 1 1 2 0 0 1 0 2 1 1 2 1 1 2 2 0 1 1 1 1 0 1 0 1 0 1 -2 -1 -1 -1 -1 -2 0 0 0 0 -1 -2 0 0 -2 -1 0 -2 -1 0 0 -1 -2 -2 0 -1 -2 -1 -2 -2 -2 -1 0 0 0 0 -1 -2 -2 0 0 -1 -2 0 -2 0 0 -2 -1 0 0 0 -2 -1 -2 -2 -2 -2 -2 -1 0 -1 0 0 0 -2 0 -1 -2 -1 0 -1 -2 0 -1 -1 -2 0 0 -1 0 -2 -1 -1 -2 -1 -1 -2 -2 0 -1 -1 -1 -1 0 -1 0 -1 0 -1
-1.62864044511676 -0.989443064157116 0.170009453865943 -1.06978682860082 0.228198617814787 -1 1 0 0 0 1 1 0 0 1 1 0 1 0 0 2 1 0 2 2 0 0 1 2 2 2 2 2 0 2 2 2 2 0 0 0 0 1 2 0 0 0 1 1 0 1 0 0 2 1 0 0 0 2 1 1 1 2 2 1 0 1 1 0 0 0 2 0 1 2 1 1 1 2 0 0 0 0 0 0 1 1 2 1 1 1 1 1 2 2 0 2 1 1 2 1 1 1 1 1 2 -1 0 0 0 -1 -1 0 0 -1 -1 0 -1 0 0 -2 -1 0 -2 -2 0 0 -1 -2 -2 -2 -2 -2 0 -2 -2 -2 -2 0 0 0 0 -1 -2 0 0 0 -1 -1 0 -1 0 0 -2 -1 0 0 0 -2 -1 -1 -1 -2 -2 -1 0 -1 -1 0 0 0 -2 0 -1 -2 -1 -1 -1 -2 0 0 0 0 0 0 -1 -1 -2 -1 -1 -1 -1 -1 -2 -2 0 -2 -1 -1 -2 -1 -1 -1 -1 -1 -2
-1.18353007995414 0.382250823422106 0.0623571071149117 -0.00930223293072556 -0.0578130332996596 -1 1 1 1 0 1 1 0 0 0 0 2 2 0 0 2 2 0 2 1 1 1 1 2 2 1 1 1 0 0 0 2 0 0 0 0 0 2 2 0 0 0 1 1 0 2 0 0 1 1 0 1 0 2 2 2 2 2 1 0 0 1 1 1 1 1 2 1 1 0 0 0 0 2 0 0 1 1 0 0 1 0 2 0 0 0 2 2 1 2 0 2 1 0 2 0 1 0 2 2 2 -1 -1 -1 0 -1 -1 0 0 0 0 -2 -2 0 0 -2 -2 0 -2 -1 -1 -1 -1 -2 -2 -1 -1 -1 0 0 0 -2 0 0 0 0 0 -2 -2 0 0 0 -1 -1 0 -2 0 0 -1 -1 0 -1 0 -2 -2 -2 -2 -2 -1 0 0 -1 -1 -1 -1 -1 -2 -1 -1 0 0 0 0 -2 0 0 -1 -1 0 0 -1 0 -2 0 0 0 -2 -2 -1 -2 0 -2 -1 0 -2 0 -1 0 -2 -2 -2
1.69934348074824 0.843395012952627 0.348467419088509 -1.40207594589221 0.80273660523671 -1 1 2 1 1 1 2 2 1 1 0 2 2 0 0 2 1 0 2 2 1 0 1 1 2 0 0 2 0 0 0 1 2 0 1 0 0 2 2 1 0 0 1 2 0 1 0 1 2 2 0 1 0 2 2 2 2 1 2 1 0 0 2 0 0 0 2 0 1 2 0 0 1 2 0 1 1 1 2 1 2 2 2 1 1 2 2 1 2 2 0 2 1 0 2 1 1 0 0 0 1 -1 -2 -1 -1 -1 -2 -2 -1 -1 0 -2 -2 0 0 -2 -1 0 -2 -2 -1 0 -1 -1 -2 0 0 -2 0 0 0 -1 -2 0 -1 0 0 -2 -2 -1 0 0 -1 -2 0 -1 0 -1 -2 -2 0 -1 0 -2 -2 -2 -2 -1 -2 -1 0 0 -2 0 0 0 -2 0 -1 -2 0 0 -1 -2 0 -1 -1 -1 -2 -1 -2 -2 -2 -1 -1 -2 -2 -1 -2 -2 0 -2 -1 0 -2 -1 -1 0 0 0 -1
0.254598021770149 0.158036437960429 0.0388561464796628 0.0871031413916887 0.181741724926299 1 2 1 2 0 1 1 0 0 1 1 2 2 0 0 2 1 0 2 2 1 1 1 1 2 0 0 2 1 0 1 2 1 0 0 1 0 2 2 0 0 0 0 1 0 2 0 0 2 1 0 0 0 2 1 1 1 2 1 0 1 0 1 0 0 0 1 0 1 1 0 1 1 2 0 1 0 0 1 1 2 1 2 0 1 1 2 2 2 2 0 2 1 2 2 1 1 0 2 2 2 2 1 2 0 1 1 0 0 1 1 2 2 0 0 2 1 0 2 2 1 1 1 1 2 0 0 2 1 0 1 2 1 0 0 1 0 2 2 0 0 0 0 1 0 2 0 0 2 1 0 0 0 2 1 1 1 2 1 0 1 0 1 0 0 0 1 0 1 1 0 1 1 2 0 1 0 0 1 1 2 1 2 0 1 1 2 2 2 2 0 2 1 2 2 1 1 0 2 2 2
-1.3130141603079 -0.732127029716304 0.629743116756396 -0.24589608379389 -0.417721806865136 -1 1 1 2 1 0 1 1 1 2 1 1 2 0 0 1 0 0 2 2 0 0 1 1 1 1 2 2 1 1 0 1 0 0 0 0 0 2 2 1 0 0 1 1 0 2 1 0 2 0 0 0 0 2 0 2 2 2 2 1 1 1 2 0 1 1 2 0 2 2 1 0 0 2 0 1 0 0 0 0 2 1 2 0 0 1 0 0 0 0 0 2 0 0 2 0 1 0 1 0 1 -1 -1 -2 -1 0 -1 -1 -1 -2 -1 -1 -2 0 0 -1 0 0 -2 -2 0 0 -1 -1 -1 -1 -2 -2 -1 -1 0 -1 0 0 0 0 0 -2 -2 -1 0 0 -1 -1 0 -2 -1 0 -2 0 0 0 0 -2 0 -2 -2 -2 -2 -1 -1 -1 -2 0 -1 -1 -2 0 -2 -2 -1 0 0 -2 0 -1 0 0 0 0 -2 -1 -2 0 0 -1 0 0 0 0 0 -2 0 0 -2 0 -1 0 -1 0 -1
-0.726403892968818 -0.739607049508694 0.15707258879873 0.108225892713868 -0.0857497000730845 -1 2 2 2 0 1 1 1 1 1 0 1 2 0 0 2 1 0 2 2 1 0 1 2 2 0 1 1 0 1 1 2 0 0 0 0 1 2 2 2 0 1 2 1 0 2 0 0 2 0 0 1 1 2 1 2 2 1 2 1 1 0 0 0 0 1 2 1 1 1 1 0 0 2 0 0 0 1 1 0 2 1 2 1 0 2 1 1 2 2 0 2 1 0 0 0 2 1 2 0 0 -2 -2 -2 0 -1 -1 -1 -1 -1 0 -1 -2 0 0 -2 -1 0 -2 -2 -1 0 -1 -2 -2 0 -1 -1 0 -1 -1 -2 0 0 0 0 -1 -2 -2 -2 0 -1 -2 -1 0 -2 0 0 -2 0 0 -1 -1 -2 -1 -2 -2 -1 -2 -1 -1 0 0 0 0 -1 -2 -1 -1 -1 -1 0 0 -2 0 0 0 -1 -1 0 -2 -1 -2 -1 0 -2 -1 -1 -2 -2 0 -2 -1 0 0 0 -2 -1 -2 0 0
1.04802505720311 0.0258966688318079 0.231476579763134 -0.571754322215574 -0.0921481707954418 -1 1 1 1 0 1 2 1 0 1 0 1 2 0 1 2 1 1 2 2 0 0 0 0 2 0 1 2 0 0 0 1 2 0 0 0 0 1 2 1 0 0 1 2 1 2 0 1 2 1 0 1 0 2 2 2 1 2 2 2 1 0 1 0 0 0 2 0 0 0 1 0 0 2 0 1 1 2 1 1 2 2 2 0 1 2 1 2 1 1 0 2 1 0 1 1 1 1 2 1 2 -1 -1 -1 0 -1 -2 -1 0 -1 0 -1 -2 0 -1 -2 -1 -1 -2 -2 0 0 0 0 -2 0 -1 -2 0 0 0 -1 -2 0 0 0 0 -1 -2 -1 0 0 -1 -2 -1 -2 0 -1 -2 -1 0 -1 0 -2 -2 -2 -1 -2 -2 -2 -1 0 -1 0 0 0 -2 0 0 0 -1 0 0 -2 0 -1 -1 -2 -1 -1 -2 -2 -2 0 -1 -2 -1 -2 -1 -1 0 -2 -1 0 -1 -1 -1 -1 -2 -1 -2
-0.0370451836827556 0.0596035009969859 -1.04262115807271 -0.190399901213672 -2.46248462554165 -1 2 1 2 1 2 2 1 1 2 0 2 1 0 0 2 0 0 2 2 1 1 1 2 2 0 2 1 0 0 0 1 1 0 0 0 0 2 2 0 1 0 1 2 0 1 0 0 1 0 0 0 0 2 2 2 1 2 1 0 0 0 0 0 0 0 1 0 1 1 0 0 1 2 0 0 0 1 0 0 1 0 2 0 0 2 1 1 2 2 0 1 0 0 1 0 0 0 0 0 0 -2 -1 -2 -1 -2 -2 -1 -1 -2 0 -2 -1 0 0 -2 0 0 -2 -2 -1 -1 -1 -2 -2 0 -2 -1 0 0 0 -1 -1 0 0 0 0 -2 -2 0 -1 0 -1 -2 0 -1 0 0 -1 0 0 0 0 -2 -2 -2 -1 -2 -1 0 0 0 0 0 0 0 -1 0 -1 -1 0 0 -1 -2 0 0 0 -1 0 0 -1 0 -2 0 0 -2 -1 -1 -2 -2 0 -1 0 0 -1 0 0 0 0 0 0
-0.0935386194547295 1.23341590255017 -0.755457808270912 1.96498786193303 0.128528876793369 1 1 1 1 0 1 1 1 1 1 1 1 1 0 0 2 1 1 2 2 0 0 0 2 2 1 2 2 0 2 1 1 1 0 0 0 0 2 2 0 0 1 2 2 2 2 0 0 2 1 0 0 0 2 2 2 2 0 1 0 0 0 2 1 1 0 2 0 1 1 0 0 1 2 0 0 0 1 0 0 1 0 2 0 0 2 1 1 2 1 0 1 1 1 2 0 2 1 0 1 1 1 1 1 0 1 1 1 1 1 1 1 1 0 0 2 1 1 2 2 0 0 0 2 2 1 2 2 0 2 1 1 1 0 0 0 0 2 2 0 0 1 2 2 2 2 0 0 2 1 0 0 0 2 2 2 2 0 1 0 0 0 2 1 1 0 2 0 1 1 0 0 1 2 0 0 0 1 0 0 1 0 2 0 0 2 1 1 2 1 0 1 1 1 2 0 2 1 0 1 1
0.397815710780522 0.868482616923953 0.12323751963591 -0.89345932940776 0.0562340346795433 -1 1 1 1 1 1 1 1 1 1 0 0 1 0 1 2 0 0 1 1 0 0 1 2 2 1 1 2 0 1 1 2 2 0 0 0 0 2 2 1 0 0 0 2 0 1 0 0 1 1 0 0 0 1 1 2 2 1 1 0 2 0 2 0 0 0 2 0 1 0 0 1 1 2 0 1 0 1 0 1 2 1 2 0 1 2 1 1 2 1 0 0 0 0 1 0 1 0 1 1 2 -1 -1 -1 -1 -1 -1 -1 -1 -1 0 0 -1 0 -1 -2 0 0 -1 -1 0 0 -1 -2 -2 -1 -1 -2 0 -1 -1 -2 -2 0 0 0 0 -2 -2 -1 0 0 0 -2 0 -1 0 0 -1 -1 0 0 0 -1 -1 -2 -2 -1 -1 0 -2 0 -2 0 0 0 -2 0 -1 0 0 -1 -1 -2 0 -1 0 -1 0 -1 -2 -1 -2 0 -1 -2 -1 -1 -2 -1 0 0 0 0 -1 0 -1 0 -1 -1 -2
0.636490334574558 0.472227906183145 1.80093662525728 0.964705730215609 -1.09257754452571 1 1 0 1 1 1 1 1 1 1 0 1 1 0 0 2 1 0 1 1 0 1 2 2 2 1 1 2 1 1 1 2 1 0 0 0 0 2 2 0 0 0 1 2 1 2 0 1 2 1 0 0 0 2 2 2 1 2 1 1 0 0 1 0 0 0 1 0 1 0 0 0 0 2 0 0 1 0 0 0 2 1 2 0 0 2 0 1 2 2 0 1 0 0 0 0 0 0 1 1 0 1 0 1 1 1 1 1 1 1 0 1 1 0 0 2 1 0 1 1 0 1 2 2 2 1 1 2 1 1 1 2 1 0 0 0 0 2 2 0 0 0 1 2 1 2 0 1 2 1 0 0 0 2 2 2 1 2 1 1 0 0 1 0 0 0 1 0 1 0 0 0 0 2 0 0 1 0 0 0 2 1 2 0 0 2 0 1 2 2 0 1 0 0 0 0 0 0 1 1 0
0.766298864581269 0.88285994791354 0.560921500883685 -1.18888473679305 1.33236688884276 -1 2 1 1 1 1 2 1 0 1 1 1 2 0 1 2 0 0 2 1 0 0 1 1 2 2 2 2 0 1 1 2 1 0 0 0 0 2 2 1 0 0 1 0 0 2 0 0 1 1 0 1 0 2 2 2 1 1 2 0 0 0 1 0 0 0 2 0 1 1 0 0 0 2 0 0 0 2 0 1 2 2 2 0 0 1 2 2 1 2 0 2 1 0 0 0 1 0 2 0 1 -2 -1 -1 -1 -1 -2 -1 0 -1 -1 -1 -2 0 -1 -2 0 0 -2 -1 0 0 -1 -1 -2 -2 -2 -2 0 -1 -1 -2 -1 0 0 0 0 -2 -2 -1 0 0 -1 0 0 -2 0 0 -1 -1 0 -1 0 -2 -2 -2 -1 -1 -2 0 0 0 -1 0 0 0 -2 0 -1 -1 0 0 0 -2 0 0 0 -2 0 -1 -2 -2 -2 0 0 -1 -2 -2 -1 -2 0 -2 -1 0 0 0 -1 0 -2 0 -1
-1.11142556820556 0.0288278468843355 1.43534830527022 1.22480547434749 -0.58946061154397 -1 2 2 2 2 1 1 1 1 2 0 0 2 0 0 2 0 0 0 2 0 0 1 1 2 1 2 2 0 2 0 1 2 0 1 1 0 2 2 0 0 0 0 2 0 2 0 0 2 0 0 0 0 2 1 2 0 2 2 1 2 1 2 1 1 0 2 1 1 1 1 1 1 2 0 1 0 0 1 2 2 0 2 0 0 1 2 1 1 2 0 2 0 0 1 0 2 1 0 0 1 -2 -2 -2 -2 -1 -1 -1 -1 -2 0 0 -2 0 0 -2 0 0 0 -2 0 0 -1 -1 -2 -1 -2 -2 0 -2 0 -1 -2 0 -1 -1 0 -2 -2 0 0 0 0 -2 0 -2 0 0 -2 0 0 0 0 -2 -1 -2 0 -2 -2 -1 -2 -1 -2 -1 -1 0 -2 -1 -1 -1 -1 -1 -1 -2 0 -1 0 0 -1 -2 -2 0 -2 0 0 -1 -2 -1 -1 -2 0 -2 0 0 -1 0 -2 -1 0 0 -1
0.820961369908748 0.637648203063554 1.04318141102999 1.07499595398562 0.32202816461096 -1 1 1 1 1 1 0 0 2 2 0 0 2 0 1 2 1 1 2 2 1 1 1 1 2 1 1 1 0 2 1 2 2 0 1 0 0 1 2 0 0 0 0 2 0 2 1 0 2 2 0 1 0 2 1 2 1 2 2 0 0 0 1 0 0 0 1 0 1 1 0 0 0 2 0 0 0 0 0 1 2 1 2 0 2 2 1 2 1 2 0 0 0 0 1 0 0 0 1 0 1 -1 -1 -1 -1 -1 0 0 -2 -2 0 0 -2 0 -1 -2 -1 -1 -2 -2 -1 -1 -1 -1 -2 -1 -1 -1 0 -2 -1 -2 -2 0 -1 0 0 -1 -2 0 0 0 0 -2 0 -2 -1 0 -2 -2 0 -1 0 -2 -1 -2 -1 -2 -2 0 0 0 -1 0 0 0 -1 0 -1 -1 0 0 0 -2 0 0 0 0 0 -1 -2 -1 -2 0 -2 -2 -1 -2 -1 -2 0 0 0 0 -1 0 0 0 -1 0 -1
0.231802130856451 -1.22282390226197 0.286418693478514 -0.747609374540556 -0.412052413265262 -1 2 2 1 0 1 2 1 1 2 0 1 2 0 1 2 0 0 2 2 1 0 1 2 2 1 1 1 0 1 0 1 2 0 0 0 0 2 2 0 0 0 0 1 0 1 0 0 2 1 1 2 0 2 2 2 2 2 2 1 0 0 1 0 0 0 2 0 1 0 0 0 0 2 0 0 0 1 0 1 2 2 2 0 1 2 2 2 1 1 0 2 1 1 2 0 1 0 1 1 2 -2 -2 -1 0 -1 -2 -1 -1 -2 0 -1 -2 0 -1 -2 0 0 -2 -2 -1 0 -1 -2 -2 -1 -1 -1 0 -1 0 -1 -2 0 0 0 0 -2 -2 0 0 0 0 -1 0 -1 0 0 -2 -1 -1 -2 0 -2 -2 -2 -2 -2 -2 -1 0 0 -1 0 0 0 -2 0 -1 0 0 0 0 -2 0 0 0 -1 0 -1 -2 -2 -2 0 -1 -2 -2 -2 -1 -1 0 -2 -1 -1 -2 0 -1 0 -1 -1 -2
-0.68176503718183 0.511421137342271 0.444038412425575 -0.378375454800528 0.77097592142984 1 2 2 1 1 1 1 1 2 2 1 0 1 0 1 2 1 0 2 2 0 0 1 1 2 1 1 1 0 1 1 2 2 1 1 0 0 1 2 1 0 0 1 2 0 2 0 0 1 0 0 0 0 2 1 2 1 1 1 0 0 0 1 0 0 0 2 0 1 1 0 0 0 2 0 0 0 1 0 0 1 1 2 0 0 1 1 2 2 2 0 1 0 0 2 1 1 0 2 0 2 2 2 1 1 1 1 1 2 2 1 0 1 0 1 2 1 0 2 2 0 0 1 1 2 1 1 1 0 1 1 2 2 1 1 0 0 1 2 1 0 0 1 2 0 2 0 0 1 0 0 0 0 2 1 2 1 1 1 0 0 0 1 0 0 0 2 0 1 1 0 0 0 2 0 0 0 1 0 0 1 1 2 0 0 1 1 2 2 2 0 1 0 0 2 1 1 0 2 0 2
-1.9714590175595 1.01540336904093 0.73636557335574 -0.0380730665759818 0.772396427182412 1 0 1 1 0 1 0 0 0 0 0 1 0 0 1 2 1 0 2 2 0 0 0 1 2 0 0 2 0 2 2 2 2 0 0 0 0 0 2 0 0 0 0 2 1 2 1 1 2 1 0 1 0 2 0 2 1 2 2 0 0 0 1 0 0 0 1 0 0 1 0 0 1 2 0 0 0 1 1 0 2 1 2 0 0 2 0 1 1 1 0 2 1 1 2 0 2 1 2 1 1 0 1 1 0 1 0 0 0 0 0 1 0 0 1 2 1 0 2 2 0 0 0 1 2 0 0 2 0 2 2 2 2 0 0 0 0 0 2 0 0 0 0 2 1 2 1 1 2 1 0 1 0 2 0 2 1 2 2 0 0 0 1 0 0 0 1 0 0 1 0 0 1 2 0 0 0 1 1 0 2 1 2 0 0 2 0 1 1 1 0 2 1 1 2 0 2 1 2 1 1
1.22411840962459 -1.32314694452095 1.04616319793323 0.396369229674407 -1.09309360401902 1 0 2 1 0 1 0 0 0 2 1 2 2 0 0 2 1 1 1 0 1 0 1 2 2 0 0 1 0 1 1 2 1 0 0 0 1 2 2 0 0 0 1 0 0 2 0 1 2 1 0 0 0 2 0 2 1 2 2 0 0 1 1 0 0 0 2 1 2 0 0 1 1 2 0 0 0 0 0 1 1 0 2 1 1 2 1 2 2 2 0 2 0 0 1 0 1 0 1 0 1 0 2 1 0 1 0 0 0 2 1 2 2 0 0 2 1 1 1 0 1 0 1 2 2 0 0 1 0 1 1 2 1 0 0 0 1 2 2 0 0 0 1 0 0 2 0 1 2 1 0 0 0 2 0 2 1 2 2 0 0 1 1 0 0 0 2 1 2 0 0 1 1 2 0 0 0 0 0 1 1 0 2 1 1 2 1 2 2 2 0 2 0 0 1 0 1 0 1 0 1
0.822984562028545 -0.0630404108056187 -0.625213084835426 1.15354444586232 0.154323824633054 1 2 2 1 0 2 2 1 2 2 1 1 2 1 0 2 0 0 1 0 0 0 1 2 2 1 1 2 2 0 1 2 2 0 0 0 0 1 2 0 0 0 1 2 0 1 0 0 1 1 0 1 0 2 1 2 2 2 2 1 0 0 1 1 0 0 1 0 0 0 0 0 0 2 0 0 0 0 0 1 2 0 2 0 2 2 2 2 2 2 0 2 0 0 0 0 1 1 2 1 1 2 2 1 0 2 2 1 2 2 1 1 2 1 0 2 0 0 1 0 0 0 1 2 2 1 1 2 2 0 1 2 2 0 0 0 0 1 2 0 0 0 1 2 0 1 0 0 1 1 0 1 0 2 1 2 2 2 2 1 0 0 1 1 0 0 1 0 0 0 0 0 0 2 0 0 0 0 0 1 2 0 2 0 2 2 2 2 2 2 0 2 0 0 0 0 1 1 2 1 1
-1.94923667803527 -0.551542649542509 1.67396536132504 1.11069915799316 -0.388663923388073 -1 1 1 1 0 1 2 0 0 1 0 1 0 0 1 2 1 0 2 2 1 1 0 2 2 0 0 1 0 0 1 0 1 0 1 0 1 1 2 0 0 0 0 1 0 2 0 1 2 1 0 0 0 1 0 2 2 2 2 0 0 0 1 1 0 0 2 0 1 0 0 0 1 2 0 1 1 2 2 2 2 1 2 0 2 2 1 1 1 1 0 1 0 0 2 0 1 1 2 1 1 -1 -1 -1 0 -1 -2 0 0 -1 0 -1 0 0 -1 -2 -1 0 -2 -2 -1 -1 0 -2 -2 0 0 -1 0 0 -1 0 -1 0 -1 0 -1 -1 -2 0 0 0 0 -1 0 -2 0 -1 -2 -1 0 0 0 -1 0 -2 -2 -2 -2 0 0 0 -1 -1 0 0 -2 0 -1 0 0 0 -1 -2 0 -1 -1 -2 -2 -2 -2 -1 -2 0 -2 -2 -1 -1 -1 -1 0 -1 0 0 -2 0 -1 -1 -2 -1 -1
0.364673573705741 0.275064792697438 -1.54050235658862 -0.581643753827226 -0.0745665971786021 1 2 2 2 2 2 2 1 0 2 0 0 1 0 0 2 1 0 2 1 1 0 2 2 2 1 0 1 0 0 1 2 2 1 0 0 0 1 2 0 1 0 2 2 0 1 0 0 2 0 0 1 0 2 0 2 2 2 2 1 1 0 2 0 1 1 2 0 1 1 0 1 2 2 0 0 1 2 1 0 2 1 2 0 0 2 1 1 2 2 0 2 1 0 2 0 0 0 2 1 1 2 2 2 2 2 2 1 0 2 0 0 1 0 0 2 1 0 2 1 1 0 2 2 2 1 0 1 0 0 1 2 2 1 0 0 0 1 2 0 1 0 2 2 0 1 0 0 2 0 0 1 0 2 0 2 2 2 2 1 1 0 2 0 1 1 2 0 1 1 0 1 2 2 0 0 1 2 1 0 2 1 2 0 0 2 1 1 2 2 0 2 1 0 2 0 0 0 2 1 1
-0.105594849379687 0.65724757457806 -0.920144295840022 -1.18044092149024 -1.07695316430121 -1 2 1 1 0 1 1 0 0 2 0 1 1 0 0 2 0 0 1 0 1 1 2 1 2 1 2 2 0 2 2 2 2 0 1 0 0 2 2 1 0 0 1 2 1 2 1 1 2 1 0 0 0 2 1 1 0 2 2 0 1 0 2 0 0 0 1 0 1 1 0 0 0 2 0 0 0 1 1 1 1 1 2 1 1 2 1 2 2 1 0 1 0 0 2 1 1 0 2 1 0 -2 -1 -1 0 -1 -1 0 0 -2 0 -1 -1 0 0 -2 0 0 -1 0 -1 -1 -2 -1 -2 -1 -2 -2 0 -2 -2 -2 -2 0 -1 0 0 -2 -2 -1 0 0 -1 -2 -1 -2 -1 -1 -2 -1 0 0 0 -2 -1 -1 0 -2 -2 0 -1 0 -2 0 0 0 -1 0 -1 -1 0 0 0 -2 0 0 0 -1 -1 -1 -1 -1 -2 -1 -1 -2 -1 -2 -2 -1 0 -1 0 0 -2 -1 -1 0 -2 -1 0
-0.527392767914924 0.269241027664546 -0.37019223869263 -0.586759001041973 1.21057344749795 1 2 2 1 1 2 2 1 0 1 2 2 2 0 0 2 1 0 1 0 0 2 2 2 2 0 0 0 0 0 0 0 2 0 0 0 0 1 2 1 0 0 1 2 1 2 1 1 2 0 0 0 0 2 2 2 1 2 2 2 1 1 1 1 1 1 2 1 1 1 1 0 0 2 0 0 1 1 1 0 2 0 2 0 1 2 2 1 1 1 0 1 0 0 1 0 1 0 1 1 0 2 2 1 1 2 2 1 0 1 2 2 2 0 0 2 1 0 1 0 0 2 2 2 2 0 0 0 0 0 0 0 2 0 0 0 0 1 2 1 0 0 1 2 1 2 1 1 2 0 0 0 0 2 2 2 1 2 2 2 1 1 1 1 1 1 2 1 1 1 1 0 0 2 0 0 1 1 1 0 2 0 2 0 1 2 2 1 1 1 0 1 0 0 1 0 1 0 1 1 0
0.146721045346193 0.0648628206662851 -0.134519189563132 -0.114296033322793 -0.201005900341844 -1 2 2 2 1 1 2 1 1 2 0 0 1 0 0 2 1 0 1 2 0 1 1 2 2 1 1 1 0 1 1 1 2 0 0 0 0 2 2 1 0 0 2 1 1 2 1 0 2 1 0 0 0 2 2 2 1 2 2 1 2 2 1 0 0 0 2 1 1 1 0 0 0 2 0 0 0 0 0 0 1 0 2 0 0 2 1 2 1 2 0 2 2 1 2 0 1 1 1 0 1 -2 -2 -2 -1 -1 -2 -1 -1 -2 0 0 -1 0 0 -2 -1 0 -1 -2 0 -1 -1 -2 -2 -1 -1 -1 0 -1 -1 -1 -2 0 0 0 0 -2 -2 -1 0 0 -2 -1 -1 -2 -1 0 -2 -1 0 0 0 -2 -2 -2 -1 -2 -2 -1 -2 -2 -1 0 0 0 -2 -1 -1 -1 0 0 0 -2 0 0 0 0 0 0 -1 0 -2 0 0 -2 -1 -2 -1 -2 0 -2 -2 -1 -2 0 -1 -1 -1 0 -1
0.960025207624787 1.81430154401137 -0.293474609245673 -0.0349988427926555 0.395993964828054 -1 2 1 2 0 0 1 0 0 1 0 0 1 0 0 2 1 0 2 1 1 0 0 2 2 0 0 2 0 2 0 2 1 0 1 0 0 2 2 1 1 0 2 1 0 2 0 0 2 1 0 0 0 2 0 2 1 2 1 1 0 0 0 0 0 0 2 0 1 1 0 0 1 2 0 0 0 0 0 0 1 0 2 0 0 0 1 1 2 2 0 1 0 0 1 0 0 0 1 0 1 -2 -1 -2 0 0 -1 0 0 -1 0 0 -1 0 0 -2 -1 0 -2 -1 -1 0 0 -2 -2 0 0 -2 0 -2 0 -2 -1 0 -1 0 0 -2 -2 -1 -1 0 -2 -1 0 -2 0 0 -2 -1 0 0 0 -2 0 -2 -1 -2 -1 -1 0 0 0 0 0 0 -2 0 -1 -1 0 0 -1 -2 0 0 0 0 0 0 -1 0 -2 0 0 0 -1 -1 -2 -2 0 -1 0 0 -1 0 0 0 -1 0 -1
1.09932729187126 -0.40077044046218 0.73022345638096 -0.0861533027670314 0.831190260098763 1 2 1 1 0 0 0 0 1 2 0 1 2 0 0 2 0 1 2 1 0 0 2 2 2 1 1 1 0 1 1 1 2 0 0 1 0 2 2 1 0 0 1 2 0 2 0 0 2 1 0 0 0 1 1 2 0 2 2 0 1 0 1 1 0 0 2 0 1 1 0 0 0 2 0 1 0 2 1 0 2 1 2 1 1 1 0 0 1 1 0 2 0 0 1 0 2 0 1 0 0 2 1 1 0 0 0 0 1 2 0 1 2 0 0 2 0 1 2 1 0 0 2 2 2 1 1 1 0 1 1 1 2 0 0 1 0 2 2 1 0 0 1 2 0 2 0 0 2 1 0 0 0 1 1 2 0 2 2 0 1 0 1 1 0 0 2 0 1 1 0 0 0 2 0 1 0 2 1 0 2 1 2 1 1 1 0 0 1 1 0 2 0 0 1 0 2 0 1 0 0
-0.673176973364254 -0.278824931124175 -1.53501514042173 -1.10860861221645 -0.279229459446456 1 2 1 1 1 1 1 0 0 2 0 1 2 0 1 2 0 0 2 1 0 0 1 2 2 2 2 1 0 1 2 2 0 0 1 0 0 0 2 1 1 0 1 1 0 2 0 1 2 2 0 2 0 2 1 2 1 2 2 0 0 0 2 0 0 0 2 0 1 0 0 0 0 1 0 0 0 1 0 1 2 1 2 0 1 2 2 2 2 2 0 2 1 1 2 1 2 0 2 1 2 2 1 1 1 1 1 0 0 2 0 1 2 0 1 2 0 0 2 1 0 0 1 2 2 2 2 1 0 1 2 2 0 0 1 0 0 0 2 1 1 0 1 1 0 2 0 1 2 2 0 2 0 2 1 2 1 2 2 0 0 0 2 0 0 0 2 0 1 0 0 0 0 1 0 0 0 1 0 1 2 1 2 0 1 2 2 2 2 2 0 2 1 1 2 1 2 0 2 1 2
-1.0089906430307 -1.06625279041806 0.222928072811385 -0.54177797414701 -0.519134072961491 -1 1 1 0 0 0 1 2 2 2 1 1 2 0 1 2 0 1 2 2 0 0 0 1 2 1 1 2 0 1 2 2 2 1 1 0 0 1 2 1 0 0 1 1 0 2 0 0 2 0 0 0 0 2 0 2 1 2 2 1 1 0 1 0 0 0 1 0 0 2 0 0 0 2 0 1 0 1 1 1 2 0 2 0 1 1 2 1 1 2 0 2 1 1 1 0 0 0 1 0 1 -1 -1 0 0 0 -1 -2 -2 -2 -1 -1 -2 0 -1 -2 0 -1 -2 -2 0 0 0 -1 -2 -1 -1 -2 0 -1 -2 -2 -2 -1 -1 0 0 -1 -2 -1 0 0 -1 -1 0 -2 0 0 -2 0 0 0 0 -2 0 -2 -1 -2 -2 -1 -1 0 -1 0 0 0 -1 0 0 -2 0 0 0 -2 0 -1 0 -1 -1 -1 -2 0 -2 0 -1 -1 -2 -1 -1 -2 0 -2 -1 -1 -1 0 0 0 -1 0 -1
0.792580644042967 0.983873497034124 0.132294470795751 2.45994084136629 0.534370135632176 1 2 1 1 0 0 2 2 0 1 0 1 1 0 0 2 2 1 2 1 0 0 0 2 2 1 2 2 0 1 0 2 2 0 1 0 0 1 2 0 0 0 0 1 0 2 0 1 2 2 0 0 0 2 1 2 0 2 2 2 0 0 1 0 1 0 2 0 1 2 0 0 0 1 0 1 0 0 0 0 1 0 2 0 0 1 1 2 2 2 0 2 0 1 2 2 2 1 2 1 2 2 1 1 0 0 2 2 0 1 0 1 1 0 0 2 2 1 2 1 0 0 0 2 2 1 2 2 0 1 0 2 2 0 1 0 0 1 2 0 0 0 0 1 0 2 0 1 2 2 0 0 0 2 1 2 0 2 2 2 0 0 1 0 1 0 2 0 1 2 0 0 0 1 0 1 0 0 0 0 1 0 2 0 0 1 1 2 2 2 0 2 0 1 2 2 2 1 2 1 2
-1.67850662297646 1.40316129801562 -0.531174716783752 -1.19438144212999 2.14044192064203 -1 1 1 0 0 1 1 1 2 2 1 0 2 0 0 2 1 0 2 1 0 0 0 1 2 0 1 1 0 1 1 2 1 0 0 1 0 2 2 0 0 0 1 1 0 1 0 0 1 0 0 0 0 2 0 1 1 2 2 0 0 0 2 1 0 0 2 0 1 0 0 0 0 2 0 0 0 0 0 1 2 1 2 1 1 2 1 1 1 2 0 2 2 1 2 1 2 1 2 0 2 -1 -1 0 0 -1 -1 -1 -2 -2 -1 0 -2 0 0 -2 -1 0 -2 -1 0 0 0 -1 -2 0 -1 -1 0 -1 -1 -2 -1 0 0 -1 0 -2 -2 0 0 0 -1 -1 0 -1 0 0 -1 0 0 0 0 -2 0 -1 -1 -2 -2 0 0 0 -2 -1 0 0 -2 0 -1 0 0 0 0 -2 0 0 0 0 0 -1 -2 -1 -2 -1 -1 -2 -1 -1 -1 -2 0 -2 -2 -1 -2 -1 -2 -1 -2 0 -2
0.686680294850008 0.556266442764455 -0.316219670549003 0.91953646548459 -0.533608468034021 -1 2 2 2 0 1 1 0 0 2 1 0 1 0 1 2 0 0 1 1 0 0 0 1 2 0 2 1 0 0 1 2 1 1 1 0 0 1 2 0 0 0 0 0 0 2 1 1 1 1 0 0 0 2 1 2 2 2 1 0 0 0 0 0 0 0 1 0 2 1 1 0 0 1 0 0 0 0 0 1 2 1 2 1 2 2 1 1 1 2 0 2 0 0 1 0 0 0 1 0 1 -2 -2 -2 0 -1 -1 0 0 -2 -1 0 -1 0 -1 -2 0 0 -1 -1 0 0 0 -1 -2 0 -2 -1 0 0 -1 -2 -1 -1 -1 0 0 -1 -2 0 0 0 0 0 0 -2 -1 -1 -1 -1 0 0 0 -2 -1 -2 -2 -2 -1 0 0 0 0 0 0 0 -1 0 -2 -1 -1 0 0 -1 0 0 0 0 0 -1 -2 -1 -2 -1 -2 -2 -1 -1 -1 -2 0 -2 0 0 -1 0 0 0 -1 0 -1
0.576233097527253 -0.225208110923253 0.0486618799895901 -0.0060014516055421 0.0780546290220994 1 1 1 1 0 2 2 0 0 0 0 0 2 0 1 2 0 0 1 2 0 0 0 0 2 1 2 2 0 1 2 2 1 0 0 0 0 0 2 0 0 0 1 2 0 2 1 1 2 1 0 0 0 2 0 2 1 2 2 2 1 1 1 0 0 0 1 0 0 0 0 0 0 2 0 1 0 1 0 0 2 0 2 0 0 1 1 2 1 1 0 2 2 0 1 0 1 0 1 1 1 1 1 1 0 2 2 0 0 0 0 0 2 0 1 2 0 0 1 2 0 0 0 0 2 1 2 2 0 1 2 2 1 0 0 0 0 0 2 0 0 0 1 2 0 2 1 1 2 1 0 0 0 2 0 2 1 2 2 2 1 1 1 0 0 0 1 0 0 0 0 0 0 2 0 1 0 1 0 0 2 0 2 0 0 1 1 2 1 1 0 2 2 0 1 0 1 0 1 1 1
-0.379574085843704 0.731299796030385 1.36299293321939 -1.36661696227384 0.400243387630527 1 1 2 1 0 1 0 0 0 1 0 0 1 0 0 2 0 0 2 2 1 1 1 2 2 0 0 1 0 1 0 1 2 0 0 0 0 1 2 0 0 0 0 2 0 2 0 1 2 1 0 1 0 2 1 2 1 2 2 2 0 1 0 0 0 0 1 0 1 1 1 0 1 2 0 0 0 2 1 1 2 1 1 0 1 2 2 1 2 2 0 2 0 0 1 0 0 0 1 0 2 1 2 1 0 1 0 0 0 1 0 0 1 0 0 2 0 0 2 2 1 1 1 2 2 0 0 1 0 1 0 1 2 0 0 0 0 1 2 0 0 0 0 2 0 2 0 1 2 1 0 1 0 2 1 2 1 2 2 2 0 1 0 0 0 0 1 0 1 1 1 0 1 2 0 0 0 2 1 1 2 1 1 0 1 2 2 1 2 2 0 2 0 0 1 0 0 0 1 0 2
0.538800879382887 -1.00337286308943 -0.576406827207093 0.555636576777233 0.930553075531311 -1 1 1 1 2 2 1 0 1 2 0 0 2 0 0 2 1 0 2 2 1 0 1 2 2 0 0 1 0 2 1 1 1 0 0 0 0 1 2 0 0 0 1 2 0 1 0 1 2 2 0 1 0 2 2 2 1 2 2 1 0 0 1 0 0 0 1 0 0 0 0 1 1 2 0 1 0 2 1 1 2 1 2 0 0 1 2 1 1 1 0 2 1 1 1 0 2 1 2 1 1 -1 -1 -1 -2 -2 -1 0 -1 -2 0 0 -2 0 0 -2 -1 0 -2 -2 -1 0 -1 -2 -2 0 0 -1 0 -2 -1 -1 -1 0 0 0 0 -1 -2 0 0 0 -1 -2 0 -1 0 -1 -2 -2 0 -1 0 -2 -2 -2 -1 -2 -2 -1 0 0 -1 0 0 0 -1 0 0 0 0 -1 -1 -2 0 -1 0 -2 -1 -1 -2 -1 -2 0 0 -1 -2 -1 -1 -1 0 -2 -1 -1 -1 0 -2 -1 -2 -1 -1
0.632898172572514 0.725640866079053 -0.917067362768336 1.31717868287204 0.471775739487661 -1 2 2 2 2 1 2 0 0 2 1 1 1 0 1 2 0 0 2 1 0 1 2 2 2 2 2 2 0 1 2 1 2 1 0 0 0 2 2 1 0 0 0 2 1 2 0 0 2 0 0 0 0 2 1 2 1 2 2 0 1 1 1 0 0 0 2 0 0 0 0 0 1 2 0 1 1 1 1 0 2 2 2 1 1 2 1 2 2 2 0 1 0 0 2 1 2 0 1 0 0 -2 -2 -2 -2 -1 -2 0 0 -2 -1 -1 -1 0 -1 -2 0 0 -2 -1 0 -1 -2 -2 -2 -2 -2 -2 0 -1 -2 -1 -2 -1 0 0 0 -2 -2 -1 0 0 0 -2 -1 -2 0 0 -2 0 0 0 0 -2 -1 -2 -1 -2 -2 0 -1 -1 -1 0 0 0 -2 0 0 0 0 0 -1 -2 0 -1 -1 -1 -1 0 -2 -2 -2 -1 -1 -2 -1 -2 -2 -2 0 -1 0 0 -2 -1 -2 0 -1 0 0
-0.255923094065013 0.32722742684282 -0.43365821982408 1.08225040707341 0.916736396202511 1 2 2 2 2 0 2 1 0 2 0 2 2 0 0 2 0 0 0 0 0 0 1 2 2 1 1 1 0 0 1 2 2 0 0 0 0 2 2 2 0 0 1 0 0 2 1 0 1 0 0 0 0 1 1 2 1 1 1 1 1 1 1 0 0 0 1 0 1 2 0 0 1 2 0 0 0 0 0 0 1 1 2 0 0 2 1 1 2 2 0 2 1 1 2 1 1 0 2 2 1 2 2 2 2 0 2 1 0 2 0 2 2 0 0 2 0 0 0 0 0 0 1 2 2 1 1 1 0 0 1 2 2 0 0 0 0 2 2 2 0 0 1 0 0 2 1 0 1 0 0 0 0 1 1 2 1 1 1 1 1 1 1 0 0 0 1 0 1 2 0 0 1 2 0 0 0 0 0 0 1 1 2 0 0 2 1 1 2 2 0 2 1 1 2 1 1 0 2 2 1
0.211305425236736 1.21494864461275 1.19439796492797 1.00577831901478 -0.199325622884451 -1 2 1 2 0 1 1 0 1 2 2 1 1 0 0 1 0 0 1 2 1 0 1 1 2 0 0 2 0 1 1 1 1 0 0 0 0 1 2 0 0 0 2 1 0 2 0 0 2 1 0 0 0 2 0 2 0 2 2 1 1 1 1 1 1 1 2 1 0 0 0 0 0 2 0 0 0 0 0 0 1 0 1 0 0 2 1 0 1 2 0 0 0 0 1 0 1 0 0 0 0 -2 -1 -2 0 -1 -1 0 -1 -2 -2 -1 -1 0 0 -1 0 0 -1 -2 -1 0 -1 -1 -2 0 0 -2 0 -1 -1 -1 -1 0 0 0 0 -1 -2 0 0 0 -2 -1 0 -2 0 0 -2 -1 0 0 0 -2 0 -2 0 -2 -2 -1 -1 -1 -1 -1 -1 -1 -2 -1 0 0 0 0 0 -2 0 0 0 0 0 0 -1 0 -1 0 0 -2 -1 0 -1 -2 0 0 0 0 -1 0 -1 0 0 0 0
-0.87182608721357 0.641713212901673 1.2173561026039 1.40427796578883 -0.859883668759001 1 2 1 1 0 1 1 0 1 2 1 1 2 0 0 2 1 0 1 2 0 0 0 1 2 1 0 2 0 1 1 2 2 0 0 1 0 1 2 1 0 0 0 2 0 2 0 0 2 1 0 0 0 2 2 2 0 2 2 1 1 0 1 1 0 0 1 0 1 0 0 0 1 2 0 0 0 1 0 1 2 1 2 0 0 1 2 2 2 2 1 1 1 0 2 1 2 0 2 2 1 2 1 1 0 1 1 0 1 2 1 1 2 0 0 2 1 0 1 2 0 0 0 1 2 1 0 2 0 1 1 2 2 0 0 1 0 1 2 1 0 0 0 2 0 2 0 0 2 1 0 0 0 2 2 2 0 2 2 1 1 0 1 1 0 0 1 0 1 0 0 0 1 2 0 0 0 1 0 1 2 1 2 0 0 1 2 2 2 2 1 1 1 0 2 1 2 0 2 2 1
0.323460688825065 1.1208833801826 1.98299014455268 -2.03175428537949 -1.06667438230157 1 2 2 1 0 1 1 0 0 1 0 1 1 0 0 2 1 0 2 2 1 1 2 2 2 0 2 2 0 0 0 2 2 0 0 1 0 1 2 0 0 0 0 0 0 2 0 0 2 0 0 0 0 2 2 2 2 1 2 0 1 1 0 0 0 0 0 0 0 0 0 0 0 2 0 0 0 0 0 0 2 1 2 0 1 2 0 0 2 2 0 1 0 0 0 0 1 1 0 0 2 2 2 1 0 1 1 0 0 1 0 1 1 0 0 2 1 0 2 2 1 1 2 2 2 0 2 2 0 0 0 2 2 0 0 1 0 1 2 0 0 0 0 0 0 2 0 0 2 0 0 0 0 2 2 2 2 1 2 0 1 1 0 0 0 0 0 0 0 0 0 0 0 2 0 0 0 0 0 0 2 1 2 0 1 2 0 0 2 2 0 1 0 0 0 0 1 1 0 0 2
-0.948292559904561 1.0771780665876 0.145800396128862 0.315741481059852 1.14609507845274 -1 1 1 1 1 1 2 0 1 2 1 1 1 0 0 1 0 0 0 1 0 0 1 2 2 1 1 1 0 2 1 2 1 0 0 0 0 2 2 2 0 0 0 1 0 2 0 1 1 0 0 0 0 2 2 2 1 2 2 0 1 0 0 0 0 0 2 0 2 2 1 0 1 2 0 0 0 1 0 0 2 1 2 1 0 0 2 2 2 2 0 2 1 0 1 0 1 0 2 0 0 -1 -1 -1 -1 -1 -2 0 -1 -2 -1 -1 -1 0 0 -1 0 0 0 -1 0 0 -1 -2 -2 -1 -1 -1 0 -2 -1 -2 -1 0 0 0 0 -2 -2 -2 0 0 0 -1 0 -2 0 -1 -1 0 0 0 0 -2 -2 -2 -1 -2 -2 0 -1 0 0 0 0 0 -2 0 -2 -2 -1 0 -1 -2 0 0 0 -1 0 0 -2 -1 -2 -1 0 0 -2 -2 -2 -2 0 -2 -1 0 -1 0 -1 0 -2 0 0
-1.10830477571734 -0.0838432134884297 -0.406956316382242 1.50400741862185 -1.53755678161601 1 2 1 1 0 2 2 1 1 1 0 2 2 0 0 2 0 0 1 1 0 0 2 2 2 2 1 2 1 1 1 2 0 0 0 0 1 2 2 0 0 0 0 1 0 2 0 0 2 1 0 1 0 2 2 2 0 1 2 0 0 0 1 0 0 0 2 0 0 1 0 0 0 2 0 2 0 0 0 0 2 0 2 0 1 2 1 1 1 2 0 2 2 0 2 0 2 1 2 1 2 2 1 1 0 2 2 1 1 1 0 2 2 0 0 2 0 0 1 1 0 0 2 2 2 2 1 2 1 1 1 2 0 0 0 0 1 2 2 0 0 0 0 1 0 2 0 0 2 1 0 1 0 2 2 2 0 1 2 0 0 0 1 0 0 0 2 0 0 1 0 0 0 2 0 2 0 0 0 0 2 0 2 0 1 2 1 1 1 2 0 2 2 0 2 0 2 1 2 1 2
1.04143188322778 0.358874425227971 0.842402531365361 -1.11306342799013 1.53968636957029 -1 0 0 2 1 0 1 0 0 2 2 0 2 0 0 2 0 0 1 0 1 0 0 2 2 1 2 2 1 2 1 1 1 0 0 0 1 2 2 1 0 0 0 2 0 2 0 0 2 1 0 1 0 2 1 1 0 2 2 2 1 0 0 0 0 0 2 0 1 1 0 0 0 2 0 1 1 2 2 1 2 1 2 0 1 1 1 0 2 1 0 2 1 0 2 0 1 1 2 1 1 0 0 -2 -1 0 -1 0 0 -2 -2 0 -2 0 0 -2 0 0 -1 0 -1 0 0 -2 -2 -1 -2 -2 -1 -2 -1 -1 -1 0 0 0 -1 -2 -2 -1 0 0 0 -2 0 -2 0 0 -2 -1 0 -1 0 -2 -1 -1 0 -2 -2 -2 -1 0 0 0 0 0 -2 0 -1 -1 0 0 0 -2 0 -1 -1 -2 -2 -1 -2 -1 -2 0 -1 -1 -1 0 -2 -1 0 -2 -1 0 -2 0 -1 -1 -2 -1 -1
0.0556745986347078 -0.578185693166655 0.611711242423199 1.39896493202041 2.13303247180081 1 2 2 0 0 0 1 1 1 2 1 1 2 0 0 1 0 0 2 2 0 0 0 0 2 1 1 2 0 1 0 2 2 0 1 0 0 0 2 0 0 0 1 2 0 2 0 0 2 2 0 0 0 2 1 2 1 1 2 0 0 0 2 1 0 0 1 0 2 1 1 0 0 2 0 0 1 2 2 0 2 1 2 0 1 1 0 0 1 1 0 2 0 0 1 0 1 1 1 0 2 2 2 0 0 0 1 1 1 2 1 1 2 0 0 1 0 0 2 2 0 0 0 0 2 1 1 2 0 1 0 2 2 0 1 0 0 0 2 0 0 0 1 2 0 2 0 0 2 2 0 0 0 2 1 2 1 1 2 0 0 0 2 1 0 0 1 0 2 1 1 0 0 2 0 0 1 2 2 0 2 1 2 0 1 1 0 0 1 1 0 2 0 0 1 0 1 1 1 0 2
0.345393075222696 1.0626273972464 -1.16726773114773 -0.859381868628188 -0.627056743138217 1 1 1 1 0 0 1 1 2 2 1 2 2 0 0 2 0 0 2 1 0 1 2 2 2 2 2 2 0 1 1 2 1 0 1 0 0 2 2 0 0 0 0 2 1 2 0 1 2 2 0 1 0 2 2 2 2 2 2 0 0 1 1 1 0 1 1 0 0 1 0 0 1 2 0 2 1 1 1 0 2 1 2 0 1 2 1 1 2 1 0 1 1 1 2 0 0 0 1 0 0 1 1 1 0 0 1 1 2 2 1 2 2 0 0 2 0 0 2 1 0 1 2 2 2 2 2 2 0 1 1 2 1 0 1 0 0 2 2 0 0 0 0 2 1 2 0 1 2 2 0 1 0 2 2 2 2 2 2 0 0 1 1 1 0 1 1 0 0 1 0 0 1 2 0 2 1 1 1 0 2 1 2 0 1 2 1 1 2 1 0 1 1 1 2 0 0 0 1 0 0
0.233449264781882 0.104568870528949 0.76728287431154 -1.3746901458653 1.29274624140785 -1 0 1 1 1 1 1 1 0 0 0 1 2 0 1 2 2 1 2 2 1 1 2 2 2 1 1 2 1 1 0 1 2 0 0 0 0 1 2 0 0 0 0 1 1 2 1 1 2 2 0 1 0 2 2 2 1 2 1 0 1 0 1 1 0 0 2 0 2 1 0 0 0 2 0 0 0 0 0 0 2 0 2 1 0 1 1 0 0 1 0 1 0 0 1 0 1 0 1 0 0 0 -1 -1 -1 -1 -1 -1 0 0 0 -1 -2 0 -1 -2 -2 -1 -2 -2 -1 -1 -2 -2 -2 -1 -1 -2 -1 -1 0 -1 -2 0 0 0 0 -1 -2 0 0 0 0 -1 -1 -2 -1 -1 -2 -2 0 -1 0 -2 -2 -2 -1 -2 -1 0 -1 0 -1 -1 0 0 -2 0 -2 -1 0 0 0 -2 0 0 0 0 0 0 -2 0 -2 -1 0 -1 -1 0 0 -1 0 -1 0 0 -1 0 -1 0 -1 0 0
0.17945979594362 -0.864458378753255 -1.54158329356377 1.45919545620417 -0.0570411514456931 1 2 1 1 1 2 2 1 1 1 0 0 2 0 0 2 2 1 2 2 0 0 1 0 2 1 1 1 0 0 0 2 1 0 0 0 0 2 2 2 1 0 1 2 0 2 0 1 2 2 0 1 0 2 1 2 2 2 2 2 2 0 0 0 0 0 1 0 2 1 0 0 0 2 0 0 0 0 0 0 1 1 2 0 0 1 1 1 1 2 0 1 0 0 0 0 1 0 1 0 1 2 1 1 1 2 2 1 1 1 0 0 2 0 0 2 2 1 2 2 0 0 1 0 2 1 1 1 0 0 0 2 1 0 0 0 0 2 2 2 1 0 1 2 0 2 0 1 2 2 0 1 0 2 1 2 2 2 2 2 2 0 0 0 0 0 1 0 2 1 0 0 0 2 0 0 0 0 0 0 1 1 2 0 0 1 1 1 1 2 0 1 0 0 0 0 1 0 1 0 1
3.1565465702916 0.570046169883286 1.42672805355736 1.45898454406446 0.818722842027624 1 2 1 2 0 1 1 1 0 1 0 1 2 0 0 2 0 0 2 1 0 0 0 2 2 1 1 2 1 2 2 2 1 0 0 0 0 2 2 0 0 0 1 2 0 2 0 0 1 1 0 1 0 1 0 2 1 2 2 0 1 0 2 0 0 0 1 0 0 1 1 0 0 2 0 1 0 1 0 0 1 1 2 1 0 2 0 1 2 2 0 2 0 0 1 0 1 1 1 0 1 2 1 2 0 1 1 1 0 1 0 1 2 0 0 2 0 0 2 1 0 0 0 2 2 1 1 2 1 2 2 2 1 0 0 0 0 2 2 0 0 0 1 2 0 2 0 0 1 1 0 1 0 1 0 2 1 2 2 0 1 0 2 0 0 0 1 0 0 1 1 0 0 2 0 1 0 1 0 0 1 1 2 1 0 2 0 1 2 2 0 2 0 0 1 0 1 1 1 0 1
-0.441994471978204 -0.173072689080665 0.118394149000325 0.465329667720513 -0.165041796380923 1 1 2 2 1 2 2 0 0 2 1 0 1 0 1 2 1 0 1 1 0 0 1 2 2 2 1 1 0 1 0 1 0 0 0 1 1 2 2 0 0 0 1 2 1 2 0 1 2 1 0 0 0 2 1 2 2 1 2 1 1 1 1 1 0 0 2 0 1 0 0 0 0 2 0 1 0 2 1 1 1 1 2 1 1 2 1 1 2 2 0 1 0 0 1 0 0 0 1 0 1 1 2 2 1 2 2 0 0 2 1 0 1 0 1 2 1 0 1 1 0 0 1 2 2 2 1 1 0 1 0 1 0 0 0 1 1 2 2 0 0 0 1 2 1 2 0 1 2 1 0 0 0 2 1 2 2 1 2 1 1 1 1 1 0 0 2 0 1 0 0 0 0 2 0 1 0 2 1 1 1 1 2 1 1 2 1 1 2 2 0 1 0 0 1 0 0 0 1 0 1
-0.742318300640686 -1.73919153254957 0.394473329951371 0.773977249626848 -0.944029569921321 -1 1 1 1 0 0 1 0 0 2 0 1 1 0 0 2 1 0 2 2 0 0 1 1 2 2 2 2 0 1 1 2 1 0 0 0 1 2 2 1 0 0 1 2 0 2 0 0 2 1 0 1 0 2 0 2 1 2 2 2 2 0 1 0 0 0 2 0 1 2 1 0 1 2 0 1 1 1 1 0 2 0 2 0 0 0 1 2 1 2 0 2 2 0 2 1 2 0 1 0 2 -1 -1 -1 0 0 -1 0 0 -2 0 -1 -1 0 0 -2 -1 0 -2 -2 0 0 -1 -1 -2 -2 -2 -2 0 -1 -1 -2 -1 0 0 0 -1 -2 -2 -1 0 0 -1 -2 0 -2 0 0 -2 -1 0 -1 0 -2 0 -2 -1 -2 -2 -2 -2 0 -1 0 0 0 -2 0 -1 -2 -1 0 -1 -2 0 -1 -1 -1 -1 0 -2 0 -2 0 0 0 -1 -2 -1 -2 0 -2 -2 0 -2 -1 -2 0 -1 0 -2
0.725607862022735 0.0953422826883838 -0.157286737405795 -0.459980615406825 -1.29640350369644 -1 2 1 0 0 1 1 0 0 0 0 1 2 0 0 2 1 1 2 2 0 0 1 2 2 0 0 1 1 1 1 2 2 0 0 1 0 0 1 0 0 0 0 1 0 2 0 1 2 1 0 1 0 2 1 2 2 2 2 0 0 0 0 0 0 0 0 0 1 1 0 0 0 2 0 0 1 2 0 0 2 0 2 0 0 1 2 1 2 2 0 2 0 0 2 0 0 0 0 0 0 -2 -1 0 0 -1 -1 0 0 0 0 -1 -2 0 0 -2 -1 -1 -2 -2 0 0 -1 -2 -2 0 0 -1 -1 -1 -1 -2 -2 0 0 -1 0 0 -1 0 0 0 0 -1 0 -2 0 -1 -2 -1 0 -1 0 -2 -1 -2 -2 -2 -2 0 0 0 0 0 0 0 0 0 -1 -1 0 0 0 -2 0 0 -1 -2 0 0 -2 0 -2 0 0 -1 -2 -1 -2 -2 0 -2 0 0 -2 0 0 0 0 0 0
-1.05010606153873 0.685263085093766 -0.657280852631769 -1.18456610511686 -1.3740701427436 1 1 1 2 1 2 2 0 0 2 1 0 2 0 0 2 0 0 1 1 0 0 1 1 2 0 0 1 0 0 1 2 1 0 2 2 0 1 2 1 0 0 0 1 0 2 0 0 2 1 0 0 0 2 2 2 2 2 2 1 0 0 2 1 1 0 2 1 0 0 0 0 0 2 0 1 1 1 0 1 2 1 2 0 0 2 1 1 2 1 0 1 0 0 1 0 0 0 2 0 0 1 1 2 1 2 2 0 0 2 1 0 2 0 0 2 0 0 1 1 0 0 1 1 2 0 0 1 0 0 1 2 1 0 2 2 0 1 2 1 0 0 0 1 0 2 0 0 2 1 0 0 0 2 2 2 2 2 2 1 0 0 2 1 1 0 2 1 0 0 0 0 0 2 0 1 1 1 0 1 2 1 2 0 0 2 1 1 2 1 0 1 0 0 1 0 0 0 2 0 0
-1.01270399463507 1.26921383591756 0.261370630648273 0.0270054633330038 2.04050929895558 1 2 1 1 0 1 1 0 0 2 0 0 2 0 0 2 2 0 1 0 0 0 0 0 2 0 1 2 0 1 0 1 2 0 1 1 1 1 2 0 0 0 1 2 1 2 0 0 2 1 0 0 0 2 1 2 1 1 2 2 1 0 2 1 2 1 2 0 2 1 0 0 0 2 0 0 0 0 0 1 1 0 1 0 0 1 1 2 2 2 0 2 0 0 2 0 0 0 0 0 1 2 1 1 0 1 1 0 0 2 0 0 2 0 0 2 2 0 1 0 0 0 0 0 2 0 1 2 0 1 0 1 2 0 1 1 1 1 2 0 0 0 1 2 1 2 0 0 2 1 0 0 0 2 1 2 1 1 2 2 1 0 2 1 2 1 2 0 2 1 0 0 0 2 0 0 0 0 0 1 1 0 1 0 0 1 1 2 2 2 0 2 0 0 2 0 0 0 0 0 1
0.0621588488737371 1.45886870163623 0.210171974095227 0.581281570171238 1.50701386996725 -1 0 1 2 0 1 2 1 0 2 0 1 1 0 0 2 0 0 1 1 0 0 2 2 2 0 1 2 0 0 1 2 1 0 0 0 1 2 2 0 0 0 1 1 0 2 0 0 1 1 0 0 0 2 1 2 1 2 1 0 0 0 1 1 0 0 1 0 0 1 0 0 0 2 0 0 1 1 1 1 2 2 2 0 1 1 1 2 2 1 0 2 0 0 1 0 2 1 2 1 1 0 -1 -2 0 -1 -2 -1 0 -2 0 -1 -1 0 0 -2 0 0 -1 -1 0 0 -2 -2 -2 0 -1 -2 0 0 -1 -2 -1 0 0 0 -1 -2 -2 0 0 0 -1 -1 0 -2 0 0 -1 -1 0 0 0 -2 -1 -2 -1 -2 -1 0 0 0 -1 -1 0 0 -1 0 0 -1 0 0 0 -2 0 0 -1 -1 -1 -1 -2 -2 -2 0 -1 -1 -1 -2 -2 -1 0 -2 0 0 -1 0 -2 -1 -2 -1 -1
-2.093142709233 -0.743136208740066 0.793109456260526 -1.32494698530848 -0.847462206607002 1 2 2 1 0 1 1 0 0 1 0 2 2 1 1 2 0 0 1 1 0 0 0 1 2 1 1 2 0 1 0 1 1 0 0 0 0 1 2 0 1 1 1 1 0 2 0 0 2 2 0 1 0 2 1 2 2 2 2 2 1 1 1 1 1 0 1 0 1 2 1 0 1 2 0 0 1 1 2 1 2 1 2 1 1 1 1 1 2 1 0 1 1 0 2 0 1 0 0 0 1 2 2 1 0 1 1 0 0 1 0 2 2 1 1 2 0 0 1 1 0 0 0 1 2 1 1 2 0 1 0 1 1 0 0 0 0 1 2 0 1 1 1 1 0 2 0 0 2 2 0 1 0 2 1 2 2 2 2 2 1 1 1 1 1 0 1 0 1 2 1 0 1 2 0 0 1 1 2 1 2 1 2 1 1 1 1 1 2 1 0 1 1 0 2 0 1 0 0 0 1
0.839163916162354 -1.99745983306063 0.50797452861844 0.145721810654792 -0.444716434763409 1 0 0 0 0 2 1 0 1 1 1 2 2 0 0 2 2 0 1 0 0 0 0 0 2 0 0 1 0 1 0 0 2 1 1 1 1 2 2 2 1 0 1 2 0 2 0 0 2 1 0 1 0 2 1 2 2 2 2 0 1 0 0 0 0 0 0 0 0 1 0 0 1 2 0 0 0 0 0 0 2 0 2 0 0 1 0 1 2 2 0 1 0 0 1 0 0 0 1 0 1 0 0 0 0 2 1 0 1 1 1 2 2 0 0 2 2 0 1 0 0 0 0 0 2 0 0 1 0 1 0 0 2 1 1 1 1 2 2 2 1 0 1 2 0 2 0 0 2 1 0 1 0 2 1 2 2 2 2 0 1 0 0 0 0 0 0 0 0 1 0 0 1 2 0 0 0 0 0 0 2 0 2 0 0 1 0 1 2 2 0 1 0 0 1 0 0 0 1 0 1
0.501808453447925 -0.565689511253264 -1.49497775268449 0.188191177932798 -1.0505671443025 -1 1 2 2 0 1 2 1 0 1 0 1 2 0 0 2 0 1 2 1 0 0 1 2 2 1 2 2 0 1 0 1 2 0 0 0 0 2 2 0 0 0 0 1 1 2 0 0 2 2 0 1 0 2 1 2 1 2 2 1 0 0 2 1 0 0 2 0 2 1 0 0 0 2 0 0 0 0 1 0 2 1 2 0 0 0 0 1 2 2 0 1 0 0 2 1 2 0 2 2 1 -1 -2 -2 0 -1 -2 -1 0 -1 0 -1 -2 0 0 -2 0 -1 -2 -1 0 0 -1 -2 -2 -1 -2 -2 0 -1 0 -1 -2 0 0 0 0 -2 -2 0 0 0 0 -1 -1 -2 0 0 -2 -2 0 -1 0 -2 -1 -2 -1 -2 -2 -1 0 0 -2 -1 0 0 -2 0 -2 -1 0 0 0 -2 0 0 0 0 -1 0 -2 -1 -2 0 0 0 0 -1 -2 -2 0 -1 0 0 -2 -1 -2 0 -2 -2 -1
-0.825819277809148 1.3125233864453 -0.506397472930091 -0.904164987309826 0.953782037323693 1 2 1 1 1 1 2 1 1 2 1 1 2 0 0 2 0 0 1 1 0 0 0 0 1 0 0 2 0 1 1 2 1 0 0 0 0 1 2 0 0 0 1 0 0 2 0 0 2 1 0 1 0 2 1 2 1 2 2 0 0 1 1 0 0 0 2 1 1 2 0 0 1 2 0 1 1 1 1 1 2 1 2 1 0 1 1 0 0 1 0 1 1 1 2 0 1 0 1 0 2 2 1 1 1 1 2 1 1 2 1 1 2 0 0 2 0 0 1 1 0 0 0 0 1 0 0 2 0 1 1 2 1 0 0 0 0 1 2 0 0 0 1 0 0 2 0 0 2 1 0 1 0 2 1 2 1 2 2 0 0 1 1 0 0 0 2 1 1 2 0 0 1 2 0 1 1 1 1 1 2 1 2 1 0 1 1 0 0 1 0 1 1 1 2 0 1 0 1 0 2
-0.96332548804324 -0.982652973684028 0.858472594545559 -0.566671014551957 0.233129413029605 -1 2 2 2 1 1 1 0 0 0 0 1 2 0 0 2 1 0 1 0 0 0 0 1 2 0 0 0 0 2 1 2 1 0 0 0 0 1 2 0 0 0 0 0 0 2 1 0 2 2 0 1 0 2 1 2 2 1 1 0 0 0 2 0 0 1 2 0 0 0 0 0 0 1 0 1 0 0 0 0 1 0 1 0 0 1 1 1 2 2 0 2 0 0 1 0 2 1 1 0 0 -2 -2 -2 -1 -1 -1 0 0 0 0 -1 -2 0 0 -2 -1 0 -1 0 0 0 0 -1 -2 0 0 0 0 -2 -1 -2 -1 0 0 0 0 -1 -2 0 0 0 0 0 0 -2 -1 0 -2 -2 0 -1 0 -2 -1 -2 -2 -1 -1 0 0 0 -2 0 0 -1 -2 0 0 0 0 0 0 -1 0 -1 0 0 0 0 -1 0 -1 0 0 -1 -1 -1 -2 -2 0 -2 0 0 -1 0 -2 -1 -1 0 0
0.655985201124915 -0.816708284249628 -0.423796734952457 -1.05553558706318 -0.511501751744173 -1 1 1 1 0 0 2 1 0 2 1 0 2 0 1 2 0 0 0 1 1 0 1 2 2 0 1 1 0 1 1 2 1 0 0 0 0 1 2 0 0 0 2 2 0 2 0 1 2 2 0 0 0 2 2 2 1 2 2 1 1 1 1 0 0 0 2 1 1 0 0 0 0 2 0 1 1 2 1 2 2 1 2 0 0 1 2 1 2 2 0 1 1 0 1 0 0 0 1 2 0 -1 -1 -1 0 0 -2 -1 0 -2 -1 0 -2 0 -1 -2 0 0 0 -1 -1 0 -1 -2 -2 0 -1 -1 0 -1 -1 -2 -1 0 0 0 0 -1 -2 0 0 0 -2 -2 0 -2 0 -1 -2 -2 0 0 0 -2 -2 -2 -1 -2 -2 -1 -1 -1 -1 0 0 0 -2 -1 -1 0 0 0 0 -2 0 -1 -1 -2 -1 -2 -2 -1 -2 0 0 -1 -2 -1 -2 -2 0 -1 -1 0 -1 0 0 0 -1 -2 0
-0.855018500015988 -1.16258649501682 -0.931598676660276 -0.990900936111772 -0.189228691279357 -1 1 2 1 0 1 0 0 1 1 0 1 1 0 0 1 0 0 2 2 1 0 0 0 2 0 0 2 1 1 1 1 1 0 0 0 0 1 2 2 1 0 2 1 0 1 0 0 2 1 0 0 0 2 0 2 2 2 2 0 2 1 1 0 0 0 2 0 0 0 0 1 1 2 0 0 0 1 1 0 2 1 2 0 0 1 2 2 2 2 0 2 0 0 2 1 0 0 1 0 1 -1 -2 -1 0 -1 0 0 -1 -1 0 -1 -1 0 0 -1 0 0 -2 -2 -1 0 0 0 -2 0 0 -2 -1 -1 -1 -1 -1 0 0 0 0 -1 -2 -2 -1 0 -2 -1 0 -1 0 0 -2 -1 0 0 0 -2 0 -2 -2 -2 -2 0 -2 -1 -1 0 0 0 -2 0 0 0 0 -1 -1 -2 0 0 0 -1 -1 0 -2 -1 -2 0 0 -1 -2 -2 -2 -2 0 -2 0 0 -2 -1 0 0 -1 0 -1
1.28321203029447 0.899152081446337 1.793266389537 0.865781741420787 0.525933445294874 -1 2 1 1 0 1 2 0 0 1 0 0 0 0 0 2 1 1 2 2 0 0 0 0 2 0 1 1 0 0 0 2 1 0 0 0 0 2 2 1 0 0 2 0 0 1 0 0 1 1 0 1 0 2 2 2 2 2 2 1 1 0 1 0 1 1 2 0 1 2 1 0 0 2 0 0 0 1 1 0 2 0 2 0 0 1 2 2 2 1 0 1 0 0 1 0 2 1 2 0 0 -2 -1 -1 0 -1 -2 0 0 -1 0 0 0 0 0 -2 -1 -1 -2 -2 0 0 0 0 -2 0 -1 -1 0 0 0 -2 -1 0 0 0 0 -2 -2 -1 0 0 -2 0 0 -1 0 0 -1 -1 0 -1 0 -2 -2 -2 -2 -2 -2 -1 -1 0 -1 0 -1 -1 -2 0 -1 -2 -1 0 0 -2 0 0 0 -1 -1 0 -2 0 -2 0 0 -1 -2 -2 -2 -1 0 -1 0 0 -1 0 -2 -1 -2 0 0
0.32874068173822 0.00406926102059581 0.701401152998525 -0.628986467611327 -1.25972199936356 1 2 2 2 1 1 1 1 0 0 0 1 2 0 0 2 1 0 2 2 0 0 1 1 2 0 1 2 0 0 0 2 1 0 0 0 1 2 2 1 0 0 0 2 0 2 0 0 2 1 0 1 0 2 1 2 0 2 2 0 0 0 1 0 0 0 2 1 1 1 0 0 0 2 1 1 1 1 0 1 2 0 2 2 1 1 0 0 1 1 0 2 0 0 0 0 0 0 0 0 0 2 2 2 1 1 1 1 0 0 0 1 2 0 0 2 1 0 2 2 0 0 1 1 2 0 1 2 0 0 0 2 1 0 0 0 1 2 2 1 0 0 0 2 0 2 0 0 2 1 0 1 0 2 1 2 0 2 2 0 0 0 1 0 0 0 2 1 1 1 0 0 0 2 1 1 1 1 0 1 2 0 2 2 1 1 0 0 1 1 0 2 0 0 0 0 0 0 0 0 0
-0.572869952788191 0.0733381512699531 0.221601928773156 2.66651897908603 0.371460279705774 1 2 2 1 0 1 1 1 0 2 0 0 2 0 0 1 0 0 1 1 1 1 1 1 2 1 0 1 0 0 0 0 1 0 1 0 1 2 2 0 0 0 1 2 1 2 1 0 2 2 0 1 0 2 1 2 2 1 1 0 0 0 2 0 1 1 2 0 1 1 0 0 0 2 0 0 0 1 1 1 2 1 2 0 0 2 1 2 2 2 0 1 0 0 1 0 0 0 1 0 1 2 2 1 0 1 1 1 0 2 0 0 2 0 0 1 0 0 1 1 1 1 1 1 2 1 0 1 0 0 0 0 1 0 1 0 1 2 2 0 0 0 1 2 1 2 1 0 2 2 0 1 0 2 1 2 2 1 1 0 0 0 2 0 1 1 2 0 1 1 0 0 0 2 0 0 0 1 1 1 2 1 2 0 0 2 1 2 2 2 0 1 0 0 1 0 0 0 1 0 1
-1.51742900889928 0.466780693461417 0.187472626439228 -1.8909218081328 0.409998076476369 1 1 1 0 0 0 1 1 1 2 0 1 1 0 0 1 0 0 2 0 0 0 0 1 2 2 1 2 0 0 0 1 1 0 1 0 0 2 2 0 0 0 0 1 0 2 1 0 2 1 0 0 0 2 1 2 1 2 2 1 1 0 1 0 0 0 1 0 0 0 0 0 1 2 0 1 0 1 0 0 2 2 2 0 0 1 2 2 2 1 0 1 0 0 1 0 1 0 0 0 2 1 1 0 0 0 1 1 1 2 0 1 1 0 0 1 0 0 2 0 0 0 0 1 2 2 1 2 0 0 0 1 1 0 1 0 0 2 2 0 0 0 0 1 0 2 1 0 2 1 0 0 0 2 1 2 1 2 2 1 1 0 1 0 0 0 1 0 0 0 0 0 1 2 0 1 0 1 0 0 2 2 2 0 0 1 2 2 2 1 0 1 0 0 1 0 1 0 0 0 2
-0.84494797528393 0.586136795564057 -0.666664499609002 -1.65604577290844 2.11088423761133 -1 1 2 1 0 0 2 0 0 1 0 0 1 0 0 1 1 0 2 0 1 0 0 1 2 1 0 1 0 1 1 2 2 0 0 0 0 1 2 0 0 0 0 2 0 2 0 0 2 2 1 1 0 2 1 2 1 1 2 0 0 0 1 0 0 0 2 0 0 0 0 0 0 2 0 0 0 1 0 1 2 1 2 0 0 2 1 1 1 1 0 2 1 0 1 0 1 0 2 1 1 -1 -2 -1 0 0 -2 0 0 -1 0 0 -1 0 0 -1 -1 0 -2 0 -1 0 0 -1 -2 -1 0 -1 0 -1 -1 -2 -2 0 0 0 0 -1 -2 0 0 0 0 -2 0 -2 0 0 -2 -2 -1 -1 0 -2 -1 -2 -1 -1 -2 0 0 0 -1 0 0 0 -2 0 0 0 0 0 0 -2 0 0 0 -1 0 -1 -2 -1 -2 0 0 -2 -1 -1 -1 -1 0 -2 -1 0 -1 0 -1 0 -2 -1 -1
-1.78710339784956 0.97038777264973 1.51627216678767 0.787291917956704 0.988510560158112 -1 0 0 0 0 2 2 0 1 1 0 0 1 0 0 2 1 0 2 1 1 1 1 0 2 1 2 2 1 2 1 1 2 0 0 0 0 2 2 0 0 0 2 2 0 1 0 0 1 2 0 0 0 2 2 2 2 2 2 1 1 1 0 0 0 0 0 0 2 1 0 0 1 2 1 0 0 1 1 1 2 0 2 0 0 1 1 2 2 2 0 2 2 1 2 0 2 0 1 0 0 0 0 0 0 -2 -2 0 -1 -1 0 0 -1 0 0 -2 -1 0 -2 -1 -1 -1 -1 0 -2 -1 -2 -2 -1 -2 -1 -1 -2 0 0 0 0 -2 -2 0 0 0 -2 -2 0 -1 0 0 -1 -2 0 0 0 -2 -2 -2 -2 -2 -2 -1 -1 -1 0 0 0 0 0 0 -2 -1 0 0 -1 -2 -1 0 0 -1 -1 -1 -2 0 -2 0 0 -1 -1 -2 -2 -2 0 -2 -2 -1 -2 0 -2 0 -1 0 0
-1.30420430973424 2.1093731784709 0.618315352919634 -0.801956995302599 0.352460052721119 1 2 2 2 2 2 2 1 0 1 1 2 2 0 0 2 0 1 1 1 1 1 1 2 2 2 1 2 0 1 0 2 2 0 1 1 1 2 2 0 0 0 1 2 0 2 0 0 2 0 0 0 0 2 2 2 1 2 2 1 0 0 1 0 0 0 2 0 1 1 0 0 0 2 0 1 0 1 1 1 2 0 2 0 0 1 0 1 1 2 0 2 1 0 2 0 1 0 2 0 1 2 2 2 2 2 2 1 0 1 1 2 2 0 0 2 0 1 1 1 1 1 1 2 2 2 1 2 0 1 0 2 2 0 1 1 1 2 2 0 0 0 1 2 0 2 0 0 2 0 0 0 0 2 2 2 1 2 2 1 0 0 1 0 0 0 2 0 1 1 0 0 0 2 0 1 0 1 1 1 2 0 2 0 0 1 0 1 1 2 0 2 1 0 2 0 1 0 2 0 1
0.56399625961268 -1.94927683526902 -1.32580000312358 -1.20769944133839 0.713191839884133 1 2 0 0 0 1 2 0 0 2 1 1 2 0 0 1 0 0 2 2 0 0 1 1 2 0 1 1 0 1 1 2 2 0 0 0 0 2 2 1 0 0 1 1 0 2 0 1 2 2 1 1 0 2 0 2 1 2 2 1 1 0 1 0 0 0 1 0 1 0 0 0 1 2 0 0 0 0 1 0 2 1 2 0 0 1 1 0 1 2 0 2 0 1 2 0 1 0 1 0 1 2 0 0 0 1 2 0 0 2 1 1 2 0 0 1 0 0 2 2 0 0 1 1 2 0 1 1 0 1 1 2 2 0 0 0 0 2 2 1 0 0 1 1 0 2 0 1 2 2 1 1 0 2 0 2 1 2 2 1 1 0 1 0 0 0 1 0 1 0 0 0 1 2 0 0 0 0 1 0 2 1 2 0 0 1 1 0 1 2 0 2 0 1 2 0 1 0 1 0 1
-0.5913454194061 -0.558649323649816 -0.630882794455681 -0.583712209619047 -1.02308354043653 -1 2 2 0 0 1 1 0 0 0 0 1 2 0 1 2 1 1 2 2 0 0 0 1 1 0 0 1 0 1 0 1 2 1 1 0 0 2 2 1 0 0 0 1 1 2 0 0 2 1 0 1 0 2 1 2 1 2 2 2 1 0 2 0 0 0 1 0 0 0 0 0 0 2 0 1 0 2 0 2 2 1 2 1 2 1 2 1 2 2 0 2 0 0 0 0 1 1 1 0 2 -2 -2 0 0 -1 -1 0 0 0 0 -1 -2 0 -1 -2 -1 -1 -2 -2 0 0 0 -1 -1 0 0 -1 0 -1 0 -1 -2 -1 -1 0 0 -2 -2 -1 0 0 0 -1 -1 -2 0 0 -2 -1 0 -1 0 -2 -1 -2 -1 -2 -2 -2 -1 0 -2 0 0 0 -1 0 0 0 0 0 0 -2 0 -1 0 -2 0 -2 -2 -1 -2 -1 -2 -1 -2 -1 -2 -2 0 -2 0 0 0 0 -1 -1 -1 0 -2
-0.609826869912443 0.236158563740754 0.681375152806816 -0.119606334699375 -0.905688528326174 -1 1 1 0 1 1 1 1 0 2 0 1 2 0 2 2 2 1 2 1 0 0 2 2 2 1 2 2 1 0 1 1 1 1 1 0 0 2 2 0 0 0 0 2 0 2 1 2 2 1 0 0 0 2 0 2 2 2 2 0 1 0 0 0 0 0 2 1 2 0 0 0 0 2 0 0 0 1 0 0 1 1 2 0 1 2 2 2 1 2 0 2 0 0 1 0 0 0 0 0 0 -1 -1 0 -1 -1 -1 -1 0 -2 0 -1 -2 0 -2 -2 -2 -1 -2 -1 0 0 -2 -2 -2 -1 -2 -2 -1 0 -1 -1 -1 -1 -1 0 0 -2 -2 0 0 0 0 -2 0 -2 -1 -2 -2 -1 0 0 0 -2 0 -2 -2 -2 -2 0 -1 0 0 0 0 0 -2 -1 -2 0 0 0 0 -2 0 0 0 -1 0 0 -1 -1 -2 0 -1 -2 -2 -2 -1 -2 0 -2 0 0 -1 0 0 0 0 0 0
1.05088870147096 1.35294904989554 0.927216441930896 1.63505823639856 0.388233626032832 -1 2 2 1 0 2 2 2 2 2 1 0 1 0 1 2 1 0 2 2 1 0 0 2 2 1 1 2 0 1 0 1 0 0 0 0 0 2 2 0 0 0 1 1 0 2 0 0 2 0 0 0 0 2 1 2 1 2 2 0 0 1 1 0 1 1 2 0 0 1 0 0 0 2 0 0 0 1 0 2 2 1 1 0 0 1 0 1 2 2 0 1 0 0 1 0 1 1 2 1 2 -2 -2 -1 0 -2 -2 -2 -2 -2 -1 0 -1 0 -1 -2 -1 0 -2 -2 -1 0 0 -2 -2 -1 -1 -2 0 -1 0 -1 0 0 0 0 0 -2 -2 0 0 0 -1 -1 0 -2 0 0 -2 0 0 0 0 -2 -1 -2 -1 -2 -2 0 0 -1 -1 0 -1 -1 -2 0 0 -1 0 0 0 -2 0 0 0 -1 0 -2 -2 -1 -1 0 0 -1 0 -1 -2 -2 0 -1 0 0 -1 0 -1 -1 -2 -1 -2
