0.825550625755743 0.43266534306551 1.05246991479182 -0.207905880857987 -1.18025575856821 1 1 2 0 2 0 1 2 2 1 1 1 0 0 1 2 2 2 1 1 2 1 1 2 2 2 2 1 1 0 1 0 1 0 1 2 1 0 1 1 2 2 1 1 1 1 2 0 0 0 2 2 2 2 2 2 2 1 2 2 1 2 2 1 2 1 2 2 2 2 1 1 1 0 1 0 0 1 2 1 2 1 1 2 0 0 0 1 2 1 1 2 2 0 2 2 1 1 1 1 1 1 2 0 2 0 1 2 2 1 1 1 0 0 1 2 2 2 1 1 2 1 1 2 2 2 2 1 1 0 1 0 1 0 1 2 1 0 1 1 2 2 1 1 1 1 2 0 0 0 2 2 2 2 2 2 2 1 2 2 1 2 2 1 2 1 2 2 2 2 1 1 1 0 1 0 0 1 2 1 2 1 1 2 0 0 0 1 2 1 1 2 2 0 2 2 1 1 1 1 1
0.381192193284402 0.033171266680939 1.56197817160969 1.14460368874517 1.9107332151062 -1 0 1 0 2 0 0 2 1 0 0 0 0 0 0 1 0 1 1 0 2 2 1 2 0 1 1 0 0 1 1 0 1 2 2 2 2 0 1 1 2 2 1 0 2 1 2 2 0 0 2 1 1 2 2 2 1 0 2 1 0 0 2 1 2 0 1 1 2 0 1 0 1 0 0 0 1 0 2 2 2 1 0 2 1 1 0 1 2 2 2 2 2 0 2 2 0 0 1 1 0 0 -1 0 -2 0 0 -2 -1 0 0 0 0 0 0 -1 0 -1 -1 0 -2 -2 -1 -2 0 -1 -1 0 0 -1 -1 0 -1 -2 -2 -2 -2 0 -1 -1 -2 -2 -1 0 -2 -1 -2 -2 0 0 -2 -1 -1 -2 -2 -2 -1 0 -2 -1 0 0 -2 -1 -2 0 -1 -1 -2 0 -1 0 -1 0 0 0 -1 0 -2 -2 -2 -1 0 -2 -1 -1 0 -1 -2 -2 -2 -2 -2 0 -2 -2 0 0 -1 -1 0
0.0169336218342112 -2.558043744833 0.261543777816447 0.816099566000142 -0.58641384813343 -1 0 2 0 2 0 2 2 2 0 1 1 1 0 1 2 2 2 1 0 2 1 0 0 1 2 1 0 1 1 1 0 2 0 0 2 2 0 1 1 2 2 0 0 0 0 0 0 0 0 2 1 2 2 2 1 0 0 2 2 0 1 2 2 2 1 2 2 2 1 2 2 2 0 1 0 1 0 2 1 2 0 1 2 2 1 0 1 2 2 2 1 1 0 2 2 0 0 1 1 1 0 -2 0 -2 0 -2 -2 -2 0 -1 -1 -1 0 -1 -2 -2 -2 -1 0 -2 -1 0 0 -1 -2 -1 0 -1 -1 -1 0 -2 0 0 -2 -2 0 -1 -1 -2 -2 0 0 0 0 0 0 0 0 -2 -1 -2 -2 -2 -1 0 0 -2 -2 0 -1 -2 -2 -2 -1 -2 -2 -2 -1 -2 -2 -2 0 -1 0 -1 0 -2 -1 -2 0 -1 -2 -2 -1 0 -1 -2 -2 -2 -1 -1 0 -2 -2 0 0 -1 -1 -1
-0.861611470880125 0.298978107060985 0.00291412282615628 1.87676939439571 0.574841289521128 1 0 1 0 1 0 1 2 2 1 2 1 0 0 1 2 1 1 0 1 2 1 2 1 1 1 1 0 0 0 1 1 2 2 1 2 2 1 2 2 2 1 1 1 2 2 2 1 0 1 2 2 2 2 0 2 1 0 1 0 0 0 2 2 2 1 1 1 2 2 1 1 2 0 0 1 0 0 2 2 2 1 0 2 1 0 1 1 2 2 1 1 1 0 1 2 1 0 0 1 0 0 1 0 1 0 1 2 2 1 2 1 0 0 1 2 1 1 0 1 2 1 2 1 1 1 1 0 0 0 1 1 2 2 1 2 2 1 2 2 2 1 1 1 2 2 2 1 0 1 2 2 2 2 0 2 1 0 1 0 0 0 2 2 2 1 1 1 2 2 1 1 2 0 0 1 0 0 2 2 2 1 0 2 1 0 1 1 2 2 1 1 1 0 1 2 1 0 0 1 0
0.000700160669046844 0.329582821594476 -1.89148814001217 1.24773071022459 1.56741396511521 1 0 2 0 1 0 1 2 2 2 2 0 0 0 0 2 1 0 0 0 2 1 0 0 2 1 1 1 2 2 1 1 2 1 0 2 2 1 0 0 2 2 2 1 1 0 1 2 1 1 2 2 2 2 2 2 1 2 2 1 0 1 2 2 2 0 1 1 2 1 1 0 2 0 0 1 1 0 1 1 2 2 0 2 1 1 1 2 2 1 1 1 2 0 0 1 0 0 1 2 0 0 2 0 1 0 1 2 2 2 2 0 0 0 0 2 1 0 0 0 2 1 0 0 2 1 1 1 2 2 1 1 2 1 0 2 2 1 0 0 2 2 2 1 1 0 1 2 1 1 2 2 2 2 2 2 1 2 2 1 0 1 2 2 2 0 1 1 2 1 1 0 2 0 0 1 1 0 1 1 2 2 0 2 1 1 1 2 2 1 1 1 2 0 0 1 0 0 1 2 0
-0.311462219370397 -0.516900344638496 -0.260849424366727 -1.73446589374726 -0.748486913253304 -1 0 0 0 2 0 1 2 2 1 1 0 0 0 1 2 1 0 0 0 1 1 0 0 0 2 1 0 1 1 1 0 1 1 0 2 1 0 0 0 2 2 1 1 2 1 2 2 1 0 2 2 2 2 1 2 1 1 2 2 1 1 2 2 2 1 2 2 2 1 0 0 2 0 0 0 0 1 1 1 2 1 1 2 2 0 1 1 1 1 2 2 2 0 2 2 0 1 1 1 0 0 0 0 -2 0 -1 -2 -2 -1 -1 0 0 0 -1 -2 -1 0 0 0 -1 -1 0 0 0 -2 -1 0 -1 -1 -1 0 -1 -1 0 -2 -1 0 0 0 -2 -2 -1 -1 -2 -1 -2 -2 -1 0 -2 -2 -2 -2 -1 -2 -1 -1 -2 -2 -1 -1 -2 -2 -2 -1 -2 -2 -2 -1 0 0 -2 0 0 0 0 -1 -1 -1 -2 -1 -1 -2 -2 0 -1 -1 -1 -1 -2 -2 -2 0 -2 -2 0 -1 -1 -1 0
0.684150922995349 0.316118929199462 1.66615242531105 0.0474448782419115 1.26731236567105 -1 0 2 1 2 0 1 2 2 0 0 0 0 0 1 2 2 2 1 1 2 1 1 2 2 2 1 0 0 0 1 0 2 1 0 2 1 0 1 2 2 2 1 0 1 0 0 1 0 0 2 1 0 2 1 1 0 1 2 0 0 1 2 1 1 2 2 2 2 0 0 0 1 0 0 0 0 0 2 2 2 1 0 1 1 0 0 1 1 2 2 2 2 0 1 2 0 0 0 0 0 0 -2 -1 -2 0 -1 -2 -2 0 0 0 0 0 -1 -2 -2 -2 -1 -1 -2 -1 -1 -2 -2 -2 -1 0 0 0 -1 0 -2 -1 0 -2 -1 0 -1 -2 -2 -2 -1 0 -1 0 0 -1 0 0 -2 -1 0 -2 -1 -1 0 -1 -2 0 0 -1 -2 -1 -1 -2 -2 -2 -2 0 0 0 -1 0 0 0 0 0 -2 -2 -2 -1 0 -1 -1 0 0 -1 -1 -2 -2 -2 -2 0 -1 -2 0 0 0 0 0
-1.27040070875835 -0.614715305842318 -1.13149736185906 0.89579162542792 -0.00678775699369069 -1 0 2 0 2 0 2 2 1 0 0 0 0 0 1 2 2 1 1 2 2 2 1 0 2 2 0 0 1 1 1 0 2 1 0 1 1 1 0 0 2 2 2 2 2 1 0 1 0 0 2 2 2 2 0 0 1 1 2 1 0 0 2 1 1 0 0 1 2 2 2 2 0 0 0 1 2 2 2 2 1 0 0 2 1 1 0 2 2 2 2 1 2 0 2 2 0 0 1 2 0 0 -2 0 -2 0 -2 -2 -1 0 0 0 0 0 -1 -2 -2 -1 -1 -2 -2 -2 -1 0 -2 -2 0 0 -1 -1 -1 0 -2 -1 0 -1 -1 -1 0 0 -2 -2 -2 -2 -2 -1 0 -1 0 0 -2 -2 -2 -2 0 0 -1 -1 -2 -1 0 0 -2 -1 -1 0 0 -1 -2 -2 -2 -2 0 0 0 -1 -2 -2 -2 -2 -1 0 0 -2 -1 -1 0 -2 -2 -2 -2 -1 -2 0 -2 -2 0 0 -1 -2 0
-0.886669989069974 -0.286757163180533 1.28648820231069 -0.0101920570448898 0.306468372658333 -1 0 1 0 2 1 0 2 2 0 2 0 0 0 1 2 2 2 1 1 2 2 0 1 2 2 2 0 0 1 2 0 2 1 0 2 2 1 0 1 2 1 1 1 1 0 1 1 0 0 2 2 2 2 1 1 2 1 2 1 1 1 2 2 2 1 2 2 2 1 1 1 1 0 1 1 1 0 2 2 2 2 1 2 2 1 2 2 2 2 1 1 1 0 1 2 0 0 0 0 0 0 -1 0 -2 -1 0 -2 -2 0 -2 0 0 0 -1 -2 -2 -2 -1 -1 -2 -2 0 -1 -2 -2 -2 0 0 -1 -2 0 -2 -1 0 -2 -2 -1 0 -1 -2 -1 -1 -1 -1 0 -1 -1 0 0 -2 -2 -2 -2 -1 -1 -2 -1 -2 -1 -1 -1 -2 -2 -2 -1 -2 -2 -2 -1 -1 -1 -1 0 -1 -1 -1 0 -2 -2 -2 -2 -1 -2 -2 -1 -2 -2 -2 -2 -1 -1 -1 0 -1 -2 0 0 0 0 0
-0.0171188238583396 -0.936147142689782 0.172447960303468 -0.255294248075645 -0.463769607777142 1 0 0 0 1 0 1 2 2 1 1 0 0 0 1 2 2 1 1 2 2 2 2 2 1 1 2 2 1 0 2 0 0 0 0 2 2 0 0 1 2 0 0 0 1 1 0 1 0 0 2 2 1 2 1 1 1 0 2 0 0 1 2 2 2 1 1 1 2 1 1 2 2 1 1 0 1 0 2 2 2 1 0 2 1 0 1 1 1 2 1 1 2 0 2 2 0 1 1 2 1 0 0 0 1 0 1 2 2 1 1 0 0 0 1 2 2 1 1 2 2 2 2 2 1 1 2 2 1 0 2 0 0 0 0 2 2 0 0 1 2 0 0 0 1 1 0 1 0 0 2 2 1 2 1 1 1 0 2 0 0 1 2 2 2 1 1 1 2 1 1 2 2 1 1 0 1 0 2 2 2 1 0 2 1 0 1 1 1 2 1 1 2 0 2 2 0 1 1 2 1
-0.0768345142152775 -0.188815425499656 0.416136115656583 -0.193631128163568 0.81078941721847 1 1 2 0 2 0 1 2 2 0 0 0 1 0 2 2 0 1 1 1 2 1 0 0 1 2 0 1 2 0 2 1 2 2 1 2 1 0 0 0 2 1 0 1 1 0 0 1 0 0 2 2 2 2 1 0 1 1 2 1 0 1 2 2 1 1 2 2 2 1 1 2 2 1 1 0 1 1 2 2 2 1 1 2 1 1 1 0 1 2 2 1 2 0 1 2 0 0 0 2 0 1 2 0 2 0 1 2 2 0 0 0 1 0 2 2 0 1 1 1 2 1 0 0 1 2 0 1 2 0 2 1 2 2 1 2 1 0 0 0 2 1 0 1 1 0 0 1 0 0 2 2 2 2 1 0 1 1 2 1 0 1 2 2 1 1 2 2 2 1 1 2 2 1 1 0 1 1 2 2 2 1 1 2 1 1 1 0 1 2 2 1 2 0 1 2 0 0 0 2 0
0.0837540512323879 -0.0836120138294183 0.198855253655766 -0.316155021506866 -0.080927233481977 1 0 1 0 2 0 2 1 1 1 1 0 0 0 0 2 1 0 1 0 2 1 0 1 2 1 0 0 0 0 1 1 1 2 1 2 1 0 2 2 2 1 0 0 1 1 2 1 0 0 1 1 2 2 1 1 1 2 2 1 0 0 2 2 2 1 1 1 2 1 2 1 2 0 1 0 1 1 2 2 2 1 1 2 2 1 1 1 2 2 2 1 2 0 2 2 0 1 1 1 1 0 1 0 2 0 2 1 1 1 1 0 0 0 0 2 1 0 1 0 2 1 0 1 2 1 0 0 0 0 1 1 1 2 1 2 1 0 2 2 2 1 0 0 1 1 2 1 0 0 1 1 2 2 1 1 1 2 2 1 0 0 2 2 2 1 1 1 2 1 2 1 2 0 1 0 1 1 2 2 2 1 1 2 2 1 1 1 2 2 2 1 2 0 2 2 0 1 1 1 1
0.311641735687474 -1.08374651859265 -1.0662665424137 1.25108886257941 0.273659672745081 -1 0 1 0 1 0 2 2 1 0 1 0 0 0 1 2 1 0 0 1 2 2 2 2 1 1 1 1 2 1 2 0 1 2 0 2 2 2 2 2 2 1 0 0 2 0 0 1 0 0 2 2 2 2 1 0 0 0 2 1 0 2 2 1 1 0 1 1 2 2 2 0 1 0 0 0 0 1 2 2 2 1 1 2 2 1 1 1 2 2 1 1 2 0 2 2 0 0 0 1 0 0 -1 0 -1 0 -2 -2 -1 0 -1 0 0 0 -1 -2 -1 0 0 -1 -2 -2 -2 -2 -1 -1 -1 -1 -2 -1 -2 0 -1 -2 0 -2 -2 -2 -2 -2 -2 -1 0 0 -2 0 0 -1 0 0 -2 -2 -2 -2 -1 0 0 0 -2 -1 0 -2 -2 -1 -1 0 -1 -1 -2 -2 -2 0 -1 0 0 0 0 -1 -2 -2 -2 -1 -1 -2 -2 -1 -1 -1 -2 -2 -1 -1 -2 0 -2 -2 0 0 0 -1 0
-0.485179165625616 -0.223502216681016 -0.475491138179738 0.703091327089941 -0.579686047112283 1 0 2 0 1 0 0 2 1 0 1 0 0 0 1 2 0 0 1 1 2 2 2 2 1 1 1 1 2 1 0 0 1 0 0 2 2 0 0 0 2 1 0 0 1 0 1 2 0 0 2 2 2 2 1 1 1 0 1 0 0 1 2 1 2 0 2 2 2 1 1 0 1 0 0 1 1 0 1 2 2 0 0 2 1 0 0 1 2 2 2 2 2 0 1 2 0 0 0 0 0 0 2 0 1 0 0 2 1 0 1 0 0 0 1 2 0 0 1 1 2 2 2 2 1 1 1 1 2 1 0 0 1 0 0 2 2 0 0 0 2 1 0 0 1 0 1 2 0 0 2 2 2 2 1 1 1 0 1 0 0 1 2 1 2 0 2 2 2 1 1 0 1 0 0 1 1 0 1 2 2 0 0 2 1 0 0 1 2 2 2 2 2 0 1 2 0 0 0 0 0
0.682714507848829 -1.02132042762015 0.423483145386276 -0.644008262139588 -0.285271229362684 -1 0 0 0 1 0 1 2 1 0 0 0 0 0 0 2 1 2 1 1 2 1 1 1 1 2 0 0 0 1 1 0 0 1 0 2 2 1 0 1 2 1 0 0 1 2 1 2 0 2 2 2 1 2 2 2 1 1 2 1 1 1 2 2 2 0 2 2 2 0 0 1 2 0 1 1 0 0 1 2 2 0 1 2 1 1 1 2 1 2 2 2 2 0 1 2 0 0 0 1 0 0 0 0 -1 0 -1 -2 -1 0 0 0 0 0 0 -2 -1 -2 -1 -1 -2 -1 -1 -1 -1 -2 0 0 0 -1 -1 0 0 -1 0 -2 -2 -1 0 -1 -2 -1 0 0 -1 -2 -1 -2 0 -2 -2 -2 -1 -2 -2 -2 -1 -1 -2 -1 -1 -1 -2 -2 -2 0 -2 -2 -2 0 0 -1 -2 0 -1 -1 0 0 -1 -2 -2 0 -1 -2 -1 -1 -1 -2 -1 -2 -2 -2 -2 0 -1 -2 0 0 0 -1 0
0.176857729492984 0.267822713224285 -0.310093738922292 0.558314939426922 -0.476085604437876 -1 0 0 0 2 0 2 2 1 0 1 0 0 0 1 2 1 1 1 1 2 2 2 2 2 2 1 1 2 1 1 0 1 1 0 2 2 0 1 0 2 1 1 2 2 1 1 2 0 0 2 0 1 1 0 0 1 0 1 0 0 2 2 2 2 1 2 1 2 1 2 0 2 0 0 1 2 0 2 2 2 1 0 1 0 1 1 0 2 2 2 2 2 0 2 2 0 1 1 1 0 0 0 0 -2 0 -2 -2 -1 0 -1 0 0 0 -1 -2 -1 -1 -1 -1 -2 -2 -2 -2 -2 -2 -1 -1 -2 -1 -1 0 -1 -1 0 -2 -2 0 -1 0 -2 -1 -1 -2 -2 -1 -1 -2 0 0 -2 0 -1 -1 0 0 -1 0 -1 0 0 -2 -2 -2 -2 -1 -2 -1 -2 -1 -2 0 -2 0 0 -1 -2 0 -2 -2 -2 -1 0 -1 0 -1 -1 0 -2 -2 -2 -2 -2 0 -2 -2 0 -1 -1 -1 0
1.2794160814663 0.621415937534571 1.29891192848678 0.807950693782179 -1.12808426671459 1 0 0 0 2 0 0 2 1 0 0 0 0 0 1 2 2 2 1 0 2 0 0 0 0 0 0 0 0 0 1 1 2 2 1 2 0 0 0 0 2 2 0 0 1 2 1 2 0 0 2 2 2 2 1 1 1 1 2 1 0 1 2 0 1 0 1 1 2 1 2 2 2 0 0 1 1 1 2 2 1 1 1 2 2 0 0 2 2 2 2 2 2 0 2 2 0 1 2 1 0 0 0 0 2 0 0 2 1 0 0 0 0 0 1 2 2 2 1 0 2 0 0 0 0 0 0 0 0 0 1 1 2 2 1 2 0 0 0 0 2 2 0 0 1 2 1 2 0 0 2 2 2 2 1 1 1 1 2 1 0 1 2 0 1 0 1 1 2 1 2 2 2 0 0 1 1 1 2 2 1 1 1 2 2 0 0 2 2 2 2 2 2 0 2 2 0 1 2 1 0
-1.37775210650471 0.301655386298226 1.28329077741611 0.83275869618252 0.941708867151772 1 0 1 0 2 0 1 2 1 1 2 2 1 0 1 2 2 1 0 1 2 1 1 1 1 1 0 0 2 1 0 0 1 1 0 2 1 0 1 0 2 2 0 0 0 1 1 0 0 0 2 2 2 2 2 1 1 1 2 0 0 1 2 1 2 0 2 2 2 2 2 1 2 0 0 0 2 0 2 2 2 0 0 2 2 1 0 2 2 2 2 2 2 0 2 2 1 0 1 2 0 0 1 0 2 0 1 2 1 1 2 2 1 0 1 2 2 1 0 1 2 1 1 1 1 1 0 0 2 1 0 0 1 1 0 2 1 0 1 0 2 2 0 0 0 1 1 0 0 0 2 2 2 2 2 1 1 1 2 0 0 1 2 1 2 0 2 2 2 2 2 1 2 0 0 0 2 0 2 2 2 0 0 2 2 1 0 2 2 2 2 2 2 0 2 2 1 0 1 2 0
0.608040397704824 -0.283009488541333 -0.899128324884646 0.328681109678881 -1.09572475859264 1 0 1 0 1 0 1 2 2 1 1 1 1 0 0 2 2 1 0 0 2 2 1 1 1 0 0 1 0 0 2 0 1 0 0 2 2 1 1 1 2 1 0 0 1 1 2 1 0 0 2 2 1 2 1 1 1 0 2 0 0 1 2 1 1 1 2 2 2 2 2 2 2 1 0 1 1 0 1 2 2 1 1 2 0 0 0 1 0 2 2 1 2 0 2 2 0 0 1 2 1 0 1 0 1 0 1 2 2 1 1 1 1 0 0 2 2 1 0 0 2 2 1 1 1 0 0 1 0 0 2 0 1 0 0 2 2 1 1 1 2 1 0 0 1 1 2 1 0 0 2 2 1 2 1 1 1 0 2 0 0 1 2 1 1 1 2 2 2 2 2 2 2 1 0 1 1 0 1 2 2 1 1 2 0 0 0 1 0 2 2 1 2 0 2 2 0 0 1 2 1
0.42215428369081 -0.209147803928421 1.7503042653618 -1.00545853981922 0.186816367563729 1 0 2 0 2 0 1 2 1 1 2 1 0 0 2 2 1 1 1 0 1 1 0 1 1 2 0 0 1 1 1 0 2 1 0 0 2 0 1 1 2 1 1 1 2 0 1 2 0 0 2 2 1 2 2 1 1 1 2 1 0 1 2 1 1 0 1 1 1 0 1 0 0 0 0 1 2 1 1 1 2 1 2 2 2 1 0 2 2 2 1 2 2 0 2 2 1 1 2 1 1 0 2 0 2 0 1 2 1 1 2 1 0 0 2 2 1 1 1 0 1 1 0 1 1 2 0 0 1 1 1 0 2 1 0 0 2 0 1 1 2 1 1 1 2 0 1 2 0 0 2 2 1 2 2 1 1 1 2 1 0 1 2 1 1 0 1 1 1 0 1 0 0 0 0 1 2 1 1 1 2 1 2 2 2 1 0 2 2 2 1 2 2 0 2 2 1 1 2 1 1
0.444389727468637 0.409898967675795 0.540203039437429 -0.488374662718926 -0.778373535345686 1 0 1 0 2 0 0 2 1 1 1 0 0 0 0 2 2 1 0 1 2 1 1 1 1 2 2 2 1 2 0 0 1 0 0 1 1 1 1 1 1 1 1 0 1 0 0 0 0 0 1 1 1 2 0 1 1 1 2 2 0 0 2 1 1 0 2 1 1 1 1 1 2 0 0 0 1 2 2 2 1 1 1 2 2 2 1 1 2 2 2 2 2 0 2 2 0 1 2 2 1 0 1 0 2 0 0 2 1 1 1 0 0 0 0 2 2 1 0 1 2 1 1 1 1 2 2 2 1 2 0 0 1 0 0 1 1 1 1 1 1 1 1 0 1 0 0 0 0 0 1 1 1 2 0 1 1 1 2 2 0 0 2 1 1 0 2 1 1 1 1 1 2 0 0 0 1 2 2 2 1 1 1 2 2 2 1 1 2 2 2 2 2 0 2 2 0 1 2 2 1
0.908379717855915 1.61584542215369 0.183559429926972 0.369127326999442 -0.354796293019949 1 0 1 0 1 0 1 2 1 1 0 0 0 0 0 1 2 0 0 0 2 1 0 0 0 1 0 0 0 0 1 0 2 1 1 2 2 0 0 1 2 2 1 1 2 1 1 1 0 0 2 2 0 1 1 1 1 0 2 2 0 1 2 2 1 1 1 2 2 1 2 1 2 0 0 0 1 1 2 2 2 2 1 2 1 2 1 1 2 2 2 2 2 0 2 2 0 0 1 1 0 0 1 0 1 0 1 2 1 1 0 0 0 0 0 1 2 0 0 0 2 1 0 0 0 1 0 0 0 0 1 0 2 1 1 2 2 0 0 1 2 2 1 1 2 1 1 1 0 0 2 2 0 1 1 1 1 0 2 2 0 1 2 2 1 1 1 2 2 1 2 1 2 0 0 0 1 1 2 2 2 2 1 2 1 2 1 1 2 2 2 2 2 0 2 2 0 0 1 1 0
-0.692049146685672 0.562311816475365 -0.366533434649559 0.299250255344085 -0.0351912347783815 -1 0 1 0 2 0 1 2 1 0 0 0 0 0 1 2 2 1 1 1 2 2 2 1 2 0 1 0 2 0 1 0 2 2 0 2 1 0 1 0 2 1 0 0 1 0 1 1 0 0 2 2 2 2 2 1 2 1 2 0 1 1 2 1 2 1 1 1 1 1 1 1 1 0 0 0 1 0 2 2 2 2 1 2 1 0 1 1 2 1 2 2 1 0 1 2 1 1 1 1 0 0 -1 0 -2 0 -1 -2 -1 0 0 0 0 0 -1 -2 -2 -1 -1 -1 -2 -2 -2 -1 -2 0 -1 0 -2 0 -1 0 -2 -2 0 -2 -1 0 -1 0 -2 -1 0 0 -1 0 -1 -1 0 0 -2 -2 -2 -2 -2 -1 -2 -1 -2 0 -1 -1 -2 -1 -2 -1 -1 -1 -1 -1 -1 -1 -1 0 0 0 -1 0 -2 -2 -2 -2 -1 -2 -1 0 -1 -1 -2 -1 -2 -2 -1 0 -1 -2 -1 -1 -1 -1 0
-0.617833986357003 1.41320098816474 -0.432510582242594 -0.235511386402308 0.63462519923149 1 0 2 0 2 0 2 2 2 1 1 0 0 0 0 2 1 1 1 1 2 2 2 2 2 2 1 0 1 0 2 0 1 1 0 2 2 2 2 1 2 2 1 1 1 0 0 0 0 0 2 1 1 2 1 0 0 0 1 1 1 1 2 1 2 1 2 1 1 0 1 1 1 0 0 0 0 1 1 2 1 1 0 2 1 1 0 1 2 1 2 1 2 0 2 2 1 1 1 1 0 0 2 0 2 0 2 2 2 1 1 0 0 0 0 2 1 1 1 1 2 2 2 2 2 2 1 0 1 0 2 0 1 1 0 2 2 2 2 1 2 2 1 1 1 0 0 0 0 0 2 1 1 2 1 0 0 0 1 1 1 1 2 1 2 1 2 1 1 0 1 1 1 0 0 0 0 1 1 2 1 1 0 2 1 1 0 1 2 1 2 1 2 0 2 2 1 1 1 1 0
-0.0103992914199824 0.352578141930506 -0.300826196945962 0.910894218434493 -1.83577406155233 -1 0 1 0 1 0 2 2 1 0 2 1 0 0 1 2 2 1 1 1 1 2 2 1 2 2 1 1 2 0 1 0 2 2 1 2 2 1 1 1 2 2 0 1 2 1 1 0 0 0 1 0 0 2 1 0 1 1 1 0 0 1 2 1 1 1 2 2 2 1 1 0 1 0 0 1 2 2 2 1 2 1 0 2 2 1 2 2 2 2 2 0 1 0 2 2 0 0 1 2 0 0 -1 0 -1 0 -2 -2 -1 0 -2 -1 0 0 -1 -2 -2 -1 -1 -1 -1 -2 -2 -1 -2 -2 -1 -1 -2 0 -1 0 -2 -2 -1 -2 -2 -1 -1 -1 -2 -2 0 -1 -2 -1 -1 0 0 0 -1 0 0 -2 -1 0 -1 -1 -1 0 0 -1 -2 -1 -1 -1 -2 -2 -2 -1 -1 0 -1 0 0 -1 -2 -2 -2 -1 -2 -1 0 -2 -2 -1 -2 -2 -2 -2 -2 0 -1 0 -2 -2 0 0 -1 -2 0
-0.104993119634953 -0.532045443293394 0.10035625448321 0.0527429960650027 0.580962091891104 1 0 2 0 2 0 1 2 2 2 1 1 1 0 1 2 1 1 0 1 2 2 2 2 2 2 0 0 1 0 1 0 2 1 1 2 2 2 1 0 2 1 0 0 2 1 1 0 0 0 2 1 1 2 1 0 1 0 2 0 0 1 2 2 2 2 2 2 2 1 2 1 1 0 0 0 1 0 1 2 2 1 0 2 1 0 1 1 1 1 1 2 2 0 2 2 1 0 1 1 1 0 2 0 2 0 1 2 2 2 1 1 1 0 1 2 1 1 0 1 2 2 2 2 2 2 0 0 1 0 1 0 2 1 1 2 2 2 1 0 2 1 0 0 2 1 1 0 0 0 2 1 1 2 1 0 1 0 2 0 0 1 2 2 2 2 2 2 2 1 2 1 1 0 0 0 1 0 1 2 2 1 0 2 1 0 1 1 1 1 1 2 2 0 2 2 1 0 1 1 1
1.42737408306473 -0.434137859552581 -0.81376026169278 0.532931469771256 1.05293815098901 -1 1 2 0 2 0 1 2 2 1 1 0 1 1 2 2 2 2 2 2 2 2 2 2 2 1 1 1 2 2 1 0 0 0 0 1 1 0 0 0 2 2 2 0 2 1 2 1 1 0 2 2 2 2 1 1 2 2 2 2 1 0 2 1 2 1 2 2 1 0 1 0 2 0 0 1 1 0 2 2 1 0 0 2 1 0 0 1 1 2 1 2 2 0 2 2 2 2 1 2 1 -1 -2 0 -2 0 -1 -2 -2 -1 -1 0 -1 -1 -2 -2 -2 -2 -2 -2 -2 -2 -2 -2 -2 -1 -1 -1 -2 -2 -1 0 0 0 0 -1 -1 0 0 0 -2 -2 -2 0 -2 -1 -2 -1 -1 0 -2 -2 -2 -2 -1 -1 -2 -2 -2 -2 -1 0 -2 -1 -2 -1 -2 -2 -1 0 -1 0 -2 0 0 -1 -1 0 -2 -2 -1 0 0 -2 -1 0 0 -1 -1 -2 -1 -2 -2 0 -2 -2 -2 -2 -1 -2 -1
1.6451219978369 -1.66359259362046 -0.207274909263705 -0.295803100428747 -0.651630160732081 1 0 1 0 2 0 0 2 2 1 0 0 0 0 1 2 2 1 0 0 2 1 1 0 2 2 2 1 2 2 2 1 2 1 0 2 2 1 1 1 1 1 1 1 1 1 2 1 0 0 2 2 1 2 0 1 0 1 2 1 0 2 2 1 2 0 1 0 2 1 2 0 2 0 0 1 0 1 2 2 1 1 0 2 1 0 0 1 1 2 1 1 1 0 1 2 0 0 0 1 0 0 1 0 2 0 0 2 2 1 0 0 0 0 1 2 2 1 0 0 2 1 1 0 2 2 2 1 2 2 2 1 2 1 0 2 2 1 1 1 1 1 1 1 1 1 2 1 0 0 2 2 1 2 0 1 0 1 2 1 0 2 2 1 2 0 1 0 2 1 2 0 2 0 0 1 0 1 2 2 1 1 0 2 1 0 0 1 1 2 1 1 1 0 1 2 0 0 0 1 0
-0.143957134612895 -0.744955733041449 -1.82711699892782 0.0851994578078695 -0.94144627290375 1 0 0 0 2 0 1 1 0 0 0 0 0 0 0 2 2 0 0 1 2 2 1 0 2 2 1 1 2 1 0 0 1 1 0 2 1 1 0 0 2 1 0 0 1 1 1 2 1 0 2 1 2 2 1 1 1 1 2 2 1 2 2 1 2 0 1 2 2 1 0 0 2 0 0 1 1 0 1 2 2 2 1 2 1 1 2 1 2 2 2 1 2 0 2 2 1 1 2 2 0 0 0 0 2 0 1 1 0 0 0 0 0 0 0 2 2 0 0 1 2 2 1 0 2 2 1 1 2 1 0 0 1 1 0 2 1 1 0 0 2 1 0 0 1 1 1 2 1 0 2 1 2 2 1 1 1 1 2 2 1 2 2 1 2 0 1 2 2 1 0 0 2 0 0 1 1 0 1 2 2 2 1 2 1 1 2 1 2 2 2 1 2 0 2 2 1 1 2 2 0
2.42206268481533 0.746167863545933 0.104902332038357 -1.76181846563593 0.477744146885289 1 0 1 0 2 0 1 2 2 1 0 1 1 1 1 2 1 1 1 1 1 1 1 1 1 2 1 0 1 1 1 0 1 1 0 1 2 0 1 1 2 2 2 2 2 1 1 1 0 0 2 2 2 2 2 2 2 2 2 2 0 0 2 2 2 0 0 2 2 1 1 1 1 0 1 1 1 1 2 2 2 1 1 2 0 0 0 1 1 2 1 2 2 0 2 2 0 0 1 2 0 0 1 0 2 0 1 2 2 1 0 1 1 1 1 2 1 1 1 1 1 1 1 1 1 2 1 0 1 1 1 0 1 1 0 1 2 0 1 1 2 2 2 2 2 1 1 1 0 0 2 2 2 2 2 2 2 2 2 2 0 0 2 2 2 0 0 2 2 1 1 1 1 0 1 1 1 1 2 2 2 1 1 2 0 0 0 1 1 2 1 2 2 0 2 2 0 0 1 2 0
1.19633785197469 0.0415845068293665 -1.25828728907012 -1.10849078249096 0.419313580446541 1 0 2 0 2 0 2 2 2 1 2 1 0 0 0 2 2 1 1 0 1 1 1 2 1 2 2 1 2 1 2 1 2 2 0 2 1 0 1 1 2 1 1 0 1 1 2 1 1 0 2 1 2 2 1 0 0 1 2 0 0 2 2 2 2 0 1 2 1 0 1 0 2 0 0 0 0 0 2 2 1 1 0 2 2 1 0 1 1 2 0 1 2 0 1 2 0 0 1 2 0 0 2 0 2 0 2 2 2 1 2 1 0 0 0 2 2 1 1 0 1 1 1 2 1 2 2 1 2 1 2 1 2 2 0 2 1 0 1 1 2 1 1 0 1 1 2 1 1 0 2 1 2 2 1 0 0 1 2 0 0 2 2 2 2 0 1 2 1 0 1 0 2 0 0 0 0 0 2 2 1 1 0 2 2 1 0 1 1 2 0 1 2 0 1 2 0 0 1 2 0
-0.638746137398568 -1.37076637760939 -0.445885164277821 0.361396893723862 -0.426954508489089 -1 0 1 1 2 0 1 2 0 0 1 1 0 0 0 2 1 0 0 0 1 2 1 1 2 2 1 0 1 0 1 0 1 1 0 1 1 0 1 1 2 2 1 1 2 0 1 2 0 0 2 2 1 1 0 0 0 1 2 2 1 2 2 2 2 1 2 2 2 0 0 0 1 0 0 0 1 1 2 2 1 0 0 2 1 0 0 0 1 2 0 1 2 0 1 2 0 1 1 2 1 0 -1 -1 -2 0 -1 -2 0 0 -1 -1 0 0 0 -2 -1 0 0 0 -1 -2 -1 -1 -2 -2 -1 0 -1 0 -1 0 -1 -1 0 -1 -1 0 -1 -1 -2 -2 -1 -1 -2 0 -1 -2 0 0 -2 -2 -1 -1 0 0 0 -1 -2 -2 -1 -2 -2 -2 -2 -1 -2 -2 -2 0 0 0 -1 0 0 0 -1 -1 -2 -2 -1 0 0 -2 -1 0 0 0 -1 -2 0 -1 -2 0 -1 -2 0 -1 -1 -2 -1
-0.239761581037472 -0.852341185589281 0.790178660932403 1.93076092744706 0.782962658106918 -1 0 0 0 1 0 0 2 1 0 1 1 0 0 1 2 2 1 1 0 2 2 1 1 2 2 0 1 0 0 1 0 0 1 1 2 2 2 0 2 2 2 2 0 2 2 2 1 0 0 2 1 1 2 1 1 1 1 2 0 0 1 2 2 2 1 2 2 2 1 1 1 2 0 0 0 1 1 2 2 2 2 0 2 0 0 1 1 1 2 0 1 2 0 2 2 0 0 1 0 0 0 0 0 -1 0 0 -2 -1 0 -1 -1 0 0 -1 -2 -2 -1 -1 0 -2 -2 -1 -1 -2 -2 0 -1 0 0 -1 0 0 -1 -1 -2 -2 -2 0 -2 -2 -2 -2 0 -2 -2 -2 -1 0 0 -2 -1 -1 -2 -1 -1 -1 -1 -2 0 0 -1 -2 -2 -2 -1 -2 -2 -2 -1 -1 -1 -2 0 0 0 -1 -1 -2 -2 -2 -2 0 -2 0 0 -1 -1 -1 -2 0 -1 -2 0 -2 -2 0 0 -1 0 0
0.596995246133981 0.710138758881261 -0.928539952038481 -0.815924137915832 -0.320528716909725 1 0 1 0 2 1 1 2 2 0 0 0 0 0 2 2 2 2 1 1 2 1 1 2 0 1 0 0 0 0 1 0 2 1 0 1 1 1 1 0 2 1 0 0 2 0 2 2 1 0 2 1 1 2 2 1 0 1 2 1 0 1 2 1 1 0 2 2 2 1 1 1 2 0 0 1 2 2 2 2 1 0 1 2 0 0 0 0 2 2 2 2 2 0 2 2 0 0 0 1 1 0 1 0 2 1 1 2 2 0 0 0 0 0 2 2 2 2 1 1 2 1 1 2 0 1 0 0 0 0 1 0 2 1 0 1 1 1 1 0 2 1 0 0 2 0 2 2 1 0 2 1 1 2 2 1 0 1 2 1 0 1 2 1 1 0 2 2 2 1 1 1 2 0 0 1 2 2 2 2 1 0 1 2 0 0 0 0 2 2 2 2 2 0 2 2 0 0 0 1 1
0.237852384496403 -0.321609862471649 1.84432140350151 1.86847113465123 -0.496631464397807 -1 0 2 0 2 0 1 2 1 1 0 0 0 0 0 2 1 1 0 1 2 2 1 1 2 1 0 0 1 1 1 0 2 0 1 2 2 0 1 1 2 1 1 1 1 1 1 0 0 1 2 1 2 2 1 1 2 2 2 0 0 2 2 2 2 0 1 0 1 0 1 0 1 0 1 1 1 2 2 2 2 1 1 2 2 0 1 1 1 2 1 1 1 0 1 2 0 0 0 0 0 0 -2 0 -2 0 -1 -2 -1 -1 0 0 0 0 0 -2 -1 -1 0 -1 -2 -2 -1 -1 -2 -1 0 0 -1 -1 -1 0 -2 0 -1 -2 -2 0 -1 -1 -2 -1 -1 -1 -1 -1 -1 0 0 -1 -2 -1 -2 -2 -1 -1 -2 -2 -2 0 0 -2 -2 -2 -2 0 -1 0 -1 0 -1 0 -1 0 -1 -1 -1 -2 -2 -2 -2 -1 -1 -2 -2 0 -1 -1 -1 -2 -1 -1 -1 0 -1 -2 0 0 0 0 0
-1.27894911200464 0.0761879541240537 1.597247667096 -0.356451681554264 1.20822902198876 1 1 2 0 1 0 1 2 1 0 1 1 0 0 2 2 0 1 0 1 2 2 2 2 1 2 1 1 0 0 2 1 2 1 0 2 2 0 0 0 2 2 0 1 2 0 1 0 0 0 2 2 2 2 2 2 1 0 2 0 0 1 2 1 1 0 1 1 2 0 2 0 1 0 0 0 0 0 0 1 2 1 0 2 2 0 0 1 2 2 1 2 1 0 2 2 0 1 0 2 0 1 2 0 1 0 1 2 1 0 1 1 0 0 2 2 0 1 0 1 2 2 2 2 1 2 1 1 0 0 2 1 2 1 0 2 2 0 0 0 2 2 0 1 2 0 1 0 0 0 2 2 2 2 2 2 1 0 2 0 0 1 2 1 1 0 1 1 2 0 2 0 1 0 0 0 0 0 0 1 2 1 0 2 2 0 0 1 2 2 1 2 1 0 2 2 0 1 0 2 0
0.156646457941253 1.0730887007817 1.28020553823739 1.71618983805526 -0.522260478523256 1 0 2 0 2 0 2 2 1 1 1 0 0 0 0 2 1 1 1 2 2 2 0 0 1 2 2 2 1 2 0 0 1 1 0 2 2 1 1 1 2 2 1 2 2 2 2 1 0 1 2 1 1 2 2 0 0 0 2 1 0 0 1 1 1 0 1 2 2 2 1 0 2 0 0 0 0 0 2 2 2 0 0 2 2 0 0 1 1 2 1 2 2 1 2 2 0 0 1 1 0 0 2 0 2 0 2 2 1 1 1 0 0 0 0 2 1 1 1 2 2 2 0 0 1 2 2 2 1 2 0 0 1 1 0 2 2 1 1 1 2 2 1 2 2 2 2 1 0 1 2 1 1 2 2 0 0 0 2 1 0 0 1 1 1 0 1 2 2 2 1 0 2 0 0 0 0 0 2 2 2 0 0 2 2 0 0 1 1 2 1 2 2 1 2 2 0 0 1 1 0
1.42077205970171 1.25101455996388 -0.205119039193407 -0.840609381085727 -0.065794835160002 1 0 1 0 2 0 1 2 1 0 0 0 0 0 1 2 1 1 0 1 2 1 0 1 1 2 1 0 0 0 2 1 2 2 2 2 2 1 2 2 1 0 0 0 2 1 2 0 0 0 2 2 1 2 1 1 0 0 2 2 2 2 2 2 2 1 2 2 2 2 2 1 2 0 1 1 1 1 2 2 2 2 0 2 1 1 2 2 2 2 2 2 2 0 0 2 0 0 2 2 0 0 1 0 2 0 1 2 1 0 0 0 0 0 1 2 1 1 0 1 2 1 0 1 1 2 1 0 0 0 2 1 2 2 2 2 2 1 2 2 1 0 0 0 2 1 2 0 0 0 2 2 1 2 1 1 0 0 2 2 2 2 2 2 2 1 2 2 2 2 2 1 2 0 1 1 1 1 2 2 2 2 0 2 1 1 2 2 2 2 2 2 2 0 0 2 0 0 2 2 0
0.489572219055139 1.00940877052719 -0.288990423424449 0.0873948697524332 0.410634723606122 1 0 0 0 1 0 1 2 2 0 1 0 0 0 1 2 1 1 1 1 2 2 1 1 1 1 1 1 1 1 2 0 1 0 0 2 1 0 0 1 2 2 2 1 1 1 2 2 1 1 2 1 1 2 1 2 2 1 2 1 0 1 2 1 2 2 2 2 2 1 2 1 0 0 1 1 1 1 2 2 1 0 0 2 1 0 0 0 0 1 2 2 2 0 0 2 0 0 1 2 1 0 0 0 1 0 1 2 2 0 1 0 0 0 1 2 1 1 1 1 2 2 1 1 1 1 1 1 1 1 2 0 1 0 0 2 1 0 0 1 2 2 2 1 1 1 2 2 1 1 2 1 1 2 1 2 2 1 2 1 0 1 2 1 2 2 2 2 2 1 2 1 0 0 1 1 1 1 2 2 1 0 0 2 1 0 0 0 0 1 2 2 2 0 0 2 0 0 1 2 1
1.36370013600113 -0.146907820884135 0.236384710720287 -0.564248984524225 0.998260761872026 -1 0 0 0 1 1 1 2 1 0 0 0 0 0 1 2 1 1 0 2 2 0 0 0 1 1 1 1 0 0 2 0 2 2 0 2 2 1 1 2 2 2 1 0 1 0 2 1 0 0 2 2 0 2 2 2 1 2 2 1 0 1 2 1 2 1 2 2 2 2 2 0 1 0 0 2 2 2 2 2 1 1 0 2 0 0 0 1 2 2 1 2 2 0 1 2 0 0 0 1 1 0 0 0 -1 -1 -1 -2 -1 0 0 0 0 0 -1 -2 -1 -1 0 -2 -2 0 0 0 -1 -1 -1 -1 0 0 -2 0 -2 -2 0 -2 -2 -1 -1 -2 -2 -2 -1 0 -1 0 -2 -1 0 0 -2 -2 0 -2 -2 -2 -1 -2 -2 -1 0 -1 -2 -1 -2 -1 -2 -2 -2 -2 -2 0 -1 0 0 -2 -2 -2 -2 -2 -1 -1 0 -2 0 0 0 -1 -2 -2 -1 -2 -2 0 -1 -2 0 0 0 -1 -1
-1.52192209287803 -1.23154109149612 -0.155370851991785 0.106587070815502 -1.62449434135569 -1 0 1 0 2 0 1 2 2 1 0 1 0 1 2 2 1 2 1 1 2 0 0 1 0 0 0 0 0 0 1 0 1 0 1 2 2 1 2 1 2 1 0 0 1 0 0 0 0 0 2 2 2 2 1 1 1 0 2 1 0 1 2 2 2 0 1 2 2 2 2 2 1 0 1 1 1 0 2 2 2 0 1 2 1 1 0 1 2 2 2 1 2 0 2 2 1 0 1 2 0 0 -1 0 -2 0 -1 -2 -2 -1 0 -1 0 -1 -2 -2 -1 -2 -1 -1 -2 0 0 -1 0 0 0 0 0 0 -1 0 -1 0 -1 -2 -2 -1 -2 -1 -2 -1 0 0 -1 0 0 0 0 0 -2 -2 -2 -2 -1 -1 -1 0 -2 -1 0 -1 -2 -2 -2 0 -1 -2 -2 -2 -2 -2 -1 0 -1 -1 -1 0 -2 -2 -2 0 -1 -2 -1 -1 0 -1 -2 -2 -2 -1 -2 0 -2 -2 -1 0 -1 -2 0
0.217994010363131 -1.84308252705761 -0.137023115240711 -0.419363973078144 -0.109751052416236 -1 0 2 0 1 0 1 2 2 0 1 0 1 1 0 2 0 1 0 1 2 2 1 1 1 1 2 1 1 1 0 0 2 2 0 0 0 1 0 0 2 0 0 1 1 1 1 1 0 0 2 2 2 2 1 0 0 1 2 1 0 1 2 2 2 1 1 1 2 0 2 1 1 0 1 0 2 1 2 2 2 2 1 2 1 1 1 1 1 2 0 2 2 0 2 2 0 1 2 1 0 0 -2 0 -1 0 -1 -2 -2 0 -1 0 -1 -1 0 -2 0 -1 0 -1 -2 -2 -1 -1 -1 -1 -2 -1 -1 -1 0 0 -2 -2 0 0 0 -1 0 0 -2 0 0 -1 -1 -1 -1 -1 0 0 -2 -2 -2 -2 -1 0 0 -1 -2 -1 0 -1 -2 -2 -2 -1 -1 -1 -2 0 -2 -1 -1 0 -1 0 -2 -1 -2 -2 -2 -2 -1 -2 -1 -1 -1 -1 -1 -2 0 -2 -2 0 -2 -2 0 -1 -2 -1 0
-0.759861223531368 -0.578668997191488 -2.76686068352181 -0.297405256196255 -0.88317124387306 -1 0 1 0 0 0 2 2 1 0 0 0 0 0 1 2 2 1 1 1 2 1 1 1 1 2 2 1 1 2 0 0 2 2 0 2 2 2 2 2 2 1 0 1 1 1 1 1 0 0 2 2 2 2 2 1 0 0 1 1 0 2 2 1 2 0 1 1 2 0 1 0 1 0 0 0 0 0 1 2 2 1 1 2 2 0 0 0 1 2 1 0 1 0 1 2 0 0 1 0 0 0 -1 0 0 0 -2 -2 -1 0 0 0 0 0 -1 -2 -2 -1 -1 -1 -2 -1 -1 -1 -1 -2 -2 -1 -1 -2 0 0 -2 -2 0 -2 -2 -2 -2 -2 -2 -1 0 -1 -1 -1 -1 -1 0 0 -2 -2 -2 -2 -2 -1 0 0 -1 -1 0 -2 -2 -1 -2 0 -1 -1 -2 0 -1 0 -1 0 0 0 0 0 -1 -2 -2 -1 -1 -2 -2 0 0 0 -1 -2 -1 0 -1 0 -1 -2 0 0 -1 0 0
0.259292614230273 0.903532124644125 1.24452760895865 2.34601891524597 1.50269875174083 -1 0 2 0 1 0 0 2 2 2 1 0 0 0 2 2 1 0 1 0 0 1 1 2 2 2 1 1 1 0 1 0 1 1 0 2 2 1 1 1 2 0 0 0 1 0 0 1 0 0 2 2 1 2 2 2 2 1 2 1 0 2 2 2 2 1 2 2 2 1 2 1 1 0 0 0 0 0 1 2 2 1 1 2 1 0 2 1 2 2 2 1 2 0 1 2 0 2 2 1 0 0 -2 0 -1 0 0 -2 -2 -2 -1 0 0 0 -2 -2 -1 0 -1 0 0 -1 -1 -2 -2 -2 -1 -1 -1 0 -1 0 -1 -1 0 -2 -2 -1 -1 -1 -2 0 0 0 -1 0 0 -1 0 0 -2 -2 -1 -2 -2 -2 -2 -1 -2 -1 0 -2 -2 -2 -2 -1 -2 -2 -2 -1 -2 -1 -1 0 0 0 0 0 -1 -2 -2 -1 -1 -2 -1 0 -2 -1 -2 -2 -2 -1 -2 0 -1 -2 0 -2 -2 -1 0
0.0959190464780331 0.0432200452829313 0.25008267904176 -1.26656598992887 -0.374480535204299 -1 0 2 0 2 0 1 2 2 0 1 1 0 0 1 2 1 2 0 0 2 2 1 1 0 0 1 0 0 0 2 1 1 1 0 2 0 0 1 1 2 1 1 2 2 1 2 2 0 0 2 1 1 2 1 0 0 1 2 1 1 2 2 1 1 0 2 2 2 1 1 0 1 0 0 1 1 2 2 2 1 0 0 2 1 1 1 1 2 1 1 2 2 0 2 2 0 0 1 1 0 0 -2 0 -2 0 -1 -2 -2 0 -1 -1 0 0 -1 -2 -1 -2 0 0 -2 -2 -1 -1 0 0 -1 0 0 0 -2 -1 -1 -1 0 -2 0 0 -1 -1 -2 -1 -1 -2 -2 -1 -2 -2 0 0 -2 -1 -1 -2 -1 0 0 -1 -2 -1 -1 -2 -2 -1 -1 0 -2 -2 -2 -1 -1 0 -1 0 0 -1 -1 -2 -2 -2 -1 0 0 -2 -1 -1 -1 -1 -2 -1 -1 -2 -2 0 -2 -2 0 0 -1 -1 0
1.04083479959196 0.176833287231932 0.240148767878591 -0.159618986172402 0.631826144119335 1 0 2 1 2 1 1 2 1 0 1 0 1 0 2 2 2 1 1 1 1 1 1 2 2 2 1 1 1 1 1 0 1 1 1 2 1 1 0 0 2 2 1 1 2 1 1 0 0 0 2 2 1 2 0 0 0 2 2 0 0 1 2 2 2 0 2 2 2 1 2 0 2 0 1 0 0 0 2 2 2 1 1 2 1 0 0 2 2 2 2 2 2 0 1 2 0 0 1 1 0 0 2 1 2 1 1 2 1 0 1 0 1 0 2 2 2 1 1 1 1 1 1 2 2 2 1 1 1 1 1 0 1 1 1 2 1 1 0 0 2 2 1 1 2 1 1 0 0 0 2 2 1 2 0 0 0 2 2 0 0 1 2 2 2 0 2 2 2 1 2 0 2 0 1 0 0 0 2 2 2 1 1 2 1 0 0 2 2 2 2 2 2 0 1 2 0 0 1 1 0
-0.150140738532686 0.888804580354283 0.081865034398375 0.394022699866336 -0.534184812025808 1 0 1 0 2 0 1 2 2 1 2 1 0 0 2 2 2 1 2 0 2 1 1 2 1 1 0 0 0 1 1 0 0 1 0 2 0 0 0 0 2 1 1 1 1 1 2 2 0 1 2 2 2 2 1 1 2 2 2 0 0 1 2 2 1 1 1 0 2 1 1 1 1 0 0 0 1 2 2 2 2 2 1 2 2 0 0 0 1 1 0 2 2 0 1 2 0 1 1 2 0 0 1 0 2 0 1 2 2 1 2 1 0 0 2 2 2 1 2 0 2 1 1 2 1 1 0 0 0 1 1 0 0 1 0 2 0 0 0 0 2 1 1 1 1 1 2 2 0 1 2 2 2 2 1 1 2 2 2 0 0 1 2 2 1 1 1 0 2 1 1 1 1 0 0 0 1 2 2 2 2 2 1 2 2 0 0 0 1 1 0 2 2 0 1 2 0 1 1 2 0
1.46173512175756 -0.41929006460855 1.94715629230669 -0.539399054880603 -0.118365295006861 -1 0 2 0 1 0 1 2 1 0 1 2 1 0 0 2 1 2 1 1 2 2 1 1 0 2 0 1 1 1 1 0 1 0 1 1 1 1 1 1 2 1 0 0 1 1 1 2 0 0 2 1 2 2 0 1 0 1 2 0 0 0 1 1 1 0 1 1 2 1 2 1 2 0 0 0 0 0 2 2 2 2 0 2 1 1 0 2 2 2 2 2 2 0 1 2 1 2 2 2 0 0 -2 0 -1 0 -1 -2 -1 0 -1 -2 -1 0 0 -2 -1 -2 -1 -1 -2 -2 -1 -1 0 -2 0 -1 -1 -1 -1 0 -1 0 -1 -1 -1 -1 -1 -1 -2 -1 0 0 -1 -1 -1 -2 0 0 -2 -1 -2 -2 0 -1 0 -1 -2 0 0 0 -1 -1 -1 0 -1 -1 -2 -1 -2 -1 -2 0 0 0 0 0 -2 -2 -2 -2 0 -2 -1 -1 0 -2 -2 -2 -2 -2 -2 0 -1 -2 -1 -2 -2 -2 0
-0.307021505543234 -1.013657200333 0.97555507312086 -0.416519983109772 0.22838518976176 1 0 2 1 2 0 1 2 1 0 1 0 0 0 0 2 2 1 1 0 2 1 0 1 1 1 1 0 0 0 2 1 2 2 2 2 2 1 1 2 1 1 0 0 1 0 0 2 0 0 2 2 1 2 1 0 1 2 2 1 0 0 2 1 2 1 1 2 2 1 2 1 1 0 1 1 2 1 2 2 2 1 0 2 1 0 1 1 1 2 1 2 2 0 2 2 2 2 1 1 0 0 2 1 2 0 1 2 1 0 1 0 0 0 0 2 2 1 1 0 2 1 0 1 1 1 1 0 0 0 2 1 2 2 2 2 2 1 1 2 1 1 0 0 1 0 0 2 0 0 2 2 1 2 1 0 1 2 2 1 0 0 2 1 2 1 1 2 2 1 2 1 1 0 1 1 2 1 2 2 2 1 0 2 1 0 1 1 1 2 1 2 2 0 2 2 2 2 1 1 0
-0.16320359638953 -1.80214517229649 -0.781104315635432 0.162436622000926 0.937114725256837 -1 0 0 0 2 0 1 2 2 0 2 1 0 1 2 2 1 1 1 0 1 2 2 1 1 1 1 2 0 0 1 0 1 0 0 1 0 0 0 0 2 2 0 1 2 2 1 1 0 0 1 1 1 2 2 2 1 0 2 1 0 0 2 1 1 0 2 2 2 1 2 1 1 0 0 1 0 1 2 2 2 1 0 2 1 1 1 1 2 2 1 2 2 0 2 2 1 2 2 2 1 0 0 0 -2 0 -1 -2 -2 0 -2 -1 0 -1 -2 -2 -1 -1 -1 0 -1 -2 -2 -1 -1 -1 -1 -2 0 0 -1 0 -1 0 0 -1 0 0 0 0 -2 -2 0 -1 -2 -2 -1 -1 0 0 -1 -1 -1 -2 -2 -2 -1 0 -2 -1 0 0 -2 -1 -1 0 -2 -2 -2 -1 -2 -1 -1 0 0 -1 0 -1 -2 -2 -2 -1 0 -2 -1 -1 -1 -1 -2 -2 -1 -2 -2 0 -2 -2 -1 -2 -2 -2 -1
0.121346079089772 -0.391140279842764 0.0222854553714252 -1.1191570713657 -0.685167087125473 -1 0 1 0 2 0 1 2 2 0 0 1 0 0 0 2 2 0 1 1 2 2 1 2 2 2 1 1 0 0 0 0 2 1 0 2 1 1 1 0 2 2 1 1 2 1 1 2 0 0 1 1 2 2 2 0 2 2 2 1 0 0 2 1 1 0 1 0 1 1 1 0 2 0 0 1 0 0 2 2 2 0 0 2 1 0 0 2 1 1 0 2 2 0 2 2 1 0 1 0 0 0 -1 0 -2 0 -1 -2 -2 0 0 -1 0 0 0 -2 -2 0 -1 -1 -2 -2 -1 -2 -2 -2 -1 -1 0 0 0 0 -2 -1 0 -2 -1 -1 -1 0 -2 -2 -1 -1 -2 -1 -1 -2 0 0 -1 -1 -2 -2 -2 0 -2 -2 -2 -1 0 0 -2 -1 -1 0 -1 0 -1 -1 -1 0 -2 0 0 -1 0 0 -2 -2 -2 0 0 -2 -1 0 0 -2 -1 -1 0 -2 -2 0 -2 -2 -1 0 -1 0 0
0.234444686737397 -0.936549387560669 1.04703414209079 -1.46407360132677 -0.0775973629042267 1 0 2 0 2 0 2 2 1 2 1 0 0 0 2 2 1 0 2 1 2 1 0 0 0 1 0 0 0 0 1 0 1 0 0 1 0 0 0 0 2 2 1 0 2 2 2 1 0 0 2 2 2 2 2 1 2 2 2 1 0 2 2 2 2 1 2 2 2 1 1 0 2 0 0 0 1 1 2 2 2 0 0 1 1 0 1 0 0 2 1 0 1 0 2 2 0 0 0 1 0 0 2 0 2 0 2 2 1 2 1 0 0 0 2 2 1 0 2 1 2 1 0 0 0 1 0 0 0 0 1 0 1 0 0 1 0 0 0 0 2 2 1 0 2 2 2 1 0 0 2 2 2 2 2 1 2 2 2 1 0 2 2 2 2 1 2 2 2 1 1 0 2 0 0 0 1 1 2 2 2 0 0 1 1 0 1 0 0 2 1 0 1 0 2 2 0 0 0 1 0
1.57030692210419 -1.39556642013194 0.621832446518568 -0.698679948029449 0.635655227997406 1 0 2 0 2 0 1 2 2 0 0 0 0 0 0 2 1 1 1 1 2 2 1 0 1 1 0 0 0 0 1 0 1 1 0 2 0 0 0 0 2 1 1 2 2 1 1 2 0 0 2 1 1 2 1 2 1 2 2 0 0 0 1 0 1 0 1 0 2 0 1 0 0 0 0 0 1 0 2 2 2 1 0 1 0 0 1 2 1 2 1 2 2 0 2 2 2 1 2 2 0 0 2 0 2 0 1 2 2 0 0 0 0 0 0 2 1 1 1 1 2 2 1 0 1 1 0 0 0 0 1 0 1 1 0 2 0 0 0 0 2 1 1 2 2 1 1 2 0 0 2 1 1 2 1 2 1 2 2 0 0 0 1 0 1 0 1 0 2 0 1 0 0 0 0 0 1 0 2 2 2 1 0 1 0 0 1 2 1 2 1 2 2 0 2 2 2 1 2 2 0
0.958935004914661 1.35620357817724 -0.384361662174335 1.30533051326668 0.327882052023744 -1 0 1 0 2 0 1 2 2 1 1 0 0 0 0 2 2 1 2 0 2 2 1 2 1 1 0 0 1 0 1 0 1 0 0 2 1 2 2 0 2 0 0 0 0 0 0 0 0 0 2 2 2 2 2 2 1 1 2 1 0 1 2 2 2 0 1 2 1 1 1 1 2 0 1 2 1 0 2 2 2 1 0 1 1 0 0 1 2 2 1 2 1 0 1 1 0 0 1 1 0 0 -1 0 -2 0 -1 -2 -2 -1 -1 0 0 0 0 -2 -2 -1 -2 0 -2 -2 -1 -2 -1 -1 0 0 -1 0 -1 0 -1 0 0 -2 -1 -2 -2 0 -2 0 0 0 0 0 0 0 0 0 -2 -2 -2 -2 -2 -2 -1 -1 -2 -1 0 -1 -2 -2 -2 0 -1 -2 -1 -1 -1 -1 -2 0 -1 -2 -1 0 -2 -2 -2 -1 0 -1 -1 0 0 -1 -2 -2 -1 -2 -1 0 -1 -1 0 0 -1 -1 0
-0.294980133169946 1.11024369017014 -0.51863690756132 -2.26634721771348 -0.478261187789196 -1 0 0 0 2 1 1 2 2 0 1 1 1 1 1 2 2 1 1 0 2 0 0 1 0 1 0 0 1 1 0 0 1 2 0 2 1 0 1 1 2 1 0 1 2 0 0 0 0 0 2 2 1 2 1 1 1 1 2 0 0 1 2 1 2 1 2 1 2 2 2 1 2 0 0 0 2 2 2 1 2 2 1 2 1 0 2 1 1 2 2 1 2 0 0 2 0 0 0 0 0 0 0 0 -2 -1 -1 -2 -2 0 -1 -1 -1 -1 -1 -2 -2 -1 -1 0 -2 0 0 -1 0 -1 0 0 -1 -1 0 0 -1 -2 0 -2 -1 0 -1 -1 -2 -1 0 -1 -2 0 0 0 0 0 -2 -2 -1 -2 -1 -1 -1 -1 -2 0 0 -1 -2 -1 -2 -1 -2 -1 -2 -2 -2 -1 -2 0 0 0 -2 -2 -2 -1 -2 -2 -1 -2 -1 0 -2 -1 -1 -2 -2 -1 -2 0 0 -2 0 0 0 0 0
-0.373262750809103 1.05254731469251 -0.499463283589442 0.138975956380579 0.510233494358373 -1 0 1 0 2 0 2 2 1 0 0 0 0 0 0 2 0 0 0 2 2 2 2 2 2 1 0 0 1 0 1 0 0 0 0 1 1 0 1 0 2 1 0 1 0 1 1 0 0 0 2 2 1 2 0 0 0 1 2 2 1 2 2 2 2 2 2 2 2 0 0 0 1 0 1 1 2 1 2 2 2 1 0 2 0 0 1 0 1 2 1 2 2 0 2 2 0 0 1 0 0 0 -1 0 -2 0 -2 -2 -1 0 0 0 0 0 0 -2 0 0 0 -2 -2 -2 -2 -2 -2 -1 0 0 -1 0 -1 0 0 0 0 -1 -1 0 -1 0 -2 -1 0 -1 0 -1 -1 0 0 0 -2 -2 -1 -2 0 0 0 -1 -2 -2 -1 -2 -2 -2 -2 -2 -2 -2 -2 0 0 0 -1 0 -1 -1 -2 -1 -2 -2 -2 -1 0 -2 0 0 -1 0 -1 -2 -1 -2 -2 0 -2 -2 0 0 -1 0 0
0.346276864505623 -0.873380659579828 1.10181546038337 -0.402560112535777 2.25447705442924 -1 0 2 0 2 1 1 2 2 0 1 0 0 0 1 2 2 1 0 1 1 1 0 0 1 2 0 0 0 0 1 1 2 2 1 2 2 1 2 1 2 1 0 0 2 1 1 0 0 0 2 1 0 2 2 1 1 1 1 1 0 0 2 1 1 1 2 2 2 0 1 0 0 0 0 0 1 1 2 1 2 0 1 2 0 1 1 1 0 1 2 1 1 0 2 2 1 0 1 1 0 0 -2 0 -2 -1 -1 -2 -2 0 -1 0 0 0 -1 -2 -2 -1 0 -1 -1 -1 0 0 -1 -2 0 0 0 0 -1 -1 -2 -2 -1 -2 -2 -1 -2 -1 -2 -1 0 0 -2 -1 -1 0 0 0 -2 -1 0 -2 -2 -1 -1 -1 -1 -1 0 0 -2 -1 -1 -1 -2 -2 -2 0 -1 0 0 0 0 0 -1 -1 -2 -1 -2 0 -1 -2 0 -1 -1 -1 0 -1 -2 -1 -1 0 -2 -2 -1 0 -1 -1 0
-0.28675260325146 1.53032644339404 0.520571576194289 0.205570486035227 0.0581706018573405 -1 1 2 1 2 0 2 2 1 1 0 0 0 0 1 2 2 1 2 0 1 1 1 2 2 2 1 0 1 0 0 0 0 0 0 1 1 0 1 1 1 0 0 0 0 0 0 1 0 0 2 1 2 2 0 1 0 1 2 0 0 0 2 1 2 1 2 1 2 2 2 2 2 0 0 0 1 0 2 2 2 1 0 2 1 0 1 2 2 2 2 1 2 0 1 2 0 1 1 1 0 -1 -2 -1 -2 0 -2 -2 -1 -1 0 0 0 0 -1 -2 -2 -1 -2 0 -1 -1 -1 -2 -2 -2 -1 0 -1 0 0 0 0 0 0 -1 -1 0 -1 -1 -1 0 0 0 0 0 0 -1 0 0 -2 -1 -2 -2 0 -1 0 -1 -2 0 0 0 -2 -1 -2 -1 -2 -1 -2 -2 -2 -2 -2 0 0 0 -1 0 -2 -2 -2 -1 0 -2 -1 0 -1 -2 -2 -2 -2 -1 -2 0 -1 -2 0 -1 -1 -1 0
-0.419406360752338 -0.422983228959752 0.851304691209971 1.08235846508604 0.535246273550402 1 0 2 1 2 0 1 2 1 0 0 0 0 0 0 2 1 1 0 0 1 1 0 1 0 1 0 0 0 0 1 0 2 2 1 2 2 2 1 1 2 1 1 1 1 0 1 1 0 0 2 1 0 2 0 0 1 1 2 0 0 1 2 2 2 0 0 2 2 2 2 1 2 0 0 0 0 1 2 2 2 0 1 2 0 0 0 0 1 2 2 2 2 0 1 1 0 2 2 2 0 0 2 1 2 0 1 2 1 0 0 0 0 0 0 2 1 1 0 0 1 1 0 1 0 1 0 0 0 0 1 0 2 2 1 2 2 2 1 1 2 1 1 1 1 0 1 1 0 0 2 1 0 2 0 0 1 1 2 0 0 1 2 2 2 0 0 2 2 2 2 1 2 0 0 0 0 1 2 2 2 0 1 2 0 0 0 0 1 2 2 2 2 0 1 1 0 2 2 2 0
-1.18327937902244 2.22449070933305 0.89788123677624 0.0111813011454262 -1.36428835779724 1 0 0 0 2 0 0 2 2 2 1 0 0 0 2 2 0 0 0 0 1 1 1 0 1 1 1 1 2 1 2 0 0 1 0 2 0 0 1 0 2 2 2 2 2 1 1 2 0 0 2 0 0 2 1 0 1 1 2 0 0 2 2 1 2 0 1 1 2 1 1 0 2 0 0 0 0 1 2 2 1 0 1 2 2 1 1 2 2 2 2 2 2 0 1 2 0 0 1 1 0 0 0 0 2 0 0 2 2 2 1 0 0 0 2 2 0 0 0 0 1 1 1 0 1 1 1 1 2 1 2 0 0 1 0 2 0 0 1 0 2 2 2 2 2 1 1 2 0 0 2 0 0 2 1 0 1 1 2 0 0 2 2 1 2 0 1 1 2 1 1 0 2 0 0 0 0 1 2 2 1 0 1 2 2 1 1 2 2 2 2 2 2 0 1 2 0 0 1 1 0
0.415437209634028 -0.914113096611419 -0.0306892703173916 -0.655765047143742 0.251323713130907 -1 0 2 0 2 0 2 2 1 0 0 0 0 0 1 2 1 1 1 0 1 1 0 0 1 2 1 1 1 1 1 0 1 0 0 2 0 0 0 0 2 1 0 0 1 0 1 1 0 0 2 2 2 2 0 0 0 1 1 0 0 1 2 0 2 0 1 1 2 2 1 0 2 0 1 2 2 1 2 2 2 1 1 2 2 0 2 1 1 1 2 2 1 0 2 2 1 0 0 2 0 0 -2 0 -2 0 -2 -2 -1 0 0 0 0 0 -1 -2 -1 -1 -1 0 -1 -1 0 0 -1 -2 -1 -1 -1 -1 -1 0 -1 0 0 -2 0 0 0 0 -2 -1 0 0 -1 0 -1 -1 0 0 -2 -2 -2 -2 0 0 0 -1 -1 0 0 -1 -2 0 -2 0 -1 -1 -2 -2 -1 0 -2 0 -1 -2 -2 -1 -2 -2 -2 -1 -1 -2 -2 0 -2 -1 -1 -1 -2 -2 -1 0 -2 -2 -1 0 0 -2 0
-2.86395668687569 1.38206796982335 0.508531383455696 0.551643497963374 -0.354909483814319 1 0 2 0 2 1 2 2 2 0 1 0 0 0 1 2 2 0 1 0 2 2 1 2 1 2 1 0 0 1 0 0 1 0 0 2 0 0 0 1 2 1 0 0 2 2 2 2 1 1 2 2 2 2 2 0 1 0 2 0 0 0 2 2 2 0 1 1 2 1 1 0 2 0 0 2 2 1 2 2 2 2 1 2 1 1 1 1 2 2 1 2 2 0 0 2 0 1 0 0 0 0 2 0 2 1 2 2 2 0 1 0 0 0 1 2 2 0 1 0 2 2 1 2 1 2 1 0 0 1 0 0 1 0 0 2 0 0 0 1 2 1 0 0 2 2 2 2 1 1 2 2 2 2 2 0 1 0 2 0 0 0 2 2 2 0 1 1 2 1 1 0 2 0 0 2 2 1 2 2 2 2 1 2 1 1 1 1 2 2 1 2 2 0 0 2 0 1 0 0 0
-0.0827883615669743 -0.6409688688234 -1.30124129236201 1.03870632617795 0.521086582526619 -1 0 1 0 1 0 1 2 2 0 2 0 0 0 1 2 2 1 2 0 1 1 1 1 1 1 0 0 0 0 2 1 2 1 0 2 0 1 1 2 1 1 1 0 1 0 1 1 0 1 2 2 2 2 2 2 1 1 2 1 0 1 2 1 2 0 2 2 2 1 1 0 1 0 0 1 1 1 2 2 2 1 1 2 2 1 0 1 1 2 2 2 2 0 1 2 1 1 1 2 0 0 -1 0 -1 0 -1 -2 -2 0 -2 0 0 0 -1 -2 -2 -1 -2 0 -1 -1 -1 -1 -1 -1 0 0 0 0 -2 -1 -2 -1 0 -2 0 -1 -1 -2 -1 -1 -1 0 -1 0 -1 -1 0 -1 -2 -2 -2 -2 -2 -2 -1 -1 -2 -1 0 -1 -2 -1 -2 0 -2 -2 -2 -1 -1 0 -1 0 0 -1 -1 -1 -2 -2 -2 -1 -1 -2 -2 -1 0 -1 -1 -2 -2 -2 -2 0 -1 -2 -1 -1 -1 -2 0
1.74668724774444 -0.906238870494858 1.0554992470498 -0.141471262962546 0.164682187819127 1 0 1 0 0 0 1 2 2 2 2 0 0 0 0 2 1 1 1 1 2 2 1 0 0 1 0 0 1 1 1 0 2 2 0 2 1 0 0 0 2 2 0 1 1 1 1 2 0 0 2 2 2 2 2 1 1 1 2 2 1 1 2 1 1 0 2 2 2 0 1 0 0 0 0 0 1 1 2 2 1 0 0 2 1 0 1 2 2 2 2 2 2 0 2 2 0 1 1 2 1 0 1 0 0 0 1 2 2 2 2 0 0 0 0 2 1 1 1 1 2 2 1 0 0 1 0 0 1 1 1 0 2 2 0 2 1 0 0 0 2 2 0 1 1 1 1 2 0 0 2 2 2 2 2 1 1 1 2 2 1 1 2 1 1 0 2 2 2 0 1 0 0 0 0 0 1 1 2 2 1 0 0 2 1 0 1 2 2 2 2 2 2 0 2 2 0 1 1 2 1
0.921891990179204 0.0105860358642827 1.14123088062435 1.28977222755157 1.27361454099117 -1 0 1 0 2 0 1 2 2 1 1 1 1 1 2 2 2 2 2 0 2 1 1 1 1 2 0 1 1 0 2 2 2 1 0 2 1 0 0 0 2 1 0 0 1 0 0 0 0 0 2 1 1 2 1 0 0 0 2 2 1 2 2 1 2 2 2 2 2 0 0 0 1 0 0 1 0 0 2 1 2 0 0 2 2 1 1 2 1 2 2 2 1 0 0 2 1 2 2 1 0 0 -1 0 -2 0 -1 -2 -2 -1 -1 -1 -1 -1 -2 -2 -2 -2 -2 0 -2 -1 -1 -1 -1 -2 0 -1 -1 0 -2 -2 -2 -1 0 -2 -1 0 0 0 -2 -1 0 0 -1 0 0 0 0 0 -2 -1 -1 -2 -1 0 0 0 -2 -2 -1 -2 -2 -1 -2 -2 -2 -2 -2 0 0 0 -1 0 0 -1 0 0 -2 -1 -2 0 0 -2 -2 -1 -1 -2 -1 -2 -2 -2 -1 0 0 -2 -1 -2 -2 -1 0
-0.214550462012804 -0.0750199404185094 -0.164869402410417 -0.411601845442982 -1.51278251593032 1 0 1 0 1 0 0 2 2 0 0 0 0 0 1 2 2 1 1 0 2 1 0 0 1 1 1 0 1 1 1 0 0 0 0 2 1 0 0 0 1 1 0 0 1 0 0 1 0 0 2 2 2 2 1 1 2 2 2 2 0 1 2 0 1 1 2 2 2 2 2 0 2 0 1 2 2 1 2 2 2 1 1 2 2 0 0 1 2 2 2 2 2 0 2 2 0 1 1 2 0 0 1 0 1 0 0 2 2 0 0 0 0 0 1 2 2 1 1 0 2 1 0 0 1 1 1 0 1 1 1 0 0 0 0 2 1 0 0 0 1 1 0 0 1 0 0 1 0 0 2 2 2 2 1 1 2 2 2 2 0 1 2 0 1 1 2 2 2 2 2 0 2 0 1 2 2 1 2 2 2 1 1 2 2 0 0 1 2 2 2 2 2 0 2 2 0 1 1 2 0
0.116503111833964 -1.54470174776757 -1.33360632059769 -0.191328058590828 0.253682343663251 1 0 1 0 2 0 0 2 2 0 0 0 0 0 0 0 0 0 0 1 2 2 0 1 1 2 1 1 1 0 1 0 1 2 0 2 0 1 1 0 2 1 1 1 1 0 1 1 0 0 2 2 2 2 1 1 0 2 2 1 0 1 2 2 2 0 2 2 2 2 0 1 2 0 0 1 1 1 2 2 2 1 0 2 1 0 1 1 2 1 0 2 2 0 1 2 0 2 1 1 0 0 1 0 2 0 0 2 2 0 0 0 0 0 0 0 0 0 0 1 2 2 0 1 1 2 1 1 1 0 1 0 1 2 0 2 0 1 1 0 2 1 1 1 1 0 1 1 0 0 2 2 2 2 1 1 0 2 2 1 0 1 2 2 2 0 2 2 2 2 0 1 2 0 0 1 1 1 2 2 2 1 0 2 1 0 1 1 2 1 0 2 2 0 1 2 0 2 1 1 0
0.757853655391879 0.0272090216764873 0.112058166118938 0.625505931050796 0.614377740342842 -1 0 1 0 2 0 0 2 2 0 1 0 0 0 0 1 0 0 1 1 2 0 1 1 0 1 0 0 1 0 1 1 2 0 0 2 0 0 1 2 2 0 0 0 2 1 1 0 0 0 2 1 0 2 0 1 1 2 2 2 0 1 2 2 2 1 2 2 2 1 2 2 2 0 0 1 1 0 1 2 1 0 0 2 1 0 0 2 1 2 2 1 2 0 1 2 0 0 0 1 0 0 -1 0 -2 0 0 -2 -2 0 -1 0 0 0 0 -1 0 0 -1 -1 -2 0 -1 -1 0 -1 0 0 -1 0 -1 -1 -2 0 0 -2 0 0 -1 -2 -2 0 0 0 -2 -1 -1 0 0 0 -2 -1 0 -2 0 -1 -1 -2 -2 -2 0 -1 -2 -2 -2 -1 -2 -2 -2 -1 -2 -2 -2 0 0 -1 -1 0 -1 -2 -1 0 0 -2 -1 0 0 -2 -1 -2 -2 -1 -2 0 -1 -2 0 0 0 -1 0
0.571924762924293 -0.903881393349262 0.511715195975231 -0.540086481417202 1.03907844573514 -1 0 1 0 2 0 2 2 2 0 1 0 0 0 0 1 1 1 1 0 1 1 1 1 2 2 1 0 1 0 1 0 0 0 0 0 1 0 0 0 2 0 1 0 0 0 0 0 0 0 2 1 0 1 0 0 0 0 1 0 0 0 2 2 1 0 1 1 2 1 1 0 1 0 1 0 0 0 1 2 2 1 0 2 2 1 1 2 1 2 2 1 2 0 1 2 1 1 0 1 0 0 -1 0 -2 0 -2 -2 -2 0 -1 0 0 0 0 -1 -1 -1 -1 0 -1 -1 -1 -1 -2 -2 -1 0 -1 0 -1 0 0 0 0 0 -1 0 0 0 -2 0 -1 0 0 0 0 0 0 0 -2 -1 0 -1 0 0 0 0 -1 0 0 0 -2 -2 -1 0 -1 -1 -2 -1 -1 0 -1 0 -1 0 0 0 -1 -2 -2 -1 0 -2 -2 -1 -1 -2 -1 -2 -2 -1 -2 0 -1 -2 -1 -1 0 -1 0
-0.166183777858977 0.852175439606426 1.63439952147258 -0.91842916999211 0.0157654449789592 -1 0 0 0 2 0 0 2 2 0 1 1 1 0 2 2 2 1 1 1 2 2 1 2 2 2 1 1 1 0 1 1 1 0 0 2 2 0 0 1 2 0 1 1 2 0 0 0 0 0 2 2 2 2 2 1 1 1 2 1 0 1 1 2 2 0 1 2 2 2 1 1 2 0 0 2 1 1 2 2 2 0 0 1 1 0 0 1 2 2 2 1 2 0 0 2 0 1 1 2 1 0 0 0 -2 0 0 -2 -2 0 -1 -1 -1 0 -2 -2 -2 -1 -1 -1 -2 -2 -1 -2 -2 -2 -1 -1 -1 0 -1 -1 -1 0 0 -2 -2 0 0 -1 -2 0 -1 -1 -2 0 0 0 0 0 -2 -2 -2 -2 -2 -1 -1 -1 -2 -1 0 -1 -1 -2 -2 0 -1 -2 -2 -2 -1 -1 -2 0 0 -2 -1 -1 -2 -2 -2 0 0 -1 -1 0 0 -1 -2 -2 -2 -1 -2 0 0 -2 0 -1 -1 -2 -1
-0.463243709838001 0.251151657010462 -0.348810904713371 0.909335207648993 2.02102305679159 1 0 2 1 2 0 0 2 0 0 1 0 0 0 1 2 1 0 0 2 1 1 0 1 2 1 1 1 1 1 1 0 0 0 0 2 1 0 1 2 2 1 0 0 1 0 1 1 0 0 2 2 2 2 1 2 1 1 2 0 0 2 2 1 2 2 2 2 2 0 1 0 1 0 0 0 0 0 2 1 2 1 0 2 0 1 0 1 2 2 2 2 2 0 1 1 0 0 0 1 0 0 2 1 2 0 0 2 0 0 1 0 0 0 1 2 1 0 0 2 1 1 0 1 2 1 1 1 1 1 1 0 0 0 0 2 1 0 1 2 2 1 0 0 1 0 1 1 0 0 2 2 2 2 1 2 1 1 2 0 0 2 2 1 2 2 2 2 2 0 1 0 1 0 0 0 0 0 2 1 2 1 0 2 0 1 0 1 2 2 2 2 2 0 1 1 0 0 0 1 0
0.49226770192465 0.438926595800962 0.660577964314998 0.618415553339114 -0.612287570103502 -1 1 2 0 2 0 1 2 1 0 0 0 1 1 2 2 2 1 1 0 2 2 0 2 2 2 1 2 2 1 1 0 0 1 1 2 1 0 0 1 1 1 1 2 1 0 0 1 0 1 2 2 1 2 2 0 1 0 2 1 0 0 2 1 1 0 0 2 1 0 1 1 1 0 0 0 1 1 2 2 2 1 0 2 2 0 0 1 2 2 1 1 2 0 2 2 0 1 1 1 0 -1 -2 0 -2 0 -1 -2 -1 0 0 0 -1 -1 -2 -2 -2 -1 -1 0 -2 -2 0 -2 -2 -2 -1 -2 -2 -1 -1 0 0 -1 -1 -2 -1 0 0 -1 -1 -1 -1 -2 -1 0 0 -1 0 -1 -2 -2 -1 -2 -2 0 -1 0 -2 -1 0 0 -2 -1 -1 0 0 -2 -1 0 -1 -1 -1 0 0 0 -1 -1 -2 -2 -2 -1 0 -2 -2 0 0 -1 -2 -2 -1 -1 -2 0 -2 -2 0 -1 -1 -1 0
-0.176796373878688 -0.372667358676421 0.262880690396088 0.417520690451726 1.88645405840656 1 1 1 0 2 0 1 2 2 0 0 0 0 0 0 2 2 2 1 0 1 2 1 1 2 1 0 0 0 0 0 0 2 2 1 2 2 0 2 2 2 1 0 1 1 1 1 2 0 0 1 0 1 2 1 1 2 2 2 1 0 1 2 1 2 0 2 2 2 0 1 0 1 0 0 1 1 1 2 2 2 1 0 2 0 1 0 1 2 2 1 1 0 0 2 2 0 0 0 0 0 1 1 0 2 0 1 2 2 0 0 0 0 0 0 2 2 2 1 0 1 2 1 1 2 1 0 0 0 0 0 0 2 2 1 2 2 0 2 2 2 1 0 1 1 1 1 2 0 0 1 0 1 2 1 1 2 2 2 1 0 1 2 1 2 0 2 2 2 0 1 0 1 0 0 1 1 1 2 2 2 1 0 2 0 1 0 1 2 2 1 1 0 0 2 2 0 0 0 0 0
1.16731965189229 1.70166157191831 0.271055934251985 -0.368790391163866 1.84580590084659 1 0 1 0 1 0 2 2 1 0 0 0 1 0 2 2 2 1 1 1 2 2 1 2 1 2 2 2 2 1 0 1 1 1 0 2 2 1 1 1 2 1 1 1 2 1 1 1 1 0 2 2 2 2 1 0 0 2 2 0 0 0 2 2 1 0 1 1 2 1 2 2 2 0 1 1 1 0 1 1 2 2 1 2 1 0 0 1 1 1 2 2 2 1 1 2 2 2 2 2 1 0 1 0 1 0 2 2 1 0 0 0 1 0 2 2 2 1 1 1 2 2 1 2 1 2 2 2 2 1 0 1 1 1 0 2 2 1 1 1 2 1 1 1 2 1 1 1 1 0 2 2 2 2 1 0 0 2 2 0 0 0 2 2 1 0 1 1 2 1 2 2 2 0 1 1 1 0 1 1 2 2 1 2 1 0 0 1 1 1 2 2 2 1 1 2 2 2 2 2 1
-0.398289365152718 0.767476861456551 0.726167870386771 0.479085240595732 0.691341710636956 1 0 2 0 2 0 1 2 2 0 1 0 0 0 1 2 1 2 2 0 2 2 0 1 1 1 0 0 1 0 0 1 1 1 0 2 2 0 1 1 2 2 1 1 1 0 0 1 1 0 2 2 2 2 0 1 1 0 2 1 0 2 2 1 2 0 1 2 2 0 1 0 0 0 1 0 0 0 1 1 2 2 1 2 1 0 1 1 2 1 2 2 2 0 2 2 0 0 0 0 0 0 2 0 2 0 1 2 2 0 1 0 0 0 1 2 1 2 2 0 2 2 0 1 1 1 0 0 1 0 0 1 1 1 0 2 2 0 1 1 2 2 1 1 1 0 0 1 1 0 2 2 2 2 0 1 1 0 2 1 0 2 2 1 2 0 1 2 2 0 1 0 0 0 1 0 0 0 1 1 2 2 1 2 1 0 1 1 2 1 2 2 2 0 2 2 0 0 0 0 0
0.546523035504988 -1.08021823020494 0.398230464151096 1.63590526047915 -1.11120358864908 -1 0 1 0 1 0 2 2 2 0 0 0 0 0 0 1 0 1 0 0 1 1 1 2 1 1 0 1 1 1 1 0 0 0 0 1 1 0 1 1 2 2 1 0 1 0 1 1 0 0 2 2 2 1 1 0 1 1 2 0 0 1 1 1 0 0 0 1 2 1 2 1 2 0 0 0 0 0 1 2 2 2 0 2 2 2 2 2 2 2 2 2 2 0 1 2 0 0 2 0 0 0 -1 0 -1 0 -2 -2 -2 0 0 0 0 0 0 -1 0 -1 0 0 -1 -1 -1 -2 -1 -1 0 -1 -1 -1 -1 0 0 0 0 -1 -1 0 -1 -1 -2 -2 -1 0 -1 0 -1 -1 0 0 -2 -2 -2 -1 -1 0 -1 -1 -2 0 0 -1 -1 -1 0 0 0 -1 -2 -1 -2 -1 -2 0 0 0 0 0 -1 -2 -2 -2 0 -2 -2 -2 -2 -2 -2 -2 -2 -2 -2 0 -1 -2 0 0 -2 0 0
-0.0564381202997764 0.66191140475069 0.472800019977801 -0.95007864054876 -0.0654120702406662 -1 1 2 0 1 0 0 2 2 0 1 0 0 0 2 2 2 2 1 0 1 1 0 0 1 0 0 0 1 1 1 0 2 2 0 2 1 1 1 1 1 1 1 1 1 1 1 0 0 0 2 1 0 2 1 1 1 2 2 1 0 1 1 1 2 0 1 1 2 1 1 0 1 0 1 2 2 2 2 2 2 0 0 2 0 1 1 1 1 2 2 2 1 0 2 2 0 0 1 1 1 -1 -2 0 -1 0 0 -2 -2 0 -1 0 0 0 -2 -2 -2 -2 -1 0 -1 -1 0 0 -1 0 0 0 -1 -1 -1 0 -2 -2 0 -2 -1 -1 -1 -1 -1 -1 -1 -1 -1 -1 -1 0 0 0 -2 -1 0 -2 -1 -1 -1 -2 -2 -1 0 -1 -1 -1 -2 0 -1 -1 -2 -1 -1 0 -1 0 -1 -2 -2 -2 -2 -2 -2 0 0 -2 0 -1 -1 -1 -1 -2 -2 -2 -1 0 -2 -2 0 0 -1 -1 -1
-2.32096366269253 0.187711989127207 0.0840157124692071 -1.51528544619219 0.485813063192561 -1 0 1 0 1 0 2 2 2 2 2 1 2 0 0 2 0 0 1 0 2 1 1 2 0 1 0 1 0 0 1 0 1 1 1 2 2 1 1 0 2 1 0 0 1 0 0 1 0 0 2 2 2 2 1 0 1 1 2 1 0 1 2 2 1 0 1 0 1 2 1 0 2 0 0 0 1 0 2 2 2 2 0 2 2 2 2 2 2 2 2 1 2 0 2 1 0 0 0 1 2 0 -1 0 -1 0 -2 -2 -2 -2 -2 -1 -2 0 0 -2 0 0 -1 0 -2 -1 -1 -2 0 -1 0 -1 0 0 -1 0 -1 -1 -1 -2 -2 -1 -1 0 -2 -1 0 0 -1 0 0 -1 0 0 -2 -2 -2 -2 -1 0 -1 -1 -2 -1 0 -1 -2 -2 -1 0 -1 0 -1 -2 -1 0 -2 0 0 0 -1 0 -2 -2 -2 -2 0 -2 -2 -2 -2 -2 -2 -2 -2 -1 -2 0 -2 -1 0 0 0 -1 -2
0.292536792220256 1.14563284260139 -0.419527341726383 1.20313624505072 0.349045363618578 -1 0 2 1 2 0 1 2 1 0 0 0 0 0 1 2 1 1 0 1 2 1 2 2 1 1 0 0 1 1 0 1 2 1 1 2 1 0 0 1 2 2 1 1 1 1 1 0 0 0 2 2 0 2 0 1 1 1 2 0 0 1 2 1 1 1 1 0 2 1 1 1 2 0 0 0 1 0 2 2 2 2 1 2 0 0 0 0 1 1 1 2 2 0 1 2 1 1 2 2 0 0 -2 -1 -2 0 -1 -2 -1 0 0 0 0 0 -1 -2 -1 -1 0 -1 -2 -1 -2 -2 -1 -1 0 0 -1 -1 0 -1 -2 -1 -1 -2 -1 0 0 -1 -2 -2 -1 -1 -1 -1 -1 0 0 0 -2 -2 0 -2 0 -1 -1 -1 -2 0 0 -1 -2 -1 -1 -1 -1 0 -2 -1 -1 -1 -2 0 0 0 -1 0 -2 -2 -2 -2 -1 -2 0 0 0 0 -1 -1 -1 -2 -2 0 -1 -2 -1 -1 -2 -2 0
-0.787267820444145 1.32525883410121 -0.327028693765826 0.470508407542506 -0.139558273450616 1 0 2 0 2 1 1 2 2 1 2 0 0 1 2 2 0 0 1 0 2 2 2 2 2 0 1 1 1 1 1 0 1 2 0 2 1 1 0 0 1 0 1 1 2 2 2 1 0 0 2 2 2 2 1 0 0 1 2 2 1 2 2 1 2 1 2 2 2 2 1 1 1 0 0 0 1 0 2 2 2 2 1 2 1 0 1 2 2 2 2 0 1 0 0 1 0 0 1 2 0 0 2 0 2 1 1 2 2 1 2 0 0 1 2 2 0 0 1 0 2 2 2 2 2 0 1 1 1 1 1 0 1 2 0 2 1 1 0 0 1 0 1 1 2 2 2 1 0 0 2 2 2 2 1 0 0 1 2 2 1 2 2 1 2 1 2 2 2 2 1 1 1 0 0 0 1 0 2 2 2 2 1 2 1 0 1 2 2 2 2 0 1 0 0 1 0 0 1 2 0
-0.574417558093013 -0.256033900878418 -0.339446386882192 2.45791876513649 0.582218501958614 -1 0 1 0 1 0 1 2 1 1 1 0 0 0 2 2 2 2 1 2 2 2 1 1 0 1 1 0 0 0 2 0 1 1 0 1 0 0 0 1 2 1 0 1 2 2 1 1 0 0 2 2 2 2 2 1 2 2 2 0 1 2 2 2 1 1 2 2 2 2 2 2 1 0 1 2 1 0 2 2 2 2 0 2 0 0 1 1 1 2 2 2 2 0 2 2 0 0 1 2 1 0 -1 0 -1 0 -1 -2 -1 -1 -1 0 0 0 -2 -2 -2 -2 -1 -2 -2 -2 -1 -1 0 -1 -1 0 0 0 -2 0 -1 -1 0 -1 0 0 0 -1 -2 -1 0 -1 -2 -2 -1 -1 0 0 -2 -2 -2 -2 -2 -1 -2 -2 -2 0 -1 -2 -2 -2 -1 -1 -2 -2 -2 -2 -2 -2 -1 0 -1 -2 -1 0 -2 -2 -2 -2 0 -2 0 0 -1 -1 -1 -2 -2 -2 -2 0 -2 -2 0 0 -1 -2 -1
-1.00974656105765 -1.11216537146245 -1.19368427648376 0.262514151482117 1.20836544378168 1 0 0 0 1 0 1 2 2 0 1 0 0 0 0 2 2 1 1 2 2 1 1 2 2 2 0 0 1 0 1 1 2 2 0 2 2 1 2 1 2 2 1 1 2 0 0 2 0 0 2 2 2 2 1 1 1 1 2 1 0 1 2 2 2 2 2 2 2 0 2 2 2 0 0 0 0 0 2 2 2 1 0 2 1 0 1 0 0 0 0 1 2 0 1 2 0 0 2 2 0 0 0 0 1 0 1 2 2 0 1 0 0 0 0 2 2 1 1 2 2 1 1 2 2 2 0 0 1 0 1 1 2 2 0 2 2 1 2 1 2 2 1 1 2 0 0 2 0 0 2 2 2 2 1 1 1 1 2 1 0 1 2 2 2 2 2 2 2 0 2 2 2 0 0 0 0 0 2 2 2 1 0 2 1 0 1 0 0 0 0 1 2 0 1 2 0 0 2 2 0
-0.137489108937737 -0.519148391471885 -2.21837111980457 -0.571549641679999 0.408060034450839 -1 0 1 0 1 0 1 2 1 1 0 0 0 0 2 2 2 2 1 1 2 2 1 2 1 2 1 0 0 0 2 1 2 1 1 2 2 1 1 1 2 1 0 0 2 1 1 1 0 0 1 1 1 2 1 2 2 1 2 0 0 1 2 2 2 1 2 1 2 0 2 2 1 0 0 1 2 2 2 2 2 1 0 2 1 1 0 0 0 2 0 1 2 0 2 2 0 1 0 2 0 0 -1 0 -1 0 -1 -2 -1 -1 0 0 0 0 -2 -2 -2 -2 -1 -1 -2 -2 -1 -2 -1 -2 -1 0 0 0 -2 -1 -2 -1 -1 -2 -2 -1 -1 -1 -2 -1 0 0 -2 -1 -1 -1 0 0 -1 -1 -1 -2 -1 -2 -2 -1 -2 0 0 -1 -2 -2 -2 -1 -2 -1 -2 0 -2 -2 -1 0 0 -1 -2 -2 -2 -2 -2 -1 0 -2 -1 -1 0 0 0 -2 0 -1 -2 0 -2 -2 0 -1 0 -2 0
0.293835362888636 0.67898110426443 -0.129615525907666 -1.48528348576012 2.52093049144379 -1 0 1 1 2 0 1 2 2 0 1 0 0 0 1 2 2 2 0 1 2 1 0 2 1 2 1 1 1 1 0 0 1 1 0 2 0 1 2 1 1 1 0 1 1 0 0 0 0 0 2 2 2 2 0 0 0 0 1 0 0 1 2 1 1 0 1 1 1 1 1 0 1 0 0 0 1 0 2 2 2 1 0 2 2 0 1 2 2 2 1 1 2 0 2 2 0 0 0 0 0 0 -1 -1 -2 0 -1 -2 -2 0 -1 0 0 0 -1 -2 -2 -2 0 -1 -2 -1 0 -2 -1 -2 -1 -1 -1 -1 0 0 -1 -1 0 -2 0 -1 -2 -1 -1 -1 0 -1 -1 0 0 0 0 0 -2 -2 -2 -2 0 0 0 0 -1 0 0 -1 -2 -1 -1 0 -1 -1 -1 -1 -1 0 -1 0 0 0 -1 0 -2 -2 -2 -1 0 -2 -2 0 -1 -2 -2 -2 -1 -1 -2 0 -2 -2 0 0 0 0 0
0.976058584479352 0.535534096156525 -0.693529565360836 -0.0946910151029359 -0.631593347665765 -1 0 1 0 2 0 2 2 1 0 1 0 1 0 0 2 0 0 0 0 2 1 1 1 1 2 2 1 2 1 1 1 2 2 1 2 2 0 1 1 2 1 2 0 2 2 2 2 0 1 2 2 2 2 2 2 2 2 2 1 0 1 2 2 2 1 1 1 2 1 0 0 2 0 0 0 1 1 2 2 2 2 1 2 1 0 1 2 2 2 2 1 2 0 1 2 0 1 1 2 0 0 -1 0 -2 0 -2 -2 -1 0 -1 0 -1 0 0 -2 0 0 0 0 -2 -1 -1 -1 -1 -2 -2 -1 -2 -1 -1 -1 -2 -2 -1 -2 -2 0 -1 -1 -2 -1 -2 0 -2 -2 -2 -2 0 -1 -2 -2 -2 -2 -2 -2 -2 -2 -2 -1 0 -1 -2 -2 -2 -1 -1 -1 -2 -1 0 0 -2 0 0 0 -1 -1 -2 -2 -2 -2 -1 -2 -1 0 -1 -2 -2 -2 -2 -1 -2 0 -1 -2 0 -1 -1 -2 0
-1.49490385589784 -0.430694200006634 0.365932999572242 -0.243913295455462 -0.109484901605866 1 0 1 0 2 0 1 2 2 1 1 1 0 0 0 2 1 1 2 0 2 2 1 0 1 1 2 1 2 1 0 0 1 1 0 2 1 0 1 1 2 2 1 1 2 1 1 1 0 1 2 2 2 2 0 0 1 2 2 1 1 1 2 2 2 1 2 2 2 2 2 2 2 0 0 0 0 2 2 2 2 1 0 2 1 0 1 2 2 2 1 0 2 0 2 2 0 1 1 1 0 0 1 0 2 0 1 2 2 1 1 1 0 0 0 2 1 1 2 0 2 2 1 0 1 1 2 1 2 1 0 0 1 1 0 2 1 0 1 1 2 2 1 1 2 1 1 1 0 1 2 2 2 2 0 0 1 2 2 1 1 1 2 2 2 1 2 2 2 2 2 2 2 0 0 0 0 2 2 2 2 1 0 2 1 0 1 2 2 2 1 0 2 0 2 2 0 1 1 1 0
1.05435674105178 -1.57641193303517 -1.11031646 -0.285741540602046 -0.136952581713824 1 0 2 1 2 0 1 1 1 0 0 0 0 0 0 2 2 2 1 1 1 1 0 2 2 1 0 0 0 1 0 0 2 1 0 2 2 2 2 1 2 1 0 1 1 0 1 0 0 0 1 1 1 2 1 2 2 2 2 2 1 1 2 2 2 1 1 2 2 2 1 1 2 0 0 0 1 1 2 1 2 1 1 2 0 0 0 1 2 2 2 2 2 0 1 2 1 0 0 1 0 0 2 1 2 0 1 1 1 0 0 0 0 0 0 2 2 2 1 1 1 1 0 2 2 1 0 0 0 1 0 0 2 1 0 2 2 2 2 1 2 1 0 1 1 0 1 0 0 0 1 1 1 2 1 2 2 2 2 2 1 1 2 2 2 1 1 2 2 2 1 1 2 0 0 0 1 1 2 1 2 1 1 2 0 0 0 1 2 2 2 2 2 0 1 2 1 0 0 1 0
0.745597163421286 -1.98080775149221 -0.976785747343006 -0.290302900289351 -0.496211156393682 1 0 1 0 2 0 1 2 2 1 1 0 0 0 2 2 1 1 0 0 2 2 1 0 0 1 1 1 2 1 1 0 2 2 1 2 1 0 0 1 1 1 1 1 1 0 1 1 0 1 2 2 2 2 1 0 1 1 2 2 0 1 2 1 1 0 1 2 2 1 2 2 2 0 1 0 1 0 2 2 1 1 1 2 1 0 0 2 1 2 1 1 1 0 1 2 0 0 0 1 0 0 1 0 2 0 1 2 2 1 1 0 0 0 2 2 1 1 0 0 2 2 1 0 0 1 1 1 2 1 1 0 2 2 1 2 1 0 0 1 1 1 1 1 1 0 1 1 0 1 2 2 2 2 1 0 1 1 2 2 0 1 2 1 1 0 1 2 2 1 2 2 2 0 1 0 1 0 2 2 1 1 1 2 1 0 0 2 1 2 1 1 1 0 1 2 0 0 0 1 0
-0.37399749606145 1.06304426903053 -0.1746116541878 0.808672762320646 0.665805193574349 1 0 1 0 2 0 2 2 2 1 0 0 0 0 1 2 1 1 0 0 2 2 0 1 0 1 0 0 1 1 0 0 0 0 0 2 1 0 0 1 2 0 0 0 1 1 2 2 1 0 2 1 1 1 0 1 1 1 2 0 0 0 2 1 1 0 0 0 2 2 1 0 2 0 1 1 0 0 1 2 2 2 2 2 2 1 0 2 2 2 2 2 2 0 2 2 0 0 0 2 0 0 1 0 2 0 2 2 2 1 0 0 0 0 1 2 1 1 0 0 2 2 0 1 0 1 0 0 1 1 0 0 0 0 0 2 1 0 0 1 2 0 0 0 1 1 2 2 1 0 2 1 1 1 0 1 1 1 2 0 0 0 2 1 1 0 0 0 2 2 1 0 2 0 1 1 0 0 1 2 2 2 2 2 2 1 0 2 2 2 2 2 2 0 2 2 0 0 0 2 0
-0.249619445713815 1.42728568613248 -0.411602730876808 -0.66707460783213 0.187945249785009 -1 0 2 0 2 0 1 2 2 1 1 0 0 1 2 2 1 0 0 1 2 2 1 0 1 0 0 0 1 0 1 0 0 0 0 2 2 0 1 1 2 1 0 0 1 2 1 1 0 1 2 2 1 2 1 1 2 2 2 2 1 0 1 1 2 1 2 2 1 1 2 2 2 0 1 1 2 1 2 2 2 1 0 2 2 1 1 0 2 2 1 2 2 0 1 2 0 1 0 1 0 0 -2 0 -2 0 -1 -2 -2 -1 -1 0 0 -1 -2 -2 -1 0 0 -1 -2 -2 -1 0 -1 0 0 0 -1 0 -1 0 0 0 0 -2 -2 0 -1 -1 -2 -1 0 0 -1 -2 -1 -1 0 -1 -2 -2 -1 -2 -1 -1 -2 -2 -2 -2 -1 0 -1 -1 -2 -1 -2 -2 -1 -1 -2 -2 -2 0 -1 -1 -2 -1 -2 -2 -2 -1 0 -2 -2 -1 -1 0 -2 -2 -1 -2 -2 0 -1 -2 0 -1 0 -1 0
0.0912667361389474 -1.5870597541431 -0.918616264586156 -0.0483750362581323 0.332243935528409 1 0 1 0 2 0 2 2 1 0 0 0 0 0 0 1 2 1 1 2 2 2 1 0 0 1 2 1 1 0 2 1 2 0 0 2 0 0 1 0 2 2 0 0 1 1 1 2 0 1 2 2 1 2 1 1 2 2 2 1 0 1 2 2 2 1 2 2 2 2 2 2 1 0 0 0 1 1 2 2 2 1 0 1 0 0 0 0 1 1 1 1 2 0 0 1 1 1 1 1 0 0 1 0 2 0 2 2 1 0 0 0 0 0 0 1 2 1 1 2 2 2 1 0 0 1 2 1 1 0 2 1 2 0 0 2 0 0 1 0 2 2 0 0 1 1 1 2 0 1 2 2 1 2 1 1 2 2 2 1 0 1 2 2 2 1 2 2 2 2 2 2 1 0 0 0 1 1 2 2 2 1 0 1 0 0 0 0 1 1 1 1 2 0 0 1 1 1 1 1 0
1.42940727281764 -1.52684212451671 0.661975628650683 -0.188299505875799 0.505825073967689 1 0 0 0 1 0 1 2 2 2 1 0 0 1 2 2 2 1 0 0 2 1 1 1 1 2 2 1 1 1 1 1 2 2 1 2 2 1 1 2 2 1 0 0 2 0 0 1 1 1 2 2 1 2 2 1 0 0 2 0 0 0 2 2 2 0 1 2 2 2 1 1 1 0 0 0 1 0 2 2 2 1 1 2 0 0 0 2 1 1 1 2 2 0 1 2 1 1 0 1 1 0 0 0 1 0 1 2 2 2 1 0 0 1 2 2 2 1 0 0 2 1 1 1 1 2 2 1 1 1 1 1 2 2 1 2 2 1 1 2 2 1 0 0 2 0 0 1 1 1 2 2 1 2 2 1 0 0 2 0 0 0 2 2 2 0 1 2 2 2 1 1 1 0 0 0 1 0 2 2 2 1 1 2 0 0 0 2 1 1 1 2 2 0 1 2 1 1 0 1 1
-0.0539470656742841 -0.975756964175059 0.0608908296405815 -1.02754969608962 -0.234846059726135 1 0 1 0 0 0 1 2 1 1 1 1 0 0 1 2 1 1 1 0 2 1 0 1 1 2 0 0 0 0 0 0 1 1 1 2 0 0 1 1 2 1 1 1 2 0 1 0 0 0 2 1 1 2 1 1 2 0 2 2 0 2 2 1 1 0 2 1 2 2 2 2 2 0 1 1 1 1 2 2 2 2 0 2 2 1 1 1 1 2 1 2 2 0 1 2 0 0 0 1 0 0 1 0 0 0 1 2 1 1 1 1 0 0 1 2 1 1 1 0 2 1 0 1 1 2 0 0 0 0 0 0 1 1 1 2 0 0 1 1 2 1 1 1 2 0 1 0 0 0 2 1 1 2 1 1 2 0 2 2 0 2 2 1 1 0 2 1 2 2 2 2 2 0 1 1 1 1 2 2 2 2 0 2 2 1 1 1 1 2 1 2 2 0 1 2 0 0 0 1 0
1.23467024864109 -0.601445398792192 -0.192579797859395 0.554675380981103 0.363174032649388 1 0 0 0 0 0 1 2 2 1 1 0 0 0 2 2 1 0 0 0 2 2 2 0 0 1 0 0 1 0 0 0 1 2 0 2 1 0 0 0 2 1 0 0 2 0 2 2 0 0 2 2 2 2 1 1 0 0 2 1 0 2 2 0 0 0 1 1 2 2 1 0 2 0 0 1 1 0 2 2 1 1 0 2 1 0 1 2 2 2 2 1 2 0 1 2 0 0 0 1 0 0 0 0 0 0 1 2 2 1 1 0 0 0 2 2 1 0 0 0 2 2 2 0 0 1 0 0 1 0 0 0 1 2 0 2 1 0 0 0 2 1 0 0 2 0 2 2 0 0 2 2 2 2 1 1 0 0 2 1 0 2 2 0 0 0 1 1 2 2 1 0 2 0 0 1 1 0 2 2 1 1 0 2 1 0 1 2 2 2 2 1 2 0 1 2 0 0 0 1 0
0.138573998145509 0.98217888820636 -0.312114106712748 0.954653674384804 0.440590104098021 1 0 2 1 2 0 1 2 2 0 1 0 0 0 1 2 2 2 0 0 1 1 2 2 1 2 2 2 2 2 1 0 1 1 0 2 1 0 1 1 2 1 1 1 1 1 1 1 1 0 2 2 2 2 0 1 1 1 2 1 0 1 2 1 2 1 1 1 2 1 1 1 2 0 0 1 2 1 2 2 1 1 0 1 1 1 1 1 2 1 1 1 2 0 2 2 0 0 1 1 1 0 2 1 2 0 1 2 2 0 1 0 0 0 1 2 2 2 0 0 1 1 2 2 1 2 2 2 2 2 1 0 1 1 0 2 1 0 1 1 2 1 1 1 1 1 1 1 1 0 2 2 2 2 0 1 1 1 2 1 0 1 2 1 2 1 1 1 2 1 1 1 2 0 0 1 2 1 2 2 1 1 0 1 1 1 1 1 2 1 1 1 2 0 2 2 0 0 1 1 1
-0.0247779607449444 -0.360040795469107 0.164803587997329 -0.297573602811894 0.381052753914309 -1 0 0 0 2 0 0 2 2 1 1 0 0 1 2 2 2 0 1 1 2 2 2 1 0 1 1 1 1 0 2 0 2 1 0 2 2 2 2 1 2 0 0 1 2 1 2 1 0 1 2 2 1 2 0 2 1 1 2 2 1 2 2 1 2 1 2 2 2 1 1 0 1 0 0 0 1 1 2 2 0 1 0 2 1 0 0 0 1 2 2 2 2 0 1 2 0 0 0 1 1 0 0 0 -2 0 0 -2 -2 -1 -1 0 0 -1 -2 -2 -2 0 -1 -1 -2 -2 -2 -1 0 -1 -1 -1 -1 0 -2 0 -2 -1 0 -2 -2 -2 -2 -1 -2 0 0 -1 -2 -1 -2 -1 0 -1 -2 -2 -1 -2 0 -2 -1 -1 -2 -2 -1 -2 -2 -1 -2 -1 -2 -2 -2 -1 -1 0 -1 0 0 0 -1 -1 -2 -2 0 -1 0 -2 -1 0 0 0 -1 -2 -2 -2 -2 0 -1 -2 0 0 0 -1 -1
-1.16672183533557 1.47276461415442 -0.0647829497521795 -1.27800932600756 0.548585310834401 -1 0 0 0 1 0 1 2 2 0 0 0 0 0 1 2 1 0 2 0 1 0 0 0 0 1 1 1 1 0 1 1 2 1 0 2 2 1 2 1 2 2 0 0 1 0 0 1 1 0 2 2 2 2 1 1 2 2 2 0 0 1 2 2 2 0 1 2 2 2 2 1 1 0 0 0 1 1 2 2 1 0 0 2 1 0 0 2 2 2 2 2 2 0 1 2 0 1 2 1 0 0 0 0 -1 0 -1 -2 -2 0 0 0 0 0 -1 -2 -1 0 -2 0 -1 0 0 0 0 -1 -1 -1 -1 0 -1 -1 -2 -1 0 -2 -2 -1 -2 -1 -2 -2 0 0 -1 0 0 -1 -1 0 -2 -2 -2 -2 -1 -1 -2 -2 -2 0 0 -1 -2 -2 -2 0 -1 -2 -2 -2 -2 -1 -1 0 0 0 -1 -1 -2 -2 -1 0 0 -2 -1 0 0 -2 -2 -2 -2 -2 -2 0 -1 -2 0 -1 -2 -1 0
0.435990174390293 1.91066377721816 0.90691441872877 0.368655537552378 -0.401555743213949 1 0 1 1 2 0 2 2 2 0 0 1 0 0 1 2 2 2 2 0 2 0 0 1 0 0 0 1 1 1 1 1 2 2 0 1 2 0 0 0 2 2 1 1 0 1 1 1 1 0 2 1 0 2 0 0 0 1 2 1 0 0 1 1 1 0 0 1 2 1 1 0 0 0 0 0 1 0 2 2 2 2 1 2 1 0 0 1 2 2 2 2 2 0 2 2 0 1 0 2 0 0 1 1 2 0 2 2 2 0 0 1 0 0 1 2 2 2 2 0 2 0 0 1 0 0 0 1 1 1 1 1 2 2 0 1 2 0 0 0 2 2 1 1 0 1 1 1 1 0 2 1 0 2 0 0 0 1 2 1 0 0 1 1 1 0 0 1 2 1 1 0 0 0 0 0 1 0 2 2 2 2 1 2 1 0 0 1 2 2 2 2 2 0 2 2 0 1 0 2 0
-0.709949324080669 0.122446375576231 1.03405589728697 0.365386697019467 -0.471345149637579 -1 1 1 1 2 0 2 2 2 1 1 0 0 0 1 2 0 1 1 0 2 2 1 0 0 0 0 0 1 1 2 1 2 1 0 2 1 0 0 1 2 2 1 0 1 1 1 2 1 1 1 1 0 1 0 1 0 0 0 0 0 0 2 2 2 2 2 2 1 0 0 0 0 0 1 1 1 1 2 1 2 0 1 2 0 0 0 1 1 1 2 1 2 0 2 1 0 0 0 2 0 -1 -1 -1 -2 0 -2 -2 -2 -1 -1 0 0 0 -1 -2 0 -1 -1 0 -2 -2 -1 0 0 0 0 0 -1 -1 -2 -1 -2 -1 0 -2 -1 0 0 -1 -2 -2 -1 0 -1 -1 -1 -2 -1 -1 -1 -1 0 -1 0 -1 0 0 0 0 0 0 -2 -2 -2 -2 -2 -2 -1 0 0 0 0 0 -1 -1 -1 -1 -2 -1 -2 0 -1 -2 0 0 0 -1 -1 -1 -2 -1 -2 0 -2 -1 0 0 0 -2 0
-0.0972438275587957 0.353004656623525 0.909124593562233 -0.531213959323804 -0.370633938992663 1 0 1 0 1 0 0 2 0 1 1 0 1 0 2 2 2 2 2 0 2 2 1 1 2 1 0 0 1 1 1 0 2 2 1 2 2 1 2 1 2 1 0 0 2 1 1 1 0 0 2 2 1 2 2 2 2 1 0 0 0 0 2 2 2 1 2 2 2 1 2 1 2 0 1 1 1 1 2 2 1 0 0 2 2 1 0 1 0 1 1 1 2 0 1 2 1 0 0 2 0 0 1 0 1 0 0 2 0 1 1 0 1 0 2 2 2 2 2 0 2 2 1 1 2 1 0 0 1 1 1 0 2 2 1 2 2 1 2 1 2 1 0 0 2 1 1 1 0 0 2 2 1 2 2 2 2 1 0 0 0 0 2 2 2 1 2 2 2 1 2 1 2 0 1 1 1 1 2 2 1 0 0 2 2 1 0 1 0 1 1 1 2 0 1 2 1 0 0 2 0
