0.205690438974383 0.785000056203101 -0.594431436866843 -0.380897533936625 -1.76362995135336 -1 1 2 1 2 0 1 0 0 2 2 2 1 1 0 0 0 2 0 0 1 2 1 0 1 2 1 0 0 0 1 1 1 1 0 1 0 0 0 0 0 0 0 2 2 2 1 1 2 2 2 2 2 0 2 1 2 0 2 2 2 1 0 2 2 0 0 2 0 0 1 1 0 0 1 0 0 0 0 0 2 0 0 2 1 2 2 2 0 1 1 2 0 2 0 1 2 1 2 2 1 -1 -2 -1 -2 0 -1 0 0 -2 -2 -2 -1 -1 0 0 0 -2 0 0 -1 -2 -1 0 -1 -2 -1 0 0 0 -1 -1 -1 -1 0 -1 0 0 0 0 0 0 0 -2 -2 -2 -1 -1 -2 -2 -2 -2 -2 0 -2 -1 -2 0 -2 -2 -2 -1 0 -2 -2 0 0 -2 0 0 -1 -1 0 0 -1 0 0 0 0 0 -2 0 0 -2 -1 -2 -2 -2 0 -1 -1 -2 0 -2 0 -1 -2 -1 -2 -2 -1
-1.22848812379648 0.213187127026769 0.766589996437741 1.00985685940074 0.133626852002404 -1 1 2 0 2 1 1 0 0 2 2 2 2 2 0 1 2 2 0 0 0 1 2 0 1 2 0 0 0 1 2 1 0 1 0 1 0 0 0 0 0 2 2 2 2 1 0 2 1 0 1 2 1 0 2 1 2 0 2 2 0 0 0 1 2 0 0 0 0 2 1 1 0 1 2 1 0 0 0 1 2 1 0 2 0 0 0 0 0 2 1 1 1 2 0 0 0 2 2 2 1 -1 -2 0 -2 -1 -1 0 0 -2 -2 -2 -2 -2 0 -1 -2 -2 0 0 0 -1 -2 0 -1 -2 0 0 0 -1 -2 -1 0 -1 0 -1 0 0 0 0 0 -2 -2 -2 -2 -1 0 -2 -1 0 -1 -2 -1 0 -2 -1 -2 0 -2 -2 0 0 0 -1 -2 0 0 0 0 -2 -1 -1 0 -1 -2 -1 0 0 0 -1 -2 -1 0 -2 0 0 0 0 0 -2 -1 -1 -1 -2 0 0 0 -2 -2 -2 -1
-0.335284267884285 -0.285944495338938 -1.80145040457602 -1.57082955590866 0.0723289975183158 1 1 2 0 2 0 1 0 0 2 2 2 2 2 0 1 2 2 0 0 0 0 2 0 1 2 0 1 0 0 1 2 0 0 0 2 0 0 0 0 1 2 0 1 1 1 0 0 0 0 1 1 1 0 2 0 2 1 1 2 1 0 0 2 1 0 0 0 0 0 0 0 0 2 2 1 0 1 0 0 2 2 1 2 0 0 1 1 1 2 0 2 2 2 0 0 1 0 0 0 1 1 2 0 2 0 1 0 0 2 2 2 2 2 0 1 2 2 0 0 0 0 2 0 1 2 0 1 0 0 1 2 0 0 0 2 0 0 0 0 1 2 0 1 1 1 0 0 0 0 1 1 1 0 2 0 2 1 1 2 1 0 0 2 1 0 0 0 0 0 0 0 0 2 2 1 0 1 0 0 2 2 1 2 0 0 1 1 1 2 0 2 2 2 0 0 1 0 0 0 1
-0.125064578047151 0.444549752853487 0.0403714418971342 0.0705572232876525 0.222003389318692 1 1 2 1 2 0 1 1 1 2 0 0 0 2 0 0 1 2 0 0 1 2 2 0 2 2 0 0 0 0 2 1 0 2 1 1 0 0 0 0 1 2 2 2 2 1 1 2 2 0 1 1 0 0 0 0 2 1 2 2 0 0 0 2 2 0 0 0 0 1 1 1 0 2 2 0 0 1 0 2 2 2 0 2 0 0 2 1 0 2 1 2 0 2 0 1 1 0 2 2 2 1 2 1 2 0 1 1 1 2 0 0 0 2 0 0 1 2 0 0 1 2 2 0 2 2 0 0 0 0 2 1 0 2 1 1 0 0 0 0 1 2 2 2 2 1 1 2 2 0 1 1 0 0 0 0 2 1 2 2 0 0 0 2 2 0 0 0 0 1 1 1 0 2 2 0 0 1 0 2 2 2 0 2 0 0 2 1 0 2 1 2 0 2 0 1 1 0 2 2 2
-0.624378112160649 -0.582679342569778 1.18718653674027 -0.531894492786478 0.0956035217978392 -1 1 2 0 2 1 1 1 1 1 2 1 1 1 0 0 1 2 1 0 1 2 2 0 1 2 2 1 0 0 1 1 0 1 1 1 0 0 0 0 0 1 1 1 2 1 0 0 1 0 2 2 0 0 2 0 2 1 1 1 0 0 0 2 2 0 0 1 1 2 2 2 0 1 2 1 2 1 1 0 2 2 1 2 0 1 1 2 0 0 0 1 0 1 0 0 0 1 1 1 2 -1 -2 0 -2 -1 -1 -1 -1 -1 -2 -1 -1 -1 0 0 -1 -2 -1 0 -1 -2 -2 0 -1 -2 -2 -1 0 0 -1 -1 0 -1 -1 -1 0 0 0 0 0 -1 -1 -1 -2 -1 0 0 -1 0 -2 -2 0 0 -2 0 -2 -1 -1 -1 0 0 0 -2 -2 0 0 -1 -1 -2 -2 -2 0 -1 -2 -1 -2 -1 -1 0 -2 -2 -1 -2 0 -1 -1 -2 0 0 0 -1 0 -1 0 0 0 -1 -1 -1 -2
-0.864488977184475 -0.191313043191863 1.01141057030915 -1.20304527456917 0.0305016015111751 -1 0 2 1 2 1 1 2 1 2 2 2 1 2 0 2 2 2 0 0 1 2 2 1 2 2 0 1 0 1 2 1 1 0 0 0 0 0 1 1 1 2 2 2 2 1 0 0 2 1 2 2 2 0 2 0 2 1 2 2 2 1 0 2 1 1 1 0 0 1 2 1 0 1 1 0 1 1 1 1 2 1 0 2 0 1 2 2 0 2 0 0 0 1 0 0 0 1 1 1 1 0 -2 -1 -2 -1 -1 -2 -1 -2 -2 -2 -1 -2 0 -2 -2 -2 0 0 -1 -2 -2 -1 -2 -2 0 -1 0 -1 -2 -1 -1 0 0 0 0 0 -1 -1 -1 -2 -2 -2 -2 -1 0 0 -2 -1 -2 -2 -2 0 -2 0 -2 -1 -2 -2 -2 -1 0 -2 -1 -1 -1 0 0 -1 -2 -1 0 -1 -1 0 -1 -1 -1 -1 -2 -1 0 -2 0 -1 -2 -2 0 -2 0 0 0 -1 0 0 0 -1 -1 -1 -1
-0.315634313588031 -0.918760833011721 1.02609090859824 -2.35324909768784 -0.301369852191415 -1 0 1 0 2 0 1 0 1 2 1 2 0 1 1 1 2 2 0 0 0 1 1 0 0 1 0 1 0 0 2 2 1 1 1 2 1 0 1 1 0 2 2 2 2 1 0 1 2 0 1 1 0 0 1 0 1 1 2 2 0 0 0 2 1 0 0 0 0 1 2 2 0 2 2 1 2 2 0 1 2 2 1 2 1 0 0 2 0 2 1 2 0 1 0 0 0 0 1 0 2 0 -1 0 -2 0 -1 0 -1 -2 -1 -2 0 -1 -1 -1 -2 -2 0 0 0 -1 -1 0 0 -1 0 -1 0 0 -2 -2 -1 -1 -1 -2 -1 0 -1 -1 0 -2 -2 -2 -2 -1 0 -1 -2 0 -1 -1 0 0 -1 0 -1 -1 -2 -2 0 0 0 -2 -1 0 0 0 0 -1 -2 -2 0 -2 -2 -1 -2 -2 0 -1 -2 -2 -1 -2 -1 0 0 -2 0 -2 -1 -2 0 -1 0 0 0 0 -1 0 -2
1.11120909614699 -0.0984565733726155 0.367579766350436 2.37681402665 1.51271695502928 -1 0 2 2 2 2 2 0 0 2 2 2 1 1 0 0 2 2 2 2 2 2 2 1 1 1 1 1 0 1 2 1 0 0 0 1 0 0 1 0 0 2 1 2 2 0 0 0 0 0 0 0 0 1 2 0 2 1 2 2 1 1 0 2 2 1 2 1 1 2 1 2 1 2 2 1 0 0 0 1 2 2 1 2 0 2 2 1 0 1 1 2 0 2 0 0 2 1 2 1 1 0 -2 -2 -2 -2 -2 0 0 -2 -2 -2 -1 -1 0 0 -2 -2 -2 -2 -2 -2 -2 -1 -1 -1 -1 -1 0 -1 -2 -1 0 0 0 -1 0 0 -1 0 0 -2 -1 -2 -2 0 0 0 0 0 0 0 0 -1 -2 0 -2 -1 -2 -2 -1 -1 0 -2 -2 -1 -2 -1 -1 -2 -1 -2 -1 -2 -2 -1 0 0 0 -1 -2 -2 -1 -2 0 -2 -2 -1 0 -1 -1 -2 0 -2 0 0 -2 -1 -2 -1 -1
0.161076948647678 -1.25734701549633 0.00274173504684951 -1.51726246173156 0.254702028294794 1 1 2 1 2 0 0 0 0 2 2 2 2 2 0 0 1 2 1 2 2 1 1 0 1 1 0 1 0 2 2 2 1 0 0 1 0 1 1 1 1 1 2 2 2 1 0 0 2 0 1 1 0 0 2 0 1 0 2 2 0 0 0 2 2 0 0 0 0 2 2 1 0 2 1 1 0 0 0 0 2 2 0 2 0 0 0 0 0 2 0 1 0 2 0 1 1 1 2 1 1 1 2 1 2 0 0 0 0 2 2 2 2 2 0 0 1 2 1 2 2 1 1 0 1 1 0 1 0 2 2 2 1 0 0 1 0 1 1 1 1 1 2 2 2 1 0 0 2 0 1 1 0 0 2 0 1 0 2 2 0 0 0 2 2 0 0 0 0 2 2 1 0 2 1 1 0 0 0 0 2 2 0 2 0 0 0 0 0 2 0 1 0 2 0 1 1 1 2 1 1
0.972229904597975 0.31526300002193 -0.0502259713395485 -1.35199180112927 0.711600335947806 -1 0 1 0 2 1 2 1 0 2 2 2 2 2 0 0 1 2 0 0 1 2 1 0 0 1 0 1 0 0 2 1 0 0 0 1 0 0 0 0 0 1 1 2 2 2 1 1 2 1 2 1 0 1 2 0 2 1 2 2 1 1 0 2 1 0 0 1 0 1 1 0 0 1 1 0 1 0 1 0 1 0 0 2 0 0 1 1 0 2 1 2 0 2 0 0 1 0 1 1 1 0 -1 0 -2 -1 -2 -1 0 -2 -2 -2 -2 -2 0 0 -1 -2 0 0 -1 -2 -1 0 0 -1 0 -1 0 0 -2 -1 0 0 0 -1 0 0 0 0 0 -1 -1 -2 -2 -2 -1 -1 -2 -1 -2 -1 0 -1 -2 0 -2 -1 -2 -2 -1 -1 0 -2 -1 0 0 -1 0 -1 -1 0 0 -1 -1 0 -1 0 -1 0 -1 0 0 -2 0 0 -1 -1 0 -2 -1 -2 0 -2 0 0 -1 0 -1 -1 -1
-0.912494444438159 -1.05031808722034 0.0713604821631359 0.576151315693083 -1.96464177756074 1 1 2 1 2 2 2 0 0 1 2 2 1 2 0 0 2 2 1 0 1 2 2 0 2 1 0 0 0 0 2 0 0 1 1 2 0 0 0 0 0 2 2 2 2 0 1 1 1 0 1 1 2 0 2 0 2 0 1 2 1 1 0 2 2 1 1 1 0 1 1 1 0 1 1 0 0 0 0 0 2 0 1 2 0 0 1 0 1 2 2 2 1 2 0 2 2 1 2 1 1 1 2 1 2 2 2 0 0 1 2 2 1 2 0 0 2 2 1 0 1 2 2 0 2 1 0 0 0 0 2 0 0 1 1 2 0 0 0 0 0 2 2 2 2 0 1 1 1 0 1 1 2 0 2 0 2 0 1 2 1 1 0 2 2 1 1 1 0 1 1 1 0 1 1 0 0 0 0 0 2 0 1 2 0 0 1 0 1 2 2 2 1 2 0 2 2 1 2 1 1
-0.358011830235172 -0.337225015451534 1.65241114525607 1.13752227477578 -0.109362541338112 -1 1 2 1 2 1 2 1 0 1 1 1 1 1 0 0 0 2 1 1 0 1 1 0 0 0 0 0 0 1 1 2 0 0 0 0 0 0 0 1 0 2 2 2 2 1 0 1 2 0 2 2 2 1 2 0 2 2 2 2 2 0 0 2 2 0 1 0 0 0 1 1 0 1 1 1 0 1 2 2 2 2 1 2 1 1 2 2 0 2 1 1 0 2 0 0 0 0 1 1 2 -1 -2 -1 -2 -1 -2 -1 0 -1 -1 -1 -1 -1 0 0 0 -2 -1 -1 0 -1 -1 0 0 0 0 0 0 -1 -1 -2 0 0 0 0 0 0 0 -1 0 -2 -2 -2 -2 -1 0 -1 -2 0 -2 -2 -2 -1 -2 0 -2 -2 -2 -2 -2 0 0 -2 -2 0 -1 0 0 0 -1 -1 0 -1 -1 -1 0 -1 -2 -2 -2 -2 -1 -2 -1 -1 -2 -2 0 -2 -1 -1 0 -2 0 0 0 0 -1 -1 -2
0.946377070645645 -0.934550623297919 -0.506554127019531 -1.31704021019499 -0.976663415537674 1 0 2 0 2 0 1 0 0 2 2 2 2 2 0 0 1 1 2 0 0 1 1 0 2 1 1 1 0 0 2 1 0 1 0 1 0 0 0 0 0 2 2 2 2 1 1 2 2 0 2 2 2 1 2 0 2 1 2 2 1 0 0 2 1 0 1 0 1 2 2 0 1 2 2 0 1 1 1 1 2 2 0 2 0 0 0 0 0 1 0 1 0 2 0 1 2 1 1 1 1 0 2 0 2 0 1 0 0 2 2 2 2 2 0 0 1 1 2 0 0 1 1 0 2 1 1 1 0 0 2 1 0 1 0 1 0 0 0 0 0 2 2 2 2 1 1 2 2 0 2 2 2 1 2 0 2 1 2 2 1 0 0 2 1 0 1 0 1 2 2 0 1 2 2 0 1 1 1 1 2 2 0 2 0 0 0 0 0 1 0 1 0 2 0 1 2 1 1 1 1
-0.396986999248254 0.11138661131273 -0.194687145214092 -0.411865231032362 1.40605839931639 -1 1 1 1 2 1 1 0 0 1 2 1 2 0 0 0 2 2 0 0 0 2 2 0 0 2 1 1 0 0 2 2 0 0 0 1 1 0 0 0 0 2 2 2 2 1 0 2 2 1 2 0 1 0 2 0 2 0 1 2 1 0 0 2 1 0 0 0 1 1 1 2 1 2 2 1 0 0 1 1 2 2 2 2 0 0 1 2 0 2 2 2 0 2 0 1 1 2 2 1 2 -1 -1 -1 -2 -1 -1 0 0 -1 -2 -1 -2 0 0 0 -2 -2 0 0 0 -2 -2 0 0 -2 -1 -1 0 0 -2 -2 0 0 0 -1 -1 0 0 0 0 -2 -2 -2 -2 -1 0 -2 -2 -1 -2 0 -1 0 -2 0 -2 0 -1 -2 -1 0 0 -2 -1 0 0 0 -1 -1 -1 -2 -1 -2 -2 -1 0 0 -1 -1 -2 -2 -2 -2 0 0 -1 -2 0 -2 -2 -2 0 -2 0 -1 -1 -2 -2 -1 -2
-0.478455650020676 0.57977910598165 1.55442825889017 -0.305935580689127 1.00496665536944 1 1 2 0 2 0 0 0 0 2 2 2 2 2 0 1 1 2 1 0 0 1 1 0 1 1 0 1 0 0 2 1 0 2 1 0 0 1 1 0 1 1 1 1 2 2 1 0 1 0 2 2 0 0 2 0 2 2 2 2 1 0 0 2 2 1 1 0 0 1 1 1 2 2 2 1 2 1 2 1 2 2 1 2 0 0 2 2 0 2 1 1 0 1 0 0 0 1 0 0 2 1 2 0 2 0 0 0 0 2 2 2 2 2 0 1 1 2 1 0 0 1 1 0 1 1 0 1 0 0 2 1 0 2 1 0 0 1 1 0 1 1 1 1 2 2 1 0 1 0 2 2 0 0 2 0 2 2 2 2 1 0 0 2 2 1 1 0 0 1 1 1 2 2 2 1 2 1 2 1 2 2 1 2 0 0 2 2 0 2 1 1 0 1 0 0 0 1 0 0 2
-0.753748213705831 -1.28077366454587 -0.67396735711749 0.318807977935225 -0.414443784772358 1 1 2 1 2 2 2 0 0 2 2 2 0 1 0 0 1 2 0 0 1 1 2 0 2 2 2 2 0 0 2 2 1 0 0 1 0 0 1 2 0 2 2 2 2 1 0 0 1 0 2 0 1 2 2 0 2 1 1 2 0 0 0 2 1 0 0 1 0 1 1 1 0 1 2 1 1 0 1 0 2 0 0 2 0 0 1 1 0 1 1 1 0 2 0 0 0 1 0 0 2 1 2 1 2 2 2 0 0 2 2 2 0 1 0 0 1 2 0 0 1 1 2 0 2 2 2 2 0 0 2 2 1 0 0 1 0 0 1 2 0 2 2 2 2 1 0 0 1 0 2 0 1 2 2 0 2 1 1 2 0 0 0 2 1 0 0 1 0 1 1 1 0 1 2 1 1 0 1 0 2 0 0 2 0 0 1 1 0 1 1 1 0 2 0 0 0 1 0 0 2
0.293554773391019 -1.89869952315664 0.374322209970109 -0.31573782018532 -0.0412284559481456 1 0 2 2 2 1 2 0 0 2 2 2 2 2 0 0 1 2 0 0 0 1 1 1 2 2 0 0 0 1 2 1 0 1 0 0 0 0 0 1 1 2 1 2 2 1 1 1 1 0 2 2 0 0 1 0 2 1 2 1 0 0 0 2 1 0 0 0 0 2 2 0 0 1 1 1 1 1 0 0 2 2 0 2 1 1 2 2 0 1 0 2 0 2 0 1 1 2 2 2 2 0 2 2 2 1 2 0 0 2 2 2 2 2 0 0 1 2 0 0 0 1 1 1 2 2 0 0 0 1 2 1 0 1 0 0 0 0 0 1 1 2 1 2 2 1 1 1 1 0 2 2 0 0 1 0 2 1 2 1 0 0 0 2 1 0 0 0 0 2 2 0 0 1 1 1 1 1 0 0 2 2 0 2 1 1 2 2 0 1 0 2 0 2 0 1 1 2 2 2 2
0.718279282216161 -1.29671395786694 0.699194846223846 0.0140182648079836 0.45453846134485 -1 0 2 0 2 0 2 1 1 2 2 2 1 2 1 1 1 1 1 1 2 1 1 0 2 2 1 1 0 1 2 2 2 1 0 2 0 0 0 0 0 2 2 2 2 1 1 1 2 0 2 1 1 0 2 0 2 0 1 2 1 0 0 1 0 0 0 0 0 2 1 1 0 1 2 0 1 1 1 2 2 2 2 2 0 1 2 2 0 2 2 2 1 2 0 1 2 0 1 1 2 0 -2 0 -2 0 -2 -1 -1 -2 -2 -2 -1 -2 -1 -1 -1 -1 -1 -1 -2 -1 -1 0 -2 -2 -1 -1 0 -1 -2 -2 -2 -1 0 -2 0 0 0 0 0 -2 -2 -2 -2 -1 -1 -1 -2 0 -2 -1 -1 0 -2 0 -2 0 -1 -2 -1 0 0 -1 0 0 0 0 0 -2 -1 -1 0 -1 -2 0 -1 -1 -1 -2 -2 -2 -2 -2 0 -1 -2 -2 0 -2 -2 -2 -1 -2 0 -1 -2 0 -1 -1 -2
-0.512931488784921 -0.362262206524704 -0.655534287660862 -1.57340239550311 0.698457128316552 1 0 1 0 2 1 1 0 0 1 2 2 2 2 0 1 1 2 0 0 0 0 1 0 0 1 0 2 0 0 2 2 2 1 1 2 1 0 0 0 0 1 2 2 2 1 1 2 2 1 2 2 1 0 0 0 2 1 2 2 0 0 0 2 2 1 2 1 0 0 1 0 0 0 1 0 1 2 0 1 2 2 1 2 1 1 1 0 0 2 0 1 1 1 0 1 1 1 0 1 2 0 1 0 2 1 1 0 0 1 2 2 2 2 0 1 1 2 0 0 0 0 1 0 0 1 0 2 0 0 2 2 2 1 1 2 1 0 0 0 0 1 2 2 2 1 1 2 2 1 2 2 1 0 0 0 2 1 2 2 0 0 0 2 2 1 2 1 0 0 1 0 0 0 1 0 1 2 0 1 2 2 1 2 1 1 1 0 0 2 0 1 1 1 0 1 1 1 0 1 2
1.17730269852068 -1.30151005209432 -0.49503462962445 0.202261273576073 -0.245964412958507 -1 0 1 1 2 1 1 0 0 1 2 2 2 2 0 0 1 2 1 0 0 0 1 0 0 1 0 2 0 1 2 2 1 2 1 1 0 0 0 0 0 2 2 1 2 1 2 2 2 0 2 2 1 1 2 0 2 0 1 2 2 0 0 2 1 0 0 0 0 0 0 1 1 1 2 0 0 0 0 1 2 2 1 2 0 0 1 1 0 2 1 2 0 2 0 0 1 1 1 1 1 0 -1 -1 -2 -1 -1 0 0 -1 -2 -2 -2 -2 0 0 -1 -2 -1 0 0 0 -1 0 0 -1 0 -2 0 -1 -2 -2 -1 -2 -1 -1 0 0 0 0 0 -2 -2 -1 -2 -1 -2 -2 -2 0 -2 -2 -1 -1 -2 0 -2 0 -1 -2 -2 0 0 -2 -1 0 0 0 0 0 0 -1 -1 -1 -2 0 0 0 0 -1 -2 -2 -1 -2 0 0 -1 -1 0 -2 -1 -2 0 -2 0 0 -1 -1 -1 -1 -1
-0.0144390487190393 0.205695851299145 -0.454032058346688 0.583286871128667 -2.05417393977411 1 1 2 2 2 1 2 2 2 2 2 2 2 2 0 0 1 2 1 1 1 2 2 1 2 2 1 1 0 0 1 2 0 0 1 1 0 1 1 1 0 2 1 2 2 0 0 0 1 0 1 2 1 0 2 0 2 1 2 2 2 1 0 1 1 0 1 2 1 2 2 2 2 2 2 2 0 1 1 1 2 1 0 2 0 0 2 2 0 2 0 1 0 2 0 0 1 0 0 0 1 1 2 2 2 1 2 2 2 2 2 2 2 2 0 0 1 2 1 1 1 2 2 1 2 2 1 1 0 0 1 2 0 0 1 1 0 1 1 1 0 2 1 2 2 0 0 0 1 0 1 2 1 0 2 0 2 1 2 2 2 1 0 1 1 0 1 2 1 2 2 2 2 2 2 2 0 1 1 1 2 1 0 2 0 0 2 2 0 2 0 1 0 2 0 0 1 0 0 0 1
-0.530605958695831 0.743046524051306 -0.391439233522837 -0.689553914451802 0.278706446404702 1 1 2 2 2 0 2 1 1 2 2 2 2 2 0 0 2 2 1 1 2 2 1 0 1 2 0 1 0 0 2 2 1 2 1 1 0 0 0 0 0 1 1 2 2 1 0 0 1 0 1 0 0 0 2 0 2 2 2 2 1 0 0 2 2 1 1 1 1 1 1 0 0 0 1 1 1 1 0 1 2 2 1 2 1 0 1 0 0 2 1 2 1 2 0 0 1 0 0 0 0 1 2 2 2 0 2 1 1 2 2 2 2 2 0 0 2 2 1 1 2 2 1 0 1 2 0 1 0 0 2 2 1 2 1 1 0 0 0 0 0 1 1 2 2 1 0 0 1 0 1 0 0 0 2 0 2 2 2 2 1 0 0 2 2 1 1 1 1 1 1 0 0 0 1 1 1 1 0 1 2 2 1 2 1 0 1 0 0 2 1 2 1 2 0 0 1 0 0 0 0
-0.760152570007014 0.419642867552918 0.151795200576811 0.0488712273083645 0.463134762121907 1 1 2 2 2 1 2 1 0 2 2 2 2 1 0 0 2 2 0 0 0 1 1 0 2 2 1 1 0 1 2 0 0 0 0 0 0 0 0 0 0 2 2 2 2 1 1 0 1 0 2 2 2 2 2 1 2 0 2 2 1 0 0 2 2 0 0 0 0 1 1 1 0 0 1 0 1 2 0 2 2 2 0 2 1 1 2 2 0 1 1 1 0 2 0 0 1 0 2 2 2 1 2 2 2 1 2 1 0 2 2 2 2 1 0 0 2 2 0 0 0 1 1 0 2 2 1 1 0 1 2 0 0 0 0 0 0 0 0 0 0 2 2 2 2 1 1 0 1 0 2 2 2 2 2 1 2 0 2 2 1 0 0 2 2 0 0 0 0 1 1 1 0 0 1 0 1 2 0 2 2 2 0 2 1 1 2 2 0 1 1 1 0 2 0 0 1 0 2 2 2
2.3658390207596 -1.849795987292 0.484233544202137 0.354705578958685 0.0143336913021166 1 1 2 0 2 0 1 1 1 2 2 2 2 2 0 1 2 2 2 1 1 2 2 0 1 2 0 1 0 2 2 2 2 2 1 2 1 0 1 1 0 2 2 2 2 0 0 0 1 1 2 2 1 0 2 0 2 1 2 2 2 0 0 1 2 1 1 1 1 1 1 1 1 2 2 2 0 0 0 1 2 2 0 2 1 1 2 1 0 1 1 1 1 2 0 1 1 0 0 0 2 1 2 0 2 0 1 1 1 2 2 2 2 2 0 1 2 2 2 1 1 2 2 0 1 2 0 1 0 2 2 2 2 2 1 2 1 0 1 1 0 2 2 2 2 0 0 0 1 1 2 2 1 0 2 0 2 1 2 2 2 0 0 1 2 1 1 1 1 1 1 1 1 2 2 2 0 0 0 1 2 2 0 2 1 1 2 1 0 1 1 1 1 2 0 1 1 0 0 0 2
0.326664097898327 -1.10728643539044 1.27987411042497 0.349100106405341 -0.307501004423615 1 0 1 0 1 0 2 1 0 2 2 2 1 1 1 1 2 2 0 0 0 2 2 0 1 2 1 0 0 0 1 1 0 1 1 2 1 0 0 0 1 2 1 2 2 1 1 0 1 0 1 0 1 0 2 0 2 1 2 2 0 0 0 2 1 0 1 0 0 1 1 2 0 1 1 1 0 1 1 1 2 2 0 2 0 0 0 0 0 2 1 2 2 2 0 2 2 1 2 1 2 0 1 0 1 0 2 1 0 2 2 2 1 1 1 1 2 2 0 0 0 2 2 0 1 2 1 0 0 0 1 1 0 1 1 2 1 0 0 0 1 2 1 2 2 1 1 0 1 0 1 0 1 0 2 0 2 1 2 2 0 0 0 2 1 0 1 0 0 1 1 2 0 1 1 1 0 1 1 1 2 2 0 2 0 0 0 0 0 2 1 2 2 2 0 2 2 1 2 1 2
-1.40606571891325 0.440075891513532 0.548681910491929 0.0508510383741348 0.789795839040514 1 0 1 1 2 2 2 1 2 2 2 1 2 2 0 0 2 2 1 0 1 2 2 1 2 2 0 2 0 0 2 1 0 1 0 2 0 0 1 0 0 2 2 2 2 1 1 2 2 0 2 2 1 0 2 0 2 0 1 1 1 1 0 2 2 0 1 1 2 2 1 1 1 1 2 2 1 0 0 1 2 1 0 2 0 0 0 1 0 1 1 1 0 1 0 1 1 0 1 1 2 0 1 1 2 2 2 1 2 2 2 1 2 2 0 0 2 2 1 0 1 2 2 1 2 2 0 2 0 0 2 1 0 1 0 2 0 0 1 0 0 2 2 2 2 1 1 2 2 0 2 2 1 0 2 0 2 0 1 1 1 1 0 2 2 0 1 1 2 2 1 1 1 1 2 2 1 0 0 1 2 1 0 2 0 0 0 1 0 1 1 1 0 1 0 1 1 0 1 1 2
-0.0576244377621706 -1.25026265587494 0.552216711328394 0.927902295513658 0.899419138268117 -1 0 1 0 2 1 1 1 0 2 2 2 2 1 0 1 1 2 1 1 0 2 2 0 2 2 1 2 1 1 2 2 0 2 0 1 0 0 0 0 0 2 2 2 2 1 0 2 2 2 2 2 2 0 2 0 2 1 2 2 0 0 0 2 2 1 1 0 1 2 1 0 1 2 2 2 1 0 1 0 2 1 0 2 1 0 1 1 1 2 2 2 0 1 0 1 2 1 2 0 1 0 -1 0 -2 -1 -1 -1 0 -2 -2 -2 -2 -1 0 -1 -1 -2 -1 -1 0 -2 -2 0 -2 -2 -1 -2 -1 -1 -2 -2 0 -2 0 -1 0 0 0 0 0 -2 -2 -2 -2 -1 0 -2 -2 -2 -2 -2 -2 0 -2 0 -2 -1 -2 -2 0 0 0 -2 -2 -1 -1 0 -1 -2 -1 0 -1 -2 -2 -2 -1 0 -1 0 -2 -1 0 -2 -1 0 -1 -1 -1 -2 -2 -2 0 -1 0 -1 -2 -1 -2 0 -1
0.261290546888996 0.3260399981574 2.58526443946286 -0.672286703786195 0.610123747280927 -1 0 2 2 2 1 2 2 2 2 2 2 2 2 0 0 2 2 1 0 0 0 1 0 1 2 1 0 0 0 1 1 0 1 0 2 1 0 0 0 0 2 2 2 2 1 0 0 1 0 2 1 1 0 2 1 2 1 2 2 1 1 0 2 1 0 0 0 0 2 1 2 0 2 2 2 1 0 1 1 2 0 1 2 0 0 2 1 0 2 1 2 0 2 0 1 1 1 2 0 2 0 -2 -2 -2 -1 -2 -2 -2 -2 -2 -2 -2 -2 0 0 -2 -2 -1 0 0 0 -1 0 -1 -2 -1 0 0 0 -1 -1 0 -1 0 -2 -1 0 0 0 0 -2 -2 -2 -2 -1 0 0 -1 0 -2 -1 -1 0 -2 -1 -2 -1 -2 -2 -1 -1 0 -2 -1 0 0 0 0 -2 -1 -2 0 -2 -2 -2 -1 0 -1 -1 -2 0 -1 -2 0 0 -2 -1 0 -2 -1 -2 0 -2 0 -1 -1 -1 -2 0 -2
1.72172825104062 -0.100201620795819 -1.27291130355358 0.296757839021527 -0.66503197125159 -1 0 2 1 2 1 2 0 0 1 2 2 1 2 0 1 2 2 1 2 2 2 2 0 1 1 0 2 0 0 2 1 0 0 1 1 0 0 1 0 0 2 2 2 2 1 1 2 2 2 2 1 1 2 2 0 2 0 1 2 1 1 0 2 2 1 1 0 0 1 1 2 2 1 1 0 1 2 1 1 2 1 0 2 0 0 1 0 0 2 2 2 0 2 0 1 1 0 1 1 2 0 -2 -1 -2 -1 -2 0 0 -1 -2 -2 -1 -2 0 -1 -2 -2 -1 -2 -2 -2 -2 0 -1 -1 0 -2 0 0 -2 -1 0 0 -1 -1 0 0 -1 0 0 -2 -2 -2 -2 -1 -1 -2 -2 -2 -2 -1 -1 -2 -2 0 -2 0 -1 -2 -1 -1 0 -2 -2 -1 -1 0 0 -1 -1 -2 -2 -1 -1 0 -1 -2 -1 -1 -2 -1 0 -2 0 0 -1 0 0 -2 -2 -2 0 -2 0 -1 -1 0 -1 -1 -2
0.688811540084467 -1.5537093443231 -0.960941985433063 1.32877529170032 1.85278959556222 -1 2 2 1 2 1 1 0 0 1 1 2 2 2 1 1 1 2 1 0 1 2 2 1 2 2 0 1 0 0 2 1 0 1 0 2 0 0 0 0 0 2 2 2 2 0 0 0 1 0 1 0 0 0 2 0 2 1 2 2 1 0 0 2 0 0 1 0 0 1 1 2 0 2 1 1 0 1 1 2 2 0 0 2 0 0 1 1 0 0 0 0 0 2 0 0 1 1 1 1 2 -2 -2 -1 -2 -1 -1 0 0 -1 -1 -2 -2 -2 -1 -1 -1 -2 -1 0 -1 -2 -2 -1 -2 -2 0 -1 0 0 -2 -1 0 -1 0 -2 0 0 0 0 0 -2 -2 -2 -2 0 0 0 -1 0 -1 0 0 0 -2 0 -2 -1 -2 -2 -1 0 0 -2 0 0 -1 0 0 -1 -1 -2 0 -2 -1 -1 0 -1 -1 -2 -2 0 0 -2 0 0 -1 -1 0 0 0 0 0 -2 0 0 -1 -1 -1 -1 -2
-0.386451306429232 -0.569627730322785 -0.0990344756279301 -0.550861482590943 0.203983771867893 -1 0 1 0 2 0 2 2 1 1 2 2 2 2 1 1 1 2 1 1 1 2 1 0 2 1 1 0 0 1 2 2 0 2 0 1 0 0 0 1 0 2 2 2 2 1 0 2 2 2 2 2 1 0 1 0 2 1 1 2 1 1 0 2 1 0 1 1 0 2 2 1 1 2 1 1 1 1 0 0 2 1 0 2 0 1 2 1 0 1 1 2 1 2 0 1 1 1 1 2 2 0 -1 0 -2 0 -2 -2 -1 -1 -2 -2 -2 -2 -1 -1 -1 -2 -1 -1 -1 -2 -1 0 -2 -1 -1 0 0 -1 -2 -2 0 -2 0 -1 0 0 0 -1 0 -2 -2 -2 -2 -1 0 -2 -2 -2 -2 -2 -1 0 -1 0 -2 -1 -1 -2 -1 -1 0 -2 -1 0 -1 -1 0 -2 -2 -1 -1 -2 -1 -1 -1 -1 0 0 -2 -1 0 -2 0 -1 -2 -1 0 -1 -1 -2 -1 -2 0 -1 -1 -1 -1 -2 -2
0.799056436370173 1.03850842635211 -0.82575118547906 0.212656529431292 0.589099628202935 -1 1 1 0 2 1 1 0 0 2 2 2 1 2 0 0 0 2 0 0 0 1 2 0 2 1 1 0 0 0 1 1 0 2 0 2 0 0 0 0 1 2 1 2 2 0 0 0 2 0 2 1 0 1 2 0 2 1 2 2 0 0 0 2 1 0 1 1 1 2 2 2 1 1 2 0 1 1 0 1 2 2 0 2 0 1 2 0 0 2 0 0 0 2 0 0 2 0 1 0 1 -1 -1 0 -2 -1 -1 0 0 -2 -2 -2 -1 -2 0 0 0 -2 0 0 0 -1 -2 0 -2 -1 -1 0 0 0 -1 -1 0 -2 0 -2 0 0 0 0 -1 -2 -1 -2 -2 0 0 0 -2 0 -2 -1 0 -1 -2 0 -2 -1 -2 -2 0 0 0 -2 -1 0 -1 -1 -1 -2 -2 -2 -1 -1 -2 0 -1 -1 0 -1 -2 -2 0 -2 0 -1 -2 0 0 -2 0 0 0 -2 0 0 -2 0 -1 0 -1
-0.452801601018252 -0.55496080228074 -0.490425072635223 1.72156016614227 -0.122409989261561 -1 0 1 0 2 1 0 0 0 2 2 2 1 1 0 0 0 2 1 1 2 2 1 0 2 2 0 1 0 0 1 2 0 1 0 2 0 0 0 0 0 2 1 2 2 1 2 2 2 0 2 1 1 1 2 0 2 1 1 2 0 0 0 1 1 0 0 1 0 2 0 0 0 2 2 1 0 0 0 0 2 1 1 2 0 0 0 0 0 2 2 2 2 2 1 1 2 0 2 1 2 0 -1 0 -2 -1 0 0 0 -2 -2 -2 -1 -1 0 0 0 -2 -1 -1 -2 -2 -1 0 -2 -2 0 -1 0 0 -1 -2 0 -1 0 -2 0 0 0 0 0 -2 -1 -2 -2 -1 -2 -2 -2 0 -2 -1 -1 -1 -2 0 -2 -1 -1 -2 0 0 0 -1 -1 0 0 -1 0 -2 0 0 0 -2 -2 -1 0 0 0 0 -2 -1 -1 -2 0 0 0 0 0 -2 -2 -2 -2 -2 -1 -1 -2 0 -2 -1 -2
-0.0345237365043275 1.15999992680116 -0.542999835160371 0.0311437131104352 -2.44980596653513 -1 0 1 0 2 0 1 1 1 2 2 2 1 2 0 1 1 2 0 0 2 2 2 1 2 2 1 0 0 0 1 1 1 0 0 1 0 0 0 0 0 1 2 2 2 0 0 0 1 1 2 1 0 0 1 0 2 1 2 2 2 2 0 2 2 0 0 0 1 1 0 1 0 1 1 0 0 0 1 0 2 2 0 2 1 1 2 1 0 2 1 1 0 1 0 1 1 1 1 1 1 0 -1 0 -2 0 -1 -1 -1 -2 -2 -2 -1 -2 0 -1 -1 -2 0 0 -2 -2 -2 -1 -2 -2 -1 0 0 0 -1 -1 -1 0 0 -1 0 0 0 0 0 -1 -2 -2 -2 0 0 0 -1 -1 -2 -1 0 0 -1 0 -2 -1 -2 -2 -2 -2 0 -2 -2 0 0 0 -1 -1 0 -1 0 -1 -1 0 0 0 -1 0 -2 -2 0 -2 -1 -1 -2 -1 0 -2 -1 -1 0 -1 0 -1 -1 -1 -1 -1 -1
2.11528180098529 -1.34330721719889 0.1863144199002 -0.250981071725376 -0.348157249928813 1 1 2 2 2 1 2 1 0 2 1 2 1 2 0 1 2 2 1 1 0 1 2 0 2 2 0 1 0 0 0 1 0 0 0 1 0 0 0 0 0 2 2 2 2 1 0 0 1 0 1 1 0 0 2 0 1 0 2 2 1 0 0 2 1 0 0 0 2 2 1 1 0 2 2 1 1 0 0 2 2 1 0 2 1 0 1 1 0 2 1 1 0 0 0 2 2 0 1 1 2 1 2 2 2 1 2 1 0 2 1 2 1 2 0 1 2 2 1 1 0 1 2 0 2 2 0 1 0 0 0 1 0 0 0 1 0 0 0 0 0 2 2 2 2 1 0 0 1 0 1 1 0 0 2 0 1 0 2 2 1 0 0 2 1 0 0 0 2 2 1 1 0 2 2 1 1 0 0 2 2 1 0 2 1 0 1 1 0 2 1 1 0 0 0 2 2 0 1 1 2
0.0809507281186219 1.6989153979599 1.14947327330044 -0.864485210092839 -0.372861425335947 -1 1 2 2 2 1 0 0 0 1 2 2 2 2 1 0 1 1 0 0 0 1 1 0 1 2 1 2 0 0 1 1 1 2 1 2 1 0 0 1 0 1 2 2 2 1 0 1 1 0 1 1 1 1 2 0 2 2 2 2 1 0 0 2 1 0 0 0 1 2 1 0 0 1 2 1 2 1 1 1 2 1 0 2 1 0 0 0 0 2 1 1 1 2 0 0 1 0 0 0 1 -1 -2 -2 -2 -1 0 0 0 -1 -2 -2 -2 -2 -1 0 -1 -1 0 0 0 -1 -1 0 -1 -2 -1 -2 0 0 -1 -1 -1 -2 -1 -2 -1 0 0 -1 0 -1 -2 -2 -2 -1 0 -1 -1 0 -1 -1 -1 -1 -2 0 -2 -2 -2 -2 -1 0 0 -2 -1 0 0 0 -1 -2 -1 0 0 -1 -2 -1 -2 -1 -1 -1 -2 -1 0 -2 -1 0 0 0 0 -2 -1 -1 -1 -2 0 0 -1 0 0 0 -1
-0.050346075516781 0.731787965400463 0.527560798114536 1.91099657913057 0.200127401280866 -1 0 2 0 2 1 2 0 0 1 2 2 2 2 0 0 1 2 0 0 1 0 0 0 1 2 1 0 0 0 1 0 0 1 0 1 0 0 1 0 0 1 2 2 2 1 0 1 2 1 2 2 1 0 2 0 2 1 1 2 0 0 0 2 2 1 0 1 0 1 0 0 0 0 1 1 1 0 0 1 2 0 0 2 1 0 1 1 0 2 2 2 2 2 0 0 1 0 1 1 1 0 -2 0 -2 -1 -2 0 0 -1 -2 -2 -2 -2 0 0 -1 -2 0 0 -1 0 0 0 -1 -2 -1 0 0 0 -1 0 0 -1 0 -1 0 0 -1 0 0 -1 -2 -2 -2 -1 0 -1 -2 -1 -2 -2 -1 0 -2 0 -2 -1 -1 -2 0 0 0 -2 -2 -1 0 -1 0 -1 0 0 0 0 -1 -1 -1 0 0 -1 -2 0 0 -2 -1 0 -1 -1 0 -2 -2 -2 -2 -2 0 0 -1 0 -1 -1 -1
0.670298293394833 0.46325291646836 2.31941241446001 0.683892859823865 -1.51566464666109 1 1 1 0 2 1 1 0 0 2 2 2 2 2 0 1 1 2 0 0 0 1 2 0 1 1 1 1 0 1 2 2 0 1 1 1 0 0 0 0 0 2 2 2 2 1 0 1 2 0 2 2 2 0 2 0 2 2 1 2 0 0 0 1 1 0 0 0 1 1 2 2 1 1 2 0 0 0 1 2 2 2 1 2 0 0 2 1 0 1 1 2 0 2 0 1 0 0 1 0 2 1 1 0 2 1 1 0 0 2 2 2 2 2 0 1 1 2 0 0 0 1 2 0 1 1 1 1 0 1 2 2 0 1 1 1 0 0 0 0 0 2 2 2 2 1 0 1 2 0 2 2 2 0 2 0 2 2 1 2 0 0 0 1 1 0 0 0 1 1 2 2 1 1 2 0 0 0 1 2 2 2 1 2 0 0 2 1 0 1 1 2 0 2 0 1 0 0 1 0 2
0.836280242525034 1.54382195276803 0.63848598727077 -1.26666265122587 -1.7566187202889 -1 1 2 1 2 0 1 0 0 2 2 2 2 2 1 1 2 2 0 0 0 1 1 0 2 1 1 1 0 2 1 2 0 1 1 2 1 0 0 0 1 2 1 2 2 1 1 1 2 1 1 1 0 0 1 0 2 1 1 2 0 1 0 2 2 1 1 2 1 2 2 1 0 0 2 1 0 1 0 1 2 2 0 2 0 1 1 2 0 2 2 1 0 2 0 1 1 1 1 2 2 -1 -2 -1 -2 0 -1 0 0 -2 -2 -2 -2 -2 -1 -1 -2 -2 0 0 0 -1 -1 0 -2 -1 -1 -1 0 -2 -1 -2 0 -1 -1 -2 -1 0 0 0 -1 -2 -1 -2 -2 -1 -1 -1 -2 -1 -1 -1 0 0 -1 0 -2 -1 -1 -2 0 -1 0 -2 -2 -1 -1 -2 -1 -2 -2 -1 0 0 -2 -1 0 -1 0 -1 -2 -2 0 -2 0 -1 -1 -2 0 -2 -2 -1 0 -2 0 -1 -1 -1 -1 -2 -2
0.287645613952016 0.485293217008987 -1.07769545507242 0.403689233187413 0.174768359031963 1 0 2 1 2 0 0 1 1 2 2 2 1 2 0 0 2 2 0 0 0 1 2 0 2 2 1 2 1 0 1 0 0 1 0 1 0 1 2 2 1 2 2 2 2 1 1 1 1 0 0 2 1 0 1 0 2 1 1 2 1 0 0 2 1 0 0 1 0 1 1 1 1 2 2 0 0 0 0 0 2 2 0 2 1 1 2 0 0 1 0 0 0 2 0 0 1 0 0 0 2 0 2 1 2 0 0 1 1 2 2 2 1 2 0 0 2 2 0 0 0 1 2 0 2 2 1 2 1 0 1 0 0 1 0 1 0 1 2 2 1 2 2 2 2 1 1 1 1 0 0 2 1 0 1 0 2 1 1 2 1 0 0 2 1 0 0 1 0 1 1 1 1 2 2 0 0 0 0 0 2 2 0 2 1 1 2 0 0 1 0 0 0 2 0 0 1 0 0 0 2
-0.181206478285592 0.242933947453578 -1.00954910961898 -0.715526272419831 0.681034216706977 -1 2 2 1 2 2 2 1 2 2 2 2 1 1 0 0 1 2 0 0 0 1 2 0 1 1 0 0 0 0 2 2 0 2 1 2 1 0 0 0 0 2 1 2 2 1 0 0 0 0 2 2 1 0 2 0 2 1 1 2 1 0 0 2 1 1 2 1 1 1 1 1 1 1 1 0 1 1 0 1 2 2 0 2 0 0 0 1 0 2 1 2 0 2 0 1 2 0 0 1 2 -2 -2 -1 -2 -2 -2 -1 -2 -2 -2 -2 -1 -1 0 0 -1 -2 0 0 0 -1 -2 0 -1 -1 0 0 0 0 -2 -2 0 -2 -1 -2 -1 0 0 0 0 -2 -1 -2 -2 -1 0 0 0 0 -2 -2 -1 0 -2 0 -2 -1 -1 -2 -1 0 0 -2 -1 -1 -2 -1 -1 -1 -1 -1 -1 -1 -1 0 -1 -1 0 -1 -2 -2 0 -2 0 0 0 -1 0 -2 -1 -2 0 -2 0 -1 -2 0 0 -1 -2
-0.24812561710347 -0.435099860227944 -1.09960809873126 -1.05217276985908 0.234709828059965 1 0 2 0 2 1 2 1 0 2 2 2 2 2 0 0 1 2 0 0 1 1 1 0 1 1 0 1 0 0 2 2 0 1 0 1 0 0 1 0 0 2 2 2 2 0 0 0 0 0 2 1 0 0 2 0 2 1 1 2 2 0 0 2 2 1 1 0 0 2 1 1 1 0 1 0 0 0 0 0 2 0 0 2 0 1 1 1 1 2 1 1 0 1 0 0 0 0 1 0 1 0 2 0 2 1 2 1 0 2 2 2 2 2 0 0 1 2 0 0 1 1 1 0 1 1 0 1 0 0 2 2 0 1 0 1 0 0 1 0 0 2 2 2 2 0 0 0 0 0 2 1 0 0 2 0 2 1 1 2 2 0 0 2 2 1 1 0 0 2 1 1 1 0 1 0 0 0 0 0 2 0 0 2 0 1 1 1 1 2 1 1 0 1 0 0 0 0 1 0 1
1.29636473914778 -0.126052474750497 -0.302363061803627 -0.977723561236822 0.297039727187277 1 1 2 1 2 1 1 1 1 2 2 1 1 2 0 0 1 2 1 0 1 2 2 1 1 1 1 1 0 1 2 2 1 1 1 2 1 0 0 1 0 1 1 2 2 1 0 1 2 1 2 2 1 1 2 0 2 2 2 2 0 0 0 2 2 1 1 1 1 2 1 2 1 2 1 1 1 1 1 1 2 1 0 2 0 0 2 1 0 2 2 2 1 1 0 1 2 1 2 2 1 1 2 1 2 1 1 1 1 2 2 1 1 2 0 0 1 2 1 0 1 2 2 1 1 1 1 1 0 1 2 2 1 1 1 2 1 0 0 1 0 1 1 2 2 1 0 1 2 1 2 2 1 1 2 0 2 2 2 2 0 0 0 2 2 1 1 1 1 2 1 2 1 2 1 1 1 1 1 1 2 1 0 2 0 0 2 1 0 2 2 2 1 1 0 1 2 1 2 2 1
-0.241700944763227 0.446979432603057 0.158844655284918 0.196928272086646 -0.297231882388272 1 0 2 1 2 2 1 0 0 2 2 1 1 1 0 1 2 2 1 0 2 2 1 0 2 2 2 1 0 1 2 2 0 0 0 0 0 0 0 0 0 1 1 2 2 2 0 1 1 0 2 2 1 1 2 0 2 1 1 2 1 0 0 2 2 0 0 0 0 2 1 2 2 2 2 1 1 0 0 2 2 2 1 2 0 0 2 1 0 2 1 1 1 2 0 0 1 1 2 1 2 0 2 1 2 2 1 0 0 2 2 1 1 1 0 1 2 2 1 0 2 2 1 0 2 2 2 1 0 1 2 2 0 0 0 0 0 0 0 0 0 1 1 2 2 2 0 1 1 0 2 2 1 1 2 0 2 1 1 2 1 0 0 2 2 0 0 0 0 2 1 2 2 2 2 1 1 0 0 2 2 2 1 2 0 0 2 1 0 2 1 1 1 2 0 0 1 1 2 1 2
0.839831196651873 2.31258853655349 -1.25808252456376 -0.521607026255948 -0.147684080598094 1 0 2 0 1 0 0 0 0 1 2 2 2 1 0 0 1 2 1 1 2 2 2 0 2 2 0 1 0 1 2 1 0 1 1 2 0 0 1 1 0 1 1 2 2 2 0 1 1 1 1 1 0 0 2 1 2 0 2 2 0 0 0 2 1 0 0 0 0 2 1 2 0 0 2 1 1 1 1 2 2 1 0 2 0 0 2 2 0 1 0 1 0 1 0 0 0 0 0 0 1 0 2 0 1 0 0 0 0 1 2 2 2 1 0 0 1 2 1 1 2 2 2 0 2 2 0 1 0 1 2 1 0 1 1 2 0 0 1 1 0 1 1 2 2 2 0 1 1 1 1 1 0 0 2 1 2 0 2 2 0 0 0 2 1 0 0 0 0 2 1 2 0 0 2 1 1 1 1 2 2 1 0 2 0 0 2 2 0 1 0 1 0 1 0 0 0 0 0 0 1
0.725884354580791 -1.46547784654119 -0.0922120422964092 0.441042859675262 -0.126716024673153 1 0 1 0 2 2 2 0 0 2 2 2 0 2 0 0 2 2 0 0 2 2 2 1 2 2 2 2 0 1 2 1 1 1 0 1 0 0 0 0 0 2 2 2 2 1 0 0 1 0 1 2 1 1 2 1 2 0 1 2 1 0 0 2 2 2 1 0 0 2 1 1 0 0 0 0 1 0 1 2 2 1 0 2 1 0 1 0 0 2 2 1 1 2 0 2 1 0 1 0 1 0 1 0 2 2 2 0 0 2 2 2 0 2 0 0 2 2 0 0 2 2 2 1 2 2 2 2 0 1 2 1 1 1 0 1 0 0 0 0 0 2 2 2 2 1 0 0 1 0 1 2 1 1 2 1 2 0 1 2 1 0 0 2 2 2 1 0 0 2 1 1 0 0 0 0 1 0 1 2 2 1 0 2 1 0 1 0 0 2 2 1 1 2 0 2 1 0 1 0 1
1.46649050603818 -0.423596489793644 -0.282546553929455 0.749958336924058 -0.0189089829633586 -1 0 2 2 2 1 0 0 0 1 2 2 1 2 0 0 2 2 1 1 1 2 2 0 0 0 0 1 0 0 2 1 0 1 1 2 0 0 1 0 0 2 0 2 2 1 0 1 2 0 1 1 0 0 1 0 2 1 2 2 1 0 0 2 2 0 0 0 1 1 1 0 0 2 2 2 1 1 1 1 2 2 2 2 1 1 2 1 0 2 1 1 0 2 0 0 1 1 1 0 2 0 -2 -2 -2 -1 0 0 0 -1 -2 -2 -1 -2 0 0 -2 -2 -1 -1 -1 -2 -2 0 0 0 0 -1 0 0 -2 -1 0 -1 -1 -2 0 0 -1 0 0 -2 0 -2 -2 -1 0 -1 -2 0 -1 -1 0 0 -1 0 -2 -1 -2 -2 -1 0 0 -2 -2 0 0 0 -1 -1 -1 0 0 -2 -2 -2 -1 -1 -1 -1 -2 -2 -2 -2 -1 -1 -2 -1 0 -2 -1 -1 0 -2 0 0 -1 -1 -1 0 -2
-0.888483283675011 -2.58838838281416 0.362329539488448 0.0148402777941523 0.227742400350612 1 0 2 0 2 0 1 2 1 2 2 2 2 2 0 0 1 2 0 0 1 2 2 1 0 1 0 1 0 1 2 2 1 1 0 1 0 0 0 0 0 2 1 2 2 1 0 2 2 0 2 2 2 0 2 0 2 0 0 2 1 0 0 2 2 1 1 1 0 2 2 1 1 2 2 1 0 0 1 1 2 1 0 2 1 0 2 1 0 1 1 2 0 1 0 2 2 0 1 1 1 0 2 0 2 0 1 2 1 2 2 2 2 2 0 0 1 2 0 0 1 2 2 1 0 1 0 1 0 1 2 2 1 1 0 1 0 0 0 0 0 2 1 2 2 1 0 2 2 0 2 2 2 0 2 0 2 0 0 2 1 0 0 2 2 1 1 1 0 2 2 1 1 2 2 1 0 0 1 1 2 1 0 2 1 0 2 1 0 1 1 2 0 1 0 2 2 0 1 1 1
2.2062104428545 0.000859648396575238 -0.151112697625288 -0.299925297374733 -1.25954552949192 1 1 2 0 2 0 1 0 1 2 2 2 1 2 0 1 2 2 1 1 0 1 1 0 1 1 0 0 0 0 2 2 0 0 0 1 0 0 0 0 0 2 2 2 2 1 1 1 2 1 2 2 2 0 2 0 2 1 2 1 1 0 0 2 2 0 0 1 1 1 0 1 1 1 2 1 2 1 1 2 2 2 0 2 0 0 0 0 0 1 0 1 0 2 0 1 1 0 1 1 2 1 2 0 2 0 1 0 1 2 2 2 1 2 0 1 2 2 1 1 0 1 1 0 1 1 0 0 0 0 2 2 0 0 0 1 0 0 0 0 0 2 2 2 2 1 1 1 2 1 2 2 2 0 2 0 2 1 2 1 1 0 0 2 2 0 0 1 1 1 0 1 1 1 2 1 2 1 1 2 2 2 0 2 0 0 0 0 0 1 0 1 0 2 0 1 1 0 1 1 2
-0.593405623707874 -0.923986954142174 -0.702478243740688 -0.476104093739298 -0.831488228369208 1 1 2 1 2 1 2 1 0 2 2 2 0 2 0 0 2 2 0 0 0 2 2 0 2 1 2 1 0 2 2 1 0 0 1 1 0 0 0 0 0 2 1 2 2 1 0 0 1 1 1 1 2 1 2 0 2 0 2 1 0 0 0 2 2 1 1 1 0 2 1 2 0 0 2 1 1 1 1 0 2 2 1 2 1 1 2 1 0 2 2 2 0 2 0 1 1 0 0 1 2 1 2 1 2 1 2 1 0 2 2 2 0 2 0 0 2 2 0 0 0 2 2 0 2 1 2 1 0 2 2 1 0 0 1 1 0 0 0 0 0 2 1 2 2 1 0 0 1 1 1 1 2 1 2 0 2 0 2 1 0 0 0 2 2 1 1 1 0 2 1 2 0 0 2 1 1 1 1 0 2 2 1 2 1 1 2 1 0 2 2 2 0 2 0 1 1 0 0 1 2
-0.180331002855616 -0.251909232083159 -0.325235344412929 -0.308012525874756 -0.700857278640033 1 1 2 1 2 1 0 2 1 2 2 2 1 2 0 1 2 2 0 1 1 2 1 0 1 2 0 1 0 1 2 1 0 2 0 1 0 0 0 1 0 2 1 2 2 2 0 1 1 0 1 1 1 0 2 1 2 1 2 2 2 1 0 2 1 0 0 0 0 1 1 2 1 1 0 1 0 0 0 0 2 2 1 2 0 0 2 2 0 1 1 2 1 2 0 0 1 0 1 0 1 1 2 1 2 1 0 2 1 2 2 2 1 2 0 1 2 2 0 1 1 2 1 0 1 2 0 1 0 1 2 1 0 2 0 1 0 0 0 1 0 2 1 2 2 2 0 1 1 0 1 1 1 0 2 1 2 1 2 2 2 1 0 2 1 0 0 0 0 1 1 2 1 1 0 1 0 0 0 0 2 2 1 2 0 0 2 2 0 1 1 2 1 2 0 0 1 0 1 0 1
1.01391882578008 -0.140705950855476 1.1952809378032 -0.130822576201992 0.100621218763848 1 0 2 2 2 0 2 1 0 2 2 2 2 1 1 0 2 2 1 1 1 1 2 0 1 1 1 1 0 1 2 2 1 1 1 2 0 0 1 1 0 2 2 2 2 1 0 0 1 0 2 1 1 0 2 0 2 1 1 2 1 0 0 2 2 0 0 0 0 1 0 1 2 2 2 1 2 1 0 0 2 2 1 2 0 0 1 1 0 2 2 2 1 2 0 0 1 0 0 0 0 0 2 2 2 0 2 1 0 2 2 2 2 1 1 0 2 2 1 1 1 1 2 0 1 1 1 1 0 1 2 2 1 1 1 2 0 0 1 1 0 2 2 2 2 1 0 0 1 0 2 1 1 0 2 0 2 1 1 2 1 0 0 2 2 0 0 0 0 1 0 1 2 2 2 1 2 1 0 0 2 2 1 2 0 0 1 1 0 2 2 2 1 2 0 0 1 0 0 0 0
-0.135169826452567 1.07221832432819 -0.510804991709398 0.556761768021394 0.184893799846075 1 1 2 1 2 1 2 1 0 2 2 2 2 2 0 0 1 2 0 1 2 2 2 1 2 1 0 2 0 0 1 1 0 1 0 1 1 0 2 1 0 2 2 2 2 1 0 0 0 0 0 1 1 0 2 0 2 1 1 2 0 0 0 2 1 0 0 0 1 1 1 2 0 2 1 0 1 0 1 1 2 2 0 2 0 1 2 1 1 2 2 2 0 2 0 1 1 1 1 0 1 1 2 1 2 1 2 1 0 2 2 2 2 2 0 0 1 2 0 1 2 2 2 1 2 1 0 2 0 0 1 1 0 1 0 1 1 0 2 1 0 2 2 2 2 1 0 0 0 0 0 1 1 0 2 0 2 1 1 2 0 0 0 2 1 0 0 0 1 1 1 2 0 2 1 0 1 0 1 1 2 2 0 2 0 1 2 1 1 2 2 2 0 2 0 1 1 1 1 0 1
-0.619571701810606 2.43036676765535 0.308086035676866 -0.92063495583073 1.79990268260898 -1 1 2 2 2 2 2 1 0 2 2 2 2 2 0 1 2 2 1 1 2 2 2 2 1 2 1 2 0 1 2 2 0 0 0 0 0 0 0 0 1 2 2 2 2 0 0 0 1 0 0 0 0 0 2 0 2 1 2 2 1 0 0 2 2 1 1 1 1 2 1 2 1 2 2 1 0 0 0 1 2 1 0 2 0 0 1 0 0 1 1 2 0 2 0 0 1 0 0 0 1 -1 -2 -2 -2 -2 -2 -1 0 -2 -2 -2 -2 -2 0 -1 -2 -2 -1 -1 -2 -2 -2 -2 -1 -2 -1 -2 0 -1 -2 -2 0 0 0 0 0 0 0 0 -1 -2 -2 -2 -2 0 0 0 -1 0 0 0 0 0 -2 0 -2 -1 -2 -2 -1 0 0 -2 -2 -1 -1 -1 -1 -2 -1 -2 -1 -2 -2 -1 0 0 0 -1 -2 -1 0 -2 0 0 -1 0 0 -1 -1 -2 0 -2 0 0 -1 0 0 0 -1
-0.473275665782373 -0.992335645450323 1.15566561911344 -0.150073246690818 2.30713567944092 -1 0 2 0 2 1 0 1 0 2 2 2 2 2 1 0 0 2 2 1 1 2 1 0 1 2 1 2 0 0 1 2 0 1 1 2 0 0 0 0 0 2 2 2 2 2 1 1 1 0 2 1 1 1 2 0 2 2 2 2 0 0 0 2 1 0 0 1 2 2 1 2 0 1 2 0 1 1 1 1 2 2 0 2 1 0 2 0 1 1 1 1 0 2 0 0 1 0 1 0 0 0 -2 0 -2 -1 0 -1 0 -2 -2 -2 -2 -2 -1 0 0 -2 -2 -1 -1 -2 -1 0 -1 -2 -1 -2 0 0 -1 -2 0 -1 -1 -2 0 0 0 0 0 -2 -2 -2 -2 -2 -1 -1 -1 0 -2 -1 -1 -1 -2 0 -2 -2 -2 -2 0 0 0 -2 -1 0 0 -1 -2 -2 -1 -2 0 -1 -2 0 -1 -1 -1 -1 -2 -2 0 -2 -1 0 -2 0 -1 -1 -1 -1 0 -2 0 0 -1 0 -1 0 0
1.3249053266038 0.240050515528409 -0.797788318991687 1.58269544816093 -0.674777356704942 1 0 2 1 2 0 1 0 0 2 2 2 1 2 0 1 1 2 2 1 2 2 2 0 2 2 1 0 0 1 2 2 0 1 1 2 0 1 2 0 0 2 2 2 2 2 0 0 0 0 0 0 1 0 2 0 1 1 2 2 0 0 0 1 1 0 0 0 1 1 1 2 0 1 1 2 1 1 1 2 2 2 1 2 0 0 1 1 0 0 0 1 0 2 0 1 2 1 1 1 1 0 2 1 2 0 1 0 0 2 2 2 1 2 0 1 1 2 2 1 2 2 2 0 2 2 1 0 0 1 2 2 0 1 1 2 0 1 2 0 0 2 2 2 2 2 0 0 0 0 0 0 1 0 2 0 1 1 2 2 0 0 0 1 1 0 0 0 1 1 1 2 0 1 1 2 1 1 1 2 2 2 1 2 0 0 1 1 0 0 0 1 0 2 0 1 2 1 1 1 1
0.0157707473702844 -0.88056342388422 -0.777086316400087 -0.322142213354372 -0.0276715664531169 1 1 1 0 2 1 1 0 1 2 2 2 2 2 0 1 2 2 0 0 0 1 2 0 1 2 1 0 0 0 1 2 1 0 0 2 0 0 0 0 0 2 0 1 2 0 0 0 1 0 0 2 1 0 2 0 2 1 1 2 1 1 0 2 0 0 0 1 2 2 1 0 0 1 1 2 0 0 0 0 1 2 1 2 1 0 1 1 0 2 0 0 0 2 0 0 1 0 1 2 1 1 1 0 2 1 1 0 1 2 2 2 2 2 0 1 2 2 0 0 0 1 2 0 1 2 1 0 0 0 1 2 1 0 0 2 0 0 0 0 0 2 0 1 2 0 0 0 1 0 0 2 1 0 2 0 2 1 1 2 1 1 0 2 0 0 0 1 2 2 1 0 0 1 1 2 0 0 0 0 1 2 1 2 1 0 1 1 0 2 0 0 0 2 0 0 1 0 1 2 1
0.526307830629677 1.78843591773613 1.56051348244492 0.452229431848679 -1.1174997512208 1 0 1 0 2 0 1 0 2 2 2 1 1 1 0 0 2 2 1 0 1 2 2 1 1 1 0 0 1 1 2 2 1 1 1 1 0 0 0 0 0 2 2 2 2 0 1 1 1 0 2 2 1 0 2 0 2 0 1 2 2 0 0 2 2 0 1 1 1 2 1 0 0 1 1 1 1 0 0 1 1 1 0 2 0 1 1 1 0 2 2 1 0 2 0 1 2 1 2 1 2 0 1 0 2 0 1 0 2 2 2 1 1 1 0 0 2 2 1 0 1 2 2 1 1 1 0 0 1 1 2 2 1 1 1 1 0 0 0 0 0 2 2 2 2 0 1 1 1 0 2 2 1 0 2 0 2 0 1 2 2 0 0 2 2 0 1 1 1 2 1 0 0 1 1 1 1 0 0 1 1 1 0 2 0 1 1 1 0 2 2 1 0 2 0 1 2 1 2 1 2
0.866353044190612 -0.330255174606767 -0.250777504949742 0.568846595552892 -0.765104127424526 -1 0 2 0 2 1 1 1 1 2 2 2 2 2 1 1 2 2 1 0 1 2 2 0 1 1 0 2 1 2 2 2 0 1 1 0 0 0 0 1 0 2 2 2 2 2 1 1 1 0 1 1 0 0 2 0 2 1 2 2 0 0 0 2 2 0 2 1 0 1 0 0 1 2 2 1 2 2 1 0 1 2 0 2 0 0 1 1 0 1 1 0 0 0 0 0 0 0 1 0 1 0 -2 0 -2 -1 -1 -1 -1 -2 -2 -2 -2 -2 -1 -1 -2 -2 -1 0 -1 -2 -2 0 -1 -1 0 -2 -1 -2 -2 -2 0 -1 -1 0 0 0 0 -1 0 -2 -2 -2 -2 -2 -1 -1 -1 0 -1 -1 0 0 -2 0 -2 -1 -2 -2 0 0 0 -2 -2 0 -2 -1 0 -1 0 0 -1 -2 -2 -1 -2 -2 -1 0 -1 -2 0 -2 0 0 -1 -1 0 -1 -1 0 0 0 0 0 0 0 -1 0 -1
1.86213690595108 1.38018560874075 -0.36879352315972 -0.788786284833564 -0.884715306788393 1 0 2 0 2 1 1 1 0 2 2 2 1 1 0 0 1 2 1 0 0 2 2 0 2 2 1 2 0 2 2 1 0 1 0 1 0 0 0 1 0 1 2 2 2 1 0 0 1 0 1 2 1 1 2 0 2 1 2 2 0 0 0 2 1 0 0 0 0 1 1 1 0 0 0 0 1 1 2 1 2 0 1 2 0 0 1 1 0 2 1 2 0 2 0 0 1 0 0 0 0 0 2 0 2 1 1 1 0 2 2 2 1 1 0 0 1 2 1 0 0 2 2 0 2 2 1 2 0 2 2 1 0 1 0 1 0 0 0 1 0 1 2 2 2 1 0 0 1 0 1 2 1 1 2 0 2 1 2 2 0 0 0 2 1 0 0 0 0 1 1 1 0 0 0 0 1 1 2 1 2 0 1 2 0 0 1 1 0 2 1 2 0 2 0 0 1 0 0 0 0
-0.269895090699408 1.25197381090489 1.34755602222866 -0.478174501030371 -2.277575013659 1 0 2 0 2 0 1 0 0 2 2 2 1 2 0 0 1 2 1 0 2 2 2 0 2 2 1 1 0 2 2 2 1 1 1 2 0 0 1 1 1 2 2 2 2 1 0 1 2 0 2 2 1 0 2 0 2 1 1 2 1 1 0 2 2 0 0 0 0 1 1 1 2 0 2 1 2 2 2 1 2 2 1 2 0 1 2 1 0 2 1 2 0 2 0 2 0 0 0 0 1 0 2 0 2 0 1 0 0 2 2 2 1 2 0 0 1 2 1 0 2 2 2 0 2 2 1 1 0 2 2 2 1 1 1 2 0 0 1 1 1 2 2 2 2 1 0 1 2 0 2 2 1 0 2 0 2 1 1 2 1 1 0 2 2 0 0 0 0 1 1 1 2 0 2 1 2 2 2 1 2 2 1 2 0 1 2 1 0 2 1 2 0 2 0 2 0 0 0 0 1
1.03446568872746 -1.49464428959216 0.861546767343382 -1.11047797594843 -0.637163791287676 1 0 1 0 2 0 1 1 0 2 2 2 2 2 1 1 2 2 0 0 0 0 0 1 2 2 1 2 1 1 2 2 1 0 1 2 0 0 0 0 0 2 2 2 2 1 1 2 2 0 2 2 2 1 2 0 2 0 1 2 2 2 0 2 1 0 0 0 1 2 2 1 0 0 1 1 0 0 2 2 2 2 0 2 1 1 2 1 0 2 1 2 0 2 0 0 0 0 0 1 2 0 1 0 2 0 1 1 0 2 2 2 2 2 1 1 2 2 0 0 0 0 0 1 2 2 1 2 1 1 2 2 1 0 1 2 0 0 0 0 0 2 2 2 2 1 1 2 2 0 2 2 2 1 2 0 2 0 1 2 2 2 0 2 1 0 0 0 1 2 2 1 0 0 1 1 0 0 2 2 2 2 0 2 1 1 2 1 0 2 1 2 0 2 0 0 0 0 0 1 2
-1.19303383275472 -0.754849173237508 -0.543848561264943 -0.943021582014436 -0.766280174858769 1 0 1 0 2 1 0 0 0 2 2 1 0 2 0 0 1 2 0 0 0 0 1 0 2 2 1 2 0 0 1 0 0 1 2 2 1 0 0 0 0 1 1 2 2 2 0 0 1 0 1 1 1 0 2 0 2 0 1 1 0 1 0 2 1 0 1 0 0 2 2 2 1 2 2 1 0 0 1 1 2 2 1 2 1 1 2 1 0 1 1 2 1 2 0 0 1 0 1 1 2 0 1 0 2 1 0 0 0 2 2 1 0 2 0 0 1 2 0 0 0 0 1 0 2 2 1 2 0 0 1 0 0 1 2 2 1 0 0 0 0 1 1 2 2 2 0 0 1 0 1 1 1 0 2 0 2 0 1 1 0 1 0 2 1 0 1 0 0 2 2 2 1 2 2 1 0 0 1 1 2 2 1 2 1 1 2 1 0 1 1 2 1 2 0 0 1 0 1 1 2
0.727316633013128 0.202613771234418 0.533956084392135 0.204267196064355 -1.06739544523831 -1 0 2 1 2 0 1 1 0 2 2 2 0 1 0 0 1 2 1 0 1 2 2 0 1 1 0 2 0 2 2 1 0 1 0 2 0 0 0 0 0 2 0 1 1 0 0 1 0 0 2 2 1 0 2 0 2 1 2 2 2 0 0 1 0 0 1 0 1 2 2 1 1 1 2 1 1 0 1 1 2 2 0 2 1 0 1 1 0 1 1 0 1 2 0 1 2 1 1 1 1 0 -2 -1 -2 0 -1 -1 0 -2 -2 -2 0 -1 0 0 -1 -2 -1 0 -1 -2 -2 0 -1 -1 0 -2 0 -2 -2 -1 0 -1 0 -2 0 0 0 0 0 -2 0 -1 -1 0 0 -1 0 0 -2 -2 -1 0 -2 0 -2 -1 -2 -2 -2 0 0 -1 0 0 -1 0 -1 -2 -2 -1 -1 -1 -2 -1 -1 0 -1 -1 -2 -2 0 -2 -1 0 -1 -1 0 -1 -1 0 -1 -2 0 -1 -2 -1 -1 -1 -1
0.655658689403202 1.31794117771774 0.775998632991957 0.394470082471037 0.282483642356922 1 0 2 1 2 1 1 1 1 2 2 1 1 1 0 0 2 2 2 1 2 2 1 0 1 1 0 0 0 0 2 2 0 0 0 0 0 0 0 0 0 2 2 2 2 0 0 1 1 0 2 1 1 0 2 0 2 1 0 1 0 0 0 2 2 0 1 2 1 2 2 2 1 2 1 1 0 1 0 1 2 2 1 2 0 0 1 0 0 2 2 2 0 2 0 0 1 0 1 1 1 0 2 1 2 1 1 1 1 2 2 1 1 1 0 0 2 2 2 1 2 2 1 0 1 1 0 0 0 0 2 2 0 0 0 0 0 0 0 0 0 2 2 2 2 0 0 1 1 0 2 1 1 0 2 0 2 1 0 1 0 0 0 2 2 0 1 2 1 2 2 2 1 2 1 1 0 1 0 1 2 2 1 2 0 0 1 0 0 2 2 2 0 2 0 0 1 0 1 1 1
0.0308253227478304 0.0661330857184618 -0.181011785269129 -1.3331473524554 -0.219018031213074 1 1 2 1 2 1 2 1 1 1 2 2 2 2 0 1 1 2 1 1 2 2 2 0 0 1 1 1 0 2 2 2 0 1 1 2 0 0 0 0 0 2 2 2 2 1 0 0 2 0 2 2 2 1 1 0 2 1 1 2 1 0 0 1 2 0 0 1 1 1 0 2 0 1 2 0 0 0 0 1 2 2 0 2 0 0 1 1 0 2 2 2 2 2 0 0 2 1 2 2 2 1 2 1 2 1 2 1 1 1 2 2 2 2 0 1 1 2 1 1 2 2 2 0 0 1 1 1 0 2 2 2 0 1 1 2 0 0 0 0 0 2 2 2 2 1 0 0 2 0 2 2 2 1 1 0 2 1 1 2 1 0 0 1 2 0 0 1 1 1 0 2 0 1 2 0 0 0 0 1 2 2 0 2 0 0 1 1 0 2 2 2 2 2 0 0 2 1 2 2 2
-1.39892024931144 2.50558890207795 1.1911850170904 -1.13502204882488 -1.26887605884355 -1 0 2 0 1 0 0 0 0 2 2 1 0 2 0 0 2 2 0 0 0 1 1 0 0 0 0 0 0 0 2 1 0 0 0 1 0 1 0 1 0 2 1 2 2 0 0 1 1 0 1 1 1 1 2 0 1 0 0 2 2 0 0 2 1 0 0 0 0 1 0 1 0 1 2 0 1 1 2 2 2 2 0 2 1 0 1 1 0 2 2 2 1 2 0 2 2 1 1 1 1 0 -2 0 -1 0 0 0 0 -2 -2 -1 0 -2 0 0 -2 -2 0 0 0 -1 -1 0 0 0 0 0 0 0 -2 -1 0 0 0 -1 0 -1 0 -1 0 -2 -1 -2 -2 0 0 -1 -1 0 -1 -1 -1 -1 -2 0 -1 0 0 -2 -2 0 0 -2 -1 0 0 0 0 -1 0 -1 0 -1 -2 0 -1 -1 -2 -2 -2 -2 0 -2 -1 0 -1 -1 0 -2 -2 -2 -1 -2 0 -2 -2 -1 -1 -1 -1
0.183876162285175 0.116941383689267 0.411804798107382 -2.21182742132254 -0.0566371475132404 1 0 2 1 2 1 1 0 0 1 1 1 2 2 0 1 1 2 1 0 1 2 2 1 2 2 2 2 0 1 2 1 0 0 0 1 0 0 0 1 0 2 1 2 2 2 2 2 2 0 2 1 1 0 2 1 2 1 2 2 1 0 0 2 1 0 0 0 1 2 1 1 0 2 2 2 1 1 1 2 2 2 0 2 0 0 1 1 0 2 1 2 1 2 0 0 1 0 2 2 2 0 2 1 2 1 1 0 0 1 1 1 2 2 0 1 1 2 1 0 1 2 2 1 2 2 2 2 0 1 2 1 0 0 0 1 0 0 0 1 0 2 1 2 2 2 2 2 2 0 2 1 1 0 2 1 2 1 2 2 1 0 0 2 1 0 0 0 1 2 1 1 0 2 2 2 1 1 1 2 2 2 0 2 0 0 1 1 0 2 1 2 1 2 0 0 1 0 2 2 2
-0.521245462169084 -0.353764053054285 1.96392681728724 0.645755495031181 1.72099023019553 1 1 2 0 2 2 2 1 0 1 2 2 1 2 0 1 2 2 0 1 1 2 2 1 2 2 2 2 0 0 2 2 0 0 0 0 0 0 0 0 0 2 1 2 2 1 0 1 2 1 2 1 0 0 1 0 2 0 0 2 1 1 0 2 1 0 0 0 0 1 1 2 1 2 2 1 1 1 0 1 2 1 0 2 0 0 1 1 0 2 2 2 0 2 0 0 0 0 2 1 1 1 2 0 2 2 2 1 0 1 2 2 1 2 0 1 2 2 0 1 1 2 2 1 2 2 2 2 0 0 2 2 0 0 0 0 0 0 0 0 0 2 1 2 2 1 0 1 2 1 2 1 0 0 1 0 2 0 0 2 1 1 0 2 1 0 0 0 0 1 1 2 1 2 2 1 1 1 0 1 2 1 0 2 0 0 1 1 0 2 2 2 0 2 0 0 0 0 2 1 1
0.251674378523311 -0.874100949278597 -0.299583449973472 -1.08469202051397 -1.7409540675264 1 0 2 1 2 2 2 1 1 2 2 2 1 2 0 0 1 2 0 0 2 2 2 0 2 2 0 1 0 1 2 1 0 0 1 2 0 0 0 0 0 2 1 2 2 1 0 2 2 0 2 2 1 0 1 0 2 2 2 2 2 0 0 2 2 1 1 0 0 0 2 1 0 1 2 1 2 1 0 0 2 2 1 2 0 0 1 1 0 2 1 2 0 2 0 0 1 0 1 1 2 0 2 1 2 2 2 1 1 2 2 2 1 2 0 0 1 2 0 0 2 2 2 0 2 2 0 1 0 1 2 1 0 0 1 2 0 0 0 0 0 2 1 2 2 1 0 2 2 0 2 2 1 0 1 0 2 2 2 2 2 0 0 2 2 1 1 0 0 0 2 1 0 1 2 1 2 1 0 0 2 2 1 2 0 0 1 1 0 2 1 2 0 2 0 0 1 0 1 1 2
-0.059924095837041 -1.48940461081032 -2.14504723732304 0.515068025701576 -1.07809370086061 -1 0 2 2 2 2 1 0 0 2 1 1 2 2 1 0 1 2 0 0 1 2 2 1 1 2 0 0 0 1 2 2 2 1 1 1 0 1 1 0 0 1 1 2 2 1 0 2 2 0 1 2 2 1 1 0 2 0 2 2 2 1 0 2 2 0 0 0 0 2 0 0 0 1 2 2 1 0 0 1 2 2 1 2 0 0 0 1 1 2 2 2 0 2 0 1 1 0 2 0 1 0 -2 -2 -2 -2 -1 0 0 -2 -1 -1 -2 -2 -1 0 -1 -2 0 0 -1 -2 -2 -1 -1 -2 0 0 0 -1 -2 -2 -2 -1 -1 -1 0 -1 -1 0 0 -1 -1 -2 -2 -1 0 -2 -2 0 -1 -2 -2 -1 -1 0 -2 0 -2 -2 -2 -1 0 -2 -2 0 0 0 0 -2 0 0 0 -1 -2 -2 -1 0 0 -1 -2 -2 -1 -2 0 0 0 -1 -1 -2 -2 -2 0 -2 0 -1 -1 0 -2 0 -1
0.0285689377456586 -0.483836323502031 -0.905004651727398 -0.214077973639476 -0.350859940904555 -1 1 2 0 2 0 0 0 0 2 1 1 0 2 0 0 2 2 0 0 1 2 1 0 1 2 0 1 0 0 1 0 1 1 2 1 1 0 0 0 0 2 2 2 2 1 1 1 2 0 0 1 0 0 2 0 2 1 2 2 0 0 0 1 1 0 0 1 1 2 2 2 1 2 2 2 1 1 2 1 2 2 0 2 0 0 2 1 0 1 0 2 0 1 0 0 0 0 1 0 0 -1 -2 0 -2 0 0 0 0 -2 -1 -1 0 -2 0 0 -2 -2 0 0 -1 -2 -1 0 -1 -2 0 -1 0 0 -1 0 -1 -1 -2 -1 -1 0 0 0 0 -2 -2 -2 -2 -1 -1 -1 -2 0 0 -1 0 0 -2 0 -2 -1 -2 -2 0 0 0 -1 -1 0 0 -1 -1 -2 -2 -2 -1 -2 -2 -2 -1 -1 -2 -1 -2 -2 0 -2 0 0 -2 -1 0 -1 0 -2 0 -1 0 0 0 0 -1 0 0
0.421355352434916 0.940418072908306 -1.10553685939641 -2.20398262790818 0.943909007052904 -1 1 2 0 2 1 1 0 0 2 2 2 1 1 0 0 1 2 1 1 1 2 2 1 1 2 2 2 0 1 2 2 1 1 1 2 1 1 0 1 0 2 1 2 2 0 0 1 2 0 2 1 0 0 2 0 2 1 1 2 0 0 0 1 0 0 0 0 0 1 1 2 1 2 2 1 1 1 2 2 2 2 1 2 1 0 1 1 0 2 1 2 2 2 0 0 0 0 1 1 1 -1 -2 0 -2 -1 -1 0 0 -2 -2 -2 -1 -1 0 0 -1 -2 -1 -1 -1 -2 -2 -1 -1 -2 -2 -2 0 -1 -2 -2 -1 -1 -1 -2 -1 -1 0 -1 0 -2 -1 -2 -2 0 0 -1 -2 0 -2 -1 0 0 -2 0 -2 -1 -1 -2 0 0 0 -1 0 0 0 0 0 -1 -1 -2 -1 -2 -2 -1 -1 -1 -2 -2 -2 -2 -1 -2 -1 0 -1 -1 0 -2 -1 -2 -2 -2 0 0 0 0 -1 -1 -1
0.743936426685536 0.989959895755638 -0.852272891933366 -1.60765494858006 1.39451214446009 1 1 2 1 2 1 0 0 0 1 2 2 1 1 0 1 2 2 1 0 1 0 2 0 1 1 0 1 0 0 0 2 2 1 0 2 0 0 0 0 0 2 2 2 2 1 0 0 2 1 2 2 1 0 2 0 1 1 1 2 0 0 0 2 2 1 0 1 0 0 0 0 0 1 2 1 0 0 1 1 2 2 1 2 0 0 1 1 0 2 1 2 2 2 0 0 1 0 1 1 2 1 2 1 2 1 0 0 0 1 2 2 1 1 0 1 2 2 1 0 1 0 2 0 1 1 0 1 0 0 0 2 2 1 0 2 0 0 0 0 0 2 2 2 2 1 0 0 2 1 2 2 1 0 2 0 1 1 1 2 0 0 0 2 2 1 0 1 0 0 0 0 0 1 2 1 0 0 1 1 2 2 1 2 0 0 1 1 0 2 1 2 2 2 0 0 1 0 1 1 2
-0.676563017490051 -2.25087825466729 1.67349832586055 -0.930773857120839 0.40580144014568 -1 0 1 0 2 2 1 0 0 2 2 2 2 1 0 0 0 2 0 1 0 1 2 0 1 2 2 1 0 1 1 1 1 1 0 1 0 0 0 0 0 1 1 1 2 0 0 0 2 1 2 1 1 0 2 0 2 1 2 2 0 1 0 2 2 1 0 1 0 2 0 2 0 2 1 0 1 1 1 1 2 1 0 2 0 0 1 2 0 2 1 2 0 2 0 1 1 0 1 1 1 0 -1 0 -2 -2 -1 0 0 -2 -2 -2 -2 -1 0 0 0 -2 0 -1 0 -1 -2 0 -1 -2 -2 -1 0 -1 -1 -1 -1 -1 0 -1 0 0 0 0 0 -1 -1 -1 -2 0 0 0 -2 -1 -2 -1 -1 0 -2 0 -2 -1 -2 -2 0 -1 0 -2 -2 -1 0 -1 0 -2 0 -2 0 -2 -1 0 -1 -1 -1 -1 -2 -1 0 -2 0 0 -1 -2 0 -2 -1 -2 0 -2 0 -1 -1 0 -1 -1 -1
0.342124517929336 0.801220601578681 1.24038314133729 1.64692370101138 0.318133046484726 -1 1 2 1 2 1 2 1 0 1 2 1 1 2 0 0 1 2 1 0 1 2 1 0 1 1 0 1 0 1 2 1 0 0 0 1 0 0 0 0 0 1 0 1 2 2 1 2 1 0 0 2 2 0 2 1 2 2 2 2 2 0 0 2 1 0 1 0 1 1 1 1 1 2 2 0 2 2 2 2 2 1 0 2 0 0 1 0 1 2 2 1 0 0 0 0 1 0 1 0 1 -1 -2 -1 -2 -1 -2 -1 0 -1 -2 -1 -1 -2 0 0 -1 -2 -1 0 -1 -2 -1 0 -1 -1 0 -1 0 -1 -2 -1 0 0 0 -1 0 0 0 0 0 -1 0 -1 -2 -2 -1 -2 -1 0 0 -2 -2 0 -2 -1 -2 -2 -2 -2 -2 0 0 -2 -1 0 -1 0 -1 -1 -1 -1 -1 -2 -2 0 -2 -2 -2 -2 -2 -1 0 -2 0 0 -1 0 -1 -2 -2 -1 0 0 0 0 -1 0 -1 0 -1
1.27669015093586 -0.149586649391873 -0.171052831585025 -1.18825554314616 -0.243554953794771 -1 2 2 1 2 0 1 1 1 2 2 2 2 1 0 1 1 2 1 0 1 2 2 0 2 2 0 0 0 0 2 0 0 0 0 2 0 0 0 0 0 1 0 2 2 1 1 1 1 0 2 2 0 0 0 0 2 1 2 2 1 0 0 2 2 1 1 1 0 1 0 1 0 1 2 2 0 1 0 0 1 1 0 2 1 0 2 1 0 2 2 2 1 2 0 1 0 0 2 0 1 -2 -2 -1 -2 0 -1 -1 -1 -2 -2 -2 -2 -1 0 -1 -1 -2 -1 0 -1 -2 -2 0 -2 -2 0 0 0 0 -2 0 0 0 0 -2 0 0 0 0 0 -1 0 -2 -2 -1 -1 -1 -1 0 -2 -2 0 0 0 0 -2 -1 -2 -2 -1 0 0 -2 -2 -1 -1 -1 0 -1 0 -1 0 -1 -2 -2 0 -1 0 0 -1 -1 0 -2 -1 0 -2 -1 0 -2 -2 -2 -1 -2 0 -1 0 0 -2 0 -1
1.58029278362107 2.5939382977792 0.714391959714719 1.10938493253713 1.10271656781276 -1 0 2 0 2 1 2 1 1 2 2 2 1 2 1 1 1 2 2 1 1 2 1 0 1 1 1 1 0 1 2 1 0 1 1 1 0 0 0 0 1 2 1 2 2 1 0 0 0 0 2 1 0 1 2 0 2 1 2 2 0 0 0 2 2 0 0 0 1 2 1 0 0 1 2 1 0 1 2 1 2 1 0 2 0 0 1 0 1 2 1 2 1 1 0 1 1 1 2 1 1 0 -2 0 -2 -1 -2 -1 -1 -2 -2 -2 -1 -2 -1 -1 -1 -2 -2 -1 -1 -2 -1 0 -1 -1 -1 -1 0 -1 -2 -1 0 -1 -1 -1 0 0 0 0 -1 -2 -1 -2 -2 -1 0 0 0 0 -2 -1 0 -1 -2 0 -2 -1 -2 -2 0 0 0 -2 -2 0 0 0 -1 -2 -1 0 0 -1 -2 -1 0 -1 -2 -1 -2 -1 0 -2 0 0 -1 0 -1 -2 -1 -2 -1 -1 0 -1 -1 -1 -2 -1 -1
-0.517885017081221 0.0933014524918204 -1.55479276448622 3.23104316667754 0.511374159912067 1 0 2 0 2 0 1 0 0 2 1 2 0 2 0 0 2 2 1 0 0 1 0 0 1 1 0 0 1 1 2 2 1 2 1 2 0 0 1 2 1 2 1 1 2 2 1 1 2 1 2 1 2 1 2 0 2 0 1 2 0 0 0 2 1 0 0 1 0 1 1 1 0 1 2 1 2 2 0 0 2 2 0 2 0 0 1 0 0 2 2 2 0 2 0 1 1 0 1 1 2 0 2 0 2 0 1 0 0 2 1 2 0 2 0 0 2 2 1 0 0 1 0 0 1 1 0 0 1 1 2 2 1 2 1 2 0 0 1 2 1 2 1 1 2 2 1 1 2 1 2 1 2 1 2 0 2 0 1 2 0 0 0 2 1 0 0 1 0 1 1 1 0 1 2 1 2 2 0 0 2 2 0 2 0 0 1 0 0 2 2 2 0 2 0 1 1 0 1 1 2
0.500400509976461 0.442193081227767 -0.0465343712993338 1.46549941494515 -1.8040072242304 -1 1 2 2 2 1 0 0 0 1 1 2 2 2 0 1 2 2 0 0 0 1 1 0 1 2 1 1 0 1 2 1 0 1 2 2 1 0 0 1 0 2 2 2 2 0 0 0 0 0 1 1 0 0 2 0 2 0 0 2 2 0 0 1 1 1 0 1 0 2 1 2 1 2 1 0 1 1 2 1 2 1 0 2 0 1 2 2 0 2 2 1 0 1 0 1 1 0 1 1 2 -1 -2 -2 -2 -1 0 0 0 -1 -1 -2 -2 -2 0 -1 -2 -2 0 0 0 -1 -1 0 -1 -2 -1 -1 0 -1 -2 -1 0 -1 -2 -2 -1 0 0 -1 0 -2 -2 -2 -2 0 0 0 0 0 -1 -1 0 0 -2 0 -2 0 0 -2 -2 0 0 -1 -1 -1 0 -1 0 -2 -1 -2 -1 -2 -1 0 -1 -1 -2 -1 -2 -1 0 -2 0 -1 -2 -2 0 -2 -2 -1 0 -1 0 -1 -1 0 -1 -1 -2
-0.882911104709304 -0.608425336812963 -0.169767651008281 -0.426202924112379 0.248408755808452 -1 0 2 1 2 2 2 2 2 2 2 2 1 2 0 1 2 2 2 0 2 2 2 1 2 2 1 2 2 0 1 0 0 0 0 1 0 0 0 0 0 0 1 2 2 1 1 1 1 0 2 2 2 1 2 1 2 0 1 2 1 1 0 2 1 0 0 0 2 2 1 2 1 1 1 0 0 0 0 0 1 2 0 2 0 0 2 0 0 2 2 2 1 2 0 0 1 0 2 0 1 0 -2 -1 -2 -2 -2 -2 -2 -2 -2 -2 -1 -2 0 -1 -2 -2 -2 0 -2 -2 -2 -1 -2 -2 -1 -2 -2 0 -1 0 0 0 0 -1 0 0 0 0 0 0 -1 -2 -2 -1 -1 -1 -1 0 -2 -2 -2 -1 -2 -1 -2 0 -1 -2 -1 -1 0 -2 -1 0 0 0 -2 -2 -1 -2 -1 -1 -1 0 0 0 0 0 -1 -2 0 -2 0 0 -2 0 0 -2 -2 -2 -1 -2 0 0 -1 0 -2 0 -1
-0.69704428826019 -2.28106200573797 0.733193716975423 0.262799454541747 -0.676719569565312 1 0 2 0 2 2 2 1 1 2 2 2 2 2 1 0 1 2 0 0 0 1 1 0 2 0 0 1 0 2 2 1 0 0 0 0 0 0 0 0 0 2 0 1 2 2 1 1 2 1 2 2 2 1 2 0 2 1 1 2 1 0 0 2 1 0 0 0 0 2 2 2 0 1 1 1 0 0 1 1 2 2 0 2 1 1 1 0 0 1 2 1 0 2 0 1 0 0 1 1 1 0 2 0 2 2 2 1 1 2 2 2 2 2 1 0 1 2 0 0 0 1 1 0 2 0 0 1 0 2 2 1 0 0 0 0 0 0 0 0 0 2 0 1 2 2 1 1 2 1 2 2 2 1 2 0 2 1 1 2 1 0 0 2 1 0 0 0 0 2 2 2 0 1 1 1 0 0 1 1 2 2 0 2 1 1 1 0 0 1 2 1 0 2 0 1 0 0 1 1 1
2.46195538071844 -0.138608536299251 1.09868259388095 0.406665521627512 0.569225399847196 -1 1 2 1 2 0 1 1 0 2 2 2 2 2 0 0 1 2 0 0 0 2 2 0 1 2 1 2 0 1 2 1 0 2 1 2 0 0 0 0 0 1 1 1 2 1 0 0 1 0 2 2 2 0 2 0 2 2 2 2 1 0 0 2 0 0 0 0 2 2 2 2 1 2 1 1 1 1 0 1 2 0 0 1 0 0 1 1 0 1 2 2 0 2 0 1 0 0 0 1 1 -1 -2 -1 -2 0 -1 -1 0 -2 -2 -2 -2 -2 0 0 -1 -2 0 0 0 -2 -2 0 -1 -2 -1 -2 0 -1 -2 -1 0 -2 -1 -2 0 0 0 0 0 -1 -1 -1 -2 -1 0 0 -1 0 -2 -2 -2 0 -2 0 -2 -2 -2 -2 -1 0 0 -2 0 0 0 0 -2 -2 -2 -2 -1 -2 -1 -1 -1 -1 0 -1 -2 0 0 -1 0 0 -1 -1 0 -1 -2 -2 0 -2 0 -1 0 0 0 -1 -1
0.963688516356661 -2.34108211521326 -2.22835590679968 0.90448070529214 -1.05594413340004 1 1 2 1 2 1 1 0 1 2 2 2 2 2 1 1 2 2 1 0 1 2 1 0 1 1 0 0 0 1 2 1 0 0 1 2 1 0 0 0 0 2 2 2 2 1 0 2 2 0 2 2 1 0 2 0 2 1 1 2 1 0 0 2 1 0 0 0 1 2 1 2 0 1 2 1 1 0 1 2 2 2 1 2 0 1 1 1 0 1 1 1 0 2 0 1 2 1 2 1 1 1 2 1 2 1 1 0 1 2 2 2 2 2 1 1 2 2 1 0 1 2 1 0 1 1 0 0 0 1 2 1 0 0 1 2 1 0 0 0 0 2 2 2 2 1 0 2 2 0 2 2 1 0 2 0 2 1 1 2 1 0 0 2 1 0 0 0 1 2 1 2 0 1 2 1 1 0 1 2 2 2 1 2 0 1 1 1 0 1 1 1 0 2 0 1 2 1 2 1 1
0.15864125055055 1.15362345424006 0.607056526429322 1.34791232301139 0.882193895929125 1 0 2 1 2 1 1 1 0 2 1 2 1 2 0 1 2 2 0 0 0 1 2 0 0 1 0 0 0 1 2 2 1 2 1 1 0 0 1 1 0 2 2 2 2 1 0 1 2 1 2 2 1 1 2 0 2 1 1 2 0 0 0 2 2 1 1 0 1 2 1 1 1 2 2 1 0 1 1 1 2 1 0 2 0 0 1 1 1 2 1 0 0 1 0 0 0 0 1 0 0 0 2 1 2 1 1 1 0 2 1 2 1 2 0 1 2 2 0 0 0 1 2 0 0 1 0 0 0 1 2 2 1 2 1 1 0 0 1 1 0 2 2 2 2 1 0 1 2 1 2 2 1 1 2 0 2 1 1 2 0 0 0 2 2 1 1 0 1 2 1 1 1 2 2 1 0 1 1 1 2 1 0 2 0 0 1 1 1 2 1 0 0 1 0 0 0 0 1 0 0
1.42749792307767 1.98860510827153 0.933091773210568 1.90712249295903 0.487534518162645 -1 1 2 2 2 1 1 1 1 2 1 2 1 1 0 1 2 2 1 0 0 2 2 0 1 2 1 2 0 0 2 1 0 0 0 1 1 0 0 0 0 2 2 2 2 1 0 0 1 1 1 1 1 0 2 0 2 1 2 1 0 0 0 1 1 0 0 0 1 1 1 1 1 1 2 1 0 0 0 2 2 0 0 2 0 0 1 0 1 2 2 2 0 2 0 1 1 0 0 1 1 -1 -2 -2 -2 -1 -1 -1 -1 -2 -1 -2 -1 -1 0 -1 -2 -2 -1 0 0 -2 -2 0 -1 -2 -1 -2 0 0 -2 -1 0 0 0 -1 -1 0 0 0 0 -2 -2 -2 -2 -1 0 0 -1 -1 -1 -1 -1 0 -2 0 -2 -1 -2 -1 0 0 0 -1 -1 0 0 0 -1 -1 -1 -1 -1 -1 -2 -1 0 0 0 -2 -2 0 0 -2 0 0 -1 0 -1 -2 -2 -2 0 -2 0 -1 -1 0 0 -1 -1
-0.751527564456768 1.07032749961856 -1.74881575917079 0.140415732116399 0.201483144781693 -1 0 2 1 2 2 1 0 0 2 2 2 2 2 0 1 2 2 0 0 1 2 2 0 1 2 2 2 0 1 1 1 1 0 0 1 0 0 0 0 1 1 2 2 2 1 1 2 1 0 2 1 0 0 2 1 2 1 2 2 1 1 0 2 2 1 1 0 0 0 0 0 0 1 2 1 1 2 0 0 2 1 0 2 0 0 2 1 0 1 0 1 0 2 0 0 0 1 1 1 2 0 -2 -1 -2 -2 -1 0 0 -2 -2 -2 -2 -2 0 -1 -2 -2 0 0 -1 -2 -2 0 -1 -2 -2 -2 0 -1 -1 -1 -1 0 0 -1 0 0 0 0 -1 -1 -2 -2 -2 -1 -1 -2 -1 0 -2 -1 0 0 -2 -1 -2 -1 -2 -2 -1 -1 0 -2 -2 -1 -1 0 0 0 0 0 0 -1 -2 -1 -1 -2 0 0 -2 -1 0 -2 0 0 -2 -1 0 -1 0 -1 0 -2 0 0 0 -1 -1 -1 -2
0.712937530138662 -0.378657808023704 0.822462436635144 -0.408059435590657 -0.877558972563942 1 0 2 0 2 1 1 0 0 2 2 2 1 2 0 0 1 2 0 0 1 1 2 0 2 1 0 0 0 1 1 1 1 2 1 2 2 0 1 0 0 2 2 2 2 2 1 0 1 0 2 2 0 0 2 0 1 0 1 2 1 0 0 2 1 0 0 0 2 2 1 1 1 1 1 0 0 1 2 1 2 2 0 2 0 0 2 2 0 2 2 2 0 2 0 0 0 0 1 1 2 0 2 0 2 1 1 0 0 2 2 2 1 2 0 0 1 2 0 0 1 1 2 0 2 1 0 0 0 1 1 1 1 2 1 2 2 0 1 0 0 2 2 2 2 2 1 0 1 0 2 2 0 0 2 0 1 0 1 2 1 0 0 2 1 0 0 0 2 2 1 1 1 1 1 0 0 1 2 1 2 2 0 2 0 0 2 2 0 2 2 2 0 2 0 0 0 0 1 1 2
-1.71299238270066 -1.26112223985035 1.41617910398423 2.16335767426549 1.15302363565652 1 0 2 2 2 2 1 0 0 1 2 2 1 2 0 0 2 2 0 0 0 1 2 0 1 2 0 0 0 0 1 0 0 1 0 0 0 0 0 0 0 2 2 1 2 1 0 1 1 0 1 0 0 0 2 0 1 0 1 2 2 0 0 2 2 2 1 0 1 1 1 1 1 2 2 1 0 0 0 1 2 2 0 2 0 0 2 2 0 2 1 2 0 2 0 0 1 1 1 0 0 0 2 2 2 2 1 0 0 1 2 2 1 2 0 0 2 2 0 0 0 1 2 0 1 2 0 0 0 0 1 0 0 1 0 0 0 0 0 0 0 2 2 1 2 1 0 1 1 0 1 0 0 0 2 0 1 0 1 2 2 0 0 2 2 2 1 0 1 1 1 1 1 2 2 1 0 0 0 1 2 2 0 2 0 0 2 2 0 2 1 2 0 2 0 0 1 1 1 0 0
2.61587349128348 0.833482094992543 -1.43010522284331 0.265523738106601 -2.4956856021463 -1 1 2 1 2 1 2 1 1 2 2 2 2 2 1 1 2 2 0 0 0 1 1 0 0 2 0 2 0 0 1 2 1 1 0 0 0 0 0 1 0 2 2 2 2 0 0 0 1 1 2 2 0 0 2 0 2 0 1 2 0 0 0 2 1 0 1 0 0 1 2 2 2 2 1 1 2 1 1 1 2 1 1 2 0 0 1 0 0 2 1 1 0 1 0 0 1 0 1 1 0 -1 -2 -1 -2 -1 -2 -1 -1 -2 -2 -2 -2 -2 -1 -1 -2 -2 0 0 0 -1 -1 0 0 -2 0 -2 0 0 -1 -2 -1 -1 0 0 0 0 0 -1 0 -2 -2 -2 -2 0 0 0 -1 -1 -2 -2 0 0 -2 0 -2 0 -1 -2 0 0 0 -2 -1 0 -1 0 0 -1 -2 -2 -2 -2 -1 -1 -2 -1 -1 -1 -2 -1 -1 -2 0 0 -1 0 0 -2 -1 -1 0 -1 0 0 -1 0 -1 -1 0
-0.450294540294062 0.251085318513134 -0.856618010666242 -0.57387139722586 -0.197662413999939 1 0 1 1 2 2 1 0 0 2 1 1 1 2 1 0 0 2 0 1 2 2 1 0 1 1 1 2 0 2 2 2 1 0 0 0 0 1 2 0 0 1 1 2 2 2 1 2 2 1 2 2 2 2 2 0 2 2 2 1 0 0 0 1 0 0 1 1 1 2 1 2 0 1 2 1 0 0 1 1 2 1 0 2 0 0 1 0 0 2 1 2 0 2 0 1 2 1 2 1 0 0 1 1 2 2 1 0 0 2 1 1 1 2 1 0 0 2 0 1 2 2 1 0 1 1 1 2 0 2 2 2 1 0 0 0 0 1 2 0 0 1 1 2 2 2 1 2 2 1 2 2 2 2 2 0 2 2 2 1 0 0 0 1 0 0 1 1 1 2 1 2 0 1 2 1 0 0 1 1 2 1 0 2 0 0 1 0 0 2 1 2 0 2 0 1 2 1 2 1 0
0.748664304018502 -0.166573034978327 -0.635364881124465 -0.142726216510735 -0.191598366944098 -1 1 2 1 2 0 1 2 0 2 2 2 2 2 1 0 1 2 1 1 0 1 2 0 2 2 2 2 0 1 2 2 1 1 0 0 0 0 1 1 0 2 2 2 2 0 0 0 2 1 2 2 1 1 2 0 2 1 1 2 1 0 0 2 0 0 0 1 0 0 0 0 0 1 2 1 0 0 0 1 2 2 0 2 0 1 2 1 0 2 2 1 0 2 0 0 0 0 0 0 1 -1 -2 -1 -2 0 -1 -2 0 -2 -2 -2 -2 -2 -1 0 -1 -2 -1 -1 0 -1 -2 0 -2 -2 -2 -2 0 -1 -2 -2 -1 -1 0 0 0 0 -1 -1 0 -2 -2 -2 -2 0 0 0 -2 -1 -2 -2 -1 -1 -2 0 -2 -1 -1 -2 -1 0 0 -2 0 0 0 -1 0 0 0 0 0 -1 -2 -1 0 0 0 -1 -2 -2 0 -2 0 -1 -2 -1 0 -2 -2 -1 0 -2 0 0 0 0 0 0 -1
0.00115677610482119 -0.834938814040995 0.411864949484463 -1.24231598891651 -1.52763992431061 1 2 1 0 2 2 2 1 1 2 2 2 1 2 0 0 1 2 1 0 1 1 0 0 1 1 0 0 0 0 2 2 1 2 1 2 0 0 0 0 0 2 2 2 2 1 1 1 2 2 2 2 1 0 2 0 2 2 1 2 2 0 0 2 1 1 1 2 0 1 1 2 0 2 2 1 1 0 0 0 2 1 0 2 0 0 1 1 0 0 0 1 0 2 0 0 1 0 1 1 1 2 1 0 2 2 2 1 1 2 2 2 1 2 0 0 1 2 1 0 1 1 0 0 1 1 0 0 0 0 2 2 1 2 1 2 0 0 0 0 0 2 2 2 2 1 1 1 2 2 2 2 1 0 2 0 2 2 1 2 2 0 0 2 1 1 1 2 0 1 1 2 0 2 2 1 1 0 0 0 2 1 0 2 0 0 1 1 0 0 0 1 0 2 0 0 1 0 1 1 1
-0.84917958068876 -1.10643979170311 -1.48769028603323 1.57138172885605 0.0980131350191425 -1 0 2 1 2 2 0 0 0 2 2 2 0 2 0 0 1 2 1 0 0 1 1 0 0 1 0 1 0 0 1 1 0 0 0 1 0 0 1 0 0 1 1 1 2 2 0 1 2 1 2 2 0 0 2 0 2 1 1 2 2 0 0 1 0 0 1 1 1 1 1 0 0 1 1 0 1 0 1 2 2 2 0 2 0 0 1 1 0 2 2 2 1 2 0 0 2 1 1 1 2 0 -2 -1 -2 -2 0 0 0 -2 -2 -2 0 -2 0 0 -1 -2 -1 0 0 -1 -1 0 0 -1 0 -1 0 0 -1 -1 0 0 0 -1 0 0 -1 0 0 -1 -1 -1 -2 -2 0 -1 -2 -1 -2 -2 0 0 -2 0 -2 -1 -1 -2 -2 0 0 -1 0 0 -1 -1 -1 -1 -1 0 0 -1 -1 0 -1 0 -1 -2 -2 -2 0 -2 0 0 -1 -1 0 -2 -2 -2 -1 -2 0 0 -2 -1 -1 -1 -2
-0.213980169439769 1.35367939918686 1.85466163858047 0.302498528610352 0.321650120771251 -1 1 2 0 2 2 2 0 0 2 2 2 1 2 0 0 1 2 1 0 1 2 1 1 2 2 1 2 0 0 1 1 0 0 1 2 0 0 0 0 0 2 1 2 2 1 1 0 1 0 2 2 0 0 2 0 2 0 2 2 2 1 0 2 1 0 0 0 1 2 2 1 0 0 1 0 1 0 1 1 2 1 0 2 0 0 0 0 1 2 2 1 0 2 0 0 1 0 0 0 1 -1 -2 0 -2 -2 -2 0 0 -2 -2 -2 -1 -2 0 0 -1 -2 -1 0 -1 -2 -1 -1 -2 -2 -1 -2 0 0 -1 -1 0 0 -1 -2 0 0 0 0 0 -2 -1 -2 -2 -1 -1 0 -1 0 -2 -2 0 0 -2 0 -2 0 -2 -2 -2 -1 0 -2 -1 0 0 0 -1 -2 -2 -1 0 0 -1 0 -1 0 -1 -1 -2 -1 0 -2 0 0 0 0 -1 -2 -2 -1 0 -2 0 0 -1 0 0 0 -1
1.01845836682775 -0.440032635073271 0.501488364467944 0.625914262803023 -1.21205114354545 1 1 2 1 2 1 2 0 0 0 2 2 1 2 0 1 2 2 1 0 1 1 0 0 1 2 0 1 0 0 1 1 1 1 0 1 0 0 0 0 1 2 2 2 2 1 0 0 0 0 1 2 2 2 2 0 2 1 2 2 0 0 0 2 0 0 0 0 1 2 2 1 0 1 2 2 0 0 0 0 2 1 0 2 1 0 2 1 0 1 1 2 1 1 0 0 1 0 0 0 0 1 2 1 2 1 2 0 0 0 2 2 1 2 0 1 2 2 1 0 1 1 0 0 1 2 0 1 0 0 1 1 1 1 0 1 0 0 0 0 1 2 2 2 2 1 0 0 0 0 1 2 2 2 2 0 2 1 2 2 0 0 0 2 0 0 0 0 1 2 2 1 0 1 2 2 0 0 0 0 2 1 0 2 1 0 2 1 0 1 1 2 1 1 0 0 1 0 0 0 0
0.560414177817897 1.2996413183884 1.02126579270126 -0.754595894753612 0.333816401427093 -1 0 1 1 2 1 1 0 1 2 2 2 2 2 0 0 1 2 1 0 2 1 2 0 2 1 0 0 0 0 1 1 1 1 0 1 0 0 0 0 1 2 2 2 2 2 2 1 2 0 1 2 2 1 2 1 1 0 1 1 0 0 0 1 1 0 0 0 0 1 0 1 0 1 2 0 1 1 1 1 2 1 0 2 1 1 2 1 0 2 2 2 2 2 0 0 1 0 2 1 2 0 -1 -1 -2 -1 -1 0 -1 -2 -2 -2 -2 -2 0 0 -1 -2 -1 0 -2 -1 -2 0 -2 -1 0 0 0 0 -1 -1 -1 -1 0 -1 0 0 0 0 -1 -2 -2 -2 -2 -2 -2 -1 -2 0 -1 -2 -2 -1 -2 -1 -1 0 -1 -1 0 0 0 -1 -1 0 0 0 0 -1 0 -1 0 -1 -2 0 -1 -1 -1 -1 -2 -1 0 -2 -1 -1 -2 -1 0 -2 -2 -2 -2 -2 0 0 -1 0 -2 -1 -2
0.677125566060306 -0.347479586329088 2.15782410196497 -0.870527301707029 -1.2621906107817 1 2 2 1 2 2 2 1 0 2 2 2 0 1 0 0 1 2 1 1 2 2 2 0 0 1 0 1 0 1 1 2 1 1 1 1 0 1 0 1 1 2 2 2 2 0 0 0 1 0 2 2 2 1 2 0 2 0 1 2 2 0 0 2 2 1 1 0 1 2 1 1 0 1 2 0 0 0 0 1 2 1 0 2 0 0 2 2 1 2 2 2 2 2 0 1 2 1 2 1 0 2 2 1 2 2 2 1 0 2 2 2 0 1 0 0 1 2 1 1 2 2 2 0 0 1 0 1 0 1 1 2 1 1 1 1 0 1 0 1 1 2 2 2 2 0 0 0 1 0 2 2 2 1 2 0 2 0 1 2 2 0 0 2 2 1 1 0 1 2 1 1 0 1 2 0 0 0 0 1 2 1 0 2 0 0 2 2 1 2 2 2 2 2 0 1 2 1 2 1 0
-0.234566043026367 0.00134980856532638 -1.02888260177986 -1.30173023106506 0.744819002920671 1 1 2 1 2 0 0 0 0 1 2 2 1 2 0 0 0 2 1 1 1 2 1 0 1 2 1 1 0 1 2 2 2 2 0 2 0 0 0 1 0 2 2 2 2 2 1 1 2 1 2 2 2 1 2 0 1 1 1 2 0 0 0 1 1 0 0 0 0 1 1 1 0 0 1 1 0 1 1 1 2 1 0 2 0 1 1 1 0 1 1 2 0 2 0 1 2 1 1 1 2 1 2 1 2 0 0 0 0 1 2 2 1 2 0 0 0 2 1 1 1 2 1 0 1 2 1 1 0 1 2 2 2 2 0 2 0 0 0 1 0 2 2 2 2 2 1 1 2 1 2 2 2 1 2 0 1 1 1 2 0 0 0 1 1 0 0 0 0 1 1 1 0 0 1 1 0 1 1 1 2 1 0 2 0 1 1 1 0 1 1 2 0 2 0 1 2 1 1 1 2
-1.67452532432009 -0.111621381972758 0.662991984141774 -1.79841510529687 -0.303489878935989 1 0 0 0 2 1 1 1 2 2 2 2 1 1 0 0 0 2 1 0 1 1 1 1 1 2 0 1 0 0 1 1 1 1 1 2 1 0 0 1 0 2 2 2 2 2 0 0 1 0 2 2 2 1 2 0 1 0 2 2 0 0 0 2 2 2 1 0 1 1 1 1 1 2 1 1 1 0 0 0 1 2 0 2 0 0 0 0 0 1 1 2 0 0 0 0 1 0 1 1 0 0 0 0 2 1 1 1 2 2 2 2 1 1 0 0 0 2 1 0 1 1 1 1 1 2 0 1 0 0 1 1 1 1 1 2 1 0 0 1 0 2 2 2 2 2 0 0 1 0 2 2 2 1 2 0 1 0 2 2 0 0 0 2 2 2 1 0 1 1 1 1 1 2 1 1 1 0 0 0 1 2 0 2 0 0 0 0 0 1 1 2 0 0 0 0 1 0 1 1 0
