1.09617046442585 -0.593525914098302 1.86737553537238 -1.50995638038965 -0.680396381646353 -1 0 1 0 2 1 0 1 1 0 2 1 1 2 2 2 2 1 0 0 0 2 1 2 2 2 2 2 1 2 0 2 2 2 1 2 2 1 1 2 0 2 1 2 2 0 0 0 0 1 2 1 1 2 2 1 1 0 2 2 1 0 1 1 2 1 0 0 0 0 2 2 1 0 2 1 2 1 1 2 2 2 0 2 1 2 1 2 1 1 1 2 0 0 2 0 2 2 1 1 0 0 -1 0 -2 -1 0 -1 -1 0 -2 -1 -1 -2 -2 -2 -2 -1 0 0 0 -2 -1 -2 -2 -2 -2 -2 -1 -2 0 -2 -2 -2 -1 -2 -2 -1 -1 -2 0 -2 -1 -2 -2 0 0 0 0 -1 -2 -1 -1 -2 -2 -1 -1 0 -2 -2 -1 0 -1 -1 -2 -1 0 0 0 0 -2 -2 -1 0 -2 -1 -2 -1 -1 -2 -2 -2 0 -2 -1 -2 -1 -2 -1 -1 -1 -2 0 0 -2 0 -2 -2 -1 -1 0
-1.1800178237335 1.58224697302278 -0.537562161987352 0.465407476610905 0.623644963795527 -1 2 2 0 1 1 0 0 0 0 2 0 0 0 1 1 1 0 0 0 0 2 0 2 2 0 2 2 0 2 0 2 1 2 1 2 2 2 2 1 0 1 1 2 0 1 0 0 1 1 2 0 2 2 2 1 2 1 2 2 2 0 1 2 1 0 0 0 1 2 2 2 1 0 2 2 1 0 1 0 1 0 0 2 2 2 1 1 1 0 0 2 1 1 2 0 1 1 1 2 1 -2 -2 0 -1 -1 0 0 0 0 -2 0 0 0 -1 -1 -1 0 0 0 0 -2 0 -2 -2 0 -2 -2 0 -2 0 -2 -1 -2 -1 -2 -2 -2 -2 -1 0 -1 -1 -2 0 -1 0 0 -1 -1 -2 0 -2 -2 -2 -1 -2 -1 -2 -2 -2 0 -1 -2 -1 0 0 0 -1 -2 -2 -2 -1 0 -2 -2 -1 0 -1 0 -1 0 0 -2 -2 -2 -1 -1 -1 0 0 -2 -1 -1 -2 0 -1 -1 -1 -2 -1
-0.594898938468543 -0.170882135932645 -1.98285277511903 0.0791865147479207 -0.211532419685268 -1 1 1 0 1 0 0 0 0 1 2 0 0 1 1 2 1 1 0 0 0 1 1 2 2 0 1 0 0 1 0 2 2 2 1 2 2 2 2 0 0 2 2 1 1 2 1 0 1 2 2 1 2 2 2 0 0 2 2 2 2 0 2 2 2 1 0 0 0 0 1 1 1 0 2 0 0 0 0 1 0 1 0 2 1 2 1 2 1 1 1 2 0 0 1 0 2 1 0 1 0 -1 -1 0 -1 0 0 0 0 -1 -2 0 0 -1 -1 -2 -1 -1 0 0 0 -1 -1 -2 -2 0 -1 0 0 -1 0 -2 -2 -2 -1 -2 -2 -2 -2 0 0 -2 -2 -1 -1 -2 -1 0 -1 -2 -2 -1 -2 -2 -2 0 0 -2 -2 -2 -2 0 -2 -2 -2 -1 0 0 0 0 -1 -1 -1 0 -2 0 0 0 0 -1 0 -1 0 -2 -1 -2 -1 -2 -1 -1 -1 -2 0 0 -1 0 -2 -1 0 -1 0
-0.532982356393051 4.34641022683693 -0.267215952566224 -0.987352493473028 -1.65827926466638 -1 1 1 0 0 0 0 0 1 1 2 1 1 2 2 2 2 2 2 1 0 2 0 2 2 1 2 1 0 2 0 2 1 1 1 2 2 2 2 2 0 1 2 2 1 1 0 0 1 2 2 0 2 2 2 1 1 2 2 2 1 0 0 1 2 2 0 0 0 1 1 1 1 0 2 1 1 0 1 1 1 0 0 1 0 1 0 1 1 0 0 2 0 0 1 0 1 2 1 1 1 -1 -1 0 0 0 0 0 -1 -1 -2 -1 -1 -2 -2 -2 -2 -2 -2 -1 0 -2 0 -2 -2 -1 -2 -1 0 -2 0 -2 -1 -1 -1 -2 -2 -2 -2 -2 0 -1 -2 -2 -1 -1 0 0 -1 -2 -2 0 -2 -2 -2 -1 -1 -2 -2 -2 -1 0 0 -1 -2 -2 0 0 0 -1 -1 -1 -1 0 -2 -1 -1 0 -1 -1 -1 0 0 -1 0 -1 0 -1 -1 0 0 -2 0 0 -1 0 -1 -2 -1 -1 -1
0.348637090354829 0.135204424016366 -0.51849474617751 2.3565656172681 0.687387692595103 -1 2 1 0 0 1 0 1 1 1 2 0 0 1 1 1 0 0 0 0 0 2 1 2 2 2 2 1 0 2 0 2 2 2 1 2 2 2 2 1 0 1 2 2 2 1 0 0 0 1 2 0 1 2 2 1 1 2 2 1 1 0 0 1 1 2 1 2 0 2 2 1 1 0 2 0 1 0 1 0 0 1 0 1 0 2 0 0 0 1 0 1 1 1 2 0 1 2 2 2 2 -2 -1 0 0 -1 0 -1 -1 -1 -2 0 0 -1 -1 -1 0 0 0 0 0 -2 -1 -2 -2 -2 -2 -1 0 -2 0 -2 -2 -2 -1 -2 -2 -2 -2 -1 0 -1 -2 -2 -2 -1 0 0 0 -1 -2 0 -1 -2 -2 -1 -1 -2 -2 -1 -1 0 0 -1 -1 -2 -1 -2 0 -2 -2 -1 -1 0 -2 0 -1 0 -1 0 0 -1 0 -1 0 -2 0 0 0 -1 0 -1 -1 -1 -2 0 -1 -2 -2 -2 -2
0.550891033054467 2.07777075994898 -0.893046306848106 -0.216477340349437 -0.418074871157603 1 0 0 0 1 0 0 0 0 0 1 0 0 2 2 2 1 0 0 0 0 0 0 1 2 2 2 1 0 2 0 2 2 2 2 2 2 1 2 0 0 2 1 1 1 1 0 0 0 1 2 0 1 2 2 0 0 0 2 1 1 0 2 2 2 2 1 0 1 2 2 2 1 0 1 0 0 0 1 0 1 1 0 2 2 2 0 1 2 2 1 2 0 0 2 0 2 2 2 2 1 0 0 0 1 0 0 0 0 0 1 0 0 2 2 2 1 0 0 0 0 0 0 1 2 2 2 1 0 2 0 2 2 2 2 2 2 1 2 0 0 2 1 1 1 1 0 0 0 1 2 0 1 2 2 0 0 0 2 1 1 0 2 2 2 2 1 0 1 2 2 2 1 0 1 0 0 0 1 0 1 1 0 2 2 2 0 1 2 2 1 2 0 0 2 0 2 2 2 2 1
1.83423367720505 -0.085174758023585 0.467549239761343 0.0362826598726537 0.157190257534807 -1 0 0 1 1 0 0 0 1 1 2 0 0 1 2 1 0 0 0 0 0 2 0 2 2 2 2 2 1 1 0 2 1 1 1 2 2 2 2 0 0 2 2 2 2 2 0 0 0 2 2 0 1 2 2 1 1 1 2 1 0 0 0 0 1 1 0 0 0 1 0 1 1 0 2 0 0 0 1 1 0 1 0 2 1 1 1 1 1 0 1 2 1 1 2 0 1 2 2 1 1 0 0 -1 -1 0 0 0 -1 -1 -2 0 0 -1 -2 -1 0 0 0 0 0 -2 0 -2 -2 -2 -2 -2 -1 -1 0 -2 -1 -1 -1 -2 -2 -2 -2 0 0 -2 -2 -2 -2 -2 0 0 0 -2 -2 0 -1 -2 -2 -1 -1 -1 -2 -1 0 0 0 0 -1 -1 0 0 0 -1 0 -1 -1 0 -2 0 0 0 -1 -1 0 -1 0 -2 -1 -1 -1 -1 -1 0 -1 -2 -1 -1 -2 0 -1 -2 -2 -1 -1
-0.151496254405352 1.00178198856358 2.36255657296127 0.616734245760099 0.0752215782221511 1 0 0 0 0 0 0 1 1 1 2 1 0 2 1 1 1 1 2 1 1 1 0 2 2 1 2 1 0 2 0 2 2 2 1 2 2 2 2 0 0 2 2 1 1 1 0 0 0 0 2 0 2 1 2 0 0 2 2 1 0 0 1 2 2 1 0 0 0 0 1 2 0 0 2 1 2 1 1 2 1 1 0 2 1 1 0 1 1 0 1 2 0 0 2 0 2 2 2 1 1 0 0 0 0 0 0 1 1 1 2 1 0 2 1 1 1 1 2 1 1 1 0 2 2 1 2 1 0 2 0 2 2 2 1 2 2 2 2 0 0 2 2 1 1 1 0 0 0 0 2 0 2 1 2 0 0 2 2 1 0 0 1 2 2 1 0 0 0 0 1 2 0 0 2 1 2 1 1 2 1 1 0 2 1 1 0 1 1 0 1 2 0 0 2 0 2 2 2 1 1
-0.946513886085946 0.298606814499806 -2.32139204809535 0.235573956796357 -0.485671613579482 1 0 0 0 1 1 0 0 1 1 2 0 0 1 1 1 1 1 0 0 0 1 1 2 2 2 2 1 1 2 0 2 2 2 1 1 1 1 1 1 0 1 1 2 2 2 1 0 1 2 2 0 1 2 1 0 0 1 2 2 1 0 1 2 2 2 1 1 0 1 1 2 1 0 2 0 0 0 1 0 1 1 0 1 1 1 0 0 1 0 0 1 0 0 2 0 2 2 1 1 1 0 0 0 1 1 0 0 1 1 2 0 0 1 1 1 1 1 0 0 0 1 1 2 2 2 2 1 1 2 0 2 2 2 1 1 1 1 1 1 0 1 1 2 2 2 1 0 1 2 2 0 1 2 1 0 0 1 2 2 1 0 1 2 2 2 1 1 0 1 1 2 1 0 2 0 0 0 1 0 1 1 0 1 1 1 0 0 1 0 0 1 0 0 2 0 2 2 1 1 1
0.967489527935636 -1.21229614293841 -0.645530115034319 0.78308099209703 -0.251149338306234 -1 0 1 0 0 2 0 0 0 1 2 0 1 2 2 2 1 1 1 0 0 2 0 2 2 1 2 0 0 2 0 2 2 1 1 1 2 2 2 1 0 2 2 2 1 2 1 0 0 2 2 0 1 2 2 1 1 2 2 2 2 0 1 2 2 1 1 2 0 1 1 2 1 0 2 1 0 1 2 1 0 0 0 2 1 1 1 1 1 1 1 2 1 0 2 0 2 2 2 1 0 0 -1 0 0 -2 0 0 0 -1 -2 0 -1 -2 -2 -2 -1 -1 -1 0 0 -2 0 -2 -2 -1 -2 0 0 -2 0 -2 -2 -1 -1 -1 -2 -2 -2 -1 0 -2 -2 -2 -1 -2 -1 0 0 -2 -2 0 -1 -2 -2 -1 -1 -2 -2 -2 -2 0 -1 -2 -2 -1 -1 -2 0 -1 -1 -2 -1 0 -2 -1 0 -1 -2 -1 0 0 0 -2 -1 -1 -1 -1 -1 -1 -1 -2 -1 0 -2 0 -2 -2 -2 -1 0
-1.54646961933626 -0.494760072075751 1.09168666425749 -0.535496694358078 0.0527997678090504 1 1 1 0 0 1 0 0 1 1 2 1 0 1 2 2 1 0 1 0 0 1 0 2 2 2 2 2 0 1 0 2 2 2 1 1 2 1 2 1 0 2 2 2 1 1 0 0 1 2 2 0 2 1 0 0 0 0 2 2 2 0 1 1 1 2 0 0 0 1 1 2 1 0 2 0 0 0 0 1 2 1 0 2 1 2 1 1 1 0 0 2 1 0 2 1 2 1 2 1 1 1 1 0 0 1 0 0 1 1 2 1 0 1 2 2 1 0 1 0 0 1 0 2 2 2 2 2 0 1 0 2 2 2 1 1 2 1 2 1 0 2 2 2 1 1 0 0 1 2 2 0 2 1 0 0 0 0 2 2 2 0 1 1 1 2 0 0 0 1 1 2 1 0 2 0 0 0 0 1 2 1 0 2 1 2 1 1 1 0 0 2 1 0 2 1 2 1 2 1 1
0.262366877377116 -0.317627275215441 -0.9749322054479 -0.742595316289243 1.1003286928668 1 0 1 0 1 1 0 0 0 0 2 0 0 2 1 2 2 1 0 1 0 2 0 2 2 2 2 2 1 2 0 2 2 1 2 2 2 1 2 1 0 2 1 0 0 1 1 0 0 1 2 0 1 2 2 2 2 2 2 2 0 0 2 2 2 2 1 1 0 2 0 1 1 0 2 0 1 1 1 1 1 1 1 2 0 1 1 2 1 1 1 1 0 0 2 1 2 2 2 2 0 0 1 0 1 1 0 0 0 0 2 0 0 2 1 2 2 1 0 1 0 2 0 2 2 2 2 2 1 2 0 2 2 1 2 2 2 1 2 1 0 2 1 0 0 1 1 0 0 1 2 0 1 2 2 2 2 2 2 2 0 0 2 2 2 2 1 1 0 2 0 1 1 0 2 0 1 1 1 1 1 1 1 2 0 1 1 2 1 1 1 1 0 0 2 1 2 2 2 2 0
1.17725657730821 2.06885079624824 -2.97097045890515 0.649566470126906 -0.319574809640966 1 0 1 1 1 0 0 1 1 1 2 0 1 1 1 1 2 2 0 0 0 1 0 2 2 1 2 2 0 2 0 2 2 2 1 2 2 2 2 2 0 2 2 2 1 1 0 0 1 1 2 0 2 2 2 0 0 1 2 1 1 0 1 2 1 1 0 0 1 2 2 2 1 0 2 1 1 0 2 1 0 2 1 2 1 2 0 2 2 0 0 1 1 1 2 0 2 2 2 2 1 0 1 1 1 0 0 1 1 1 2 0 1 1 1 1 2 2 0 0 0 1 0 2 2 1 2 2 0 2 0 2 2 2 1 2 2 2 2 2 0 2 2 2 1 1 0 0 1 1 2 0 2 2 2 0 0 1 2 1 1 0 1 2 1 1 0 0 1 2 2 2 1 0 2 1 1 0 2 1 0 2 1 2 1 2 0 2 2 0 0 1 1 1 2 0 2 2 2 2 1
0.575350536293546 0.0805104852977005 0.351206699920238 1.17744934244905 -0.195544296712577 -1 0 1 0 0 0 0 0 1 1 2 0 0 0 2 1 1 0 0 0 0 1 0 1 2 2 2 2 0 2 0 2 2 2 2 2 2 2 2 2 0 2 1 1 1 0 0 0 0 0 2 0 1 2 1 0 0 1 2 1 1 0 2 1 2 2 0 0 0 2 2 2 2 0 2 1 1 1 2 2 1 1 0 1 1 1 1 1 0 0 1 1 0 1 2 0 1 2 1 1 0 0 -1 0 0 0 0 0 -1 -1 -2 0 0 0 -2 -1 -1 0 0 0 0 -1 0 -1 -2 -2 -2 -2 0 -2 0 -2 -2 -2 -2 -2 -2 -2 -2 -2 0 -2 -1 -1 -1 0 0 0 0 0 -2 0 -1 -2 -1 0 0 -1 -2 -1 -1 0 -2 -1 -2 -2 0 0 0 -2 -2 -2 -2 0 -2 -1 -1 -1 -2 -2 -1 -1 0 -1 -1 -1 -1 -1 0 0 -1 -1 0 -1 -2 0 -1 -2 -1 -1 0
-1.72321581065992 0.656921674956852 0.178795262740409 0.742567173321928 0.557203436022548 -1 1 0 0 0 2 0 0 0 1 2 0 0 0 0 1 1 1 0 0 0 0 0 2 2 1 2 1 1 2 0 2 2 2 2 2 1 1 0 0 0 2 2 2 1 1 0 0 0 0 2 0 2 2 1 0 2 2 2 1 1 0 0 1 0 0 0 0 1 2 0 0 1 0 2 1 0 0 1 1 1 1 0 2 1 2 1 1 1 0 0 0 0 0 2 0 2 2 2 0 0 -1 0 0 0 -2 0 0 0 -1 -2 0 0 0 0 -1 -1 -1 0 0 0 0 0 -2 -2 -1 -2 -1 -1 -2 0 -2 -2 -2 -2 -2 -1 -1 0 0 0 -2 -2 -2 -1 -1 0 0 0 0 -2 0 -2 -2 -1 0 -2 -2 -2 -1 -1 0 0 -1 0 0 0 0 -1 -2 0 0 -1 0 -2 -1 0 0 -1 -1 -1 -1 0 -2 -1 -2 -1 -1 -1 0 0 0 0 0 -2 0 -2 -2 -2 0 0
0.778460233855586 -0.421210860025404 -1.07105437822285 1.06516141072184 0.482828743278351 -1 0 1 1 0 0 0 0 1 1 2 0 1 1 2 2 2 2 1 0 0 2 0 1 2 1 2 2 0 2 0 2 2 1 2 2 2 2 2 2 0 2 2 2 2 1 0 0 1 2 2 0 2 2 2 1 1 1 2 2 1 0 1 1 2 1 0 0 0 1 1 0 0 0 1 0 0 1 2 1 1 0 0 1 0 0 1 0 0 0 0 2 1 0 2 1 2 1 1 1 0 0 -1 -1 0 0 0 0 -1 -1 -2 0 -1 -1 -2 -2 -2 -2 -1 0 0 -2 0 -1 -2 -1 -2 -2 0 -2 0 -2 -2 -1 -2 -2 -2 -2 -2 -2 0 -2 -2 -2 -2 -1 0 0 -1 -2 -2 0 -2 -2 -2 -1 -1 -1 -2 -2 -1 0 -1 -1 -2 -1 0 0 0 -1 -1 0 0 0 -1 0 0 -1 -2 -1 -1 0 0 -1 0 0 -1 0 0 0 0 -2 -1 0 -2 -1 -2 -1 -1 -1 0
0.945365746924493 -1.22467488890625 -0.607834942233716 -1.7393319717615 -2.24027518468336 -1 0 2 1 2 1 0 0 1 1 2 1 0 2 2 2 1 1 2 0 0 2 1 2 2 1 2 2 0 0 0 2 2 2 2 2 2 2 2 2 0 2 2 2 1 1 0 0 0 1 2 0 2 2 2 0 1 2 2 1 0 0 1 2 2 2 2 1 1 1 1 1 2 0 1 0 2 2 1 0 0 0 0 1 0 1 0 0 0 1 0 1 0 0 1 0 2 2 1 0 1 0 -2 -1 -2 -1 0 0 -1 -1 -2 -1 0 -2 -2 -2 -1 -1 -2 0 0 -2 -1 -2 -2 -1 -2 -2 0 0 0 -2 -2 -2 -2 -2 -2 -2 -2 -2 0 -2 -2 -2 -1 -1 0 0 0 -1 -2 0 -2 -2 -2 0 -1 -2 -2 -1 0 0 -1 -2 -2 -2 -2 -1 -1 -1 -1 -1 -2 0 -1 0 -2 -2 -1 0 0 0 0 -1 0 -1 0 0 0 -1 0 -1 0 0 -1 0 -2 -2 -1 0 -1
-0.0950634962984297 -0.105146932178436 1.2849998197797 -2.41643327135059 -0.144237046823257 -1 1 1 0 1 0 0 0 1 1 2 0 0 2 2 2 1 1 1 1 2 2 0 2 2 2 2 2 0 2 0 2 2 1 1 1 2 1 1 0 0 2 2 2 1 1 1 0 1 1 2 0 1 1 1 1 0 1 2 1 2 0 1 1 0 1 0 0 0 1 0 0 1 0 2 0 0 1 2 2 1 1 1 2 1 1 0 0 1 0 0 0 0 0 2 0 2 2 1 1 2 -1 -1 0 -1 0 0 0 -1 -1 -2 0 0 -2 -2 -2 -1 -1 -1 -1 -2 -2 0 -2 -2 -2 -2 -2 0 -2 0 -2 -2 -1 -1 -1 -2 -1 -1 0 0 -2 -2 -2 -1 -1 -1 0 -1 -1 -2 0 -1 -1 -1 -1 0 -1 -2 -1 -2 0 -1 -1 0 -1 0 0 0 -1 0 0 -1 0 -2 0 0 -1 -2 -2 -1 -1 -1 -2 -1 -1 0 0 -1 0 0 0 0 0 -2 0 -2 -2 -1 -1 -2
-1.17508158861523 -0.851506795960556 -0.340576146280303 0.900643732107991 0.737955810945332 1 0 1 0 0 2 0 0 0 1 2 0 0 1 2 1 1 0 0 0 0 1 0 2 2 1 2 1 0 1 0 1 0 2 1 2 2 1 2 0 0 2 2 2 2 2 1 0 1 0 2 0 1 2 2 1 1 2 2 2 1 0 0 1 2 1 1 1 1 1 1 1 2 0 2 0 0 1 0 1 0 1 0 1 2 2 0 1 1 1 0 2 1 0 2 0 2 2 2 1 0 0 1 0 0 2 0 0 0 1 2 0 0 1 2 1 1 0 0 0 0 1 0 2 2 1 2 1 0 1 0 1 0 2 1 2 2 1 2 0 0 2 2 2 2 2 1 0 1 0 2 0 1 2 2 1 1 2 2 2 1 0 0 1 2 1 1 1 1 1 1 1 2 0 2 0 0 1 0 1 0 1 0 1 2 2 0 1 1 1 0 2 1 0 2 0 2 2 2 1 0
0.617471880009816 0.902009383789378 -0.453340602785582 -0.874578922204865 1.42283915390326 1 1 0 0 1 1 0 2 1 1 2 1 0 2 2 1 1 0 0 1 0 2 0 2 2 2 2 2 1 2 0 2 2 2 2 2 2 0 1 1 0 2 1 2 1 2 0 0 0 1 2 0 1 2 1 1 1 2 2 2 0 0 1 2 2 2 1 1 1 2 2 2 1 0 2 0 1 1 2 1 1 1 0 0 0 1 1 1 2 1 0 2 0 0 1 0 1 0 0 0 0 1 0 0 1 1 0 2 1 1 2 1 0 2 2 1 1 0 0 1 0 2 0 2 2 2 2 2 1 2 0 2 2 2 2 2 2 0 1 1 0 2 1 2 1 2 0 0 0 1 2 0 1 2 1 1 1 2 2 2 0 0 1 2 2 2 1 1 1 2 2 2 1 0 2 0 1 1 2 1 1 1 0 0 0 1 1 1 2 1 0 2 0 0 1 0 1 0 0 0 0
0.356023216265044 -0.990071687925486 -0.653861064156426 -1.42452276887651 -0.579787576050088 -1 1 0 0 1 1 0 0 2 0 2 1 0 1 2 2 1 0 0 0 0 1 1 2 2 1 2 2 0 1 0 2 2 1 1 1 0 1 1 0 0 2 2 1 1 2 1 0 0 1 2 0 1 2 2 1 1 2 2 1 1 0 0 2 2 2 2 0 0 0 0 0 1 0 2 0 1 1 2 2 2 1 0 1 1 1 0 0 0 0 0 2 1 1 2 1 1 0 0 2 2 -1 0 0 -1 -1 0 0 -2 0 -2 -1 0 -1 -2 -2 -1 0 0 0 0 -1 -1 -2 -2 -1 -2 -2 0 -1 0 -2 -2 -1 -1 -1 0 -1 -1 0 0 -2 -2 -1 -1 -2 -1 0 0 -1 -2 0 -1 -2 -2 -1 -1 -2 -2 -1 -1 0 0 -2 -2 -2 -2 0 0 0 0 0 -1 0 -2 0 -1 -1 -2 -2 -2 -1 0 -1 -1 -1 0 0 0 0 0 -2 -1 -1 -2 -1 -1 0 0 -2 -2
-0.394684323933244 -0.122581068228667 0.184833238189352 -0.562817040907084 0.206754637731608 -1 0 1 1 0 1 0 2 2 1 2 1 0 1 1 2 2 1 0 0 0 0 0 2 2 1 2 1 1 2 0 2 1 1 2 2 2 2 0 0 0 1 1 2 1 2 0 0 1 2 2 1 2 1 1 0 1 2 2 2 1 0 0 1 2 2 2 1 0 1 0 1 1 0 2 1 0 1 2 1 1 1 0 2 0 1 1 0 0 0 0 1 0 1 2 0 2 2 2 1 1 0 -1 -1 0 -1 0 -2 -2 -1 -2 -1 0 -1 -1 -2 -2 -1 0 0 0 0 0 -2 -2 -1 -2 -1 -1 -2 0 -2 -1 -1 -2 -2 -2 -2 0 0 0 -1 -1 -2 -1 -2 0 0 -1 -2 -2 -1 -2 -1 -1 0 -1 -2 -2 -2 -1 0 0 -1 -2 -2 -2 -1 0 -1 0 -1 -1 0 -2 -1 0 -1 -2 -1 -1 -1 0 -2 0 -1 -1 0 0 0 0 -1 0 -1 -2 0 -2 -2 -2 -1 -1
0.568990785203342 0.853491350870056 -0.0614768080732572 -2.1783827992429 -0.369477549455866 1 1 1 1 2 1 0 0 1 0 2 0 0 2 1 1 2 1 0 0 0 2 1 2 2 2 2 2 2 2 0 2 2 2 1 2 2 1 0 1 0 2 1 1 2 2 1 0 1 1 2 0 2 2 2 0 0 1 2 2 1 0 0 2 2 1 2 0 0 0 0 1 1 0 2 0 0 1 2 2 1 1 0 1 1 2 1 2 2 1 0 1 0 0 2 0 2 2 2 2 2 1 1 1 2 1 0 0 1 0 2 0 0 2 1 1 2 1 0 0 0 2 1 2 2 2 2 2 2 2 0 2 2 2 1 2 2 1 0 1 0 2 1 1 2 2 1 0 1 1 2 0 2 2 2 0 0 1 2 2 1 0 0 2 2 1 2 0 0 0 0 1 1 0 2 0 0 1 2 2 1 1 0 1 1 2 1 2 2 1 0 1 0 0 2 0 2 2 2 2 2
0.213059199526976 0.149581436542436 0.616600013012407 -0.0338813461659774 0.224144915390611 1 0 1 1 2 1 0 1 1 1 2 0 1 2 2 2 2 1 1 1 0 2 1 2 2 2 2 2 0 2 0 2 2 2 2 2 2 1 1 1 0 2 2 2 1 1 0 0 0 0 1 0 1 1 0 0 2 1 2 2 1 0 0 1 1 2 2 2 0 1 2 0 0 0 2 0 0 1 1 1 1 0 0 2 2 2 1 0 0 0 0 1 1 1 2 0 1 1 0 1 0 0 1 1 2 1 0 1 1 1 2 0 1 2 2 2 2 1 1 1 0 2 1 2 2 2 2 2 0 2 0 2 2 2 2 2 2 1 1 1 0 2 2 2 1 1 0 0 0 0 1 0 1 1 0 0 2 1 2 2 1 0 0 1 1 2 2 2 0 1 2 0 0 0 2 0 0 1 1 1 1 0 0 2 2 2 1 0 0 0 0 1 1 1 2 0 1 1 0 1 0
-1.05952195852855 1.08468373890256 -0.661853092200717 -0.962837194417035 0.521939154134778 -1 1 2 0 1 2 0 2 1 1 2 0 0 2 2 2 2 0 0 0 1 1 0 2 2 1 2 2 0 2 0 2 1 2 2 2 2 1 2 0 0 1 2 2 1 2 1 0 0 1 2 1 1 2 2 0 0 1 2 2 1 0 1 2 2 0 0 0 0 1 2 1 0 0 1 0 0 1 1 2 1 1 0 2 0 0 1 1 0 0 1 2 1 1 1 0 2 1 2 2 1 -1 -2 0 -1 -2 0 -2 -1 -1 -2 0 0 -2 -2 -2 -2 0 0 0 -1 -1 0 -2 -2 -1 -2 -2 0 -2 0 -2 -1 -2 -2 -2 -2 -1 -2 0 0 -1 -2 -2 -1 -2 -1 0 0 -1 -2 -1 -1 -2 -2 0 0 -1 -2 -2 -1 0 -1 -2 -2 0 0 0 0 -1 -2 -1 0 0 -1 0 0 -1 -1 -2 -1 -1 0 -2 0 0 -1 -1 0 0 -1 -2 -1 -1 -1 0 -2 -1 -2 -2 -1
-0.049119860482606 0.217705946110822 -1.11570480089725 -0.376554344169285 1.03569089333262 1 0 1 1 1 1 0 0 0 0 2 0 0 0 1 1 1 0 0 0 0 2 0 2 2 1 2 2 1 2 0 2 2 1 2 2 2 1 1 0 0 1 2 2 0 1 1 0 0 2 2 0 2 2 2 1 1 1 2 2 2 0 1 1 1 1 1 0 0 1 0 0 2 0 2 0 0 0 1 1 1 1 0 1 0 1 0 1 1 1 0 2 0 1 2 1 2 1 1 2 2 0 1 1 1 1 0 0 0 0 2 0 0 0 1 1 1 0 0 0 0 2 0 2 2 1 2 2 1 2 0 2 2 1 2 2 2 1 1 0 0 1 2 2 0 1 1 0 0 2 2 0 2 2 2 1 1 1 2 2 2 0 1 1 1 1 1 0 0 1 0 0 2 0 2 0 0 0 1 1 1 1 0 1 0 1 0 1 1 1 0 2 0 1 2 1 2 1 1 2 2
0.566096785427402 1.1022154299242 0.499733287707873 0.48180774707394 0.139926615042729 1 0 0 0 1 2 0 1 1 0 2 0 0 0 1 1 0 0 1 0 0 2 1 2 2 2 2 1 0 0 0 2 1 1 1 2 2 2 2 0 0 2 2 2 1 2 0 0 0 1 2 0 1 2 1 2 1 2 1 1 1 0 0 2 2 2 0 0 0 1 0 0 2 0 2 1 1 0 1 1 1 0 0 1 1 1 0 0 1 0 0 0 0 1 2 0 2 2 1 2 2 0 0 0 1 2 0 1 1 0 2 0 0 0 1 1 0 0 1 0 0 2 1 2 2 2 2 1 0 0 0 2 1 1 1 2 2 2 2 0 0 2 2 2 1 2 0 0 0 1 2 0 1 2 1 2 1 2 1 1 1 0 0 2 2 2 0 0 0 1 0 0 2 0 2 1 1 0 1 1 1 0 0 1 1 1 0 0 1 0 0 0 0 1 2 0 2 2 1 2 2
1.84770241303997 -1.04946533157655 1.26027912074588 -1.89124103786144 -0.472233006803912 1 0 0 0 1 0 0 1 1 1 2 0 0 1 2 2 2 1 1 0 0 1 0 2 2 0 1 2 1 2 0 2 2 1 2 2 1 2 2 1 0 2 2 2 2 2 0 0 1 2 2 0 2 2 2 0 1 2 2 2 0 0 0 1 0 0 0 0 1 2 2 1 2 0 2 2 2 1 1 1 1 0 0 1 1 1 0 1 0 1 0 1 0 0 2 0 1 1 2 2 2 0 0 0 1 0 0 1 1 1 2 0 0 1 2 2 2 1 1 0 0 1 0 2 2 0 1 2 1 2 0 2 2 1 2 2 1 2 2 1 0 2 2 2 2 2 0 0 1 2 2 0 2 2 2 0 1 2 2 2 0 0 0 1 0 0 0 0 1 2 2 1 2 0 2 2 2 1 1 1 1 0 0 1 1 1 0 1 0 1 0 1 0 0 2 0 1 1 2 2 2
1.02379723546789 -1.49657328989576 -1.23316873662118 1.49166192778532 -2.87342663931894 1 0 1 0 1 0 0 0 1 2 2 2 2 2 2 1 2 1 0 0 0 1 0 2 2 1 2 2 0 2 0 2 1 1 0 2 2 1 1 0 0 1 1 2 0 2 0 0 1 2 2 0 1 1 2 0 0 2 2 1 1 0 1 2 2 2 0 0 1 1 2 2 1 0 2 1 1 1 2 2 1 1 0 1 0 1 1 1 1 2 2 2 1 2 2 0 2 2 2 1 2 0 1 0 1 0 0 0 1 2 2 2 2 2 2 1 2 1 0 0 0 1 0 2 2 1 2 2 0 2 0 2 1 1 0 2 2 1 1 0 0 1 1 2 0 2 0 0 1 2 2 0 1 1 2 0 0 2 2 1 1 0 1 2 2 2 0 0 1 1 2 2 1 0 2 1 1 1 2 2 1 1 0 1 0 1 1 1 1 2 2 2 1 2 2 0 2 2 2 1 2
0.207578885694221 -0.361940904458896 -1.09466077377249 -0.943787116707242 0.105526244011464 -1 0 0 0 0 0 0 1 1 0 2 1 0 2 1 2 2 1 0 0 0 2 1 2 2 2 2 2 0 1 0 2 2 2 2 1 1 2 2 2 0 2 2 2 1 1 0 0 0 0 2 0 1 2 2 2 1 2 2 2 1 0 1 2 2 1 0 0 1 2 2 2 2 1 2 0 0 0 1 2 1 0 0 0 1 1 0 0 0 1 1 2 0 0 2 1 2 2 2 2 2 0 0 0 0 0 0 -1 -1 0 -2 -1 0 -2 -1 -2 -2 -1 0 0 0 -2 -1 -2 -2 -2 -2 -2 0 -1 0 -2 -2 -2 -2 -1 -1 -2 -2 -2 0 -2 -2 -2 -1 -1 0 0 0 0 -2 0 -1 -2 -2 -2 -1 -2 -2 -2 -1 0 -1 -2 -2 -1 0 0 -1 -2 -2 -2 -2 -1 -2 0 0 0 -1 -2 -1 0 0 0 -1 -1 0 0 0 -1 -1 -2 0 0 -2 -1 -2 -2 -2 -2 -2
1.62520985719743 1.84526886583436 -0.627989732882713 -0.174188462656078 0.0195097827877339 1 1 1 1 1 1 0 0 1 1 2 1 0 1 1 1 1 1 0 0 0 0 0 1 2 2 2 2 1 2 0 2 2 2 1 1 1 1 1 0 0 2 2 2 2 2 0 0 0 1 2 0 1 2 2 1 1 2 2 2 2 0 1 2 2 2 0 0 0 1 1 1 1 0 2 0 0 0 1 1 2 1 0 1 0 1 1 1 1 2 1 2 1 1 2 1 2 2 1 0 0 1 1 1 1 1 0 0 1 1 2 1 0 1 1 1 1 1 0 0 0 0 0 1 2 2 2 2 1 2 0 2 2 2 1 1 1 1 1 0 0 2 2 2 2 2 0 0 0 1 2 0 1 2 2 1 1 2 2 2 2 0 1 2 2 2 0 0 0 1 1 1 1 0 2 0 0 0 1 1 2 1 0 1 0 1 1 1 1 2 1 2 1 1 2 1 2 2 1 0 0
-0.593600161160373 0.0303751258797493 -0.34805480591485 1.15406874409273 0.0883166689099708 -1 0 0 0 0 1 0 0 2 1 2 0 0 1 1 1 1 2 2 1 0 2 0 1 2 2 2 2 0 2 0 2 2 2 1 2 2 1 1 0 0 2 1 2 1 1 0 0 1 2 2 0 1 1 1 0 0 1 2 1 1 0 0 1 2 2 0 0 1 1 1 0 0 0 2 2 1 0 1 0 1 1 0 0 1 2 1 0 0 0 1 2 1 2 2 0 1 2 1 1 1 0 0 0 0 -1 0 0 -2 -1 -2 0 0 -1 -1 -1 -1 -2 -2 -1 0 -2 0 -1 -2 -2 -2 -2 0 -2 0 -2 -2 -2 -1 -2 -2 -1 -1 0 0 -2 -1 -2 -1 -1 0 0 -1 -2 -2 0 -1 -1 -1 0 0 -1 -2 -1 -1 0 0 -1 -2 -2 0 0 -1 -1 -1 0 0 0 -2 -2 -1 0 -1 0 -1 -1 0 0 -1 -2 -1 0 0 0 -1 -2 -1 -2 -2 0 -1 -2 -1 -1 -1
-1.40863872029365 1.18011638746234 0.23190243011952 0.625684018831221 0.520046732830285 -1 0 0 0 0 1 0 0 0 1 2 0 0 1 1 2 2 1 0 0 0 2 1 2 2 2 2 2 1 2 0 2 1 2 1 2 2 2 2 1 0 1 2 2 2 1 0 0 0 0 2 0 1 2 2 1 1 2 2 2 2 0 1 2 2 1 1 1 1 2 1 1 1 0 2 0 0 1 1 1 1 1 0 1 0 2 0 0 1 2 0 1 0 0 2 0 2 1 2 1 1 0 0 0 0 -1 0 0 0 -1 -2 0 0 -1 -1 -2 -2 -1 0 0 0 -2 -1 -2 -2 -2 -2 -2 -1 -2 0 -2 -1 -2 -1 -2 -2 -2 -2 -1 0 -1 -2 -2 -2 -1 0 0 0 0 -2 0 -1 -2 -2 -1 -1 -2 -2 -2 -2 0 -1 -2 -2 -1 -1 -1 -1 -2 -1 -1 -1 0 -2 0 0 -1 -1 -1 -1 -1 0 -1 0 -2 0 0 -1 -2 0 -1 0 0 -2 0 -2 -1 -2 -1 -1
-0.545047508192294 -0.976728839348585 0.994569446052447 -1.67332517940868 0.380375395344675 -1 0 1 2 2 0 0 0 2 1 2 0 0 2 2 1 2 1 0 0 0 1 0 1 2 2 2 2 0 1 0 2 2 2 2 2 2 2 2 1 0 2 2 2 1 2 1 0 0 1 2 0 2 2 2 0 0 2 2 1 1 0 2 2 1 1 1 0 0 1 1 2 1 0 2 1 1 1 2 2 1 1 0 2 1 1 1 1 0 0 0 2 2 1 2 0 1 1 0 0 0 0 -1 -2 -2 0 0 0 -2 -1 -2 0 0 -2 -2 -1 -2 -1 0 0 0 -1 0 -1 -2 -2 -2 -2 0 -1 0 -2 -2 -2 -2 -2 -2 -2 -2 -1 0 -2 -2 -2 -1 -2 -1 0 0 -1 -2 0 -2 -2 -2 0 0 -2 -2 -1 -1 0 -2 -2 -1 -1 -1 0 0 -1 -1 -2 -1 0 -2 -1 -1 -1 -2 -2 -1 -1 0 -2 -1 -1 -1 -1 0 0 0 -2 -2 -1 -2 0 -1 -1 0 0 0
0.353179859798929 -1.94063896638325 -0.898957691407391 0.45561461982666 -0.157555254676816 -1 0 0 0 1 0 0 0 2 0 2 0 0 0 1 0 0 0 0 0 1 1 1 2 2 2 2 2 0 2 0 2 2 2 2 1 2 2 1 1 0 2 1 1 0 2 1 0 1 1 2 0 2 2 1 1 1 2 2 2 2 0 0 1 2 1 0 0 0 2 2 2 1 0 1 0 1 0 1 1 1 1 0 1 1 1 1 1 0 1 1 2 0 1 2 0 1 1 1 0 0 0 0 0 -1 0 0 0 -2 0 -2 0 0 0 -1 0 0 0 0 0 -1 -1 -1 -2 -2 -2 -2 -2 0 -2 0 -2 -2 -2 -2 -1 -2 -2 -1 -1 0 -2 -1 -1 0 -2 -1 0 -1 -1 -2 0 -2 -2 -1 -1 -1 -2 -2 -2 -2 0 0 -1 -2 -1 0 0 0 -2 -2 -2 -1 0 -1 0 -1 0 -1 -1 -1 -1 0 -1 -1 -1 -1 -1 0 -1 -1 -2 0 -1 -2 0 -1 -1 -1 0 0
2.39659743392202 -0.266033747089498 0.43352391354723 -0.190029999254297 1.32916038344791 -1 0 0 0 1 0 0 0 0 0 1 0 0 1 2 2 1 1 1 1 1 1 0 1 2 0 2 1 1 2 0 2 1 1 1 2 2 2 1 1 0 2 2 1 1 1 1 0 0 1 2 0 2 2 2 1 1 1 2 2 1 0 0 1 2 1 0 0 0 0 0 1 1 0 2 0 0 2 2 2 2 1 0 0 0 1 0 0 0 0 0 2 0 1 2 0 2 1 1 2 2 0 0 0 -1 0 0 0 0 0 -1 0 0 -1 -2 -2 -1 -1 -1 -1 -1 -1 0 -1 -2 0 -2 -1 -1 -2 0 -2 -1 -1 -1 -2 -2 -2 -1 -1 0 -2 -2 -1 -1 -1 -1 0 0 -1 -2 0 -2 -2 -2 -1 -1 -1 -2 -2 -1 0 0 -1 -2 -1 0 0 0 0 0 -1 -1 0 -2 0 0 -2 -2 -2 -2 -1 0 0 0 -1 0 0 0 0 0 -2 0 -1 -2 0 -2 -1 -1 -2 -2
0.290763952440183 -1.47108558483296 2.00965183739064 0.538312080346474 -0.544251008140031 1 0 2 1 1 2 0 1 1 0 2 0 0 1 0 1 2 1 1 0 0 2 0 2 2 2 2 2 2 2 0 2 2 2 2 2 2 1 1 0 0 1 1 1 0 1 0 0 0 2 2 0 2 2 2 0 2 2 2 2 2 0 2 2 2 2 2 1 0 2 1 0 2 0 2 1 0 0 2 2 2 2 0 2 2 2 0 0 1 1 2 2 0 0 2 0 2 2 2 2 2 0 2 1 1 2 0 1 1 0 2 0 0 1 0 1 2 1 1 0 0 2 0 2 2 2 2 2 2 2 0 2 2 2 2 2 2 1 1 0 0 1 1 1 0 1 0 0 0 2 2 0 2 2 2 0 2 2 2 2 2 0 2 2 2 2 2 1 0 2 1 0 2 0 2 1 0 0 2 2 2 2 0 2 2 2 0 0 1 1 2 2 0 0 2 0 2 2 2 2 2
1.35572670728537 0.674529107435813 -0.530836362754055 -0.146123295602852 -0.188518326024712 -1 0 0 0 1 1 0 2 2 2 2 2 1 2 2 2 1 0 0 1 0 0 0 1 2 1 2 1 1 2 0 2 2 2 1 2 1 1 2 1 0 2 2 2 1 1 0 0 0 1 2 0 2 2 2 0 0 1 2 2 1 0 1 0 2 2 0 0 1 0 1 1 2 0 2 0 0 0 0 0 0 0 0 1 1 2 0 1 1 2 1 2 1 0 2 0 2 2 2 2 0 0 0 0 -1 -1 0 -2 -2 -2 -2 -2 -1 -2 -2 -2 -1 0 0 -1 0 0 0 -1 -2 -1 -2 -1 -1 -2 0 -2 -2 -2 -1 -2 -1 -1 -2 -1 0 -2 -2 -2 -1 -1 0 0 0 -1 -2 0 -2 -2 -2 0 0 -1 -2 -2 -1 0 -1 0 -2 -2 0 0 -1 0 -1 -1 -2 0 -2 0 0 0 0 0 0 0 0 -1 -1 -2 0 -1 -1 -2 -1 -2 -1 0 -2 0 -2 -2 -2 -2 0
2.67635579684953 -0.608677333746048 0.928926070629672 -0.904684019787492 -1.93644251858819 1 0 0 1 1 1 0 0 0 1 2 0 0 2 2 2 2 2 1 0 0 1 0 2 2 2 2 2 1 1 0 2 2 2 2 2 2 2 2 1 0 2 2 1 0 0 0 0 0 0 1 0 1 2 2 0 1 2 2 2 2 0 1 1 2 1 0 0 0 1 2 1 1 0 2 0 1 2 1 1 0 1 0 2 1 2 0 0 0 1 0 1 0 0 2 0 2 2 0 0 0 0 0 1 1 1 0 0 0 1 2 0 0 2 2 2 2 2 1 0 0 1 0 2 2 2 2 2 1 1 0 2 2 2 2 2 2 2 2 1 0 2 2 1 0 0 0 0 0 0 1 0 1 2 2 0 1 2 2 2 2 0 1 1 2 1 0 0 0 1 2 1 1 0 2 0 1 2 1 1 0 1 0 2 1 2 0 0 0 1 0 1 0 0 2 0 2 2 0 0 0
1.25807840630985 0.352296939141439 -0.681476536059479 -0.265919177068193 0.197309343251696 -1 1 0 0 0 1 0 0 0 1 2 0 1 2 2 2 1 2 2 1 0 1 0 2 2 2 2 1 0 1 0 1 2 2 2 1 2 2 1 1 0 2 2 2 1 2 1 0 0 0 2 0 2 2 2 1 1 2 2 2 1 0 0 2 2 2 1 0 0 2 1 1 2 0 2 0 0 1 2 1 1 1 0 2 1 1 0 1 1 1 2 2 1 1 2 0 2 2 2 2 2 -1 0 0 0 -1 0 0 0 -1 -2 0 -1 -2 -2 -2 -1 -2 -2 -1 0 -1 0 -2 -2 -2 -2 -1 0 -1 0 -1 -2 -2 -2 -1 -2 -2 -1 -1 0 -2 -2 -2 -1 -2 -1 0 0 0 -2 0 -2 -2 -2 -1 -1 -2 -2 -2 -1 0 0 -2 -2 -2 -1 0 0 -2 -1 -1 -2 0 -2 0 0 -1 -2 -1 -1 -1 0 -2 -1 -1 0 -1 -1 -1 -2 -2 -1 -1 -2 0 -2 -2 -2 -2 -2
0.944991199466923 0.337407298820711 -0.121839381194651 -0.622065445754279 0.998997222112305 -1 0 1 0 1 0 0 1 2 1 2 0 0 1 1 1 2 0 0 0 0 1 0 1 2 0 1 1 0 1 0 2 2 2 2 1 2 1 1 0 0 2 1 2 1 1 0 0 0 0 2 0 1 2 1 0 0 0 2 1 1 0 0 1 1 1 0 0 2 2 1 1 0 0 2 1 0 1 2 2 1 0 0 2 0 1 1 1 1 1 0 1 0 0 2 0 1 1 2 2 0 0 -1 0 -1 0 0 -1 -2 -1 -2 0 0 -1 -1 -1 -2 0 0 0 0 -1 0 -1 -2 0 -1 -1 0 -1 0 -2 -2 -2 -2 -1 -2 -1 -1 0 0 -2 -1 -2 -1 -1 0 0 0 0 -2 0 -1 -2 -1 0 0 0 -2 -1 -1 0 0 -1 -1 -1 0 0 -2 -2 -1 -1 0 0 -2 -1 0 -1 -2 -2 -1 0 0 -2 0 -1 -1 -1 -1 -1 0 -1 0 0 -2 0 -1 -1 -2 -2 0
0.877005960826082 -0.950392502760085 0.554850633406907 -0.938725616262452 -0.731886796352379 1 0 0 0 0 0 0 1 1 2 2 2 1 1 1 1 1 0 0 0 0 2 1 1 2 1 2 0 0 2 0 2 2 2 2 2 2 1 1 1 0 2 2 2 2 1 0 0 0 0 2 0 1 2 2 1 0 1 2 1 0 0 0 1 1 1 0 0 0 1 1 1 2 0 2 0 2 2 2 2 2 1 0 1 1 1 1 1 1 1 1 0 0 0 1 0 2 2 2 2 2 0 0 0 0 0 0 1 1 2 2 2 1 1 1 1 1 0 0 0 0 2 1 1 2 1 2 0 0 2 0 2 2 2 2 2 2 1 1 1 0 2 2 2 2 1 0 0 0 0 2 0 1 2 2 1 0 1 2 1 0 0 0 1 1 1 0 0 0 1 1 1 2 0 2 0 2 2 2 2 2 1 0 1 1 1 1 1 1 1 1 0 0 0 1 0 2 2 2 2 2
-1.89063985323361 -2.74273696837485 -1.25306721467584 -0.028776494193583 -0.657277787581373 -1 0 0 0 1 0 0 0 0 0 1 0 1 1 1 1 2 0 0 0 0 1 0 2 2 1 2 1 0 2 0 2 2 1 0 0 1 2 2 1 0 2 2 1 0 0 0 0 0 0 2 0 2 2 2 0 0 2 2 2 2 0 2 2 1 0 0 1 0 1 1 2 2 0 2 0 2 1 2 1 0 1 0 2 2 2 0 1 0 0 0 2 0 0 1 0 2 2 1 1 1 0 0 0 -1 0 0 0 0 0 -1 0 -1 -1 -1 -1 -2 0 0 0 0 -1 0 -2 -2 -1 -2 -1 0 -2 0 -2 -2 -1 0 0 -1 -2 -2 -1 0 -2 -2 -1 0 0 0 0 0 0 -2 0 -2 -2 -2 0 0 -2 -2 -2 -2 0 -2 -2 -1 0 0 -1 0 -1 -1 -2 -2 0 -2 0 -2 -1 -2 -1 0 -1 0 -2 -2 -2 0 -1 0 0 0 -2 0 0 -1 0 -2 -2 -1 -1 -1
0.853507288675234 -1.29321094294764 1.21272199632615 1.16103185402304 -0.964574699619132 1 1 2 1 1 1 0 0 0 1 2 0 0 1 1 2 2 1 1 0 0 1 0 2 2 1 2 2 0 1 0 2 2 2 2 2 2 1 2 0 0 2 2 2 2 2 1 0 1 2 2 0 2 2 2 1 1 2 2 2 0 0 0 2 2 2 2 0 0 1 0 1 2 0 2 0 2 2 2 1 0 0 0 1 0 0 1 0 1 1 1 2 0 0 1 0 2 2 2 2 1 1 2 1 1 1 0 0 0 1 2 0 0 1 1 2 2 1 1 0 0 1 0 2 2 1 2 2 0 1 0 2 2 2 2 2 2 1 2 0 0 2 2 2 2 2 1 0 1 2 2 0 2 2 2 1 1 2 2 2 0 0 0 2 2 2 2 0 0 1 0 1 2 0 2 0 2 2 2 1 0 0 0 1 0 0 1 0 1 1 1 2 0 0 1 0 2 2 2 2 1
-1.01168367160141 -0.639831058553212 -0.894398224374298 -1.02526195469977 0.72740479015346 -1 1 1 1 1 1 0 1 1 1 2 0 0 1 1 1 1 1 1 1 1 0 0 1 2 0 2 2 0 1 0 2 1 2 1 1 1 0 1 1 0 2 2 2 1 1 1 0 0 1 2 0 2 2 2 0 1 1 2 1 2 0 0 2 1 0 0 0 2 2 1 1 2 1 2 0 1 2 1 1 2 1 1 1 1 2 0 2 0 1 0 1 0 0 1 0 2 1 1 2 0 -1 -1 -1 -1 -1 0 -1 -1 -1 -2 0 0 -1 -1 -1 -1 -1 -1 -1 -1 0 0 -1 -2 0 -2 -2 0 -1 0 -2 -1 -2 -1 -1 -1 0 -1 -1 0 -2 -2 -2 -1 -1 -1 0 0 -1 -2 0 -2 -2 -2 0 -1 -1 -2 -1 -2 0 0 -2 -1 0 0 0 -2 -2 -1 -1 -2 -1 -2 0 -1 -2 -1 -1 -2 -1 -1 -1 -1 -2 0 -2 0 -1 0 -1 0 0 -1 0 -2 -1 -1 -2 0
-0.249757324870038 -0.0642032756959688 1.13993729364937 0.698946163091058 0.534727636964638 1 0 0 1 1 0 0 0 0 0 2 1 0 2 1 1 2 0 1 0 0 1 0 2 2 2 2 2 1 1 0 2 2 2 2 2 2 2 1 1 0 1 2 1 2 2 2 0 0 2 2 0 1 2 2 1 0 1 2 1 1 0 0 1 1 1 0 0 0 1 2 2 1 0 2 0 1 2 2 2 1 0 1 2 2 2 0 0 0 0 0 1 0 0 1 0 2 0 1 1 0 0 0 1 1 0 0 0 0 0 2 1 0 2 1 1 2 0 1 0 0 1 0 2 2 2 2 2 1 1 0 2 2 2 2 2 2 2 1 1 0 1 2 1 2 2 2 0 0 2 2 0 1 2 2 1 0 1 2 1 1 0 0 1 1 1 0 0 0 1 2 2 1 0 2 0 1 2 2 2 1 0 1 2 2 2 0 0 0 0 0 1 0 0 1 0 2 0 1 1 0
-0.505311659493573 0.298258711249951 1.54011605633373 0.466872478486278 1.45831547980687 1 0 1 0 2 0 0 0 1 1 2 0 0 2 2 1 1 1 0 0 0 1 0 2 2 2 2 1 0 2 0 2 2 2 2 2 2 1 0 1 0 1 2 2 1 2 1 0 0 1 2 0 2 1 2 0 0 0 1 1 0 0 1 2 1 0 0 0 0 1 1 2 1 1 2 2 1 2 2 2 2 2 1 2 2 2 0 1 1 1 0 1 0 0 0 0 1 2 0 1 0 0 1 0 2 0 0 0 1 1 2 0 0 2 2 1 1 1 0 0 0 1 0 2 2 2 2 1 0 2 0 2 2 2 2 2 2 1 0 1 0 1 2 2 1 2 1 0 0 1 2 0 2 1 2 0 0 0 1 1 0 0 1 2 1 0 0 0 0 1 1 2 1 1 2 2 1 2 2 2 2 2 1 2 2 2 0 1 1 1 0 1 0 0 0 0 1 2 0 1 0
0.112332330127331 0.860680981540497 0.517150763108755 1.71117501680376 -0.0422634357276043 -1 0 0 0 1 1 0 0 1 1 2 0 0 2 2 2 2 1 2 1 0 2 0 0 2 1 2 1 0 1 0 2 2 2 2 1 1 2 2 1 0 2 2 2 1 0 0 0 0 2 2 1 2 2 2 1 0 2 2 1 0 0 0 1 1 0 0 0 0 1 1 1 1 0 1 0 0 1 1 0 1 2 1 1 0 2 0 1 2 0 0 2 0 0 2 1 2 2 1 2 2 0 0 0 -1 -1 0 0 -1 -1 -2 0 0 -2 -2 -2 -2 -1 -2 -1 0 -2 0 0 -2 -1 -2 -1 0 -1 0 -2 -2 -2 -2 -1 -1 -2 -2 -1 0 -2 -2 -2 -1 0 0 0 0 -2 -2 -1 -2 -2 -2 -1 0 -2 -2 -1 0 0 0 -1 -1 0 0 0 0 -1 -1 -1 -1 0 -1 0 0 -1 -1 0 -1 -2 -1 -1 0 -2 0 -1 -2 0 0 -2 0 0 -2 -1 -2 -2 -1 -2 -2
-0.792066904562487 0.232685606306889 1.22971897574562 0.315746279951812 1.12522378070065 1 1 1 1 0 1 0 2 2 2 2 0 0 2 2 2 1 0 2 0 0 2 1 2 2 2 2 2 1 2 0 2 2 2 2 2 2 1 2 1 1 2 2 2 1 1 0 0 0 1 2 0 2 2 2 0 1 2 2 2 0 0 0 1 1 1 0 0 0 1 1 1 1 0 2 0 1 2 2 0 1 1 0 2 1 1 0 1 1 1 1 2 0 0 2 0 2 2 1 2 2 1 1 1 0 1 0 2 2 2 2 0 0 2 2 2 1 0 2 0 0 2 1 2 2 2 2 2 1 2 0 2 2 2 2 2 2 1 2 1 1 2 2 2 1 1 0 0 0 1 2 0 2 2 2 0 1 2 2 2 0 0 0 1 1 1 0 0 0 1 1 1 1 0 2 0 1 2 2 0 1 1 0 2 1 1 0 1 1 1 1 2 0 0 2 0 2 2 1 2 2
1.42783199967302 0.0176491569333524 -1.05640245716671 1.26453264685227 -0.48762944613675 -1 0 0 1 2 1 0 0 0 2 2 1 1 2 2 2 1 0 0 0 0 0 0 1 2 2 2 2 0 2 0 2 1 2 2 2 2 1 2 2 0 2 2 2 2 1 0 0 0 1 2 1 1 2 2 0 1 2 2 2 2 0 0 2 2 2 1 2 1 2 1 1 2 0 2 1 1 1 2 2 1 1 1 2 1 2 1 1 1 0 0 1 0 0 1 0 2 2 2 2 1 0 0 -1 -2 -1 0 0 0 -2 -2 -1 -1 -2 -2 -2 -1 0 0 0 0 0 0 -1 -2 -2 -2 -2 0 -2 0 -2 -1 -2 -2 -2 -2 -1 -2 -2 0 -2 -2 -2 -2 -1 0 0 0 -1 -2 -1 -1 -2 -2 0 -1 -2 -2 -2 -2 0 0 -2 -2 -2 -1 -2 -1 -2 -1 -1 -2 0 -2 -1 -1 -1 -2 -2 -1 -1 -1 -2 -1 -2 -1 -1 -1 0 0 -1 0 0 -1 0 -2 -2 -2 -2 -1
0.932610275346019 -0.403772377765687 -1.61300810124651 0.994227229485845 -1.18633494494208 -1 0 0 1 2 1 0 1 1 0 2 1 0 1 1 1 0 0 0 0 0 2 0 2 2 2 2 2 0 2 0 2 2 1 1 2 1 1 1 0 0 2 2 2 2 1 0 0 0 0 2 0 2 2 2 0 0 0 1 2 0 0 0 1 1 1 1 0 1 2 2 2 1 0 2 0 1 0 1 1 0 0 0 1 1 1 1 2 2 1 1 2 0 0 1 0 2 2 0 1 0 0 0 -1 -2 -1 0 -1 -1 0 -2 -1 0 -1 -1 -1 0 0 0 0 0 -2 0 -2 -2 -2 -2 -2 0 -2 0 -2 -2 -1 -1 -2 -1 -1 -1 0 0 -2 -2 -2 -2 -1 0 0 0 0 -2 0 -2 -2 -2 0 0 0 -1 -2 0 0 0 -1 -1 -1 -1 0 -1 -2 -2 -2 -1 0 -2 0 -1 0 -1 -1 0 0 0 -1 -1 -1 -1 -2 -2 -1 -1 -2 0 0 -1 0 -2 -2 0 -1 0
-0.174038863295591 1.88260631579595 -0.754031537712786 -0.873899145280005 0.138374874842296 1 0 1 0 1 1 0 1 0 1 2 1 0 2 2 2 1 0 0 1 0 1 0 2 2 1 2 2 0 0 0 2 2 2 1 2 1 1 1 0 0 2 2 2 1 0 1 0 0 1 2 0 2 2 2 1 0 2 2 2 1 0 0 2 2 2 0 0 0 2 2 1 1 1 2 0 0 1 1 2 2 2 0 2 1 1 1 0 0 0 0 1 0 0 2 0 2 1 2 1 0 0 1 0 1 1 0 1 0 1 2 1 0 2 2 2 1 0 0 1 0 1 0 2 2 1 2 2 0 0 0 2 2 2 1 2 1 1 1 0 0 2 2 2 1 0 1 0 0 1 2 0 2 2 2 1 0 2 2 2 1 0 0 2 2 2 0 0 0 2 2 1 1 1 2 0 0 1 1 2 2 2 0 2 1 1 1 0 0 0 0 1 0 0 2 0 2 1 2 1 0
-1.6552393759787 1.30255526213263 0.157797300863181 0.652640662261429 0.197508007791016 -1 0 0 0 0 0 0 1 0 0 1 0 0 2 1 2 1 0 0 0 0 1 0 2 2 2 2 1 0 1 0 2 2 1 2 2 2 2 2 1 0 2 2 2 2 2 0 0 0 1 2 0 0 2 2 1 1 2 2 2 2 0 1 1 1 0 0 0 0 1 1 1 2 0 2 0 1 2 1 2 1 1 0 2 1 2 1 1 1 1 0 2 0 0 2 0 2 2 1 1 0 0 0 0 0 0 0 -1 0 0 -1 0 0 -2 -1 -2 -1 0 0 0 0 -1 0 -2 -2 -2 -2 -1 0 -1 0 -2 -2 -1 -2 -2 -2 -2 -2 -1 0 -2 -2 -2 -2 -2 0 0 0 -1 -2 0 0 -2 -2 -1 -1 -2 -2 -2 -2 0 -1 -1 -1 0 0 0 0 -1 -1 -1 -2 0 -2 0 -1 -2 -1 -2 -1 -1 0 -2 -1 -2 -1 -1 -1 -1 0 -2 0 0 -2 0 -2 -2 -1 -1 0
0.0398599028027787 0.481635022340976 0.549472984953892 1.92135370803966 0.490232366497297 -1 0 1 1 1 0 0 0 1 0 2 0 0 0 1 2 1 0 0 0 0 1 0 1 2 2 2 1 0 2 0 2 2 2 2 1 2 1 1 1 0 2 1 2 2 2 0 0 0 2 2 0 1 2 2 1 0 0 2 2 1 0 0 1 2 2 2 1 0 0 0 1 1 0 2 0 1 1 2 1 1 1 0 1 0 1 1 1 0 1 0 1 0 0 2 0 2 2 2 2 1 0 -1 -1 -1 0 0 0 -1 0 -2 0 0 0 -1 -2 -1 0 0 0 0 -1 0 -1 -2 -2 -2 -1 0 -2 0 -2 -2 -2 -2 -1 -2 -1 -1 -1 0 -2 -1 -2 -2 -2 0 0 0 -2 -2 0 -1 -2 -2 -1 0 0 -2 -2 -1 0 0 -1 -2 -2 -2 -1 0 0 0 -1 -1 0 -2 0 -1 -1 -2 -1 -1 -1 0 -1 0 -1 -1 -1 0 -1 0 -1 0 0 -2 0 -2 -2 -2 -2 -1
-0.542501152711472 1.0933234935049 1.31955397383057 0.697291490476011 -2.28380762473302 -1 0 0 0 1 1 0 0 1 1 2 0 1 2 2 2 1 1 0 0 0 1 0 2 2 1 1 1 0 2 0 2 2 2 2 2 2 1 0 0 0 1 1 2 1 2 0 0 1 2 2 1 2 2 2 0 2 2 2 2 2 0 0 0 1 1 0 0 1 1 1 0 2 0 2 1 0 0 1 1 1 0 0 2 1 2 0 0 0 1 0 1 0 0 2 0 2 2 2 2 1 0 0 0 -1 -1 0 0 -1 -1 -2 0 -1 -2 -2 -2 -1 -1 0 0 0 -1 0 -2 -2 -1 -1 -1 0 -2 0 -2 -2 -2 -2 -2 -2 -1 0 0 0 -1 -1 -2 -1 -2 0 0 -1 -2 -2 -1 -2 -2 -2 0 -2 -2 -2 -2 -2 0 0 0 -1 -1 0 0 -1 -1 -1 0 -2 0 -2 -1 0 0 -1 -1 -1 0 0 -2 -1 -2 0 0 0 -1 0 -1 0 0 -2 0 -2 -2 -2 -2 -1
0.224661650973906 -0.180308440853695 -0.480167096185865 -0.189153851173778 2.28210079194129 -1 0 0 1 0 0 0 1 1 1 2 1 0 1 2 1 0 0 0 0 0 2 0 1 2 0 1 1 0 2 0 2 2 2 2 2 2 1 1 1 0 1 1 1 0 2 0 0 1 1 2 0 2 2 2 0 1 2 2 2 1 0 0 1 2 2 0 0 0 1 1 0 1 0 2 1 1 1 2 1 0 0 0 1 1 2 1 0 0 0 0 2 1 1 2 1 2 2 2 2 1 0 0 -1 0 0 0 -1 -1 -1 -2 -1 0 -1 -2 -1 0 0 0 0 0 -2 0 -1 -2 0 -1 -1 0 -2 0 -2 -2 -2 -2 -2 -2 -1 -1 -1 0 -1 -1 -1 0 -2 0 0 -1 -1 -2 0 -2 -2 -2 0 -1 -2 -2 -2 -1 0 0 -1 -2 -2 0 0 0 -1 -1 0 -1 0 -2 -1 -1 -1 -2 -1 0 0 0 -1 -1 -2 -1 0 0 0 0 -2 -1 -1 -2 -1 -2 -2 -2 -2 -1
0.048876477928787 -0.835899144180338 1.12563518502662 -1.22493678145719 -0.209582684870209 -1 0 1 0 0 1 0 0 0 1 2 0 0 1 1 2 1 1 0 0 0 0 1 2 2 2 2 2 0 2 0 2 2 2 2 2 2 1 1 0 0 2 2 2 1 1 1 0 1 0 2 0 1 2 1 0 0 0 2 2 1 0 0 2 2 1 0 1 0 1 0 0 2 0 2 0 2 1 2 1 0 0 0 1 1 1 2 1 2 1 1 2 0 0 2 0 2 2 1 0 2 0 -1 0 0 -1 0 0 0 -1 -2 0 0 -1 -1 -2 -1 -1 0 0 0 0 -1 -2 -2 -2 -2 -2 0 -2 0 -2 -2 -2 -2 -2 -2 -1 -1 0 0 -2 -2 -2 -1 -1 -1 0 -1 0 -2 0 -1 -2 -1 0 0 0 -2 -2 -1 0 0 -2 -2 -1 0 -1 0 -1 0 0 -2 0 -2 0 -2 -1 -2 -1 0 0 0 -1 -1 -1 -2 -1 -2 -1 -1 -2 0 0 -2 0 -2 -2 -1 0 -2
-0.592662821624578 0.98632866379862 1.56466070883724 0.0676251150079266 -1.26696079947645 -1 0 0 0 1 1 0 2 2 2 2 0 0 2 2 1 0 0 0 1 0 0 0 2 2 2 2 2 1 2 0 2 2 2 2 2 2 1 1 1 0 2 2 2 2 0 0 0 1 0 2 0 2 1 2 1 1 2 2 2 1 0 0 2 1 1 0 0 0 1 0 1 1 0 2 0 0 0 0 0 1 1 0 2 2 1 0 0 0 0 0 2 1 0 2 0 2 2 2 2 1 0 0 0 -1 -1 0 -2 -2 -2 -2 0 0 -2 -2 -1 0 0 0 -1 0 0 0 -2 -2 -2 -2 -2 -1 -2 0 -2 -2 -2 -2 -2 -2 -1 -1 -1 0 -2 -2 -2 -2 0 0 0 -1 0 -2 0 -2 -1 -2 -1 -1 -2 -2 -2 -1 0 0 -2 -1 -1 0 0 0 -1 0 -1 -1 0 -2 0 0 0 0 0 -1 -1 0 -2 -2 -1 0 0 0 0 0 -2 -1 0 -2 0 -2 -2 -2 -2 -1
-0.931209668831603 -0.450532927023474 1.23106381202261 -1.09830654951029 -0.145775568630341 -1 0 0 0 1 1 0 0 0 0 2 1 0 1 2 1 2 1 1 0 0 1 0 1 2 2 1 1 0 2 0 2 2 2 1 2 1 2 1 0 0 1 1 2 2 2 0 0 0 1 2 0 1 2 2 0 1 2 2 2 1 0 1 1 1 0 0 0 0 2 1 1 2 0 2 0 1 2 2 1 1 2 0 2 2 1 2 2 1 0 0 2 2 2 2 1 2 2 1 2 0 0 0 0 -1 -1 0 0 0 0 -2 -1 0 -1 -2 -1 -2 -1 -1 0 0 -1 0 -1 -2 -2 -1 -1 0 -2 0 -2 -2 -2 -1 -2 -1 -2 -1 0 0 -1 -1 -2 -2 -2 0 0 0 -1 -2 0 -1 -2 -2 0 -1 -2 -2 -2 -1 0 -1 -1 -1 0 0 0 0 -2 -1 -1 -2 0 -2 0 -1 -2 -2 -1 -1 -2 0 -2 -2 -1 -2 -2 -1 0 0 -2 -2 -2 -2 -1 -2 -2 -1 -2 0
1.30449389712761 -1.30303915552933 1.91707271879919 -0.260936664741608 0.42501389198199 1 0 1 0 1 0 0 1 0 0 2 0 0 2 2 2 1 0 1 0 0 0 0 1 2 1 2 1 0 1 0 2 1 2 2 2 2 1 0 0 0 2 1 1 1 0 0 0 0 2 2 0 1 2 1 0 0 1 2 2 1 0 0 0 0 1 0 0 1 1 0 1 1 0 2 1 2 2 2 1 1 1 0 1 0 1 0 0 0 0 0 1 1 0 1 0 2 2 1 2 2 0 1 0 1 0 0 1 0 0 2 0 0 2 2 2 1 0 1 0 0 0 0 1 2 1 2 1 0 1 0 2 1 2 2 2 2 1 0 0 0 2 1 1 1 0 0 0 0 2 2 0 1 2 1 0 0 1 2 2 1 0 0 0 0 1 0 0 1 1 0 1 1 0 2 1 2 2 2 1 1 1 0 1 0 1 0 0 0 0 0 1 1 0 1 0 2 2 1 2 2
-1.96832011961591 1.33328456746415 0.279087526702872 -1.06572046915438 -0.210811836913034 -1 0 0 0 0 0 0 0 0 0 2 0 0 1 1 2 2 0 0 0 0 1 0 1 2 2 2 2 0 1 0 2 2 1 2 2 2 1 1 0 0 1 1 0 1 2 1 0 0 0 2 0 2 2 2 0 2 2 2 2 2 0 2 2 1 0 0 0 0 1 1 1 1 0 2 0 0 2 1 1 0 1 0 1 1 1 1 1 0 0 0 2 1 1 2 0 2 2 2 2 0 0 0 0 0 0 0 0 0 0 -2 0 0 -1 -1 -2 -2 0 0 0 0 -1 0 -1 -2 -2 -2 -2 0 -1 0 -2 -2 -1 -2 -2 -2 -1 -1 0 0 -1 -1 0 -1 -2 -1 0 0 0 -2 0 -2 -2 -2 0 -2 -2 -2 -2 -2 0 -2 -2 -1 0 0 0 0 -1 -1 -1 -1 0 -2 0 0 -2 -1 -1 0 -1 0 -1 -1 -1 -1 -1 0 0 0 -2 -1 -1 -2 0 -2 -2 -2 -2 0
-0.170129742145477 0.658447108289072 0.30495342434673 -0.174928126848122 1.592288847127 1 0 0 0 2 1 0 1 0 2 2 1 0 2 2 2 2 1 1 0 0 1 0 2 2 1 2 1 0 0 0 1 1 2 2 2 1 1 0 0 0 1 2 1 0 1 0 0 0 1 2 0 1 2 1 0 0 1 2 0 0 0 1 1 0 0 0 0 1 2 2 1 1 1 2 1 1 2 2 2 2 2 0 2 2 2 0 0 1 1 0 1 0 1 2 0 2 2 1 2 1 0 0 0 2 1 0 1 0 2 2 1 0 2 2 2 2 1 1 0 0 1 0 2 2 1 2 1 0 0 0 1 1 2 2 2 1 1 0 0 0 1 2 1 0 1 0 0 0 1 2 0 1 2 1 0 0 1 2 0 0 0 1 1 0 0 0 0 1 2 2 1 1 1 2 1 1 2 2 2 2 2 0 2 2 2 0 0 1 1 0 1 0 1 2 0 2 2 1 2 1
-1.48365991350189 0.74842152008114 1.24917240760481 0.920295128764738 1.16615649365987 -1 0 0 1 0 2 0 0 0 2 2 0 0 2 2 2 1 0 0 0 0 1 0 2 2 1 2 0 0 2 0 2 2 2 2 2 2 2 2 1 0 2 2 2 1 1 0 0 0 1 2 1 2 2 2 0 1 2 2 2 2 0 2 2 1 2 1 0 0 2 1 1 2 0 2 0 1 1 2 1 1 2 0 2 2 2 2 1 0 1 0 1 0 0 2 0 1 1 0 0 0 0 0 -1 0 -2 0 0 0 -2 -2 0 0 -2 -2 -2 -1 0 0 0 0 -1 0 -2 -2 -1 -2 0 0 -2 0 -2 -2 -2 -2 -2 -2 -2 -2 -1 0 -2 -2 -2 -1 -1 0 0 0 -1 -2 -1 -2 -2 -2 0 -1 -2 -2 -2 -2 0 -2 -2 -1 -2 -1 0 0 -2 -1 -1 -2 0 -2 0 -1 -1 -2 -1 -1 -2 0 -2 -2 -2 -2 -1 0 -1 0 -1 0 0 -2 0 -1 -1 0 0 0
-0.0068228075845184 0.0857196704362764 0.541513141528954 -1.28495031714404 -0.175026170144173 1 0 0 0 1 1 0 0 1 0 2 0 0 2 2 2 1 0 0 0 0 2 0 2 2 2 2 1 0 2 0 2 1 2 2 2 2 1 0 0 0 0 0 1 1 0 0 0 0 1 2 0 2 2 2 1 1 2 2 1 1 0 1 2 2 2 1 0 0 1 1 1 1 0 2 0 1 1 1 1 0 0 0 2 1 2 1 1 0 0 0 1 0 0 2 0 2 2 2 2 1 0 0 0 1 1 0 0 1 0 2 0 0 2 2 2 1 0 0 0 0 2 0 2 2 2 2 1 0 2 0 2 1 2 2 2 2 1 0 0 0 0 0 1 1 0 0 0 0 1 2 0 2 2 2 1 1 2 2 1 1 0 1 2 2 2 1 0 0 1 1 1 1 0 2 0 1 1 1 1 0 0 0 2 1 2 1 1 0 0 0 1 0 0 2 0 2 2 2 2 1
1.24370717668858 1.40218821893442 0.989523165192011 -0.684814173330334 -0.962135716051122 -1 0 1 0 1 0 0 0 0 1 2 0 0 1 2 2 2 1 0 1 0 2 0 2 2 2 2 1 0 2 0 2 2 2 2 2 2 1 1 0 0 2 1 0 0 0 0 0 1 0 2 0 2 2 2 0 1 1 2 2 0 0 0 2 2 1 0 0 0 1 1 0 2 0 2 1 1 1 1 1 0 1 0 1 1 2 0 0 0 0 0 2 0 0 1 0 2 1 2 2 2 0 -1 0 -1 0 0 0 0 -1 -2 0 0 -1 -2 -2 -2 -1 0 -1 0 -2 0 -2 -2 -2 -2 -1 0 -2 0 -2 -2 -2 -2 -2 -2 -1 -1 0 0 -2 -1 0 0 0 0 0 -1 0 -2 0 -2 -2 -2 0 -1 -1 -2 -2 0 0 0 -2 -2 -1 0 0 0 -1 -1 0 -2 0 -2 -1 -1 -1 -1 -1 0 -1 0 -1 -1 -2 0 0 0 0 0 -2 0 0 -1 0 -2 -1 -2 -2 -2
1.59165170263094 0.440714899577239 -0.0579269789144494 1.40627224480975 -0.270070359045433 -1 0 0 0 0 1 0 1 1 0 1 0 0 2 2 2 1 1 1 1 1 1 0 1 2 2 2 1 0 1 0 2 2 2 2 2 2 2 1 0 0 2 1 1 0 0 0 0 1 2 2 0 0 2 2 1 2 1 2 2 0 0 1 1 1 0 1 0 0 2 1 1 1 0 2 0 1 1 0 1 0 0 0 2 1 1 0 0 0 0 0 2 0 0 2 0 1 1 1 1 1 0 0 0 0 -1 0 -1 -1 0 -1 0 0 -2 -2 -2 -1 -1 -1 -1 -1 -1 0 -1 -2 -2 -2 -1 0 -1 0 -2 -2 -2 -2 -2 -2 -2 -1 0 0 -2 -1 -1 0 0 0 0 -1 -2 -2 0 0 -2 -2 -1 -2 -1 -2 -2 0 0 -1 -1 -1 0 -1 0 0 -2 -1 -1 -1 0 -2 0 -1 -1 0 -1 0 0 0 -2 -1 -1 0 0 0 0 0 -2 0 0 -2 0 -1 -1 -1 -1 -1
0.0280652093363011 -1.67774189826329 -0.551498053702648 -1.03775657533492 -1.12137009666402 1 0 0 1 1 0 0 0 1 1 2 0 0 2 2 2 2 1 1 0 1 2 1 2 2 1 2 0 0 1 0 2 0 1 1 2 2 2 2 2 0 2 2 1 1 2 1 0 1 1 2 0 2 1 2 1 1 1 2 2 0 0 1 2 2 2 1 1 0 2 0 0 2 1 2 0 1 1 1 2 2 2 0 1 1 2 1 2 1 0 0 1 0 0 2 0 2 2 1 1 0 0 0 1 1 0 0 0 1 1 2 0 0 2 2 2 2 1 1 0 1 2 1 2 2 1 2 0 0 1 0 2 0 1 1 2 2 2 2 2 0 2 2 1 1 2 1 0 1 1 2 0 2 1 2 1 1 1 2 2 0 0 1 2 2 2 1 1 0 2 0 0 2 1 2 0 1 1 1 2 2 2 0 1 1 2 1 2 1 0 0 1 0 0 2 0 2 2 1 1 0
-0.693764406541368 0.97422518715741 1.87539497248292 -1.0952637207314 -0.272213519695529 1 0 0 1 1 1 0 1 1 1 2 0 1 2 2 2 2 1 1 1 1 2 1 1 2 0 2 0 0 1 0 2 2 1 1 1 1 1 2 1 0 2 2 2 1 1 0 0 1 1 2 1 2 2 1 0 0 0 2 1 0 0 2 1 2 2 1 0 0 2 2 2 0 0 2 0 0 0 0 1 1 1 0 1 2 2 0 0 0 0 0 2 1 1 2 1 1 1 1 2 1 0 0 1 1 1 0 1 1 1 2 0 1 2 2 2 2 1 1 1 1 2 1 1 2 0 2 0 0 1 0 2 2 1 1 1 1 1 2 1 0 2 2 2 1 1 0 0 1 1 2 1 2 2 1 0 0 0 2 1 0 0 2 1 2 2 1 0 0 2 2 2 0 0 2 0 0 0 0 1 1 1 0 1 2 2 0 0 0 0 0 2 1 1 2 1 1 1 1 2 1
-0.966626127083963 1.19069767047858 0.707219908378224 -0.477263516105132 -0.101941945885809 -1 0 0 0 0 1 0 0 1 0 2 1 0 2 2 2 2 1 0 0 0 2 1 2 2 1 2 2 0 2 1 2 2 1 1 0 2 1 1 1 0 2 2 1 1 2 2 0 0 1 2 0 2 2 2 0 1 1 2 0 0 0 1 2 0 0 1 0 0 2 2 2 1 0 1 0 1 2 2 2 1 1 0 0 0 2 1 0 0 0 0 1 0 0 2 0 2 2 1 0 1 0 0 0 0 -1 0 0 -1 0 -2 -1 0 -2 -2 -2 -2 -1 0 0 0 -2 -1 -2 -2 -1 -2 -2 0 -2 -1 -2 -2 -1 -1 0 -2 -1 -1 -1 0 -2 -2 -1 -1 -2 -2 0 0 -1 -2 0 -2 -2 -2 0 -1 -1 -2 0 0 0 -1 -2 0 0 -1 0 0 -2 -2 -2 -1 0 -1 0 -1 -2 -2 -2 -1 -1 0 0 0 -2 -1 0 0 0 0 -1 0 0 -2 0 -2 -2 -1 0 -1
-1.4265982568616 0.399035684874139 0.141065156298583 -0.0720481070889592 2.90221247986572 1 0 0 0 0 1 0 0 1 1 2 0 0 1 1 1 1 1 0 0 0 1 1 2 2 1 2 2 0 1 0 1 2 2 2 2 2 1 0 0 0 0 0 1 1 0 0 0 0 2 2 0 2 2 1 1 1 0 2 2 2 0 0 1 1 0 0 1 0 1 1 2 1 0 2 0 0 2 1 2 1 2 0 0 0 2 1 1 1 0 0 2 0 0 1 0 2 2 2 2 1 0 0 0 0 1 0 0 1 1 2 0 0 1 1 1 1 1 0 0 0 1 1 2 2 1 2 2 0 1 0 1 2 2 2 2 2 1 0 0 0 0 0 1 1 0 0 0 0 2 2 0 2 2 1 1 1 0 2 2 2 0 0 1 1 0 0 1 0 1 1 2 1 0 2 0 0 2 1 2 1 2 0 0 0 2 1 1 1 0 0 2 0 0 1 0 2 2 2 2 1
0.797089340909974 -1.53845091736497 1.35705241044012 0.0189234214030696 -0.151322823271356 -1 0 1 0 0 1 0 1 1 1 2 0 0 2 1 2 1 0 0 0 0 1 0 2 2 2 2 1 0 1 0 2 2 2 1 2 2 2 2 1 0 2 2 2 0 1 0 0 0 1 2 0 2 2 2 0 1 2 2 2 1 0 2 1 2 1 1 0 0 2 2 2 1 0 2 0 0 2 2 1 2 2 0 1 0 1 0 0 0 1 1 2 0 0 1 0 1 2 2 2 0 0 -1 0 0 -1 0 -1 -1 -1 -2 0 0 -2 -1 -2 -1 0 0 0 0 -1 0 -2 -2 -2 -2 -1 0 -1 0 -2 -2 -2 -1 -2 -2 -2 -2 -1 0 -2 -2 -2 0 -1 0 0 0 -1 -2 0 -2 -2 -2 0 -1 -2 -2 -2 -1 0 -2 -1 -2 -1 -1 0 0 -2 -2 -2 -1 0 -2 0 0 -2 -2 -1 -2 -2 0 -1 0 -1 0 0 0 -1 -1 -2 0 0 -1 0 -1 -2 -2 -2 0
0.512944768728448 -0.185797489604452 -0.473175942958057 2.07206579791615 -1.21102539440463 1 0 0 0 2 1 0 0 1 0 2 1 1 1 1 2 1 1 0 0 0 2 1 2 2 1 2 2 1 2 1 2 2 2 2 2 2 2 1 1 0 2 2 2 2 2 0 0 1 0 2 0 1 2 1 2 1 1 2 2 1 0 1 2 2 1 1 1 0 2 2 2 2 0 2 0 0 1 1 1 0 2 0 2 2 1 0 1 0 0 0 1 0 0 1 0 2 2 1 1 1 0 0 0 2 1 0 0 1 0 2 1 1 1 1 2 1 1 0 0 0 2 1 2 2 1 2 2 1 2 1 2 2 2 2 2 2 2 1 1 0 2 2 2 2 2 0 0 1 0 2 0 1 2 1 2 1 1 2 2 1 0 1 2 2 1 1 1 0 2 2 2 2 0 2 0 0 1 1 1 0 2 0 2 2 1 0 1 0 0 0 1 0 0 1 0 2 2 1 1 1
-0.696876757755646 0.299510552405991 0.0949981653412935 0.423469761685496 -1.10978275980004 -1 1 1 0 1 0 0 0 0 0 2 0 0 1 0 1 1 0 0 0 0 2 0 2 2 2 2 2 1 2 0 2 1 2 2 2 2 1 1 0 0 2 2 2 2 2 1 1 1 1 2 0 2 2 2 0 1 1 2 2 0 0 0 1 2 0 0 0 1 0 1 2 0 0 2 1 1 2 2 2 2 2 0 2 1 1 0 1 0 0 0 1 0 0 2 0 1 1 1 2 1 -1 -1 0 -1 0 0 0 0 0 -2 0 0 -1 0 -1 -1 0 0 0 0 -2 0 -2 -2 -2 -2 -2 -1 -2 0 -2 -1 -2 -2 -2 -2 -1 -1 0 0 -2 -2 -2 -2 -2 -1 -1 -1 -1 -2 0 -2 -2 -2 0 -1 -1 -2 -2 0 0 0 -1 -2 0 0 0 -1 0 -1 -2 0 0 -2 -1 -1 -2 -2 -2 -2 -2 0 -2 -1 -1 0 -1 0 0 0 -1 0 0 -2 0 -1 -1 -1 -2 -1
1.37049183119372 0.453698853472801 1.50240297434708 -0.366583947758137 -1.14741916384691 1 0 1 0 1 1 0 1 1 1 2 0 0 0 1 1 0 1 0 0 0 2 0 2 2 2 2 2 0 2 0 2 0 1 2 2 2 2 1 2 0 2 2 2 2 1 0 0 0 1 2 0 1 1 1 0 0 1 2 1 1 0 0 2 2 2 1 0 0 1 0 1 2 0 2 0 0 1 2 2 2 2 0 2 1 1 0 1 2 1 0 0 0 1 2 0 2 1 1 1 1 0 1 0 1 1 0 1 1 1 2 0 0 0 1 1 0 1 0 0 0 2 0 2 2 2 2 2 0 2 0 2 0 1 2 2 2 2 1 2 0 2 2 2 2 1 0 0 0 1 2 0 1 1 1 0 0 1 2 1 1 0 0 2 2 2 1 0 0 1 0 1 2 0 2 0 0 1 2 2 2 2 0 2 1 1 0 1 2 1 0 0 0 1 2 0 2 1 1 1 1
0.115877810079546 -0.920269562095036 -1.08506808105535 0.0913902572005239 -0.0988192769133518 -1 0 0 0 0 1 0 0 0 0 2 1 2 2 2 2 2 0 0 0 0 2 0 1 2 2 2 1 0 1 0 1 2 2 2 2 2 2 1 1 0 2 1 2 1 1 0 0 0 1 2 0 1 1 2 0 0 1 2 2 1 0 0 1 1 1 0 1 1 2 1 1 1 0 2 0 2 2 2 2 0 1 0 2 1 1 0 1 1 0 0 2 0 1 2 0 2 2 1 1 1 0 0 0 0 -1 0 0 0 0 -2 -1 -2 -2 -2 -2 -2 0 0 0 0 -2 0 -1 -2 -2 -2 -1 0 -1 0 -1 -2 -2 -2 -2 -2 -2 -1 -1 0 -2 -1 -2 -1 -1 0 0 0 -1 -2 0 -1 -1 -2 0 0 -1 -2 -2 -1 0 0 -1 -1 -1 0 -1 -1 -2 -1 -1 -1 0 -2 0 -2 -2 -2 -2 0 -1 0 -2 -1 -1 0 -1 -1 0 0 -2 0 -1 -2 0 -2 -2 -1 -1 -1
0.239036821964261 1.33040410345965 0.866229136745118 0.880972068075835 -0.790857307958749 -1 0 0 0 1 1 0 0 0 1 2 0 0 1 1 1 1 2 1 0 0 1 0 2 2 2 2 1 0 1 0 2 2 2 2 2 2 2 1 0 0 2 2 1 1 0 1 0 1 1 2 0 1 2 2 0 0 0 1 2 1 0 1 2 2 1 0 0 1 1 1 1 2 1 2 0 1 1 2 2 1 1 0 2 2 2 0 0 1 0 0 1 0 0 2 0 2 2 2 1 1 0 0 0 -1 -1 0 0 0 -1 -2 0 0 -1 -1 -1 -1 -2 -1 0 0 -1 0 -2 -2 -2 -2 -1 0 -1 0 -2 -2 -2 -2 -2 -2 -2 -1 0 0 -2 -2 -1 -1 0 -1 0 -1 -1 -2 0 -1 -2 -2 0 0 0 -1 -2 -1 0 -1 -2 -2 -1 0 0 -1 -1 -1 -1 -2 -1 -2 0 -1 -1 -2 -2 -1 -1 0 -2 -2 -2 0 0 -1 0 0 -1 0 0 -2 0 -2 -2 -2 -1 -1
-0.161543869995736 1.17742143169725 -0.194274603128736 -0.409011511535992 0.377846159670341 1 0 0 0 2 1 0 2 1 1 2 1 0 1 1 2 2 2 2 1 0 2 0 2 2 2 2 2 0 2 0 2 1 2 2 2 2 2 2 2 0 2 2 2 2 2 1 0 1 1 2 0 1 2 2 1 1 2 2 2 0 0 1 1 1 2 1 1 0 1 2 1 2 1 2 0 0 1 2 2 1 1 0 0 0 2 0 0 0 0 1 2 1 1 2 0 2 2 2 1 0 0 0 0 2 1 0 2 1 1 2 1 0 1 1 2 2 2 2 1 0 2 0 2 2 2 2 2 0 2 0 2 1 2 2 2 2 2 2 2 0 2 2 2 2 2 1 0 1 1 2 0 1 2 2 1 1 2 2 2 0 0 1 1 1 2 1 1 0 1 2 1 2 1 2 0 0 1 2 2 1 1 0 0 0 2 0 0 0 0 1 2 1 1 2 0 2 2 2 1 0
-0.969414483088893 -0.0941816342219653 -0.995151711283363 1.15962358458826 -1.08228011526009 1 0 2 0 1 1 1 2 2 2 2 0 0 2 2 1 2 1 1 0 0 2 0 2 2 1 2 1 0 1 0 2 1 1 1 2 2 1 2 1 0 2 2 2 2 2 0 0 1 2 2 0 2 2 2 1 1 2 2 2 0 0 1 1 1 1 1 0 1 2 0 1 2 0 2 0 1 2 1 1 2 1 0 2 2 2 0 0 0 2 0 1 0 0 1 0 2 1 1 1 0 0 2 0 1 1 1 2 2 2 2 0 0 2 2 1 2 1 1 0 0 2 0 2 2 1 2 1 0 1 0 2 1 1 1 2 2 1 2 1 0 2 2 2 2 2 0 0 1 2 2 0 2 2 2 1 1 2 2 2 0 0 1 1 1 1 1 0 1 2 0 1 2 0 2 0 1 2 1 1 2 1 0 2 2 2 0 0 0 2 0 1 0 0 1 0 2 1 1 1 0
-0.368805607508362 1.44079103601151 -0.475848866425439 -0.99015933931549 0.442313045722569 -1 0 1 0 0 0 0 0 0 1 2 0 0 2 1 1 0 0 0 0 0 2 0 2 2 2 2 2 1 2 0 2 2 2 2 2 2 2 2 2 0 2 2 1 1 2 1 0 1 1 2 0 2 2 2 0 2 2 2 2 1 0 2 2 2 0 0 0 0 0 0 1 1 0 2 0 1 2 2 2 1 1 0 1 1 1 0 0 0 0 0 0 0 0 1 0 2 2 2 1 1 0 -1 0 0 0 0 0 0 -1 -2 0 0 -2 -1 -1 0 0 0 0 0 -2 0 -2 -2 -2 -2 -2 -1 -2 0 -2 -2 -2 -2 -2 -2 -2 -2 -2 0 -2 -2 -1 -1 -2 -1 0 -1 -1 -2 0 -2 -2 -2 0 -2 -2 -2 -2 -1 0 -2 -2 -2 0 0 0 0 0 0 -1 -1 0 -2 0 -1 -2 -2 -2 -1 -1 0 -1 -1 -1 0 0 0 0 0 0 0 0 -1 0 -2 -2 -2 -1 -1
0.350120039938117 -1.04837390142674 0.975510618717589 -0.153220083833129 -0.931570431110611 1 0 0 0 1 1 0 0 0 1 2 0 1 2 1 2 2 1 0 0 0 2 0 2 2 2 1 0 0 1 0 2 1 2 2 2 2 2 1 1 0 2 1 0 0 1 0 0 1 1 2 0 1 2 2 1 1 2 2 2 2 1 1 2 2 2 1 1 0 1 1 1 2 0 1 0 1 1 0 1 0 0 0 0 1 2 1 0 0 1 1 1 0 0 1 0 1 2 1 2 0 0 0 0 1 1 0 0 0 1 2 0 1 2 1 2 2 1 0 0 0 2 0 2 2 2 1 0 0 1 0 2 1 2 2 2 2 2 1 1 0 2 1 0 0 1 0 0 1 1 2 0 1 2 2 1 1 2 2 2 2 1 1 2 2 2 1 1 0 1 1 1 2 0 1 0 1 1 0 1 0 0 0 0 1 2 1 0 0 1 1 1 0 0 1 0 1 2 1 2 0
-0.622480143223634 0.34989886928271 0.0184961355161652 -1.40891505665865 -1.63154316341733 1 0 0 0 1 0 0 0 0 1 2 0 0 2 2 2 2 1 0 0 0 2 0 2 2 1 2 2 0 2 0 2 2 2 2 2 2 1 2 1 0 2 2 2 2 1 1 0 0 0 2 1 2 2 2 2 0 2 2 1 0 0 1 1 1 1 0 0 0 2 1 1 1 0 2 0 1 1 1 0 1 0 0 2 1 0 0 1 0 1 0 1 0 0 1 0 1 2 1 2 1 0 0 0 1 0 0 0 0 1 2 0 0 2 2 2 2 1 0 0 0 2 0 2 2 1 2 2 0 2 0 2 2 2 2 2 2 1 2 1 0 2 2 2 2 1 1 0 0 0 2 1 2 2 2 2 0 2 2 1 0 0 1 1 1 1 0 0 0 2 1 1 1 0 2 0 1 1 1 0 1 0 0 2 1 0 0 1 0 1 0 1 0 0 1 0 1 2 1 2 1
-0.366243269655245 -1.09706771195461 -1.05814826071676 -2.35758793664574 -0.26423887166111 1 0 1 0 0 2 0 1 1 0 1 0 0 1 1 1 1 0 0 0 0 2 0 2 2 1 2 1 0 0 0 2 2 2 2 2 2 1 0 0 0 2 2 2 1 1 2 1 2 2 2 1 2 2 2 1 1 2 2 1 0 0 0 1 1 0 0 0 0 0 1 2 0 0 2 0 1 1 2 2 1 2 2 2 2 2 0 0 0 1 0 1 0 0 2 0 2 1 1 1 0 0 1 0 0 2 0 1 1 0 1 0 0 1 1 1 1 0 0 0 0 2 0 2 2 1 2 1 0 0 0 2 2 2 2 2 2 1 0 0 0 2 2 2 1 1 2 1 2 2 2 1 2 2 2 1 1 2 2 1 0 0 0 1 1 0 0 0 0 0 1 2 0 0 2 0 1 1 2 2 1 2 2 2 2 2 0 0 0 1 0 1 0 0 2 0 2 1 1 1 0
0.119360482851211 0.641806739050527 -1.76774563730281 0.202794754470547 1.38237947159696 1 0 0 1 0 1 0 1 0 0 2 0 0 2 2 2 2 1 1 1 1 1 0 1 2 1 2 1 0 1 0 2 2 2 1 2 2 2 2 1 0 2 2 2 2 1 0 0 1 2 2 0 2 2 1 0 0 2 2 1 0 0 1 2 1 1 1 0 0 2 1 2 2 0 2 0 0 1 1 1 1 1 0 1 1 1 1 1 1 2 2 2 1 1 2 0 2 2 2 2 1 0 0 1 0 1 0 1 0 0 2 0 0 2 2 2 2 1 1 1 1 1 0 1 2 1 2 1 0 1 0 2 2 2 1 2 2 2 2 1 0 2 2 2 2 1 0 0 1 2 2 0 2 2 1 0 0 2 2 1 0 0 1 2 1 1 1 0 0 2 1 2 2 0 2 0 0 1 1 1 1 1 0 1 1 1 1 1 1 2 2 2 1 1 2 0 2 2 2 2 1
0.0167838683525945 0.861705125023018 1.07764279856485 0.778730486737757 2.00283325201855 -1 0 0 1 1 1 0 1 1 1 2 0 1 2 2 2 1 1 1 0 0 0 0 2 2 2 2 1 0 2 0 2 1 1 1 1 2 2 1 1 0 1 2 2 1 0 0 0 0 1 2 0 2 2 2 2 1 2 2 2 1 0 1 2 1 2 1 0 1 2 2 2 1 0 2 1 0 0 1 0 0 0 0 2 1 2 1 0 2 0 0 1 0 1 2 1 2 2 2 2 0 0 0 -1 -1 -1 0 -1 -1 -1 -2 0 -1 -2 -2 -2 -1 -1 -1 0 0 0 0 -2 -2 -2 -2 -1 0 -2 0 -2 -1 -1 -1 -1 -2 -2 -1 -1 0 -1 -2 -2 -1 0 0 0 0 -1 -2 0 -2 -2 -2 -2 -1 -2 -2 -2 -1 0 -1 -2 -1 -2 -1 0 -1 -2 -2 -2 -1 0 -2 -1 0 0 -1 0 0 0 0 -2 -1 -2 -1 0 -2 0 0 -1 0 -1 -2 -1 -2 -2 -2 -2 0
1.1140997477687 -1.16031848840684 -0.390129950931518 0.428590623389679 0.125068620444769 1 0 1 0 0 1 0 1 0 0 2 1 1 2 2 2 2 1 2 1 1 1 0 2 2 2 2 2 1 2 0 2 1 2 2 2 1 1 2 2 0 2 2 2 2 2 1 0 1 1 2 0 2 2 2 0 0 2 2 0 0 0 1 2 2 0 0 0 0 1 1 1 2 1 2 1 1 1 1 1 1 0 0 2 2 1 1 1 2 1 1 1 1 1 1 0 2 2 1 2 1 0 1 0 0 1 0 1 0 0 2 1 1 2 2 2 2 1 2 1 1 1 0 2 2 2 2 2 1 2 0 2 1 2 2 2 1 1 2 2 0 2 2 2 2 2 1 0 1 1 2 0 2 2 2 0 0 2 2 0 0 0 1 2 2 0 0 0 0 1 1 1 2 1 2 1 1 1 1 1 1 0 0 2 2 1 1 1 2 1 1 1 1 1 1 0 2 2 1 2 1
-0.421283180285676 1.42462602861468 -0.454042773879032 -0.78542645558052 -0.831180046173395 -1 1 2 1 2 1 0 1 0 0 2 0 0 1 1 1 1 0 0 0 0 2 1 2 2 1 2 2 1 2 0 2 2 1 1 2 2 2 1 0 0 2 2 2 0 2 1 0 0 1 2 1 2 2 2 1 2 2 2 2 2 0 1 2 2 1 0 0 1 1 2 2 2 0 2 0 2 1 2 2 1 0 0 2 2 2 2 1 1 0 0 1 0 1 2 0 2 2 2 2 1 -1 -2 -1 -2 -1 0 -1 0 0 -2 0 0 -1 -1 -1 -1 0 0 0 0 -2 -1 -2 -2 -1 -2 -2 -1 -2 0 -2 -2 -1 -1 -2 -2 -2 -1 0 0 -2 -2 -2 0 -2 -1 0 0 -1 -2 -1 -2 -2 -2 -1 -2 -2 -2 -2 -2 0 -1 -2 -2 -1 0 0 -1 -1 -2 -2 -2 0 -2 0 -2 -1 -2 -2 -1 0 0 -2 -2 -2 -2 -1 -1 0 0 -1 0 -1 -2 0 -2 -2 -2 -2 -1
0.976183246066815 0.535521107102958 0.0529815070897856 -0.664231425599569 -0.410462999413709 1 0 0 0 2 0 0 0 0 1 2 1 1 2 1 2 2 1 1 1 0 2 2 2 2 2 2 1 0 2 0 2 1 1 2 2 2 0 2 0 0 2 2 2 1 0 0 0 0 1 2 0 2 2 2 0 0 1 2 2 0 0 1 2 1 0 0 0 0 1 2 1 1 0 2 0 0 0 0 0 0 1 0 2 1 0 1 1 1 1 1 2 0 0 2 0 2 2 2 2 1 0 0 0 2 0 0 0 0 1 2 1 1 2 1 2 2 1 1 1 0 2 2 2 2 2 2 1 0 2 0 2 1 1 2 2 2 0 2 0 0 2 2 2 1 0 0 0 0 1 2 0 2 2 2 0 0 1 2 2 0 0 1 2 1 0 0 0 0 1 2 1 1 0 2 0 0 0 0 0 0 1 0 2 1 0 1 1 1 1 1 2 0 0 2 0 2 2 2 2 1
0.0521354774275858 -0.336076199092911 0.265861606538337 -2.17626347439829 -1.84906758033664 1 0 1 0 1 1 0 0 0 0 2 1 0 0 2 2 2 1 0 0 0 1 1 2 2 1 2 1 1 1 0 2 2 2 2 2 2 1 1 0 0 1 2 2 1 0 0 0 0 1 2 0 1 2 2 1 1 2 2 2 0 0 1 2 2 1 0 1 0 1 0 0 1 0 2 0 0 1 0 1 1 2 0 1 1 1 0 0 0 0 0 1 0 1 1 0 2 1 2 1 0 0 1 0 1 1 0 0 0 0 2 1 0 0 2 2 2 1 0 0 0 1 1 2 2 1 2 1 1 1 0 2 2 2 2 2 2 1 1 0 0 1 2 2 1 0 0 0 0 1 2 0 1 2 2 1 1 2 2 2 0 0 1 2 2 1 0 1 0 1 0 0 1 0 2 0 0 1 0 1 1 2 0 1 1 1 0 0 0 0 0 1 0 1 1 0 2 1 2 1 0
-0.515885296692193 0.100296329913194 -2.23745646214305 -2.21928879076036 0.00656156246091252 -1 1 2 2 1 1 0 1 2 2 2 0 0 1 1 2 2 2 0 1 0 1 0 1 2 1 2 2 0 2 0 2 2 2 0 1 1 2 2 0 0 2 2 1 0 1 1 0 1 1 2 0 1 2 2 0 0 2 2 1 1 0 1 1 0 0 0 1 0 0 2 1 1 0 2 0 2 2 1 0 0 0 0 2 0 2 2 1 2 2 0 1 0 0 2 0 1 2 2 2 2 -1 -2 -2 -1 -1 0 -1 -2 -2 -2 0 0 -1 -1 -2 -2 -2 0 -1 0 -1 0 -1 -2 -1 -2 -2 0 -2 0 -2 -2 -2 0 -1 -1 -2 -2 0 0 -2 -2 -1 0 -1 -1 0 -1 -1 -2 0 -1 -2 -2 0 0 -2 -2 -1 -1 0 -1 -1 0 0 0 -1 0 0 -2 -1 -1 0 -2 0 -2 -2 -1 0 0 0 0 -2 0 -2 -2 -1 -2 -2 0 -1 0 0 -2 0 -1 -2 -2 -2 -2
-0.303505854148329 -1.72445553755852 -0.919986431976973 -0.719502767645213 0.156790798427034 -1 0 1 0 0 1 0 0 1 1 2 0 0 2 0 1 2 0 1 1 0 1 0 2 2 2 2 2 1 2 0 2 2 2 1 2 2 2 1 0 0 2 2 2 2 2 0 0 1 1 2 0 1 2 2 1 1 2 2 2 2 0 0 2 2 1 0 1 0 1 1 2 2 0 2 1 1 2 2 1 0 2 0 1 1 1 1 0 1 1 0 2 1 0 1 0 2 2 0 1 0 0 -1 0 0 -1 0 0 -1 -1 -2 0 0 -2 0 -1 -2 0 -1 -1 0 -1 0 -2 -2 -2 -2 -2 -1 -2 0 -2 -2 -2 -1 -2 -2 -2 -1 0 0 -2 -2 -2 -2 -2 0 0 -1 -1 -2 0 -1 -2 -2 -1 -1 -2 -2 -2 -2 0 0 -2 -2 -1 0 -1 0 -1 -1 -2 -2 0 -2 -1 -1 -2 -2 -1 0 -2 0 -1 -1 -1 -1 0 -1 -1 0 -2 -1 0 -1 0 -2 -2 0 -1 0
0.650485963996884 -0.856481998858733 -1.43256183835798 -0.811088813391816 -1.25071679038222 1 0 0 2 2 2 0 1 0 1 2 0 1 1 1 1 2 1 0 1 0 1 0 2 2 1 2 1 0 2 0 1 1 0 1 1 1 1 2 2 0 2 2 2 2 2 1 0 1 1 2 0 1 2 2 1 1 2 2 1 0 0 2 2 2 1 0 0 0 0 1 1 1 0 2 1 1 1 1 1 0 1 1 2 2 2 1 1 1 1 1 2 0 0 2 0 2 2 2 2 2 0 0 2 2 2 0 1 0 1 2 0 1 1 1 1 2 1 0 1 0 1 0 2 2 1 2 1 0 2 0 1 1 0 1 1 1 1 2 2 0 2 2 2 2 2 1 0 1 1 2 0 1 2 2 1 1 2 2 1 0 0 2 2 2 1 0 0 0 0 1 1 1 0 2 1 1 1 1 1 0 1 1 2 2 2 1 1 1 1 1 2 0 0 2 0 2 2 2 2 2
0.095983762858933 1.75283303027152 -2.65236542078723 1.5380973899859 -2.74809675890546 1 0 1 1 1 1 0 0 0 0 2 0 0 2 2 1 2 1 1 0 0 2 0 2 2 2 2 1 0 2 0 2 2 2 2 2 2 2 2 1 0 1 1 2 1 1 2 1 0 2 2 0 2 2 2 1 2 1 1 1 0 0 1 2 1 1 0 0 0 0 0 0 1 0 2 0 1 1 2 2 1 2 0 2 2 1 0 0 0 0 0 2 0 0 2 0 2 2 0 0 1 0 1 1 1 1 0 0 0 0 2 0 0 2 2 1 2 1 1 0 0 2 0 2 2 2 2 1 0 2 0 2 2 2 2 2 2 2 2 1 0 1 1 2 1 1 2 1 0 2 2 0 2 2 2 1 2 1 1 1 0 0 1 2 1 1 0 0 0 0 0 0 1 0 2 0 1 1 2 2 1 2 0 2 2 1 0 0 0 0 0 2 0 0 2 0 2 2 0 0 1
-0.460936846011903 -0.85459045573968 -0.176959714491542 -1.23503311972158 0.975564531982074 -1 0 0 0 0 0 0 0 0 0 1 0 0 2 1 1 2 0 0 2 0 1 0 2 2 2 2 2 1 1 0 2 2 2 0 1 2 2 2 1 0 2 2 1 0 1 0 0 1 1 2 0 2 2 2 0 0 1 2 2 1 0 1 2 1 1 0 1 0 1 1 1 2 0 2 0 1 0 0 1 0 0 0 1 1 0 2 2 0 0 0 2 1 0 2 1 2 2 2 2 0 0 0 0 0 0 0 0 0 0 -1 0 0 -2 -1 -1 -2 0 0 -2 0 -1 0 -2 -2 -2 -2 -2 -1 -1 0 -2 -2 -2 0 -1 -2 -2 -2 -1 0 -2 -2 -1 0 -1 0 0 -1 -1 -2 0 -2 -2 -2 0 0 -1 -2 -2 -1 0 -1 -2 -1 -1 0 -1 0 -1 -1 -1 -2 0 -2 0 -1 0 0 -1 0 0 0 -1 -1 0 -2 -2 0 0 0 -2 -1 0 -2 -1 -2 -2 -2 -2 0
-1.31760315447091 0.292368901742925 0.931856447280079 -0.0463019377368013 -0.00258944633808485 -1 0 0 0 0 2 1 2 0 1 2 1 1 2 2 2 1 1 1 1 2 0 0 2 2 2 2 2 1 2 0 2 2 2 1 2 2 2 2 2 0 2 2 2 1 2 0 0 1 2 2 1 2 2 2 1 1 2 2 2 2 0 2 2 2 2 2 1 1 2 1 2 1 0 2 1 1 2 2 2 2 1 0 2 1 1 2 1 1 2 1 2 1 0 2 0 1 2 2 1 1 0 0 0 0 -2 -1 -2 0 -1 -2 -1 -1 -2 -2 -2 -1 -1 -1 -1 -2 0 0 -2 -2 -2 -2 -2 -1 -2 0 -2 -2 -2 -1 -2 -2 -2 -2 -2 0 -2 -2 -2 -1 -2 0 0 -1 -2 -2 -1 -2 -2 -2 -1 -1 -2 -2 -2 -2 0 -2 -2 -2 -2 -2 -1 -1 -2 -1 -2 -1 0 -2 -1 -1 -2 -2 -2 -2 -1 0 -2 -1 -1 -2 -1 -1 -2 -1 -2 -1 0 -2 0 -1 -2 -2 -1 -1
2.36631245656209 0.181513324117354 0.320433902002972 0.091110980902001 -0.404174347269664 -1 0 0 0 0 0 1 0 1 2 2 0 0 1 1 2 1 1 1 0 0 2 0 2 2 2 2 1 0 1 0 2 2 2 1 1 1 2 2 1 0 2 2 2 1 1 1 0 0 1 2 0 1 2 1 0 0 2 2 1 0 0 0 2 2 1 0 0 0 1 1 1 0 0 2 1 0 1 2 2 2 2 0 2 2 2 1 1 1 1 0 2 0 1 2 0 1 1 1 1 0 0 0 0 0 0 -1 0 -1 -2 -2 0 0 -1 -1 -2 -1 -1 -1 0 0 -2 0 -2 -2 -2 -2 -1 0 -1 0 -2 -2 -2 -1 -1 -1 -2 -2 -1 0 -2 -2 -2 -1 -1 -1 0 0 -1 -2 0 -1 -2 -1 0 0 -2 -2 -1 0 0 0 -2 -2 -1 0 0 0 -1 -1 -1 0 0 -2 -1 0 -1 -2 -2 -2 -2 0 -2 -2 -2 -1 -1 -1 -1 0 -2 0 -1 -2 0 -1 -1 -1 -1 0
0.256441816513866 -2.61354633190896 0.186216651132081 -1.17301435868107 -1.78747909936837 -1 0 1 1 1 0 0 1 1 1 2 0 0 2 2 2 1 0 0 0 0 1 0 1 1 2 2 2 1 2 0 2 2 2 2 2 1 2 2 1 0 2 2 2 1 0 0 0 0 0 2 0 1 2 0 0 0 0 2 1 0 0 1 2 2 1 0 0 0 1 1 2 1 0 2 1 1 0 1 1 1 1 0 2 1 2 0 0 1 0 1 1 0 0 1 0 2 1 0 1 1 0 -1 -1 -1 0 0 -1 -1 -1 -2 0 0 -2 -2 -2 -1 0 0 0 0 -1 0 -1 -1 -2 -2 -2 -1 -2 0 -2 -2 -2 -2 -2 -1 -2 -2 -1 0 -2 -2 -2 -1 0 0 0 0 0 -2 0 -1 -2 0 0 0 0 -2 -1 0 0 -1 -2 -2 -1 0 0 0 -1 -1 -2 -1 0 -2 -1 -1 0 -1 -1 -1 -1 0 -2 -1 -2 0 0 -1 0 -1 -1 0 0 -1 0 -2 -1 0 -1 -1
-0.45152190685616 0.986645075463032 0.62119549256099 0.653072619430179 -1.9059227693617 1 1 1 1 1 1 0 2 1 0 2 0 0 2 2 2 2 1 0 0 0 0 0 1 2 2 2 1 0 0 0 2 1 1 2 2 2 2 1 1 0 2 2 2 2 0 0 0 0 1 2 0 1 2 1 1 1 2 2 2 2 0 0 1 1 2 0 0 0 1 0 1 1 0 2 0 0 1 0 1 1 1 0 1 2 1 1 2 1 1 0 1 0 1 2 0 2 2 2 2 2 1 1 1 1 1 0 2 1 0 2 0 0 2 2 2 2 1 0 0 0 0 0 1 2 2 2 1 0 0 0 2 1 1 2 2 2 2 1 1 0 2 2 2 2 0 0 0 0 1 2 0 1 2 1 1 1 2 2 2 2 0 0 1 1 2 0 0 0 1 0 1 1 0 2 0 0 1 0 1 1 1 0 1 2 1 1 2 1 1 0 1 0 1 2 0 2 2 2 2 2
1.28167104794877 -0.78147443972431 0.43315603884456 0.842865188133367 0.791573329937752 -1 0 1 1 2 0 0 0 0 0 1 0 0 0 0 1 1 0 0 1 1 1 0 1 2 2 2 2 0 1 0 2 2 2 2 2 2 2 1 0 0 1 1 1 1 0 0 0 0 2 2 1 2 2 2 1 0 2 2 0 0 0 1 2 2 2 1 1 0 0 2 1 2 0 2 0 2 0 1 1 1 0 0 1 1 2 0 0 0 0 0 1 0 0 2 1 2 2 2 2 1 0 -1 -1 -2 0 0 0 0 0 -1 0 0 0 0 -1 -1 0 0 -1 -1 -1 0 -1 -2 -2 -2 -2 0 -1 0 -2 -2 -2 -2 -2 -2 -2 -1 0 0 -1 -1 -1 -1 0 0 0 0 -2 -2 -1 -2 -2 -2 -1 0 -2 -2 0 0 0 -1 -2 -2 -2 -1 -1 0 0 -2 -1 -2 0 -2 0 -2 0 -1 -1 -1 0 0 -1 -1 -2 0 0 0 0 0 -1 0 0 -2 -1 -2 -2 -2 -2 -1
-0.526432795961488 0.90599453090376 -0.248040149470307 0.506150704439889 1.49187155186543 -1 0 1 0 0 1 0 0 1 2 2 1 1 1 2 2 1 0 0 0 0 2 0 2 2 2 2 2 0 2 0 2 2 2 1 2 2 2 2 1 0 2 2 2 2 1 0 0 0 1 2 0 1 2 2 1 1 2 2 2 2 0 2 2 2 2 0 0 1 2 1 2 1 1 2 0 1 2 2 1 1 0 0 2 1 2 0 0 0 1 1 1 0 1 1 0 2 2 2 2 2 0 -1 0 0 -1 0 0 -1 -2 -2 -1 -1 -1 -2 -2 -1 0 0 0 0 -2 0 -2 -2 -2 -2 -2 0 -2 0 -2 -2 -2 -1 -2 -2 -2 -2 -1 0 -2 -2 -2 -2 -1 0 0 0 -1 -2 0 -1 -2 -2 -1 -1 -2 -2 -2 -2 0 -2 -2 -2 -2 0 0 -1 -2 -1 -2 -1 -1 -2 0 -1 -2 -2 -1 -1 0 0 -2 -1 -2 0 0 0 -1 -1 -1 0 -1 -1 0 -2 -2 -2 -2 -2
0.255722801355874 1.7199337722295 0.69779865598641 0.647249937804651 -0.00746466121673988 -1 0 0 0 1 1 0 0 1 0 2 1 1 2 2 2 2 0 0 0 0 1 0 1 2 2 1 0 1 2 0 2 2 2 2 2 2 1 1 1 0 2 2 2 1 0 0 0 0 1 2 0 1 2 2 1 1 2 2 2 2 0 2 2 2 2 1 0 0 1 1 2 1 1 2 0 1 2 1 2 0 1 0 2 1 2 1 2 1 2 0 1 0 0 2 0 2 1 0 0 0 0 0 0 -1 -1 0 0 -1 0 -2 -1 -1 -2 -2 -2 -2 0 0 0 0 -1 0 -1 -2 -2 -1 0 -1 -2 0 -2 -2 -2 -2 -2 -2 -1 -1 -1 0 -2 -2 -2 -1 0 0 0 0 -1 -2 0 -1 -2 -2 -1 -1 -2 -2 -2 -2 0 -2 -2 -2 -2 -1 0 0 -1 -1 -2 -1 -1 -2 0 -1 -2 -1 -2 0 -1 0 -2 -1 -2 -1 -2 -1 -2 0 -1 0 0 -2 0 -2 -1 0 0 0
