-0.791219711032395 -0.159445415488273 0.666827582964665 0.365470172392564 -0.172029215670758 -1 2 1 0 1 1 1 2 2 1 0 0 0 1 0 2 0 1 0 0 2 1 1 1 1 2 2 2 2 0 2 2 1 2 0 1 0 1 1 2 2 2 2 0 0 1 2 0 0 1 1 0 1 2 2 1 0 0 1 2 0 0 1 1 2 0 2 2 2 2 2 1 0 1 2 2 1 1 0 0 2 2 1 0 1 1 2 2 2 2 1 0 0 2 1 1 0 0 1 1 1 -2 -1 0 -1 -1 -1 -2 -2 -1 0 0 0 -1 0 -2 0 -1 0 0 -2 -1 -1 -1 -1 -2 -2 -2 -2 0 -2 -2 -1 -2 0 -1 0 -1 -1 -2 -2 -2 -2 0 0 -1 -2 0 0 -1 -1 0 -1 -2 -2 -1 0 0 -1 -2 0 0 -1 -1 -2 0 -2 -2 -2 -2 -2 -1 0 -1 -2 -2 -1 -1 0 0 -2 -2 -1 0 -1 -1 -2 -2 -2 -2 -1 0 0 -2 -1 -1 0 0 -1 -1 -1
0.570959851514187 -0.361621204138251 0.542959947417331 0.963612552233927 0.525170875473497 -1 2 2 2 2 2 1 2 0 1 0 0 0 2 0 2 2 2 1 1 2 1 0 1 1 0 2 1 1 0 1 2 1 2 0 0 0 2 0 2 2 2 2 0 0 2 2 2 0 2 2 0 0 2 1 0 0 0 0 0 0 0 0 0 0 0 2 0 2 1 2 1 1 0 1 2 1 1 1 0 1 0 0 0 1 0 1 2 2 1 2 0 0 2 2 2 1 2 2 2 2 -2 -2 -2 -2 -2 -1 -2 0 -1 0 0 0 -2 0 -2 -2 -2 -1 -1 -2 -1 0 -1 -1 0 -2 -1 -1 0 -1 -2 -1 -2 0 0 0 -2 0 -2 -2 -2 -2 0 0 -2 -2 -2 0 -2 -2 0 0 -2 -1 0 0 0 0 0 0 0 0 0 0 0 -2 0 -2 -1 -2 -1 -1 0 -1 -2 -1 -1 -1 0 -1 0 0 0 -1 0 -1 -2 -2 -1 -2 0 0 -2 -2 -2 -1 -2 -2 -2 -2
1.45144436168226 1.68659169149844 1.03339943497441 0.116726656215636 1.58811702232998 -1 2 1 1 1 2 1 2 1 2 1 1 2 2 0 2 0 1 2 0 2 1 2 1 2 2 2 2 1 0 1 2 1 2 0 1 0 0 0 2 2 2 2 0 0 2 2 0 0 2 2 1 1 2 1 1 0 1 0 0 0 0 0 2 1 0 2 1 2 2 1 0 1 0 1 2 0 0 1 1 2 2 1 0 0 1 1 2 2 1 2 0 0 2 2 2 1 0 1 2 2 -2 -1 -1 -1 -2 -1 -2 -1 -2 -1 -1 -2 -2 0 -2 0 -1 -2 0 -2 -1 -2 -1 -2 -2 -2 -2 -1 0 -1 -2 -1 -2 0 -1 0 0 0 -2 -2 -2 -2 0 0 -2 -2 0 0 -2 -2 -1 -1 -2 -1 -1 0 -1 0 0 0 0 0 -2 -1 0 -2 -1 -2 -2 -1 0 -1 0 -1 -2 0 0 -1 -1 -2 -2 -1 0 0 -1 -1 -2 -2 -1 -2 0 0 -2 -2 -2 -1 0 -1 -2 -2
-0.76862526570981 -0.274872463432166 0.29038514628021 -0.883645847477747 -0.949951153517483 -1 2 0 0 1 2 0 1 0 2 0 0 2 2 1 2 0 1 1 0 2 0 1 1 2 2 2 2 2 1 1 2 2 2 0 2 1 0 0 0 1 2 2 1 1 1 2 0 0 0 1 0 0 2 0 0 0 0 0 1 0 0 1 1 1 0 2 1 2 2 2 0 1 0 2 2 1 0 1 0 1 0 0 0 1 0 1 2 2 2 2 0 0 2 1 2 0 1 2 2 1 -2 0 0 -1 -2 0 -1 0 -2 0 0 -2 -2 -1 -2 0 -1 -1 0 -2 0 -1 -1 -2 -2 -2 -2 -2 -1 -1 -2 -2 -2 0 -2 -1 0 0 0 -1 -2 -2 -1 -1 -1 -2 0 0 0 -1 0 0 -2 0 0 0 0 0 -1 0 0 -1 -1 -1 0 -2 -1 -2 -2 -2 0 -1 0 -2 -2 -1 0 -1 0 -1 0 0 0 -1 0 -1 -2 -2 -2 -2 0 0 -2 -1 -2 0 -1 -2 -2 -1
-1.64043379276377 0.537660043620084 0.0869237868853788 -0.729867408266819 0.306724076356485 1 2 0 1 0 1 0 2 1 2 0 1 2 1 0 2 1 2 1 1 2 0 0 1 2 2 2 1 1 0 1 2 2 2 0 1 0 1 0 2 2 2 2 0 0 0 2 0 0 1 2 0 0 1 0 0 0 0 0 2 0 0 0 1 1 0 2 0 2 2 2 0 1 1 1 2 2 1 2 0 2 0 0 0 0 1 1 2 2 1 2 0 0 2 1 2 0 0 2 1 1 2 0 1 0 1 0 2 1 2 0 1 2 1 0 2 1 2 1 1 2 0 0 1 2 2 2 1 1 0 1 2 2 2 0 1 0 1 0 2 2 2 2 0 0 0 2 0 0 1 2 0 0 1 0 0 0 0 0 2 0 0 0 1 1 0 2 0 2 2 2 0 1 1 1 2 2 1 2 0 2 0 0 0 0 1 1 2 2 1 2 0 0 2 1 2 0 0 2 1 1
-0.153898929252233 0.422502035984362 -0.638503050049925 0.678869058896908 -0.371460388430133 1 2 2 1 1 1 0 2 1 1 0 0 1 1 0 1 0 1 1 0 2 1 0 0 0 2 2 1 2 0 1 2 1 2 0 1 0 0 0 1 2 1 2 0 0 1 2 1 1 2 1 0 1 2 2 1 0 1 0 0 0 0 1 2 2 0 2 2 2 2 2 1 2 1 2 2 2 1 1 0 1 1 0 1 1 1 2 2 2 2 2 1 0 2 1 2 1 1 2 2 2 2 2 1 1 1 0 2 1 1 0 0 1 1 0 1 0 1 1 0 2 1 0 0 0 2 2 1 2 0 1 2 1 2 0 1 0 0 0 1 2 1 2 0 0 1 2 1 1 2 1 0 1 2 2 1 0 1 0 0 0 0 1 2 2 0 2 2 2 2 2 1 2 1 2 2 2 1 1 0 1 1 0 1 1 1 2 2 2 2 2 1 0 2 1 2 1 1 2 2 2
0.0941820468417455 -1.89320931391098 -1.4034740783358 0.69679948565321 1.08037587713538 1 2 2 2 2 2 2 2 2 1 0 0 2 2 0 1 0 2 1 0 2 0 0 1 2 0 2 1 2 0 0 2 2 2 1 2 1 1 0 2 2 2 2 0 0 1 2 1 1 2 2 0 1 2 2 2 0 0 1 2 1 0 0 2 2 0 2 0 2 2 2 0 1 0 0 2 2 2 1 0 1 1 0 0 0 0 0 0 1 0 1 0 0 2 1 2 0 1 2 2 1 2 2 2 2 2 2 2 2 1 0 0 2 2 0 1 0 2 1 0 2 0 0 1 2 0 2 1 2 0 0 2 2 2 1 2 1 1 0 2 2 2 2 0 0 1 2 1 1 2 2 0 1 2 2 2 0 0 1 2 1 0 0 2 2 0 2 0 2 2 2 0 1 0 0 2 2 2 1 0 1 1 0 0 0 0 0 0 1 0 1 0 0 2 1 2 0 1 2 2 1
1.37711853506784 1.95869946420515 -1.33424145303942 -0.00998128036627582 -0.265460507527661 1 2 1 0 1 1 2 2 1 2 0 0 2 2 0 1 0 2 1 1 2 2 0 0 2 1 2 2 2 0 1 2 2 2 1 2 1 0 0 1 2 2 2 0 0 0 2 0 0 2 2 1 2 2 1 1 0 0 0 1 1 0 0 1 2 0 2 0 2 2 2 1 2 1 2 2 2 2 2 0 0 0 0 0 2 1 2 2 2 2 2 1 0 2 0 0 0 0 1 1 1 2 1 0 1 1 2 2 1 2 0 0 2 2 0 1 0 2 1 1 2 2 0 0 2 1 2 2 2 0 1 2 2 2 1 2 1 0 0 1 2 2 2 0 0 0 2 0 0 2 2 1 2 2 1 1 0 0 0 1 1 0 0 1 2 0 2 0 2 2 2 1 2 1 2 2 2 2 2 0 0 0 0 0 2 1 2 2 2 2 2 1 0 2 0 0 0 0 1 1 1
0.462913335953361 0.333753369092089 -0.154206096022469 -0.84568646375183 -0.976229475358532 -1 2 2 1 1 1 0 2 0 2 0 0 1 2 0 2 0 2 1 1 2 1 0 0 2 1 2 2 1 0 1 2 2 2 2 2 1 2 0 2 2 2 2 0 0 1 2 2 0 1 2 1 2 2 2 1 0 0 0 0 0 0 1 2 2 0 2 0 1 1 0 0 1 0 1 2 2 1 2 1 2 0 2 0 2 2 1 2 2 2 2 1 0 2 0 1 0 0 2 1 1 -2 -2 -1 -1 -1 0 -2 0 -2 0 0 -1 -2 0 -2 0 -2 -1 -1 -2 -1 0 0 -2 -1 -2 -2 -1 0 -1 -2 -2 -2 -2 -2 -1 -2 0 -2 -2 -2 -2 0 0 -1 -2 -2 0 -1 -2 -1 -2 -2 -2 -1 0 0 0 0 0 0 -1 -2 -2 0 -2 0 -1 -1 0 0 -1 0 -1 -2 -2 -1 -2 -1 -2 0 -2 0 -2 -2 -1 -2 -2 -2 -2 -1 0 -2 0 -1 0 0 -2 -1 -1
0.219018718539574 0.137452322603166 0.528462511068119 -1.18183772044766 -2.4723528133214 -1 2 2 1 1 2 1 2 1 2 0 1 2 2 1 2 0 2 1 1 2 2 0 0 1 1 2 2 2 0 2 2 2 2 1 1 0 1 0 1 2 2 1 0 0 1 2 1 0 2 2 1 1 2 2 2 0 0 0 0 0 0 0 1 1 0 2 0 2 2 2 1 2 0 2 2 1 1 0 0 2 1 0 0 0 0 1 2 2 2 2 0 0 2 1 2 0 0 1 2 2 -2 -2 -1 -1 -2 -1 -2 -1 -2 0 -1 -2 -2 -1 -2 0 -2 -1 -1 -2 -2 0 0 -1 -1 -2 -2 -2 0 -2 -2 -2 -2 -1 -1 0 -1 0 -1 -2 -2 -1 0 0 -1 -2 -1 0 -2 -2 -1 -1 -2 -2 -2 0 0 0 0 0 0 0 -1 -1 0 -2 0 -2 -2 -2 -1 -2 0 -2 -2 -1 -1 0 0 -2 -1 0 0 0 0 -1 -2 -2 -2 -2 0 0 -2 -1 -2 0 0 -1 -2 -2
-0.395779396975284 -0.245176471568523 -0.936507693930891 1.19522008782384 0.449004534165202 -1 2 1 0 0 1 1 2 2 2 0 0 0 2 0 2 1 2 0 0 2 1 1 0 2 2 2 1 2 1 2 2 1 1 0 2 1 0 0 0 2 0 2 0 0 0 2 1 1 1 2 0 2 2 1 1 0 1 0 1 0 0 0 0 2 0 2 0 2 2 2 1 1 0 2 2 2 2 2 1 2 1 0 0 0 1 2 1 1 1 2 1 0 2 2 2 1 0 2 2 2 -2 -1 0 0 -1 -1 -2 -2 -2 0 0 0 -2 0 -2 -1 -2 0 0 -2 -1 -1 0 -2 -2 -2 -1 -2 -1 -2 -2 -1 -1 0 -2 -1 0 0 0 -2 0 -2 0 0 0 -2 -1 -1 -1 -2 0 -2 -2 -1 -1 0 -1 0 -1 0 0 0 0 -2 0 -2 0 -2 -2 -2 -1 -1 0 -2 -2 -2 -2 -2 -1 -2 -1 0 0 0 -1 -2 -1 -1 -1 -2 -1 0 -2 -2 -2 -1 0 -2 -2 -2
2.07403147216669 -0.639365246690124 -0.92043995507586 -0.730488358497494 -0.835377757806166 1 2 2 1 1 1 1 2 1 2 0 1 2 2 0 2 0 2 1 0 2 1 1 0 0 1 1 2 2 0 1 2 2 2 0 2 2 0 0 1 2 2 2 0 0 1 2 0 0 1 1 0 0 1 1 0 0 1 0 0 0 0 0 1 1 0 2 0 2 2 0 0 1 0 1 2 1 1 1 0 1 1 0 0 0 0 0 1 1 1 2 1 0 2 0 2 0 1 2 2 2 2 2 1 1 1 1 2 1 2 0 1 2 2 0 2 0 2 1 0 2 1 1 0 0 1 1 2 2 0 1 2 2 2 0 2 2 0 0 1 2 2 2 0 0 1 2 0 0 1 1 0 0 1 1 0 0 1 0 0 0 0 0 1 1 0 2 0 2 2 0 0 1 0 1 2 1 1 1 0 1 1 0 0 0 0 0 1 1 1 2 1 0 2 0 2 0 1 2 2 2
0.455249323523058 0.367142051212674 0.0534510352292231 0.585893486180969 1.20546344002253 -1 2 1 0 0 1 0 2 1 1 0 1 2 2 0 2 0 2 0 0 1 0 0 0 1 0 2 2 0 0 1 2 1 2 1 2 0 1 0 2 2 2 2 1 0 1 2 1 1 1 1 0 0 1 0 0 0 0 0 0 0 0 0 1 0 0 0 0 2 2 2 2 2 1 2 2 2 1 2 0 2 1 0 0 1 0 0 1 2 2 2 1 0 2 1 2 0 1 2 2 2 -2 -1 0 0 -1 0 -2 -1 -1 0 -1 -2 -2 0 -2 0 -2 0 0 -1 0 0 0 -1 0 -2 -2 0 0 -1 -2 -1 -2 -1 -2 0 -1 0 -2 -2 -2 -2 -1 0 -1 -2 -1 -1 -1 -1 0 0 -1 0 0 0 0 0 0 0 0 0 -1 0 0 0 0 -2 -2 -2 -2 -2 -1 -2 -2 -2 -1 -2 0 -2 -1 0 0 -1 0 0 -1 -2 -2 -2 -1 0 -2 -1 -2 0 -1 -2 -2 -2
-0.372289314569273 -0.269831927422926 2.07209410918385 1.4377432685007 0.352171547526979 1 2 1 1 1 2 1 2 2 2 0 0 1 2 0 1 0 1 0 0 2 1 0 0 1 1 2 1 2 0 0 2 1 2 0 0 0 1 0 0 2 0 2 1 0 1 2 1 0 0 1 0 1 2 2 1 0 1 0 0 1 0 1 1 0 0 2 1 2 2 2 0 1 0 1 2 0 0 0 0 2 1 0 0 1 2 2 2 2 1 2 0 0 2 0 2 0 1 2 2 2 2 1 1 1 2 1 2 2 2 0 0 1 2 0 1 0 1 0 0 2 1 0 0 1 1 2 1 2 0 0 2 1 2 0 0 0 1 0 0 2 0 2 1 0 1 2 1 0 0 1 0 1 2 2 1 0 1 0 0 1 0 1 1 0 0 2 1 2 2 2 0 1 0 1 2 0 0 0 0 2 1 0 0 1 2 2 2 2 1 2 0 0 2 0 2 0 1 2 2 2
0.712233621887829 -1.60826026506183 -1.43658930229048 -0.840575352571383 0.574573452834557 -1 2 1 0 1 1 1 2 1 2 0 0 2 2 1 1 0 0 0 0 2 0 0 0 0 0 2 1 1 0 1 2 2 2 0 1 0 0 0 2 2 2 2 0 0 0 2 0 1 1 1 0 1 2 2 1 0 0 0 0 0 0 0 1 1 0 2 0 2 2 1 0 1 0 2 2 1 1 1 0 1 0 0 0 2 1 2 2 1 1 1 0 0 2 2 2 0 0 1 2 2 -2 -1 0 -1 -1 -1 -2 -1 -2 0 0 -2 -2 -1 -1 0 0 0 0 -2 0 0 0 0 0 -2 -1 -1 0 -1 -2 -2 -2 0 -1 0 0 0 -2 -2 -2 -2 0 0 0 -2 0 -1 -1 -1 0 -1 -2 -2 -1 0 0 0 0 0 0 0 -1 -1 0 -2 0 -2 -2 -1 0 -1 0 -2 -2 -1 -1 -1 0 -1 0 0 0 -2 -1 -2 -2 -1 -1 -1 0 0 -2 -2 -2 0 0 -1 -2 -2
-2.51396432300465 0.0303684545452929 1.01355494056134 -1.23831314950271 1.10718459622073 1 2 0 1 1 0 0 2 1 2 0 1 2 2 0 2 0 2 2 0 2 1 0 1 2 2 2 1 0 0 0 2 2 2 0 0 1 1 0 1 2 0 0 0 0 0 2 1 1 1 1 0 0 2 1 1 0 1 1 2 2 0 1 1 1 0 2 1 2 1 1 0 1 0 2 2 2 2 2 1 2 2 1 0 1 1 2 2 2 1 1 1 0 2 0 2 0 0 2 2 0 2 0 1 1 0 0 2 1 2 0 1 2 2 0 2 0 2 2 0 2 1 0 1 2 2 2 1 0 0 0 2 2 2 0 0 1 1 0 1 2 0 0 0 0 0 2 1 1 1 1 0 0 2 1 1 0 1 1 2 2 0 1 1 1 0 2 1 2 1 1 0 1 0 2 2 2 2 2 1 2 2 1 0 1 1 2 2 2 1 1 1 0 2 0 2 0 0 2 2 0
-1.11424637308052 0.519941689781645 -0.977369730287663 -0.388993453391096 -0.0985041554241124 1 2 0 0 1 0 0 2 1 1 0 0 1 2 1 2 1 2 2 1 2 1 0 1 2 1 2 2 1 0 0 2 2 2 0 0 1 1 0 1 2 2 2 0 0 2 2 1 0 2 2 0 1 1 1 1 0 1 0 1 0 1 1 1 0 0 2 0 1 1 2 1 2 1 1 2 1 0 0 0 1 0 0 0 1 0 1 1 1 1 2 0 0 2 1 1 0 0 2 2 1 2 0 0 1 0 0 2 1 1 0 0 1 2 1 2 1 2 2 1 2 1 0 1 2 1 2 2 1 0 0 2 2 2 0 0 1 1 0 1 2 2 2 0 0 2 2 1 0 2 2 0 1 1 1 1 0 1 0 1 0 1 1 1 0 0 2 0 1 1 2 1 2 1 1 2 1 0 0 0 1 0 0 0 1 0 1 1 1 1 2 0 0 2 1 1 0 0 2 2 1
-0.00400001112813073 -1.8702692937307 1.01894675199959 2.11636181453187 0.648267953037205 1 2 1 2 2 1 0 2 1 2 0 0 2 2 1 2 0 2 2 2 2 2 2 0 2 1 2 2 2 0 2 2 2 1 0 2 2 0 0 2 2 1 2 2 0 0 1 0 1 2 2 0 0 1 0 1 0 0 0 1 0 0 0 1 1 0 0 0 2 2 2 1 2 1 2 2 2 1 1 1 2 0 0 0 1 2 2 2 2 1 2 0 0 2 0 1 0 0 1 1 0 2 1 2 2 1 0 2 1 2 0 0 2 2 1 2 0 2 2 2 2 2 2 0 2 1 2 2 2 0 2 2 2 1 0 2 2 0 0 2 2 1 2 2 0 0 1 0 1 2 2 0 0 1 0 1 0 0 0 1 0 0 0 1 1 0 0 0 2 2 2 1 2 1 2 2 2 1 1 1 2 0 0 0 1 2 2 2 2 1 2 0 0 2 0 1 0 0 1 1 0
1.5307411480537 1.10617548383422 0.0123193104222863 0.061032218382989 0.41794164184568 -1 2 1 0 1 1 1 2 1 1 0 0 2 1 1 1 0 0 0 1 2 1 0 0 2 2 1 1 2 1 1 2 2 2 1 2 2 0 0 0 2 1 1 0 0 0 1 0 1 2 2 0 1 2 0 1 0 0 0 1 0 0 0 0 0 0 2 0 2 2 1 1 1 1 1 2 2 2 2 1 2 0 1 1 0 0 1 2 2 2 2 0 0 2 0 1 0 1 2 1 1 -2 -1 0 -1 -1 -1 -2 -1 -1 0 0 -2 -1 -1 -1 0 0 0 -1 -2 -1 0 0 -2 -2 -1 -1 -2 -1 -1 -2 -2 -2 -1 -2 -2 0 0 0 -2 -1 -1 0 0 0 -1 0 -1 -2 -2 0 -1 -2 0 -1 0 0 0 -1 0 0 0 0 0 0 -2 0 -2 -2 -1 -1 -1 -1 -1 -2 -2 -2 -2 -1 -2 0 -1 -1 0 0 -1 -2 -2 -2 -2 0 0 -2 0 -1 0 -1 -2 -1 -1
-1.19185050275157 1.52815351634482 -0.778684473730731 1.41953396721625 0.615123998663702 -1 2 0 0 0 1 1 2 1 2 0 0 2 2 0 2 0 2 1 1 2 1 1 1 2 2 2 2 1 0 2 2 2 2 0 1 1 0 0 2 2 1 2 0 0 2 2 0 0 1 1 0 0 1 1 1 0 1 0 1 0 0 0 2 2 0 2 0 2 1 1 0 1 0 1 2 2 1 1 0 2 0 0 0 1 0 0 2 2 2 2 1 0 2 2 2 0 1 2 2 2 -2 0 0 0 -1 -1 -2 -1 -2 0 0 -2 -2 0 -2 0 -2 -1 -1 -2 -1 -1 -1 -2 -2 -2 -2 -1 0 -2 -2 -2 -2 0 -1 -1 0 0 -2 -2 -1 -2 0 0 -2 -2 0 0 -1 -1 0 0 -1 -1 -1 0 -1 0 -1 0 0 0 -2 -2 0 -2 0 -2 -1 -1 0 -1 0 -1 -2 -2 -1 -1 0 -2 0 0 0 -1 0 0 -2 -2 -2 -2 -1 0 -2 -2 -2 0 -1 -2 -2 -2
0.275840593849236 -1.24413020569001 0.934765994380324 -0.757011571068606 0.632220200886785 1 2 1 1 2 2 1 2 2 2 0 0 2 2 0 2 1 2 2 0 2 0 1 1 2 1 0 0 1 0 0 1 1 2 0 1 0 0 0 2 1 1 2 0 0 0 2 1 1 2 2 2 2 2 2 1 0 1 0 1 0 0 1 0 1 0 2 0 2 2 1 0 1 0 1 2 2 2 1 0 1 1 2 2 2 1 2 2 2 2 2 1 0 2 0 1 1 2 2 2 2 2 1 1 2 2 1 2 2 2 0 0 2 2 0 2 1 2 2 0 2 0 1 1 2 1 0 0 1 0 0 1 1 2 0 1 0 0 0 2 1 1 2 0 0 0 2 1 1 2 2 2 2 2 2 1 0 1 0 1 0 0 1 0 1 0 2 0 2 2 1 0 1 0 1 2 2 2 1 0 1 1 2 2 2 1 2 2 2 2 2 1 0 2 0 1 1 2 2 2 2
0.719303199550302 -1.74676548546139 -0.112928389685783 0.282258576264493 0.175757453375666 -1 2 0 0 0 0 0 2 0 1 0 0 2 2 0 2 1 2 2 1 2 1 2 1 2 1 2 1 2 1 2 2 0 2 0 1 1 0 0 1 2 1 2 0 0 1 2 2 0 0 2 0 1 2 1 1 0 0 0 1 1 1 0 1 0 0 2 1 2 2 2 1 1 0 1 2 2 0 0 0 2 1 0 0 1 1 1 1 2 1 2 0 0 1 0 2 0 1 2 2 2 -2 0 0 0 0 0 -2 0 -1 0 0 -2 -2 0 -2 -1 -2 -2 -1 -2 -1 -2 -1 -2 -1 -2 -1 -2 -1 -2 -2 0 -2 0 -1 -1 0 0 -1 -2 -1 -2 0 0 -1 -2 -2 0 0 -2 0 -1 -2 -1 -1 0 0 0 -1 -1 -1 0 -1 0 0 -2 -1 -2 -2 -2 -1 -1 0 -1 -2 -2 0 0 0 -2 -1 0 0 -1 -1 -1 -1 -2 -1 -2 0 0 -1 0 -2 0 -1 -2 -2 -2
-1.91135225759014 -0.648606659013793 -0.236567769761662 0.750829852842403 0.526109401392454 -1 2 1 2 2 1 1 2 1 2 1 1 1 1 0 1 0 1 2 0 2 0 1 1 1 1 2 0 0 0 1 2 2 2 1 1 0 0 0 2 2 2 2 0 0 0 2 2 0 1 1 1 1 2 2 2 0 1 0 2 2 0 1 2 2 0 2 0 2 2 2 1 1 0 1 2 2 2 1 0 1 1 0 0 1 1 0 1 1 2 1 1 0 2 1 2 0 0 1 1 1 -2 -1 -2 -2 -1 -1 -2 -1 -2 -1 -1 -1 -1 0 -1 0 -1 -2 0 -2 0 -1 -1 -1 -1 -2 0 0 0 -1 -2 -2 -2 -1 -1 0 0 0 -2 -2 -2 -2 0 0 0 -2 -2 0 -1 -1 -1 -1 -2 -2 -2 0 -1 0 -2 -2 0 -1 -2 -2 0 -2 0 -2 -2 -2 -1 -1 0 -1 -2 -2 -2 -1 0 -1 -1 0 0 -1 -1 0 -1 -1 -2 -1 -1 0 -2 -1 -2 0 0 -1 -1 -1
0.988370132393322 0.328999871347651 0.218593402001266 0.336947332954504 0.409338960738365 1 2 1 0 1 1 2 2 2 2 0 1 2 2 1 2 0 1 2 1 2 0 0 0 2 2 2 1 1 0 1 1 1 2 0 1 0 0 0 2 2 2 2 0 0 2 1 0 0 1 1 0 1 2 2 1 0 2 0 2 1 0 0 0 1 0 2 1 2 1 2 1 1 0 1 1 0 1 0 0 1 0 0 0 2 1 2 2 2 2 2 0 0 2 0 2 0 0 2 2 1 2 1 0 1 1 2 2 2 2 0 1 2 2 1 2 0 1 2 1 2 0 0 0 2 2 2 1 1 0 1 1 1 2 0 1 0 0 0 2 2 2 2 0 0 2 1 0 0 1 1 0 1 2 2 1 0 2 0 2 1 0 0 0 1 0 2 1 2 1 2 1 1 0 1 1 0 1 0 0 1 0 0 0 2 1 2 2 2 2 2 0 0 2 0 2 0 0 2 2 1
-2.00813707693277 -1.23930374894843 0.260315058673676 0.615180840036913 -0.685530560543075 1 2 1 1 1 1 1 1 0 0 0 0 2 2 0 2 0 2 2 0 2 1 1 1 2 2 2 1 2 0 2 2 2 2 1 2 1 0 0 2 2 1 2 0 0 0 2 0 0 2 1 0 1 2 1 2 0 0 0 0 0 0 1 2 1 0 2 0 2 1 2 1 2 1 2 2 2 2 2 2 2 1 1 1 1 0 1 2 2 1 1 0 0 2 0 2 0 0 1 0 1 2 1 1 1 1 1 1 0 0 0 0 2 2 0 2 0 2 2 0 2 1 1 1 2 2 2 1 2 0 2 2 2 2 1 2 1 0 0 2 2 1 2 0 0 0 2 0 0 2 1 0 1 2 1 2 0 0 0 0 0 0 1 2 1 0 2 0 2 1 2 1 2 1 2 2 2 2 2 2 2 1 1 1 1 0 1 2 2 1 1 0 0 2 0 2 0 0 1 0 1
-0.690838415813363 -0.304425086970431 -0.574435248848554 -1.45433631194565 0.00796282714730814 1 2 0 0 1 1 1 2 2 2 0 1 2 2 0 2 1 2 1 1 2 1 1 1 2 2 2 1 2 1 0 2 1 2 1 2 1 1 0 2 2 0 1 0 0 0 2 0 0 0 2 0 1 2 2 2 0 2 1 1 0 0 0 1 0 0 2 0 2 1 2 1 1 0 1 2 2 2 2 1 1 1 0 0 0 0 1 2 2 1 2 0 0 2 1 2 0 2 2 2 2 2 0 0 1 1 1 2 2 2 0 1 2 2 0 2 1 2 1 1 2 1 1 1 2 2 2 1 2 1 0 2 1 2 1 2 1 1 0 2 2 0 1 0 0 0 2 0 0 0 2 0 1 2 2 2 0 2 1 1 0 0 0 1 0 0 2 0 2 1 2 1 1 0 1 2 2 2 2 1 1 1 0 0 0 0 1 2 2 1 2 0 0 2 1 2 0 2 2 2 2
-0.505459448349863 -0.651909009270916 -0.596119069475906 0.713706601421664 -0.0566454600087305 -1 2 1 0 1 1 0 2 2 2 0 1 2 2 0 1 0 2 0 1 2 1 0 0 1 1 2 2 2 0 1 2 2 2 0 1 0 1 1 1 2 1 1 0 0 1 2 2 1 2 2 0 1 2 1 1 0 1 0 2 0 0 1 1 1 0 2 0 2 2 2 1 2 0 2 2 2 1 0 0 1 0 0 0 1 1 0 2 2 2 1 0 0 2 1 1 0 0 0 0 0 -2 -1 0 -1 -1 0 -2 -2 -2 0 -1 -2 -2 0 -1 0 -2 0 -1 -2 -1 0 0 -1 -1 -2 -2 -2 0 -1 -2 -2 -2 0 -1 0 -1 -1 -1 -2 -1 -1 0 0 -1 -2 -2 -1 -2 -2 0 -1 -2 -1 -1 0 -1 0 -2 0 0 -1 -1 -1 0 -2 0 -2 -2 -2 -1 -2 0 -2 -2 -2 -1 0 0 -1 0 0 0 -1 -1 0 -2 -2 -2 -1 0 0 -2 -1 -1 0 0 0 0 0
1.26307118714175 0.986835099592243 -0.716670035463884 0.204277448817566 -0.471411023461023 -1 2 0 1 1 2 1 2 0 1 0 1 2 2 0 1 0 1 0 0 2 0 1 2 2 2 1 2 2 1 1 2 1 2 1 1 2 0 0 1 2 2 2 1 1 1 2 1 1 2 2 0 2 2 1 1 0 0 0 0 1 0 1 1 1 0 2 1 2 2 2 1 2 1 2 2 2 2 2 1 2 0 0 1 2 2 1 2 2 2 2 1 0 2 2 2 2 1 2 1 1 -2 0 -1 -1 -2 -1 -2 0 -1 0 -1 -2 -2 0 -1 0 -1 0 0 -2 0 -1 -2 -2 -2 -1 -2 -2 -1 -1 -2 -1 -2 -1 -1 -2 0 0 -1 -2 -2 -2 -1 -1 -1 -2 -1 -1 -2 -2 0 -2 -2 -1 -1 0 0 0 0 -1 0 -1 -1 -1 0 -2 -1 -2 -2 -2 -1 -2 -1 -2 -2 -2 -2 -2 -1 -2 0 0 -1 -2 -2 -1 -2 -2 -2 -2 -1 0 -2 -2 -2 -2 -1 -2 -1 -1
-1.76839728634114 0.764132444261264 0.295376964970452 -0.350342171064628 1.44420836415523 -1 2 1 1 2 2 1 2 1 2 0 0 2 1 0 1 0 2 1 0 2 1 0 0 1 0 2 1 1 0 1 2 2 2 0 1 0 1 0 2 2 2 2 0 0 2 2 2 1 2 2 1 0 2 1 1 0 0 0 1 1 0 0 2 1 0 2 0 2 2 1 1 2 0 2 2 2 1 1 1 2 2 1 2 2 1 1 1 2 1 2 2 0 2 0 1 0 0 1 2 2 -2 -1 -1 -2 -2 -1 -2 -1 -2 0 0 -2 -1 0 -1 0 -2 -1 0 -2 -1 0 0 -1 0 -2 -1 -1 0 -1 -2 -2 -2 0 -1 0 -1 0 -2 -2 -2 -2 0 0 -2 -2 -2 -1 -2 -2 -1 0 -2 -1 -1 0 0 0 -1 -1 0 0 -2 -1 0 -2 0 -2 -2 -1 -1 -2 0 -2 -2 -2 -1 -1 -1 -2 -2 -1 -2 -2 -1 -1 -1 -2 -1 -2 -2 0 -2 0 -1 0 0 -1 -2 -2
1.46534766593393 0.602768730438274 -0.643529907158962 0.710515075322249 0.501935660278938 -1 2 0 1 0 1 1 2 1 2 0 0 2 2 0 1 0 2 1 0 2 1 0 1 2 1 2 2 2 0 0 2 2 2 0 2 1 0 1 2 2 2 2 0 0 0 1 0 1 1 1 0 0 2 1 0 0 0 0 0 0 0 0 0 0 0 2 0 2 1 1 0 1 0 1 2 2 2 2 0 2 2 0 0 1 1 2 2 2 2 2 0 0 2 0 1 0 0 2 2 1 -2 0 -1 0 -1 -1 -2 -1 -2 0 0 -2 -2 0 -1 0 -2 -1 0 -2 -1 0 -1 -2 -1 -2 -2 -2 0 0 -2 -2 -2 0 -2 -1 0 -1 -2 -2 -2 -2 0 0 0 -1 0 -1 -1 -1 0 0 -2 -1 0 0 0 0 0 0 0 0 0 0 0 -2 0 -2 -1 -1 0 -1 0 -1 -2 -2 -2 -2 0 -2 -2 0 0 -1 -1 -2 -2 -2 -2 -2 0 0 -2 0 -1 0 0 -2 -2 -1
-0.306089683740293 -0.0510896334090767 1.90934552272474 -0.00807453285784065 -0.132684801076392 -1 2 2 1 1 2 1 2 1 1 0 1 2 2 0 2 1 2 1 2 2 1 1 1 2 2 2 2 0 0 0 1 0 2 1 1 1 1 1 2 2 2 2 1 0 2 2 1 1 2 2 1 1 1 0 0 0 1 0 1 0 0 1 2 1 0 2 0 2 1 0 0 0 0 1 2 2 1 1 1 1 0 1 0 0 0 1 1 2 2 2 0 0 2 1 2 0 1 2 2 1 -2 -2 -1 -1 -2 -1 -2 -1 -1 0 -1 -2 -2 0 -2 -1 -2 -1 -2 -2 -1 -1 -1 -2 -2 -2 -2 0 0 0 -1 0 -2 -1 -1 -1 -1 -1 -2 -2 -2 -2 -1 0 -2 -2 -1 -1 -2 -2 -1 -1 -1 0 0 0 -1 0 -1 0 0 -1 -2 -1 0 -2 0 -2 -1 0 0 0 0 -1 -2 -2 -1 -1 -1 -1 0 -1 0 0 0 -1 -1 -2 -2 -2 0 0 -2 -1 -2 0 -1 -2 -2 -1
-1.20303584835461 0.204313623218748 0.145809174481757 -0.434330676884634 0.986038152441032 -1 2 1 2 2 1 1 2 2 2 1 1 2 2 1 2 1 2 1 1 2 2 1 2 2 1 2 2 2 1 1 2 1 2 0 1 0 1 0 2 2 1 1 0 0 0 2 0 0 2 1 0 1 1 0 1 0 0 0 0 0 0 1 2 2 0 2 0 2 2 2 2 2 1 2 2 2 1 1 0 2 1 1 1 2 1 1 1 2 1 1 0 0 2 0 2 0 0 2 2 1 -2 -1 -2 -2 -1 -1 -2 -2 -2 -1 -1 -2 -2 -1 -2 -1 -2 -1 -1 -2 -2 -1 -2 -2 -1 -2 -2 -2 -1 -1 -2 -1 -2 0 -1 0 -1 0 -2 -2 -1 -1 0 0 0 -2 0 0 -2 -1 0 -1 -1 0 -1 0 0 0 0 0 0 -1 -2 -2 0 -2 0 -2 -2 -2 -2 -2 -1 -2 -2 -2 -1 -1 0 -2 -1 -1 -1 -2 -1 -1 -1 -2 -1 -1 0 0 -2 0 -2 0 0 -2 -2 -1
-0.405026614863228 1.36369043257064 -0.739284442617696 -0.260991494126936 -0.982965408985384 -1 2 0 0 0 0 0 1 1 2 0 1 1 2 0 1 0 1 0 0 2 1 0 0 1 2 1 0 1 0 1 2 1 2 1 1 0 1 0 2 1 1 2 0 0 0 2 1 0 1 2 0 1 1 1 1 0 1 0 1 1 0 0 1 1 0 2 0 2 1 0 0 2 0 1 2 1 1 0 0 1 1 0 0 1 1 2 1 2 1 2 0 0 2 0 2 0 0 1 1 1 -2 0 0 0 0 0 -1 -1 -2 0 -1 -1 -2 0 -1 0 -1 0 0 -2 -1 0 0 -1 -2 -1 0 -1 0 -1 -2 -1 -2 -1 -1 0 -1 0 -2 -1 -1 -2 0 0 0 -2 -1 0 -1 -2 0 -1 -1 -1 -1 0 -1 0 -1 -1 0 0 -1 -1 0 -2 0 -2 -1 0 0 -2 0 -1 -2 -1 -1 0 0 -1 -1 0 0 -1 -1 -2 -1 -2 -1 -2 0 0 -2 0 -2 0 0 -1 -1 -1
-0.820929266622328 -1.08141804084665 -1.09462059759763 0.958321731167954 0.326201668015835 -1 2 1 0 0 1 0 2 1 2 0 0 2 2 0 2 0 2 2 0 2 1 1 1 2 1 2 2 2 0 1 1 1 1 0 1 1 0 0 2 2 1 1 0 0 0 2 0 1 1 2 0 1 2 1 1 0 0 0 2 2 0 2 2 2 0 2 0 2 2 2 2 0 0 1 2 1 1 1 0 2 1 1 0 0 0 1 2 2 2 2 0 0 2 2 2 1 0 2 2 2 -2 -1 0 0 -1 0 -2 -1 -2 0 0 -2 -2 0 -2 0 -2 -2 0 -2 -1 -1 -1 -2 -1 -2 -2 -2 0 -1 -1 -1 -1 0 -1 -1 0 0 -2 -2 -1 -1 0 0 0 -2 0 -1 -1 -2 0 -1 -2 -1 -1 0 0 0 -2 -2 0 -2 -2 -2 0 -2 0 -2 -2 -2 -2 0 0 -1 -2 -1 -1 -1 0 -2 -1 -1 0 0 0 -1 -2 -2 -2 -2 0 0 -2 -2 -2 -1 0 -2 -2 -2
1.41563392286267 0.346004360194974 -0.773373999000072 -0.860078869192799 -0.221842025891523 -1 2 0 2 1 2 0 2 1 2 0 0 2 2 1 2 1 2 1 0 1 0 0 0 1 1 2 2 2 0 1 2 2 2 0 1 0 0 0 0 1 1 2 0 0 0 2 0 1 2 2 0 1 2 2 2 0 1 0 0 0 0 0 0 1 0 2 1 2 2 2 1 2 0 2 2 2 2 2 1 1 0 0 0 0 0 1 2 2 1 2 1 0 2 0 1 1 1 1 2 2 -2 0 -2 -1 -2 0 -2 -1 -2 0 0 -2 -2 -1 -2 -1 -2 -1 0 -1 0 0 0 -1 -1 -2 -2 -2 0 -1 -2 -2 -2 0 -1 0 0 0 0 -1 -1 -2 0 0 0 -2 0 -1 -2 -2 0 -1 -2 -2 -2 0 -1 0 0 0 0 0 0 -1 0 -2 -1 -2 -2 -2 -1 -2 0 -2 -2 -2 -2 -2 -1 -1 0 0 0 0 0 -1 -2 -2 -1 -2 -1 0 -2 0 -1 -1 -1 -1 -2 -2
1.85768545478638 0.424156738676285 -0.10166061305225 0.300766513656019 0.78693595168288 1 2 2 2 1 0 1 2 1 2 1 0 2 2 0 2 0 2 1 1 2 1 1 1 2 2 2 1 2 0 1 2 1 2 0 1 0 0 0 2 2 1 2 0 0 0 2 1 1 2 2 0 0 2 2 1 0 0 0 0 0 0 0 0 0 0 1 0 2 2 2 0 1 0 2 2 2 2 1 0 1 1 2 1 1 1 1 2 2 1 2 1 0 2 0 1 0 0 2 1 2 2 2 2 1 0 1 2 1 2 1 0 2 2 0 2 0 2 1 1 2 1 1 1 2 2 2 1 2 0 1 2 1 2 0 1 0 0 0 2 2 1 2 0 0 0 2 1 1 2 2 0 0 2 2 1 0 0 0 0 0 0 0 0 0 0 1 0 2 2 2 0 1 0 2 2 2 2 1 0 1 1 2 1 1 1 1 2 2 1 2 1 0 2 0 1 0 0 2 1 2
-0.00100152406554819 1.6727845501516 -0.552205557798348 0.299129731263336 0.26952514750443 -1 2 1 0 1 1 0 1 2 2 0 0 1 2 0 2 1 2 0 0 2 0 0 0 0 1 2 2 2 0 1 1 1 2 1 1 2 1 1 2 2 2 2 0 0 0 2 0 0 2 2 0 0 2 2 1 0 2 1 2 2 0 0 1 0 0 2 0 2 1 1 0 1 0 1 2 2 1 1 0 1 2 1 2 1 0 2 1 1 0 1 0 0 2 0 2 0 0 1 1 0 -2 -1 0 -1 -1 0 -1 -2 -2 0 0 -1 -2 0 -2 -1 -2 0 0 -2 0 0 0 0 -1 -2 -2 -2 0 -1 -1 -1 -2 -1 -1 -2 -1 -1 -2 -2 -2 -2 0 0 0 -2 0 0 -2 -2 0 0 -2 -2 -1 0 -2 -1 -2 -2 0 0 -1 0 0 -2 0 -2 -1 -1 0 -1 0 -1 -2 -2 -1 -1 0 -1 -2 -1 -2 -1 0 -2 -1 -1 0 -1 0 0 -2 0 -2 0 0 -1 -1 0
-0.635321817832358 -0.989046559728687 -0.897487519980805 -2.09863622322873 -0.344061149299775 -1 2 0 1 1 2 0 2 1 2 0 0 2 2 0 2 0 1 1 0 2 0 0 0 1 0 2 2 2 0 1 2 1 1 0 1 0 1 0 2 2 1 2 0 0 1 1 0 0 2 2 0 1 1 2 2 0 1 1 1 0 0 0 0 1 0 2 0 2 2 2 1 2 0 2 2 2 1 1 0 1 1 0 1 0 0 1 1 2 1 2 1 0 2 2 2 0 0 2 2 2 -2 0 -1 -1 -2 0 -2 -1 -2 0 0 -2 -2 0 -2 0 -1 -1 0 -2 0 0 0 -1 0 -2 -2 -2 0 -1 -2 -1 -1 0 -1 0 -1 0 -2 -2 -1 -2 0 0 -1 -1 0 0 -2 -2 0 -1 -1 -2 -2 0 -1 -1 -1 0 0 0 0 -1 0 -2 0 -2 -2 -2 -1 -2 0 -2 -2 -2 -1 -1 0 -1 -1 0 -1 0 0 -1 -1 -2 -1 -2 -1 0 -2 -2 -2 0 0 -2 -2 -2
1.68517134911344 0.479825339143663 1.36698369016079 0.704892670444532 -1.14787752086588 1 2 0 0 1 1 1 2 2 2 0 1 2 2 0 2 1 2 1 0 2 0 1 1 2 2 2 2 1 1 1 1 1 2 0 1 1 1 0 1 2 2 2 0 0 0 2 1 1 1 1 0 1 2 1 2 0 0 0 0 0 0 1 2 0 0 2 0 1 2 2 1 1 0 1 2 2 0 0 0 2 0 1 0 2 1 1 1 2 2 2 1 0 2 1 1 0 0 2 2 1 2 0 0 1 1 1 2 2 2 0 1 2 2 0 2 1 2 1 0 2 0 1 1 2 2 2 2 1 1 1 1 1 2 0 1 1 1 0 1 2 2 2 0 0 0 2 1 1 1 1 0 1 2 1 2 0 0 0 0 0 0 1 2 0 0 2 0 1 2 2 1 1 0 1 2 2 0 0 0 2 0 1 0 2 1 1 1 2 2 2 1 0 2 1 1 0 0 2 2 1
1.56103050140191 1.09395149763446 1.38215527270942 1.40914507714404 0.333151218294963 -1 2 2 2 2 1 1 2 1 2 0 1 2 2 0 2 0 1 1 1 2 0 0 0 2 1 2 2 1 0 1 2 0 2 0 0 0 1 0 1 2 1 2 0 1 1 2 0 1 2 2 0 1 2 2 2 0 1 0 1 0 0 1 1 2 0 2 1 2 2 2 1 1 1 1 2 1 1 0 0 1 1 1 0 1 0 1 1 0 0 1 1 0 2 0 1 0 0 1 2 0 -2 -2 -2 -2 -1 -1 -2 -1 -2 0 -1 -2 -2 0 -2 0 -1 -1 -1 -2 0 0 0 -2 -1 -2 -2 -1 0 -1 -2 0 -2 0 0 0 -1 0 -1 -2 -1 -2 0 -1 -1 -2 0 -1 -2 -2 0 -1 -2 -2 -2 0 -1 0 -1 0 0 -1 -1 -2 0 -2 -1 -2 -2 -2 -1 -1 -1 -1 -2 -1 -1 0 0 -1 -1 -1 0 -1 0 -1 -1 0 0 -1 -1 0 -2 0 -1 0 0 -1 -2 0
-0.895237325963434 1.17455435244332 -0.384327888453455 -0.50427853553164 0.596172841179419 -1 2 1 1 2 1 0 2 2 1 0 0 1 2 0 2 1 2 1 1 2 0 1 1 2 1 2 2 2 0 0 2 2 2 0 0 0 1 0 1 1 1 2 1 0 1 2 0 0 1 1 1 1 2 2 2 0 1 0 2 2 0 1 1 1 0 2 0 2 2 2 0 2 0 2 2 1 1 0 0 1 0 0 0 0 0 0 2 2 0 2 0 0 2 0 0 0 0 0 2 2 -2 -1 -1 -2 -1 0 -2 -2 -1 0 0 -1 -2 0 -2 -1 -2 -1 -1 -2 0 -1 -1 -2 -1 -2 -2 -2 0 0 -2 -2 -2 0 0 0 -1 0 -1 -1 -1 -2 -1 0 -1 -2 0 0 -1 -1 -1 -1 -2 -2 -2 0 -1 0 -2 -2 0 -1 -1 -1 0 -2 0 -2 -2 -2 0 -2 0 -2 -2 -1 -1 0 0 -1 0 0 0 0 0 0 -2 -2 0 -2 0 0 -2 0 0 0 0 0 -2 -2
-0.968309038575641 1.16228836573035 0.0503396666618269 -0.59604199597953 -1.01946029141483 1 2 0 1 2 0 0 2 1 0 0 0 1 1 0 2 0 2 1 0 2 1 0 0 1 1 2 1 2 0 0 2 2 2 2 2 1 1 0 2 2 2 2 0 0 0 2 0 0 1 2 0 1 2 1 2 0 0 0 0 1 0 1 0 1 0 2 0 2 2 0 1 1 1 2 2 1 0 1 0 2 1 1 0 2 2 1 1 1 1 2 1 0 2 1 2 0 0 2 2 2 2 0 1 2 0 0 2 1 0 0 0 1 1 0 2 0 2 1 0 2 1 0 0 1 1 2 1 2 0 0 2 2 2 2 2 1 1 0 2 2 2 2 0 0 0 2 0 0 1 2 0 1 2 1 2 0 0 0 0 1 0 1 0 1 0 2 0 2 2 0 1 1 1 2 2 1 0 1 0 2 1 1 0 2 2 1 1 1 1 2 1 0 2 1 2 0 0 2 2 2
-2.33451194802702 0.911340477448378 -2.14975998489093 2.02721927506349 -1.7991878233887 -1 2 2 2 2 1 2 2 2 2 0 1 2 2 1 2 0 2 1 1 2 1 1 1 2 2 1 0 1 0 0 1 1 2 0 2 1 0 0 1 2 2 2 0 0 1 2 0 1 2 2 0 0 2 2 2 0 0 0 0 0 0 2 2 2 1 2 0 2 2 1 1 2 1 2 2 2 2 1 0 1 1 0 0 0 1 2 2 2 1 2 1 0 2 1 2 1 0 1 1 2 -2 -2 -2 -2 -1 -2 -2 -2 -2 0 -1 -2 -2 -1 -2 0 -2 -1 -1 -2 -1 -1 -1 -2 -2 -1 0 -1 0 0 -1 -1 -2 0 -2 -1 0 0 -1 -2 -2 -2 0 0 -1 -2 0 -1 -2 -2 0 0 -2 -2 -2 0 0 0 0 0 0 -2 -2 -2 -1 -2 0 -2 -2 -1 -1 -2 -1 -2 -2 -2 -2 -1 0 -1 -1 0 0 0 -1 -2 -2 -2 -1 -2 -1 0 -2 -1 -2 -1 0 -1 -1 -2
-0.303306179289881 -0.738552780078123 0.383399541091884 -0.401208551124882 0.247509593892333 1 2 1 0 1 2 0 2 1 2 0 0 2 2 1 2 0 2 1 0 2 2 1 1 2 1 1 1 2 0 2 2 1 2 0 2 2 2 0 2 2 1 2 0 0 0 2 1 1 2 2 1 1 1 1 0 0 0 0 1 0 0 0 1 1 0 2 0 2 2 2 1 2 0 1 2 1 2 2 0 1 0 0 0 1 2 1 0 2 2 2 0 0 2 1 1 0 0 2 2 2 2 1 0 1 2 0 2 1 2 0 0 2 2 1 2 0 2 1 0 2 2 1 1 2 1 1 1 2 0 2 2 1 2 0 2 2 2 0 2 2 1 2 0 0 0 2 1 1 2 2 1 1 1 1 0 0 0 0 1 0 0 0 1 1 0 2 0 2 2 2 1 2 0 1 2 1 2 2 0 1 0 0 0 1 2 1 0 2 2 2 0 0 2 1 1 0 0 2 2 2
-0.0225202277337767 -0.16792915994053 0.913492844334525 -0.259957491238708 1.85989355451105 1 2 0 0 0 1 1 2 1 1 0 0 1 2 0 1 0 1 1 0 1 0 0 0 2 2 1 0 1 0 0 2 0 0 0 1 1 0 0 2 2 2 2 0 0 2 2 0 0 1 1 0 1 2 1 2 0 1 0 0 0 1 2 1 2 0 2 1 2 2 1 1 2 0 2 2 2 1 0 1 2 1 2 0 2 1 1 1 1 0 2 1 0 2 1 1 0 1 2 2 2 2 0 0 0 1 1 2 1 1 0 0 1 2 0 1 0 1 1 0 1 0 0 0 2 2 1 0 1 0 0 2 0 0 0 1 1 0 0 2 2 2 2 0 0 2 2 0 0 1 1 0 1 2 1 2 0 1 0 0 0 1 2 1 2 0 2 1 2 2 1 1 2 0 2 2 2 1 0 1 2 1 2 0 2 1 1 1 1 0 2 1 0 2 1 1 0 1 2 2 2
1.4318478967435 -0.409997662372816 0.626728635122607 -0.717774995284917 -0.551117393737001 -1 2 1 0 1 2 1 2 2 2 0 0 1 2 0 1 0 2 1 1 2 1 1 0 1 0 2 1 1 0 1 2 0 2 1 2 2 0 0 2 2 2 2 1 1 2 2 0 0 1 1 1 2 2 2 2 0 0 0 2 1 0 0 0 0 0 2 1 2 2 2 2 2 0 1 2 2 1 0 0 2 1 0 0 0 0 0 1 1 1 0 0 0 2 2 1 0 0 1 2 2 -2 -1 0 -1 -2 -1 -2 -2 -2 0 0 -1 -2 0 -1 0 -2 -1 -1 -2 -1 -1 0 -1 0 -2 -1 -1 0 -1 -2 0 -2 -1 -2 -2 0 0 -2 -2 -2 -2 -1 -1 -2 -2 0 0 -1 -1 -1 -2 -2 -2 -2 0 0 0 -2 -1 0 0 0 0 0 -2 -1 -2 -2 -2 -2 -2 0 -1 -2 -2 -1 0 0 -2 -1 0 0 0 0 0 -1 -1 -1 0 0 0 -2 -2 -1 0 0 -1 -2 -2
0.699163055340194 1.25507872954895 2.30926708680112 -0.556028152214649 -0.833939290755281 1 2 2 1 2 1 0 2 1 2 0 1 2 2 1 0 0 0 0 0 2 0 1 0 2 1 2 1 1 0 1 2 1 1 0 0 0 1 1 2 2 2 2 0 0 1 1 1 0 1 2 0 2 2 2 2 0 0 0 0 0 0 1 1 1 0 2 0 2 2 1 0 0 0 1 2 2 0 1 0 1 0 1 1 1 1 2 2 2 2 2 1 0 2 0 1 0 0 1 2 1 2 2 1 2 1 0 2 1 2 0 1 2 2 1 0 0 0 0 0 2 0 1 0 2 1 2 1 1 0 1 2 1 1 0 0 0 1 1 2 2 2 2 0 0 1 1 1 0 1 2 0 2 2 2 2 0 0 0 0 0 0 1 1 1 0 2 0 2 2 1 0 0 0 1 2 2 0 1 0 1 0 1 1 1 1 2 2 2 2 2 1 0 2 0 1 0 0 1 2 1
-0.0286423025776489 1.09149607261627 0.624210376761975 1.63575351250552 0.830441939651979 -1 2 2 1 2 1 0 2 1 2 0 1 2 2 1 1 0 0 0 0 2 1 1 0 2 1 2 1 2 0 0 2 0 1 0 1 0 1 0 2 2 2 2 0 0 1 1 0 0 2 2 0 0 1 1 1 0 1 0 0 0 0 0 0 0 0 1 0 2 1 1 1 2 1 2 2 1 1 0 0 1 0 0 0 1 1 1 2 1 1 2 1 0 2 0 2 1 0 2 2 1 -2 -2 -1 -2 -1 0 -2 -1 -2 0 -1 -2 -2 -1 -1 0 0 0 0 -2 -1 -1 0 -2 -1 -2 -1 -2 0 0 -2 0 -1 0 -1 0 -1 0 -2 -2 -2 -2 0 0 -1 -1 0 0 -2 -2 0 0 -1 -1 -1 0 -1 0 0 0 0 0 0 0 0 -1 0 -2 -1 -1 -1 -2 -1 -2 -2 -1 -1 0 0 -1 0 0 0 -1 -1 -1 -2 -1 -1 -2 -1 0 -2 0 -2 -1 0 -2 -2 -1
1.78844024643329 0.511113975946567 -1.29515816246259 -0.576995459811165 -0.476246320074993 1 2 0 1 0 0 0 1 1 1 0 1 2 2 0 2 0 1 0 0 2 0 0 1 2 2 2 2 1 0 1 2 0 2 1 2 0 1 0 2 2 2 2 0 0 0 2 1 1 2 2 0 1 1 0 0 0 0 0 0 0 0 1 1 1 0 2 0 2 2 1 0 1 0 1 2 2 2 1 0 2 0 0 0 1 1 2 2 2 2 2 1 0 1 0 1 0 0 0 1 2 2 0 1 0 0 0 1 1 1 0 1 2 2 0 2 0 1 0 0 2 0 0 1 2 2 2 2 1 0 1 2 0 2 1 2 0 1 0 2 2 2 2 0 0 0 2 1 1 2 2 0 1 1 0 0 0 0 0 0 0 0 1 1 1 0 2 0 2 2 1 0 1 0 1 2 2 2 1 0 2 0 0 0 1 1 2 2 2 2 2 1 0 1 0 1 0 0 0 1 2
0.247548668693792 -0.278419961830806 -1.0774208122252 -0.393717356546067 0.0249315543626605 1 2 1 1 1 2 1 2 1 2 0 0 2 2 0 1 0 1 1 2 2 1 0 1 2 1 2 1 2 0 0 2 1 2 0 2 0 0 0 2 2 2 2 1 0 2 2 0 0 2 2 1 1 2 2 2 0 2 2 2 2 0 1 2 2 0 1 0 2 2 2 0 2 1 2 2 2 1 2 1 2 2 1 0 0 0 1 1 1 1 2 0 0 2 1 2 0 1 2 2 2 2 1 1 1 2 1 2 1 2 0 0 2 2 0 1 0 1 1 2 2 1 0 1 2 1 2 1 2 0 0 2 1 2 0 2 0 0 0 2 2 2 2 1 0 2 2 0 0 2 2 1 1 2 2 2 0 2 2 2 2 0 1 2 2 0 1 0 2 2 2 0 2 1 2 2 2 1 2 1 2 2 1 0 0 0 1 1 1 1 2 0 0 2 1 2 0 1 2 2 2
0.919535293752955 -0.163247260043037 -0.635970138309133 0.561446102260602 -1.65180030430671 -1 2 2 1 1 2 2 2 0 0 0 2 2 2 0 2 0 2 1 1 2 1 1 0 2 2 1 0 1 1 2 2 2 2 0 0 0 0 0 0 1 1 1 0 0 0 2 1 1 2 2 0 1 2 2 1 0 0 0 0 0 0 1 2 1 0 2 0 2 1 0 0 1 0 1 2 0 1 1 0 2 2 1 0 1 0 1 1 1 1 2 2 0 2 0 1 0 0 1 1 2 -2 -2 -1 -1 -2 -2 -2 0 0 0 -2 -2 -2 0 -2 0 -2 -1 -1 -2 -1 -1 0 -2 -2 -1 0 -1 -1 -2 -2 -2 -2 0 0 0 0 0 0 -1 -1 -1 0 0 0 -2 -1 -1 -2 -2 0 -1 -2 -2 -1 0 0 0 0 0 0 -1 -2 -1 0 -2 0 -2 -1 0 0 -1 0 -1 -2 0 -1 -1 0 -2 -2 -1 0 -1 0 -1 -1 -1 -1 -2 -2 0 -2 0 -1 0 0 -1 -1 -2
-0.894718636675178 0.0670485150021743 -0.473956183413951 -0.140975198290005 0.922290450556147 -1 2 1 1 1 1 1 2 2 2 0 0 2 2 0 1 0 2 2 1 2 2 2 2 2 1 2 1 2 0 1 2 2 2 0 2 1 0 1 2 2 2 2 1 1 2 2 1 2 2 2 1 1 1 0 1 0 0 0 1 1 0 0 1 1 0 2 0 2 2 1 1 1 0 1 2 2 0 2 0 2 0 0 0 2 1 1 2 2 2 2 0 0 2 0 2 0 0 2 2 1 -2 -1 -1 -1 -1 -1 -2 -2 -2 0 0 -2 -2 0 -1 0 -2 -2 -1 -2 -2 -2 -2 -2 -1 -2 -1 -2 0 -1 -2 -2 -2 0 -2 -1 0 -1 -2 -2 -2 -2 -1 -1 -2 -2 -1 -2 -2 -2 -1 -1 -1 0 -1 0 0 0 -1 -1 0 0 -1 -1 0 -2 0 -2 -2 -1 -1 -1 0 -1 -2 -2 0 -2 0 -2 0 0 0 -2 -1 -1 -2 -2 -2 -2 0 0 -2 0 -2 0 0 -2 -2 -1
-0.558930502008815 0.102310872568487 0.230600168307125 1.79681827480583 -1.08947811357183 1 2 0 1 1 0 0 1 1 1 0 0 2 2 0 0 0 2 2 0 2 1 0 0 2 1 1 0 0 0 1 2 1 1 0 0 0 0 0 1 2 2 2 0 0 0 2 1 0 1 2 1 1 2 0 1 0 1 0 0 0 0 0 1 0 0 2 0 2 2 2 1 1 0 1 1 1 1 0 0 1 1 0 0 1 1 1 2 2 2 2 1 0 2 1 2 0 1 2 2 1 2 0 1 1 0 0 1 1 1 0 0 2 2 0 0 0 2 2 0 2 1 0 0 2 1 1 0 0 0 1 2 1 1 0 0 0 0 0 1 2 2 2 0 0 0 2 1 0 1 2 1 1 2 0 1 0 1 0 0 0 0 0 1 0 0 2 0 2 2 2 1 1 0 1 1 1 1 0 0 1 1 0 0 1 1 1 2 2 2 2 1 0 2 1 2 0 1 2 2 1
-1.44596026133139 0.135948533127691 -1.11438763339528 0.599647807033684 0.665843609677045 1 2 1 1 1 1 0 2 1 1 0 1 2 2 1 2 0 1 1 0 2 1 0 0 2 0 2 1 1 0 0 1 1 2 0 1 1 2 0 1 2 1 2 0 0 2 1 0 0 1 1 0 1 2 2 2 0 1 1 1 1 0 0 0 1 0 2 0 2 2 1 0 1 0 1 2 2 1 1 0 1 0 0 1 1 0 0 0 2 2 2 1 0 2 1 2 1 0 2 2 1 2 1 1 1 1 0 2 1 1 0 1 2 2 1 2 0 1 1 0 2 1 0 0 2 0 2 1 1 0 0 1 1 2 0 1 1 2 0 1 2 1 2 0 0 2 1 0 0 1 1 0 1 2 2 2 0 1 1 1 1 0 0 0 1 0 2 0 2 2 1 0 1 0 1 2 2 1 1 0 1 0 0 1 1 0 0 0 2 2 2 1 0 2 1 2 1 0 2 2 1
-0.166150280846354 -0.542869826023493 -0.877409441550207 1.06944480635981 0.996040925424485 -1 2 0 1 1 1 0 2 0 1 0 0 2 2 0 1 0 0 1 0 2 1 0 0 2 2 2 2 1 0 2 2 1 2 0 1 1 0 0 2 2 1 1 0 0 1 1 0 1 1 2 0 2 2 1 2 0 0 0 0 0 0 1 0 1 0 2 1 1 1 1 1 2 1 1 2 2 2 1 0 2 0 0 2 0 0 1 1 1 1 0 0 0 2 1 1 0 0 2 2 0 -2 0 -1 -1 -1 0 -2 0 -1 0 0 -2 -2 0 -1 0 0 -1 0 -2 -1 0 0 -2 -2 -2 -2 -1 0 -2 -2 -1 -2 0 -1 -1 0 0 -2 -2 -1 -1 0 0 -1 -1 0 -1 -1 -2 0 -2 -2 -1 -2 0 0 0 0 0 0 -1 0 -1 0 -2 -1 -1 -1 -1 -1 -2 -1 -1 -2 -2 -2 -1 0 -2 0 0 -2 0 0 -1 -1 -1 -1 0 0 0 -2 -1 -1 0 0 -2 -2 0
-0.228451570856607 -1.05122991591758 0.233140490026148 -0.682151050895874 0.466229374753556 -1 2 0 1 1 2 1 2 0 1 0 0 2 2 0 0 0 1 0 0 2 0 0 0 1 2 2 1 2 0 1 2 2 1 0 1 0 1 0 1 2 2 2 0 0 2 2 0 1 1 1 0 2 2 1 1 0 0 0 1 1 0 1 2 0 0 2 0 1 0 1 1 0 0 1 2 2 1 1 0 0 0 0 0 0 0 0 1 2 2 2 0 0 2 1 2 0 0 2 2 1 -2 0 -1 -1 -2 -1 -2 0 -1 0 0 -2 -2 0 0 0 -1 0 0 -2 0 0 0 -1 -2 -2 -1 -2 0 -1 -2 -2 -1 0 -1 0 -1 0 -1 -2 -2 -2 0 0 -2 -2 0 -1 -1 -1 0 -2 -2 -1 -1 0 0 0 -1 -1 0 -1 -2 0 0 -2 0 -1 0 -1 -1 0 0 -1 -2 -2 -1 -1 0 0 0 0 0 0 0 0 -1 -2 -2 -2 0 0 -2 -1 -2 0 0 -2 -2 -1
1.57719016647481 0.0566059232962341 0.387735890563815 -0.650205122579663 1.29295165664483 1 2 1 1 1 1 0 2 1 1 0 0 1 2 0 2 0 2 1 0 2 1 1 1 1 2 2 2 2 1 2 2 2 2 0 2 1 1 0 0 1 0 1 0 0 0 2 2 1 1 1 0 2 2 2 1 0 0 0 1 2 0 0 1 1 0 2 0 2 2 2 1 1 0 1 2 2 2 2 0 1 2 1 1 1 0 1 2 2 1 1 0 0 2 1 2 2 2 2 2 2 2 1 1 1 1 0 2 1 1 0 0 1 2 0 2 0 2 1 0 2 1 1 1 1 2 2 2 2 1 2 2 2 2 0 2 1 1 0 0 1 0 1 0 0 0 2 2 1 1 1 0 2 2 2 1 0 0 0 1 2 0 0 1 1 0 2 0 2 2 2 1 1 0 1 2 2 2 2 0 1 2 1 1 1 0 1 2 2 1 1 0 0 2 1 2 2 2 2 2 2
0.533763727900522 -0.245692852662896 1.7256104366603 -1.49694446496192 1.29518785115531 -1 2 0 0 1 1 1 2 1 2 0 0 1 2 0 2 2 2 2 1 2 1 0 0 2 1 2 2 2 0 1 2 1 2 2 2 1 1 0 2 2 2 2 0 0 0 2 1 1 0 1 0 2 2 2 0 0 0 0 1 0 0 1 2 1 0 2 0 2 1 2 2 2 1 1 1 1 1 0 0 2 0 0 1 0 0 0 0 2 1 1 0 0 2 0 2 0 0 0 1 1 -2 0 0 -1 -1 -1 -2 -1 -2 0 0 -1 -2 0 -2 -2 -2 -2 -1 -2 -1 0 0 -2 -1 -2 -2 -2 0 -1 -2 -1 -2 -2 -2 -1 -1 0 -2 -2 -2 -2 0 0 0 -2 -1 -1 0 -1 0 -2 -2 -2 0 0 0 0 -1 0 0 -1 -2 -1 0 -2 0 -2 -1 -2 -2 -2 -1 -1 -1 -1 -1 0 0 -2 0 0 -1 0 0 0 0 -2 -1 -1 0 0 -2 0 -2 0 0 0 -1 -1
2.69118926434546 -0.96362869789635 0.499513592885065 0.88931565789206 -0.261327951809848 1 2 0 0 1 0 1 2 1 2 1 0 1 1 0 1 0 1 1 0 2 0 0 0 1 1 1 0 1 0 0 1 0 2 0 0 0 1 1 2 2 2 2 0 0 1 2 2 1 2 2 1 2 2 2 2 0 1 0 1 1 0 1 1 1 0 2 0 2 2 2 2 2 1 2 2 2 1 1 0 2 2 2 0 0 0 2 2 2 2 2 1 0 2 0 2 0 0 2 2 2 2 0 0 1 0 1 2 1 2 1 0 1 1 0 1 0 1 1 0 2 0 0 0 1 1 1 0 1 0 0 1 0 2 0 0 0 1 1 2 2 2 2 0 0 1 2 2 1 2 2 1 2 2 2 2 0 1 0 1 1 0 1 1 1 0 2 0 2 2 2 2 2 1 2 2 2 1 1 0 2 2 2 0 0 0 2 2 2 2 2 1 0 2 0 2 0 0 2 2 2
1.77170806707322 0.206818171855477 -2.5036319921427 0.4408409693612 -0.045176533485497 -1 2 1 2 1 0 0 1 1 2 0 0 2 2 0 2 0 1 1 1 2 1 1 1 1 1 2 2 1 0 0 1 0 1 0 1 1 0 0 2 2 1 2 0 0 0 2 1 1 2 2 1 1 2 1 1 0 0 0 1 0 0 2 1 0 0 1 0 2 1 1 0 1 1 1 2 0 1 1 0 1 0 0 0 0 1 1 1 2 2 2 0 0 2 0 2 0 0 1 2 1 -2 -1 -2 -1 0 0 -1 -1 -2 0 0 -2 -2 0 -2 0 -1 -1 -1 -2 -1 -1 -1 -1 -1 -2 -2 -1 0 0 -1 0 -1 0 -1 -1 0 0 -2 -2 -1 -2 0 0 0 -2 -1 -1 -2 -2 -1 -1 -2 -1 -1 0 0 0 -1 0 0 -2 -1 0 0 -1 0 -2 -1 -1 0 -1 -1 -1 -2 0 -1 -1 0 -1 0 0 0 0 -1 -1 -1 -2 -2 -2 0 0 -2 0 -2 0 0 -1 -2 -1
-0.624644439144696 0.145897738165659 -0.614423576063857 1.07118877356647 -0.678382506249763 1 2 0 1 2 2 1 2 2 2 1 1 1 2 0 2 0 2 1 0 2 0 0 0 1 0 1 0 0 0 0 2 2 2 0 2 1 0 0 1 2 2 2 0 0 1 1 0 0 1 0 0 1 2 1 1 0 0 0 1 0 0 0 0 1 0 2 0 2 2 2 2 2 1 1 2 1 0 2 0 2 1 0 1 1 0 0 1 0 2 2 0 0 1 0 2 0 0 2 1 0 2 0 1 2 2 1 2 2 2 1 1 1 2 0 2 0 2 1 0 2 0 0 0 1 0 1 0 0 0 0 2 2 2 0 2 1 0 0 1 2 2 2 0 0 1 1 0 0 1 0 0 1 2 1 1 0 0 0 1 0 0 0 0 1 0 2 0 2 2 2 2 2 1 1 2 1 0 2 0 2 1 0 1 1 0 0 1 0 2 2 0 0 1 0 2 0 0 2 1 0
0.611728889146576 -0.87995841403508 -1.2452895546208 0.55934548072737 0.0467432226100783 -1 2 1 1 0 1 0 2 2 2 0 0 1 2 0 2 0 1 1 0 2 1 1 1 2 1 2 1 1 0 1 2 0 2 1 1 1 1 0 1 2 1 2 0 0 1 2 1 1 2 1 0 1 2 2 2 0 0 0 0 0 0 1 1 1 0 2 0 2 2 2 2 2 0 1 2 2 0 1 1 2 0 0 0 2 2 2 1 2 1 1 0 0 2 0 2 0 0 2 1 0 -2 -1 -1 0 -1 0 -2 -2 -2 0 0 -1 -2 0 -2 0 -1 -1 0 -2 -1 -1 -1 -2 -1 -2 -1 -1 0 -1 -2 0 -2 -1 -1 -1 -1 0 -1 -2 -1 -2 0 0 -1 -2 -1 -1 -2 -1 0 -1 -2 -2 -2 0 0 0 0 0 0 -1 -1 -1 0 -2 0 -2 -2 -2 -2 -2 0 -1 -2 -2 0 -1 -1 -2 0 0 0 -2 -2 -2 -1 -2 -1 -1 0 0 -2 0 -2 0 0 -2 -1 0
0.591817011197278 1.71151790717128 0.0245089090714514 0.368923372398117 -0.182292497969164 1 2 1 1 1 2 0 2 2 2 0 0 2 1 0 2 0 2 1 0 2 0 0 1 1 1 2 1 2 0 0 2 0 1 0 0 0 0 0 2 2 1 1 0 0 0 2 1 1 0 2 0 1 2 0 1 0 0 0 1 1 0 1 1 0 0 2 0 2 0 0 0 1 1 2 2 2 2 0 0 1 0 0 1 2 2 2 2 1 1 2 1 0 2 0 2 0 1 1 2 2 2 1 1 1 2 0 2 2 2 0 0 2 1 0 2 0 2 1 0 2 0 0 1 1 1 2 1 2 0 0 2 0 1 0 0 0 0 0 2 2 1 1 0 0 0 2 1 1 0 2 0 1 2 0 1 0 0 0 1 1 0 1 1 0 0 2 0 2 0 0 0 1 1 2 2 2 2 0 0 1 0 0 1 2 2 2 2 1 1 2 1 0 2 0 2 0 1 1 2 2
1.18038955175415 -0.216579454015038 0.381679766799601 -0.16542654586921 -1.11424598755595 -1 2 0 0 1 1 0 1 1 0 0 0 2 2 0 2 0 2 1 0 2 0 2 1 2 1 2 2 2 0 1 2 2 2 0 1 1 0 0 2 2 2 2 0 0 2 2 0 1 2 2 0 1 2 1 1 0 0 0 1 0 0 0 0 0 0 2 0 2 2 1 1 2 1 1 2 1 1 1 0 2 1 0 0 1 1 2 2 2 1 2 0 0 2 0 2 0 1 1 1 1 -2 0 0 -1 -1 0 -1 -1 0 0 0 -2 -2 0 -2 0 -2 -1 0 -2 0 -2 -1 -2 -1 -2 -2 -2 0 -1 -2 -2 -2 0 -1 -1 0 0 -2 -2 -2 -2 0 0 -2 -2 0 -1 -2 -2 0 -1 -2 -1 -1 0 0 0 -1 0 0 0 0 0 0 -2 0 -2 -2 -1 -1 -2 -1 -1 -2 -1 -1 -1 0 -2 -1 0 0 -1 -1 -2 -2 -2 -1 -2 0 0 -2 0 -2 0 -1 -1 -1 -1
-0.182715667482709 -0.294488994457438 0.625863683699156 -1.68861493629695 0.517550729999761 1 2 0 0 0 0 0 2 1 2 0 0 2 2 0 2 1 2 0 0 2 0 0 0 1 1 2 1 2 0 1 2 1 2 1 2 1 0 0 2 2 2 1 0 0 2 2 0 0 0 1 0 0 0 1 1 0 0 0 1 0 0 1 1 1 0 2 0 2 2 2 2 2 1 2 2 1 1 1 2 2 1 1 0 0 1 2 2 2 2 2 1 0 2 0 1 0 0 1 2 1 2 0 0 0 0 0 2 1 2 0 0 2 2 0 2 1 2 0 0 2 0 0 0 1 1 2 1 2 0 1 2 1 2 1 2 1 0 0 2 2 2 1 0 0 2 2 0 0 0 1 0 0 0 1 1 0 0 0 1 0 0 1 1 1 0 2 0 2 2 2 2 2 1 2 2 1 1 1 2 2 1 1 0 0 1 2 2 2 2 2 1 0 2 0 1 0 0 1 2 1
0.402539505648917 0.142812547119559 1.61878983629981 -0.068930754548992 0.27387884706562 -1 2 0 1 0 1 1 2 1 2 1 1 1 2 0 2 0 2 0 0 2 1 0 1 1 1 1 1 1 0 2 2 1 2 0 0 0 0 0 2 2 2 2 0 0 0 2 0 0 1 2 0 0 2 1 1 0 1 0 0 0 0 1 2 2 0 2 1 2 2 2 1 2 0 1 2 2 2 2 0 2 0 0 1 2 2 2 2 2 1 2 0 0 2 0 2 0 0 2 2 0 -2 0 -1 0 -1 -1 -2 -1 -2 -1 -1 -1 -2 0 -2 0 -2 0 0 -2 -1 0 -1 -1 -1 -1 -1 -1 0 -2 -2 -1 -2 0 0 0 0 0 -2 -2 -2 -2 0 0 0 -2 0 0 -1 -2 0 0 -2 -1 -1 0 -1 0 0 0 0 -1 -2 -2 0 -2 -1 -2 -2 -2 -1 -2 0 -1 -2 -2 -2 -2 0 -2 0 0 -1 -2 -2 -2 -2 -2 -1 -2 0 0 -2 0 -2 0 0 -2 -2 0
-0.0659701326808412 0.540993857772518 -0.452617665112294 -0.357487938991435 0.520861933031808 1 2 1 0 0 1 1 2 1 1 0 0 0 2 0 2 0 2 1 0 2 0 0 0 2 1 2 1 0 0 2 2 1 2 0 1 2 0 0 0 2 2 2 0 0 0 2 2 0 1 2 0 1 1 0 0 0 1 1 0 0 0 1 2 2 1 2 1 2 1 1 1 2 0 2 2 1 1 1 1 2 1 1 0 0 2 2 2 2 2 2 0 0 2 0 2 0 1 2 2 2 2 1 0 0 1 1 2 1 1 0 0 0 2 0 2 0 2 1 0 2 0 0 0 2 1 2 1 0 0 2 2 1 2 0 1 2 0 0 0 2 2 2 0 0 0 2 2 0 1 2 0 1 1 0 0 0 1 1 0 0 0 1 2 2 1 2 1 2 1 1 1 2 0 2 2 1 1 1 1 2 1 1 0 0 2 2 2 2 2 2 0 0 2 0 2 0 1 2 2 2
-0.500150104710707 -0.684971490013631 -0.966024185803347 1.20585337978673 -1.27083332931856 1 2 1 1 1 0 0 2 0 1 0 1 1 2 0 2 0 1 2 2 2 1 0 0 1 2 1 0 2 0 1 2 1 2 0 1 1 2 1 1 2 1 2 0 0 1 2 1 0 2 2 1 2 2 1 1 0 1 0 1 1 0 1 1 1 0 2 0 1 0 0 0 1 0 2 2 1 1 0 1 2 1 1 0 2 0 2 2 2 2 2 1 0 2 0 2 0 0 2 2 1 2 1 1 1 0 0 2 0 1 0 1 1 2 0 2 0 1 2 2 2 1 0 0 1 2 1 0 2 0 1 2 1 2 0 1 1 2 1 1 2 1 2 0 0 1 2 1 0 2 2 1 2 2 1 1 0 1 0 1 1 0 1 1 1 0 2 0 1 0 0 0 1 0 2 2 1 1 0 1 2 1 1 0 2 0 2 2 2 2 2 1 0 2 0 2 0 0 2 2 1
1.04687666400356 -1.18966352066597 0.869709439209169 -1.48857885234758 0.198607217314233 1 2 1 0 0 1 1 2 0 2 0 0 2 2 0 2 1 2 2 2 2 1 1 1 2 1 2 1 2 0 1 1 1 1 0 0 0 2 0 2 2 2 2 2 0 0 2 1 0 1 1 0 0 2 1 1 0 1 0 0 0 0 1 1 0 0 2 0 2 2 1 1 2 2 2 1 2 0 1 0 0 0 0 0 2 1 0 1 2 0 1 1 0 2 0 1 0 1 2 2 2 2 1 0 0 1 1 2 0 2 0 0 2 2 0 2 1 2 2 2 2 1 1 1 2 1 2 1 2 0 1 1 1 1 0 0 0 2 0 2 2 2 2 2 0 0 2 1 0 1 1 0 0 2 1 1 0 1 0 0 0 0 1 1 0 0 2 0 2 2 1 1 2 2 2 1 2 0 1 0 0 0 0 0 2 1 0 1 2 0 1 1 0 2 0 1 0 1 2 2 2
-1.35217287490339 -1.94894900649646 -0.441024865070318 -1.35770224246648 -0.103687183320749 1 2 2 1 1 2 1 2 1 1 0 0 1 2 0 1 1 2 0 0 2 2 2 2 2 2 2 2 2 0 1 2 1 2 0 2 2 2 1 2 2 2 2 1 0 0 1 1 1 2 2 0 0 2 1 1 0 0 0 0 0 0 1 2 2 0 2 0 2 2 1 0 2 0 1 2 2 1 1 0 1 1 0 0 1 0 2 1 2 2 2 0 0 2 1 2 0 0 1 1 1 2 2 1 1 2 1 2 1 1 0 0 1 2 0 1 1 2 0 0 2 2 2 2 2 2 2 2 2 0 1 2 1 2 0 2 2 2 1 2 2 2 2 1 0 0 1 1 1 2 2 0 0 2 1 1 0 0 0 0 0 0 1 2 2 0 2 0 2 2 1 0 2 0 1 2 2 1 1 0 1 1 0 0 1 0 2 1 2 2 2 0 0 2 1 2 0 0 1 1 1
-1.03535142008213 -0.422416721929595 0.68933482902836 -0.423619391241806 -0.571507437786849 1 2 1 2 1 2 1 2 0 2 0 1 2 2 1 2 0 2 0 0 2 0 0 1 2 2 2 2 0 0 0 2 1 1 0 1 0 1 0 2 2 0 1 0 0 1 2 1 1 2 2 0 0 2 2 2 0 1 1 1 1 0 2 2 1 0 2 1 2 2 1 0 2 1 2 1 0 0 0 0 1 2 1 0 2 2 1 0 2 1 2 0 0 2 0 2 0 0 2 2 2 2 1 2 1 2 1 2 0 2 0 1 2 2 1 2 0 2 0 0 2 0 0 1 2 2 2 2 0 0 0 2 1 1 0 1 0 1 0 2 2 0 1 0 0 1 2 1 1 2 2 0 0 2 2 2 0 1 1 1 1 0 2 2 1 0 2 1 2 2 1 0 2 1 2 1 0 0 0 0 1 2 1 0 2 2 1 0 2 1 2 0 0 2 0 2 0 0 2 2 2
1.17830020779523 -1.03300212639714 1.95716212114036 -0.396437349621268 -0.407464344901825 -1 2 2 1 1 1 1 2 1 2 0 1 1 2 2 2 2 2 0 0 2 1 0 0 1 0 1 0 0 0 0 1 1 2 0 1 0 0 0 1 2 1 1 0 0 1 1 0 0 2 1 0 0 1 1 1 0 0 0 0 1 1 1 2 1 0 2 0 2 1 0 0 1 0 2 2 1 1 1 0 2 0 0 0 0 1 1 1 2 2 2 0 0 2 1 2 1 0 1 2 2 -2 -2 -1 -1 -1 -1 -2 -1 -2 0 -1 -1 -2 -2 -2 -2 -2 0 0 -2 -1 0 0 -1 0 -1 0 0 0 0 -1 -1 -2 0 -1 0 0 0 -1 -2 -1 -1 0 0 -1 -1 0 0 -2 -1 0 0 -1 -1 -1 0 0 0 0 -1 -1 -1 -2 -1 0 -2 0 -2 -1 0 0 -1 0 -2 -2 -1 -1 -1 0 -2 0 0 0 0 -1 -1 -1 -2 -2 -2 0 0 -2 -1 -2 -1 0 -1 -2 -2
-0.0748309629361055 0.197588237308491 0.665169997793766 -1.14386166962241 -0.592011668739189 -1 2 1 0 0 1 1 2 2 1 0 1 1 2 0 2 0 1 0 0 2 1 1 2 2 2 2 1 1 0 2 2 2 2 1 2 2 0 0 1 2 2 2 0 0 1 2 1 2 2 2 0 0 2 2 2 0 0 0 0 0 0 1 2 1 0 2 0 1 0 1 1 2 0 0 2 2 2 1 0 2 0 0 0 1 1 1 0 2 2 1 0 0 2 0 1 0 0 2 2 2 -2 -1 0 0 -1 -1 -2 -2 -1 0 -1 -1 -2 0 -2 0 -1 0 0 -2 -1 -1 -2 -2 -2 -2 -1 -1 0 -2 -2 -2 -2 -1 -2 -2 0 0 -1 -2 -2 -2 0 0 -1 -2 -1 -2 -2 -2 0 0 -2 -2 -2 0 0 0 0 0 0 -1 -2 -1 0 -2 0 -1 0 -1 -1 -2 0 0 -2 -2 -2 -1 0 -2 0 0 0 -1 -1 -1 0 -2 -2 -1 0 0 -2 0 -1 0 0 -2 -2 -2
0.0330066189560803 0.646436291009259 0.929568148295333 0.344316329732221 1.51168171606471 1 2 1 1 1 2 1 2 1 1 0 0 2 2 1 2 1 2 2 2 2 2 1 1 2 1 2 2 2 0 2 2 1 2 0 1 1 1 0 1 2 1 2 1 0 2 2 1 1 1 2 0 1 2 2 1 0 0 0 2 0 0 0 0 1 0 2 0 2 2 2 1 2 1 2 2 2 0 1 0 1 0 0 1 1 1 2 2 1 2 2 1 0 2 0 2 0 0 2 1 1 2 1 1 1 2 1 2 1 1 0 0 2 2 1 2 1 2 2 2 2 2 1 1 2 1 2 2 2 0 2 2 1 2 0 1 1 1 0 1 2 1 2 1 0 2 2 1 1 1 2 0 1 2 2 1 0 0 0 2 0 0 0 0 1 0 2 0 2 2 2 1 2 1 2 2 2 0 1 0 1 0 0 1 1 1 2 2 1 2 2 1 0 2 0 2 0 0 2 1 1
0.865800324028893 -0.522583308389099 1.45821224553469 0.599308750978564 -0.753280226348586 -1 2 0 0 1 1 0 2 1 2 0 1 2 2 0 2 0 2 2 0 2 1 1 0 1 1 2 0 1 0 1 2 0 2 0 1 0 1 0 1 2 1 2 0 0 0 0 0 0 0 1 0 2 2 2 2 0 1 0 2 1 0 1 2 1 0 1 0 2 2 2 0 1 0 1 2 2 1 1 0 2 1 0 0 1 1 2 2 2 1 2 0 0 1 0 0 0 0 0 0 0 -2 0 0 -1 -1 0 -2 -1 -2 0 -1 -2 -2 0 -2 0 -2 -2 0 -2 -1 -1 0 -1 -1 -2 0 -1 0 -1 -2 0 -2 0 -1 0 -1 0 -1 -2 -1 -2 0 0 0 0 0 0 0 -1 0 -2 -2 -2 -2 0 -1 0 -2 -1 0 -1 -2 -1 0 -1 0 -2 -2 -2 0 -1 0 -1 -2 -2 -1 -1 0 -2 -1 0 0 -1 -1 -2 -2 -2 -1 -2 0 0 -1 0 0 0 0 0 0 0
1.23130052990233 -0.849657655818674 -2.17019702772885 0.829412424419816 0.549307111918607 -1 2 1 1 0 0 0 2 0 1 0 0 2 2 0 1 0 1 0 0 2 1 0 1 1 2 2 2 1 0 1 2 2 2 1 1 0 0 0 2 2 2 2 1 0 1 2 1 1 2 2 0 2 2 0 2 0 1 1 1 0 0 1 2 2 0 2 1 2 2 2 2 2 2 2 1 1 1 1 0 1 0 0 0 0 1 0 1 2 2 2 0 0 2 1 2 0 1 2 2 1 -2 -1 -1 0 0 0 -2 0 -1 0 0 -2 -2 0 -1 0 -1 0 0 -2 -1 0 -1 -1 -2 -2 -2 -1 0 -1 -2 -2 -2 -1 -1 0 0 0 -2 -2 -2 -2 -1 0 -1 -2 -1 -1 -2 -2 0 -2 -2 0 -2 0 -1 -1 -1 0 0 -1 -2 -2 0 -2 -1 -2 -2 -2 -2 -2 -2 -2 -1 -1 -1 -1 0 -1 0 0 0 0 -1 0 -1 -2 -2 -2 0 0 -2 -1 -2 0 -1 -2 -2 -1
-0.690698100946885 1.03883434988518 0.123841628810215 -0.615934142019651 -1.67497737312406 1 2 0 1 1 0 1 2 1 2 0 1 2 2 1 2 0 1 1 1 2 1 0 0 1 1 2 2 1 1 2 2 1 2 1 1 0 2 0 1 2 2 2 1 0 2 2 1 0 2 2 0 2 2 2 1 0 1 0 1 0 0 1 2 2 0 2 0 2 1 1 0 1 0 1 2 2 1 1 1 2 1 1 1 1 1 0 1 1 1 2 0 0 2 2 2 0 0 2 2 1 2 0 1 1 0 1 2 1 2 0 1 2 2 1 2 0 1 1 1 2 1 0 0 1 1 2 2 1 1 2 2 1 2 1 1 0 2 0 1 2 2 2 1 0 2 2 1 0 2 2 0 2 2 2 1 0 1 0 1 0 0 1 2 2 0 2 0 2 1 1 0 1 0 1 2 2 1 1 1 2 1 1 1 1 1 0 1 1 1 2 0 0 2 2 2 0 0 2 2 1
-0.579669971605847 -0.65952486091776 -2.07950659465611 0.587562856403774 1.47959598873569 -1 2 1 1 2 0 1 2 1 1 0 0 2 2 0 1 0 2 0 0 2 0 0 1 2 2 2 0 2 0 0 2 1 2 1 2 2 2 1 2 2 2 2 0 0 0 2 0 0 2 1 0 1 1 1 2 0 1 1 2 0 1 1 2 1 0 2 0 2 2 2 2 2 1 2 2 2 1 1 1 2 0 0 0 1 1 2 2 2 2 2 0 0 2 2 2 0 1 2 2 1 -2 -1 -1 -2 0 -1 -2 -1 -1 0 0 -2 -2 0 -1 0 -2 0 0 -2 0 0 -1 -2 -2 -2 0 -2 0 0 -2 -1 -2 -1 -2 -2 -2 -1 -2 -2 -2 -2 0 0 0 -2 0 0 -2 -1 0 -1 -1 -1 -2 0 -1 -1 -2 0 -1 -1 -2 -1 0 -2 0 -2 -2 -2 -2 -2 -1 -2 -2 -2 -1 -1 -1 -2 0 0 0 -1 -1 -2 -2 -2 -2 -2 0 0 -2 -2 -2 0 -1 -2 -2 -1
-0.236592131180763 1.23683733464515 0.965494006020452 -0.00277766705511009 -0.524195025544456 -1 2 0 0 1 2 0 2 2 2 0 0 2 2 0 2 1 2 0 0 2 0 0 0 2 1 2 2 1 0 1 2 1 2 0 2 1 1 0 2 2 1 2 0 0 2 2 0 1 2 2 0 2 2 2 0 0 1 0 1 0 0 1 2 1 0 1 0 2 2 2 1 2 0 1 2 2 1 1 0 2 0 1 1 1 1 2 2 2 1 2 1 0 2 0 1 0 1 2 2 1 -2 0 0 -1 -2 0 -2 -2 -2 0 0 -2 -2 0 -2 -1 -2 0 0 -2 0 0 0 -2 -1 -2 -2 -1 0 -1 -2 -1 -2 0 -2 -1 -1 0 -2 -2 -1 -2 0 0 -2 -2 0 -1 -2 -2 0 -2 -2 -2 0 0 -1 0 -1 0 0 -1 -2 -1 0 -1 0 -2 -2 -2 -1 -2 0 -1 -2 -2 -1 -1 0 -2 0 -1 -1 -1 -1 -2 -2 -2 -1 -2 -1 0 -2 0 -1 0 -1 -2 -2 -1
1.76844436843624 -0.0857334581544839 -0.699457378961199 -0.61576602531397 -1.40573114183434 -1 2 0 1 0 0 0 2 2 1 0 2 2 2 0 0 1 2 2 1 2 1 0 1 2 2 2 1 1 0 0 1 0 1 0 1 0 0 0 2 2 1 2 1 0 1 2 0 0 0 1 0 1 2 2 2 0 1 0 2 1 0 1 2 1 0 2 1 2 2 2 2 2 0 1 2 1 0 1 0 2 1 0 1 0 0 1 1 1 1 2 1 1 2 1 2 0 1 2 1 2 -2 0 -1 0 0 0 -2 -2 -1 0 -2 -2 -2 0 0 -1 -2 -2 -1 -2 -1 0 -1 -2 -2 -2 -1 -1 0 0 -1 0 -1 0 -1 0 0 0 -2 -2 -1 -2 -1 0 -1 -2 0 0 0 -1 0 -1 -2 -2 -2 0 -1 0 -2 -1 0 -1 -2 -1 0 -2 -1 -2 -2 -2 -2 -2 0 -1 -2 -1 0 -1 0 -2 -1 0 -1 0 0 -1 -1 -1 -1 -2 -1 -1 -2 -1 -2 0 -1 -2 -1 -2
-0.509915775730966 -0.845387583277314 0.452426986223914 0.0296260988710273 0.710469512398945 -1 2 1 0 2 1 0 1 1 2 0 1 1 2 0 1 0 2 0 0 2 0 0 0 1 0 2 2 2 0 1 2 1 2 0 2 0 2 0 1 2 1 1 0 0 2 2 0 1 2 2 0 1 2 2 1 0 1 0 1 1 0 1 1 0 0 2 0 2 1 1 0 1 0 2 2 2 1 2 0 1 0 0 0 1 2 2 1 2 2 2 2 0 2 1 2 0 0 1 0 1 -2 -1 0 -2 -1 0 -1 -1 -2 0 -1 -1 -2 0 -1 0 -2 0 0 -2 0 0 0 -1 0 -2 -2 -2 0 -1 -2 -1 -2 0 -2 0 -2 0 -1 -2 -1 -1 0 0 -2 -2 0 -1 -2 -2 0 -1 -2 -2 -1 0 -1 0 -1 -1 0 -1 -1 0 0 -2 0 -2 -1 -1 0 -1 0 -2 -2 -2 -1 -2 0 -1 0 0 0 -1 -2 -2 -1 -2 -2 -2 -2 0 -2 -1 -2 0 0 -1 0 -1
0.575431616822816 0.580059092616656 -0.281734408305576 -0.819481685344432 1.26899026585755 1 2 0 0 1 1 1 1 0 2 0 0 1 2 0 2 0 2 2 0 2 1 1 1 2 2 2 2 1 1 2 2 2 2 0 1 0 0 0 2 2 1 1 0 0 1 1 0 0 1 0 0 0 2 1 1 0 0 0 0 0 1 1 1 2 0 2 1 2 2 2 1 2 1 1 2 0 0 0 0 1 1 1 0 1 0 0 2 0 2 1 0 0 2 2 2 0 0 2 2 1 2 0 0 1 1 1 1 0 2 0 0 1 2 0 2 0 2 2 0 2 1 1 1 2 2 2 2 1 1 2 2 2 2 0 1 0 0 0 2 2 1 1 0 0 1 1 0 0 1 0 0 0 2 1 1 0 0 0 0 0 1 1 1 2 0 2 1 2 2 2 1 2 1 1 2 0 0 0 0 1 1 1 0 1 0 0 2 0 2 1 0 0 2 2 2 0 0 2 2 1
2.69255993654787 -1.00926534318502 0.657240029861515 -0.955509619064094 -0.165806085187013 -1 2 0 0 2 1 0 2 1 2 0 1 2 2 0 2 1 2 1 1 2 1 1 1 2 2 2 2 2 0 1 2 2 2 0 1 1 2 0 1 2 1 2 0 0 2 1 0 0 1 1 0 1 2 2 2 0 0 0 1 0 0 0 2 2 0 2 0 2 1 1 0 2 1 2 1 0 1 2 0 2 1 1 1 0 1 2 1 1 1 2 0 0 2 1 1 0 0 2 2 1 -2 0 0 -2 -1 0 -2 -1 -2 0 -1 -2 -2 0 -2 -1 -2 -1 -1 -2 -1 -1 -1 -2 -2 -2 -2 -2 0 -1 -2 -2 -2 0 -1 -1 -2 0 -1 -2 -1 -2 0 0 -2 -1 0 0 -1 -1 0 -1 -2 -2 -2 0 0 0 -1 0 0 0 -2 -2 0 -2 0 -2 -1 -1 0 -2 -1 -2 -1 0 -1 -2 0 -2 -1 -1 -1 0 -1 -2 -1 -1 -1 -2 0 0 -2 -1 -1 0 0 -2 -2 -1
0.781951708685116 1.45647053104086 -0.783250001669898 1.13885748936088 0.962092975831168 -1 2 1 1 0 0 0 1 1 1 0 1 2 1 0 1 0 1 1 1 2 1 1 1 2 1 2 1 1 0 1 2 2 1 0 1 0 0 0 0 1 2 2 0 0 1 1 0 0 0 0 0 1 1 0 1 0 0 0 1 1 0 1 1 0 0 2 0 2 0 1 0 2 2 2 1 1 0 0 1 1 0 0 0 1 1 1 2 2 2 2 0 0 2 0 1 0 0 1 2 1 -2 -1 -1 0 0 0 -1 -1 -1 0 -1 -2 -1 0 -1 0 -1 -1 -1 -2 -1 -1 -1 -2 -1 -2 -1 -1 0 -1 -2 -2 -1 0 -1 0 0 0 0 -1 -2 -2 0 0 -1 -1 0 0 0 0 0 -1 -1 0 -1 0 0 0 -1 -1 0 -1 -1 0 0 -2 0 -2 0 -1 0 -2 -2 -2 -1 -1 0 0 -1 -1 0 0 0 -1 -1 -1 -2 -2 -2 -2 0 0 -2 0 -1 0 0 -1 -2 -1
0.864909612224685 -0.0477604243987181 0.617055232719366 -1.36183117046023 0.836446898996239 -1 2 1 1 1 1 1 2 0 1 0 1 2 1 0 2 0 1 1 1 2 0 0 0 2 2 2 1 1 0 2 2 1 2 0 0 0 1 0 1 2 2 2 0 0 0 2 0 1 0 2 1 1 2 1 2 0 2 0 1 0 0 1 0 1 0 1 0 2 2 2 0 1 0 0 2 2 2 2 1 1 1 0 1 0 0 1 0 1 1 1 0 0 2 1 2 0 0 2 1 1 -2 -1 -1 -1 -1 -1 -2 0 -1 0 -1 -2 -1 0 -2 0 -1 -1 -1 -2 0 0 0 -2 -2 -2 -1 -1 0 -2 -2 -1 -2 0 0 0 -1 0 -1 -2 -2 -2 0 0 0 -2 0 -1 0 -2 -1 -1 -2 -1 -2 0 -2 0 -1 0 0 -1 0 -1 0 -1 0 -2 -2 -2 0 -1 0 0 -2 -2 -2 -2 -1 -1 -1 0 -1 0 0 -1 0 -1 -1 -1 0 0 -2 -1 -2 0 0 -2 -1 -1
-0.80639060812882 0.514295192836853 1.33525922065068 -2.11737479575772 1.12624452537149 1 2 1 1 1 1 1 1 0 1 0 0 1 2 1 2 0 2 0 1 2 1 0 1 2 1 2 1 0 0 2 2 0 1 0 1 1 1 0 2 2 2 2 0 0 0 1 0 1 0 1 0 1 2 2 2 0 0 1 1 0 0 1 1 0 0 2 0 2 2 2 2 2 1 2 2 1 1 1 0 2 2 1 1 1 1 2 2 1 1 2 0 0 2 1 2 0 0 2 2 1 2 1 1 1 1 1 1 0 1 0 0 1 2 1 2 0 2 0 1 2 1 0 1 2 1 2 1 0 0 2 2 0 1 0 1 1 1 0 2 2 2 2 0 0 0 1 0 1 0 1 0 1 2 2 2 0 0 1 1 0 0 1 1 0 0 2 0 2 2 2 2 2 1 2 2 1 1 1 0 2 2 1 1 1 1 2 2 1 1 2 0 0 2 1 2 0 0 2 2 1
-0.514307584476855 -0.858219350575981 -0.10568547476187 1.1338459338089 -0.120217786504799 -1 2 0 0 0 1 0 2 2 2 1 1 1 2 0 1 0 1 1 1 2 0 0 0 2 1 1 0 2 1 2 2 1 2 1 2 1 1 0 2 2 1 2 0 0 2 2 0 0 0 1 1 1 2 1 1 0 0 0 1 1 0 1 1 2 1 2 1 2 2 2 2 2 1 2 2 2 1 0 0 1 0 0 1 1 1 2 2 2 0 2 0 0 2 0 1 0 0 1 1 1 -2 0 0 0 -1 0 -2 -2 -2 -1 -1 -1 -2 0 -1 0 -1 -1 -1 -2 0 0 0 -2 -1 -1 0 -2 -1 -2 -2 -1 -2 -1 -2 -1 -1 0 -2 -2 -1 -2 0 0 -2 -2 0 0 0 -1 -1 -1 -2 -1 -1 0 0 0 -1 -1 0 -1 -1 -2 -1 -2 -1 -2 -2 -2 -2 -2 -1 -2 -2 -2 -1 0 0 -1 0 0 -1 -1 -1 -2 -2 -2 0 -2 0 0 -2 0 -1 0 0 -1 -1 -1
0.758180906710269 0.514884780004174 1.30976654456821 -0.0484966327333906 0.0922789301525254 1 2 1 1 1 0 0 2 2 1 0 0 2 2 0 2 0 1 1 0 2 0 0 0 1 2 1 0 1 0 2 2 0 2 1 2 1 0 0 2 2 2 2 0 0 2 1 0 0 2 2 1 2 2 1 1 0 1 0 2 1 0 1 2 2 0 2 0 2 2 2 0 1 0 1 1 1 1 1 0 2 2 1 1 2 2 2 2 2 2 2 1 0 2 0 2 0 0 1 2 1 2 1 1 1 0 0 2 2 1 0 0 2 2 0 2 0 1 1 0 2 0 0 0 1 2 1 0 1 0 2 2 0 2 1 2 1 0 0 2 2 2 2 0 0 2 1 0 0 2 2 1 2 2 1 1 0 1 0 2 1 0 1 2 2 0 2 0 2 2 2 0 1 0 1 1 1 1 1 0 2 2 1 1 2 2 2 2 2 2 2 1 0 2 0 2 0 0 1 2 1
-0.496831540440774 -0.417614528446292 0.0771114020024128 -0.2613849211604 1.44962632416533 -1 2 0 0 0 0 0 2 1 0 0 0 2 2 0 2 0 2 2 1 2 1 0 0 1 1 2 2 2 1 1 2 1 2 0 1 1 1 0 1 2 1 2 0 0 1 1 0 0 1 2 0 0 1 0 1 0 1 0 1 0 0 0 0 1 0 2 0 2 2 2 1 1 0 1 2 2 2 2 1 2 2 1 0 1 1 2 2 2 2 2 0 0 2 1 1 0 0 2 2 1 -2 0 0 0 0 0 -2 -1 0 0 0 -2 -2 0 -2 0 -2 -2 -1 -2 -1 0 0 -1 -1 -2 -2 -2 -1 -1 -2 -1 -2 0 -1 -1 -1 0 -1 -2 -1 -2 0 0 -1 -1 0 0 -1 -2 0 0 -1 0 -1 0 -1 0 -1 0 0 0 0 -1 0 -2 0 -2 -2 -2 -1 -1 0 -1 -2 -2 -2 -2 -1 -2 -2 -1 0 -1 -1 -2 -2 -2 -2 -2 0 0 -2 -1 -1 0 0 -2 -2 -1
-1.52852677809006 -0.915962352063847 -0.366310803933631 -1.14654433657001 -0.853633735657767 -1 2 1 0 0 0 0 2 1 1 0 0 1 2 0 2 0 2 1 1 2 0 1 2 2 2 2 1 1 0 1 2 0 2 1 2 0 0 0 2 2 1 1 0 0 0 2 1 1 1 2 1 1 1 1 0 0 1 0 1 1 0 1 0 0 0 2 0 2 2 2 1 1 0 2 1 0 1 1 0 2 1 0 0 2 2 2 1 2 0 2 0 0 2 0 2 1 0 2 1 1 -2 -1 0 0 0 0 -2 -1 -1 0 0 -1 -2 0 -2 0 -2 -1 -1 -2 0 -1 -2 -2 -2 -2 -1 -1 0 -1 -2 0 -2 -1 -2 0 0 0 -2 -2 -1 -1 0 0 0 -2 -1 -1 -1 -2 -1 -1 -1 -1 0 0 -1 0 -1 -1 0 -1 0 0 0 -2 0 -2 -2 -2 -1 -1 0 -2 -1 0 -1 -1 0 -2 -1 0 0 -2 -2 -2 -1 -2 0 -2 0 0 -2 0 -2 -1 0 -2 -1 -1
0.501935910429616 1.61750457547054 0.31894556846775 -0.374797645839008 1.78381293596743 -1 2 1 1 2 1 0 2 2 2 0 0 2 2 0 2 0 1 2 0 2 0 1 0 1 1 2 2 2 1 1 2 1 2 1 0 0 2 1 2 2 1 2 0 0 1 2 2 1 2 2 0 0 1 1 1 0 1 0 1 0 0 1 1 1 0 2 1 2 1 0 0 0 0 1 2 1 2 2 0 1 0 0 0 1 1 1 2 2 2 2 0 0 2 1 2 0 0 1 1 0 -2 -1 -1 -2 -1 0 -2 -2 -2 0 0 -2 -2 0 -2 0 -1 -2 0 -2 0 -1 0 -1 -1 -2 -2 -2 -1 -1 -2 -1 -2 -1 0 0 -2 -1 -2 -2 -1 -2 0 0 -1 -2 -2 -1 -2 -2 0 0 -1 -1 -1 0 -1 0 -1 0 0 -1 -1 -1 0 -2 -1 -2 -1 0 0 0 0 -1 -2 -1 -2 -2 0 -1 0 0 0 -1 -1 -1 -2 -2 -2 -2 0 0 -2 -1 -2 0 0 -1 -1 0
0.944318673476678 1.08520415342908 -1.31325537434937 -0.636552147038869 1.68968798940885 1 2 2 1 1 2 2 2 2 2 0 0 2 2 0 1 0 1 1 0 2 1 0 0 1 1 1 0 1 0 2 2 1 2 0 0 0 0 0 2 2 2 2 1 0 2 1 0 0 1 2 0 0 1 1 1 0 0 0 2 1 0 1 0 1 0 2 1 1 1 1 1 2 2 2 2 2 2 2 0 1 0 0 0 1 0 0 2 1 2 2 0 0 2 2 2 0 1 2 2 2 2 2 1 1 2 2 2 2 2 0 0 2 2 0 1 0 1 1 0 2 1 0 0 1 1 1 0 1 0 2 2 1 2 0 0 0 0 0 2 2 2 2 1 0 2 1 0 0 1 2 0 0 1 1 1 0 0 0 2 1 0 1 0 1 0 2 1 1 1 1 1 2 2 2 2 2 2 2 0 1 0 0 0 1 0 0 2 1 2 2 0 0 2 2 2 0 1 2 2 2
-1.11242227959852 -1.64469309753565 -0.818733706916771 0.62039888564625 1.21912633724303 1 2 1 1 0 1 2 2 1 2 0 0 2 2 0 1 0 2 2 0 2 1 1 1 2 2 2 1 2 0 2 2 2 1 1 1 0 1 0 1 2 1 2 0 0 1 2 1 0 2 2 0 1 2 2 2 0 1 0 1 1 0 2 1 0 0 1 0 2 2 2 1 2 1 2 2 2 2 1 1 2 0 0 0 2 2 2 2 2 2 2 0 0 2 0 2 0 0 2 1 1 2 1 1 0 1 2 2 1 2 0 0 2 2 0 1 0 2 2 0 2 1 1 1 2 2 2 1 2 0 2 2 2 1 1 1 0 1 0 1 2 1 2 0 0 1 2 1 0 2 2 0 1 2 2 2 0 1 0 1 1 0 2 1 0 0 1 0 2 2 2 1 2 1 2 2 2 2 1 1 2 0 0 0 2 2 2 2 2 2 2 0 0 2 0 2 0 0 2 1 1
-0.550912056589405 1.96816279635695 -0.0106906941829811 -0.524111408421831 1.73144540823515 1 2 1 0 0 0 0 0 0 1 0 0 1 2 0 1 0 2 1 1 2 1 1 0 1 0 2 1 1 0 1 2 1 2 1 2 1 2 1 2 2 0 2 0 0 1 2 1 1 2 1 0 1 2 2 2 0 1 1 1 0 0 0 1 0 0 1 0 2 2 0 1 1 0 0 2 0 1 1 0 2 1 0 0 1 0 1 2 2 1 2 1 0 2 1 2 0 0 0 1 0 2 1 0 0 0 0 0 0 1 0 0 1 2 0 1 0 2 1 1 2 1 1 0 1 0 2 1 1 0 1 2 1 2 1 2 1 2 1 2 2 0 2 0 0 1 2 1 1 2 1 0 1 2 2 2 0 1 1 1 0 0 0 1 0 0 1 0 2 2 0 1 1 0 0 2 0 1 1 0 2 1 0 0 1 0 1 2 2 1 2 1 0 2 1 2 0 0 0 1 0
0.342271334084232 0.551185262145322 -1.63185716234446 1.78204116297523 -0.478384462953106 1 2 0 0 1 1 0 2 0 1 0 0 1 1 0 1 0 1 0 0 2 0 1 2 2 2 1 1 2 1 1 2 1 2 0 2 0 0 0 2 2 2 2 0 0 1 2 0 1 2 1 1 2 2 2 1 0 0 0 2 1 0 2 2 1 0 2 0 2 2 1 0 1 0 1 2 2 1 0 0 2 0 0 0 0 0 1 1 1 2 2 1 0 2 0 0 0 0 1 2 1 2 0 0 1 1 0 2 0 1 0 0 1 1 0 1 0 1 0 0 2 0 1 2 2 2 1 1 2 1 1 2 1 2 0 2 0 0 0 2 2 2 2 0 0 1 2 0 1 2 1 1 2 2 2 1 0 0 0 2 1 0 2 2 1 0 2 0 2 2 1 0 1 0 1 2 2 1 0 0 2 0 0 0 0 0 1 1 1 2 2 1 0 2 0 0 0 0 1 2 1
-0.510031666225917 -0.522952254667584 0.931206160647411 0.00933046535972502 0.102046940277483 -1 2 0 0 0 0 0 2 1 2 0 0 2 2 0 2 1 2 1 1 2 1 2 1 2 1 2 2 2 0 1 2 2 2 0 1 1 1 0 1 2 2 2 0 1 2 1 0 1 2 2 0 0 2 2 1 0 1 0 0 0 0 0 0 0 0 2 0 2 2 2 1 2 1 2 2 2 1 1 0 2 1 0 1 0 0 0 1 1 1 2 0 0 2 2 2 0 1 2 2 1 -2 0 0 0 0 0 -2 -1 -2 0 0 -2 -2 0 -2 -1 -2 -1 -1 -2 -1 -2 -1 -2 -1 -2 -2 -2 0 -1 -2 -2 -2 0 -1 -1 -1 0 -1 -2 -2 -2 0 -1 -2 -1 0 -1 -2 -2 0 0 -2 -2 -1 0 -1 0 0 0 0 0 0 0 0 -2 0 -2 -2 -2 -1 -2 -1 -2 -2 -2 -1 -1 0 -2 -1 0 -1 0 0 0 -1 -1 -1 -2 0 0 -2 -2 -2 0 -1 -2 -2 -1
-1.23513598204208 0.830816438839162 -0.733044945037172 -0.582801527461865 -0.254588679105476 -1 2 0 0 1 1 0 2 1 1 0 0 2 2 1 1 0 1 0 0 2 1 0 1 2 2 0 1 1 0 0 2 2 2 0 1 1 0 0 2 2 1 2 0 0 1 2 1 1 2 2 0 1 1 2 2 0 1 1 1 2 0 0 1 1 0 1 0 2 2 2 1 2 1 1 2 2 2 2 0 2 1 1 1 1 2 1 1 1 1 2 0 0 2 1 2 1 1 2 2 1 -2 0 0 -1 -1 0 -2 -1 -1 0 0 -2 -2 -1 -1 0 -1 0 0 -2 -1 0 -1 -2 -2 0 -1 -1 0 0 -2 -2 -2 0 -1 -1 0 0 -2 -2 -1 -2 0 0 -1 -2 -1 -1 -2 -2 0 -1 -1 -2 -2 0 -1 -1 -1 -2 0 0 -1 -1 0 -1 0 -2 -2 -2 -1 -2 -1 -1 -2 -2 -2 -2 0 -2 -1 -1 -1 -1 -2 -1 -1 -1 -1 -2 0 0 -2 -1 -2 -1 -1 -2 -2 -1
0.471923699639944 -0.417964124122538 -0.622070282098214 -0.288999572518954 1.28911063814233 1 2 1 1 1 1 1 2 1 1 0 1 2 2 0 1 0 1 0 1 2 0 0 1 2 1 2 1 2 1 1 2 1 2 1 2 0 0 0 1 2 2 2 0 0 0 2 0 0 1 2 0 1 2 1 1 0 1 0 1 0 0 1 1 1 0 2 0 2 1 1 0 2 1 2 2 1 1 1 0 2 1 0 1 2 0 2 2 1 1 2 0 0 2 1 2 0 1 2 2 1 2 1 1 1 1 1 2 1 1 0 1 2 2 0 1 0 1 0 1 2 0 0 1 2 1 2 1 2 1 1 2 1 2 1 2 0 0 0 1 2 2 2 0 0 0 2 0 0 1 2 0 1 2 1 1 0 1 0 1 0 0 1 1 1 0 2 0 2 1 1 0 2 1 2 2 1 1 1 0 2 1 0 1 2 0 2 2 1 1 2 0 0 2 1 2 0 1 2 2 1
0.60873713621201 -2.10523244167877 0.0918405828929743 -0.473027754269227 0.980782573392619 -1 2 2 1 0 1 1 2 1 1 0 0 2 2 0 1 0 2 2 1 2 0 0 2 2 2 1 0 1 0 1 2 2 2 1 2 1 1 0 1 2 2 2 0 0 0 1 0 0 1 2 0 0 2 1 0 0 1 0 1 1 0 0 1 1 0 2 0 2 2 0 0 0 0 0 2 1 1 0 0 1 1 1 0 0 1 1 1 2 1 1 1 0 2 1 1 0 0 2 2 2 -2 -2 -1 0 -1 -1 -2 -1 -1 0 0 -2 -2 0 -1 0 -2 -2 -1 -2 0 0 -2 -2 -2 -1 0 -1 0 -1 -2 -2 -2 -1 -2 -1 -1 0 -1 -2 -2 -2 0 0 0 -1 0 0 -1 -2 0 0 -2 -1 0 0 -1 0 -1 -1 0 0 -1 -1 0 -2 0 -2 -2 0 0 0 0 0 -2 -1 -1 0 0 -1 -1 -1 0 0 -1 -1 -1 -2 -1 -1 -1 0 -2 -1 -1 0 0 -2 -2 -2
-0.992035562901536 0.603504505369511 0.173602638746888 -0.965871891019478 -0.10583083288272 1 2 2 2 2 2 1 2 0 0 0 0 2 2 0 2 1 2 2 1 2 0 0 1 1 2 2 2 2 0 0 2 1 2 0 1 0 0 0 2 2 2 2 0 0 0 2 0 1 2 2 0 0 1 2 2 0 1 0 1 1 0 0 0 1 0 2 0 2 2 2 2 2 1 0 2 2 1 1 1 2 2 1 0 1 1 2 2 2 1 2 0 0 2 1 2 0 1 2 2 2 2 2 2 2 2 1 2 0 0 0 0 2 2 0 2 1 2 2 1 2 0 0 1 1 2 2 2 2 0 0 2 1 2 0 1 0 0 0 2 2 2 2 0 0 0 2 0 1 2 2 0 0 1 2 2 0 1 0 1 1 0 0 0 1 0 2 0 2 2 2 2 2 1 0 2 2 1 1 1 2 2 1 0 1 1 2 2 2 1 2 0 0 2 1 2 0 1 2 2 2
