-1.02632374416986 0.472113759340274 -0.125234782707343 0.00451977857529836 -0.272293350401424 -1 0 1 0 0 1 2 0 2 0 1 1 2 2 0 1 0 2 0 1 0 1 0 1 0 0 1 1 2 2 2 1 0 0 0 2 0 0 1 2 0 0 0 0 0 2 0 1 1 0 0 0 2 2 0 1 2 2 0 0 0 0 2 0 0 0 0 2 1 1 0 0 2 1 0 2 1 1 2 1 2 0 0 0 0 1 1 2 2 0 2 1 2 2 2 2 2 0 1 1 1 0 -1 0 0 -1 -2 0 -2 0 -1 -1 -2 -2 0 -1 0 -2 0 -1 0 -1 0 -1 0 0 -1 -1 -2 -2 -2 -1 0 0 0 -2 0 0 -1 -2 0 0 0 0 0 -2 0 -1 -1 0 0 0 -2 -2 0 -1 -2 -2 0 0 0 0 -2 0 0 0 0 -2 -1 -1 0 0 -2 -1 0 -2 -1 -1 -2 -1 -2 0 0 0 0 -1 -1 -2 -2 0 -2 -1 -2 -2 -2 -2 -2 0 -1 -1 -1
-0.427867045721058 -1.26295565936175 0.931738404185997 -0.891595450802913 -0.133408274464322 -1 0 1 0 1 1 1 1 2 1 1 0 2 2 0 0 0 2 0 2 0 0 0 2 0 0 0 0 2 1 2 1 0 1 1 2 0 0 2 2 1 0 0 1 0 2 1 0 1 1 0 0 1 2 0 0 0 1 0 2 1 1 2 1 0 0 0 1 1 1 1 0 2 2 1 2 1 1 2 2 2 1 0 1 0 1 0 1 2 1 2 1 2 2 1 1 1 1 2 1 0 0 -1 0 -1 -1 -1 -1 -2 -1 -1 0 -2 -2 0 0 0 -2 0 -2 0 0 0 -2 0 0 0 0 -2 -1 -2 -1 0 -1 -1 -2 0 0 -2 -2 -1 0 0 -1 0 -2 -1 0 -1 -1 0 0 -1 -2 0 0 0 -1 0 -2 -1 -1 -2 -1 0 0 0 -1 -1 -1 -1 0 -2 -2 -1 -2 -1 -1 -2 -2 -2 -1 0 -1 0 -1 0 -1 -2 -1 -2 -1 -2 -2 -1 -1 -1 -1 -2 -1 0
-0.512863945026087 -0.22388721260477 -1.14275546036895 -0.213570542154788 -0.421223712150699 -1 0 2 0 1 0 0 0 2 0 1 1 2 2 1 2 0 0 0 1 0 0 0 2 0 0 1 1 2 0 2 2 0 0 0 1 0 1 2 0 0 0 0 0 0 2 2 1 2 1 0 0 1 1 0 1 2 2 0 1 1 1 2 2 1 1 0 1 1 2 1 0 1 1 0 2 0 0 1 0 0 1 1 1 0 1 1 2 2 1 2 1 2 0 0 0 2 2 2 2 0 0 -2 0 -1 0 0 0 -2 0 -1 -1 -2 -2 -1 -2 0 0 0 -1 0 0 0 -2 0 0 -1 -1 -2 0 -2 -2 0 0 0 -1 0 -1 -2 0 0 0 0 0 0 -2 -2 -1 -2 -1 0 0 -1 -1 0 -1 -2 -2 0 -1 -1 -1 -2 -2 -1 -1 0 -1 -1 -2 -1 0 -1 -1 0 -2 0 0 -1 0 0 -1 -1 -1 0 -1 -1 -2 -2 -1 -2 -1 -2 0 0 0 -2 -2 -2 -2 0
-0.913939962770728 -0.24816876623319 0.620868103792376 1.30967488664815 0.879972149122611 1 0 1 0 1 1 2 2 1 0 1 1 2 2 0 2 0 1 0 2 0 0 0 2 0 0 1 0 2 1 2 2 0 1 1 2 0 0 0 1 0 0 0 1 0 1 1 2 2 1 1 1 2 2 0 1 1 1 0 0 0 0 2 2 1 0 0 2 1 2 2 0 2 1 0 2 0 1 0 0 1 0 0 0 0 1 1 1 2 2 2 2 2 1 1 1 2 2 2 2 1 0 1 0 1 1 2 2 1 0 1 1 2 2 0 2 0 1 0 2 0 0 0 2 0 0 1 0 2 1 2 2 0 1 1 2 0 0 0 1 0 0 0 1 0 1 1 2 2 1 1 1 2 2 0 1 1 1 0 0 0 0 2 2 1 0 0 2 1 2 2 0 2 1 0 2 0 1 0 0 1 0 0 0 0 1 1 1 2 2 2 2 2 1 1 1 2 2 2 2 1
-1.29346613438038 -0.516843393970158 -0.891166581354289 -3.2548967234392 0.476161428461282 1 0 0 0 1 0 0 1 2 2 2 1 1 2 0 2 2 0 0 0 0 1 1 2 0 0 2 2 2 1 2 2 0 1 1 2 0 0 1 2 1 1 0 0 0 0 0 0 0 0 0 0 0 2 0 0 1 1 1 2 1 2 2 1 0 1 0 2 2 2 1 0 2 1 0 2 0 0 2 1 1 0 1 1 0 0 0 0 1 1 2 0 2 2 2 1 1 1 1 1 0 0 0 0 1 0 0 1 2 2 2 1 1 2 0 2 2 0 0 0 0 1 1 2 0 0 2 2 2 1 2 2 0 1 1 2 0 0 1 2 1 1 0 0 0 0 0 0 0 0 0 0 0 2 0 0 1 1 1 2 1 2 2 1 0 1 0 2 2 2 1 0 2 1 0 2 0 0 2 1 1 0 1 1 0 0 0 0 1 1 2 0 2 2 2 1 1 1 1 1 0
0.12576658584734 1.37587344812278 0.0755278567764973 -0.61092573867586 4.61408579521729 1 0 0 0 1 1 1 1 2 2 1 2 2 2 0 2 0 1 0 2 1 1 1 2 0 0 2 1 1 0 1 2 0 0 0 1 0 1 2 2 1 0 0 1 0 2 1 2 2 1 0 0 1 1 0 0 2 1 0 0 0 0 1 0 0 0 0 2 1 2 1 0 2 1 0 2 0 1 1 0 1 0 0 0 0 1 1 2 2 1 2 1 2 1 1 2 2 2 1 1 0 0 0 0 1 1 1 1 2 2 1 2 2 2 0 2 0 1 0 2 1 1 1 2 0 0 2 1 1 0 1 2 0 0 0 1 0 1 2 2 1 0 0 1 0 2 1 2 2 1 0 0 1 1 0 0 2 1 0 0 0 0 1 0 0 0 0 2 1 2 1 0 2 1 0 2 0 1 1 0 1 0 0 0 0 1 1 2 2 1 2 1 2 1 1 2 2 2 1 1 0
-0.0471077063625219 0.559869387347884 -0.411219058132373 -0.532580772501918 1.3573787600612 -1 0 1 0 1 0 0 1 1 1 2 1 1 2 1 2 2 0 0 0 0 1 1 2 0 0 1 1 1 1 2 1 0 1 1 2 0 0 1 1 2 1 0 1 1 1 0 2 2 0 0 0 2 2 0 2 2 2 2 2 2 2 1 2 1 0 0 1 1 2 2 0 2 1 0 2 1 0 0 0 1 0 0 0 0 2 1 2 2 1 2 2 2 2 2 2 2 2 1 1 0 0 -1 0 -1 0 0 -1 -1 -1 -2 -1 -1 -2 -1 -2 -2 0 0 0 0 -1 -1 -2 0 0 -1 -1 -1 -1 -2 -1 0 -1 -1 -2 0 0 -1 -1 -2 -1 0 -1 -1 -1 0 -2 -2 0 0 0 -2 -2 0 -2 -2 -2 -2 -2 -2 -2 -1 -2 -1 0 0 -1 -1 -2 -2 0 -2 -1 0 -2 -1 0 0 0 -1 0 0 0 0 -2 -1 -2 -2 -1 -2 -2 -2 -2 -2 -2 -2 -2 -1 -1 0
-0.489717706384197 -0.886426638392609 -0.306833537011968 0.680586519988674 0.282197174184875 -1 1 2 0 1 0 0 1 1 0 2 1 2 2 1 2 1 0 0 1 1 1 0 2 0 1 2 2 2 1 2 2 0 0 0 2 0 0 1 2 2 0 1 1 0 1 1 1 2 1 0 0 1 1 0 2 2 1 0 1 1 1 2 0 0 0 0 0 0 2 0 0 2 1 0 2 2 1 2 1 2 1 0 1 0 0 1 1 2 2 2 2 2 1 2 1 2 2 1 1 0 -1 -2 0 -1 0 0 -1 -1 0 -2 -1 -2 -2 -1 -2 -1 0 0 -1 -1 -1 0 -2 0 -1 -2 -2 -2 -1 -2 -2 0 0 0 -2 0 0 -1 -2 -2 0 -1 -1 0 -1 -1 -1 -2 -1 0 0 -1 -1 0 -2 -2 -1 0 -1 -1 -1 -2 0 0 0 0 0 0 -2 0 0 -2 -1 0 -2 -2 -1 -2 -1 -2 -1 0 -1 0 0 -1 -1 -2 -2 -2 -2 -2 -1 -2 -1 -2 -2 -1 -1 0
-0.309656485501746 -0.410432823939656 0.0587010567986502 0.793735744051437 -0.384830088372039 -1 0 0 0 0 1 1 0 1 0 1 1 1 2 0 2 0 0 0 1 0 0 1 2 0 0 1 2 2 1 1 2 0 0 0 2 0 0 1 2 1 0 0 1 0 0 0 2 2 0 1 0 1 2 0 2 2 1 0 0 1 1 2 2 0 0 0 1 0 1 1 0 2 2 0 2 0 1 2 1 2 1 2 1 0 1 1 0 2 2 2 1 2 0 0 0 1 1 0 1 0 0 0 0 0 -1 -1 0 -1 0 -1 -1 -1 -2 0 -2 0 0 0 -1 0 0 -1 -2 0 0 -1 -2 -2 -1 -1 -2 0 0 0 -2 0 0 -1 -2 -1 0 0 -1 0 0 0 -2 -2 0 -1 0 -1 -2 0 -2 -2 -1 0 0 -1 -1 -2 -2 0 0 0 -1 0 -1 -1 0 -2 -2 0 -2 0 -1 -2 -1 -2 -1 -2 -1 0 -1 -1 0 -2 -2 -2 -1 -2 0 0 0 -1 -1 0 -1 0
-1.12353439117509 -1.03999912324396 -1.22121064386235 0.509836049958489 0.249322402084119 -1 0 1 0 0 0 1 1 0 0 2 1 1 1 0 2 0 1 0 1 0 0 0 2 0 0 1 1 2 1 2 2 0 0 0 2 0 0 1 1 0 1 1 2 0 1 0 0 2 0 0 0 0 2 1 1 1 0 0 0 0 0 2 0 0 0 0 2 2 1 0 0 1 1 0 2 0 2 2 1 2 2 1 1 0 2 1 0 1 2 2 1 2 0 0 1 2 1 1 1 0 0 -1 0 0 0 -1 -1 0 0 -2 -1 -1 -1 0 -2 0 -1 0 -1 0 0 0 -2 0 0 -1 -1 -2 -1 -2 -2 0 0 0 -2 0 0 -1 -1 0 -1 -1 -2 0 -1 0 0 -2 0 0 0 0 -2 -1 -1 -1 0 0 0 0 0 -2 0 0 0 0 -2 -2 -1 0 0 -1 -1 0 -2 0 -2 -2 -1 -2 -2 -1 -1 0 -2 -1 0 -1 -2 -2 -1 -2 0 0 -1 -2 -1 -1 -1 0
1.38956877054177 0.550844194012405 0.314627175540605 -0.590441422001737 -0.846275400663731 -1 0 2 0 0 1 2 2 2 1 2 1 1 2 0 0 1 0 0 0 0 0 0 2 0 0 1 1 2 1 1 2 0 1 1 1 0 0 1 2 0 0 0 0 0 0 1 1 2 0 1 1 1 2 0 1 2 2 0 1 1 0 1 1 0 0 0 2 1 2 1 0 1 2 0 2 0 1 2 1 2 0 0 1 0 0 0 1 2 2 2 1 2 1 1 0 2 0 0 0 0 0 -2 0 0 -1 -2 -2 -2 -1 -2 -1 -1 -2 0 0 -1 0 0 0 0 0 0 -2 0 0 -1 -1 -2 -1 -1 -2 0 -1 -1 -1 0 0 -1 -2 0 0 0 0 0 0 -1 -1 -2 0 -1 -1 -1 -2 0 -1 -2 -2 0 -1 -1 0 -1 -1 0 0 0 -2 -1 -2 -1 0 -1 -2 0 -2 0 -1 -2 -1 -2 0 0 -1 0 0 0 -1 -2 -2 -2 -1 -2 -1 -1 0 -2 0 0 0 0
1.41092445970484 -0.200370532625547 0.272598066293414 0.488706563066347 -0.30136566998056 1 0 1 0 0 0 1 2 2 1 2 2 2 2 0 2 1 1 0 2 2 0 0 2 0 0 1 2 2 2 2 2 1 0 1 2 0 0 2 2 0 0 0 1 0 0 1 1 2 0 0 0 0 0 0 0 1 2 1 2 1 1 2 1 1 0 0 2 1 1 1 0 0 0 0 2 0 1 1 1 2 0 0 0 0 1 1 1 2 2 2 1 2 0 2 0 2 1 0 0 0 0 1 0 0 0 1 2 2 1 2 2 2 2 0 2 1 1 0 2 2 0 0 2 0 0 1 2 2 2 2 2 1 0 1 2 0 0 2 2 0 0 0 1 0 0 1 1 2 0 0 0 0 0 0 0 1 2 1 2 1 1 2 1 1 0 0 2 1 1 1 0 0 0 0 2 0 1 1 1 2 0 0 0 0 1 1 1 2 2 2 1 2 0 2 0 2 1 0 0 0
-0.88021053140811 -0.31912841130914 0.359527250554074 -0.0952571640971284 1.3861099961729 -1 0 2 0 1 0 0 2 2 1 2 1 1 2 0 1 1 0 0 0 1 1 1 2 0 0 1 1 2 1 0 1 0 1 0 2 0 0 2 2 2 0 0 0 0 1 2 0 1 0 0 1 1 1 0 1 2 1 0 1 0 1 2 1 0 1 0 1 0 1 0 0 1 0 0 2 0 2 2 1 2 0 1 1 0 1 0 1 2 2 2 1 2 1 1 2 2 1 0 1 0 0 -2 0 -1 0 0 -2 -2 -1 -2 -1 -1 -2 0 -1 -1 0 0 0 -1 -1 -1 -2 0 0 -1 -1 -2 -1 0 -1 0 -1 0 -2 0 0 -2 -2 -2 0 0 0 0 -1 -2 0 -1 0 0 -1 -1 -1 0 -1 -2 -1 0 -1 0 -1 -2 -1 0 -1 0 -1 0 -1 0 0 -1 0 0 -2 0 -2 -2 -1 -2 0 -1 -1 0 -1 0 -1 -2 -2 -2 -1 -2 -1 -1 -2 -2 -1 0 -1 0
-0.0763140790469848 0.0489384537627199 -0.563246984056582 1.64473519264336 -0.650793904365004 1 0 2 0 0 0 1 0 1 1 2 2 1 2 0 2 1 1 0 2 1 1 1 2 0 0 1 1 2 1 1 2 0 0 0 0 0 0 1 1 0 1 1 1 0 2 1 1 1 0 0 0 1 1 0 0 1 2 1 0 1 1 2 1 0 0 0 2 1 2 1 0 2 1 0 2 0 0 2 0 1 0 0 0 0 1 0 0 0 0 2 1 2 2 1 0 1 0 1 2 0 0 2 0 0 0 1 0 1 1 2 2 1 2 0 2 1 1 0 2 1 1 1 2 0 0 1 1 2 1 1 2 0 0 0 0 0 0 1 1 0 1 1 1 0 2 1 1 1 0 0 0 1 1 0 0 1 2 1 0 1 1 2 1 0 0 0 2 1 2 1 0 2 1 0 2 0 0 2 0 1 0 0 0 0 1 0 0 0 0 2 1 2 2 1 0 1 0 1 2 0
-0.406622236622417 0.0751804509161197 -0.151401760545754 -0.466126242845633 -0.218089435812636 1 0 2 0 0 0 2 1 2 0 2 1 1 2 0 2 0 1 0 2 1 2 1 2 0 0 1 1 2 0 0 2 0 0 0 2 0 0 0 2 1 0 0 0 0 1 0 0 1 1 0 0 0 1 0 1 2 1 0 0 0 0 1 0 0 0 0 0 1 1 1 0 1 0 0 2 0 1 2 0 1 0 0 1 0 0 0 0 1 1 2 1 2 0 0 1 2 2 1 2 0 0 2 0 0 0 2 1 2 0 2 1 1 2 0 2 0 1 0 2 1 2 1 2 0 0 1 1 2 0 0 2 0 0 0 2 0 0 0 2 1 0 0 0 0 1 0 0 1 1 0 0 0 1 0 1 2 1 0 0 0 0 1 0 0 0 0 0 1 1 1 0 1 0 0 2 0 1 2 0 1 0 0 1 0 0 0 0 1 1 2 1 2 0 0 1 2 2 1 2 0
-0.100286090969836 1.05431030459927 0.465067904829557 -1.3140729265398 -0.239332119882825 1 0 0 0 0 0 1 1 2 0 1 2 2 2 1 1 1 0 0 2 1 2 2 2 0 0 2 1 1 1 1 2 0 1 2 2 0 0 2 2 2 0 1 2 0 1 0 0 2 0 2 2 2 1 0 1 2 1 0 0 0 0 1 0 0 0 0 2 1 2 1 0 2 2 0 2 1 0 1 0 1 0 0 0 0 1 1 1 2 0 2 2 2 0 0 0 1 0 0 2 1 0 0 0 0 0 1 1 2 0 1 2 2 2 1 1 1 0 0 2 1 2 2 2 0 0 2 1 1 1 1 2 0 1 2 2 0 0 2 2 2 0 1 2 0 1 0 0 2 0 2 2 2 1 0 1 2 1 0 0 0 0 1 0 0 0 0 2 1 2 1 0 2 2 0 2 1 0 1 0 1 0 0 0 0 1 1 1 2 0 2 2 2 0 0 0 1 0 0 2 1
-1.07655003779865 1.4363364205956 0.192466954442167 -0.235038711163182 -0.679056537322008 -1 0 0 0 0 0 0 1 2 0 2 1 2 2 1 2 1 0 0 0 0 2 1 2 0 1 2 2 1 0 1 1 0 0 0 2 0 0 0 1 1 1 0 1 0 1 2 2 2 0 0 0 1 1 0 2 2 2 0 1 2 2 2 1 0 0 0 1 1 1 0 0 2 0 0 2 1 2 2 0 2 0 1 1 0 1 1 2 2 0 2 1 2 0 1 1 2 1 0 2 1 0 0 0 0 0 0 -1 -2 0 -2 -1 -2 -2 -1 -2 -1 0 0 0 0 -2 -1 -2 0 -1 -2 -2 -1 0 -1 -1 0 0 0 -2 0 0 0 -1 -1 -1 0 -1 0 -1 -2 -2 -2 0 0 0 -1 -1 0 -2 -2 -2 0 -1 -2 -2 -2 -1 0 0 0 -1 -1 -1 0 0 -2 0 0 -2 -1 -2 -2 0 -2 0 -1 -1 0 -1 -1 -2 -2 0 -2 -1 -2 0 -1 -1 -2 -1 0 -2 -1
-1.30152974414845 0.0891773417346223 0.75231075459951 0.154127647455884 -0.371656944082171 1 0 1 0 0 0 1 0 2 1 2 0 1 2 0 1 1 1 0 2 1 1 1 2 0 0 2 1 2 0 2 2 0 0 0 1 0 0 0 1 0 0 0 1 1 0 0 2 2 0 0 0 2 2 0 2 1 2 0 1 1 0 2 1 1 0 0 2 0 1 1 0 2 1 0 2 1 1 2 2 2 1 0 0 0 2 2 1 2 2 2 1 2 2 1 1 2 1 1 2 0 0 1 0 0 0 1 0 2 1 2 0 1 2 0 1 1 1 0 2 1 1 1 2 0 0 2 1 2 0 2 2 0 0 0 1 0 0 0 1 0 0 0 1 1 0 0 2 2 0 0 0 2 2 0 2 1 2 0 1 1 0 2 1 1 0 0 2 0 1 1 0 2 1 0 2 1 1 2 2 2 1 0 0 0 2 2 1 2 2 2 1 2 2 1 1 2 1 1 2 0
-2.14822545008922 0.792262753881729 0.62274982831175 1.24549401584989 0.39287502382919 -1 0 0 0 0 1 2 1 1 1 1 2 1 1 0 2 2 1 0 2 1 1 1 2 0 0 1 1 2 2 2 2 0 1 1 1 0 0 1 2 1 0 0 0 0 0 1 1 2 0 2 0 0 1 0 1 2 2 1 0 2 1 1 2 0 0 0 1 1 1 0 0 1 1 1 2 1 1 0 0 1 0 1 1 0 0 0 0 2 0 2 0 2 1 1 2 2 1 1 2 0 0 0 0 0 -1 -2 -1 -1 -1 -1 -2 -1 -1 0 -2 -2 -1 0 -2 -1 -1 -1 -2 0 0 -1 -1 -2 -2 -2 -2 0 -1 -1 -1 0 0 -1 -2 -1 0 0 0 0 0 -1 -1 -2 0 -2 0 0 -1 0 -1 -2 -2 -1 0 -2 -1 -1 -2 0 0 0 -1 -1 -1 0 0 -1 -1 -1 -2 -1 -1 0 0 -1 0 -1 -1 0 0 0 0 -2 0 -2 0 -2 -1 -1 -2 -2 -1 -1 -2 0
-0.103842745290339 0.422671363234421 0.749923373769093 0.48072206585976 0.345271474490185 1 0 2 0 0 0 0 0 0 1 2 2 2 2 2 2 0 0 0 1 0 1 0 1 0 0 1 2 2 1 0 1 0 0 0 2 0 0 2 2 1 0 0 1 0 2 1 1 2 0 0 0 1 2 0 2 2 1 1 0 0 0 2 2 0 0 0 2 2 1 1 0 2 1 0 2 1 1 1 1 1 0 1 2 0 2 0 1 2 1 2 1 2 0 1 0 2 1 1 2 0 0 2 0 0 0 0 0 0 1 2 2 2 2 2 2 0 0 0 1 0 1 0 1 0 0 1 2 2 1 0 1 0 0 0 2 0 0 2 2 1 0 0 1 0 2 1 1 2 0 0 0 1 2 0 2 2 1 1 0 0 0 2 2 0 0 0 2 2 1 1 0 2 1 0 2 1 1 1 1 1 0 1 2 0 2 0 1 2 1 2 1 2 0 1 0 2 1 1 2 0
1.06745437083622 0.573884051930622 -1.14040911052992 1.73992462799613 -0.342888158664705 -1 0 0 0 0 0 2 2 2 0 1 0 1 2 0 2 0 0 0 1 0 1 0 1 0 1 2 1 1 0 2 2 0 0 1 2 0 0 1 1 1 0 1 2 1 1 2 2 2 2 2 0 1 1 0 1 2 2 1 1 1 0 1 0 0 0 0 2 2 2 1 0 2 2 0 2 0 0 0 0 2 0 1 1 0 1 2 2 2 2 2 0 2 1 1 1 1 2 0 1 0 0 0 0 0 0 -2 -2 -2 0 -1 0 -1 -2 0 -2 0 0 0 -1 0 -1 0 -1 0 -1 -2 -1 -1 0 -2 -2 0 0 -1 -2 0 0 -1 -1 -1 0 -1 -2 -1 -1 -2 -2 -2 -2 -2 0 -1 -1 0 -1 -2 -2 -1 -1 -1 0 -1 0 0 0 0 -2 -2 -2 -1 0 -2 -2 0 -2 0 0 0 0 -2 0 -1 -1 0 -1 -2 -2 -2 -2 -2 0 -2 -1 -1 -1 -1 -2 0 -1 0
-1.94879653010926 0.883356302372486 0.918378585152974 -0.548850881868272 -1.03173764452758 -1 1 2 1 1 1 1 1 1 0 2 2 2 2 0 1 0 0 0 2 0 1 0 2 0 0 1 2 2 0 1 1 0 0 0 1 0 0 1 2 2 1 1 2 1 1 1 1 2 0 0 0 0 1 0 1 1 1 0 0 1 0 1 1 0 0 0 1 0 0 1 0 2 1 0 2 1 2 1 0 2 0 0 0 0 1 0 1 2 1 2 1 2 2 1 0 2 1 1 1 0 -1 -2 -1 -1 -1 -1 -1 -1 0 -2 -2 -2 -2 0 -1 0 0 0 -2 0 -1 0 -2 0 0 -1 -2 -2 0 -1 -1 0 0 0 -1 0 0 -1 -2 -2 -1 -1 -2 -1 -1 -1 -1 -2 0 0 0 0 -1 0 -1 -1 -1 0 0 -1 0 -1 -1 0 0 0 -1 0 0 -1 0 -2 -1 0 -2 -1 -2 -1 0 -2 0 0 0 0 -1 0 -1 -2 -1 -2 -1 -2 -2 -1 0 -2 -1 -1 -1 0
-0.105548787874306 0.465666876062192 -1.04402384975533 -1.94848541543802 -0.451120107682976 -1 0 0 0 0 1 0 0 2 1 2 2 2 2 0 1 0 1 0 1 1 1 0 2 0 0 2 2 2 1 1 2 1 1 0 1 0 0 1 1 0 0 0 0 0 2 1 1 2 1 0 0 1 2 0 1 1 1 0 0 2 1 1 0 0 0 0 1 0 1 0 0 1 1 0 1 0 0 2 2 2 0 0 1 1 2 1 1 2 1 2 1 2 0 1 0 2 1 1 2 0 0 0 0 0 -1 0 0 -2 -1 -2 -2 -2 -2 0 -1 0 -1 0 -1 -1 -1 0 -2 0 0 -2 -2 -2 -1 -1 -2 -1 -1 0 -1 0 0 -1 -1 0 0 0 0 0 -2 -1 -1 -2 -1 0 0 -1 -2 0 -1 -1 -1 0 0 -2 -1 -1 0 0 0 0 -1 0 -1 0 0 -1 -1 0 -1 0 0 -2 -2 -2 0 0 -1 -1 -2 -1 -1 -2 -1 -2 -1 -2 0 -1 0 -2 -1 -1 -2 0
-0.171457962298265 0.391154312830589 0.845892904331372 0.41640952432461 -1.31063012534687 -1 0 1 0 0 0 0 2 0 1 2 1 2 2 0 1 0 1 0 2 0 1 0 1 0 0 2 2 1 1 1 2 0 0 1 2 0 0 2 2 0 0 1 2 0 1 1 2 2 0 0 0 0 1 0 1 1 2 1 1 1 2 2 1 2 0 0 2 1 0 0 0 1 0 0 2 0 1 2 1 1 1 0 0 0 1 1 0 2 1 2 0 2 1 1 1 2 2 1 1 1 0 -1 0 0 0 0 -2 0 -1 -2 -1 -2 -2 0 -1 0 -1 0 -2 0 -1 0 -1 0 0 -2 -2 -1 -1 -1 -2 0 0 -1 -2 0 0 -2 -2 0 0 -1 -2 0 -1 -1 -2 -2 0 0 0 0 -1 0 -1 -1 -2 -1 -1 -1 -2 -2 -1 -2 0 0 -2 -1 0 0 0 -1 0 0 -2 0 -1 -2 -1 -1 -1 0 0 0 -1 -1 0 -2 -1 -2 0 -2 -1 -1 -1 -2 -2 -1 -1 -1
-0.912259739042629 0.9938415811665 -0.405819516597027 0.0360175782915073 -0.443896301176249 -1 1 1 0 0 0 2 1 2 0 2 2 2 2 1 2 0 0 0 1 0 1 2 2 0 0 1 1 2 1 2 2 0 0 2 2 0 0 1 2 1 0 0 0 1 2 2 1 2 2 0 0 1 2 0 0 1 1 0 1 1 0 1 0 0 0 0 2 0 1 1 0 1 1 0 2 1 1 1 1 1 2 0 1 0 1 1 2 2 2 2 1 2 0 1 1 2 1 1 2 0 -1 -1 0 0 0 -2 -1 -2 0 -2 -2 -2 -2 -1 -2 0 0 0 -1 0 -1 -2 -2 0 0 -1 -1 -2 -1 -2 -2 0 0 -2 -2 0 0 -1 -2 -1 0 0 0 -1 -2 -2 -1 -2 -2 0 0 -1 -2 0 0 -1 -1 0 -1 -1 0 -1 0 0 0 0 -2 0 -1 -1 0 -1 -1 0 -2 -1 -1 -1 -1 -1 -2 0 -1 0 -1 -1 -2 -2 -2 -2 -1 -2 0 -1 -1 -2 -1 -1 -2 0
0.315372918773793 -0.751427512868524 1.64227247959166 0.635064116203966 0.416171713908084 -1 1 2 1 1 1 2 1 1 0 1 1 1 2 0 1 0 0 0 1 0 1 0 2 1 0 0 2 2 1 2 2 1 2 1 2 0 0 1 1 0 0 0 0 0 1 1 0 2 0 0 0 0 2 0 2 2 0 0 0 0 0 2 1 0 0 0 2 1 0 1 0 2 2 1 2 1 1 2 1 2 0 1 1 0 0 1 1 2 2 2 2 2 0 0 0 2 2 1 1 0 -1 -2 -1 -1 -1 -2 -1 -1 0 -1 -1 -1 -2 0 -1 0 0 0 -1 0 -1 0 -2 -1 0 0 -2 -2 -1 -2 -2 -1 -2 -1 -2 0 0 -1 -1 0 0 0 0 0 -1 -1 0 -2 0 0 0 0 -2 0 -2 -2 0 0 0 0 0 -2 -1 0 0 0 -2 -1 0 -1 0 -2 -2 -1 -2 -1 -1 -2 -1 -2 0 -1 -1 0 0 -1 -1 -2 -2 -2 -2 -2 0 0 0 -2 -2 -1 -1 0
-0.554902397937442 -1.09927208043742 0.441384990184137 0.452411847207537 0.207885236149549 -1 1 1 0 1 0 0 1 1 2 2 2 1 2 0 2 0 0 0 2 0 2 1 2 0 0 1 2 2 1 2 2 0 1 0 1 0 0 2 2 0 0 0 0 0 2 2 2 2 1 1 0 1 1 0 1 1 1 1 1 1 1 2 0 0 0 0 1 1 1 1 0 1 1 0 2 0 0 2 0 1 0 0 0 0 0 0 1 2 1 2 2 2 0 2 1 1 1 2 2 0 -1 -1 0 -1 0 0 -1 -1 -2 -2 -2 -1 -2 0 -2 0 0 0 -2 0 -2 -1 -2 0 0 -1 -2 -2 -1 -2 -2 0 -1 0 -1 0 0 -2 -2 0 0 0 0 0 -2 -2 -2 -2 -1 -1 0 -1 -1 0 -1 -1 -1 -1 -1 -1 -1 -2 0 0 0 0 -1 -1 -1 -1 0 -1 -1 0 -2 0 0 -2 0 -1 0 0 0 0 0 0 -1 -2 -1 -2 -2 -2 0 -2 -1 -1 -1 -2 -2 0
0.59997520909576 -0.391524058661335 1.25277450841866 -0.154173064370179 0.0677089287339302 -1 0 0 0 1 2 1 1 1 0 1 1 0 2 0 1 0 0 0 0 0 2 1 2 0 0 1 2 2 2 1 1 0 0 0 2 0 0 2 2 1 0 0 1 0 1 1 1 0 0 0 0 0 1 0 2 2 1 0 1 0 1 2 1 1 0 0 2 1 2 2 0 2 2 0 2 0 1 2 0 1 0 0 0 0 0 0 1 1 0 2 1 2 1 1 1 2 1 2 2 1 0 0 0 -1 -2 -1 -1 -1 0 -1 -1 0 -2 0 -1 0 0 0 0 0 -2 -1 -2 0 0 -1 -2 -2 -2 -1 -1 0 0 0 -2 0 0 -2 -2 -1 0 0 -1 0 -1 -1 -1 0 0 0 0 0 -1 0 -2 -2 -1 0 -1 0 -1 -2 -1 -1 0 0 -2 -1 -2 -2 0 -2 -2 0 -2 0 -1 -2 0 -1 0 0 0 0 0 0 -1 -1 0 -2 -1 -2 -1 -1 -1 -2 -1 -2 -2 -1
0.219736641566267 1.23439910364804 1.29157650976414 1.44818333339272 -1.24679382647769 -1 1 1 0 0 1 1 1 2 0 2 1 1 2 0 2 0 0 0 1 0 1 0 2 0 0 0 1 2 2 2 2 1 1 0 1 0 0 1 2 0 1 0 1 1 2 2 2 2 0 0 0 1 2 0 1 2 0 0 1 1 1 2 2 0 0 0 2 2 1 1 0 2 2 0 2 0 1 2 2 1 1 2 1 0 2 1 2 2 2 2 0 2 0 1 1 2 1 1 2 0 -1 -1 0 0 -1 -1 -1 -2 0 -2 -1 -1 -2 0 -2 0 0 0 -1 0 -1 0 -2 0 0 0 -1 -2 -2 -2 -2 -1 -1 0 -1 0 0 -1 -2 0 -1 0 -1 -1 -2 -2 -2 -2 0 0 0 -1 -2 0 -1 -2 0 0 -1 -1 -1 -2 -2 0 0 0 -2 -2 -1 -1 0 -2 -2 0 -2 0 -1 -2 -2 -1 -1 -2 -1 0 -2 -1 -2 -2 -2 -2 0 -2 0 -1 -1 -2 -1 -1 -2 0
-0.377166382933732 0.634867379813836 -1.67804289314078 -0.136678473327776 1.05582678099386 1 0 1 0 0 0 2 1 2 1 2 2 2 1 0 2 0 1 0 2 2 1 1 2 0 0 2 2 2 2 1 1 0 0 0 2 0 0 2 2 0 0 0 1 1 1 1 1 2 0 1 0 1 2 0 1 0 2 1 1 1 1 1 2 1 2 2 2 1 1 1 0 2 1 0 2 1 1 1 0 1 0 0 1 0 1 2 1 2 0 2 2 2 0 1 0 2 2 2 2 0 0 1 0 0 0 2 1 2 1 2 2 2 1 0 2 0 1 0 2 2 1 1 2 0 0 2 2 2 2 1 1 0 0 0 2 0 0 2 2 0 0 0 1 1 1 1 1 2 0 1 0 1 2 0 1 0 2 1 1 1 1 1 2 1 2 2 2 1 1 1 0 2 1 0 2 1 1 1 0 1 0 0 1 0 1 2 1 2 0 2 2 2 0 1 0 2 2 2 2 0
-0.721484933181743 2.37281989170617 1.18487737517421 -1.33976260898411 -0.408092704571313 1 0 1 0 1 0 2 1 1 2 2 2 1 2 0 2 1 2 0 2 1 2 1 1 0 0 1 2 2 1 2 2 0 2 0 0 0 0 2 2 1 0 0 1 0 1 1 1 2 0 2 1 2 1 0 1 2 1 0 0 0 0 1 1 1 0 0 2 2 1 2 0 2 1 0 2 0 1 1 0 1 0 0 1 0 1 2 2 2 1 2 1 2 1 2 1 2 1 0 0 0 0 1 0 1 0 2 1 1 2 2 2 1 2 0 2 1 2 0 2 1 2 1 1 0 0 1 2 2 1 2 2 0 2 0 0 0 0 2 2 1 0 0 1 0 1 1 1 2 0 2 1 2 1 0 1 2 1 0 0 0 0 1 1 1 0 0 2 2 1 2 0 2 1 0 2 0 1 1 0 1 0 0 1 0 1 2 2 2 1 2 1 2 1 2 1 2 1 0 0 0
0.702405200500721 -0.790707047411872 -0.466887553579657 0.373722335380443 1.04694485376658 1 0 1 0 0 1 1 1 2 1 2 1 1 2 0 1 0 1 0 2 0 1 1 2 0 1 2 2 2 1 1 2 0 0 1 2 0 0 0 1 0 0 0 1 2 1 0 1 2 0 1 1 2 2 0 1 2 2 1 0 0 0 2 1 1 0 0 0 0 0 0 0 1 0 0 2 0 1 1 0 1 0 1 0 0 1 0 1 1 0 2 2 2 1 2 2 2 1 2 2 1 0 1 0 0 1 1 1 2 1 2 1 1 2 0 1 0 1 0 2 0 1 1 2 0 1 2 2 2 1 1 2 0 0 1 2 0 0 0 1 0 0 0 1 2 1 0 1 2 0 1 1 2 2 0 1 2 2 1 0 0 0 2 1 1 0 0 0 0 0 0 0 1 0 0 2 0 1 1 0 1 0 1 0 0 1 0 1 1 0 2 2 2 1 2 2 2 1 2 2 1
-0.659232442900786 -1.14217319777879 0.546283764050163 1.24539942148961 -0.278313511528212 -1 1 2 0 1 0 0 1 1 1 2 0 1 1 0 2 0 2 0 1 0 1 0 2 0 0 1 1 2 1 1 1 0 1 1 2 0 0 1 2 1 1 1 1 0 2 1 1 2 1 1 1 1 2 0 1 1 2 0 0 1 0 2 1 0 0 0 1 1 0 0 0 2 1 0 2 0 1 1 0 2 0 0 0 0 1 1 0 2 1 2 1 2 2 1 2 2 0 1 2 0 -1 -2 0 -1 0 0 -1 -1 -1 -2 0 -1 -1 0 -2 0 -2 0 -1 0 -1 0 -2 0 0 -1 -1 -2 -1 -1 -1 0 -1 -1 -2 0 0 -1 -2 -1 -1 -1 -1 0 -2 -1 -1 -2 -1 -1 -1 -1 -2 0 -1 -1 -2 0 0 -1 0 -2 -1 0 0 0 -1 -1 0 0 0 -2 -1 0 -2 0 -1 -1 0 -2 0 0 0 0 -1 -1 0 -2 -1 -2 -1 -2 -2 -1 -2 -2 0 -1 -2 0
0.101200603348883 0.170336610460868 -1.73661028287023 0.654913372161407 0.696091942436555 1 0 2 0 0 0 2 1 2 0 2 1 2 2 1 1 0 0 0 0 0 0 1 2 0 0 1 2 2 0 2 2 0 0 0 2 0 0 1 2 1 0 0 0 0 0 0 0 1 0 0 0 0 1 0 1 1 2 2 1 2 0 1 1 0 0 0 1 0 2 1 0 2 1 0 2 0 0 1 0 2 0 0 0 0 1 0 1 2 2 2 2 2 0 2 1 2 2 2 2 0 0 2 0 0 0 2 1 2 0 2 1 2 2 1 1 0 0 0 0 0 0 1 2 0 0 1 2 2 0 2 2 0 0 0 2 0 0 1 2 1 0 0 0 0 0 0 0 1 0 0 0 0 1 0 1 1 2 2 1 2 0 1 1 0 0 0 1 0 2 1 0 2 1 0 2 0 0 1 0 2 0 0 0 0 1 0 1 2 2 2 2 2 0 2 1 2 2 2 2 0
0.501403685034213 0.233295295968186 1.9215434252296 -0.0829495615387025 0.30993965809371 -1 0 1 0 0 1 0 2 2 0 2 0 1 1 0 2 0 0 0 1 0 1 1 2 0 0 2 2 0 0 1 0 0 1 2 2 0 0 1 1 0 0 0 0 0 1 1 1 2 0 0 0 1 1 0 1 1 1 0 1 1 1 2 1 1 1 0 1 1 0 0 0 0 0 0 2 0 0 1 0 1 0 1 1 0 1 1 1 2 0 2 1 2 1 2 1 2 2 1 1 0 0 -1 0 0 -1 0 -2 -2 0 -2 0 -1 -1 0 -2 0 0 0 -1 0 -1 -1 -2 0 0 -2 -2 0 0 -1 0 0 -1 -2 -2 0 0 -1 -1 0 0 0 0 0 -1 -1 -1 -2 0 0 0 -1 -1 0 -1 -1 -1 0 -1 -1 -1 -2 -1 -1 -1 0 -1 -1 0 0 0 0 0 0 -2 0 0 -1 0 -1 0 -1 -1 0 -1 -1 -1 -2 0 -2 -1 -2 -1 -2 -1 -2 -2 -1 -1 0
0.980188131618824 0.130145679870366 1.61002172174331 -0.551302904024173 1.01218353367672 -1 1 2 0 0 0 1 1 1 1 1 1 1 0 0 0 0 0 0 2 0 1 0 2 0 0 2 2 2 2 2 2 0 2 1 2 0 0 1 1 1 0 0 1 0 1 0 2 2 0 0 0 1 1 0 1 1 1 0 0 1 2 2 2 2 0 0 2 1 2 1 0 2 1 0 2 0 1 2 0 0 0 1 1 0 1 2 1 2 1 2 2 2 2 2 2 2 1 1 2 0 -1 -2 0 0 0 -1 -1 -1 -1 -1 -1 -1 0 0 0 0 0 0 -2 0 -1 0 -2 0 0 -2 -2 -2 -2 -2 -2 0 -2 -1 -2 0 0 -1 -1 -1 0 0 -1 0 -1 0 -2 -2 0 0 0 -1 -1 0 -1 -1 -1 0 0 -1 -2 -2 -2 -2 0 0 -2 -1 -2 -1 0 -2 -1 0 -2 0 -1 -2 0 0 0 -1 -1 0 -1 -2 -1 -2 -1 -2 -2 -2 -2 -2 -2 -2 -1 -1 -2 0
1.55055316327643 0.00834514955000585 -1.56350939745114 -0.90633683107331 1.57168079909378 1 1 2 1 0 0 1 1 2 0 2 1 0 2 1 2 1 1 0 2 1 2 1 2 0 0 1 2 2 2 2 1 0 0 0 2 0 0 2 2 2 1 0 1 1 1 0 0 1 0 0 0 1 2 0 0 1 2 0 0 1 0 2 2 1 0 0 1 0 1 0 0 2 1 0 2 0 2 0 0 1 0 0 0 0 1 2 2 2 2 2 2 2 1 2 2 2 2 1 2 0 1 2 1 0 0 1 1 2 0 2 1 0 2 1 2 1 1 0 2 1 2 1 2 0 0 1 2 2 2 2 1 0 0 0 2 0 0 2 2 2 1 0 1 1 1 0 0 1 0 0 0 1 2 0 0 1 2 0 0 1 0 2 2 1 0 0 1 0 1 0 0 2 1 0 2 0 2 0 0 1 0 0 0 0 1 2 2 2 2 2 2 2 1 2 2 2 2 1 2 0
1.05319872691451 -0.71712993414816 1.1362188216298 -1.68783988103918 0.425193286720193 1 0 0 0 0 0 1 2 2 1 2 2 0 2 0 1 1 1 0 1 1 2 0 2 0 0 2 2 2 2 2 2 0 1 0 1 0 1 1 2 0 0 0 0 0 0 1 1 1 0 1 0 1 1 0 2 2 1 1 1 0 1 2 0 0 1 0 2 1 1 0 0 2 0 0 2 1 1 2 1 1 1 2 2 0 1 1 1 1 0 2 2 2 1 2 0 2 1 1 1 0 0 0 0 0 0 1 2 2 1 2 2 0 2 0 1 1 1 0 1 1 2 0 2 0 0 2 2 2 2 2 2 0 1 0 1 0 1 1 2 0 0 0 0 0 0 1 1 1 0 1 0 1 1 0 2 2 1 1 1 0 1 2 0 0 1 0 2 1 1 0 0 2 0 0 2 1 1 2 1 1 1 2 2 0 1 1 1 1 0 2 2 2 1 2 0 2 1 1 1 0
-0.256409912727183 1.22427562140934 -0.594995680701376 -0.440618504729991 0.780479846276757 -1 0 1 0 1 1 2 2 2 0 2 2 2 2 0 2 1 2 0 0 0 1 0 2 1 0 1 1 2 0 0 1 0 1 0 2 0 0 0 1 0 0 0 0 0 0 1 0 2 1 1 0 0 2 0 1 2 1 1 1 0 1 2 1 1 1 1 1 1 2 1 0 0 1 0 2 0 1 2 0 0 1 0 0 0 1 0 1 2 2 2 0 2 0 1 0 2 1 1 2 0 0 -1 0 -1 -1 -2 -2 -2 0 -2 -2 -2 -2 0 -2 -1 -2 0 0 0 -1 0 -2 -1 0 -1 -1 -2 0 0 -1 0 -1 0 -2 0 0 0 -1 0 0 0 0 0 0 -1 0 -2 -1 -1 0 0 -2 0 -1 -2 -1 -1 -1 0 -1 -2 -1 -1 -1 -1 -1 -1 -2 -1 0 0 -1 0 -2 0 -1 -2 0 0 -1 0 0 0 -1 0 -1 -2 -2 -2 0 -2 0 -1 0 -2 -1 -1 -2 0
0.819049812711976 -0.101200157200756 -0.405861173963446 0.582344865327055 0.345996836780709 -1 0 1 0 0 1 1 0 1 1 2 2 1 1 0 2 2 0 0 0 0 1 1 2 0 0 1 2 1 1 1 2 1 1 2 2 0 0 2 2 1 1 1 1 1 1 0 1 2 1 0 0 1 1 0 1 2 2 0 1 1 1 2 1 1 0 0 2 2 2 2 0 0 2 0 2 0 1 2 0 2 0 0 0 0 0 1 0 2 2 2 2 2 0 0 0 2 2 0 1 1 0 -1 0 0 -1 -1 0 -1 -1 -2 -2 -1 -1 0 -2 -2 0 0 0 0 -1 -1 -2 0 0 -1 -2 -1 -1 -1 -2 -1 -1 -2 -2 0 0 -2 -2 -1 -1 -1 -1 -1 -1 0 -1 -2 -1 0 0 -1 -1 0 -1 -2 -2 0 -1 -1 -1 -2 -1 -1 0 0 -2 -2 -2 -2 0 0 -2 0 -2 0 -1 -2 0 -2 0 0 0 0 0 -1 0 -2 -2 -2 -2 -2 0 0 0 -2 -2 0 -1 -1
-2.89233634782034 1.58961866416429 0.0131066633402258 1.56711606738889 2.35206988815729 1 0 0 0 0 0 0 2 2 2 2 2 2 2 0 2 1 0 0 1 0 2 0 1 0 0 1 1 1 1 1 2 0 1 0 2 0 0 1 2 0 0 0 0 0 1 0 0 2 0 0 0 1 2 0 1 2 1 0 0 1 0 2 1 0 0 0 2 1 1 0 0 1 0 0 2 0 0 0 0 1 0 2 2 1 1 0 0 2 2 2 2 2 1 2 2 2 2 2 2 0 0 0 0 0 0 0 2 2 2 2 2 2 2 0 2 1 0 0 1 0 2 0 1 0 0 1 1 1 1 1 2 0 1 0 2 0 0 1 2 0 0 0 0 0 1 0 0 2 0 0 0 1 2 0 1 2 1 0 0 1 0 2 1 0 0 0 2 1 1 0 0 1 0 0 2 0 0 0 0 1 0 2 2 1 1 0 0 2 2 2 2 2 1 2 2 2 2 2 2 0
-0.297266486891817 0.519729788791219 -0.201782478404705 0.691450550061662 -0.228547512751345 1 0 2 0 0 1 1 1 2 1 2 0 1 2 0 2 0 1 0 1 0 1 1 2 0 0 2 2 2 1 2 2 1 0 1 2 0 0 2 1 0 0 0 2 1 2 1 1 1 0 0 1 0 2 0 1 1 2 1 0 0 0 2 2 0 0 0 1 0 1 0 0 0 0 0 2 0 1 2 1 2 0 0 0 0 0 0 0 0 1 2 1 2 0 1 2 2 1 0 2 1 0 2 0 0 1 1 1 2 1 2 0 1 2 0 2 0 1 0 1 0 1 1 2 0 0 2 2 2 1 2 2 1 0 1 2 0 0 2 1 0 0 0 2 1 2 1 1 1 0 0 1 0 2 0 1 1 2 1 0 0 0 2 2 0 0 0 1 0 1 0 0 0 0 0 2 0 1 2 1 2 0 0 0 0 0 0 0 0 1 2 1 2 0 1 2 2 1 0 2 1
0.848757076628081 0.552374976598185 -0.775155930275065 0.0730054430021099 -1.46645620906043 -1 0 0 0 1 0 1 0 0 1 2 2 1 2 0 2 1 1 0 1 0 1 1 2 1 0 1 1 2 2 1 2 0 0 1 1 0 0 0 2 2 0 0 1 0 1 1 1 2 1 0 0 1 1 0 2 2 2 0 0 0 0 2 2 2 2 0 1 1 2 1 0 2 1 0 2 0 0 1 0 0 0 0 0 0 0 0 0 1 2 2 1 2 1 2 2 2 1 1 2 0 0 0 0 -1 0 -1 0 0 -1 -2 -2 -1 -2 0 -2 -1 -1 0 -1 0 -1 -1 -2 -1 0 -1 -1 -2 -2 -1 -2 0 0 -1 -1 0 0 0 -2 -2 0 0 -1 0 -1 -1 -1 -2 -1 0 0 -1 -1 0 -2 -2 -2 0 0 0 0 -2 -2 -2 -2 0 -1 -1 -2 -1 0 -2 -1 0 -2 0 0 -1 0 0 0 0 0 0 0 0 0 -1 -2 -2 -1 -2 -1 -2 -2 -2 -1 -1 -2 0
-1.19047092928389 0.747414960795798 0.0124074758041879 -0.553089211576639 -0.586175725859416 1 0 1 0 0 0 0 1 2 1 2 1 0 2 0 1 1 0 0 2 1 1 0 1 0 0 1 1 0 0 1 1 0 0 0 1 0 0 1 2 2 1 1 1 0 2 2 1 2 0 1 0 2 2 1 2 2 0 0 1 1 2 2 1 1 0 0 2 2 2 0 0 2 1 0 2 0 1 0 0 1 0 0 0 1 2 1 1 2 1 2 0 2 2 1 0 2 1 2 2 0 0 1 0 0 0 0 1 2 1 2 1 0 2 0 1 1 0 0 2 1 1 0 1 0 0 1 1 0 0 1 1 0 0 0 1 0 0 1 2 2 1 1 1 0 2 2 1 2 0 1 0 2 2 1 2 2 0 0 1 1 2 2 1 1 0 0 2 2 2 0 0 2 1 0 2 0 1 0 0 1 0 0 0 1 2 1 1 2 1 2 0 2 2 1 0 2 1 2 2 0
0.230437517986151 0.501781777732226 -0.860722238963569 -1.04364589140967 -0.507100635543599 1 0 0 0 0 0 0 0 1 1 2 2 0 1 0 1 0 0 0 0 0 0 0 0 0 0 1 0 1 1 1 2 0 0 1 2 0 0 2 1 0 0 0 1 0 1 0 0 1 0 0 0 0 1 0 1 2 2 1 1 1 1 1 0 0 0 0 1 0 0 0 0 2 1 0 2 0 0 1 0 1 0 1 1 0 0 2 1 1 2 2 1 2 0 1 0 2 1 2 2 0 0 0 0 0 0 0 0 1 1 2 2 0 1 0 1 0 0 0 0 0 0 0 0 0 0 1 0 1 1 1 2 0 0 1 2 0 0 2 1 0 0 0 1 0 1 0 0 1 0 0 0 0 1 0 1 2 2 1 1 1 1 1 0 0 0 0 1 0 0 0 0 2 1 0 2 0 0 1 0 1 0 1 1 0 0 2 1 1 2 2 1 2 0 1 0 2 1 2 2 0
-1.07553104732985 1.97733975651837 0.214344872593004 -0.522044802119014 -0.181455971572717 -1 0 1 0 0 0 1 1 2 1 2 2 2 2 0 2 0 1 0 2 1 2 2 2 0 0 1 2 2 2 2 2 1 1 1 2 0 0 1 2 0 0 0 2 2 2 0 1 2 1 1 0 1 2 0 2 2 2 0 0 0 0 2 2 0 1 0 1 0 0 0 0 1 0 0 2 1 1 1 0 2 1 1 1 1 1 0 2 2 2 2 1 2 1 2 1 2 2 0 2 0 0 -1 0 0 0 -1 -1 -2 -1 -2 -2 -2 -2 0 -2 0 -1 0 -2 -1 -2 -2 -2 0 0 -1 -2 -2 -2 -2 -2 -1 -1 -1 -2 0 0 -1 -2 0 0 0 -2 -2 -2 0 -1 -2 -1 -1 0 -1 -2 0 -2 -2 -2 0 0 0 0 -2 -2 0 -1 0 -1 0 0 0 0 -1 0 0 -2 -1 -1 -1 0 -2 -1 -1 -1 -1 -1 0 -2 -2 -2 -2 -1 -2 -1 -2 -1 -2 -2 0 -2 0
-0.983745068299499 1.77350602470978 1.08623012499821 -0.249909600166283 -1.50912768405887 1 0 2 0 0 0 0 1 2 1 2 2 2 2 1 2 1 0 0 1 0 1 0 2 0 0 1 2 1 0 1 2 0 0 0 1 0 0 1 2 2 0 0 1 0 2 1 1 2 0 0 0 1 2 0 1 2 1 0 0 0 1 2 2 1 2 1 2 1 0 0 0 2 0 0 2 0 0 2 1 0 1 2 1 1 1 2 1 2 2 2 1 2 0 1 1 2 1 0 1 1 0 2 0 0 0 0 1 2 1 2 2 2 2 1 2 1 0 0 1 0 1 0 2 0 0 1 2 1 0 1 2 0 0 0 1 0 0 1 2 2 0 0 1 0 2 1 1 2 0 0 0 1 2 0 1 2 1 0 0 0 1 2 2 1 2 1 2 1 0 0 0 2 0 0 2 0 0 2 1 0 1 2 1 1 1 2 1 2 2 2 1 2 0 1 1 2 1 0 1 1
1.61799592884701 1.28862352274325 1.81075967081018 1.96655885060798 1.26725024565041 1 0 2 0 0 2 2 1 2 2 2 0 0 2 1 2 1 1 0 1 0 1 0 1 0 1 2 2 2 2 2 2 0 1 0 1 0 0 0 2 1 2 0 1 0 1 0 0 1 0 1 0 0 1 0 1 2 2 0 1 2 1 2 2 1 0 0 2 1 1 1 0 1 1 0 2 0 1 2 0 2 0 1 0 0 0 0 1 1 0 2 2 2 1 1 1 2 1 1 2 0 0 2 0 0 2 2 1 2 2 2 0 0 2 1 2 1 1 0 1 0 1 0 1 0 1 2 2 2 2 2 2 0 1 0 1 0 0 0 2 1 2 0 1 0 1 0 0 1 0 1 0 0 1 0 1 2 2 0 1 2 1 2 2 1 0 0 2 1 1 1 0 1 1 0 2 0 1 2 0 2 0 1 0 0 0 0 1 1 0 2 2 2 1 1 1 2 1 1 2 0
-0.381867223870191 1.63925376078046 -0.733676810071413 1.05882668394769 -0.0849968622660072 1 0 1 0 1 0 1 0 2 0 2 1 0 2 0 2 0 0 0 0 0 1 0 1 0 0 0 1 2 1 2 2 0 0 0 0 0 0 1 2 1 0 0 1 0 1 0 1 2 0 0 0 0 1 0 1 2 1 2 2 1 2 2 1 0 0 0 2 0 0 1 0 2 1 0 2 1 1 2 1 2 0 0 0 0 1 1 2 2 1 2 2 2 1 2 0 1 0 0 0 0 0 1 0 1 0 1 0 2 0 2 1 0 2 0 2 0 0 0 0 0 1 0 1 0 0 0 1 2 1 2 2 0 0 0 0 0 0 1 2 1 0 0 1 0 1 0 1 2 0 0 0 0 1 0 1 2 1 2 2 1 2 2 1 0 0 0 2 0 0 1 0 2 1 0 2 1 1 2 1 2 0 0 0 0 1 1 2 2 1 2 2 2 1 2 0 1 0 0 0 0
-1.00346737417491 0.214772776999866 0.677902108008202 -1.99052195678014 1.06204330717307 -1 0 0 0 0 0 0 1 2 0 2 1 1 2 1 2 1 0 0 1 0 0 0 1 0 1 1 1 2 1 1 2 0 1 1 2 0 0 2 1 0 0 0 1 0 1 0 1 1 0 1 0 1 1 0 1 1 1 1 2 2 1 2 2 1 0 0 1 0 0 1 0 2 0 0 2 0 0 1 0 1 1 1 0 0 0 0 0 0 0 1 1 2 0 1 1 2 2 2 2 0 0 0 0 0 0 0 -1 -2 0 -2 -1 -1 -2 -1 -2 -1 0 0 -1 0 0 0 -1 0 -1 -1 -1 -2 -1 -1 -2 0 -1 -1 -2 0 0 -2 -1 0 0 0 -1 0 -1 0 -1 -1 0 -1 0 -1 -1 0 -1 -1 -1 -1 -2 -2 -1 -2 -2 -1 0 0 -1 0 0 -1 0 -2 0 0 -2 0 0 -1 0 -1 -1 -1 0 0 0 0 0 0 0 -1 -1 -2 0 -1 -1 -2 -2 -2 -2 0
2.13393066777129 0.597347896665627 1.70836981136154 -0.701730496601138 0.261901036580963 1 1 2 0 2 2 2 1 1 1 1 1 1 1 0 2 0 2 0 2 1 1 0 2 0 0 2 2 2 2 2 2 0 1 0 1 0 0 2 2 2 0 0 1 1 1 2 1 2 1 0 0 1 1 0 2 2 2 0 1 0 0 0 0 0 0 0 2 2 2 1 0 1 1 0 2 1 1 2 0 1 2 1 1 0 2 2 2 2 1 2 2 2 1 2 2 2 1 1 2 1 1 2 0 2 2 2 1 1 1 1 1 1 1 0 2 0 2 0 2 1 1 0 2 0 0 2 2 2 2 2 2 0 1 0 1 0 0 2 2 2 0 0 1 1 1 2 1 2 1 0 0 1 1 0 2 2 2 0 1 0 0 0 0 0 0 0 2 2 2 1 0 1 1 0 2 1 1 2 0 1 2 1 1 0 2 2 2 2 1 2 2 2 1 2 2 2 1 1 2 1
-0.82202186480544 0.699827030497439 -0.280929714108316 -0.191899096488173 1.4716661389381 1 0 1 0 1 1 2 2 2 1 2 2 1 2 1 2 0 0 0 0 0 0 0 1 0 0 0 0 2 1 1 1 1 0 1 2 1 1 2 2 2 0 0 1 1 1 1 1 1 1 1 0 1 1 0 0 1 1 0 1 1 1 1 1 0 0 0 2 2 2 2 0 2 1 0 2 0 1 2 0 2 0 1 0 0 0 0 2 2 0 2 1 2 1 1 1 2 2 0 1 0 0 1 0 1 1 2 2 2 1 2 2 1 2 1 2 0 0 0 0 0 0 0 1 0 0 0 0 2 1 1 1 1 0 1 2 1 1 2 2 2 0 0 1 1 1 1 1 1 1 1 0 1 1 0 0 1 1 0 1 1 1 1 1 0 0 0 2 2 2 2 0 2 1 0 2 0 1 2 0 2 0 1 0 0 0 0 2 2 0 2 1 2 1 1 1 2 2 0 1 0
0.606288070264636 0.471540834036543 0.916161584548046 -2.76152087364372 -0.750482996850949 1 0 0 0 0 0 1 0 2 2 2 2 0 1 0 2 0 1 0 1 0 2 0 1 0 0 1 1 2 1 1 2 0 1 0 2 0 0 2 2 0 0 0 1 1 1 1 2 2 0 0 1 1 2 0 1 2 2 0 0 1 1 2 1 0 0 0 2 2 2 2 1 2 2 0 2 0 0 1 1 2 0 1 1 0 1 0 1 2 0 1 0 2 1 2 0 2 0 1 1 0 0 0 0 0 0 1 0 2 2 2 2 0 1 0 2 0 1 0 1 0 2 0 1 0 0 1 1 2 1 1 2 0 1 0 2 0 0 2 2 0 0 0 1 1 1 1 2 2 0 0 1 1 2 0 1 2 2 0 0 1 1 2 1 0 0 0 2 2 2 2 1 2 2 0 2 0 0 1 1 2 0 1 1 0 1 0 1 2 0 1 0 2 1 2 0 2 0 1 1 0
0.588432260141295 -0.601058551356779 0.290440220823569 -0.502726332817902 -1.44632348152883 -1 0 0 0 0 0 0 1 1 2 2 2 2 2 0 2 1 1 0 2 0 0 0 1 0 0 1 2 2 1 1 2 0 1 0 2 0 0 1 2 1 0 0 1 0 1 1 1 1 1 0 0 2 2 0 1 2 1 0 1 0 0 1 2 0 1 0 1 2 1 1 0 1 1 0 2 0 0 1 0 1 0 0 0 0 1 1 1 2 1 2 1 2 0 1 0 2 2 1 2 2 0 0 0 0 0 0 -1 -1 -2 -2 -2 -2 -2 0 -2 -1 -1 0 -2 0 0 0 -1 0 0 -1 -2 -2 -1 -1 -2 0 -1 0 -2 0 0 -1 -2 -1 0 0 -1 0 -1 -1 -1 -1 -1 0 0 -2 -2 0 -1 -2 -1 0 -1 0 0 -1 -2 0 -1 0 -1 -2 -1 -1 0 -1 -1 0 -2 0 0 -1 0 -1 0 0 0 0 -1 -1 -1 -2 -1 -2 -1 -2 0 -1 0 -2 -2 -1 -2 -2
0.74056736992492 0.670625664007143 0.803897442670527 0.923323119236441 -1.1276571599134 1 0 1 0 1 0 1 1 2 1 2 2 2 2 1 2 1 0 0 2 0 0 0 1 0 0 2 2 2 1 1 1 0 0 0 1 0 0 2 1 0 0 0 1 0 1 1 0 1 0 0 0 2 2 0 1 1 1 0 0 1 1 2 1 1 1 0 1 1 2 0 0 1 1 0 2 0 1 2 0 0 1 2 1 0 0 0 2 2 1 2 2 2 1 0 1 2 1 2 2 0 0 1 0 1 0 1 1 2 1 2 2 2 2 1 2 1 0 0 2 0 0 0 1 0 0 2 2 2 1 1 1 0 0 0 1 0 0 2 1 0 0 0 1 0 1 1 0 1 0 0 0 2 2 0 1 1 1 0 0 1 1 2 1 1 1 0 1 1 2 0 0 1 1 0 2 0 1 2 0 0 1 2 1 0 0 0 2 2 1 2 2 2 1 0 1 2 1 2 2 0
0.971056840405006 -0.0755998078636868 -0.499034009507963 -1.69545620574667 0.147805405456461 1 0 1 0 0 0 0 0 0 1 2 2 2 2 0 2 1 1 0 1 0 1 1 1 0 0 2 2 2 2 2 2 0 1 1 1 0 0 1 1 1 0 0 1 1 2 2 1 2 0 1 0 1 2 0 2 2 2 1 1 1 1 1 2 1 1 0 1 0 1 1 0 1 1 0 2 0 1 2 1 2 0 1 0 0 0 0 1 1 1 2 0 2 1 1 0 2 2 2 2 1 0 1 0 0 0 0 0 0 1 2 2 2 2 0 2 1 1 0 1 0 1 1 1 0 0 2 2 2 2 2 2 0 1 1 1 0 0 1 1 1 0 0 1 1 2 2 1 2 0 1 0 1 2 0 2 2 2 1 1 1 1 1 2 1 1 0 1 0 1 1 0 1 1 0 2 0 1 2 1 2 0 1 0 0 0 0 1 1 1 2 0 2 1 1 0 2 2 2 2 1
0.0848050762060083 -0.580840634105452 -0.090974831792809 1.25478404682772 -1.63628935672945 -1 0 1 0 0 1 1 0 0 1 1 1 1 1 0 2 0 1 0 1 0 1 1 2 0 0 1 1 1 0 1 0 0 1 1 1 0 0 1 1 1 0 0 0 0 0 1 1 2 0 0 0 2 2 1 2 2 2 2 0 0 0 2 0 0 0 0 2 1 1 2 0 1 1 0 2 1 0 2 1 2 0 0 0 0 0 0 0 1 2 2 0 2 1 1 1 2 2 1 1 0 0 -1 0 0 -1 -1 0 0 -1 -1 -1 -1 -1 0 -2 0 -1 0 -1 0 -1 -1 -2 0 0 -1 -1 -1 0 -1 0 0 -1 -1 -1 0 0 -1 -1 -1 0 0 0 0 0 -1 -1 -2 0 0 0 -2 -2 -1 -2 -2 -2 -2 0 0 0 -2 0 0 0 0 -2 -1 -1 -2 0 -1 -1 0 -2 -1 0 -2 -1 -2 0 0 0 0 0 0 0 -1 -2 -2 0 -2 -1 -1 -1 -2 -2 -1 -1 0
-1.03489328170986 -0.121382194116052 0.179234213464861 1.03565546423909 -1.81505979928978 1 0 1 0 0 0 0 1 1 0 1 0 0 1 0 1 0 1 0 2 0 0 1 2 0 0 2 2 2 2 0 2 1 1 1 2 0 0 1 1 1 1 0 1 1 2 1 1 2 2 1 0 1 1 0 2 2 1 0 0 1 0 2 2 2 1 0 1 1 0 1 0 1 1 0 2 1 0 0 1 2 0 0 0 0 0 1 2 2 1 2 1 2 0 1 0 1 2 0 1 0 0 1 0 0 0 0 1 1 0 1 0 0 1 0 1 0 1 0 2 0 0 1 2 0 0 2 2 2 2 0 2 1 1 1 2 0 0 1 1 1 1 0 1 1 2 1 1 2 2 1 0 1 1 0 2 2 1 0 0 1 0 2 2 2 1 0 1 1 0 1 0 1 1 0 2 1 0 0 1 2 0 0 0 0 0 1 2 2 1 2 1 2 0 1 0 1 2 0 1 0
-1.61551755002637 0.222691814296159 -0.232136769637995 1.45210495769265 -1.17342915037092 1 0 1 0 1 0 1 1 2 0 1 0 1 2 0 2 0 0 0 2 0 0 0 2 1 0 2 2 2 0 1 1 0 0 0 2 0 1 2 2 0 0 0 1 1 2 0 0 2 0 0 0 1 1 0 0 1 1 0 0 2 1 2 1 0 0 0 1 0 1 0 0 1 1 0 2 0 0 1 0 1 0 0 0 0 0 0 0 2 1 2 1 2 0 1 1 2 1 0 1 0 0 1 0 1 0 1 1 2 0 1 0 1 2 0 2 0 0 0 2 0 0 0 2 1 0 2 2 2 0 1 1 0 0 0 2 0 1 2 2 0 0 0 1 1 2 0 0 2 0 0 0 1 1 0 0 1 1 0 0 2 1 2 1 0 0 0 1 0 1 0 0 1 1 0 2 0 0 1 0 1 0 0 0 0 0 0 0 2 1 2 1 2 0 1 1 2 1 0 1 0
-0.193843785241566 -0.0561283856850872 1.2031499421738 1.83422129305218 -0.150666841079624 1 0 1 1 0 0 1 0 2 0 2 2 0 2 1 2 0 1 0 2 0 1 1 2 0 0 1 1 2 1 1 2 0 2 1 2 0 1 2 2 1 0 0 1 1 0 0 0 1 0 1 0 0 1 0 2 1 2 1 1 1 0 1 1 0 0 0 1 0 0 1 1 2 1 0 2 1 1 2 1 0 0 0 1 0 2 0 2 2 1 2 0 2 1 1 1 1 2 1 1 0 0 1 1 0 0 1 0 2 0 2 2 0 2 1 2 0 1 0 2 0 1 1 2 0 0 1 1 2 1 1 2 0 2 1 2 0 1 2 2 1 0 0 1 1 0 0 0 1 0 1 0 0 1 0 2 1 2 1 1 1 0 1 1 0 0 0 1 0 0 1 1 2 1 0 2 1 1 2 1 0 0 0 1 0 2 0 2 2 1 2 0 2 1 1 1 1 2 1 1 0
-0.512680250905744 1.37999074772815 -1.82714102892641 -1.57992408629711 -0.349872825555259 1 1 2 0 0 0 0 0 2 1 2 0 0 2 0 1 0 1 0 2 0 2 0 2 0 0 2 1 2 1 0 2 0 0 0 1 0 0 1 2 1 0 0 0 0 1 0 1 2 1 0 0 1 2 0 0 1 2 1 1 2 1 2 1 0 0 0 2 0 1 1 0 1 1 0 2 0 0 1 0 1 0 0 0 0 1 1 0 2 0 2 1 2 0 0 0 0 0 0 1 0 1 2 0 0 0 0 0 2 1 2 0 0 2 0 1 0 1 0 2 0 2 0 2 0 0 2 1 2 1 0 2 0 0 0 1 0 0 1 2 1 0 0 0 0 1 0 1 2 1 0 0 1 2 0 0 1 2 1 1 2 1 2 1 0 0 0 2 0 1 1 0 1 1 0 2 0 0 1 0 1 0 0 0 0 1 1 0 2 0 2 1 2 0 0 0 0 0 0 1 0
1.12928543646422 -1.03987014372818 -0.775895124307051 0.347352347602854 1.00947122767358 -1 0 0 0 0 0 1 1 2 0 1 0 1 1 0 1 0 2 0 1 0 2 1 2 0 0 1 2 2 2 2 2 1 2 2 1 0 0 2 2 0 0 0 1 1 2 2 1 2 1 2 0 1 2 0 1 2 1 1 1 1 1 2 1 0 1 0 2 1 1 2 0 1 1 0 2 1 2 2 1 2 0 0 0 0 0 0 2 2 0 1 0 2 2 2 1 1 0 0 1 0 0 0 0 0 0 -1 -1 -2 0 -1 0 -1 -1 0 -1 0 -2 0 -1 0 -2 -1 -2 0 0 -1 -2 -2 -2 -2 -2 -1 -2 -2 -1 0 0 -2 -2 0 0 0 -1 -1 -2 -2 -1 -2 -1 -2 0 -1 -2 0 -1 -2 -1 -1 -1 -1 -1 -2 -1 0 -1 0 -2 -1 -1 -2 0 -1 -1 0 -2 -1 -2 -2 -1 -2 0 0 0 0 0 0 -2 -2 0 -1 0 -2 -2 -2 -1 -1 0 0 -1 0
-0.986003578419929 -1.23322781000037 -2.12215571150595 0.735845330435316 0.538494236706514 1 0 1 0 0 1 1 1 2 1 2 1 1 2 1 2 1 2 0 2 0 1 0 1 0 0 2 2 2 1 2 2 0 0 0 2 0 0 2 2 0 0 0 0 0 0 0 1 2 0 1 1 0 2 0 1 2 2 0 0 0 0 2 1 1 1 0 1 0 1 1 0 2 1 0 2 0 0 1 1 2 0 0 1 0 1 0 0 2 0 2 1 2 1 2 1 2 0 1 1 0 0 1 0 0 1 1 1 2 1 2 1 1 2 1 2 1 2 0 2 0 1 0 1 0 0 2 2 2 1 2 2 0 0 0 2 0 0 2 2 0 0 0 0 0 0 0 1 2 0 1 1 0 2 0 1 2 2 0 0 0 0 2 1 1 1 0 1 0 1 1 0 2 1 0 2 0 0 1 1 2 0 0 1 0 1 0 0 2 0 2 1 2 1 2 1 2 0 1 1 0
0.145269991041033 1.20345125308801 1.36858650237605 -0.932916610098107 -0.600806441786312 1 0 1 0 0 0 0 1 2 0 1 2 1 2 1 2 1 0 0 2 1 1 1 2 0 0 0 2 2 2 2 2 1 2 1 2 0 0 2 1 1 0 0 0 0 1 1 0 2 0 0 0 0 1 0 0 1 2 1 0 1 1 1 1 1 0 0 2 0 1 1 0 2 1 0 2 0 0 1 0 1 0 0 0 0 0 0 1 2 1 2 1 2 0 1 1 2 2 1 2 0 0 1 0 0 0 0 1 2 0 1 2 1 2 1 2 1 0 0 2 1 1 1 2 0 0 0 2 2 2 2 2 1 2 1 2 0 0 2 1 1 0 0 0 0 1 1 0 2 0 0 0 0 1 0 0 1 2 1 0 1 1 1 1 1 0 0 2 0 1 1 0 2 1 0 2 0 0 1 0 1 0 0 0 0 0 0 1 2 1 2 1 2 0 1 1 2 2 1 2 0
0.58341009100298 0.120777244390429 -0.341141528915974 -0.00328158232652097 2.72226239951231 1 0 1 0 0 0 1 1 2 0 1 0 1 1 0 1 1 1 0 2 1 1 1 2 0 0 1 2 2 1 1 1 0 0 0 1 0 0 0 1 1 1 0 1 1 1 1 1 2 1 1 1 2 2 0 0 2 0 0 0 0 1 2 0 0 0 0 1 1 0 0 0 1 0 0 2 0 2 2 1 0 0 0 0 0 0 0 1 2 1 2 2 2 1 1 1 2 1 1 1 0 0 1 0 0 0 1 1 2 0 1 0 1 1 0 1 1 1 0 2 1 1 1 2 0 0 1 2 2 1 1 1 0 0 0 1 0 0 0 1 1 1 0 1 1 1 1 1 2 1 1 1 2 2 0 0 2 0 0 0 0 1 2 0 0 0 0 1 1 0 0 0 1 0 0 2 0 2 2 1 0 0 0 0 0 0 0 1 2 1 2 2 2 1 1 1 2 1 1 1 0
-0.144286356521199 -0.0269038416765948 -0.488251196284396 -0.901805712805535 1.12550613275862 1 1 1 0 0 1 2 2 2 0 1 1 1 2 2 1 0 0 0 2 0 2 0 1 0 0 1 2 2 1 1 2 1 1 1 2 0 0 1 2 1 1 0 0 0 0 1 0 1 0 1 1 2 2 0 2 2 2 0 1 1 2 2 2 1 1 0 2 1 2 2 0 2 1 0 2 0 0 1 0 0 0 1 1 0 1 1 1 2 2 2 2 2 2 1 0 2 0 0 1 0 1 1 0 0 1 2 2 2 0 1 1 1 2 2 1 0 0 0 2 0 2 0 1 0 0 1 2 2 1 1 2 1 1 1 2 0 0 1 2 1 1 0 0 0 0 1 0 1 0 1 1 2 2 0 2 2 2 0 1 1 2 2 2 1 1 0 2 1 2 2 0 2 1 0 2 0 0 1 0 0 0 1 1 0 1 1 1 2 2 2 2 2 2 1 0 2 0 0 1 0
-0.297454946022427 1.61965567839222 -1.83419198305946 -0.953346010687948 0.191485023125497 -1 1 1 0 0 1 2 2 1 0 2 2 2 2 1 2 0 2 0 2 2 1 0 2 0 0 2 1 1 1 2 2 0 0 0 1 0 0 1 2 1 0 0 0 2 2 0 1 2 1 0 0 0 2 0 1 1 0 1 0 1 0 1 0 0 0 0 1 0 1 1 0 2 1 0 2 0 1 1 0 2 0 0 1 0 0 0 0 1 1 2 1 2 2 2 1 2 1 1 2 0 -1 -1 0 0 -1 -2 -2 -1 0 -2 -2 -2 -2 -1 -2 0 -2 0 -2 -2 -1 0 -2 0 0 -2 -1 -1 -1 -2 -2 0 0 0 -1 0 0 -1 -2 -1 0 0 0 -2 -2 0 -1 -2 -1 0 0 0 -2 0 -1 -1 0 -1 0 -1 0 -1 0 0 0 0 -1 0 -1 -1 0 -2 -1 0 -2 0 -1 -1 0 -2 0 0 -1 0 0 0 0 -1 -1 -2 -1 -2 -2 -2 -1 -2 -1 -1 -2 0
-1.5666130877681 -0.0222884662206088 -1.60295108680602 1.7996504087497 2.13573985710654 -1 0 1 0 1 0 2 1 1 0 2 2 2 1 0 1 0 0 0 1 1 2 2 2 0 0 1 2 1 1 1 2 0 1 0 2 0 1 1 2 2 0 0 1 1 1 0 1 2 1 1 1 1 2 1 2 2 1 0 0 1 0 2 0 0 0 0 2 1 2 1 0 2 0 0 2 0 0 1 0 1 0 0 0 0 0 0 0 1 0 2 0 2 0 0 0 2 1 0 1 0 0 -1 0 -1 0 -2 -1 -1 0 -2 -2 -2 -1 0 -1 0 0 0 -1 -1 -2 -2 -2 0 0 -1 -2 -1 -1 -1 -2 0 -1 0 -2 0 -1 -1 -2 -2 0 0 -1 -1 -1 0 -1 -2 -1 -1 -1 -1 -2 -1 -2 -2 -1 0 0 -1 0 -2 0 0 0 0 -2 -1 -2 -1 0 -2 0 0 -2 0 0 -1 0 -1 0 0 0 0 0 0 0 -1 0 -2 0 -2 0 0 0 -2 -1 0 -1 0
-0.253021205339902 0.353226702000085 -1.44675938669416 0.268774509385666 -0.158818678870594 -1 1 2 0 1 1 2 2 2 0 2 1 1 2 0 2 0 0 0 1 0 2 1 2 0 0 1 1 2 2 2 2 1 0 1 2 0 0 0 2 1 1 1 1 0 0 0 0 1 0 1 1 1 2 0 1 2 1 0 0 0 2 2 1 1 1 0 2 1 1 1 0 2 2 0 2 0 0 1 1 1 0 0 0 0 0 0 1 2 2 2 1 2 0 1 0 2 1 1 1 0 -1 -2 0 -1 -1 -2 -2 -2 0 -2 -1 -1 -2 0 -2 0 0 0 -1 0 -2 -1 -2 0 0 -1 -1 -2 -2 -2 -2 -1 0 -1 -2 0 0 0 -2 -1 -1 -1 -1 0 0 0 0 -1 0 -1 -1 -1 -2 0 -1 -2 -1 0 0 0 -2 -2 -1 -1 -1 0 -2 -1 -1 -1 0 -2 -2 0 -2 0 0 -1 -1 -1 0 0 0 0 0 0 -1 -2 -2 -2 -1 -2 0 -1 0 -2 -1 -1 -1 0
0.907627739859531 0.40375359046815 -0.819726723318157 0.0985917059415403 1.23449779558741 -1 1 2 0 1 0 1 1 0 0 2 2 2 2 0 2 0 1 0 1 0 1 1 2 0 0 1 2 1 1 1 1 0 0 0 2 0 0 2 2 1 0 0 1 0 0 0 1 1 0 0 0 1 2 0 1 1 1 1 0 0 1 2 2 0 0 0 1 1 1 0 0 2 1 0 2 0 1 2 1 2 0 1 1 0 1 0 2 2 1 2 2 2 0 0 1 1 1 1 2 0 -1 -2 0 -1 0 -1 -1 0 0 -2 -2 -2 -2 0 -2 0 -1 0 -1 0 -1 -1 -2 0 0 -1 -2 -1 -1 -1 -1 0 0 0 -2 0 0 -2 -2 -1 0 0 -1 0 0 0 -1 -1 0 0 0 -1 -2 0 -1 -1 -1 -1 0 0 -1 -2 -2 0 0 0 -1 -1 -1 0 0 -2 -1 0 -2 0 -1 -2 -1 -2 0 -1 -1 0 -1 0 -2 -2 -1 -2 -2 -2 0 0 -1 -1 -1 -1 -2 0
1.50759487941019 0.630905153537724 -0.776865287100839 -1.00722913183822 -0.0417779624856058 -1 1 1 0 0 0 1 0 1 0 2 1 1 2 1 2 1 1 0 1 1 1 1 1 0 0 1 2 1 0 0 0 0 0 0 2 0 0 0 1 0 0 0 2 2 1 1 0 2 0 1 1 1 1 0 1 1 1 0 0 0 1 2 1 1 2 0 1 0 2 1 0 2 1 0 2 0 1 2 0 1 0 0 0 0 1 1 1 2 1 2 1 2 2 2 2 2 1 0 1 0 -1 -1 0 0 0 -1 0 -1 0 -2 -1 -1 -2 -1 -2 -1 -1 0 -1 -1 -1 -1 -1 0 0 -1 -2 -1 0 0 0 0 0 0 -2 0 0 0 -1 0 0 0 -2 -2 -1 -1 0 -2 0 -1 -1 -1 -1 0 -1 -1 -1 0 0 0 -1 -2 -1 -1 -2 0 -1 0 -2 -1 0 -2 -1 0 -2 0 -1 -2 0 -1 0 0 0 0 -1 -1 -1 -2 -1 -2 -1 -2 -2 -2 -2 -2 -1 0 -1 0
1.18300161584097 -0.545417634074205 0.648176202769073 1.15305115745724 1.09801482212956 1 0 0 0 2 1 2 2 2 2 2 1 2 2 0 1 1 1 0 0 0 0 0 2 0 0 1 2 2 1 2 2 0 0 0 1 0 0 2 1 1 1 1 2 1 0 2 2 2 1 0 0 1 2 0 0 2 1 1 0 1 0 2 0 0 0 0 2 1 1 1 0 1 0 0 2 0 0 2 2 2 0 2 1 0 1 0 1 0 0 2 0 2 0 1 0 1 1 0 1 0 0 0 0 2 1 2 2 2 2 2 1 2 2 0 1 1 1 0 0 0 0 0 2 0 0 1 2 2 1 2 2 0 0 0 1 0 0 2 1 1 1 1 2 1 0 2 2 2 1 0 0 1 2 0 0 2 1 1 0 1 0 2 0 0 0 0 2 1 1 1 0 1 0 0 2 0 0 2 2 2 0 2 1 0 1 0 1 0 0 2 0 2 0 1 0 1 1 0 1 0
1.59286111182215 -0.678011652724284 0.0540699535049713 -2.33078208755788 -0.628722576609374 -1 1 2 0 0 2 2 1 2 1 2 1 2 2 0 2 2 1 0 1 1 2 2 2 0 0 2 1 1 1 1 1 0 0 0 0 0 0 2 2 0 0 0 1 1 2 1 1 2 1 1 1 2 2 0 1 2 1 0 0 1 0 1 1 0 0 0 2 0 1 1 0 2 1 0 2 1 1 1 0 1 0 0 0 0 1 0 2 2 1 2 0 1 0 1 0 2 1 0 2 0 -1 -2 0 0 -2 -2 -1 -2 -1 -2 -1 -2 -2 0 -2 -2 -1 0 -1 -1 -2 -2 -2 0 0 -2 -1 -1 -1 -1 -1 0 0 0 0 0 0 -2 -2 0 0 0 -1 -1 -2 -1 -1 -2 -1 -1 -1 -2 -2 0 -1 -2 -1 0 0 -1 0 -1 -1 0 0 0 -2 0 -1 -1 0 -2 -1 0 -2 -1 -1 -1 0 -1 0 0 0 0 -1 0 -2 -2 -1 -2 0 -1 0 -1 0 -2 -1 0 -2 0
-1.0763089276648 1.41427089455695 -0.0211670694327241 -0.471879145569006 0.251863992164497 -1 0 1 0 0 1 2 1 2 0 2 1 1 2 1 2 0 0 0 1 0 0 1 2 0 0 2 2 2 0 1 2 0 0 1 2 0 0 1 1 0 0 0 0 0 2 2 1 2 0 2 1 2 2 1 2 2 1 0 0 0 1 1 0 0 0 0 1 2 1 0 0 2 0 0 2 1 2 1 0 2 1 1 0 0 2 0 0 1 0 2 1 2 0 0 0 1 1 2 1 0 0 -1 0 0 -1 -2 -1 -2 0 -2 -1 -1 -2 -1 -2 0 0 0 -1 0 0 -1 -2 0 0 -2 -2 -2 0 -1 -2 0 0 -1 -2 0 0 -1 -1 0 0 0 0 0 -2 -2 -1 -2 0 -2 -1 -2 -2 -1 -2 -2 -1 0 0 0 -1 -1 0 0 0 0 -1 -2 -1 0 0 -2 0 0 -2 -1 -2 -1 0 -2 -1 -1 0 0 -2 0 0 -1 0 -2 -1 -2 0 0 0 -1 -1 -2 -1 0
2.17666274757981 1.04677730787075 0.725994302106621 -0.514787616136309 -1.59321101965412 -1 0 1 0 1 1 1 1 2 0 2 2 1 2 1 2 1 0 0 2 0 0 0 1 0 0 2 1 2 1 1 2 0 0 0 2 0 0 2 1 0 0 0 2 0 1 1 1 2 1 1 1 0 2 0 2 2 2 1 0 1 2 1 1 0 0 0 2 0 0 0 0 0 1 0 2 0 1 1 0 2 1 1 0 0 1 1 1 1 1 2 2 2 2 2 1 2 1 1 2 1 0 -1 0 -1 -1 -1 -1 -2 0 -2 -2 -1 -2 -1 -2 -1 0 0 -2 0 0 0 -1 0 0 -2 -1 -2 -1 -1 -2 0 0 0 -2 0 0 -2 -1 0 0 0 -2 0 -1 -1 -1 -2 -1 -1 -1 0 -2 0 -2 -2 -2 -1 0 -1 -2 -1 -1 0 0 0 -2 0 0 0 0 0 -1 0 -2 0 -1 -1 0 -2 -1 -1 0 0 -1 -1 -1 -1 -1 -2 -2 -2 -2 -2 -1 -2 -1 -1 -2 -1
0.397464381900507 -0.739268560768531 -0.269338619757697 -0.146102550985551 -1.23973751105284 1 0 1 0 1 1 1 1 2 2 2 1 1 1 0 2 0 0 0 2 0 1 0 2 0 0 1 1 1 0 2 2 0 1 0 2 0 0 0 1 1 0 0 2 0 2 2 2 2 2 1 0 0 2 1 2 2 1 1 1 0 1 2 2 1 0 0 1 2 2 1 0 1 0 0 2 0 0 0 0 1 1 1 0 0 0 1 2 2 2 2 2 2 0 1 1 2 1 1 1 0 0 1 0 1 1 1 1 2 2 2 1 1 1 0 2 0 0 0 2 0 1 0 2 0 0 1 1 1 0 2 2 0 1 0 2 0 0 0 1 1 0 0 2 0 2 2 2 2 2 1 0 0 2 1 2 2 1 1 1 0 1 2 2 1 0 0 1 2 2 1 0 1 0 0 2 0 0 0 0 1 1 1 0 0 0 1 2 2 2 2 2 2 0 1 1 2 1 1 1 0
-0.678500162716659 -0.260041179227713 -1.27111809130398 -0.425082894131413 0.72105014991946 -1 0 1 0 1 1 1 2 2 1 2 2 2 2 0 2 1 0 0 0 0 1 0 0 0 1 2 1 1 2 2 2 0 1 0 0 0 0 2 2 1 0 0 2 1 1 0 1 1 0 1 0 1 2 1 2 2 1 1 1 1 0 2 1 0 0 0 1 0 2 1 0 1 1 0 2 0 0 2 0 1 0 1 0 0 1 1 2 2 1 2 1 2 1 1 1 2 1 1 2 0 0 -1 0 -1 -1 -1 -2 -2 -1 -2 -2 -2 -2 0 -2 -1 0 0 0 0 -1 0 0 0 -1 -2 -1 -1 -2 -2 -2 0 -1 0 0 0 0 -2 -2 -1 0 0 -2 -1 -1 0 -1 -1 0 -1 0 -1 -2 -1 -2 -2 -1 -1 -1 -1 0 -2 -1 0 0 0 -1 0 -2 -1 0 -1 -1 0 -2 0 0 -2 0 -1 0 -1 0 0 -1 -1 -2 -2 -1 -2 -1 -2 -1 -1 -1 -2 -1 -1 -2 0
-2.07284098178266 -1.02202032403331 2.14938268876907 0.387943934061669 1.4829036538034 1 0 1 0 0 0 1 0 1 0 1 2 2 2 2 2 0 2 0 2 2 2 1 2 0 0 1 1 1 0 1 2 0 1 1 1 0 0 2 2 0 0 0 0 0 1 2 1 2 1 1 1 1 2 0 2 2 2 0 1 2 0 1 0 0 0 0 1 1 2 1 0 2 1 0 2 0 0 1 0 2 1 1 0 0 1 1 1 2 2 2 1 2 0 0 1 1 1 0 2 0 0 1 0 0 0 1 0 1 0 1 2 2 2 2 2 0 2 0 2 2 2 1 2 0 0 1 1 1 0 1 2 0 1 1 1 0 0 2 2 0 0 0 0 0 1 2 1 2 1 1 1 1 2 0 2 2 2 0 1 2 0 1 0 0 0 0 1 1 2 1 0 2 1 0 2 0 0 1 0 2 1 1 0 0 1 1 1 2 2 2 1 2 0 0 1 1 1 0 2 0
-0.481381389125984 -0.845807071348394 0.417861263596051 -0.651285808779248 0.605436626022978 -1 1 2 1 1 1 2 1 2 1 2 1 1 2 0 2 0 1 0 1 0 0 0 1 0 0 0 2 2 0 1 2 0 1 1 2 0 0 1 2 1 0 0 0 0 1 0 0 1 0 1 1 1 1 0 2 2 2 2 1 0 0 1 0 0 0 0 2 1 1 1 0 1 0 0 2 0 0 2 1 2 0 0 0 0 0 0 2 1 1 2 2 2 1 0 1 2 1 1 2 0 -1 -2 -1 -1 -1 -2 -1 -2 -1 -2 -1 -1 -2 0 -2 0 -1 0 -1 0 0 0 -1 0 0 0 -2 -2 0 -1 -2 0 -1 -1 -2 0 0 -1 -2 -1 0 0 0 0 -1 0 0 -1 0 -1 -1 -1 -1 0 -2 -2 -2 -2 -1 0 0 -1 0 0 0 0 -2 -1 -1 -1 0 -1 0 0 -2 0 0 -2 -1 -2 0 0 0 0 0 0 -2 -1 -1 -2 -2 -2 -1 0 -1 -2 -1 -1 -2 0
-0.0346651074455656 0.591838624002104 0.41407639034598 -0.638922894841234 -0.499898840129922 1 0 0 0 0 0 1 0 1 0 1 0 1 2 0 1 0 1 0 1 0 1 0 0 0 0 1 1 1 0 1 2 0 0 1 1 0 0 1 2 0 0 0 0 0 0 0 1 1 0 1 0 1 2 0 2 2 2 0 0 2 2 2 2 1 0 0 2 2 2 1 0 0 0 0 2 0 0 1 0 1 0 0 1 0 1 1 0 2 0 2 1 2 1 2 1 1 2 2 2 0 0 0 0 0 0 1 0 1 0 1 0 1 2 0 1 0 1 0 1 0 1 0 0 0 0 1 1 1 0 1 2 0 0 1 1 0 0 1 2 0 0 0 0 0 0 0 1 1 0 1 0 1 2 0 2 2 2 0 0 2 2 2 2 1 0 0 2 2 2 1 0 0 0 0 2 0 0 1 0 1 0 0 1 0 1 1 0 2 0 2 1 2 1 2 1 1 2 2 2 0
-0.768615315761253 -0.258184533146536 0.717424210196763 -1.68793273336167 0.0238700442727777 1 0 1 0 0 0 2 2 2 1 2 1 0 1 0 2 1 2 0 1 0 1 1 2 0 0 2 1 2 0 1 1 0 0 0 1 0 1 2 2 2 1 0 2 2 2 0 1 2 0 1 0 1 2 0 2 2 1 0 2 1 1 2 1 0 0 0 1 1 1 2 0 2 2 0 2 0 0 1 0 2 0 1 0 0 0 1 2 2 1 2 1 2 2 1 1 2 2 1 1 1 0 1 0 0 0 2 2 2 1 2 1 0 1 0 2 1 2 0 1 0 1 1 2 0 0 2 1 2 0 1 1 0 0 0 1 0 1 2 2 2 1 0 2 2 2 0 1 2 0 1 0 1 2 0 2 2 1 0 2 1 1 2 1 0 0 0 1 1 1 2 0 2 2 0 2 0 0 1 0 2 0 1 0 0 0 1 2 2 1 2 1 2 2 1 1 2 2 1 1 1
-1.04101210277882 -1.06195124166159 1.73588542845325 -0.569383351043318 -0.289256780771685 1 0 1 1 1 1 1 2 2 0 2 2 2 2 0 1 0 1 0 2 0 0 0 2 0 0 1 2 2 1 2 2 0 0 0 1 0 0 1 2 0 0 0 1 1 1 0 0 2 1 0 0 1 2 1 2 2 2 1 1 2 1 2 0 0 0 0 2 1 1 1 0 1 0 0 2 0 0 1 0 1 1 1 1 0 0 2 2 2 2 2 1 2 0 2 1 2 1 1 2 0 0 1 1 1 1 1 2 2 0 2 2 2 2 0 1 0 1 0 2 0 0 0 2 0 0 1 2 2 1 2 2 0 0 0 1 0 0 1 2 0 0 0 1 1 1 0 0 2 1 0 0 1 2 1 2 2 2 1 1 2 1 2 0 0 0 0 2 1 1 1 0 1 0 0 2 0 0 1 0 1 1 1 1 0 0 2 2 2 2 2 1 2 0 2 1 2 1 1 2 0
-1.5365193846705 0.56622213528682 0.286860743418477 -1.30215489528467 0.701186829705366 1 0 0 0 0 0 1 1 1 0 1 1 1 2 1 2 1 1 0 2 1 1 1 2 0 0 2 2 2 1 1 1 0 0 1 1 0 0 1 1 0 1 1 1 0 1 1 2 2 1 0 0 0 1 0 1 1 0 0 1 0 0 1 0 0 0 0 1 1 2 1 0 1 0 0 2 1 2 2 1 2 1 1 0 0 1 1 1 2 2 2 1 2 1 2 2 2 1 2 2 1 0 0 0 0 0 1 1 1 0 1 1 1 2 1 2 1 1 0 2 1 1 1 2 0 0 2 2 2 1 1 1 0 0 1 1 0 0 1 1 0 1 1 1 0 1 1 2 2 1 0 0 0 1 0 1 1 0 0 1 0 0 1 0 0 0 0 1 1 2 1 0 1 0 0 2 1 2 2 1 2 1 1 0 0 1 1 1 2 2 2 1 2 1 2 2 2 1 2 2 1
1.29509799485064 -0.261140850609592 -0.689531419724876 0.181130243445664 0.172141089819101 1 0 1 0 1 0 1 1 1 1 2 1 2 2 1 2 0 1 0 1 0 0 0 2 0 0 1 2 2 1 1 2 0 1 1 2 0 0 0 1 0 0 0 0 0 0 0 1 2 1 0 0 1 1 0 2 2 2 1 0 0 0 1 0 0 0 0 1 0 0 0 0 2 1 0 2 1 2 2 0 2 0 1 2 0 0 0 1 1 1 2 2 2 1 1 0 1 2 1 2 1 0 1 0 1 0 1 1 1 1 2 1 2 2 1 2 0 1 0 1 0 0 0 2 0 0 1 2 2 1 1 2 0 1 1 2 0 0 0 1 0 0 0 0 0 0 0 1 2 1 0 0 1 1 0 2 2 2 1 0 0 0 1 0 0 0 0 1 0 0 0 0 2 1 0 2 1 2 2 0 2 0 1 2 0 0 0 1 1 1 2 2 2 1 1 0 1 2 1 2 1
-0.19216298495807 -0.0890469081635373 -0.3995907960692 -0.999111264542555 -0.293286798429145 -1 0 1 0 0 1 1 1 1 1 2 2 0 1 0 2 2 1 0 0 0 2 0 1 1 2 2 1 1 0 1 1 0 0 1 2 0 0 2 2 1 0 0 2 1 2 2 1 2 1 0 0 1 2 0 2 2 1 0 0 0 0 1 0 0 0 0 1 0 0 0 0 0 1 0 2 0 1 2 0 1 0 1 0 0 1 1 2 2 1 2 2 2 0 0 0 2 0 0 1 0 0 -1 0 0 -1 -1 -1 -1 -1 -2 -2 0 -1 0 -2 -2 -1 0 0 0 -2 0 -1 -1 -2 -2 -1 -1 0 -1 -1 0 0 -1 -2 0 0 -2 -2 -1 0 0 -2 -1 -2 -2 -1 -2 -1 0 0 -1 -2 0 -2 -2 -1 0 0 0 0 -1 0 0 0 0 -1 0 0 0 0 0 -1 0 -2 0 -1 -2 0 -1 0 -1 0 0 -1 -1 -2 -2 -1 -2 -2 -2 0 0 0 -2 0 0 -1 0
-0.206606475595042 -0.430756807224544 0.968232516701715 -0.242315874526026 -2.74089693289478 1 0 1 0 0 1 1 1 2 2 1 1 0 2 1 2 2 1 0 2 0 0 0 1 0 0 2 2 2 0 0 1 0 1 2 2 0 1 2 2 2 0 0 1 1 2 2 1 2 0 0 1 1 2 0 0 1 0 0 1 2 1 2 2 0 0 0 1 1 0 0 0 2 1 0 2 0 1 2 0 1 0 1 2 1 1 0 0 2 2 2 1 2 0 1 1 2 1 0 1 0 0 1 0 0 1 1 1 2 2 1 1 0 2 1 2 2 1 0 2 0 0 0 1 0 0 2 2 2 0 0 1 0 1 2 2 0 1 2 2 2 0 0 1 1 2 2 1 2 0 0 1 1 2 0 0 1 0 0 1 2 1 2 2 0 0 0 1 1 0 0 0 2 1 0 2 0 1 2 0 1 0 1 2 1 1 0 0 2 2 2 1 2 0 1 1 2 1 0 1 0
-0.361939088201299 0.42354668976554 0.506562092257766 -0.692159431222259 0.255255755793012 -1 0 0 0 1 1 1 1 2 2 2 1 1 2 0 2 1 0 0 2 0 0 0 2 0 0 2 2 2 2 1 2 0 0 0 2 1 0 2 2 1 1 0 0 0 1 2 0 0 0 0 0 0 2 0 2 2 0 1 1 2 0 2 2 1 1 0 1 1 1 1 1 2 2 0 2 1 2 2 0 1 2 1 0 0 1 0 1 2 2 2 1 2 1 1 0 1 1 0 1 0 0 0 0 -1 -1 -1 -1 -2 -2 -2 -1 -1 -2 0 -2 -1 0 0 -2 0 0 0 -2 0 0 -2 -2 -2 -2 -1 -2 0 0 0 -2 -1 0 -2 -2 -1 -1 0 0 0 -1 -2 0 0 0 0 0 0 -2 0 -2 -2 0 -1 -1 -2 0 -2 -2 -1 -1 0 -1 -1 -1 -1 -1 -2 -2 0 -2 -1 -2 -2 0 -1 -2 -1 0 0 -1 0 -1 -2 -2 -2 -1 -2 -1 -1 0 -1 -1 0 -1 0
0.847922401682397 0.626617398813388 -1.08116979025003 -0.160908501809423 0.527193905803085 -1 0 1 0 0 0 0 0 0 0 2 1 2 2 0 2 0 1 0 2 0 0 0 2 0 0 0 0 1 0 1 1 0 0 0 0 0 0 0 1 0 0 1 1 1 1 1 2 2 1 1 0 0 1 0 1 1 1 0 0 1 0 2 1 1 1 0 1 0 0 0 0 1 1 0 2 1 1 2 1 2 1 2 1 0 2 1 1 2 2 2 1 2 1 1 1 2 2 2 2 1 0 -1 0 0 0 0 0 0 0 -2 -1 -2 -2 0 -2 0 -1 0 -2 0 0 0 -2 0 0 0 0 -1 0 -1 -1 0 0 0 0 0 0 0 -1 0 0 -1 -1 -1 -1 -1 -2 -2 -1 -1 0 0 -1 0 -1 -1 -1 0 0 -1 0 -2 -1 -1 -1 0 -1 0 0 0 0 -1 -1 0 -2 -1 -1 -2 -1 -2 -1 -2 -1 0 -2 -1 -1 -2 -2 -2 -1 -2 -1 -1 -1 -2 -2 -2 -2 -1
-2.07679193525997 2.76203727126737 2.51361584616765 -1.57151313893949 -0.28631569083856 1 0 1 0 0 0 0 1 2 1 2 2 2 2 1 2 0 1 0 0 0 0 0 2 0 0 1 2 2 2 2 2 0 0 0 2 0 0 1 2 1 1 1 1 0 1 1 1 2 1 0 0 2 2 0 1 1 2 0 0 1 0 1 1 0 0 0 1 0 2 0 0 1 1 0 2 0 1 2 1 1 1 1 0 0 1 1 1 1 1 2 1 2 0 1 0 2 1 0 1 1 0 1 0 0 0 0 1 2 1 2 2 2 2 1 2 0 1 0 0 0 0 0 2 0 0 1 2 2 2 2 2 0 0 0 2 0 0 1 2 1 1 1 1 0 1 1 1 2 1 0 0 2 2 0 1 1 2 0 0 1 0 1 1 0 0 0 1 0 2 0 0 1 1 0 2 0 1 2 1 1 1 1 0 0 1 1 1 1 1 2 1 2 0 1 0 2 1 0 1 1
-2.28774502287875 -0.967234023144068 -0.918682917664436 0.0107514253708411 0.914456112136643 1 0 2 0 1 0 2 1 2 0 2 1 1 2 1 2 0 1 0 0 0 1 1 2 0 0 2 2 1 0 1 2 1 0 1 2 0 1 1 2 0 0 0 1 1 1 0 1 1 0 1 0 1 1 0 1 2 2 0 1 1 2 2 1 0 0 0 2 1 1 1 0 2 1 0 2 1 2 2 1 2 0 0 1 0 1 1 0 1 1 2 1 2 1 2 2 1 0 1 1 0 0 2 0 1 0 2 1 2 0 2 1 1 2 1 2 0 1 0 0 0 1 1 2 0 0 2 2 1 0 1 2 1 0 1 2 0 1 1 2 0 0 0 1 1 1 0 1 1 0 1 0 1 1 0 1 2 2 0 1 1 2 2 1 0 0 0 2 1 1 1 0 2 1 0 2 1 2 2 1 2 0 0 1 0 1 1 0 1 1 2 1 2 1 2 2 1 0 1 1 0
-0.442758076014677 0.124335017759533 0.725486032012714 0.497248191191401 0.487146092261694 1 0 1 0 2 0 2 1 2 0 2 1 0 2 0 1 0 0 0 2 0 1 0 1 0 0 2 2 2 1 2 2 0 2 2 2 0 0 1 1 0 0 0 1 0 1 1 1 2 0 0 0 1 2 0 1 1 1 0 0 0 0 2 1 0 0 0 1 1 1 0 0 2 2 0 2 1 1 2 0 1 0 0 1 0 1 2 2 2 1 2 2 2 0 1 0 2 1 0 1 0 0 1 0 2 0 2 1 2 0 2 1 0 2 0 1 0 0 0 2 0 1 0 1 0 0 2 2 2 1 2 2 0 2 2 2 0 0 1 1 0 0 0 1 0 1 1 1 2 0 0 0 1 2 0 1 1 1 0 0 0 0 2 1 0 0 0 1 1 1 0 0 2 2 0 2 1 1 2 0 1 0 0 1 0 1 2 2 2 1 2 2 2 0 1 0 2 1 0 1 0
-1.19734300459433 -0.618973619755342 0.431685771264847 -1.39689969419462 0.840523218292767 1 0 1 0 0 0 1 0 0 1 1 0 1 2 0 1 0 2 0 1 0 0 0 2 0 0 1 2 2 1 1 1 0 1 0 2 0 1 2 2 0 0 0 0 0 0 1 2 2 2 0 1 2 2 0 1 2 1 1 1 0 1 1 1 0 0 0 1 0 1 0 0 2 2 0 2 0 0 1 0 1 0 1 0 0 0 1 2 2 1 2 1 2 1 2 2 2 1 1 1 0 0 1 0 0 0 1 0 0 1 1 0 1 2 0 1 0 2 0 1 0 0 0 2 0 0 1 2 2 1 1 1 0 1 0 2 0 1 2 2 0 0 0 0 0 0 1 2 2 2 0 1 2 2 0 1 2 1 1 1 0 1 1 1 0 0 0 1 0 1 0 0 2 2 0 2 0 0 1 0 1 0 1 0 0 0 1 2 2 1 2 1 2 1 2 2 2 1 1 1 0
1.47808479187688 0.616258786854053 -0.0353226966440902 1.13564424931081 -0.972656664456027 -1 0 1 0 1 0 0 0 2 1 2 1 1 2 1 2 0 1 0 1 1 2 1 2 0 0 1 0 2 2 2 2 0 0 0 2 0 0 1 2 0 1 0 1 0 0 0 1 2 0 0 0 0 2 0 0 1 2 1 1 2 1 2 1 1 0 0 2 1 0 0 0 1 0 0 2 0 1 2 0 2 0 0 1 0 1 1 2 2 2 2 1 2 2 1 0 2 0 0 2 0 0 -1 0 -1 0 0 0 -2 -1 -2 -1 -1 -2 -1 -2 0 -1 0 -1 -1 -2 -1 -2 0 0 -1 0 -2 -2 -2 -2 0 0 0 -2 0 0 -1 -2 0 -1 0 -1 0 0 0 -1 -2 0 0 0 0 -2 0 0 -1 -2 -1 -1 -2 -1 -2 -1 -1 0 0 -2 -1 0 0 0 -1 0 0 -2 0 -1 -2 0 -2 0 0 -1 0 -1 -1 -2 -2 -2 -2 -1 -2 -2 -1 0 -2 0 0 -2 0
-1.15555871640808 1.40224363735083 -0.422966028394359 0.253902461575316 0.421193606524846 -1 0 0 0 0 0 1 2 1 1 2 2 0 1 0 1 1 0 0 2 2 1 0 1 1 0 2 1 2 1 2 2 0 1 1 2 0 0 2 2 1 0 0 0 1 2 0 1 2 0 1 0 2 2 0 1 1 1 0 0 1 0 1 1 0 0 0 1 0 1 0 0 1 0 0 2 0 1 1 0 1 0 0 1 1 1 0 0 2 1 1 1 2 0 1 1 2 2 1 2 0 0 0 0 0 0 -1 -2 -1 -1 -2 -2 0 -1 0 -1 -1 0 0 -2 -2 -1 0 -1 -1 0 -2 -1 -2 -1 -2 -2 0 -1 -1 -2 0 0 -2 -2 -1 0 0 0 -1 -2 0 -1 -2 0 -1 0 -2 -2 0 -1 -1 -1 0 0 -1 0 -1 -1 0 0 0 -1 0 -1 0 0 -1 0 0 -2 0 -1 -1 0 -1 0 0 -1 -1 -1 0 0 -2 -1 -1 -1 -2 0 -1 -1 -2 -2 -1 -2 0
-0.838584663471563 -1.60149464444168 -0.16393148824157 0.224077535912704 0.615159669291346 -1 0 2 0 1 1 2 2 2 1 2 2 2 2 0 1 0 0 0 1 1 2 0 2 0 0 2 2 1 1 2 2 0 1 1 2 0 0 1 2 1 0 0 1 0 1 1 1 1 0 1 1 2 2 0 2 2 0 1 2 1 0 2 1 1 0 0 1 1 1 0 0 1 0 0 2 0 1 2 0 1 1 0 1 0 1 0 2 2 1 2 1 2 0 0 0 1 1 1 1 0 0 -2 0 -1 -1 -2 -2 -2 -1 -2 -2 -2 -2 0 -1 0 0 0 -1 -1 -2 0 -2 0 0 -2 -2 -1 -1 -2 -2 0 -1 -1 -2 0 0 -1 -2 -1 0 0 -1 0 -1 -1 -1 -1 0 -1 -1 -2 -2 0 -2 -2 0 -1 -2 -1 0 -2 -1 -1 0 0 -1 -1 -1 0 0 -1 0 0 -2 0 -1 -2 0 -1 -1 0 -1 0 -1 0 -2 -2 -1 -2 -1 -2 0 0 0 -1 -1 -1 -1 0
1.38715379084617 -0.596860086720088 0.765733964376108 1.43883758851684 -0.223693054013681 -1 0 1 0 0 0 1 1 1 0 2 0 1 2 1 2 1 1 0 1 1 2 2 2 1 1 1 1 2 1 2 2 0 0 1 1 0 0 2 2 1 1 1 2 1 1 1 2 2 0 1 0 1 2 0 1 2 1 0 0 1 0 1 0 0 0 1 1 0 0 0 0 1 2 0 2 0 0 1 0 1 0 0 0 0 0 0 0 1 1 2 0 2 1 2 1 1 1 0 1 0 0 -1 0 0 0 -1 -1 -1 0 -2 0 -1 -2 -1 -2 -1 -1 0 -1 -1 -2 -2 -2 -1 -1 -1 -1 -2 -1 -2 -2 0 0 -1 -1 0 0 -2 -2 -1 -1 -1 -2 -1 -1 -1 -2 -2 0 -1 0 -1 -2 0 -1 -2 -1 0 0 -1 0 -1 0 0 0 -1 -1 0 0 0 0 -1 -2 0 -2 0 0 -1 0 -1 0 0 0 0 0 0 0 -1 -1 -2 0 -2 -1 -2 -1 -1 -1 0 -1 0
1.85620929288044 -0.605852431061829 -1.8932884919955 -1.46355155531581 0.372466594002297 1 0 0 0 0 0 0 1 2 0 2 2 1 2 1 2 0 0 0 2 0 1 0 2 0 0 2 2 2 2 2 2 0 1 1 2 0 0 2 2 1 1 1 1 1 2 2 2 2 1 0 0 0 1 0 1 1 2 1 1 2 1 2 0 0 0 0 2 1 2 2 0 2 2 0 2 2 1 1 0 1 0 0 0 0 1 0 1 1 0 2 1 2 0 0 0 2 1 0 1 0 0 0 0 0 0 0 1 2 0 2 2 1 2 1 2 0 0 0 2 0 1 0 2 0 0 2 2 2 2 2 2 0 1 1 2 0 0 2 2 1 1 1 1 1 2 2 2 2 1 0 0 0 1 0 1 1 2 1 1 2 1 2 0 0 0 0 2 1 2 2 0 2 2 0 2 2 1 1 0 1 0 0 0 0 1 0 1 1 0 2 1 2 0 0 0 2 1 0 1 0
1.14284824941024 -0.0812147015434021 -0.807434403643099 -0.147847229649381 0.459599731182833 1 1 2 0 0 0 2 1 1 1 2 2 1 2 0 1 0 1 0 1 0 0 0 2 1 1 2 1 2 1 1 2 1 0 1 2 0 0 1 2 1 0 0 0 0 0 0 1 2 1 2 2 2 2 0 1 1 2 1 1 2 2 2 1 0 0 0 0 0 0 0 0 0 0 0 2 0 0 1 0 2 0 1 1 0 0 1 2 2 2 2 1 2 1 2 1 2 1 1 2 0 1 2 0 0 0 2 1 1 1 2 2 1 2 0 1 0 1 0 1 0 0 0 2 1 1 2 1 2 1 1 2 1 0 1 2 0 0 1 2 1 0 0 0 0 0 0 1 2 1 2 2 2 2 0 1 1 2 1 1 2 2 2 1 0 0 0 0 0 0 0 0 0 0 0 2 0 0 1 0 2 0 1 1 0 0 1 2 2 2 2 1 2 1 2 1 2 1 1 2 0
-1.21810554572614 -0.325862984933908 0.526547954101751 1.47518664862657 1.76662511687979 -1 1 1 0 2 2 2 2 2 1 2 2 1 2 1 2 1 1 0 2 0 1 0 2 0 0 0 2 2 0 2 2 1 1 2 2 0 1 1 2 1 0 0 2 1 1 1 2 2 0 2 2 2 2 0 2 2 1 0 0 1 1 1 0 0 0 0 2 2 2 1 0 2 0 0 2 0 1 2 1 1 0 1 1 0 0 1 1 1 0 2 1 2 0 1 1 1 2 0 1 0 -1 -1 0 -2 -2 -2 -2 -2 -1 -2 -2 -1 -2 -1 -2 -1 -1 0 -2 0 -1 0 -2 0 0 0 -2 -2 0 -2 -2 -1 -1 -2 -2 0 -1 -1 -2 -1 0 0 -2 -1 -1 -1 -2 -2 0 -2 -2 -2 -2 0 -2 -2 -1 0 0 -1 -1 -1 0 0 0 0 -2 -2 -2 -1 0 -2 0 0 -2 0 -1 -2 -1 -1 0 -1 -1 0 0 -1 -1 -1 0 -2 -1 -2 0 -1 -1 -1 -2 0 -1 0
-0.447237453140153 -0.096041846983882 -0.964742839685841 -1.33760597702698 -1.0897405336616 1 0 0 0 0 0 1 0 1 0 2 1 0 1 0 2 0 0 0 2 1 2 0 2 0 0 2 2 2 1 1 2 0 0 0 2 0 0 1 1 2 1 0 0 0 0 0 0 2 1 0 0 2 2 0 1 1 1 0 1 0 1 2 0 0 0 0 1 1 1 0 0 1 0 0 2 0 1 1 0 2 0 0 0 0 1 0 2 2 1 1 0 2 0 1 0 2 0 0 1 1 0 0 0 0 0 1 0 1 0 2 1 0 1 0 2 0 0 0 2 1 2 0 2 0 0 2 2 2 1 1 2 0 0 0 2 0 0 1 1 2 1 0 0 0 0 0 0 2 1 0 0 2 2 0 1 1 1 0 1 0 1 2 0 0 0 0 1 1 1 0 0 1 0 0 2 0 1 1 0 2 0 0 0 0 1 0 2 2 1 1 0 2 0 1 0 2 0 0 1 1
