-0.823476395449152 -0.627583688537146 0.140257371444756 -0.17504784801458 0.953403555303495 -1 1 2 2 2 2 2 1 2 0 1 0 0 0 2 1 0 1 1 2 0 2 1 2 0 0 2 0 1 0 0 0 1 0 1 1 1 1 0 0 1 2 1 1 2 0 2 1 0 2 1 0 1 1 2 2 0 1 0 0 0 0 0 1 1 2 2 0 0 2 1 1 2 2 2 2 1 2 1 0 2 2 2 2 0 2 2 2 2 1 1 0 2 2 2 1 1 2 2 1 1 -1 -2 -2 -2 -2 -2 -1 -2 0 -1 0 0 0 -2 -1 0 -1 -1 -2 0 -2 -1 -2 0 0 -2 0 -1 0 0 0 -1 0 -1 -1 -1 -1 0 0 -1 -2 -1 -1 -2 0 -2 -1 0 -2 -1 0 -1 -1 -2 -2 0 -1 0 0 0 0 0 -1 -1 -2 -2 0 0 -2 -1 -1 -2 -2 -2 -2 -1 -2 -1 0 -2 -2 -2 -2 0 -2 -2 -2 -2 -1 -1 0 -2 -2 -2 -1 -1 -2 -2 -1 -1
0.293095473765475 -0.400479654418422 -1.90897546182261 1.09727362360946 -0.685340241352152 -1 0 1 2 1 2 1 1 1 0 0 0 0 0 2 1 0 0 0 2 0 2 1 2 1 1 2 1 0 1 0 0 1 0 0 0 1 1 0 0 1 2 0 2 2 0 2 1 0 2 0 1 0 0 2 1 1 1 0 0 0 1 1 1 0 2 2 0 1 2 1 1 2 2 2 0 0 1 1 0 2 1 2 2 0 1 2 1 2 0 1 0 2 2 1 1 0 1 2 1 1 0 -1 -2 -1 -2 -1 -1 -1 0 0 0 0 0 -2 -1 0 0 0 -2 0 -2 -1 -2 -1 -1 -2 -1 0 -1 0 0 -1 0 0 0 -1 -1 0 0 -1 -2 0 -2 -2 0 -2 -1 0 -2 0 -1 0 0 -2 -1 -1 -1 0 0 0 -1 -1 -1 0 -2 -2 0 -1 -2 -1 -1 -2 -2 -2 0 0 -1 -1 0 -2 -1 -2 -2 0 -1 -2 -1 -2 0 -1 0 -2 -2 -1 -1 0 -1 -2 -1 -1
1.14558788929471 -1.63297233456609 0.382926568758013 2.08510825280264 -0.351242693495825 -1 2 2 2 1 2 2 1 2 0 1 0 0 0 2 0 1 1 1 2 0 1 0 2 2 1 2 1 0 1 0 0 1 0 0 0 2 1 0 0 1 2 0 1 2 0 2 0 0 1 0 0 0 1 2 2 2 1 0 0 0 0 0 1 0 2 1 0 0 2 0 0 2 2 1 0 0 0 0 0 1 0 2 2 0 2 2 1 1 0 0 0 0 2 1 0 0 2 2 0 0 -2 -2 -2 -1 -2 -2 -1 -2 0 -1 0 0 0 -2 0 -1 -1 -1 -2 0 -1 0 -2 -2 -1 -2 -1 0 -1 0 0 -1 0 0 0 -2 -1 0 0 -1 -2 0 -1 -2 0 -2 0 0 -1 0 0 0 -1 -2 -2 -2 -1 0 0 0 0 0 -1 0 -2 -1 0 0 -2 0 0 -2 -2 -1 0 0 0 0 0 -1 0 -2 -2 0 -2 -2 -1 -1 0 0 0 0 -2 -1 0 0 -2 -2 0 0
-0.40887311168025 -0.46936756948019 0.246014615529449 0.602203496732632 -0.00943731998171075 -1 1 1 1 0 1 1 1 2 0 0 1 1 0 2 1 0 1 0 2 0 2 0 1 1 0 2 2 1 0 0 1 1 0 0 0 2 1 0 0 1 2 2 1 2 1 2 1 0 1 1 2 1 0 2 2 1 2 0 1 0 1 0 1 0 2 2 0 1 2 1 0 2 1 1 0 1 1 2 0 1 1 2 2 0 2 2 2 2 1 0 0 1 1 2 2 2 2 2 1 0 -1 -1 -1 0 -1 -1 -1 -2 0 0 -1 -1 0 -2 -1 0 -1 0 -2 0 -2 0 -1 -1 0 -2 -2 -1 0 0 -1 -1 0 0 0 -2 -1 0 0 -1 -2 -2 -1 -2 -1 -2 -1 0 -1 -1 -2 -1 0 -2 -2 -1 -2 0 -1 0 -1 0 -1 0 -2 -2 0 -1 -2 -1 0 -2 -1 -1 0 -1 -1 -2 0 -1 -1 -2 -2 0 -2 -2 -2 -2 -1 0 0 -1 -1 -2 -2 -2 -2 -2 -1 0
2.51825641512532 -0.890777262854143 -0.65631385543331 -0.288595980576263 0.0928562938473429 1 1 2 2 0 2 2 1 2 0 1 1 1 1 2 0 0 0 0 2 0 2 1 2 2 1 2 0 0 1 0 0 0 0 0 0 2 2 0 0 2 0 1 2 2 0 2 2 1 2 1 2 2 1 2 1 1 1 0 1 1 0 0 2 1 1 1 0 0 2 1 0 2 1 1 1 1 1 0 0 1 0 1 2 0 2 2 2 1 0 0 0 2 2 2 1 0 2 2 2 0 1 2 2 0 2 2 1 2 0 1 1 1 1 2 0 0 0 0 2 0 2 1 2 2 1 2 0 0 1 0 0 0 0 0 0 2 2 0 0 2 0 1 2 2 0 2 2 1 2 1 2 2 1 2 1 1 1 0 1 1 0 0 2 1 1 1 0 0 2 1 0 2 1 1 1 1 1 0 0 1 0 1 2 0 2 2 2 1 0 0 0 2 2 2 1 0 2 2 2 0
1.18880188445866 -0.191974871079434 -1.74840157795027 -0.527030368865892 -1.82026973542581 -1 2 2 1 1 2 2 2 2 0 0 0 1 0 2 0 0 0 0 2 0 2 1 2 1 1 2 2 1 1 1 0 2 0 1 1 2 1 0 0 2 2 1 2 2 0 2 2 1 2 1 1 1 0 2 2 1 1 0 0 0 0 0 1 0 2 2 0 0 2 1 1 2 2 2 0 0 1 0 0 1 1 2 2 0 1 2 2 1 0 0 0 2 2 1 0 0 2 2 1 0 -2 -2 -1 -1 -2 -2 -2 -2 0 0 0 -1 0 -2 0 0 0 0 -2 0 -2 -1 -2 -1 -1 -2 -2 -1 -1 -1 0 -2 0 -1 -1 -2 -1 0 0 -2 -2 -1 -2 -2 0 -2 -2 -1 -2 -1 -1 -1 0 -2 -2 -1 -1 0 0 0 0 0 -1 0 -2 -2 0 0 -2 -1 -1 -2 -2 -2 0 0 -1 0 0 -1 -1 -2 -2 0 -1 -2 -2 -1 0 0 0 -2 -2 -1 0 0 -2 -2 -1 0
0.523690792566966 0.434364079183629 -0.826833227583633 -1.10165220693217 0.781537384109887 1 0 1 1 0 2 1 1 1 1 1 1 0 0 2 0 0 1 0 2 1 2 2 2 1 1 2 2 0 1 0 0 1 0 1 1 2 0 0 1 2 2 0 0 1 0 1 0 0 2 0 0 0 2 2 2 1 2 1 0 0 0 0 1 0 1 2 0 0 2 1 1 2 2 1 0 0 0 1 0 1 0 2 2 0 1 2 1 1 0 0 0 1 1 2 1 0 0 2 1 0 0 1 1 0 2 1 1 1 1 1 1 0 0 2 0 0 1 0 2 1 2 2 2 1 1 2 2 0 1 0 0 1 0 1 1 2 0 0 1 2 2 0 0 1 0 1 0 0 2 0 0 0 2 2 2 1 2 1 0 0 0 0 1 0 1 2 0 0 2 1 1 2 2 1 0 0 0 1 0 1 0 2 2 0 1 2 1 1 0 0 0 1 1 2 1 0 0 2 1 0
-0.35004495687253 0.0219118104875665 -0.0519275552000741 0.0653896520544667 0.183158682382173 1 2 2 2 2 2 2 2 2 0 2 2 0 0 2 0 0 0 0 2 1 1 0 0 0 0 2 2 1 1 2 2 2 1 2 1 2 1 1 0 2 2 0 2 2 0 1 0 0 2 0 0 1 1 2 1 1 1 0 0 0 0 1 1 0 2 2 0 0 2 1 0 2 2 2 0 1 1 1 0 2 1 1 2 0 0 2 2 2 1 0 0 2 2 2 1 0 2 2 1 1 2 2 2 2 2 2 2 2 0 2 2 0 0 2 0 0 0 0 2 1 1 0 0 0 0 2 2 1 1 2 2 2 1 2 1 2 1 1 0 2 2 0 2 2 0 1 0 0 2 0 0 1 1 2 1 1 1 0 0 0 0 1 1 0 2 2 0 0 2 1 0 2 2 2 0 1 1 1 0 2 1 1 2 0 0 2 2 2 1 0 0 2 2 2 1 0 2 2 1 1
-0.657995161675812 -1.26390152816526 -0.919933921802278 -0.833583429642224 1.45307874134851 1 0 2 1 0 2 2 0 2 0 1 1 1 0 2 0 1 1 1 2 1 1 0 1 0 0 2 1 0 1 0 1 1 0 0 1 2 1 0 1 2 1 0 0 1 0 1 0 0 2 0 1 0 0 1 2 1 0 0 1 0 0 1 1 2 2 2 0 0 2 1 0 1 1 1 0 0 0 2 0 0 1 2 2 0 1 1 0 2 0 0 0 2 2 2 1 0 1 2 0 1 0 2 1 0 2 2 0 2 0 1 1 1 0 2 0 1 1 1 2 1 1 0 1 0 0 2 1 0 1 0 1 1 0 0 1 2 1 0 1 2 1 0 0 1 0 1 0 0 2 0 1 0 0 1 2 1 0 0 1 0 0 1 1 2 2 2 0 0 2 1 0 1 1 1 0 0 0 2 0 0 1 2 2 0 1 1 0 2 0 0 0 2 2 2 1 0 1 2 0 1
-1.19850481993141 -0.640301330770562 -1.94354647500143 0.67053712384877 0.455821659496401 1 0 1 0 0 2 2 0 2 0 2 1 1 0 2 2 0 0 0 2 0 1 0 1 0 0 2 1 1 2 0 0 1 0 1 1 2 2 0 0 2 0 0 0 1 0 1 0 0 2 0 0 1 1 2 1 0 0 0 0 1 1 1 2 0 1 2 0 0 1 0 0 2 2 2 0 0 1 1 0 2 2 1 1 0 1 2 2 1 0 0 0 1 2 2 0 0 2 2 1 0 0 1 0 0 2 2 0 2 0 2 1 1 0 2 2 0 0 0 2 0 1 0 1 0 0 2 1 1 2 0 0 1 0 1 1 2 2 0 0 2 0 0 0 1 0 1 0 0 2 0 0 1 1 2 1 0 0 0 0 1 1 1 2 0 1 2 0 0 1 0 0 2 2 2 0 0 1 1 0 2 2 1 1 0 1 2 2 1 0 0 0 1 2 2 0 0 2 2 1 0
2.06893307248684 -1.09615418683397 -0.440941387370706 0.929113261917004 0.131008044432313 1 1 2 2 1 2 2 1 1 0 0 0 0 0 1 0 0 0 1 2 1 2 2 2 1 2 2 1 1 2 1 1 1 1 2 1 2 1 0 0 1 2 0 1 2 1 2 2 2 2 0 1 2 1 2 1 1 1 0 0 0 0 0 1 0 1 2 0 1 2 0 0 2 2 2 0 1 0 2 0 1 1 2 2 0 2 2 2 1 0 1 1 2 2 2 0 0 1 1 1 0 1 2 2 1 2 2 1 1 0 0 0 0 0 1 0 0 0 1 2 1 2 2 2 1 2 2 1 1 2 1 1 1 1 2 1 2 1 0 0 1 2 0 1 2 1 2 2 2 2 0 1 2 1 2 1 1 1 0 0 0 0 0 1 0 1 2 0 1 2 0 0 2 2 2 0 1 0 2 0 1 1 2 2 0 2 2 2 1 0 1 1 2 2 2 0 0 1 1 1 0
-0.870613136914719 0.367102922450533 0.546348869010818 -0.121260775629219 2.00241904476763 -1 0 2 2 1 2 2 2 1 1 2 1 0 0 2 1 0 0 0 2 1 2 1 1 1 0 1 1 1 1 0 0 1 0 0 0 2 1 0 0 2 1 0 1 2 0 1 0 0 2 1 1 2 2 2 2 1 1 0 1 1 1 1 2 1 1 2 0 0 2 2 2 2 2 2 1 1 0 1 0 0 0 2 2 0 2 2 2 1 0 0 0 2 1 2 1 1 2 2 2 1 0 -2 -2 -1 -2 -2 -2 -1 -1 -2 -1 0 0 -2 -1 0 0 0 -2 -1 -2 -1 -1 -1 0 -1 -1 -1 -1 0 0 -1 0 0 0 -2 -1 0 0 -2 -1 0 -1 -2 0 -1 0 0 -2 -1 -1 -2 -2 -2 -2 -1 -1 0 -1 -1 -1 -1 -2 -1 -1 -2 0 0 -2 -2 -2 -2 -2 -2 -1 -1 0 -1 0 0 0 -2 -2 0 -2 -2 -2 -1 0 0 0 -2 -1 -2 -1 -1 -2 -2 -2 -1
0.0944288417657842 -0.17843557434921 -1.59790293246919 -0.82321644384565 -0.201231959245864 -1 0 2 2 0 2 2 2 2 0 1 1 0 1 2 2 1 1 1 2 1 1 0 1 1 1 1 1 0 2 0 0 0 0 0 2 2 1 0 0 1 2 0 1 2 0 1 0 0 1 0 1 1 1 2 2 1 1 0 0 0 0 0 1 0 1 0 0 0 2 1 0 2 1 1 0 0 1 1 0 2 1 2 2 0 1 2 1 0 0 0 0 2 2 1 0 0 1 2 1 0 0 -2 -2 0 -2 -2 -2 -2 0 -1 -1 0 -1 -2 -2 -1 -1 -1 -2 -1 -1 0 -1 -1 -1 -1 -1 0 -2 0 0 0 0 0 -2 -2 -1 0 0 -1 -2 0 -1 -2 0 -1 0 0 -1 0 -1 -1 -1 -2 -2 -1 -1 0 0 0 0 0 -1 0 -1 0 0 0 -2 -1 0 -2 -1 -1 0 0 -1 -1 0 -2 -1 -2 -2 0 -1 -2 -1 0 0 0 0 -2 -2 -1 0 0 -1 -2 -1 0
-0.209864531007853 2.37939538271996 1.19065889028756 -0.813996387283088 -0.309407450780317 1 0 2 2 0 1 2 1 1 1 2 2 1 0 2 1 1 1 1 2 1 2 0 0 0 0 2 1 1 1 0 1 2 0 1 0 2 1 0 0 2 1 0 1 2 0 2 2 0 2 0 0 2 1 2 2 2 2 1 2 2 1 1 1 0 1 1 0 0 2 1 0 2 2 2 0 0 0 2 0 1 2 2 2 0 1 1 2 2 1 1 1 1 2 2 2 1 2 2 1 0 0 2 2 0 1 2 1 1 1 2 2 1 0 2 1 1 1 1 2 1 2 0 0 0 0 2 1 1 1 0 1 2 0 1 0 2 1 0 0 2 1 0 1 2 0 2 2 0 2 0 0 2 1 2 2 2 2 1 2 2 1 1 1 0 1 1 0 0 2 1 0 2 2 2 0 0 0 2 0 1 2 2 2 0 1 1 2 2 1 1 1 1 2 2 2 1 2 2 1 0
1.08277388210752 0.547623541087432 0.704123331786862 -0.618882437202331 -0.628257699932666 1 0 2 2 0 1 0 1 1 0 1 0 0 0 2 1 0 1 1 2 0 0 0 1 0 1 2 2 0 0 0 1 1 0 0 0 2 1 0 1 2 1 0 0 1 0 1 0 0 2 0 1 0 0 0 2 1 1 0 1 0 0 0 0 0 2 1 0 0 2 1 0 2 2 1 0 0 1 2 1 1 1 2 2 0 2 1 1 1 0 0 0 1 1 2 1 1 2 2 1 0 0 2 2 0 1 0 1 1 0 1 0 0 0 2 1 0 1 1 2 0 0 0 1 0 1 2 2 0 0 0 1 1 0 0 0 2 1 0 1 2 1 0 0 1 0 1 0 0 2 0 1 0 0 0 2 1 1 0 1 0 0 0 0 0 2 1 0 0 2 1 0 2 2 1 0 0 1 2 1 1 1 2 2 0 2 1 1 1 0 0 0 1 1 2 1 1 2 2 1 0
-0.440314703289833 -1.26161505967882 -0.771427935893293 -1.56805503108311 0.589446622904433 -1 0 1 1 0 0 1 1 1 0 1 1 0 0 2 0 0 1 1 2 1 2 1 1 0 0 2 2 1 0 0 1 0 0 0 0 2 0 0 0 1 2 1 1 2 0 1 0 0 2 0 1 1 0 2 0 0 1 0 1 0 0 1 1 1 2 2 0 0 2 0 0 2 2 2 0 1 2 2 1 2 2 2 2 0 1 2 2 2 0 0 0 2 1 2 2 1 1 2 1 0 0 -1 -1 0 0 -1 -1 -1 0 -1 -1 0 0 -2 0 0 -1 -1 -2 -1 -2 -1 -1 0 0 -2 -2 -1 0 0 -1 0 0 0 0 -2 0 0 0 -1 -2 -1 -1 -2 0 -1 0 0 -2 0 -1 -1 0 -2 0 0 -1 0 -1 0 0 -1 -1 -1 -2 -2 0 0 -2 0 0 -2 -2 -2 0 -1 -2 -2 -1 -2 -2 -2 -2 0 -1 -2 -2 -2 0 0 0 -2 -1 -2 -2 -1 -1 -2 -1 0
-0.837940831447253 0.149208023874922 0.855444546510049 -1.032650171257 -1.21212885602445 1 0 1 1 0 1 1 2 2 0 1 1 0 1 2 0 0 0 1 2 1 2 1 2 2 1 2 1 1 2 0 0 1 0 0 0 2 0 0 0 1 1 0 2 2 1 2 1 0 2 1 1 1 0 2 2 1 2 0 0 0 0 0 2 0 2 2 0 0 1 2 0 2 2 2 0 1 2 1 0 2 1 2 2 0 2 2 2 2 0 0 0 1 2 1 0 0 2 2 1 1 0 1 1 0 1 1 2 2 0 1 1 0 1 2 0 0 0 1 2 1 2 1 2 2 1 2 1 1 2 0 0 1 0 0 0 2 0 0 0 1 1 0 2 2 1 2 1 0 2 1 1 1 0 2 2 1 2 0 0 0 0 0 2 0 2 2 0 0 1 2 0 2 2 2 0 1 2 1 0 2 1 2 2 0 2 2 2 2 0 0 0 1 2 1 0 0 2 2 1 1
0.47309538911272 -0.133891797726126 -0.471551820047631 -0.742120232529209 1.93867879611451 -1 0 2 2 0 1 1 0 1 0 1 2 1 0 2 2 0 1 1 2 0 1 1 1 0 0 1 1 1 1 0 0 0 0 0 0 2 0 1 0 2 0 0 0 1 0 0 0 0 2 0 1 1 1 2 2 1 1 0 0 0 0 0 0 0 1 1 0 0 2 0 1 1 1 1 0 1 1 1 0 0 1 2 2 0 2 2 1 2 0 1 0 0 1 1 0 0 1 2 0 0 0 -2 -2 0 -1 -1 0 -1 0 -1 -2 -1 0 -2 -2 0 -1 -1 -2 0 -1 -1 -1 0 0 -1 -1 -1 -1 0 0 0 0 0 0 -2 0 -1 0 -2 0 0 0 -1 0 0 0 0 -2 0 -1 -1 -1 -2 -2 -1 -1 0 0 0 0 0 0 0 -1 -1 0 0 -2 0 -1 -1 -1 -1 0 -1 -1 -1 0 0 -1 -2 -2 0 -2 -2 -1 -2 0 -1 0 0 -1 -1 0 0 -1 -2 0 0
-0.0412806890178858 -0.559830253655285 0.361188138879779 -1.05334721866326 -0.849610511499029 -1 0 0 0 0 1 1 0 2 0 1 0 0 0 2 0 0 1 0 2 0 1 0 1 0 0 1 2 0 2 0 0 0 0 2 2 2 1 0 1 2 2 0 1 2 0 2 0 0 2 1 1 1 1 2 1 1 0 0 1 1 0 0 1 0 2 2 1 0 2 1 1 2 2 2 0 1 1 1 0 2 2 2 2 0 0 1 1 2 0 0 0 2 2 1 0 0 2 2 0 0 0 0 0 0 -1 -1 0 -2 0 -1 0 0 0 -2 0 0 -1 0 -2 0 -1 0 -1 0 0 -1 -2 0 -2 0 0 0 0 -2 -2 -2 -1 0 -1 -2 -2 0 -1 -2 0 -2 0 0 -2 -1 -1 -1 -1 -2 -1 -1 0 0 -1 -1 0 0 -1 0 -2 -2 -1 0 -2 -1 -1 -2 -2 -2 0 -1 -1 -1 0 -2 -2 -2 -2 0 0 -1 -1 -2 0 0 0 -2 -2 -1 0 0 -2 -2 0 0
-1.22912103191705 0.181728031259095 0.627364089999534 -0.0731134174534409 1.10645206716337 1 2 2 2 0 1 1 1 2 0 1 0 0 2 2 1 0 0 0 2 0 2 1 1 1 1 2 1 0 0 0 0 1 1 1 1 2 2 0 1 1 0 1 2 2 1 2 0 1 2 0 0 0 0 1 2 0 2 1 1 0 1 0 1 0 1 1 0 0 2 2 1 2 2 0 0 0 0 0 0 1 1 1 2 0 2 2 2 2 0 0 0 2 2 1 0 0 2 1 0 0 2 2 2 0 1 1 1 2 0 1 0 0 2 2 1 0 0 0 2 0 2 1 1 1 1 2 1 0 0 0 0 1 1 1 1 2 2 0 1 1 0 1 2 2 1 2 0 1 2 0 0 0 0 1 2 0 2 1 1 0 1 0 1 0 1 1 0 0 2 2 1 2 2 0 0 0 0 0 0 1 1 1 2 0 2 2 2 2 0 0 0 2 2 1 0 0 2 1 0 0
0.107802761115641 -0.696508426285281 -0.320394397479517 -0.0833663033901203 0.300149115035341 -1 1 2 2 1 2 2 1 2 0 2 1 0 0 2 1 0 0 0 2 0 1 0 1 0 0 2 2 1 1 0 1 0 0 1 1 2 2 1 0 0 2 0 0 1 0 2 1 0 2 0 0 0 1 2 1 0 0 0 1 1 0 0 0 0 1 1 0 0 1 1 0 2 2 2 0 0 0 1 0 2 2 2 2 0 2 2 2 1 0 0 0 2 2 1 1 1 1 2 2 1 -1 -2 -2 -1 -2 -2 -1 -2 0 -2 -1 0 0 -2 -1 0 0 0 -2 0 -1 0 -1 0 0 -2 -2 -1 -1 0 -1 0 0 -1 -1 -2 -2 -1 0 0 -2 0 0 -1 0 -2 -1 0 -2 0 0 0 -1 -2 -1 0 0 0 -1 -1 0 0 0 0 -1 -1 0 0 -1 -1 0 -2 -2 -2 0 0 0 -1 0 -2 -2 -2 -2 0 -2 -2 -2 -1 0 0 0 -2 -2 -1 -1 -1 -1 -2 -2 -1
1.18931705960718 -0.175840961425379 -0.916791260340855 -0.219415919768246 -0.270244366880409 1 0 1 2 1 2 2 2 2 0 0 0 0 0 2 1 0 1 0 2 0 2 2 2 1 0 1 1 0 0 0 0 0 0 0 0 2 0 0 0 2 0 0 0 2 0 1 0 0 2 1 0 1 2 2 2 0 1 0 0 0 0 0 2 1 1 1 0 0 1 1 0 2 2 2 1 2 2 1 0 1 1 2 2 0 2 2 1 1 0 0 0 2 2 2 0 0 2 2 0 0 0 1 2 1 2 2 2 2 0 0 0 0 0 2 1 0 1 0 2 0 2 2 2 1 0 1 1 0 0 0 0 0 0 0 0 2 0 0 0 2 0 0 0 2 0 1 0 0 2 1 0 1 2 2 2 0 1 0 0 0 0 0 2 1 1 1 0 0 1 1 0 2 2 2 1 2 2 1 0 1 1 2 2 0 2 2 1 1 0 0 0 2 2 2 0 0 2 2 0 0
1.40708817638089 -0.0592901365337136 0.135465264264609 -0.0633738419588028 1.62474475651064 1 2 1 2 0 1 1 1 2 0 1 1 0 0 1 0 0 0 0 2 0 1 0 2 0 2 2 1 1 1 0 0 0 0 0 0 2 0 0 0 1 2 0 0 2 0 2 1 0 1 0 2 1 1 2 2 1 1 0 1 0 0 2 2 0 2 2 0 1 2 1 0 2 2 2 0 0 0 2 0 1 1 1 2 0 1 2 2 1 0 0 0 1 2 1 0 0 1 2 1 0 2 1 2 0 1 1 1 2 0 1 1 0 0 1 0 0 0 0 2 0 1 0 2 0 2 2 1 1 1 0 0 0 0 0 0 2 0 0 0 1 2 0 0 2 0 2 1 0 1 0 2 1 1 2 2 1 1 0 1 0 0 2 2 0 2 2 0 1 2 1 0 2 2 2 0 0 0 2 0 1 1 1 2 0 1 2 2 1 0 0 0 1 2 1 0 0 1 2 1 0
-0.876014843733273 1.19268295453629 -0.590569082940173 0.78448526183371 -0.115544890817622 1 2 2 2 0 1 2 0 1 1 2 1 0 1 2 1 0 0 0 2 1 2 1 1 1 0 2 1 1 1 0 1 1 0 1 0 2 1 0 0 1 0 0 1 2 0 1 0 0 2 1 2 0 0 1 1 1 1 0 1 0 0 1 1 0 1 2 0 0 2 1 0 2 1 2 0 1 0 1 0 1 1 2 2 0 2 2 2 2 1 0 0 1 1 2 1 0 2 2 1 0 2 2 2 0 1 2 0 1 1 2 1 0 1 2 1 0 0 0 2 1 2 1 1 1 0 2 1 1 1 0 1 1 0 1 0 2 1 0 0 1 0 0 1 2 0 1 0 0 2 1 2 0 0 1 1 1 1 0 1 0 0 1 1 0 1 2 0 0 2 1 0 2 1 2 0 1 0 1 0 1 1 2 2 0 2 2 2 2 1 0 0 1 1 2 1 0 2 2 1 0
0.617069894539581 0.223019494896542 0.523320981730381 -1.36086690934938 -1.55343704337512 1 0 1 1 0 2 2 1 1 0 0 0 0 1 2 1 0 0 0 2 0 2 1 1 1 0 2 2 1 2 0 0 1 1 0 0 2 0 0 0 2 2 1 1 2 0 1 1 1 2 0 0 2 1 2 2 0 1 0 1 1 1 0 0 0 1 1 0 0 2 0 0 2 1 1 0 0 1 1 0 1 1 1 2 0 2 2 2 1 1 1 2 2 1 2 0 0 2 2 0 0 0 1 1 0 2 2 1 1 0 0 0 0 1 2 1 0 0 0 2 0 2 1 1 1 0 2 2 1 2 0 0 1 1 0 0 2 0 0 0 2 2 1 1 2 0 1 1 1 2 0 0 2 1 2 2 0 1 0 1 1 1 0 0 0 1 1 0 0 2 0 0 2 1 1 0 0 1 1 0 1 1 1 2 0 2 2 2 1 1 1 2 2 1 2 0 0 2 2 0 0
1.17931141143317 -0.0593366989558814 1.77078200643221 0.897217288730685 -0.188195332214883 1 1 1 2 0 2 2 2 2 2 2 2 2 1 2 0 0 0 0 2 0 2 0 1 1 1 1 2 0 1 0 0 0 0 0 0 2 1 0 0 1 1 0 0 2 0 1 2 1 2 1 2 1 1 1 1 0 1 0 0 0 1 1 0 0 2 1 0 1 2 1 0 2 1 2 0 0 1 2 0 1 1 2 2 0 1 2 2 2 0 0 0 1 1 2 0 0 2 2 0 0 1 1 2 0 2 2 2 2 2 2 2 2 1 2 0 0 0 0 2 0 2 0 1 1 1 1 2 0 1 0 0 0 0 0 0 2 1 0 0 1 1 0 0 2 0 1 2 1 2 1 2 1 1 1 1 0 1 0 0 0 1 1 0 0 2 1 0 1 2 1 0 2 1 2 0 0 1 2 0 1 1 2 2 0 1 2 2 2 0 0 0 1 1 2 0 0 2 2 0 0
0.799886135893015 1.2053677428116 -1.88448859014432 1.03338926884562 -1.12782521750466 -1 1 1 1 0 0 0 0 0 0 0 0 0 0 2 0 0 0 0 2 0 2 1 1 0 0 2 1 0 0 0 0 0 0 0 0 2 2 0 0 1 2 0 1 2 0 1 0 1 2 0 0 2 1 2 0 0 1 0 1 1 1 1 1 0 2 2 0 1 2 2 0 2 1 1 0 0 1 1 1 2 1 2 2 0 2 1 0 1 0 1 0 2 2 2 0 0 2 2 0 0 -1 -1 -1 0 0 0 0 0 0 0 0 0 0 -2 0 0 0 0 -2 0 -2 -1 -1 0 0 -2 -1 0 0 0 0 0 0 0 0 -2 -2 0 0 -1 -2 0 -1 -2 0 -1 0 -1 -2 0 0 -2 -1 -2 0 0 -1 0 -1 -1 -1 -1 -1 0 -2 -2 0 -1 -2 -2 0 -2 -1 -1 0 0 -1 -1 -1 -2 -1 -2 -2 0 -2 -1 0 -1 0 -1 0 -2 -2 -2 0 0 -2 -2 0 0
-0.54027981727119 1.04742048202715 0.474980051319938 -1.22605668088594 -0.513112354802686 1 0 0 0 0 1 1 0 2 0 1 0 0 0 1 0 0 0 0 2 2 2 0 2 1 1 2 2 1 1 0 0 0 0 0 0 2 1 0 0 1 2 1 0 1 0 1 0 0 2 0 2 1 1 2 1 0 1 0 1 2 0 0 0 0 2 2 0 1 2 1 1 2 2 2 1 2 1 1 0 1 1 2 2 0 1 2 1 0 0 0 0 2 2 2 0 0 2 2 1 0 0 0 0 0 1 1 0 2 0 1 0 0 0 1 0 0 0 0 2 2 2 0 2 1 1 2 2 1 1 0 0 0 0 0 0 2 1 0 0 1 2 1 0 1 0 1 0 0 2 0 2 1 1 2 1 0 1 0 1 2 0 0 0 0 2 2 0 1 2 1 1 2 2 2 1 2 1 1 0 1 1 2 2 0 1 2 1 0 0 0 0 2 2 2 0 0 2 2 1 0
-0.395827115855787 -0.49554692102579 -0.265971584802361 -1.12337099466859 -0.176940255719263 -1 0 1 0 0 1 2 1 2 0 1 1 1 1 2 1 1 2 0 2 0 2 0 0 0 0 2 0 0 0 0 1 0 0 0 1 2 1 0 0 1 2 0 1 2 0 2 1 0 1 0 0 0 1 2 2 2 2 0 0 1 0 0 1 1 2 2 0 0 2 1 1 2 1 1 0 1 1 1 1 2 2 2 2 0 2 1 2 2 0 0 0 0 1 2 0 0 0 2 2 1 0 -1 0 0 -1 -2 -1 -2 0 -1 -1 -1 -1 -2 -1 -1 -2 0 -2 0 -2 0 0 0 0 -2 0 0 0 0 -1 0 0 0 -1 -2 -1 0 0 -1 -2 0 -1 -2 0 -2 -1 0 -1 0 0 0 -1 -2 -2 -2 -2 0 0 -1 0 0 -1 -1 -2 -2 0 0 -2 -1 -1 -2 -1 -1 0 -1 -1 -1 -1 -2 -2 -2 -2 0 -2 -1 -2 -2 0 0 0 0 -1 -2 0 0 0 -2 -2 -1
-1.91203638624994 1.16893745303962 0.366615873311754 -0.24991261467935 -0.694105601686721 1 0 1 1 0 2 1 1 2 1 2 2 2 1 2 1 1 0 0 2 0 1 0 2 1 0 2 2 2 2 1 0 1 1 2 0 1 0 0 0 2 2 0 2 2 0 2 1 0 2 0 1 1 2 2 2 1 2 0 0 0 1 2 1 1 2 2 0 0 2 2 1 2 2 1 0 0 1 2 0 1 1 2 2 0 2 2 2 2 0 0 1 2 2 2 0 0 1 2 1 1 0 1 1 0 2 1 1 2 1 2 2 2 1 2 1 1 0 0 2 0 1 0 2 1 0 2 2 2 2 1 0 1 1 2 0 1 0 0 0 2 2 0 2 2 0 2 1 0 2 0 1 1 2 2 2 1 2 0 0 0 1 2 1 1 2 2 0 0 2 2 1 2 2 1 0 0 1 2 0 1 1 2 2 0 2 2 2 2 0 0 1 2 2 2 0 0 1 2 1 1
0.600472806331019 0.233338451820969 0.445487026897729 0.336560113584841 0.124221626770815 -1 0 2 2 0 1 2 2 2 0 1 2 1 0 2 1 0 1 1 2 0 2 0 1 1 0 2 0 0 1 0 0 0 0 1 0 1 0 0 0 2 1 1 2 2 0 2 1 1 2 1 2 1 1 2 1 0 1 0 0 0 0 1 0 1 2 2 0 1 2 0 0 1 1 1 0 0 0 2 0 1 2 2 2 0 2 2 2 2 1 1 1 1 1 2 1 0 2 2 1 0 0 -2 -2 0 -1 -2 -2 -2 0 -1 -2 -1 0 -2 -1 0 -1 -1 -2 0 -2 0 -1 -1 0 -2 0 0 -1 0 0 0 0 -1 0 -1 0 0 0 -2 -1 -1 -2 -2 0 -2 -1 -1 -2 -1 -2 -1 -1 -2 -1 0 -1 0 0 0 0 -1 0 -1 -2 -2 0 -1 -2 0 0 -1 -1 -1 0 0 0 -2 0 -1 -2 -2 -2 0 -2 -2 -2 -2 -1 -1 -1 -1 -1 -2 -1 0 -2 -2 -1 0
-0.368694382749981 0.691167426281525 0.654837879434361 -1.00442843127896 -0.62316056954365 -1 1 1 1 0 2 2 1 2 0 1 1 1 0 2 1 0 0 1 2 2 1 1 1 1 0 2 0 1 2 1 1 2 1 2 1 2 2 0 0 2 1 0 1 2 0 1 0 0 2 1 2 2 2 2 2 1 1 0 1 0 0 0 0 0 2 2 0 1 2 1 0 2 2 2 0 0 1 0 0 1 0 1 2 0 1 1 1 2 0 1 0 1 1 2 0 0 2 2 2 0 -1 -1 -1 0 -2 -2 -1 -2 0 -1 -1 -1 0 -2 -1 0 0 -1 -2 -2 -1 -1 -1 -1 0 -2 0 -1 -2 -1 -1 -2 -1 -2 -1 -2 -2 0 0 -2 -1 0 -1 -2 0 -1 0 0 -2 -1 -2 -2 -2 -2 -2 -1 -1 0 -1 0 0 0 0 0 -2 -2 0 -1 -2 -1 0 -2 -2 -2 0 0 -1 0 0 -1 0 -1 -2 0 -1 -1 -1 -2 0 -1 0 -1 -1 -2 0 0 -2 -2 -2 0
-1.65303066276415 -0.429113817839883 -1.33601972885037 -0.336894992018311 -0.0617313290888966 1 2 2 2 1 2 1 0 1 0 2 1 1 0 1 0 0 0 0 2 0 2 0 0 0 1 2 2 1 1 1 2 1 0 1 0 2 0 1 0 2 2 1 2 2 0 1 1 1 1 0 1 1 0 2 1 0 1 0 0 0 0 0 0 0 2 2 0 0 1 1 0 2 2 2 0 0 1 2 0 1 1 2 2 0 2 2 2 2 1 1 1 2 2 2 0 0 1 2 0 1 2 2 2 1 2 1 0 1 0 2 1 1 0 1 0 0 0 0 2 0 2 0 0 0 1 2 2 1 1 1 2 1 0 1 0 2 0 1 0 2 2 1 2 2 0 1 1 1 1 0 1 1 0 2 1 0 1 0 0 0 0 0 0 0 2 2 0 0 1 1 0 2 2 2 0 0 1 2 0 1 1 2 2 0 2 2 2 2 1 1 1 2 2 2 0 0 1 2 0 1
0.584294610970485 0.146760214121088 -1.00346223005389 -3.1400093355087 -1.66091918437953 -1 1 2 2 1 2 1 1 2 0 0 0 1 0 2 1 0 1 0 2 1 2 1 2 1 0 2 1 0 0 0 0 0 0 1 0 2 0 0 0 2 2 0 2 2 0 1 1 0 2 1 1 2 1 2 2 1 1 0 1 0 0 0 1 0 0 1 0 0 1 0 0 2 2 1 0 0 2 2 0 1 0 2 2 0 2 2 2 2 1 0 1 2 1 2 1 0 1 2 0 0 -1 -2 -2 -1 -2 -1 -1 -2 0 0 0 -1 0 -2 -1 0 -1 0 -2 -1 -2 -1 -2 -1 0 -2 -1 0 0 0 0 0 0 -1 0 -2 0 0 0 -2 -2 0 -2 -2 0 -1 -1 0 -2 -1 -1 -2 -1 -2 -2 -1 -1 0 -1 0 0 0 -1 0 0 -1 0 0 -1 0 0 -2 -2 -1 0 0 -2 -2 0 -1 0 -2 -2 0 -2 -2 -2 -2 -1 0 -1 -2 -1 -2 -1 0 -1 -2 0 0
-0.821296062064991 0.87071086201676 -0.149929264757771 0.0744518771211464 1.3501660553471 1 0 0 2 0 2 2 2 1 0 0 0 1 1 2 0 0 0 0 2 0 2 0 1 1 1 2 2 0 1 1 2 1 0 1 0 2 0 0 0 1 2 0 1 2 0 2 1 1 2 0 0 0 0 2 2 1 1 0 0 0 0 1 1 0 1 2 0 0 1 1 0 2 1 1 0 0 1 2 0 1 1 2 2 0 1 2 1 2 0 1 1 2 2 2 2 1 2 2 1 0 0 0 2 0 2 2 2 1 0 0 0 1 1 2 0 0 0 0 2 0 2 0 1 1 1 2 2 0 1 1 2 1 0 1 0 2 0 0 0 1 2 0 1 2 0 2 1 1 2 0 0 0 0 2 2 1 1 0 0 0 0 1 1 0 1 2 0 0 1 1 0 2 1 1 0 0 1 2 0 1 1 2 2 0 1 2 1 2 0 1 1 2 2 2 2 1 2 2 1 0
1.46873593682924 0.950769600690188 -0.560081639121429 -0.681942351033836 -0.681121118479879 1 1 2 2 0 2 1 0 2 1 2 2 2 1 2 2 0 0 2 2 0 2 2 2 0 1 2 1 0 0 0 0 0 0 2 1 2 1 0 0 2 2 1 2 2 0 1 1 0 2 0 1 0 0 2 2 1 1 0 1 0 0 0 0 0 1 1 0 1 2 1 0 2 1 1 0 0 0 1 0 1 0 2 2 0 2 2 2 2 1 0 0 2 2 2 0 0 0 1 0 0 1 2 2 0 2 1 0 2 1 2 2 2 1 2 2 0 0 2 2 0 2 2 2 0 1 2 1 0 0 0 0 0 0 2 1 2 1 0 0 2 2 1 2 2 0 1 1 0 2 0 1 0 0 2 2 1 1 0 1 0 0 0 0 0 1 1 0 1 2 1 0 2 1 1 0 0 0 1 0 1 0 2 2 0 2 2 2 2 1 0 0 2 2 2 0 0 0 1 0 0
0.60968646397714 -0.66805273545207 1.62221019756476 -0.631129858386568 -2.17523721094654 1 1 2 1 1 2 2 1 2 1 1 1 2 0 2 1 0 2 1 2 0 2 0 1 0 1 2 2 0 1 0 0 0 0 0 0 2 0 0 0 1 2 0 1 1 0 1 1 1 2 0 1 2 0 2 2 1 1 0 0 0 0 1 1 0 2 2 0 0 1 1 0 2 1 1 0 0 1 1 0 2 0 1 2 0 2 2 1 2 1 1 2 2 2 2 0 1 2 2 1 0 1 2 1 1 2 2 1 2 1 1 1 2 0 2 1 0 2 1 2 0 2 0 1 0 1 2 2 0 1 0 0 0 0 0 0 2 0 0 0 1 2 0 1 1 0 1 1 1 2 0 1 2 0 2 2 1 1 0 0 0 0 1 1 0 2 2 0 0 1 1 0 2 1 1 0 0 1 1 0 2 0 1 2 0 2 2 1 2 1 1 2 2 2 2 0 1 2 2 1 0
0.692357813716301 0.839099959437235 1.32415840126097 -0.313989714075609 0.570613443797118 1 0 1 2 0 0 1 1 1 0 1 0 0 0 2 0 0 0 1 2 0 1 0 0 1 0 2 1 1 2 0 0 0 0 1 0 1 0 0 0 2 2 0 2 2 0 1 1 0 2 0 0 1 1 2 1 1 1 0 1 0 0 0 0 0 1 1 0 0 2 2 0 2 2 1 1 2 1 1 0 2 2 2 2 0 2 2 1 0 0 0 0 1 1 2 1 0 2 2 1 0 0 1 2 0 0 1 1 1 0 1 0 0 0 2 0 0 0 1 2 0 1 0 0 1 0 2 1 1 2 0 0 0 0 1 0 1 0 0 0 2 2 0 2 2 0 1 1 0 2 0 0 1 1 2 1 1 1 0 1 0 0 0 0 0 1 1 0 0 2 2 0 2 2 1 1 2 1 1 0 2 2 2 2 0 2 2 1 0 0 0 0 1 1 2 1 0 2 2 1 0
-1.87582045597168 0.625619358452955 0.274269375401867 -0.0342704661062872 -1.82567084527268 1 0 1 1 0 0 1 1 1 0 1 0 0 0 2 1 0 0 0 2 0 1 0 1 1 0 2 2 1 1 0 1 1 1 2 1 2 2 0 0 1 2 1 2 2 0 2 2 1 2 0 0 1 1 2 1 0 0 0 0 0 0 0 0 0 2 2 0 0 2 1 0 2 2 1 0 0 0 0 0 0 0 2 2 0 1 2 1 2 0 1 0 1 2 2 0 0 1 2 0 0 0 1 1 0 0 1 1 1 0 1 0 0 0 2 1 0 0 0 2 0 1 0 1 1 0 2 2 1 1 0 1 1 1 2 1 2 2 0 0 1 2 1 2 2 0 2 2 1 2 0 0 1 1 2 1 0 0 0 0 0 0 0 0 0 2 2 0 0 2 1 0 2 2 1 0 0 0 0 0 0 0 2 2 0 1 2 1 2 0 1 0 1 2 2 0 0 1 2 0 0
0.0384666477072216 -0.925474703738706 0.0913675446370346 -0.944210894159887 2.40739414318852 1 0 2 1 0 0 1 1 2 0 1 0 0 0 2 1 0 1 0 2 0 1 1 1 0 0 2 2 1 2 0 0 0 0 1 1 2 2 1 0 2 1 0 0 1 0 1 0 0 2 0 0 0 0 0 1 0 2 1 1 0 0 0 1 0 0 1 0 1 2 2 1 2 2 2 0 2 1 1 1 2 1 2 2 0 2 2 1 0 0 1 0 2 2 2 0 0 0 1 0 0 0 2 1 0 0 1 1 2 0 1 0 0 0 2 1 0 1 0 2 0 1 1 1 0 0 2 2 1 2 0 0 0 0 1 1 2 2 1 0 2 1 0 0 1 0 1 0 0 2 0 0 0 0 0 1 0 2 1 1 0 0 0 1 0 0 1 0 1 2 2 1 2 2 2 0 2 1 1 1 2 1 2 2 0 2 2 1 0 0 1 0 2 2 2 0 0 0 1 0 0
0.505340793473678 1.46216814289592 0.368993089532133 -0.578233791174286 0.418055148984182 1 1 1 1 0 1 2 1 1 0 2 1 0 1 2 1 0 1 0 2 0 1 1 2 1 0 2 1 2 2 0 0 1 0 1 0 2 2 0 0 2 2 0 1 2 0 0 0 0 2 0 1 1 0 1 0 0 1 0 1 0 0 0 1 0 1 2 0 1 2 2 1 2 2 2 0 0 2 2 0 2 1 2 2 0 2 2 2 2 2 1 0 2 1 2 2 0 1 2 1 0 1 1 1 0 1 2 1 1 0 2 1 0 1 2 1 0 1 0 2 0 1 1 2 1 0 2 1 2 2 0 0 1 0 1 0 2 2 0 0 2 2 0 1 2 0 0 0 0 2 0 1 1 0 1 0 0 1 0 1 0 0 0 1 0 1 2 0 1 2 2 1 2 2 2 0 0 2 2 0 2 1 2 2 0 2 2 2 2 2 1 0 2 1 2 2 0 1 2 1 0
0.171550261507614 -0.348053476324402 2.10430989448054 1.81254152565103 -0.106394539635817 -1 1 2 2 0 2 2 1 2 0 1 1 0 0 2 1 1 1 1 2 1 2 2 2 1 1 2 2 0 1 0 0 0 1 0 0 2 1 1 1 2 2 0 1 2 0 2 1 1 2 0 0 1 0 1 2 1 1 0 1 1 1 1 1 0 1 1 0 0 2 1 0 2 2 2 0 1 2 2 0 1 1 1 2 0 2 2 1 1 1 0 0 1 2 1 0 0 1 2 1 0 -1 -2 -2 0 -2 -2 -1 -2 0 -1 -1 0 0 -2 -1 -1 -1 -1 -2 -1 -2 -2 -2 -1 -1 -2 -2 0 -1 0 0 0 -1 0 0 -2 -1 -1 -1 -2 -2 0 -1 -2 0 -2 -1 -1 -2 0 0 -1 0 -1 -2 -1 -1 0 -1 -1 -1 -1 -1 0 -1 -1 0 0 -2 -1 0 -2 -2 -2 0 -1 -2 -2 0 -1 -1 -1 -2 0 -2 -2 -1 -1 -1 0 0 -1 -2 -1 0 0 -1 -2 -1 0
0.629253026681293 -0.860168239728081 0.193138372999199 0.931486177263744 -0.438918323595883 1 1 1 2 0 1 1 1 2 0 0 0 1 0 2 2 0 1 0 2 0 1 1 1 1 0 2 1 0 0 0 0 0 0 1 1 2 1 0 1 2 1 0 1 1 0 1 0 0 2 1 1 2 0 1 0 1 1 0 1 0 0 1 2 1 2 2 0 0 2 2 0 2 2 2 1 0 1 1 0 1 1 2 2 0 0 1 1 1 0 0 0 0 1 1 0 0 1 2 1 0 1 1 2 0 1 1 1 2 0 0 0 1 0 2 2 0 1 0 2 0 1 1 1 1 0 2 1 0 0 0 0 0 0 1 1 2 1 0 1 2 1 0 1 1 0 1 0 0 2 1 1 2 0 1 0 1 1 0 1 0 0 1 2 1 2 2 0 0 2 2 0 2 2 2 1 0 1 1 0 1 1 2 2 0 0 1 1 1 0 0 0 0 1 1 0 0 1 2 1 0
-0.589110271128318 1.82158778355349 -0.144999333803113 0.067079621611945 0.213116595804623 1 1 1 2 0 1 2 0 2 0 1 1 0 0 2 1 0 1 1 2 0 2 1 1 1 0 1 0 1 1 0 0 0 0 0 0 1 1 0 0 2 1 0 1 2 1 2 0 1 2 0 1 0 0 1 1 0 1 0 1 1 1 0 0 1 2 2 0 0 0 0 0 2 2 2 0 1 1 1 0 1 1 1 2 0 2 2 2 1 0 0 0 1 1 2 0 0 0 1 0 0 1 1 2 0 1 2 0 2 0 1 1 0 0 2 1 0 1 1 2 0 2 1 1 1 0 1 0 1 1 0 0 0 0 0 0 1 1 0 0 2 1 0 1 2 1 2 0 1 2 0 1 0 0 1 1 0 1 0 1 1 1 0 0 1 2 2 0 0 0 0 0 2 2 2 0 1 1 1 0 1 1 1 2 0 2 2 2 1 0 0 0 1 1 2 0 0 0 1 0 0
-0.225105898224564 -0.252246748212285 -1.22029929587698 0.887898287300217 -0.934257920754645 -1 1 2 2 0 1 2 1 0 0 1 0 1 0 2 1 0 1 1 2 1 2 1 2 1 1 2 1 0 0 0 0 1 0 1 1 2 2 1 0 1 1 0 1 2 0 2 0 0 2 0 1 2 1 2 2 2 1 0 1 1 0 1 1 0 2 1 0 1 2 1 0 2 2 2 0 0 1 2 1 2 2 1 2 0 2 2 2 2 0 0 0 2 0 2 0 1 1 1 1 1 -1 -2 -2 0 -1 -2 -1 0 0 -1 0 -1 0 -2 -1 0 -1 -1 -2 -1 -2 -1 -2 -1 -1 -2 -1 0 0 0 0 -1 0 -1 -1 -2 -2 -1 0 -1 -1 0 -1 -2 0 -2 0 0 -2 0 -1 -2 -1 -2 -2 -2 -1 0 -1 -1 0 -1 -1 0 -2 -1 0 -1 -2 -1 0 -2 -2 -2 0 0 -1 -2 -1 -2 -2 -1 -2 0 -2 -2 -2 -2 0 0 0 -2 0 -2 0 -1 -1 -1 -1 -1
-0.326895801236543 0.422275908634058 1.38788670123467 0.0929053978150222 -0.397088986110562 -1 0 1 2 0 1 2 1 2 0 0 1 0 1 2 1 0 1 1 2 0 2 2 2 1 1 2 2 0 1 0 0 0 0 0 0 2 1 0 0 2 1 1 0 0 0 0 0 0 1 0 1 1 0 1 2 2 1 0 0 0 0 0 1 0 2 1 0 0 2 2 0 2 1 1 0 0 0 1 0 1 1 2 2 0 2 2 2 2 1 0 0 2 2 1 0 0 1 2 1 0 0 -1 -2 0 -1 -2 -1 -2 0 0 -1 0 -1 -2 -1 0 -1 -1 -2 0 -2 -2 -2 -1 -1 -2 -2 0 -1 0 0 0 0 0 0 -2 -1 0 0 -2 -1 -1 0 0 0 0 0 0 -1 0 -1 -1 0 -1 -2 -2 -1 0 0 0 0 0 -1 0 -2 -1 0 0 -2 -2 0 -2 -1 -1 0 0 0 -1 0 -1 -1 -2 -2 0 -2 -2 -2 -2 -1 0 0 -2 -2 -1 0 0 -1 -2 -1 0
-1.94040955283306 -0.902342066291117 -1.20440236407762 -1.82681565259056 -1.31667202600415 1 1 1 2 0 1 2 2 2 1 1 1 1 0 1 0 0 0 0 2 0 2 1 2 2 1 2 1 1 2 0 0 1 0 2 2 2 2 1 0 2 1 0 2 2 0 1 0 1 2 0 1 0 0 1 1 0 0 0 0 0 0 0 0 0 2 2 0 1 2 1 0 2 2 2 1 2 2 2 0 1 0 2 2 0 1 1 2 0 0 0 0 2 2 2 0 0 1 1 0 1 1 1 2 0 1 2 2 2 1 1 1 1 0 1 0 0 0 0 2 0 2 1 2 2 1 2 1 1 2 0 0 1 0 2 2 2 2 1 0 2 1 0 2 2 0 1 0 1 2 0 1 0 0 1 1 0 0 0 0 0 0 0 0 0 2 2 0 1 2 1 0 2 2 2 1 2 2 2 0 1 0 2 2 0 1 1 2 0 0 0 0 2 2 2 0 0 1 1 0 1
0.945880072287725 0.556003786099888 -0.372071749883185 1.1546047039351 -0.917304540756746 1 0 2 2 1 2 2 2 1 0 0 0 0 0 1 0 0 0 0 2 1 2 1 2 0 0 2 1 1 1 0 0 1 0 1 0 2 1 1 0 1 2 1 2 1 0 1 0 0 2 0 0 1 0 1 1 1 1 0 1 1 0 0 2 1 2 2 0 1 2 0 0 2 2 2 0 1 1 1 0 2 0 2 2 0 2 2 1 1 0 0 0 1 1 1 0 0 0 1 0 0 0 2 2 1 2 2 2 1 0 0 0 0 0 1 0 0 0 0 2 1 2 1 2 0 0 2 1 1 1 0 0 1 0 1 0 2 1 1 0 1 2 1 2 1 0 1 0 0 2 0 0 1 0 1 1 1 1 0 1 1 0 0 2 1 2 2 0 1 2 0 0 2 2 2 0 1 1 1 0 2 0 2 2 0 2 2 1 1 0 0 0 1 1 1 0 0 0 1 0 0
0.166929085135012 1.49485636438358 -0.606145531894175 -1.33639948019354 0.227269116538211 -1 2 2 2 0 2 1 1 2 1 1 1 0 0 1 0 1 0 0 2 0 2 1 0 1 1 2 1 0 0 0 0 1 0 0 0 2 0 0 0 2 1 0 1 2 0 2 1 0 2 0 0 0 1 2 2 2 1 0 0 0 0 0 0 0 0 1 0 0 2 1 0 2 2 1 0 1 1 2 0 2 1 2 2 0 1 1 1 2 1 0 0 2 2 2 0 0 1 2 0 0 -2 -2 -2 0 -2 -1 -1 -2 -1 -1 -1 0 0 -1 0 -1 0 0 -2 0 -2 -1 0 -1 -1 -2 -1 0 0 0 0 -1 0 0 0 -2 0 0 0 -2 -1 0 -1 -2 0 -2 -1 0 -2 0 0 0 -1 -2 -2 -2 -1 0 0 0 0 0 0 0 0 -1 0 0 -2 -1 0 -2 -2 -1 0 -1 -1 -2 0 -2 -1 -2 -2 0 -1 -1 -1 -2 -1 0 0 -2 -2 -2 0 0 -1 -2 0 0
0.529578964443671 -0.80057899018069 -0.315584748648017 1.74246771429941 1.18274269691745 -1 1 1 2 1 1 1 0 1 1 1 1 0 0 2 0 1 1 0 2 0 2 2 2 2 1 2 2 1 1 0 0 0 0 0 1 2 1 0 1 2 2 0 1 2 0 1 0 0 2 0 1 1 1 2 2 1 0 0 1 0 0 0 1 1 1 2 0 0 2 1 1 2 2 2 1 0 1 2 1 2 2 2 2 0 1 2 2 1 1 0 0 1 2 2 1 0 2 2 0 0 -1 -1 -2 -1 -1 -1 0 -1 -1 -1 -1 0 0 -2 0 -1 -1 0 -2 0 -2 -2 -2 -2 -1 -2 -2 -1 -1 0 0 0 0 0 -1 -2 -1 0 -1 -2 -2 0 -1 -2 0 -1 0 0 -2 0 -1 -1 -1 -2 -2 -1 0 0 -1 0 0 0 -1 -1 -1 -2 0 0 -2 -1 -1 -2 -2 -2 -1 0 -1 -2 -1 -2 -2 -2 -2 0 -1 -2 -2 -1 -1 0 0 -1 -2 -2 -1 0 -2 -2 0 0
-1.37086578855938 0.621656437518573 0.735324243387286 -0.246067278592097 0.28036176951997 -1 0 2 2 0 2 2 2 2 0 2 2 0 0 2 0 0 1 0 2 0 1 0 0 1 0 2 0 0 0 0 1 1 0 0 0 2 1 0 0 1 2 0 1 2 0 2 1 1 2 0 1 1 0 2 2 1 1 0 1 0 0 0 1 0 2 1 0 0 2 2 0 2 2 1 0 1 1 1 0 2 2 2 2 0 1 2 2 1 0 0 0 1 2 2 1 1 2 2 1 2 0 -2 -2 0 -2 -2 -2 -2 0 -2 -2 0 0 -2 0 0 -1 0 -2 0 -1 0 0 -1 0 -2 0 0 0 0 -1 -1 0 0 0 -2 -1 0 0 -1 -2 0 -1 -2 0 -2 -1 -1 -2 0 -1 -1 0 -2 -2 -1 -1 0 -1 0 0 0 -1 0 -2 -1 0 0 -2 -2 0 -2 -2 -1 0 -1 -1 -1 0 -2 -2 -2 -2 0 -1 -2 -2 -1 0 0 0 -1 -2 -2 -1 -1 -2 -2 -1 -2
1.06700385660649 0.293814815561178 -0.696912788750139 1.22191814200038 0.937615568354915 -1 1 2 2 0 1 2 1 2 0 2 1 1 1 2 0 0 0 0 2 0 0 1 1 0 0 2 0 0 0 0 0 0 0 0 0 2 0 0 0 2 2 0 0 2 0 0 0 0 2 0 2 1 0 1 0 0 0 0 1 1 0 0 1 2 2 2 0 0 1 1 0 2 1 1 1 1 2 1 0 2 0 2 2 0 1 1 2 1 0 0 0 2 2 2 1 0 1 2 1 0 -1 -2 -2 0 -1 -2 -1 -2 0 -2 -1 -1 -1 -2 0 0 0 0 -2 0 0 -1 -1 0 0 -2 0 0 0 0 0 0 0 0 0 -2 0 0 0 -2 -2 0 0 -2 0 0 0 0 -2 0 -2 -1 0 -1 0 0 0 0 -1 -1 0 0 -1 -2 -2 -2 0 0 -1 -1 0 -2 -1 -1 -1 -1 -2 -1 0 -2 0 -2 -2 0 -1 -1 -2 -1 0 0 0 -2 -2 -2 -1 0 -1 -2 -1 0
-0.150147055581452 -1.93088867936001 -1.74015674281359 -0.000712621076348165 -0.439196599760358 -1 0 1 0 0 2 2 2 2 0 1 2 0 0 2 1 0 0 0 2 0 2 0 1 0 1 2 2 0 2 1 1 2 0 1 0 2 2 1 0 2 1 0 1 2 0 2 1 0 2 0 0 1 0 2 2 1 0 0 0 0 0 0 1 1 2 2 0 0 1 0 0 2 1 1 0 1 1 1 0 1 1 2 2 0 2 2 2 2 0 0 1 2 2 2 1 0 1 2 0 1 0 -1 0 0 -2 -2 -2 -2 0 -1 -2 0 0 -2 -1 0 0 0 -2 0 -2 0 -1 0 -1 -2 -2 0 -2 -1 -1 -2 0 -1 0 -2 -2 -1 0 -2 -1 0 -1 -2 0 -2 -1 0 -2 0 0 -1 0 -2 -2 -1 0 0 0 0 0 0 -1 -1 -2 -2 0 0 -1 0 0 -2 -1 -1 0 -1 -1 -1 0 -1 -1 -2 -2 0 -2 -2 -2 -2 0 0 -1 -2 -2 -2 -1 0 -1 -2 0 -1
-2.23322734894544 0.247255111227166 0.0512224907384246 0.527337578658404 -0.079069061292285 -1 1 1 1 0 0 0 0 2 0 1 1 1 0 2 0 0 1 0 2 0 1 0 0 0 0 2 1 0 0 0 0 1 0 1 1 2 1 0 0 2 2 1 2 2 0 2 0 0 2 0 0 1 0 2 1 1 0 0 0 0 0 0 1 0 1 1 0 0 1 2 1 2 2 2 1 1 0 2 0 1 0 2 2 0 0 0 0 2 0 0 0 1 2 2 1 0 1 2 0 2 -1 -1 -1 0 0 0 0 -2 0 -1 -1 -1 0 -2 0 0 -1 0 -2 0 -1 0 0 0 0 -2 -1 0 0 0 0 -1 0 -1 -1 -2 -1 0 0 -2 -2 -1 -2 -2 0 -2 0 0 -2 0 0 -1 0 -2 -1 -1 0 0 0 0 0 0 -1 0 -1 -1 0 0 -1 -2 -1 -2 -2 -2 -1 -1 0 -2 0 -1 0 -2 -2 0 0 0 0 -2 0 0 0 -1 -2 -2 -1 0 -1 -2 0 -2
-0.557720894409992 0.668307748935675 -1.44732835306689 2.19832906762053 -0.911575117971386 -1 1 2 2 1 1 2 2 2 0 1 0 0 1 2 1 1 2 1 2 1 2 1 2 0 0 2 1 1 1 1 2 2 0 1 1 2 2 1 1 2 0 0 0 2 0 2 2 1 2 0 0 2 1 2 2 1 1 0 0 0 0 0 0 0 1 0 0 0 1 1 0 2 2 1 0 0 1 1 0 1 1 2 2 0 2 2 1 1 0 0 1 2 2 2 1 0 2 2 0 0 -1 -2 -2 -1 -1 -2 -2 -2 0 -1 0 0 -1 -2 -1 -1 -2 -1 -2 -1 -2 -1 -2 0 0 -2 -1 -1 -1 -1 -2 -2 0 -1 -1 -2 -2 -1 -1 -2 0 0 0 -2 0 -2 -2 -1 -2 0 0 -2 -1 -2 -2 -1 -1 0 0 0 0 0 0 0 -1 0 0 0 -1 -1 0 -2 -2 -1 0 0 -1 -1 0 -1 -1 -2 -2 0 -2 -2 -1 -1 0 0 -1 -2 -2 -2 -1 0 -2 -2 0 0
-0.278465477710541 -0.565118657043843 0.296038646996881 0.0543451660579405 -0.6832740764433 -1 0 0 0 0 1 2 1 1 0 1 1 1 1 2 0 0 1 1 2 1 1 0 0 1 0 1 2 0 1 0 0 1 0 0 0 2 1 0 0 1 1 0 1 2 0 2 0 0 2 1 1 1 1 0 0 1 2 0 1 0 0 0 1 0 1 1 0 0 1 1 0 2 2 1 0 0 1 2 1 1 2 2 2 0 1 2 2 1 0 1 1 2 2 2 1 0 2 2 2 0 0 0 0 0 -1 -2 -1 -1 0 -1 -1 -1 -1 -2 0 0 -1 -1 -2 -1 -1 0 0 -1 0 -1 -2 0 -1 0 0 -1 0 0 0 -2 -1 0 0 -1 -1 0 -1 -2 0 -2 0 0 -2 -1 -1 -1 -1 0 0 -1 -2 0 -1 0 0 0 -1 0 -1 -1 0 0 -1 -1 0 -2 -2 -1 0 0 -1 -2 -1 -1 -2 -2 -2 0 -1 -2 -2 -1 0 -1 -1 -2 -2 -2 -1 0 -2 -2 -2 0
0.368063921351712 0.967896730360846 0.645933634153513 1.75399754863793 1.24071951023881 1 0 1 2 0 1 2 2 2 1 2 2 1 1 2 2 0 1 1 2 0 2 1 1 0 1 2 2 1 2 0 1 0 0 1 1 2 1 0 0 2 2 0 0 2 0 1 1 1 2 1 1 1 0 1 2 1 1 0 0 0 1 1 1 0 2 1 0 0 2 1 0 2 2 1 0 0 1 1 1 2 1 1 2 0 1 2 2 2 0 0 0 1 2 2 0 0 1 2 2 0 0 1 2 0 1 2 2 2 1 2 2 1 1 2 2 0 1 1 2 0 2 1 1 0 1 2 2 1 2 0 1 0 0 1 1 2 1 0 0 2 2 0 0 2 0 1 1 1 2 1 1 1 0 1 2 1 1 0 0 0 1 1 1 0 2 1 0 0 2 1 0 2 2 1 0 0 1 1 1 2 1 1 2 0 1 2 2 2 0 0 0 1 2 2 0 0 1 2 2 0
0.0777740510688334 1.70598929724323 -1.22055615248298 0.392822059447568 0.827436907057151 -1 0 1 1 0 1 1 1 2 0 1 0 0 0 2 2 0 0 1 2 1 2 0 0 0 0 2 2 1 2 1 0 0 0 0 0 2 1 0 0 2 2 0 2 2 0 1 0 0 2 0 1 0 0 1 1 1 1 0 1 0 0 0 2 0 2 2 0 0 1 0 0 2 1 1 0 1 1 1 0 1 0 2 2 0 2 2 2 2 1 1 0 0 2 2 1 0 2 2 0 0 0 -1 -1 0 -1 -1 -1 -2 0 -1 0 0 0 -2 -2 0 0 -1 -2 -1 -2 0 0 0 0 -2 -2 -1 -2 -1 0 0 0 0 0 -2 -1 0 0 -2 -2 0 -2 -2 0 -1 0 0 -2 0 -1 0 0 -1 -1 -1 -1 0 -1 0 0 0 -2 0 -2 -2 0 0 -1 0 0 -2 -1 -1 0 -1 -1 -1 0 -1 0 -2 -2 0 -2 -2 -2 -2 -1 -1 0 0 -2 -2 -1 0 -2 -2 0 0
-0.926645209559015 -0.722692545226285 -0.680685066918989 1.75122415484891 -1.24823558347996 -1 0 2 2 0 1 2 2 2 0 1 0 0 0 2 0 0 0 0 2 1 2 1 1 1 1 2 2 2 2 0 0 1 0 0 0 1 0 0 0 1 2 0 2 2 0 2 2 0 2 1 1 2 1 2 2 0 1 0 0 0 0 1 2 0 2 2 0 0 2 1 0 2 1 2 0 0 0 1 0 1 1 2 2 0 2 2 2 2 1 1 1 2 2 1 1 1 2 2 1 1 0 -2 -2 0 -1 -2 -2 -2 0 -1 0 0 0 -2 0 0 0 0 -2 -1 -2 -1 -1 -1 -1 -2 -2 -2 -2 0 0 -1 0 0 0 -1 0 0 0 -1 -2 0 -2 -2 0 -2 -2 0 -2 -1 -1 -2 -1 -2 -2 0 -1 0 0 0 0 -1 -2 0 -2 -2 0 0 -2 -1 0 -2 -1 -2 0 0 0 -1 0 -1 -1 -2 -2 0 -2 -2 -2 -2 -1 -1 -1 -2 -2 -1 -1 -1 -2 -2 -1 -1
-0.844796146239349 -1.94938878030319 0.1482082924923 -0.473848095332216 -0.743794699212984 1 1 2 2 0 2 2 1 2 1 2 0 0 0 2 2 1 0 0 2 0 2 1 1 1 0 1 2 1 2 0 2 1 0 0 0 2 1 0 0 2 2 0 2 2 1 2 1 1 2 1 2 2 1 2 2 1 1 0 0 0 0 0 0 0 1 1 0 0 2 2 0 2 2 2 1 2 1 0 0 2 2 2 2 0 2 2 1 2 2 0 0 2 2 1 0 0 1 2 0 0 1 2 2 0 2 2 1 2 1 2 0 0 0 2 2 1 0 0 2 0 2 1 1 1 0 1 2 1 2 0 2 1 0 0 0 2 1 0 0 2 2 0 2 2 1 2 1 1 2 1 2 2 1 2 2 1 1 0 0 0 0 0 0 0 1 1 0 0 2 2 0 2 2 2 1 2 1 0 0 2 2 2 2 0 2 2 1 2 2 0 0 2 2 1 0 0 1 2 0 0
-0.491387289007111 0.081691384295453 1.32655432316625 0.656811567322551 -0.199577921186653 -1 1 1 1 0 1 0 0 1 0 1 1 1 0 2 2 1 1 2 2 1 2 1 1 0 1 2 2 0 0 0 0 1 1 1 0 2 1 0 0 1 2 0 2 2 0 2 1 1 2 0 0 0 0 1 2 1 1 0 1 2 0 0 0 0 1 2 0 1 1 1 0 2 2 1 0 0 1 1 0 1 2 2 2 0 2 2 2 2 2 1 0 0 1 1 0 0 2 2 1 0 -1 -1 -1 0 -1 0 0 -1 0 -1 -1 -1 0 -2 -2 -1 -1 -2 -2 -1 -2 -1 -1 0 -1 -2 -2 0 0 0 0 -1 -1 -1 0 -2 -1 0 0 -1 -2 0 -2 -2 0 -2 -1 -1 -2 0 0 0 0 -1 -2 -1 -1 0 -1 -2 0 0 0 0 -1 -2 0 -1 -1 -1 0 -2 -2 -1 0 0 -1 -1 0 -1 -2 -2 -2 0 -2 -2 -2 -2 -2 -1 0 0 -1 -1 0 0 -2 -2 -1 0
0.495945528507428 -0.189183760858217 0.909557506322261 -0.339872068837063 -0.161231845814496 1 1 1 2 0 1 1 0 1 0 2 1 0 0 2 1 1 2 2 2 1 2 1 1 0 0 1 1 0 0 0 0 1 0 0 0 2 2 0 0 0 1 0 1 1 0 0 0 0 2 2 1 1 1 2 2 2 1 0 0 0 1 1 1 0 2 2 0 1 2 2 0 2 1 2 1 1 1 2 0 2 2 1 2 0 1 2 1 1 1 1 0 2 2 1 1 0 2 2 2 1 1 1 2 0 1 1 0 1 0 2 1 0 0 2 1 1 2 2 2 1 2 1 1 0 0 1 1 0 0 0 0 1 0 0 0 2 2 0 0 0 1 0 1 1 0 0 0 0 2 2 1 1 1 2 2 2 1 0 0 0 1 1 1 0 2 2 0 1 2 2 0 2 1 2 1 1 1 2 0 2 2 1 2 0 1 2 1 1 1 1 0 2 2 1 1 0 2 2 2 1
-0.217339839585877 0.829393089813073 0.227884978136005 -1.18055236397553 0.108288214938603 1 0 2 2 0 1 1 2 2 0 1 1 0 0 2 1 0 0 0 2 1 1 1 2 1 0 1 1 1 0 0 0 1 0 0 1 2 2 2 0 1 2 1 2 2 0 1 0 0 2 0 0 1 1 2 2 0 1 0 2 1 0 0 1 0 2 2 0 1 2 2 2 2 2 2 0 0 0 1 0 1 1 1 2 0 1 1 2 1 0 0 0 2 2 2 0 0 2 2 1 0 0 2 2 0 1 1 2 2 0 1 1 0 0 2 1 0 0 0 2 1 1 1 2 1 0 1 1 1 0 0 0 1 0 0 1 2 2 2 0 1 2 1 2 2 0 1 0 0 2 0 0 1 1 2 2 0 1 0 2 1 0 0 1 0 2 2 0 1 2 2 2 2 2 2 0 0 0 1 0 1 1 1 2 0 1 1 2 1 0 0 0 2 2 2 0 0 2 2 1 0
0.183782241633679 3.98294007629206 -1.5307509106347 -0.612493618351297 -1.15641344242883 -1 1 2 2 0 1 2 2 2 1 1 0 1 1 2 1 0 0 0 2 0 1 0 1 1 0 2 1 0 1 0 0 0 0 1 0 1 0 0 0 1 2 0 0 2 0 2 1 0 2 0 0 0 0 2 1 1 0 0 1 1 0 1 1 0 2 2 0 1 2 1 0 2 2 1 0 0 0 0 0 2 1 2 2 0 2 2 2 2 1 0 0 2 2 2 0 0 1 2 1 0 -1 -2 -2 0 -1 -2 -2 -2 -1 -1 0 -1 -1 -2 -1 0 0 0 -2 0 -1 0 -1 -1 0 -2 -1 0 -1 0 0 0 0 -1 0 -1 0 0 0 -1 -2 0 0 -2 0 -2 -1 0 -2 0 0 0 0 -2 -1 -1 0 0 -1 -1 0 -1 -1 0 -2 -2 0 -1 -2 -1 0 -2 -2 -1 0 0 0 0 0 -2 -1 -2 -2 0 -2 -2 -2 -2 -1 0 0 -2 -2 -2 0 0 -1 -2 -1 0
2.29406614807424 0.866085110944282 -1.13834167664106 -0.513040777578483 -0.518291761404441 -1 0 1 1 0 1 2 1 2 0 1 1 0 0 1 0 0 0 1 2 1 2 0 1 1 0 1 0 0 0 0 0 1 0 0 0 2 1 0 0 1 2 0 0 2 0 1 0 0 2 0 0 2 0 2 2 1 2 1 1 0 1 0 0 0 2 2 0 0 1 1 0 2 2 1 0 0 0 1 0 0 0 1 2 0 2 1 0 1 1 0 0 2 1 2 1 0 2 2 1 1 0 -1 -1 0 -1 -2 -1 -2 0 -1 -1 0 0 -1 0 0 0 -1 -2 -1 -2 0 -1 -1 0 -1 0 0 0 0 0 -1 0 0 0 -2 -1 0 0 -1 -2 0 0 -2 0 -1 0 0 -2 0 0 -2 0 -2 -2 -1 -2 -1 -1 0 -1 0 0 0 -2 -2 0 0 -1 -1 0 -2 -2 -1 0 0 0 -1 0 0 0 -1 -2 0 -2 -1 0 -1 -1 0 0 -2 -1 -2 -1 0 -2 -2 -1 -1
0.764081692628189 1.15749891774284 0.460628239109029 -1.49191422713884 1.07280869699858 1 1 2 1 0 1 1 0 1 0 1 1 1 0 2 1 0 0 0 2 0 1 0 1 1 0 1 1 0 0 0 0 1 0 0 0 1 1 1 0 2 1 0 2 2 0 2 0 0 2 0 0 1 1 2 2 1 1 0 2 1 2 1 2 2 1 1 0 1 2 1 0 1 1 2 0 1 1 2 1 2 1 2 2 0 2 2 0 2 1 0 0 0 0 2 1 0 1 2 0 0 1 2 1 0 1 1 0 1 0 1 1 1 0 2 1 0 0 0 2 0 1 0 1 1 0 1 1 0 0 0 0 1 0 0 0 1 1 1 0 2 1 0 2 2 0 2 0 0 2 0 0 1 1 2 2 1 1 0 2 1 2 1 2 2 1 1 0 1 2 1 0 1 1 2 0 1 1 2 1 2 1 2 2 0 2 2 0 2 1 0 0 0 0 2 1 0 1 2 0 0
-0.749148352885749 -0.234916107208011 -1.98674926705884 -1.59920408720121 -0.186313512822674 1 1 2 2 1 2 2 1 2 1 2 1 1 1 2 1 0 0 0 2 1 2 0 0 0 0 2 0 0 0 0 0 0 0 0 0 1 0 0 0 1 1 0 2 2 0 2 1 1 2 1 1 2 2 2 2 1 1 0 0 1 2 1 2 1 2 1 0 0 2 1 1 2 2 2 0 0 1 2 0 1 0 2 2 0 2 2 2 2 0 0 0 1 2 2 0 0 2 2 1 0 1 2 2 1 2 2 1 2 1 2 1 1 1 2 1 0 0 0 2 1 2 0 0 0 0 2 0 0 0 0 0 0 0 0 0 1 0 0 0 1 1 0 2 2 0 2 1 1 2 1 1 2 2 2 2 1 1 0 0 1 2 1 2 1 2 1 0 0 2 1 1 2 2 2 0 0 1 2 0 1 0 2 2 0 2 2 2 2 0 0 0 1 2 2 0 0 2 2 1 0
0.668508277138573 -1.74937234883291 1.07289289826758 -1.4693412312402 -1.41520191075328 1 0 2 1 0 1 2 1 2 1 2 2 1 0 1 0 0 1 0 2 1 1 0 0 0 0 1 1 1 1 0 0 1 0 0 1 2 0 0 0 0 2 1 1 2 0 1 0 0 2 1 1 1 1 2 2 1 1 0 1 0 0 1 1 0 2 1 0 0 2 1 0 1 2 1 0 1 1 2 0 2 1 2 2 0 1 2 2 2 0 0 1 2 2 1 0 0 1 2 1 1 0 2 1 0 1 2 1 2 1 2 2 1 0 1 0 0 1 0 2 1 1 0 0 0 0 1 1 1 1 0 0 1 0 0 1 2 0 0 0 0 2 1 1 2 0 1 0 0 2 1 1 1 1 2 2 1 1 0 1 0 0 1 1 0 2 1 0 0 2 1 0 1 2 1 0 1 1 2 0 2 1 2 2 0 1 2 2 2 0 0 1 2 2 1 0 0 1 2 1 1
0.415851879558912 -0.975245901699969 -0.775951961685747 0.58394531599172 -1.32576497168403 -1 0 1 1 0 2 2 1 2 0 2 1 1 0 2 1 0 0 0 2 1 2 1 2 1 1 2 2 2 2 1 1 2 0 0 0 2 1 0 1 2 2 0 2 2 0 1 2 1 2 1 1 0 0 1 1 1 1 0 0 0 0 0 2 1 2 1 0 1 1 0 1 2 2 2 0 0 1 2 0 1 2 2 2 0 2 2 2 2 1 1 1 2 1 2 1 0 1 2 1 0 0 -1 -1 0 -2 -2 -1 -2 0 -2 -1 -1 0 -2 -1 0 0 0 -2 -1 -2 -1 -2 -1 -1 -2 -2 -2 -2 -1 -1 -2 0 0 0 -2 -1 0 -1 -2 -2 0 -2 -2 0 -1 -2 -1 -2 -1 -1 0 0 -1 -1 -1 -1 0 0 0 0 0 -2 -1 -2 -1 0 -1 -1 0 -1 -2 -2 -2 0 0 -1 -2 0 -1 -2 -2 -2 0 -2 -2 -2 -2 -1 -1 -1 -2 -1 -2 -1 0 -1 -2 -1 0
0.545608452934778 -0.709905567717434 1.33401667613283 -0.960429625830358 -0.670553885037298 -1 0 1 1 0 1 0 0 1 0 1 0 0 0 2 1 1 1 0 2 0 2 2 2 1 1 2 0 0 1 0 0 0 0 1 0 2 1 0 0 2 1 0 1 1 0 1 1 0 2 0 1 1 0 2 1 2 1 0 1 0 0 0 1 0 1 2 0 0 1 1 0 2 1 1 0 1 0 1 0 1 1 2 2 0 2 2 2 2 0 0 0 1 1 2 2 2 2 2 1 0 0 -1 -1 0 -1 0 0 -1 0 -1 0 0 0 -2 -1 -1 -1 0 -2 0 -2 -2 -2 -1 -1 -2 0 0 -1 0 0 0 0 -1 0 -2 -1 0 0 -2 -1 0 -1 -1 0 -1 -1 0 -2 0 -1 -1 0 -2 -1 -2 -1 0 -1 0 0 0 -1 0 -1 -2 0 0 -1 -1 0 -2 -1 -1 0 -1 0 -1 0 -1 -1 -2 -2 0 -2 -2 -2 -2 0 0 0 -1 -1 -2 -2 -2 -2 -2 -1 0
-1.82189276414187 -0.648126251774681 0.347981862870668 0.548153574033998 0.330560973720607 1 0 2 2 0 1 2 1 1 0 0 0 0 0 1 1 0 0 0 1 0 2 1 2 1 2 2 0 0 0 0 0 0 0 1 0 2 2 2 1 2 2 0 2 1 0 2 2 1 2 0 0 1 0 2 2 1 1 0 0 1 0 1 1 2 1 2 0 0 2 0 0 2 1 1 0 1 1 0 0 2 0 2 2 0 1 2 1 1 0 0 0 2 1 1 0 0 0 2 0 1 0 2 2 0 1 2 1 1 0 0 0 0 0 1 1 0 0 0 1 0 2 1 2 1 2 2 0 0 0 0 0 0 0 1 0 2 2 2 1 2 2 0 2 1 0 2 2 1 2 0 0 1 0 2 2 1 1 0 0 1 0 1 1 2 1 2 0 0 2 0 0 2 1 1 0 1 1 0 0 2 0 2 2 0 1 2 1 1 0 0 0 2 1 1 0 0 0 2 0 1
0.248364602932841 -0.798475190982808 -1.46330310457927 -0.425546912276683 -2.12767150505624 1 0 1 1 0 0 2 2 2 0 1 0 0 0 2 0 0 0 0 2 1 2 0 1 0 0 2 1 0 1 0 0 1 1 1 0 2 1 0 0 2 2 0 1 1 0 2 0 1 2 0 1 0 1 2 2 0 0 0 1 0 1 1 1 0 2 2 0 0 2 1 0 2 2 1 0 0 2 2 0 1 1 1 2 0 2 2 2 1 1 0 0 1 1 2 1 0 2 2 2 2 0 1 1 0 0 2 2 2 0 1 0 0 0 2 0 0 0 0 2 1 2 0 1 0 0 2 1 0 1 0 0 1 1 1 0 2 1 0 0 2 2 0 1 1 0 2 0 1 2 0 1 0 1 2 2 0 0 0 1 0 1 1 1 0 2 2 0 0 2 1 0 2 2 1 0 0 2 2 0 1 1 1 2 0 2 2 2 1 1 0 0 1 1 2 1 0 2 2 2 2
-0.0882432427287321 0.478857929713234 -0.110412580812679 0.861580041158931 -0.836597969907876 -1 1 1 2 0 2 1 1 2 0 1 1 1 0 2 1 0 0 0 2 0 2 1 2 1 1 2 2 1 1 0 0 1 0 0 2 2 1 1 0 2 2 1 1 2 1 2 0 0 2 0 0 1 0 2 2 0 1 0 1 0 0 0 0 0 0 2 0 0 2 1 0 2 1 1 0 2 2 1 0 2 1 2 2 0 1 2 2 2 0 0 0 2 2 1 0 0 0 1 0 0 -1 -1 -2 0 -2 -1 -1 -2 0 -1 -1 -1 0 -2 -1 0 0 0 -2 0 -2 -1 -2 -1 -1 -2 -2 -1 -1 0 0 -1 0 0 -2 -2 -1 -1 0 -2 -2 -1 -1 -2 -1 -2 0 0 -2 0 0 -1 0 -2 -2 0 -1 0 -1 0 0 0 0 0 0 -2 0 0 -2 -1 0 -2 -1 -1 0 -2 -2 -1 0 -2 -1 -2 -2 0 -1 -2 -2 -2 0 0 0 -2 -2 -1 0 0 0 -1 0 0
-1.16827299379319 -0.628524293526763 1.07849950912715 1.74607784761318 -0.489056059729221 -1 0 1 1 0 0 0 0 1 0 0 0 1 1 2 1 0 1 1 2 0 2 0 0 0 0 1 2 1 1 0 0 2 1 2 1 2 2 0 0 2 2 0 1 2 1 2 1 0 2 0 1 2 1 2 2 0 0 0 0 0 0 0 0 0 2 2 0 1 1 0 0 2 2 1 0 1 0 1 0 0 2 1 2 0 2 2 1 2 0 0 0 0 0 2 0 0 0 1 0 0 0 -1 -1 0 0 0 0 -1 0 0 0 -1 -1 -2 -1 0 -1 -1 -2 0 -2 0 0 0 0 -1 -2 -1 -1 0 0 -2 -1 -2 -1 -2 -2 0 0 -2 -2 0 -1 -2 -1 -2 -1 0 -2 0 -1 -2 -1 -2 -2 0 0 0 0 0 0 0 0 0 -2 -2 0 -1 -1 0 0 -2 -2 -1 0 -1 0 -1 0 0 -2 -1 -2 0 -2 -2 -1 -2 0 0 0 0 0 -2 0 0 0 -1 0 0
0.777845532720139 -0.292579077130999 0.318541616563095 -1.03291694882936 0.394034320365292 1 0 2 2 0 1 2 0 1 0 1 1 1 1 2 2 0 1 1 2 0 2 0 1 1 1 2 2 1 1 0 0 0 0 0 0 1 0 0 0 0 2 0 1 2 0 2 2 1 2 2 2 1 0 2 1 1 0 0 0 0 0 1 2 0 1 2 0 0 1 1 0 1 1 2 0 1 1 1 0 2 2 2 2 0 2 2 1 1 0 0 0 1 1 2 1 1 2 2 2 1 0 2 2 0 1 2 0 1 0 1 1 1 1 2 2 0 1 1 2 0 2 0 1 1 1 2 2 1 1 0 0 0 0 0 0 1 0 0 0 0 2 0 1 2 0 2 2 1 2 2 2 1 0 2 1 1 0 0 0 0 0 1 2 0 1 2 0 0 1 1 0 1 1 2 0 1 1 1 0 2 2 2 2 0 2 2 1 1 0 0 0 1 1 2 1 1 2 2 2 1
-0.543188315953683 1.02953326651958 -0.387674570460595 1.45801988596319 -0.333353459351896 -1 0 2 2 0 2 2 1 2 0 0 0 0 1 2 0 0 1 0 2 1 2 0 2 1 1 2 1 1 1 1 1 1 0 1 1 2 1 0 0 1 2 0 0 1 0 2 2 0 2 0 1 1 0 1 0 0 1 0 0 0 0 0 2 1 1 1 0 0 1 1 0 2 2 2 1 2 1 2 1 2 1 1 2 0 1 2 1 1 0 2 0 1 1 2 2 1 2 2 0 0 0 -2 -2 0 -2 -2 -1 -2 0 0 0 0 -1 -2 0 0 -1 0 -2 -1 -2 0 -2 -1 -1 -2 -1 -1 -1 -1 -1 -1 0 -1 -1 -2 -1 0 0 -1 -2 0 0 -1 0 -2 -2 0 -2 0 -1 -1 0 -1 0 0 -1 0 0 0 0 0 -2 -1 -1 -1 0 0 -1 -1 0 -2 -2 -2 -1 -2 -1 -2 -1 -2 -1 -1 -2 0 -1 -2 -1 -1 0 -2 0 -1 -1 -2 -2 -1 -2 -2 0 0
-0.138648787977167 0.211548655677158 0.162940311885007 0.994767570934666 0.203286997347186 1 1 1 2 0 0 2 0 1 0 2 0 0 0 2 0 0 1 1 2 0 2 1 1 1 0 2 2 1 0 0 1 1 0 0 0 2 0 0 0 1 2 0 1 2 0 2 0 0 2 1 0 2 0 2 1 2 1 0 1 0 0 0 1 0 1 2 0 0 2 1 1 2 1 1 0 0 0 0 0 1 1 2 2 0 1 1 1 1 0 1 0 1 1 2 1 0 1 2 0 0 1 1 2 0 0 2 0 1 0 2 0 0 0 2 0 0 1 1 2 0 2 1 1 1 0 2 2 1 0 0 1 1 0 0 0 2 0 0 0 1 2 0 1 2 0 2 0 0 2 1 0 2 0 2 1 2 1 0 1 0 0 0 1 0 1 2 0 0 2 1 1 2 1 1 0 0 0 0 0 1 1 2 2 0 1 1 1 1 0 1 0 1 1 2 1 0 1 2 0 0
-0.0061848384972654 0.502866864875905 -0.0469373212683293 -1.51366034174512 1.31514218187293 1 0 1 2 0 2 2 1 2 0 0 0 0 0 2 1 0 0 0 2 1 1 0 1 1 0 2 1 0 0 1 1 1 1 0 1 2 2 1 1 2 1 0 1 2 0 2 0 0 2 1 1 1 1 2 2 0 1 0 2 0 1 1 1 1 2 2 0 1 2 0 0 2 0 1 0 0 1 1 0 1 1 1 2 0 2 2 2 2 0 0 0 2 2 2 2 0 1 1 1 2 0 1 2 0 2 2 1 2 0 0 0 0 0 2 1 0 0 0 2 1 1 0 1 1 0 2 1 0 0 1 1 1 1 0 1 2 2 1 1 2 1 0 1 2 0 2 0 0 2 1 1 1 1 2 2 0 1 0 2 0 1 1 1 1 2 2 0 1 2 0 0 2 0 1 0 0 1 1 0 1 1 1 2 0 2 2 2 2 0 0 0 2 2 2 2 0 1 1 1 2
-0.740424576648882 0.17745282498705 1.07586047490254 -1.00988594580445 1.33965290181799 -1 0 2 1 0 1 1 0 2 1 1 1 1 1 2 0 0 0 0 2 0 1 0 2 2 1 2 1 0 2 0 1 1 0 1 0 1 0 0 0 2 2 1 2 1 0 2 0 0 2 1 1 2 1 1 0 1 2 1 1 0 0 0 0 0 0 2 0 0 2 1 0 2 1 1 0 0 1 1 0 1 0 1 1 0 1 2 2 1 0 0 0 2 2 2 1 1 1 2 1 0 0 -2 -1 0 -1 -1 0 -2 -1 -1 -1 -1 -1 -2 0 0 0 0 -2 0 -1 0 -2 -2 -1 -2 -1 0 -2 0 -1 -1 0 -1 0 -1 0 0 0 -2 -2 -1 -2 -1 0 -2 0 0 -2 -1 -1 -2 -1 -1 0 -1 -2 -1 -1 0 0 0 0 0 0 -2 0 0 -2 -1 0 -2 -1 -1 0 0 -1 -1 0 -1 0 -1 -1 0 -1 -2 -2 -1 0 0 0 -2 -2 -2 -1 -1 -1 -2 -1 0
0.188715762387199 1.31425160761744 -0.206154853214281 1.35803815311777 0.211618619855367 -1 0 2 2 0 2 2 2 2 0 0 0 1 1 2 0 0 0 0 2 0 2 2 2 1 1 2 2 0 0 0 0 0 0 0 0 1 0 0 0 1 2 0 0 1 0 2 1 0 2 0 0 1 0 1 1 1 0 0 0 0 0 0 1 0 1 1 0 2 2 0 0 2 1 0 0 1 1 2 0 1 1 2 2 0 1 2 0 1 0 0 0 1 2 2 1 0 1 2 0 0 0 -2 -2 0 -2 -2 -2 -2 0 0 0 -1 -1 -2 0 0 0 0 -2 0 -2 -2 -2 -1 -1 -2 -2 0 0 0 0 0 0 0 0 -1 0 0 0 -1 -2 0 0 -1 0 -2 -1 0 -2 0 0 -1 0 -1 -1 -1 0 0 0 0 0 0 -1 0 -1 -1 0 -2 -2 0 0 -2 -1 0 0 -1 -1 -2 0 -1 -1 -2 -2 0 -1 -2 0 -1 0 0 0 -1 -2 -2 -1 0 -1 -2 0 0
0.815894163516229 -0.569609798817737 -1.13039984650394 0.262945592184992 -0.124487861715818 -1 1 1 1 1 1 2 0 1 1 0 0 0 0 2 1 0 0 0 2 0 1 1 0 0 0 2 2 1 1 0 2 2 1 1 0 2 1 0 0 2 2 0 1 2 0 2 0 0 2 0 1 1 1 2 1 0 1 0 2 2 2 2 2 0 1 1 0 0 2 1 0 1 0 2 0 0 0 1 0 1 1 1 2 0 1 2 2 2 2 1 0 0 1 1 0 0 1 2 1 2 -1 -1 -1 -1 -1 -2 0 -1 -1 0 0 0 0 -2 -1 0 0 0 -2 0 -1 -1 0 0 0 -2 -2 -1 -1 0 -2 -2 -1 -1 0 -2 -1 0 0 -2 -2 0 -1 -2 0 -2 0 0 -2 0 -1 -1 -1 -2 -1 0 -1 0 -2 -2 -2 -2 -2 0 -1 -1 0 0 -2 -1 0 -1 0 -2 0 0 0 -1 0 -1 -1 -1 -2 0 -1 -2 -2 -2 -2 -1 0 0 -1 -1 0 0 -1 -2 -1 -2
0.608599401278396 0.620843724870562 2.73672540055423 -0.844309494690533 -0.0379834597101595 1 0 2 2 1 2 2 2 2 0 2 2 2 1 2 2 0 0 0 2 0 0 0 0 0 0 2 1 0 0 0 0 1 0 1 1 2 0 0 0 0 2 0 0 2 0 1 1 0 2 1 1 1 1 2 2 1 2 1 1 1 0 0 1 0 2 1 0 0 2 1 1 2 2 2 0 0 1 1 0 1 0 2 2 0 1 1 1 1 0 0 0 2 2 2 1 0 2 2 0 0 0 2 2 1 2 2 2 2 0 2 2 2 1 2 2 0 0 0 2 0 0 0 0 0 0 2 1 0 0 0 0 1 0 1 1 2 0 0 0 0 2 0 0 2 0 1 1 0 2 1 1 1 1 2 2 1 2 1 1 1 0 0 1 0 2 1 0 0 2 1 1 2 2 2 0 0 1 1 0 1 0 2 2 0 1 1 1 1 0 0 0 2 2 2 1 0 2 2 0 0
-0.0149149061338093 -0.861436469128947 1.3394091196027 0.504533795096398 -0.671286571433575 -1 1 2 2 0 1 2 1 2 1 2 1 0 0 2 1 0 0 0 2 0 1 0 2 2 2 2 2 1 2 0 0 1 1 0 0 2 2 0 0 2 1 0 1 2 0 1 1 0 2 1 1 1 2 2 1 2 1 0 0 0 1 1 1 0 2 2 0 0 2 0 0 2 1 1 0 0 1 1 0 1 1 2 2 0 1 2 2 2 0 0 0 1 2 2 0 0 2 2 2 1 -1 -2 -2 0 -1 -2 -1 -2 -1 -2 -1 0 0 -2 -1 0 0 0 -2 0 -1 0 -2 -2 -2 -2 -2 -1 -2 0 0 -1 -1 0 0 -2 -2 0 0 -2 -1 0 -1 -2 0 -1 -1 0 -2 -1 -1 -1 -2 -2 -1 -2 -1 0 0 0 -1 -1 -1 0 -2 -2 0 0 -2 0 0 -2 -1 -1 0 0 -1 -1 0 -1 -1 -2 -2 0 -1 -2 -2 -2 0 0 0 -1 -2 -2 0 0 -2 -2 -2 -1
-0.562937502704397 0.310765603092189 0.449967277952034 1.62997234744843 2.16248446551851 1 1 2 2 1 2 2 2 2 0 0 0 0 0 2 0 0 1 0 2 0 2 1 2 2 1 2 2 0 2 0 0 1 0 2 1 2 0 0 0 2 2 0 2 2 0 2 0 0 2 1 1 2 2 2 2 2 2 0 0 0 0 0 0 1 2 2 0 0 2 1 0 2 2 0 0 0 0 2 0 0 1 2 2 0 2 1 2 2 0 0 0 1 2 2 0 0 2 2 1 0 1 2 2 1 2 2 2 2 0 0 0 0 0 2 0 0 1 0 2 0 2 1 2 2 1 2 2 0 2 0 0 1 0 2 1 2 0 0 0 2 2 0 2 2 0 2 0 0 2 1 1 2 2 2 2 2 2 0 0 0 0 0 0 1 2 2 0 0 2 1 0 2 2 0 0 0 0 2 0 0 1 2 2 0 2 1 2 2 0 0 0 1 2 2 0 0 2 2 1 0
1.03325245630875 -0.122242134795145 0.960010810357762 -0.600464962852852 -2.0865220330731 -1 0 2 2 0 1 1 0 1 0 0 1 0 0 2 2 0 0 1 2 1 2 2 2 1 0 1 1 0 0 0 0 0 0 1 0 2 0 0 0 0 2 0 1 2 0 2 2 1 2 0 2 1 2 2 2 2 1 0 0 0 1 0 1 0 2 2 0 2 2 1 0 2 2 1 0 2 1 1 0 0 0 2 2 0 2 2 2 2 0 0 0 2 2 2 1 0 2 2 1 0 0 -2 -2 0 -1 -1 0 -1 0 0 -1 0 0 -2 -2 0 0 -1 -2 -1 -2 -2 -2 -1 0 -1 -1 0 0 0 0 0 0 -1 0 -2 0 0 0 0 -2 0 -1 -2 0 -2 -2 -1 -2 0 -2 -1 -2 -2 -2 -2 -1 0 0 0 -1 0 -1 0 -2 -2 0 -2 -2 -1 0 -2 -2 -1 0 -2 -1 -1 0 0 0 -2 -2 0 -2 -2 -2 -2 0 0 0 -2 -2 -2 -1 0 -2 -2 -1 0
-0.75035420767012 0.128315759137306 -0.717508748958564 -0.477855319187263 2.38656867575277 -1 1 1 2 1 2 2 2 2 1 1 2 1 0 2 1 0 1 2 2 0 2 1 1 0 0 2 2 1 1 0 0 0 0 0 1 2 1 1 1 2 2 0 2 2 1 2 0 0 2 0 0 1 0 1 2 1 0 0 1 2 1 0 0 0 2 1 0 1 2 1 1 2 2 2 2 1 1 1 0 1 1 2 2 0 1 1 1 2 1 0 0 1 1 2 1 0 2 2 0 0 -1 -1 -2 -1 -2 -2 -2 -2 -1 -1 -2 -1 0 -2 -1 0 -1 -2 -2 0 -2 -1 -1 0 0 -2 -2 -1 -1 0 0 0 0 0 -1 -2 -1 -1 -1 -2 -2 0 -2 -2 -1 -2 0 0 -2 0 0 -1 0 -1 -2 -1 0 0 -1 -2 -1 0 0 0 -2 -1 0 -1 -2 -1 -1 -2 -2 -2 -2 -1 -1 -1 0 -1 -1 -2 -2 0 -1 -1 -1 -2 -1 0 0 -1 -1 -2 -1 0 -2 -2 0 0
-0.941268356854508 -0.691026024232114 0.969123522110138 -0.386615643307836 0.194029408562977 1 1 2 2 0 1 1 1 2 0 0 0 1 0 1 0 0 1 0 2 0 2 0 1 2 0 1 0 0 0 0 0 0 0 0 0 1 1 1 0 2 2 0 2 2 0 1 1 0 2 0 0 1 0 2 2 0 2 0 1 0 1 1 1 0 2 2 0 0 2 2 1 2 2 2 0 1 2 2 0 2 1 2 2 0 1 2 1 2 1 0 0 2 2 2 0 0 2 2 0 0 1 2 2 0 1 1 1 2 0 0 0 1 0 1 0 0 1 0 2 0 2 0 1 2 0 1 0 0 0 0 0 0 0 0 0 1 1 1 0 2 2 0 2 2 0 1 1 0 2 0 0 1 0 2 2 0 2 0 1 0 1 1 1 0 2 2 0 0 2 2 1 2 2 2 0 1 2 2 0 2 1 2 2 0 1 2 1 2 1 0 0 2 2 2 0 0 2 2 0 0
-0.0360111602378613 1.5609772659637 -0.0490455554218608 1.43874084954553 -1.33361395674407 1 0 1 2 0 2 1 1 1 0 0 0 0 0 2 0 0 0 1 2 0 2 0 0 0 0 2 0 1 1 0 0 0 0 1 1 2 0 0 0 2 1 1 2 2 0 1 1 1 2 0 1 2 0 1 1 0 0 0 1 0 0 0 2 0 1 1 0 0 1 2 1 2 2 1 0 0 1 2 1 2 1 2 2 0 1 2 2 1 0 0 0 2 2 2 1 0 2 2 0 0 0 1 2 0 2 1 1 1 0 0 0 0 0 2 0 0 0 1 2 0 2 0 0 0 0 2 0 1 1 0 0 0 0 1 1 2 0 0 0 2 1 1 2 2 0 1 1 1 2 0 1 2 0 1 1 0 0 0 1 0 0 0 2 0 1 1 0 0 1 2 1 2 2 1 0 0 1 2 1 2 1 2 2 0 1 2 2 1 0 0 0 2 2 2 1 0 2 2 0 0
1.2699951325955 0.689889110675802 0.189111632780757 1.45724215862511 -0.693228772100583 -1 1 2 2 0 0 0 1 2 1 2 2 2 2 2 1 0 0 1 2 1 2 1 1 1 1 2 1 0 1 0 0 0 0 0 0 2 0 0 0 2 2 0 1 2 0 1 1 0 1 0 2 2 2 2 1 0 0 0 0 0 0 1 2 0 1 0 0 1 2 2 1 2 2 1 0 0 1 1 0 2 2 2 2 0 0 1 1 1 0 0 0 1 2 2 0 0 1 2 0 1 -1 -2 -2 0 0 0 -1 -2 -1 -2 -2 -2 -2 -2 -1 0 0 -1 -2 -1 -2 -1 -1 -1 -1 -2 -1 0 -1 0 0 0 0 0 0 -2 0 0 0 -2 -2 0 -1 -2 0 -1 -1 0 -1 0 -2 -2 -2 -2 -1 0 0 0 0 0 0 -1 -2 0 -1 0 0 -1 -2 -2 -1 -2 -2 -1 0 0 -1 -1 0 -2 -2 -2 -2 0 0 -1 -1 -1 0 0 0 -1 -2 -2 0 0 -1 -2 0 -1
-0.626703275227719 -0.400021519910532 1.27591334109765 -0.0555505605393663 0.313822450327649 1 0 1 1 0 2 2 1 2 0 0 1 0 1 2 0 0 0 0 2 0 2 1 1 0 1 2 1 1 2 0 1 1 0 1 0 2 2 1 0 1 2 0 1 1 0 1 1 1 2 1 2 0 1 2 1 1 0 0 1 0 0 0 0 1 1 2 0 1 2 1 0 2 2 2 0 0 0 1 0 1 1 2 2 1 2 2 2 2 0 0 0 2 2 0 0 0 2 2 1 1 0 1 1 0 2 2 1 2 0 0 1 0 1 2 0 0 0 0 2 0 2 1 1 0 1 2 1 1 2 0 1 1 0 1 0 2 2 1 0 1 2 0 1 1 0 1 1 1 2 1 2 0 1 2 1 1 0 0 1 0 0 0 0 1 1 2 0 1 2 1 0 2 2 2 0 0 0 1 0 1 1 2 2 1 2 2 2 2 0 0 0 2 2 0 0 0 2 2 1 1
0.602038234035794 1.42079060457817 -1.11947846485176 1.39011395760066 0.568242921406917 -1 0 2 2 0 1 1 2 2 0 1 1 1 1 2 1 0 1 0 2 0 2 2 2 1 1 2 1 0 2 0 0 0 0 1 0 2 0 0 0 2 1 0 1 2 0 2 2 1 2 0 0 0 1 2 2 1 2 0 1 1 1 0 0 0 2 2 0 0 2 1 0 1 2 1 1 1 1 1 0 2 1 2 2 0 1 2 1 2 0 0 0 1 2 2 0 0 2 2 1 0 0 -2 -2 0 -1 -1 -2 -2 0 -1 -1 -1 -1 -2 -1 0 -1 0 -2 0 -2 -2 -2 -1 -1 -2 -1 0 -2 0 0 0 0 -1 0 -2 0 0 0 -2 -1 0 -1 -2 0 -2 -2 -1 -2 0 0 0 -1 -2 -2 -1 -2 0 -1 -1 -1 0 0 0 -2 -2 0 0 -2 -1 0 -1 -2 -1 -1 -1 -1 -1 0 -2 -1 -2 -2 0 -1 -2 -1 -2 0 0 0 -1 -2 -2 0 0 -2 -2 -1 0
1.84316591623226 -0.947544555185188 0.655129543553989 -0.132930471707233 -0.737762793076591 -1 0 2 1 0 2 2 1 2 2 2 2 0 0 2 1 0 2 1 2 0 2 2 2 1 0 2 1 1 1 0 0 1 0 0 0 1 1 0 0 2 2 0 2 2 0 1 1 0 2 0 0 1 1 2 2 0 1 0 0 0 0 1 1 0 2 1 0 0 1 0 0 2 1 2 1 1 1 0 1 2 2 2 2 0 2 2 2 2 0 0 0 1 1 2 1 0 2 2 2 1 0 -2 -1 0 -2 -2 -1 -2 -2 -2 -2 0 0 -2 -1 0 -2 -1 -2 0 -2 -2 -2 -1 0 -2 -1 -1 -1 0 0 -1 0 0 0 -1 -1 0 0 -2 -2 0 -2 -2 0 -1 -1 0 -2 0 0 -1 -1 -2 -2 0 -1 0 0 0 0 -1 -1 0 -2 -1 0 0 -1 0 0 -2 -1 -2 -1 -1 -1 0 -1 -2 -2 -2 -2 0 -2 -2 -2 -2 0 0 0 -1 -1 -2 -1 0 -2 -2 -2 -1
1.19085711334281 0.784400632229798 0.989733356474764 -0.693388676698507 0.570521518879133 -1 1 2 1 0 1 1 1 2 0 1 1 0 1 2 1 0 1 0 2 1 1 1 1 1 0 0 1 0 1 0 0 0 0 0 1 2 1 0 1 2 1 0 2 2 0 2 1 0 2 0 0 2 1 2 1 0 0 0 1 1 0 0 1 0 1 0 0 0 2 1 0 2 2 1 0 0 1 1 0 2 0 2 2 0 2 2 2 2 1 0 0 1 1 2 1 1 1 2 1 0 -1 -2 -1 0 -1 -1 -1 -2 0 -1 -1 0 -1 -2 -1 0 -1 0 -2 -1 -1 -1 -1 -1 0 0 -1 0 -1 0 0 0 0 0 -1 -2 -1 0 -1 -2 -1 0 -2 -2 0 -2 -1 0 -2 0 0 -2 -1 -2 -1 0 0 0 -1 -1 0 0 -1 0 -1 0 0 0 -2 -1 0 -2 -2 -1 0 0 -1 -1 0 -2 0 -2 -2 0 -2 -2 -2 -2 -1 0 0 -1 -1 -2 -1 -1 -1 -2 -1 0
0.786377101022793 0.0910540201306456 -1.2731135881016 0.475650363048833 -0.967570077208379 1 1 2 2 0 0 1 1 1 0 2 0 1 1 2 0 1 1 1 2 1 1 0 1 1 0 1 2 1 1 0 0 0 0 1 1 1 1 0 0 2 2 0 2 2 0 1 0 1 2 0 1 1 1 2 2 1 0 0 2 1 1 0 1 0 1 2 0 0 0 0 0 2 1 2 0 0 0 1 0 1 1 1 2 0 1 2 1 2 0 0 0 1 1 2 1 0 2 2 1 0 1 2 2 0 0 1 1 1 0 2 0 1 1 2 0 1 1 1 2 1 1 0 1 1 0 1 2 1 1 0 0 0 0 1 1 1 1 0 0 2 2 0 2 2 0 1 0 1 2 0 1 1 1 2 2 1 0 0 2 1 1 0 1 0 1 2 0 0 0 0 0 2 1 2 0 0 0 1 0 1 1 1 2 0 1 2 1 2 0 0 0 1 1 2 1 0 2 2 1 0
1.51278201135481 0.424852899916668 2.29869789451364 0.812004844898948 0.94318066363876 1 0 1 2 0 1 2 1 2 0 0 1 1 0 2 1 0 1 1 2 1 2 0 1 0 0 2 1 0 0 0 2 2 1 2 0 2 2 1 1 1 2 1 2 2 0 1 0 0 2 1 2 1 1 2 2 0 1 0 0 0 0 0 1 0 1 1 0 1 2 0 0 1 1 1 0 0 0 0 0 1 0 2 2 0 2 2 1 1 0 0 0 1 1 2 0 0 0 2 1 0 0 1 2 0 1 2 1 2 0 0 1 1 0 2 1 0 1 1 2 1 2 0 1 0 0 2 1 0 0 0 2 2 1 2 0 2 2 1 1 1 2 1 2 2 0 1 0 0 2 1 2 1 1 2 2 0 1 0 0 0 0 0 1 0 1 1 0 1 2 0 0 1 1 1 0 0 0 0 0 1 0 2 2 0 2 2 1 1 0 0 0 1 1 2 0 0 0 2 1 0
-0.190231227034416 -2.10440411740358 -0.00582429166141635 1.38850165569766 0.404604648987636 -1 1 1 1 0 1 2 1 1 0 2 2 1 1 2 1 0 1 0 2 0 2 0 1 0 0 2 2 0 1 0 1 2 0 1 0 2 1 0 0 2 1 0 1 1 0 2 1 0 2 0 0 0 0 1 1 1 1 0 1 0 0 0 0 0 1 0 0 0 2 1 0 2 2 2 1 0 1 2 0 1 0 2 2 0 2 2 1 1 0 0 0 1 1 2 1 1 1 2 0 0 -1 -1 -1 0 -1 -2 -1 -1 0 -2 -2 -1 -1 -2 -1 0 -1 0 -2 0 -2 0 -1 0 0 -2 -2 0 -1 0 -1 -2 0 -1 0 -2 -1 0 0 -2 -1 0 -1 -1 0 -2 -1 0 -2 0 0 0 0 -1 -1 -1 -1 0 -1 0 0 0 0 0 -1 0 0 0 -2 -1 0 -2 -2 -2 -1 0 -1 -2 0 -1 0 -2 -2 0 -2 -2 -1 -1 0 0 0 -1 -1 -2 -1 -1 -1 -2 0 0
0.828756344115226 -0.427457947390298 2.48590071523296 1.20120596270447 0.260475822635234 1 1 1 1 0 1 1 1 2 0 1 0 0 0 1 1 0 0 1 2 0 1 0 1 0 0 2 2 1 0 0 0 0 0 0 0 2 1 0 0 2 2 0 1 2 0 1 0 0 2 0 0 1 1 2 2 2 2 0 1 1 0 1 1 0 1 0 0 0 2 1 0 2 1 1 0 0 0 0 0 0 0 2 2 0 1 2 2 2 0 1 0 1 1 2 0 0 1 2 1 1 1 1 1 0 1 1 1 2 0 1 0 0 0 1 1 0 0 1 2 0 1 0 1 0 0 2 2 1 0 0 0 0 0 0 0 2 1 0 0 2 2 0 1 2 0 1 0 0 2 0 0 1 1 2 2 2 2 0 1 1 0 1 1 0 1 0 0 0 2 1 0 2 1 1 0 0 0 0 0 0 0 2 2 0 1 2 2 2 0 1 0 1 1 2 0 0 1 2 1 1
0.310184293718421 -0.0591848432660502 0.303058525413436 -0.799666602225732 0.243920541655156 1 2 2 1 0 1 2 1 2 0 1 1 0 1 2 1 0 2 1 2 0 2 0 0 0 0 2 1 0 1 0 0 1 0 1 1 1 0 0 0 2 2 0 1 2 0 2 0 0 2 0 1 2 1 2 2 1 1 0 1 0 0 0 0 0 2 1 0 0 2 1 0 2 2 1 0 0 0 1 0 1 1 1 2 0 1 2 2 2 1 1 0 2 2 1 0 0 2 1 0 0 2 2 1 0 1 2 1 2 0 1 1 0 1 2 1 0 2 1 2 0 2 0 0 0 0 2 1 0 1 0 0 1 0 1 1 1 0 0 0 2 2 0 1 2 0 2 0 0 2 0 1 2 1 2 2 1 1 0 1 0 0 0 0 0 2 1 0 0 2 1 0 2 2 1 0 0 0 1 0 1 1 1 2 0 1 2 2 2 1 1 0 2 2 1 0 0 2 1 0 0
-1.14757880155432 0.0813511796463678 0.205877890479724 -0.0920490446134478 1.48319096214854 1 1 2 2 1 1 1 0 1 0 1 0 0 0 2 2 1 2 1 2 1 1 1 2 2 1 2 2 1 2 1 0 1 0 0 0 2 1 0 0 2 2 0 1 2 0 2 1 1 2 0 1 1 1 2 2 1 1 0 1 0 0 0 1 0 2 1 0 0 1 1 0 2 2 2 0 0 0 2 0 2 1 2 2 0 2 2 2 2 1 0 0 2 2 2 0 0 2 2 0 0 1 2 2 1 1 1 0 1 0 1 0 0 0 2 2 1 2 1 2 1 1 1 2 2 1 2 2 1 2 1 0 1 0 0 0 2 1 0 0 2 2 0 1 2 0 2 1 1 2 0 1 1 1 2 2 1 1 0 1 0 0 0 1 0 2 1 0 0 1 1 0 2 2 2 0 0 0 2 0 2 1 2 2 0 2 2 2 2 1 0 0 2 2 2 0 0 2 2 0 0
0.430756711666978 0.172857181029772 -0.208551991255698 0.149909024240752 -0.790989019748338 -1 0 2 2 0 1 2 2 2 0 2 1 1 0 2 1 1 0 0 2 1 2 1 0 0 0 2 1 1 0 0 0 0 0 0 0 1 1 0 0 1 2 0 1 2 0 1 0 0 2 0 1 1 1 2 2 2 1 0 0 0 0 0 2 0 2 1 0 0 2 1 0 2 2 2 1 2 2 2 0 0 0 2 2 0 2 2 2 2 1 0 0 1 1 2 1 0 1 1 0 0 0 -2 -2 0 -1 -2 -2 -2 0 -2 -1 -1 0 -2 -1 -1 0 0 -2 -1 -2 -1 0 0 0 -2 -1 -1 0 0 0 0 0 0 0 -1 -1 0 0 -1 -2 0 -1 -2 0 -1 0 0 -2 0 -1 -1 -1 -2 -2 -2 -1 0 0 0 0 0 -2 0 -2 -1 0 0 -2 -1 0 -2 -2 -2 -1 -2 -2 -2 0 0 0 -2 -2 0 -2 -2 -2 -2 -1 0 0 -1 -1 -2 -1 0 -1 -1 0 0
