1.7636138195844 1.13262036958206 0.575051281276048 1.08220089896843 0.111689489002887 1 0 2 1 0 2 2 2 1 2 0 1 1 0 0 2 2 1 0 1 0 0 2 1 2 2 0 2 0 2 1 2 1 0 0 1 2 0 0 1 2 2 2 1 1 0 0 1 1 2 1 2 2 1 1 0 1 2 2 2 1 0 1 2 1 2 1 0 2 0 2 2 1 2 0 0 1 0 0 2 1 1 1 2 1 2 1 1 0 1 1 2 2 1 1 2 2 2 1 1 0 0 2 1 0 2 2 2 1 2 0 1 1 0 0 2 2 1 0 1 0 0 2 1 2 2 0 2 0 2 1 2 1 0 0 1 2 0 0 1 2 2 2 1 1 0 0 1 1 2 1 2 2 1 1 0 1 2 2 2 1 0 1 2 1 2 1 0 2 0 2 2 1 2 0 0 1 0 0 2 1 1 1 2 1 2 1 1 0 1 1 2 2 1 1 2 2 2 1 1 0
-0.519311611894652 1.69676089577056 1.03546290726017 1.84419413467764 -0.062115279047407 -1 0 1 1 0 2 1 1 0 0 0 1 1 0 0 2 1 0 0 1 1 0 2 0 2 2 2 2 2 2 0 2 1 1 2 0 2 1 0 1 2 1 2 2 2 0 2 2 1 1 0 0 0 0 1 0 1 2 2 2 2 2 2 2 0 0 2 1 2 0 0 0 1 2 0 2 2 0 0 2 2 1 1 1 0 2 0 1 0 0 0 0 1 1 0 2 2 2 0 1 2 0 -1 -1 0 -2 -1 -1 0 0 0 -1 -1 0 0 -2 -1 0 0 -1 -1 0 -2 0 -2 -2 -2 -2 -2 -2 0 -2 -1 -1 -2 0 -2 -1 0 -1 -2 -1 -2 -2 -2 0 -2 -2 -1 -1 0 0 0 0 -1 0 -1 -2 -2 -2 -2 -2 -2 -2 0 0 -2 -1 -2 0 0 0 -1 -2 0 -2 -2 0 0 -2 -2 -1 -1 -1 0 -2 0 -1 0 0 0 0 -1 -1 0 -2 -2 -2 0 -1 -2
2.77733800576636 -1.56580743261413 0.570592445299674 -0.480426588150908 -0.373235134156093 1 1 1 1 0 1 1 2 0 2 0 0 1 1 0 2 1 0 0 2 1 0 2 1 2 1 1 2 1 2 1 2 2 2 2 0 1 0 2 2 2 2 2 1 1 1 1 1 0 0 1 0 1 0 0 0 2 1 1 1 2 2 1 2 1 1 1 1 2 0 2 0 0 1 0 1 0 0 1 2 2 2 0 2 2 2 0 1 0 0 0 1 0 0 0 2 1 2 1 2 1 1 1 1 0 1 1 2 0 2 0 0 1 1 0 2 1 0 0 2 1 0 2 1 2 1 1 2 1 2 1 2 2 2 2 0 1 0 2 2 2 2 2 1 1 1 1 1 0 0 1 0 1 0 0 0 2 1 1 1 2 2 1 2 1 1 1 1 2 0 2 0 0 1 0 1 0 0 1 2 2 2 0 2 2 2 0 1 0 0 0 1 0 0 0 2 1 2 1 2 1
1.2290539497693 0.372343118949132 -1.43013451506434 1.17530599565964 1.71456241776038 1 1 1 2 0 2 1 2 1 2 0 0 1 0 0 2 1 1 0 2 1 1 2 0 2 2 1 2 1 2 0 1 2 1 1 0 2 1 1 1 2 1 1 0 1 0 2 2 1 0 1 1 1 0 1 0 0 1 1 0 1 0 1 2 0 1 1 0 2 0 2 1 2 2 1 1 1 0 0 1 1 0 1 2 1 2 0 0 0 0 1 1 2 2 1 2 2 2 2 2 2 1 1 2 0 2 1 2 1 2 0 0 1 0 0 2 1 1 0 2 1 1 2 0 2 2 1 2 1 2 0 1 2 1 1 0 2 1 1 1 2 1 1 0 1 0 2 2 1 0 1 1 1 0 1 0 0 1 1 0 1 0 1 2 0 1 1 0 2 0 2 1 2 2 1 1 1 0 0 1 1 0 1 2 1 2 0 0 0 0 1 1 2 2 1 2 2 2 2 2 2
0.939173500011864 -1.1422750738475 -0.889555104286931 -0.521087921890442 0.449898913253253 -1 1 0 0 0 2 0 0 0 1 0 1 1 0 0 2 2 0 0 1 1 1 2 0 2 1 0 2 2 2 1 2 2 2 2 0 2 0 0 0 1 1 1 0 0 0 0 1 0 0 1 0 0 1 2 1 0 1 2 1 1 2 1 2 1 1 2 1 2 0 2 1 2 2 1 2 2 0 0 1 2 0 0 2 1 1 1 1 0 0 1 0 0 1 1 2 2 2 1 1 1 -1 0 0 0 -2 0 0 0 -1 0 -1 -1 0 0 -2 -2 0 0 -1 -1 -1 -2 0 -2 -1 0 -2 -2 -2 -1 -2 -2 -2 -2 0 -2 0 0 0 -1 -1 -1 0 0 0 0 -1 0 0 -1 0 0 -1 -2 -1 0 -1 -2 -1 -1 -2 -1 -2 -1 -1 -2 -1 -2 0 -2 -1 -2 -2 -1 -2 -2 0 0 -1 -2 0 0 -2 -1 -1 -1 -1 0 0 -1 0 0 -1 -1 -2 -2 -2 -1 -1 -1
-0.0127076191410048 -0.812783012223119 0.170804429296083 1.40719233134735 -0.821328287475523 1 1 1 2 0 1 0 2 1 2 1 1 1 1 0 2 0 1 0 2 2 1 2 2 2 2 1 1 1 2 1 1 0 1 1 0 1 0 1 1 2 1 0 0 1 0 1 2 2 2 2 2 1 0 2 2 0 0 2 1 0 1 0 1 1 1 1 0 2 0 1 1 2 2 0 2 1 0 0 1 2 0 0 2 0 2 0 0 0 0 0 0 1 1 1 1 1 2 0 1 1 1 1 2 0 1 0 2 1 2 1 1 1 1 0 2 0 1 0 2 2 1 2 2 2 2 1 1 1 2 1 1 0 1 1 0 1 0 1 1 2 1 0 0 1 0 1 2 2 2 2 2 1 0 2 2 0 0 2 1 0 1 0 1 1 1 1 0 2 0 1 1 2 2 0 2 1 0 0 1 2 0 0 2 0 2 0 0 0 0 0 0 1 1 1 1 1 2 0 1 1
0.0178117238031331 0.407772564132491 1.34668046062772 -1.15731145263163 0.582442518422014 1 1 1 1 0 2 1 1 0 1 0 1 1 0 0 1 0 0 0 1 1 0 2 1 2 2 2 2 0 2 0 0 0 2 1 0 1 1 0 1 2 2 2 1 1 0 1 2 1 2 1 1 2 0 1 0 1 2 1 1 0 0 1 2 1 1 1 0 2 0 2 2 2 2 1 1 1 1 0 0 2 1 0 2 1 1 0 1 0 0 0 0 1 0 0 2 1 2 2 1 0 1 1 1 0 2 1 1 0 1 0 1 1 0 0 1 0 0 0 1 1 0 2 1 2 2 2 2 0 2 0 0 0 2 1 0 1 1 0 1 2 2 2 1 1 0 1 2 1 2 1 1 2 0 1 0 1 2 1 1 0 0 1 2 1 1 1 0 2 0 2 2 2 2 1 1 1 1 0 0 2 1 0 2 1 1 0 1 0 0 0 0 1 0 0 2 1 2 2 1 0
0.141546180353855 1.06010713439445 -0.405187157578557 -0.2174812249592 1.73283596753709 -1 1 2 1 0 2 0 1 1 1 1 2 2 0 0 2 2 1 1 2 1 1 2 2 2 2 0 2 2 2 1 2 2 1 1 0 0 0 0 1 1 0 2 1 1 0 0 2 1 1 2 0 1 0 0 0 1 2 2 1 0 0 1 2 1 1 2 1 2 1 2 1 2 2 1 0 1 0 0 2 1 0 0 2 2 2 1 1 0 0 0 0 1 0 1 2 1 1 1 1 0 -1 -2 -1 0 -2 0 -1 -1 -1 -1 -2 -2 0 0 -2 -2 -1 -1 -2 -1 -1 -2 -2 -2 -2 0 -2 -2 -2 -1 -2 -2 -1 -1 0 0 0 0 -1 -1 0 -2 -1 -1 0 0 -2 -1 -1 -2 0 -1 0 0 0 -1 -2 -2 -1 0 0 -1 -2 -1 -1 -2 -1 -2 -1 -2 -1 -2 -2 -1 0 -1 0 0 -2 -1 0 0 -2 -2 -2 -1 -1 0 0 0 0 -1 0 -1 -2 -1 -1 -1 -1 0
0.183992482158654 -0.417643341788614 0.702175543085673 -1.55296293456319 -0.803068252308664 1 1 1 1 0 1 0 1 0 1 0 0 1 0 0 1 0 0 0 1 1 0 2 0 2 2 0 1 1 2 0 1 2 2 1 0 2 1 0 1 2 2 1 0 1 0 1 1 1 1 1 1 0 1 0 0 0 1 1 1 0 0 0 2 0 1 2 1 2 0 1 1 2 2 0 1 1 0 0 1 2 1 0 1 1 2 1 1 0 0 1 0 1 1 1 1 1 1 1 2 0 1 1 1 0 1 0 1 0 1 0 0 1 0 0 1 0 0 0 1 1 0 2 0 2 2 0 1 1 2 0 1 2 2 1 0 2 1 0 1 2 2 1 0 1 0 1 1 1 1 1 1 0 1 0 0 0 1 1 1 0 0 0 2 0 1 2 1 2 0 1 1 2 2 0 1 1 0 0 1 2 1 0 1 1 2 1 1 0 0 1 0 1 1 1 1 1 1 1 2 0
0.0544025095708933 -1.40871552791102 -0.115999717370698 1.3067866993082 0.181433932913035 1 0 1 2 1 2 1 2 1 2 1 0 1 0 0 2 0 0 0 1 0 0 2 0 1 2 1 1 1 1 0 2 1 1 1 1 1 0 0 0 2 1 1 0 1 0 0 1 1 1 0 0 0 2 0 0 0 1 1 2 0 1 2 2 1 1 2 0 2 0 1 2 2 2 0 1 1 0 0 2 2 1 1 2 0 1 0 1 0 0 1 1 1 2 2 2 2 2 0 0 0 0 1 2 1 2 1 2 1 2 1 0 1 0 0 2 0 0 0 1 0 0 2 0 1 2 1 1 1 1 0 2 1 1 1 1 1 0 0 0 2 1 1 0 1 0 0 1 1 1 0 0 0 2 0 0 0 1 1 2 0 1 2 2 1 1 2 0 2 0 1 2 2 2 0 1 1 0 0 2 2 1 1 2 0 1 0 1 0 0 1 1 1 2 2 2 2 2 0 0 0
0.141864027254752 -0.00863122601111801 -0.440884035849063 -1.23821988588836 -0.33067215615183 -1 1 2 2 1 2 1 2 1 2 0 0 0 0 0 2 1 0 0 2 2 1 2 1 2 2 1 2 2 2 1 1 0 0 1 1 2 0 1 1 2 1 2 0 2 1 0 0 0 0 0 0 1 0 0 0 0 1 2 0 2 1 2 2 0 1 1 0 2 0 1 1 2 1 0 1 1 0 0 1 2 2 1 0 0 1 0 1 0 0 0 0 1 1 0 2 1 2 1 1 1 -1 -2 -2 -1 -2 -1 -2 -1 -2 0 0 0 0 0 -2 -1 0 0 -2 -2 -1 -2 -1 -2 -2 -1 -2 -2 -2 -1 -1 0 0 -1 -1 -2 0 -1 -1 -2 -1 -2 0 -2 -1 0 0 0 0 0 0 -1 0 0 0 0 -1 -2 0 -2 -1 -2 -2 0 -1 -1 0 -2 0 -1 -1 -2 -1 0 -1 -1 0 0 -1 -2 -2 -1 0 0 -1 0 -1 0 0 0 0 -1 -1 0 -2 -1 -2 -1 -1 -1
0.0474505343233391 -0.147651098686073 0.151244610571337 0.174574898939045 -0.0392645734345763 1 1 1 1 0 1 1 2 0 0 0 0 0 0 0 2 0 0 0 2 2 0 2 1 2 1 1 2 1 2 0 1 0 2 2 0 1 2 2 0 2 1 1 0 1 0 0 1 1 2 2 1 2 0 1 1 1 1 1 0 1 1 1 1 0 0 1 0 2 0 1 0 1 2 0 1 2 1 0 2 1 0 0 1 1 2 1 0 0 0 2 1 1 2 2 2 2 2 2 2 1 1 1 1 0 1 1 2 0 0 0 0 0 0 0 2 0 0 0 2 2 0 2 1 2 1 1 2 1 2 0 1 0 2 2 0 1 2 2 0 2 1 1 0 1 0 0 1 1 2 2 1 2 0 1 1 1 1 1 0 1 1 1 1 0 0 1 0 2 0 1 0 1 2 0 1 2 1 0 2 1 0 0 1 1 2 1 0 0 0 2 1 1 2 2 2 2 2 2 2 1
0.372849871141155 -1.05243349585555 -0.216162305883982 -1.29208344835713 -0.532998033261958 1 1 0 1 0 2 1 2 2 2 2 1 2 1 1 2 1 1 0 1 1 1 2 0 2 1 0 0 1 2 0 2 1 2 0 1 2 1 1 1 2 2 2 0 0 0 1 0 1 1 1 1 0 1 2 1 1 1 1 0 0 0 0 2 1 1 1 0 2 0 0 1 1 2 1 2 1 0 0 1 2 1 1 1 0 2 0 1 0 0 0 1 1 0 0 2 2 2 2 0 1 1 0 1 0 2 1 2 2 2 2 1 2 1 1 2 1 1 0 1 1 1 2 0 2 1 0 0 1 2 0 2 1 2 0 1 2 1 1 1 2 2 2 0 0 0 1 0 1 1 1 1 0 1 2 1 1 1 1 0 0 0 0 2 1 1 1 0 2 0 0 1 1 2 1 2 1 0 0 1 2 1 1 1 0 2 0 1 0 0 0 1 1 0 0 2 2 2 2 0 1
0.345409672007326 0.589779433942244 1.68495553834517 1.35392447097603 -0.487929442133829 1 1 1 1 0 1 1 1 2 2 1 0 0 1 0 2 2 0 0 2 2 1 2 0 2 2 1 1 1 2 1 2 1 1 1 0 0 0 0 0 1 0 1 1 0 0 0 1 0 0 2 1 0 0 1 0 1 2 1 1 0 0 0 2 1 0 0 0 2 1 2 2 1 2 1 1 2 1 0 2 2 1 1 2 1 2 0 1 0 0 1 1 0 1 1 2 2 2 1 1 1 1 1 1 0 1 1 1 2 2 1 0 0 1 0 2 2 0 0 2 2 1 2 0 2 2 1 1 1 2 1 2 1 1 1 0 0 0 0 0 1 0 1 1 0 0 0 1 0 0 2 1 0 0 1 0 1 2 1 1 0 0 0 2 1 0 0 0 2 1 2 2 1 2 1 1 2 1 0 2 2 1 1 2 1 2 0 1 0 0 1 1 0 1 1 2 2 2 1 1 1
-0.696385877572187 -0.377026813012416 -0.482678481061735 0.0892794971947268 0.674456486264158 -1 0 1 1 0 2 0 0 0 1 0 2 1 1 0 2 2 1 1 2 2 1 2 1 2 2 2 2 2 2 1 1 1 2 2 0 0 0 0 0 2 2 2 1 1 0 0 1 1 1 1 1 1 1 1 0 1 2 1 1 1 0 0 1 1 0 0 0 1 0 0 1 1 2 0 1 2 0 0 2 2 1 0 2 2 2 0 1 0 0 0 1 1 2 0 2 2 2 2 1 1 0 -1 -1 0 -2 0 0 0 -1 0 -2 -1 -1 0 -2 -2 -1 -1 -2 -2 -1 -2 -1 -2 -2 -2 -2 -2 -2 -1 -1 -1 -2 -2 0 0 0 0 0 -2 -2 -2 -1 -1 0 0 -1 -1 -1 -1 -1 -1 -1 -1 0 -1 -2 -1 -1 -1 0 0 -1 -1 0 0 0 -1 0 0 -1 -1 -2 0 -1 -2 0 0 -2 -2 -1 0 -2 -2 -2 0 -1 0 0 0 -1 -1 -2 0 -2 -2 -2 -2 -1 -1
-0.232597189303708 0.194658337031141 0.0937826343283485 0.0540351650984406 -0.464187137505365 -1 2 2 2 1 2 2 1 0 2 1 2 1 0 0 2 1 0 0 2 1 0 2 1 2 2 0 1 1 2 2 2 1 0 0 0 2 2 1 2 2 1 2 0 1 0 1 1 0 1 1 0 2 1 2 0 1 2 1 0 0 0 0 1 1 0 0 0 2 0 1 1 1 2 1 2 2 0 0 1 1 1 1 2 1 2 0 1 0 1 2 1 1 0 0 1 0 1 1 2 0 -2 -2 -2 -1 -2 -2 -1 0 -2 -1 -2 -1 0 0 -2 -1 0 0 -2 -1 0 -2 -1 -2 -2 0 -1 -1 -2 -2 -2 -1 0 0 0 -2 -2 -1 -2 -2 -1 -2 0 -1 0 -1 -1 0 -1 -1 0 -2 -1 -2 0 -1 -2 -1 0 0 0 0 -1 -1 0 0 0 -2 0 -1 -1 -1 -2 -1 -2 -2 0 0 -1 -1 -1 -1 -2 -1 -2 0 -1 0 -1 -2 -1 -1 0 0 -1 0 -1 -1 -2 0
-0.543398122092713 -1.68852832697803 -1.2084685149133 0.831874516514069 -0.188150750164819 1 2 2 1 0 2 1 2 1 2 0 0 1 0 0 2 1 1 0 2 1 0 2 1 2 2 2 2 2 2 0 1 0 1 1 0 1 0 0 0 1 1 1 2 1 1 1 2 2 1 0 0 0 2 2 1 1 2 2 1 0 0 1 2 1 1 1 1 2 0 1 1 2 2 0 1 0 0 0 2 1 0 0 2 1 2 0 1 0 0 0 1 0 1 0 1 2 2 1 1 1 2 2 1 0 2 1 2 1 2 0 0 1 0 0 2 1 1 0 2 1 0 2 1 2 2 2 2 2 2 0 1 0 1 1 0 1 0 0 0 1 1 1 2 1 1 1 2 2 1 0 0 0 2 2 1 1 2 2 1 0 0 1 2 1 1 1 1 2 0 1 1 2 2 0 1 0 0 0 2 1 0 0 2 1 2 0 1 0 0 0 1 0 1 0 1 2 2 1 1 1
0.612629259358908 -1.23660305721347 -0.442023240905885 0.553833156013625 0.143068545072176 -1 1 1 1 1 2 2 2 2 2 0 0 1 1 0 2 1 0 0 2 1 1 2 0 2 2 2 1 2 2 1 2 1 1 2 1 2 1 2 1 2 1 2 1 0 0 0 0 0 1 1 1 2 0 0 0 1 2 2 1 1 1 1 2 1 1 2 0 1 0 1 1 2 2 0 2 0 0 0 0 2 1 1 2 1 2 1 2 0 0 1 0 0 0 1 2 1 2 1 0 2 -1 -1 -1 -1 -2 -2 -2 -2 -2 0 0 -1 -1 0 -2 -1 0 0 -2 -1 -1 -2 0 -2 -2 -2 -1 -2 -2 -1 -2 -1 -1 -2 -1 -2 -1 -2 -1 -2 -1 -2 -1 0 0 0 0 0 -1 -1 -1 -2 0 0 0 -1 -2 -2 -1 -1 -1 -1 -2 -1 -1 -2 0 -1 0 -1 -1 -2 -2 0 -2 0 0 0 0 -2 -1 -1 -2 -1 -2 -1 -2 0 0 -1 0 0 0 -1 -2 -1 -2 -1 0 -2
-0.111473739075322 1.06477275785915 1.37676500192852 1.3579667558798 -0.708691356673968 1 1 2 2 1 2 2 2 1 2 1 1 1 1 0 2 2 1 0 1 1 1 2 0 2 2 2 2 2 2 1 2 2 2 2 1 2 2 1 1 2 0 2 1 1 0 0 1 0 0 1 1 1 0 1 1 0 0 1 0 0 0 1 1 1 2 1 0 1 0 1 0 0 1 0 1 2 0 0 2 2 2 1 1 1 2 0 0 0 0 1 0 1 1 1 2 2 2 2 1 0 1 2 2 1 2 2 2 1 2 1 1 1 1 0 2 2 1 0 1 1 1 2 0 2 2 2 2 2 2 1 2 2 2 2 1 2 2 1 1 2 0 2 1 1 0 0 1 0 0 1 1 1 0 1 1 0 0 1 0 0 0 1 1 1 2 1 0 1 0 1 0 0 1 0 1 2 0 0 2 2 2 1 1 1 2 0 0 0 0 1 0 1 1 1 2 2 2 2 1 0
0.487407635142364 -2.2303689474373 0.175054804487203 -0.677090883256654 1.11176977504854 1 1 2 2 1 2 2 2 1 2 1 2 0 1 0 2 2 1 0 2 2 1 2 2 2 1 0 0 1 1 0 1 1 2 1 0 2 0 0 0 2 1 1 0 0 0 0 1 0 2 2 1 2 0 1 0 1 1 1 0 0 0 0 2 1 0 0 0 2 0 0 0 2 2 0 2 2 0 0 1 1 0 0 2 1 2 0 1 0 0 1 0 0 1 1 2 2 2 2 2 1 1 2 2 1 2 2 2 1 2 1 2 0 1 0 2 2 1 0 2 2 1 2 2 2 1 0 0 1 1 0 1 1 2 1 0 2 0 0 0 2 1 1 0 0 0 0 1 0 2 2 1 2 0 1 0 1 1 1 0 0 0 0 2 1 0 0 0 2 0 0 0 2 2 0 2 2 0 0 1 1 0 0 2 1 2 0 1 0 0 1 0 0 1 1 2 2 2 2 2 1
1.03013951289212 0.859791200156391 -0.0591035758720721 0.518965549091846 1.37519602579072 1 1 2 1 1 2 1 1 0 0 0 1 1 1 0 2 1 1 0 1 1 0 2 2 2 2 1 2 2 2 1 2 1 1 0 0 2 0 0 1 2 2 2 1 2 0 1 2 1 1 1 1 0 0 0 1 2 1 2 2 0 0 2 2 0 1 2 1 2 0 2 1 1 2 0 2 1 0 0 2 2 1 0 2 1 1 0 2 0 0 0 0 0 0 0 2 1 2 0 0 0 1 2 1 1 2 1 1 0 0 0 1 1 1 0 2 1 1 0 1 1 0 2 2 2 2 1 2 2 2 1 2 1 1 0 0 2 0 0 1 2 2 2 1 2 0 1 2 1 1 1 1 0 0 0 1 2 1 2 2 0 0 2 2 0 1 2 1 2 0 2 1 1 2 0 2 1 0 0 2 2 1 0 2 1 1 0 2 0 0 0 0 0 0 0 2 1 2 0 0 0
0.959227915304581 -2.40455734731187 0.957552935861826 0.960886328632516 -0.837715690223543 1 1 1 1 0 2 1 2 1 2 1 0 0 0 0 2 0 0 0 2 1 1 2 1 2 1 1 2 2 2 1 2 1 2 1 0 2 0 0 0 2 2 2 0 0 0 0 0 0 0 0 0 0 1 1 0 1 2 2 1 0 0 0 2 1 1 1 0 2 0 2 1 2 2 0 1 1 0 0 2 2 1 1 2 1 2 0 1 1 0 0 0 1 1 0 2 2 2 1 0 0 1 1 1 0 2 1 2 1 2 1 0 0 0 0 2 0 0 0 2 1 1 2 1 2 1 1 2 2 2 1 2 1 2 1 0 2 0 0 0 2 2 2 0 0 0 0 0 0 0 0 0 0 1 1 0 1 2 2 1 0 0 0 2 1 1 1 0 2 0 2 1 2 2 0 1 1 0 0 2 2 1 1 2 1 2 0 1 1 0 0 0 1 1 0 2 2 2 1 0 0
-1.77741458907813 0.87540298469645 -0.142883044558733 1.22949461282231 0.950603733708867 -1 0 1 1 0 2 2 1 0 2 1 2 1 0 0 2 1 0 0 1 0 0 1 1 2 2 1 2 2 2 0 2 2 1 1 0 1 0 0 0 1 2 2 0 0 0 0 1 1 1 1 1 2 1 2 1 1 2 2 1 2 2 2 2 1 2 1 0 2 0 1 1 1 2 0 2 0 0 0 2 2 1 0 2 0 1 0 0 0 0 1 1 0 1 1 2 2 2 2 1 1 0 -1 -1 0 -2 -2 -1 0 -2 -1 -2 -1 0 0 -2 -1 0 0 -1 0 0 -1 -1 -2 -2 -1 -2 -2 -2 0 -2 -2 -1 -1 0 -1 0 0 0 -1 -2 -2 0 0 0 0 -1 -1 -1 -1 -1 -2 -1 -2 -1 -1 -2 -2 -1 -2 -2 -2 -2 -1 -2 -1 0 -2 0 -1 -1 -1 -2 0 -2 0 0 0 -2 -2 -1 0 -2 0 -1 0 0 0 0 -1 -1 0 -1 -1 -2 -2 -2 -2 -1 -1
-0.273836380613465 -0.189630212505046 -0.664896926923949 1.50651758857957 -0.737936889902296 1 0 1 0 0 1 0 2 0 2 0 1 2 2 0 2 1 1 1 2 2 0 2 1 2 2 1 2 2 2 0 1 0 1 1 1 1 1 0 2 2 2 2 1 1 0 0 2 0 1 2 1 2 2 0 0 0 0 1 1 0 0 0 2 1 0 1 1 2 0 2 1 0 2 0 1 1 0 0 1 1 0 0 2 1 2 0 0 0 0 0 0 0 0 0 0 1 2 1 1 1 0 1 0 0 1 0 2 0 2 0 1 2 2 0 2 1 1 1 2 2 0 2 1 2 2 1 2 2 2 0 1 0 1 1 1 1 1 0 2 2 2 2 1 1 0 0 2 0 1 2 1 2 2 0 0 0 0 1 1 0 0 0 2 1 0 1 1 2 0 2 1 0 2 0 1 1 0 0 1 1 0 0 2 1 2 0 0 0 0 0 0 0 0 0 0 1 2 1 1 1
-0.371276353732214 0.407299575939173 -0.422973838106033 -1.61450625632009 1.96861777021143 1 0 0 1 1 2 1 2 2 2 1 1 0 0 0 1 0 1 1 2 1 0 2 0 2 2 2 2 2 2 2 2 1 0 2 1 2 0 0 2 2 2 2 1 2 0 1 1 0 1 1 2 2 0 1 0 1 1 1 0 1 0 0 1 0 0 0 1 2 0 1 1 1 2 1 2 2 0 0 1 1 0 0 1 2 2 1 2 0 1 0 0 1 1 2 2 1 2 2 1 0 0 0 1 1 2 1 2 2 2 1 1 0 0 0 1 0 1 1 2 1 0 2 0 2 2 2 2 2 2 2 2 1 0 2 1 2 0 0 2 2 2 2 1 2 0 1 1 0 1 1 2 2 0 1 0 1 1 1 0 1 0 0 1 0 0 0 1 2 0 1 1 1 2 1 2 2 0 0 1 1 0 0 1 2 2 1 2 0 1 0 0 1 1 2 2 1 2 2 1 0
0.96404204999771 -0.435328232671319 -0.861608884095339 0.0700558240229562 0.335799453223501 1 2 2 1 0 1 0 1 0 1 0 1 0 1 0 2 2 1 1 2 2 1 2 2 2 1 1 2 1 2 1 2 1 1 0 0 2 0 0 0 0 1 2 0 1 0 0 1 2 2 2 1 1 1 1 0 0 1 0 0 0 1 1 2 0 0 0 0 2 0 2 1 1 2 2 2 2 0 0 2 2 2 0 0 0 2 0 1 0 1 1 2 2 1 1 2 1 2 2 1 0 2 2 1 0 1 0 1 0 1 0 1 0 1 0 2 2 1 1 2 2 1 2 2 2 1 1 2 1 2 1 2 1 1 0 0 2 0 0 0 0 1 2 0 1 0 0 1 2 2 2 1 1 1 1 0 0 1 0 0 0 1 1 2 0 0 0 0 2 0 2 1 1 2 2 2 2 0 0 2 2 2 0 0 0 2 0 1 0 1 1 2 2 1 1 2 1 2 2 1 0
-1.36994050266379 -0.39812179049873 0.11818972838616 -1.28512826067326 0.878770224210289 1 1 2 2 0 2 0 0 0 1 1 0 0 0 0 1 0 1 0 2 2 1 1 0 1 2 0 2 1 1 0 1 0 0 1 0 1 0 0 1 2 2 2 0 1 0 1 2 1 1 1 0 1 0 1 1 0 1 2 2 0 0 0 1 1 0 1 1 2 0 2 1 2 2 1 2 2 0 0 0 1 1 1 1 1 2 0 0 0 0 1 1 2 1 1 1 1 2 2 1 0 1 2 2 0 2 0 0 0 1 1 0 0 0 0 1 0 1 0 2 2 1 1 0 1 2 0 2 1 1 0 1 0 0 1 0 1 0 0 1 2 2 2 0 1 0 1 2 1 1 1 0 1 0 1 1 0 1 2 2 0 0 0 1 1 0 1 1 2 0 2 1 2 2 1 2 2 0 0 0 1 1 1 1 1 2 0 0 0 0 1 1 2 1 1 1 1 2 2 1 0
-0.416240057065266 0.148165408476319 -1.82909256793589 -0.960624458839286 0.320327036621722 -1 0 1 2 0 1 0 2 0 2 0 0 1 1 0 2 1 1 0 2 2 0 2 1 2 0 0 1 2 2 0 0 0 1 2 0 1 0 0 1 2 2 2 0 0 0 1 2 0 0 1 0 1 0 1 0 1 1 1 1 1 0 1 2 1 1 1 1 2 0 2 1 1 2 0 1 1 0 1 2 2 1 1 2 1 2 0 1 0 0 1 0 0 0 0 1 1 2 1 1 0 0 -1 -2 0 -1 0 -2 0 -2 0 0 -1 -1 0 -2 -1 -1 0 -2 -2 0 -2 -1 -2 0 0 -1 -2 -2 0 0 0 -1 -2 0 -1 0 0 -1 -2 -2 -2 0 0 0 -1 -2 0 0 -1 0 -1 0 -1 0 -1 -1 -1 -1 -1 0 -1 -2 -1 -1 -1 -1 -2 0 -2 -1 -1 -2 0 -1 -1 0 -1 -2 -2 -1 -1 -2 -1 -2 0 -1 0 0 -1 0 0 0 0 -1 -1 -2 -1 -1 0
0.246902806285571 0.539493214373178 0.428162374908856 2.26453886262305 -2.82985483291931 -1 1 2 1 0 2 1 2 1 2 1 1 1 0 0 2 1 0 0 2 2 1 2 1 2 1 0 1 0 2 0 2 2 2 2 0 2 1 0 0 2 2 1 0 0 0 0 0 0 0 0 0 1 0 1 0 1 1 1 0 0 1 0 2 1 1 1 0 2 0 0 0 1 2 0 2 1 0 1 2 2 0 1 2 0 2 0 1 0 0 0 0 0 0 1 2 2 2 1 2 2 -1 -2 -1 0 -2 -1 -2 -1 -2 -1 -1 -1 0 0 -2 -1 0 0 -2 -2 -1 -2 -1 -2 -1 0 -1 0 -2 0 -2 -2 -2 -2 0 -2 -1 0 0 -2 -2 -1 0 0 0 0 0 0 0 0 0 -1 0 -1 0 -1 -1 -1 0 0 -1 0 -2 -1 -1 -1 0 -2 0 0 0 -1 -2 0 -2 -1 0 -1 -2 -2 0 -1 -2 0 -2 0 -1 0 0 0 0 0 0 -1 -2 -2 -2 -1 -2 -2
-1.23253446115154 1.18671210913437 -2.47863383694592 1.04000721397416 0.454646414445165 -1 0 1 2 0 1 2 2 1 1 0 0 0 0 0 2 2 0 0 1 2 1 2 2 2 2 0 2 2 2 1 2 0 0 1 0 2 0 0 0 1 0 1 0 1 0 0 0 0 2 1 1 1 1 1 0 1 2 2 1 0 1 0 2 1 1 1 0 2 0 1 2 2 2 0 2 1 0 0 2 2 2 0 2 1 2 0 1 0 0 1 2 1 2 2 1 1 2 0 0 1 0 -1 -2 0 -1 -2 -2 -1 -1 0 0 0 0 0 -2 -2 0 0 -1 -2 -1 -2 -2 -2 -2 0 -2 -2 -2 -1 -2 0 0 -1 0 -2 0 0 0 -1 0 -1 0 -1 0 0 0 0 -2 -1 -1 -1 -1 -1 0 -1 -2 -2 -1 0 -1 0 -2 -1 -1 -1 0 -2 0 -1 -2 -2 -2 0 -2 -1 0 0 -2 -2 -2 0 -2 -1 -2 0 -1 0 0 -1 -2 -1 -2 -2 -1 -1 -2 0 0 -1
0.866807786031495 2.07570236518665 1.29744574277619 -0.220477951438476 -0.329720545231544 1 1 0 1 0 1 0 1 1 2 0 0 1 0 0 1 1 2 0 2 2 1 2 1 2 1 0 2 2 2 1 1 0 1 2 0 1 0 0 0 2 2 1 1 1 0 1 2 1 0 1 0 1 0 2 0 1 2 2 1 1 0 0 2 2 0 2 0 2 0 1 0 1 1 0 2 2 1 1 2 2 2 1 1 1 2 0 1 0 0 2 1 0 0 1 2 2 2 2 0 0 1 0 1 0 1 0 1 1 2 0 0 1 0 0 1 1 2 0 2 2 1 2 1 2 1 0 2 2 2 1 1 0 1 2 0 1 0 0 0 2 2 1 1 1 0 1 2 1 0 1 0 1 0 2 0 1 2 2 1 1 0 0 2 2 0 2 0 2 0 1 0 1 1 0 2 2 1 1 2 2 2 1 1 1 2 0 1 0 0 2 1 0 0 1 2 2 2 2 0 0
-1.78420302405211 1.69324304459375 1.57108984864843 -0.00492348178777106 -0.146883344121108 1 1 2 0 0 1 1 2 1 2 2 1 1 0 0 2 1 0 0 2 1 1 2 0 2 2 1 2 2 2 0 1 0 0 1 1 2 2 1 1 1 2 2 1 1 0 0 1 0 1 1 0 1 0 0 1 1 1 1 0 1 0 0 1 0 0 1 0 2 0 1 1 1 2 1 0 1 0 0 2 2 1 1 1 0 1 0 0 0 0 0 0 0 1 1 1 1 2 1 1 0 1 2 0 0 1 1 2 1 2 2 1 1 0 0 2 1 0 0 2 1 1 2 0 2 2 1 2 2 2 0 1 0 0 1 1 2 2 1 1 1 2 2 1 1 0 0 1 0 1 1 0 1 0 0 1 1 1 1 0 1 0 0 1 0 0 1 0 2 0 1 1 1 2 1 0 1 0 0 2 2 1 1 1 0 1 0 0 0 0 0 0 0 1 1 1 1 2 1 1 0
0.155147653601406 0.74305591544529 -0.864418521570683 -0.239535954034228 0.588827281583465 1 0 0 1 0 1 1 2 1 2 1 2 1 0 0 2 1 0 0 2 2 0 2 0 1 2 1 1 2 1 1 2 2 2 1 0 1 1 0 1 2 2 2 1 1 0 0 1 1 0 1 2 1 1 1 0 1 2 1 0 0 0 0 2 1 2 2 0 2 0 2 2 1 2 0 2 1 0 0 2 2 2 1 1 0 1 0 1 0 0 1 1 0 1 1 2 1 1 1 2 2 0 0 1 0 1 1 2 1 2 1 2 1 0 0 2 1 0 0 2 2 0 2 0 1 2 1 1 2 1 1 2 2 2 1 0 1 1 0 1 2 2 2 1 1 0 0 1 1 0 1 2 1 1 1 0 1 2 1 0 0 0 0 2 1 2 2 0 2 0 2 2 1 2 0 2 1 0 0 2 2 2 1 1 0 1 0 1 0 0 1 1 0 1 1 2 1 1 1 2 2
0.691610255436452 0.594299388045369 -1.43326514988015 -0.0498584972960135 -0.66202685420929 1 1 2 2 0 2 2 2 1 1 0 1 0 0 0 2 2 1 1 2 2 1 2 0 2 2 2 2 2 2 1 2 1 1 2 1 2 0 0 0 1 2 2 0 1 0 0 1 0 0 2 1 0 0 0 0 0 0 0 0 0 0 1 2 1 2 1 0 2 0 0 0 0 2 0 0 0 0 0 1 1 0 0 2 2 1 0 1 0 0 0 1 2 1 1 1 2 1 1 0 1 1 2 2 0 2 2 2 1 1 0 1 0 0 0 2 2 1 1 2 2 1 2 0 2 2 2 2 2 2 1 2 1 1 2 1 2 0 0 0 1 2 2 0 1 0 0 1 0 0 2 1 0 0 0 0 0 0 0 0 0 0 1 2 1 2 1 0 2 0 0 0 0 2 0 0 0 0 0 1 1 0 0 2 2 1 0 1 0 0 0 1 2 1 1 1 2 1 1 0 1
-0.693177325436622 0.895525882961585 -0.225825939693655 0.175014763634008 -1.54557573680314 -1 1 2 2 0 1 1 2 0 1 0 0 0 0 0 2 1 2 0 1 1 0 2 1 2 2 1 2 1 2 1 2 1 0 1 0 0 0 0 1 2 0 2 0 1 0 1 1 1 1 1 1 0 0 1 0 0 0 1 1 1 1 1 2 1 0 0 0 2 0 1 1 2 2 0 0 1 0 0 1 2 1 0 2 0 2 1 2 0 0 1 1 2 1 2 2 1 2 2 2 1 -1 -2 -2 0 -1 -1 -2 0 -1 0 0 0 0 0 -2 -1 -2 0 -1 -1 0 -2 -1 -2 -2 -1 -2 -1 -2 -1 -2 -1 0 -1 0 0 0 0 -1 -2 0 -2 0 -1 0 -1 -1 -1 -1 -1 -1 0 0 -1 0 0 0 -1 -1 -1 -1 -1 -2 -1 0 0 0 -2 0 -1 -1 -2 -2 0 0 -1 0 0 -1 -2 -1 0 -2 0 -2 -1 -2 0 0 -1 -1 -2 -1 -2 -2 -1 -2 -2 -2 -1
0.316260139801419 -0.130218899240384 0.901909247378874 1.1621452032245 -0.752474467300169 1 1 1 1 0 1 1 2 1 0 0 1 1 0 0 2 1 0 0 2 2 1 2 0 2 2 1 2 1 2 0 0 0 0 1 0 1 0 0 2 2 0 1 0 1 0 2 2 0 0 1 0 2 0 0 0 1 0 1 1 1 0 0 1 0 0 0 0 2 0 1 0 0 2 0 0 0 0 0 2 2 1 0 1 0 2 2 2 0 0 0 1 2 0 0 1 1 2 1 2 1 1 1 1 0 1 1 2 1 0 0 1 1 0 0 2 1 0 0 2 2 1 2 0 2 2 1 2 1 2 0 0 0 0 1 0 1 0 0 2 2 0 1 0 1 0 2 2 0 0 1 0 2 0 0 0 1 0 1 1 1 0 0 1 0 0 0 0 2 0 1 0 0 2 0 0 0 0 0 2 2 1 0 1 0 2 2 2 0 0 0 1 2 0 0 1 1 2 1 2 1
-0.553143146985789 0.799613302330846 1.3293878763308 1.59565190729142 -0.826349549990889 -1 1 2 2 0 2 1 1 0 1 0 1 0 0 0 2 2 1 0 1 0 1 2 0 2 1 1 2 1 2 0 2 2 2 2 1 2 2 2 1 2 1 2 0 1 0 0 2 1 1 0 0 0 1 0 0 0 1 2 1 1 1 2 2 1 0 1 1 2 0 1 1 1 2 0 2 0 0 0 0 2 1 1 2 1 2 0 2 0 1 0 0 1 1 1 2 2 2 1 1 1 -1 -2 -2 0 -2 -1 -1 0 -1 0 -1 0 0 0 -2 -2 -1 0 -1 0 -1 -2 0 -2 -1 -1 -2 -1 -2 0 -2 -2 -2 -2 -1 -2 -2 -2 -1 -2 -1 -2 0 -1 0 0 -2 -1 -1 0 0 0 -1 0 0 0 -1 -2 -1 -1 -1 -2 -2 -1 0 -1 -1 -2 0 -1 -1 -1 -2 0 -2 0 0 0 0 -2 -1 -1 -2 -1 -2 0 -2 0 -1 0 0 -1 -1 -1 -2 -2 -2 -1 -1 -1
0.869497837438184 -0.140404465857301 0.678967729997876 -0.0427187297714993 0.95896699826122 -1 0 0 0 0 1 1 2 0 2 1 1 2 1 0 1 0 1 0 2 2 0 2 1 2 2 0 2 1 2 1 1 0 2 2 0 1 0 0 1 2 2 2 0 1 0 0 2 1 0 0 0 1 1 1 0 0 1 0 0 0 0 1 2 1 1 1 1 2 0 1 0 1 2 1 1 1 0 0 0 1 1 1 1 1 2 1 2 0 0 2 0 1 1 1 2 2 2 1 1 1 0 0 0 0 -1 -1 -2 0 -2 -1 -1 -2 -1 0 -1 0 -1 0 -2 -2 0 -2 -1 -2 -2 0 -2 -1 -2 -1 -1 0 -2 -2 0 -1 0 0 -1 -2 -2 -2 0 -1 0 0 -2 -1 0 0 0 -1 -1 -1 0 0 -1 0 0 0 0 -1 -2 -1 -1 -1 -1 -2 0 -1 0 -1 -2 -1 -1 -1 0 0 0 -1 -1 -1 -1 -1 -2 -1 -2 0 0 -2 0 -1 -1 -1 -2 -2 -2 -1 -1 -1
-0.685580529045245 -1.73760028336452 -0.200331595141517 -0.30879031735607 -0.208002872186946 1 1 1 1 0 1 1 2 0 1 0 1 1 0 0 2 0 1 0 2 1 1 2 0 2 2 1 2 1 2 2 1 1 1 2 0 2 1 0 2 0 2 2 1 1 0 1 1 0 0 2 1 2 1 1 0 0 1 1 1 0 0 0 2 0 1 2 0 2 0 2 2 2 2 2 1 0 0 0 1 1 1 2 0 0 2 0 0 0 0 1 2 1 1 0 1 1 2 1 0 1 1 1 1 0 1 1 2 0 1 0 1 1 0 0 2 0 1 0 2 1 1 2 0 2 2 1 2 1 2 2 1 1 1 2 0 2 1 0 2 0 2 2 1 1 0 1 1 0 0 2 1 2 1 1 0 0 1 1 1 0 0 0 2 0 1 2 0 2 0 2 2 2 2 2 1 0 0 0 1 1 1 2 0 0 2 0 0 0 0 1 2 1 1 0 1 1 2 1 0 1
-0.696060542183904 -1.59112144670125 -2.05756189749935 2.44741805501485 0.0504622172703935 1 0 1 1 0 1 1 2 1 2 0 1 1 1 1 2 1 0 0 2 2 1 2 1 2 2 1 2 2 2 1 2 2 2 1 0 2 1 0 0 2 2 2 0 0 0 2 2 2 1 0 1 1 1 1 1 2 2 1 0 1 1 1 2 1 1 1 1 2 0 2 1 2 2 0 2 2 0 0 2 2 2 2 2 1 2 0 0 0 0 0 1 1 1 1 2 2 2 1 2 1 0 1 1 0 1 1 2 1 2 0 1 1 1 1 2 1 0 0 2 2 1 2 1 2 2 1 2 2 2 1 2 2 2 1 0 2 1 0 0 2 2 2 0 0 0 2 2 2 1 0 1 1 1 1 1 2 2 1 0 1 1 1 2 1 1 1 1 2 0 2 1 2 2 0 2 2 0 0 2 2 2 2 2 1 2 0 0 0 0 0 1 1 1 1 2 2 2 1 2 1
0.348428467075178 1.31626884831243 -1.99279753441177 0.623441983938578 0.773762510930817 -1 1 2 2 0 2 1 1 1 2 1 0 0 0 0 2 1 2 1 2 2 0 2 2 2 2 1 2 1 1 0 2 2 2 1 0 2 1 1 1 1 1 2 0 2 0 0 2 2 1 1 1 1 0 1 0 0 0 1 1 1 1 0 2 1 2 1 0 2 0 2 0 1 2 0 1 1 0 0 2 1 0 0 2 1 2 0 1 0 0 1 1 2 2 2 2 2 2 0 0 0 -1 -2 -2 0 -2 -1 -1 -1 -2 -1 0 0 0 0 -2 -1 -2 -1 -2 -2 0 -2 -2 -2 -2 -1 -2 -1 -1 0 -2 -2 -2 -1 0 -2 -1 -1 -1 -1 -1 -2 0 -2 0 0 -2 -2 -1 -1 -1 -1 0 -1 0 0 0 -1 -1 -1 -1 0 -2 -1 -2 -1 0 -2 0 -2 0 -1 -2 0 -1 -1 0 0 -2 -1 0 0 -2 -1 -2 0 -1 0 0 -1 -1 -2 -2 -2 -2 -2 -2 0 0 0
1.19304111252625 -0.446826652796758 -0.400153025626587 -0.23595585628193 0.884878635043094 1 1 1 1 0 1 0 2 0 2 1 2 1 1 0 2 1 0 0 1 0 0 2 0 2 1 0 2 2 2 0 1 0 1 1 0 2 1 2 2 2 1 2 0 0 0 1 1 1 1 1 0 2 0 0 0 0 0 1 1 2 2 1 2 1 0 1 0 2 0 1 1 2 2 0 1 0 0 0 2 2 1 1 2 1 1 1 2 0 0 0 1 1 1 1 2 2 2 1 0 0 1 1 1 0 1 0 2 0 2 1 2 1 1 0 2 1 0 0 1 0 0 2 0 2 1 0 2 2 2 0 1 0 1 1 0 2 1 2 2 2 1 2 0 0 0 1 1 1 1 1 0 2 0 0 0 0 0 1 1 2 2 1 2 1 0 1 0 2 0 1 1 2 2 0 1 0 0 0 2 2 1 1 2 1 1 1 2 0 0 0 1 1 1 1 2 2 2 1 0 0
-1.69565872795837 -0.0456253571812082 1.28689364035658 0.304659325340937 -0.0508667212069046 -1 0 1 0 0 2 2 2 1 2 0 1 0 0 0 2 1 0 0 1 0 0 2 0 2 1 1 2 2 2 0 0 2 1 1 1 2 1 0 1 2 2 2 0 0 0 0 1 0 0 1 0 0 0 1 1 2 1 2 1 1 0 1 2 0 0 0 0 2 0 2 0 1 2 1 0 0 0 0 1 2 0 0 2 2 2 0 2 0 0 1 2 2 2 1 1 2 2 0 2 1 0 -1 0 0 -2 -2 -2 -1 -2 0 -1 0 0 0 -2 -1 0 0 -1 0 0 -2 0 -2 -1 -1 -2 -2 -2 0 0 -2 -1 -1 -1 -2 -1 0 -1 -2 -2 -2 0 0 0 0 -1 0 0 -1 0 0 0 -1 -1 -2 -1 -2 -1 -1 0 -1 -2 0 0 0 0 -2 0 -2 0 -1 -2 -1 0 0 0 0 -1 -2 0 0 -2 -2 -2 0 -2 0 0 -1 -2 -2 -2 -1 -1 -2 -2 0 -2 -1
0.91138066009651 1.72092795958426 0.374917814995359 0.965950090639514 -0.600216960343074 1 0 1 1 0 2 1 2 1 2 1 0 0 0 0 1 1 0 0 1 0 0 2 0 1 1 0 1 0 1 0 0 0 1 1 0 1 1 1 1 2 2 2 1 1 0 2 2 0 2 1 0 0 0 0 0 0 0 0 1 0 0 0 1 0 0 0 0 2 0 1 0 1 1 0 2 0 0 0 1 1 1 0 2 1 2 1 2 0 0 1 0 0 0 1 1 1 2 2 1 0 0 1 1 0 2 1 2 1 2 1 0 0 0 0 1 1 0 0 1 0 0 2 0 1 1 0 1 0 1 0 0 0 1 1 0 1 1 1 1 2 2 2 1 1 0 2 2 0 2 1 0 0 0 0 0 0 0 0 1 0 0 0 1 0 0 0 0 2 0 1 0 1 1 0 2 0 0 0 1 1 1 0 2 1 2 1 2 0 0 1 0 0 0 1 1 1 2 2 1 0
-0.35967959990268 0.555973690228964 -0.0306602456848693 0.080961092271729 0.63705119740066 -1 0 0 0 0 1 1 2 1 2 0 1 1 0 0 2 1 1 0 1 1 0 2 1 2 2 0 0 1 2 0 1 0 1 1 0 1 1 1 1 2 1 2 0 1 0 1 2 2 1 0 0 0 1 1 0 0 1 2 0 1 0 2 2 0 0 0 0 2 0 1 2 1 2 0 2 1 1 0 2 2 1 1 2 2 2 1 2 1 0 0 0 0 0 0 2 2 2 2 2 1 0 0 0 0 -1 -1 -2 -1 -2 0 -1 -1 0 0 -2 -1 -1 0 -1 -1 0 -2 -1 -2 -2 0 0 -1 -2 0 -1 0 -1 -1 0 -1 -1 -1 -1 -2 -1 -2 0 -1 0 -1 -2 -2 -1 0 0 0 -1 -1 0 0 -1 -2 0 -1 0 -2 -2 0 0 0 0 -2 0 -1 -2 -1 -2 0 -2 -1 -1 0 -2 -2 -1 -1 -2 -2 -2 -1 -2 -1 0 0 0 0 0 0 -2 -2 -2 -2 -2 -1
0.558413840828042 -1.30182857415527 -0.705244492218191 0.384243870627115 0.584110959423741 1 2 2 2 0 2 1 2 0 1 0 1 1 0 0 2 1 1 0 1 1 0 2 1 2 1 0 1 1 2 0 1 0 1 2 0 2 0 0 0 1 1 2 1 0 0 1 2 0 0 0 0 0 0 1 0 1 1 2 2 0 1 1 2 1 0 1 0 1 0 2 1 2 1 0 0 0 0 0 1 2 2 1 2 2 2 0 2 0 0 0 0 1 2 2 2 2 2 2 2 1 2 2 2 0 2 1 2 0 1 0 1 1 0 0 2 1 1 0 1 1 0 2 1 2 1 0 1 1 2 0 1 0 1 2 0 2 0 0 0 1 1 2 1 0 0 1 2 0 0 0 0 0 0 1 0 1 1 2 2 0 1 1 2 1 0 1 0 1 0 2 1 2 1 0 0 0 0 0 1 2 2 1 2 2 2 0 2 0 0 0 0 1 2 2 2 2 2 2 2 1
-0.892920301230234 0.917693796085693 -0.172731736617405 -0.693529339379234 -0.073550087853196 -1 1 2 2 0 1 2 2 1 2 0 1 1 2 0 2 1 0 0 2 2 0 2 1 2 1 0 1 2 2 1 2 2 2 1 0 2 1 0 1 2 1 2 1 1 0 0 0 0 0 0 0 2 1 1 0 1 2 2 2 0 0 0 1 1 1 1 1 2 0 2 1 0 1 0 2 2 0 0 0 2 2 2 1 1 2 0 2 0 1 0 1 2 1 1 2 2 2 1 0 1 -1 -2 -2 0 -1 -2 -2 -1 -2 0 -1 -1 -2 0 -2 -1 0 0 -2 -2 0 -2 -1 -2 -1 0 -1 -2 -2 -1 -2 -2 -2 -1 0 -2 -1 0 -1 -2 -1 -2 -1 -1 0 0 0 0 0 0 0 -2 -1 -1 0 -1 -2 -2 -2 0 0 0 -1 -1 -1 -1 -1 -2 0 -2 -1 0 -1 0 -2 -2 0 0 0 -2 -2 -2 -1 -1 -2 0 -2 0 -1 0 -1 -2 -1 -1 -2 -2 -2 -1 0 -1
-1.47701545492695 0.776975293946028 0.00116741433661654 1.37038936129883 1.03932506061873 1 2 2 1 0 2 2 1 1 2 1 1 0 0 0 2 1 1 0 2 2 0 2 0 2 1 1 2 2 2 1 1 1 2 2 0 1 1 0 1 2 2 2 1 0 0 1 1 1 0 1 0 1 1 1 1 1 1 1 1 0 0 0 2 0 1 1 0 2 0 1 1 2 2 0 1 0 0 0 2 2 0 0 2 0 2 1 2 0 0 1 1 2 1 1 2 2 2 1 1 0 2 2 1 0 2 2 1 1 2 1 1 0 0 0 2 1 1 0 2 2 0 2 0 2 1 1 2 2 2 1 1 1 2 2 0 1 1 0 1 2 2 2 1 0 0 1 1 1 0 1 0 1 1 1 1 1 1 1 1 0 0 0 2 0 1 1 0 2 0 1 1 2 2 0 1 0 0 0 2 2 0 0 2 0 2 1 2 0 0 1 1 2 1 1 2 2 2 1 1 0
0.192316262875623 0.929728561432588 0.769189567327254 -0.902824970956472 0.163718000010533 -1 0 1 1 0 2 0 1 0 1 0 0 0 0 0 2 0 0 0 1 2 0 2 0 2 2 0 0 1 1 0 1 0 1 1 0 2 2 1 1 2 1 1 0 1 0 1 1 1 2 2 2 2 1 1 0 1 2 1 0 1 1 0 2 1 1 0 0 2 0 2 1 2 2 1 1 0 1 0 2 1 0 0 2 2 2 0 1 0 0 1 1 0 1 1 2 2 2 2 2 2 0 -1 -1 0 -2 0 -1 0 -1 0 0 0 0 0 -2 0 0 0 -1 -2 0 -2 0 -2 -2 0 0 -1 -1 0 -1 0 -1 -1 0 -2 -2 -1 -1 -2 -1 -1 0 -1 0 -1 -1 -1 -2 -2 -2 -2 -1 -1 0 -1 -2 -1 0 -1 -1 0 -2 -1 -1 0 0 -2 0 -2 -1 -2 -2 -1 -1 0 -1 0 -2 -1 0 0 -2 -2 -2 0 -1 0 0 -1 -1 0 -1 -1 -2 -2 -2 -2 -2 -2
-0.217197330839223 0.0863801490221628 -1.25404483858749 0.622120481755082 0.184320056951873 -1 1 2 2 0 1 1 2 1 1 0 1 0 0 0 1 0 0 0 2 1 1 2 1 2 1 0 1 2 1 0 2 1 0 1 0 2 0 0 0 2 1 1 0 1 0 0 1 0 1 2 2 2 0 1 0 1 2 2 0 2 1 2 2 1 1 1 0 2 0 2 1 1 2 0 0 0 0 0 2 1 0 0 2 1 1 0 2 0 0 1 2 2 1 0 2 2 2 0 1 1 -1 -2 -2 0 -1 -1 -2 -1 -1 0 -1 0 0 0 -1 0 0 0 -2 -1 -1 -2 -1 -2 -1 0 -1 -2 -1 0 -2 -1 0 -1 0 -2 0 0 0 -2 -1 -1 0 -1 0 0 -1 0 -1 -2 -2 -2 0 -1 0 -1 -2 -2 0 -2 -1 -2 -2 -1 -1 -1 0 -2 0 -2 -1 -1 -2 0 0 0 0 0 -2 -1 0 0 -2 -1 -1 0 -2 0 0 -1 -2 -2 -1 0 -2 -2 -2 0 -1 -1
-1.14386381026685 -0.388581868752816 -0.190034866664527 -0.732979402598783 -1.61570442299582 1 0 2 2 1 2 2 2 1 2 0 0 0 0 0 2 1 1 0 0 0 0 2 1 2 2 0 2 2 2 1 2 0 1 1 0 1 0 0 1 2 2 2 1 1 0 1 1 0 0 1 0 0 1 1 0 1 2 2 1 0 0 1 2 1 1 1 1 2 0 2 1 2 2 1 1 1 1 0 2 2 1 1 2 1 1 0 1 0 1 1 0 1 1 1 2 2 2 1 2 2 0 2 2 1 2 2 2 1 2 0 0 0 0 0 2 1 1 0 0 0 0 2 1 2 2 0 2 2 2 1 2 0 1 1 0 1 0 0 1 2 2 2 1 1 0 1 1 0 0 1 0 0 1 1 0 1 2 2 1 0 0 1 2 1 1 1 1 2 0 2 1 2 2 1 1 1 1 0 2 2 1 1 2 1 1 0 1 0 1 1 0 1 1 1 2 2 2 1 2 2
-1.91731531515342 -2.85114904041875 -1.03851175771758 0.731323785473625 0.577713136631315 1 1 2 0 0 2 1 2 0 1 1 1 1 0 0 2 1 0 0 1 0 0 2 1 2 2 1 1 1 2 1 2 2 2 1 0 1 0 0 0 2 2 2 1 0 0 0 1 2 1 1 1 1 1 2 0 0 0 1 1 1 1 2 2 0 0 0 0 1 0 2 0 1 2 0 2 1 0 0 2 2 1 0 2 1 1 1 1 0 0 0 1 1 1 1 2 2 2 1 1 1 1 2 0 0 2 1 2 0 1 1 1 1 0 0 2 1 0 0 1 0 0 2 1 2 2 1 1 1 2 1 2 2 2 1 0 1 0 0 0 2 2 2 1 0 0 0 1 2 1 1 1 1 1 2 0 0 0 1 1 1 1 2 2 0 0 0 0 1 0 2 0 1 2 0 2 1 0 0 2 2 1 0 2 1 1 1 1 0 0 0 1 1 1 1 2 2 2 1 1 1
0.296641595842955 -0.96616866081488 -1.48321622597167 -1.06120836124652 0.25026014770601 1 1 1 2 0 2 2 2 1 2 0 2 1 0 0 2 1 0 0 1 1 0 2 0 2 2 1 2 2 2 2 2 1 2 2 1 1 0 1 0 2 2 2 1 1 0 0 0 1 2 1 1 1 0 0 0 1 0 0 1 0 2 2 2 0 0 1 0 2 0 2 2 1 2 1 0 0 0 0 1 2 2 1 1 0 1 0 0 0 1 0 1 0 0 1 2 2 2 1 1 1 1 1 2 0 2 2 2 1 2 0 2 1 0 0 2 1 0 0 1 1 0 2 0 2 2 1 2 2 2 2 2 1 2 2 1 1 0 1 0 2 2 2 1 1 0 0 0 1 2 1 1 1 0 0 0 1 0 0 1 0 2 2 2 0 0 1 0 2 0 2 2 1 2 1 0 0 0 0 1 2 2 1 1 0 1 0 0 0 1 0 1 0 0 1 2 2 2 1 1 1
0.529581922126033 -0.0848077189912848 -0.488159402657569 -1.44495107585311 -1.08309450406212 -1 1 2 1 0 2 1 2 1 2 1 1 2 0 0 2 0 0 0 0 2 1 2 2 2 2 1 1 1 2 0 1 2 2 2 0 2 1 1 0 2 1 2 0 0 0 1 1 0 0 1 0 0 0 1 0 1 0 0 0 1 1 2 2 1 0 0 0 2 0 1 1 2 2 0 2 2 1 0 1 2 2 0 2 2 2 0 0 0 0 0 1 1 1 2 2 2 2 1 2 2 -1 -2 -1 0 -2 -1 -2 -1 -2 -1 -1 -2 0 0 -2 0 0 0 0 -2 -1 -2 -2 -2 -2 -1 -1 -1 -2 0 -1 -2 -2 -2 0 -2 -1 -1 0 -2 -1 -2 0 0 0 -1 -1 0 0 -1 0 0 0 -1 0 -1 0 0 0 -1 -1 -2 -2 -1 0 0 0 -2 0 -1 -1 -2 -2 0 -2 -2 -1 0 -1 -2 -2 0 -2 -2 -2 0 0 0 0 0 -1 -1 -1 -2 -2 -2 -2 -1 -2 -2
1.72579879276116 0.756690247080778 0.171751812174846 0.566574602620065 0.177558291829787 1 0 2 1 0 2 2 2 1 2 1 1 2 0 0 2 1 0 0 2 2 1 2 0 2 2 0 1 1 2 0 1 1 1 2 0 1 1 1 2 2 2 2 1 1 0 1 0 0 0 0 0 0 0 0 0 0 0 1 0 1 1 0 1 1 0 1 0 2 0 2 2 2 2 1 1 1 0 0 0 0 0 0 2 1 2 1 1 1 0 0 0 0 1 2 2 2 2 1 0 1 0 2 1 0 2 2 2 1 2 1 1 2 0 0 2 1 0 0 2 2 1 2 0 2 2 0 1 1 2 0 1 1 1 2 0 1 1 1 2 2 2 2 1 1 0 1 0 0 0 0 0 0 0 0 0 0 0 1 0 1 1 0 1 1 0 1 0 2 0 2 2 2 2 1 1 1 0 0 0 0 0 0 2 1 2 1 1 1 0 0 0 0 1 2 2 2 2 1 0 1
1.40437443480714 -0.829547933508667 0.143085937646984 0.0855876715526404 1.90041313771014 -1 2 2 2 0 2 1 2 1 2 2 1 0 0 0 2 0 2 0 1 0 0 2 1 2 2 1 1 2 2 0 1 0 1 1 0 1 0 0 0 1 1 1 1 1 1 2 2 1 1 2 2 2 1 1 0 0 1 2 2 2 0 0 2 1 1 0 0 2 0 2 0 1 2 1 2 1 0 0 1 1 1 0 1 0 1 0 0 0 0 1 2 1 1 2 2 2 2 1 2 1 -2 -2 -2 0 -2 -1 -2 -1 -2 -2 -1 0 0 0 -2 0 -2 0 -1 0 0 -2 -1 -2 -2 -1 -1 -2 -2 0 -1 0 -1 -1 0 -1 0 0 0 -1 -1 -1 -1 -1 -1 -2 -2 -1 -1 -2 -2 -2 -1 -1 0 0 -1 -2 -2 -2 0 0 -2 -1 -1 0 0 -2 0 -2 0 -1 -2 -1 -2 -1 0 0 -1 -1 -1 0 -1 0 -1 0 0 0 0 -1 -2 -1 -1 -2 -2 -2 -2 -1 -2 -1
1.72425126928348 1.76665913841526 0.165134008136498 0.125237209517158 1.83513721700231 -1 1 2 2 0 2 1 2 1 2 0 1 1 1 0 2 0 0 0 1 0 0 2 0 2 2 1 1 2 2 1 2 1 1 2 0 1 0 1 1 2 2 2 0 2 0 1 0 0 1 0 0 0 1 1 1 1 2 2 0 2 1 1 2 0 0 2 1 2 0 2 1 0 2 0 1 0 0 0 2 1 0 1 1 0 0 0 1 0 0 2 2 2 1 2 1 1 2 1 1 0 -1 -2 -2 0 -2 -1 -2 -1 -2 0 -1 -1 -1 0 -2 0 0 0 -1 0 0 -2 0 -2 -2 -1 -1 -2 -2 -1 -2 -1 -1 -2 0 -1 0 -1 -1 -2 -2 -2 0 -2 0 -1 0 0 -1 0 0 0 -1 -1 -1 -1 -2 -2 0 -2 -1 -1 -2 0 0 -2 -1 -2 0 -2 -1 0 -2 0 -1 0 0 0 -2 -1 0 -1 -1 0 0 0 -1 0 0 -2 -2 -2 -1 -2 -1 -1 -2 -1 -1 0
-0.461820000433939 1.20843251123241 1.40029941106057 0.0926763183636873 -1.04622292808777 1 2 2 2 0 1 0 1 1 2 2 1 0 0 0 2 1 0 0 2 2 0 2 1 2 2 0 2 2 2 1 1 0 0 2 1 2 2 2 1 2 1 2 0 1 0 1 1 0 1 1 0 1 0 1 0 0 1 1 0 0 0 1 2 2 0 2 0 2 0 2 2 2 2 1 1 0 0 0 1 2 1 0 2 0 1 0 0 0 0 0 1 1 2 1 2 2 2 2 2 2 2 2 2 0 1 0 1 1 2 2 1 0 0 0 2 1 0 0 2 2 0 2 1 2 2 0 2 2 2 1 1 0 0 2 1 2 2 2 1 2 1 2 0 1 0 1 1 0 1 1 0 1 0 1 0 0 1 1 0 0 0 1 2 2 0 2 0 2 0 2 2 2 2 1 1 0 0 0 1 2 1 0 2 0 1 0 0 0 0 0 1 1 2 1 2 2 2 2 2 2
-1.21265103765412 0.100280950670037 -0.59957008970051 0.803277582027057 0.500311689000719 -1 0 2 2 0 2 2 2 1 2 1 2 1 1 0 2 2 2 1 2 2 1 2 0 2 1 1 1 1 2 0 2 0 1 0 0 1 2 2 2 2 2 2 0 2 0 1 1 1 1 1 0 0 1 2 0 0 2 1 0 2 0 1 2 0 1 2 1 2 0 2 1 1 2 0 2 2 0 0 0 1 1 1 2 1 2 1 1 0 0 0 0 0 0 0 2 2 2 1 2 0 0 -2 -2 0 -2 -2 -2 -1 -2 -1 -2 -1 -1 0 -2 -2 -2 -1 -2 -2 -1 -2 0 -2 -1 -1 -1 -1 -2 0 -2 0 -1 0 0 -1 -2 -2 -2 -2 -2 -2 0 -2 0 -1 -1 -1 -1 -1 0 0 -1 -2 0 0 -2 -1 0 -2 0 -1 -2 0 -1 -2 -1 -2 0 -2 -1 -1 -2 0 -2 -2 0 0 0 -1 -1 -1 -2 -1 -2 -1 -1 0 0 0 0 0 0 0 -2 -2 -2 -1 -2 0
0.863771513054618 -0.878588482750564 -0.965518514974328 0.440192784039033 -0.912176278343295 1 2 2 1 0 2 2 2 0 1 1 1 1 0 0 2 1 1 0 1 2 1 2 1 2 1 0 1 1 1 1 2 2 2 2 0 2 1 1 1 2 1 2 2 1 0 0 1 0 1 1 0 1 0 1 0 1 2 2 1 1 0 1 1 0 0 0 0 2 0 1 0 2 2 0 1 0 0 0 1 1 0 0 1 1 1 0 0 0 0 0 1 1 1 0 2 2 2 2 1 1 2 2 1 0 2 2 2 0 1 1 1 1 0 0 2 1 1 0 1 2 1 2 1 2 1 0 1 1 1 1 2 2 2 2 0 2 1 1 1 2 1 2 2 1 0 0 1 0 1 1 0 1 0 1 0 1 2 2 1 1 0 1 1 0 0 0 0 2 0 1 0 2 2 0 1 0 0 0 1 1 0 0 1 1 1 0 0 0 0 0 1 1 1 0 2 2 2 2 1 1
1.84321490713416 -1.43024305252924 0.555989591255984 -1.20171886443503 -0.895315649870257 -1 1 1 1 0 1 0 1 0 2 1 0 0 0 0 2 2 0 0 2 2 1 2 0 2 2 1 2 2 2 1 2 2 1 1 0 2 1 0 0 2 1 1 1 1 0 1 2 1 1 2 1 1 0 0 0 0 0 1 1 1 0 0 1 1 1 1 1 2 0 0 0 1 2 0 1 1 0 0 1 2 1 0 1 1 2 1 2 1 1 0 1 0 1 0 2 2 2 1 1 1 -1 -1 -1 0 -1 0 -1 0 -2 -1 0 0 0 0 -2 -2 0 0 -2 -2 -1 -2 0 -2 -2 -1 -2 -2 -2 -1 -2 -2 -1 -1 0 -2 -1 0 0 -2 -1 -1 -1 -1 0 -1 -2 -1 -1 -2 -1 -1 0 0 0 0 0 -1 -1 -1 0 0 -1 -1 -1 -1 -1 -2 0 0 0 -1 -2 0 -1 -1 0 0 -1 -2 -1 0 -1 -1 -2 -1 -2 -1 -1 0 -1 0 -1 0 -2 -2 -2 -1 -1 -1
-0.415007990766407 1.93762211184886 -0.131194224693546 1.18961426749135 -0.437069388890693 -1 1 2 2 1 2 2 2 0 2 1 1 1 1 0 2 0 1 1 2 2 1 2 2 2 2 1 2 2 2 1 2 1 0 2 0 1 0 0 0 2 0 0 0 1 0 1 0 0 0 1 0 0 0 0 1 1 1 2 1 1 2 1 2 1 1 1 1 2 0 2 2 1 2 1 1 2 0 0 2 2 2 1 2 1 2 0 2 0 0 1 1 2 1 1 2 2 2 1 1 1 -1 -2 -2 -1 -2 -2 -2 0 -2 -1 -1 -1 -1 0 -2 0 -1 -1 -2 -2 -1 -2 -2 -2 -2 -1 -2 -2 -2 -1 -2 -1 0 -2 0 -1 0 0 0 -2 0 0 0 -1 0 -1 0 0 0 -1 0 0 0 0 -1 -1 -1 -2 -1 -1 -2 -1 -2 -1 -1 -1 -1 -2 0 -2 -2 -1 -2 -1 -1 -2 0 0 -2 -2 -2 -1 -2 -1 -2 0 -2 0 0 -1 -1 -2 -1 -1 -2 -2 -2 -1 -1 -1
-0.321046052382138 -0.687695149778602 -1.84492281392684 -0.249794860375575 -0.853051590222393 -1 0 0 1 0 1 1 2 0 2 1 0 0 0 0 2 2 1 1 2 1 2 2 2 2 2 2 2 2 2 1 1 1 2 2 0 2 0 0 0 1 1 2 0 0 0 1 2 1 1 1 0 0 0 0 0 1 1 2 1 1 0 0 0 0 0 0 0 2 0 2 1 1 2 1 1 0 0 0 2 1 1 0 2 0 1 0 0 0 0 0 0 0 0 0 2 2 1 1 0 0 0 0 -1 0 -1 -1 -2 0 -2 -1 0 0 0 0 -2 -2 -1 -1 -2 -1 -2 -2 -2 -2 -2 -2 -2 -2 -2 -1 -1 -1 -2 -2 0 -2 0 0 0 -1 -1 -2 0 0 0 -1 -2 -1 -1 -1 0 0 0 0 0 -1 -1 -2 -1 -1 0 0 0 0 0 0 0 -2 0 -2 -1 -1 -2 -1 -1 0 0 0 -2 -1 -1 0 -2 0 -1 0 0 0 0 0 0 0 0 0 -2 -2 -1 -1 0 0
0.46155423106036 0.46704709347442 -0.724701091983637 -0.405341144712035 1.63539561067202 1 0 1 1 0 2 1 2 1 2 2 1 1 0 0 2 1 2 0 2 1 0 2 0 2 0 0 0 2 2 2 1 1 1 2 0 1 1 1 1 1 1 2 1 1 0 1 1 1 0 0 0 0 0 2 1 0 0 2 0 1 1 2 2 1 2 2 0 2 0 2 0 1 2 0 1 0 0 0 2 2 1 0 2 2 2 0 0 0 0 1 0 0 1 1 2 2 2 2 1 2 0 1 1 0 2 1 2 1 2 2 1 1 0 0 2 1 2 0 2 1 0 2 0 2 0 0 0 2 2 2 1 1 1 2 0 1 1 1 1 1 1 2 1 1 0 1 1 1 0 0 0 0 0 2 1 0 0 2 0 1 1 2 2 1 2 2 0 2 0 2 0 1 2 0 1 0 0 0 2 2 1 0 2 2 2 0 0 0 0 1 0 0 1 1 2 2 2 2 1 2
-0.463058547911927 0.30899005094607 -1.59940319671102 -0.75737925017061 -0.0561603198989337 1 2 1 1 0 2 1 2 0 2 2 0 0 0 0 2 0 0 0 2 1 1 2 2 2 1 0 2 2 2 1 2 2 1 1 1 2 2 0 1 2 1 1 1 2 1 2 1 1 1 2 2 1 1 1 0 0 1 0 0 0 0 1 1 1 1 2 1 2 0 2 2 1 2 0 2 1 0 0 1 1 2 0 2 1 2 1 1 0 0 2 0 0 0 0 2 1 2 0 1 2 2 1 1 0 2 1 2 0 2 2 0 0 0 0 2 0 0 0 2 1 1 2 2 2 1 0 2 2 2 1 2 2 1 1 1 2 2 0 1 2 1 1 1 2 1 2 1 1 1 2 2 1 1 1 0 0 1 0 0 0 0 1 1 1 1 2 1 2 0 2 2 1 2 0 2 1 0 0 1 1 2 0 2 1 2 1 1 0 0 2 0 0 0 0 2 1 2 0 1 2
0.345113691853338 -0.219414050146209 0.790603847693389 1.83844833714185 0.132305539220303 -1 1 1 1 0 2 1 2 0 2 1 1 0 0 0 2 0 1 1 2 2 1 2 2 2 2 0 1 2 2 1 2 2 2 2 0 2 0 1 0 1 2 1 0 0 0 0 1 0 1 1 0 1 0 1 0 0 1 2 1 1 1 1 2 1 0 0 0 2 0 1 0 1 2 0 2 1 1 0 1 2 1 0 1 1 1 0 0 0 0 0 1 1 1 1 2 2 2 2 2 1 -1 -1 -1 0 -2 -1 -2 0 -2 -1 -1 0 0 0 -2 0 -1 -1 -2 -2 -1 -2 -2 -2 -2 0 -1 -2 -2 -1 -2 -2 -2 -2 0 -2 0 -1 0 -1 -2 -1 0 0 0 0 -1 0 -1 -1 0 -1 0 -1 0 0 -1 -2 -1 -1 -1 -1 -2 -1 0 0 0 -2 0 -1 0 -1 -2 0 -2 -1 -1 0 -1 -2 -1 0 -1 -1 -1 0 0 0 0 0 -1 -1 -1 -1 -2 -2 -2 -2 -2 -1
-0.898242849113988 0.605960457259571 1.324758512163 -1.33452612471552 -1.90919919964988 -1 1 2 1 0 0 0 1 0 2 1 0 0 0 0 2 1 2 0 1 1 0 2 0 2 2 1 2 2 2 0 1 0 1 0 0 0 0 1 1 2 1 2 1 1 0 0 2 1 1 0 1 0 1 0 0 1 2 2 1 1 0 0 1 0 0 2 1 1 0 0 1 1 2 0 1 0 0 0 2 1 1 0 2 2 2 1 2 0 0 0 0 0 1 1 2 2 2 1 0 2 -1 -2 -1 0 0 0 -1 0 -2 -1 0 0 0 0 -2 -1 -2 0 -1 -1 0 -2 0 -2 -2 -1 -2 -2 -2 0 -1 0 -1 0 0 0 0 -1 -1 -2 -1 -2 -1 -1 0 0 -2 -1 -1 0 -1 0 -1 0 0 -1 -2 -2 -1 -1 0 0 -1 0 0 -2 -1 -1 0 0 -1 -1 -2 0 -1 0 0 0 -2 -1 -1 0 -2 -2 -2 -1 -2 0 0 0 0 0 -1 -1 -2 -2 -2 -1 0 -2
-0.0772270147250072 1.29685143049929 -0.529486589390005 -0.406278430826484 -0.023355256856398 1 0 2 2 0 2 0 0 0 1 0 1 2 0 0 2 0 1 0 1 1 2 2 2 2 1 0 1 2 1 0 2 0 1 0 1 2 0 0 1 2 1 2 0 2 0 1 1 0 2 1 0 1 1 1 0 0 1 2 0 2 1 1 2 2 2 0 0 2 0 2 1 2 2 0 1 0 0 0 1 1 1 0 1 1 2 0 1 0 0 0 0 0 0 1 2 2 1 0 1 1 0 2 2 0 2 0 0 0 1 0 1 2 0 0 2 0 1 0 1 1 2 2 2 2 1 0 1 2 1 0 2 0 1 0 1 2 0 0 1 2 1 2 0 2 0 1 1 0 2 1 0 1 1 1 0 0 1 2 0 2 1 1 2 2 2 0 0 2 0 2 1 2 2 0 1 0 0 0 1 1 1 0 1 1 2 0 1 0 0 0 0 0 0 1 2 2 1 0 1 1
-0.916914445567034 -0.0141005048827177 0.518135181874881 0.976001074151053 1.40425410343094 -1 1 1 0 0 2 0 1 0 1 0 1 0 0 0 2 1 1 0 2 2 1 2 1 2 1 0 1 2 2 0 2 1 0 1 0 2 1 0 1 2 2 2 0 1 0 0 1 0 0 0 1 1 2 0 0 0 2 2 1 1 0 0 1 0 0 2 1 2 0 1 2 2 2 1 2 2 0 0 1 2 1 0 2 0 2 0 1 0 0 0 1 2 1 1 2 2 2 2 2 1 -1 -1 0 0 -2 0 -1 0 -1 0 -1 0 0 0 -2 -1 -1 0 -2 -2 -1 -2 -1 -2 -1 0 -1 -2 -2 0 -2 -1 0 -1 0 -2 -1 0 -1 -2 -2 -2 0 -1 0 0 -1 0 0 0 -1 -1 -2 0 0 0 -2 -2 -1 -1 0 0 -1 0 0 -2 -1 -2 0 -1 -2 -2 -2 -1 -2 -2 0 0 -1 -2 -1 0 -2 0 -2 0 -1 0 0 0 -1 -2 -1 -1 -2 -2 -2 -2 -2 -1
0.264659802999186 0.28414773163963 -0.659495099353587 -1.20102211945166 -0.084836843999774 -1 1 2 2 0 2 2 2 1 2 1 0 0 0 0 2 1 0 0 2 2 0 2 1 2 2 1 2 2 2 1 2 1 1 1 0 1 0 0 1 2 2 2 0 1 0 0 2 1 2 2 0 0 1 2 0 1 2 1 1 0 0 0 2 2 1 1 0 2 0 1 1 2 1 0 2 1 0 0 1 2 1 1 2 2 2 1 2 0 0 0 0 0 1 0 1 2 1 0 0 0 -1 -2 -2 0 -2 -2 -2 -1 -2 -1 0 0 0 0 -2 -1 0 0 -2 -2 0 -2 -1 -2 -2 -1 -2 -2 -2 -1 -2 -1 -1 -1 0 -1 0 0 -1 -2 -2 -2 0 -1 0 0 -2 -1 -2 -2 0 0 -1 -2 0 -1 -2 -1 -1 0 0 0 -2 -2 -1 -1 0 -2 0 -1 -1 -2 -1 0 -2 -1 0 0 -1 -2 -1 -1 -2 -2 -2 -1 -2 0 0 0 0 0 -1 0 -1 -2 -1 0 0 0
0.768667047180339 -0.0228012748725179 -1.07446182013483 0.561082277677484 0.840676197964288 1 1 1 1 0 2 1 1 0 1 0 1 0 0 0 2 1 0 0 2 1 0 2 0 2 1 0 2 0 2 0 2 1 0 1 1 2 1 0 1 2 1 2 0 0 0 0 1 1 1 1 0 0 0 0 0 0 0 2 2 1 0 0 2 0 0 0 0 2 0 2 0 0 1 0 2 2 0 0 1 2 0 0 1 0 2 0 0 0 0 0 0 1 1 1 1 1 2 1 0 1 1 1 1 0 2 1 1 0 1 0 1 0 0 0 2 1 0 0 2 1 0 2 0 2 1 0 2 0 2 0 2 1 0 1 1 2 1 0 1 2 1 2 0 0 0 0 1 1 1 1 0 0 0 0 0 0 0 2 2 1 0 0 2 0 0 0 0 2 0 2 0 0 1 0 2 2 0 0 1 2 0 0 1 0 2 0 0 0 0 0 0 1 1 1 1 1 2 1 0 1
0.480835202202669 0.879003738689512 0.19419868480953 0.0102662652278115 0.414068831728594 1 1 1 0 0 1 0 1 0 2 1 1 1 0 0 2 1 1 0 2 1 1 2 0 2 1 0 1 2 2 1 1 2 2 2 0 2 1 0 2 2 2 2 0 1 0 0 1 2 2 1 1 1 0 0 0 1 1 0 0 0 0 1 2 0 0 1 0 2 0 1 1 1 2 0 2 2 0 0 1 1 1 0 2 1 1 0 1 0 0 0 2 2 1 0 2 2 2 2 2 1 1 1 0 0 1 0 1 0 2 1 1 1 0 0 2 1 1 0 2 1 1 2 0 2 1 0 1 2 2 1 1 2 2 2 0 2 1 0 2 2 2 2 0 1 0 0 1 2 2 1 1 1 0 0 0 1 1 0 0 0 0 1 2 0 0 1 0 2 0 1 1 1 2 0 2 2 0 0 1 1 1 0 2 1 1 0 1 0 0 0 2 2 1 0 2 2 2 2 2 1
-2.05769677965077 -1.62420774838495 -1.37894807353377 0.404622901031741 -0.50984226720352 1 0 1 2 0 2 1 2 2 2 1 2 1 0 0 2 1 1 0 2 2 1 2 2 2 1 1 2 2 2 2 2 2 1 2 0 1 0 0 2 2 1 2 0 2 0 1 1 0 0 1 1 2 1 2 0 1 0 0 0 0 0 0 2 2 2 1 0 2 0 1 2 2 2 2 0 0 0 0 2 2 1 1 1 1 2 1 2 1 2 1 0 0 1 0 2 2 2 1 1 1 0 1 2 0 2 1 2 2 2 1 2 1 0 0 2 1 1 0 2 2 1 2 2 2 1 1 2 2 2 2 2 2 1 2 0 1 0 0 2 2 1 2 0 2 0 1 1 0 0 1 1 2 1 2 0 1 0 0 0 0 0 0 2 2 2 1 0 2 0 1 2 2 2 2 0 0 0 0 2 2 1 1 1 1 2 1 2 1 2 1 0 0 1 0 2 2 2 1 1 1
0.823667905798937 -0.57086533725287 -0.134192030543245 0.538558466439152 1.67202999059217 1 2 1 2 0 2 1 1 1 2 0 1 1 1 0 2 1 1 1 2 2 2 2 0 2 2 0 1 1 2 1 2 2 1 1 0 2 1 0 1 1 2 2 1 1 1 0 1 1 1 2 0 0 0 2 0 0 1 1 0 0 1 0 1 1 1 0 0 2 0 1 1 1 2 0 2 1 0 0 2 2 2 0 1 1 1 0 1 0 0 0 0 1 1 1 2 2 2 2 1 0 2 1 2 0 2 1 1 1 2 0 1 1 1 0 2 1 1 1 2 2 2 2 0 2 2 0 1 1 2 1 2 2 1 1 0 2 1 0 1 1 2 2 1 1 1 0 1 1 1 2 0 0 0 2 0 0 1 1 0 0 1 0 1 1 1 0 0 2 0 1 1 1 2 0 2 1 0 0 2 2 2 0 1 1 1 0 1 0 0 0 0 1 1 1 2 2 2 2 1 0
0.978512503050414 -0.743089702831618 0.781027186702981 1.37531643966974 -0.818343044844423 1 0 1 2 0 2 1 2 1 1 1 1 1 1 0 2 1 0 0 2 2 2 2 1 2 2 0 1 2 2 0 2 1 1 2 1 2 1 0 1 2 2 2 0 1 0 0 0 0 1 2 2 2 1 1 0 0 2 1 1 1 0 1 2 1 1 1 0 2 0 1 1 1 2 0 2 2 0 0 2 2 1 0 1 0 2 0 1 0 0 0 0 0 1 1 1 1 2 1 1 0 0 1 2 0 2 1 2 1 1 1 1 1 1 0 2 1 0 0 2 2 2 2 1 2 2 0 1 2 2 0 2 1 1 2 1 2 1 0 1 2 2 2 0 1 0 0 0 0 1 2 2 2 1 1 0 0 2 1 1 1 0 1 2 1 1 1 0 2 0 1 1 1 2 0 2 2 0 0 2 2 1 0 1 0 2 0 1 0 0 0 0 0 1 1 1 1 2 1 1 0
-0.691835015760821 0.595696452072244 -0.41949818030006 -0.47266384825308 2.19640366494049 1 0 1 1 0 2 0 1 0 1 0 1 0 1 0 2 2 0 0 2 2 0 2 0 2 2 0 0 0 2 0 1 1 1 2 0 1 0 0 0 1 0 1 0 0 0 0 1 0 0 0 0 1 0 1 0 1 0 1 1 1 0 1 2 2 1 1 0 2 0 1 2 1 2 0 1 0 0 0 1 1 1 1 2 1 2 1 1 0 1 0 0 1 1 1 2 2 2 2 1 1 0 1 1 0 2 0 1 0 1 0 1 0 1 0 2 2 0 0 2 2 0 2 0 2 2 0 0 0 2 0 1 1 1 2 0 1 0 0 0 1 0 1 0 0 0 0 1 0 0 0 0 1 0 1 0 1 0 1 1 1 0 1 2 2 1 1 0 2 0 1 2 1 2 0 1 0 0 0 1 1 1 1 2 1 2 1 1 0 1 0 0 1 1 1 2 2 2 2 1 1
-0.699409282967605 -0.946122044301216 1.54425123864978 -0.0776190732080228 -0.324437657517754 1 1 1 2 0 1 1 2 0 2 1 1 0 0 0 2 1 1 0 1 1 1 2 1 1 1 0 1 2 1 0 1 0 1 1 0 2 0 0 1 2 0 2 0 0 0 0 0 0 0 1 1 1 0 1 0 1 0 2 0 1 0 1 2 1 1 0 0 2 0 2 2 2 2 0 1 2 0 0 0 1 0 1 2 1 2 0 1 0 0 1 1 1 0 2 2 2 2 2 1 1 1 1 2 0 1 1 2 0 2 1 1 0 0 0 2 1 1 0 1 1 1 2 1 1 1 0 1 2 1 0 1 0 1 1 0 2 0 0 1 2 0 2 0 0 0 0 0 0 0 1 1 1 0 1 0 1 0 2 0 1 0 1 2 1 1 0 0 2 0 2 2 2 2 0 1 2 0 0 0 1 0 1 2 1 2 0 1 0 0 1 1 1 0 2 2 2 2 2 1 1
-0.523224186908989 -2.14141033143713 1.16623229059178 -0.803924018534369 0.38526387128715 -1 1 2 1 1 2 1 2 1 2 1 2 2 1 0 2 1 0 0 2 1 0 2 2 2 2 0 2 2 2 0 2 2 1 0 0 2 1 2 1 2 1 2 0 0 0 1 1 0 0 1 1 1 0 1 0 1 1 1 0 0 0 0 1 0 0 0 0 2 0 0 0 1 1 0 2 2 0 0 1 2 1 0 2 1 2 1 1 0 0 1 1 1 0 1 2 1 2 2 1 0 -1 -2 -1 -1 -2 -1 -2 -1 -2 -1 -2 -2 -1 0 -2 -1 0 0 -2 -1 0 -2 -2 -2 -2 0 -2 -2 -2 0 -2 -2 -1 0 0 -2 -1 -2 -1 -2 -1 -2 0 0 0 -1 -1 0 0 -1 -1 -1 0 -1 0 -1 -1 -1 0 0 0 0 -1 0 0 0 0 -2 0 0 0 -1 -1 0 -2 -2 0 0 -1 -2 -1 0 -2 -1 -2 -1 -1 0 0 -1 -1 -1 0 -1 -2 -1 -2 -2 -1 0
-1.11950805634818 0.592340368193874 0.668013839527972 0.141255601935045 0.00134776661109696 -1 2 2 1 0 2 2 2 1 2 0 0 0 0 0 2 1 0 0 2 2 0 2 0 2 2 0 2 2 2 1 1 2 2 2 1 1 1 0 1 1 2 2 0 1 0 0 1 1 2 1 1 1 1 1 0 2 2 1 0 1 0 0 2 1 1 2 1 2 0 1 1 2 2 0 2 1 0 0 1 2 2 0 1 2 2 0 1 0 0 0 0 0 0 0 2 2 1 1 1 0 -2 -2 -1 0 -2 -2 -2 -1 -2 0 0 0 0 0 -2 -1 0 0 -2 -2 0 -2 0 -2 -2 0 -2 -2 -2 -1 -1 -2 -2 -2 -1 -1 -1 0 -1 -1 -2 -2 0 -1 0 0 -1 -1 -2 -1 -1 -1 -1 -1 0 -2 -2 -1 0 -1 0 0 -2 -1 -1 -2 -1 -2 0 -1 -1 -2 -2 0 -2 -1 0 0 -1 -2 -2 0 -1 -2 -2 0 -1 0 0 0 0 0 0 0 -2 -2 -1 -1 -1 0
1.82916780399794 0.136741825029243 1.72580110839723 -0.117512663221072 -0.610613187296982 1 0 0 0 0 0 1 2 0 2 1 2 1 1 0 2 1 1 0 1 0 0 2 0 2 2 2 1 2 2 0 2 1 2 2 0 2 1 0 0 0 2 1 0 0 0 1 2 2 2 1 0 0 0 0 0 0 1 1 1 0 0 0 2 0 0 1 0 2 0 2 2 2 2 1 1 1 0 0 1 2 1 1 1 0 1 0 0 0 0 1 0 0 0 1 2 1 2 1 1 1 0 0 0 0 0 1 2 0 2 1 2 1 1 0 2 1 1 0 1 0 0 2 0 2 2 2 1 2 2 0 2 1 2 2 0 2 1 0 0 0 2 1 0 0 0 1 2 2 2 1 0 0 0 0 0 0 1 1 1 0 0 0 2 0 0 1 0 2 0 2 2 2 2 1 1 1 0 0 1 2 1 1 1 0 1 0 0 0 0 1 0 0 0 1 2 1 2 1 1 1
-0.167694690852335 -1.99263607792323 0.660856095839881 -0.0835708985241228 -0.85551167674858 1 1 2 2 0 2 1 2 0 1 1 0 1 1 0 2 2 2 0 2 2 2 2 1 2 2 2 2 2 2 0 1 0 0 0 0 1 0 0 1 2 1 2 0 0 0 0 1 0 1 2 0 1 0 1 0 0 1 1 0 0 0 0 1 0 1 2 0 2 0 1 0 1 2 2 1 0 0 0 2 1 0 0 2 1 2 0 1 0 0 1 0 1 1 0 2 1 2 1 1 0 1 2 2 0 2 1 2 0 1 1 0 1 1 0 2 2 2 0 2 2 2 2 1 2 2 2 2 2 2 0 1 0 0 0 0 1 0 0 1 2 1 2 0 0 0 0 1 0 1 2 0 1 0 1 0 0 1 1 0 0 0 0 1 0 1 2 0 2 0 1 0 1 2 2 1 0 0 0 2 1 0 0 2 1 2 0 1 0 0 1 0 1 1 0 2 1 2 1 1 0
0.712354050398539 0.985699269570188 -0.621084395927571 -1.23664200454764 1.8359420424393 -1 0 0 1 0 0 0 2 0 2 0 0 1 0 0 1 0 1 0 2 0 1 2 1 2 2 2 2 2 2 0 2 2 1 2 0 1 0 1 0 2 1 2 0 0 0 1 2 0 1 1 1 0 1 1 0 0 1 1 1 1 0 1 2 0 0 0 0 1 0 0 0 0 2 0 1 0 0 0 2 2 1 0 2 1 2 1 0 0 0 1 0 0 0 0 2 2 2 2 1 0 0 0 -1 0 0 0 -2 0 -2 0 0 -1 0 0 -1 0 -1 0 -2 0 -1 -2 -1 -2 -2 -2 -2 -2 -2 0 -2 -2 -1 -2 0 -1 0 -1 0 -2 -1 -2 0 0 0 -1 -2 0 -1 -1 -1 0 -1 -1 0 0 -1 -1 -1 -1 0 -1 -2 0 0 0 0 -1 0 0 0 0 -2 0 -1 0 0 0 -2 -2 -1 0 -2 -1 -2 -1 0 0 0 -1 0 0 0 0 -2 -2 -2 -2 -1 0
1.22456965737817 0.285215654739206 0.539150876010168 -1.33327582657385 0.396038958819038 -1 1 1 1 0 2 0 2 1 2 0 1 0 0 0 2 2 1 0 2 1 1 2 1 2 1 0 0 0 2 0 1 1 1 0 0 1 1 1 1 2 2 2 1 0 0 0 1 1 0 0 0 1 1 0 0 1 1 1 1 0 0 0 0 0 0 0 1 2 0 1 1 1 2 0 2 1 0 0 2 2 2 2 1 2 2 0 1 0 0 1 0 1 1 2 2 2 2 1 1 1 -1 -1 -1 0 -2 0 -2 -1 -2 0 -1 0 0 0 -2 -2 -1 0 -2 -1 -1 -2 -1 -2 -1 0 0 0 -2 0 -1 -1 -1 0 0 -1 -1 -1 -1 -2 -2 -2 -1 0 0 0 -1 -1 0 0 0 -1 -1 0 0 -1 -1 -1 -1 0 0 0 0 0 0 0 -1 -2 0 -1 -1 -1 -2 0 -2 -1 0 0 -2 -2 -2 -2 -1 -2 -2 0 -1 0 0 -1 0 -1 -1 -2 -2 -2 -2 -1 -1 -1
-1.54744441160963 -1.04844036823844 0.124919899901263 -1.1207252430514 0.567349528905746 -1 1 2 2 1 2 2 2 0 1 1 1 2 1 0 2 1 1 1 2 2 1 2 0 1 2 1 2 1 2 1 2 2 2 1 0 2 1 1 1 2 0 1 1 1 0 0 2 0 0 2 1 1 2 2 1 2 1 2 1 0 0 1 2 0 0 1 0 2 0 1 0 2 2 1 1 2 0 0 1 2 0 0 1 0 1 0 1 0 0 1 1 1 1 2 2 2 2 1 1 0 -1 -2 -2 -1 -2 -2 -2 0 -1 -1 -1 -2 -1 0 -2 -1 -1 -1 -2 -2 -1 -2 0 -1 -2 -1 -2 -1 -2 -1 -2 -2 -2 -1 0 -2 -1 -1 -1 -2 0 -1 -1 -1 0 0 -2 0 0 -2 -1 -1 -2 -2 -1 -2 -1 -2 -1 0 0 -1 -2 0 0 -1 0 -2 0 -1 0 -2 -2 -1 -1 -2 0 0 -1 -2 0 0 -1 0 -1 0 -1 0 0 -1 -1 -1 -1 -2 -2 -2 -2 -1 -1 0
-1.93385045926556 -0.561874679389081 0.0201600825181255 1.36264621854133 1.22558103030414 -1 0 1 2 1 2 2 2 0 1 1 0 1 1 0 2 2 0 0 1 1 0 2 2 2 1 0 1 2 2 0 2 2 2 2 0 2 1 0 1 1 1 2 1 1 0 1 2 1 1 1 1 0 2 1 0 1 2 1 0 0 1 0 1 0 0 0 0 2 0 1 1 1 2 0 2 2 1 0 1 2 1 1 2 1 2 1 1 0 0 0 0 1 1 1 2 2 2 1 1 0 0 -1 -2 -1 -2 -2 -2 0 -1 -1 0 -1 -1 0 -2 -2 0 0 -1 -1 0 -2 -2 -2 -1 0 -1 -2 -2 0 -2 -2 -2 -2 0 -2 -1 0 -1 -1 -1 -2 -1 -1 0 -1 -2 -1 -1 -1 -1 0 -2 -1 0 -1 -2 -1 0 0 -1 0 -1 0 0 0 0 -2 0 -1 -1 -1 -2 0 -2 -2 -1 0 -1 -2 -1 -1 -2 -1 -2 -1 -1 0 0 0 0 -1 -1 -1 -2 -2 -2 -1 -1 0
3.02110033337806 0.581576693419483 2.30656990037151 0.219834557752424 0.157469244546308 1 0 1 1 0 1 1 1 0 2 2 0 0 0 0 2 1 1 0 1 1 1 2 2 2 1 0 2 1 2 1 2 1 0 1 1 2 1 2 2 2 1 2 1 2 1 1 2 1 2 0 0 0 0 2 0 1 2 1 0 2 1 0 2 0 0 0 1 2 0 1 0 2 2 1 2 1 1 0 2 2 1 1 0 0 2 0 2 0 0 0 1 0 0 0 2 2 2 1 1 1 0 1 1 0 1 1 1 0 2 2 0 0 0 0 2 1 1 0 1 1 1 2 2 2 1 0 2 1 2 1 2 1 0 1 1 2 1 2 2 2 1 2 1 2 1 1 2 1 2 0 0 0 0 2 0 1 2 1 0 2 1 0 2 0 0 0 1 2 0 1 0 2 2 1 2 1 1 0 2 2 1 1 0 0 2 0 2 0 0 0 1 0 0 0 2 2 2 1 1 1
1.21426714426807 0.719219362555291 1.72318361970904 -0.754610570378036 0.12913480505018 1 0 1 2 0 2 1 1 1 2 0 1 2 1 0 2 0 0 0 0 0 0 2 1 2 1 0 2 1 2 0 1 1 1 1 0 1 0 0 0 2 2 2 2 0 0 0 0 0 0 1 0 2 1 2 1 2 2 2 1 0 1 1 2 1 2 1 1 2 0 1 1 1 2 1 2 0 0 0 2 2 2 0 2 2 2 1 1 0 0 1 2 2 0 1 2 2 2 2 2 1 0 1 2 0 2 1 1 1 2 0 1 2 1 0 2 0 0 0 0 0 0 2 1 2 1 0 2 1 2 0 1 1 1 1 0 1 0 0 0 2 2 2 2 0 0 0 0 0 0 1 0 2 1 2 1 2 2 2 1 0 1 1 2 1 2 1 1 2 0 1 1 1 2 1 2 0 0 0 2 2 2 0 2 2 2 1 1 0 0 1 2 2 0 1 2 2 2 2 2 1
2.73690346193593 0.186233933543722 0.0274476411097601 -0.649911209489239 0.106834643371873 1 1 2 1 0 1 1 2 1 2 1 0 1 0 0 2 1 0 0 2 1 0 2 1 2 1 2 2 2 2 2 2 1 0 1 0 2 0 1 1 1 1 1 0 1 0 0 0 0 0 1 1 1 1 1 0 1 2 2 2 0 0 1 2 0 1 2 1 2 0 1 0 1 2 0 2 2 0 0 1 2 1 0 1 0 1 0 0 0 0 1 1 1 1 0 1 2 2 2 1 1 1 2 1 0 1 1 2 1 2 1 0 1 0 0 2 1 0 0 2 1 0 2 1 2 1 2 2 2 2 2 2 1 0 1 0 2 0 1 1 1 1 1 0 1 0 0 0 0 0 1 1 1 1 1 0 1 2 2 2 0 0 1 2 0 1 2 1 2 0 1 0 1 2 0 2 2 0 0 1 2 1 0 1 0 1 0 0 0 0 1 1 1 1 0 1 2 2 2 1 1
1.12541655395252 -0.200715034385388 -0.439644228189705 -1.27074231868105 -0.112449605840214 -1 1 2 2 1 2 2 2 1 2 0 2 0 0 0 1 0 1 0 2 2 1 2 1 2 2 1 2 2 2 1 2 1 2 2 0 1 1 1 0 2 1 1 0 0 1 2 1 0 1 2 0 2 0 0 0 1 2 1 1 0 0 0 1 0 0 1 0 2 0 1 0 0 1 0 2 1 0 0 1 1 0 0 1 0 2 0 1 0 1 1 0 1 2 1 2 2 2 2 2 1 -1 -2 -2 -1 -2 -2 -2 -1 -2 0 -2 0 0 0 -1 0 -1 0 -2 -2 -1 -2 -1 -2 -2 -1 -2 -2 -2 -1 -2 -1 -2 -2 0 -1 -1 -1 0 -2 -1 -1 0 0 -1 -2 -1 0 -1 -2 0 -2 0 0 0 -1 -2 -1 -1 0 0 0 -1 0 0 -1 0 -2 0 -1 0 0 -1 0 -2 -1 0 0 -1 -1 0 0 -1 0 -2 0 -1 0 -1 -1 0 -1 -2 -1 -2 -2 -2 -2 -2 -1
0.745013123903558 -1.27352112717611 -0.589207955236832 1.25697631999365 -0.673913640929698 -1 1 2 1 0 2 2 2 2 2 1 0 0 0 0 2 0 0 0 1 1 1 2 0 2 2 0 1 0 1 1 1 0 2 1 1 1 1 0 1 2 2 2 2 2 0 1 1 1 1 1 0 2 2 1 0 1 2 1 1 1 0 0 1 0 0 1 0 2 0 2 2 2 1 0 1 1 0 0 2 2 1 0 2 1 1 0 2 1 1 0 0 0 0 2 2 2 1 0 1 1 -1 -2 -1 0 -2 -2 -2 -2 -2 -1 0 0 0 0 -2 0 0 0 -1 -1 -1 -2 0 -2 -2 0 -1 0 -1 -1 -1 0 -2 -1 -1 -1 -1 0 -1 -2 -2 -2 -2 -2 0 -1 -1 -1 -1 -1 0 -2 -2 -1 0 -1 -2 -1 -1 -1 0 0 -1 0 0 -1 0 -2 0 -2 -2 -2 -1 0 -1 -1 0 0 -2 -2 -1 0 -2 -1 -1 0 -2 -1 -1 0 0 0 0 -2 -2 -2 -1 0 -1 -1
0.542198717396786 -0.446967308562646 0.456343086840194 -2.12957846593367 1.90129105714534 -1 1 1 1 0 0 0 0 0 0 0 2 2 1 0 2 1 1 0 2 1 1 2 0 2 2 1 2 2 2 1 2 1 1 1 0 2 1 0 0 2 1 2 1 1 0 1 2 1 2 1 0 1 0 0 1 0 1 2 0 1 0 1 2 2 1 2 2 2 0 1 0 2 2 1 1 0 0 0 1 0 0 1 2 0 2 1 2 0 0 0 1 2 2 1 2 2 2 2 2 1 -1 -1 -1 0 0 0 0 0 0 0 -2 -2 -1 0 -2 -1 -1 0 -2 -1 -1 -2 0 -2 -2 -1 -2 -2 -2 -1 -2 -1 -1 -1 0 -2 -1 0 0 -2 -1 -2 -1 -1 0 -1 -2 -1 -2 -1 0 -1 0 0 -1 0 -1 -2 0 -1 0 -1 -2 -2 -1 -2 -2 -2 0 -1 0 -2 -2 -1 -1 0 0 0 -1 0 0 -1 -2 0 -2 -1 -2 0 0 0 -1 -2 -2 -1 -2 -2 -2 -2 -2 -1
0.680801942535541 -0.437388263137923 0.567686516604979 -1.24400591068469 1.36192328224104 1 1 2 2 0 2 1 0 0 1 0 1 1 0 0 1 0 1 0 1 1 0 2 1 2 1 0 1 0 1 0 0 0 0 2 0 1 0 0 0 2 2 2 0 0 0 0 1 0 1 1 1 0 2 1 1 0 2 2 2 0 0 2 2 1 0 0 1 2 0 1 1 2 1 0 2 0 0 0 2 2 2 2 1 0 1 0 1 0 0 0 0 1 1 0 2 1 1 1 1 0 1 2 2 0 2 1 0 0 1 0 1 1 0 0 1 0 1 0 1 1 0 2 1 2 1 0 1 0 1 0 0 0 0 2 0 1 0 0 0 2 2 2 0 0 0 0 1 0 1 1 1 0 2 1 1 0 2 2 2 0 0 2 2 1 0 0 1 2 0 1 1 2 1 0 2 0 0 0 2 2 2 2 1 0 1 0 1 0 0 0 0 1 1 0 2 1 1 1 1 0
-0.924696073334249 -1.03725251306483 0.270171194946523 0.469659910161856 0.211025512393155 -1 1 2 1 1 2 2 2 1 2 1 2 1 1 0 2 1 1 0 2 2 0 2 1 2 1 0 2 1 2 0 1 1 1 2 0 2 1 2 1 2 1 2 0 1 1 2 2 1 1 1 1 1 0 0 0 1 1 1 1 1 2 1 2 1 1 1 0 2 0 2 1 2 2 1 0 1 0 0 2 1 0 0 2 2 2 1 2 0 0 1 1 1 2 0 1 2 1 1 1 2 -1 -2 -1 -1 -2 -2 -2 -1 -2 -1 -2 -1 -1 0 -2 -1 -1 0 -2 -2 0 -2 -1 -2 -1 0 -2 -1 -2 0 -1 -1 -1 -2 0 -2 -1 -2 -1 -2 -1 -2 0 -1 -1 -2 -2 -1 -1 -1 -1 -1 0 0 0 -1 -1 -1 -1 -1 -2 -1 -2 -1 -1 -1 0 -2 0 -2 -1 -2 -2 -1 0 -1 0 0 -2 -1 0 0 -2 -2 -2 -1 -2 0 0 -1 -1 -1 -2 0 -1 -2 -1 -1 -1 -2
-0.776828186368315 -1.68683299940426 -0.625097910687589 -0.752483285418319 -0.0982489522120516 1 1 2 2 0 2 2 2 1 2 0 1 1 0 0 2 1 1 1 2 2 1 2 1 2 2 0 1 1 1 1 2 1 2 2 1 1 0 1 2 2 1 2 0 1 0 2 2 1 1 1 0 1 0 0 0 0 1 1 0 1 1 0 2 0 1 1 0 2 0 1 1 2 2 0 2 1 0 0 2 2 1 0 1 0 1 0 1 0 0 0 0 0 0 1 2 2 2 2 0 0 1 2 2 0 2 2 2 1 2 0 1 1 0 0 2 1 1 1 2 2 1 2 1 2 2 0 1 1 1 1 2 1 2 2 1 1 0 1 2 2 1 2 0 1 0 2 2 1 1 1 0 1 0 0 0 0 1 1 0 1 1 0 2 0 1 1 0 2 0 1 1 2 2 0 2 1 0 0 2 2 1 0 1 0 1 0 1 0 0 0 0 0 0 1 2 2 2 2 0 0
1.12554828057879 -1.19262007297996 -0.792203204896594 -1.11301919901407 -0.841337867241671 1 0 2 2 0 2 1 2 0 1 1 0 1 0 0 2 1 1 0 0 0 0 2 0 2 2 2 2 2 2 1 2 1 1 2 0 0 0 0 1 1 0 1 0 1 0 0 0 0 0 0 0 0 0 1 1 1 2 2 1 2 1 2 2 1 1 2 0 2 0 0 1 1 2 0 2 1 1 0 1 2 1 0 2 1 1 1 2 0 0 0 0 0 1 1 1 2 2 1 0 1 0 2 2 0 2 1 2 0 1 1 0 1 0 0 2 1 1 0 0 0 0 2 0 2 2 2 2 2 2 1 2 1 1 2 0 0 0 0 1 1 0 1 0 1 0 0 0 0 0 0 0 0 0 1 1 1 2 2 1 2 1 2 2 1 1 2 0 2 0 0 1 1 2 0 2 1 1 0 1 2 1 0 2 1 1 1 2 0 0 0 0 0 1 1 1 2 2 1 0 1
-1.54920821556606 2.58316742490324 1.50839351566707 0.0680916677788643 0.637692255254411 -1 1 0 0 0 1 1 2 1 2 1 1 1 1 0 2 1 0 0 2 1 1 2 1 2 1 0 1 2 1 0 1 1 1 1 0 2 1 0 1 1 0 2 0 0 0 0 0 0 1 1 0 1 0 0 0 1 1 2 1 0 0 0 2 0 1 1 2 2 0 1 0 0 2 0 1 1 0 0 0 1 1 1 2 1 2 1 2 0 1 0 1 0 1 1 2 1 2 1 1 0 -1 0 0 0 -1 -1 -2 -1 -2 -1 -1 -1 -1 0 -2 -1 0 0 -2 -1 -1 -2 -1 -2 -1 0 -1 -2 -1 0 -1 -1 -1 -1 0 -2 -1 0 -1 -1 0 -2 0 0 0 0 0 0 -1 -1 0 -1 0 0 0 -1 -1 -2 -1 0 0 0 -2 0 -1 -1 -2 -2 0 -1 0 0 -2 0 -1 -1 0 0 0 -1 -1 -1 -2 -1 -2 -1 -2 0 -1 0 -1 0 -1 -1 -2 -1 -2 -1 -1 0
0.610113089562648 0.540967465032219 -0.238434985950573 0.50341521970068 -1.83133057069822 1 0 1 1 0 2 2 2 1 2 1 1 1 0 0 2 1 0 0 1 0 0 2 0 2 1 0 1 1 2 1 1 2 1 2 0 1 0 0 0 2 1 1 0 0 0 0 1 0 1 1 1 1 2 1 0 0 1 2 2 1 0 0 2 1 1 1 0 2 0 1 2 2 2 0 2 1 0 0 2 1 1 2 2 1 2 0 0 0 0 1 0 0 1 1 1 1 1 0 0 0 0 1 1 0 2 2 2 1 2 1 1 1 0 0 2 1 0 0 1 0 0 2 0 2 1 0 1 1 2 1 1 2 1 2 0 1 0 0 0 2 1 1 0 0 0 0 1 0 1 1 1 1 2 1 0 0 1 2 2 1 0 0 2 1 1 1 0 2 0 1 2 2 2 0 2 1 0 0 2 1 1 2 2 1 2 0 0 0 0 1 0 0 1 1 1 1 1 0 0 0
1.01011327748319 -0.462269339285536 -0.196580003840089 -0.11371890081861 -0.81303936735563 1 1 0 1 0 2 0 1 0 1 0 1 0 0 0 2 2 2 0 1 1 0 2 1 2 2 0 0 2 2 0 2 1 2 1 0 0 1 0 1 2 1 2 0 1 0 1 1 0 1 1 0 1 2 2 1 0 2 1 1 0 0 0 2 2 2 2 1 2 0 1 0 0 2 0 1 1 1 0 1 1 1 1 2 2 2 0 2 0 1 0 0 1 1 1 2 2 2 0 2 1 1 0 1 0 2 0 1 0 1 0 1 0 0 0 2 2 2 0 1 1 0 2 1 2 2 0 0 2 2 0 2 1 2 1 0 0 1 0 1 2 1 2 0 1 0 1 1 0 1 1 0 1 2 2 1 0 2 1 1 0 0 0 2 2 2 2 1 2 0 1 0 0 2 0 1 1 1 0 1 1 1 1 2 2 2 0 2 0 1 0 0 1 1 1 2 2 2 0 2 1
-0.198870503148615 0.163782623934656 -1.3472417086942 1.75449119153519 -0.920418404963599 -1 0 2 1 0 2 2 2 0 2 1 1 0 0 0 2 1 1 0 2 2 1 2 0 2 1 1 0 1 2 0 1 1 1 1 0 1 1 1 2 2 1 1 1 2 0 0 1 0 1 0 1 1 1 0 0 0 1 2 1 0 1 1 2 1 1 1 0 2 0 1 1 0 2 0 0 1 0 0 2 2 1 0 1 0 2 0 1 0 0 0 0 0 0 0 0 2 2 2 2 0 0 -2 -1 0 -2 -2 -2 0 -2 -1 -1 0 0 0 -2 -1 -1 0 -2 -2 -1 -2 0 -2 -1 -1 0 -1 -2 0 -1 -1 -1 -1 0 -1 -1 -1 -2 -2 -1 -1 -1 -2 0 0 -1 0 -1 0 -1 -1 -1 0 0 0 -1 -2 -1 0 -1 -1 -2 -1 -1 -1 0 -2 0 -1 -1 0 -2 0 0 -1 0 0 -2 -2 -1 0 -1 0 -2 0 -1 0 0 0 0 0 0 0 0 -2 -2 -2 -2 0
-1.8038451103675 -0.799670974082626 -0.51086002106292 -0.230155574326835 0.611498936619981 1 0 2 1 0 2 2 2 1 2 1 0 1 0 0 2 1 1 0 1 0 0 2 1 2 2 0 1 2 2 0 2 2 2 0 0 2 1 0 0 2 1 1 0 1 0 0 0 0 0 1 0 1 1 0 0 1 1 1 0 1 0 0 2 2 2 2 0 2 0 2 0 1 2 0 0 2 0 0 0 1 0 0 2 0 1 0 0 0 0 0 0 0 1 1 2 2 2 1 0 0 0 2 1 0 2 2 2 1 2 1 0 1 0 0 2 1 1 0 1 0 0 2 1 2 2 0 1 2 2 0 2 2 2 0 0 2 1 0 0 2 1 1 0 1 0 0 0 0 0 1 0 1 1 0 0 1 1 1 0 1 0 0 2 2 2 2 0 2 0 2 0 1 2 0 0 2 0 0 0 1 0 0 2 0 1 0 0 0 0 0 0 0 1 1 2 2 2 1 0 0
