-1.16836112014134 -0.155967046227794 1.36784080130176 -0.0828417106552952 0.299176022254315 1 2 2 2 2 2 1 0 0 0 1 2 1 1 2 0 2 1 2 0 1 2 2 0 2 2 1 1 1 0 0 0 1 1 0 0 1 0 1 2 1 1 1 2 1 2 2 0 1 0 2 0 2 0 2 0 1 1 2 1 2 2 1 1 2 2 2 2 1 0 1 1 1 0 1 1 1 2 0 0 0 0 2 2 2 0 0 1 1 2 0 1 0 2 1 0 0 0 0 0 1 2 2 2 2 2 1 0 0 0 1 2 1 1 2 0 2 1 2 0 1 2 2 0 2 2 1 1 1 0 0 0 1 1 0 0 1 0 1 2 1 1 1 2 1 2 2 0 1 0 2 0 2 0 2 0 1 1 2 1 2 2 1 1 2 2 2 2 1 0 1 1 1 0 1 1 1 2 0 0 0 0 2 2 2 0 0 1 1 2 0 1 0 2 1 0 0 0 0 0 1
0.480040335536091 0.747453297732351 -0.191277910706938 0.13832054680645 -0.495341238570865 1 2 2 2 1 0 2 1 2 0 2 2 2 2 2 1 0 0 2 0 0 0 0 1 1 1 1 2 2 0 0 1 0 0 0 0 0 0 1 2 2 2 1 2 0 0 2 0 2 0 2 0 2 0 0 0 1 0 2 2 2 1 0 1 2 2 2 2 1 1 1 0 1 1 1 0 1 1 2 1 1 0 2 1 2 0 1 1 1 1 1 2 2 2 2 0 0 1 1 2 2 2 2 2 1 0 2 1 2 0 2 2 2 2 2 1 0 0 2 0 0 0 0 1 1 1 1 2 2 0 0 1 0 0 0 0 0 0 1 2 2 2 1 2 0 0 2 0 2 0 2 0 2 0 0 0 1 0 2 2 2 1 0 1 2 2 2 2 1 1 1 0 1 1 1 0 1 1 2 1 1 0 2 1 2 0 1 1 1 1 1 2 2 2 2 0 0 1 1 2 2
0.110404979900657 -1.57629460555507 0.327948967923323 -1.00645180281767 -1.52599802212201 1 2 2 1 2 0 2 1 2 0 1 1 1 1 1 0 1 0 2 0 0 0 1 2 2 2 1 1 0 0 0 1 2 0 1 2 1 0 1 2 1 1 1 2 0 1 2 0 2 0 2 0 2 1 1 0 2 0 2 2 0 0 0 0 2 2 1 2 2 1 1 1 1 0 0 1 1 1 1 0 0 0 2 2 2 0 0 2 2 2 0 0 2 2 2 0 0 2 1 0 1 2 2 1 2 0 2 1 2 0 1 1 1 1 1 0 1 0 2 0 0 0 1 2 2 2 1 1 0 0 0 1 2 0 1 2 1 0 1 2 1 1 1 2 0 1 2 0 2 0 2 0 2 1 1 0 2 0 2 2 0 0 0 0 2 2 1 2 2 1 1 1 1 0 0 1 1 1 1 0 0 0 2 2 2 0 0 2 2 2 0 0 2 2 2 0 0 2 1 0 1
-0.377187803670434 -1.42520036307516 0.806641623613497 0.949187973226842 0.126256098730477 -1 2 2 2 2 1 1 0 1 1 1 2 0 1 2 1 2 0 2 0 1 0 1 0 0 1 1 2 1 0 1 2 1 0 1 1 2 0 0 2 0 1 1 1 1 1 2 0 2 1 2 0 2 1 2 0 2 0 2 2 0 0 0 0 2 2 1 2 1 1 1 1 2 1 1 0 1 2 0 1 0 0 2 2 2 1 1 2 2 2 0 0 2 2 2 0 0 1 2 1 2 -2 -2 -2 -2 -1 -1 0 -1 -1 -1 -2 0 -1 -2 -1 -2 0 -2 0 -1 0 -1 0 0 -1 -1 -2 -1 0 -1 -2 -1 0 -1 -1 -2 0 0 -2 0 -1 -1 -1 -1 -1 -2 0 -2 -1 -2 0 -2 -1 -2 0 -2 0 -2 -2 0 0 0 0 -2 -2 -1 -2 -1 -1 -1 -1 -2 -1 -1 0 -1 -2 0 -1 0 0 -2 -2 -2 -1 -1 -2 -2 -2 0 0 -2 -2 -2 0 0 -1 -2 -1 -2
-0.901087592576008 0.951375230385234 1.78479656231704 -0.276337866457866 -2.32782536079713 -1 2 1 2 2 1 2 0 2 0 1 2 1 1 2 1 0 0 2 0 1 1 2 1 1 2 0 2 2 1 0 1 1 0 0 2 2 0 1 2 2 2 2 2 0 2 2 0 1 0 2 0 2 0 1 1 2 2 2 1 1 0 0 0 1 1 1 1 1 1 1 0 1 0 1 1 2 2 0 0 0 1 2 2 2 1 1 2 1 1 1 0 1 1 1 0 0 1 2 2 2 -2 -1 -2 -2 -1 -2 0 -2 0 -1 -2 -1 -1 -2 -1 0 0 -2 0 -1 -1 -2 -1 -1 -2 0 -2 -2 -1 0 -1 -1 0 0 -2 -2 0 -1 -2 -2 -2 -2 -2 0 -2 -2 0 -1 0 -2 0 -2 0 -1 -1 -2 -2 -2 -1 -1 0 0 0 -1 -1 -1 -1 -1 -1 -1 0 -1 0 -1 -1 -2 -2 0 0 0 -1 -2 -2 -2 -1 -1 -2 -1 -1 -1 0 -1 -1 -1 0 0 -1 -2 -2 -2
0.285713796259273 -1.21167705198431 0.808216267639298 -2.90773555207202 1.40610867865626 -1 1 1 2 2 2 1 0 1 0 1 2 1 1 2 1 2 0 2 1 1 0 1 1 0 2 0 1 1 0 0 1 0 0 0 1 2 0 0 2 1 2 2 1 0 1 2 0 2 0 2 0 2 0 2 0 1 0 1 1 0 0 0 0 2 2 2 2 2 1 1 0 2 0 2 0 0 1 0 1 0 1 2 2 2 1 1 2 2 1 1 1 1 2 2 0 0 1 1 1 2 -1 -1 -2 -2 -2 -1 0 -1 0 -1 -2 -1 -1 -2 -1 -2 0 -2 -1 -1 0 -1 -1 0 -2 0 -1 -1 0 0 -1 0 0 0 -1 -2 0 0 -2 -1 -2 -2 -1 0 -1 -2 0 -2 0 -2 0 -2 0 -2 0 -1 0 -1 -1 0 0 0 0 -2 -2 -2 -2 -2 -1 -1 0 -2 0 -2 0 0 -1 0 -1 0 -1 -2 -2 -2 -1 -1 -2 -2 -1 -1 -1 -1 -2 -2 0 0 -1 -1 -1 -2
1.37506275117632 1.40914125433962 1.42652115447384 -0.43607544226662 2.0850171981511 1 2 2 2 2 1 1 0 2 0 1 2 0 1 2 0 2 0 2 0 2 1 1 0 1 2 2 2 1 0 1 1 1 1 1 1 2 0 1 2 0 2 0 1 0 1 2 0 2 0 2 0 2 1 2 0 2 0 2 2 2 1 2 1 1 0 0 2 0 1 1 0 2 0 1 1 1 2 0 1 1 1 2 2 2 0 1 2 2 1 0 0 2 1 2 0 0 1 0 1 0 2 2 2 2 1 1 0 2 0 1 2 0 1 2 0 2 0 2 0 2 1 1 0 1 2 2 2 1 0 1 1 1 1 1 1 2 0 1 2 0 2 0 1 0 1 2 0 2 0 2 0 2 1 2 0 2 0 2 2 2 1 2 1 1 0 0 2 0 1 1 0 2 0 1 1 1 2 0 1 1 1 2 2 2 0 1 2 2 1 0 0 2 1 2 0 0 1 0 1 0
1.65964846087866 -1.68296492090313 0.201359339125171 -2.17203026162218 0.497453331853321 -1 2 2 2 2 2 2 1 2 0 1 2 1 2 2 2 0 0 2 0 2 2 1 1 2 2 2 2 2 0 0 0 0 0 0 1 2 0 1 2 1 0 0 1 0 1 1 0 2 0 2 1 2 1 2 1 2 0 1 1 1 0 0 0 2 1 1 1 1 0 0 0 2 1 1 0 2 2 0 0 1 0 2 2 2 0 0 1 1 0 1 1 2 2 2 0 0 2 1 2 1 -2 -2 -2 -2 -2 -2 -1 -2 0 -1 -2 -1 -2 -2 -2 0 0 -2 0 -2 -2 -1 -1 -2 -2 -2 -2 -2 0 0 0 0 0 0 -1 -2 0 -1 -2 -1 0 0 -1 0 -1 -1 0 -2 0 -2 -1 -2 -1 -2 -1 -2 0 -1 -1 -1 0 0 0 -2 -1 -1 -1 -1 0 0 0 -2 -1 -1 0 -2 -2 0 0 -1 0 -2 -2 -2 0 0 -1 -1 0 -1 -1 -2 -2 -2 0 0 -2 -1 -2 -1
1.75719387903931 0.78931431367812 1.82756037143146 0.0763773910903953 0.512017105090212 1 2 2 2 2 1 0 0 2 1 2 2 1 1 2 1 0 0 2 0 0 1 1 1 1 2 1 2 2 0 1 1 1 0 0 1 0 0 1 2 0 1 1 1 1 0 1 0 2 0 2 0 1 2 2 0 2 2 2 1 1 0 1 1 2 2 1 2 2 1 1 0 1 0 1 0 0 1 0 0 0 0 2 2 2 0 0 2 1 1 0 0 1 1 1 0 0 0 0 0 1 2 2 2 2 1 0 0 2 1 2 2 1 1 2 1 0 0 2 0 0 1 1 1 1 2 1 2 2 0 1 1 1 0 0 1 0 0 1 2 0 1 1 1 1 0 1 0 2 0 2 0 1 2 2 0 2 2 2 1 1 0 1 1 2 2 1 2 2 1 1 0 1 0 1 0 0 1 0 0 0 0 2 2 2 0 0 2 1 1 0 0 1 1 1 0 0 0 0 0 1
0.825724442085609 0.64343268782168 -0.634964812398779 0.185461223910229 0.270887375641668 1 2 1 1 2 1 2 0 2 0 2 2 2 2 2 1 1 0 2 0 2 1 1 2 2 2 2 2 2 0 2 1 1 0 0 1 2 0 0 2 1 1 2 2 0 2 2 0 2 0 2 0 2 1 2 0 2 0 2 1 1 0 0 1 2 1 1 0 0 0 1 0 2 0 0 0 0 1 0 0 0 0 2 1 2 0 0 0 2 2 0 0 2 2 2 0 0 1 1 1 2 2 1 1 2 1 2 0 2 0 2 2 2 2 2 1 1 0 2 0 2 1 1 2 2 2 2 2 2 0 2 1 1 0 0 1 2 0 0 2 1 1 2 2 0 2 2 0 2 0 2 0 2 1 2 0 2 0 2 1 1 0 0 1 2 1 1 0 0 0 1 0 2 0 0 0 0 1 0 0 0 0 2 1 2 0 0 0 2 2 0 0 2 2 2 0 0 1 1 1 2
-1.57733793074419 -1.09327787029092 1.24987968949452 0.579858091847207 0.991689570928208 -1 2 2 2 2 2 2 0 1 0 0 1 1 2 2 1 1 0 2 1 1 0 1 0 1 2 0 1 0 0 1 2 0 1 0 2 2 0 0 2 1 2 2 2 0 1 2 0 0 0 2 0 2 1 1 0 2 0 2 2 2 0 0 0 2 1 2 2 1 0 0 1 1 0 0 0 0 1 0 1 1 0 2 1 2 0 1 2 2 0 0 0 1 2 1 0 0 1 1 2 2 -2 -2 -2 -2 -2 -2 0 -1 0 0 -1 -1 -2 -2 -1 -1 0 -2 -1 -1 0 -1 0 -1 -2 0 -1 0 0 -1 -2 0 -1 0 -2 -2 0 0 -2 -1 -2 -2 -2 0 -1 -2 0 0 0 -2 0 -2 -1 -1 0 -2 0 -2 -2 -2 0 0 0 -2 -1 -2 -2 -1 0 0 -1 -1 0 0 0 0 -1 0 -1 -1 0 -2 -1 -2 0 -1 -2 -2 0 0 0 -1 -2 -1 0 0 -1 -1 -2 -2
1.24761174134012 1.34487216238001 0.309127322736038 1.78055441154921 -0.612288526550873 -1 2 2 2 2 1 1 0 2 0 1 2 1 1 2 0 2 0 1 0 1 2 2 2 1 2 1 2 1 0 1 2 2 1 1 2 2 0 1 2 1 0 1 2 0 1 2 0 2 0 2 0 0 0 2 0 2 0 2 1 0 0 0 1 1 0 2 2 1 0 0 0 2 0 0 1 2 2 0 1 1 1 2 2 2 1 1 2 1 1 0 0 2 2 2 0 0 2 2 2 2 -2 -2 -2 -2 -1 -1 0 -2 0 -1 -2 -1 -1 -2 0 -2 0 -1 0 -1 -2 -2 -2 -1 -2 -1 -2 -1 0 -1 -2 -2 -1 -1 -2 -2 0 -1 -2 -1 0 -1 -2 0 -1 -2 0 -2 0 -2 0 0 0 -2 0 -2 0 -2 -1 0 0 0 -1 -1 0 -2 -2 -1 0 0 0 -2 0 0 -1 -2 -2 0 -1 -1 -1 -2 -2 -2 -1 -1 -2 -1 -1 0 0 -2 -2 -2 0 0 -2 -2 -2 -2
0.899137356465871 1.39093912989475 0.0312104919041534 1.45223920236974 0.213742450649718 -1 2 2 2 2 2 2 0 2 0 1 2 0 2 2 1 2 1 2 0 2 2 2 2 2 2 1 1 0 0 1 1 2 1 0 1 1 0 1 2 1 0 0 2 1 1 1 0 2 1 2 0 1 0 0 0 2 1 2 1 2 1 0 0 2 1 2 2 1 2 1 1 1 0 0 1 1 2 2 2 1 1 2 2 2 1 1 1 2 1 0 0 2 2 2 0 0 1 2 0 2 -2 -2 -2 -2 -2 -2 0 -2 0 -1 -2 0 -2 -2 -1 -2 -1 -2 0 -2 -2 -2 -2 -2 -2 -1 -1 0 0 -1 -1 -2 -1 0 -1 -1 0 -1 -2 -1 0 0 -2 -1 -1 -1 0 -2 -1 -2 0 -1 0 0 0 -2 -1 -2 -1 -2 -1 0 0 -2 -1 -2 -2 -1 -2 -1 -1 -1 0 0 -1 -1 -2 -2 -2 -1 -1 -2 -2 -2 -1 -1 -1 -2 -1 0 0 -2 -2 -2 0 0 -1 -2 0 -2
-0.849429669677221 0.837301473613332 0.681196688802361 -0.215870992100161 0.309970457455392 1 2 1 2 2 1 2 0 1 1 1 2 2 1 2 1 2 0 2 1 1 1 2 1 2 2 2 2 1 0 1 1 1 0 0 2 2 0 2 2 2 2 0 1 0 1 1 0 2 0 2 0 2 2 2 1 2 1 2 1 0 0 0 0 1 1 1 2 0 1 2 0 1 0 0 0 0 2 0 1 0 0 2 2 2 0 0 0 1 0 0 1 2 2 2 0 0 1 1 2 2 2 1 2 2 1 2 0 1 1 1 2 2 1 2 1 2 0 2 1 1 1 2 1 2 2 2 2 1 0 1 1 1 0 0 2 2 0 2 2 2 2 0 1 0 1 1 0 2 0 2 0 2 2 2 1 2 1 2 1 0 0 0 0 1 1 1 2 0 1 2 0 1 0 0 0 0 2 0 1 0 0 2 2 2 0 0 0 1 0 0 1 2 2 2 0 0 1 1 2 2
0.159082515701539 0.498368299221311 -0.0841274961099367 0.340695658198776 1.20671142162569 -1 2 2 0 2 1 1 0 1 1 1 2 1 2 2 2 2 0 2 0 1 2 2 1 2 2 1 1 1 0 1 1 1 0 0 2 2 0 1 1 0 2 1 1 0 0 1 0 2 0 2 0 1 0 1 0 1 0 2 1 1 1 0 0 2 1 0 1 0 0 0 0 1 0 2 1 0 1 0 1 0 0 2 2 2 1 0 1 1 0 1 1 2 1 2 0 1 2 2 2 2 -2 -2 0 -2 -1 -1 0 -1 -1 -1 -2 -1 -2 -2 -2 -2 0 -2 0 -1 -2 -2 -1 -2 -2 -1 -1 -1 0 -1 -1 -1 0 0 -2 -2 0 -1 -1 0 -2 -1 -1 0 0 -1 0 -2 0 -2 0 -1 0 -1 0 -1 0 -2 -1 -1 -1 0 0 -2 -1 0 -1 0 0 0 0 -1 0 -2 -1 0 -1 0 -1 0 0 -2 -2 -2 -1 0 -1 -1 0 -1 -1 -2 -1 -2 0 -1 -2 -2 -2 -2
-0.181967640297137 -0.575425676926794 0.14536943528067 0.254532063446024 1.13737494618214 -1 2 2 1 2 1 2 1 2 0 0 2 1 2 2 1 2 0 2 0 2 1 1 2 1 2 1 2 1 0 1 2 1 1 0 1 1 0 0 2 1 1 0 2 0 0 2 0 2 0 2 0 1 1 2 1 2 0 2 0 0 0 0 0 0 0 0 1 0 0 0 0 1 0 0 0 0 1 0 0 0 0 2 2 2 0 1 2 2 1 1 0 0 1 2 0 0 1 1 1 1 -2 -2 -1 -2 -1 -2 -1 -2 0 0 -2 -1 -2 -2 -1 -2 0 -2 0 -2 -1 -1 -2 -1 -2 -1 -2 -1 0 -1 -2 -1 -1 0 -1 -1 0 0 -2 -1 -1 0 -2 0 0 -2 0 -2 0 -2 0 -1 -1 -2 -1 -2 0 -2 0 0 0 0 0 0 0 0 -1 0 0 0 0 -1 0 0 0 0 -1 0 0 0 0 -2 -2 -2 0 -1 -2 -2 -1 -1 0 0 -1 -2 0 0 -1 -1 -1 -1
-1.96729675201708 -0.718438685793748 0.617268060679663 0.458725338951911 -0.88909746833225 -1 2 2 2 2 0 1 0 2 0 1 2 1 2 2 2 2 0 2 0 1 2 1 2 1 2 2 2 1 0 1 1 1 0 0 1 1 0 1 1 1 2 2 1 0 0 2 0 2 0 2 0 1 0 2 1 1 0 0 1 1 1 1 1 2 1 2 1 1 1 2 1 2 1 1 0 0 1 1 1 0 0 2 2 2 0 1 1 1 0 0 0 0 1 2 0 0 2 1 0 1 -2 -2 -2 -2 0 -1 0 -2 0 -1 -2 -1 -2 -2 -2 -2 0 -2 0 -1 -2 -1 -2 -1 -2 -2 -2 -1 0 -1 -1 -1 0 0 -1 -1 0 -1 -1 -1 -2 -2 -1 0 0 -2 0 -2 0 -2 0 -1 0 -2 -1 -1 0 0 -1 -1 -1 -1 -1 -2 -1 -2 -1 -1 -1 -2 -1 -2 -1 -1 0 0 -1 -1 -1 0 0 -2 -2 -2 0 -1 -1 -1 0 0 0 0 -1 -2 0 0 -2 -1 0 -1
-0.772049005798506 0.91530925970851 -0.311069656663186 -1.56218778023598 0.280696317615933 1 2 2 2 2 2 2 0 2 0 1 2 2 2 2 1 2 0 2 1 0 0 1 1 0 2 0 0 1 0 0 0 1 1 0 2 2 0 0 1 1 1 1 1 0 0 2 0 2 0 2 0 1 0 2 0 2 0 2 1 1 0 0 0 1 0 0 0 1 1 0 0 1 0 0 0 0 0 0 2 1 0 2 2 2 1 1 2 2 2 0 1 2 2 2 0 1 2 2 2 2 2 2 2 2 2 2 0 2 0 1 2 2 2 2 1 2 0 2 1 0 0 1 1 0 2 0 0 1 0 0 0 1 1 0 2 2 0 0 1 1 1 1 1 0 0 2 0 2 0 2 0 1 0 2 0 2 0 2 1 1 0 0 0 1 0 0 0 1 1 0 0 1 0 0 0 0 0 0 2 1 0 2 2 2 1 1 2 2 2 0 1 2 2 2 0 1 2 2 2 2
1.9140759200801 0.341077775198363 0.0417629084632027 0.867547743512067 -1.71366525347759 -1 1 1 2 2 1 2 0 2 0 1 2 2 2 1 0 1 0 2 1 1 2 2 1 1 2 1 2 1 0 2 2 1 0 1 1 1 0 1 2 1 1 1 1 0 1 2 1 2 0 2 0 2 1 2 0 2 0 2 0 1 1 0 1 2 1 2 2 2 2 2 2 2 0 0 0 1 2 1 1 1 1 2 2 2 0 1 1 2 0 1 0 2 2 2 0 0 1 2 1 1 -1 -1 -2 -2 -1 -2 0 -2 0 -1 -2 -2 -2 -1 0 -1 0 -2 -1 -1 -2 -2 -1 -1 -2 -1 -2 -1 0 -2 -2 -1 0 -1 -1 -1 0 -1 -2 -1 -1 -1 -1 0 -1 -2 -1 -2 0 -2 0 -2 -1 -2 0 -2 0 -2 0 -1 -1 0 -1 -2 -1 -2 -2 -2 -2 -2 -2 -2 0 0 0 -1 -2 -1 -1 -1 -1 -2 -2 -2 0 -1 -1 -2 0 -1 0 -2 -2 -2 0 0 -1 -2 -1 -1
2.31949441339923 0.95807807657323 -1.97453037367369 -1.54005025244564 0.544940706363626 -1 2 2 2 2 1 2 1 2 1 2 2 0 0 2 0 0 0 1 0 2 2 2 0 0 1 1 2 1 0 0 1 1 0 0 1 1 0 1 2 0 0 1 2 2 1 2 0 1 0 2 0 1 0 2 0 2 1 0 0 1 0 0 1 2 2 1 2 1 0 1 0 2 0 1 1 1 2 0 0 0 0 1 1 2 1 0 1 1 1 0 0 2 2 2 0 0 2 1 1 1 -2 -2 -2 -2 -1 -2 -1 -2 -1 -2 -2 0 0 -2 0 0 0 -1 0 -2 -2 -2 0 0 -1 -1 -2 -1 0 0 -1 -1 0 0 -1 -1 0 -1 -2 0 0 -1 -2 -2 -1 -2 0 -1 0 -2 0 -1 0 -2 0 -2 -1 0 0 -1 0 0 -1 -2 -2 -1 -2 -1 0 -1 0 -2 0 -1 -1 -1 -2 0 0 0 0 -1 -1 -2 -1 0 -1 -1 -1 0 0 -2 -2 -2 0 0 -2 -1 -1 -1
0.909909035144054 -0.735009256175894 0.478211767770181 0.417249119409759 -0.0337119716110639 -1 1 0 2 2 1 2 1 2 0 0 2 0 0 1 0 2 0 2 0 0 1 1 2 2 2 1 1 0 0 2 2 2 1 2 2 2 0 0 1 1 1 1 1 0 1 2 0 2 0 2 0 2 1 2 1 1 1 2 1 1 0 0 0 1 0 0 2 0 1 1 1 2 1 2 2 1 2 1 2 0 1 2 2 2 1 0 2 2 2 1 0 0 2 2 1 1 1 2 1 1 -1 0 -2 -2 -1 -2 -1 -2 0 0 -2 0 0 -1 0 -2 0 -2 0 0 -1 -1 -2 -2 -2 -1 -1 0 0 -2 -2 -2 -1 -2 -2 -2 0 0 -1 -1 -1 -1 -1 0 -1 -2 0 -2 0 -2 0 -2 -1 -2 -1 -1 -1 -2 -1 -1 0 0 0 -1 0 0 -2 0 -1 -1 -1 -2 -1 -2 -2 -1 -2 -1 -2 0 -1 -2 -2 -2 -1 0 -2 -2 -2 -1 0 0 -2 -2 -1 -1 -1 -2 -1 -1
0.518041610230777 0.119081955264448 1.20846476688206 -0.251824772763376 0.0280724509267235 -1 1 2 2 2 1 1 0 2 0 1 2 1 1 2 1 2 0 1 0 1 1 1 0 1 2 2 1 0 1 0 1 2 1 0 2 2 0 0 2 1 0 2 1 0 1 2 0 2 0 2 0 2 0 2 0 2 1 2 2 2 1 1 2 2 1 1 2 2 2 1 1 2 0 1 0 1 2 1 2 1 0 1 2 2 1 0 1 2 0 1 1 1 1 2 0 0 2 2 2 2 -1 -2 -2 -2 -1 -1 0 -2 0 -1 -2 -1 -1 -2 -1 -2 0 -1 0 -1 -1 -1 0 -1 -2 -2 -1 0 -1 0 -1 -2 -1 0 -2 -2 0 0 -2 -1 0 -2 -1 0 -1 -2 0 -2 0 -2 0 -2 0 -2 0 -2 -1 -2 -2 -2 -1 -1 -2 -2 -1 -1 -2 -2 -2 -1 -1 -2 0 -1 0 -1 -2 -1 -2 -1 0 -1 -2 -2 -1 0 -1 -2 0 -1 -1 -1 -1 -2 0 0 -2 -2 -2 -2
-0.269290624238088 0.816363438597609 0.135554910915104 -2.19281235583443 2.1001810528423 1 0 1 2 2 1 2 1 1 0 1 2 1 2 2 1 2 0 1 0 1 2 2 2 2 2 2 1 1 0 0 2 2 1 0 2 2 0 0 2 0 1 1 2 0 1 2 0 2 0 2 0 2 1 2 0 2 0 1 1 1 0 0 0 1 2 1 2 1 0 1 0 2 0 2 0 0 2 0 0 0 0 2 1 2 0 0 2 2 1 0 0 1 2 2 0 0 2 2 1 1 0 1 2 2 1 2 1 1 0 1 2 1 2 2 1 2 0 1 0 1 2 2 2 2 2 2 1 1 0 0 2 2 1 0 2 2 0 0 2 0 1 1 2 0 1 2 0 2 0 2 0 2 1 2 0 2 0 1 1 1 0 0 0 1 2 1 2 1 0 1 0 2 0 2 0 0 2 0 0 0 0 2 1 2 0 0 2 2 1 0 0 1 2 2 0 0 2 2 1 1
-0.208877588455056 -1.4619506084114 0.519676855553269 -0.652739352773263 1.95889724942538 1 2 2 2 2 1 1 0 1 0 1 1 0 0 2 0 1 0 1 0 1 1 1 2 2 2 2 2 1 1 1 2 1 0 0 2 2 0 1 2 1 1 2 2 0 1 2 0 2 1 2 0 2 0 2 0 2 1 1 1 0 0 0 0 1 1 2 2 2 0 0 0 0 0 0 0 0 2 0 1 0 1 2 2 2 0 0 2 2 1 0 1 2 2 2 0 0 0 0 1 2 2 2 2 2 1 1 0 1 0 1 1 0 0 2 0 1 0 1 0 1 1 1 2 2 2 2 2 1 1 1 2 1 0 0 2 2 0 1 2 1 1 2 2 0 1 2 0 2 1 2 0 2 0 2 0 2 1 1 1 0 0 0 0 1 1 2 2 2 0 0 0 0 0 0 0 0 2 0 1 0 1 2 2 2 0 0 2 2 1 0 1 2 2 2 0 0 0 0 1 2
0.682889742373039 0.613417298713979 -0.301480735997916 0.905958236616632 -2.16314544011718 1 2 2 1 2 0 0 0 2 0 1 2 1 1 2 0 2 0 2 0 1 1 1 1 1 1 2 0 0 0 1 1 2 1 1 1 2 0 0 2 0 1 1 2 1 1 2 0 2 0 2 0 2 1 1 0 1 0 2 1 2 0 0 1 2 1 2 2 2 0 1 0 2 1 1 0 1 2 1 2 1 0 2 2 2 2 1 2 2 2 1 1 2 1 2 0 0 2 2 0 1 2 2 1 2 0 0 0 2 0 1 2 1 1 2 0 2 0 2 0 1 1 1 1 1 1 2 0 0 0 1 1 2 1 1 1 2 0 0 2 0 1 1 2 1 1 2 0 2 0 2 0 2 1 1 0 1 0 2 1 2 0 0 1 2 1 2 2 2 0 1 0 2 1 1 0 1 2 1 2 1 0 2 2 2 2 1 2 2 2 1 1 2 1 2 0 0 2 2 0 1
-0.16768057290132 -1.33865057833715 0.30730527868508 0.0563820648706321 -0.0356307010597468 -1 2 1 2 2 0 1 0 1 1 0 2 0 2 2 0 2 1 2 0 1 2 1 0 0 2 1 2 2 0 0 1 1 1 1 2 0 0 1 1 0 0 0 0 0 2 2 0 2 0 2 1 2 1 2 1 2 1 1 2 2 0 1 1 2 2 1 2 1 0 1 0 2 0 0 0 0 2 0 1 0 0 2 2 2 0 0 1 2 1 0 1 2 2 2 0 0 1 2 2 2 -2 -1 -2 -2 0 -1 0 -1 -1 0 -2 0 -2 -2 0 -2 -1 -2 0 -1 -2 -1 0 0 -2 -1 -2 -2 0 0 -1 -1 -1 -1 -2 0 0 -1 -1 0 0 0 0 0 -2 -2 0 -2 0 -2 -1 -2 -1 -2 -1 -2 -1 -1 -2 -2 0 -1 -1 -2 -2 -1 -2 -1 0 -1 0 -2 0 0 0 0 -2 0 -1 0 0 -2 -2 -2 0 0 -1 -2 -1 0 -1 -2 -2 -2 0 0 -1 -2 -2 -2
0.865802501189265 0.651770038871846 1.6994069809311 1.91999938525597 -1.21720586487514 1 2 1 2 2 2 2 0 1 1 2 2 1 2 2 0 1 0 2 0 1 1 0 0 1 1 1 1 0 0 0 0 0 0 0 2 2 0 0 2 0 1 1 1 1 2 2 1 2 0 2 0 2 0 2 1 2 1 2 2 2 0 0 0 2 2 2 2 1 1 2 1 2 0 2 1 2 2 0 1 1 1 2 2 2 1 0 2 2 0 0 0 2 2 2 0 0 2 2 1 1 2 1 2 2 2 2 0 1 1 2 2 1 2 2 0 1 0 2 0 1 1 0 0 1 1 1 1 0 0 0 0 0 0 0 2 2 0 0 2 0 1 1 1 1 2 2 1 2 0 2 0 2 0 2 1 2 1 2 2 2 0 0 0 2 2 2 2 1 1 2 1 2 0 2 1 2 2 0 1 1 1 2 2 2 1 0 2 2 0 0 0 2 2 2 0 0 2 2 1 1
-0.268928244358716 -0.668929529046308 -2.14345505712402 -0.727175135811446 -0.879755530825513 -1 1 1 2 2 1 2 0 2 0 0 1 0 0 2 1 2 0 2 1 2 1 2 1 1 2 1 1 1 0 0 2 2 1 0 1 1 0 1 2 0 0 0 1 0 1 2 0 2 0 2 0 2 0 0 0 1 1 2 1 1 1 1 0 2 1 2 2 1 1 1 1 2 0 1 0 1 1 0 0 0 0 2 2 2 1 0 2 2 2 1 1 1 1 2 0 0 1 0 0 2 -1 -1 -2 -2 -1 -2 0 -2 0 0 -1 0 0 -2 -1 -2 0 -2 -1 -2 -1 -2 -1 -1 -2 -1 -1 -1 0 0 -2 -2 -1 0 -1 -1 0 -1 -2 0 0 0 -1 0 -1 -2 0 -2 0 -2 0 -2 0 0 0 -1 -1 -2 -1 -1 -1 -1 0 -2 -1 -2 -2 -1 -1 -1 -1 -2 0 -1 0 -1 -1 0 0 0 0 -2 -2 -2 -1 0 -2 -2 -2 -1 -1 -1 -1 -2 0 0 -1 0 0 -2
-1.28373371673993 0.587886768177533 0.0661760981179172 -0.0527853879454492 -1.38001934185659 1 2 1 2 2 2 2 0 2 0 0 2 1 2 2 1 2 0 2 0 1 2 2 0 0 2 0 1 1 0 1 2 1 0 0 2 2 0 1 2 0 0 0 2 1 1 2 0 2 0 2 0 2 0 1 0 1 0 2 2 1 1 0 1 2 1 1 2 1 0 0 0 2 0 1 0 0 0 0 1 0 1 2 1 2 0 0 1 1 0 1 0 2 2 1 0 0 0 1 1 2 2 1 2 2 2 2 0 2 0 0 2 1 2 2 1 2 0 2 0 1 2 2 0 0 2 0 1 1 0 1 2 1 0 0 2 2 0 1 2 0 0 0 2 1 1 2 0 2 0 2 0 2 0 1 0 1 0 2 2 1 1 0 1 2 1 1 2 1 0 0 0 2 0 1 0 0 0 0 1 0 1 2 1 2 0 0 1 1 0 1 0 2 2 1 0 0 0 1 1 2
0.709623298904849 0.700261592185031 -0.131248245944704 -0.456049176110567 0.12278814130289 -1 2 2 2 2 0 1 0 2 0 1 1 0 1 2 1 2 0 1 0 2 2 2 2 1 2 1 1 1 0 0 1 0 0 0 1 2 0 0 2 2 2 1 2 0 0 2 0 1 0 2 0 2 1 2 0 2 0 2 2 1 1 1 1 2 0 0 1 0 0 0 0 2 0 2 0 2 1 1 2 0 0 2 2 2 2 0 2 2 1 0 0 1 1 1 0 0 0 0 0 2 -2 -2 -2 -2 0 -1 0 -2 0 -1 -1 0 -1 -2 -1 -2 0 -1 0 -2 -2 -2 -2 -1 -2 -1 -1 -1 0 0 -1 0 0 0 -1 -2 0 0 -2 -2 -2 -1 -2 0 0 -2 0 -1 0 -2 0 -2 -1 -2 0 -2 0 -2 -2 -1 -1 -1 -1 -2 0 0 -1 0 0 0 0 -2 0 -2 0 -2 -1 -1 -2 0 0 -2 -2 -2 -2 0 -2 -2 -1 0 0 -1 -1 -1 0 0 0 0 0 -2
0.73312262247214 1.2136383750873 -1.06024649931843 -0.157141722524785 2.25135514543705 -1 2 2 2 2 2 2 1 2 2 1 2 0 1 2 1 1 0 1 0 2 1 1 1 0 1 1 1 1 0 1 2 1 1 1 2 2 0 1 2 1 1 1 1 0 1 1 0 2 1 2 0 2 1 1 0 1 0 2 0 2 1 0 1 2 2 1 2 1 0 1 0 1 0 1 0 0 1 0 0 1 1 2 2 2 2 1 1 2 2 1 1 2 2 2 0 0 1 1 1 2 -2 -2 -2 -2 -2 -2 -1 -2 -2 -1 -2 0 -1 -2 -1 -1 0 -1 0 -2 -1 -1 -1 0 -1 -1 -1 -1 0 -1 -2 -1 -1 -1 -2 -2 0 -1 -2 -1 -1 -1 -1 0 -1 -1 0 -2 -1 -2 0 -2 -1 -1 0 -1 0 -2 0 -2 -1 0 -1 -2 -2 -1 -2 -1 0 -1 0 -1 0 -1 0 0 -1 0 0 -1 -1 -2 -2 -2 -2 -1 -1 -2 -2 -1 -1 -2 -2 -2 0 0 -1 -1 -1 -2
0.692214263491603 0.448738826727477 -0.0164048867536868 -0.633307678251201 -0.149024999492003 -1 2 2 2 2 2 1 1 2 1 2 2 2 2 2 2 1 0 1 0 2 2 2 2 1 2 1 2 1 0 1 1 1 1 0 2 2 0 0 2 1 2 2 2 0 1 2 0 2 0 2 1 2 1 2 1 2 1 1 1 1 1 0 0 1 0 1 2 1 1 1 0 2 0 1 1 0 0 0 0 0 0 2 0 1 1 0 1 1 0 0 1 1 2 2 0 1 2 2 1 2 -2 -2 -2 -2 -2 -1 -1 -2 -1 -2 -2 -2 -2 -2 -2 -1 0 -1 0 -2 -2 -2 -2 -1 -2 -1 -2 -1 0 -1 -1 -1 -1 0 -2 -2 0 0 -2 -1 -2 -2 -2 0 -1 -2 0 -2 0 -2 -1 -2 -1 -2 -1 -2 -1 -1 -1 -1 -1 0 0 -1 0 -1 -2 -1 -1 -1 0 -2 0 -1 -1 0 0 0 0 0 0 -2 0 -1 -1 0 -1 -1 0 0 -1 -1 -2 -2 0 -1 -2 -2 -1 -2
1.08866117714095 -2.85217804506939 -1.57204751116113 1.01003322352012 0.268190022327398 1 2 2 2 2 1 2 1 2 0 1 1 0 0 2 0 0 0 2 0 1 1 1 2 1 2 1 1 2 0 1 2 2 1 2 2 2 0 0 1 0 0 0 1 0 1 2 0 2 1 2 0 2 1 1 1 2 1 2 1 2 1 1 2 2 1 2 2 1 0 1 0 2 0 1 0 0 2 0 0 0 0 1 2 2 1 0 2 2 1 0 0 2 1 2 0 0 0 1 1 1 2 2 2 2 1 2 1 2 0 1 1 0 0 2 0 0 0 2 0 1 1 1 2 1 2 1 1 2 0 1 2 2 1 2 2 2 0 0 1 0 0 0 1 0 1 2 0 2 1 2 0 2 1 1 1 2 1 2 1 2 1 1 2 2 1 2 2 1 0 1 0 2 0 1 0 0 2 0 0 0 0 1 2 2 1 0 2 2 1 0 0 2 1 2 0 0 0 1 1 1
0.250601925606367 1.34630067185984 0.70527199317551 -0.967068646902217 -0.197489188741936 1 2 2 2 2 1 1 0 2 0 0 2 1 2 2 1 2 1 2 0 1 1 2 1 1 2 1 1 2 1 2 2 2 0 0 2 1 0 1 2 1 1 0 1 0 0 2 0 1 0 2 0 2 1 1 0 2 1 0 0 1 0 1 1 2 1 1 1 1 0 1 1 2 0 0 0 0 2 0 0 0 1 2 2 2 0 0 2 2 1 0 0 1 1 2 0 0 1 1 2 2 2 2 2 2 1 1 0 2 0 0 2 1 2 2 1 2 1 2 0 1 1 2 1 1 2 1 1 2 1 2 2 2 0 0 2 1 0 1 2 1 1 0 1 0 0 2 0 1 0 2 0 2 1 1 0 2 1 0 0 1 0 1 1 2 1 1 1 1 0 1 1 2 0 0 0 0 2 0 0 0 1 2 2 2 0 0 2 2 1 0 0 1 1 2 0 0 1 1 2 2
1.70232849391881 -0.423097038066746 -0.327618208542072 1.75748337945888 -0.436806456783519 1 2 2 2 2 2 2 0 2 0 2 2 1 1 2 0 0 0 1 1 2 0 0 2 2 2 2 1 1 0 1 2 2 1 1 2 2 0 2 2 1 1 2 2 0 0 2 0 2 0 2 0 1 1 2 0 2 1 2 1 1 1 0 1 2 0 1 2 1 1 2 1 1 0 1 0 1 2 0 0 1 1 2 2 2 1 1 2 1 0 1 0 1 0 2 0 0 1 2 2 2 2 2 2 2 2 2 0 2 0 2 2 1 1 2 0 0 0 1 1 2 0 0 2 2 2 2 1 1 0 1 2 2 1 1 2 2 0 2 2 1 1 2 2 0 0 2 0 2 0 2 0 1 1 2 0 2 1 2 1 1 1 0 1 2 0 1 2 1 1 2 1 1 0 1 0 1 2 0 0 1 1 2 2 2 1 1 2 1 0 1 0 1 0 2 0 0 1 2 2 2
-0.665538015741029 -0.425645582094392 0.674139289284687 -0.496383121038208 -0.974950126777765 -1 2 0 2 2 1 1 0 2 1 1 2 2 2 2 1 2 0 2 0 1 2 1 1 2 2 1 1 0 0 1 2 1 0 1 2 2 0 0 2 2 2 1 2 0 1 2 0 1 0 2 0 2 1 2 0 1 0 2 2 2 1 0 0 1 1 1 1 1 1 1 0 2 0 1 0 0 2 1 2 1 0 2 2 2 1 1 2 2 1 1 2 2 2 2 0 0 0 1 0 2 -2 0 -2 -2 -1 -1 0 -2 -1 -1 -2 -2 -2 -2 -1 -2 0 -2 0 -1 -2 -1 -1 -2 -2 -1 -1 0 0 -1 -2 -1 0 -1 -2 -2 0 0 -2 -2 -2 -1 -2 0 -1 -2 0 -1 0 -2 0 -2 -1 -2 0 -1 0 -2 -2 -2 -1 0 0 -1 -1 -1 -1 -1 -1 -1 0 -2 0 -1 0 0 -2 -1 -2 -1 0 -2 -2 -2 -1 -1 -2 -2 -1 -1 -2 -2 -2 -2 0 0 0 -1 0 -2
-1.00902964396747 1.2955129476568 0.241661121710714 -0.601748931658342 -0.231708022311523 1 2 0 2 2 1 2 0 2 0 1 1 0 1 2 1 2 0 1 0 0 0 0 0 0 0 0 0 0 0 0 0 1 0 0 1 1 0 0 2 0 0 1 1 0 2 1 0 2 1 2 1 2 2 2 1 2 0 1 1 1 0 1 0 1 1 2 1 1 1 2 1 2 0 0 0 0 0 1 1 0 1 2 2 2 1 0 2 2 1 0 0 1 2 2 0 0 1 1 2 2 2 0 2 2 1 2 0 2 0 1 1 0 1 2 1 2 0 1 0 0 0 0 0 0 0 0 0 0 0 0 0 1 0 0 1 1 0 0 2 0 0 1 1 0 2 1 0 2 1 2 1 2 2 2 1 2 0 1 1 1 0 1 0 1 1 2 1 1 1 2 1 2 0 0 0 0 0 1 1 0 1 2 2 2 1 0 2 2 1 0 0 1 2 2 0 0 1 1 2 2
1.27885639691076 -0.249075181042593 -1.32510069003043 -0.463125901927775 -0.00431515494956045 -1 2 2 2 2 1 2 2 2 0 1 2 0 1 2 0 2 0 2 2 2 2 2 1 1 1 1 1 1 0 1 2 2 0 0 1 1 0 0 1 1 2 1 1 0 0 1 0 2 0 2 0 2 0 1 0 2 0 2 0 0 0 0 0 1 0 0 1 0 1 1 0 1 0 0 0 0 1 0 0 0 1 2 2 2 0 1 2 2 1 1 0 2 2 2 0 0 1 0 1 1 -2 -2 -2 -2 -1 -2 -2 -2 0 -1 -2 0 -1 -2 0 -2 0 -2 -2 -2 -2 -2 -1 -1 -1 -1 -1 -1 0 -1 -2 -2 0 0 -1 -1 0 0 -1 -1 -2 -1 -1 0 0 -1 0 -2 0 -2 0 -2 0 -1 0 -2 0 -2 0 0 0 0 0 -1 0 0 -1 0 -1 -1 0 -1 0 0 0 0 -1 0 0 0 -1 -2 -2 -2 0 -1 -2 -2 -1 -1 0 -2 -2 -2 0 0 -1 0 -1 -1
-1.80644087229474 -0.151054960667608 0.700482070031999 -0.496278377778041 -0.576091141052642 1 2 2 2 2 2 2 1 2 0 0 2 1 2 2 0 1 0 2 0 1 0 0 1 2 2 2 1 1 1 1 1 1 0 1 2 2 0 1 2 1 1 1 1 1 2 2 1 2 0 2 1 2 1 2 0 2 0 2 0 1 0 0 0 2 0 1 2 1 1 0 0 1 0 1 0 0 1 0 1 0 0 1 2 2 1 1 1 1 1 1 0 1 2 1 0 0 1 1 0 2 2 2 2 2 2 2 1 2 0 0 2 1 2 2 0 1 0 2 0 1 0 0 1 2 2 2 1 1 1 1 1 1 0 1 2 2 0 1 2 1 1 1 1 1 2 2 1 2 0 2 1 2 1 2 0 2 0 2 0 1 0 0 0 2 0 1 2 1 1 0 0 1 0 1 0 0 1 0 1 0 0 1 2 2 1 1 1 1 1 1 0 1 2 1 0 0 1 1 0 2
-1.41450919781267 0.855706955742183 -1.06770172831084 -0.77938141243927 0.415629624901924 1 1 2 2 2 1 2 1 2 0 2 2 1 1 2 0 2 0 2 0 2 1 1 1 1 2 2 1 1 0 1 2 1 0 0 2 2 0 1 2 1 1 2 2 1 2 2 0 1 0 2 0 2 0 2 1 2 1 2 1 1 0 0 0 1 1 1 1 0 1 0 0 2 0 1 0 1 2 0 0 0 1 2 2 2 0 0 1 2 2 0 1 2 2 1 0 0 0 0 0 1 1 2 2 2 1 2 1 2 0 2 2 1 1 2 0 2 0 2 0 2 1 1 1 1 2 2 1 1 0 1 2 1 0 0 2 2 0 1 2 1 1 2 2 1 2 2 0 1 0 2 0 2 0 2 1 2 1 2 1 1 0 0 0 1 1 1 1 0 1 0 0 2 0 1 0 1 2 0 0 0 1 2 2 2 0 0 1 2 2 0 1 2 2 1 0 0 0 0 0 1
-0.784706894087563 0.625442728321423 -0.799476571916954 -0.311715994315288 0.953267944563107 1 1 2 2 2 1 2 1 2 0 0 1 0 1 2 0 2 1 2 1 1 1 1 1 1 2 0 1 2 0 1 1 0 0 1 2 2 0 1 2 0 1 1 1 0 0 2 0 2 0 2 0 2 2 2 2 2 1 2 1 1 0 0 0 2 2 1 1 0 1 2 0 1 0 2 1 1 2 1 0 1 1 2 2 2 1 0 2 2 1 1 2 2 1 2 0 0 1 1 0 1 1 2 2 2 1 2 1 2 0 0 1 0 1 2 0 2 1 2 1 1 1 1 1 1 2 0 1 2 0 1 1 0 0 1 2 2 0 1 2 0 1 1 1 0 0 2 0 2 0 2 0 2 2 2 2 2 1 2 1 1 0 0 0 2 2 1 1 0 1 2 0 1 0 2 1 1 2 1 0 1 1 2 2 2 1 0 2 2 1 1 2 2 1 2 0 0 1 1 0 1
-0.291402719142324 0.636040419947031 0.213381407001188 0.366179618638128 0.858777959013926 -1 2 2 1 2 0 1 0 1 0 2 2 1 1 2 0 2 0 2 0 1 0 1 0 0 1 2 1 1 0 1 1 2 1 0 1 2 0 0 2 0 0 0 1 0 1 2 0 2 0 2 1 2 1 1 0 1 0 1 1 1 0 0 0 2 1 1 1 0 1 0 0 1 0 1 1 1 2 1 2 0 0 2 1 2 0 1 1 1 0 0 0 1 2 2 0 0 1 1 2 2 -2 -2 -1 -2 0 -1 0 -1 0 -2 -2 -1 -1 -2 0 -2 0 -2 0 -1 0 -1 0 0 -1 -2 -1 -1 0 -1 -1 -2 -1 0 -1 -2 0 0 -2 0 0 0 -1 0 -1 -2 0 -2 0 -2 -1 -2 -1 -1 0 -1 0 -1 -1 -1 0 0 0 -2 -1 -1 -1 0 -1 0 0 -1 0 -1 -1 -1 -2 -1 -2 0 0 -2 -1 -2 0 -1 -1 -1 0 0 0 -1 -2 -2 0 0 -1 -1 -2 -2
-0.340334034590579 -0.608101837814389 -0.109174252623922 0.910681720537108 0.38252148889768 1 2 2 2 2 2 2 0 1 0 1 2 0 1 2 0 1 1 2 0 1 1 2 2 2 2 1 2 2 0 1 0 1 0 0 0 1 0 2 2 2 2 2 1 0 0 2 0 2 0 2 0 1 0 2 1 2 0 2 1 1 0 0 1 2 1 2 1 0 1 0 0 1 0 0 0 1 2 1 1 0 1 1 1 2 0 0 0 2 0 0 0 1 1 1 0 0 1 1 0 0 2 2 2 2 2 2 0 1 0 1 2 0 1 2 0 1 1 2 0 1 1 2 2 2 2 1 2 2 0 1 0 1 0 0 0 1 0 2 2 2 2 2 1 0 0 2 0 2 0 2 0 1 0 2 1 2 0 2 1 1 0 0 1 2 1 2 1 0 1 0 0 1 0 0 0 1 2 1 1 0 1 1 1 2 0 0 0 2 0 0 0 1 1 1 0 0 1 1 0 0
-0.572081431214013 -0.851524600362862 1.30234594245022 -0.386824059625441 -0.678689994984194 1 2 2 1 2 1 1 0 2 1 2 2 1 1 2 0 0 0 1 0 2 2 1 2 2 2 1 1 1 0 0 0 1 0 0 2 2 0 0 2 0 0 0 1 0 1 2 0 2 0 2 1 2 1 2 0 2 0 2 1 1 1 0 0 2 1 2 2 1 2 0 0 1 0 1 1 0 1 0 1 0 1 2 1 2 0 0 1 2 1 0 1 1 1 1 0 0 0 0 1 2 2 2 1 2 1 1 0 2 1 2 2 1 1 2 0 0 0 1 0 2 2 1 2 2 2 1 1 1 0 0 0 1 0 0 2 2 0 0 2 0 0 0 1 0 1 2 0 2 0 2 1 2 1 2 0 2 0 2 1 1 1 0 0 2 1 2 2 1 2 0 0 1 0 1 1 0 1 0 1 0 1 2 1 2 0 0 1 2 1 0 1 1 1 1 0 0 0 0 1 2
1.84830498227827 -0.198618274836278 -0.765601359046709 0.303742447209909 -1.08592202658456 -1 1 1 2 2 1 1 0 2 0 1 2 1 2 2 1 0 0 2 1 1 2 2 1 0 2 2 2 1 0 1 0 2 1 0 0 1 0 2 2 1 1 1 1 0 1 2 0 2 1 2 0 2 1 1 0 2 0 2 1 1 0 0 1 2 1 1 2 1 0 1 0 1 0 0 0 1 2 2 2 1 1 2 2 2 0 0 2 2 1 1 1 2 2 2 0 0 1 1 2 2 -1 -1 -2 -2 -1 -1 0 -2 0 -1 -2 -1 -2 -2 -1 0 0 -2 -1 -1 -2 -2 -1 0 -2 -2 -2 -1 0 -1 0 -2 -1 0 0 -1 0 -2 -2 -1 -1 -1 -1 0 -1 -2 0 -2 -1 -2 0 -2 -1 -1 0 -2 0 -2 -1 -1 0 0 -1 -2 -1 -1 -2 -1 0 -1 0 -1 0 0 0 -1 -2 -2 -2 -1 -1 -2 -2 -2 0 0 -2 -2 -1 -1 -1 -2 -2 -2 0 0 -1 -1 -2 -2
-0.851603623141206 -0.177072370835191 -0.689518213303964 -0.343996277780473 1.06315047754486 -1 2 2 2 2 2 2 0 2 0 0 2 1 1 2 1 1 1 2 0 2 1 2 1 0 1 2 1 1 0 1 1 1 0 1 1 1 0 1 2 0 0 0 1 0 1 2 0 2 0 2 0 2 0 2 1 2 0 2 1 1 1 0 0 2 2 2 2 2 0 1 1 2 0 0 0 0 1 0 0 0 1 2 2 2 1 0 1 2 1 0 0 0 2 2 0 0 1 2 0 1 -2 -2 -2 -2 -2 -2 0 -2 0 0 -2 -1 -1 -2 -1 -1 -1 -2 0 -2 -1 -2 -1 0 -1 -2 -1 -1 0 -1 -1 -1 0 -1 -1 -1 0 -1 -2 0 0 0 -1 0 -1 -2 0 -2 0 -2 0 -2 0 -2 -1 -2 0 -2 -1 -1 -1 0 0 -2 -2 -2 -2 -2 0 -1 -1 -2 0 0 0 0 -1 0 0 0 -1 -2 -2 -2 -1 0 -1 -2 -1 0 0 0 -2 -2 0 0 -1 -2 0 -1
-0.579920928377495 0.103235876389816 1.75267629371224 0.86078797205218 0.761691207491162 1 2 2 2 2 2 2 1 1 0 0 1 0 2 2 0 0 0 2 0 0 0 1 2 1 2 0 0 0 0 0 0 0 0 0 1 1 0 0 1 0 0 0 0 0 0 1 0 1 0 2 0 1 0 1 0 2 1 1 1 1 0 0 1 2 1 2 2 1 1 1 0 2 0 1 0 0 1 1 1 1 1 1 1 2 1 1 2 2 1 1 2 2 2 2 0 0 1 2 1 1 2 2 2 2 2 2 1 1 0 0 1 0 2 2 0 0 0 2 0 0 0 1 2 1 2 0 0 0 0 0 0 0 0 0 1 1 0 0 1 0 0 0 0 0 0 1 0 1 0 2 0 1 0 1 0 2 1 1 1 1 0 0 1 2 1 2 2 1 1 1 0 2 0 1 0 0 1 1 1 1 1 1 1 2 1 1 2 2 1 1 2 2 2 2 0 0 1 2 1 1
-0.859390263495786 1.04967765090138 0.703936573091598 0.722763618228113 0.693776796338286 1 2 2 2 2 1 1 0 2 0 1 2 1 2 2 0 2 1 2 1 1 2 2 0 1 2 2 1 1 0 1 1 1 0 0 1 0 0 0 2 1 1 1 1 0 0 1 0 1 0 2 0 2 0 1 0 2 0 2 1 1 0 0 1 2 2 1 2 2 1 1 0 2 1 1 0 0 2 1 1 1 2 1 2 2 0 0 2 2 0 1 1 1 1 2 0 0 1 0 0 1 2 2 2 2 1 1 0 2 0 1 2 1 2 2 0 2 1 2 1 1 2 2 0 1 2 2 1 1 0 1 1 1 0 0 1 0 0 0 2 1 1 1 1 0 0 1 0 1 0 2 0 2 0 1 0 2 0 2 1 1 0 0 1 2 2 1 2 2 1 1 0 2 1 1 0 0 2 1 1 1 2 1 2 2 0 0 2 2 0 1 1 1 1 2 0 0 1 0 0 1
-0.0123319728443521 -0.900108366147476 0.0223895959695248 -0.691913469217726 0.463788259824932 1 2 1 2 2 0 1 0 2 1 0 2 1 1 2 0 0 0 2 1 1 0 0 1 1 2 1 1 1 0 1 1 1 0 1 2 2 0 0 2 1 2 1 1 0 2 2 0 2 0 2 0 1 1 2 0 2 0 2 1 1 0 0 1 1 1 2 1 1 2 1 1 2 0 1 0 0 2 2 1 0 0 2 2 2 1 0 1 2 1 1 0 1 2 2 0 0 0 0 0 1 2 1 2 2 0 1 0 2 1 0 2 1 1 2 0 0 0 2 1 1 0 0 1 1 2 1 1 1 0 1 1 1 0 1 2 2 0 0 2 1 2 1 1 0 2 2 0 2 0 2 0 1 1 2 0 2 0 2 1 1 0 0 1 1 1 2 1 1 2 1 1 2 0 1 0 0 2 2 1 0 0 2 2 2 1 0 1 2 1 1 0 1 2 2 0 0 0 0 0 1
-0.879917682574972 -0.697859037346333 -0.176105377622742 -0.496797510055193 0.518125211101948 -1 2 2 2 2 2 2 1 2 1 1 2 1 0 2 0 1 0 2 0 0 1 2 2 2 1 1 1 0 1 2 2 1 0 0 0 2 0 2 2 1 1 1 0 0 0 1 0 2 0 2 0 2 1 1 0 2 1 1 1 1 0 0 0 2 1 2 2 1 1 2 2 2 1 1 0 0 1 1 0 0 0 2 2 2 2 1 2 2 1 1 2 1 1 2 0 0 2 1 1 2 -2 -2 -2 -2 -2 -2 -1 -2 -1 -1 -2 -1 0 -2 0 -1 0 -2 0 0 -1 -2 -2 -2 -1 -1 -1 0 -1 -2 -2 -1 0 0 0 -2 0 -2 -2 -1 -1 -1 0 0 0 -1 0 -2 0 -2 0 -2 -1 -1 0 -2 -1 -1 -1 -1 0 0 0 -2 -1 -2 -2 -1 -1 -2 -2 -2 -1 -1 0 0 -1 -1 0 0 0 -2 -2 -2 -2 -1 -2 -2 -1 -1 -2 -1 -1 -2 0 0 -2 -1 -1 -2
0.467402410763443 0.302079826791613 0.169866993178644 -0.0299036209539042 -0.862969523237646 1 1 2 2 2 0 0 0 2 0 0 1 0 1 2 1 2 0 1 0 0 0 0 2 2 2 1 0 1 0 1 2 1 1 1 2 2 0 2 2 2 2 2 2 1 2 2 0 1 0 2 0 2 1 1 1 2 0 2 1 2 0 0 0 1 1 2 1 1 0 1 1 2 0 0 0 0 1 0 1 0 0 2 2 2 1 1 2 2 1 1 1 2 2 2 0 0 1 1 0 2 1 2 2 2 0 0 0 2 0 0 1 0 1 2 1 2 0 1 0 0 0 0 2 2 2 1 0 1 0 1 2 1 1 1 2 2 0 2 2 2 2 2 2 1 2 2 0 1 0 2 0 2 1 1 1 2 0 2 1 2 0 0 0 1 1 2 1 1 0 1 1 2 0 0 0 0 1 0 1 0 0 2 2 2 1 1 2 2 1 1 1 2 2 2 0 0 1 1 0 2
0.0265863680320797 0.388814217627023 0.591418116322277 -0.839689763055119 0.547083694251123 1 0 1 2 2 0 0 0 2 1 1 2 0 1 2 0 1 0 2 0 1 0 1 2 1 2 1 1 1 0 0 0 0 0 0 2 1 0 2 2 0 1 1 1 0 2 2 0 2 1 2 1 2 1 1 1 2 0 2 2 2 0 0 1 2 1 2 2 0 0 1 0 1 0 0 0 1 1 1 1 2 0 2 2 2 1 0 1 2 1 0 1 0 1 2 0 0 2 2 1 2 0 1 2 2 0 0 0 2 1 1 2 0 1 2 0 1 0 2 0 1 0 1 2 1 2 1 1 1 0 0 0 0 0 0 2 1 0 2 2 0 1 1 1 0 2 2 0 2 1 2 1 2 1 1 1 2 0 2 2 2 0 0 1 2 1 2 2 0 0 1 0 1 0 0 0 1 1 1 1 2 0 2 2 2 1 0 1 2 1 0 1 0 1 2 0 0 2 2 1 2
0.749238164844765 0.516907362032747 0.904512723101681 -0.724707047324074 -0.186764914581753 1 2 2 2 2 1 0 0 2 1 1 2 1 2 2 2 2 0 2 0 1 1 2 1 2 2 1 1 0 1 1 1 1 0 0 2 2 0 2 2 0 1 2 2 0 0 2 0 2 0 2 1 2 1 2 1 2 1 2 1 1 1 0 0 2 1 1 2 0 0 1 0 2 0 1 0 0 0 1 1 0 0 2 2 2 1 0 1 2 1 2 1 1 1 2 0 0 2 2 2 1 2 2 2 2 1 0 0 2 1 1 2 1 2 2 2 2 0 2 0 1 1 2 1 2 2 1 1 0 1 1 1 1 0 0 2 2 0 2 2 0 1 2 2 0 0 2 0 2 0 2 1 2 1 2 1 2 1 2 1 1 1 0 0 2 1 1 2 0 0 1 0 2 0 1 0 0 0 1 1 0 0 2 2 2 1 0 1 2 1 2 1 1 1 2 0 0 2 2 2 1
-1.11176341095334 -0.673435704850932 0.59143479452648 -0.166322703586868 -0.588882427448607 -1 2 2 2 2 2 1 0 2 1 2 2 2 1 2 2 1 0 2 0 0 2 2 2 1 2 0 1 0 0 1 1 2 0 0 2 1 0 0 2 2 0 0 1 0 1 2 0 1 0 2 0 1 0 1 1 2 0 2 2 2 1 0 0 1 1 2 1 1 0 0 0 2 0 1 0 0 1 1 1 0 0 2 2 2 0 0 1 2 1 0 0 2 2 2 0 0 1 1 1 1 -2 -2 -2 -2 -2 -1 0 -2 -1 -2 -2 -2 -1 -2 -2 -1 0 -2 0 0 -2 -2 -2 -1 -2 0 -1 0 0 -1 -1 -2 0 0 -2 -1 0 0 -2 -2 0 0 -1 0 -1 -2 0 -1 0 -2 0 -1 0 -1 -1 -2 0 -2 -2 -2 -1 0 0 -1 -1 -2 -1 -1 0 0 0 -2 0 -1 0 0 -1 -1 -1 0 0 -2 -2 -2 0 0 -1 -2 -1 0 0 -2 -2 -2 0 0 -1 -1 -1 -1
1.58148617612023 1.57478442562513 -0.663306818789182 0.364754858750738 -1.00842643869326 -1 2 1 2 2 1 2 1 2 0 1 2 1 0 2 0 1 0 2 0 1 1 1 2 1 2 2 2 0 0 0 1 0 0 1 1 1 0 0 2 1 1 1 0 0 1 2 0 1 0 2 0 1 1 2 1 2 1 2 1 1 1 0 0 1 0 1 2 1 1 2 1 2 1 1 0 0 2 0 2 2 1 2 2 2 1 1 0 1 1 0 0 2 2 1 0 0 0 1 0 2 -2 -1 -2 -2 -1 -2 -1 -2 0 -1 -2 -1 0 -2 0 -1 0 -2 0 -1 -1 -1 -2 -1 -2 -2 -2 0 0 0 -1 0 0 -1 -1 -1 0 0 -2 -1 -1 -1 0 0 -1 -2 0 -1 0 -2 0 -1 -1 -2 -1 -2 -1 -2 -1 -1 -1 0 0 -1 0 -1 -2 -1 -1 -2 -1 -2 -1 -1 0 0 -2 0 -2 -2 -1 -2 -2 -2 -1 -1 0 -1 -1 0 0 -2 -2 -1 0 0 0 -1 0 -2
-1.68048439954558 -0.29398806466973 0.0674713132355214 -0.452485559201394 -1.39555694427658 -1 2 2 2 2 2 1 0 2 0 1 2 1 1 2 1 1 0 1 0 1 0 2 2 1 2 1 2 1 0 1 1 1 0 0 1 2 0 1 2 0 1 1 2 1 1 1 0 2 1 2 1 2 2 2 2 2 1 2 1 2 1 1 1 2 1 2 2 1 2 1 0 2 0 1 0 1 1 0 0 0 0 1 2 2 1 0 1 1 1 1 1 2 2 2 0 0 2 2 0 1 -2 -2 -2 -2 -2 -1 0 -2 0 -1 -2 -1 -1 -2 -1 -1 0 -1 0 -1 0 -2 -2 -1 -2 -1 -2 -1 0 -1 -1 -1 0 0 -1 -2 0 -1 -2 0 -1 -1 -2 -1 -1 -1 0 -2 -1 -2 -1 -2 -2 -2 -2 -2 -1 -2 -1 -2 -1 -1 -1 -2 -1 -2 -2 -1 -2 -1 0 -2 0 -1 0 -1 -1 0 0 0 0 -1 -2 -2 -1 0 -1 -1 -1 -1 -1 -2 -2 -2 0 0 -2 -2 0 -1
0.285833418151591 -0.65077057480648 -0.631900743692359 0.624467659611812 -0.245147881759304 1 2 2 2 2 2 2 0 2 0 0 2 2 1 2 1 2 0 1 0 1 0 1 2 1 2 2 1 1 1 1 1 1 0 0 2 2 0 0 1 0 0 0 0 0 0 2 0 2 1 2 0 2 0 1 0 1 0 1 0 1 0 0 0 0 0 1 0 0 0 1 1 2 0 0 0 0 1 0 1 0 2 2 2 2 0 0 1 1 1 0 0 1 1 1 0 0 2 2 1 0 2 2 2 2 2 2 0 2 0 0 2 2 1 2 1 2 0 1 0 1 0 1 2 1 2 2 1 1 1 1 1 1 0 0 2 2 0 0 1 0 0 0 0 0 0 2 0 2 1 2 0 2 0 1 0 1 0 1 0 1 0 0 0 0 0 1 0 0 0 1 1 2 0 0 0 0 1 0 1 0 2 2 2 2 0 0 1 1 1 0 0 1 1 1 0 0 2 2 1 0
-0.172037697414525 -0.267704526766979 0.269605193311668 0.118135600289263 0.44599483166579 1 2 2 2 2 0 1 0 2 0 0 1 0 1 2 0 1 0 1 0 1 1 1 2 1 2 1 1 2 0 1 1 2 1 1 2 0 0 2 2 1 1 0 2 1 1 2 0 1 1 2 0 2 2 1 0 1 0 1 1 2 1 1 0 2 1 1 2 0 0 0 0 2 0 0 0 0 1 1 1 0 0 2 2 2 1 0 1 2 1 0 0 1 1 1 0 0 1 1 1 1 2 2 2 2 0 1 0 2 0 0 1 0 1 2 0 1 0 1 0 1 1 1 2 1 2 1 1 2 0 1 1 2 1 1 2 0 0 2 2 1 1 0 2 1 1 2 0 1 1 2 0 2 2 1 0 1 0 1 1 2 1 1 0 2 1 1 2 0 0 0 0 2 0 0 0 0 1 1 1 0 0 2 2 2 1 0 1 2 1 0 0 1 1 1 0 0 1 1 1 1
-1.0120312431696 -0.264069411993075 0.954637543182797 0.68978847690853 0.339499121638666 1 2 2 2 2 2 2 0 1 0 0 1 1 1 2 0 1 0 2 0 1 1 0 1 1 1 1 2 2 1 1 1 2 1 1 1 2 0 0 1 0 0 1 1 0 1 2 1 1 0 2 1 2 0 1 0 1 1 2 2 2 1 0 0 2 1 1 2 1 1 1 1 2 0 1 0 1 1 0 1 0 0 2 2 2 1 1 2 1 1 0 1 2 2 1 0 0 2 2 2 2 2 2 2 2 2 2 0 1 0 0 1 1 1 2 0 1 0 2 0 1 1 0 1 1 1 1 2 2 1 1 1 2 1 1 1 2 0 0 1 0 0 1 1 0 1 2 1 1 0 2 1 2 0 1 0 1 1 2 2 2 1 0 0 2 1 1 2 1 1 1 1 2 0 1 0 1 1 0 1 0 0 2 2 2 1 1 2 1 1 0 1 2 2 1 0 0 2 2 2 2
-0.400525514052014 1.11374214263752 1.51048742882925 1.95822515829277 1.4465878980017 -1 2 2 1 2 1 2 0 2 0 2 2 1 1 2 1 0 0 2 0 1 1 2 2 1 2 1 1 1 0 0 0 1 0 0 0 1 0 0 2 1 1 1 1 0 2 2 0 2 1 2 1 2 2 1 0 2 0 2 1 1 0 0 0 2 1 1 1 1 1 0 0 2 0 1 0 1 2 1 1 0 1 2 2 2 1 1 2 2 1 1 0 1 0 1 0 0 2 0 0 1 -2 -2 -1 -2 -1 -2 0 -2 0 -2 -2 -1 -1 -2 -1 0 0 -2 0 -1 -1 -2 -2 -1 -2 -1 -1 -1 0 0 0 -1 0 0 0 -1 0 0 -2 -1 -1 -1 -1 0 -2 -2 0 -2 -1 -2 -1 -2 -2 -1 0 -2 0 -2 -1 -1 0 0 0 -2 -1 -1 -1 -1 -1 0 0 -2 0 -1 0 -1 -2 -1 -1 0 -1 -2 -2 -2 -1 -1 -2 -2 -1 -1 0 -1 0 -1 0 0 -2 0 0 -1
1.7656893756432 -1.73291162307606 1.95627382216162 0.0334576632537806 -0.911576708534071 -1 2 2 2 2 2 2 0 2 0 1 2 1 2 2 2 1 0 2 1 1 1 1 2 2 2 2 2 1 0 0 2 1 0 0 1 2 0 1 2 0 0 2 2 0 1 2 0 2 1 2 0 2 1 2 0 1 0 2 2 2 0 0 0 2 1 2 1 0 1 1 1 2 0 0 0 1 2 0 0 0 0 2 2 2 1 1 2 2 1 1 0 2 2 2 0 0 1 1 1 1 -2 -2 -2 -2 -2 -2 0 -2 0 -1 -2 -1 -2 -2 -2 -1 0 -2 -1 -1 -1 -1 -2 -2 -2 -2 -2 -1 0 0 -2 -1 0 0 -1 -2 0 -1 -2 0 0 -2 -2 0 -1 -2 0 -2 -1 -2 0 -2 -1 -2 0 -1 0 -2 -2 -2 0 0 0 -2 -1 -2 -1 0 -1 -1 -1 -2 0 0 0 -1 -2 0 0 0 0 -2 -2 -2 -1 -1 -2 -2 -1 -1 0 -2 -2 -2 0 0 -1 -1 -1 -1
-0.319240837223996 0.553527331458542 0.372168787303605 1.2972660360154 0.222680433521388 1 2 2 2 2 0 1 0 1 0 1 2 0 1 2 0 2 1 2 1 1 0 0 1 1 1 2 0 1 0 1 1 0 0 0 1 1 0 0 2 1 0 1 1 0 2 2 1 2 0 2 0 2 0 1 0 1 0 2 2 2 1 0 0 1 0 0 2 2 0 0 0 1 0 1 1 2 2 1 1 1 2 2 2 2 0 0 1 2 2 0 0 1 2 2 0 0 1 1 2 2 2 2 2 2 0 1 0 1 0 1 2 0 1 2 0 2 1 2 1 1 0 0 1 1 1 2 0 1 0 1 1 0 0 0 1 1 0 0 2 1 0 1 1 0 2 2 1 2 0 2 0 2 0 1 0 1 0 2 2 2 1 0 0 1 0 0 2 2 0 0 0 1 0 1 1 2 2 1 1 1 2 2 2 2 0 0 1 2 2 0 0 1 2 2 0 0 1 1 2 2
-1.31338930797907 -0.937708203391225 -0.142369652576992 -0.703266634130248 -0.898121698952015 1 2 2 2 2 0 1 0 2 0 1 2 0 1 2 1 1 0 2 1 1 1 2 2 2 1 1 1 1 0 0 2 2 0 1 2 2 0 0 2 1 2 2 1 0 0 2 1 1 1 2 0 1 1 2 0 2 0 1 2 1 1 1 1 2 1 2 1 1 0 0 0 1 0 1 0 0 0 0 0 0 0 1 2 2 1 0 2 1 0 0 0 1 2 1 0 0 0 1 1 1 2 2 2 2 0 1 0 2 0 1 2 0 1 2 1 1 0 2 1 1 1 2 2 2 1 1 1 1 0 0 2 2 0 1 2 2 0 0 2 1 2 2 1 0 0 2 1 1 1 2 0 1 1 2 0 2 0 1 2 1 1 1 1 2 1 2 1 1 0 0 0 1 0 1 0 0 0 0 0 0 0 1 2 2 1 0 2 1 0 0 0 1 2 1 0 0 0 1 1 1
0.785788597016131 -0.402187670431482 -0.945602393890142 0.300053891107294 0.160017731289036 -1 1 1 2 2 2 2 0 2 0 2 2 1 2 2 2 2 0 1 0 1 2 2 1 2 2 1 1 1 0 1 1 0 0 1 1 1 0 2 2 1 1 1 2 0 1 2 0 1 0 2 0 1 0 1 0 2 0 1 1 2 0 0 0 2 1 1 1 2 2 1 0 2 0 0 0 0 1 0 1 1 0 2 2 2 0 0 2 2 1 0 1 2 2 2 0 0 2 2 1 1 -1 -1 -2 -2 -2 -2 0 -2 0 -2 -2 -1 -2 -2 -2 -2 0 -1 0 -1 -2 -2 -1 -2 -2 -1 -1 -1 0 -1 -1 0 0 -1 -1 -1 0 -2 -2 -1 -1 -1 -2 0 -1 -2 0 -1 0 -2 0 -1 0 -1 0 -2 0 -1 -1 -2 0 0 0 -2 -1 -1 -1 -2 -2 -1 0 -2 0 0 0 0 -1 0 -1 -1 0 -2 -2 -2 0 0 -2 -2 -1 0 -1 -2 -2 -2 0 0 -2 -2 -1 -1
0.354425540830506 -0.625523042851815 0.0527593308041002 -1.87045441434319 0.791308799562301 1 2 2 2 2 2 1 0 2 0 0 2 1 1 2 0 0 0 2 1 2 2 1 0 0 2 2 1 0 0 0 1 1 0 0 2 2 0 0 2 1 1 0 0 0 1 2 0 2 1 2 0 2 1 2 0 2 2 2 2 2 1 0 0 2 2 2 2 2 1 0 0 1 0 0 0 0 1 0 1 0 0 2 2 2 2 2 2 2 1 1 1 2 2 2 0 0 2 1 1 2 2 2 2 2 2 1 0 2 0 0 2 1 1 2 0 0 0 2 1 2 2 1 0 0 2 2 1 0 0 0 1 1 0 0 2 2 0 0 2 1 1 0 0 0 1 2 0 2 1 2 0 2 1 2 0 2 2 2 2 2 1 0 0 2 2 2 2 2 1 0 0 1 0 0 0 0 1 0 1 0 0 2 2 2 2 2 2 2 1 1 1 2 2 2 0 0 2 1 1 2
-0.848092361793847 -1.52842534149562 0.98459643558296 1.58273110279401 1.21210168748953 -1 2 1 2 2 2 2 0 1 0 0 2 2 2 2 0 2 0 2 1 1 1 2 1 1 1 1 1 2 1 1 2 0 0 0 1 1 0 0 2 2 2 2 2 0 2 2 1 2 0 2 1 2 1 2 1 2 0 2 0 1 0 0 0 1 0 0 1 1 0 1 1 2 0 1 1 0 2 2 2 1 1 2 2 2 0 0 2 2 2 0 0 2 2 2 0 0 2 2 1 2 -2 -1 -2 -2 -2 -2 0 -1 0 0 -2 -2 -2 -2 0 -2 0 -2 -1 -1 -1 -2 -1 -1 -1 -1 -1 -2 -1 -1 -2 0 0 0 -1 -1 0 0 -2 -2 -2 -2 -2 0 -2 -2 -1 -2 0 -2 -1 -2 -1 -2 -1 -2 0 -2 0 -1 0 0 0 -1 0 0 -1 -1 0 -1 -1 -2 0 -1 -1 0 -2 -2 -2 -1 -1 -2 -2 -2 0 0 -2 -2 -2 0 0 -2 -2 -2 0 0 -2 -2 -1 -2
0.131115886606449 -0.531149407667396 -0.951995327559508 -1.28287845117775 0.322344493537434 -1 2 2 2 2 1 1 0 1 0 1 2 0 1 2 1 2 0 2 0 0 2 1 1 2 2 1 1 1 0 0 1 1 0 0 1 1 0 0 2 0 0 0 2 1 1 2 0 2 0 2 0 2 1 1 0 0 0 2 1 1 0 0 0 2 1 1 1 0 1 1 0 2 0 1 0 1 1 0 1 0 0 1 2 1 0 0 0 1 0 2 1 2 2 2 0 0 2 1 2 2 -2 -2 -2 -2 -1 -1 0 -1 0 -1 -2 0 -1 -2 -1 -2 0 -2 0 0 -2 -1 -1 -2 -2 -1 -1 -1 0 0 -1 -1 0 0 -1 -1 0 0 -2 0 0 0 -2 -1 -1 -2 0 -2 0 -2 0 -2 -1 -1 0 0 0 -2 -1 -1 0 0 0 -2 -1 -1 -1 0 -1 -1 0 -2 0 -1 0 -1 -1 0 -1 0 0 -1 -2 -1 0 0 0 -1 0 -2 -1 -2 -2 -2 0 0 -2 -1 -2 -2
-0.568402038303094 0.318250087995231 -0.605517498431403 -0.355595680047896 -0.206455855316339 -1 1 2 2 2 0 1 0 2 0 1 1 0 1 1 0 1 0 2 0 1 0 1 1 1 2 0 1 0 0 1 1 1 0 0 1 1 0 0 2 2 1 1 2 0 1 2 1 2 0 2 0 2 1 1 0 2 0 2 2 2 1 0 0 2 1 2 2 0 1 0 0 1 0 1 1 0 1 1 0 0 1 2 2 2 1 2 2 2 1 0 0 1 2 2 0 0 2 2 1 2 -1 -2 -2 -2 0 -1 0 -2 0 -1 -1 0 -1 -1 0 -1 0 -2 0 -1 0 -1 -1 -1 -2 0 -1 0 0 -1 -1 -1 0 0 -1 -1 0 0 -2 -2 -1 -1 -2 0 -1 -2 -1 -2 0 -2 0 -2 -1 -1 0 -2 0 -2 -2 -2 -1 0 0 -2 -1 -2 -2 0 -1 0 0 -1 0 -1 -1 0 -1 -1 0 0 -1 -2 -2 -2 -1 -2 -2 -2 -1 0 0 -1 -2 -2 0 0 -2 -2 -1 -2
0.707633024981448 1.05789335715721 0.447292922291183 0.78049019100315 -0.480145032215596 -1 2 2 2 2 1 1 0 1 1 1 2 1 1 2 0 2 1 2 0 1 1 2 1 1 2 1 2 0 0 1 1 0 0 0 1 2 0 0 1 0 1 2 1 0 1 1 0 2 0 2 0 0 0 1 0 2 0 1 1 1 1 0 1 2 2 0 2 2 1 1 0 2 0 2 2 1 2 0 1 0 0 1 0 2 1 0 0 1 1 0 0 1 2 2 0 0 0 1 1 2 -2 -2 -2 -2 -1 -1 0 -1 -1 -1 -2 -1 -1 -2 0 -2 -1 -2 0 -1 -1 -2 -1 -1 -2 -1 -2 0 0 -1 -1 0 0 0 -1 -2 0 0 -1 0 -1 -2 -1 0 -1 -1 0 -2 0 -2 0 0 0 -1 0 -2 0 -1 -1 -1 -1 0 -1 -2 -2 0 -2 -2 -1 -1 0 -2 0 -2 -2 -1 -2 0 -1 0 0 -1 0 -2 -1 0 0 -1 -1 0 0 -1 -2 -2 0 0 0 -1 -1 -2
-0.92116736837078 0.664453927607401 0.148148210545481 0.351744027173708 0.858069718754904 -1 2 2 2 2 1 2 0 2 0 1 2 0 1 2 1 2 0 2 1 2 0 2 0 0 1 1 0 1 1 0 1 2 0 1 1 1 0 0 2 1 2 1 1 0 1 2 1 2 0 2 0 1 1 1 0 2 0 1 1 1 0 0 0 2 2 2 1 1 1 1 0 2 0 0 0 0 1 0 0 0 0 2 1 2 0 0 1 2 1 2 2 2 2 2 0 0 0 1 1 1 -2 -2 -2 -2 -1 -2 0 -2 0 -1 -2 0 -1 -2 -1 -2 0 -2 -1 -2 0 -2 0 0 -1 -1 0 -1 -1 0 -1 -2 0 -1 -1 -1 0 0 -2 -1 -2 -1 -1 0 -1 -2 -1 -2 0 -2 0 -1 -1 -1 0 -2 0 -1 -1 -1 0 0 0 -2 -2 -2 -1 -1 -1 -1 0 -2 0 0 0 0 -1 0 0 0 0 -2 -1 -2 0 0 -1 -2 -1 -2 -2 -2 -2 -2 0 0 0 -1 -1 -1
-0.0477794387672786 1.11268918065361 -0.202858436550086 -0.574757331883797 -0.313976031888045 -1 2 2 1 1 1 2 1 2 0 1 2 0 1 2 0 1 0 2 0 2 1 1 2 2 2 0 1 0 0 1 2 1 1 2 2 2 0 1 2 1 0 0 1 0 1 2 0 1 0 2 0 1 0 1 0 2 1 1 0 0 0 0 2 2 2 2 2 2 0 0 0 2 0 0 0 0 1 1 1 0 0 2 2 2 1 0 0 1 1 0 0 1 2 2 0 0 2 2 1 1 -2 -2 -1 -1 -1 -2 -1 -2 0 -1 -2 0 -1 -2 0 -1 0 -2 0 -2 -1 -1 -2 -2 -2 0 -1 0 0 -1 -2 -1 -1 -2 -2 -2 0 -1 -2 -1 0 0 -1 0 -1 -2 0 -1 0 -2 0 -1 0 -1 0 -2 -1 -1 0 0 0 0 -2 -2 -2 -2 -2 -2 0 0 0 -2 0 0 0 0 -1 -1 -1 0 0 -2 -2 -2 -1 0 0 -1 -1 0 0 -1 -2 -2 0 0 -2 -2 -1 -1
0.476224051726483 0.217940571732389 0.329440916056585 0.658626855623255 0.315967901154001 1 2 2 2 2 1 1 0 1 0 1 2 1 1 2 1 2 0 1 0 2 2 2 1 0 1 1 0 0 0 1 1 1 0 0 1 2 0 0 2 2 1 1 1 0 1 2 1 2 1 2 0 2 1 2 2 2 0 2 1 1 0 1 1 2 2 2 2 0 1 1 0 1 0 0 0 1 1 0 0 1 0 1 2 2 0 0 0 2 1 0 0 1 2 2 0 0 1 1 0 1 2 2 2 2 1 1 0 1 0 1 2 1 1 2 1 2 0 1 0 2 2 2 1 0 1 1 0 0 0 1 1 1 0 0 1 2 0 0 2 2 1 1 1 0 1 2 1 2 1 2 0 2 1 2 2 2 0 2 1 1 0 1 1 2 2 2 2 0 1 1 0 1 0 0 0 1 1 0 0 1 0 1 2 2 0 0 0 2 1 0 0 1 2 2 0 0 1 1 0 1
-1.22582708823552 0.609858150374767 0.0607686301030284 -1.76974931155998 1.6141013405371 1 2 2 1 2 2 1 1 2 0 2 2 0 1 2 0 1 0 2 1 1 0 1 0 0 0 1 1 0 0 1 1 2 2 1 2 2 0 1 2 1 2 2 2 1 2 2 0 2 0 2 1 2 1 2 2 2 0 1 1 1 0 0 0 2 1 1 1 1 1 1 0 1 0 0 1 1 2 0 1 1 1 2 2 2 1 1 2 2 1 0 1 1 1 2 0 0 0 0 1 1 2 2 1 2 2 1 1 2 0 2 2 0 1 2 0 1 0 2 1 1 0 1 0 0 0 1 1 0 0 1 1 2 2 1 2 2 0 1 2 1 2 2 2 1 2 2 0 2 0 2 1 2 1 2 2 2 0 1 1 1 0 0 0 2 1 1 1 1 1 1 0 1 0 0 1 1 2 0 1 1 1 2 2 2 1 1 2 2 1 0 1 1 1 2 0 0 0 0 1 1
-0.661848226634951 0.919671748715053 0.772136987659206 -0.00844720033644727 -0.573943473323714 -1 2 2 2 2 1 2 1 1 0 1 2 1 2 2 1 1 0 2 0 1 1 2 1 1 2 1 2 1 0 2 2 2 1 1 1 0 0 0 2 2 1 1 0 0 1 2 0 2 0 2 0 1 1 1 0 2 0 1 1 1 0 0 0 0 0 1 1 1 1 0 0 0 0 0 0 1 2 0 1 0 0 1 0 2 0 1 2 2 2 0 0 1 2 2 0 0 2 1 0 2 -2 -2 -2 -2 -1 -2 -1 -1 0 -1 -2 -1 -2 -2 -1 -1 0 -2 0 -1 -1 -2 -1 -1 -2 -1 -2 -1 0 -2 -2 -2 -1 -1 -1 0 0 0 -2 -2 -1 -1 0 0 -1 -2 0 -2 0 -2 0 -1 -1 -1 0 -2 0 -1 -1 -1 0 0 0 0 0 -1 -1 -1 -1 0 0 0 0 0 0 -1 -2 0 -1 0 0 -1 0 -2 0 -1 -2 -2 -2 0 0 -1 -2 -2 0 0 -2 -1 0 -2
-1.05689598105739 0.171688050425542 1.96417520033416 0.164179557168246 -0.167403547659201 1 2 1 2 2 2 1 0 2 1 1 2 0 2 2 0 0 0 2 0 0 1 1 1 1 2 1 2 1 0 1 2 1 1 1 2 2 0 0 2 1 2 1 1 0 0 2 0 2 0 2 0 2 0 1 0 2 1 2 1 1 0 0 0 1 1 2 2 2 2 2 0 2 0 1 0 1 2 1 0 0 0 1 2 2 0 0 2 2 0 1 1 2 2 2 0 0 2 2 1 2 2 1 2 2 2 1 0 2 1 1 2 0 2 2 0 0 0 2 0 0 1 1 1 1 2 1 2 1 0 1 2 1 1 1 2 2 0 0 2 1 2 1 1 0 0 2 0 2 0 2 0 2 0 1 0 2 1 2 1 1 0 0 0 1 1 2 2 2 2 2 0 2 0 1 0 1 2 1 0 0 0 1 2 2 0 0 2 2 0 1 1 2 2 2 0 0 2 2 1 2
-0.0946673136426262 -0.860394564447145 0.572018919663422 0.950604794083076 2.01600465433426 -1 1 0 2 2 1 1 0 1 1 1 2 0 1 2 0 0 0 0 0 2 1 1 1 1 2 2 1 1 0 0 2 0 0 0 2 2 0 0 2 0 0 0 0 0 0 1 0 2 0 2 0 1 1 2 2 2 1 2 0 1 1 1 0 0 0 1 2 2 2 1 0 1 0 0 0 1 2 0 0 0 1 2 2 2 2 1 0 2 1 1 1 2 2 2 0 0 0 2 1 1 -1 0 -2 -2 -1 -1 0 -1 -1 -1 -2 0 -1 -2 0 0 0 0 0 -2 -1 -1 -1 -1 -2 -2 -1 -1 0 0 -2 0 0 0 -2 -2 0 0 -2 0 0 0 0 0 0 -1 0 -2 0 -2 0 -1 -1 -2 -2 -2 -1 -2 0 -1 -1 -1 0 0 0 -1 -2 -2 -2 -1 0 -1 0 0 0 -1 -2 0 0 0 -1 -2 -2 -2 -2 -1 0 -2 -1 -1 -1 -2 -2 -2 0 0 0 -2 -1 -1
0.428822311254372 0.165155549038277 -1.86704294234844 -0.438389045919142 -1.68900930495371 -1 2 1 1 2 2 2 0 2 0 2 2 2 2 2 1 2 0 2 2 2 2 1 1 1 1 0 1 1 0 0 0 0 0 0 2 2 0 1 2 1 1 2 2 1 1 2 0 2 0 2 1 2 2 2 1 2 1 2 2 1 0 0 0 2 1 1 2 1 1 1 0 2 0 0 0 0 2 0 2 0 0 1 2 2 1 1 1 0 0 2 1 1 1 2 0 0 1 1 1 2 -2 -1 -1 -2 -2 -2 0 -2 0 -2 -2 -2 -2 -2 -1 -2 0 -2 -2 -2 -2 -1 -1 -1 -1 0 -1 -1 0 0 0 0 0 0 -2 -2 0 -1 -2 -1 -1 -2 -2 -1 -1 -2 0 -2 0 -2 -1 -2 -2 -2 -1 -2 -1 -2 -2 -1 0 0 0 -2 -1 -1 -2 -1 -1 -1 0 -2 0 0 0 0 -2 0 -2 0 0 -1 -2 -2 -1 -1 -1 0 0 -2 -1 -1 -1 -2 0 0 -1 -1 -1 -2
-1.43870226303888 -0.114370946490519 0.491590972498582 0.460272713845937 0.397173802029883 1 2 1 1 2 0 1 0 1 0 2 2 2 2 2 1 1 0 2 0 1 1 1 0 1 2 1 2 2 1 2 2 1 0 0 2 2 0 2 2 1 2 2 2 0 1 2 0 2 0 2 0 1 0 1 0 2 1 1 0 0 0 0 0 2 1 0 1 1 1 1 0 2 0 0 0 2 2 1 2 0 0 2 1 2 2 0 2 2 0 1 1 2 2 2 0 0 2 2 2 2 2 1 1 2 0 1 0 1 0 2 2 2 2 2 1 1 0 2 0 1 1 1 0 1 2 1 2 2 1 2 2 1 0 0 2 2 0 2 2 1 2 2 2 0 1 2 0 2 0 2 0 1 0 1 0 2 1 1 0 0 0 0 0 2 1 0 1 1 1 1 0 2 0 0 0 2 2 1 2 0 0 2 1 2 2 0 2 2 0 1 1 2 2 2 0 0 2 2 2 2
-0.95937425411056 0.830737667475738 -0.769713620912285 1.89876934383991 2.26934790974082 -1 2 2 2 2 2 2 1 2 1 1 2 1 1 2 0 1 1 2 1 2 1 1 0 1 2 1 1 0 0 1 2 1 0 0 0 1 0 0 2 1 1 0 1 0 1 2 1 1 0 2 0 1 0 2 0 1 0 2 1 1 1 0 1 2 1 2 2 2 2 0 0 1 0 0 0 0 2 0 2 1 0 2 2 2 0 0 2 2 2 0 0 1 1 2 0 0 0 1 0 1 -2 -2 -2 -2 -2 -2 -1 -2 -1 -1 -2 -1 -1 -2 0 -1 -1 -2 -1 -2 -1 -1 0 -1 -2 -1 -1 0 0 -1 -2 -1 0 0 0 -1 0 0 -2 -1 -1 0 -1 0 -1 -2 -1 -1 0 -2 0 -1 0 -2 0 -1 0 -2 -1 -1 -1 0 -1 -2 -1 -2 -2 -2 -2 0 0 -1 0 0 0 0 -2 0 -2 -1 0 -2 -2 -2 0 0 -2 -2 -2 0 0 -1 -1 -2 0 0 0 -1 0 -1
-0.939331949268442 0.884099598751959 -0.417499686121066 0.334023231059808 0.574242273595669 -1 2 2 2 2 1 1 0 2 0 1 2 0 1 2 0 0 0 2 0 0 1 2 1 1 2 2 2 1 1 1 2 2 1 0 2 2 0 0 1 0 1 0 0 0 0 2 0 2 1 2 1 2 2 2 0 2 1 2 1 0 0 1 2 2 0 1 1 0 0 1 0 2 0 1 1 1 2 1 0 0 0 1 1 2 0 0 1 2 1 1 1 2 2 2 0 0 2 2 1 2 -2 -2 -2 -2 -1 -1 0 -2 0 -1 -2 0 -1 -2 0 0 0 -2 0 0 -1 -2 -1 -1 -2 -2 -2 -1 -1 -1 -2 -2 -1 0 -2 -2 0 0 -1 0 -1 0 0 0 0 -2 0 -2 -1 -2 -1 -2 -2 -2 0 -2 -1 -2 -1 0 0 -1 -2 -2 0 -1 -1 0 0 -1 0 -2 0 -1 -1 -1 -2 -1 0 0 0 -1 -1 -2 0 0 -1 -2 -1 -1 -1 -2 -2 -2 0 0 -2 -2 -1 -2
0.925214549743484 0.42022080040734 0.437017067013614 1.29196680997995 -0.735404406247 -1 2 2 2 2 1 2 0 1 1 0 2 1 2 2 1 2 0 2 0 1 2 2 1 1 2 1 1 1 0 1 2 2 0 1 2 2 0 0 2 1 1 2 1 0 1 1 0 2 0 2 0 2 2 2 0 1 0 1 0 0 0 0 1 2 2 2 2 1 1 1 2 2 0 1 0 2 2 0 1 0 0 1 2 2 2 0 2 1 0 0 0 0 1 2 0 0 1 1 1 2 -2 -2 -2 -2 -1 -2 0 -1 -1 0 -2 -1 -2 -2 -1 -2 0 -2 0 -1 -2 -2 -1 -1 -2 -1 -1 -1 0 -1 -2 -2 0 -1 -2 -2 0 0 -2 -1 -1 -2 -1 0 -1 -1 0 -2 0 -2 0 -2 -2 -2 0 -1 0 -1 0 0 0 0 -1 -2 -2 -2 -2 -1 -1 -1 -2 -2 0 -1 0 -2 -2 0 -1 0 0 -1 -2 -2 -2 0 -2 -1 0 0 0 0 -1 -2 0 0 -1 -1 -1 -2
-1.25628847461799 -0.091880666396039 0.850120437893506 0.250300529986728 0.0884068517943483 -1 2 2 2 2 1 2 0 2 1 2 2 1 1 2 0 0 0 2 0 0 1 2 1 1 1 1 1 0 0 0 0 0 0 0 1 2 0 0 2 0 1 1 2 1 1 2 0 1 0 2 0 2 1 2 0 1 0 2 1 1 1 1 1 1 1 2 2 1 2 2 1 2 0 1 0 0 1 1 1 0 1 2 2 2 1 0 2 2 1 0 0 1 1 2 0 0 1 2 1 2 -2 -2 -2 -2 -1 -2 0 -2 -1 -2 -2 -1 -1 -2 0 0 0 -2 0 0 -1 -2 -1 -1 -1 -1 -1 0 0 0 0 0 0 0 -1 -2 0 0 -2 0 -1 -1 -2 -1 -1 -2 0 -1 0 -2 0 -2 -1 -2 0 -1 0 -2 -1 -1 -1 -1 -1 -1 -1 -2 -2 -1 -2 -2 -1 -2 0 -1 0 0 -1 -1 -1 0 -1 -2 -2 -2 -1 0 -2 -2 -1 0 0 -1 -1 -2 0 0 -1 -2 -1 -2
-0.912219776504455 -1.07160614088218 1.08017517024321 0.0122847720631938 -1.34054562555571 1 2 2 2 2 1 2 1 2 1 2 2 1 1 2 1 1 0 2 0 1 1 0 1 2 2 1 1 1 0 1 2 1 1 1 2 2 0 1 2 2 1 1 1 1 1 2 0 2 0 2 0 2 0 2 1 2 1 2 0 0 0 0 0 2 1 1 1 0 1 1 0 2 0 1 0 0 2 0 1 0 0 2 1 2 2 2 2 2 2 0 0 0 1 2 0 0 0 1 2 2 2 2 2 2 1 2 1 2 1 2 2 1 1 2 1 1 0 2 0 1 1 0 1 2 2 1 1 1 0 1 2 1 1 1 2 2 0 1 2 2 1 1 1 1 1 2 0 2 0 2 0 2 0 2 1 2 1 2 0 0 0 0 0 2 1 1 1 0 1 1 0 2 0 1 0 0 2 0 1 0 0 2 1 2 2 2 2 2 2 0 0 0 1 2 0 0 0 1 2 2
1.93602713270613 -0.315792310253362 0.355485461667241 -0.139227121533542 0.840875457379976 -1 2 1 1 2 0 1 0 1 0 0 2 1 2 2 0 2 0 1 0 0 0 1 2 2 2 1 1 1 0 1 0 1 0 0 2 1 0 1 2 1 1 1 2 0 2 1 0 2 1 2 0 2 0 2 0 2 0 2 1 1 1 0 0 2 2 1 2 2 0 1 0 2 0 2 0 0 1 0 1 0 0 2 1 2 0 0 2 2 1 2 1 2 2 2 0 0 2 2 2 1 -2 -1 -1 -2 0 -1 0 -1 0 0 -2 -1 -2 -2 0 -2 0 -1 0 0 0 -1 -2 -2 -2 -1 -1 -1 0 -1 0 -1 0 0 -2 -1 0 -1 -2 -1 -1 -1 -2 0 -2 -1 0 -2 -1 -2 0 -2 0 -2 0 -2 0 -2 -1 -1 -1 0 0 -2 -2 -1 -2 -2 0 -1 0 -2 0 -2 0 0 -1 0 -1 0 0 -2 -1 -2 0 0 -2 -2 -1 -2 -1 -2 -2 -2 0 0 -2 -2 -2 -1
1.01273345819431 -0.268929807194562 -0.814515885380949 -0.264160705530673 1.89307839838583 1 2 2 1 2 2 2 1 2 0 0 2 0 1 2 1 2 1 2 0 2 0 2 2 2 2 2 1 1 0 0 2 1 1 1 2 2 0 1 1 0 0 0 1 0 1 2 0 1 0 2 0 1 0 1 0 2 0 2 2 1 0 0 0 2 1 0 2 1 0 1 0 2 0 1 0 0 1 0 0 0 0 2 2 2 0 0 1 2 1 0 0 0 1 2 0 0 0 1 0 1 2 2 1 2 2 2 1 2 0 0 2 0 1 2 1 2 1 2 0 2 0 2 2 2 2 2 1 1 0 0 2 1 1 1 2 2 0 1 1 0 0 0 1 0 1 2 0 1 0 2 0 1 0 1 0 2 0 2 2 1 0 0 0 2 1 0 2 1 0 1 0 2 0 1 0 0 1 0 0 0 0 2 2 2 0 0 1 2 1 0 0 0 1 2 0 0 0 1 0 1
-2.13828698512394 -0.480836386343935 1.45041074180509 -0.977505265266869 1.13191464763764 1 2 2 2 2 2 2 2 2 0 1 2 1 1 2 0 2 0 1 0 1 1 2 1 1 2 1 0 1 1 2 2 1 1 0 2 1 0 0 1 0 1 2 2 1 1 2 1 1 0 2 0 1 0 1 0 2 0 1 1 0 0 0 0 2 1 1 2 0 0 0 0 2 0 0 0 0 1 0 2 0 1 2 2 2 0 1 2 0 0 0 0 2 2 2 0 0 1 2 1 2 2 2 2 2 2 2 2 2 0 1 2 1 1 2 0 2 0 1 0 1 1 2 1 1 2 1 0 1 1 2 2 1 1 0 2 1 0 0 1 0 1 2 2 1 1 2 1 1 0 2 0 1 0 1 0 2 0 1 1 0 0 0 0 2 1 1 2 0 0 0 0 2 0 0 0 0 1 0 2 0 1 2 2 2 0 1 2 0 0 0 0 2 2 2 0 0 1 2 1 2
0.150891373771275 -1.76187033718409 1.30197461814326 -0.0844344202720899 -0.17305543402991 1 2 2 2 2 1 1 0 2 0 0 2 1 1 2 1 1 0 2 0 0 1 2 1 1 2 2 1 2 0 0 0 0 0 0 1 1 0 1 2 0 1 1 1 1 1 1 0 0 0 2 0 2 0 2 1 1 1 2 1 1 0 0 0 2 2 2 1 0 0 1 0 1 0 0 0 0 2 0 0 0 0 2 2 2 0 1 0 1 0 0 1 2 2 2 0 0 2 1 0 1 2 2 2 2 1 1 0 2 0 0 2 1 1 2 1 1 0 2 0 0 1 2 1 1 2 2 1 2 0 0 0 0 0 0 1 1 0 1 2 0 1 1 1 1 1 1 0 0 0 2 0 2 0 2 1 1 1 2 1 1 0 0 0 2 2 2 1 0 0 1 0 1 0 0 0 0 2 0 0 0 0 2 2 2 0 1 0 1 0 0 1 2 2 2 0 0 2 1 0 1
-1.14300044959678 0.956514724456106 -0.154688672009043 -1.33390246621222 -1.49616128969948 -1 2 1 1 1 0 1 1 2 0 0 2 1 1 2 1 1 0 1 0 1 1 1 1 2 2 1 1 0 0 0 2 2 0 0 2 2 0 1 2 2 2 2 2 0 1 2 0 1 0 2 0 1 0 2 1 2 1 2 0 1 0 0 0 2 1 2 2 1 2 2 0 1 0 1 0 0 2 0 0 0 1 2 2 2 1 0 2 2 2 0 0 0 1 2 0 0 0 1 1 2 -2 -1 -1 -1 0 -1 -1 -2 0 0 -2 -1 -1 -2 -1 -1 0 -1 0 -1 -1 -1 -1 -2 -2 -1 -1 0 0 0 -2 -2 0 0 -2 -2 0 -1 -2 -2 -2 -2 -2 0 -1 -2 0 -1 0 -2 0 -1 0 -2 -1 -2 -1 -2 0 -1 0 0 0 -2 -1 -2 -2 -1 -2 -2 0 -1 0 -1 0 0 -2 0 0 0 -1 -2 -2 -2 -1 0 -2 -2 -2 0 0 0 -1 -2 0 0 0 -1 -1 -2
0.6123157364728 -0.779924690499925 -0.558467812341821 -1.20699050226874 -0.153384094702255 -1 2 2 2 2 1 2 0 2 0 1 2 2 2 2 2 2 0 2 0 1 2 2 1 1 2 1 2 1 0 1 1 1 0 0 2 2 0 0 1 0 1 1 0 0 1 2 0 0 0 2 0 2 1 1 0 1 0 1 1 2 1 0 0 2 1 2 2 1 1 1 1 2 0 1 1 0 0 1 0 0 0 1 1 2 0 0 1 1 0 1 0 2 2 2 0 0 2 2 2 2 -2 -2 -2 -2 -1 -2 0 -2 0 -1 -2 -2 -2 -2 -2 -2 0 -2 0 -1 -2 -2 -1 -1 -2 -1 -2 -1 0 -1 -1 -1 0 0 -2 -2 0 0 -1 0 -1 -1 0 0 -1 -2 0 0 0 -2 0 -2 -1 -1 0 -1 0 -1 -1 -2 -1 0 0 -2 -1 -2 -2 -1 -1 -1 -1 -2 0 -1 -1 0 0 -1 0 0 0 -1 -1 -2 0 0 -1 -1 0 -1 0 -2 -2 -2 0 0 -2 -2 -2 -2
-0.0344115567101962 -0.0486013750398858 0.623485173546201 0.612788797869142 -1.24648103526188 -1 2 2 2 2 1 2 0 2 0 1 2 0 1 2 1 1 0 2 1 1 2 1 1 1 2 1 1 0 0 0 1 0 0 0 0 0 0 1 2 0 0 1 0 0 1 2 0 2 0 2 1 2 1 2 1 2 1 1 1 2 1 0 1 2 0 1 2 1 1 1 0 2 0 1 1 0 0 1 1 1 1 2 2 2 1 1 0 1 1 1 1 2 2 2 0 0 2 2 1 2 -2 -2 -2 -2 -1 -2 0 -2 0 -1 -2 0 -1 -2 -1 -1 0 -2 -1 -1 -2 -1 -1 -1 -2 -1 -1 0 0 0 -1 0 0 0 0 0 0 -1 -2 0 0 -1 0 0 -1 -2 0 -2 0 -2 -1 -2 -1 -2 -1 -2 -1 -1 -1 -2 -1 0 -1 -2 0 -1 -2 -1 -1 -1 0 -2 0 -1 -1 0 0 -1 -1 -1 -1 -2 -2 -2 -1 -1 0 -1 -1 -1 -1 -2 -2 -2 0 0 -2 -2 -1 -2
1.4626827926487 -0.0376700142268035 3.10400622400835 -2.18187314272775 1.67677930716338 -1 2 1 1 2 1 2 0 2 0 1 2 1 1 2 1 1 0 2 0 2 1 1 1 1 2 1 2 1 0 0 0 0 0 0 1 1 0 1 2 0 0 0 1 0 2 2 0 2 0 2 0 2 2 2 1 2 1 2 2 2 0 0 0 2 1 2 2 1 1 2 1 2 0 1 0 1 2 0 0 0 0 2 1 2 1 1 2 2 1 0 0 0 1 1 0 0 1 1 0 1 -2 -1 -1 -2 -1 -2 0 -2 0 -1 -2 -1 -1 -2 -1 -1 0 -2 0 -2 -1 -1 -1 -1 -2 -1 -2 -1 0 0 0 0 0 0 -1 -1 0 -1 -2 0 0 0 -1 0 -2 -2 0 -2 0 -2 0 -2 -2 -2 -1 -2 -1 -2 -2 -2 0 0 0 -2 -1 -2 -2 -1 -1 -2 -1 -2 0 -1 0 -1 -2 0 0 0 0 -2 -1 -2 -1 -1 -2 -2 -1 0 0 0 -1 -1 0 0 -1 -1 0 -1
0.0468040344710161 -0.045226705262735 -0.917848819301646 -0.161721737790652 2.16614814404881 -1 2 2 2 2 2 2 1 2 0 1 2 0 1 2 0 2 0 2 0 1 2 2 1 1 1 1 2 1 0 0 1 0 0 0 1 2 0 1 2 0 1 0 1 1 2 2 0 2 1 2 1 2 0 1 0 1 0 2 1 1 1 1 1 2 2 2 2 2 2 2 1 2 1 2 1 0 1 0 0 0 0 2 2 2 1 1 1 1 1 0 0 1 2 2 0 0 1 1 0 1 -2 -2 -2 -2 -2 -2 -1 -2 0 -1 -2 0 -1 -2 0 -2 0 -2 0 -1 -2 -2 -1 -1 -1 -1 -2 -1 0 0 -1 0 0 0 -1 -2 0 -1 -2 0 -1 0 -1 -1 -2 -2 0 -2 -1 -2 -1 -2 0 -1 0 -1 0 -2 -1 -1 -1 -1 -1 -2 -2 -2 -2 -2 -2 -2 -1 -2 -1 -2 -1 0 -1 0 0 0 0 -2 -2 -2 -1 -1 -1 -1 -1 0 0 -1 -2 -2 0 0 -1 -1 0 -1
2.50686033413957 1.33141002068648 0.951430765458146 0.713129286996246 3.16511966069965 1 2 2 2 2 1 1 0 1 1 2 2 2 1 2 1 1 1 2 2 2 2 2 1 2 2 2 2 1 0 0 1 0 0 0 1 2 0 0 2 1 1 1 1 2 2 2 0 2 0 2 0 1 1 1 0 2 1 2 0 1 0 0 0 2 2 1 2 1 1 1 2 2 0 2 1 1 2 1 1 0 0 2 2 2 0 0 1 1 1 0 0 1 2 2 0 0 2 2 2 2 2 2 2 2 1 1 0 1 1 2 2 2 1 2 1 1 1 2 2 2 2 2 1 2 2 2 2 1 0 0 1 0 0 0 1 2 0 0 2 1 1 1 1 2 2 2 0 2 0 2 0 1 1 1 0 2 1 2 0 1 0 0 0 2 2 1 2 1 1 1 2 2 0 2 1 1 2 1 1 0 0 2 2 2 0 0 1 1 1 0 0 1 2 2 0 0 2 2 2 2
-0.119428395195149 0.532882753106628 -0.0971827742286742 -0.759710169818508 -0.924650730686198 1 1 2 1 2 2 2 0 2 0 1 2 1 1 2 1 2 0 2 0 2 2 2 1 2 2 2 2 1 0 0 1 1 0 0 1 2 0 0 2 1 1 1 1 0 2 2 0 2 0 2 0 2 1 2 0 2 0 2 2 0 0 0 0 1 0 1 2 1 0 0 0 2 0 1 0 0 1 0 0 0 1 2 2 2 2 0 1 1 1 2 2 2 2 2 0 0 2 2 2 2 1 2 1 2 2 2 0 2 0 1 2 1 1 2 1 2 0 2 0 2 2 2 1 2 2 2 2 1 0 0 1 1 0 0 1 2 0 0 2 1 1 1 1 0 2 2 0 2 0 2 0 2 1 2 0 2 0 2 2 0 0 0 0 1 0 1 2 1 0 0 0 2 0 1 0 0 1 0 0 0 1 2 2 2 2 0 1 1 1 2 2 2 2 2 0 0 2 2 2 2
0.475985520026958 0.395036463104617 0.48524157637058 2.14605574719055 -0.143644580264122 1 2 1 2 2 1 2 0 2 1 2 1 0 1 2 1 2 1 2 1 1 2 1 1 0 1 1 1 0 0 0 0 0 1 1 2 1 0 1 2 2 1 1 1 0 0 2 0 2 0 2 0 1 0 0 0 2 0 2 1 1 0 0 0 1 0 2 2 0 1 1 0 1 0 1 0 0 2 0 0 0 0 2 2 2 0 0 1 1 0 0 1 2 2 2 0 0 1 1 1 1 2 1 2 2 1 2 0 2 1 2 1 0 1 2 1 2 1 2 1 1 2 1 1 0 1 1 1 0 0 0 0 0 1 1 2 1 0 1 2 2 1 1 1 0 0 2 0 2 0 2 0 1 0 0 0 2 0 2 1 1 0 0 0 1 0 2 2 0 1 1 0 1 0 1 0 0 2 0 0 0 0 2 2 2 0 0 1 1 0 0 1 2 2 2 0 0 1 1 1 1
-1.4909103779548 1.66844316379073 0.333115067579358 -0.403802689290549 0.126368969940579 -1 2 2 2 2 2 1 0 2 0 0 1 1 1 2 1 2 1 2 1 2 2 2 1 1 2 1 2 2 0 0 2 0 0 0 1 1 0 1 2 1 0 1 1 0 2 2 0 2 0 2 0 1 0 1 0 2 1 2 0 0 0 0 0 2 2 1 0 0 1 1 2 2 0 1 1 2 2 1 2 1 0 2 2 2 0 0 1 2 1 0 1 2 2 2 0 0 1 2 1 1 -2 -2 -2 -2 -2 -1 0 -2 0 0 -1 -1 -1 -2 -1 -2 -1 -2 -1 -2 -2 -2 -1 -1 -2 -1 -2 -2 0 0 -2 0 0 0 -1 -1 0 -1 -2 -1 0 -1 -1 0 -2 -2 0 -2 0 -2 0 -1 0 -1 0 -2 -1 -2 0 0 0 0 0 -2 -2 -1 0 0 -1 -1 -2 -2 0 -1 -1 -2 -2 -1 -2 -1 0 -2 -2 -2 0 0 -1 -2 -1 0 -1 -2 -2 -2 0 0 -1 -2 -1 -1
-0.266841125603408 0.410655327835026 0.820077281134842 -0.607675389948011 0.559667281406659 1 2 2 2 2 1 2 0 2 0 1 2 0 2 2 0 2 0 2 0 0 0 1 2 2 2 2 1 0 1 1 2 2 0 0 1 1 0 1 1 1 2 1 2 0 2 2 0 1 0 2 0 2 0 1 0 1 1 2 2 2 1 1 1 2 0 0 1 1 2 1 0 1 0 0 0 0 2 0 0 0 0 2 1 2 1 0 1 2 1 0 1 2 1 1 0 0 1 2 1 1 2 2 2 2 1 2 0 2 0 1 2 0 2 2 0 2 0 2 0 0 0 1 2 2 2 2 1 0 1 1 2 2 0 0 1 1 0 1 1 1 2 1 2 0 2 2 0 1 0 2 0 2 0 1 0 1 1 2 2 2 1 1 1 2 0 0 1 1 2 1 0 1 0 0 0 0 2 0 0 0 0 2 1 2 1 0 1 2 1 0 1 2 1 1 0 0 1 2 1 1
0.277431442498762 -0.212980482251345 -0.0164783459996805 0.518177431715169 0.352270176247186 -1 1 1 2 2 1 1 0 2 1 1 2 0 2 2 1 2 1 2 0 1 1 2 2 1 2 1 1 1 0 0 1 1 0 0 1 1 0 0 1 2 2 2 2 0 1 2 0 2 0 2 1 2 0 2 1 2 0 2 1 1 0 0 0 1 0 2 2 1 1 1 0 1 0 0 0 2 2 0 2 1 0 0 2 2 0 0 0 2 1 0 0 0 1 1 0 0 1 2 2 2 -1 -1 -2 -2 -1 -1 0 -2 -1 -1 -2 0 -2 -2 -1 -2 -1 -2 0 -1 -1 -2 -2 -1 -2 -1 -1 -1 0 0 -1 -1 0 0 -1 -1 0 0 -1 -2 -2 -2 -2 0 -1 -2 0 -2 0 -2 -1 -2 0 -2 -1 -2 0 -2 -1 -1 0 0 0 -1 0 -2 -2 -1 -1 -1 0 -1 0 0 0 -2 -2 0 -2 -1 0 0 -2 -2 0 0 0 -2 -1 0 0 0 -1 -1 0 0 -1 -2 -2 -2
-1.04017619023455 -0.20131529996883 0.0580122006831929 -1.44249468119094 -0.370574454496924 1 2 1 2 2 2 2 1 2 0 0 1 0 1 2 2 1 0 2 0 1 1 2 2 1 2 1 2 0 0 1 1 0 1 0 1 1 0 0 2 0 0 0 0 0 1 1 0 1 0 2 0 2 1 1 0 2 1 2 2 2 1 0 1 2 1 2 1 1 2 2 1 2 1 0 0 0 2 0 2 0 0 1 0 2 1 2 2 2 1 1 0 2 1 2 0 0 2 1 0 1 2 1 2 2 2 2 1 2 0 0 1 0 1 2 2 1 0 2 0 1 1 2 2 1 2 1 2 0 0 1 1 0 1 0 1 1 0 0 2 0 0 0 0 0 1 1 0 1 0 2 0 2 1 1 0 2 1 2 2 2 1 0 1 2 1 2 1 1 2 2 1 2 1 0 0 0 2 0 2 0 0 1 0 2 1 2 2 2 1 1 0 2 1 2 0 0 2 1 0 1
-1.5455544123888 0.0848897225147661 0.389025332644688 0.626486348038996 0.030227771170224 1 2 2 2 2 0 1 0 1 1 2 2 0 2 2 0 1 0 2 0 1 1 2 1 1 1 1 1 1 0 0 0 0 0 0 1 1 0 2 2 0 0 1 1 1 1 2 0 2 0 2 0 2 1 1 1 2 0 2 2 2 1 0 0 2 1 1 1 1 1 1 0 2 0 2 1 1 2 1 0 0 0 1 2 2 1 1 1 2 0 1 0 1 1 1 0 0 1 2 2 1 2 2 2 2 0 1 0 1 1 2 2 0 2 2 0 1 0 2 0 1 1 2 1 1 1 1 1 1 0 0 0 0 0 0 1 1 0 2 2 0 0 1 1 1 1 2 0 2 0 2 0 2 1 1 1 2 0 2 2 2 1 0 0 2 1 1 1 1 1 1 0 2 0 2 1 1 2 1 0 0 0 1 2 2 1 1 1 2 0 1 0 1 1 1 0 0 1 2 2 1
