1.77458521867849 0.085962312919624 -1.14592332395227 -0.39550541496244 -0.564911740237444 1 2 0 1 0 2 2 0 2 1 0 1 0 2 0 0 0 0 2 0 1 0 1 1 2 2 2 0 1 2 1 2 2 1 0 1 0 1 1 0 1 1 1 1 1 0 1 2 1 2 0 0 1 1 2 2 2 2 1 0 0 1 2 2 2 2 2 2 2 1 2 2 2 1 2 0 1 1 0 0 1 1 2 0 0 0 1 1 1 2 2 2 2 0 1 1 0 0 2 2 0 2 0 1 0 2 2 0 2 1 0 1 0 2 0 0 0 0 2 0 1 0 1 1 2 2 2 0 1 2 1 2 2 1 0 1 0 1 1 0 1 1 1 1 1 0 1 2 1 2 0 0 1 1 2 2 2 2 1 0 0 1 2 2 2 2 2 2 2 1 2 2 2 1 2 0 1 1 0 0 1 1 2 0 0 0 1 1 1 2 2 2 2 0 1 1 0 0 2 2 0
0.840724617886473 0.341222593119379 0.851848618342835 -0.655181305215318 -0.546957657365963 1 2 2 1 0 1 0 0 2 0 0 1 0 2 0 0 2 2 2 0 2 1 2 1 1 2 2 2 2 2 1 1 2 0 0 0 0 1 0 0 1 2 1 2 2 0 1 2 1 0 0 1 2 0 1 1 1 1 2 0 2 2 2 1 2 2 2 2 2 0 1 2 2 1 2 0 1 1 1 1 1 2 1 0 1 1 1 1 1 2 2 2 2 0 1 2 1 2 2 2 1 2 2 1 0 1 0 0 2 0 0 1 0 2 0 0 2 2 2 0 2 1 2 1 1 2 2 2 2 2 1 1 2 0 0 0 0 1 0 0 1 2 1 2 2 0 1 2 1 0 0 1 2 0 1 1 1 1 2 0 2 2 2 1 2 2 2 2 2 0 1 2 2 1 2 0 1 1 1 1 1 2 1 0 1 1 1 1 1 2 2 2 2 0 1 2 1 2 2 2 1
0.349188780501631 -0.125847972494838 -0.730455814107926 -1.1411839072112 0.195599719402495 1 2 1 1 0 1 0 0 2 1 1 2 0 2 0 0 1 2 2 1 1 0 0 0 0 1 1 0 1 2 1 0 1 2 1 2 1 0 0 0 1 0 0 0 1 0 0 1 0 0 0 0 0 0 2 2 2 2 2 0 2 2 2 2 2 0 1 2 2 0 0 2 0 1 0 0 0 0 0 0 0 1 2 0 2 1 2 1 2 2 1 1 1 0 1 2 0 1 2 2 0 2 1 1 0 1 0 0 2 1 1 2 0 2 0 0 1 2 2 1 1 0 0 0 0 1 1 0 1 2 1 0 1 2 1 2 1 0 0 0 1 0 0 0 1 0 0 1 0 0 0 0 0 0 2 2 2 2 2 0 2 2 2 2 2 0 1 2 2 0 0 2 0 1 0 0 0 0 0 0 0 1 2 0 2 1 2 1 2 2 1 1 1 0 1 2 0 1 2 2 0
-0.611705334283183 0.425914293952907 1.1671676065491 -0.141810129524925 0.19937735614184 1 2 0 1 0 0 0 1 2 0 0 1 0 0 0 0 0 1 1 1 1 0 1 2 2 2 2 1 1 2 2 0 0 1 0 0 0 1 0 0 1 1 0 1 1 0 1 2 0 2 1 1 2 1 1 2 2 1 2 0 1 2 1 2 1 0 1 2 2 0 0 2 2 2 2 2 2 2 2 1 2 2 2 0 1 1 1 2 2 2 2 1 2 0 2 2 1 2 2 2 1 2 0 1 0 0 0 1 2 0 0 1 0 0 0 0 0 1 1 1 1 0 1 2 2 2 2 1 1 2 2 0 0 1 0 0 0 1 0 0 1 1 0 1 1 0 1 2 0 2 1 1 2 1 1 2 2 1 2 0 1 2 1 2 1 0 1 2 2 0 0 2 2 2 2 2 2 2 2 1 2 2 2 0 1 1 1 2 2 2 2 1 2 0 2 2 1 2 2 2 1
0.233274209511052 1.93355875291751 1.08890423775221 -0.170263632545254 -0.252995352346629 1 2 0 1 0 1 0 0 1 0 2 2 0 2 1 1 1 1 1 1 2 0 2 1 1 2 2 0 1 2 1 1 2 1 0 0 0 2 0 0 1 1 2 2 2 0 2 2 1 0 0 0 1 1 1 1 2 2 2 0 2 2 2 2 2 2 1 2 2 0 0 2 0 1 2 0 1 0 0 0 2 1 2 1 1 0 1 1 1 2 2 1 1 0 0 1 0 1 2 2 2 2 0 1 0 1 0 0 1 0 2 2 0 2 1 1 1 1 1 1 2 0 2 1 1 2 2 0 1 2 1 1 2 1 0 0 0 2 0 0 1 1 2 2 2 0 2 2 1 0 0 0 1 1 1 1 2 2 2 0 2 2 2 2 2 2 1 2 2 0 0 2 0 1 2 0 1 0 0 0 2 1 2 1 1 0 1 1 1 2 2 1 1 0 0 1 0 1 2 2 2
0.166565617866528 0.643922352637442 -0.223602131687876 1.28640968292627 0.741073419301753 1 2 0 1 0 2 1 1 2 1 0 2 0 1 0 0 0 0 2 2 2 0 2 2 2 2 2 1 1 1 1 2 2 1 0 0 0 1 0 0 1 1 2 1 1 0 1 2 1 1 1 1 2 1 2 2 2 1 2 0 1 1 0 2 2 2 1 2 2 1 1 2 2 2 2 0 1 1 2 1 2 2 2 1 2 1 2 1 1 2 2 2 2 0 2 2 0 1 2 2 1 2 0 1 0 2 1 1 2 1 0 2 0 1 0 0 0 0 2 2 2 0 2 2 2 2 2 1 1 1 1 2 2 1 0 0 0 1 0 0 1 1 2 1 1 0 1 2 1 1 1 1 2 1 2 2 2 1 2 0 1 1 0 2 2 2 1 2 2 1 1 2 2 2 2 0 1 1 2 1 2 2 2 1 2 1 2 1 1 2 2 2 2 0 2 2 0 1 2 2 1
-0.0889798561765388 0.361970863786029 0.226271242108551 0.097559205491655 0.652029172810685 1 2 1 1 0 2 1 0 2 1 1 2 0 2 0 0 1 1 1 0 2 2 1 2 2 2 2 0 1 2 1 2 2 2 2 2 0 1 1 0 2 1 1 1 2 1 0 2 0 1 0 0 1 2 2 2 2 1 2 0 1 2 2 2 1 2 2 2 2 1 2 2 2 2 2 1 1 0 0 0 2 1 2 0 2 1 1 0 1 2 2 1 1 0 0 2 0 0 2 2 1 2 1 1 0 2 1 0 2 1 1 2 0 2 0 0 1 1 1 0 2 2 1 2 2 2 2 0 1 2 1 2 2 2 2 2 0 1 1 0 2 1 1 1 2 1 0 2 0 1 0 0 1 2 2 2 2 1 2 0 1 2 2 2 1 2 2 2 2 1 2 2 2 2 2 1 1 0 0 0 2 1 2 0 2 1 1 0 1 2 2 1 1 0 0 2 0 0 2 2 1
-1.09756409162715 0.137480286218573 0.402956019190685 -1.12772800880573 1.4128237262951 1 2 1 1 0 2 1 0 2 1 2 2 0 2 0 0 1 2 2 1 2 0 2 1 1 2 1 0 2 2 2 2 2 1 0 0 0 1 0 1 2 2 2 2 2 1 1 2 0 2 1 1 2 1 0 2 2 2 2 0 0 1 1 1 2 2 2 1 2 0 1 2 2 2 2 0 1 2 2 0 1 1 1 0 1 0 1 0 0 2 2 2 2 0 2 2 0 2 2 2 0 2 1 1 0 2 1 0 2 1 2 2 0 2 0 0 1 2 2 1 2 0 2 1 1 2 1 0 2 2 2 2 2 1 0 0 0 1 0 1 2 2 2 2 2 1 1 2 0 2 1 1 2 1 0 2 2 2 2 0 0 1 1 1 2 2 2 1 2 0 1 2 2 2 2 0 1 2 2 0 1 1 1 0 1 0 1 0 0 2 2 2 2 0 2 2 0 2 2 2 0
1.2588570369739 0.331857976036079 1.2077208022322 -0.83883247547361 0.778952792537829 -1 2 0 1 0 1 1 0 2 0 1 2 0 2 1 1 0 1 1 1 2 1 2 0 0 0 1 0 0 1 1 1 2 1 1 1 1 1 0 0 1 1 0 2 2 1 2 2 1 2 1 1 2 2 1 2 1 1 1 0 1 1 2 2 2 2 2 2 2 1 2 2 1 2 2 0 0 2 2 0 2 2 2 0 2 2 1 0 1 2 2 2 2 0 2 2 0 0 2 2 0 -2 0 -1 0 -1 -1 0 -2 0 -1 -2 0 -2 -1 -1 0 -1 -1 -1 -2 -1 -2 0 0 0 -1 0 0 -1 -1 -1 -2 -1 -1 -1 -1 -1 0 0 -1 -1 0 -2 -2 -1 -2 -2 -1 -2 -1 -1 -2 -2 -1 -2 -1 -1 -1 0 -1 -1 -2 -2 -2 -2 -2 -2 -2 -1 -2 -2 -1 -2 -2 0 0 -2 -2 0 -2 -2 -2 0 -2 -2 -1 0 -1 -2 -2 -2 -2 0 -2 -2 0 0 -2 -2 0
-0.581308124348361 0.231693195192256 1.0642686192255 -0.677090498985556 1.60885605103493 -1 2 0 0 0 2 1 1 2 0 0 1 0 1 0 0 1 2 1 0 2 1 2 2 2 2 2 0 2 2 2 1 1 2 0 1 1 2 0 1 2 2 1 0 2 1 2 2 0 0 0 0 1 1 1 2 2 1 2 0 0 1 1 2 2 2 1 2 2 0 2 2 2 2 2 0 1 2 1 1 2 2 1 0 1 1 2 1 1 2 2 2 2 0 1 1 0 1 1 2 0 -2 0 0 0 -2 -1 -1 -2 0 0 -1 0 -1 0 0 -1 -2 -1 0 -2 -1 -2 -2 -2 -2 -2 0 -2 -2 -2 -1 -1 -2 0 -1 -1 -2 0 -1 -2 -2 -1 0 -2 -1 -2 -2 0 0 0 0 -1 -1 -1 -2 -2 -1 -2 0 0 -1 -1 -2 -2 -2 -1 -2 -2 0 -2 -2 -2 -2 -2 0 -1 -2 -1 -1 -2 -2 -1 0 -1 -1 -2 -1 -1 -2 -2 -2 -2 0 -1 -1 0 -1 -1 -2 0
1.06158442009936 0.0408432755669614 0.554366756473872 1.25028484488674 -0.648977889561761 1 2 0 0 0 1 1 0 2 0 0 2 1 2 0 0 1 2 2 2 2 0 1 1 0 1 1 0 1 1 1 1 2 0 0 0 1 2 0 0 1 0 0 2 2 1 1 2 0 0 0 0 2 0 0 1 1 0 1 0 0 1 1 1 2 1 0 2 2 1 1 2 1 1 2 1 1 1 1 0 1 1 1 0 1 0 1 0 0 2 2 2 2 0 1 2 0 2 2 2 0 2 0 0 0 1 1 0 2 0 0 2 1 2 0 0 1 2 2 2 2 0 1 1 0 1 1 0 1 1 1 1 2 0 0 0 1 2 0 0 1 0 0 2 2 1 1 2 0 0 0 0 2 0 0 1 1 0 1 0 0 1 1 1 2 1 0 2 2 1 1 2 1 1 2 1 1 1 1 0 1 1 1 0 1 0 1 0 0 2 2 2 2 0 1 2 0 2 2 2 0
0.400896902649325 0.467269207798397 0.911834657230707 -0.340389347943742 -0.368005750778264 1 2 0 1 0 0 0 0 2 0 1 2 1 2 0 0 1 1 1 1 2 2 2 2 1 2 2 0 2 2 2 2 2 2 0 0 0 1 1 1 2 0 0 1 2 1 2 2 0 1 0 1 1 1 0 2 2 1 2 0 1 2 2 2 2 2 1 2 2 0 1 1 1 1 1 0 1 1 0 0 1 2 2 1 2 1 2 1 1 2 2 2 2 0 2 2 0 0 1 2 0 2 0 1 0 0 0 0 2 0 1 2 1 2 0 0 1 1 1 1 2 2 2 2 1 2 2 0 2 2 2 2 2 2 0 0 0 1 1 1 2 0 0 1 2 1 2 2 0 1 0 1 1 1 0 2 2 1 2 0 1 2 2 2 2 2 1 2 2 0 1 1 1 1 1 0 1 1 0 0 1 2 2 1 2 1 2 1 1 2 2 2 2 0 2 2 0 0 1 2 0
-1.21214785422167 0.694821140304911 -2.7417571892754 -1.04764172150486 1.54515894311892 1 2 1 0 0 0 0 0 2 1 0 2 1 2 1 0 2 2 0 0 2 1 1 2 2 1 2 1 2 2 1 1 2 2 0 0 0 2 1 1 2 2 1 1 2 1 2 1 1 0 0 0 1 1 2 2 2 1 2 0 1 2 2 2 2 0 0 1 1 0 2 2 1 2 2 0 1 1 2 0 2 2 1 0 1 0 1 1 1 2 2 2 2 0 2 1 0 0 2 2 1 2 1 0 0 0 0 0 2 1 0 2 1 2 1 0 2 2 0 0 2 1 1 2 2 1 2 1 2 2 1 1 2 2 0 0 0 2 1 1 2 2 1 1 2 1 2 1 1 0 0 0 1 1 2 2 2 1 2 0 1 2 2 2 2 0 0 1 1 0 2 2 1 2 2 0 1 1 2 0 2 2 1 0 1 0 1 1 1 2 2 2 2 0 2 1 0 0 2 2 1
-0.288890742308882 0.500856143262068 1.2189221763881 0.420655425901014 -0.210888396932419 -1 2 0 0 0 1 1 0 2 1 1 2 0 2 0 0 0 0 1 0 2 0 2 1 0 1 2 1 1 2 2 2 2 1 0 0 0 0 0 0 2 2 1 1 2 0 0 2 0 0 0 0 1 1 1 1 0 0 2 0 2 1 1 1 2 0 0 1 0 0 1 2 1 2 2 0 1 1 1 1 1 1 2 0 2 1 2 1 2 2 2 2 2 0 2 2 0 1 2 2 2 -2 0 0 0 -1 -1 0 -2 -1 -1 -2 0 -2 0 0 0 0 -1 0 -2 0 -2 -1 0 -1 -2 -1 -1 -2 -2 -2 -2 -1 0 0 0 0 0 0 -2 -2 -1 -1 -2 0 0 -2 0 0 0 0 -1 -1 -1 -1 0 0 -2 0 -2 -1 -1 -1 -2 0 0 -1 0 0 -1 -2 -1 -2 -2 0 -1 -1 -1 -1 -1 -1 -2 0 -2 -1 -2 -1 -2 -2 -2 -2 -2 0 -2 -2 0 -1 -2 -2 -2
0.132360029609129 0.708723663434031 -2.08846209534083 -0.0403010409196405 0.512861473538709 1 2 1 0 0 2 0 2 2 0 0 2 0 2 0 0 0 0 2 1 2 1 2 2 2 2 2 0 2 2 1 2 2 0 0 0 0 1 1 0 2 1 0 2 2 1 2 1 1 1 0 0 2 1 1 1 2 2 2 0 1 1 2 2 2 1 0 1 2 0 0 2 1 1 2 2 2 1 1 0 1 2 2 1 1 0 0 0 1 2 2 2 1 0 2 2 1 2 2 2 1 2 1 0 0 2 0 2 2 0 0 2 0 2 0 0 0 0 2 1 2 1 2 2 2 2 2 0 2 2 1 2 2 0 0 0 0 1 1 0 2 1 0 2 2 1 2 1 1 1 0 0 2 1 1 1 2 2 2 0 1 1 2 2 2 1 0 1 2 0 0 2 1 1 2 2 2 1 1 0 1 2 2 1 1 0 0 0 1 2 2 2 1 0 2 2 1 2 2 2 1
0.47814010027428 -0.72079237189109 -0.126405432442038 0.484344165819609 1.52870992073015 -1 2 1 2 1 2 1 1 2 1 1 2 1 2 0 0 1 1 2 1 0 0 1 1 2 1 1 0 1 1 1 1 1 2 0 0 0 1 0 0 1 2 2 0 2 0 1 2 2 0 0 0 2 1 2 2 2 1 2 0 0 1 2 2 2 0 2 2 2 1 2 2 1 1 1 0 0 0 1 0 0 1 2 0 1 0 2 0 1 1 2 2 2 0 1 1 0 1 2 2 0 -2 -1 -2 -1 -2 -1 -1 -2 -1 -1 -2 -1 -2 0 0 -1 -1 -2 -1 0 0 -1 -1 -2 -1 -1 0 -1 -1 -1 -1 -1 -2 0 0 0 -1 0 0 -1 -2 -2 0 -2 0 -1 -2 -2 0 0 0 -2 -1 -2 -2 -2 -1 -2 0 0 -1 -2 -2 -2 0 -2 -2 -2 -1 -2 -2 -1 -1 -1 0 0 0 -1 0 0 -1 -2 0 -1 0 -2 0 -1 -1 -2 -2 -2 0 -1 -1 0 -1 -2 -2 0
0.00459210033539563 -0.13966052382349 -1.35223042674908 0.115132105581136 -0.690588006261811 -1 2 2 2 0 1 0 1 2 0 0 2 1 2 0 0 0 2 2 2 2 0 2 2 1 1 2 0 1 2 1 2 2 1 0 0 0 1 1 0 2 2 2 1 2 1 2 1 0 0 0 0 1 1 2 2 2 1 1 0 2 2 2 2 2 0 1 2 2 0 1 2 2 2 2 0 1 1 1 0 1 2 2 2 1 0 1 0 2 1 2 2 1 0 1 2 0 2 2 2 0 -2 -2 -2 0 -1 0 -1 -2 0 0 -2 -1 -2 0 0 0 -2 -2 -2 -2 0 -2 -2 -1 -1 -2 0 -1 -2 -1 -2 -2 -1 0 0 0 -1 -1 0 -2 -2 -2 -1 -2 -1 -2 -1 0 0 0 0 -1 -1 -2 -2 -2 -1 -1 0 -2 -2 -2 -2 -2 0 -1 -2 -2 0 -1 -2 -2 -2 -2 0 -1 -1 -1 0 -1 -2 -2 -2 -1 0 -1 0 -2 -1 -2 -2 -1 0 -1 -2 0 -2 -2 -2 0
0.648639289575103 1.32167568639371 0.739391590067444 -1.16636050185113 -0.502403231747188 1 2 0 1 0 1 1 0 2 1 1 2 0 1 0 0 2 2 2 2 2 0 1 1 1 1 1 0 1 2 1 0 0 2 0 1 1 2 1 2 2 1 2 2 2 2 1 1 0 1 0 0 1 1 0 1 2 2 1 0 1 2 2 1 2 1 1 2 2 0 1 2 2 2 2 1 1 0 0 0 2 1 2 1 2 0 2 1 1 1 1 0 1 0 2 2 0 2 2 2 0 2 0 1 0 1 1 0 2 1 1 2 0 1 0 0 2 2 2 2 2 0 1 1 1 1 1 0 1 2 1 0 0 2 0 1 1 2 1 2 2 1 2 2 2 2 1 1 0 1 0 0 1 1 0 1 2 2 1 0 1 2 2 1 2 1 1 2 2 0 1 2 2 2 2 1 1 0 0 0 2 1 2 1 2 0 2 1 1 1 1 0 1 0 2 2 0 2 2 2 0
0.0728453804902474 -2.13060856302511 -0.778474687601567 1.7881750749721 0.507921056610626 -1 2 0 2 0 1 0 1 2 2 2 1 0 2 0 1 0 0 0 0 2 0 2 1 1 0 1 0 0 2 1 0 2 2 0 0 0 1 0 1 2 0 0 1 2 0 1 2 0 1 0 0 2 0 1 2 2 1 2 0 1 1 2 2 2 2 1 2 2 0 1 2 2 2 2 0 0 1 1 0 0 2 1 1 2 1 1 0 2 2 2 2 2 0 2 2 0 1 1 2 1 -2 0 -2 0 -1 0 -1 -2 -2 -2 -1 0 -2 0 -1 0 0 0 0 -2 0 -2 -1 -1 0 -1 0 0 -2 -1 0 -2 -2 0 0 0 -1 0 -1 -2 0 0 -1 -2 0 -1 -2 0 -1 0 0 -2 0 -1 -2 -2 -1 -2 0 -1 -1 -2 -2 -2 -2 -1 -2 -2 0 -1 -2 -2 -2 -2 0 0 -1 -1 0 0 -2 -1 -1 -2 -1 -1 0 -2 -2 -2 -2 -2 0 -2 -2 0 -1 -1 -2 -1
-0.316312572322573 0.166595795112 -0.708439514004329 -2.02850392501161 0.562661458578715 -1 2 1 2 0 2 1 0 2 1 0 2 1 2 0 0 1 1 1 1 2 1 2 1 1 2 2 0 1 2 2 2 2 2 0 1 0 1 0 0 1 0 1 2 2 1 2 2 1 0 0 0 1 0 0 1 2 0 1 1 2 2 2 2 2 2 0 2 2 0 1 2 1 1 2 0 1 0 1 0 1 1 2 1 2 1 0 0 1 2 2 2 2 0 2 1 0 2 2 2 0 -2 -1 -2 0 -2 -1 0 -2 -1 0 -2 -1 -2 0 0 -1 -1 -1 -1 -2 -1 -2 -1 -1 -2 -2 0 -1 -2 -2 -2 -2 -2 0 -1 0 -1 0 0 -1 0 -1 -2 -2 -1 -2 -2 -1 0 0 0 -1 0 0 -1 -2 0 -1 -1 -2 -2 -2 -2 -2 -2 0 -2 -2 0 -1 -2 -1 -1 -2 0 -1 0 -1 0 -1 -1 -2 -1 -2 -1 0 0 -1 -2 -2 -2 -2 0 -2 -1 0 -2 -2 -2 0
-0.229610499705476 -0.404538439639026 -1.78731728531875 -0.400190581005577 -1.91166377671735 -1 2 1 2 0 2 1 1 2 2 2 1 0 2 0 0 1 1 2 1 2 0 2 2 1 0 1 0 2 2 1 2 2 1 0 1 0 1 1 0 2 2 1 1 2 1 1 2 0 1 0 0 2 2 2 2 2 2 1 0 0 2 2 1 2 1 1 2 2 1 2 2 2 2 2 0 1 1 1 1 1 1 2 1 2 1 2 0 1 2 2 1 2 0 1 1 0 0 2 2 0 -2 -1 -2 0 -2 -1 -1 -2 -2 -2 -1 0 -2 0 0 -1 -1 -2 -1 -2 0 -2 -2 -1 0 -1 0 -2 -2 -1 -2 -2 -1 0 -1 0 -1 -1 0 -2 -2 -1 -1 -2 -1 -1 -2 0 -1 0 0 -2 -2 -2 -2 -2 -2 -1 0 0 -2 -2 -1 -2 -1 -1 -2 -2 -1 -2 -2 -2 -2 -2 0 -1 -1 -1 -1 -1 -1 -2 -1 -2 -1 -2 0 -1 -2 -2 -1 -2 0 -1 -1 0 0 -2 -2 0
-0.274439988178602 1.71949060318648 1.46821118420092 0.165319495235473 1.38356318528942 -1 2 0 0 0 1 0 0 2 1 1 2 0 1 0 0 1 2 2 1 2 0 1 1 2 2 2 1 2 2 1 2 2 1 1 0 0 1 0 0 0 0 0 1 2 1 1 2 1 2 0 1 2 1 1 2 2 2 2 0 2 2 2 2 2 1 0 2 2 0 1 2 0 2 2 1 1 2 2 1 2 2 2 2 2 0 1 1 1 2 2 2 2 0 1 1 0 1 2 2 2 -2 0 0 0 -1 0 0 -2 -1 -1 -2 0 -1 0 0 -1 -2 -2 -1 -2 0 -1 -1 -2 -2 -2 -1 -2 -2 -1 -2 -2 -1 -1 0 0 -1 0 0 0 0 0 -1 -2 -1 -1 -2 -1 -2 0 -1 -2 -1 -1 -2 -2 -2 -2 0 -2 -2 -2 -2 -2 -1 0 -2 -2 0 -1 -2 0 -2 -2 -1 -1 -2 -2 -1 -2 -2 -2 -2 -2 0 -1 -1 -1 -2 -2 -2 -2 0 -1 -1 0 -1 -2 -2 -2
1.69373634586226 -0.0668345732505194 1.85595768231839 1.46077348257689 -1.08884699542742 -1 2 1 2 0 2 0 0 2 0 1 2 0 1 0 0 0 1 2 2 2 0 2 2 2 2 2 1 2 2 1 2 2 1 1 1 1 1 1 0 2 2 2 1 2 1 1 2 0 1 0 0 1 1 2 2 1 1 1 0 1 2 2 2 2 2 1 1 2 0 1 2 2 2 2 1 1 0 0 0 0 1 2 1 2 0 1 1 0 2 2 1 2 0 1 1 0 1 1 2 1 -2 -1 -2 0 -2 0 0 -2 0 -1 -2 0 -1 0 0 0 -1 -2 -2 -2 0 -2 -2 -2 -2 -2 -1 -2 -2 -1 -2 -2 -1 -1 -1 -1 -1 -1 0 -2 -2 -2 -1 -2 -1 -1 -2 0 -1 0 0 -1 -1 -2 -2 -1 -1 -1 0 -1 -2 -2 -2 -2 -2 -1 -1 -2 0 -1 -2 -2 -2 -2 -1 -1 0 0 0 0 -1 -2 -1 -2 0 -1 -1 0 -2 -2 -1 -2 0 -1 -1 0 -1 -1 -2 -1
-0.713098617840907 -0.0836201777863702 -0.830452485579885 1.54632354819459 0.584082455432448 -1 2 0 0 0 1 0 1 2 1 2 2 0 2 0 0 1 1 1 0 2 0 1 1 0 1 1 0 1 2 1 1 2 0 0 0 0 1 1 0 1 2 2 2 2 2 2 2 1 0 0 0 2 1 2 2 2 1 2 0 1 2 2 1 2 1 1 2 2 1 2 2 2 2 2 1 2 1 1 0 2 2 1 0 0 0 1 1 1 2 2 1 2 0 1 1 0 0 0 2 0 -2 0 0 0 -1 0 -1 -2 -1 -2 -2 0 -2 0 0 -1 -1 -1 0 -2 0 -1 -1 0 -1 -1 0 -1 -2 -1 -1 -2 0 0 0 0 -1 -1 0 -1 -2 -2 -2 -2 -2 -2 -2 -1 0 0 0 -2 -1 -2 -2 -2 -1 -2 0 -1 -2 -2 -1 -2 -1 -1 -2 -2 -1 -2 -2 -2 -2 -2 -1 -2 -1 -1 0 -2 -2 -1 0 0 0 -1 -1 -1 -2 -2 -1 -2 0 -1 -1 0 0 0 -2 0
0.469079255694813 -1.29149987633881 -0.870619378795311 -0.8227713563039 -0.503571269556026 -1 2 1 1 0 2 2 1 2 0 0 2 0 2 0 0 0 2 2 2 2 0 0 1 1 2 1 1 1 1 0 0 1 1 0 0 0 0 0 0 2 1 1 2 2 1 2 2 1 0 1 1 2 1 2 2 1 2 2 0 2 2 1 0 2 1 1 1 2 1 1 1 1 2 2 1 1 1 1 1 2 1 2 0 2 2 2 1 2 2 2 2 2 0 2 2 0 1 2 2 0 -2 -1 -1 0 -2 -2 -1 -2 0 0 -2 0 -2 0 0 0 -2 -2 -2 -2 0 0 -1 -1 -2 -1 -1 -1 -1 0 0 -1 -1 0 0 0 0 0 0 -2 -1 -1 -2 -2 -1 -2 -2 -1 0 -1 -1 -2 -1 -2 -2 -1 -2 -2 0 -2 -2 -1 0 -2 -1 -1 -1 -2 -1 -1 -1 -1 -2 -2 -1 -1 -1 -1 -1 -2 -1 -2 0 -2 -2 -2 -1 -2 -2 -2 -2 -2 0 -2 -2 0 -1 -2 -2 0
-0.0822661931161544 0.377075636348522 -0.643579991689086 -0.556502961488227 0.552612882869862 -1 2 1 2 0 1 1 0 2 0 0 2 1 2 0 0 1 1 2 1 2 1 2 2 2 2 2 0 1 2 1 0 2 0 0 0 0 0 0 1 2 1 2 1 2 0 1 2 2 0 0 0 0 0 0 1 2 1 1 0 0 2 2 2 2 1 1 1 2 1 1 2 2 1 1 0 1 1 1 1 1 2 2 0 1 0 2 0 1 2 2 2 2 0 2 1 0 2 2 2 0 -2 -1 -2 0 -1 -1 0 -2 0 0 -2 -1 -2 0 0 -1 -1 -2 -1 -2 -1 -2 -2 -2 -2 -2 0 -1 -2 -1 0 -2 0 0 0 0 0 0 -1 -2 -1 -2 -1 -2 0 -1 -2 -2 0 0 0 0 0 0 -1 -2 -1 -1 0 0 -2 -2 -2 -2 -1 -1 -1 -2 -1 -1 -2 -2 -1 -1 0 -1 -1 -1 -1 -1 -2 -2 0 -1 0 -2 0 -1 -2 -2 -2 -2 0 -2 -1 0 -2 -2 -2 0
0.553762155910915 -0.33261996875959 -0.719077367037202 -0.358927789037059 1.09650018510041 -1 1 0 0 0 2 0 1 2 1 1 2 0 2 0 0 1 2 1 1 2 1 1 1 1 2 2 0 1 2 2 1 1 1 0 0 1 2 1 0 1 0 0 1 1 0 0 2 1 0 0 0 1 0 1 1 2 2 2 0 2 2 2 1 2 2 0 1 2 1 2 2 2 2 2 0 1 1 1 1 1 1 2 0 1 0 1 0 2 2 2 1 1 0 1 2 0 2 2 2 0 -1 0 0 0 -2 0 -1 -2 -1 -1 -2 0 -2 0 0 -1 -2 -1 -1 -2 -1 -1 -1 -1 -2 -2 0 -1 -2 -2 -1 -1 -1 0 0 -1 -2 -1 0 -1 0 0 -1 -1 0 0 -2 -1 0 0 0 -1 0 -1 -1 -2 -2 -2 0 -2 -2 -2 -1 -2 -2 0 -1 -2 -1 -2 -2 -2 -2 -2 0 -1 -1 -1 -1 -1 -1 -2 0 -1 0 -1 0 -2 -2 -2 -1 -1 0 -1 -2 0 -2 -2 -2 0
0.328277021237004 -0.659272599005472 -0.476611893868451 -0.32079419955876 0.664156180537123 -1 2 1 1 0 1 1 1 2 1 2 2 1 2 1 0 0 1 2 1 2 1 1 0 1 1 1 0 1 2 1 1 2 0 0 0 1 1 0 0 2 2 2 0 1 0 1 1 1 0 0 0 0 0 1 1 2 1 1 0 0 0 1 1 2 1 1 2 2 0 1 2 2 2 1 0 1 1 1 0 1 2 2 1 1 0 2 1 1 2 2 2 2 0 1 2 0 2 2 2 1 -2 -1 -1 0 -1 -1 -1 -2 -1 -2 -2 -1 -2 -1 0 0 -1 -2 -1 -2 -1 -1 0 -1 -1 -1 0 -1 -2 -1 -1 -2 0 0 0 -1 -1 0 0 -2 -2 -2 0 -1 0 -1 -1 -1 0 0 0 0 0 -1 -1 -2 -1 -1 0 0 0 -1 -1 -2 -1 -1 -2 -2 0 -1 -2 -2 -2 -1 0 -1 -1 -1 0 -1 -2 -2 -1 -1 0 -2 -1 -1 -2 -2 -2 -2 0 -1 -2 0 -2 -2 -2 -1
-0.706583067117209 -0.601896889615301 0.0418720991674968 -0.335033342588208 -0.586811623633582 -1 2 0 1 0 1 0 0 2 1 1 1 0 2 0 0 1 0 0 0 2 1 2 1 1 1 1 0 0 1 1 1 2 1 1 1 0 1 1 0 2 0 0 1 2 0 1 2 1 2 0 0 2 1 0 1 1 1 1 0 1 2 2 2 2 1 0 1 2 0 2 2 2 2 2 0 2 0 1 0 0 1 1 0 1 0 1 0 0 2 2 2 2 0 2 2 0 2 2 2 0 -2 0 -1 0 -1 0 0 -2 -1 -1 -1 0 -2 0 0 -1 0 0 0 -2 -1 -2 -1 -1 -1 -1 0 0 -1 -1 -1 -2 -1 -1 -1 0 -1 -1 0 -2 0 0 -1 -2 0 -1 -2 -1 -2 0 0 -2 -1 0 -1 -1 -1 -1 0 -1 -2 -2 -2 -2 -1 0 -1 -2 0 -2 -2 -2 -2 -2 0 -2 0 -1 0 0 -1 -1 0 -1 0 -1 0 0 -2 -2 -2 -2 0 -2 -2 0 -2 -2 -2 0
1.1477653666559 -1.50196587842335 -0.8016589106917 0.738114173525023 1.24845872136408 1 2 0 1 0 1 1 1 2 1 1 2 1 2 1 0 1 2 2 0 2 2 2 2 2 2 2 1 2 2 1 1 2 2 0 1 1 2 2 1 2 0 0 1 2 0 2 2 0 0 0 0 1 0 1 1 1 1 1 0 2 2 2 0 2 2 0 2 2 0 2 2 0 2 2 0 0 0 0 0 1 2 2 0 1 0 0 0 1 2 2 2 2 0 2 2 0 0 1 2 1 2 0 1 0 1 1 1 2 1 1 2 1 2 1 0 1 2 2 0 2 2 2 2 2 2 2 1 2 2 1 1 2 2 0 1 1 2 2 1 2 0 0 1 2 0 2 2 0 0 0 0 1 0 1 1 1 1 1 0 2 2 2 0 2 2 0 2 2 0 2 2 0 2 2 0 0 0 0 0 1 2 2 0 1 0 0 0 1 2 2 2 2 0 2 2 0 0 1 2 1
0.377850403487112 -1.97297428457697 1.4994365375139 -0.612839675453496 0.755778620071239 -1 2 0 2 1 1 0 1 2 0 1 2 1 2 1 1 1 1 1 0 2 1 2 2 2 2 2 0 1 2 1 1 2 2 1 1 0 1 1 0 1 1 1 1 2 0 1 2 1 0 0 0 1 0 1 1 2 2 2 0 2 2 2 2 2 1 1 1 1 0 1 2 2 2 2 0 1 0 1 0 2 2 2 1 1 1 2 0 1 1 1 1 2 0 2 2 0 1 2 2 1 -2 0 -2 -1 -1 0 -1 -2 0 -1 -2 -1 -2 -1 -1 -1 -1 -1 0 -2 -1 -2 -2 -2 -2 -2 0 -1 -2 -1 -1 -2 -2 -1 -1 0 -1 -1 0 -1 -1 -1 -1 -2 0 -1 -2 -1 0 0 0 -1 0 -1 -1 -2 -2 -2 0 -2 -2 -2 -2 -2 -1 -1 -1 -1 0 -1 -2 -2 -2 -2 0 -1 0 -1 0 -2 -2 -2 -1 -1 -1 -2 0 -1 -1 -1 -1 -2 0 -2 -2 0 -1 -2 -2 -1
-0.202100032303045 0.184009881082887 -0.979095203992288 -1.46802788849554 1.5170848755906 -1 2 0 0 0 0 0 1 2 0 0 2 1 2 1 0 0 1 2 1 2 1 2 1 2 1 2 0 1 1 1 1 2 2 0 0 0 1 0 0 1 0 1 1 2 0 2 2 1 0 0 0 2 0 1 1 2 1 2 0 2 2 2 2 1 1 1 2 2 1 1 2 1 1 2 0 0 2 1 1 2 2 2 0 2 1 1 1 1 1 2 2 1 0 1 0 0 2 2 2 0 -2 0 0 0 0 0 -1 -2 0 0 -2 -1 -2 -1 0 0 -1 -2 -1 -2 -1 -2 -1 -2 -1 -2 0 -1 -1 -1 -1 -2 -2 0 0 0 -1 0 0 -1 0 -1 -1 -2 0 -2 -2 -1 0 0 0 -2 0 -1 -1 -2 -1 -2 0 -2 -2 -2 -2 -1 -1 -1 -2 -2 -1 -1 -2 -1 -1 -2 0 0 -2 -1 -1 -2 -2 -2 0 -2 -1 -1 -1 -1 -1 -2 -2 -1 0 -1 0 0 -2 -2 -2 0
-0.805337367648385 -0.0509884815833637 0.850060731197322 0.0198429238290162 0.804505211497275 1 2 0 1 0 0 0 0 2 1 2 2 1 2 1 0 1 1 2 0 2 0 2 2 2 2 2 0 1 2 1 0 1 2 0 0 0 2 0 0 2 1 1 2 2 0 2 2 2 1 0 0 1 1 1 1 1 2 2 0 0 1 2 1 2 1 2 2 2 0 2 2 2 1 2 0 1 1 0 0 1 2 2 0 1 1 2 1 2 2 2 2 2 0 1 1 0 2 2 2 1 2 0 1 0 0 0 0 2 1 2 2 1 2 1 0 1 1 2 0 2 0 2 2 2 2 2 0 1 2 1 0 1 2 0 0 0 2 0 0 2 1 1 2 2 0 2 2 2 1 0 0 1 1 1 1 1 2 2 0 0 1 2 1 2 1 2 2 2 0 2 2 2 1 2 0 1 1 0 0 1 2 2 0 1 1 2 1 2 2 2 2 2 0 1 1 0 2 2 2 1
-0.485312858484854 -0.863101614919217 -1.08481239172342 -0.00610673731974668 0.119517964666217 -1 2 1 2 1 1 0 0 1 0 0 1 0 2 1 0 2 2 2 2 2 1 2 2 1 1 2 0 0 1 0 0 2 1 1 0 1 2 0 1 2 1 1 0 1 1 1 2 0 0 0 0 2 2 2 2 2 2 2 1 1 1 0 1 2 2 2 2 2 0 1 2 1 1 2 1 1 1 1 0 0 2 2 1 2 0 1 2 2 2 2 2 1 0 2 1 0 2 2 2 1 -2 -1 -2 -1 -1 0 0 -1 0 0 -1 0 -2 -1 0 -2 -2 -2 -2 -2 -1 -2 -2 -1 -1 -2 0 0 -1 0 0 -2 -1 -1 0 -1 -2 0 -1 -2 -1 -1 0 -1 -1 -1 -2 0 0 0 0 -2 -2 -2 -2 -2 -2 -2 -1 -1 -1 0 -1 -2 -2 -2 -2 -2 0 -1 -2 -1 -1 -2 -1 -1 -1 -1 0 0 -2 -2 -1 -2 0 -1 -2 -2 -2 -2 -2 -1 0 -2 -1 0 -2 -2 -2 -1
-0.703650381534518 -0.231630675881961 -0.976901373643379 -2.0679487779572 -1.25845730504195 1 2 0 1 0 1 0 1 2 2 1 2 1 2 1 1 1 1 2 1 2 0 0 1 2 0 1 0 1 1 1 1 1 2 0 0 0 0 0 1 1 0 1 2 2 2 2 2 1 1 0 0 0 0 1 1 2 2 2 0 1 1 2 2 2 2 0 1 2 0 2 2 2 2 2 0 1 1 0 0 1 1 2 0 1 1 2 0 2 2 2 2 2 0 2 1 0 1 2 2 0 2 0 1 0 1 0 1 2 2 1 2 1 2 1 1 1 1 2 1 2 0 0 1 2 0 1 0 1 1 1 1 1 2 0 0 0 0 0 1 1 0 1 2 2 2 2 2 1 1 0 0 0 0 1 1 2 2 2 0 1 1 2 2 2 2 0 1 2 0 2 2 2 2 2 0 1 1 0 0 1 1 2 0 1 1 2 0 2 2 2 2 2 0 2 1 0 1 2 2 0
-0.424794924870166 -0.282814739426102 0.108442779073244 -2.46433271055649 -1.39233579798112 1 1 0 0 0 2 0 2 2 1 0 2 1 2 1 0 2 2 2 2 2 1 2 2 2 2 2 1 1 2 2 2 2 2 0 0 0 1 0 0 0 0 1 2 2 1 2 2 2 0 0 0 2 0 0 1 2 2 2 0 1 1 1 2 2 2 2 2 2 1 2 2 2 2 2 1 1 1 2 1 2 2 2 0 1 0 2 2 2 2 2 2 2 0 2 2 0 1 2 2 1 1 0 0 0 2 0 2 2 1 0 2 1 2 1 0 2 2 2 2 2 1 2 2 2 2 2 1 1 2 2 2 2 2 0 0 0 1 0 0 0 0 1 2 2 1 2 2 2 0 0 0 2 0 0 1 2 2 2 0 1 1 1 2 2 2 2 2 2 1 2 2 2 2 2 1 1 1 2 1 2 2 2 0 1 0 2 2 2 2 2 2 2 0 2 2 0 1 2 2 1
-0.618512162725909 -1.49042941474969 1.19034705408089 -1.33397784670335 -0.00386858071894172 -1 1 0 0 0 1 1 1 2 1 0 2 0 2 1 0 1 2 1 0 2 1 2 2 2 2 1 1 2 2 2 0 1 0 0 1 1 1 0 0 2 1 0 2 2 1 1 2 0 0 0 0 1 0 1 1 2 2 2 0 1 0 1 1 2 1 1 2 2 2 2 2 2 2 2 1 1 2 1 0 2 2 2 0 1 0 0 1 0 2 2 2 2 1 2 2 2 2 2 2 2 -1 0 0 0 -1 -1 -1 -2 -1 0 -2 0 -2 -1 0 -1 -2 -1 0 -2 -1 -2 -2 -2 -2 -1 -1 -2 -2 -2 0 -1 0 0 -1 -1 -1 0 0 -2 -1 0 -2 -2 -1 -1 -2 0 0 0 0 -1 0 -1 -1 -2 -2 -2 0 -1 0 -1 -1 -2 -1 -1 -2 -2 -2 -2 -2 -2 -2 -2 -1 -1 -2 -1 0 -2 -2 -2 0 -1 0 0 -1 0 -2 -2 -2 -2 -1 -2 -2 -2 -2 -2 -2 -2
0.560202819219695 0.580435420721454 0.144699441452607 1.23141730679065 0.355233759391164 -1 2 0 1 0 1 0 0 2 1 1 2 0 2 0 0 0 0 0 1 2 0 1 0 1 1 1 0 1 2 2 1 2 1 0 0 0 1 0 0 1 0 0 2 2 1 2 2 1 0 0 1 2 1 2 2 2 2 2 0 0 1 2 1 2 1 1 2 2 0 1 2 1 1 2 0 1 1 1 0 1 2 2 1 1 1 1 1 2 2 2 2 1 0 2 2 1 2 2 2 0 -2 0 -1 0 -1 0 0 -2 -1 -1 -2 0 -2 0 0 0 0 0 -1 -2 0 -1 0 -1 -1 -1 0 -1 -2 -2 -1 -2 -1 0 0 0 -1 0 0 -1 0 0 -2 -2 -1 -2 -2 -1 0 0 -1 -2 -1 -2 -2 -2 -2 -2 0 0 -1 -2 -1 -2 -1 -1 -2 -2 0 -1 -2 -1 -1 -2 0 -1 -1 -1 0 -1 -2 -2 -1 -1 -1 -1 -1 -2 -2 -2 -2 -1 0 -2 -2 -1 -2 -2 -2 0
0.738636719149978 -1.63100575021195 1.28353744009586 0.440552549578702 0.263894085531617 -1 2 1 1 0 2 0 0 1 0 0 2 1 2 1 1 1 2 2 1 2 0 1 1 2 2 2 2 1 1 1 1 2 1 0 0 0 1 0 0 1 0 0 1 2 1 2 2 0 2 0 0 2 1 1 2 2 1 1 0 0 2 2 2 2 2 2 2 2 0 1 2 2 2 2 1 2 1 1 0 1 1 1 0 2 0 1 0 0 2 2 2 2 0 2 1 0 2 2 2 2 -2 -1 -1 0 -2 0 0 -1 0 0 -2 -1 -2 -1 -1 -1 -2 -2 -1 -2 0 -1 -1 -2 -2 -2 -2 -1 -1 -1 -1 -2 -1 0 0 0 -1 0 0 -1 0 0 -1 -2 -1 -2 -2 0 -2 0 0 -2 -1 -1 -2 -2 -1 -1 0 0 -2 -2 -2 -2 -2 -2 -2 -2 0 -1 -2 -2 -2 -2 -1 -2 -1 -1 0 -1 -1 -1 0 -2 0 -1 0 0 -2 -2 -2 -2 0 -2 -1 0 -2 -2 -2 -2
-0.829623808324577 -0.781775051391759 -0.775422232071124 -0.255991935522321 -1.10685059060663 1 1 1 1 0 1 1 1 2 0 0 1 0 1 1 1 0 1 1 1 1 0 1 0 1 0 2 1 1 0 1 1 1 2 1 1 1 2 1 0 1 0 1 2 2 0 1 1 0 0 0 0 2 2 1 2 2 2 1 1 2 2 2 1 1 1 0 2 2 1 1 2 1 2 2 2 2 0 0 0 2 2 2 1 1 0 2 1 1 2 2 2 1 0 2 2 0 0 2 2 0 1 1 1 0 1 1 1 2 0 0 1 0 1 1 1 0 1 1 1 1 0 1 0 1 0 2 1 1 0 1 1 1 2 1 1 1 2 1 0 1 0 1 2 2 0 1 1 0 0 0 0 2 2 1 2 2 2 1 1 2 2 2 1 1 1 0 2 2 1 1 2 1 2 2 2 2 0 0 0 2 2 2 1 1 0 2 1 1 2 2 2 1 0 2 2 0 0 2 2 0
0.95165726963397 -0.012687500270507 -0.89857439288177 0.292832381740255 -0.039085190044937 -1 2 1 1 0 1 1 1 2 2 1 2 1 2 0 1 1 1 0 0 2 0 2 1 1 2 1 0 2 2 1 1 2 2 0 0 0 1 0 0 0 1 0 2 2 0 1 2 0 1 1 1 2 2 2 1 0 1 2 1 2 2 2 1 1 1 0 2 2 1 1 2 2 1 1 0 1 1 1 0 2 2 2 0 1 0 1 0 1 2 2 1 2 0 1 2 0 2 2 2 1 -2 -1 -1 0 -1 -1 -1 -2 -2 -1 -2 -1 -2 0 -1 -1 -1 0 0 -2 0 -2 -1 -1 -2 -1 0 -2 -2 -1 -1 -2 -2 0 0 0 -1 0 0 0 -1 0 -2 -2 0 -1 -2 0 -1 -1 -1 -2 -2 -2 -1 0 -1 -2 -1 -2 -2 -2 -1 -1 -1 0 -2 -2 -1 -1 -2 -2 -1 -1 0 -1 -1 -1 0 -2 -2 -2 0 -1 0 -1 0 -1 -2 -2 -1 -2 0 -1 -2 0 -2 -2 -2 -1
2.90256051982421 -1.35595044539275 -0.105962033504674 -0.181204130753121 0.411036211136482 1 2 0 1 0 0 0 0 2 0 0 2 1 2 0 0 2 1 2 2 1 0 1 1 2 1 2 0 0 1 1 2 2 1 0 0 0 1 0 0 1 1 1 1 2 0 1 2 2 1 0 1 2 1 1 1 2 1 1 0 0 1 2 2 2 1 1 1 2 0 1 2 1 2 2 0 2 2 1 2 2 2 2 1 2 1 1 1 2 2 2 1 2 0 2 2 0 1 2 2 0 2 0 1 0 0 0 0 2 0 0 2 1 2 0 0 2 1 2 2 1 0 1 1 2 1 2 0 0 1 1 2 2 1 0 0 0 1 0 0 1 1 1 1 2 0 1 2 2 1 0 1 2 1 1 1 2 1 1 0 0 1 2 2 2 1 1 1 2 0 1 2 1 2 2 0 2 2 1 2 2 2 2 1 2 1 1 1 2 2 2 1 2 0 2 2 0 1 2 2 0
1.16568144456974 0.0955150238545522 0.999202198300883 -0.906579147280858 -0.254957182373285 1 2 0 0 0 1 0 0 1 0 0 2 0 2 0 0 0 0 0 2 2 2 2 2 2 2 1 1 2 2 2 2 2 1 0 0 0 1 0 0 2 2 2 1 2 0 2 2 1 1 0 0 2 2 2 2 2 2 2 0 2 1 0 1 2 1 1 2 2 0 1 2 1 1 2 0 0 2 1 0 2 2 2 1 2 1 2 1 2 1 2 1 2 0 2 2 0 2 2 2 1 2 0 0 0 1 0 0 1 0 0 2 0 2 0 0 0 0 0 2 2 2 2 2 2 2 1 1 2 2 2 2 2 1 0 0 0 1 0 0 2 2 2 1 2 0 2 2 1 1 0 0 2 2 2 2 2 2 2 0 2 1 0 1 2 1 1 2 2 0 1 2 1 1 2 0 0 2 1 0 2 2 2 1 2 1 2 1 2 1 2 1 2 0 2 2 0 2 2 2 1
0.546129245276401 1.73127036978805 -0.314301643052028 0.170137724725918 0.994394818193987 1 2 0 0 0 0 0 0 2 2 0 2 1 2 0 0 0 1 1 0 2 1 2 1 1 2 2 1 1 1 1 1 1 2 1 0 0 2 1 0 2 1 0 1 2 2 2 2 1 1 0 0 1 1 1 2 2 0 2 0 1 2 1 2 2 2 0 1 2 0 0 2 2 2 2 0 1 0 0 1 2 2 2 1 1 0 0 0 0 2 2 2 2 0 1 2 0 1 1 1 0 2 0 0 0 0 0 0 2 2 0 2 1 2 0 0 0 1 1 0 2 1 2 1 1 2 2 1 1 1 1 1 1 2 1 0 0 2 1 0 2 1 0 1 2 2 2 2 1 1 0 0 1 1 1 2 2 0 2 0 1 2 1 2 2 2 0 1 2 0 0 2 2 2 2 0 1 0 0 1 2 2 2 1 1 0 0 0 0 2 2 2 2 0 1 2 0 1 1 1 0
0.137043220739731 -0.213981900781702 1.891622600829 0.482387996710408 -0.685020646734827 1 2 0 1 0 0 1 0 2 1 2 2 0 2 1 0 1 2 1 0 2 0 2 1 2 1 2 0 1 2 1 1 2 2 0 0 0 1 0 0 2 0 1 1 2 0 2 2 1 2 0 0 1 1 1 1 1 1 1 0 1 2 2 2 2 2 1 2 2 0 2 2 1 2 2 0 2 1 0 0 1 2 2 0 1 0 2 1 0 2 2 2 1 0 2 2 1 1 2 2 1 2 0 1 0 0 1 0 2 1 2 2 0 2 1 0 1 2 1 0 2 0 2 1 2 1 2 0 1 2 1 1 2 2 0 0 0 1 0 0 2 0 1 1 2 0 2 2 1 2 0 0 1 1 1 1 1 1 1 0 1 2 2 2 2 2 1 2 2 0 2 2 1 2 2 0 2 1 0 0 1 2 2 0 1 0 2 1 0 2 2 2 1 0 2 2 1 1 2 2 1
0.743204873438603 1.04968419596836 -0.860181224433081 1.34580480882159 0.946884191249564 1 2 1 2 0 1 1 2 2 1 2 1 0 1 0 0 0 1 1 1 2 1 2 1 2 2 2 2 2 2 2 2 2 1 0 0 1 1 0 0 0 0 0 2 2 0 1 2 0 1 0 0 2 1 2 2 2 2 1 0 2 2 2 1 1 1 0 2 2 0 2 2 1 1 2 0 0 1 1 0 2 1 2 1 0 0 0 0 1 2 2 2 2 0 2 2 1 1 1 2 0 2 1 2 0 1 1 2 2 1 2 1 0 1 0 0 0 1 1 1 2 1 2 1 2 2 2 2 2 2 2 2 2 1 0 0 1 1 0 0 0 0 0 2 2 0 1 2 0 1 0 0 2 1 2 2 2 2 1 0 2 2 2 1 1 1 0 2 2 0 2 2 1 1 2 0 0 1 1 0 2 1 2 1 0 0 0 0 1 2 2 2 2 0 2 2 1 1 1 2 0
0.679864160832326 1.61765949119329 -0.27736891820769 -1.45420039194217 0.569552914346595 1 1 0 0 0 1 1 0 2 0 0 1 0 2 0 0 0 1 1 1 2 0 2 1 1 2 2 1 2 2 2 1 2 0 0 1 1 2 1 0 1 1 0 2 2 0 2 2 0 1 0 1 2 1 1 2 1 1 1 0 0 2 2 2 2 1 1 2 2 0 1 2 1 2 2 0 1 1 0 0 1 1 2 0 2 0 0 0 1 2 2 1 1 0 1 0 0 0 2 2 0 1 0 0 0 1 1 0 2 0 0 1 0 2 0 0 0 1 1 1 2 0 2 1 1 2 2 1 2 2 2 1 2 0 0 1 1 2 1 0 1 1 0 2 2 0 2 2 0 1 0 1 2 1 1 2 1 1 1 0 0 2 2 2 2 1 1 2 2 0 1 2 1 2 2 0 1 1 0 0 1 1 2 0 2 0 0 0 1 2 2 1 1 0 1 0 0 0 2 2 0
1.47682206704241 -0.929769650433007 -0.566247820599137 1.42637864107737 0.293500422526125 1 2 0 0 0 0 0 0 2 0 0 2 1 2 1 0 1 2 1 1 2 0 1 1 2 2 2 0 1 1 2 2 2 2 1 0 1 2 1 1 1 0 0 1 2 0 2 2 0 2 1 2 2 1 2 1 2 1 2 0 1 1 1 1 2 2 0 2 2 1 2 2 2 2 2 1 2 2 2 1 2 2 2 1 2 1 1 1 2 2 2 0 1 0 2 1 0 0 2 2 1 2 0 0 0 0 0 0 2 0 0 2 1 2 1 0 1 2 1 1 2 0 1 1 2 2 2 0 1 1 2 2 2 2 1 0 1 2 1 1 1 0 0 1 2 0 2 2 0 2 1 2 2 1 2 1 2 1 2 0 1 1 1 1 2 2 0 2 2 1 2 2 2 2 2 1 2 2 2 1 2 2 2 1 2 1 1 1 2 2 2 0 1 0 2 1 0 0 2 2 1
-0.268927315984975 0.554992470867125 0.0966099001359443 0.0640774546178052 0.870930340400562 -1 2 0 1 0 2 0 0 2 0 1 2 0 1 0 0 0 1 2 2 2 1 2 1 2 2 1 0 1 2 1 1 2 2 1 1 0 2 0 1 2 1 2 1 1 0 1 1 1 2 1 2 2 0 1 1 2 2 1 0 1 2 2 1 2 2 2 2 2 1 2 2 2 2 2 1 1 1 1 0 1 2 2 0 1 0 2 2 2 2 2 2 1 0 1 2 1 2 2 2 0 -2 0 -1 0 -2 0 0 -2 0 -1 -2 0 -1 0 0 0 -1 -2 -2 -2 -1 -2 -1 -2 -2 -1 0 -1 -2 -1 -1 -2 -2 -1 -1 0 -2 0 -1 -2 -1 -2 -1 -1 0 -1 -1 -1 -2 -1 -2 -2 0 -1 -1 -2 -2 -1 0 -1 -2 -2 -1 -2 -2 -2 -2 -2 -1 -2 -2 -2 -2 -2 -1 -1 -1 -1 0 -1 -2 -2 0 -1 0 -2 -2 -2 -2 -2 -2 -1 0 -1 -2 -1 -2 -2 -2 0
0.0944605039218805 0.825570354382025 -1.39639656663918 -0.653405983451137 -2.12071762278524 -1 2 1 2 1 2 1 1 2 2 1 2 1 2 0 0 1 1 1 1 2 0 2 1 2 2 2 1 2 2 1 2 2 2 0 0 0 1 0 0 1 1 1 1 2 0 1 2 0 1 1 1 2 1 0 2 2 2 2 0 1 2 2 2 2 1 1 2 2 0 0 1 1 2 2 0 1 1 1 1 2 2 2 1 2 2 2 0 1 2 2 1 0 0 1 1 0 1 2 2 0 -2 -1 -2 -1 -2 -1 -1 -2 -2 -1 -2 -1 -2 0 0 -1 -1 -1 -1 -2 0 -2 -1 -2 -2 -2 -1 -2 -2 -1 -2 -2 -2 0 0 0 -1 0 0 -1 -1 -1 -1 -2 0 -1 -2 0 -1 -1 -1 -2 -1 0 -2 -2 -2 -2 0 -1 -2 -2 -2 -2 -1 -1 -2 -2 0 0 -1 -1 -2 -2 0 -1 -1 -1 -1 -2 -2 -2 -1 -2 -2 -2 0 -1 -2 -2 -1 0 0 -1 -1 0 -1 -2 -2 0
-1.28433387984061 1.14248036675647 -0.194233728021778 -0.884519414845933 0.553322436001545 -1 2 1 1 0 1 1 1 2 1 1 2 0 0 0 0 1 1 2 0 1 0 1 1 1 2 2 1 1 2 1 0 0 0 0 0 0 2 0 1 2 1 0 2 2 0 0 2 2 1 1 1 2 0 1 2 2 1 1 0 1 1 2 1 2 2 1 2 2 0 1 2 2 2 2 1 2 2 1 0 2 1 2 0 0 0 1 0 2 2 2 2 1 0 2 2 0 2 2 2 2 -2 -1 -1 0 -1 -1 -1 -2 -1 -1 -2 0 0 0 0 -1 -1 -2 0 -1 0 -1 -1 -1 -2 -2 -1 -1 -2 -1 0 0 0 0 0 0 -2 0 -1 -2 -1 0 -2 -2 0 0 -2 -2 -1 -1 -1 -2 0 -1 -2 -2 -1 -1 0 -1 -1 -2 -1 -2 -2 -1 -2 -2 0 -1 -2 -2 -2 -2 -1 -2 -2 -1 0 -2 -1 -2 0 0 0 -1 0 -2 -2 -2 -2 -1 0 -2 -2 0 -2 -2 -2 -2
-1.49431450148724 -1.13605531764106 -1.21356303164964 -1.869023609499 1.06619810493699 -1 2 0 0 0 1 0 0 1 0 0 2 0 2 1 0 1 2 2 2 2 1 2 1 2 2 2 0 2 2 2 2 2 1 0 0 1 1 0 0 0 0 0 1 2 1 1 2 1 2 0 0 2 1 0 1 2 1 2 0 0 1 2 1 2 2 1 2 2 1 2 2 2 2 2 2 2 0 1 0 1 2 2 0 1 0 0 0 0 2 2 2 2 0 2 2 0 2 2 2 1 -2 0 0 0 -1 0 0 -1 0 0 -2 0 -2 -1 0 -1 -2 -2 -2 -2 -1 -2 -1 -2 -2 -2 0 -2 -2 -2 -2 -2 -1 0 0 -1 -1 0 0 0 0 0 -1 -2 -1 -1 -2 -1 -2 0 0 -2 -1 0 -1 -2 -1 -2 0 0 -1 -2 -1 -2 -2 -1 -2 -2 -1 -2 -2 -2 -2 -2 -2 -2 0 -1 0 -1 -2 -2 0 -1 0 0 0 0 -2 -2 -2 -2 0 -2 -2 0 -2 -2 -2 -1
1.39651834059772 0.872823965704688 -0.276215759659907 -0.48986321468897 3.20691265895037 -1 2 0 0 0 1 0 1 2 1 2 2 1 2 1 1 1 2 2 2 2 1 2 1 1 1 2 0 2 2 2 1 2 2 0 0 0 0 0 0 1 0 0 1 2 1 0 2 0 0 0 0 1 1 2 2 1 0 1 0 1 1 1 2 2 2 0 1 2 0 2 2 2 2 2 1 1 0 2 0 1 1 1 0 1 0 0 1 1 2 2 2 2 0 2 2 0 2 2 2 0 -2 0 0 0 -1 0 -1 -2 -1 -2 -2 -1 -2 -1 -1 -1 -2 -2 -2 -2 -1 -2 -1 -1 -1 -2 0 -2 -2 -2 -1 -2 -2 0 0 0 0 0 0 -1 0 0 -1 -2 -1 0 -2 0 0 0 0 -1 -1 -2 -2 -1 0 -1 0 -1 -1 -1 -2 -2 -2 0 -1 -2 0 -2 -2 -2 -2 -2 -1 -1 0 -2 0 -1 -1 -1 0 -1 0 0 -1 -1 -2 -2 -2 -2 0 -2 -2 0 -2 -2 -2 0
-0.163471065458075 1.39679064524347 -0.681810034269023 1.86437492296618 -0.504210366331011 -1 2 0 1 0 0 0 1 1 0 0 2 0 2 0 0 0 1 2 1 2 1 2 1 2 2 2 0 2 2 2 2 2 2 0 0 0 0 0 0 2 1 0 0 2 0 0 0 0 1 0 0 1 1 2 2 2 1 2 0 2 2 1 0 2 1 2 2 2 0 2 2 2 2 2 0 1 2 1 1 2 2 2 1 2 0 1 0 0 2 2 1 2 0 2 2 0 1 1 2 0 -2 0 -1 0 0 0 -1 -1 0 0 -2 0 -2 0 0 0 -1 -2 -1 -2 -1 -2 -1 -2 -2 -2 0 -2 -2 -2 -2 -2 -2 0 0 0 0 0 0 -2 -1 0 0 -2 0 0 0 0 -1 0 0 -1 -1 -2 -2 -2 -1 -2 0 -2 -2 -1 0 -2 -1 -2 -2 -2 0 -2 -2 -2 -2 -2 0 -1 -2 -1 -1 -2 -2 -2 -1 -2 0 -1 0 0 -2 -2 -1 -2 0 -2 -2 0 -1 -1 -2 0
0.750513302434223 0.508088779426739 1.31565005446678 1.1598650599859 0.0192287129174434 1 2 0 0 0 1 1 2 2 0 0 1 0 2 0 0 0 1 1 1 2 0 0 0 1 1 1 0 1 1 0 2 2 2 1 0 0 2 0 0 1 0 0 2 2 1 2 2 2 0 0 0 1 1 1 0 1 1 1 0 1 2 2 2 2 2 1 2 2 1 2 2 2 2 2 1 1 2 1 0 0 2 2 0 1 1 2 1 1 2 2 2 2 0 2 2 0 1 2 2 1 2 0 0 0 1 1 2 2 0 0 1 0 2 0 0 0 1 1 1 2 0 0 0 1 1 1 0 1 1 0 2 2 2 1 0 0 2 0 0 1 0 0 2 2 1 2 2 2 0 0 0 1 1 1 0 1 1 1 0 1 2 2 2 2 2 1 2 2 1 2 2 2 2 2 1 1 2 1 0 0 2 2 0 1 1 2 1 1 2 2 2 2 0 2 2 0 1 2 2 1
-0.404221427938037 -0.912823962157919 -0.876826413429727 1.34905416454636 -0.665379176916196 1 2 0 0 0 1 0 0 2 0 0 2 0 2 0 0 0 1 0 1 2 1 2 1 1 2 1 0 0 1 0 0 1 2 1 0 0 1 0 0 2 1 0 2 2 0 1 2 1 1 0 0 2 0 1 1 2 2 1 0 1 2 2 2 0 1 0 1 2 0 1 2 2 2 2 0 1 2 2 1 2 2 2 0 1 1 1 1 0 2 2 1 1 0 1 1 0 0 2 2 1 2 0 0 0 1 0 0 2 0 0 2 0 2 0 0 0 1 0 1 2 1 2 1 1 2 1 0 0 1 0 0 1 2 1 0 0 1 0 0 2 1 0 2 2 0 1 2 1 1 0 0 2 0 1 1 2 2 1 0 1 2 2 2 0 1 0 1 2 0 1 2 2 2 2 0 1 2 2 1 2 2 2 0 1 1 1 1 0 2 2 1 1 0 1 1 0 0 2 2 1
0.583866375827333 0.409310830025283 -0.0619872977356111 -0.960095265414877 -0.665385905599635 -1 2 1 1 0 1 0 1 2 0 0 2 1 2 0 0 1 1 2 2 2 2 2 2 2 2 2 1 2 2 1 1 2 2 0 1 0 1 0 0 1 1 1 2 2 1 2 2 2 0 0 0 0 0 1 1 2 2 2 0 2 2 1 1 2 2 1 2 2 1 1 2 2 2 2 1 1 2 1 0 2 2 2 0 0 0 2 1 1 2 2 2 2 0 2 2 1 1 2 2 1 -2 -1 -1 0 -1 0 -1 -2 0 0 -2 -1 -2 0 0 -1 -1 -2 -2 -2 -2 -2 -2 -2 -2 -2 -1 -2 -2 -1 -1 -2 -2 0 -1 0 -1 0 0 -1 -1 -1 -2 -2 -1 -2 -2 -2 0 0 0 0 0 -1 -1 -2 -2 -2 0 -2 -2 -1 -1 -2 -2 -1 -2 -2 -1 -1 -2 -2 -2 -2 -1 -1 -2 -1 0 -2 -2 -2 0 0 0 -2 -1 -1 -2 -2 -2 -2 0 -2 -2 -1 -1 -2 -2 -1
-1.05662424829902 0.426805154901971 -0.828223979701768 -0.627244520367057 -0.761651445235303 1 2 0 0 0 1 0 1 2 1 0 2 0 1 0 1 1 1 2 1 2 0 1 1 1 1 1 0 2 2 1 2 2 2 1 1 1 1 0 1 2 1 0 2 2 0 1 2 0 1 0 1 2 1 1 2 2 2 2 0 0 2 2 2 2 2 1 2 2 1 1 2 2 2 2 1 1 0 0 0 1 2 2 0 1 0 0 0 0 2 2 2 2 0 1 2 0 2 2 2 0 2 0 0 0 1 0 1 2 1 0 2 0 1 0 1 1 1 2 1 2 0 1 1 1 1 1 0 2 2 1 2 2 2 1 1 1 1 0 1 2 1 0 2 2 0 1 2 0 1 0 1 2 1 1 2 2 2 2 0 0 2 2 2 2 2 1 2 2 1 1 2 2 2 2 1 1 0 0 0 1 2 2 0 1 0 0 0 0 2 2 2 2 0 1 2 0 2 2 2 0
2.67017792183551 -0.333957185197123 0.788155414290286 -0.0335538119705433 -0.618093850299518 -1 2 0 1 0 2 1 1 2 0 0 1 1 2 1 1 1 1 1 0 1 0 2 0 1 2 2 1 2 2 2 2 2 1 0 0 0 1 0 0 0 0 1 1 2 1 0 2 0 0 1 0 1 0 1 1 1 0 1 0 1 1 2 2 2 2 1 2 2 1 2 2 2 1 2 2 1 0 0 0 1 1 1 0 2 2 2 0 0 2 2 1 1 0 1 2 0 0 2 2 1 -2 0 -1 0 -2 -1 -1 -2 0 0 -1 -1 -2 -1 -1 -1 -1 -1 0 -1 0 -2 0 -1 -2 -2 -1 -2 -2 -2 -2 -2 -1 0 0 0 -1 0 0 0 0 -1 -1 -2 -1 0 -2 0 0 -1 0 -1 0 -1 -1 -1 0 -1 0 -1 -1 -2 -2 -2 -2 -1 -2 -2 -1 -2 -2 -2 -1 -2 -2 -1 0 0 0 -1 -1 -1 0 -2 -2 -2 0 0 -2 -2 -1 -1 0 -1 -2 0 0 -2 -2 -1
-0.0119213495426569 1.41784276359189 -0.270127963254199 0.745738295934581 0.234717580871526 -1 2 0 1 0 2 1 0 2 1 0 0 0 2 0 0 0 2 2 2 2 0 2 2 2 1 2 0 2 2 1 1 2 2 0 0 0 0 0 0 1 1 0 2 1 0 1 2 0 1 0 0 1 1 2 2 2 2 2 0 1 2 2 2 2 2 1 2 2 0 2 2 2 2 2 1 2 2 1 0 2 1 2 1 2 0 1 1 1 2 2 1 2 0 2 1 0 1 2 2 1 -2 0 -1 0 -2 -1 0 -2 -1 0 0 0 -2 0 0 0 -2 -2 -2 -2 0 -2 -2 -2 -1 -2 0 -2 -2 -1 -1 -2 -2 0 0 0 0 0 0 -1 -1 0 -2 -1 0 -1 -2 0 -1 0 0 -1 -1 -2 -2 -2 -2 -2 0 -1 -2 -2 -2 -2 -2 -1 -2 -2 0 -2 -2 -2 -2 -2 -1 -2 -2 -1 0 -2 -1 -2 -1 -2 0 -1 -1 -1 -2 -2 -1 -2 0 -2 -1 0 -1 -2 -2 -1
0.590787883534415 0.0243143088171461 0.961661441855426 0.167690203780447 -0.844058893248941 1 2 1 2 0 0 1 1 2 2 1 1 0 1 0 0 1 0 1 0 2 1 2 2 2 2 2 0 1 2 1 0 1 2 0 0 0 0 0 0 1 2 0 1 2 1 0 2 1 1 1 0 1 1 1 2 2 1 1 0 1 2 1 2 2 2 2 2 2 1 1 2 2 2 2 1 1 2 2 1 2 2 2 0 1 0 2 1 1 2 2 2 2 0 2 2 1 2 2 2 2 2 1 2 0 0 1 1 2 2 1 1 0 1 0 0 1 0 1 0 2 1 2 2 2 2 2 0 1 2 1 0 1 2 0 0 0 0 0 0 1 2 0 1 2 1 0 2 1 1 1 0 1 1 1 2 2 1 1 0 1 2 1 2 2 2 2 2 2 1 1 2 2 2 2 1 1 2 2 1 2 2 2 0 1 0 2 1 1 2 2 2 2 0 2 2 1 2 2 2 2
-0.200646178291099 1.86746217830637 -0.0333724556889037 -0.867505489907 0.375302896390062 -1 2 1 0 1 2 1 1 2 1 1 1 0 1 0 0 0 0 0 1 2 0 2 2 2 2 2 0 1 2 2 2 2 2 0 0 0 0 0 0 1 1 1 0 2 1 2 2 0 0 0 0 2 1 2 1 2 2 2 0 1 2 2 1 2 2 2 2 2 1 2 2 2 2 2 1 1 2 2 1 2 2 2 1 1 1 2 0 0 1 2 2 2 0 2 1 0 0 2 2 0 -2 -1 0 -1 -2 -1 -1 -2 -1 -1 -1 0 -1 0 0 0 0 0 -1 -2 0 -2 -2 -2 -2 -2 0 -1 -2 -2 -2 -2 -2 0 0 0 0 0 0 -1 -1 -1 0 -2 -1 -2 -2 0 0 0 0 -2 -1 -2 -1 -2 -2 -2 0 -1 -2 -2 -1 -2 -2 -2 -2 -2 -1 -2 -2 -2 -2 -2 -1 -1 -2 -2 -1 -2 -2 -2 -1 -1 -1 -2 0 0 -1 -2 -2 -2 0 -2 -1 0 0 -2 -2 0
-0.662907862431013 0.0433681427763036 0.635650223295819 0.381724563542796 -0.696568368286775 1 2 2 2 0 2 0 1 2 1 1 2 0 1 0 0 0 0 0 0 1 0 1 2 2 1 1 0 1 2 1 1 2 1 0 0 0 1 0 0 2 2 0 1 2 1 0 1 0 0 1 1 2 2 1 1 2 2 2 0 1 2 2 2 2 2 1 2 2 0 2 2 1 2 2 1 2 1 2 1 2 2 2 2 2 1 2 0 1 2 2 1 1 0 1 1 0 0 1 2 1 2 2 2 0 2 0 1 2 1 1 2 0 1 0 0 0 0 0 0 1 0 1 2 2 1 1 0 1 2 1 1 2 1 0 0 0 1 0 0 2 2 0 1 2 1 0 1 0 0 1 1 2 2 1 1 2 2 2 0 1 2 2 2 2 2 1 2 2 0 2 2 1 2 2 1 2 1 2 1 2 2 2 2 2 1 2 0 1 2 2 1 1 0 1 1 0 0 1 2 1
-1.36110052773953 0.636323031744115 0.626653880243543 -0.10984727594327 0.0140053883347819 -1 1 0 1 0 1 0 1 2 0 1 2 1 2 0 0 0 1 1 0 2 1 2 2 2 1 2 0 2 2 2 1 1 2 2 0 1 2 0 0 2 1 0 1 2 1 2 2 0 1 0 0 1 2 2 1 2 2 2 1 1 2 2 2 2 2 2 2 2 1 2 2 2 2 2 1 1 0 2 0 1 2 2 1 2 0 0 0 0 2 2 1 1 0 2 1 0 2 2 2 1 -1 0 -1 0 -1 0 -1 -2 0 -1 -2 -1 -2 0 0 0 -1 -1 0 -2 -1 -2 -2 -2 -1 -2 0 -2 -2 -2 -1 -1 -2 -2 0 -1 -2 0 0 -2 -1 0 -1 -2 -1 -2 -2 0 -1 0 0 -1 -2 -2 -1 -2 -2 -2 -1 -1 -2 -2 -2 -2 -2 -2 -2 -2 -1 -2 -2 -2 -2 -2 -1 -1 0 -2 0 -1 -2 -2 -1 -2 0 0 0 0 -2 -2 -1 -1 0 -2 -1 0 -2 -2 -2 -1
-1.19826239699532 -0.80668981075596 1.84432974736391 -0.241348137851191 -0.377367192935453 1 2 1 0 0 1 0 1 2 0 0 2 0 2 0 0 0 2 1 0 2 1 1 1 1 1 2 1 1 2 1 2 2 2 1 1 1 2 0 0 1 0 1 2 2 1 2 2 2 0 0 0 2 1 1 1 0 0 0 0 1 2 2 2 2 1 1 2 2 0 1 2 2 2 2 2 1 1 1 0 1 1 2 0 1 0 2 2 2 1 2 2 1 0 2 2 1 2 2 2 1 2 1 0 0 1 0 1 2 0 0 2 0 2 0 0 0 2 1 0 2 1 1 1 1 1 2 1 1 2 1 2 2 2 1 1 1 2 0 0 1 0 1 2 2 1 2 2 2 0 0 0 2 1 1 1 0 0 0 0 1 2 2 2 2 1 1 2 2 0 1 2 2 2 2 2 1 1 1 0 1 1 2 0 1 0 2 2 2 1 2 2 1 0 2 2 1 2 2 2 1
1.25274230074773 -0.540216138991997 0.294943216704639 -1.58768183714949 1.22590532313925 1 2 1 1 0 1 2 0 2 0 0 1 0 2 0 0 1 1 1 0 2 1 1 0 0 0 0 0 1 2 1 1 1 0 0 0 0 1 0 0 1 0 0 1 2 0 1 1 0 1 1 0 2 1 1 1 2 2 2 0 0 1 2 2 2 2 1 1 2 0 1 2 0 0 1 0 1 1 1 0 2 2 2 1 2 1 2 2 2 1 2 1 2 0 1 1 0 1 2 2 1 2 1 1 0 1 2 0 2 0 0 1 0 2 0 0 1 1 1 0 2 1 1 0 0 0 0 0 1 2 1 1 1 0 0 0 0 1 0 0 1 0 0 1 2 0 1 1 0 1 1 0 2 1 1 1 2 2 2 0 0 1 2 2 2 2 1 1 2 0 1 2 0 0 1 0 1 1 1 0 2 2 2 1 2 1 2 2 2 1 2 1 2 0 1 1 0 1 2 2 1
0.695569218300283 0.576881781473735 1.86237053144774 -0.109374811343468 0.479247960529973 -1 1 0 0 0 2 1 0 2 0 1 2 1 2 1 0 1 1 2 1 1 0 2 1 2 1 2 1 2 2 0 2 2 1 0 1 0 1 0 0 2 2 0 2 2 2 2 2 1 0 0 0 1 1 1 2 1 0 0 0 1 1 2 2 2 2 1 1 2 1 1 1 1 2 2 1 1 0 1 1 2 2 2 1 2 1 1 1 1 2 2 2 1 0 2 2 0 2 1 2 0 -1 0 0 0 -2 -1 0 -2 0 -1 -2 -1 -2 -1 0 -1 -1 -2 -1 -1 0 -2 -1 -2 -1 -2 -1 -2 -2 0 -2 -2 -1 0 -1 0 -1 0 0 -2 -2 0 -2 -2 -2 -2 -2 -1 0 0 0 -1 -1 -1 -2 -1 0 0 0 -1 -1 -2 -2 -2 -2 -1 -1 -2 -1 -1 -1 -1 -2 -2 -1 -1 0 -1 -1 -2 -2 -2 -1 -2 -1 -1 -1 -1 -2 -2 -2 -1 0 -2 -2 0 -2 -1 -2 0
0.0926147447970455 -0.388720650541525 0.805654098066633 0.202967773499137 -0.00321907904547798 1 2 1 0 0 0 0 0 2 1 0 2 0 2 0 0 1 2 2 2 2 1 1 1 2 1 1 0 1 2 2 2 2 2 0 0 0 0 0 0 0 0 0 2 2 1 1 2 0 2 1 2 2 1 2 2 2 2 2 0 2 2 2 2 0 0 1 2 2 1 2 2 2 1 2 0 1 1 1 0 2 1 1 0 0 0 0 0 1 2 2 1 2 0 2 1 0 2 2 2 0 2 1 0 0 0 0 0 2 1 0 2 0 2 0 0 1 2 2 2 2 1 1 1 2 1 1 0 1 2 2 2 2 2 0 0 0 0 0 0 0 0 0 2 2 1 1 2 0 2 1 2 2 1 2 2 2 2 2 0 2 2 2 2 0 0 1 2 2 1 2 2 2 1 2 0 1 1 1 0 2 1 1 0 0 0 0 0 1 2 2 1 2 0 2 1 0 2 2 2 0
-0.761184307578693 -1.10765746078062 0.593017092780406 0.673669857318057 -0.982270895043462 -1 2 0 2 0 1 0 0 2 2 2 1 0 2 0 0 0 1 1 1 1 0 2 1 0 0 1 0 2 2 1 1 2 1 1 1 0 1 0 0 1 1 0 1 2 0 0 2 1 0 0 0 2 0 1 2 2 2 2 0 1 1 2 2 2 2 1 1 2 0 0 2 2 0 1 1 1 1 1 0 0 2 2 0 0 0 1 0 2 2 2 2 2 0 2 2 0 2 2 2 1 -2 0 -2 0 -1 0 0 -2 -2 -2 -1 0 -2 0 0 0 -1 -1 -1 -1 0 -2 -1 0 0 -1 0 -2 -2 -1 -1 -2 -1 -1 -1 0 -1 0 0 -1 -1 0 -1 -2 0 0 -2 -1 0 0 0 -2 0 -1 -2 -2 -2 -2 0 -1 -1 -2 -2 -2 -2 -1 -1 -2 0 0 -2 -2 0 -1 -1 -1 -1 -1 0 0 -2 -2 0 0 0 -1 0 -2 -2 -2 -2 -2 0 -2 -2 0 -2 -2 -2 -1
1.6132561697495 -0.874241538962864 -0.653301688071824 -0.379413273736683 0.258048692691283 1 2 0 0 0 1 1 0 2 1 0 2 0 1 0 0 1 1 2 0 2 0 1 0 1 1 1 0 1 1 2 2 2 2 0 0 0 1 0 0 2 2 0 1 2 0 0 2 1 0 0 0 2 0 1 1 1 1 2 0 1 1 1 1 2 2 2 2 2 0 1 2 2 2 2 0 1 0 0 0 2 1 2 0 2 2 2 1 1 2 2 2 2 0 2 2 0 1 2 2 0 2 0 0 0 1 1 0 2 1 0 2 0 1 0 0 1 1 2 0 2 0 1 0 1 1 1 0 1 1 2 2 2 2 0 0 0 1 0 0 2 2 0 1 2 0 0 2 1 0 0 0 2 0 1 1 1 1 2 0 1 1 1 1 2 2 2 2 2 0 1 2 2 2 2 0 1 0 0 0 2 1 2 0 2 2 2 1 1 2 2 2 2 0 2 2 0 1 2 2 0
-0.999092004103874 1.29032427457637 -0.943672130165851 0.160949122496921 -1.19664470818435 1 2 1 1 0 1 0 0 2 0 2 1 0 2 0 0 1 2 2 1 2 0 1 1 1 1 1 0 2 2 1 2 1 1 0 0 0 0 0 0 2 1 0 1 2 1 1 1 1 2 1 0 2 0 1 1 2 1 2 0 1 1 1 1 2 2 2 2 2 0 1 0 0 2 2 1 1 2 1 2 2 1 1 0 1 0 1 0 1 2 1 1 2 0 1 2 0 1 2 2 0 2 1 1 0 1 0 0 2 0 2 1 0 2 0 0 1 2 2 1 2 0 1 1 1 1 1 0 2 2 1 2 1 1 0 0 0 0 0 0 2 1 0 1 2 1 1 1 1 2 1 0 2 0 1 1 2 1 2 0 1 1 1 1 2 2 2 2 2 0 1 0 0 2 2 1 1 2 1 2 2 1 1 0 1 0 1 0 1 2 1 1 2 0 1 2 0 1 2 2 0
-0.739266613478074 -1.07774309875812 -0.0103909555900255 0.842249886993501 0.656356306349012 1 2 0 0 0 1 0 1 1 0 0 2 0 1 0 0 1 1 2 2 2 1 2 0 1 2 1 1 2 2 2 2 2 1 0 0 0 2 0 0 2 2 2 2 1 0 1 2 1 0 0 0 1 1 1 1 2 2 2 0 2 2 2 1 2 1 1 2 2 1 1 2 2 2 2 0 0 1 2 2 2 2 2 1 2 1 2 1 1 2 2 1 1 0 2 2 0 2 2 2 1 2 0 0 0 1 0 1 1 0 0 2 0 1 0 0 1 1 2 2 2 1 2 0 1 2 1 1 2 2 2 2 2 1 0 0 0 2 0 0 2 2 2 2 1 0 1 2 1 0 0 0 1 1 1 1 2 2 2 0 2 2 2 1 2 1 1 2 2 1 1 2 2 2 2 0 0 1 2 2 2 2 2 1 2 1 2 1 1 2 2 1 1 0 2 2 0 2 2 2 1
1.90542070490473 -0.289144140234994 0.418880134857804 1.02404626172624 0.193777870658646 1 2 2 2 0 2 1 1 2 1 1 1 1 2 0 0 0 1 1 0 2 0 2 2 0 0 1 0 2 2 1 1 2 0 0 0 0 1 0 0 1 1 1 1 2 0 2 2 0 0 0 0 1 0 1 1 1 0 0 0 2 2 2 2 1 0 1 2 2 0 2 2 2 2 2 1 2 2 1 0 1 2 2 0 1 0 1 0 1 2 2 1 2 0 2 2 1 1 0 1 0 2 2 2 0 2 1 1 2 1 1 1 1 2 0 0 0 1 1 0 2 0 2 2 0 0 1 0 2 2 1 1 2 0 0 0 0 1 0 0 1 1 1 1 2 0 2 2 0 0 0 0 1 0 1 1 1 0 0 0 2 2 2 2 1 0 1 2 2 0 2 2 2 2 2 1 2 2 1 0 1 2 2 0 1 0 1 0 1 2 2 1 2 0 2 2 1 1 0 1 0
-1.85751327188781 0.929541361911624 -1.25472158921663 -0.616317969221724 1.22652849309207 -1 2 1 1 0 2 1 1 2 2 0 2 0 1 0 0 0 1 1 1 2 1 2 2 2 2 2 2 1 2 1 1 2 1 0 0 1 2 0 0 2 1 2 1 1 1 2 2 1 1 0 0 1 1 1 0 2 2 2 0 2 2 2 1 2 2 1 2 2 0 1 1 1 1 1 0 1 1 1 0 1 0 2 0 2 0 2 1 0 2 2 2 2 0 2 2 1 1 2 2 1 -2 -1 -1 0 -2 -1 -1 -2 -2 0 -2 0 -1 0 0 0 -1 -1 -1 -2 -1 -2 -2 -2 -2 -2 -2 -1 -2 -1 -1 -2 -1 0 0 -1 -2 0 0 -2 -1 -2 -1 -1 -1 -2 -2 -1 -1 0 0 -1 -1 -1 0 -2 -2 -2 0 -2 -2 -2 -1 -2 -2 -1 -2 -2 0 -1 -1 -1 -1 -1 0 -1 -1 -1 0 -1 0 -2 0 -2 0 -2 -1 0 -2 -2 -2 -2 0 -2 -2 -1 -1 -2 -2 -1
-1.13523421938074 -0.722040173394964 0.430196364722064 1.5894017653796 -1.62560031191063 -1 2 0 1 0 2 1 0 2 1 1 2 0 1 0 0 0 1 1 1 2 1 2 1 2 2 2 1 2 2 2 2 2 2 1 1 1 2 1 0 2 1 1 2 2 1 1 2 0 1 0 1 2 2 1 2 2 2 2 0 1 1 1 2 2 2 1 2 2 1 2 2 1 1 2 0 0 1 1 0 1 2 2 1 0 0 0 0 1 1 2 2 2 0 2 2 1 1 2 2 0 -2 0 -1 0 -2 -1 0 -2 -1 -1 -2 0 -1 0 0 0 -1 -1 -1 -2 -1 -2 -1 -2 -2 -2 -1 -2 -2 -2 -2 -2 -2 -1 -1 -1 -2 -1 0 -2 -1 -1 -2 -2 -1 -1 -2 0 -1 0 -1 -2 -2 -1 -2 -2 -2 -2 0 -1 -1 -1 -2 -2 -2 -1 -2 -2 -1 -2 -2 -1 -1 -2 0 0 -1 -1 0 -1 -2 -2 -1 0 0 0 0 -1 -1 -2 -2 -2 0 -2 -2 -1 -1 -2 -2 0
-1.16894944379443 -0.790564051397229 0.985532213878914 0.142969183692406 0.247324084572344 1 2 0 1 0 2 0 1 2 0 0 2 0 2 0 0 1 1 0 1 2 0 0 0 1 2 2 0 1 1 1 2 1 2 0 0 0 1 0 1 1 0 1 2 2 1 2 2 0 1 0 0 2 1 2 2 2 2 2 1 2 2 2 2 2 2 0 1 2 1 2 2 2 2 2 1 1 1 1 0 1 2 2 1 1 1 1 0 0 1 2 2 2 0 2 2 0 2 2 2 1 2 0 1 0 2 0 1 2 0 0 2 0 2 0 0 1 1 0 1 2 0 0 0 1 2 2 0 1 1 1 2 1 2 0 0 0 1 0 1 1 0 1 2 2 1 2 2 0 1 0 0 2 1 2 2 2 2 2 1 2 2 2 2 2 2 0 1 2 1 2 2 2 2 2 1 1 1 1 0 1 2 2 1 1 1 1 0 0 1 2 2 2 0 2 2 0 2 2 2 1
1.06605172848524 1.21617430804269 -0.973515289655284 -1.02946996229753 -0.445192151166747 -1 2 0 0 0 1 0 0 2 1 1 2 0 1 0 0 0 1 1 0 2 0 1 1 2 2 1 0 1 2 1 1 1 1 0 0 0 1 1 1 2 2 1 1 2 1 2 2 1 1 0 0 2 0 1 1 2 1 2 0 1 2 2 2 2 2 1 1 2 1 2 2 1 2 2 1 0 0 0 0 2 2 2 0 0 0 0 1 1 2 2 1 1 0 2 2 0 1 2 2 1 -2 0 0 0 -1 0 0 -2 -1 -1 -2 0 -1 0 0 0 -1 -1 0 -2 0 -1 -1 -2 -2 -1 0 -1 -2 -1 -1 -1 -1 0 0 0 -1 -1 -1 -2 -2 -1 -1 -2 -1 -2 -2 -1 -1 0 0 -2 0 -1 -1 -2 -1 -2 0 -1 -2 -2 -2 -2 -2 -1 -1 -2 -1 -2 -2 -1 -2 -2 -1 0 0 0 0 -2 -2 -2 0 0 0 0 -1 -1 -2 -2 -1 -1 0 -2 -2 0 -1 -2 -2 -1
-1.6029955361735 -0.740157878348625 0.428433850349455 -1.01175580008111 -1.53422586199928 -1 2 1 1 0 0 1 0 2 0 0 1 0 1 0 0 0 1 1 0 2 0 1 0 1 2 2 0 2 2 1 1 1 0 0 0 0 1 0 0 1 0 0 1 0 0 2 2 1 0 0 0 1 1 1 2 2 1 2 0 0 2 2 1 2 2 0 1 2 0 1 2 1 2 1 0 1 0 1 0 1 2 2 0 1 0 1 0 1 2 2 1 1 0 1 2 0 2 2 2 0 -2 -1 -1 0 0 -1 0 -2 0 0 -1 0 -1 0 0 0 -1 -1 0 -2 0 -1 0 -1 -2 -2 0 -2 -2 -1 -1 -1 0 0 0 0 -1 0 0 -1 0 0 -1 0 0 -2 -2 -1 0 0 0 -1 -1 -1 -2 -2 -1 -2 0 0 -2 -2 -1 -2 -2 0 -1 -2 0 -1 -2 -1 -2 -1 0 -1 0 -1 0 -1 -2 -2 0 -1 0 -1 0 -1 -2 -2 -1 -1 0 -1 -2 0 -2 -2 -2 0
-0.302207396498249 0.729539454643743 -0.692875264780861 1.10272958895226 0.107103349039823 1 2 1 1 0 1 1 0 2 1 0 2 0 1 0 0 0 2 1 1 2 0 0 1 0 1 2 0 2 2 1 2 2 1 1 0 0 1 0 0 2 0 0 2 2 1 1 2 0 0 0 0 0 1 1 2 2 1 2 0 1 1 1 2 2 2 2 2 2 0 0 1 2 2 2 1 1 0 2 0 2 2 2 1 1 0 1 0 2 1 2 1 2 0 2 2 0 2 2 2 0 2 1 1 0 1 1 0 2 1 0 2 0 1 0 0 0 2 1 1 2 0 0 1 0 1 2 0 2 2 1 2 2 1 1 0 0 1 0 0 2 0 0 2 2 1 1 2 0 0 0 0 0 1 1 2 2 1 2 0 1 1 1 2 2 2 2 2 2 0 0 1 2 2 2 1 1 0 2 0 2 2 2 1 1 0 1 0 2 1 2 1 2 0 2 2 0 2 2 2 0
0.796018027037563 1.33650394909609 -1.20560231243762 1.40675200555919 -0.390869528767974 1 2 0 1 0 1 0 0 2 0 0 1 0 2 0 0 1 2 2 2 2 0 1 2 2 1 1 0 2 2 1 1 2 1 0 1 0 2 1 1 2 1 1 1 2 1 2 2 2 0 0 1 2 2 2 2 2 2 2 0 1 2 1 2 2 1 0 0 1 0 1 1 2 1 2 2 1 2 2 1 1 1 1 1 2 0 2 1 1 2 2 2 2 0 2 2 0 1 2 2 1 2 0 1 0 1 0 0 2 0 0 1 0 2 0 0 1 2 2 2 2 0 1 2 2 1 1 0 2 2 1 1 2 1 0 1 0 2 1 1 2 1 1 1 2 1 2 2 2 0 0 1 2 2 2 2 2 2 2 0 1 2 1 2 2 1 0 0 1 0 1 1 2 1 2 2 1 2 2 1 1 1 1 1 2 0 2 1 1 2 2 2 2 0 2 2 0 1 2 2 1
0.27624559387646 2.16086233490371 0.780821158425553 -1.06794532417012 0.1271798392924 1 2 1 0 0 0 0 0 2 1 1 2 0 1 0 0 1 2 1 2 1 0 1 1 0 1 1 1 1 1 1 2 2 0 0 0 0 1 0 0 1 0 0 1 2 1 1 2 0 0 0 0 2 2 2 2 2 1 1 0 2 2 2 2 1 1 0 2 2 1 0 2 2 1 2 0 0 2 1 0 1 2 2 1 2 1 2 0 1 2 2 2 2 0 2 2 0 0 1 2 0 2 1 0 0 0 0 0 2 1 1 2 0 1 0 0 1 2 1 2 1 0 1 1 0 1 1 1 1 1 1 2 2 0 0 0 0 1 0 0 1 0 0 1 2 1 1 2 0 0 0 0 2 2 2 2 2 1 1 0 2 2 2 2 1 1 0 2 2 1 0 2 2 1 2 0 0 2 1 0 1 2 2 1 2 1 2 0 1 2 2 2 2 0 2 2 0 0 1 2 0
0.83985884875503 1.28054447576106 -2.49117199482986 0.343159597877991 -1.0112909016446 1 2 0 1 0 1 0 1 2 0 1 2 1 2 0 0 0 2 1 1 2 0 0 2 1 1 2 0 2 2 1 0 2 2 0 0 0 0 0 0 1 0 0 2 2 0 0 2 0 1 0 2 2 2 2 2 1 1 2 0 1 1 2 2 2 2 1 1 2 0 1 2 2 2 1 0 0 1 2 0 2 0 2 1 2 1 2 1 2 2 2 2 1 0 2 2 0 0 1 2 0 2 0 1 0 1 0 1 2 0 1 2 1 2 0 0 0 2 1 1 2 0 0 2 1 1 2 0 2 2 1 0 2 2 0 0 0 0 0 0 1 0 0 2 2 0 0 2 0 1 0 2 2 2 2 2 1 1 2 0 1 1 2 2 2 2 1 1 2 0 1 2 2 2 1 0 0 1 2 0 2 0 2 1 2 1 2 1 2 2 2 2 1 0 2 2 0 0 1 2 0
-0.867530322032743 2.35691366333719 0.966150470796224 1.98082342094832 -2.2126268252409 -1 2 0 2 0 0 0 0 1 1 2 2 1 2 0 0 0 1 2 1 2 1 2 2 2 2 1 0 2 2 2 2 2 2 0 0 1 2 0 0 0 0 0 1 2 0 2 2 1 0 0 0 2 0 0 1 0 0 1 0 2 2 2 1 2 2 1 0 2 0 1 2 1 2 2 0 0 2 0 1 2 2 2 1 2 1 1 0 1 2 2 2 2 1 2 2 0 1 1 2 2 -2 0 -2 0 0 0 0 -1 -1 -2 -2 -1 -2 0 0 0 -1 -2 -1 -2 -1 -2 -2 -2 -2 -1 0 -2 -2 -2 -2 -2 -2 0 0 -1 -2 0 0 0 0 0 -1 -2 0 -2 -2 -1 0 0 0 -2 0 0 -1 0 0 -1 0 -2 -2 -2 -1 -2 -2 -1 0 -2 0 -1 -2 -1 -2 -2 0 0 -2 0 -1 -2 -2 -2 -1 -2 -1 -1 0 -1 -2 -2 -2 -2 -1 -2 -2 0 -1 -1 -2 -2
-1.79300893785784 -0.142151831165077 -1.99338233632012 -0.207052935414433 1.31865276959727 1 2 1 2 0 2 1 1 2 1 0 2 0 2 1 0 2 2 1 0 2 0 1 1 1 1 1 1 2 2 0 1 2 2 0 0 0 1 0 0 2 1 0 0 1 0 1 1 0 0 0 0 2 1 1 1 2 1 1 0 1 2 2 0 2 2 1 2 2 1 2 2 2 2 2 1 2 1 1 0 1 2 1 0 2 0 2 1 2 2 2 2 2 0 2 2 1 2 2 2 0 2 1 2 0 2 1 1 2 1 0 2 0 2 1 0 2 2 1 0 2 0 1 1 1 1 1 1 2 2 0 1 2 2 0 0 0 1 0 0 2 1 0 0 1 0 1 1 0 0 0 0 2 1 1 1 2 1 1 0 1 2 2 0 2 2 1 2 2 1 2 2 2 2 2 1 2 1 1 0 1 2 1 0 2 0 2 1 2 2 2 2 2 0 2 2 1 2 2 2 0
-0.892456342703165 -0.280481222537574 0.645358313252053 1.3216645600409 0.107593671586386 1 1 0 0 0 2 1 0 2 2 1 2 1 2 1 1 1 1 1 0 2 1 1 1 1 2 2 0 1 2 1 2 1 2 0 1 1 1 1 1 2 1 0 0 1 0 1 1 0 2 0 0 1 2 2 0 0 1 2 0 1 1 1 2 2 2 0 0 1 0 0 2 2 2 2 2 1 0 1 0 2 2 2 0 1 0 1 0 0 2 2 1 2 0 2 2 1 1 2 2 1 1 0 0 0 2 1 0 2 2 1 2 1 2 1 1 1 1 1 0 2 1 1 1 1 2 2 0 1 2 1 2 1 2 0 1 1 1 1 1 2 1 0 0 1 0 1 1 0 2 0 0 1 2 2 0 0 1 2 0 1 1 1 2 2 2 0 0 1 0 0 2 2 2 2 2 1 0 1 0 2 2 2 0 1 0 1 0 0 2 2 1 2 0 2 2 1 1 2 2 1
0.674487064602272 0.507464914619668 0.478335177838179 0.070872397300498 0.826876916073935 1 1 1 0 0 1 1 1 2 0 1 2 0 2 1 1 1 2 2 1 2 1 2 2 2 2 2 1 2 2 2 1 2 1 0 1 0 2 0 1 2 1 0 1 1 0 1 2 0 1 0 1 2 0 1 2 2 2 2 0 2 2 2 1 1 1 1 2 1 0 0 1 1 2 2 0 1 1 1 0 1 1 1 0 1 1 2 1 0 1 2 1 1 0 1 1 0 1 2 2 1 1 1 0 0 1 1 1 2 0 1 2 0 2 1 1 1 2 2 1 2 1 2 2 2 2 2 1 2 2 2 1 2 1 0 1 0 2 0 1 2 1 0 1 1 0 1 2 0 1 0 1 2 0 1 2 2 2 2 0 2 2 2 1 1 1 1 2 1 0 0 1 1 2 2 0 1 1 1 0 1 1 1 0 1 1 2 1 0 1 2 1 1 0 1 1 0 1 2 2 1
-1.05474693583314 -0.466102695293708 -1.23455930443248 1.17727667986459 0.308384783912767 1 2 1 1 0 1 0 0 2 1 1 2 1 2 1 1 2 2 2 2 2 2 2 1 2 2 2 0 1 2 2 2 2 2 0 1 0 2 0 0 0 1 1 2 2 2 2 2 2 1 0 1 2 0 1 1 2 1 2 0 1 2 2 2 2 2 1 2 2 0 2 2 2 2 2 0 1 0 1 0 1 1 2 0 1 1 1 0 0 2 1 0 1 0 2 2 1 2 2 2 2 2 1 1 0 1 0 0 2 1 1 2 1 2 1 1 2 2 2 2 2 2 2 1 2 2 2 0 1 2 2 2 2 2 0 1 0 2 0 0 0 1 1 2 2 2 2 2 2 1 0 1 2 0 1 1 2 1 2 0 1 2 2 2 2 2 1 2 2 0 2 2 2 2 2 0 1 0 1 0 1 1 2 0 1 1 1 0 0 2 1 0 1 0 2 2 1 2 2 2 2
-0.757469934123683 0.0528501994653301 1.47815703665345 -0.679713589753779 0.618613682415262 -1 2 1 0 0 2 0 0 1 0 0 2 0 2 1 1 1 2 1 0 2 0 1 1 2 2 2 0 2 2 2 0 0 2 0 0 1 1 1 0 0 0 0 2 2 0 1 2 1 2 1 0 1 0 2 2 2 1 2 1 2 1 2 2 2 2 1 2 2 0 1 2 2 2 2 1 2 1 1 1 1 2 2 0 1 0 0 1 2 2 1 0 1 0 2 2 0 1 2 2 0 -2 -1 0 0 -2 0 0 -1 0 0 -2 0 -2 -1 -1 -1 -2 -1 0 -2 0 -1 -1 -2 -2 -2 0 -2 -2 -2 0 0 -2 0 0 -1 -1 -1 0 0 0 0 -2 -2 0 -1 -2 -1 -2 -1 0 -1 0 -2 -2 -2 -1 -2 -1 -2 -1 -2 -2 -2 -2 -1 -2 -2 0 -1 -2 -2 -2 -2 -1 -2 -1 -1 -1 -1 -2 -2 0 -1 0 0 -1 -2 -2 -1 0 -1 0 -2 -2 0 -1 -2 -2 0
0.123680706190963 -2.23373180276478 0.476804164412244 0.210018521890799 -0.845653242227001 -1 2 2 1 0 1 1 0 2 1 0 2 0 1 0 0 0 0 0 1 2 1 2 2 2 2 2 1 1 2 2 2 2 1 0 0 0 1 0 1 2 1 0 1 2 0 0 1 0 1 0 0 1 1 2 2 1 1 1 0 1 2 2 2 1 2 1 2 2 0 1 2 0 2 2 0 0 1 1 1 2 1 2 1 1 1 1 0 0 2 1 1 2 0 1 1 0 0 2 2 1 -2 -2 -1 0 -1 -1 0 -2 -1 0 -2 0 -1 0 0 0 0 0 -1 -2 -1 -2 -2 -2 -2 -2 -1 -1 -2 -2 -2 -2 -1 0 0 0 -1 0 -1 -2 -1 0 -1 -2 0 0 -1 0 -1 0 0 -1 -1 -2 -2 -1 -1 -1 0 -1 -2 -2 -2 -1 -2 -1 -2 -2 0 -1 -2 0 -2 -2 0 0 -1 -1 -1 -2 -1 -2 -1 -1 -1 -1 0 0 -2 -1 -1 -2 0 -1 -1 0 0 -2 -2 -1
-2.03162086555608 1.44996874122018 1.91950146873827 0.93237315878694 -0.765430850726707 -1 2 0 1 0 1 0 0 2 0 0 2 0 2 0 1 1 1 2 1 2 2 2 1 2 1 1 0 0 1 0 0 1 1 0 0 2 2 0 1 2 2 1 1 2 0 0 2 1 1 0 1 2 2 2 0 2 1 2 0 1 1 2 2 2 2 2 2 2 1 1 2 1 1 2 0 1 2 2 1 1 1 2 0 1 0 1 0 0 2 2 2 2 0 1 2 1 2 2 2 0 -2 0 -1 0 -1 0 0 -2 0 0 -2 0 -2 0 -1 -1 -1 -2 -1 -2 -2 -2 -1 -2 -1 -1 0 0 -1 0 0 -1 -1 0 0 -2 -2 0 -1 -2 -2 -1 -1 -2 0 0 -2 -1 -1 0 -1 -2 -2 -2 0 -2 -1 -2 0 -1 -1 -2 -2 -2 -2 -2 -2 -2 -1 -1 -2 -1 -1 -2 0 -1 -2 -2 -1 -1 -1 -2 0 -1 0 -1 0 0 -2 -2 -2 -2 0 -1 -2 -1 -2 -2 -2 0
-1.25631816165224 -0.342507760202007 -0.114032118226626 0.257265003158472 -0.660251528550996 1 2 2 2 0 1 1 1 2 0 0 1 0 2 0 0 2 2 2 1 1 0 2 1 2 2 2 0 1 2 2 2 2 1 0 0 0 1 0 0 0 0 0 2 2 1 1 2 2 1 0 0 2 2 1 1 1 1 2 0 2 2 2 2 1 1 1 1 2 0 2 2 2 2 2 1 1 1 1 1 2 1 2 1 2 1 2 2 1 2 2 2 1 0 1 2 0 1 2 2 0 2 2 2 0 1 1 1 2 0 0 1 0 2 0 0 2 2 2 1 1 0 2 1 2 2 2 0 1 2 2 2 2 1 0 0 0 1 0 0 0 0 0 2 2 1 1 2 2 1 0 0 2 2 1 1 1 1 2 0 2 2 2 2 1 1 1 1 2 0 2 2 2 2 2 1 1 1 1 1 2 1 2 1 2 1 2 2 1 2 2 2 1 0 1 2 0 1 2 2 0
0.526558342120222 0.467147549584849 0.309894597457342 -2.62352521223661 0.054368143372681 -1 2 1 1 0 2 0 1 1 1 1 2 0 2 0 0 1 1 1 1 2 1 2 2 1 1 2 0 2 2 1 2 2 1 0 0 1 1 0 0 1 0 0 2 2 0 0 1 0 2 0 1 2 0 1 2 2 0 1 0 0 1 1 2 2 2 1 2 2 1 1 1 1 2 2 2 2 0 0 0 1 1 1 0 1 0 0 0 1 2 2 2 2 0 2 2 1 2 2 2 2 -2 -1 -1 0 -2 0 -1 -1 -1 -1 -2 0 -2 0 0 -1 -1 -1 -1 -2 -1 -2 -2 -1 -1 -2 0 -2 -2 -1 -2 -2 -1 0 0 -1 -1 0 0 -1 0 0 -2 -2 0 0 -1 0 -2 0 -1 -2 0 -1 -2 -2 0 -1 0 0 -1 -1 -2 -2 -2 -1 -2 -2 -1 -1 -1 -1 -2 -2 -2 -2 0 0 0 -1 -1 -1 0 -1 0 0 0 -1 -2 -2 -2 -2 0 -2 -2 -1 -2 -2 -2 -2
-0.715834322973484 -0.617118193328833 -0.0992304697888807 -0.349159949528164 1.34262880026407 -1 2 2 2 1 2 1 2 2 1 1 2 1 2 0 1 1 1 0 0 2 0 1 1 1 2 2 1 2 2 2 2 1 2 0 0 0 1 0 0 2 1 2 2 2 1 2 2 1 1 0 0 1 1 1 2 2 1 0 0 2 2 1 1 2 2 1 2 1 0 1 2 1 2 2 1 1 1 1 1 2 2 2 1 2 0 1 1 1 2 2 2 1 0 2 1 0 2 2 2 0 -2 -2 -2 -1 -2 -1 -2 -2 -1 -1 -2 -1 -2 0 -1 -1 -1 0 0 -2 0 -1 -1 -1 -2 -2 -1 -2 -2 -2 -2 -1 -2 0 0 0 -1 0 0 -2 -1 -2 -2 -2 -1 -2 -2 -1 -1 0 0 -1 -1 -1 -2 -2 -1 0 0 -2 -2 -1 -1 -2 -2 -1 -2 -1 0 -1 -2 -1 -2 -2 -1 -1 -1 -1 -1 -2 -2 -2 -1 -2 0 -1 -1 -1 -2 -2 -2 -1 0 -2 -1 0 -2 -2 -2 0
-0.136831029256832 0.813838932152632 -0.289391007869651 0.352426092870969 0.0527853940396416 -1 2 0 1 0 1 1 1 2 0 0 1 0 1 0 0 0 1 0 0 2 0 2 0 1 1 1 0 0 0 2 2 2 2 0 0 0 1 0 0 1 0 0 1 1 0 1 1 2 2 0 0 1 0 0 2 2 0 2 0 1 2 2 2 2 1 0 2 2 0 1 2 2 2 2 1 2 2 1 0 2 1 2 0 1 0 2 1 2 2 2 2 1 0 2 2 1 1 1 2 0 -2 0 -1 0 -1 -1 -1 -2 0 0 -1 0 -1 0 0 0 -1 0 0 -2 0 -2 0 -1 -1 -1 0 0 0 -2 -2 -2 -2 0 0 0 -1 0 0 -1 0 0 -1 -1 0 -1 -1 -2 -2 0 0 -1 0 0 -2 -2 0 -2 0 -1 -2 -2 -2 -2 -1 0 -2 -2 0 -1 -2 -2 -2 -2 -1 -2 -2 -1 0 -2 -1 -2 0 -1 0 -2 -1 -2 -2 -2 -2 -1 0 -2 -2 -1 -1 -1 -2 0
0.599775539236329 0.507203792406595 -1.50527658424915 0.396131453841492 0.20162952890662 -1 1 0 0 0 1 0 1 2 1 0 2 0 2 0 0 0 1 1 0 2 1 2 2 1 1 1 0 2 2 2 1 2 0 0 0 0 1 0 0 0 1 0 1 2 0 2 2 0 1 0 0 2 1 1 2 1 1 1 0 2 2 0 0 2 2 1 2 2 1 1 2 2 2 2 0 0 0 2 0 1 2 2 1 2 1 2 1 1 2 2 2 2 0 2 2 0 1 2 2 2 -1 0 0 0 -1 0 -1 -2 -1 0 -2 0 -2 0 0 0 -1 -1 0 -2 -1 -2 -2 -1 -1 -1 0 -2 -2 -2 -1 -2 0 0 0 0 -1 0 0 0 -1 0 -1 -2 0 -2 -2 0 -1 0 0 -2 -1 -1 -2 -1 -1 -1 0 -2 -2 0 0 -2 -2 -1 -2 -2 -1 -1 -2 -2 -2 -2 0 0 0 -2 0 -1 -2 -2 -1 -2 -1 -2 -1 -1 -2 -2 -2 -2 0 -2 -2 0 -1 -2 -2 -2
-0.83245036863295 -1.64079184322785 0.701531899373491 0.256854405475259 -0.705140584911416 -1 2 0 1 0 2 1 0 2 0 0 2 0 2 0 0 0 2 2 0 2 1 1 0 2 1 1 1 0 1 2 2 2 2 1 2 1 1 0 0 2 1 0 1 2 2 1 2 1 2 0 0 2 0 1 1 2 2 2 0 0 2 2 1 2 2 1 1 1 0 1 2 1 1 1 0 1 0 2 0 1 0 1 1 1 1 2 1 1 2 2 2 2 0 2 2 0 1 2 2 1 -2 0 -1 0 -2 -1 0 -2 0 0 -2 0 -2 0 0 0 -2 -2 0 -2 -1 -1 0 -2 -1 -1 -1 0 -1 -2 -2 -2 -2 -1 -2 -1 -1 0 0 -2 -1 0 -1 -2 -2 -1 -2 -1 -2 0 0 -2 0 -1 -1 -2 -2 -2 0 0 -2 -2 -1 -2 -2 -1 -1 -1 0 -1 -2 -1 -1 -1 0 -1 0 -2 0 -1 0 -1 -1 -1 -1 -2 -1 -1 -2 -2 -2 -2 0 -2 -2 0 -1 -2 -2 -1
-0.535968385132079 -0.506695597751919 -0.722313237766051 -0.792723625597462 -1.19940593724207 -1 2 1 0 0 1 0 0 2 0 0 2 0 2 0 0 0 0 2 1 1 0 0 0 0 1 2 1 1 2 2 1 2 1 1 0 0 0 0 0 1 1 1 2 2 0 2 2 1 0 0 0 2 0 1 2 1 2 2 0 2 1 2 1 2 2 1 2 2 0 1 2 2 2 2 0 1 0 2 0 0 2 1 0 1 1 2 0 1 2 2 2 2 0 2 2 0 1 2 2 1 -2 -1 0 0 -1 0 0 -2 0 0 -2 0 -2 0 0 0 0 -2 -1 -1 0 0 0 0 -1 -2 -1 -1 -2 -2 -1 -2 -1 -1 0 0 0 0 0 -1 -1 -1 -2 -2 0 -2 -2 -1 0 0 0 -2 0 -1 -2 -1 -2 -2 0 -2 -1 -2 -1 -2 -2 -1 -2 -2 0 -1 -2 -2 -2 -2 0 -1 0 -2 0 0 -2 -1 0 -1 -1 -2 0 -1 -2 -2 -2 -2 0 -2 -2 0 -1 -2 -2 -1
-0.921235598271902 0.146414670043454 0.532952407232578 0.177975893451253 -0.638158505230366 1 2 0 0 0 1 0 0 2 1 1 2 1 2 0 0 1 1 1 1 2 1 2 0 1 1 2 1 2 2 2 1 1 0 0 0 0 0 0 0 1 0 0 0 1 1 2 1 0 1 0 1 2 0 2 2 2 2 2 0 0 1 2 0 1 1 0 1 2 0 1 1 1 2 2 0 1 2 1 0 1 1 1 0 2 1 1 0 1 2 2 2 2 0 2 1 0 2 2 2 1 2 0 0 0 1 0 0 2 1 1 2 1 2 0 0 1 1 1 1 2 1 2 0 1 1 2 1 2 2 2 1 1 0 0 0 0 0 0 0 1 0 0 0 1 1 2 1 0 1 0 1 2 0 2 2 2 2 2 0 0 1 2 0 1 1 0 1 2 0 1 1 1 2 2 0 1 2 1 0 1 1 1 0 2 1 1 0 1 2 2 2 2 0 2 1 0 2 2 2 1
-0.966564790588781 1.67629487084178 0.0452524591374894 -0.219440765247687 -0.235965497899935 1 2 1 1 1 2 1 1 1 0 1 2 0 2 1 0 0 1 1 1 1 0 2 0 0 0 0 0 1 1 0 0 2 1 1 0 0 0 0 0 2 1 2 2 2 1 0 2 0 1 0 1 2 1 1 2 2 1 1 0 2 2 2 1 2 0 0 1 1 0 2 2 2 2 2 1 1 1 1 1 2 2 2 2 2 1 2 1 1 2 2 2 2 0 2 2 0 0 2 2 1 2 1 1 1 2 1 1 1 0 1 2 0 2 1 0 0 1 1 1 1 0 2 0 0 0 0 0 1 1 0 0 2 1 1 0 0 0 0 0 2 1 2 2 2 1 0 2 0 1 0 1 2 1 1 2 2 1 1 0 2 2 2 1 2 0 0 1 1 0 2 2 2 2 2 1 1 1 1 1 2 2 2 2 2 1 2 1 1 2 2 2 2 0 2 2 0 0 2 2 1
0.0104558946012729 0.128825104258692 -1.29548831526085 1.25054583164432 0.26235465858877 1 2 0 1 0 2 1 0 1 0 1 2 0 1 0 0 0 2 1 1 2 2 2 0 1 1 1 0 1 2 1 0 0 0 0 0 0 1 0 0 2 1 1 2 2 1 1 2 1 1 0 0 0 0 0 1 1 2 1 0 1 1 2 2 2 2 2 2 2 0 1 2 0 1 2 1 2 1 2 0 2 1 1 0 2 0 0 1 1 2 2 2 2 0 1 1 0 2 2 2 0 2 0 1 0 2 1 0 1 0 1 2 0 1 0 0 0 2 1 1 2 2 2 0 1 1 1 0 1 2 1 0 0 0 0 0 0 1 0 0 2 1 1 2 2 1 1 2 1 1 0 0 0 0 0 1 1 2 1 0 1 1 2 2 2 2 2 2 2 0 1 2 0 1 2 1 2 1 2 0 2 1 1 0 2 0 0 1 1 2 2 2 2 0 1 1 0 2 2 2 0
