-1.43450976398191 0.132346412754011 -0.660342335345421 -0.355248250130391 -0.0303542172429391 -1 1 2 1 1 2 1 2 2 0 0 1 2 2 1 2 2 0 1 1 0 2 0 1 2 2 0 1 0 0 0 0 1 0 1 0 1 0 1 0 2 0 0 0 1 0 2 1 2 0 2 0 0 1 2 2 0 2 2 0 1 1 0 0 1 2 2 2 0 1 0 2 1 1 1 2 0 0 2 1 2 1 0 2 1 2 1 2 1 1 0 0 1 2 2 0 2 0 2 2 0 -1 -2 -1 -1 -2 -1 -2 -2 0 0 -1 -2 -2 -1 -2 -2 0 -1 -1 0 -2 0 -1 -2 -2 0 -1 0 0 0 0 -1 0 -1 0 -1 0 -1 0 -2 0 0 0 -1 0 -2 -1 -2 0 -2 0 0 -1 -2 -2 0 -2 -2 0 -1 -1 0 0 -1 -2 -2 -2 0 -1 0 -2 -1 -1 -1 -2 0 0 -2 -1 -2 -1 0 -2 -1 -2 -1 -2 -1 -1 0 0 -1 -2 -2 0 -2 0 -2 -2 0
0.437187769731746 1.92819093541604 -0.753127178963248 0.525684750029719 0.477087438840801 -1 0 2 2 0 1 1 2 2 1 0 1 2 2 1 2 2 0 0 1 0 2 1 0 0 2 2 2 1 1 1 1 2 2 2 1 0 0 2 0 2 1 0 1 1 1 2 1 2 1 2 0 1 2 2 0 1 2 2 0 1 1 0 0 2 1 2 0 1 1 0 1 1 1 1 2 0 0 2 1 2 2 2 2 0 2 1 2 1 1 1 0 0 2 2 0 1 0 1 2 0 0 -2 -2 0 -1 -1 -2 -2 -1 0 -1 -2 -2 -1 -2 -2 0 0 -1 0 -2 -1 0 0 -2 -2 -2 -1 -1 -1 -1 -2 -2 -2 -1 0 0 -2 0 -2 -1 0 -1 -1 -1 -2 -1 -2 -1 -2 0 -1 -2 -2 0 -1 -2 -2 0 -1 -1 0 0 -2 -1 -2 0 -1 -1 0 -1 -1 -1 -1 -2 0 0 -2 -1 -2 -2 -2 -2 0 -2 -1 -2 -1 -1 -1 0 0 -2 -2 0 -1 0 -1 -2 0
-0.820492313805774 0.367579286815431 -0.977840013839498 0.0172137738533429 -0.577100933957772 1 2 2 1 1 1 0 1 2 0 0 0 1 1 2 2 2 0 0 0 0 1 0 1 0 1 0 1 0 0 1 0 1 1 1 0 0 1 2 0 2 1 0 0 1 1 2 2 2 1 2 0 1 1 1 1 1 1 2 1 1 1 2 1 0 0 2 1 2 2 1 2 1 0 0 2 0 0 2 0 2 2 1 2 1 2 2 2 2 2 2 0 1 2 1 0 2 0 0 2 0 2 2 1 1 1 0 1 2 0 0 0 1 1 2 2 2 0 0 0 0 1 0 1 0 1 0 1 0 0 1 0 1 1 1 0 0 1 2 0 2 1 0 0 1 1 2 2 2 1 2 0 1 1 1 1 1 1 2 1 1 1 2 1 0 0 2 1 2 2 1 2 1 0 0 2 0 0 2 0 2 2 1 2 1 2 2 2 2 2 2 0 1 2 1 0 2 0 0 2 0
-0.647624959259165 -0.676886839901027 0.99269083149781 -1.23187340590778 1.06293825895367 1 1 1 1 0 2 1 2 2 0 0 2 2 1 1 2 1 0 0 2 0 2 0 0 1 2 1 1 0 0 1 1 2 2 2 2 2 1 2 0 1 1 0 0 1 0 2 0 2 1 2 0 0 0 2 0 0 2 0 0 2 2 0 1 1 0 2 0 0 0 0 1 2 1 2 2 0 0 2 1 2 0 1 2 2 2 0 2 0 1 2 0 2 2 2 0 1 2 2 2 0 1 1 1 0 2 1 2 2 0 0 2 2 1 1 2 1 0 0 2 0 2 0 0 1 2 1 1 0 0 1 1 2 2 2 2 2 1 2 0 1 1 0 0 1 0 2 0 2 1 2 0 0 0 2 0 0 2 0 0 2 2 0 1 1 0 2 0 0 0 0 1 2 1 2 2 0 0 2 1 2 0 1 2 2 2 0 2 0 1 2 0 2 2 2 0 1 2 2 2 0
1.30235596951841 -1.71018559132125 1.09577028494009 -0.347303953002986 -0.474841135087941 -1 0 1 0 0 2 2 2 1 0 0 1 1 2 1 1 1 0 1 0 0 1 0 2 0 2 2 1 0 0 1 0 1 2 1 1 2 1 2 0 2 2 1 0 2 2 2 1 1 1 2 0 0 2 2 0 1 2 0 0 0 1 0 0 2 1 2 1 2 1 0 2 2 1 0 2 0 0 1 0 2 1 1 2 2 2 0 2 1 1 1 0 2 2 2 0 2 1 2 1 0 0 -1 0 0 -2 -2 -2 -1 0 0 -1 -1 -2 -1 -1 -1 0 -1 0 0 -1 0 -2 0 -2 -2 -1 0 0 -1 0 -1 -2 -1 -1 -2 -1 -2 0 -2 -2 -1 0 -2 -2 -2 -1 -1 -1 -2 0 0 -2 -2 0 -1 -2 0 0 0 -1 0 0 -2 -1 -2 -1 -2 -1 0 -2 -2 -1 0 -2 0 0 -1 0 -2 -1 -1 -2 -2 -2 0 -2 -1 -1 -1 0 -2 -2 -2 0 -2 -1 -2 -1 0
1.22913205980067 -0.990537117620738 -0.592312337181146 1.2792371620838 1.25457254725856 1 0 1 0 0 2 0 2 2 1 0 0 2 1 1 2 1 0 0 1 0 1 0 2 2 2 0 2 1 0 1 1 2 0 1 0 0 0 2 0 2 2 1 0 1 1 2 0 1 0 2 0 0 2 2 0 0 1 0 0 1 0 0 0 0 0 2 1 1 0 0 2 2 1 1 2 0 0 2 0 2 0 0 2 1 2 0 2 2 2 1 0 1 2 2 0 2 2 1 2 0 0 1 0 0 2 0 2 2 1 0 0 2 1 1 2 1 0 0 1 0 1 0 2 2 2 0 2 1 0 1 1 2 0 1 0 0 0 2 0 2 2 1 0 1 1 2 0 1 0 2 0 0 2 2 0 0 1 0 0 1 0 0 0 0 0 2 1 1 0 0 2 2 1 1 2 0 0 2 0 2 0 0 2 1 2 0 2 2 2 1 0 1 2 2 0 2 2 1 2 0
0.570758813013544 -0.837778761931067 -0.667362130685112 0.374430704080415 -0.062860829764572 -1 0 1 1 0 1 2 2 1 0 1 1 2 1 0 2 2 0 1 1 0 1 1 2 2 2 2 1 1 1 0 1 2 1 0 0 0 0 2 0 2 1 0 0 1 0 1 1 2 2 2 0 0 1 1 0 2 2 0 0 2 1 1 0 0 1 2 0 2 0 0 0 1 1 2 2 0 1 2 0 2 0 0 2 1 2 1 2 2 2 2 0 1 2 2 0 2 1 1 2 0 0 -1 -1 0 -1 -2 -2 -1 0 -1 -1 -2 -1 0 -2 -2 0 -1 -1 0 -1 -1 -2 -2 -2 -2 -1 -1 -1 0 -1 -2 -1 0 0 0 0 -2 0 -2 -1 0 0 -1 0 -1 -1 -2 -2 -2 0 0 -1 -1 0 -2 -2 0 0 -2 -1 -1 0 0 -1 -2 0 -2 0 0 0 -1 -1 -2 -2 0 -1 -2 0 -2 0 0 -2 -1 -2 -1 -2 -2 -2 -2 0 -1 -2 -2 0 -2 -1 -1 -2 0
0.107344335088267 -0.930168514036788 -2.78874982933309 -1.49164595555871 -0.254733326970045 1 1 1 2 0 1 1 2 1 0 0 1 2 2 2 2 2 0 0 1 0 2 1 1 0 2 1 2 1 0 2 2 2 1 1 0 0 1 2 0 2 1 0 0 2 0 2 2 2 0 2 0 0 1 2 0 1 2 1 1 1 1 0 1 1 1 2 1 1 0 0 2 2 2 0 2 0 0 2 0 2 0 2 2 0 2 0 2 1 2 1 0 2 2 2 0 2 0 1 1 0 1 1 2 0 1 1 2 1 0 0 1 2 2 2 2 2 0 0 1 0 2 1 1 0 2 1 2 1 0 2 2 2 1 1 0 0 1 2 0 2 1 0 0 2 0 2 2 2 0 2 0 0 1 2 0 1 2 1 1 1 1 0 1 1 1 2 1 1 0 0 2 2 2 0 2 0 0 2 0 2 0 2 2 0 2 0 2 1 2 1 0 2 2 2 0 2 0 1 1 0
0.680822277858316 -0.0180152634684513 0.81256550411281 1.39177579045016 0.538748166183323 -1 1 1 0 0 1 0 1 1 0 0 1 2 2 0 2 2 0 2 1 0 1 0 1 1 2 2 2 0 0 2 1 2 2 2 1 1 0 2 0 1 2 1 1 2 1 2 1 1 1 2 0 0 1 2 0 0 1 1 0 2 1 0 0 1 0 2 0 2 0 0 0 2 0 0 2 0 0 2 1 2 2 0 2 1 2 1 2 0 1 2 0 2 2 2 0 2 1 2 2 0 -1 -1 0 0 -1 0 -1 -1 0 0 -1 -2 -2 0 -2 -2 0 -2 -1 0 -1 0 -1 -1 -2 -2 -2 0 0 -2 -1 -2 -2 -2 -1 -1 0 -2 0 -1 -2 -1 -1 -2 -1 -2 -1 -1 -1 -2 0 0 -1 -2 0 0 -1 -1 0 -2 -1 0 0 -1 0 -2 0 -2 0 0 0 -2 0 0 -2 0 0 -2 -1 -2 -2 0 -2 -1 -2 -1 -2 0 -1 -2 0 -2 -2 -2 0 -2 -1 -2 -2 0
-0.994224686199675 0.871881222946457 -0.565951701769896 0.136397021302453 -0.571335692642514 1 0 1 1 1 2 1 2 0 0 1 2 2 1 1 1 1 0 1 1 0 1 1 2 1 1 1 2 0 0 0 0 1 0 1 0 0 0 0 0 2 2 0 0 1 1 2 2 2 0 2 0 0 0 0 0 0 1 0 0 1 2 1 2 1 1 2 2 2 2 1 2 2 0 0 2 0 1 2 1 2 0 2 2 2 2 0 1 1 2 1 0 0 1 1 0 2 0 1 2 1 0 1 1 1 2 1 2 0 0 1 2 2 1 1 1 1 0 1 1 0 1 1 2 1 1 1 2 0 0 0 0 1 0 1 0 0 0 0 0 2 2 0 0 1 1 2 2 2 0 2 0 0 0 0 0 0 1 0 0 1 2 1 2 1 1 2 2 2 2 1 2 2 0 0 2 0 1 2 1 2 0 2 2 2 2 0 1 1 2 1 0 0 1 1 0 2 0 1 2 1
-0.649628276660681 0.243328432556862 0.166266142051084 -0.753735017150505 0.465461967652707 1 0 2 1 1 2 2 2 1 1 0 0 1 0 0 1 1 0 0 1 0 1 0 1 2 2 1 1 0 0 0 1 2 2 2 2 2 2 2 0 1 1 0 0 2 2 2 0 0 0 2 0 1 1 2 0 0 2 1 2 2 2 0 0 1 0 2 1 0 1 0 1 2 1 0 2 0 0 2 1 2 1 1 2 1 2 0 2 2 1 1 0 2 2 2 0 2 1 2 1 0 0 2 1 1 2 2 2 1 1 0 0 1 0 0 1 1 0 0 1 0 1 0 1 2 2 1 1 0 0 0 1 2 2 2 2 2 2 2 0 1 1 0 0 2 2 2 0 0 0 2 0 1 1 2 0 0 2 1 2 2 2 0 0 1 0 2 1 0 1 0 1 2 1 0 2 0 0 2 1 2 1 1 2 1 2 0 2 2 1 1 0 2 2 2 0 2 1 2 1 0
0.122315876990109 1.03413784881375 0.832434430285846 -0.185722378962381 0.101079804894826 1 1 2 0 0 2 0 2 1 1 0 1 1 1 0 1 2 0 0 1 0 1 0 0 0 2 2 2 0 1 1 0 1 1 1 0 0 1 2 0 1 2 0 0 2 1 2 1 2 1 2 0 2 2 1 0 1 2 1 1 1 1 0 0 0 0 2 0 1 1 0 1 2 0 0 2 0 0 2 0 2 1 1 2 1 2 0 1 0 1 1 0 0 2 2 0 2 0 1 1 0 1 2 0 0 2 0 2 1 1 0 1 1 1 0 1 2 0 0 1 0 1 0 0 0 2 2 2 0 1 1 0 1 1 1 0 0 1 2 0 1 2 0 0 2 1 2 1 2 1 2 0 2 2 1 0 1 2 1 1 1 1 0 0 0 0 2 0 1 1 0 1 2 0 0 2 0 0 2 0 2 1 1 2 1 2 0 1 0 1 1 0 0 2 2 0 2 0 1 1 0
-0.561833308727021 -0.380060081750744 -0.939998420573465 1.86534379229544 -1.08183286664985 -1 0 1 0 0 0 0 2 1 0 0 0 0 0 2 2 2 1 1 0 0 0 0 2 1 1 1 1 0 0 1 1 2 1 2 2 1 1 2 0 2 2 1 0 2 0 2 2 2 0 2 0 0 2 2 0 0 1 0 0 1 1 0 0 0 1 2 2 1 0 0 1 0 1 1 2 0 0 1 0 2 0 0 1 1 2 1 2 2 1 0 0 1 2 2 0 2 1 1 1 0 0 -1 0 0 0 0 -2 -1 0 0 0 0 0 -2 -2 -2 -1 -1 0 0 0 0 -2 -1 -1 -1 -1 0 0 -1 -1 -2 -1 -2 -2 -1 -1 -2 0 -2 -2 -1 0 -2 0 -2 -2 -2 0 -2 0 0 -2 -2 0 0 -1 0 0 -1 -1 0 0 0 -1 -2 -2 -1 0 0 -1 0 -1 -1 -2 0 0 -1 0 -2 0 0 -1 -1 -2 -1 -2 -2 -1 0 0 -1 -2 -2 0 -2 -1 -1 -1 0
1.66440397277827 0.972786673556703 0.221658483781692 0.765451383417672 -1.6775268992784 1 1 2 0 1 2 1 2 1 0 0 1 0 1 2 1 1 0 0 1 0 1 0 1 2 2 1 2 0 1 0 0 2 1 2 0 1 0 2 0 2 1 1 1 1 0 2 1 2 0 2 0 0 1 2 0 1 1 0 0 2 1 1 0 0 1 2 1 1 0 0 0 1 1 1 1 0 0 2 0 2 0 1 2 1 2 0 2 1 1 2 0 2 2 2 0 2 1 2 2 0 1 2 0 1 2 1 2 1 0 0 1 0 1 2 1 1 0 0 1 0 1 0 1 2 2 1 2 0 1 0 0 2 1 2 0 1 0 2 0 2 1 1 1 1 0 2 1 2 0 2 0 0 1 2 0 1 1 0 0 2 1 1 0 0 1 2 1 1 0 0 0 1 1 1 1 0 0 2 0 2 0 1 2 1 2 0 2 1 1 2 0 2 2 2 0 2 1 2 2 0
1.13441613336855 0.803168522482567 0.707951270006374 -0.702959299423448 -1.49471136704636 -1 1 1 1 0 2 2 2 2 1 0 2 2 0 0 1 1 0 0 0 0 1 1 1 1 1 0 1 0 0 0 0 2 1 0 1 1 1 1 0 2 2 1 1 1 0 2 1 2 1 2 0 0 2 1 0 0 2 1 0 1 1 0 0 0 0 2 1 1 0 0 1 2 1 0 2 0 0 2 1 2 0 0 1 0 2 0 2 1 0 0 0 1 2 2 1 2 1 2 2 0 -1 -1 -1 0 -2 -2 -2 -2 -1 0 -2 -2 0 0 -1 -1 0 0 0 0 -1 -1 -1 -1 -1 0 -1 0 0 0 0 -2 -1 0 -1 -1 -1 -1 0 -2 -2 -1 -1 -1 0 -2 -1 -2 -1 -2 0 0 -2 -1 0 0 -2 -1 0 -1 -1 0 0 0 0 -2 -1 -1 0 0 -1 -2 -1 0 -2 0 0 -2 -1 -2 0 0 -1 0 -2 0 -2 -1 0 0 0 -1 -2 -2 -1 -2 -1 -2 -2 0
0.425169041561283 -0.149464431639012 -0.306794877204921 -0.902140398232097 -0.619723071630612 1 2 1 1 1 2 2 2 1 0 0 0 1 1 2 2 1 0 1 2 0 1 1 0 0 2 0 1 0 0 0 0 1 1 0 0 0 0 0 0 2 2 0 0 2 1 1 0 0 0 2 0 0 2 2 1 1 1 0 0 1 0 0 0 0 1 2 1 1 0 0 2 2 0 0 1 0 0 2 0 2 1 1 2 1 2 0 2 2 2 2 0 1 2 1 0 2 1 1 2 0 2 1 1 1 2 2 2 1 0 0 0 1 1 2 2 1 0 1 2 0 1 1 0 0 2 0 1 0 0 0 0 1 1 0 0 0 0 0 0 2 2 0 0 2 1 1 0 0 0 2 0 0 2 2 1 1 1 0 0 1 0 0 0 0 1 2 1 1 0 0 2 2 0 0 1 0 0 2 0 2 1 1 2 1 2 0 2 2 2 2 0 1 2 1 0 2 1 1 2 0
-0.0218106511895167 1.25960661647495 -1.11110787787418 1.39330939658497 1.85470597747838 -1 1 2 0 1 1 1 2 2 0 0 0 1 1 1 2 2 0 0 1 0 2 0 1 1 2 2 2 0 0 1 2 2 2 2 0 0 1 2 0 1 0 0 0 2 1 2 1 2 2 2 0 0 0 2 0 0 2 2 1 0 2 1 1 1 1 2 0 1 1 1 2 2 1 1 2 0 1 2 0 2 1 1 2 1 1 1 2 2 1 2 0 2 2 2 0 2 1 0 1 0 -1 -2 0 -1 -1 -1 -2 -2 0 0 0 -1 -1 -1 -2 -2 0 0 -1 0 -2 0 -1 -1 -2 -2 -2 0 0 -1 -2 -2 -2 -2 0 0 -1 -2 0 -1 0 0 0 -2 -1 -2 -1 -2 -2 -2 0 0 0 -2 0 0 -2 -2 -1 0 -2 -1 -1 -1 -1 -2 0 -1 -1 -1 -2 -2 -1 -1 -2 0 -1 -2 0 -2 -1 -1 -2 -1 -1 -1 -2 -2 -1 -2 0 -2 -2 -2 0 -2 -1 0 -1 0
-0.264030256889964 -1.13365259343172 0.637938451136226 -2.29514408390424 -0.308857932018117 -1 1 2 2 0 2 0 2 2 0 0 2 1 1 1 2 2 0 1 1 0 0 0 1 0 1 1 1 0 0 0 0 2 2 1 1 2 1 2 0 0 0 0 0 1 0 2 2 2 1 2 0 1 0 1 0 1 2 2 0 1 1 0 0 0 1 2 1 1 1 1 2 2 2 0 1 0 0 2 1 2 1 2 2 1 2 2 2 2 2 1 0 2 2 2 0 2 0 1 2 0 -1 -2 -2 0 -2 0 -2 -2 0 0 -2 -1 -1 -1 -2 -2 0 -1 -1 0 0 0 -1 0 -1 -1 -1 0 0 0 0 -2 -2 -1 -1 -2 -1 -2 0 0 0 0 0 -1 0 -2 -2 -2 -1 -2 0 -1 0 -1 0 -1 -2 -2 0 -1 -1 0 0 0 -1 -2 -1 -1 -1 -1 -2 -2 -2 0 -1 0 0 -2 -1 -2 -1 -2 -2 -1 -2 -2 -2 -2 -2 -1 0 -2 -2 -2 0 -2 0 -1 -2 0
-1.39437587346661 -0.608732624964592 -0.249516016461825 -0.673806432149975 0.695627122612097 -1 0 2 1 0 2 0 2 1 1 0 2 1 0 0 1 2 0 0 2 1 2 2 2 2 2 2 2 2 1 1 1 2 1 1 0 1 1 1 0 1 1 0 0 0 1 2 0 2 0 2 0 0 2 2 0 0 1 0 0 0 0 0 0 0 1 2 1 1 1 0 1 1 1 0 2 0 0 2 1 2 1 1 2 1 2 1 2 2 2 2 0 2 2 2 0 2 0 1 2 0 0 -2 -1 0 -2 0 -2 -1 -1 0 -2 -1 0 0 -1 -2 0 0 -2 -1 -2 -2 -2 -2 -2 -2 -2 -2 -1 -1 -1 -2 -1 -1 0 -1 -1 -1 0 -1 -1 0 0 0 -1 -2 0 -2 0 -2 0 0 -2 -2 0 0 -1 0 0 0 0 0 0 0 -1 -2 -1 -1 -1 0 -1 -1 -1 0 -2 0 0 -2 -1 -2 -1 -1 -2 -1 -2 -1 -2 -2 -2 -2 0 -2 -2 -2 0 -2 0 -1 -2 0
1.1243592117698 0.11580867352606 -2.06857592487156 1.57891772356681 -1.54729643409932 1 0 2 1 0 0 0 2 2 0 0 0 1 0 0 1 0 0 0 1 0 1 2 2 2 2 1 2 0 1 0 0 2 1 1 0 0 1 1 0 1 1 1 1 2 1 2 0 2 0 2 0 0 1 1 0 1 1 1 1 1 0 0 0 0 0 2 2 1 0 0 2 2 0 1 1 0 0 2 1 2 1 1 2 2 2 0 2 1 1 2 0 2 2 1 0 1 1 1 1 0 0 2 1 0 0 0 2 2 0 0 0 1 0 0 1 0 0 0 1 0 1 2 2 2 2 1 2 0 1 0 0 2 1 1 0 0 1 1 0 1 1 1 1 2 1 2 0 2 0 2 0 0 1 1 0 1 1 1 1 1 0 0 0 0 0 2 2 1 0 0 2 2 0 1 1 0 0 2 1 2 1 1 2 2 2 0 2 1 1 2 0 2 2 1 0 1 1 1 1 0
-0.0343589564060403 0.93392669935643 1.31456893093612 -0.797309395053142 -1.06296596053541 1 1 2 1 1 2 2 2 2 0 0 0 1 1 0 1 1 0 0 1 0 2 1 1 1 2 2 2 0 0 0 1 2 0 1 1 2 2 2 0 2 1 0 0 1 1 2 0 2 1 2 0 0 2 2 0 1 2 1 1 2 2 1 1 0 0 2 0 0 0 1 2 2 0 2 2 0 1 2 2 2 2 0 2 0 2 0 2 1 2 2 0 0 2 2 0 2 1 1 1 0 1 2 1 1 2 2 2 2 0 0 0 1 1 0 1 1 0 0 1 0 2 1 1 1 2 2 2 0 0 0 1 2 0 1 1 2 2 2 0 2 1 0 0 1 1 2 0 2 1 2 0 0 2 2 0 1 2 1 1 2 2 1 1 0 0 2 0 0 0 1 2 2 0 2 2 0 1 2 2 2 2 0 2 0 2 0 2 1 2 2 0 0 2 2 0 2 1 1 1 0
0.262348049834906 -0.889336515316431 0.14162205925738 2.04533857986349 0.340290727587472 -1 0 1 0 0 1 0 1 2 0 0 1 1 1 0 2 2 0 0 0 0 2 0 2 2 2 2 2 1 0 1 2 2 1 2 0 0 0 1 0 2 2 1 0 2 0 1 1 2 0 2 0 0 0 2 1 1 2 0 1 1 1 0 0 0 0 2 0 0 0 0 0 2 1 1 2 0 0 2 1 2 1 0 1 1 2 2 2 1 1 0 0 0 1 2 0 2 2 2 1 0 0 -1 0 0 -1 0 -1 -2 0 0 -1 -1 -1 0 -2 -2 0 0 0 0 -2 0 -2 -2 -2 -2 -2 -1 0 -1 -2 -2 -1 -2 0 0 0 -1 0 -2 -2 -1 0 -2 0 -1 -1 -2 0 -2 0 0 0 -2 -1 -1 -2 0 -1 -1 -1 0 0 0 0 -2 0 0 0 0 0 -2 -1 -1 -2 0 0 -2 -1 -2 -1 0 -1 -1 -2 -2 -2 -1 -1 0 0 0 -1 -2 0 -2 -2 -2 -1 0
-0.937730863767906 -1.9900654463865 0.346443857606853 -0.87917467881298 0.283370795380274 -1 0 1 0 0 0 1 2 2 1 0 1 1 1 1 2 2 0 0 0 0 1 0 1 0 2 1 0 0 0 1 1 2 1 2 0 1 2 1 0 2 2 1 1 1 1 2 1 1 0 2 0 0 0 1 1 1 2 1 1 2 1 1 0 1 1 2 2 2 2 1 2 2 0 0 2 0 1 2 2 2 2 0 1 1 2 0 2 2 2 2 0 1 2 2 0 2 1 1 1 0 0 -1 0 0 0 -1 -2 -2 -1 0 -1 -1 -1 -1 -2 -2 0 0 0 0 -1 0 -1 0 -2 -1 0 0 0 -1 -1 -2 -1 -2 0 -1 -2 -1 0 -2 -2 -1 -1 -1 -1 -2 -1 -1 0 -2 0 0 0 -1 -1 -1 -2 -1 -1 -2 -1 -1 0 -1 -1 -2 -2 -2 -2 -1 -2 -2 0 0 -2 0 -1 -2 -2 -2 -2 0 -1 -1 -2 0 -2 -2 -2 -2 0 -1 -2 -2 0 -2 -1 -1 -1 0
-0.0358814762508231 0.812559037087223 -0.771574995549003 0.672743497621001 1.37613365504187 -1 0 2 2 1 2 2 2 1 1 0 1 0 0 1 2 1 0 0 1 0 2 1 1 1 2 2 2 0 1 0 0 1 0 1 0 1 0 0 0 2 2 1 0 1 0 2 1 2 2 1 0 0 2 1 1 0 1 0 1 1 1 1 0 1 1 2 1 2 2 0 1 2 1 1 2 0 0 2 1 2 1 0 2 1 2 1 2 1 0 1 0 1 2 1 0 2 0 1 2 0 0 -2 -2 -1 -2 -2 -2 -1 -1 0 -1 0 0 -1 -2 -1 0 0 -1 0 -2 -1 -1 -1 -2 -2 -2 0 -1 0 0 -1 0 -1 0 -1 0 0 0 -2 -2 -1 0 -1 0 -2 -1 -2 -2 -1 0 0 -2 -1 -1 0 -1 0 -1 -1 -1 -1 0 -1 -1 -2 -1 -2 -2 0 -1 -2 -1 -1 -2 0 0 -2 -1 -2 -1 0 -2 -1 -2 -1 -2 -1 0 -1 0 -1 -2 -1 0 -2 0 -1 -2 0
0.812368648795901 1.19562778755182 -0.0628624961032349 -0.98288964319374 0.188078505606398 -1 1 2 0 0 1 1 1 2 0 1 1 0 0 0 1 2 0 0 0 0 0 0 0 0 1 1 1 0 0 0 0 1 0 2 1 2 1 2 0 2 2 0 0 0 0 2 1 2 1 2 0 0 1 2 2 1 2 1 1 1 1 0 0 2 0 1 0 1 0 0 2 2 0 1 2 0 0 2 0 2 0 2 2 2 2 0 2 2 2 1 0 1 2 2 0 2 1 1 2 1 -1 -2 0 0 -1 -1 -1 -2 0 -1 -1 0 0 0 -1 -2 0 0 0 0 0 0 0 0 -1 -1 -1 0 0 0 0 -1 0 -2 -1 -2 -1 -2 0 -2 -2 0 0 0 0 -2 -1 -2 -1 -2 0 0 -1 -2 -2 -1 -2 -1 -1 -1 -1 0 0 -2 0 -1 0 -1 0 0 -2 -2 0 -1 -2 0 0 -2 0 -2 0 -2 -2 -2 -2 0 -2 -2 -2 -1 0 -1 -2 -2 0 -2 -1 -1 -2 -1
0.579474903840446 0.332349225703931 -1.2274453714249 1.59945786832632 -1.22090786879505 1 1 2 0 0 2 2 2 2 1 0 2 2 2 1 1 2 0 0 2 0 2 1 2 2 2 2 2 0 0 1 1 2 0 1 1 1 0 1 0 2 2 1 0 2 0 1 0 0 0 2 0 1 1 2 2 1 2 2 0 2 2 1 0 0 1 2 2 1 1 0 2 2 1 0 2 0 1 2 0 2 0 0 2 2 2 1 2 2 1 0 0 2 2 2 0 0 2 2 2 1 1 2 0 0 2 2 2 2 1 0 2 2 2 1 1 2 0 0 2 0 2 1 2 2 2 2 2 0 0 1 1 2 0 1 1 1 0 1 0 2 2 1 0 2 0 1 0 0 0 2 0 1 1 2 2 1 2 2 0 2 2 1 0 0 1 2 2 1 1 0 2 2 1 0 2 0 1 2 0 2 0 0 2 2 2 1 2 2 1 0 0 2 2 2 0 0 2 2 2 1
0.184686930331154 -1.4217829355389 -1.0081416443545 0.778466741846517 -0.736740365744915 -1 0 1 1 0 1 2 2 2 1 0 1 1 1 1 1 1 0 0 2 0 2 2 2 2 2 1 1 0 0 0 0 2 1 1 0 0 2 1 0 2 1 0 0 1 1 2 1 2 1 1 0 0 1 2 0 1 2 1 0 2 2 1 1 0 0 2 1 2 1 0 2 2 0 1 1 0 0 2 0 2 2 2 2 2 2 1 2 2 1 1 0 1 2 2 0 2 1 1 2 0 0 -1 -1 0 -1 -2 -2 -2 -1 0 -1 -1 -1 -1 -1 -1 0 0 -2 0 -2 -2 -2 -2 -2 -1 -1 0 0 0 0 -2 -1 -1 0 0 -2 -1 0 -2 -1 0 0 -1 -1 -2 -1 -2 -1 -1 0 0 -1 -2 0 -1 -2 -1 0 -2 -2 -1 -1 0 0 -2 -1 -2 -1 0 -2 -2 0 -1 -1 0 0 -2 0 -2 -2 -2 -2 -2 -2 -1 -2 -2 -1 -1 0 -1 -2 -2 0 -2 -1 -1 -2 0
0.690052582535092 0.0498118327932219 -0.106194400100536 -0.220618486194342 1.38498603195586 -1 2 2 2 1 2 2 2 2 0 0 0 0 1 1 2 1 0 0 1 0 0 0 2 1 2 1 1 0 0 0 1 2 2 1 0 1 0 1 0 2 2 0 0 1 1 2 2 2 1 2 0 0 1 2 0 0 1 0 0 0 1 1 1 0 1 2 1 1 0 0 1 2 2 2 2 0 0 2 0 2 2 2 2 2 2 0 2 1 2 1 0 1 2 2 0 1 0 0 1 0 -2 -2 -2 -1 -2 -2 -2 -2 0 0 0 0 -1 -1 -2 -1 0 0 -1 0 0 0 -2 -1 -2 -1 -1 0 0 0 -1 -2 -2 -1 0 -1 0 -1 0 -2 -2 0 0 -1 -1 -2 -2 -2 -1 -2 0 0 -1 -2 0 0 -1 0 0 0 -1 -1 -1 0 -1 -2 -1 -1 0 0 -1 -2 -2 -2 -2 0 0 -2 0 -2 -2 -2 -2 -2 -2 0 -2 -1 -2 -1 0 -1 -2 -2 0 -1 0 0 -1 0
0.267575799075387 -0.337079779142843 1.82074504822666 0.218094080976929 2.53567186377788 -1 1 0 1 0 1 0 1 2 1 0 0 0 0 0 1 2 0 0 0 0 2 0 0 1 2 2 2 0 1 0 1 2 1 2 1 2 1 1 0 2 2 1 1 2 1 2 1 2 2 1 0 1 2 1 0 0 1 1 0 1 0 0 0 0 0 2 0 1 0 1 2 2 0 0 1 0 0 2 1 2 1 0 1 0 2 1 2 1 1 1 0 2 2 2 0 1 0 1 1 0 -1 0 -1 0 -1 0 -1 -2 -1 0 0 0 0 0 -1 -2 0 0 0 0 -2 0 0 -1 -2 -2 -2 0 -1 0 -1 -2 -1 -2 -1 -2 -1 -1 0 -2 -2 -1 -1 -2 -1 -2 -1 -2 -2 -1 0 -1 -2 -1 0 0 -1 -1 0 -1 0 0 0 0 0 -2 0 -1 0 -1 -2 -2 0 0 -1 0 0 -2 -1 -2 -1 0 -1 0 -2 -1 -2 -1 -1 -1 0 -2 -2 -2 0 -1 0 -1 -1 0
1.74874813876605 0.170151327998332 1.91080035102054 -1.02894008056235 1.83091163144573 -1 2 2 0 0 2 2 2 2 1 0 1 2 1 1 1 1 0 0 1 0 1 1 2 1 2 2 2 0 0 1 1 2 1 1 0 1 1 2 1 2 1 1 0 1 1 2 0 2 1 2 0 0 2 2 1 0 1 1 2 2 2 0 0 0 2 2 2 2 0 0 2 2 0 0 2 0 2 2 1 2 0 1 2 1 2 1 2 1 1 0 0 2 2 2 0 2 0 1 1 0 -2 -2 0 0 -2 -2 -2 -2 -1 0 -1 -2 -1 -1 -1 -1 0 0 -1 0 -1 -1 -2 -1 -2 -2 -2 0 0 -1 -1 -2 -1 -1 0 -1 -1 -2 -1 -2 -1 -1 0 -1 -1 -2 0 -2 -1 -2 0 0 -2 -2 -1 0 -1 -1 -2 -2 -2 0 0 0 -2 -2 -2 -2 0 0 -2 -2 0 0 -2 0 -2 -2 -1 -2 0 -1 -2 -1 -2 -1 -2 -1 -1 0 0 -2 -2 -2 0 -2 0 -1 -1 0
0.674255752870513 -1.69789318554733 1.29135535409963 -0.416648928054272 0.244678915114454 1 1 2 0 0 1 1 2 2 1 0 2 1 1 1 2 2 0 1 1 0 1 0 1 2 2 2 2 0 0 0 0 2 2 1 0 1 1 1 0 2 1 0 0 2 2 2 2 2 0 2 0 0 1 1 0 1 2 1 1 1 2 0 1 0 0 2 0 0 0 0 2 2 1 1 2 0 1 2 1 2 2 1 2 1 2 1 2 1 1 1 0 1 2 2 0 2 0 2 2 0 1 2 0 0 1 1 2 2 1 0 2 1 1 1 2 2 0 1 1 0 1 0 1 2 2 2 2 0 0 0 0 2 2 1 0 1 1 1 0 2 1 0 0 2 2 2 2 2 0 2 0 0 1 1 0 1 2 1 1 1 2 0 1 0 0 2 0 0 0 0 2 2 1 1 2 0 1 2 1 2 2 1 2 1 2 1 2 1 1 1 0 1 2 2 0 2 0 2 2 0
-0.653426369211871 -0.0565818391433017 -1.23405588937251 1.03159178576183 -0.455031187794567 1 1 1 1 0 1 2 2 2 0 1 1 1 1 1 2 2 0 1 1 0 1 0 2 1 2 0 2 1 0 0 0 2 2 2 2 1 1 2 1 1 1 1 0 1 0 2 1 2 1 2 0 1 2 2 0 1 1 1 0 1 0 0 1 2 0 2 1 1 1 0 2 2 1 1 2 0 1 2 0 2 1 0 2 1 2 1 2 2 2 1 0 2 2 2 0 2 1 2 2 0 1 1 1 0 1 2 2 2 0 1 1 1 1 1 2 2 0 1 1 0 1 0 2 1 2 0 2 1 0 0 0 2 2 2 2 1 1 2 1 1 1 1 0 1 0 2 1 2 1 2 0 1 2 2 0 1 1 1 0 1 0 0 1 2 0 2 1 1 1 0 2 2 1 1 2 0 1 2 0 2 1 0 2 1 2 1 2 2 2 1 0 2 2 2 0 2 1 2 2 0
-0.793150818589835 1.86087563774649 -1.32600867527006 -1.24156402090977 -0.235997044259826 -1 2 2 0 0 1 0 2 2 2 0 0 0 0 2 2 2 0 1 1 0 2 1 2 1 2 0 1 0 1 0 0 2 1 1 0 0 1 2 0 1 0 0 1 2 1 2 1 2 1 2 0 0 2 2 1 2 2 2 1 2 2 1 1 2 2 2 2 1 0 0 1 2 0 2 2 0 0 2 1 2 2 1 2 0 2 0 2 0 1 1 0 1 1 2 0 2 1 2 2 1 -2 -2 0 0 -1 0 -2 -2 -2 0 0 0 0 -2 -2 -2 0 -1 -1 0 -2 -1 -2 -1 -2 0 -1 0 -1 0 0 -2 -1 -1 0 0 -1 -2 0 -1 0 0 -1 -2 -1 -2 -1 -2 -1 -2 0 0 -2 -2 -1 -2 -2 -2 -1 -2 -2 -1 -1 -2 -2 -2 -2 -1 0 0 -1 -2 0 -2 -2 0 0 -2 -1 -2 -2 -1 -2 0 -2 0 -2 0 -1 -1 0 -1 -1 -2 0 -2 -1 -2 -2 -1
-0.237588139654628 0.650479042141773 -1.31479844238983 -0.947071568722183 1.02088225531811 -1 1 2 1 0 2 0 1 1 1 0 1 1 1 0 1 1 0 0 0 0 1 0 2 2 2 2 2 0 1 0 0 2 1 1 0 1 1 2 0 2 1 0 0 0 0 2 0 1 1 2 0 0 1 2 1 1 1 0 1 2 2 1 0 0 0 2 1 1 1 0 1 2 0 0 2 0 0 2 1 2 0 1 2 1 2 2 2 2 2 2 0 1 2 1 0 2 2 2 1 0 -1 -2 -1 0 -2 0 -1 -1 -1 0 -1 -1 -1 0 -1 -1 0 0 0 0 -1 0 -2 -2 -2 -2 -2 0 -1 0 0 -2 -1 -1 0 -1 -1 -2 0 -2 -1 0 0 0 0 -2 0 -1 -1 -2 0 0 -1 -2 -1 -1 -1 0 -1 -2 -2 -1 0 0 0 -2 -1 -1 -1 0 -1 -2 0 0 -2 0 0 -2 -1 -2 0 -1 -2 -1 -2 -2 -2 -2 -2 -2 0 -1 -2 -1 0 -2 -2 -2 -1 0
0.799146773241173 -0.65860555545967 -0.681788825127532 0.0559166715590383 0.650987118302612 1 1 1 0 1 2 1 2 1 0 0 0 2 2 1 0 2 0 1 0 0 1 1 2 2 2 1 2 0 0 0 0 2 0 0 1 2 0 1 0 2 1 0 1 1 0 2 0 2 0 2 0 0 1 2 0 0 1 0 0 1 1 0 0 1 1 2 0 0 1 0 1 2 1 1 2 0 1 2 2 2 2 1 2 2 2 2 2 1 2 1 0 2 2 2 0 2 1 1 2 0 1 1 0 1 2 1 2 1 0 0 0 2 2 1 0 2 0 1 0 0 1 1 2 2 2 1 2 0 0 0 0 2 0 0 1 2 0 1 0 2 1 0 1 1 0 2 0 2 0 2 0 0 1 2 0 0 1 0 0 1 1 0 0 1 1 2 0 0 1 0 1 2 1 1 2 0 1 2 2 2 2 1 2 2 2 2 2 1 2 1 0 2 2 2 0 2 1 1 2 0
2.42913339232271 2.10616934635106 -0.467019212034411 0.682772927608679 -0.917018650924962 1 0 2 1 0 2 1 2 2 0 0 1 2 1 2 1 2 0 0 1 1 0 0 1 1 1 1 1 0 2 0 1 2 2 1 1 2 1 1 0 1 0 0 0 1 1 2 1 2 0 1 0 0 1 0 0 0 1 0 1 1 0 0 0 1 0 2 2 2 1 0 2 1 2 1 2 0 0 2 1 2 1 0 2 2 2 1 2 1 1 1 0 2 1 2 0 2 0 1 2 0 0 2 1 0 2 1 2 2 0 0 1 2 1 2 1 2 0 0 1 1 0 0 1 1 1 1 1 0 2 0 1 2 2 1 1 2 1 1 0 1 0 0 0 1 1 2 1 2 0 1 0 0 1 0 0 0 1 0 1 1 0 0 0 1 0 2 2 2 1 0 2 1 2 1 2 0 0 2 1 2 1 0 2 2 2 1 2 1 1 1 0 2 1 2 0 2 0 1 2 0
0.0154566099028162 -1.01758045837634 0.983292046267101 0.543099843713693 -0.317684483290238 -1 0 1 1 1 2 2 2 1 1 0 1 1 2 1 2 2 0 0 1 0 1 1 2 1 2 1 1 0 0 0 1 2 1 1 0 1 1 2 0 2 2 1 0 2 1 2 1 2 0 2 0 1 0 2 1 1 2 0 0 2 1 0 0 2 1 2 2 2 1 1 2 2 2 2 2 0 1 2 1 2 1 0 2 2 2 2 2 2 2 2 0 1 2 1 0 2 1 2 2 0 0 -1 -1 -1 -2 -2 -2 -1 -1 0 -1 -1 -2 -1 -2 -2 0 0 -1 0 -1 -1 -2 -1 -2 -1 -1 0 0 0 -1 -2 -1 -1 0 -1 -1 -2 0 -2 -2 -1 0 -2 -1 -2 -1 -2 0 -2 0 -1 0 -2 -1 -1 -2 0 0 -2 -1 0 0 -2 -1 -2 -2 -2 -1 -1 -2 -2 -2 -2 -2 0 -1 -2 -1 -2 -1 0 -2 -2 -2 -2 -2 -2 -2 -2 0 -1 -2 -1 0 -2 -1 -2 -2 0
-0.190084732167489 2.40917521959061 -1.02996880760312 -1.17548150486321 -0.00424075176614162 1 0 1 1 0 2 2 2 2 0 0 2 1 2 1 2 2 0 0 1 0 1 1 1 1 2 1 1 0 0 1 1 2 2 2 0 1 1 1 0 2 2 2 1 2 0 2 0 2 1 1 0 0 1 0 0 0 2 0 1 1 1 1 1 1 0 2 1 0 0 0 0 0 0 1 2 0 0 2 0 2 1 1 2 2 2 0 2 1 2 1 0 2 2 2 0 2 2 1 2 0 0 1 1 0 2 2 2 2 0 0 2 1 2 1 2 2 0 0 1 0 1 1 1 1 2 1 1 0 0 1 1 2 2 2 0 1 1 1 0 2 2 2 1 2 0 2 0 2 1 1 0 0 1 0 0 0 2 0 1 1 1 1 1 1 0 2 1 0 0 0 0 0 0 1 2 0 0 2 0 2 1 1 2 2 2 0 2 1 2 1 0 2 2 2 0 2 2 1 2 0
-0.705711521113612 0.106124539460407 0.787332675701167 -0.416635207775711 -2.61656171332054 -1 2 2 1 1 2 1 1 2 0 0 1 1 1 1 2 2 0 0 0 0 1 0 2 2 2 1 1 0 0 1 2 2 1 2 1 2 1 2 0 2 2 2 0 2 0 1 1 2 2 2 0 0 1 1 0 1 1 2 2 1 0 0 0 1 0 1 0 1 0 0 1 1 1 1 2 0 0 2 1 2 1 0 2 1 2 0 2 0 1 1 0 1 2 2 0 2 1 1 2 0 -2 -2 -1 -1 -2 -1 -1 -2 0 0 -1 -1 -1 -1 -2 -2 0 0 0 0 -1 0 -2 -2 -2 -1 -1 0 0 -1 -2 -2 -1 -2 -1 -2 -1 -2 0 -2 -2 -2 0 -2 0 -1 -1 -2 -2 -2 0 0 -1 -1 0 -1 -1 -2 -2 -1 0 0 0 -1 0 -1 0 -1 0 0 -1 -1 -1 -1 -2 0 0 -2 -1 -2 -1 0 -2 -1 -2 0 -2 0 -1 -1 0 -1 -2 -2 0 -2 -1 -1 -2 0
2.04270065413944 -0.546022184987912 1.04616122107903 0.920546124141606 -0.0983582861398397 -1 1 2 1 1 2 2 2 1 0 0 0 0 0 0 0 0 0 0 1 0 1 0 0 1 1 1 1 0 1 0 0 1 0 0 0 0 0 2 0 2 2 0 1 2 1 2 1 2 1 2 0 0 0 1 0 0 1 1 1 1 0 1 0 1 1 2 0 1 0 0 2 2 0 2 2 0 1 2 1 2 1 0 1 1 2 1 2 0 0 1 0 1 2 1 0 2 1 1 1 0 -1 -2 -1 -1 -2 -2 -2 -1 0 0 0 0 0 0 0 0 0 0 -1 0 -1 0 0 -1 -1 -1 -1 0 -1 0 0 -1 0 0 0 0 0 -2 0 -2 -2 0 -1 -2 -1 -2 -1 -2 -1 -2 0 0 0 -1 0 0 -1 -1 -1 -1 0 -1 0 -1 -1 -2 0 -1 0 0 -2 -2 0 -2 -2 0 -1 -2 -1 -2 -1 0 -1 -1 -2 -1 -2 0 0 -1 0 -1 -2 -1 0 -2 -1 -1 -1 0
0.355653096660219 -0.415231913936433 -1.55136455597232 0.21340377853755 -0.678321074550098 -1 0 2 1 0 2 2 2 2 0 0 1 1 1 1 2 2 0 0 2 0 2 1 2 1 2 1 2 0 0 0 0 1 2 1 0 0 1 2 0 2 2 1 1 1 0 2 1 1 0 2 0 0 1 1 0 1 2 1 1 2 1 1 0 1 2 2 2 2 2 1 2 2 1 1 1 0 1 2 1 2 2 1 2 1 2 0 2 2 2 2 0 2 2 2 0 2 1 1 1 0 0 -2 -1 0 -2 -2 -2 -2 0 0 -1 -1 -1 -1 -2 -2 0 0 -2 0 -2 -1 -2 -1 -2 -1 -2 0 0 0 0 -1 -2 -1 0 0 -1 -2 0 -2 -2 -1 -1 -1 0 -2 -1 -1 0 -2 0 0 -1 -1 0 -1 -2 -1 -1 -2 -1 -1 0 -1 -2 -2 -2 -2 -2 -1 -2 -2 -1 -1 -1 0 -1 -2 -1 -2 -2 -1 -2 -1 -2 0 -2 -2 -2 -2 0 -2 -2 -2 0 -2 -1 -1 -1 0
-0.425185615370166 -0.100920754647312 -0.144672017053874 1.01083340060907 0.395840926316999 1 2 1 1 0 2 1 2 2 1 0 1 1 0 0 2 2 0 1 2 0 0 0 1 1 1 1 2 1 0 0 1 2 1 1 0 1 0 1 0 1 1 0 0 1 0 2 1 2 1 2 0 0 1 1 0 1 1 0 0 2 0 0 0 0 0 1 0 2 0 0 1 2 0 0 2 0 0 2 0 2 0 0 1 1 2 0 2 2 2 2 0 2 2 2 0 2 0 0 1 0 2 1 1 0 2 1 2 2 1 0 1 1 0 0 2 2 0 1 2 0 0 0 1 1 1 1 2 1 0 0 1 2 1 1 0 1 0 1 0 1 1 0 0 1 0 2 1 2 1 2 0 0 1 1 0 1 1 0 0 2 0 0 0 0 0 1 0 2 0 0 1 2 0 0 2 0 0 2 0 2 0 0 1 1 2 0 2 2 2 2 0 2 2 2 0 2 0 0 1 0
-0.890057622784596 1.37501947226687 -0.846740888304052 -1.47731403813572 0.717763612184088 -1 1 2 1 0 2 2 2 2 1 0 1 1 2 1 2 1 0 0 1 0 2 1 1 0 2 1 2 0 0 1 1 1 1 1 0 1 2 2 0 1 1 0 0 1 1 2 1 2 1 2 0 0 0 1 0 2 2 1 0 2 1 0 0 0 0 1 0 1 0 0 1 2 0 0 2 0 0 2 1 2 1 1 2 0 1 0 1 1 1 1 0 2 2 2 0 2 2 2 2 0 -1 -2 -1 0 -2 -2 -2 -2 -1 0 -1 -1 -2 -1 -2 -1 0 0 -1 0 -2 -1 -1 0 -2 -1 -2 0 0 -1 -1 -1 -1 -1 0 -1 -2 -2 0 -1 -1 0 0 -1 -1 -2 -1 -2 -1 -2 0 0 0 -1 0 -2 -2 -1 0 -2 -1 0 0 0 0 -1 0 -1 0 0 -1 -2 0 0 -2 0 0 -2 -1 -2 -1 -1 -2 0 -1 0 -1 -1 -1 -1 0 -2 -2 -2 0 -2 -2 -2 -2 0
-0.937380916621444 -0.544365554489756 0.178919534316244 0.137820153363311 -1.80293170269556 1 0 1 2 0 2 2 2 2 1 0 1 2 1 1 1 2 0 0 0 0 0 0 1 0 2 2 1 0 0 0 0 1 1 2 2 0 1 2 0 2 1 0 0 1 0 2 0 2 1 2 0 0 2 0 0 1 2 1 1 1 1 0 0 1 1 2 2 2 1 0 1 2 0 0 2 0 0 2 0 2 2 1 2 0 1 0 2 0 0 0 0 2 2 2 0 2 2 2 2 0 0 1 2 0 2 2 2 2 1 0 1 2 1 1 1 2 0 0 0 0 0 0 1 0 2 2 1 0 0 0 0 1 1 2 2 0 1 2 0 2 1 0 0 1 0 2 0 2 1 2 0 0 2 0 0 1 2 1 1 1 1 0 0 1 1 2 2 2 1 0 1 2 0 0 2 0 0 2 0 2 2 1 2 0 1 0 2 0 0 0 0 2 2 2 0 2 2 2 2 0
-2.64225188032738 0.832103472776398 0.525716142906986 1.60558163781152 -2.08009486105851 1 0 1 1 0 1 1 2 2 0 0 0 2 2 1 1 2 0 1 1 0 1 0 1 1 1 1 1 0 0 1 1 2 1 2 1 2 0 1 0 2 2 0 0 1 0 2 1 2 1 2 0 0 0 1 0 1 2 0 0 1 1 0 0 1 1 2 0 0 0 0 1 2 0 0 2 0 0 2 1 2 0 1 1 0 2 1 2 0 1 1 0 2 2 2 0 2 0 0 2 1 0 1 1 0 1 1 2 2 0 0 0 2 2 1 1 2 0 1 1 0 1 0 1 1 1 1 1 0 0 1 1 2 1 2 1 2 0 1 0 2 2 0 0 1 0 2 1 2 1 2 0 0 0 1 0 1 2 0 0 1 1 0 0 1 1 2 0 0 0 0 1 2 0 0 2 0 0 2 1 2 0 1 1 0 2 1 2 0 1 1 0 2 2 2 0 2 0 0 2 1
-0.516782014388974 -1.85962041867331 0.865082291009961 0.43506399941211 0.547771536370328 -1 1 2 0 0 2 1 1 1 0 0 0 2 2 1 2 2 0 0 1 0 2 0 1 2 2 1 2 0 0 0 1 2 1 1 0 0 0 1 0 1 0 0 0 2 1 2 0 1 0 2 0 0 1 0 0 1 2 2 2 2 1 0 1 1 1 2 1 1 0 0 0 0 0 0 2 0 0 2 0 2 1 1 2 2 2 1 1 0 1 1 0 1 2 2 0 2 1 1 2 0 -1 -2 0 0 -2 -1 -1 -1 0 0 0 -2 -2 -1 -2 -2 0 0 -1 0 -2 0 -1 -2 -2 -1 -2 0 0 0 -1 -2 -1 -1 0 0 0 -1 0 -1 0 0 0 -2 -1 -2 0 -1 0 -2 0 0 -1 0 0 -1 -2 -2 -2 -2 -1 0 -1 -1 -1 -2 -1 -1 0 0 0 0 0 0 -2 0 0 -2 0 -2 -1 -1 -2 -2 -2 -1 -1 0 -1 -1 0 -1 -2 -2 0 -2 -1 -1 -2 0
-0.419481602976575 -0.699769748355066 0.780517435099374 0.551634446651267 -0.61286630253964 -1 2 2 0 0 2 1 2 2 0 0 1 1 1 0 1 1 0 2 0 0 0 0 0 1 1 0 0 0 0 0 1 2 2 2 1 1 1 2 1 1 2 0 0 1 0 2 1 2 1 2 0 0 0 2 1 1 1 2 2 2 2 1 1 0 1 2 1 2 1 1 2 2 0 0 2 0 1 2 1 2 2 0 1 0 2 1 2 2 2 1 0 2 2 2 0 2 2 2 2 0 -2 -2 0 0 -2 -1 -2 -2 0 0 -1 -1 -1 0 -1 -1 0 -2 0 0 0 0 0 -1 -1 0 0 0 0 0 -1 -2 -2 -2 -1 -1 -1 -2 -1 -1 -2 0 0 -1 0 -2 -1 -2 -1 -2 0 0 0 -2 -1 -1 -1 -2 -2 -2 -2 -1 -1 0 -1 -2 -1 -2 -1 -1 -2 -2 0 0 -2 0 -1 -2 -1 -2 -2 0 -1 0 -2 -1 -2 -2 -2 -1 0 -2 -2 -2 0 -2 -2 -2 -2 0
0.0910002132837984 0.391898247291252 -1.21525607521392 -0.347782345667726 -0.0813857471459396 -1 1 1 2 1 1 0 1 2 1 0 0 1 1 1 2 1 0 0 1 0 1 0 0 1 2 1 1 0 0 1 0 2 2 2 1 0 1 1 0 2 2 1 0 1 0 2 1 2 0 2 0 1 2 1 0 0 2 1 0 2 2 2 0 0 1 2 0 1 0 1 1 2 0 0 2 0 0 2 1 2 2 1 2 1 2 0 2 0 1 2 0 2 2 2 0 1 0 1 1 0 -1 -1 -2 -1 -1 0 -1 -2 -1 0 0 -1 -1 -1 -2 -1 0 0 -1 0 -1 0 0 -1 -2 -1 -1 0 0 -1 0 -2 -2 -2 -1 0 -1 -1 0 -2 -2 -1 0 -1 0 -2 -1 -2 0 -2 0 -1 -2 -1 0 0 -2 -1 0 -2 -2 -2 0 0 -1 -2 0 -1 0 -1 -1 -2 0 0 -2 0 0 -2 -1 -2 -2 -1 -2 -1 -2 0 -2 0 -1 -2 0 -2 -2 -2 0 -1 0 -1 -1 0
-0.441751575334794 0.0232550387596126 1.17593658055976 -0.0376365270035664 0.338302853379634 -1 0 1 0 0 1 1 2 2 1 0 1 1 2 2 2 2 1 2 0 0 1 0 2 1 1 0 1 0 0 1 1 2 1 2 1 1 1 1 0 1 2 1 0 2 1 2 1 2 1 2 0 1 2 2 0 0 1 1 0 2 1 1 0 1 0 2 0 1 2 0 1 1 0 1 2 0 0 2 0 2 1 1 2 0 2 1 2 1 2 1 0 1 2 1 0 2 2 2 2 0 0 -1 0 0 -1 -1 -2 -2 -1 0 -1 -1 -2 -2 -2 -2 -1 -2 0 0 -1 0 -2 -1 -1 0 -1 0 0 -1 -1 -2 -1 -2 -1 -1 -1 -1 0 -1 -2 -1 0 -2 -1 -2 -1 -2 -1 -2 0 -1 -2 -2 0 0 -1 -1 0 -2 -1 -1 0 -1 0 -2 0 -1 -2 0 -1 -1 0 -1 -2 0 0 -2 0 -2 -1 -1 -2 0 -2 -1 -2 -1 -2 -1 0 -1 -2 -1 0 -2 -2 -2 -2 0
-0.325356981868332 0.35417189236018 -2.16430678892112 -0.674833979925478 -1.28098220566694 1 2 2 1 1 2 2 2 1 0 0 0 1 1 1 2 1 0 1 0 0 2 0 2 0 2 2 2 0 1 0 1 2 2 2 1 1 0 1 0 1 1 0 0 2 0 2 0 2 1 2 0 1 2 2 1 1 2 0 1 1 1 2 2 1 0 2 1 2 1 1 2 1 0 1 2 0 0 2 0 2 1 0 2 1 2 0 2 1 2 1 0 2 2 1 0 2 1 2 1 0 2 2 1 1 2 2 2 1 0 0 0 1 1 1 2 1 0 1 0 0 2 0 2 0 2 2 2 0 1 0 1 2 2 2 1 1 0 1 0 1 1 0 0 2 0 2 0 2 1 2 0 1 2 2 1 1 2 0 1 1 1 2 2 1 0 2 1 2 1 1 2 1 0 1 2 0 0 2 0 2 1 0 2 1 2 0 2 1 2 1 0 2 2 1 0 2 1 2 1 0
0.333335091393536 -0.799338633193099 -1.42377031481038 1.05041519087807 -0.51708139703112 1 0 2 0 0 1 1 2 2 1 1 2 2 1 1 2 2 0 1 0 0 2 2 2 1 1 1 1 0 0 0 0 2 2 1 0 0 0 1 0 2 2 1 1 2 2 2 0 1 0 2 0 0 1 1 1 1 2 1 1 2 2 1 0 0 1 2 1 2 1 0 2 1 1 0 1 0 0 2 0 2 1 1 2 1 2 2 2 2 2 2 0 2 1 1 0 2 2 2 2 0 0 2 0 0 1 1 2 2 1 1 2 2 1 1 2 2 0 1 0 0 2 2 2 1 1 1 1 0 0 0 0 2 2 1 0 0 0 1 0 2 2 1 1 2 2 2 0 1 0 2 0 0 1 1 1 1 2 1 1 2 2 1 0 0 1 2 1 2 1 0 2 1 1 0 1 0 0 2 0 2 1 1 2 1 2 2 2 2 2 2 0 2 1 1 0 2 2 2 2 0
-1.32140049332716 0.541189222700908 -0.346176181447464 0.32180743748744 1.41394830775749 1 1 1 0 1 2 2 2 1 0 0 1 1 1 1 1 2 0 0 0 0 1 1 1 1 2 1 2 0 0 0 1 2 1 2 1 0 0 1 0 1 1 1 0 2 1 2 1 2 0 2 0 0 1 1 0 0 2 0 0 0 1 0 0 1 0 1 0 0 0 0 2 1 1 2 2 1 1 2 0 2 1 1 2 1 2 1 2 2 2 2 0 2 2 2 0 2 2 2 2 0 1 1 0 1 2 2 2 1 0 0 1 1 1 1 1 2 0 0 0 0 1 1 1 1 2 1 2 0 0 0 1 2 1 2 1 0 0 1 0 1 1 1 0 2 1 2 1 2 0 2 0 0 1 1 0 0 2 0 0 0 1 0 0 1 0 1 0 0 0 0 2 1 1 2 2 1 1 2 0 2 1 1 2 1 2 1 2 2 2 2 0 2 2 2 0 2 2 2 2 0
0.21414800053948 -1.70873832286707 -0.159090423788632 -0.753484350184284 1.98464049323803 -1 1 2 1 0 1 0 1 1 0 0 1 1 2 2 2 2 0 1 0 0 0 0 1 0 2 1 2 0 1 1 1 2 1 1 0 1 1 1 0 2 2 1 1 1 1 2 1 1 0 2 0 0 1 1 0 0 1 0 0 1 1 0 0 1 1 2 1 1 0 0 1 1 0 2 2 0 0 2 0 2 1 2 2 1 2 2 2 2 1 0 0 1 2 2 0 2 0 1 1 0 -1 -2 -1 0 -1 0 -1 -1 0 0 -1 -1 -2 -2 -2 -2 0 -1 0 0 0 0 -1 0 -2 -1 -2 0 -1 -1 -1 -2 -1 -1 0 -1 -1 -1 0 -2 -2 -1 -1 -1 -1 -2 -1 -1 0 -2 0 0 -1 -1 0 0 -1 0 0 -1 -1 0 0 -1 -1 -2 -1 -1 0 0 -1 -1 0 -2 -2 0 0 -2 0 -2 -1 -2 -2 -1 -2 -2 -2 -2 -1 0 0 -1 -2 -2 0 -2 0 -1 -1 0
0.00745110741535089 0.22840830164784 -1.5845624111634 -1.86291305869091 -0.79743445298913 1 1 2 1 0 1 0 1 1 0 1 1 2 1 1 1 2 0 1 0 0 1 0 1 1 2 1 2 1 0 1 1 2 2 2 0 1 1 2 0 2 1 0 1 1 0 1 0 2 0 2 0 0 2 0 0 0 2 0 1 2 1 1 1 1 1 2 1 1 1 1 2 2 1 0 2 0 0 2 0 2 0 2 2 2 2 0 1 1 1 0 0 2 2 2 0 1 0 0 2 0 1 2 1 0 1 0 1 1 0 1 1 2 1 1 1 2 0 1 0 0 1 0 1 1 2 1 2 1 0 1 1 2 2 2 0 1 1 2 0 2 1 0 1 1 0 1 0 2 0 2 0 0 2 0 0 0 2 0 1 2 1 1 1 1 1 2 1 1 1 1 2 2 1 0 2 0 0 2 0 2 0 2 2 2 2 0 1 1 1 0 0 2 2 2 0 1 0 0 2 0
0.402708296254133 -0.209989228354701 0.925553236276178 0.0329726316137919 -1.07611920292121 1 0 1 0 0 0 1 2 1 1 0 0 0 2 1 1 2 0 0 1 0 0 0 1 0 1 0 1 0 1 1 1 2 1 1 0 0 0 2 0 2 2 1 1 2 0 2 1 2 0 2 0 2 2 2 1 0 1 0 0 1 1 2 1 2 1 2 1 2 0 0 2 2 0 0 1 0 0 2 0 2 0 1 2 1 2 0 2 0 1 0 0 1 2 2 0 2 1 2 2 0 0 1 0 0 0 1 2 1 1 0 0 0 2 1 1 2 0 0 1 0 0 0 1 0 1 0 1 0 1 1 1 2 1 1 0 0 0 2 0 2 2 1 1 2 0 2 1 2 0 2 0 2 2 2 1 0 1 0 0 1 1 2 1 2 1 2 1 2 0 0 2 2 0 0 1 0 0 2 0 2 0 1 2 1 2 0 2 0 1 0 0 1 2 2 0 2 1 2 2 0
-1.01029676896798 0.132043956105501 1.24070650309946 -2.38357492138438 -1.26160386949357 -1 0 2 2 0 2 2 2 2 0 0 1 1 1 1 2 2 0 1 2 1 2 1 2 0 1 2 2 0 0 0 0 2 0 2 0 0 1 2 1 2 0 0 0 0 0 2 1 2 0 2 0 1 1 0 1 1 2 1 1 2 2 1 0 1 0 2 1 2 1 0 2 2 0 1 2 0 1 2 0 2 1 0 2 2 2 2 2 2 2 1 0 2 2 2 0 2 0 0 2 0 0 -2 -2 0 -2 -2 -2 -2 0 0 -1 -1 -1 -1 -2 -2 0 -1 -2 -1 -2 -1 -2 0 -1 -2 -2 0 0 0 0 -2 0 -2 0 0 -1 -2 -1 -2 0 0 0 0 0 -2 -1 -2 0 -2 0 -1 -1 0 -1 -1 -2 -1 -1 -2 -2 -1 0 -1 0 -2 -1 -2 -1 0 -2 -2 0 -1 -2 0 -1 -2 0 -2 -1 0 -2 -2 -2 -2 -2 -2 -2 -1 0 -2 -2 -2 0 -2 0 0 -2 0
0.447774345460862 -1.6516484085466 0.600820644959629 -0.935975389636711 -0.179333786621002 1 0 0 0 0 2 2 2 2 1 0 2 1 1 0 1 1 0 0 0 0 2 0 2 1 2 2 2 0 0 1 0 2 0 0 0 0 1 2 0 2 2 1 0 2 1 2 1 1 1 2 0 0 0 2 1 2 2 2 1 1 0 0 1 1 1 2 1 0 0 0 2 2 0 1 2 0 1 2 1 2 2 1 2 1 2 1 2 2 2 2 0 1 2 2 0 2 1 1 2 0 0 0 0 0 2 2 2 2 1 0 2 1 1 0 1 1 0 0 0 0 2 0 2 1 2 2 2 0 0 1 0 2 0 0 0 0 1 2 0 2 2 1 0 2 1 2 1 1 1 2 0 0 0 2 1 2 2 2 1 1 0 0 1 1 1 2 1 0 0 0 2 2 0 1 2 0 1 2 1 2 2 1 2 1 2 1 2 2 2 2 0 1 2 2 0 2 1 1 2 0
1.05906171190389 0.549565660028666 -0.431267007136025 0.0313957402301693 0.673372930323151 1 0 1 0 0 1 0 1 1 0 1 1 1 2 1 1 2 0 1 2 0 2 0 1 0 2 2 2 0 0 0 0 2 2 1 0 0 0 1 0 2 1 0 0 1 1 2 0 2 2 2 0 0 0 0 0 0 1 1 1 1 0 0 1 2 1 2 2 2 1 0 1 2 0 0 2 0 1 2 1 2 1 1 2 0 2 0 2 1 0 0 0 1 2 2 0 2 1 1 2 0 0 1 0 0 1 0 1 1 0 1 1 1 2 1 1 2 0 1 2 0 2 0 1 0 2 2 2 0 0 0 0 2 2 1 0 0 0 1 0 2 1 0 0 1 1 2 0 2 2 2 0 0 0 0 0 0 1 1 1 1 0 0 1 2 1 2 2 2 1 0 1 2 0 0 2 0 1 2 1 2 1 1 2 0 2 0 2 1 0 0 0 1 2 2 0 2 1 1 2 0
0.0684052939424336 -0.238699273843302 0.139332388843385 1.01448306972246 1.51986957681412 1 0 2 1 0 2 2 2 2 1 0 1 2 1 2 2 2 0 0 0 0 2 1 2 1 2 1 1 1 0 0 1 2 2 2 1 1 2 2 0 2 2 2 2 2 1 2 1 2 1 2 0 1 2 2 0 0 1 0 1 1 0 0 1 0 0 2 1 2 1 0 2 2 1 1 2 0 0 2 0 2 0 1 2 2 2 2 2 2 2 0 0 2 2 1 0 1 0 2 2 0 0 2 1 0 2 2 2 2 1 0 1 2 1 2 2 2 0 0 0 0 2 1 2 1 2 1 1 1 0 0 1 2 2 2 1 1 2 2 0 2 2 2 2 2 1 2 1 2 1 2 0 1 2 2 0 0 1 0 1 1 0 0 1 0 0 2 1 2 1 0 2 2 1 1 2 0 0 2 0 2 0 1 2 2 2 2 2 2 2 0 0 2 2 1 0 1 0 2 2 0
1.40165546000854 0.379090944691599 0.747783969055978 -0.806033486336322 -0.0875051519297762 1 0 1 0 0 0 0 2 2 1 1 1 1 2 2 2 2 0 2 2 0 2 1 2 2 2 2 2 0 0 0 1 2 1 2 1 0 1 2 1 1 1 0 0 2 1 2 0 2 1 2 1 0 0 1 0 1 2 1 0 1 0 0 1 0 2 2 1 2 1 0 2 2 2 2 2 0 0 2 0 2 1 0 2 1 1 1 2 2 1 0 0 0 1 1 0 1 1 1 1 0 0 1 0 0 0 0 2 2 1 1 1 1 2 2 2 2 0 2 2 0 2 1 2 2 2 2 2 0 0 0 1 2 1 2 1 0 1 2 1 1 1 0 0 2 1 2 0 2 1 2 1 0 0 1 0 1 2 1 0 1 0 0 1 0 2 2 1 2 1 0 2 2 2 2 2 0 0 2 0 2 1 0 2 1 1 1 2 2 1 0 0 0 1 1 0 1 1 1 1 0
-0.59073683229343 0.400169500958447 1.38961006729778 -0.508185219465141 -0.8504711371053 1 0 1 1 0 2 2 2 1 0 0 1 2 2 1 1 2 0 1 1 0 1 1 2 1 2 1 2 0 0 0 1 2 1 2 0 0 0 2 0 2 2 1 0 1 1 2 0 1 0 2 0 0 0 0 0 0 1 0 0 0 0 0 1 0 0 2 1 1 0 0 1 2 0 1 2 1 1 2 1 2 2 1 2 1 2 1 2 1 0 1 0 2 2 2 0 2 0 1 2 0 0 1 1 0 2 2 2 1 0 0 1 2 2 1 1 2 0 1 1 0 1 1 2 1 2 1 2 0 0 0 1 2 1 2 0 0 0 2 0 2 2 1 0 1 1 2 0 1 0 2 0 0 0 0 0 0 1 0 0 0 0 0 1 0 0 2 1 1 0 0 1 2 0 1 2 1 1 2 1 2 2 1 2 1 2 1 2 1 0 1 0 2 2 2 0 2 0 1 2 0
-0.719471666690881 1.47834566119855 0.384316337619577 0.788083694185098 0.207530304481217 -1 1 2 1 1 2 1 2 2 0 0 1 2 1 1 2 2 0 1 1 1 2 1 2 2 2 2 1 0 0 0 0 2 1 1 1 1 0 2 0 2 2 1 0 0 0 2 0 1 1 2 0 0 1 1 0 1 2 2 2 1 0 0 0 0 0 2 1 2 0 1 2 2 1 1 2 0 1 2 2 2 2 0 2 2 2 0 2 1 1 1 0 0 1 1 0 2 0 2 1 0 -1 -2 -1 -1 -2 -1 -2 -2 0 0 -1 -2 -1 -1 -2 -2 0 -1 -1 -1 -2 -1 -2 -2 -2 -2 -1 0 0 0 0 -2 -1 -1 -1 -1 0 -2 0 -2 -2 -1 0 0 0 -2 0 -1 -1 -2 0 0 -1 -1 0 -1 -2 -2 -2 -1 0 0 0 0 0 -2 -1 -2 0 -1 -2 -2 -1 -1 -2 0 -1 -2 -2 -2 -2 0 -2 -2 -2 0 -2 -1 -1 -1 0 0 -1 -1 0 -2 0 -2 -1 0
0.110981933628714 -0.378103626540859 -0.308549058393122 -0.331758367914091 -1.37491025706257 -1 0 2 1 1 1 1 2 2 0 0 0 1 1 2 2 2 0 1 2 1 2 0 2 0 1 1 1 0 1 1 2 2 2 2 0 1 0 1 0 2 1 0 0 1 0 2 0 1 0 2 0 1 2 1 0 0 2 1 0 1 1 0 1 1 1 2 0 1 0 0 2 2 1 1 2 0 1 2 1 2 1 0 2 2 2 2 2 2 2 2 0 1 2 2 0 0 1 2 2 0 0 -2 -1 -1 -1 -1 -2 -2 0 0 0 -1 -1 -2 -2 -2 0 -1 -2 -1 -2 0 -2 0 -1 -1 -1 0 -1 -1 -2 -2 -2 -2 0 -1 0 -1 0 -2 -1 0 0 -1 0 -2 0 -1 0 -2 0 -1 -2 -1 0 0 -2 -1 0 -1 -1 0 -1 -1 -1 -2 0 -1 0 0 -2 -2 -1 -1 -2 0 -1 -2 -1 -2 -1 0 -2 -2 -2 -2 -2 -2 -2 -2 0 -1 -2 -2 0 0 -1 -2 -2 0
-0.838715600916343 0.106533633079939 -0.0306818306214223 0.213032762518661 -0.539120782288899 -1 0 1 1 0 1 1 1 2 1 0 1 1 1 0 0 1 0 0 1 0 1 1 2 2 2 2 2 0 0 0 0 1 1 2 2 1 1 1 0 2 1 1 1 1 1 2 0 1 1 2 0 1 2 2 1 0 2 1 0 1 0 1 1 0 0 1 0 1 1 0 2 2 0 0 1 0 0 2 0 2 0 1 2 0 2 1 2 2 2 2 0 2 2 2 0 2 2 2 2 0 0 -1 -1 0 -1 -1 -1 -2 -1 0 -1 -1 -1 0 0 -1 0 0 -1 0 -1 -1 -2 -2 -2 -2 -2 0 0 0 0 -1 -1 -2 -2 -1 -1 -1 0 -2 -1 -1 -1 -1 -1 -2 0 -1 -1 -2 0 -1 -2 -2 -1 0 -2 -1 0 -1 0 -1 -1 0 0 -1 0 -1 -1 0 -2 -2 0 0 -1 0 0 -2 0 -2 0 -1 -2 0 -2 -1 -2 -2 -2 -2 0 -2 -2 -2 0 -2 -2 -2 -2 0
0.962162584478203 1.11538173031102 1.59885048997218 -1.44877809081796 0.618861142951576 1 2 2 0 1 2 2 2 2 0 0 0 0 1 2 2 1 0 0 1 1 1 1 2 1 2 1 1 0 0 1 2 2 1 1 0 1 1 1 0 2 1 1 0 2 0 1 0 0 0 2 0 0 1 2 1 1 2 0 0 1 2 1 0 1 1 2 1 0 1 0 1 1 0 0 2 0 1 2 1 2 0 0 2 0 1 0 2 1 2 0 0 1 2 1 0 2 1 0 1 0 2 2 0 1 2 2 2 2 0 0 0 0 1 2 2 1 0 0 1 1 1 1 2 1 2 1 1 0 0 1 2 2 1 1 0 1 1 1 0 2 1 1 0 2 0 1 0 0 0 2 0 0 1 2 1 1 2 0 0 1 2 1 0 1 1 2 1 0 1 0 1 1 0 0 2 0 1 2 1 2 0 0 2 0 1 0 2 1 2 0 0 1 2 1 0 2 1 0 1 0
-0.530852809982167 -0.916120897914132 -0.0712423551665983 1.1255549240939 0.548942491685944 1 0 2 1 2 2 2 2 2 1 0 0 1 1 0 0 2 0 1 1 0 1 0 2 1 2 2 2 0 0 0 0 2 1 1 0 1 0 1 0 2 2 0 0 1 0 2 0 1 1 2 0 1 2 1 1 0 1 0 0 2 1 0 1 0 2 2 1 0 0 0 2 2 0 0 2 0 0 2 0 2 0 1 2 2 2 1 2 1 1 1 0 2 2 2 0 1 1 1 1 0 0 2 1 2 2 2 2 2 1 0 0 1 1 0 0 2 0 1 1 0 1 0 2 1 2 2 2 0 0 0 0 2 1 1 0 1 0 1 0 2 2 0 0 1 0 2 0 1 1 2 0 1 2 1 1 0 1 0 0 2 1 0 1 0 2 2 1 0 0 0 2 2 0 0 2 0 0 2 0 2 0 1 2 2 2 1 2 1 1 1 0 2 2 2 0 1 1 1 1 0
0.37680303246945 0.241046283135847 0.0223280408673787 -1.10394360375021 1.35001263443294 1 0 1 1 0 2 1 2 1 0 1 2 2 2 1 1 2 0 0 2 0 1 0 1 1 2 1 2 0 0 1 0 1 0 1 0 0 1 2 0 2 1 0 0 2 0 2 0 2 0 2 0 0 2 2 0 0 2 1 0 1 1 1 0 0 1 2 1 2 0 1 2 2 0 1 2 0 0 2 0 2 1 0 1 1 2 1 2 2 2 2 0 1 2 2 0 2 2 2 1 0 0 1 1 0 2 1 2 1 0 1 2 2 2 1 1 2 0 0 2 0 1 0 1 1 2 1 2 0 0 1 0 1 0 1 0 0 1 2 0 2 1 0 0 2 0 2 0 2 0 2 0 0 2 2 0 0 2 1 0 1 1 1 0 0 1 2 1 2 0 1 2 2 0 1 2 0 0 2 0 2 1 0 1 1 2 1 2 2 2 2 0 1 2 2 0 2 2 2 1 0
-1.59646119250784 0.0730722278749912 -1.45619856354219 -0.268371651620743 -0.310711569767771 1 2 1 0 0 2 2 2 2 1 0 1 1 1 0 1 2 0 1 2 0 1 1 2 1 2 2 2 1 1 0 2 2 0 2 0 1 0 1 0 2 1 0 1 2 1 2 0 1 0 2 0 0 1 1 0 1 1 0 1 2 0 0 0 0 0 2 1 2 0 0 1 2 0 0 2 0 0 2 0 2 2 1 2 1 2 0 2 1 0 1 0 1 2 1 0 1 1 0 1 0 2 1 0 0 2 2 2 2 1 0 1 1 1 0 1 2 0 1 2 0 1 1 2 1 2 2 2 1 1 0 2 2 0 2 0 1 0 1 0 2 1 0 1 2 1 2 0 1 0 2 0 0 1 1 0 1 1 0 1 2 0 0 0 0 0 2 1 2 0 0 1 2 0 0 2 0 0 2 0 2 2 1 2 1 2 0 2 1 0 1 0 1 2 1 0 1 1 0 1 0
0.422549712717168 -1.71282596229464 -1.40660015276525 1.1409890306921 2.14625386508008 1 1 2 1 1 1 1 1 1 0 0 0 1 1 0 0 1 0 1 2 0 1 0 2 2 2 1 1 0 1 1 1 2 2 2 0 2 1 2 0 2 2 0 0 2 1 2 2 2 2 2 0 0 1 2 1 1 2 1 2 1 1 1 0 1 1 2 1 2 1 0 1 2 2 2 2 0 0 2 1 2 0 0 2 2 2 0 2 1 2 2 0 2 2 2 0 1 1 1 2 0 1 2 1 1 1 1 1 1 0 0 0 1 1 0 0 1 0 1 2 0 1 0 2 2 2 1 1 0 1 1 1 2 2 2 0 2 1 2 0 2 2 0 0 2 1 2 2 2 2 2 0 0 1 2 1 1 2 1 2 1 1 1 0 1 1 2 1 2 1 0 1 2 2 2 2 0 0 2 1 2 0 0 2 2 2 0 2 1 2 2 0 2 2 2 0 1 1 1 2 0
1.16894921028608 -0.88812574694218 0.920731704735921 2.24416672622567 0.254717956952185 -1 0 0 0 0 2 1 1 1 1 0 0 1 1 1 2 2 0 1 1 0 2 0 0 1 2 2 2 0 0 0 1 2 1 1 0 1 1 2 0 1 0 0 0 1 0 2 1 2 0 2 0 0 1 2 1 1 2 2 1 1 2 1 0 0 1 2 1 2 0 0 2 2 1 2 2 0 0 2 1 2 1 0 2 0 2 2 2 0 2 1 0 2 2 1 0 2 1 2 2 0 0 0 0 0 -2 -1 -1 -1 -1 0 0 -1 -1 -1 -2 -2 0 -1 -1 0 -2 0 0 -1 -2 -2 -2 0 0 0 -1 -2 -1 -1 0 -1 -1 -2 0 -1 0 0 0 -1 0 -2 -1 -2 0 -2 0 0 -1 -2 -1 -1 -2 -2 -1 -1 -2 -1 0 0 -1 -2 -1 -2 0 0 -2 -2 -1 -2 -2 0 0 -2 -1 -2 -1 0 -2 0 -2 -2 -2 0 -2 -1 0 -2 -2 -1 0 -2 -1 -2 -2 0
1.14331391799995 0.642330410576735 0.0439979639550353 0.758151989558008 0.504665462732539 1 0 1 1 0 1 2 2 2 1 0 0 0 2 2 2 1 0 0 1 0 0 0 1 0 2 1 1 0 0 0 1 2 0 2 0 1 2 2 0 1 0 0 0 0 0 1 0 1 0 1 0 0 0 1 0 1 2 2 0 1 1 0 0 0 1 2 0 2 0 0 2 2 1 1 2 0 0 2 0 2 1 0 2 2 2 1 2 1 1 1 0 1 2 2 0 2 0 1 1 0 0 1 1 0 1 2 2 2 1 0 0 0 2 2 2 1 0 0 1 0 0 0 1 0 2 1 1 0 0 0 1 2 0 2 0 1 2 2 0 1 0 0 0 0 0 1 0 1 0 1 0 0 0 1 0 1 2 2 0 1 1 0 0 0 1 2 0 2 0 0 2 2 1 1 2 0 0 2 0 2 1 0 2 2 2 1 2 1 1 1 0 1 2 2 0 2 0 1 1 0
1.79103177691193 -1.96488266646003 -0.551951505796582 -0.560208974663544 1.39049674616287 -1 0 2 2 0 1 0 2 2 0 1 1 0 1 1 1 1 0 1 1 0 2 1 2 0 2 2 2 0 0 0 1 2 1 2 0 0 0 2 0 2 1 0 0 0 0 1 1 2 1 2 0 1 2 2 1 1 2 0 1 2 1 1 1 1 1 2 2 2 1 0 2 2 0 0 2 0 0 2 0 2 1 1 2 1 2 1 2 0 1 0 0 2 2 2 0 1 0 2 2 0 0 -2 -2 0 -1 0 -2 -2 0 -1 -1 0 -1 -1 -1 -1 0 -1 -1 0 -2 -1 -2 0 -2 -2 -2 0 0 0 -1 -2 -1 -2 0 0 0 -2 0 -2 -1 0 0 0 0 -1 -1 -2 -1 -2 0 -1 -2 -2 -1 -1 -2 0 -1 -2 -1 -1 -1 -1 -1 -2 -2 -2 -1 0 -2 -2 0 0 -2 0 0 -2 0 -2 -1 -1 -2 -1 -2 -1 -2 0 -1 0 0 -2 -2 -2 0 -1 0 -2 -2 0
-0.835647064542078 -0.138716584470762 0.309541872149198 0.124735529512478 1.55850506137455 1 1 2 1 1 2 2 1 2 0 0 0 1 1 2 1 2 0 1 1 0 1 0 1 1 2 0 2 0 0 0 1 2 0 1 0 0 0 1 0 2 2 2 1 1 2 2 1 2 1 2 0 1 2 2 0 2 2 1 2 2 1 1 1 2 1 2 1 1 0 0 2 2 0 1 2 0 1 2 0 1 2 0 2 2 2 1 2 2 1 1 0 2 2 2 0 2 2 2 2 0 1 2 1 1 2 2 1 2 0 0 0 1 1 2 1 2 0 1 1 0 1 0 1 1 2 0 2 0 0 0 1 2 0 1 0 0 0 1 0 2 2 2 1 1 2 2 1 2 1 2 0 1 2 2 0 2 2 1 2 2 1 1 1 2 1 2 1 1 0 0 2 2 0 1 2 0 1 2 0 1 2 0 2 2 2 1 2 2 1 1 0 2 2 2 0 2 2 2 2 0
-0.46867282562371 -1.64811845421092 0.0159607247332024 -0.620556267767752 1.53405677141376 1 1 2 0 0 1 1 2 2 1 0 1 1 0 0 0 2 0 0 0 0 2 0 1 1 2 2 2 0 1 0 1 2 1 2 0 1 0 2 0 2 2 0 1 2 0 2 1 1 1 2 0 0 1 1 0 0 1 0 0 1 0 0 1 0 2 2 1 0 0 0 0 1 0 1 2 0 0 1 0 2 0 0 2 2 2 1 2 2 1 1 0 1 2 2 0 1 1 1 2 0 1 2 0 0 1 1 2 2 1 0 1 1 0 0 0 2 0 0 0 0 2 0 1 1 2 2 2 0 1 0 1 2 1 2 0 1 0 2 0 2 2 0 1 2 0 2 1 1 1 2 0 0 1 1 0 0 1 0 0 1 0 0 1 0 2 2 1 0 0 0 0 1 0 1 2 0 0 1 0 2 0 0 2 2 2 1 2 2 1 1 0 1 2 2 0 1 1 1 2 0
-0.201690820935892 0.578073414952186 0.346159394937646 0.16185670754185 0.199472130705542 1 1 2 1 1 1 1 2 2 0 0 1 2 2 1 1 2 0 0 1 0 1 1 2 1 2 2 2 0 0 0 0 2 0 1 0 1 1 2 0 1 1 0 0 0 1 2 0 1 0 2 0 1 1 2 0 1 2 2 1 1 2 2 1 0 1 1 0 1 0 0 2 2 0 0 1 0 1 2 0 2 0 0 1 1 2 0 1 0 1 1 0 2 2 1 0 2 1 0 1 0 1 2 1 1 1 1 2 2 0 0 1 2 2 1 1 2 0 0 1 0 1 1 2 1 2 2 2 0 0 0 0 2 0 1 0 1 1 2 0 1 1 0 0 0 1 2 0 1 0 2 0 1 1 2 0 1 2 2 1 1 2 2 1 0 1 1 0 1 0 0 2 2 0 0 1 0 1 2 0 2 0 0 1 1 2 0 1 0 1 1 0 2 2 1 0 2 1 0 1 0
-0.710996242580257 -0.232439822321825 0.293633090135278 0.358522396665815 0.797037219055809 1 0 1 0 0 1 0 1 1 0 0 0 1 1 0 1 1 0 0 2 0 2 0 1 1 1 0 1 0 0 0 0 1 1 2 0 0 0 1 0 2 1 0 0 1 1 2 1 2 1 2 0 1 1 1 0 0 2 0 0 1 0 0 0 1 0 2 0 2 2 0 2 2 0 0 2 0 0 2 0 2 2 0 2 1 1 0 2 0 1 1 0 2 2 2 0 2 0 1 2 0 0 1 0 0 1 0 1 1 0 0 0 1 1 0 1 1 0 0 2 0 2 0 1 1 1 0 1 0 0 0 0 1 1 2 0 0 0 1 0 2 1 0 0 1 1 2 1 2 1 2 0 1 1 1 0 0 2 0 0 1 0 0 0 1 0 2 0 2 2 0 2 2 0 0 2 0 0 2 0 2 2 0 2 1 1 0 2 0 1 1 0 2 2 2 0 2 0 1 2 0
0.00532864259774992 -0.280425002910655 -2.05045143569695 -0.369829276462489 -0.365866231773511 1 2 2 0 0 2 1 2 2 0 1 2 2 2 1 2 1 0 0 2 0 1 0 2 1 1 0 2 0 0 0 0 2 2 2 0 1 0 1 0 2 1 0 0 2 1 2 0 1 0 2 0 1 1 1 0 0 1 1 1 1 2 1 1 0 1 2 1 2 0 0 2 2 0 1 2 0 1 2 1 2 1 2 2 2 2 1 2 1 1 2 0 2 2 2 0 2 2 2 2 0 2 2 0 0 2 1 2 2 0 1 2 2 2 1 2 1 0 0 2 0 1 0 2 1 1 0 2 0 0 0 0 2 2 2 0 1 0 1 0 2 1 0 0 2 1 2 0 1 0 2 0 1 1 1 0 0 1 1 1 1 2 1 1 0 1 2 1 2 0 0 2 2 0 1 2 0 1 2 1 2 1 2 2 2 2 1 2 1 1 2 0 2 2 2 0 2 2 2 2 0
-0.761010895861796 -0.9966297415642 -0.671769687277151 0.35002287075708 1.0112318447386 1 1 2 0 0 1 0 1 1 0 0 0 1 2 2 2 2 0 1 0 0 1 0 1 1 2 1 0 0 0 1 1 2 1 2 1 0 0 2 0 1 2 0 0 1 1 2 2 2 2 2 0 0 2 2 0 0 2 1 0 2 1 1 1 0 0 2 0 0 0 0 0 1 0 1 2 0 0 2 0 2 0 1 2 1 2 2 2 2 2 1 0 0 2 1 0 2 1 2 2 0 1 2 0 0 1 0 1 1 0 0 0 1 2 2 2 2 0 1 0 0 1 0 1 1 2 1 0 0 0 1 1 2 1 2 1 0 0 2 0 1 2 0 0 1 1 2 2 2 2 2 0 0 2 2 0 0 2 1 0 2 1 1 1 0 0 2 0 0 0 0 0 1 0 1 2 0 0 2 0 2 0 1 2 1 2 2 2 2 2 1 0 0 2 1 0 2 1 2 2 0
2.4215269825067 -0.475287083470152 1.86104554250559 0.268224520638284 -1.36903188052114 1 1 0 0 0 0 0 2 2 1 0 1 1 1 0 1 2 0 1 0 0 2 0 1 1 2 2 2 0 0 0 1 2 2 2 1 0 1 2 1 2 1 0 0 1 0 1 0 1 0 2 0 1 2 2 0 0 2 1 1 1 1 0 1 0 0 0 0 0 0 0 1 1 0 0 2 0 0 2 0 2 1 1 2 2 2 0 2 2 1 0 0 1 2 2 0 2 1 1 2 0 1 0 0 0 0 0 2 2 1 0 1 1 1 0 1 2 0 1 0 0 2 0 1 1 2 2 2 0 0 0 1 2 2 2 1 0 1 2 1 2 1 0 0 1 0 1 0 1 0 2 0 1 2 2 0 0 2 1 1 1 1 0 1 0 0 0 0 0 0 0 1 1 0 0 2 0 0 2 0 2 1 1 2 2 2 0 2 2 1 0 0 1 2 2 0 2 1 1 2 0
1.22336048326726 -1.56785109271443 -2.12391544164664 -0.321954247128461 -0.479133589927948 -1 1 1 0 0 1 1 2 1 0 0 0 1 1 1 2 2 0 0 2 1 2 0 1 1 2 2 2 0 0 0 0 2 1 1 0 1 1 2 0 1 1 0 0 0 0 2 0 2 0 2 0 1 1 0 1 1 2 2 1 2 2 0 0 0 1 2 1 1 1 0 2 2 1 1 2 0 1 2 1 2 2 1 2 1 1 2 2 0 1 0 0 2 2 2 0 2 1 2 2 0 -1 -1 0 0 -1 -1 -2 -1 0 0 0 -1 -1 -1 -2 -2 0 0 -2 -1 -2 0 -1 -1 -2 -2 -2 0 0 0 0 -2 -1 -1 0 -1 -1 -2 0 -1 -1 0 0 0 0 -2 0 -2 0 -2 0 -1 -1 0 -1 -1 -2 -2 -1 -2 -2 0 0 0 -1 -2 -1 -1 -1 0 -2 -2 -1 -1 -2 0 -1 -2 -1 -2 -2 -1 -2 -1 -1 -2 -2 0 -1 0 0 -2 -2 -2 0 -2 -1 -2 -2 0
-0.269566292897335 2.86040942955003 0.735641857052009 -0.041079020832126 -1.74165423658565 -1 0 2 0 0 1 1 2 2 1 0 1 1 1 2 2 2 0 0 1 0 1 0 1 0 2 1 1 0 0 1 1 2 1 1 1 1 1 1 0 1 2 1 0 0 0 2 2 2 0 2 0 0 0 1 0 0 2 1 1 2 1 0 0 1 1 2 1 1 1 0 1 2 0 0 1 0 0 1 0 2 0 1 2 2 2 1 2 1 2 2 0 0 2 1 0 1 0 2 2 0 0 -2 0 0 -1 -1 -2 -2 -1 0 -1 -1 -1 -2 -2 -2 0 0 -1 0 -1 0 -1 0 -2 -1 -1 0 0 -1 -1 -2 -1 -1 -1 -1 -1 -1 0 -1 -2 -1 0 0 0 -2 -2 -2 0 -2 0 0 0 -1 0 0 -2 -1 -1 -2 -1 0 0 -1 -1 -2 -1 -1 -1 0 -1 -2 0 0 -1 0 0 -1 0 -2 0 -1 -2 -2 -2 -1 -2 -1 -2 -2 0 0 -2 -1 0 -1 0 -2 -2 0
0.509206469364757 -0.0692081453900388 -0.663088567338346 0.505408714262339 -1.37181347966008 1 1 2 0 0 1 1 2 1 0 0 1 2 2 2 2 2 0 1 2 0 1 0 1 0 0 0 0 0 0 0 0 2 1 1 1 1 1 2 0 2 2 0 0 1 1 2 1 1 0 2 0 0 0 1 1 2 2 1 1 2 1 2 1 0 1 2 2 1 0 0 2 2 0 1 2 0 2 2 1 2 2 2 2 2 2 2 2 2 2 2 0 2 2 2 0 2 0 1 2 0 1 2 0 0 1 1 2 1 0 0 1 2 2 2 2 2 0 1 2 0 1 0 1 0 0 0 0 0 0 0 0 2 1 1 1 1 1 2 0 2 2 0 0 1 1 2 1 1 0 2 0 0 0 1 1 2 2 1 1 2 1 2 1 0 1 2 2 1 0 0 2 2 0 1 2 0 2 2 1 2 2 2 2 2 2 2 2 2 2 2 0 2 2 2 0 2 0 1 2 0
0.0683647298347469 0.286264752271103 -0.0148279382868583 -1.6387715196362 -0.0347416706261773 1 2 2 1 1 2 2 2 2 1 0 1 2 2 1 1 2 0 0 1 0 2 0 2 2 2 2 2 1 1 0 1 2 1 2 1 1 0 2 0 1 1 0 0 1 0 2 1 2 0 2 0 0 0 1 1 2 2 2 1 2 2 0 1 1 1 2 2 2 2 1 2 2 0 1 2 0 0 2 0 2 1 1 2 2 2 1 2 1 2 1 0 1 2 2 0 2 0 1 1 0 2 2 1 1 2 2 2 2 1 0 1 2 2 1 1 2 0 0 1 0 2 0 2 2 2 2 2 1 1 0 1 2 1 2 1 1 0 2 0 1 1 0 0 1 0 2 1 2 0 2 0 0 0 1 1 2 2 2 1 2 2 0 1 1 1 2 2 2 2 1 2 2 0 1 2 0 0 2 0 2 1 1 2 2 2 1 2 1 2 1 0 1 2 2 0 2 0 1 1 0
-0.82066709878803 -0.638659193526265 -1.03477634506674 -0.720012829574208 0.184552980582135 1 1 1 0 0 2 2 2 2 1 0 1 1 2 1 2 2 0 1 0 0 1 0 1 0 2 2 1 0 0 0 0 2 1 1 0 0 1 2 0 1 2 1 1 2 1 2 1 2 0 2 0 0 1 2 0 1 2 1 0 1 1 0 0 0 0 1 0 1 1 0 2 2 0 0 2 0 0 2 0 2 1 1 2 0 2 0 2 0 0 0 0 0 1 2 0 2 0 1 2 0 1 1 0 0 2 2 2 2 1 0 1 1 2 1 2 2 0 1 0 0 1 0 1 0 2 2 1 0 0 0 0 2 1 1 0 0 1 2 0 1 2 1 1 2 1 2 1 2 0 2 0 0 1 2 0 1 2 1 0 1 1 0 0 0 0 1 0 1 1 0 2 2 0 0 2 0 0 2 0 2 1 1 2 0 2 0 2 0 0 0 0 0 1 2 0 2 0 1 2 0
-0.691949184783905 0.548609231878388 -0.800871053528712 -1.39755816135613 0.512428275047391 1 1 1 0 0 0 2 2 1 0 0 0 1 2 1 2 2 0 1 1 0 1 0 2 1 1 0 1 0 0 1 0 2 2 2 1 0 0 2 0 2 2 2 1 2 0 2 1 1 1 2 1 0 1 2 1 0 1 0 1 2 0 1 2 1 1 2 2 2 0 0 1 2 0 0 2 0 0 2 0 2 0 0 1 1 2 1 2 1 1 2 0 1 2 2 0 1 1 2 2 0 1 1 0 0 0 2 2 1 0 0 0 1 2 1 2 2 0 1 1 0 1 0 2 1 1 0 1 0 0 1 0 2 2 2 1 0 0 2 0 2 2 2 1 2 0 2 1 1 1 2 1 0 1 2 1 0 1 0 1 2 0 1 2 1 1 2 2 2 0 0 1 2 0 0 2 0 0 2 0 2 0 0 1 1 2 1 2 1 1 2 0 1 2 2 0 1 1 2 2 0
0.271840416132319 0.0167957736880649 0.249080782851555 0.486636321249943 -1.05237629724026 1 1 2 0 0 2 1 2 2 0 0 0 0 1 0 1 1 0 0 1 0 0 0 2 1 2 1 1 0 0 2 2 2 2 2 2 2 1 1 0 1 2 1 0 2 1 2 1 2 0 2 0 1 2 2 1 0 2 1 0 2 1 0 1 1 0 1 1 1 0 0 0 1 0 1 2 0 1 2 1 2 0 0 2 1 2 1 2 2 2 2 0 1 2 2 0 2 2 2 2 0 1 2 0 0 2 1 2 2 0 0 0 0 1 0 1 1 0 0 1 0 0 0 2 1 2 1 1 0 0 2 2 2 2 2 2 2 1 1 0 1 2 1 0 2 1 2 1 2 0 2 0 1 2 2 1 0 2 1 0 2 1 0 1 1 0 1 1 1 0 0 0 1 0 1 2 0 1 2 1 2 0 0 2 1 2 1 2 2 2 2 0 1 2 2 0 2 2 2 2 0
1.89231404191794 0.312464970806335 1.81178487905496 1.0567403794588 -0.879317152053462 -1 0 1 0 0 0 0 2 1 0 0 0 1 1 1 1 2 0 1 0 0 2 0 1 0 2 1 1 0 0 1 2 2 1 2 0 0 1 2 0 2 0 0 0 1 0 2 0 1 0 2 0 0 0 1 0 1 2 1 2 1 1 0 1 1 2 2 1 2 1 1 2 2 1 0 2 0 0 2 1 2 2 2 2 1 2 1 1 1 1 1 0 1 2 1 0 2 1 1 1 0 0 -1 0 0 0 0 -2 -1 0 0 0 -1 -1 -1 -1 -2 0 -1 0 0 -2 0 -1 0 -2 -1 -1 0 0 -1 -2 -2 -1 -2 0 0 -1 -2 0 -2 0 0 0 -1 0 -2 0 -1 0 -2 0 0 0 -1 0 -1 -2 -1 -2 -1 -1 0 -1 -1 -2 -2 -1 -2 -1 -1 -2 -2 -1 0 -2 0 0 -2 -1 -2 -2 -2 -2 -1 -2 -1 -1 -1 -1 -1 0 -1 -2 -1 0 -2 -1 -1 -1 0
-0.132449377835802 -0.620129768603351 -0.710300711792302 -0.335145291917965 0.0213614546145079 -1 2 2 1 1 2 2 2 2 1 0 0 2 2 2 2 2 0 1 2 0 1 0 2 0 1 1 2 0 2 0 1 2 1 1 1 1 1 2 0 2 1 0 1 1 1 2 0 2 1 2 0 0 2 1 0 0 2 0 1 2 1 0 0 0 0 2 2 1 0 0 1 1 1 1 2 0 0 2 1 2 1 0 1 1 2 1 2 1 2 1 0 0 2 2 0 2 1 2 2 0 -2 -2 -1 -1 -2 -2 -2 -2 -1 0 0 -2 -2 -2 -2 -2 0 -1 -2 0 -1 0 -2 0 -1 -1 -2 0 -2 0 -1 -2 -1 -1 -1 -1 -1 -2 0 -2 -1 0 -1 -1 -1 -2 0 -2 -1 -2 0 0 -2 -1 0 0 -2 0 -1 -2 -1 0 0 0 0 -2 -2 -1 0 0 -1 -1 -1 -1 -2 0 0 -2 -1 -2 -1 0 -1 -1 -2 -1 -2 -1 -2 -1 0 0 -2 -2 0 -2 -1 -2 -2 0
0.0195813477739479 2.34015077482445 0.586708934361358 -1.42455460284618 1.19356038011755 1 1 2 2 0 2 1 1 1 0 0 0 1 0 0 2 2 0 1 1 0 1 0 0 0 0 1 1 0 0 2 1 2 0 0 0 0 1 0 0 2 2 1 1 2 0 2 1 2 0 2 0 0 1 1 0 0 2 2 2 2 2 1 0 2 1 1 1 2 1 0 2 2 0 0 2 0 0 2 0 2 0 0 2 2 2 2 2 1 1 1 0 2 2 2 0 1 1 1 1 0 1 2 2 0 2 1 1 1 0 0 0 1 0 0 2 2 0 1 1 0 1 0 0 0 0 1 1 0 0 2 1 2 0 0 0 0 1 0 0 2 2 1 1 2 0 2 1 2 0 2 0 0 1 1 0 0 2 2 2 2 2 1 0 2 1 1 1 2 1 0 2 2 0 0 2 0 0 2 0 2 0 0 2 2 2 2 2 1 1 1 0 2 2 2 0 1 1 1 1 0
0.861904661577462 -1.5407409369965 1.59265623460744 -0.698849800055217 0.583859810699258 -1 1 1 0 0 1 1 2 2 0 0 1 1 1 1 2 2 0 0 1 0 1 0 1 0 1 1 1 0 0 1 1 2 1 1 0 1 0 2 0 2 1 1 0 1 0 2 0 2 1 2 0 1 1 2 0 0 2 1 0 0 1 0 1 2 0 2 0 0 0 0 2 2 1 1 2 0 1 2 1 2 1 1 2 2 2 0 2 1 1 1 0 2 2 2 0 2 2 2 2 0 -1 -1 0 0 -1 -1 -2 -2 0 0 -1 -1 -1 -1 -2 -2 0 0 -1 0 -1 0 -1 0 -1 -1 -1 0 0 -1 -1 -2 -1 -1 0 -1 0 -2 0 -2 -1 -1 0 -1 0 -2 0 -2 -1 -2 0 -1 -1 -2 0 0 -2 -1 0 0 -1 0 -1 -2 0 -2 0 0 0 0 -2 -2 -1 -1 -2 0 -1 -2 -1 -2 -1 -1 -2 -2 -2 0 -2 -1 -1 -1 0 -2 -2 -2 0 -2 -2 -2 -2 0
0.467879333785622 1.32794003822879 -0.559028454772367 -0.152966094932465 -1.36478185908218 -1 0 1 0 0 2 1 1 1 0 0 1 2 2 1 2 2 0 1 2 1 2 1 2 2 2 2 2 0 0 0 0 2 2 2 0 0 0 1 0 2 1 1 0 0 0 0 0 1 0 2 0 1 2 2 1 2 2 1 1 2 1 0 1 1 1 1 1 2 1 0 2 2 0 1 2 0 0 2 0 2 0 1 2 1 2 0 2 0 1 0 0 2 2 2 0 2 0 2 1 0 0 -1 0 0 -2 -1 -1 -1 0 0 -1 -2 -2 -1 -2 -2 0 -1 -2 -1 -2 -1 -2 -2 -2 -2 -2 0 0 0 0 -2 -2 -2 0 0 0 -1 0 -2 -1 -1 0 0 0 0 0 -1 0 -2 0 -1 -2 -2 -1 -2 -2 -1 -1 -2 -1 0 -1 -1 -1 -1 -1 -2 -1 0 -2 -2 0 -1 -2 0 0 -2 0 -2 0 -1 -2 -1 -2 0 -2 0 -1 0 0 -2 -2 -2 0 -2 0 -2 -1 0
-0.156461770780557 0.563544199676394 1.82552660463601 -0.355111755430253 0.092973309628569 1 1 2 2 1 2 1 2 2 1 0 0 0 2 2 1 2 0 0 2 1 1 0 2 1 2 1 1 0 0 0 0 2 2 2 1 2 0 1 0 2 2 1 1 2 1 2 1 2 1 2 0 1 0 1 1 2 1 0 0 1 1 0 0 0 0 2 2 2 2 0 1 2 0 0 2 0 0 2 0 2 0 0 2 2 2 1 2 1 2 2 0 1 2 2 0 2 1 2 2 0 1 2 2 1 2 1 2 2 1 0 0 0 2 2 1 2 0 0 2 1 1 0 2 1 2 1 1 0 0 0 0 2 2 2 1 2 0 1 0 2 2 1 1 2 1 2 1 2 1 2 0 1 0 1 1 2 1 0 0 1 1 0 0 0 0 2 2 2 2 0 1 2 0 0 2 0 0 2 0 2 0 0 2 2 2 1 2 1 2 2 0 1 2 2 0 2 1 2 2 0
-0.134059348984475 -1.49223625410603 -0.258329950973417 -0.744655482595045 2.11554012032203 -1 1 1 2 1 2 1 2 1 1 0 0 0 0 0 1 2 0 0 1 0 2 0 1 1 1 1 1 0 0 0 0 2 1 1 0 0 0 1 0 2 1 1 0 1 0 1 1 2 1 2 0 1 1 1 0 0 2 1 1 2 1 1 1 1 1 2 1 1 1 1 2 2 1 2 2 0 0 2 1 2 2 0 2 2 2 2 2 1 1 1 0 2 2 2 0 2 0 1 2 0 -1 -1 -2 -1 -2 -1 -2 -1 -1 0 0 0 0 0 -1 -2 0 0 -1 0 -2 0 -1 -1 -1 -1 -1 0 0 0 0 -2 -1 -1 0 0 0 -1 0 -2 -1 -1 0 -1 0 -1 -1 -2 -1 -2 0 -1 -1 -1 0 0 -2 -1 -1 -2 -1 -1 -1 -1 -1 -2 -1 -1 -1 -1 -2 -2 -1 -2 -2 0 0 -2 -1 -2 -2 0 -2 -2 -2 -2 -2 -1 -1 -1 0 -2 -2 -2 0 -2 0 -1 -2 0
-0.354873177028287 -2.29510606374212 0.647593177584731 0.424192716541194 0.722399263038841 -1 1 2 1 1 1 0 2 2 1 0 1 0 0 0 0 2 0 0 1 1 2 0 2 0 1 1 2 1 0 0 1 1 0 2 1 1 0 2 0 2 2 1 0 1 0 2 0 2 2 2 0 0 0 0 0 0 2 0 0 1 0 0 0 1 1 2 1 2 0 2 2 2 1 1 2 0 0 2 1 2 0 2 2 2 2 1 2 1 1 1 0 1 1 2 0 2 0 1 2 0 -1 -2 -1 -1 -1 0 -2 -2 -1 0 -1 0 0 0 0 -2 0 0 -1 -1 -2 0 -2 0 -1 -1 -2 -1 0 0 -1 -1 0 -2 -1 -1 0 -2 0 -2 -2 -1 0 -1 0 -2 0 -2 -2 -2 0 0 0 0 0 0 -2 0 0 -1 0 0 0 -1 -1 -2 -1 -2 0 -2 -2 -2 -1 -1 -2 0 0 -2 -1 -2 0 -2 -2 -2 -2 -1 -2 -1 -1 -1 0 -1 -1 -2 0 -2 0 -1 -2 0
0.567276891055541 0.0179114460808011 -0.775314988271953 -0.0272838085443981 1.07367800139312 1 1 1 0 1 2 1 2 2 1 0 1 1 1 1 2 2 0 1 1 0 1 1 2 2 2 1 2 0 1 1 0 1 1 2 0 0 0 0 0 2 1 0 0 1 1 2 1 2 1 2 0 0 2 2 0 0 2 2 1 2 1 2 2 0 1 2 2 2 1 0 0 1 0 0 2 0 1 2 1 2 1 1 2 1 2 0 2 1 1 0 0 1 2 1 0 2 1 2 2 0 1 1 0 1 2 1 2 2 1 0 1 1 1 1 2 2 0 1 1 0 1 1 2 2 2 1 2 0 1 1 0 1 1 2 0 0 0 0 0 2 1 0 0 1 1 2 1 2 1 2 0 0 2 2 0 0 2 2 1 2 1 2 2 0 1 2 2 2 1 0 0 1 0 0 2 0 1 2 1 2 1 1 2 1 2 0 2 1 1 0 0 1 2 1 0 2 1 2 2 0
1.49686443842947 -0.613039221117294 0.146074298149672 -1.45149486443986 0.875847554744294 1 1 2 1 0 1 1 2 2 1 0 0 2 1 1 2 2 0 2 1 0 2 0 0 0 2 1 2 1 1 0 1 2 1 1 0 0 0 1 0 2 2 1 0 0 1 2 1 2 0 2 0 0 0 1 2 2 2 1 1 2 0 0 0 0 1 2 1 2 2 0 2 2 0 1 2 0 1 2 1 2 0 1 2 1 2 1 2 1 1 1 0 1 2 2 0 2 1 2 2 0 1 2 1 0 1 1 2 2 1 0 0 2 1 1 2 2 0 2 1 0 2 0 0 0 2 1 2 1 1 0 1 2 1 1 0 0 0 1 0 2 2 1 0 0 1 2 1 2 0 2 0 0 0 1 2 2 2 1 1 2 0 0 0 0 1 2 1 2 2 0 2 2 0 1 2 0 1 2 1 2 0 1 2 1 2 1 2 1 1 1 0 1 2 2 0 2 1 2 2 0
0.661404130605244 -0.205914899810272 0.719214019878825 -0.91640413727122 0.487965101629989 1 1 2 1 1 2 2 2 2 1 1 2 2 1 2 2 2 0 1 0 0 0 0 1 0 1 1 2 1 1 2 2 2 2 2 0 0 1 0 0 2 1 1 0 2 1 2 2 2 2 2 0 0 1 1 0 0 2 1 1 2 1 1 0 0 0 2 1 1 0 1 1 1 1 1 2 0 0 2 0 2 0 1 2 1 2 1 2 0 0 1 0 1 1 1 0 2 0 1 1 0 1 2 1 1 2 2 2 2 1 1 2 2 1 2 2 2 0 1 0 0 0 0 1 0 1 1 2 1 1 2 2 2 2 2 0 0 1 0 0 2 1 1 0 2 1 2 2 2 2 2 0 0 1 1 0 0 2 1 1 2 1 1 0 0 0 2 1 1 0 1 1 1 1 1 2 0 0 2 0 2 0 1 2 1 2 1 2 0 0 1 0 1 1 1 0 2 0 1 1 0
-0.592152427109586 0.260511748342037 -0.55954416628357 0.35693931346587 -0.509914079483615 -1 0 1 1 0 2 1 1 1 1 0 0 2 1 0 1 2 0 0 1 0 2 0 1 1 2 2 2 0 0 1 1 2 2 2 1 0 1 0 0 2 0 0 0 1 1 2 1 2 0 2 0 0 1 1 0 1 2 1 1 2 1 1 1 1 1 2 2 1 0 1 2 2 1 1 2 0 0 2 1 2 1 0 2 1 2 0 2 2 2 1 0 2 2 2 0 2 2 2 1 0 0 -1 -1 0 -2 -1 -1 -1 -1 0 0 -2 -1 0 -1 -2 0 0 -1 0 -2 0 -1 -1 -2 -2 -2 0 0 -1 -1 -2 -2 -2 -1 0 -1 0 0 -2 0 0 0 -1 -1 -2 -1 -2 0 -2 0 0 -1 -1 0 -1 -2 -1 -1 -2 -1 -1 -1 -1 -1 -2 -2 -1 0 -1 -2 -2 -1 -1 -2 0 0 -2 -1 -2 -1 0 -2 -1 -2 0 -2 -2 -2 -1 0 -2 -2 -2 0 -2 -2 -2 -1 0
-0.46703825854354 -0.22306921720025 1.06386821597239 -0.841200904364287 0.206162156574609 1 1 2 1 1 1 1 1 1 0 0 1 1 0 1 2 2 0 0 0 0 1 0 2 2 2 1 2 0 0 0 1 2 1 1 0 0 0 2 0 1 2 0 0 1 1 2 0 2 1 2 0 0 0 0 0 1 1 1 1 2 2 0 1 0 0 2 1 1 1 0 1 2 1 1 1 0 0 2 0 2 1 2 2 1 2 1 1 0 1 2 0 0 2 2 0 1 1 2 1 0 1 2 1 1 1 1 1 1 0 0 1 1 0 1 2 2 0 0 0 0 1 0 2 2 2 1 2 0 0 0 1 2 1 1 0 0 0 2 0 1 2 0 0 1 1 2 0 2 1 2 0 0 0 0 0 1 1 1 1 2 2 0 1 0 0 2 1 1 1 0 1 2 1 1 1 0 0 2 0 2 1 2 2 1 2 1 1 0 1 2 0 0 2 2 0 1 1 2 1 0
1.64776450116252 0.715858251412177 0.661732572131548 -0.0065554107546912 0.556277553334887 1 0 0 0 0 1 2 2 2 0 0 1 2 2 2 1 1 0 0 1 0 1 0 1 0 1 1 1 0 0 0 1 2 1 2 1 1 1 2 0 2 2 1 0 1 0 2 1 2 1 2 0 0 1 1 0 1 2 2 2 2 2 1 1 0 0 2 0 0 0 0 1 1 1 1 2 0 0 2 0 2 0 2 2 0 2 1 2 1 1 1 0 2 2 2 0 2 2 2 1 0 0 0 0 0 1 2 2 2 0 0 1 2 2 2 1 1 0 0 1 0 1 0 1 0 1 1 1 0 0 0 1 2 1 2 1 1 1 2 0 2 2 1 0 1 0 2 1 2 1 2 0 0 1 1 0 1 2 2 2 2 2 1 1 0 0 2 0 0 0 0 1 1 1 1 2 0 0 2 0 2 0 2 2 0 2 1 2 1 1 1 0 2 2 2 0 2 2 2 1 0
