-0.724793061911249 -0.714877260664788 -0.234714145250095 -0.359382853383056 0.603422005092346 -1 1 2 1 2 2 0 2 2 1 1 2 0 2 0 1 2 2 1 0 0 1 0 2 0 0 2 2 0 0 1 1 2 0 0 2 1 0 0 0 2 2 0 2 0 1 1 0 1 0 0 0 0 1 0 0 1 1 1 1 1 1 1 2 1 1 1 0 0 1 2 1 1 0 2 1 0 0 0 1 1 2 2 1 0 1 0 2 0 0 0 1 1 1 0 1 1 0 0 0 0 -1 -2 -1 -2 -2 0 -2 -2 -1 -1 -2 0 -2 0 -1 -2 -2 -1 0 0 -1 0 -2 0 0 -2 -2 0 0 -1 -1 -2 0 0 -2 -1 0 0 0 -2 -2 0 -2 0 -1 -1 0 -1 0 0 0 0 -1 0 0 -1 -1 -1 -1 -1 -1 -1 -2 -1 -1 -1 0 0 -1 -2 -1 -1 0 -2 -1 0 0 0 -1 -1 -2 -2 -1 0 -1 0 -2 0 0 0 -1 -1 -1 0 -1 -1 0 0 0 0
0.0651555372532269 0.422293646066845 -0.735297900733155 -0.697081613543201 -1.98932222929447 1 0 1 2 2 2 2 2 0 0 0 2 0 2 0 1 0 2 2 1 1 1 1 2 1 2 2 1 0 1 1 1 2 2 1 2 1 1 1 0 2 2 0 2 0 2 2 1 2 0 1 2 1 2 0 0 2 2 1 0 0 1 1 1 0 2 1 2 0 0 1 0 2 0 2 0 0 0 0 1 2 2 2 1 0 1 1 2 2 1 0 0 0 0 0 2 1 0 0 0 1 0 1 2 2 2 2 2 0 0 0 2 0 2 0 1 0 2 2 1 1 1 1 2 1 2 2 1 0 1 1 1 2 2 1 2 1 1 1 0 2 2 0 2 0 2 2 1 2 0 1 2 1 2 0 0 2 2 1 0 0 1 1 1 0 2 1 2 0 0 1 0 2 0 2 0 0 0 0 1 2 2 2 1 0 1 1 2 2 1 0 0 0 0 0 2 1 0 0 0 1
0.125819328996176 -1.47071486685062 -1.76648979942944 -0.406682047126347 0.815807933908625 -1 1 1 1 2 2 2 2 1 1 1 2 0 2 0 1 0 2 1 0 2 0 0 2 1 0 2 2 2 1 0 2 2 1 1 1 1 0 1 0 2 2 0 1 1 1 1 1 2 0 0 0 0 2 0 0 2 2 1 0 1 2 2 2 0 1 1 1 0 2 1 0 1 0 2 1 0 1 2 1 1 2 2 0 0 1 1 2 1 1 1 1 2 2 2 2 1 0 0 0 1 -1 -1 -1 -2 -2 -2 -2 -1 -1 -1 -2 0 -2 0 -1 0 -2 -1 0 -2 0 0 -2 -1 0 -2 -2 -2 -1 0 -2 -2 -1 -1 -1 -1 0 -1 0 -2 -2 0 -1 -1 -1 -1 -1 -2 0 0 0 0 -2 0 0 -2 -2 -1 0 -1 -2 -2 -2 0 -1 -1 -1 0 -2 -1 0 -1 0 -2 -1 0 -1 -2 -1 -1 -2 -2 0 0 -1 -1 -2 -1 -1 -1 -1 -2 -2 -2 -2 -1 0 0 0 -1
-0.588433627992772 -0.27851285548188 -0.649833769606746 -0.4536286122533 0.241606625145141 1 0 1 0 0 1 1 2 2 0 0 2 0 2 0 0 0 2 1 1 1 1 2 2 1 2 2 2 0 0 2 1 2 2 0 2 1 1 1 1 2 2 1 2 2 2 2 2 2 0 0 2 1 2 1 1 2 2 1 0 1 2 2 1 0 1 1 1 0 1 1 2 2 2 2 1 0 0 1 0 1 2 2 1 0 1 1 1 2 1 1 2 2 1 0 2 1 0 0 1 1 0 1 0 0 1 1 2 2 0 0 2 0 2 0 0 0 2 1 1 1 1 2 2 1 2 2 2 0 0 2 1 2 2 0 2 1 1 1 1 2 2 1 2 2 2 2 2 2 0 0 2 1 2 1 1 2 2 1 0 1 2 2 1 0 1 1 1 0 1 1 2 2 2 2 1 0 0 1 0 1 2 2 1 0 1 1 1 2 1 1 2 2 1 0 2 1 0 0 1 1
1.57615726817119 1.22438263411806 0.0109610998335115 -1.31951751379009 -0.231165289620168 1 0 2 1 1 2 1 2 1 0 0 2 0 2 0 0 0 2 1 1 1 1 1 2 0 1 2 2 0 1 2 0 2 1 0 2 1 0 0 0 1 0 0 0 0 1 1 0 1 0 0 1 1 2 0 1 2 1 1 0 1 2 2 2 1 1 2 2 0 1 0 1 1 0 2 1 0 0 0 1 1 2 2 2 0 1 1 2 2 0 0 0 1 1 0 1 2 0 0 0 1 0 2 1 1 2 1 2 1 0 0 2 0 2 0 0 0 2 1 1 1 1 1 2 0 1 2 2 0 1 2 0 2 1 0 2 1 0 0 0 1 0 0 0 0 1 1 0 1 0 0 1 1 2 0 1 2 1 1 0 1 2 2 2 1 1 2 2 0 1 0 1 1 0 2 1 0 0 0 1 1 2 2 2 0 1 1 2 2 0 0 0 1 1 0 1 2 0 0 0 1
-0.338894250040774 -0.256085275887368 0.00716098041548632 -2.1105487822511 -1.05803326092279 -1 0 0 1 1 2 1 2 2 1 1 2 0 2 0 0 0 2 2 1 2 0 0 2 1 1 2 1 0 0 2 1 2 1 0 2 1 0 0 0 2 2 0 2 0 1 0 1 1 0 0 0 0 2 0 0 1 0 1 1 1 0 1 2 1 2 1 1 0 1 2 2 2 1 2 1 0 0 0 2 1 1 1 1 0 1 1 2 1 0 0 0 1 1 1 2 2 0 1 0 0 0 0 -1 -1 -2 -1 -2 -2 -1 -1 -2 0 -2 0 0 0 -2 -2 -1 -2 0 0 -2 -1 -1 -2 -1 0 0 -2 -1 -2 -1 0 -2 -1 0 0 0 -2 -2 0 -2 0 -1 0 -1 -1 0 0 0 0 -2 0 0 -1 0 -1 -1 -1 0 -1 -2 -1 -2 -1 -1 0 -1 -2 -2 -2 -1 -2 -1 0 0 0 -2 -1 -1 -1 -1 0 -1 -1 -2 -1 0 0 0 -1 -1 -1 -2 -2 0 -1 0 0
-0.530983234256998 1.78933330813305 -1.80836702318113 0.32651909461148 -2.03343777965947 -1 0 0 1 1 1 0 2 1 0 1 2 1 2 0 1 0 2 1 0 2 0 1 1 0 0 2 1 0 0 2 2 2 1 1 2 1 0 0 0 2 1 0 0 0 0 0 1 1 0 0 0 0 1 0 0 1 2 2 0 1 2 1 2 0 0 1 1 0 2 1 2 2 1 2 1 1 0 0 1 0 1 0 0 0 1 1 2 0 0 0 0 1 1 0 2 1 0 0 1 1 0 0 -1 -1 -1 0 -2 -1 0 -1 -2 -1 -2 0 -1 0 -2 -1 0 -2 0 -1 -1 0 0 -2 -1 0 0 -2 -2 -2 -1 -1 -2 -1 0 0 0 -2 -1 0 0 0 0 0 -1 -1 0 0 0 0 -1 0 0 -1 -2 -2 0 -1 -2 -1 -2 0 0 -1 -1 0 -2 -1 -2 -2 -1 -2 -1 -1 0 0 -1 0 -1 0 0 0 -1 -1 -2 0 0 0 0 -1 -1 0 -2 -1 0 0 -1 -1
-0.698627253429089 1.71967601714034 0.915549917844256 -0.587526105284184 -0.74028154913003 -1 0 2 2 1 0 0 2 0 0 0 2 0 2 0 0 1 2 2 0 1 0 0 1 0 0 1 1 0 0 0 0 1 1 1 2 1 0 0 0 2 1 1 1 0 1 0 0 1 0 0 2 2 2 0 0 0 1 1 0 1 1 2 2 0 0 0 1 0 2 2 1 2 0 2 1 1 1 1 1 2 2 2 0 0 1 2 2 0 1 1 1 1 1 0 2 1 0 0 0 1 0 -2 -2 -1 0 0 -2 0 0 0 -2 0 -2 0 0 -1 -2 -2 0 -1 0 0 -1 0 0 -1 -1 0 0 0 0 -1 -1 -1 -2 -1 0 0 0 -2 -1 -1 -1 0 -1 0 0 -1 0 0 -2 -2 -2 0 0 0 -1 -1 0 -1 -1 -2 -2 0 0 0 -1 0 -2 -2 -1 -2 0 -2 -1 -1 -1 -1 -1 -2 -2 -2 0 0 -1 -2 -2 0 -1 -1 -1 -1 -1 0 -2 -1 0 0 0 -1
-0.44973557577396 1.17158644426294 1.09644723700666 -0.218778527905487 -1.14048189926112 1 1 2 1 0 2 0 2 1 0 0 2 0 2 0 0 1 2 2 1 1 1 1 1 0 1 2 2 0 1 0 1 2 2 0 2 1 1 0 0 2 2 0 1 0 1 0 2 1 0 0 2 0 2 0 1 2 2 2 1 0 2 2 2 1 2 2 2 0 1 2 1 2 0 2 1 1 0 0 1 2 2 2 2 0 2 2 2 2 2 1 1 2 2 0 2 2 1 2 1 1 1 2 1 0 2 0 2 1 0 0 2 0 2 0 0 1 2 2 1 1 1 1 1 0 1 2 2 0 1 0 1 2 2 0 2 1 1 0 0 2 2 0 1 0 1 0 2 1 0 0 2 0 2 0 1 2 2 2 1 0 2 2 2 1 2 2 2 0 1 2 1 2 0 2 1 1 0 0 1 2 2 2 2 0 2 2 2 2 2 1 1 2 2 0 2 2 1 2 1 1
1.43730434320518 -0.533074346998055 0.189386055230599 0.923531648325301 0.182417531306303 1 1 2 2 2 2 0 2 2 0 1 2 0 2 0 2 1 2 2 1 1 0 1 2 0 0 1 1 0 0 1 0 1 1 1 2 2 0 0 0 2 1 0 0 0 1 1 1 1 0 0 0 0 2 1 0 2 2 0 0 1 1 1 1 0 1 1 2 0 2 2 2 2 1 2 1 2 0 0 1 2 2 2 1 0 1 1 2 1 1 0 1 2 1 1 1 1 0 0 0 0 1 2 2 2 2 0 2 2 0 1 2 0 2 0 2 1 2 2 1 1 0 1 2 0 0 1 1 0 0 1 0 1 1 1 2 2 0 0 0 2 1 0 0 0 1 1 1 1 0 0 0 0 2 1 0 2 2 0 0 1 1 1 1 0 1 1 2 0 2 2 2 2 1 2 1 2 0 0 1 2 2 2 1 0 1 1 2 1 1 0 1 2 1 1 1 1 0 0 0 0
1.05873011678023 -0.430374447593978 0.901292365326698 0.67300573537727 -0.352608518192168 1 0 1 1 1 1 1 2 1 0 0 2 0 1 0 0 2 2 2 1 1 1 2 2 0 1 2 0 0 1 1 2 2 0 1 2 1 1 1 1 2 1 0 1 0 1 1 1 2 0 0 1 0 1 0 0 1 1 0 0 0 1 2 2 0 1 0 2 0 1 1 1 2 0 2 1 2 1 0 0 2 2 2 0 0 2 2 2 2 1 1 1 2 1 1 2 2 1 1 2 2 0 1 1 1 1 1 2 1 0 0 2 0 1 0 0 2 2 2 1 1 1 2 2 0 1 2 0 0 1 1 2 2 0 1 2 1 1 1 1 2 1 0 1 0 1 1 1 2 0 0 1 0 1 0 0 1 1 0 0 0 1 2 2 0 1 0 2 0 1 1 1 2 0 2 1 2 1 0 0 2 2 2 0 0 2 2 2 2 1 1 1 2 1 1 2 2 1 1 2 2
2.90882820689795 -0.400651843343464 -0.342223718457807 -0.0569246319992767 0.513226134030186 -1 0 2 2 1 2 0 2 1 0 0 2 1 2 0 1 2 2 0 0 1 0 0 2 0 1 2 2 1 0 1 2 2 1 0 1 1 0 0 0 2 1 0 2 1 1 1 2 1 0 0 0 0 2 0 0 2 1 0 0 0 1 2 2 1 1 1 1 0 2 2 1 2 0 2 1 1 0 1 2 2 2 1 1 0 2 2 2 1 0 0 0 0 0 0 2 2 1 1 1 2 0 -2 -2 -1 -2 0 -2 -1 0 0 -2 -1 -2 0 -1 -2 -2 0 0 -1 0 0 -2 0 -1 -2 -2 -1 0 -1 -2 -2 -1 0 -1 -1 0 0 0 -2 -1 0 -2 -1 -1 -1 -2 -1 0 0 0 0 -2 0 0 -2 -1 0 0 0 -1 -2 -2 -1 -1 -1 -1 0 -2 -2 -1 -2 0 -2 -1 -1 0 -1 -2 -2 -2 -1 -1 0 -2 -2 -2 -1 0 0 0 0 0 0 -2 -2 -1 -1 -1 -2
0.267161641251414 -0.264990088837057 0.392287219991158 -1.59456147351172 -0.514368996610647 1 1 1 1 1 1 1 2 1 1 1 2 0 1 1 0 1 2 1 1 1 2 1 2 1 1 2 2 1 1 1 2 2 1 1 2 2 1 1 0 2 1 1 2 1 2 1 0 2 0 0 0 0 2 0 0 1 2 1 0 1 2 2 1 0 1 1 0 0 1 2 1 0 0 2 2 2 0 1 2 2 2 2 2 0 1 1 2 2 1 2 2 1 1 0 2 1 1 0 0 1 1 1 1 1 1 1 2 1 1 1 2 0 1 1 0 1 2 1 1 1 2 1 2 1 1 2 2 1 1 1 2 2 1 1 2 2 1 1 0 2 1 1 2 1 2 1 0 2 0 0 0 0 2 0 0 1 2 1 0 1 2 2 1 0 1 1 0 0 1 2 1 0 0 2 2 2 0 1 2 2 2 2 2 0 1 1 2 2 1 2 2 1 1 0 2 1 1 0 0 1
1.34154119124847 -1.4800184882904 -0.25476234493921 -2.44856985904305 0.12199797044976 1 0 2 2 2 2 0 2 1 1 0 2 0 1 0 0 0 2 2 0 1 1 1 2 0 1 2 0 0 0 0 1 1 1 2 2 1 0 0 0 2 2 1 1 0 0 0 0 2 0 0 1 1 2 0 0 1 2 0 0 1 1 1 1 0 1 1 0 0 2 1 0 1 0 2 1 0 0 1 1 2 2 1 1 0 1 1 2 1 0 0 0 0 1 0 1 1 0 1 1 1 0 2 2 2 2 0 2 1 1 0 2 0 1 0 0 0 2 2 0 1 1 1 2 0 1 2 0 0 0 0 1 1 1 2 2 1 0 0 0 2 2 1 1 0 0 0 0 2 0 0 1 1 2 0 0 1 2 0 0 1 1 1 1 0 1 1 0 0 2 1 0 1 0 2 1 0 0 1 1 2 2 1 1 0 1 1 2 1 0 0 0 0 1 0 1 1 0 1 1 1
-0.452635195881236 1.23087179899206 0.442992275640473 -0.191894548096907 -1.53866995010679 -1 0 2 2 1 1 0 2 2 2 1 2 1 2 0 0 0 2 1 1 1 0 0 1 0 1 2 2 0 0 1 1 0 0 1 2 1 1 0 0 2 2 1 2 0 2 2 1 2 0 0 1 1 2 0 0 1 1 0 0 2 2 2 2 2 2 2 2 0 2 2 2 2 1 2 2 1 0 0 0 1 2 2 0 0 0 1 2 1 0 0 1 0 0 0 1 1 0 0 1 2 0 -2 -2 -1 -1 0 -2 -2 -2 -1 -2 -1 -2 0 0 0 -2 -1 -1 -1 0 0 -1 0 -1 -2 -2 0 0 -1 -1 0 0 -1 -2 -1 -1 0 0 -2 -2 -1 -2 0 -2 -2 -1 -2 0 0 -1 -1 -2 0 0 -1 -1 0 0 -2 -2 -2 -2 -2 -2 -2 -2 0 -2 -2 -2 -2 -1 -2 -2 -1 0 0 0 -1 -2 -2 0 0 0 -1 -2 -1 0 0 -1 0 0 0 -1 -1 0 0 -1 -2
0.611957261627255 -0.235166673859144 0.0282299081622115 0.0478133940357665 -0.831178239076628 -1 0 0 1 1 0 0 2 2 2 2 2 0 2 0 1 0 2 1 1 1 1 1 2 0 1 2 1 0 0 1 2 2 2 1 2 1 0 0 2 2 1 0 2 0 0 1 0 1 0 0 0 0 2 0 0 1 0 0 0 1 2 1 1 0 0 1 2 0 2 1 0 1 1 2 1 1 0 0 1 2 2 2 1 0 1 1 2 1 1 1 0 1 1 0 2 2 2 0 1 0 0 0 -1 -1 0 0 -2 -2 -2 -2 -2 0 -2 0 -1 0 -2 -1 -1 -1 -1 -1 -2 0 -1 -2 -1 0 0 -1 -2 -2 -2 -1 -2 -1 0 0 -2 -2 -1 0 -2 0 0 -1 0 -1 0 0 0 0 -2 0 0 -1 0 0 0 -1 -2 -1 -1 0 0 -1 -2 0 -2 -1 0 -1 -1 -2 -1 -1 0 0 -1 -2 -2 -2 -1 0 -1 -1 -2 -1 -1 -1 0 -1 -1 0 -2 -2 -2 0 -1 0
0.0579295586513398 -1.18111417632971 0.866738647269802 -0.677865594019645 0.197839009193539 1 0 1 0 0 1 2 2 2 1 1 2 0 2 0 1 0 2 0 0 0 0 0 1 0 1 2 1 0 0 1 0 1 1 1 2 1 1 0 0 2 1 0 2 1 2 1 0 1 0 1 1 0 2 0 0 1 1 1 0 0 2 2 1 0 1 0 2 0 2 2 0 1 1 2 2 2 0 1 2 2 2 2 1 0 1 0 2 2 1 1 0 2 2 1 2 2 1 1 1 2 0 1 0 0 1 2 2 2 1 1 2 0 2 0 1 0 2 0 0 0 0 0 1 0 1 2 1 0 0 1 0 1 1 1 2 1 1 0 0 2 1 0 2 1 2 1 0 1 0 1 1 0 2 0 0 1 1 1 0 0 2 2 1 0 1 0 2 0 2 2 0 1 1 2 2 2 0 1 2 2 2 2 1 0 1 0 2 2 1 1 0 2 2 1 2 2 1 1 1 2
1.74912161866587 0.928627639778647 1.49423311396166 1.19630888039036 0.0889868407654685 -1 0 1 1 1 2 1 2 2 2 2 2 0 2 0 0 0 2 2 1 2 1 2 2 1 1 2 2 1 1 1 1 2 1 2 2 1 1 1 1 2 1 0 1 0 1 2 1 1 0 0 0 0 2 0 0 1 2 1 1 0 2 2 2 1 2 2 1 0 1 1 1 2 1 2 2 2 0 2 1 2 2 1 2 0 2 1 2 1 0 2 1 1 1 0 2 1 0 0 0 2 0 -1 -1 -1 -2 -1 -2 -2 -2 -2 -2 0 -2 0 0 0 -2 -2 -1 -2 -1 -2 -2 -1 -1 -2 -2 -1 -1 -1 -1 -2 -1 -2 -2 -1 -1 -1 -1 -2 -1 0 -1 0 -1 -2 -1 -1 0 0 0 0 -2 0 0 -1 -2 -1 -1 0 -2 -2 -2 -1 -2 -2 -1 0 -1 -1 -1 -2 -1 -2 -2 -2 0 -2 -1 -2 -2 -1 -2 0 -2 -1 -2 -1 0 -2 -1 -1 -1 0 -2 -1 0 0 0 -2
-1.24057523824208 -0.0389531389620441 0.414895245228545 0.808091461450345 0.856987792093712 -1 0 1 1 1 1 1 2 2 2 1 2 0 2 1 1 1 2 2 0 1 0 0 1 0 0 2 2 0 0 1 2 2 1 0 1 0 0 0 0 2 1 0 2 1 2 2 1 1 0 0 0 0 2 0 0 1 1 1 0 0 1 2 2 1 2 2 2 0 2 1 1 1 1 2 1 1 0 0 0 1 2 2 1 0 1 2 2 1 0 1 1 0 2 0 2 1 0 0 0 1 0 -1 -1 -1 -1 -1 -2 -2 -2 -1 -2 0 -2 -1 -1 -1 -2 -2 0 -1 0 0 -1 0 0 -2 -2 0 0 -1 -2 -2 -1 0 -1 0 0 0 0 -2 -1 0 -2 -1 -2 -2 -1 -1 0 0 0 0 -2 0 0 -1 -1 -1 0 0 -1 -2 -2 -1 -2 -2 -2 0 -2 -1 -1 -1 -1 -2 -1 -1 0 0 0 -1 -2 -2 -1 0 -1 -2 -2 -1 0 -1 -1 0 -2 0 -2 -1 0 0 0 -1
-0.136809599970219 -0.457342542028098 0.745284957963296 0.39504419466971 -0.104861491556325 1 1 2 2 2 2 0 2 2 0 0 2 0 1 0 1 1 2 2 2 1 2 0 2 0 0 2 0 0 0 1 0 2 2 0 1 0 0 0 0 2 1 0 2 1 1 0 1 2 0 1 1 1 2 1 0 2 1 0 1 1 1 1 2 0 2 2 2 0 1 1 1 2 0 1 1 1 0 1 1 2 2 1 0 0 1 1 2 1 0 1 1 2 1 1 2 1 0 0 0 1 1 2 2 2 2 0 2 2 0 0 2 0 1 0 1 1 2 2 2 1 2 0 2 0 0 2 0 0 0 1 0 2 2 0 1 0 0 0 0 2 1 0 2 1 1 0 1 2 0 1 1 1 2 1 0 2 1 0 1 1 1 1 2 0 2 2 2 0 1 1 1 2 0 1 1 1 0 1 1 2 2 1 0 0 1 1 2 1 0 1 1 2 1 1 2 1 0 0 0 1
0.11592021784451 -0.139792170068458 1.023210275885 0.372441280916154 -1.17191573625815 -1 0 1 1 1 2 0 2 1 0 1 2 1 2 1 0 0 2 2 1 2 0 1 1 0 1 2 2 1 0 1 2 2 2 0 0 0 0 0 0 2 1 0 2 0 2 2 1 2 1 1 1 0 2 0 0 1 1 0 0 0 2 1 2 1 2 0 1 0 1 1 2 1 1 2 1 0 0 1 1 1 2 2 0 0 0 0 2 1 0 1 0 2 2 0 1 0 0 0 0 2 0 -1 -1 -1 -2 0 -2 -1 0 -1 -2 -1 -2 -1 0 0 -2 -2 -1 -2 0 -1 -1 0 -1 -2 -2 -1 0 -1 -2 -2 -2 0 0 0 0 0 0 -2 -1 0 -2 0 -2 -2 -1 -2 -1 -1 -1 0 -2 0 0 -1 -1 0 0 0 -2 -1 -2 -1 -2 0 -1 0 -1 -1 -2 -1 -1 -2 -1 0 0 -1 -1 -1 -2 -2 0 0 0 0 -2 -1 0 -1 0 -2 -2 0 -1 0 0 0 0 -2
1.60145311047677 -1.2354447748655 0.618242016211637 0.20967847718699 0.742050400656051 -1 0 1 1 1 2 0 2 2 1 0 2 0 2 0 1 0 2 1 1 0 1 0 1 0 1 2 1 0 0 2 1 1 1 1 2 2 1 1 0 2 2 0 2 1 1 1 0 2 0 0 2 0 2 0 0 1 2 2 1 1 2 2 2 0 2 1 1 0 1 1 2 2 1 2 1 1 0 0 0 0 2 2 1 0 1 2 2 2 1 2 2 2 1 0 2 2 0 0 1 2 0 -1 -1 -1 -2 0 -2 -2 -1 0 -2 0 -2 0 -1 0 -2 -1 -1 0 -1 0 -1 0 -1 -2 -1 0 0 -2 -1 -1 -1 -1 -2 -2 -1 -1 0 -2 -2 0 -2 -1 -1 -1 0 -2 0 0 -2 0 -2 0 0 -1 -2 -2 -1 -1 -2 -2 -2 0 -2 -1 -1 0 -1 -1 -2 -2 -1 -2 -1 -1 0 0 0 0 -2 -2 -1 0 -1 -2 -2 -2 -1 -2 -2 -2 -1 0 -2 -2 0 0 -1 -2
0.982338384421593 -0.109986998800211 1.50818368125605 -1.62935244049921 0.27888738666807 -1 0 2 1 1 1 0 2 2 1 1 2 0 1 0 0 0 2 0 0 1 0 1 2 0 1 2 1 0 0 1 0 1 1 0 2 1 1 2 0 2 1 0 1 0 1 1 2 1 0 0 0 0 2 1 0 1 2 1 0 1 2 2 2 1 1 2 1 0 2 1 2 2 0 2 1 1 0 0 1 1 2 2 1 0 2 1 2 0 0 1 1 2 2 1 2 2 0 0 0 2 0 -2 -1 -1 -1 0 -2 -2 -1 -1 -2 0 -1 0 0 0 -2 0 0 -1 0 -1 -2 0 -1 -2 -1 0 0 -1 0 -1 -1 0 -2 -1 -1 -2 0 -2 -1 0 -1 0 -1 -1 -2 -1 0 0 0 0 -2 -1 0 -1 -2 -1 0 -1 -2 -2 -2 -1 -1 -2 -1 0 -2 -1 -2 -2 0 -2 -1 -1 0 0 -1 -1 -2 -2 -1 0 -2 -1 -2 0 0 -1 -1 -2 -2 -1 -2 -2 0 0 0 -2
1.41739422074477 -0.824192605532073 0.0380896440722241 -0.138554705957342 -1.82287958812128 1 0 1 1 1 1 1 2 2 1 1 2 0 2 0 1 0 2 2 2 1 1 0 2 0 2 2 2 0 0 1 1 2 1 0 2 0 0 0 0 2 2 1 1 1 2 1 1 0 0 0 1 0 2 1 0 2 2 0 1 1 1 2 2 1 2 1 2 1 2 2 2 2 0 2 1 2 1 1 1 1 2 2 1 0 1 1 2 2 1 2 2 2 2 2 2 1 0 0 0 1 0 1 1 1 1 1 2 2 1 1 2 0 2 0 1 0 2 2 2 1 1 0 2 0 2 2 2 0 0 1 1 2 1 0 2 0 0 0 0 2 2 1 1 1 2 1 1 0 0 0 1 0 2 1 0 2 2 0 1 1 1 2 2 1 2 1 2 1 2 2 2 2 0 2 1 2 1 1 1 1 2 2 1 0 1 1 2 2 1 2 2 2 2 2 2 1 0 0 0 1
-0.0972163998679887 2.94548690446085 0.846119993144414 -0.298380385671396 0.805915121077854 -1 0 2 2 1 2 2 2 2 2 2 2 1 2 1 1 2 2 2 0 1 2 1 1 0 1 2 1 0 2 1 1 1 1 1 2 0 0 0 0 1 1 0 0 0 1 0 0 1 0 0 0 0 2 0 0 1 1 1 0 1 2 2 2 0 2 2 2 0 0 0 1 2 2 2 2 1 0 0 1 1 2 2 1 0 1 1 2 0 0 0 1 2 2 0 2 2 0 0 0 0 0 -2 -2 -1 -2 -2 -2 -2 -2 -2 -2 -1 -2 -1 -1 -2 -2 -2 0 -1 -2 -1 -1 0 -1 -2 -1 0 -2 -1 -1 -1 -1 -1 -2 0 0 0 0 -1 -1 0 0 0 -1 0 0 -1 0 0 0 0 -2 0 0 -1 -1 -1 0 -1 -2 -2 -2 0 -2 -2 -2 0 0 0 -1 -2 -2 -2 -2 -1 0 0 -1 -1 -2 -2 -1 0 -1 -1 -2 0 0 0 -1 -2 -2 0 -2 -2 0 0 0 0
0.689006731613079 0.285997167756633 -1.02046582462553 1.36350892592276 -1.66391291668418 1 0 0 0 1 1 0 2 1 0 1 2 0 2 0 1 1 2 2 1 1 0 0 2 1 2 2 1 0 1 2 2 2 2 1 2 2 1 0 0 1 1 0 0 0 2 2 2 2 0 0 2 0 2 0 0 2 2 1 0 0 1 1 1 0 1 0 2 0 0 0 1 1 0 2 1 0 0 1 2 1 2 2 1 0 2 0 1 1 1 0 1 1 1 0 2 2 0 0 0 1 0 0 0 1 1 0 2 1 0 1 2 0 2 0 1 1 2 2 1 1 0 0 2 1 2 2 1 0 1 2 2 2 2 1 2 2 1 0 0 1 1 0 0 0 2 2 2 2 0 0 2 0 2 0 0 2 2 1 0 0 1 1 1 0 1 0 2 0 0 0 1 1 0 2 1 0 0 1 2 1 2 2 1 0 2 0 1 1 1 0 1 1 1 0 2 2 0 0 0 1
-1.03390627754024 -1.94175591432397 0.457996857389202 -1.13323656675835 -0.760472870992478 -1 0 2 2 2 2 1 2 2 2 0 2 0 2 0 0 0 2 2 2 1 1 1 1 0 0 2 1 0 0 0 2 1 0 2 2 2 1 0 0 1 1 0 1 0 1 1 1 2 0 0 0 0 1 0 0 1 2 0 0 1 2 1 2 1 1 1 1 0 0 1 1 1 0 2 2 2 0 1 0 2 2 2 0 0 1 1 2 0 0 1 1 1 2 0 1 2 0 0 0 2 0 -2 -2 -2 -2 -1 -2 -2 -2 0 -2 0 -2 0 0 0 -2 -2 -2 -1 -1 -1 -1 0 0 -2 -1 0 0 0 -2 -1 0 -2 -2 -2 -1 0 0 -1 -1 0 -1 0 -1 -1 -1 -2 0 0 0 0 -1 0 0 -1 -2 0 0 -1 -2 -1 -2 -1 -1 -1 -1 0 0 -1 -1 -1 0 -2 -2 -2 0 -1 0 -2 -2 -2 0 0 -1 -1 -2 0 0 -1 -1 -1 -2 0 -1 -2 0 0 0 -2
-1.78264041950536 1.17404466934946 1.09757157980042 -0.585388351215794 -0.091249915424095 -1 0 2 2 2 2 1 2 2 0 0 2 0 1 0 1 1 1 2 0 2 0 2 2 1 0 2 1 0 0 0 1 2 1 0 2 1 2 1 1 2 2 2 1 0 0 1 2 1 0 0 0 0 2 0 0 1 1 1 1 2 2 2 2 2 1 2 2 0 1 1 0 1 0 2 2 0 0 1 1 1 2 2 0 0 2 2 2 2 2 1 1 1 2 0 2 2 0 0 0 1 0 -2 -2 -2 -2 -1 -2 -2 0 0 -2 0 -1 0 -1 -1 -1 -2 0 -2 0 -2 -2 -1 0 -2 -1 0 0 0 -1 -2 -1 0 -2 -1 -2 -1 -1 -2 -2 -2 -1 0 0 -1 -2 -1 0 0 0 0 -2 0 0 -1 -1 -1 -1 -2 -2 -2 -2 -2 -1 -2 -2 0 -1 -1 0 -1 0 -2 -2 0 0 -1 -1 -1 -2 -2 0 0 -2 -2 -2 -2 -2 -1 -1 -1 -2 0 -2 -2 0 0 0 -1
-0.154383036898654 0.229422448132511 -0.530151170098713 -0.230103542622965 -0.716879845017232 1 0 2 2 2 1 0 2 1 1 1 2 0 2 2 2 1 2 2 2 1 1 0 2 1 2 2 0 0 0 1 1 1 1 0 2 0 0 0 0 2 2 0 1 0 1 1 1 2 0 0 2 1 2 0 0 1 2 2 2 2 2 2 2 1 2 2 2 0 2 2 2 2 1 2 1 0 0 0 2 2 2 2 1 0 0 2 2 0 0 0 0 0 1 0 1 2 0 1 0 1 0 2 2 2 1 0 2 1 1 1 2 0 2 2 2 1 2 2 2 1 1 0 2 1 2 2 0 0 0 1 1 1 1 0 2 0 0 0 0 2 2 0 1 0 1 1 1 2 0 0 2 1 2 0 0 1 2 2 2 2 2 2 2 1 2 2 2 0 2 2 2 2 1 2 1 0 0 0 2 2 2 2 1 0 0 2 2 0 0 0 0 0 1 0 1 2 0 1 0 1
-0.847058013593383 1.16742594430989 -1.10484429065134 1.6351752990212 0.805839421559376 -1 1 0 0 0 0 0 2 1 1 0 2 0 2 0 0 0 2 0 1 1 0 1 2 0 1 2 1 0 0 1 1 1 0 2 2 2 1 1 0 2 2 1 1 1 1 0 0 1 0 1 1 0 1 0 0 0 0 1 0 0 1 2 2 0 2 1 1 0 2 0 0 2 1 2 1 0 0 0 0 2 2 0 0 0 1 0 2 2 0 1 0 0 2 1 2 2 1 0 0 0 -1 0 0 0 0 0 -2 -1 -1 0 -2 0 -2 0 0 0 -2 0 -1 -1 0 -1 -2 0 -1 -2 -1 0 0 -1 -1 -1 0 -2 -2 -2 -1 -1 0 -2 -2 -1 -1 -1 -1 0 0 -1 0 -1 -1 0 -1 0 0 0 0 -1 0 0 -1 -2 -2 0 -2 -1 -1 0 -2 0 0 -2 -1 -2 -1 0 0 0 0 -2 -2 0 0 0 -1 0 -2 -2 0 -1 0 0 -2 -1 -2 -2 -1 0 0 0
0.0717545867032539 -1.1535772630859 1.95670057037505 1.06448210600685 0.346437004938692 1 1 2 2 2 2 0 2 2 1 1 2 0 2 0 1 1 2 1 1 2 0 0 2 0 1 2 2 0 0 1 1 2 1 0 1 1 0 1 0 2 1 0 1 1 1 1 1 1 0 0 1 0 2 0 0 1 1 1 1 1 2 1 1 0 1 0 0 0 1 1 0 2 1 2 1 0 0 0 1 1 1 1 1 0 0 1 2 1 0 0 1 2 2 1 2 2 0 0 1 1 1 2 2 2 2 0 2 2 1 1 2 0 2 0 1 1 2 1 1 2 0 0 2 0 1 2 2 0 0 1 1 2 1 0 1 1 0 1 0 2 1 0 1 1 1 1 1 1 0 0 1 0 2 0 0 1 1 1 1 1 2 1 1 0 1 0 0 0 1 1 0 2 1 2 1 0 0 0 1 1 1 1 1 0 0 1 2 1 0 0 1 2 2 1 2 2 0 0 1 1
1.44453950815714 1.38586738336029 0.171391816917987 -1.13644922304934 -1.10398791456694 -1 1 2 2 2 2 2 2 1 1 0 2 0 2 1 2 1 2 1 0 0 0 1 2 1 1 2 1 0 1 2 2 2 1 1 2 0 0 0 0 2 2 0 1 0 2 1 0 1 0 0 1 0 2 0 0 1 2 1 1 1 1 2 2 1 2 1 1 0 2 1 0 2 0 2 1 1 0 0 2 2 2 1 0 0 1 1 2 1 1 1 2 1 1 0 2 1 0 0 0 0 -1 -2 -2 -2 -2 -2 -2 -1 -1 0 -2 0 -2 -1 -2 -1 -2 -1 0 0 0 -1 -2 -1 -1 -2 -1 0 -1 -2 -2 -2 -1 -1 -2 0 0 0 0 -2 -2 0 -1 0 -2 -1 0 -1 0 0 -1 0 -2 0 0 -1 -2 -1 -1 -1 -1 -2 -2 -1 -2 -1 -1 0 -2 -1 0 -2 0 -2 -1 -1 0 0 -2 -2 -2 -1 0 0 -1 -1 -2 -1 -1 -1 -2 -1 -1 0 -2 -1 0 0 0 0
1.72762578807942 -0.331811934848102 -0.755318682642369 0.814779543706875 -0.525709522101203 1 0 2 2 2 2 2 2 2 0 0 2 0 2 1 0 1 2 1 0 2 0 0 1 0 0 2 1 0 0 0 1 1 1 0 2 0 0 0 0 2 1 0 2 1 0 2 1 2 1 0 1 1 2 0 0 2 2 2 1 1 1 2 2 2 2 0 1 0 0 0 1 2 0 1 1 1 0 1 2 2 2 2 0 0 1 1 2 0 0 0 0 1 1 0 2 1 1 0 1 2 0 2 2 2 2 2 2 2 0 0 2 0 2 1 0 1 2 1 0 2 0 0 1 0 0 2 1 0 0 0 1 1 1 0 2 0 0 0 0 2 1 0 2 1 0 2 1 2 1 0 1 1 2 0 0 2 2 2 1 1 1 2 2 2 2 0 1 0 0 0 1 2 0 1 1 1 0 1 2 2 2 2 0 0 1 1 2 0 0 0 0 1 1 0 2 1 1 0 1 2
0.173476389770275 -0.801791055500969 1.24414288155216 1.29147022910449 -1.81143457470664 -1 1 2 2 2 2 0 2 2 2 1 2 0 2 0 1 1 2 2 1 1 1 2 2 0 2 2 1 0 0 2 2 2 2 1 2 2 1 1 1 2 1 0 1 0 0 0 0 0 0 0 1 0 2 1 0 0 0 1 0 1 2 1 2 0 2 0 2 0 2 2 1 2 1 2 2 0 0 1 1 2 2 2 0 0 2 2 2 2 0 2 0 2 1 0 2 2 1 1 1 1 -1 -2 -2 -2 -2 0 -2 -2 -2 -1 -2 0 -2 0 -1 -1 -2 -2 -1 -1 -1 -2 -2 0 -2 -2 -1 0 0 -2 -2 -2 -2 -1 -2 -2 -1 -1 -1 -2 -1 0 -1 0 0 0 0 0 0 0 -1 0 -2 -1 0 0 0 -1 0 -1 -2 -1 -2 0 -2 0 -2 0 -2 -2 -1 -2 -1 -2 -2 0 0 -1 -1 -2 -2 -2 0 0 -2 -2 -2 -2 0 -2 0 -2 -1 0 -2 -2 -1 -1 -1 -1
-0.848937276909415 0.456144725179438 -1.19271799460926 -0.545977357690073 2.61937697402165 1 1 2 2 2 2 1 2 1 0 1 2 0 2 1 1 0 2 1 0 1 0 1 2 0 1 2 2 0 1 1 2 2 1 2 2 1 2 1 1 2 1 0 2 0 2 2 2 2 0 0 0 0 1 0 0 2 1 0 0 1 2 2 2 0 1 2 0 0 2 1 0 1 1 2 2 1 0 1 2 2 2 2 0 0 2 2 2 2 1 2 0 2 1 0 2 1 0 0 0 0 1 2 2 2 2 1 2 1 0 1 2 0 2 1 1 0 2 1 0 1 0 1 2 0 1 2 2 0 1 1 2 2 1 2 2 1 2 1 1 2 1 0 2 0 2 2 2 2 0 0 0 0 1 0 0 2 1 0 0 1 2 2 2 0 1 2 0 0 2 1 0 1 1 2 2 1 0 1 2 2 2 2 0 0 2 2 2 2 1 2 0 2 1 0 2 1 0 0 0 0
0.544609957779387 -1.28902603417287 1.99517190173791 -0.746290950096214 0.441156052531802 1 2 2 2 2 1 0 2 2 1 0 2 1 2 1 0 0 1 1 1 2 1 1 2 1 1 2 2 0 0 1 2 2 2 2 2 1 1 0 0 2 2 0 1 1 1 0 1 1 0 0 1 0 1 0 0 2 2 1 0 1 1 1 2 1 1 0 0 0 2 2 1 2 0 2 1 0 0 1 2 2 2 1 0 0 2 1 2 1 2 1 1 2 2 0 2 2 1 0 0 2 2 2 2 2 1 0 2 2 1 0 2 1 2 1 0 0 1 1 1 2 1 1 2 1 1 2 2 0 0 1 2 2 2 2 2 1 1 0 0 2 2 0 1 1 1 0 1 1 0 0 1 0 1 0 0 2 2 1 0 1 1 1 2 1 1 0 0 0 2 2 1 2 0 2 1 0 0 1 2 2 2 1 0 0 2 1 2 1 2 1 1 2 2 0 2 2 1 0 0 2
-0.950036181910015 -0.809302675875181 0.320388220887858 0.380965673826274 -0.445886804039182 -1 1 2 2 2 2 1 2 2 1 1 2 1 2 0 1 1 2 2 1 2 1 1 2 1 2 2 1 0 0 1 2 2 1 1 2 2 0 0 0 2 1 0 1 0 1 1 1 1 0 0 2 0 2 0 0 0 0 0 1 1 1 1 2 1 2 2 2 1 2 2 2 2 0 2 1 1 0 0 1 1 1 2 1 0 2 2 2 1 0 2 1 0 1 0 2 1 0 0 0 0 -1 -2 -2 -2 -2 -1 -2 -2 -1 -1 -2 -1 -2 0 -1 -1 -2 -2 -1 -2 -1 -1 -2 -1 -2 -2 -1 0 0 -1 -2 -2 -1 -1 -2 -2 0 0 0 -2 -1 0 -1 0 -1 -1 -1 -1 0 0 -2 0 -2 0 0 0 0 0 -1 -1 -1 -1 -2 -1 -2 -2 -2 -1 -2 -2 -2 -2 0 -2 -1 -1 0 0 -1 -1 -1 -2 -1 0 -2 -2 -2 -1 0 -2 -1 0 -1 0 -2 -1 0 0 0 0
-0.535421389197348 -1.57706845194545 0.279312543245524 -1.50033200965165 -1.934685987348 1 0 0 1 1 2 0 2 2 2 2 2 0 2 0 1 0 2 1 1 2 0 0 2 0 0 2 1 0 0 1 2 2 1 0 1 2 1 1 0 2 1 0 2 0 0 0 0 1 0 0 1 1 2 0 1 1 1 1 0 2 2 0 1 0 1 2 2 0 2 1 0 2 0 2 1 0 0 0 1 1 2 1 0 0 1 2 2 1 1 2 0 1 2 1 2 2 0 1 0 1 0 0 1 1 2 0 2 2 2 2 2 0 2 0 1 0 2 1 1 2 0 0 2 0 0 2 1 0 0 1 2 2 1 0 1 2 1 1 0 2 1 0 2 0 0 0 0 1 0 0 1 1 2 0 1 1 1 1 0 2 2 0 1 0 1 2 2 0 2 1 0 2 0 2 1 0 0 0 1 1 2 1 0 0 1 2 2 1 1 2 0 1 2 1 2 2 0 1 0 1
0.720601010170665 1.19915115279425 1.24441565768826 1.5613861858365 2.97190106625676 1 2 2 0 0 1 0 2 2 1 1 2 0 2 0 1 1 2 0 0 1 1 1 1 0 0 2 2 0 0 0 1 2 1 0 2 2 1 0 0 2 1 0 2 0 2 2 1 1 1 0 1 1 2 0 0 1 1 2 1 1 1 2 2 1 2 2 0 0 0 0 0 2 0 2 1 0 0 1 2 2 2 2 1 0 1 1 1 2 2 2 2 2 2 1 2 1 0 0 0 0 2 2 0 0 1 0 2 2 1 1 2 0 2 0 1 1 2 0 0 1 1 1 1 0 0 2 2 0 0 0 1 2 1 0 2 2 1 0 0 2 1 0 2 0 2 2 1 1 1 0 1 1 2 0 0 1 1 2 1 1 1 2 2 1 2 2 0 0 0 0 0 2 0 2 1 0 0 1 2 2 2 2 1 0 1 1 1 2 2 2 2 2 2 1 2 1 0 0 0 0
1.16468548806588 -0.85221625782745 -1.49672765694847 0.633897089722499 0.212030387072968 -1 0 1 2 2 2 0 2 2 1 1 2 0 2 0 2 0 2 1 1 1 0 2 2 0 2 2 2 0 0 1 2 2 0 0 0 1 1 1 0 2 2 1 2 0 1 1 2 2 0 0 0 0 2 0 0 0 2 1 0 0 2 2 2 1 2 1 1 0 2 2 1 2 1 2 2 1 0 1 0 1 2 1 1 0 1 1 2 1 1 1 0 2 2 0 2 2 1 0 0 0 0 -1 -2 -2 -2 0 -2 -2 -1 -1 -2 0 -2 0 -2 0 -2 -1 -1 -1 0 -2 -2 0 -2 -2 -2 0 0 -1 -2 -2 0 0 0 -1 -1 -1 0 -2 -2 -1 -2 0 -1 -1 -2 -2 0 0 0 0 -2 0 0 0 -2 -1 0 0 -2 -2 -2 -1 -2 -1 -1 0 -2 -2 -1 -2 -1 -2 -2 -1 0 -1 0 -1 -2 -1 -1 0 -1 -1 -2 -1 -1 -1 0 -2 -2 0 -2 -2 -1 0 0 0
-0.0142249339001616 -2.2013629187943 0.115282402414453 -0.530348302668647 -0.95117718946302 -1 0 1 2 2 2 1 2 0 0 0 2 0 2 0 0 0 2 1 0 0 1 1 2 1 1 2 2 0 0 1 1 2 1 1 2 1 2 1 2 2 2 0 1 0 1 0 0 1 1 0 2 1 2 0 0 1 1 1 0 1 2 2 2 2 2 2 1 0 2 0 1 2 0 2 1 1 0 0 1 1 2 2 1 0 1 1 2 2 2 2 2 2 2 2 2 2 0 0 1 1 0 -1 -2 -2 -2 -1 -2 0 0 0 -2 0 -2 0 0 0 -2 -1 0 0 -1 -1 -2 -1 -1 -2 -2 0 0 -1 -1 -2 -1 -1 -2 -1 -2 -1 -2 -2 -2 0 -1 0 -1 0 0 -1 -1 0 -2 -1 -2 0 0 -1 -1 -1 0 -1 -2 -2 -2 -2 -2 -2 -1 0 -2 0 -1 -2 0 -2 -1 -1 0 0 -1 -1 -2 -2 -1 0 -1 -1 -2 -2 -2 -2 -2 -2 -2 -2 -2 -2 0 0 -1 -1
-0.301215666509395 -1.9920214767737 0.436858314316052 2.37650265774188 -0.932556027818493 -1 0 1 2 2 2 2 2 2 0 1 2 0 2 1 1 1 2 1 1 1 1 1 2 2 2 2 1 0 1 2 2 2 0 1 2 1 0 0 0 2 2 0 2 1 0 1 0 1 0 0 1 1 2 0 0 2 2 1 1 1 2 2 2 0 2 1 2 0 2 0 1 2 1 2 1 0 1 0 2 2 1 2 1 0 1 2 2 1 1 2 1 2 2 2 2 2 0 0 0 1 0 -1 -2 -2 -2 -2 -2 -2 0 -1 -2 0 -2 -1 -1 -1 -2 -1 -1 -1 -1 -1 -2 -2 -2 -2 -1 0 -1 -2 -2 -2 0 -1 -2 -1 0 0 0 -2 -2 0 -2 -1 0 -1 0 -1 0 0 -1 -1 -2 0 0 -2 -2 -1 -1 -1 -2 -2 -2 0 -2 -1 -2 0 -2 0 -1 -2 -1 -2 -1 0 -1 0 -2 -2 -1 -2 -1 0 -1 -2 -2 -1 -1 -2 -1 -2 -2 -2 -2 -2 0 0 0 -1
0.335084502515495 1.09692043220607 1.47480382937749 0.341986100835814 0.247522256896295 1 2 2 2 2 2 0 2 1 0 0 2 0 2 0 0 0 2 0 0 0 2 1 2 1 1 2 1 0 2 2 1 2 0 0 2 0 0 0 0 2 2 1 0 0 2 2 2 2 0 1 2 1 1 0 1 1 2 0 0 1 1 2 2 0 1 0 0 0 2 2 0 2 0 2 0 0 0 0 2 2 2 1 0 0 1 0 1 0 0 0 0 1 2 2 2 2 0 0 1 1 2 2 2 2 2 0 2 1 0 0 2 0 2 0 0 0 2 0 0 0 2 1 2 1 1 2 1 0 2 2 1 2 0 0 2 0 0 0 0 2 2 1 0 0 2 2 2 2 0 1 2 1 1 0 1 1 2 0 0 1 1 2 2 0 1 0 0 0 2 2 0 2 0 2 0 0 0 0 2 2 2 1 0 0 1 0 1 0 0 0 0 1 2 2 2 2 0 0 1 1
1.18725208139647 -0.359626800775257 -0.370057848796555 -0.706995678438614 0.917729518013284 -1 1 2 2 1 1 1 2 1 0 2 2 0 2 1 0 1 2 2 1 2 1 0 2 0 1 2 1 0 0 0 1 2 1 2 2 1 2 2 2 2 2 1 1 0 2 2 2 2 1 2 1 1 2 0 0 2 2 1 0 1 2 2 2 1 1 1 0 0 2 1 0 1 0 1 0 0 0 0 1 1 2 2 0 0 0 0 2 2 1 2 1 2 2 1 2 2 0 0 0 1 -1 -2 -2 -1 -1 -1 -2 -1 0 -2 -2 0 -2 -1 0 -1 -2 -2 -1 -2 -1 0 -2 0 -1 -2 -1 0 0 0 -1 -2 -1 -2 -2 -1 -2 -2 -2 -2 -2 -1 -1 0 -2 -2 -2 -2 -1 -2 -1 -1 -2 0 0 -2 -2 -1 0 -1 -2 -2 -2 -1 -1 -1 0 0 -2 -1 0 -1 0 -1 0 0 0 0 -1 -1 -2 -2 0 0 0 0 -2 -2 -1 -2 -1 -2 -2 -1 -2 -2 0 0 0 -1
0.773863226227561 0.596248340288197 -1.43579091229149 -0.824348457829134 -0.61035279394468 -1 1 1 1 2 2 0 2 1 1 1 2 1 2 1 2 1 2 2 1 1 0 0 1 0 1 2 2 0 1 1 2 2 0 0 2 2 0 0 0 1 2 0 1 0 2 2 0 2 0 0 1 0 2 1 1 2 2 1 0 2 2 2 2 0 1 2 1 0 1 0 1 1 0 2 0 1 1 1 1 2 2 2 2 0 1 2 2 1 0 2 2 2 2 2 2 1 0 0 1 2 -1 -1 -1 -2 -2 0 -2 -1 -1 -1 -2 -1 -2 -1 -2 -1 -2 -2 -1 -1 0 0 -1 0 -1 -2 -2 0 -1 -1 -2 -2 0 0 -2 -2 0 0 0 -1 -2 0 -1 0 -2 -2 0 -2 0 0 -1 0 -2 -1 -1 -2 -2 -1 0 -2 -2 -2 -2 0 -1 -2 -1 0 -1 0 -1 -1 0 -2 0 -1 -1 -1 -1 -2 -2 -2 -2 0 -1 -2 -2 -1 0 -2 -2 -2 -2 -2 -2 -1 0 0 -1 -2
0.0679059490969086 0.645283840109378 -0.925727468631221 -2.23158526209902 0.600072650616519 1 0 1 2 1 0 1 2 1 1 1 2 0 1 0 0 1 2 1 0 1 1 2 2 1 1 2 2 0 0 2 2 2 1 2 2 1 0 0 0 2 2 1 2 1 0 1 1 1 0 0 0 1 1 0 0 2 2 2 0 0 0 1 2 0 1 0 2 0 1 2 0 2 1 2 1 1 1 1 1 1 2 2 1 0 2 2 2 1 1 1 1 1 1 0 2 1 0 0 1 0 0 1 2 1 0 1 2 1 1 1 2 0 1 0 0 1 2 1 0 1 1 2 2 1 1 2 2 0 0 2 2 2 1 2 2 1 0 0 0 2 2 1 2 1 0 1 1 1 0 0 0 1 1 0 0 2 2 2 0 0 0 1 2 0 1 0 2 0 1 2 0 2 1 2 1 1 1 1 1 1 2 2 1 0 2 2 2 1 1 1 1 1 1 0 2 1 0 0 1 0
1.10844320966593 0.791018792951112 0.504945665758099 -0.798153328720732 0.129099376256423 -1 0 1 2 2 2 0 2 2 2 1 2 0 1 0 0 0 2 2 1 2 0 0 1 0 0 1 1 0 0 0 2 2 0 1 2 1 0 1 0 2 1 0 0 0 2 1 1 1 0 0 1 2 2 1 0 1 1 1 0 1 1 2 2 0 2 1 1 0 1 0 1 2 1 2 2 1 0 0 0 0 1 1 1 0 0 0 1 1 1 0 1 2 1 1 2 1 0 0 0 0 0 -1 -2 -2 -2 0 -2 -2 -2 -1 -2 0 -1 0 0 0 -2 -2 -1 -2 0 0 -1 0 0 -1 -1 0 0 0 -2 -2 0 -1 -2 -1 0 -1 0 -2 -1 0 0 0 -2 -1 -1 -1 0 0 -1 -2 -2 -1 0 -1 -1 -1 0 -1 -1 -2 -2 0 -2 -1 -1 0 -1 0 -1 -2 -1 -2 -2 -1 0 0 0 0 -1 -1 -1 0 0 0 -1 -1 -1 0 -1 -2 -1 -1 -2 -1 0 0 0 0
-0.11813949177694 0.380688276670751 -0.209580404900023 -3.2206367381564 -1.10954859778569 1 0 2 1 2 2 0 2 1 1 1 2 0 2 0 0 0 2 1 1 1 0 0 1 1 1 2 2 0 1 0 1 2 2 0 2 2 0 1 1 2 1 0 0 0 1 1 1 1 0 0 0 0 2 0 0 0 1 0 0 0 0 1 1 0 1 1 2 0 1 2 1 2 0 2 1 1 0 1 2 2 2 1 1 0 0 2 2 1 0 1 1 2 2 0 1 1 0 0 0 0 0 2 1 2 2 0 2 1 1 1 2 0 2 0 0 0 2 1 1 1 0 0 1 1 1 2 2 0 1 0 1 2 2 0 2 2 0 1 1 2 1 0 0 0 1 1 1 1 0 0 0 0 2 0 0 0 1 0 0 0 0 1 1 0 1 1 2 0 1 2 1 2 0 2 1 1 0 1 2 2 2 1 1 0 0 2 2 1 0 1 1 2 2 0 1 1 0 0 0 0
0.411524865279684 0.818895572178127 0.552084452943566 1.4460159945945 1.00595108379692 -1 0 1 1 0 2 0 2 0 0 0 2 0 2 0 0 0 2 1 2 1 2 2 1 1 0 2 1 0 0 0 0 2 1 1 2 0 1 0 0 1 0 0 2 0 1 1 0 0 0 0 1 0 1 0 0 0 2 2 1 1 2 2 2 1 2 1 1 0 2 1 1 2 1 2 1 1 0 0 1 2 2 2 1 0 1 1 2 0 0 2 2 2 2 1 1 2 0 1 1 2 0 -1 -1 0 -2 0 -2 0 0 0 -2 0 -2 0 0 0 -2 -1 -2 -1 -2 -2 -1 -1 0 -2 -1 0 0 0 0 -2 -1 -1 -2 0 -1 0 0 -1 0 0 -2 0 -1 -1 0 0 0 0 -1 0 -1 0 0 0 -2 -2 -1 -1 -2 -2 -2 -1 -2 -1 -1 0 -2 -1 -1 -2 -1 -2 -1 -1 0 0 -1 -2 -2 -2 -1 0 -1 -1 -2 0 0 -2 -2 -2 -2 -1 -1 -2 0 -1 -1 -2
-0.975150870006419 0.240380720350584 1.00233982474384 1.35328323220871 0.577641898582277 -1 0 2 2 1 1 0 2 2 0 0 2 0 2 1 1 1 2 1 1 1 1 0 2 0 0 1 1 0 0 1 1 2 2 1 2 1 1 1 1 2 1 0 1 0 2 2 2 2 0 1 1 0 2 0 0 2 2 1 1 2 2 2 2 1 2 1 1 0 2 2 2 2 0 2 1 1 1 0 0 2 2 2 0 0 0 1 2 1 2 2 0 1 1 1 2 2 0 0 0 2 0 -2 -2 -1 -1 0 -2 -2 0 0 -2 0 -2 -1 -1 -1 -2 -1 -1 -1 -1 0 -2 0 0 -1 -1 0 0 -1 -1 -2 -2 -1 -2 -1 -1 -1 -1 -2 -1 0 -1 0 -2 -2 -2 -2 0 -1 -1 0 -2 0 0 -2 -2 -1 -1 -2 -2 -2 -2 -1 -2 -1 -1 0 -2 -2 -2 -2 0 -2 -1 -1 -1 0 0 -2 -2 -2 0 0 0 -1 -2 -1 -2 -2 0 -1 -1 -1 -2 -2 0 0 0 -2
0.46130117675825 -0.234937927337552 -2.19623931373985 -0.382162365174535 -0.652864900751388 1 0 2 1 2 2 1 2 2 0 0 2 0 2 0 2 1 2 1 1 1 0 0 1 0 0 2 2 0 0 1 0 1 0 0 1 0 0 1 0 2 1 0 1 1 1 2 2 2 0 0 1 1 2 1 1 2 1 1 1 1 2 2 2 1 1 1 2 0 1 0 0 2 1 2 1 0 0 1 2 1 1 1 0 0 2 2 2 2 1 1 0 2 2 1 2 1 0 0 0 0 0 2 1 2 2 1 2 2 0 0 2 0 2 0 2 1 2 1 1 1 0 0 1 0 0 2 2 0 0 1 0 1 0 0 1 0 0 1 0 2 1 0 1 1 1 2 2 2 0 0 1 1 2 1 1 2 1 1 1 1 2 2 2 1 1 1 2 0 1 0 0 2 1 2 1 0 0 1 2 1 1 1 0 0 2 2 2 2 1 1 0 2 2 1 2 1 0 0 0 0
-0.159795441577121 0.746002015628579 0.813953413382793 -0.409884779886487 -2.86609589845428 1 1 2 1 1 2 0 2 2 0 0 2 0 2 0 2 2 2 2 1 1 1 0 2 0 2 2 2 0 0 1 1 2 1 0 2 1 0 1 0 2 2 0 1 0 2 1 2 2 0 0 1 0 2 0 0 2 2 0 1 0 1 2 1 0 0 2 2 0 1 1 0 2 1 2 1 0 1 0 1 1 1 1 0 0 0 0 2 2 2 2 1 1 2 0 2 2 1 0 0 1 1 2 1 1 2 0 2 2 0 0 2 0 2 0 2 2 2 2 1 1 1 0 2 0 2 2 2 0 0 1 1 2 1 0 2 1 0 1 0 2 2 0 1 0 2 1 2 2 0 0 1 0 2 0 0 2 2 0 1 0 1 2 1 0 0 2 2 0 1 1 0 2 1 2 1 0 1 0 1 1 1 1 0 0 0 0 2 2 2 2 1 1 2 0 2 2 1 0 0 1
0.16812138217286 -1.19500313281833 -0.0883964050220274 -1.76575260696128 -0.664463455963356 -1 0 2 2 1 2 1 2 1 1 1 2 0 2 0 2 2 2 1 1 1 1 1 1 0 0 2 1 0 1 1 2 2 0 1 2 2 0 0 0 2 2 2 0 0 1 1 1 0 0 0 1 0 2 1 1 2 2 2 1 2 2 2 2 2 2 2 0 0 1 0 0 2 0 2 1 0 0 1 2 2 2 2 0 0 0 1 2 0 0 1 1 2 2 0 2 1 0 0 0 0 0 -2 -2 -1 -2 -1 -2 -1 -1 -1 -2 0 -2 0 -2 -2 -2 -1 -1 -1 -1 -1 -1 0 0 -2 -1 0 -1 -1 -2 -2 0 -1 -2 -2 0 0 0 -2 -2 -2 0 0 -1 -1 -1 0 0 0 -1 0 -2 -1 -1 -2 -2 -2 -1 -2 -2 -2 -2 -2 -2 -2 0 0 -1 0 0 -2 0 -2 -1 0 0 -1 -2 -2 -2 -2 0 0 0 -1 -2 0 0 -1 -1 -2 -2 0 -2 -1 0 0 0 0
-0.413553306239431 0.845446689795152 -0.569866356094827 1.0438779475763 0.109868501717112 -1 0 1 2 2 2 0 2 1 0 0 2 1 2 0 0 0 2 1 0 1 0 0 2 0 0 2 2 0 0 0 2 1 1 1 2 1 1 0 0 2 2 1 1 0 0 1 2 1 0 0 1 0 2 1 0 1 0 1 0 0 1 1 1 0 0 0 2 0 2 2 2 2 1 2 1 1 0 0 0 0 1 1 0 0 1 1 1 1 0 0 0 1 2 1 2 2 2 1 0 1 0 -1 -2 -2 -2 0 -2 -1 0 0 -2 -1 -2 0 0 0 -2 -1 0 -1 0 0 -2 0 0 -2 -2 0 0 0 -2 -1 -1 -1 -2 -1 -1 0 0 -2 -2 -1 -1 0 0 -1 -2 -1 0 0 -1 0 -2 -1 0 -1 0 -1 0 0 -1 -1 -1 0 0 0 -2 0 -2 -2 -2 -2 -1 -2 -1 -1 0 0 0 0 -1 -1 0 0 -1 -1 -1 -1 0 0 0 -1 -2 -1 -2 -2 -2 -1 0 -1
-0.313717128771364 -1.66054489789705 -0.47031435906743 1.2167644182816 -0.19321432467567 -1 1 2 1 2 2 0 2 1 1 0 2 0 2 1 0 0 2 2 2 1 1 0 1 0 0 0 0 0 1 2 2 2 1 1 1 0 0 0 1 2 1 0 2 1 0 1 0 1 0 0 0 0 2 0 0 1 1 0 0 0 1 2 2 0 1 0 1 0 1 1 2 2 0 2 1 1 0 0 0 0 2 2 2 0 1 2 2 1 0 2 1 1 2 0 2 1 0 0 0 2 -1 -2 -1 -2 -2 0 -2 -1 -1 0 -2 0 -2 -1 0 0 -2 -2 -2 -1 -1 0 -1 0 0 0 0 0 -1 -2 -2 -2 -1 -1 -1 0 0 0 -1 -2 -1 0 -2 -1 0 -1 0 -1 0 0 0 0 -2 0 0 -1 -1 0 0 0 -1 -2 -2 0 -1 0 -1 0 -1 -1 -2 -2 0 -2 -1 -1 0 0 0 0 -2 -2 -2 0 -1 -2 -2 -1 0 -2 -1 -1 -2 0 -2 -1 0 0 0 -2
0.19941820284225 -0.0373933646518029 -0.182599497863501 0.493753321307377 -0.525860242584224 1 1 2 1 1 1 0 2 1 0 0 2 0 2 0 1 1 2 0 0 1 0 1 1 0 1 2 2 1 1 2 2 2 2 0 2 1 0 0 0 2 1 0 0 0 2 1 1 1 0 0 1 1 2 0 0 1 1 1 0 0 1 1 0 0 2 1 1 0 2 1 0 2 1 2 1 1 0 0 0 2 2 2 0 0 1 1 2 0 0 2 0 1 2 2 2 2 1 0 0 0 1 2 1 1 1 0 2 1 0 0 2 0 2 0 1 1 2 0 0 1 0 1 1 0 1 2 2 1 1 2 2 2 2 0 2 1 0 0 0 2 1 0 0 0 2 1 1 1 0 0 1 1 2 0 0 1 1 1 0 0 1 1 0 0 2 1 1 0 2 1 0 2 1 2 1 1 0 0 0 2 2 2 0 0 1 1 2 0 0 2 0 1 2 2 2 2 1 0 0 0
0.885087297130866 0.471858066532784 -1.53005401408526 -0.566619794576581 0.396488063335756 -1 0 1 0 1 2 0 2 0 1 0 1 0 2 0 0 0 1 0 0 2 0 0 0 0 0 2 1 0 0 0 1 2 0 1 2 1 1 1 1 2 1 0 0 0 1 1 1 2 0 0 2 1 2 0 0 1 2 0 0 1 2 2 2 0 1 0 0 0 2 1 1 1 0 2 0 0 0 0 2 2 2 2 0 0 0 1 2 1 1 2 1 1 1 1 2 2 0 0 0 1 0 -1 0 -1 -2 0 -2 0 -1 0 -1 0 -2 0 0 0 -1 0 0 -2 0 0 0 0 0 -2 -1 0 0 0 -1 -2 0 -1 -2 -1 -1 -1 -1 -2 -1 0 0 0 -1 -1 -1 -2 0 0 -2 -1 -2 0 0 -1 -2 0 0 -1 -2 -2 -2 0 -1 0 0 0 -2 -1 -1 -1 0 -2 0 0 0 0 -2 -2 -2 -2 0 0 0 -1 -2 -1 -1 -2 -1 -1 -1 -1 -2 -2 0 0 0 -1
-0.152794615356744 0.597624229812189 2.22169998403504 -2.54588487710543 0.933771685715613 -1 0 2 2 2 2 1 2 1 1 1 2 0 2 0 1 2 2 1 1 1 0 0 2 0 0 1 1 0 0 1 2 1 0 1 2 1 0 0 0 1 0 0 1 0 1 2 2 2 1 0 1 0 1 0 0 1 1 1 1 1 2 2 1 1 0 1 1 0 2 2 2 2 1 1 2 1 1 1 1 2 2 2 0 0 2 1 2 2 1 1 2 2 2 0 2 2 1 2 1 2 0 -2 -2 -2 -2 -1 -2 -1 -1 -1 -2 0 -2 0 -1 -2 -2 -1 -1 -1 0 0 -2 0 0 -1 -1 0 0 -1 -2 -1 0 -1 -2 -1 0 0 0 -1 0 0 -1 0 -1 -2 -2 -2 -1 0 -1 0 -1 0 0 -1 -1 -1 -1 -1 -2 -2 -1 -1 0 -1 -1 0 -2 -2 -2 -2 -1 -1 -2 -1 -1 -1 -1 -2 -2 -2 0 0 -2 -1 -2 -2 -1 -1 -2 -2 -2 0 -2 -2 -1 -2 -1 -2
-0.347243148350228 -0.0516891872576128 -0.108114020420979 -0.721219965562161 0.463688723428388 -1 0 0 0 2 2 1 2 2 1 1 2 0 2 0 1 1 2 0 1 1 1 0 1 1 1 2 1 1 0 2 2 2 0 0 2 1 1 1 1 2 2 1 2 0 1 1 1 0 0 1 1 1 2 1 0 2 0 1 1 2 2 2 2 1 2 1 0 0 2 1 2 2 0 2 1 1 1 1 2 2 2 2 1 0 1 1 2 0 0 0 1 1 1 0 1 1 0 0 0 1 0 0 0 -2 -2 -1 -2 -2 -1 -1 -2 0 -2 0 -1 -1 -2 0 -1 -1 -1 0 -1 -1 -1 -2 -1 -1 0 -2 -2 -2 0 0 -2 -1 -1 -1 -1 -2 -2 -1 -2 0 -1 -1 -1 0 0 -1 -1 -1 -2 -1 0 -2 0 -1 -1 -2 -2 -2 -2 -1 -2 -1 0 0 -2 -1 -2 -2 0 -2 -1 -1 -1 -1 -2 -2 -2 -2 -1 0 -1 -1 -2 0 0 0 -1 -1 -1 0 -1 -1 0 0 0 -1
1.54577706905735 -1.53572148574227 -2.48959948195345 -0.0425467459775156 -1.95555835970462 1 0 1 2 2 2 1 2 1 0 0 1 0 2 1 2 0 2 0 1 2 1 1 2 0 1 2 0 0 1 2 2 2 1 1 2 1 1 1 2 2 1 0 2 0 1 1 1 1 0 0 0 0 2 0 0 0 1 1 1 2 2 1 2 0 1 0 2 0 2 1 1 2 0 2 1 2 0 0 1 2 2 2 0 0 1 0 2 0 1 0 1 1 2 1 2 1 0 0 0 1 0 1 2 2 2 1 2 1 0 0 1 0 2 1 2 0 2 0 1 2 1 1 2 0 1 2 0 0 1 2 2 2 1 1 2 1 1 1 2 2 1 0 2 0 1 1 1 1 0 0 0 0 2 0 0 0 1 1 1 2 2 1 2 0 1 0 2 0 2 1 1 2 0 2 1 2 0 0 1 2 2 2 0 0 1 0 2 0 1 0 1 1 2 1 2 1 0 0 0 1
-0.487874917334119 0.603395808313103 -0.749659588474964 -1.26298654495442 2.87237249934684 1 1 2 2 2 2 0 2 2 1 1 2 0 2 0 1 1 2 2 1 1 1 2 2 1 1 1 1 0 0 1 1 2 0 0 2 2 0 0 0 2 1 0 2 0 2 2 0 0 0 0 2 0 2 0 0 1 2 1 0 1 1 2 1 0 1 0 2 0 2 1 1 2 1 2 1 2 0 1 0 1 2 2 0 0 1 1 2 2 1 1 1 1 2 0 1 1 0 0 0 2 1 2 2 2 2 0 2 2 1 1 2 0 2 0 1 1 2 2 1 1 1 2 2 1 1 1 1 0 0 1 1 2 0 0 2 2 0 0 0 2 1 0 2 0 2 2 0 0 0 0 2 0 2 0 0 1 2 1 0 1 1 2 1 0 1 0 2 0 2 1 1 2 1 2 1 2 0 1 0 1 2 2 0 0 1 1 2 2 1 1 1 1 2 0 1 1 0 0 0 2
-0.547292085113555 -1.31069962046229 0.689612093787029 -0.199250889223858 0.367910247750361 -1 0 0 0 0 1 0 2 2 1 1 2 0 2 1 0 0 2 2 2 2 1 1 2 0 0 2 2 0 0 0 1 2 1 1 2 0 0 1 0 2 2 0 0 0 1 1 2 2 0 1 1 2 2 1 0 2 2 0 1 0 1 1 1 1 1 2 2 0 2 1 0 2 0 2 1 0 0 1 1 1 2 1 1 0 1 2 2 1 0 0 0 1 2 2 2 1 0 0 0 1 0 0 0 0 -1 0 -2 -2 -1 -1 -2 0 -2 -1 0 0 -2 -2 -2 -2 -1 -1 -2 0 0 -2 -2 0 0 0 -1 -2 -1 -1 -2 0 0 -1 0 -2 -2 0 0 0 -1 -1 -2 -2 0 -1 -1 -2 -2 -1 0 -2 -2 0 -1 0 -1 -1 -1 -1 -1 -2 -2 0 -2 -1 0 -2 0 -2 -1 0 0 -1 -1 -1 -2 -1 -1 0 -1 -2 -2 -1 0 0 0 -1 -2 -2 -2 -1 0 0 0 -1
0.13156784557997 -0.18349042978171 2.91951395656594 -1.27509175455914 0.373690491734154 1 2 2 1 1 2 0 2 1 0 0 2 0 2 0 2 1 2 1 1 2 0 0 1 0 0 2 1 1 1 2 2 2 1 1 2 1 0 0 0 2 1 0 0 0 1 1 1 1 0 0 0 1 2 0 0 2 2 1 0 0 1 1 2 1 2 1 2 0 2 1 1 2 1 2 1 0 0 1 1 2 2 1 0 0 1 2 2 1 1 2 2 2 2 2 2 1 1 0 1 1 2 2 1 1 2 0 2 1 0 0 2 0 2 0 2 1 2 1 1 2 0 0 1 0 0 2 1 1 1 2 2 2 1 1 2 1 0 0 0 2 1 0 0 0 1 1 1 1 0 0 0 1 2 0 0 2 2 1 0 0 1 1 2 1 2 1 2 0 2 1 1 2 1 2 1 0 0 1 1 2 2 1 0 0 1 2 2 1 1 2 2 2 2 2 2 1 1 0 1 1
0.00261105210250437 0.108211593476556 0.0444950456138777 0.492816333713584 0.84959351359597 1 0 1 2 2 2 1 2 1 1 1 2 0 2 0 0 0 2 1 1 1 1 1 1 0 1 2 2 0 0 0 1 2 1 0 1 0 0 1 1 2 2 1 2 0 0 2 2 2 0 0 1 0 2 0 0 2 2 1 0 0 2 1 1 0 0 0 2 0 2 1 0 1 1 2 1 0 0 0 0 1 2 1 1 0 1 1 2 0 0 1 1 2 2 0 2 1 0 0 2 1 0 1 2 2 2 1 2 1 1 1 2 0 2 0 0 0 2 1 1 1 1 1 1 0 1 2 2 0 0 0 1 2 1 0 1 0 0 1 1 2 2 1 2 0 0 2 2 2 0 0 1 0 2 0 0 2 2 1 0 0 2 1 1 0 0 0 2 0 2 1 0 1 1 2 1 0 0 0 0 1 2 1 1 0 1 1 2 0 0 1 1 2 2 0 2 1 0 0 2 1
2.1972637304262 1.65509454104352 0.26312956751178 -0.302830179469553 0.102589238942636 1 0 0 1 1 2 1 2 2 2 1 2 0 2 1 1 1 2 2 2 1 0 0 2 0 0 2 1 0 0 0 0 1 0 1 2 2 0 0 0 2 2 0 1 0 0 2 2 1 0 1 2 0 2 1 0 2 2 0 0 0 2 2 2 0 1 1 2 0 2 1 1 2 1 2 1 1 0 1 2 2 2 2 0 0 1 2 2 2 1 1 1 2 2 1 2 2 0 0 0 1 0 0 1 1 2 1 2 2 2 1 2 0 2 1 1 1 2 2 2 1 0 0 2 0 0 2 1 0 0 0 0 1 0 1 2 2 0 0 0 2 2 0 1 0 0 2 2 1 0 1 2 0 2 1 0 2 2 0 0 0 2 2 2 0 1 1 2 0 2 1 1 2 1 2 1 1 0 1 2 2 2 2 0 0 1 2 2 2 1 1 1 2 2 1 2 2 0 0 0 1
-0.206846442180895 -0.800055271831678 -0.00890452648046801 0.750803226283204 -0.607146738580706 -1 1 2 2 1 2 1 2 1 1 2 2 1 2 2 2 1 2 2 1 2 0 0 1 0 0 2 2 0 1 1 2 2 1 2 2 1 0 0 0 2 2 2 2 0 1 1 2 2 0 0 2 1 2 0 0 1 1 2 2 2 2 1 2 1 2 1 2 0 2 2 1 2 0 1 1 1 1 0 1 2 2 2 1 0 2 2 2 0 0 0 0 1 0 0 2 2 1 1 1 1 -1 -2 -2 -1 -2 -1 -2 -1 -1 -2 -2 -1 -2 -2 -2 -1 -2 -2 -1 -2 0 0 -1 0 0 -2 -2 0 -1 -1 -2 -2 -1 -2 -2 -1 0 0 0 -2 -2 -2 -2 0 -1 -1 -2 -2 0 0 -2 -1 -2 0 0 -1 -1 -2 -2 -2 -2 -1 -2 -1 -2 -1 -2 0 -2 -2 -1 -2 0 -1 -1 -1 -1 0 -1 -2 -2 -2 -1 0 -2 -2 -2 0 0 0 0 -1 0 0 -2 -2 -1 -1 -1 -1
-0.110181721540712 2.21880853621316 0.424057674026222 -1.52210514768256 -2.17471588809895 -1 0 2 1 1 1 0 2 1 0 0 2 0 2 0 1 1 2 2 2 2 0 0 1 0 1 2 2 0 0 0 1 2 0 1 2 2 0 1 1 2 2 0 1 0 1 2 0 0 0 0 2 1 2 0 0 1 2 1 1 1 2 2 2 0 1 1 2 0 2 2 1 2 1 1 0 0 0 0 0 1 1 0 0 0 1 2 2 1 0 0 1 2 0 0 2 1 0 0 0 1 0 -2 -1 -1 -1 0 -2 -1 0 0 -2 0 -2 0 -1 -1 -2 -2 -2 -2 0 0 -1 0 -1 -2 -2 0 0 0 -1 -2 0 -1 -2 -2 0 -1 -1 -2 -2 0 -1 0 -1 -2 0 0 0 0 -2 -1 -2 0 0 -1 -2 -1 -1 -1 -2 -2 -2 0 -1 -1 -2 0 -2 -2 -1 -2 -1 -1 0 0 0 0 0 -1 -1 0 0 0 -1 -2 -2 -1 0 0 -1 -2 0 0 -2 -1 0 0 0 -1
1.57470510865296 -0.0668229398174485 -0.50102660466145 0.18077411750814 -0.613708837021783 1 1 1 0 2 2 2 2 2 2 1 2 0 2 0 0 1 2 2 0 0 1 1 2 0 1 2 1 0 0 1 1 1 0 1 2 1 1 1 0 2 2 1 0 0 0 0 0 0 0 0 1 1 2 0 0 2 2 1 0 1 2 2 2 1 1 2 2 0 2 2 1 2 0 2 0 0 1 0 2 2 2 1 1 0 2 1 2 1 0 0 0 2 1 0 2 0 0 0 0 0 1 1 0 2 2 2 2 2 2 1 2 0 2 0 0 1 2 2 0 0 1 1 2 0 1 2 1 0 0 1 1 1 0 1 2 1 1 1 0 2 2 1 0 0 0 0 0 0 0 0 1 1 2 0 0 2 2 1 0 1 2 2 2 1 1 2 2 0 2 2 1 2 0 2 0 0 1 0 2 2 2 1 1 0 2 1 2 1 0 0 0 2 1 0 2 0 0 0 0 0
0.0291478096374982 0.787106879683153 1.82988478616738 -1.31057687632835 -0.863123626112664 -1 0 2 1 2 2 0 2 2 2 0 2 0 1 0 0 0 2 1 0 2 1 1 2 0 0 2 2 0 0 1 1 2 1 1 2 1 2 1 0 2 2 0 1 0 0 0 1 0 0 1 2 1 2 0 0 1 2 1 1 2 2 2 2 0 1 1 1 0 2 1 2 2 0 2 1 2 0 1 2 2 2 2 1 0 2 1 2 0 0 0 0 1 2 1 2 2 1 1 1 0 0 -2 -1 -2 -2 0 -2 -2 -2 0 -2 0 -1 0 0 0 -2 -1 0 -2 -1 -1 -2 0 0 -2 -2 0 0 -1 -1 -2 -1 -1 -2 -1 -2 -1 0 -2 -2 0 -1 0 0 0 -1 0 0 -1 -2 -1 -2 0 0 -1 -2 -1 -1 -2 -2 -2 -2 0 -1 -1 -1 0 -2 -1 -2 -2 0 -2 -1 -2 0 -1 -2 -2 -2 -2 -1 0 -2 -1 -2 0 0 0 0 -1 -2 -1 -2 -2 -1 -1 -1 0
0.397258987075526 -0.246967659292612 -0.168280005640084 0.256134959399291 -1.20317230490134 -1 1 0 0 1 1 0 2 2 1 1 2 0 1 0 1 1 2 1 1 0 0 0 2 1 0 2 1 0 0 1 1 1 1 2 2 0 0 0 0 2 1 0 0 0 1 2 1 1 0 0 0 0 2 0 0 2 2 1 1 0 2 2 2 1 2 1 2 0 2 1 1 2 0 2 2 1 0 2 1 1 1 1 1 0 1 2 2 0 0 0 0 1 2 1 2 1 0 0 0 0 -1 0 0 -1 -1 0 -2 -2 -1 -1 -2 0 -1 0 -1 -1 -2 -1 -1 0 0 0 -2 -1 0 -2 -1 0 0 -1 -1 -1 -1 -2 -2 0 0 0 0 -2 -1 0 0 0 -1 -2 -1 -1 0 0 0 0 -2 0 0 -2 -2 -1 -1 0 -2 -2 -2 -1 -2 -1 -2 0 -2 -1 -1 -2 0 -2 -2 -1 0 -2 -1 -1 -1 -1 -1 0 -1 -2 -2 0 0 0 0 -1 -2 -1 -2 -1 0 0 0 0
0.148270794773109 1.08084598845828 -0.229691186556988 -0.585643909615786 -0.112627022774259 -1 1 2 1 2 1 0 2 1 0 0 2 0 2 0 0 0 2 1 0 0 2 1 2 0 1 2 1 0 0 0 2 2 0 1 2 0 0 0 0 2 2 0 1 0 0 1 1 1 0 0 0 0 2 0 0 1 0 1 0 0 2 2 1 0 1 1 1 0 2 2 1 2 0 2 1 1 0 0 1 2 2 2 1 0 1 1 2 2 1 0 0 1 2 1 2 1 0 0 0 1 -1 -2 -1 -2 -1 0 -2 -1 0 0 -2 0 -2 0 0 0 -2 -1 0 0 -2 -1 -2 0 -1 -2 -1 0 0 0 -2 -2 0 -1 -2 0 0 0 0 -2 -2 0 -1 0 0 -1 -1 -1 0 0 0 0 -2 0 0 -1 0 -1 0 0 -2 -2 -1 0 -1 -1 -1 0 -2 -2 -1 -2 0 -2 -1 -1 0 0 -1 -2 -2 -2 -1 0 -1 -1 -2 -2 -1 0 0 -1 -2 -1 -2 -1 0 0 0 -1
0.0202853389996316 -0.87573115170542 -0.00496576059781555 0.711774725530565 -3.10117811219366 -1 2 2 1 1 1 0 2 2 1 1 2 0 1 0 0 0 2 1 1 1 1 0 1 1 1 2 2 0 0 1 2 2 1 0 2 1 2 2 0 1 0 0 2 1 1 1 1 2 0 0 2 1 2 0 0 2 1 1 0 1 2 2 2 0 2 2 1 0 1 2 2 2 1 2 0 1 1 0 1 1 1 1 0 0 0 1 2 0 0 0 1 1 1 0 2 1 0 0 0 1 -2 -2 -1 -1 -1 0 -2 -2 -1 -1 -2 0 -1 0 0 0 -2 -1 -1 -1 -1 0 -1 -1 -1 -2 -2 0 0 -1 -2 -2 -1 0 -2 -1 -2 -2 0 -1 0 0 -2 -1 -1 -1 -1 -2 0 0 -2 -1 -2 0 0 -2 -1 -1 0 -1 -2 -2 -2 0 -2 -2 -1 0 -1 -2 -2 -2 -1 -2 0 -1 -1 0 -1 -1 -1 -1 0 0 0 -1 -2 0 0 0 -1 -1 -1 0 -2 -1 0 0 0 -1
1.2582379382831 1.46767900269031 -0.658083049964071 0.190221813907587 -0.355910775090545 -1 1 1 2 2 1 0 1 2 1 1 2 0 2 1 2 0 2 0 0 1 0 0 2 0 1 2 2 0 0 2 2 2 1 0 2 2 1 0 0 2 2 2 2 0 1 1 0 0 0 0 2 1 2 0 0 2 2 2 0 1 2 2 2 0 0 1 2 0 2 2 1 1 0 2 1 2 0 0 2 2 2 1 0 0 0 0 2 0 0 1 1 2 2 0 2 1 0 0 1 1 -1 -1 -2 -2 -1 0 -1 -2 -1 -1 -2 0 -2 -1 -2 0 -2 0 0 -1 0 0 -2 0 -1 -2 -2 0 0 -2 -2 -2 -1 0 -2 -2 -1 0 0 -2 -2 -2 -2 0 -1 -1 0 0 0 0 -2 -1 -2 0 0 -2 -2 -2 0 -1 -2 -2 -2 0 0 -1 -2 0 -2 -2 -1 -1 0 -2 -1 -2 0 0 -2 -2 -2 -1 0 0 0 0 -2 0 0 -1 -1 -2 -2 0 -2 -1 0 0 -1 -1
1.4960647374762 -0.602592366193263 -2.76899961467852 -0.468945099483814 1.22354081518505 1 1 2 2 2 2 0 2 0 0 0 2 0 1 0 1 0 2 2 2 2 0 1 2 1 1 2 2 0 0 1 1 2 1 0 2 0 0 0 0 2 1 1 1 0 1 2 2 2 0 0 1 0 2 0 0 1 1 1 1 1 2 2 2 0 2 1 1 0 0 0 0 2 0 1 1 0 0 1 1 1 2 1 1 0 2 1 2 2 1 1 0 1 1 0 0 0 0 0 0 0 1 2 2 2 2 0 2 0 0 0 2 0 1 0 1 0 2 2 2 2 0 1 2 1 1 2 2 0 0 1 1 2 1 0 2 0 0 0 0 2 1 1 1 0 1 2 2 2 0 0 1 0 2 0 0 1 1 1 1 1 2 2 2 0 2 1 1 0 0 0 0 2 0 1 1 0 0 1 1 1 2 1 1 0 2 1 2 2 1 1 0 1 1 0 0 0 0 0 0 0
0.980203866535106 0.273642267421823 -0.660128278507463 1.10133296810149 -1.8734231162691 1 0 2 1 2 2 1 2 1 0 0 2 0 1 0 0 0 1 0 0 0 0 0 2 0 1 2 1 0 0 2 1 2 0 1 2 2 1 1 0 2 2 1 2 0 1 1 2 2 0 0 1 1 2 1 1 2 2 1 1 2 2 2 2 0 2 0 1 0 2 1 0 2 0 2 1 0 0 1 2 2 2 2 1 0 1 0 2 1 0 2 1 2 1 0 2 2 0 0 1 0 0 2 1 2 2 1 2 1 0 0 2 0 1 0 0 0 1 0 0 0 0 0 2 0 1 2 1 0 0 2 1 2 0 1 2 2 1 1 0 2 2 1 2 0 1 1 2 2 0 0 1 1 2 1 1 2 2 1 1 2 2 2 2 0 2 0 1 0 2 1 0 2 0 2 1 0 0 1 2 2 2 2 1 0 1 0 2 1 0 2 1 2 1 0 2 2 0 0 1 0
-1.19265080157482 0.967233011807522 -0.87620148516999 0.629683457511982 1.14682003090075 -1 0 1 1 2 2 1 2 2 1 2 2 0 2 0 1 1 2 2 2 2 0 1 2 0 1 2 2 0 0 0 0 2 2 1 2 0 1 0 0 2 1 0 0 0 0 1 2 2 0 0 1 0 2 0 0 0 0 0 0 0 1 2 1 0 2 2 2 0 2 1 1 2 1 2 0 0 0 0 1 1 2 2 1 0 1 1 2 1 1 1 0 0 1 0 2 1 0 0 0 2 0 -1 -1 -2 -2 -1 -2 -2 -1 -2 -2 0 -2 0 -1 -1 -2 -2 -2 -2 0 -1 -2 0 -1 -2 -2 0 0 0 0 -2 -2 -1 -2 0 -1 0 0 -2 -1 0 0 0 0 -1 -2 -2 0 0 -1 0 -2 0 0 0 0 0 0 0 -1 -2 -1 0 -2 -2 -2 0 -2 -1 -1 -2 -1 -2 0 0 0 0 -1 -1 -2 -2 -1 0 -1 -1 -2 -1 -1 -1 0 0 -1 0 -2 -1 0 0 0 -2
0.481344823218024 0.100363748851901 -0.23750259906653 -1.14582105902914 1.31741125070147 1 1 2 2 2 2 1 2 1 0 0 2 0 2 0 1 0 2 1 1 1 1 2 2 0 0 2 1 0 0 1 2 2 0 0 2 1 0 1 2 2 2 0 1 1 1 1 2 2 0 0 1 0 2 0 0 1 1 2 1 1 2 2 2 1 2 0 2 0 2 1 1 1 1 2 1 1 0 1 1 2 2 1 0 0 1 1 2 1 0 1 1 2 2 1 2 2 0 0 0 0 1 2 2 2 2 1 2 1 0 0 2 0 2 0 1 0 2 1 1 1 1 2 2 0 0 2 1 0 0 1 2 2 0 0 2 1 0 1 2 2 2 0 1 1 1 1 2 2 0 0 1 0 2 0 0 1 1 2 1 1 2 2 2 1 2 0 2 0 2 1 1 1 1 2 1 1 0 1 1 2 2 1 0 0 1 1 2 1 0 1 1 2 2 1 2 2 0 0 0 0
-1.16293243868977 -0.799237915259196 -0.441418684233917 0.145932290072793 -1.37532006495864 1 0 1 0 2 2 0 2 2 0 0 2 0 1 0 0 1 2 1 1 2 1 0 2 1 1 2 1 0 1 2 2 2 2 1 2 0 0 0 1 2 2 1 1 1 0 0 1 2 0 0 0 1 2 1 0 1 2 1 0 0 1 2 2 1 2 2 2 0 1 0 0 2 0 2 2 1 0 0 1 2 2 2 1 0 2 2 2 1 1 2 2 2 2 0 1 1 1 1 0 1 0 1 0 2 2 0 2 2 0 0 2 0 1 0 0 1 2 1 1 2 1 0 2 1 1 2 1 0 1 2 2 2 2 1 2 0 0 0 1 2 2 1 1 1 0 0 1 2 0 0 0 1 2 1 0 1 2 1 0 0 1 2 2 1 2 2 2 0 1 0 0 2 0 2 2 1 0 0 1 2 2 2 1 0 2 2 2 1 1 2 2 2 2 0 1 1 1 1 0 1
0.470573031121985 0.112827966210863 0.00694231768473492 0.530300862513138 0.350940763202275 1 0 1 0 2 2 1 2 2 1 2 2 0 2 0 0 0 2 1 1 0 0 0 2 0 0 1 0 0 0 0 0 1 1 0 2 1 0 0 1 2 1 0 0 0 1 1 2 2 0 1 1 0 2 0 0 2 1 1 1 1 2 1 1 0 1 1 2 0 1 1 1 2 2 2 2 0 0 1 1 2 2 2 1 0 2 1 2 1 1 1 1 1 1 1 2 2 1 1 0 1 0 1 0 2 2 1 2 2 1 2 2 0 2 0 0 0 2 1 1 0 0 0 2 0 0 1 0 0 0 0 0 1 1 0 2 1 0 0 1 2 1 0 0 0 1 1 2 2 0 1 1 0 2 0 0 2 1 1 1 1 2 1 1 0 1 1 2 0 1 1 1 2 2 2 2 0 0 1 1 2 2 2 1 0 2 1 2 1 1 1 1 1 1 1 2 2 1 1 0 1
0.52218697339709 1.14175165511228 0.466479889459753 0.513640785314023 -1.08676552641789 -1 1 2 2 2 2 0 2 1 0 0 2 0 2 1 1 0 2 1 2 2 0 1 2 0 0 1 1 0 0 1 0 2 2 0 2 1 1 0 0 2 1 0 1 0 0 0 1 1 0 1 1 1 2 0 0 1 2 0 0 0 1 2 1 0 1 0 1 0 1 0 0 2 1 2 0 0 0 1 0 2 2 1 1 0 2 0 2 1 1 2 1 1 1 0 2 1 0 0 0 2 -1 -2 -2 -2 -2 0 -2 -1 0 0 -2 0 -2 -1 -1 0 -2 -1 -2 -2 0 -1 -2 0 0 -1 -1 0 0 -1 0 -2 -2 0 -2 -1 -1 0 0 -2 -1 0 -1 0 0 0 -1 -1 0 -1 -1 -1 -2 0 0 -1 -2 0 0 0 -1 -2 -1 0 -1 0 -1 0 -1 0 0 -2 -1 -2 0 0 0 -1 0 -2 -2 -1 -1 0 -2 0 -2 -1 -1 -2 -1 -1 -1 0 -2 -1 0 0 0 -2
1.29610142169651 -0.891764191731372 0.392309976169387 -0.924695486314947 2.23095320344382 1 0 2 2 2 2 2 2 1 2 1 2 0 2 0 0 0 2 0 0 1 0 1 2 1 2 2 2 1 1 2 2 2 2 0 1 1 0 0 0 2 2 1 2 0 1 1 1 1 0 0 1 0 2 0 0 2 2 2 0 1 1 1 0 0 1 1 1 0 1 1 1 2 0 2 2 1 0 0 2 1 2 2 1 0 2 2 2 1 1 2 1 1 2 1 2 2 0 0 0 1 0 2 2 2 2 2 2 1 2 1 2 0 2 0 0 0 2 0 0 1 0 1 2 1 2 2 2 1 1 2 2 2 2 0 1 1 0 0 0 2 2 1 2 0 1 1 1 1 0 0 1 0 2 0 0 2 2 2 0 1 1 1 0 0 1 1 1 0 1 1 1 2 0 2 2 1 0 0 2 1 2 2 1 0 2 2 2 1 1 2 1 1 2 1 2 2 0 0 0 1
1.89340414744534 -0.57226791151717 -0.277956318060691 -0.776148603169918 0.514905423322448 -1 1 1 1 2 2 2 2 1 1 0 2 0 1 0 0 1 2 1 1 2 0 1 2 1 1 2 2 1 1 2 2 2 2 1 2 2 1 1 0 2 1 0 2 1 0 0 1 2 0 0 2 1 2 0 0 1 2 0 1 2 2 2 2 1 2 0 1 0 2 2 1 2 1 2 1 0 0 0 2 2 2 2 1 0 2 1 2 1 1 2 2 1 0 0 2 2 1 1 1 2 -1 -1 -1 -2 -2 -2 -2 -1 -1 0 -2 0 -1 0 0 -1 -2 -1 -1 -2 0 -1 -2 -1 -1 -2 -2 -1 -1 -2 -2 -2 -2 -1 -2 -2 -1 -1 0 -2 -1 0 -2 -1 0 0 -1 -2 0 0 -2 -1 -2 0 0 -1 -2 0 -1 -2 -2 -2 -2 -1 -2 0 -1 0 -2 -2 -1 -2 -1 -2 -1 0 0 0 -2 -2 -2 -2 -1 0 -2 -1 -2 -1 -1 -2 -2 -1 0 0 -2 -2 -1 -1 -1 -2
-0.640048173366226 -0.721536584930549 -0.656445020531369 0.16773190919534 0.160477465982982 1 0 0 1 2 2 1 2 2 0 1 2 0 2 0 1 1 2 2 2 2 1 0 2 0 0 2 2 0 0 1 1 2 1 1 2 1 1 1 0 1 1 1 1 0 1 1 1 1 0 0 2 1 2 1 1 1 2 1 0 1 1 1 1 0 2 1 2 0 2 1 1 2 0 2 1 1 0 0 0 2 2 2 0 0 1 2 2 1 0 0 1 2 2 1 2 1 0 0 0 1 0 0 1 2 2 1 2 2 0 1 2 0 2 0 1 1 2 2 2 2 1 0 2 0 0 2 2 0 0 1 1 2 1 1 2 1 1 1 0 1 1 1 1 0 1 1 1 1 0 0 2 1 2 1 1 1 2 1 0 1 1 1 1 0 2 1 2 0 2 1 1 2 0 2 1 1 0 0 0 2 2 2 0 0 1 2 2 1 0 0 1 2 2 1 2 1 0 0 0 1
1.73796397627984 0.534765136389572 -1.58469216899643 -3.12266026389627 1.63501539688542 -1 0 2 2 2 2 0 2 0 1 0 2 0 2 0 0 0 2 1 0 1 2 2 2 0 0 1 0 0 0 1 1 2 1 1 2 2 1 0 0 2 2 0 2 1 2 2 1 1 0 0 0 0 2 0 0 1 1 1 0 1 1 2 2 1 2 1 0 0 2 0 0 1 0 2 1 0 1 0 0 1 2 1 1 0 1 1 2 0 0 0 0 1 1 1 2 2 0 0 1 2 0 -2 -2 -2 -2 0 -2 0 -1 0 -2 0 -2 0 0 0 -2 -1 0 -1 -2 -2 -2 0 0 -1 0 0 0 -1 -1 -2 -1 -1 -2 -2 -1 0 0 -2 -2 0 -2 -1 -2 -2 -1 -1 0 0 0 0 -2 0 0 -1 -1 -1 0 -1 -1 -2 -2 -1 -2 -1 0 0 -2 0 0 -1 0 -2 -1 0 -1 0 0 -1 -2 -1 -1 0 -1 -1 -2 0 0 0 0 -1 -1 -1 -2 -2 0 0 -1 -2
0.0137238434163446 0.596122159376217 0.486538420377501 1.32365724539227 -0.213991897695811 -1 1 2 2 2 2 0 2 1 1 0 2 0 2 0 1 1 2 2 1 2 1 1 1 0 1 2 1 0 0 2 1 1 0 1 2 2 1 1 1 2 1 0 1 0 1 2 0 2 0 0 0 1 2 0 0 2 1 1 1 0 2 2 2 0 2 2 1 0 2 1 0 1 1 2 1 1 0 0 1 2 2 2 0 0 0 1 2 0 0 0 1 2 2 2 2 2 1 0 0 1 -1 -2 -2 -2 -2 0 -2 -1 -1 0 -2 0 -2 0 -1 -1 -2 -2 -1 -2 -1 -1 -1 0 -1 -2 -1 0 0 -2 -1 -1 0 -1 -2 -2 -1 -1 -1 -2 -1 0 -1 0 -1 -2 0 -2 0 0 0 -1 -2 0 0 -2 -1 -1 -1 0 -2 -2 -2 0 -2 -2 -1 0 -2 -1 0 -1 -1 -2 -1 -1 0 0 -1 -2 -2 -2 0 0 0 -1 -2 0 0 0 -1 -2 -2 -2 -2 -2 -1 0 0 -1
-0.602883382675115 -1.67093664112805 2.0327741631048 1.49421417414605 -1.2494051204676 1 0 2 1 1 2 1 2 1 1 1 2 0 1 0 1 0 2 1 0 1 1 0 2 0 2 2 1 0 0 1 1 2 0 1 2 1 1 0 0 1 1 0 1 0 1 1 2 2 0 0 1 1 2 2 0 1 1 1 0 1 2 1 2 0 1 0 2 0 2 2 1 2 2 2 2 1 0 0 1 2 2 2 1 0 2 2 2 2 1 1 1 1 2 0 1 1 0 0 1 1 0 2 1 1 2 1 2 1 1 1 2 0 1 0 1 0 2 1 0 1 1 0 2 0 2 2 1 0 0 1 1 2 0 1 2 1 1 0 0 1 1 0 1 0 1 1 2 2 0 0 1 1 2 2 0 1 1 1 0 1 2 1 2 0 1 0 2 0 2 2 1 2 2 2 2 1 0 0 1 2 2 2 1 0 2 2 2 2 1 1 1 1 2 0 1 1 0 0 1 1
0.996588219060138 -0.347141103981511 0.387967884333611 0.578624651582307 0.34205721027464 -1 1 2 2 2 2 0 2 2 2 1 2 0 2 0 2 2 2 1 2 2 0 0 1 0 0 1 2 0 0 0 1 1 0 1 2 1 0 1 1 2 2 0 0 0 1 1 0 0 0 0 1 1 2 1 0 2 2 1 1 2 2 2 2 2 2 1 2 0 2 1 0 1 0 2 0 1 0 0 0 1 2 2 0 0 2 2 2 1 0 2 2 2 1 0 2 0 1 0 1 2 -1 -2 -2 -2 -2 0 -2 -2 -2 -1 -2 0 -2 0 -2 -2 -2 -1 -2 -2 0 0 -1 0 0 -1 -2 0 0 0 -1 -1 0 -1 -2 -1 0 -1 -1 -2 -2 0 0 0 -1 -1 0 0 0 0 -1 -1 -2 -1 0 -2 -2 -1 -1 -2 -2 -2 -2 -2 -2 -1 -2 0 -2 -1 0 -1 0 -2 0 -1 0 0 0 -1 -2 -2 0 0 -2 -2 -2 -1 0 -2 -2 -2 -1 0 -2 0 -1 0 -1 -2
-0.0461408481066549 0.194902462101478 -0.0891116738156978 0.954170607555124 1.28337621594071 1 0 1 1 1 1 0 2 0 0 0 2 0 1 0 0 1 2 2 0 1 1 0 2 0 0 2 1 0 0 0 1 2 0 0 1 0 0 0 0 2 2 0 1 0 1 1 1 2 0 1 1 0 2 0 0 2 2 2 0 1 1 2 2 0 1 1 2 0 2 2 1 2 0 2 1 0 1 1 2 1 2 2 1 0 1 1 2 0 1 1 1 2 2 1 2 2 1 1 1 1 0 1 1 1 1 0 2 0 0 0 2 0 1 0 0 1 2 2 0 1 1 0 2 0 0 2 1 0 0 0 1 2 0 0 1 0 0 0 0 2 2 0 1 0 1 1 1 2 0 1 1 0 2 0 0 2 2 2 0 1 1 2 2 0 1 1 2 0 2 2 1 2 0 2 1 0 1 1 2 1 2 2 1 0 1 1 2 0 1 1 1 2 2 1 2 2 1 1 1 1
-0.0498430279973583 -0.646937478959114 -2.87135730765577 0.878029008739552 0.0703230637943447 1 0 2 2 1 2 0 2 1 2 1 2 0 2 0 0 0 2 1 1 1 1 0 2 0 1 2 2 0 0 1 0 1 0 0 2 0 0 2 0 2 2 0 1 0 2 2 2 2 0 0 2 0 2 0 0 1 1 0 0 0 2 2 2 0 1 1 2 0 1 2 1 1 0 2 2 1 0 1 2 2 2 1 1 0 2 0 2 1 1 2 1 2 2 1 2 2 1 1 0 1 0 2 2 1 2 0 2 1 2 1 2 0 2 0 0 0 2 1 1 1 1 0 2 0 1 2 2 0 0 1 0 1 0 0 2 0 0 2 0 2 2 0 1 0 2 2 2 2 0 0 2 0 2 0 0 1 1 0 0 0 2 2 2 0 1 1 2 0 1 2 1 1 0 2 2 1 0 1 2 2 2 1 1 0 2 0 2 1 1 2 1 2 2 1 2 2 1 1 0 1
-0.438098276729237 -0.296645655024588 0.0783055081624494 -0.819102968746546 0.625646492236357 1 1 2 2 2 2 2 2 1 2 1 2 0 2 0 1 1 2 1 0 0 1 0 1 0 1 2 0 0 0 0 1 2 1 1 2 1 1 1 1 2 1 1 2 0 2 2 2 1 0 0 0 1 2 0 0 2 2 0 1 1 2 2 2 1 1 2 2 0 1 0 0 1 0 2 1 1 0 0 0 1 2 2 1 0 1 1 2 1 2 2 1 0 2 1 2 1 0 1 1 2 1 2 2 2 2 2 2 1 2 1 2 0 2 0 1 1 2 1 0 0 1 0 1 0 1 2 0 0 0 0 1 2 1 1 2 1 1 1 1 2 1 1 2 0 2 2 2 1 0 0 0 1 2 0 0 2 2 0 1 1 2 2 2 1 1 2 2 0 1 0 0 1 0 2 1 1 0 0 0 1 2 2 1 0 1 1 2 1 2 2 1 0 2 1 2 1 0 1 1 2
0.41180293359187 0.0471353596943489 -0.766128684724479 -1.5050916808906 0.241215659471951 -1 0 2 2 1 1 1 2 1 1 0 2 0 2 0 0 0 1 2 1 2 1 0 1 0 0 2 2 0 1 2 1 2 1 0 1 1 0 0 1 2 0 0 1 0 1 1 1 2 0 0 1 0 1 0 0 1 1 1 1 1 2 2 2 0 1 1 2 0 1 0 0 2 1 2 2 2 0 0 0 0 1 0 0 0 0 1 2 2 2 1 0 0 1 1 2 1 0 0 1 1 0 -2 -2 -1 -1 -1 -2 -1 -1 0 -2 0 -2 0 0 0 -1 -2 -1 -2 -1 0 -1 0 0 -2 -2 0 -1 -2 -1 -2 -1 0 -1 -1 0 0 -1 -2 0 0 -1 0 -1 -1 -1 -2 0 0 -1 0 -1 0 0 -1 -1 -1 -1 -1 -2 -2 -2 0 -1 -1 -2 0 -1 0 0 -2 -1 -2 -2 -2 0 0 0 0 -1 0 0 0 0 -1 -2 -2 -2 -1 0 0 -1 -1 -2 -1 0 0 -1 -1
0.689357537532719 1.29693571147459 0.841286197172888 -0.694843951453367 -0.548981477558268 1 1 2 1 2 2 0 2 1 2 2 2 1 2 0 0 1 2 2 2 2 0 1 2 0 1 1 1 0 0 0 1 2 0 0 1 1 1 0 1 2 2 1 2 1 2 1 2 1 0 0 2 0 2 0 0 1 2 1 0 1 1 2 2 0 1 0 1 0 1 2 1 2 0 2 2 2 0 0 0 1 1 0 0 0 1 0 1 2 1 1 2 2 2 2 2 1 0 0 0 0 1 2 1 2 2 0 2 1 2 2 2 1 2 0 0 1 2 2 2 2 0 1 2 0 1 1 1 0 0 0 1 2 0 0 1 1 1 0 1 2 2 1 2 1 2 1 2 1 0 0 2 0 2 0 0 1 2 1 0 1 1 2 2 0 1 0 1 0 1 2 1 2 0 2 2 2 0 0 0 1 1 0 0 0 1 0 1 2 1 1 2 2 2 2 2 1 0 0 0 0
-0.169653945663238 -0.721786202229541 1.99439600071118 -0.792432324826344 -0.0978915286610554 1 1 2 1 2 2 1 2 2 1 1 2 0 2 0 1 0 1 0 0 1 0 1 1 0 1 2 1 0 1 1 1 2 1 0 2 2 0 0 0 2 2 0 0 0 1 1 1 2 0 0 1 1 2 0 0 1 2 0 0 0 0 1 1 0 2 1 2 0 1 1 2 2 1 2 1 1 0 0 0 1 2 1 1 0 1 2 2 0 1 2 2 2 2 2 2 1 1 0 0 1 1 2 1 2 2 1 2 2 1 1 2 0 2 0 1 0 1 0 0 1 0 1 1 0 1 2 1 0 1 1 1 2 1 0 2 2 0 0 0 2 2 0 0 0 1 1 1 2 0 0 1 1 2 0 0 1 2 0 0 0 0 1 1 0 2 1 2 0 1 1 2 2 1 2 1 1 0 0 0 1 2 1 1 0 1 2 2 0 1 2 2 2 2 2 2 1 1 0 0 1
-0.175175289891742 1.46384994213053 0.976101780788357 0.891599944229511 -1.27423740331619 1 0 2 2 2 2 0 2 1 1 1 2 0 1 0 1 1 2 0 0 0 0 0 2 0 0 1 0 0 0 0 1 2 1 0 2 2 1 0 0 2 2 1 0 0 1 1 1 2 0 0 2 2 2 1 0 2 2 0 0 0 1 1 1 0 1 1 2 0 2 1 1 2 1 2 0 1 0 1 2 2 2 2 0 0 1 2 2 2 0 0 0 2 1 0 2 1 0 0 1 1 0 2 2 2 2 0 2 1 1 1 2 0 1 0 1 1 2 0 0 0 0 0 2 0 0 1 0 0 0 0 1 2 1 0 2 2 1 0 0 2 2 1 0 0 1 1 1 2 0 0 2 2 2 1 0 2 2 0 0 0 1 1 1 0 1 1 2 0 2 1 1 2 1 2 0 1 0 1 2 2 2 2 0 0 1 2 2 2 0 0 0 2 1 0 2 1 0 0 1 1
1.51953603475602 -1.7832023315026 -0.588854079367838 0.534939337996475 -1.17888183947866 1 0 1 1 2 2 1 2 2 0 0 1 0 2 0 1 1 2 0 1 2 1 1 2 0 0 2 0 0 0 1 1 2 0 1 2 0 0 0 0 2 2 0 0 0 0 1 2 1 0 1 1 0 2 0 1 1 1 1 0 1 1 1 1 0 0 0 1 0 2 1 2 2 0 2 1 2 0 0 2 2 2 2 0 0 0 1 2 1 0 1 2 1 1 1 2 1 1 1 0 1 0 1 1 2 2 1 2 2 0 0 1 0 2 0 1 1 2 0 1 2 1 1 2 0 0 2 0 0 0 1 1 2 0 1 2 0 0 0 0 2 2 0 0 0 0 1 2 1 0 1 1 0 2 0 1 1 1 1 0 1 1 1 1 0 0 0 1 0 2 1 2 2 0 2 1 2 0 0 2 2 2 2 0 0 0 1 2 1 0 1 2 1 1 1 2 1 1 1 0 1
-1.87296028140395 -0.500759636863574 -1.29041686946353 -1.68075028448815 -0.401776169040113 1 1 2 2 2 2 1 2 2 2 2 2 0 2 1 1 1 2 1 1 2 0 1 2 0 0 2 2 0 0 2 1 1 0 1 2 0 0 1 1 2 2 0 2 0 0 1 1 0 0 0 0 0 2 0 0 1 0 0 0 0 0 0 0 0 2 0 1 0 2 1 0 2 0 2 1 0 0 0 1 1 1 1 0 0 0 1 2 2 0 0 1 1 0 0 1 2 0 0 0 1 1 2 2 2 2 1 2 2 2 2 2 0 2 1 1 1 2 1 1 2 0 1 2 0 0 2 2 0 0 2 1 1 0 1 2 0 0 1 1 2 2 0 2 0 0 1 1 0 0 0 0 0 2 0 0 1 0 0 0 0 0 0 0 0 2 0 1 0 2 1 0 2 0 2 1 0 0 0 1 1 1 1 0 0 0 1 2 2 0 0 1 1 0 0 1 2 0 0 0 1
0.583426216945745 -0.749097125671064 0.393552528950756 1.94978374576514 -1.07128099117383 1 1 2 2 2 2 0 2 1 1 1 2 0 2 0 1 1 2 1 0 2 0 0 1 0 1 2 2 0 1 1 1 2 1 0 2 2 1 2 0 2 2 0 1 0 0 0 1 2 0 1 2 1 2 0 0 1 1 0 0 0 1 2 1 0 1 1 1 0 1 1 1 2 1 2 0 0 0 1 2 1 2 0 0 0 1 1 2 2 1 1 1 2 2 2 2 2 1 1 0 0 1 2 2 2 2 0 2 1 1 1 2 0 2 0 1 1 2 1 0 2 0 0 1 0 1 2 2 0 1 1 1 2 1 0 2 2 1 2 0 2 2 0 1 0 0 0 1 2 0 1 2 1 2 0 0 1 1 0 0 0 1 2 1 0 1 1 1 0 1 1 1 2 1 2 0 0 0 1 2 1 2 0 0 0 1 1 2 2 1 1 1 2 2 2 2 2 1 1 0 0
-2.27238492271233 -1.11331368439746 0.574994490813184 2.22665623761329 0.626371338549387 -1 0 1 1 2 2 1 2 2 1 1 2 0 2 0 1 0 2 0 0 1 1 0 2 0 1 2 2 1 1 2 1 2 1 2 2 1 1 2 1 2 1 0 0 0 1 2 2 2 0 0 0 0 2 0 0 2 2 1 0 0 1 2 2 0 1 1 2 0 2 2 1 2 0 2 2 1 0 1 0 2 2 2 0 0 0 0 2 2 0 0 1 1 2 1 2 1 0 0 0 0 0 -1 -1 -2 -2 -1 -2 -2 -1 -1 -2 0 -2 0 -1 0 -2 0 0 -1 -1 0 -2 0 -1 -2 -2 -1 -1 -2 -1 -2 -1 -2 -2 -1 -1 -2 -1 -2 -1 0 0 0 -1 -2 -2 -2 0 0 0 0 -2 0 0 -2 -2 -1 0 0 -1 -2 -2 0 -1 -1 -2 0 -2 -2 -1 -2 0 -2 -2 -1 0 -1 0 -2 -2 -2 0 0 0 0 -2 -2 0 0 -1 -1 -2 -1 -2 -1 0 0 0 0
0.534084264459442 -1.17213813542987 -0.638120430960442 1.78014804378763 1.0475594247536 -1 1 1 2 2 2 0 2 2 1 2 2 0 2 1 1 0 2 1 1 1 2 1 2 0 0 1 1 1 2 2 2 2 2 1 2 1 0 0 0 1 0 0 2 0 2 2 1 1 0 0 1 0 1 0 0 1 2 2 1 1 2 1 2 0 1 1 2 0 1 1 0 2 0 2 2 1 0 1 2 2 2 0 0 0 1 1 2 1 1 1 0 1 2 1 2 1 0 0 1 1 -1 -1 -2 -2 -2 0 -2 -2 -1 -2 -2 0 -2 -1 -1 0 -2 -1 -1 -1 -2 -1 -2 0 0 -1 -1 -1 -2 -2 -2 -2 -2 -1 -2 -1 0 0 0 -1 0 0 -2 0 -2 -2 -1 -1 0 0 -1 0 -1 0 0 -1 -2 -2 -1 -1 -2 -1 -2 0 -1 -1 -2 0 -1 -1 0 -2 0 -2 -2 -1 0 -1 -2 -2 -2 0 0 0 -1 -1 -2 -1 -1 -1 0 -1 -2 -1 -2 -1 0 0 -1 -1
0.316419247410514 -0.994059251592571 0.429582421335681 -0.72236533185053 -0.887471055535374 1 0 2 2 2 2 0 2 1 0 0 1 0 2 0 1 0 2 1 0 0 0 0 1 0 0 1 2 0 0 2 1 2 1 1 1 0 0 0 0 2 2 0 1 0 1 0 1 2 0 0 1 0 1 0 0 2 2 1 0 0 1 1 1 0 0 0 2 0 1 1 1 1 0 2 2 2 0 1 1 1 2 2 0 0 2 2 2 0 0 0 0 1 2 1 2 2 0 0 0 0 0 2 2 2 2 0 2 1 0 0 1 0 2 0 1 0 2 1 0 0 0 0 1 0 0 1 2 0 0 2 1 2 1 1 1 0 0 0 0 2 2 0 1 0 1 0 1 2 0 0 1 0 1 0 0 2 2 1 0 0 1 1 1 0 0 0 2 0 1 1 1 1 0 2 2 2 0 1 1 1 2 2 0 0 2 2 2 0 0 0 0 1 2 1 2 2 0 0 0 0
