0.744637135678264 0.544516364023683 0.426645399010797 0.287574087334223 0.186667939668501 -1 0 0 0 1 2 0 1 1 2 1 0 1 1 2 0 0 1 2 1 0 1 1 1 2 1 1 0 2 2 2 2 1 0 0 0 0 2 0 2 1 1 1 1 1 2 0 0 0 0 2 0 2 2 1 1 0 2 0 2 1 2 2 2 1 2 2 2 2 0 0 0 2 2 1 2 0 1 0 2 2 1 0 1 2 1 0 1 2 0 0 0 0 0 1 0 1 0 0 0 0 0 0 0 -1 -2 0 -1 -1 -2 -1 0 -1 -1 -2 0 0 -1 -2 -1 0 -1 -1 -1 -2 -1 -1 0 -2 -2 -2 -2 -1 0 0 0 0 -2 0 -2 -1 -1 -1 -1 -1 -2 0 0 0 0 -2 0 -2 -2 -1 -1 0 -2 0 -2 -1 -2 -2 -2 -1 -2 -2 -2 -2 0 0 0 -2 -2 -1 -2 0 -1 0 -2 -2 -1 0 -1 -2 -1 0 -1 -2 0 0 0 0 0 -1 0 -1 0 0 0 0
0.637049427832303 0.0640200546350663 -1.1174280339913 0.759060820089276 0.969110517126091 -1 0 1 0 1 2 0 2 2 2 1 0 2 2 2 1 0 0 2 0 0 1 1 1 2 0 1 0 1 1 2 1 1 1 0 0 1 2 0 2 0 1 0 2 1 2 1 1 0 0 2 1 2 0 0 1 0 2 0 2 1 1 0 1 0 0 0 1 1 0 0 0 1 1 0 1 0 1 1 2 1 1 1 1 1 0 0 2 0 0 0 0 0 0 1 2 1 0 0 0 0 0 -1 0 -1 -2 0 -2 -2 -2 -1 0 -2 -2 -2 -1 0 0 -2 0 0 -1 -1 -1 -2 0 -1 0 -1 -1 -2 -1 -1 -1 0 0 -1 -2 0 -2 0 -1 0 -2 -1 -2 -1 -1 0 0 -2 -1 -2 0 0 -1 0 -2 0 -2 -1 -1 0 -1 0 0 0 -1 -1 0 0 0 -1 -1 0 -1 0 -1 -1 -2 -1 -1 -1 -1 -1 0 0 -2 0 0 0 0 0 0 -1 -2 -1 0 0 0 0
0.326169594098622 0.823208299176888 -1.26548192278925 1.4227723773797 0.612875081879929 -1 1 2 1 2 2 0 2 1 2 1 0 0 0 1 1 1 0 2 1 1 2 2 0 1 0 1 0 1 2 2 2 2 2 1 1 2 2 0 2 0 1 2 0 0 1 0 1 0 1 2 0 2 0 1 1 0 1 0 2 0 1 0 1 0 0 2 1 2 0 0 0 2 2 1 2 0 0 1 2 2 2 0 1 0 0 0 1 1 0 1 1 0 0 1 0 0 0 0 1 2 -1 -2 -1 -2 -2 0 -2 -1 -2 -1 0 0 0 -1 -1 -1 0 -2 -1 -1 -2 -2 0 -1 0 -1 0 -1 -2 -2 -2 -2 -2 -1 -1 -2 -2 0 -2 0 -1 -2 0 0 -1 0 -1 0 -1 -2 0 -2 0 -1 -1 0 -1 0 -2 0 -1 0 -1 0 0 -2 -1 -2 0 0 0 -2 -2 -1 -2 0 0 -1 -2 -2 -2 0 -1 0 0 0 -1 -1 0 -1 -1 0 0 -1 0 0 0 0 -1 -2
1.18705499386761 -0.829480590033983 -2.1877137569475 -0.856754293599284 1.57861955178495 -1 0 1 1 2 2 0 2 2 2 0 0 2 2 2 1 1 0 2 0 0 2 0 1 2 0 2 1 1 1 1 0 1 0 0 0 0 2 0 1 1 1 0 1 0 1 1 2 1 0 2 0 1 0 0 1 0 1 0 1 1 2 2 2 1 1 2 1 2 0 1 2 0 1 1 2 0 1 2 2 1 1 1 2 1 0 0 1 0 0 1 0 0 0 2 1 1 0 0 0 0 0 -1 -1 -2 -2 0 -2 -2 -2 0 0 -2 -2 -2 -1 -1 0 -2 0 0 -2 0 -1 -2 0 -2 -1 -1 -1 -1 0 -1 0 0 0 0 -2 0 -1 -1 -1 0 -1 0 -1 -1 -2 -1 0 -2 0 -1 0 0 -1 0 -1 0 -1 -1 -2 -2 -2 -1 -1 -2 -1 -2 0 -1 -2 0 -1 -1 -2 0 -1 -2 -2 -1 -1 -1 -2 -1 0 0 -1 0 0 -1 0 0 0 -2 -1 -1 0 0 0 0
0.476579279049707 -0.496108311795695 -0.5558039643836 1.89118563351781 -0.733759042995103 -1 0 1 1 2 2 2 2 0 0 1 0 2 2 2 2 0 0 1 0 0 1 2 1 2 0 0 0 1 1 2 1 0 1 0 0 0 1 0 2 0 1 1 1 2 2 0 1 0 0 1 0 1 0 0 1 0 1 0 1 1 2 1 1 1 1 1 1 2 0 0 0 1 2 1 1 0 1 0 1 0 0 0 1 1 0 0 0 0 0 1 0 0 0 1 2 1 0 2 0 0 0 -1 -1 -2 -2 -2 -2 0 0 -1 0 -2 -2 -2 -2 0 0 -1 0 0 -1 -2 -1 -2 0 0 0 -1 -1 -2 -1 0 -1 0 0 0 -1 0 -2 0 -1 -1 -1 -2 -2 0 -1 0 0 -1 0 -1 0 0 -1 0 -1 0 -1 -1 -2 -1 -1 -1 -1 -1 -1 -2 0 0 0 -1 -2 -1 -1 0 -1 0 -1 0 0 0 -1 -1 0 0 0 0 0 -1 0 0 0 -1 -2 -1 0 -2 0 0
-1.29166347117279 -0.512857718103668 0.199512975240874 0.342828796573263 -1.07722966158589 -1 0 1 0 2 2 1 2 1 2 1 0 1 1 2 1 2 0 1 0 0 2 1 1 2 0 1 0 1 1 2 1 1 0 0 0 1 2 0 2 1 2 1 2 2 2 0 0 0 0 2 1 2 1 0 1 0 2 0 2 1 2 2 2 1 2 2 2 2 0 0 1 2 2 1 1 1 1 1 2 1 2 2 2 1 1 0 0 0 0 1 0 1 1 1 1 2 1 0 0 1 0 -1 0 -2 -2 -1 -2 -1 -2 -1 0 -1 -1 -2 -1 -2 0 -1 0 0 -2 -1 -1 -2 0 -1 0 -1 -1 -2 -1 -1 0 0 0 -1 -2 0 -2 -1 -2 -1 -2 -2 -2 0 0 0 0 -2 -1 -2 -1 0 -1 0 -2 0 -2 -1 -2 -2 -2 -1 -2 -2 -2 -2 0 0 -1 -2 -2 -1 -1 -1 -1 -1 -2 -1 -2 -2 -2 -1 -1 0 0 0 0 -1 0 -1 -1 -1 -1 -2 -1 0 0 -1
-0.0260843782000473 -0.598280645869038 0.774450874740093 -1.14865200115885 -0.389627341462427 1 0 1 0 2 2 0 1 0 2 1 0 2 2 2 2 1 1 2 0 0 1 1 1 2 0 0 0 1 1 2 2 2 1 0 0 1 2 0 2 1 0 0 0 0 1 0 1 0 0 2 0 1 0 1 1 0 0 1 1 0 1 2 1 0 0 2 1 2 0 1 0 0 1 1 2 0 1 2 2 2 2 0 2 0 0 0 1 0 0 2 0 0 1 1 1 2 1 1 0 1 0 1 0 2 2 0 1 0 2 1 0 2 2 2 2 1 1 2 0 0 1 1 1 2 0 0 0 1 1 2 2 2 1 0 0 1 2 0 2 1 0 0 0 0 1 0 1 0 0 2 0 1 0 1 1 0 0 1 1 0 1 2 1 0 0 2 1 2 0 1 0 0 1 1 2 0 1 2 2 2 2 0 2 0 0 0 1 0 0 2 0 0 1 1 1 2 1 1 0 1
-0.563232783682219 0.398862590180778 0.422157422908751 -2.04128257882442 -0.580510742848803 1 0 1 1 2 2 0 2 0 1 0 0 2 2 2 1 1 0 2 1 0 1 0 0 2 1 1 0 2 2 2 2 1 2 1 0 2 2 0 2 1 2 1 0 0 1 0 1 0 0 1 0 1 0 0 0 0 1 0 1 0 1 1 2 0 1 2 2 2 0 0 0 1 2 1 1 0 2 1 2 0 1 0 1 1 0 0 1 0 0 1 0 0 1 1 1 1 0 1 0 0 0 1 1 2 2 0 2 0 1 0 0 2 2 2 1 1 0 2 1 0 1 0 0 2 1 1 0 2 2 2 2 1 2 1 0 2 2 0 2 1 2 1 0 0 1 0 1 0 0 1 0 1 0 0 0 0 1 0 1 0 1 1 2 0 1 2 2 2 0 0 0 1 2 1 1 0 2 1 2 0 1 0 1 1 0 0 1 0 0 1 0 0 1 1 1 1 0 1 0 0
-0.746209595629989 0.113801981498212 0.817954370262241 1.24789587977475 0.448365875025002 -1 0 1 1 2 2 0 2 1 1 0 0 2 2 2 2 1 1 2 2 0 1 1 1 2 0 0 0 1 2 2 2 1 1 2 1 1 1 0 2 0 1 0 1 1 2 1 0 0 1 1 0 2 0 0 1 1 2 0 2 1 2 1 2 0 0 2 2 2 0 0 0 1 1 0 1 0 1 1 1 1 2 0 0 0 0 0 0 0 0 2 0 0 1 0 0 1 0 1 0 0 0 -1 -1 -2 -2 0 -2 -1 -1 0 0 -2 -2 -2 -2 -1 -1 -2 -2 0 -1 -1 -1 -2 0 0 0 -1 -2 -2 -2 -1 -1 -2 -1 -1 -1 0 -2 0 -1 0 -1 -1 -2 -1 0 0 -1 -1 0 -2 0 0 -1 -1 -2 0 -2 -1 -2 -1 -2 0 0 -2 -2 -2 0 0 0 -1 -1 0 -1 0 -1 -1 -1 -1 -2 0 0 0 0 0 0 0 0 -2 0 0 -1 0 0 -1 0 -1 0 0
-0.160555287187696 0.982060957197103 0.885195522434607 0.563511684334718 -0.809520573517837 -1 0 0 0 2 1 0 2 0 1 0 0 1 1 2 1 0 1 1 0 0 1 1 0 1 0 0 0 0 1 2 2 0 1 0 0 1 2 0 2 0 1 1 1 2 2 0 1 2 1 2 1 2 0 1 1 0 2 0 2 1 2 2 1 0 2 2 2 2 0 1 1 2 2 2 1 1 0 0 2 1 1 0 1 1 1 0 1 0 0 2 1 0 1 2 1 2 2 2 1 2 0 0 0 -2 -1 0 -2 0 -1 0 0 -1 -1 -2 -1 0 -1 -1 0 0 -1 -1 0 -1 0 0 0 0 -1 -2 -2 0 -1 0 0 -1 -2 0 -2 0 -1 -1 -1 -2 -2 0 -1 -2 -1 -2 -1 -2 0 -1 -1 0 -2 0 -2 -1 -2 -2 -1 0 -2 -2 -2 -2 0 -1 -1 -2 -2 -2 -1 -1 0 0 -2 -1 -1 0 -1 -1 -1 0 -1 0 0 -2 -1 0 -1 -2 -1 -2 -2 -2 -1 -2
0.549854527579347 1.8485366111241 -1.88590714616224 -1.90598540401353 0.139202959398967 1 0 1 0 2 2 0 1 0 1 1 0 2 1 2 1 1 1 1 0 0 1 1 2 2 0 1 0 1 1 2 1 1 2 1 0 2 2 0 1 0 2 1 1 1 0 0 0 0 0 1 1 2 2 1 2 1 2 1 2 0 1 1 2 0 0 0 1 1 0 0 0 1 1 1 2 0 1 1 2 2 2 2 2 0 1 0 0 1 0 1 0 0 1 2 1 2 0 1 0 1 0 1 0 2 2 0 1 0 1 1 0 2 1 2 1 1 1 1 0 0 1 1 2 2 0 1 0 1 1 2 1 1 2 1 0 2 2 0 1 0 2 1 1 1 0 0 0 0 0 1 1 2 2 1 2 1 2 1 2 0 1 1 2 0 0 0 1 1 0 0 0 1 1 1 2 0 1 1 2 2 2 2 2 0 1 0 0 1 0 1 0 0 1 2 1 2 0 1 0 1
-1.54326387187735 -0.114271079719785 -1.05672266262648 -0.107954027734262 -1.42749072178999 1 0 0 0 2 2 1 2 1 2 1 0 2 1 1 1 0 1 2 0 0 1 0 1 2 0 1 0 1 0 2 2 1 1 0 0 2 2 1 2 0 0 1 2 2 2 2 1 1 0 2 1 2 1 2 2 0 2 1 2 1 2 1 1 1 2 2 2 2 0 0 0 1 2 2 1 0 1 0 1 0 0 0 0 0 0 0 0 0 0 2 0 1 0 2 2 2 0 0 0 0 0 0 0 2 2 1 2 1 2 1 0 2 1 1 1 0 1 2 0 0 1 0 1 2 0 1 0 1 0 2 2 1 1 0 0 2 2 1 2 0 0 1 2 2 2 2 1 1 0 2 1 2 1 2 2 0 2 1 2 1 2 1 1 1 2 2 2 2 0 0 0 1 2 2 1 0 1 0 1 0 0 0 0 0 0 0 0 0 0 2 0 1 0 2 2 2 0 0 0 0
1.97946790473537 -2.30376193436176 -0.318654753349184 0.208964637213576 0.0477701162433669 1 1 1 1 2 2 1 2 1 2 2 1 2 2 2 1 0 0 0 0 0 1 1 0 2 0 2 1 1 2 2 2 2 0 0 0 0 2 0 2 1 0 2 2 1 2 0 1 1 1 2 0 2 1 2 1 0 1 0 2 1 2 2 1 1 2 2 1 2 0 0 0 1 1 0 2 1 0 0 1 1 1 0 1 1 1 0 1 1 0 1 0 0 1 1 1 2 0 0 0 1 1 1 1 2 2 1 2 1 2 2 1 2 2 2 1 0 0 0 0 0 1 1 0 2 0 2 1 1 2 2 2 2 0 0 0 0 2 0 2 1 0 2 2 1 2 0 1 1 1 2 0 2 1 2 1 0 1 0 2 1 2 2 1 1 2 2 1 2 0 0 0 1 1 0 2 1 0 0 1 1 1 0 1 1 1 0 1 1 0 1 0 0 1 1 1 2 0 0 0 1
-0.578450642356639 -0.0190443599412995 0.17513890319487 -0.752962625912244 0.160302156605799 1 0 2 1 2 2 0 2 0 2 1 0 1 2 2 2 1 1 2 0 0 1 0 0 2 0 0 0 1 2 2 2 1 1 0 0 1 2 0 2 2 1 0 1 1 2 0 1 1 1 2 0 2 0 0 1 0 2 1 2 0 2 1 0 0 2 1 1 1 0 0 1 0 2 0 2 0 1 1 2 1 1 1 1 1 0 1 2 2 0 2 0 0 1 2 1 2 0 2 0 1 0 2 1 2 2 0 2 0 2 1 0 1 2 2 2 1 1 2 0 0 1 0 0 2 0 0 0 1 2 2 2 1 1 0 0 1 2 0 2 2 1 0 1 1 2 0 1 1 1 2 0 2 0 0 1 0 2 1 2 0 2 1 0 0 2 1 1 1 0 0 1 0 2 0 2 0 1 1 2 1 1 1 1 1 0 1 2 2 0 2 0 0 1 2 1 2 0 2 0 1
-0.356889505364356 -1.27142490857027 -0.3928919323713 0.22327280954429 -1.40551922245001 -1 0 1 0 2 2 0 2 1 2 2 1 2 2 2 1 0 0 1 0 0 1 1 1 2 0 0 1 2 2 2 2 2 1 0 0 1 2 0 2 1 2 2 1 2 2 1 1 0 0 1 1 2 0 0 2 1 2 1 2 1 2 2 2 0 1 2 1 2 0 0 0 1 1 0 2 0 1 2 2 1 0 0 1 1 0 1 1 1 0 2 1 1 0 2 2 1 1 2 1 1 0 -1 0 -2 -2 0 -2 -1 -2 -2 -1 -2 -2 -2 -1 0 0 -1 0 0 -1 -1 -1 -2 0 0 -1 -2 -2 -2 -2 -2 -1 0 0 -1 -2 0 -2 -1 -2 -2 -1 -2 -2 -1 -1 0 0 -1 -1 -2 0 0 -2 -1 -2 -1 -2 -1 -2 -2 -2 0 -1 -2 -1 -2 0 0 0 -1 -1 0 -2 0 -1 -2 -2 -1 0 0 -1 -1 0 -1 -1 -1 0 -2 -1 -1 0 -2 -2 -1 -1 -2 -1 -1
0.458245824963676 0.711514373826618 -1.88755129187967 -0.796841427294992 0.710386055460189 1 0 0 0 1 2 1 2 0 1 0 1 1 1 2 1 1 1 1 0 0 1 1 0 2 0 1 1 2 1 2 2 1 0 0 0 2 2 0 2 1 1 0 1 0 1 0 0 1 0 2 1 2 0 0 2 1 2 0 2 1 2 2 2 1 2 2 2 2 0 0 1 2 2 1 1 0 0 0 1 1 0 0 0 1 1 0 1 1 0 1 0 0 0 1 1 2 1 1 0 1 0 0 0 1 2 1 2 0 1 0 1 1 1 2 1 1 1 1 0 0 1 1 0 2 0 1 1 2 1 2 2 1 0 0 0 2 2 0 2 1 1 0 1 0 1 0 0 1 0 2 1 2 0 0 2 1 2 0 2 1 2 2 2 1 2 2 2 2 0 0 1 2 2 1 1 0 0 0 1 1 0 0 0 1 1 0 1 1 0 1 0 0 0 1 1 2 1 1 0 1
-0.811872958691032 -0.473169385238471 0.420283522744018 0.257147312719024 0.903400508045047 -1 0 0 1 2 2 0 2 1 1 0 0 0 2 2 1 1 1 0 0 0 0 2 2 2 1 1 0 2 1 2 1 0 0 0 0 0 1 0 2 0 1 1 1 1 1 0 0 0 0 2 1 1 0 0 0 0 1 1 2 1 2 1 1 0 1 2 2 2 0 2 1 1 2 2 1 0 0 0 2 1 0 0 1 1 1 0 2 1 0 2 0 0 1 2 1 1 1 2 1 1 0 0 -1 -2 -2 0 -2 -1 -1 0 0 0 -2 -2 -1 -1 -1 0 0 0 0 -2 -2 -2 -1 -1 0 -2 -1 -2 -1 0 0 0 0 0 -1 0 -2 0 -1 -1 -1 -1 -1 0 0 0 0 -2 -1 -1 0 0 0 0 -1 -1 -2 -1 -2 -1 -1 0 -1 -2 -2 -2 0 -2 -1 -1 -2 -2 -1 0 0 0 -2 -1 0 0 -1 -1 -1 0 -2 -1 0 -2 0 0 -1 -2 -1 -1 -1 -2 -1 -1
-1.12747792210297 2.81836494035424 1.17069761147229 -0.803591611451843 -0.511146634597134 1 1 1 0 1 2 0 2 0 1 0 0 2 1 1 1 0 0 1 1 0 1 0 0 2 0 0 0 0 0 2 2 2 1 0 0 1 2 0 2 1 2 0 0 0 1 1 0 0 0 2 0 1 0 1 2 0 2 0 2 0 1 1 2 1 2 2 1 2 0 0 0 2 1 1 1 0 0 0 2 1 1 0 0 0 0 0 1 0 0 1 0 0 0 1 0 1 0 1 1 2 1 1 0 1 2 0 2 0 1 0 0 2 1 1 1 0 0 1 1 0 1 0 0 2 0 0 0 0 0 2 2 2 1 0 0 1 2 0 2 1 2 0 0 0 1 1 0 0 0 2 0 1 0 1 2 0 2 0 2 0 1 1 2 1 2 2 1 2 0 0 0 2 1 1 1 0 0 0 2 1 1 0 0 0 0 0 1 0 0 1 0 0 0 1 0 1 0 1 1 2
0.0874474961869472 -0.310253181178947 -1.24998134277991 -0.956436224593259 0.625463790033194 -1 1 2 1 2 2 1 2 1 1 1 0 2 2 2 1 0 1 1 0 0 1 2 1 2 0 0 1 1 2 2 1 1 2 1 0 2 2 0 2 0 1 0 0 0 1 0 2 1 1 2 0 2 0 1 1 1 1 0 2 1 2 0 1 0 2 2 1 2 1 1 0 1 1 0 2 0 0 0 1 0 1 0 1 0 0 1 1 1 0 1 0 0 1 1 1 2 0 1 1 1 -1 -2 -1 -2 -2 -1 -2 -1 -1 -1 0 -2 -2 -2 -1 0 -1 -1 0 0 -1 -2 -1 -2 0 0 -1 -1 -2 -2 -1 -1 -2 -1 0 -2 -2 0 -2 0 -1 0 0 0 -1 0 -2 -1 -1 -2 0 -2 0 -1 -1 -1 -1 0 -2 -1 -2 0 -1 0 -2 -2 -1 -2 -1 -1 0 -1 -1 0 -2 0 0 0 -1 0 -1 0 -1 0 0 -1 -1 -1 0 -1 0 0 -1 -1 -1 -2 0 -1 -1 -1
-0.498918346964562 0.104752189532234 0.840959392532279 2.11625858582057 -1.45493318312535 -1 0 1 0 1 2 0 2 0 2 1 1 2 2 2 1 1 0 1 0 0 2 1 0 1 0 2 2 2 2 2 1 1 1 0 0 2 2 0 2 0 1 0 1 0 2 1 1 1 0 1 0 1 1 0 0 0 2 1 2 2 2 2 2 0 1 2 2 2 0 0 1 1 1 1 2 1 1 2 2 2 1 0 1 0 0 1 2 2 0 2 0 0 1 2 2 2 1 1 0 0 0 -1 0 -1 -2 0 -2 0 -2 -1 -1 -2 -2 -2 -1 -1 0 -1 0 0 -2 -1 0 -1 0 -2 -2 -2 -2 -2 -1 -1 -1 0 0 -2 -2 0 -2 0 -1 0 -1 0 -2 -1 -1 -1 0 -1 0 -1 -1 0 0 0 -2 -1 -2 -2 -2 -2 -2 0 -1 -2 -2 -2 0 0 -1 -1 -1 -1 -2 -1 -1 -2 -2 -2 -1 0 -1 0 0 -1 -2 -2 0 -2 0 0 -1 -2 -2 -2 -1 -1 0 0
1.40918569342065 1.81782291509553 -0.121324078546353 0.688063389091962 -1.64994583043882 1 1 1 0 2 2 0 2 0 1 1 0 2 1 1 0 0 1 1 0 0 1 0 1 2 1 2 1 1 2 2 1 1 1 0 0 0 2 0 1 0 0 0 0 0 0 1 1 1 0 2 0 2 2 1 0 0 0 0 1 0 2 1 1 1 2 2 2 2 0 1 1 1 2 1 2 2 2 2 2 2 1 2 2 1 0 0 0 0 0 1 0 0 1 1 1 1 0 1 0 0 1 1 0 2 2 0 2 0 1 1 0 2 1 1 0 0 1 1 0 0 1 0 1 2 1 2 1 1 2 2 1 1 1 0 0 0 2 0 1 0 0 0 0 0 0 1 1 1 0 2 0 2 2 1 0 0 0 0 1 0 2 1 1 1 2 2 2 2 0 1 1 1 2 1 2 2 2 2 2 2 1 2 2 1 0 0 0 0 0 1 0 0 1 1 1 1 0 1 0 0
1.18683612192331 -2.18354612283163 1.84885036427299 0.659112955129791 0.285428371817428 1 0 2 1 2 2 0 2 1 1 1 0 1 2 2 1 0 0 1 0 0 0 1 1 2 0 1 1 1 2 2 2 0 0 0 0 2 2 0 2 1 2 1 1 0 2 0 1 1 1 2 1 2 0 1 1 0 0 0 2 0 2 2 2 0 2 2 2 2 0 0 0 1 0 0 2 0 0 1 1 1 1 0 2 1 0 0 1 0 0 1 0 0 1 1 1 2 0 2 0 0 0 2 1 2 2 0 2 1 1 1 0 1 2 2 1 0 0 1 0 0 0 1 1 2 0 1 1 1 2 2 2 0 0 0 0 2 2 0 2 1 2 1 1 0 2 0 1 1 1 2 1 2 0 1 1 0 0 0 2 0 2 2 2 0 2 2 2 2 0 0 0 1 0 0 2 0 0 1 1 1 1 0 2 1 0 0 1 0 0 1 0 0 1 1 1 2 0 2 0 0
0.528657825228243 -2.01138397827772 0.125675012970068 -1.32711574064389 -0.644022596681732 1 1 1 0 2 2 0 2 1 2 0 0 1 1 1 1 0 0 1 0 0 1 1 0 2 1 2 1 2 1 2 2 1 0 0 0 2 2 0 1 0 0 0 0 0 1 0 1 0 1 1 1 1 0 0 1 0 1 1 2 2 1 1 2 1 2 1 1 2 0 0 0 1 1 1 1 0 0 1 2 2 1 0 1 0 0 0 1 0 0 1 0 0 0 2 1 2 0 1 0 1 1 1 0 2 2 0 2 1 2 0 0 1 1 1 1 0 0 1 0 0 1 1 0 2 1 2 1 2 1 2 2 1 0 0 0 2 2 0 1 0 0 0 0 0 1 0 1 0 1 1 1 1 0 0 1 0 1 1 2 2 1 1 2 1 2 1 1 2 0 0 0 1 1 1 1 0 0 1 2 2 1 0 1 0 0 0 1 0 0 1 0 0 0 2 1 2 0 1 0 1
0.284225054308723 1.44319675860682 0.0369245350106408 -0.891829871006061 -1.86006799488985 -1 0 2 1 2 2 0 2 0 2 0 0 2 1 2 1 0 0 2 0 0 1 1 1 2 0 1 0 1 1 2 2 1 1 0 0 0 1 0 2 0 2 1 2 1 1 1 1 1 1 2 1 2 1 1 2 1 2 0 2 0 1 2 1 0 1 0 2 2 1 1 0 1 1 0 2 0 1 1 2 2 1 0 1 0 0 0 1 1 0 1 1 1 1 2 2 2 1 1 0 0 0 -2 -1 -2 -2 0 -2 0 -2 0 0 -2 -1 -2 -1 0 0 -2 0 0 -1 -1 -1 -2 0 -1 0 -1 -1 -2 -2 -1 -1 0 0 0 -1 0 -2 0 -2 -1 -2 -1 -1 -1 -1 -1 -1 -2 -1 -2 -1 -1 -2 -1 -2 0 -2 0 -1 -2 -1 0 -1 0 -2 -2 -1 -1 0 -1 -1 0 -2 0 -1 -1 -2 -2 -1 0 -1 0 0 0 -1 -1 0 -1 -1 -1 -1 -2 -2 -2 -1 -1 0 0
0.202435609209544 -0.358754719068388 0.350947268598976 -0.881331958824166 -0.383674356905628 1 0 1 1 2 2 1 2 2 2 1 0 2 2 2 1 0 0 2 1 1 1 1 1 2 0 1 0 2 2 2 1 1 1 1 0 1 2 0 2 0 1 1 1 1 2 1 1 0 0 2 0 2 0 1 1 0 1 0 2 1 2 1 2 2 1 1 0 2 0 2 1 1 2 1 2 0 0 0 2 1 1 0 0 1 1 1 1 1 0 1 0 0 1 2 1 2 1 1 1 1 0 1 1 2 2 1 2 2 2 1 0 2 2 2 1 0 0 2 1 1 1 1 1 2 0 1 0 2 2 2 1 1 1 1 0 1 2 0 2 0 1 1 1 1 2 1 1 0 0 2 0 2 0 1 1 0 1 0 2 1 2 1 2 2 1 1 0 2 0 2 1 1 2 1 2 0 0 0 2 1 1 0 0 1 1 1 1 1 0 1 0 0 1 2 1 2 1 1 1 1
0.93220533619173 0.214742968662318 -0.671539732030065 -0.759585808937225 -1.67476790879897 -1 0 1 1 2 2 0 2 1 1 0 0 2 2 2 2 1 1 1 0 0 1 1 2 2 2 1 0 1 0 2 1 1 1 0 0 1 2 0 2 0 2 0 1 1 1 0 1 1 0 2 0 1 0 0 2 0 1 1 2 2 2 2 2 1 1 2 1 2 0 1 0 1 1 1 2 0 0 0 2 0 1 0 1 1 0 0 2 1 0 1 0 0 1 2 1 2 1 1 0 0 0 -1 -1 -2 -2 0 -2 -1 -1 0 0 -2 -2 -2 -2 -1 -1 -1 0 0 -1 -1 -2 -2 -2 -1 0 -1 0 -2 -1 -1 -1 0 0 -1 -2 0 -2 0 -2 0 -1 -1 -1 0 -1 -1 0 -2 0 -1 0 0 -2 0 -1 -1 -2 -2 -2 -2 -2 -1 -1 -2 -1 -2 0 -1 0 -1 -1 -1 -2 0 0 0 -2 0 -1 0 -1 -1 0 0 -2 -1 0 -1 0 0 -1 -2 -1 -2 -1 -1 0 0
0.0898190395895977 -1.63871932145026 -0.362152127992647 -0.268134128462786 -1.10697625666162 1 0 1 1 2 2 1 2 0 0 0 0 1 1 1 1 1 1 2 1 0 1 1 2 2 0 1 0 2 2 2 0 1 2 0 0 1 2 0 2 0 2 1 1 1 2 1 0 1 1 2 1 2 1 1 1 1 2 1 2 2 2 1 2 1 2 2 2 1 0 0 0 1 2 2 2 0 1 1 2 2 1 1 1 1 0 0 0 0 0 2 0 1 1 2 1 2 0 0 0 1 0 1 1 2 2 1 2 0 0 0 0 1 1 1 1 1 1 2 1 0 1 1 2 2 0 1 0 2 2 2 0 1 2 0 0 1 2 0 2 0 2 1 1 1 2 1 0 1 1 2 1 2 1 1 1 1 2 1 2 2 2 1 2 1 2 2 2 1 0 0 0 1 2 2 2 0 1 1 2 2 1 1 1 1 0 0 0 0 0 2 0 1 1 2 1 2 0 0 0 1
0.777124671065382 0.630884244939892 -0.549561517575664 -1.8507014915829 -0.400361544956478 1 0 1 1 2 2 0 2 1 2 2 0 2 2 2 1 1 0 2 0 0 1 1 0 2 1 2 0 1 2 2 1 2 2 0 0 1 2 0 2 0 2 1 1 2 1 1 1 0 0 2 0 1 0 1 2 1 2 1 2 0 1 1 2 0 2 2 1 2 0 0 0 1 1 0 2 1 2 1 2 1 0 1 2 0 0 0 0 0 0 0 0 0 2 2 1 0 0 0 0 2 0 1 1 2 2 0 2 1 2 2 0 2 2 2 1 1 0 2 0 0 1 1 0 2 1 2 0 1 2 2 1 2 2 0 0 1 2 0 2 0 2 1 1 2 1 1 1 0 0 2 0 1 0 1 2 1 2 1 2 0 1 1 2 0 2 2 1 2 0 0 0 1 1 0 2 1 2 1 2 1 0 1 2 0 0 0 0 0 0 0 0 0 2 2 1 0 0 0 0 2
0.513272486207269 -0.544491142479564 0.633297803383817 2.57767736212682 -0.40290819956727 1 0 0 0 2 2 0 2 1 2 1 1 2 1 1 0 0 1 1 0 0 1 2 1 2 1 2 1 1 2 2 2 2 2 0 0 1 1 0 2 0 2 0 0 1 2 1 2 0 1 2 0 1 0 0 1 1 2 0 1 0 1 1 2 0 1 2 2 2 0 0 0 1 1 1 2 0 0 1 2 2 1 1 1 2 2 0 2 1 0 1 0 0 2 2 2 0 0 1 0 0 0 0 0 2 2 0 2 1 2 1 1 2 1 1 0 0 1 1 0 0 1 2 1 2 1 2 1 1 2 2 2 2 2 0 0 1 1 0 2 0 2 0 0 1 2 1 2 0 1 2 0 1 0 0 1 1 2 0 1 0 1 1 2 0 1 2 2 2 0 0 0 1 1 1 2 0 0 1 2 2 1 1 1 2 2 0 2 1 0 1 0 0 2 2 2 0 0 1 0 0
0.0738496953814123 -0.202908932495499 -0.85372837706848 0.529122110940352 0.756289797492189 -1 1 2 1 2 2 0 2 0 2 1 0 2 2 1 1 1 2 2 0 0 1 0 0 2 0 0 1 0 0 2 2 2 1 0 0 1 2 0 2 1 1 1 1 1 2 0 1 0 1 2 0 2 0 1 1 1 1 0 2 2 2 2 2 2 2 2 1 2 0 1 1 1 2 1 2 0 0 0 2 1 1 1 1 0 0 0 1 0 0 1 0 0 0 2 1 1 0 1 1 1 -1 -2 -1 -2 -2 0 -2 0 -2 -1 0 -2 -2 -1 -1 -1 -2 -2 0 0 -1 0 0 -2 0 0 -1 0 0 -2 -2 -2 -1 0 0 -1 -2 0 -2 -1 -1 -1 -1 -1 -2 0 -1 0 -1 -2 0 -2 0 -1 -1 -1 -1 0 -2 -2 -2 -2 -2 -2 -2 -2 -1 -2 0 -1 -1 -1 -2 -1 -2 0 0 0 -2 -1 -1 -1 -1 0 0 0 -1 0 0 -1 0 0 0 -2 -1 -1 0 -1 -1 -1
-0.64913065793157 1.63766558458021 -1.35201520660626 0.414714831263485 1.03253348599224 -1 1 1 1 2 2 0 2 1 1 1 0 1 1 2 0 0 0 1 0 0 1 1 1 2 0 1 0 1 1 2 1 1 1 1 0 1 2 0 2 1 1 0 1 1 1 0 1 0 0 2 1 1 1 2 2 1 2 1 2 1 2 2 2 1 1 1 2 2 0 0 0 1 1 0 2 1 0 1 2 1 2 1 1 1 0 0 1 0 0 0 0 0 1 2 2 2 0 1 0 0 -1 -1 -1 -2 -2 0 -2 -1 -1 -1 0 -1 -1 -2 0 0 0 -1 0 0 -1 -1 -1 -2 0 -1 0 -1 -1 -2 -1 -1 -1 -1 0 -1 -2 0 -2 -1 -1 0 -1 -1 -1 0 -1 0 0 -2 -1 -1 -1 -2 -2 -1 -2 -1 -2 -1 -2 -2 -2 -1 -1 -1 -2 -2 0 0 0 -1 -1 0 -2 -1 0 -1 -2 -1 -2 -1 -1 -1 0 0 -1 0 0 0 0 0 -1 -2 -2 -2 0 -1 0 0
-0.800249527425256 0.0389528243389799 0.171086708381013 -0.867120822875896 -1.72122360240881 -1 0 0 1 2 2 0 2 1 1 0 1 2 2 1 0 0 1 2 2 1 2 1 1 2 0 1 0 1 2 2 2 1 2 1 0 1 2 0 2 0 2 1 1 0 0 0 0 1 1 2 0 2 1 1 1 0 1 1 2 1 2 2 2 0 2 2 1 2 0 1 2 2 1 1 1 0 1 0 1 0 0 0 0 1 0 0 0 0 0 1 0 0 1 2 1 2 0 1 0 1 0 0 -1 -2 -2 0 -2 -1 -1 0 -1 -2 -2 -1 0 0 -1 -2 -2 -1 -2 -1 -1 -2 0 -1 0 -1 -2 -2 -2 -1 -2 -1 0 -1 -2 0 -2 0 -2 -1 -1 0 0 0 0 -1 -1 -2 0 -2 -1 -1 -1 0 -1 -1 -2 -1 -2 -2 -2 0 -2 -2 -1 -2 0 -1 -2 -2 -1 -1 -1 0 -1 0 -1 0 0 0 0 -1 0 0 0 0 0 -1 0 0 -1 -2 -1 -2 0 -1 0 -1
0.465928488641475 1.12807722786978 0.590719472826264 0.295717593925831 0.304077363623243 1 0 2 1 2 2 0 2 2 1 1 0 1 0 1 0 0 1 1 0 0 0 1 0 2 1 0 0 1 1 2 2 1 0 0 0 2 2 0 2 0 2 2 2 1 2 1 1 1 0 2 0 1 2 2 2 2 2 1 2 1 2 2 2 1 2 2 2 2 0 0 1 2 2 0 2 0 0 1 2 2 0 0 1 0 0 0 2 0 0 0 0 0 0 2 1 2 1 2 2 2 0 2 1 2 2 0 2 2 1 1 0 1 0 1 0 0 1 1 0 0 0 1 0 2 1 0 0 1 1 2 2 1 0 0 0 2 2 0 2 0 2 2 2 1 2 1 1 1 0 2 0 1 2 2 2 2 2 1 2 1 2 2 2 1 2 2 2 2 0 0 1 2 2 0 2 0 0 1 2 2 0 0 1 0 0 0 2 0 0 0 0 0 0 2 1 2 1 2 2 2
0.707866510630587 1.22704198665614 0.0997980738004918 -2.31047392413069 0.774901455934989 1 0 1 0 1 2 0 1 0 2 2 0 2 2 2 2 0 1 1 1 1 2 0 0 2 0 1 0 2 2 2 1 2 0 0 0 1 2 0 2 0 1 0 1 2 1 0 1 0 0 2 0 1 1 0 0 1 1 1 2 1 2 2 2 1 2 1 1 2 2 2 2 2 2 2 1 0 1 0 2 0 0 0 1 0 0 1 2 1 0 2 0 0 2 2 1 2 1 1 1 2 0 1 0 1 2 0 1 0 2 2 0 2 2 2 2 0 1 1 1 1 2 0 0 2 0 1 0 2 2 2 1 2 0 0 0 1 2 0 2 0 1 0 1 2 1 0 1 0 0 2 0 1 1 0 0 1 1 1 2 1 2 2 2 1 2 1 1 2 2 2 2 2 2 2 1 0 1 0 2 0 0 0 1 0 0 1 2 1 0 2 0 0 2 2 1 2 1 1 1 2
0.14542002643266 -0.693950919145893 0.688109443411505 0.490214604942548 2.1666524977738 1 1 1 1 2 2 0 2 1 2 2 0 1 2 2 1 0 0 2 0 0 1 0 0 2 0 2 0 1 2 2 2 2 0 1 0 1 2 0 2 0 1 0 0 0 0 0 1 1 1 2 0 2 0 1 1 0 1 0 2 1 1 1 1 1 0 2 1 2 0 0 0 0 2 2 2 0 0 0 1 1 0 0 2 0 0 0 1 0 0 0 0 0 1 1 1 1 0 1 1 0 1 1 1 2 2 0 2 1 2 2 0 1 2 2 1 0 0 2 0 0 1 0 0 2 0 2 0 1 2 2 2 2 0 1 0 1 2 0 2 0 1 0 0 0 0 0 1 1 1 2 0 2 0 1 1 0 1 0 2 1 1 1 1 1 0 2 1 2 0 0 0 0 2 2 2 0 0 0 1 1 0 0 2 0 0 0 1 0 0 0 0 0 1 1 1 1 0 1 1 0
-0.0211066250195871 -0.421015353522946 0.525506671478482 1.57596471653911 0.44573052210443 -1 0 1 1 2 2 0 2 0 1 1 0 2 2 2 1 1 0 1 0 0 2 2 2 2 0 0 0 1 1 1 2 2 2 0 0 1 2 0 1 0 2 1 2 2 2 0 1 0 1 2 1 2 0 1 2 1 2 1 2 2 2 1 1 0 1 1 0 2 0 2 1 2 1 1 2 0 1 1 1 1 1 0 1 2 0 0 0 0 0 0 0 0 1 2 2 2 0 0 1 1 0 -1 -1 -2 -2 0 -2 0 -1 -1 0 -2 -2 -2 -1 -1 0 -1 0 0 -2 -2 -2 -2 0 0 0 -1 -1 -1 -2 -2 -2 0 0 -1 -2 0 -1 0 -2 -1 -2 -2 -2 0 -1 0 -1 -2 -1 -2 0 -1 -2 -1 -2 -1 -2 -2 -2 -1 -1 0 -1 -1 0 -2 0 -2 -1 -2 -1 -1 -2 0 -1 -1 -1 -1 -1 0 -1 -2 0 0 0 0 0 0 0 0 -1 -2 -2 -2 0 0 -1 -1
1.38568951243845 -0.268798006007873 1.52769393416012 -0.196008145145749 0.579219792904774 1 0 1 1 2 2 0 2 0 0 1 0 1 1 2 1 1 1 1 0 0 2 0 1 2 0 1 0 1 2 1 1 1 0 0 0 2 2 0 2 1 1 0 1 1 2 1 1 1 2 2 1 2 0 1 2 1 2 1 2 2 2 2 1 0 1 2 1 2 0 0 0 1 1 0 2 0 0 0 2 2 1 0 1 2 0 0 1 0 0 2 0 1 1 1 1 2 1 1 0 0 0 1 1 2 2 0 2 0 0 1 0 1 1 2 1 1 1 1 0 0 2 0 1 2 0 1 0 1 2 1 1 1 0 0 0 2 2 0 2 1 1 0 1 1 2 1 1 1 2 2 1 2 0 1 2 1 2 1 2 2 2 2 1 0 1 2 1 2 0 0 0 1 1 0 2 0 0 0 2 2 1 0 1 2 0 0 1 0 0 2 0 1 1 1 1 2 1 1 0 0
1.16179157288494 -0.721126535911312 -0.38835033895239 -1.43612783527707 -1.66169466316432 -1 1 1 1 1 2 0 2 0 2 2 0 2 2 2 0 0 1 2 0 0 0 0 2 2 1 2 1 1 2 2 2 1 1 1 0 2 2 0 2 1 2 2 2 2 2 1 0 1 1 2 1 2 0 0 0 0 2 1 2 0 1 2 1 0 1 2 2 2 0 0 0 2 2 1 1 0 0 0 1 1 1 1 2 1 1 0 1 0 1 2 0 0 0 1 1 1 0 0 0 1 -1 -1 -1 -1 -2 0 -2 0 -2 -2 0 -2 -2 -2 0 0 -1 -2 0 0 0 0 -2 -2 -1 -2 -1 -1 -2 -2 -2 -1 -1 -1 0 -2 -2 0 -2 -1 -2 -2 -2 -2 -2 -1 0 -1 -1 -2 -1 -2 0 0 0 0 -2 -1 -2 0 -1 -2 -1 0 -1 -2 -2 -2 0 0 0 -2 -2 -1 -1 0 0 0 -1 -1 -1 -1 -2 -1 -1 0 -1 0 -1 -2 0 0 0 -1 -1 -1 0 0 0 -1
-0.276751775400577 0.942100133233099 0.228267456008549 0.864615725679024 0.287515315072412 -1 0 1 1 2 2 0 2 1 2 1 0 1 2 2 0 1 0 1 0 0 1 0 0 2 0 2 1 2 2 2 1 0 1 0 0 0 2 0 2 0 2 0 0 1 2 1 1 0 0 2 0 1 0 1 1 0 1 1 2 1 2 2 2 0 1 2 2 2 0 0 0 0 1 1 1 1 0 0 2 1 1 1 1 1 1 2 2 0 0 1 0 0 0 2 2 2 2 1 2 2 0 -1 -1 -2 -2 0 -2 -1 -2 -1 0 -1 -2 -2 0 -1 0 -1 0 0 -1 0 0 -2 0 -2 -1 -2 -2 -2 -1 0 -1 0 0 0 -2 0 -2 0 -2 0 0 -1 -2 -1 -1 0 0 -2 0 -1 0 -1 -1 0 -1 -1 -2 -1 -2 -2 -2 0 -1 -2 -2 -2 0 0 0 0 -1 -1 -1 -1 0 0 -2 -1 -1 -1 -1 -1 -1 -2 -2 0 0 -1 0 0 0 -2 -2 -2 -2 -1 -2 -2
-2.07433744256594 1.066816890719 0.833958641400979 0.172261253755502 -0.488154964294656 -1 0 1 0 2 2 0 2 1 2 0 0 1 2 1 1 1 1 2 0 0 1 1 1 2 1 1 0 1 1 2 2 2 1 0 0 1 1 0 2 1 2 0 1 0 2 1 2 1 1 2 0 0 0 1 0 0 2 1 2 1 2 2 2 0 0 1 1 2 0 0 0 1 1 2 2 0 0 0 2 2 1 0 1 1 1 0 2 2 0 1 0 0 1 2 1 1 1 2 0 0 0 -1 0 -2 -2 0 -2 -1 -2 0 0 -1 -2 -1 -1 -1 -1 -2 0 0 -1 -1 -1 -2 -1 -1 0 -1 -1 -2 -2 -2 -1 0 0 -1 -1 0 -2 -1 -2 0 -1 0 -2 -1 -2 -1 -1 -2 0 0 0 -1 0 0 -2 -1 -2 -1 -2 -2 -2 0 0 -1 -1 -2 0 0 0 -1 -1 -2 -2 0 0 0 -2 -2 -1 0 -1 -1 -1 0 -2 -2 0 -1 0 0 -1 -2 -1 -1 -1 -2 0 0
-0.702199184535924 -0.408319850323214 0.247570066320754 0.284204438967428 -0.10015108355254 -1 0 2 2 2 2 0 2 0 1 0 0 2 1 2 1 0 1 1 0 0 2 0 0 1 0 1 1 2 2 2 2 1 1 1 0 1 1 0 2 2 2 2 2 2 2 1 1 2 1 1 0 2 1 1 2 0 1 0 2 1 2 2 2 1 2 2 1 2 1 1 0 2 2 2 2 0 0 1 2 1 1 0 0 0 0 0 2 0 0 1 0 0 1 2 2 2 1 2 0 0 0 -2 -2 -2 -2 0 -2 0 -1 0 0 -2 -1 -2 -1 0 -1 -1 0 0 -2 0 0 -1 0 -1 -1 -2 -2 -2 -2 -1 -1 -1 0 -1 -1 0 -2 -2 -2 -2 -2 -2 -2 -1 -1 -2 -1 -1 0 -2 -1 -1 -2 0 -1 0 -2 -1 -2 -2 -2 -1 -2 -2 -1 -2 -1 -1 0 -2 -2 -2 -2 0 0 -1 -2 -1 -1 0 0 0 0 0 -2 0 0 -1 0 0 -1 -2 -2 -2 -1 -2 0 0
0.788791567524447 0.453376104574992 -0.674738976681456 0.661981825879596 -1.91017741107623 -1 1 1 0 2 2 0 2 1 1 1 0 2 2 2 2 1 2 2 0 0 2 2 1 2 0 1 0 0 0 1 2 1 0 0 0 1 2 0 2 1 2 2 2 0 1 0 0 1 1 2 1 2 1 1 2 1 2 1 2 0 1 1 1 0 1 2 1 2 0 1 0 2 2 1 1 0 1 1 2 2 0 0 1 0 0 0 2 0 0 1 0 1 1 2 0 1 0 1 0 0 -1 -1 0 -2 -2 0 -2 -1 -1 -1 0 -2 -2 -2 -2 -1 -2 -2 0 0 -2 -2 -1 -2 0 -1 0 0 0 -1 -2 -1 0 0 0 -1 -2 0 -2 -1 -2 -2 -2 0 -1 0 0 -1 -1 -2 -1 -2 -1 -1 -2 -1 -2 -1 -2 0 -1 -1 -1 0 -1 -2 -1 -2 0 -1 0 -2 -2 -1 -1 0 -1 -1 -2 -2 0 0 -1 0 0 0 -2 0 0 -1 0 -1 -1 -2 0 -1 0 -1 0 0
1.42565856362856 -0.147599293533926 -1.385269662578 -0.531349280392088 -0.972132014291319 1 0 1 1 2 2 0 2 0 1 1 0 2 2 2 2 0 2 2 1 0 2 1 0 2 0 1 1 2 2 1 1 1 1 1 0 2 2 1 2 0 2 1 2 1 2 1 1 2 1 2 1 1 0 0 0 0 1 0 2 1 2 2 2 2 1 1 2 2 0 0 0 1 1 0 1 0 1 0 2 1 0 0 1 0 0 1 2 2 1 2 0 1 0 2 1 1 0 1 0 0 0 1 1 2 2 0 2 0 1 1 0 2 2 2 2 0 2 2 1 0 2 1 0 2 0 1 1 2 2 1 1 1 1 1 0 2 2 1 2 0 2 1 2 1 2 1 1 2 1 2 1 1 0 0 0 0 1 0 2 1 2 2 2 2 1 1 2 2 0 0 0 1 1 0 1 0 1 0 2 1 0 0 1 0 0 1 2 2 1 2 0 1 0 2 1 1 0 1 0 0
1.26584308325626 1.34237413192486 0.505929566556665 -1.45735600459078 -1.78995378310265 1 0 1 0 1 2 0 2 1 2 2 0 1 2 2 0 0 1 1 0 0 2 2 2 2 0 2 0 2 2 2 2 1 1 0 0 2 2 2 2 1 0 0 0 1 1 0 1 1 2 2 1 2 0 1 1 1 2 1 2 1 2 2 1 0 1 2 2 2 0 1 0 2 2 2 2 0 1 1 1 1 1 0 0 0 0 0 1 0 0 2 0 0 2 2 2 2 0 1 0 0 0 1 0 1 2 0 2 1 2 2 0 1 2 2 0 0 1 1 0 0 2 2 2 2 0 2 0 2 2 2 2 1 1 0 0 2 2 2 2 1 0 0 0 1 1 0 1 1 2 2 1 2 0 1 1 1 2 1 2 1 2 2 1 0 1 2 2 2 0 1 0 2 2 2 2 0 1 1 1 1 1 0 0 0 0 0 1 0 0 2 0 0 2 2 2 2 0 1 0 0
-1.07906711169939 0.22024127332775 -1.84994011671271 -1.12767191269963 -2.16873941404132 1 1 1 1 2 2 1 2 1 1 1 0 2 1 2 1 0 1 2 0 0 1 1 1 2 0 1 1 0 2 2 2 2 1 0 0 2 2 0 2 1 1 0 0 2 2 1 0 0 0 2 0 2 1 1 2 0 2 1 2 1 1 1 2 1 2 2 2 2 0 1 1 2 2 2 0 0 1 1 2 1 0 0 1 1 1 0 1 0 0 2 1 0 1 1 0 2 2 2 1 2 1 1 1 2 2 1 2 1 1 1 0 2 1 2 1 0 1 2 0 0 1 1 1 2 0 1 1 0 2 2 2 2 1 0 0 2 2 0 2 1 1 0 0 2 2 1 0 0 0 2 0 2 1 1 2 0 2 1 2 1 1 1 2 1 2 2 2 2 0 1 1 2 2 2 0 0 1 1 2 1 0 0 1 1 1 0 1 0 0 2 1 0 1 1 0 2 2 2 1 2
-0.980478414903361 -0.707755724037785 0.979275617147682 0.747166729231242 -0.843731729068872 -1 0 0 0 2 2 0 2 0 1 0 0 1 0 1 0 0 0 2 0 0 2 1 0 2 0 0 0 1 2 2 2 2 1 0 0 1 1 0 2 0 2 1 2 1 1 0 0 0 1 2 0 1 2 1 1 0 1 0 2 1 1 2 0 0 0 0 1 2 0 0 0 0 2 1 2 2 2 0 1 1 2 1 2 1 1 0 1 1 1 2 0 1 1 2 2 2 0 0 0 1 0 0 0 -2 -2 0 -2 0 -1 0 0 -1 0 -1 0 0 0 -2 0 0 -2 -1 0 -2 0 0 0 -1 -2 -2 -2 -2 -1 0 0 -1 -1 0 -2 0 -2 -1 -2 -1 -1 0 0 0 -1 -2 0 -1 -2 -1 -1 0 -1 0 -2 -1 -1 -2 0 0 0 0 -1 -2 0 0 0 0 -2 -1 -2 -2 -2 0 -1 -1 -2 -1 -2 -1 -1 0 -1 -1 -1 -2 0 -1 -1 -2 -2 -2 0 0 0 -1
-0.488240321202195 -0.0687702450554679 -0.242498517162735 0.70770941575562 -0.818186118553817 -1 0 1 0 2 2 0 2 0 1 1 0 1 1 1 0 0 0 2 0 0 2 0 1 0 0 0 0 2 2 2 2 1 0 0 0 0 2 0 2 0 1 0 2 1 2 1 2 0 0 2 1 2 1 1 1 1 2 0 2 0 2 2 2 2 2 2 1 2 1 0 0 2 1 0 1 0 0 0 2 1 1 0 0 0 0 0 0 0 0 0 0 0 1 2 2 2 0 1 0 0 0 -1 0 -2 -2 0 -2 0 -1 -1 0 -1 -1 -1 0 0 0 -2 0 0 -2 0 -1 0 0 0 0 -2 -2 -2 -2 -1 0 0 0 0 -2 0 -2 0 -1 0 -2 -1 -2 -1 -2 0 0 -2 -1 -2 -1 -1 -1 -1 -2 0 -2 0 -2 -2 -2 -2 -2 -2 -1 -2 -1 0 0 -2 -1 0 -1 0 0 0 -2 -1 -1 0 0 0 0 0 0 0 0 0 0 0 -1 -2 -2 -2 0 -1 0 0
-1.81682381297749 -0.194698378722795 -0.0913739349218085 0.209528033228366 -0.158193043764338 1 0 0 1 2 2 0 2 1 2 1 0 1 2 2 1 1 1 2 1 0 2 1 1 2 1 1 1 2 2 2 2 0 0 0 0 1 1 0 2 0 1 0 1 0 1 0 1 0 0 1 1 2 0 1 2 1 1 0 2 2 2 2 2 0 1 2 1 2 0 0 1 1 1 1 1 0 0 0 1 1 0 1 1 1 0 0 0 0 0 1 0 0 2 2 2 2 2 1 0 1 0 0 1 2 2 0 2 1 2 1 0 1 2 2 1 1 1 2 1 0 2 1 1 2 1 1 1 2 2 2 2 0 0 0 0 1 1 0 2 0 1 0 1 0 1 0 1 0 0 1 1 2 0 1 2 1 1 0 2 2 2 2 2 0 1 2 1 2 0 0 1 1 1 1 1 0 0 0 1 1 0 1 1 1 0 0 0 0 0 1 0 0 2 2 2 2 2 1 0 1
1.96962637157272 -1.99139384376191 1.78567183271777 -0.23819523267361 0.108930193501777 1 0 1 0 2 2 2 2 2 2 1 0 1 1 1 0 1 1 2 0 0 1 1 0 2 0 1 0 1 1 2 2 2 2 0 0 1 2 1 2 2 1 0 0 0 1 1 1 0 0 2 0 1 0 1 1 0 0 0 2 2 2 2 2 0 1 1 1 2 0 0 0 0 0 0 2 1 2 2 2 2 1 1 1 1 1 0 1 0 0 0 0 0 2 2 1 2 1 1 0 2 0 1 0 2 2 2 2 2 2 1 0 1 1 1 0 1 1 2 0 0 1 1 0 2 0 1 0 1 1 2 2 2 2 0 0 1 2 1 2 2 1 0 0 0 1 1 1 0 0 2 0 1 0 1 1 0 0 0 2 2 2 2 2 0 1 1 1 2 0 0 0 0 0 0 2 1 2 2 2 2 1 1 1 1 1 0 1 0 0 0 0 0 2 2 1 2 1 1 0 2
-1.01822286356897 1.60860907955152 -1.00926898760618 0.724983219108917 0.729324358687442 -1 0 1 0 2 2 0 2 0 2 0 0 1 2 2 1 1 0 1 1 0 2 0 0 2 0 0 0 1 1 2 2 1 0 0 0 1 2 0 2 0 1 0 1 0 2 0 2 1 1 1 1 2 1 1 1 0 1 0 1 0 0 0 0 0 0 0 1 2 0 0 0 2 1 0 2 0 0 1 2 1 1 0 1 1 0 0 2 0 0 0 0 0 1 2 2 2 1 1 0 2 0 -1 0 -2 -2 0 -2 0 -2 0 0 -1 -2 -2 -1 -1 0 -1 -1 0 -2 0 0 -2 0 0 0 -1 -1 -2 -2 -1 0 0 0 -1 -2 0 -2 0 -1 0 -1 0 -2 0 -2 -1 -1 -1 -1 -2 -1 -1 -1 0 -1 0 -1 0 0 0 0 0 0 0 -1 -2 0 0 0 -2 -1 0 -2 0 0 -1 -2 -1 -1 0 -1 -1 0 0 -2 0 0 0 0 0 -1 -2 -2 -2 -1 -1 0 -2
-0.767306431744041 -0.202649663574308 -0.597880341851607 -1.0984207096336 1.43273239360656 1 0 1 1 2 2 0 2 0 1 0 0 1 0 2 0 0 0 1 0 0 0 1 0 2 0 0 0 1 1 2 2 1 2 1 0 1 2 0 1 0 1 1 1 0 1 0 1 0 0 2 0 1 0 2 2 0 1 0 2 0 2 2 1 0 0 2 0 1 0 0 0 0 0 0 2 0 1 1 2 2 2 1 2 1 1 0 2 1 0 1 0 0 0 2 2 1 1 2 1 1 0 1 1 2 2 0 2 0 1 0 0 1 0 2 0 0 0 1 0 0 0 1 0 2 0 0 0 1 1 2 2 1 2 1 0 1 2 0 1 0 1 1 1 0 1 0 1 0 0 2 0 1 0 2 2 0 1 0 2 0 2 2 1 0 0 2 0 1 0 0 0 0 0 0 2 0 1 1 2 2 2 1 2 1 1 0 2 1 0 1 0 0 0 2 2 1 1 2 1 1
1.78610354413308 0.00838370916746361 0.339013101813477 -0.827468713238174 -1.75114839272624 -1 0 1 0 1 2 0 2 0 1 1 0 2 2 2 2 0 0 1 0 0 2 0 0 1 0 1 0 1 1 2 1 2 1 1 0 1 2 1 2 0 2 2 2 1 1 0 0 0 1 2 0 1 0 0 0 0 2 0 1 0 1 0 1 0 0 1 2 2 1 1 1 2 2 1 2 1 0 0 2 1 0 0 2 1 0 0 0 0 0 0 0 0 0 2 2 1 1 1 0 1 0 -1 0 -1 -2 0 -2 0 -1 -1 0 -2 -2 -2 -2 0 0 -1 0 0 -2 0 0 -1 0 -1 0 -1 -1 -2 -1 -2 -1 -1 0 -1 -2 -1 -2 0 -2 -2 -2 -1 -1 0 0 0 -1 -2 0 -1 0 0 0 0 -2 0 -1 0 -1 0 -1 0 0 -1 -2 -2 -1 -1 -1 -2 -2 -1 -2 -1 0 0 -2 -1 0 0 -2 -1 0 0 0 0 0 0 0 0 0 -2 -2 -1 -1 -1 0 -1
-0.13154156631309 0.430974285914376 -1.35835494739022 -0.654096149361084 0.863442660353651 1 0 2 1 2 2 1 2 0 2 0 0 1 1 1 1 0 0 1 0 0 1 1 0 2 1 2 0 2 1 2 1 1 1 1 1 2 2 0 2 0 2 2 2 1 2 1 1 0 0 2 0 1 0 0 0 0 2 0 2 1 1 2 2 2 2 2 2 2 0 0 0 1 1 1 1 0 0 1 2 1 1 0 2 0 1 1 2 0 0 1 0 0 1 2 1 2 1 2 0 1 0 2 1 2 2 1 2 0 2 0 0 1 1 1 1 0 0 1 0 0 1 1 0 2 1 2 0 2 1 2 1 1 1 1 1 2 2 0 2 0 2 2 2 1 2 1 1 0 0 2 0 1 0 0 0 0 2 0 2 1 1 2 2 2 2 2 2 2 0 0 0 1 1 1 1 0 0 1 2 1 1 0 2 0 1 1 2 0 0 1 0 0 1 2 1 2 1 2 0 1
0.526773159677503 -0.610182222544616 0.118604296051166 -0.636952481953373 2.59595320253282 -1 1 2 1 2 2 0 2 0 2 0 0 2 1 1 1 0 1 0 0 0 1 0 1 2 0 1 0 1 1 2 2 2 2 1 0 1 1 0 1 0 2 1 1 1 2 2 2 1 1 2 1 1 0 1 2 1 2 0 2 1 2 1 1 0 0 2 2 2 0 0 1 2 2 0 2 1 0 0 2 0 0 0 2 1 1 1 2 1 1 2 1 1 1 2 2 2 1 1 0 0 -1 -2 -1 -2 -2 0 -2 0 -2 0 0 -2 -1 -1 -1 0 -1 0 0 0 -1 0 -1 -2 0 -1 0 -1 -1 -2 -2 -2 -2 -1 0 -1 -1 0 -1 0 -2 -1 -1 -1 -2 -2 -2 -1 -1 -2 -1 -1 0 -1 -2 -1 -2 0 -2 -1 -2 -1 -1 0 0 -2 -2 -2 0 0 -1 -2 -2 0 -2 -1 0 0 -2 0 0 0 -2 -1 -1 -1 -2 -1 -1 -2 -1 -1 -1 -2 -2 -2 -1 -1 0 0
0.868098526129556 -0.0131368297573698 -0.832592892795563 0.358063151253084 -0.36164020000727 1 1 2 1 2 2 0 2 0 1 0 0 0 1 1 0 0 2 2 0 0 1 1 1 2 0 1 1 1 1 1 1 1 2 0 0 0 1 0 2 0 2 1 2 2 1 0 2 1 1 2 1 2 1 0 2 1 2 0 2 2 2 1 2 1 1 2 2 2 0 1 0 1 1 0 2 0 1 1 2 1 1 1 2 1 1 1 0 0 0 1 0 0 1 2 1 1 0 1 0 1 1 2 1 2 2 0 2 0 1 0 0 0 1 1 0 0 2 2 0 0 1 1 1 2 0 1 1 1 1 1 1 1 2 0 0 0 1 0 2 0 2 1 2 2 1 0 2 1 1 2 1 2 1 0 2 1 2 0 2 2 2 1 2 1 1 2 2 2 0 1 0 1 1 0 2 0 1 1 2 1 1 1 2 1 1 1 0 0 0 1 0 0 1 2 1 1 0 1 0 1
-1.30901493751379 0.627682092702385 0.663554858337524 0.725060261328207 0.878544727628898 -1 0 0 0 2 2 0 2 1 1 0 1 2 2 2 2 1 1 2 1 0 2 1 0 2 0 1 0 1 1 2 2 1 0 0 0 1 1 0 2 1 0 1 2 1 1 1 2 1 0 2 0 1 0 1 1 1 2 0 1 1 2 2 2 2 2 2 2 2 0 1 0 1 0 1 1 1 0 0 2 0 0 0 1 1 0 1 1 2 0 1 0 1 1 1 2 2 1 0 0 1 0 0 0 -2 -2 0 -2 -1 -1 0 -1 -2 -2 -2 -2 -1 -1 -2 -1 0 -2 -1 0 -2 0 -1 0 -1 -1 -2 -2 -1 0 0 0 -1 -1 0 -2 -1 0 -1 -2 -1 -1 -1 -2 -1 0 -2 0 -1 0 -1 -1 -1 -2 0 -1 -1 -2 -2 -2 -2 -2 -2 -2 -2 0 -1 0 -1 0 -1 -1 -1 0 0 -2 0 0 0 -1 -1 0 -1 -1 -2 0 -1 0 -1 -1 -1 -2 -2 -1 0 0 -1
0.874951487233348 -1.44096840142855 0.411191566768115 -1.86319964029987 1.48939792129155 -1 0 0 1 2 2 0 2 1 2 1 0 2 2 2 2 1 1 2 0 0 1 1 0 2 0 1 1 1 1 2 2 1 1 0 0 2 2 0 1 0 2 1 2 1 1 0 1 0 0 2 1 1 0 2 2 0 1 0 2 0 1 2 2 0 1 2 2 2 0 0 0 1 1 1 2 0 1 1 2 1 1 0 2 1 0 1 2 1 0 1 0 0 1 2 1 1 1 1 0 0 0 0 -1 -2 -2 0 -2 -1 -2 -1 0 -2 -2 -2 -2 -1 -1 -2 0 0 -1 -1 0 -2 0 -1 -1 -1 -1 -2 -2 -1 -1 0 0 -2 -2 0 -1 0 -2 -1 -2 -1 -1 0 -1 0 0 -2 -1 -1 0 -2 -2 0 -1 0 -2 0 -1 -2 -2 0 -1 -2 -2 -2 0 0 0 -1 -1 -1 -2 0 -1 -1 -2 -1 -1 0 -2 -1 0 -1 -2 -1 0 -1 0 0 -1 -2 -1 -1 -1 -1 0 0
1.0147834752759 -0.557718471978094 1.43289473684097 0.0824680905214732 -0.779681690061859 1 0 1 1 2 2 0 2 1 2 1 0 1 1 1 0 0 0 1 0 0 0 1 2 2 0 2 0 1 1 2 2 2 2 0 0 2 2 1 2 0 0 0 0 0 1 0 0 0 0 2 1 2 1 0 0 0 2 2 2 1 2 2 2 0 1 1 1 2 0 1 2 2 2 2 2 1 1 0 1 1 1 0 1 0 0 0 1 1 0 2 0 0 0 2 1 2 1 1 1 1 0 1 1 2 2 0 2 1 2 1 0 1 1 1 0 0 0 1 0 0 0 1 2 2 0 2 0 1 1 2 2 2 2 0 0 2 2 1 2 0 0 0 0 0 1 0 0 0 0 2 1 2 1 0 0 0 2 2 2 1 2 2 2 0 1 1 1 2 0 1 2 2 2 2 2 1 1 0 1 1 1 0 1 0 0 0 1 1 0 2 0 0 0 2 1 2 1 1 1 1
-0.497962021826557 -1.64320419484827 1.62045080168444 0.0306086690593177 0.144189634511672 1 0 0 1 2 2 0 2 0 2 1 0 1 0 1 0 0 0 2 0 0 1 1 2 2 0 0 1 2 2 2 2 2 1 1 0 2 2 0 2 1 1 1 0 1 2 1 1 1 0 2 1 1 0 1 1 1 2 1 2 2 2 2 2 1 2 2 2 2 0 0 1 2 0 1 1 0 1 1 1 1 0 0 1 0 0 0 0 0 0 0 0 0 1 2 2 2 1 2 2 2 0 0 1 2 2 0 2 0 2 1 0 1 0 1 0 0 0 2 0 0 1 1 2 2 0 0 1 2 2 2 2 2 1 1 0 2 2 0 2 1 1 1 0 1 2 1 1 1 0 2 1 1 0 1 1 1 2 1 2 2 2 2 2 1 2 2 2 2 0 0 1 2 0 1 1 0 1 1 1 1 0 0 1 0 0 0 0 0 0 0 0 0 1 2 2 2 1 2 2 2
-0.325957627132005 0.604826794550267 -1.17415749673347 -1.59241251081731 -1.28402429970431 -1 0 0 0 2 2 1 2 2 2 1 0 0 0 1 0 0 1 1 0 1 2 0 0 2 1 2 1 2 1 2 1 2 1 0 0 2 2 0 1 0 0 0 2 2 2 1 1 1 0 1 2 2 0 1 1 0 2 0 2 0 1 1 2 0 0 1 1 2 0 0 0 1 2 1 2 0 1 2 2 1 2 0 0 1 0 0 0 0 0 0 0 0 1 2 2 1 0 1 0 1 0 0 0 -2 -2 -1 -2 -2 -2 -1 0 0 0 -1 0 0 -1 -1 0 -1 -2 0 0 -2 -1 -2 -1 -2 -1 -2 -1 -2 -1 0 0 -2 -2 0 -1 0 0 0 -2 -2 -2 -1 -1 -1 0 -1 -2 -2 0 -1 -1 0 -2 0 -2 0 -1 -1 -2 0 0 -1 -1 -2 0 0 0 -1 -2 -1 -2 0 -1 -2 -2 -1 -2 0 0 -1 0 0 0 0 0 0 0 0 -1 -2 -2 -1 0 -1 0 -1
-0.25112578291529 0.762607505467324 0.238302256020831 1.49474978281867 0.00523305016840586 1 0 0 1 2 2 1 2 1 2 0 0 2 2 2 2 0 0 0 0 0 1 1 0 2 0 2 1 2 2 2 2 1 1 1 0 2 2 0 2 0 2 1 1 2 2 2 2 0 1 2 1 1 0 1 2 1 1 0 2 1 2 2 2 0 1 2 1 2 0 0 1 1 1 1 0 0 0 0 1 1 1 0 1 0 1 0 1 0 0 1 0 0 1 2 2 2 0 0 0 1 0 0 1 2 2 1 2 1 2 0 0 2 2 2 2 0 0 0 0 0 1 1 0 2 0 2 1 2 2 2 2 1 1 1 0 2 2 0 2 0 2 1 1 2 2 2 2 0 1 2 1 1 0 1 2 1 1 0 2 1 2 2 2 0 1 2 1 2 0 0 1 1 1 1 0 0 0 0 1 1 1 0 1 0 1 0 1 0 0 1 0 0 1 2 2 2 0 0 0 1
0.750243974798374 -1.58862791144554 -0.635926741751405 1.09645378254442 -0.0352648362825249 -1 0 1 1 2 2 0 1 0 2 0 0 1 1 1 0 0 2 2 0 0 1 2 1 1 0 0 0 0 1 2 2 2 2 1 0 2 2 0 2 0 2 0 2 2 2 2 1 0 0 2 1 2 1 2 2 0 2 0 2 1 2 2 2 2 2 1 1 2 0 0 0 0 1 0 2 1 1 0 2 2 1 1 2 0 0 0 0 0 0 0 0 0 0 2 1 2 0 0 1 1 0 -1 -1 -2 -2 0 -1 0 -2 0 0 -1 -1 -1 0 0 -2 -2 0 0 -1 -2 -1 -1 0 0 0 0 -1 -2 -2 -2 -2 -1 0 -2 -2 0 -2 0 -2 0 -2 -2 -2 -2 -1 0 0 -2 -1 -2 -1 -2 -2 0 -2 0 -2 -1 -2 -2 -2 -2 -2 -1 -1 -2 0 0 0 0 -1 0 -2 -1 -1 0 -2 -2 -1 -1 -2 0 0 0 0 0 0 0 0 0 0 -2 -1 -2 0 0 -1 -1
0.540810699790022 0.0228630744483037 0.877036991405969 0.967662329396412 -0.10083060985888 1 0 1 1 2 2 0 2 0 2 0 0 2 2 2 1 2 2 2 0 0 0 2 2 2 1 2 2 2 2 2 1 1 1 1 0 2 2 0 2 1 0 1 1 1 1 0 1 0 0 2 0 2 1 1 2 1 2 1 2 1 2 2 1 0 1 2 2 2 0 1 0 1 1 1 2 0 0 1 2 1 2 1 1 0 2 1 1 1 0 0 0 0 0 0 1 2 0 0 0 1 0 1 1 2 2 0 2 0 2 0 0 2 2 2 1 2 2 2 0 0 0 2 2 2 1 2 2 2 2 2 1 1 1 1 0 2 2 0 2 1 0 1 1 1 1 0 1 0 0 2 0 2 1 1 2 1 2 1 2 1 2 2 1 0 1 2 2 2 0 1 0 1 1 1 2 0 0 1 2 1 2 1 1 0 2 1 1 1 0 0 0 0 0 0 1 2 0 0 0 1
0.93039180384909 -1.13692957798647 0.648190136900875 0.0208185920968033 0.115788824307283 -1 0 1 1 2 2 1 2 2 2 2 0 2 1 2 1 1 1 2 0 0 0 1 1 2 1 1 0 1 2 2 1 2 1 0 0 0 2 0 2 0 0 0 0 1 2 2 2 1 0 1 1 2 0 1 1 0 1 1 2 1 2 1 2 1 1 1 1 2 1 1 0 2 2 1 2 2 1 1 2 1 2 1 1 0 0 0 0 0 0 1 0 0 0 1 1 2 1 2 1 0 0 -1 -1 -2 -2 -1 -2 -2 -2 -2 0 -2 -1 -2 -1 -1 -1 -2 0 0 0 -1 -1 -2 -1 -1 0 -1 -2 -2 -1 -2 -1 0 0 0 -2 0 -2 0 0 0 0 -1 -2 -2 -2 -1 0 -1 -1 -2 0 -1 -1 0 -1 -1 -2 -1 -2 -1 -2 -1 -1 -1 -1 -2 -1 -1 0 -2 -2 -1 -2 -2 -1 -1 -2 -1 -2 -1 -1 0 0 0 0 0 0 -1 0 0 0 -1 -1 -2 -1 -2 -1 0
-1.11469118918673 -0.788783521026348 -1.30345497387328 -0.250245300818161 -0.891212407958981 1 0 0 0 2 2 0 2 0 1 0 1 1 2 2 1 0 0 0 0 0 1 2 1 2 0 2 2 2 2 2 1 1 2 1 0 2 2 0 2 0 1 0 0 0 2 0 1 1 0 1 0 0 0 0 1 0 1 0 2 0 1 1 2 1 1 2 2 2 0 1 1 1 1 0 2 1 2 2 2 1 1 1 2 1 0 0 2 0 0 1 0 1 0 2 2 2 1 1 1 0 0 0 0 2 2 0 2 0 1 0 1 1 2 2 1 0 0 0 0 0 1 2 1 2 0 2 2 2 2 2 1 1 2 1 0 2 2 0 2 0 1 0 0 0 2 0 1 1 0 1 0 0 0 0 1 0 1 0 2 0 1 1 2 1 1 2 2 2 0 1 1 1 1 0 2 1 2 2 2 1 1 1 2 1 0 0 2 0 0 1 0 1 0 2 2 2 1 1 1 0
-1.03155591037924 1.29252226781256 -0.335671066986786 -0.784353030435399 1.94283536171199 1 0 2 1 2 2 0 2 0 1 0 0 2 2 2 1 0 0 0 0 0 1 1 0 1 0 0 1 1 2 2 2 1 1 0 0 1 2 0 2 0 2 0 1 1 2 1 2 0 1 2 0 1 0 0 2 1 2 0 2 0 2 1 1 1 1 1 1 2 0 0 0 1 0 0 1 0 0 0 2 1 1 1 2 0 1 0 0 0 0 0 0 0 1 2 2 2 1 1 1 0 0 2 1 2 2 0 2 0 1 0 0 2 2 2 1 0 0 0 0 0 1 1 0 1 0 0 1 1 2 2 2 1 1 0 0 1 2 0 2 0 2 0 1 1 2 1 2 0 1 2 0 1 0 0 2 1 2 0 2 0 2 1 1 1 1 1 1 2 0 0 0 1 0 0 1 0 0 0 2 1 1 1 2 0 1 0 0 0 0 0 0 0 1 2 2 2 1 1 1 0
1.74839652447821 0.0445528725531631 0.388973684490559 -0.257272755871801 -0.457007941807103 1 0 1 1 2 2 1 2 2 2 1 0 2 2 1 0 0 1 0 0 1 1 0 1 2 0 0 0 2 1 2 2 1 0 0 0 1 2 0 2 1 1 2 1 1 2 0 1 2 1 2 1 1 1 2 2 0 1 0 1 1 2 2 2 1 1 1 1 2 0 0 0 1 1 0 2 1 2 2 2 2 1 0 2 2 1 0 1 0 0 0 0 0 0 0 0 1 0 0 0 0 0 1 1 2 2 1 2 2 2 1 0 2 2 1 0 0 1 0 0 1 1 0 1 2 0 0 0 2 1 2 2 1 0 0 0 1 2 0 2 1 1 2 1 1 2 0 1 2 1 2 1 1 1 2 2 0 1 0 1 1 2 2 2 1 1 1 1 2 0 0 0 1 1 0 2 1 2 2 2 2 1 0 2 2 1 0 1 0 0 0 0 0 0 0 0 1 0 0 0 0
-0.0365044960603603 0.28433035776367 -1.57217674375842 -1.41150669483172 0.463629138321387 -1 0 1 0 2 2 0 2 0 2 1 0 2 2 2 1 0 0 2 0 0 2 2 2 2 1 1 1 1 1 2 2 1 1 0 0 1 2 0 2 1 1 0 1 0 1 0 1 1 0 2 0 1 0 1 1 0 1 1 2 0 0 0 0 0 0 1 1 2 1 0 0 1 1 0 2 0 1 0 2 2 1 0 2 1 1 0 1 0 0 0 0 0 1 1 2 1 0 0 0 0 0 -1 0 -2 -2 0 -2 0 -2 -1 0 -2 -2 -2 -1 0 0 -2 0 0 -2 -2 -2 -2 -1 -1 -1 -1 -1 -2 -2 -1 -1 0 0 -1 -2 0 -2 -1 -1 0 -1 0 -1 0 -1 -1 0 -2 0 -1 0 -1 -1 0 -1 -1 -2 0 0 0 0 0 0 -1 -1 -2 -1 0 0 -1 -1 0 -2 0 -1 0 -2 -2 -1 0 -2 -1 -1 0 -1 0 0 0 0 0 -1 -1 -2 -1 0 0 0 0
-0.547136775525594 0.451976166102869 0.761589605825386 1.81560364660108 0.781856938659652 1 0 0 1 2 2 0 2 2 2 2 0 1 1 1 0 0 1 0 0 0 1 1 1 2 1 1 0 1 0 2 2 1 1 0 0 1 2 0 2 1 1 1 1 0 1 0 2 0 1 2 0 2 0 1 2 1 1 1 2 1 1 1 2 1 0 1 2 2 0 0 1 1 1 0 1 0 0 0 1 0 1 0 0 2 0 0 2 0 0 2 1 1 2 2 1 2 0 0 0 0 0 0 1 2 2 0 2 2 2 2 0 1 1 1 0 0 1 0 0 0 1 1 1 2 1 1 0 1 0 2 2 1 1 0 0 1 2 0 2 1 1 1 1 0 1 0 2 0 1 2 0 2 0 1 2 1 1 1 2 1 1 1 2 1 0 1 2 2 0 0 1 1 1 0 1 0 0 0 1 0 1 0 0 2 0 0 2 0 0 2 1 1 2 2 1 2 0 0 0 0
0.211882060549467 1.65517673628432 1.72519341229155 0.340862387000217 0.945561014453496 -1 0 0 1 2 2 1 2 0 2 2 0 1 2 2 2 1 1 2 0 0 1 1 0 2 0 1 1 2 2 1 2 1 0 0 0 0 2 0 2 0 1 1 2 0 2 0 1 1 1 2 0 1 0 1 1 1 2 1 2 1 1 2 1 0 1 2 2 2 0 1 1 1 2 1 1 0 0 0 2 0 0 0 1 0 0 0 2 1 0 1 0 0 1 2 2 2 1 2 0 1 0 0 -1 -2 -2 -1 -2 0 -2 -2 0 -1 -2 -2 -2 -1 -1 -2 0 0 -1 -1 0 -2 0 -1 -1 -2 -2 -1 -2 -1 0 0 0 0 -2 0 -2 0 -1 -1 -2 0 -2 0 -1 -1 -1 -2 0 -1 0 -1 -1 -1 -2 -1 -2 -1 -1 -2 -1 0 -1 -2 -2 -2 0 -1 -1 -1 -2 -1 -1 0 0 0 -2 0 0 0 -1 0 0 0 -2 -1 0 -1 0 0 -1 -2 -2 -2 -1 -2 0 -1
-0.161714366641907 1.64510698486142 -2.18326667885578 0.411618631751904 1.42695657274539 -1 0 1 1 2 2 0 2 0 1 1 0 2 2 2 1 1 2 2 2 1 1 0 1 2 0 1 0 1 2 2 2 2 2 0 0 1 2 0 2 0 2 1 1 1 1 0 0 0 0 2 0 1 1 2 2 1 2 1 2 2 2 2 1 0 1 2 2 2 0 0 0 1 2 2 2 0 1 2 2 2 2 1 2 0 1 0 1 0 0 1 0 0 0 1 1 1 1 1 1 1 0 -1 -1 -2 -2 0 -2 0 -1 -1 0 -2 -2 -2 -1 -1 -2 -2 -2 -1 -1 0 -1 -2 0 -1 0 -1 -2 -2 -2 -2 -2 0 0 -1 -2 0 -2 0 -2 -1 -1 -1 -1 0 0 0 0 -2 0 -1 -1 -2 -2 -1 -2 -1 -2 -2 -2 -2 -1 0 -1 -2 -2 -2 0 0 0 -1 -2 -2 -2 0 -1 -2 -2 -2 -2 -1 -2 0 -1 0 -1 0 0 -1 0 0 0 -1 -1 -1 -1 -1 -1 -1
-0.292375347728731 1.4103553551604 -1.06286969824212 0.634081393998758 1.12428218951661 -1 0 1 0 2 2 1 2 1 2 1 0 2 2 1 2 0 0 1 0 0 0 0 0 1 0 1 0 1 1 2 2 2 1 0 0 1 1 0 0 0 2 0 1 2 2 1 0 0 1 2 0 2 0 1 1 0 2 0 2 1 2 1 1 0 1 2 1 2 0 0 0 2 2 1 2 0 1 2 2 2 2 1 2 0 0 0 1 0 0 0 0 0 1 2 2 1 1 2 2 2 0 -1 0 -2 -2 -1 -2 -1 -2 -1 0 -2 -2 -1 -2 0 0 -1 0 0 0 0 0 -1 0 -1 0 -1 -1 -2 -2 -2 -1 0 0 -1 -1 0 0 0 -2 0 -1 -2 -2 -1 0 0 -1 -2 0 -2 0 -1 -1 0 -2 0 -2 -1 -2 -1 -1 0 -1 -2 -1 -2 0 0 0 -2 -2 -1 -2 0 -1 -2 -2 -2 -2 -1 -2 0 0 0 -1 0 0 0 0 0 -1 -2 -2 -1 -1 -2 -2 -2
0.35102408577731 -0.0352222967692094 -0.789158937516039 1.56155553593878 0.0186592105396916 1 0 1 0 2 2 0 2 1 2 1 0 1 2 1 0 0 1 1 0 0 1 1 1 1 0 1 0 1 1 2 2 1 1 0 0 1 2 0 2 0 2 1 1 1 2 0 1 1 1 2 0 2 0 2 2 0 2 1 2 1 1 2 2 1 2 2 2 2 0 2 0 1 1 2 1 0 0 0 2 2 1 0 2 0 0 0 1 0 0 1 1 0 0 1 1 1 0 1 0 1 0 1 0 2 2 0 2 1 2 1 0 1 2 1 0 0 1 1 0 0 1 1 1 1 0 1 0 1 1 2 2 1 1 0 0 1 2 0 2 0 2 1 1 1 2 0 1 1 1 2 0 2 0 2 2 0 2 1 2 1 1 2 2 1 2 2 2 2 0 2 0 1 1 2 1 0 0 0 2 2 1 0 2 0 0 0 1 0 0 1 1 0 0 1 1 1 0 1 0 1
-0.0175842755368254 0.245110711535244 1.59053697599399 0.293057910116185 -0.348898525956142 -1 1 2 1 2 2 0 2 1 2 1 0 1 1 2 1 0 1 2 1 0 1 1 1 2 1 2 0 1 2 2 2 2 2 1 0 2 2 0 2 0 2 1 0 0 1 2 1 2 1 2 1 0 0 0 1 1 2 1 2 2 2 2 2 2 1 2 2 2 0 1 1 1 2 0 2 0 1 0 2 1 1 0 0 1 1 0 0 1 0 1 0 1 0 2 2 2 0 1 0 2 -1 -2 -1 -2 -2 0 -2 -1 -2 -1 0 -1 -1 -2 -1 0 -1 -2 -1 0 -1 -1 -1 -2 -1 -2 0 -1 -2 -2 -2 -2 -2 -1 0 -2 -2 0 -2 0 -2 -1 0 0 -1 -2 -1 -2 -1 -2 -1 0 0 0 -1 -1 -2 -1 -2 -2 -2 -2 -2 -2 -1 -2 -2 -2 0 -1 -1 -1 -2 0 -2 0 -1 0 -2 -1 -1 0 0 -1 -1 0 0 -1 0 -1 0 -1 0 -2 -2 -2 0 -1 0 -2
-0.0586593632571637 -0.804666556135342 -0.125261764267052 0.533534826877599 -0.874262672060063 1 0 1 0 2 2 0 2 1 2 1 0 2 2 2 1 0 1 1 0 0 2 0 2 2 0 1 0 2 1 2 2 2 1 0 0 1 2 0 2 1 2 1 1 0 1 0 0 0 0 2 0 1 0 1 2 0 2 2 2 0 1 1 2 0 1 2 2 2 0 0 0 0 2 0 1 1 0 0 2 2 1 0 1 1 0 0 2 0 0 1 0 0 1 1 1 2 1 1 1 1 0 1 0 2 2 0 2 1 2 1 0 2 2 2 1 0 1 1 0 0 2 0 2 2 0 1 0 2 1 2 2 2 1 0 0 1 2 0 2 1 2 1 1 0 1 0 0 0 0 2 0 1 0 1 2 0 2 2 2 0 1 1 2 0 1 2 2 2 0 0 0 0 2 0 1 1 0 0 2 2 1 0 1 1 0 0 2 0 0 1 0 0 1 1 1 2 1 1 1 1
-0.526139881825464 -0.233722601528484 -1.03141063259216 -0.169780771528248 -0.178228284402121 -1 0 0 0 1 2 0 1 1 2 1 1 2 2 2 2 0 2 2 1 0 2 1 1 2 0 2 1 0 0 2 2 2 2 2 0 1 2 1 2 1 2 0 1 1 1 1 1 0 0 2 1 2 1 2 2 0 2 1 1 1 1 1 0 1 2 1 2 2 0 1 0 1 1 1 1 0 1 0 2 1 1 0 2 0 0 0 0 0 0 1 0 0 1 2 2 2 1 2 2 2 0 0 0 -1 -2 0 -1 -1 -2 -1 -1 -2 -2 -2 -2 0 -2 -2 -1 0 -2 -1 -1 -2 0 -2 -1 0 0 -2 -2 -2 -2 -2 0 -1 -2 -1 -2 -1 -2 0 -1 -1 -1 -1 -1 0 0 -2 -1 -2 -1 -2 -2 0 -2 -1 -1 -1 -1 -1 0 -1 -2 -1 -2 -2 0 -1 0 -1 -1 -1 -1 0 -1 0 -2 -1 -1 0 -2 0 0 0 0 0 0 -1 0 0 -1 -2 -2 -2 -1 -2 -2 -2
1.21684548970836 -1.53814878767085 0.754599099197006 1.11423280114576 0.841653793973638 -1 0 2 1 2 2 1 2 1 2 0 0 2 2 2 1 0 1 2 0 0 2 1 1 2 0 0 0 1 2 2 2 1 2 0 0 2 2 0 2 1 2 1 2 0 2 1 2 1 1 2 0 2 0 1 2 1 2 1 2 0 2 1 2 0 1 1 2 2 0 1 1 2 2 1 1 0 0 1 2 0 0 0 1 0 0 0 0 1 0 1 0 0 0 2 2 2 0 1 0 0 0 -2 -1 -2 -2 -1 -2 -1 -2 0 0 -2 -2 -2 -1 0 -1 -2 0 0 -2 -1 -1 -2 0 0 0 -1 -2 -2 -2 -1 -2 0 0 -2 -2 0 -2 -1 -2 -1 -2 0 -2 -1 -2 -1 -1 -2 0 -2 0 -1 -2 -1 -2 -1 -2 0 -2 -1 -2 0 -1 -1 -2 -2 0 -1 -1 -2 -2 -1 -1 0 0 -1 -2 0 0 0 -1 0 0 0 0 -1 0 -1 0 0 0 -2 -2 -2 0 -1 0 0
-0.868694175646781 -0.156992041733731 -2.47321680760346 1.82344630139854 -0.360152391336504 -1 1 0 0 2 2 1 2 1 2 1 0 2 1 2 0 0 0 2 0 0 1 1 0 1 0 0 0 1 1 2 2 2 1 1 0 1 2 0 2 1 2 0 2 2 2 2 2 1 1 2 1 2 2 2 2 1 2 1 2 2 2 1 2 2 2 2 1 2 0 0 0 2 1 1 2 0 2 1 2 2 1 1 1 0 0 0 0 0 0 1 0 0 0 2 1 0 0 1 0 1 -1 0 0 -2 -2 -1 -2 -1 -2 -1 0 -2 -1 -2 0 0 0 -2 0 0 -1 -1 0 -1 0 0 0 -1 -1 -2 -2 -2 -1 -1 0 -1 -2 0 -2 -1 -2 0 -2 -2 -2 -2 -2 -1 -1 -2 -1 -2 -2 -2 -2 -1 -2 -1 -2 -2 -2 -1 -2 -2 -2 -2 -1 -2 0 0 0 -2 -1 -1 -2 0 -2 -1 -2 -2 -1 -1 -1 0 0 0 0 0 0 -1 0 0 0 -2 -1 0 0 -1 0 -1
1.91385299122437 0.161106841235412 0.287115196117301 0.701884805290543 -0.0681197119122668 1 0 1 2 2 2 1 2 1 2 1 0 1 1 2 0 0 0 1 0 0 1 1 1 2 0 1 1 1 1 2 2 2 2 1 0 1 2 0 2 0 2 1 0 1 0 0 2 1 0 2 0 1 0 1 0 0 0 0 0 0 1 1 1 0 2 2 2 2 1 0 0 1 2 2 1 0 1 2 1 1 0 0 0 1 1 0 0 0 0 1 0 0 1 1 0 1 0 0 0 1 0 1 2 2 2 1 2 1 2 1 0 1 1 2 0 0 0 1 0 0 1 1 1 2 0 1 1 1 1 2 2 2 2 1 0 1 2 0 2 0 2 1 0 1 0 0 2 1 0 2 0 1 0 1 0 0 0 0 0 0 1 1 1 0 2 2 2 2 1 0 0 1 2 2 1 0 1 2 1 1 0 0 0 1 1 0 0 0 0 1 0 0 1 1 0 1 0 0 0 1
1.30719359426913 0.163061977801727 -0.975654425880856 -0.0174368384848591 -1.48244074778167 1 0 0 2 2 2 1 2 1 2 0 0 2 1 0 1 0 1 1 1 0 0 2 2 2 0 2 1 2 2 2 2 2 2 1 0 2 2 2 2 0 2 2 2 1 1 1 2 0 1 2 0 2 0 1 1 1 1 0 2 2 2 2 2 1 2 2 2 2 0 1 1 1 2 2 2 0 1 1 1 1 0 0 1 1 0 0 1 0 0 0 0 0 0 1 1 2 1 1 2 2 0 0 2 2 2 1 2 1 2 0 0 2 1 0 1 0 1 1 1 0 0 2 2 2 0 2 1 2 2 2 2 2 2 1 0 2 2 2 2 0 2 2 2 1 1 1 2 0 1 2 0 2 0 1 1 1 1 0 2 2 2 2 2 1 2 2 2 2 0 1 1 1 2 2 2 0 1 1 1 1 0 0 1 1 0 0 1 0 0 0 0 0 0 1 1 2 1 1 2 2
0.886458805226641 -1.01377242844754 0.280492726520829 0.376541218419 -0.468015508336212 1 0 0 0 2 2 1 2 1 2 0 1 2 2 2 1 2 1 2 0 0 1 0 0 1 0 1 0 1 0 2 2 1 1 0 0 1 2 1 2 1 2 1 1 2 2 2 2 1 1 2 1 2 2 1 2 0 2 1 2 1 2 1 1 0 1 2 1 2 1 0 0 0 1 1 2 1 0 0 2 0 1 0 0 1 0 0 1 0 0 0 0 0 2 2 2 2 1 2 1 1 0 0 0 2 2 1 2 1 2 0 1 2 2 2 1 2 1 2 0 0 1 0 0 1 0 1 0 1 0 2 2 1 1 0 0 1 2 1 2 1 2 1 1 2 2 2 2 1 1 2 1 2 2 1 2 0 2 1 2 1 2 1 1 0 1 2 1 2 1 0 0 0 1 1 2 1 0 0 2 0 1 0 0 1 0 0 1 0 0 0 0 0 2 2 2 2 1 2 1 1
-0.282445665212014 -1.07313519723101 1.20871774893988 0.427640868767007 0.529033251784984 -1 0 1 0 2 2 1 2 1 1 2 0 1 1 2 1 0 0 2 0 0 0 2 2 2 0 1 0 1 2 2 2 2 1 0 0 0 2 0 2 1 2 0 0 0 0 0 1 1 2 2 0 2 0 1 2 0 2 0 2 0 1 2 2 1 2 1 1 2 0 2 0 1 1 1 2 0 0 0 1 1 1 0 1 1 0 0 2 0 0 1 0 0 1 2 2 2 0 1 1 1 0 -1 0 -2 -2 -1 -2 -1 -1 -2 0 -1 -1 -2 -1 0 0 -2 0 0 0 -2 -2 -2 0 -1 0 -1 -2 -2 -2 -2 -1 0 0 0 -2 0 -2 -1 -2 0 0 0 0 0 -1 -1 -2 -2 0 -2 0 -1 -2 0 -2 0 -2 0 -1 -2 -2 -1 -2 -1 -1 -2 0 -2 0 -1 -1 -1 -2 0 0 0 -1 -1 -1 0 -1 -1 0 0 -2 0 0 -1 0 0 -1 -2 -2 -2 0 -1 -1 -1
0.618730231448221 0.48604303730235 1.11567795740104 -0.937429987975416 -1.33037109041785 -1 0 1 1 2 2 0 1 1 2 2 1 2 2 2 1 0 1 0 0 0 1 1 1 2 0 1 2 2 1 2 2 1 1 0 0 0 1 0 2 0 1 2 2 1 1 1 2 0 1 2 0 1 0 1 1 0 1 1 1 1 2 2 2 1 2 2 1 2 0 0 0 1 2 1 2 1 2 2 2 2 2 0 0 0 1 0 0 0 0 0 0 0 1 2 0 1 1 2 1 2 0 -1 -1 -2 -2 0 -1 -1 -2 -2 -1 -2 -2 -2 -1 0 -1 0 0 0 -1 -1 -1 -2 0 -1 -2 -2 -1 -2 -2 -1 -1 0 0 0 -1 0 -2 0 -1 -2 -2 -1 -1 -1 -2 0 -1 -2 0 -1 0 -1 -1 0 -1 -1 -1 -1 -2 -2 -2 -1 -2 -2 -1 -2 0 0 0 -1 -2 -1 -2 -1 -2 -2 -2 -2 -2 0 0 0 -1 0 0 0 0 0 0 0 -1 -2 0 -1 -1 -2 -1 -2
1.31925380907681 -0.650731488273458 0.862140950900842 0.510546709098403 0.535532575412784 1 1 2 1 2 2 2 2 0 2 1 0 1 2 2 0 0 0 1 0 0 0 1 1 2 1 1 0 1 2 2 2 0 1 1 0 0 2 0 1 0 1 0 0 0 2 0 0 0 0 2 1 2 0 1 0 0 2 0 1 1 1 1 2 2 1 0 1 2 0 1 1 2 2 2 1 0 1 1 2 1 0 0 1 0 2 0 1 1 1 2 0 0 1 1 2 1 0 0 0 1 1 2 1 2 2 2 2 0 2 1 0 1 2 2 0 0 0 1 0 0 0 1 1 2 1 1 0 1 2 2 2 0 1 1 0 0 2 0 1 0 1 0 0 0 2 0 0 0 0 2 1 2 0 1 0 0 2 0 1 1 1 1 2 2 1 0 1 2 0 1 1 2 2 2 1 0 1 1 2 1 0 0 1 0 2 0 1 1 1 2 0 0 1 1 2 1 0 0 0 1
0.452495839537978 -0.747208094660754 0.132043501903398 0.128725623261418 1.64444231401605 -1 0 1 0 1 2 0 2 0 1 1 0 2 2 2 1 1 1 2 0 0 2 1 0 2 1 2 0 1 2 2 1 1 0 0 0 0 1 0 2 0 2 1 2 1 2 1 1 1 0 2 0 2 0 1 1 0 1 0 2 1 2 2 1 0 1 1 1 2 0 1 0 1 2 1 2 1 2 1 2 2 2 0 2 2 1 0 1 0 0 2 0 0 1 1 1 2 1 0 0 0 0 -1 0 -1 -2 0 -2 0 -1 -1 0 -2 -2 -2 -1 -1 -1 -2 0 0 -2 -1 0 -2 -1 -2 0 -1 -2 -2 -1 -1 0 0 0 0 -1 0 -2 0 -2 -1 -2 -1 -2 -1 -1 -1 0 -2 0 -2 0 -1 -1 0 -1 0 -2 -1 -2 -2 -1 0 -1 -1 -1 -2 0 -1 0 -1 -2 -1 -2 -1 -2 -1 -2 -2 -2 0 -2 -2 -1 0 -1 0 0 -2 0 0 -1 -1 -1 -2 -1 0 0 0
1.0180987821749 0.545979400134063 -1.01707743135403 0.483117240633962 2.35475571018197 -1 0 0 0 2 2 0 2 2 2 2 0 2 2 2 1 0 1 2 1 0 2 0 0 2 0 1 0 1 1 2 2 2 2 0 0 1 2 0 2 1 1 1 2 2 2 1 2 0 0 2 2 2 2 2 2 1 2 1 2 0 2 1 1 0 2 2 2 2 0 1 0 2 2 1 1 0 1 0 2 2 1 0 2 1 2 0 0 0 0 0 0 0 1 1 1 2 0 0 0 0 0 0 0 -2 -2 0 -2 -2 -2 -2 0 -2 -2 -2 -1 0 -1 -2 -1 0 -2 0 0 -2 0 -1 0 -1 -1 -2 -2 -2 -2 0 0 -1 -2 0 -2 -1 -1 -1 -2 -2 -2 -1 -2 0 0 -2 -2 -2 -2 -2 -2 -1 -2 -1 -2 0 -2 -1 -1 0 -2 -2 -2 -2 0 -1 0 -2 -2 -1 -1 0 -1 0 -2 -2 -1 0 -2 -1 -2 0 0 0 0 0 0 0 -1 -1 -1 -2 0 0 0 0
-0.470256183242612 -1.08199625660338 1.7012274231709 -0.498080409208362 0.0687090514470703 -1 1 2 1 2 2 1 2 1 1 0 0 2 2 2 1 1 0 1 0 0 0 1 0 2 0 0 0 1 1 2 2 1 2 1 0 1 2 0 2 0 2 1 2 1 1 1 1 1 1 2 1 2 1 2 2 2 2 2 2 0 2 2 2 1 2 2 2 2 0 0 0 1 2 1 1 1 2 1 1 0 0 0 1 1 0 0 1 0 0 2 1 1 1 2 2 2 1 1 0 1 -1 -2 -1 -2 -2 -1 -2 -1 -1 0 0 -2 -2 -2 -1 -1 0 -1 0 0 0 -1 0 -2 0 0 0 -1 -1 -2 -2 -1 -2 -1 0 -1 -2 0 -2 0 -2 -1 -2 -1 -1 -1 -1 -1 -1 -2 -1 -2 -1 -2 -2 -2 -2 -2 -2 0 -2 -2 -2 -1 -2 -2 -2 -2 0 0 0 -1 -2 -1 -1 -1 -2 -1 -1 0 0 0 -1 -1 0 0 -1 0 0 -2 -1 -1 -1 -2 -2 -2 -1 -1 0 -1
0.410447950121904 -1.15896467571819 -0.249050323012387 -0.671245365361644 -0.293112463546086 1 0 1 0 2 2 0 2 2 2 1 0 1 1 2 2 1 1 2 0 0 2 0 0 2 0 1 0 1 1 2 2 2 2 0 0 2 2 1 2 2 1 0 2 1 1 1 1 0 0 2 2 2 2 2 1 1 2 1 2 1 1 1 1 0 1 1 2 2 0 0 0 0 0 1 2 1 0 0 2 1 0 1 1 2 1 0 1 0 0 0 0 0 2 2 1 2 0 2 0 1 0 1 0 2 2 0 2 2 2 1 0 1 1 2 2 1 1 2 0 0 2 0 0 2 0 1 0 1 1 2 2 2 2 0 0 2 2 1 2 2 1 0 2 1 1 1 1 0 0 2 2 2 2 2 1 1 2 1 2 1 1 1 1 0 1 1 2 2 0 0 0 0 0 1 2 1 0 0 2 1 0 1 1 2 1 0 1 0 0 0 0 0 2 2 1 2 0 2 0 1
0.600987162744258 -0.809241746428003 0.220842125598447 -0.710341053885185 -1.94518759694078 -1 1 2 0 2 2 0 2 0 2 1 0 1 2 2 2 1 0 1 0 0 0 2 1 2 0 1 0 0 0 2 2 1 1 0 0 2 2 0 1 0 2 1 1 0 1 1 2 0 0 2 0 2 0 2 2 1 2 1 2 2 2 2 2 1 0 1 2 2 0 0 0 1 2 0 0 0 0 0 2 1 1 0 1 1 0 1 0 0 0 1 0 0 0 2 1 1 0 0 0 0 -1 -2 0 -2 -2 0 -2 0 -2 -1 0 -1 -2 -2 -2 -1 0 -1 0 0 0 -2 -1 -2 0 -1 0 0 0 -2 -2 -1 -1 0 0 -2 -2 0 -1 0 -2 -1 -1 0 -1 -1 -2 0 0 -2 0 -2 0 -2 -2 -1 -2 -1 -2 -2 -2 -2 -2 -1 0 -1 -2 -2 0 0 0 -1 -2 0 0 0 0 0 -2 -1 -1 0 -1 -1 0 -1 0 0 0 -1 0 0 0 -2 -1 -1 0 0 0 0
-1.41335808227064 -0.411559397354519 1.78386310367905 1.79715835767414 0.573380102279886 1 0 1 1 2 2 0 2 0 2 1 0 2 2 0 0 0 0 2 0 0 1 1 2 2 1 2 0 1 1 2 2 2 1 0 0 0 1 0 2 0 2 0 1 1 2 2 2 1 0 1 0 0 0 1 1 0 1 0 1 1 2 1 0 0 0 1 0 1 0 2 2 1 2 1 2 1 2 1 1 1 1 0 0 0 0 0 1 1 0 2 0 0 0 1 1 1 0 0 0 2 0 1 1 2 2 0 2 0 2 1 0 2 2 0 0 0 0 2 0 0 1 1 2 2 1 2 0 1 1 2 2 2 1 0 0 0 1 0 2 0 2 0 1 1 2 2 2 1 0 1 0 0 0 1 1 0 1 0 1 1 2 1 0 0 0 1 0 1 0 2 2 1 2 1 2 1 2 1 1 1 1 0 0 0 0 0 1 1 0 2 0 0 0 1 1 1 0 0 0 2
-0.440673597269107 1.00075954051932 0.233271323873423 -0.484270056259584 1.64611000957055 -1 0 0 1 1 1 0 2 2 2 1 0 1 1 2 0 0 0 1 0 0 0 2 2 2 1 2 0 2 2 2 1 0 0 0 0 0 1 0 2 0 2 0 1 1 2 1 1 1 1 2 0 1 0 2 2 0 1 0 2 1 2 1 2 0 1 2 1 1 0 0 0 1 2 2 1 0 0 1 2 1 2 1 1 2 1 0 1 0 0 2 0 0 0 0 0 2 1 1 0 1 0 0 -1 -1 -1 0 -2 -2 -2 -1 0 -1 -1 -2 0 0 0 -1 0 0 0 -2 -2 -2 -1 -2 0 -2 -2 -2 -1 0 0 0 0 0 -1 0 -2 0 -2 0 -1 -1 -2 -1 -1 -1 -1 -2 0 -1 0 -2 -2 0 -1 0 -2 -1 -2 -1 -2 0 -1 -2 -1 -1 0 0 0 -1 -2 -2 -1 0 0 -1 -2 -1 -2 -1 -1 -2 -1 0 -1 0 0 -2 0 0 0 0 0 -2 -1 -1 0 -1
-0.0700108851703161 -2.18862269973872 0.232958592824818 -0.492225261991545 -0.0239711909640471 1 0 0 0 1 2 0 2 1 2 0 0 2 2 2 2 1 0 1 0 0 2 0 1 2 0 0 0 0 1 2 1 0 1 0 0 2 2 1 2 1 1 0 2 1 1 1 1 0 0 2 0 2 1 1 1 0 1 0 2 2 2 2 2 2 1 1 1 2 0 0 1 2 1 2 2 2 1 1 2 1 2 0 2 2 0 0 1 1 0 1 0 0 2 2 2 2 2 1 0 0 0 0 0 1 2 0 2 1 2 0 0 2 2 2 2 1 0 1 0 0 2 0 1 2 0 0 0 0 1 2 1 0 1 0 0 2 2 1 2 1 1 0 2 1 1 1 1 0 0 2 0 2 1 1 1 0 1 0 2 2 2 2 2 2 1 1 1 2 0 0 1 2 1 2 2 2 1 1 2 1 2 0 2 2 0 0 1 1 0 1 0 0 2 2 2 2 2 1 0 0
0.0749647044112331 1.15850167790598 -0.90962800452671 -0.265430394233923 -2.23516403112833 1 0 1 1 2 2 1 2 0 0 0 0 1 2 2 1 0 0 1 0 0 1 1 1 2 0 2 0 0 0 2 2 2 2 1 0 0 1 0 1 0 2 2 1 0 2 1 2 0 1 1 0 2 0 0 0 0 1 0 2 0 2 2 2 1 2 2 2 2 0 0 0 1 1 1 2 0 0 0 1 1 1 0 1 0 0 0 1 0 0 1 0 1 2 2 2 2 1 2 0 1 0 1 1 2 2 1 2 0 0 0 0 1 2 2 1 0 0 1 0 0 1 1 1 2 0 2 0 0 0 2 2 2 2 1 0 0 1 0 1 0 2 2 1 0 2 1 2 0 1 1 0 2 0 0 0 0 1 0 2 0 2 2 2 1 2 2 2 2 0 0 0 1 1 1 2 0 0 0 1 1 1 0 1 0 0 0 1 0 0 1 0 1 2 2 2 2 1 2 0 1
-0.0767881593507208 -0.103979704162574 -1.01145148322799 0.691542511016614 0.485626399083801 -1 1 2 1 2 2 0 2 0 1 1 0 2 2 2 1 1 1 2 1 1 2 1 2 2 0 1 1 2 2 2 1 0 0 0 0 1 2 0 2 1 0 1 2 2 1 1 1 0 0 2 0 1 0 0 1 0 2 0 2 1 1 1 2 1 2 2 2 2 0 0 0 1 1 1 2 1 0 0 1 1 1 0 2 0 1 0 1 0 0 1 0 0 1 2 2 1 0 0 0 0 -1 -2 -1 -2 -2 0 -2 0 -1 -1 0 -2 -2 -2 -1 -1 -1 -2 -1 -1 -2 -1 -2 -2 0 -1 -1 -2 -2 -2 -1 0 0 0 0 -1 -2 0 -2 -1 0 -1 -2 -2 -1 -1 -1 0 0 -2 0 -1 0 0 -1 0 -2 0 -2 -1 -1 -1 -2 -1 -2 -2 -2 -2 0 0 0 -1 -1 -1 -2 -1 0 0 -1 -1 -1 0 -2 0 -1 0 -1 0 0 -1 0 0 -1 -2 -2 -1 0 0 0 0
-0.892142418134777 2.12913699285267 -1.27653179798397 -1.12918256964088 -0.419819950926463 1 0 1 1 2 2 0 2 1 1 1 0 2 2 2 2 1 1 2 0 1 1 0 1 2 1 1 0 0 1 2 1 0 0 0 0 0 2 1 2 1 1 1 1 2 2 0 0 0 0 2 1 2 0 0 1 1 2 1 2 1 1 0 2 0 1 2 2 2 0 0 0 1 2 1 1 0 1 0 1 1 2 0 1 0 0 0 2 1 0 2 0 0 0 1 0 2 1 1 1 2 0 1 1 2 2 0 2 1 1 1 0 2 2 2 2 1 1 2 0 1 1 0 1 2 1 1 0 0 1 2 1 0 0 0 0 0 2 1 2 1 1 1 1 2 2 0 0 0 0 2 1 2 0 0 1 1 2 1 2 1 1 0 2 0 1 2 2 2 0 0 0 1 2 1 1 0 1 0 1 1 2 0 1 0 0 0 2 1 0 2 0 0 0 1 0 2 1 1 1 2
-0.527894260531943 -0.159631428775415 -0.51328206203683 -0.467309762859649 -0.42160463139494 -1 0 1 1 2 2 2 2 0 2 0 0 2 2 2 1 0 1 1 0 0 1 0 0 1 0 1 0 0 0 2 1 0 1 0 0 0 2 0 2 2 1 0 1 0 1 0 0 0 0 1 0 1 0 1 0 0 1 1 2 1 2 1 1 0 1 1 1 2 1 2 2 2 2 2 2 0 1 0 2 2 1 0 1 0 0 1 2 1 0 2 0 0 1 2 2 1 0 2 0 1 0 -1 -1 -2 -2 -2 -2 0 -2 0 0 -2 -2 -2 -1 0 -1 -1 0 0 -1 0 0 -1 0 -1 0 0 0 -2 -1 0 -1 0 0 0 -2 0 -2 -2 -1 0 -1 0 -1 0 0 0 0 -1 0 -1 0 -1 0 0 -1 -1 -2 -1 -2 -1 -1 0 -1 -1 -1 -2 -1 -2 -2 -2 -2 -2 -2 0 -1 0 -2 -2 -1 0 -1 0 0 -1 -2 -1 0 -2 0 0 -1 -2 -2 -1 0 -2 0 -1
0.666959126070923 -1.5386055433066 -2.24717782283925 -0.0859513076922496 -0.853293752809946 1 2 1 0 2 2 0 2 1 2 2 0 1 2 2 2 1 0 1 0 0 1 2 2 2 1 2 0 1 0 2 2 2 2 0 0 2 2 0 2 1 0 0 0 1 0 0 1 1 0 2 1 1 0 1 1 0 2 0 2 2 2 2 2 1 0 1 0 2 0 0 1 2 2 1 2 0 0 0 2 2 1 1 1 2 1 1 2 1 0 2 0 0 1 2 2 2 1 1 2 2 2 1 0 2 2 0 2 1 2 2 0 1 2 2 2 1 0 1 0 0 1 2 2 2 1 2 0 1 0 2 2 2 2 0 0 2 2 0 2 1 0 0 0 1 0 0 1 1 0 2 1 1 0 1 1 0 2 0 2 2 2 2 2 1 0 1 0 2 0 0 1 2 2 1 2 0 0 0 2 2 1 1 1 2 1 1 2 1 0 2 0 0 1 2 2 2 1 1 2 2
0.254138515291349 1.06770742539152 1.43190094191557 0.362086635389153 -0.704256457508594 1 0 2 1 2 2 1 2 1 2 0 0 2 2 2 1 1 0 1 0 0 1 0 0 2 0 2 2 2 2 1 1 1 0 0 0 1 2 0 2 0 2 0 1 2 2 2 2 2 1 2 0 1 0 0 1 0 2 2 2 2 2 1 0 0 2 1 2 2 0 1 0 1 2 1 2 0 0 1 2 1 1 0 1 0 0 0 1 0 0 1 0 0 2 2 2 2 2 1 0 2 0 2 1 2 2 1 2 1 2 0 0 2 2 2 1 1 0 1 0 0 1 0 0 2 0 2 2 2 2 1 1 1 0 0 0 1 2 0 2 0 2 0 1 2 2 2 2 2 1 2 0 1 0 0 1 0 2 2 2 2 2 1 0 0 2 1 2 2 0 1 0 1 2 1 2 0 0 1 2 1 1 0 1 0 0 0 1 0 0 1 0 0 2 2 2 2 2 1 0 2
-2.65790510879776 -0.503483980466428 0.654272808509395 0.271953025547401 0.416707625853935 1 1 2 0 2 2 0 2 1 2 0 0 2 2 2 1 1 0 2 0 0 1 1 1 1 0 1 0 1 2 1 0 0 1 0 0 0 1 0 2 2 2 1 1 0 1 1 2 1 0 2 2 2 1 2 1 0 2 0 2 2 2 2 2 1 1 2 2 2 0 1 0 1 1 0 2 0 1 1 2 0 0 0 0 0 0 1 2 1 0 1 0 0 1 2 2 1 0 1 0 0 1 2 0 2 2 0 2 1 2 0 0 2 2 2 1 1 0 2 0 0 1 1 1 1 0 1 0 1 2 1 0 0 1 0 0 0 1 0 2 2 2 1 1 0 1 1 2 1 0 2 2 2 1 2 1 0 2 0 2 2 2 2 2 1 1 2 2 2 0 1 0 1 1 0 2 0 1 1 2 0 0 0 0 0 0 1 2 1 0 1 0 0 1 2 2 1 0 1 0 0
0.485653084042062 1.00406894263328 -0.490565368131299 -1.0220086311385 1.43563312768052 -1 0 1 1 2 2 0 2 0 2 2 1 2 2 2 1 1 0 1 0 1 2 0 0 2 1 1 1 2 2 2 1 1 0 0 0 2 2 0 2 0 1 1 2 1 2 1 0 0 0 1 0 1 0 2 1 0 1 0 2 1 2 2 2 1 2 1 2 2 1 0 1 2 2 1 1 0 0 0 1 1 1 1 1 0 0 0 2 1 0 1 0 0 0 2 2 1 1 2 1 1 0 -1 -1 -2 -2 0 -2 0 -2 -2 -1 -2 -2 -2 -1 -1 0 -1 0 -1 -2 0 0 -2 -1 -1 -1 -2 -2 -2 -1 -1 0 0 0 -2 -2 0 -2 0 -1 -1 -2 -1 -2 -1 0 0 0 -1 0 -1 0 -2 -1 0 -1 0 -2 -1 -2 -2 -2 -1 -2 -1 -2 -2 -1 0 -1 -2 -2 -1 -1 0 0 0 -1 -1 -1 -1 -1 0 0 0 -2 -1 0 -1 0 0 0 -2 -2 -1 -1 -2 -1 -1
