0.276186366869401 0.451865253557071 1.59928927306833 0.511900617712988 -0.941950297694592 -1 1 0 2 2 2 0 0 0 1 1 2 2 1 0 1 1 2 2 1 0 2 1 1 0 0 0 1 2 0 2 1 2 2 1 0 2 2 0 0 1 2 0 0 0 1 0 0 0 1 2 0 0 0 0 1 2 2 0 2 1 2 2 0 0 1 2 1 2 2 1 2 2 1 2 2 2 0 2 2 1 2 1 0 0 1 1 0 0 0 1 1 1 0 1 1 1 2 2 2 2 -1 0 -2 -2 -2 0 0 0 -1 -1 -2 -2 -1 0 -1 -1 -2 -2 -1 0 -2 -1 -1 0 0 0 -1 -2 0 -2 -1 -2 -2 -1 0 -2 -2 0 0 -1 -2 0 0 0 -1 0 0 0 -1 -2 0 0 0 0 -1 -2 -2 0 -2 -1 -2 -2 0 0 -1 -2 -1 -2 -2 -1 -2 -2 -1 -2 -2 -2 0 -2 -2 -1 -2 -1 0 0 -1 -1 0 0 0 -1 -1 -1 0 -1 -1 -1 -2 -2 -2 -2
0.0758336979702987 -0.0366729946092715 0.102991434105375 -0.0138288574644524 0.671577941874013 -1 0 0 2 2 1 0 0 0 0 1 2 2 2 0 0 2 2 2 1 0 1 1 1 0 0 1 2 2 1 2 2 0 1 2 2 2 2 1 0 1 1 1 0 0 1 1 1 1 1 2 1 0 1 0 0 2 2 0 1 0 2 2 0 0 0 2 1 2 1 0 1 0 1 1 2 1 0 2 2 2 2 2 0 0 0 0 0 0 0 2 0 1 0 0 0 0 1 2 2 2 0 0 -2 -2 -1 0 0 0 0 -1 -2 -2 -2 0 0 -2 -2 -2 -1 0 -1 -1 -1 0 0 -1 -2 -2 -1 -2 -2 0 -1 -2 -2 -2 -2 -1 0 -1 -1 -1 0 0 -1 -1 -1 -1 -1 -2 -1 0 -1 0 0 -2 -2 0 -1 0 -2 -2 0 0 0 -2 -1 -2 -1 0 -1 0 -1 -1 -2 -1 0 -2 -2 -2 -2 -2 0 0 0 0 0 0 0 -2 0 -1 0 0 0 0 -1 -2 -2 -2
-1.28590746889262 0.0568756459317951 0.309076201524855 1.84028695534196 1.82217335137014 1 0 0 1 2 1 0 0 0 2 1 2 2 2 0 0 2 0 2 0 0 1 1 1 0 0 0 1 2 2 2 2 0 2 1 0 2 2 0 0 1 2 1 1 0 1 0 0 1 1 2 2 0 1 0 1 2 1 0 0 0 2 1 1 1 0 1 1 2 1 1 2 0 1 2 2 0 0 1 2 0 1 0 1 1 2 1 0 0 0 0 0 1 0 2 2 0 2 2 2 2 0 0 1 2 1 0 0 0 2 1 2 2 2 0 0 2 0 2 0 0 1 1 1 0 0 0 1 2 2 2 2 0 2 1 0 2 2 0 0 1 2 1 1 0 1 0 0 1 1 2 2 0 1 0 1 2 1 0 0 0 2 1 1 1 0 1 1 2 1 1 2 0 1 2 2 0 0 1 2 0 1 0 1 1 2 1 0 0 0 0 0 1 0 2 2 0 2 2 2 2
-1.75275996991414 1.53244243309664 -0.0337611606084513 1.26569710098331 -2.05210390705053 -1 0 0 2 2 1 0 0 0 1 2 2 2 2 0 1 2 1 2 2 0 2 2 1 0 0 1 0 2 2 2 2 0 1 1 1 2 2 1 1 2 2 1 1 1 1 1 0 2 2 2 1 0 0 0 0 0 1 0 0 0 0 1 1 0 1 1 1 2 0 0 1 1 1 1 2 0 1 1 2 2 2 1 0 0 0 1 0 0 0 2 1 1 0 1 2 0 1 1 1 2 0 0 -2 -2 -1 0 0 0 -1 -2 -2 -2 -2 0 -1 -2 -1 -2 -2 0 -2 -2 -1 0 0 -1 0 -2 -2 -2 -2 0 -1 -1 -1 -2 -2 -1 -1 -2 -2 -1 -1 -1 -1 -1 0 -2 -2 -2 -1 0 0 0 0 0 -1 0 0 0 0 -1 -1 0 -1 -1 -1 -2 0 0 -1 -1 -1 -1 -2 0 -1 -1 -2 -2 -2 -1 0 0 0 -1 0 0 0 -2 -1 -1 0 -1 -2 0 -1 -1 -1 -2
0.132136607834427 0.812884831591303 -1.25997017575563 -1.23128792753976 1.09704475025706 1 0 0 2 2 1 0 1 1 1 1 2 1 2 0 2 2 2 2 2 0 0 0 1 0 1 0 1 2 2 2 1 1 2 1 1 2 2 0 0 1 1 1 0 0 0 0 0 0 1 1 1 0 0 0 0 1 1 0 1 0 2 2 0 0 0 2 1 2 2 1 2 1 2 2 2 2 0 2 2 1 1 1 1 0 0 0 0 1 0 2 2 2 0 2 2 1 2 2 1 2 0 0 2 2 1 0 1 1 1 1 2 1 2 0 2 2 2 2 2 0 0 0 1 0 1 0 1 2 2 2 1 1 2 1 1 2 2 0 0 1 1 1 0 0 0 0 0 0 1 1 1 0 0 0 0 1 1 0 1 0 2 2 0 0 0 2 1 2 2 1 2 1 2 2 2 2 0 2 2 1 1 1 1 0 0 0 0 1 0 2 2 2 0 2 2 1 2 2 1 2
-1.86473497788922 0.862097108109873 -1.15981873768372 0.38115336416561 0.83391563159582 -1 0 0 2 2 1 0 1 0 1 0 1 1 0 0 1 2 0 2 2 0 2 2 2 0 1 1 1 2 2 2 2 1 2 2 1 2 2 0 0 2 2 0 0 1 0 0 0 0 0 1 0 0 1 0 1 2 1 0 2 0 2 2 1 0 2 2 1 1 2 2 1 0 1 2 2 2 0 2 2 2 2 2 1 0 1 0 0 0 0 0 1 1 0 1 2 2 2 2 1 2 0 0 -2 -2 -1 0 -1 0 -1 0 -1 -1 0 0 -1 -2 0 -2 -2 0 -2 -2 -2 0 -1 -1 -1 -2 -2 -2 -2 -1 -2 -2 -1 -2 -2 0 0 -2 -2 0 0 -1 0 0 0 0 0 -1 0 0 -1 0 -1 -2 -1 0 -2 0 -2 -2 -1 0 -2 -2 -1 -1 -2 -2 -1 0 -1 -2 -2 -2 0 -2 -2 -2 -2 -2 -1 0 -1 0 0 0 0 0 -1 -1 0 -1 -2 -2 -2 -2 -1 -2
1.40264771760357 -0.145106847956079 -0.987873632954708 -0.559121380685273 0.974943776912452 -1 1 1 2 2 2 1 1 1 2 2 2 2 2 0 2 2 1 2 1 1 2 1 1 0 1 2 2 2 2 2 2 0 2 1 0 1 2 0 0 0 1 0 0 1 2 1 1 1 2 2 2 1 1 1 1 1 2 0 1 0 2 2 1 1 1 2 1 2 1 1 2 2 2 2 2 1 0 2 2 0 0 0 0 0 0 0 0 0 0 1 0 1 0 2 2 0 2 1 1 2 -1 -1 -2 -2 -2 -1 -1 -1 -2 -2 -2 -2 -2 0 -2 -2 -1 -2 -1 -1 -2 -1 -1 0 -1 -2 -2 -2 -2 -2 -2 0 -2 -1 0 -1 -2 0 0 0 -1 0 0 -1 -2 -1 -1 -1 -2 -2 -2 -1 -1 -1 -1 -1 -2 0 -1 0 -2 -2 -1 -1 -1 -2 -1 -2 -1 -1 -2 -2 -2 -2 -2 -1 0 -2 -2 0 0 0 0 0 0 0 0 0 0 -1 0 -1 0 -2 -2 0 -2 -1 -1 -2
-0.78828746610752 0.288205368686991 -0.301965923343621 -0.0763741550803968 -0.559183102256634 -1 0 0 0 1 0 0 1 0 0 1 2 2 2 1 1 1 1 2 1 2 1 1 0 0 1 2 2 2 2 2 2 1 2 2 1 2 2 1 0 2 2 1 0 0 0 0 0 0 1 2 0 0 0 0 0 1 2 0 1 0 1 2 1 0 0 2 0 0 1 0 1 1 1 1 1 1 0 1 2 2 1 1 1 0 0 1 0 1 1 0 0 0 0 1 2 1 2 2 2 2 0 0 0 -1 0 0 -1 0 0 -1 -2 -2 -2 -1 -1 -1 -1 -2 -1 -2 -1 -1 0 0 -1 -2 -2 -2 -2 -2 -2 -1 -2 -2 -1 -2 -2 -1 0 -2 -2 -1 0 0 0 0 0 0 -1 -2 0 0 0 0 0 -1 -2 0 -1 0 -1 -2 -1 0 0 -2 0 0 -1 0 -1 -1 -1 -1 -1 -1 0 -1 -2 -2 -1 -1 -1 0 0 -1 0 -1 -1 0 0 0 0 -1 -2 -1 -2 -2 -2 -2
0.446655864870572 -1.26082350927929 1.64984558738215 -0.255021705670982 -1.22159057327525 -1 1 0 2 1 1 1 0 0 1 2 2 2 2 0 1 0 0 2 1 1 1 0 1 0 0 1 0 1 1 2 2 1 2 2 1 2 2 0 0 1 2 0 0 1 1 0 0 1 1 2 1 2 2 1 1 1 2 0 0 0 1 2 1 1 1 2 1 2 1 1 1 0 0 1 1 1 0 2 2 1 1 1 2 0 0 1 0 0 0 1 1 2 1 2 2 1 1 2 2 2 -1 0 -2 -1 -1 -1 0 0 -1 -2 -2 -2 -2 0 -1 0 0 -2 -1 -1 -1 0 -1 0 0 -1 0 -1 -1 -2 -2 -1 -2 -2 -1 -2 -2 0 0 -1 -2 0 0 -1 -1 0 0 -1 -1 -2 -1 -2 -2 -1 -1 -1 -2 0 0 0 -1 -2 -1 -1 -1 -2 -1 -2 -1 -1 -1 0 0 -1 -1 -1 0 -2 -2 -1 -1 -1 -2 0 0 -1 0 0 0 -1 -1 -2 -1 -2 -2 -1 -1 -2 -2 -2
0.104164518315242 1.71230920129794 -1.74797589556669 -1.45345358977041 -1.14938661056169 -1 1 0 1 2 1 0 0 2 2 1 2 2 2 1 1 1 1 2 1 1 2 2 0 0 1 2 2 1 0 2 2 0 2 1 0 2 2 0 0 0 1 0 1 1 2 2 0 0 1 2 1 1 1 0 0 0 0 0 1 0 1 1 0 0 0 2 1 1 2 1 1 0 1 2 2 1 0 1 2 1 1 0 0 0 1 0 0 0 0 1 1 1 1 2 2 0 2 2 1 2 -1 0 -1 -2 -1 0 0 -2 -2 -1 -2 -2 -2 -1 -1 -1 -1 -2 -1 -1 -2 -2 0 0 -1 -2 -2 -1 0 -2 -2 0 -2 -1 0 -2 -2 0 0 0 -1 0 -1 -1 -2 -2 0 0 -1 -2 -1 -1 -1 0 0 0 0 0 -1 0 -1 -1 0 0 0 -2 -1 -1 -2 -1 -1 0 -1 -2 -2 -1 0 -1 -2 -1 -1 0 0 0 -1 0 0 0 0 -1 -1 -1 -1 -2 -2 0 -2 -2 -1 -2
-0.787326512326787 0.695006547529135 0.955209577999492 -0.344208022952911 0.976089858974981 1 1 1 2 2 2 2 1 1 2 1 2 2 2 0 1 2 1 2 0 0 0 0 1 0 1 0 0 1 2 2 2 0 0 1 0 2 2 0 0 1 1 1 0 0 0 0 0 0 2 2 0 0 1 0 0 1 1 0 0 0 1 1 0 0 1 2 1 1 1 0 2 0 1 2 2 1 0 2 2 1 2 1 1 1 1 0 0 0 0 1 1 1 0 2 2 1 2 2 2 1 1 1 2 2 2 2 1 1 2 1 2 2 2 0 1 2 1 2 0 0 0 0 1 0 1 0 0 1 2 2 2 0 0 1 0 2 2 0 0 1 1 1 0 0 0 0 0 0 2 2 0 0 1 0 0 1 1 0 0 0 1 1 0 0 1 2 1 1 1 0 2 0 1 2 2 1 0 2 2 1 2 1 1 1 1 0 0 0 0 1 1 1 0 2 2 1 2 2 2 1
-2.84240614541005 -1.18185836016018 0.799564880659495 -1.77747388117128 -1.43424001821499 -1 0 0 1 2 1 1 0 0 0 1 2 2 2 0 1 2 2 2 2 0 2 1 0 0 1 1 1 1 0 2 2 0 1 0 0 2 2 0 0 1 2 0 0 0 1 0 0 0 0 1 1 0 2 0 1 2 2 1 1 0 2 2 0 0 0 2 1 2 2 0 1 0 1 2 2 2 0 2 2 1 1 1 0 1 2 0 0 0 0 2 1 2 1 2 2 0 1 1 1 2 0 0 -1 -2 -1 -1 0 0 0 -1 -2 -2 -2 0 -1 -2 -2 -2 -2 0 -2 -1 0 0 -1 -1 -1 -1 0 -2 -2 0 -1 0 0 -2 -2 0 0 -1 -2 0 0 0 -1 0 0 0 0 -1 -1 0 -2 0 -1 -2 -2 -1 -1 0 -2 -2 0 0 0 -2 -1 -2 -2 0 -1 0 -1 -2 -2 -2 0 -2 -2 -1 -1 -1 0 -1 -2 0 0 0 0 -2 -1 -2 -1 -2 -2 0 -1 -1 -1 -2
-0.00918493906608522 1.03427618017589 -0.804882894810237 0.212236930749556 1.47185112307846 1 0 0 2 2 2 2 1 1 1 1 2 2 2 1 2 2 2 2 2 0 0 1 0 0 1 0 0 1 1 2 1 0 2 2 1 2 2 0 0 1 1 0 0 0 1 0 0 1 2 2 1 0 1 0 1 2 1 0 2 1 2 2 2 1 1 1 0 1 0 0 2 1 1 1 2 2 0 2 2 2 2 2 1 0 0 0 0 0 0 2 1 1 0 2 2 0 1 2 2 2 0 0 2 2 2 2 1 1 1 1 2 2 2 1 2 2 2 2 2 0 0 1 0 0 1 0 0 1 1 2 1 0 2 2 1 2 2 0 0 1 1 0 0 0 1 0 0 1 2 2 1 0 1 0 1 2 1 0 2 1 2 2 2 1 1 1 0 1 0 0 2 1 1 1 2 2 0 2 2 2 2 2 1 0 0 0 0 0 0 2 1 1 0 2 2 0 1 2 2 2
0.0608864379399036 -0.47144950424809 -0.545712446778777 -1.61806042324734 -0.252503067464233 1 0 0 1 2 1 0 0 1 2 1 2 2 2 0 2 2 1 2 0 1 2 0 1 0 0 0 1 2 1 2 2 0 1 0 0 1 2 0 1 2 1 0 0 0 1 0 0 1 1 2 1 0 1 0 0 1 2 0 1 0 2 2 2 0 1 2 1 2 0 0 0 0 1 2 2 1 0 2 2 2 1 1 0 0 1 0 0 0 0 2 1 1 0 2 1 0 2 2 2 2 0 0 1 2 1 0 0 1 2 1 2 2 2 0 2 2 1 2 0 1 2 0 1 0 0 0 1 2 1 2 2 0 1 0 0 1 2 0 1 2 1 0 0 0 1 0 0 1 1 2 1 0 1 0 0 1 2 0 1 0 2 2 2 0 1 2 1 2 0 0 0 0 1 2 2 1 0 2 2 2 1 1 0 0 1 0 0 0 0 2 1 1 0 2 1 0 2 2 2 2
0.763368666705528 0.177436349643422 -0.684920061968989 -1.99486273952062 -0.58213018034882 1 0 0 1 1 1 0 1 1 2 2 2 2 2 1 2 2 2 2 2 2 2 1 0 0 1 1 1 2 2 2 2 1 2 0 1 2 2 0 1 2 2 2 0 1 1 2 0 1 1 2 2 1 2 0 1 1 1 0 2 1 2 2 0 0 0 2 0 2 1 1 1 0 0 1 1 0 0 1 2 1 1 1 1 0 0 1 0 1 0 2 0 1 0 2 2 1 1 1 1 2 0 0 1 1 1 0 1 1 2 2 2 2 2 1 2 2 2 2 2 2 2 1 0 0 1 1 1 2 2 2 2 1 2 0 1 2 2 0 1 2 2 2 0 1 1 2 0 1 1 2 2 1 2 0 1 1 1 0 2 1 2 2 0 0 0 2 0 2 1 1 1 0 0 1 1 0 0 1 2 1 1 1 1 0 0 1 0 1 0 2 0 1 0 2 2 1 1 1 1 2
0.263078855021989 -0.587279137936661 0.0843724726525055 -0.880757168412514 -0.372531572439082 -1 1 1 2 2 2 0 1 1 2 1 2 2 2 0 0 1 0 2 0 0 2 1 1 0 1 0 1 2 1 2 2 0 1 1 1 1 2 0 0 2 2 1 0 1 1 0 1 1 2 2 2 1 2 0 2 2 2 0 0 0 2 2 2 2 1 2 1 1 1 1 2 1 2 2 2 1 0 2 2 2 2 1 2 0 0 0 0 0 0 2 1 1 0 2 2 1 2 2 2 1 -1 -1 -2 -2 -2 0 -1 -1 -2 -1 -2 -2 -2 0 0 -1 0 -2 0 0 -2 -1 -1 0 -1 0 -1 -2 -1 -2 -2 0 -1 -1 -1 -1 -2 0 0 -2 -2 -1 0 -1 -1 0 -1 -1 -2 -2 -2 -1 -2 0 -2 -2 -2 0 0 0 -2 -2 -2 -2 -1 -2 -1 -1 -1 -1 -2 -1 -2 -2 -2 -1 0 -2 -2 -2 -2 -1 -2 0 0 0 0 0 0 -2 -1 -1 0 -2 -2 -1 -2 -2 -2 -1
1.3714021394711 -0.684326932260332 0.0889395660164383 0.447930074516302 1.05359269488477 1 1 0 2 2 1 0 0 0 1 0 2 2 2 0 0 2 1 2 1 0 1 0 0 0 0 0 0 1 1 2 2 1 2 2 1 1 2 0 0 1 2 0 0 0 1 0 0 0 0 1 0 1 1 0 1 2 1 0 0 0 1 2 0 1 1 1 1 2 1 1 1 1 1 2 2 1 0 2 2 1 0 0 0 0 0 0 0 0 1 2 0 0 0 1 2 0 1 2 2 2 1 0 2 2 1 0 0 0 1 0 2 2 2 0 0 2 1 2 1 0 1 0 0 0 0 0 0 1 1 2 2 1 2 2 1 1 2 0 0 1 2 0 0 0 1 0 0 0 0 1 0 1 1 0 1 2 1 0 0 0 1 2 0 1 1 1 1 2 1 1 1 1 1 2 2 1 0 2 2 1 0 0 0 0 0 0 0 0 1 2 0 0 0 1 2 0 1 2 2 2
0.529920356466903 0.174848966481107 -0.698108172452583 -0.963643587559779 -0.0603159235502409 -1 0 0 1 2 1 1 1 1 2 1 2 2 2 1 0 1 0 2 1 1 2 1 0 0 0 0 1 2 2 2 1 0 0 1 0 1 2 0 0 1 2 2 0 1 1 1 0 1 1 1 0 2 2 1 2 2 2 0 1 1 2 2 1 1 1 2 1 1 1 0 1 0 0 2 2 0 0 2 2 2 2 1 1 0 1 1 1 1 0 2 1 1 0 2 2 0 1 2 2 2 0 0 -1 -2 -1 -1 -1 -1 -2 -1 -2 -2 -2 -1 0 -1 0 -2 -1 -1 -2 -1 0 0 0 0 -1 -2 -2 -2 -1 0 0 -1 0 -1 -2 0 0 -1 -2 -2 0 -1 -1 -1 0 -1 -1 -1 0 -2 -2 -1 -2 -2 -2 0 -1 -1 -2 -2 -1 -1 -1 -2 -1 -1 -1 0 -1 0 0 -2 -2 0 0 -2 -2 -2 -2 -1 -1 0 -1 -1 -1 -1 0 -2 -1 -1 0 -2 -2 0 -1 -2 -2 -2
2.16059193722482 2.2918589084064 1.7776757865609 0.950890792026773 -0.364444524566589 1 0 0 2 2 2 1 0 0 1 1 2 2 1 0 1 0 1 2 1 0 1 1 0 0 1 1 1 2 1 2 2 0 2 2 1 2 2 0 0 1 1 1 0 0 1 0 0 0 0 1 0 0 0 0 0 1 1 0 2 0 1 2 1 0 0 1 2 2 1 1 2 0 1 1 1 0 0 1 2 1 2 1 1 0 0 0 0 0 0 2 1 1 1 2 2 2 2 2 2 2 0 0 2 2 2 1 0 0 1 1 2 2 1 0 1 0 1 2 1 0 1 1 0 0 1 1 1 2 1 2 2 0 2 2 1 2 2 0 0 1 1 1 0 0 1 0 0 0 0 1 0 0 0 0 0 1 1 0 2 0 1 2 1 0 0 1 2 2 1 1 2 0 1 1 1 0 0 1 2 1 2 1 1 0 0 0 0 0 0 2 1 1 1 2 2 2 2 2 2 2
-1.30559244091818 1.61781031433125 -0.888193362433208 0.0566137874609367 0.626958976031924 -1 0 0 1 1 2 0 0 0 1 0 2 1 1 0 1 1 1 2 0 1 2 2 0 0 0 1 2 2 2 2 2 0 1 0 1 2 2 0 0 2 1 1 1 0 1 0 0 2 2 2 2 0 0 0 1 2 2 0 0 0 1 2 1 0 0 2 2 2 1 1 2 1 2 2 2 1 0 1 2 2 2 1 1 1 2 0 0 0 0 1 0 2 1 2 2 2 2 2 1 1 0 0 -1 -1 -2 0 0 0 -1 0 -2 -1 -1 0 -1 -1 -1 -2 0 -1 -2 -2 0 0 0 -1 -2 -2 -2 -2 -2 0 -1 0 -1 -2 -2 0 0 -2 -1 -1 -1 0 -1 0 0 -2 -2 -2 -2 0 0 0 -1 -2 -2 0 0 0 -1 -2 -1 0 0 -2 -2 -2 -1 -1 -2 -1 -2 -2 -2 -1 0 -1 -2 -2 -2 -1 -1 -1 -2 0 0 0 0 -1 0 -2 -1 -2 -2 -2 -2 -2 -1 -1
-0.890282576746427 0.367984201921365 0.738074953276448 -0.0255112882618854 0.0642549584740689 -1 1 0 2 2 2 1 0 0 0 1 2 2 2 0 1 1 0 2 0 0 1 2 1 0 1 1 1 1 0 2 2 0 2 2 1 2 2 0 0 1 2 0 0 0 2 0 0 1 1 2 1 0 1 0 1 1 1 0 1 0 2 2 1 1 2 2 0 1 1 0 0 0 0 0 2 0 0 2 2 2 2 2 0 0 0 1 0 0 0 1 0 0 0 2 2 1 1 2 2 1 -1 0 -2 -2 -2 -1 0 0 0 -1 -2 -2 -2 0 -1 -1 0 -2 0 0 -1 -2 -1 0 -1 -1 -1 -1 0 -2 -2 0 -2 -2 -1 -2 -2 0 0 -1 -2 0 0 0 -2 0 0 -1 -1 -2 -1 0 -1 0 -1 -1 -1 0 -1 0 -2 -2 -1 -1 -2 -2 0 -1 -1 0 0 0 0 0 -2 0 0 -2 -2 -2 -2 -2 0 0 0 -1 0 0 0 -1 0 0 0 -2 -2 -1 -1 -2 -2 -1
-0.116024102009835 -0.0224147239183817 0.0757952799733053 1.07425383432548 -0.0514857284338819 1 1 1 2 2 1 0 0 0 1 2 2 2 2 0 1 1 1 2 1 1 2 1 1 0 2 1 0 1 1 2 2 0 1 1 1 2 2 0 2 2 2 0 0 1 2 0 0 0 2 2 1 0 1 0 2 2 2 0 1 0 1 2 1 2 1 2 0 2 2 1 1 1 0 2 2 2 0 2 2 2 2 1 0 0 1 0 0 0 0 1 1 1 0 2 2 1 1 2 2 2 1 1 2 2 1 0 0 0 1 2 2 2 2 0 1 1 1 2 1 1 2 1 1 0 2 1 0 1 1 2 2 0 1 1 1 2 2 0 2 2 2 0 0 1 2 0 0 0 2 2 1 0 1 0 2 2 2 0 1 0 1 2 1 2 1 2 0 2 2 1 1 1 0 2 2 2 0 2 2 2 2 1 0 0 1 0 0 0 0 1 1 1 0 2 2 1 1 2 2 2
0.538763743539216 0.316682797345261 -0.785037570307964 0.700312640723787 0.151503857959261 -1 0 1 2 2 2 0 1 2 1 0 2 0 1 0 2 2 1 2 1 1 1 1 0 0 0 0 0 2 1 2 2 1 2 1 1 1 2 0 1 2 1 0 0 1 1 0 0 0 0 1 0 0 1 0 1 2 2 0 1 0 1 2 0 0 0 1 1 2 2 2 2 2 2 2 2 1 0 2 2 1 2 2 0 0 1 0 0 1 0 2 1 1 0 2 2 1 2 1 1 1 0 -1 -2 -2 -2 0 -1 -2 -1 0 -2 0 -1 0 -2 -2 -1 -2 -1 -1 -1 -1 0 0 0 0 0 -2 -1 -2 -2 -1 -2 -1 -1 -1 -2 0 -1 -2 -1 0 0 -1 -1 0 0 0 0 -1 0 0 -1 0 -1 -2 -2 0 -1 0 -1 -2 0 0 0 -1 -1 -2 -2 -2 -2 -2 -2 -2 -2 -1 0 -2 -2 -1 -2 -2 0 0 -1 0 0 -1 0 -2 -1 -1 0 -2 -2 -1 -2 -1 -1 -1
-0.378533213339647 0.303353960616513 -1.20022266168008 0.178481790765485 -0.586933613802583 1 0 0 0 2 1 1 1 1 2 1 2 2 1 0 1 1 1 2 1 0 2 0 0 0 1 2 1 1 1 1 0 0 1 1 1 2 2 0 0 0 1 0 0 0 2 1 1 1 1 2 1 0 1 0 1 2 2 0 0 0 2 2 0 1 1 2 1 2 2 1 2 0 2 2 2 1 0 2 2 0 1 1 1 0 1 0 0 0 1 1 1 0 0 2 2 1 1 1 1 2 0 0 0 2 1 1 1 1 2 1 2 2 1 0 1 1 1 2 1 0 2 0 0 0 1 2 1 1 1 1 0 0 1 1 1 2 2 0 0 0 1 0 0 0 2 1 1 1 1 2 1 0 1 0 1 2 2 0 0 0 2 2 0 1 1 2 1 2 2 1 2 0 2 2 2 1 0 2 2 0 1 1 1 0 1 0 0 0 1 1 1 0 0 2 2 1 1 1 1 2
-0.373694595518702 -1.04051819306618 1.7968379157504 0.575550193325033 -1.24474656418263 1 0 0 2 2 1 0 0 0 1 0 2 2 1 0 1 0 0 2 0 0 2 2 1 0 1 1 1 2 2 2 2 0 2 1 1 2 2 0 1 0 2 0 0 1 2 1 0 1 1 2 2 0 1 0 0 1 1 0 1 0 2 1 0 1 0 2 1 2 1 0 1 0 0 1 2 0 0 1 2 0 1 1 0 0 1 1 0 1 0 2 1 0 0 1 1 1 1 1 1 2 0 0 2 2 1 0 0 0 1 0 2 2 1 0 1 0 0 2 0 0 2 2 1 0 1 1 1 2 2 2 2 0 2 1 1 2 2 0 1 0 2 0 0 1 2 1 0 1 1 2 2 0 1 0 0 1 1 0 1 0 2 1 0 1 0 2 1 2 1 0 1 0 0 1 2 0 0 1 2 0 1 1 0 0 1 1 0 1 0 2 1 0 0 1 1 1 1 1 1 2
-0.318084041505208 -1.2610814403716 1.90909115296263 -0.796522326277014 -0.802195688580036 1 0 0 2 2 2 1 1 0 0 1 2 1 2 0 0 2 0 2 1 1 1 1 0 0 0 1 1 1 1 2 1 0 1 0 0 1 1 0 0 2 2 1 1 1 2 1 0 0 0 1 0 1 2 1 1 1 0 0 2 1 2 2 1 1 1 2 0 1 1 1 1 0 1 0 0 0 0 2 2 0 1 1 0 0 1 0 0 0 0 1 0 1 0 2 1 0 2 2 0 2 0 0 2 2 2 1 1 0 0 1 2 1 2 0 0 2 0 2 1 1 1 1 0 0 0 1 1 1 1 2 1 0 1 0 0 1 1 0 0 2 2 1 1 1 2 1 0 0 0 1 0 1 2 1 1 1 0 0 2 1 2 2 1 1 1 2 0 1 1 1 1 0 1 0 0 0 0 2 2 0 1 1 0 0 1 0 0 0 0 1 0 1 0 2 1 0 2 2 0 2
-1.07001254721076 0.296937170745787 -1.06808721210275 -0.485802747859568 1.19095452616784 -1 0 0 2 2 2 1 0 1 2 1 2 2 2 0 1 2 1 2 0 0 0 0 1 0 1 1 1 1 1 2 2 0 2 1 2 2 2 0 1 1 2 0 0 1 2 0 0 0 1 2 1 0 0 0 1 2 2 0 0 0 1 2 0 0 0 2 1 1 1 1 2 1 1 2 2 1 1 2 2 2 2 1 0 0 2 1 1 0 0 1 0 1 0 2 1 0 2 2 2 2 0 0 -2 -2 -2 -1 0 -1 -2 -1 -2 -2 -2 0 -1 -2 -1 -2 0 0 0 0 -1 0 -1 -1 -1 -1 -1 -2 -2 0 -2 -1 -2 -2 -2 0 -1 -1 -2 0 0 -1 -2 0 0 0 -1 -2 -1 0 0 0 -1 -2 -2 0 0 0 -1 -2 0 0 0 -2 -1 -1 -1 -1 -2 -1 -1 -2 -2 -1 -1 -2 -2 -2 -2 -1 0 0 -2 -1 -1 0 0 -1 0 -1 0 -2 -1 0 -2 -2 -2 -2
-0.047281717204586 -0.237019710628308 0.927399881868458 1.00600602204839 0.972642741136229 1 1 0 1 1 1 0 0 1 1 0 1 1 0 0 1 2 0 2 1 0 1 1 1 0 0 0 0 1 1 2 2 0 1 2 1 2 2 0 0 1 2 1 0 0 2 0 0 2 2 2 1 0 1 0 1 2 2 0 1 0 2 2 1 0 0 1 0 2 2 1 1 0 2 2 1 0 0 1 2 1 1 1 0 0 1 0 0 0 0 2 1 0 1 2 1 1 2 1 1 1 1 0 1 1 1 0 0 1 1 0 1 1 0 0 1 2 0 2 1 0 1 1 1 0 0 0 0 1 1 2 2 0 1 2 1 2 2 0 0 1 2 1 0 0 2 0 0 2 2 2 1 0 1 0 1 2 2 0 1 0 2 2 1 0 0 1 0 2 2 1 1 0 2 2 1 0 0 1 2 1 1 1 0 0 1 0 0 0 0 2 1 0 1 2 1 1 2 1 1 1
2.509243591001 0.0185495479937041 0.629999115539854 1.84446292034851 -1.43977429913591 -1 0 0 2 2 2 1 0 1 2 0 0 1 2 0 1 2 0 2 1 1 2 1 1 0 0 1 2 2 0 2 1 1 2 2 1 2 2 0 0 1 2 1 0 0 2 1 1 0 0 2 0 0 1 0 0 0 0 0 1 0 1 1 0 0 0 2 1 2 0 0 1 0 1 2 2 1 0 1 2 1 1 1 0 0 1 0 0 0 0 0 0 1 1 2 2 1 1 2 2 2 0 0 -2 -2 -2 -1 0 -1 -2 0 0 -1 -2 0 -1 -2 0 -2 -1 -1 -2 -1 -1 0 0 -1 -2 -2 0 -2 -1 -1 -2 -2 -1 -2 -2 0 0 -1 -2 -1 0 0 -2 -1 -1 0 0 -2 0 0 -1 0 0 0 0 0 -1 0 -1 -1 0 0 0 -2 -1 -2 0 0 -1 0 -1 -2 -2 -1 0 -1 -2 -1 -1 -1 0 0 -1 0 0 0 0 0 0 -1 -1 -2 -2 -1 -1 -2 -2 -2
1.98146802574187 -0.20397786803844 0.270627646956834 0.567863562419268 -1.4935242344687 -1 0 0 2 2 2 1 1 1 2 0 2 2 2 1 1 1 0 2 1 1 1 1 0 0 1 1 2 2 1 2 2 2 2 2 0 2 2 0 0 0 0 0 0 0 1 1 0 0 1 2 1 0 1 0 1 1 1 0 1 1 2 2 2 1 0 2 2 2 2 1 2 1 1 1 1 0 0 2 2 0 2 1 0 0 1 0 0 0 0 2 0 2 0 2 1 0 1 1 1 1 0 0 -2 -2 -2 -1 -1 -1 -2 0 -2 -2 -2 -1 -1 -1 0 -2 -1 -1 -1 -1 0 0 -1 -1 -2 -2 -1 -2 -2 -2 -2 -2 0 -2 -2 0 0 0 0 0 0 0 -1 -1 0 0 -1 -2 -1 0 -1 0 -1 -1 -1 0 -1 -1 -2 -2 -2 -1 0 -2 -2 -2 -2 -1 -2 -1 -1 -1 -1 0 0 -2 -2 0 -2 -1 0 0 -1 0 0 0 0 -2 0 -2 0 -2 -1 0 -1 -1 -1 -1
-0.168019261566397 -1.64632205374118 -0.0540335604609415 -0.304151986738604 -0.179184159186955 1 1 0 2 2 2 1 0 0 0 0 2 2 0 0 0 1 0 2 2 1 2 1 1 0 1 1 1 2 1 1 1 0 2 0 0 1 2 0 0 1 0 2 1 1 2 1 0 0 0 2 1 0 1 0 2 1 1 0 2 1 2 2 0 0 0 2 0 2 0 0 1 0 0 1 2 1 0 1 2 1 1 0 0 0 0 1 0 0 0 1 0 1 0 2 2 0 2 2 1 1 1 0 2 2 2 1 0 0 0 0 2 2 0 0 0 1 0 2 2 1 2 1 1 0 1 1 1 2 1 1 1 0 2 0 0 1 2 0 0 1 0 2 1 1 2 1 0 0 0 2 1 0 1 0 2 1 1 0 2 1 2 2 0 0 0 2 0 2 0 0 1 0 0 1 2 1 0 1 2 1 1 0 0 0 0 1 0 0 0 1 0 1 0 2 2 0 2 2 1 1
0.634365966470351 -0.0303901608268557 1.52257488686308 1.27217614068586 0.564400080179727 1 0 0 1 1 1 0 0 0 2 1 2 2 2 0 1 1 0 2 0 0 1 0 0 0 0 0 1 2 2 2 2 0 1 2 0 2 2 0 0 0 2 2 0 2 2 0 0 1 2 2 1 1 2 1 0 1 2 0 0 0 2 2 2 1 2 2 1 2 2 1 2 2 1 2 1 0 0 2 2 0 2 1 0 0 0 0 0 0 0 1 0 1 0 2 2 1 2 2 2 2 0 0 1 1 1 0 0 0 2 1 2 2 2 0 1 1 0 2 0 0 1 0 0 0 0 0 1 2 2 2 2 0 1 2 0 2 2 0 0 0 2 2 0 2 2 0 0 1 2 2 1 1 2 1 0 1 2 0 0 0 2 2 2 1 2 2 1 2 2 1 2 2 1 2 1 0 0 2 2 0 2 1 0 0 0 0 0 0 0 1 0 1 0 2 2 1 2 2 2 2
0.0153512715683756 -1.82007266427008 0.243757455958936 0.207035997996244 -0.524199908916799 1 0 0 2 2 2 1 0 0 2 0 2 2 2 1 2 1 1 2 0 0 1 1 1 0 0 1 1 2 2 2 2 0 2 0 0 2 2 0 0 1 2 1 0 0 1 0 0 0 1 2 0 0 1 0 0 1 1 0 1 0 2 1 0 0 2 2 0 0 1 0 2 1 2 2 2 1 0 2 2 2 1 1 1 0 0 0 0 0 0 2 1 1 0 2 1 1 2 2 2 1 0 0 2 2 2 1 0 0 2 0 2 2 2 1 2 1 1 2 0 0 1 1 1 0 0 1 1 2 2 2 2 0 2 0 0 2 2 0 0 1 2 1 0 0 1 0 0 0 1 2 0 0 1 0 0 1 1 0 1 0 2 1 0 0 2 2 0 0 1 0 2 1 2 2 2 1 0 2 2 2 1 1 1 0 0 0 0 0 0 2 1 1 0 2 1 1 2 2 2 1
0.452758913737961 0.470443299511612 1.10288638628683 0.624635731094122 0.153264456430067 1 1 0 2 2 2 1 0 0 2 0 2 2 2 0 1 2 2 2 2 0 1 0 1 0 0 1 1 2 1 2 1 1 1 1 1 1 1 0 0 1 1 1 0 1 2 1 1 2 1 2 1 0 2 0 1 2 1 0 1 0 2 2 0 0 1 2 0 1 2 0 2 1 2 1 1 1 0 1 2 2 2 2 2 0 2 2 0 1 1 1 2 2 0 2 1 0 1 1 2 2 1 0 2 2 2 1 0 0 2 0 2 2 2 0 1 2 2 2 2 0 1 0 1 0 0 1 1 2 1 2 1 1 1 1 1 1 1 0 0 1 1 1 0 1 2 1 1 2 1 2 1 0 2 0 1 2 1 0 1 0 2 2 0 0 1 2 0 1 2 0 2 1 2 1 1 1 0 1 2 2 2 2 2 0 2 2 0 1 1 1 2 2 0 2 1 0 1 1 2 2
0.310478025089292 -0.831334022032997 0.314476126916429 -0.382708900114524 0.749610806355543 1 1 1 2 2 2 2 1 1 0 1 2 2 2 0 1 1 0 2 2 1 1 0 1 0 2 2 2 2 2 2 2 0 2 2 0 2 2 0 1 2 2 1 1 2 2 1 0 1 2 2 1 2 2 1 2 2 1 0 2 0 1 0 0 0 0 2 1 2 2 1 2 1 1 0 0 1 0 2 2 1 2 1 1 1 1 0 0 0 0 0 0 1 1 2 2 2 2 2 2 2 1 1 2 2 2 2 1 1 0 1 2 2 2 0 1 1 0 2 2 1 1 0 1 0 2 2 2 2 2 2 2 0 2 2 0 2 2 0 1 2 2 1 1 2 2 1 0 1 2 2 1 2 2 1 2 2 1 0 2 0 1 0 0 0 0 2 1 2 2 1 2 1 1 0 0 1 0 2 2 1 2 1 1 1 1 0 0 0 0 0 0 1 1 2 2 2 2 2 2 2
-0.38745116818518 1.63379980056114 0.64948478574103 -0.569268438165771 1.51533926794156 -1 1 0 2 2 0 0 1 1 2 0 2 2 2 0 1 2 0 2 1 0 2 1 0 0 1 0 1 2 2 2 2 0 2 2 1 2 2 0 0 1 1 1 0 0 2 1 1 2 2 2 2 0 0 0 0 1 1 0 2 0 1 2 1 0 0 1 1 2 2 1 2 1 2 2 2 0 0 2 2 2 2 2 0 0 2 0 0 0 0 2 1 1 0 2 2 1 2 2 1 1 -1 0 -2 -2 0 0 -1 -1 -2 0 -2 -2 -2 0 -1 -2 0 -2 -1 0 -2 -1 0 0 -1 0 -1 -2 -2 -2 -2 0 -2 -2 -1 -2 -2 0 0 -1 -1 -1 0 0 -2 -1 -1 -2 -2 -2 -2 0 0 0 0 -1 -1 0 -2 0 -1 -2 -1 0 0 -1 -1 -2 -2 -1 -2 -1 -2 -2 -2 0 0 -2 -2 -2 -2 -2 0 0 -2 0 0 0 0 -2 -1 -1 0 -2 -2 -1 -2 -2 -1 -1
0.0611407512430433 0.460056029205858 0.788550207923811 0.548302509673702 -0.875563975524495 -1 0 1 2 2 2 1 1 0 1 1 2 2 2 0 2 2 1 2 2 1 2 1 1 0 0 0 0 2 1 2 2 0 1 1 0 2 2 0 0 1 1 1 0 1 1 0 0 1 2 2 1 0 0 0 1 1 2 0 0 0 2 2 2 1 0 2 1 2 1 0 0 0 1 0 1 0 0 1 2 2 2 2 1 2 2 2 0 2 1 2 1 1 1 2 2 1 2 2 2 2 0 -1 -2 -2 -2 -1 -1 0 -1 -1 -2 -2 -2 0 -2 -2 -1 -2 -2 -1 -2 -1 -1 0 0 0 0 -2 -1 -2 -2 0 -1 -1 0 -2 -2 0 0 -1 -1 -1 0 -1 -1 0 0 -1 -2 -2 -1 0 0 0 -1 -1 -2 0 0 0 -2 -2 -2 -1 0 -2 -1 -2 -1 0 0 0 -1 0 -1 0 0 -1 -2 -2 -2 -2 -1 -2 -2 -2 0 -2 -1 -2 -1 -1 -1 -2 -2 -1 -2 -2 -2 -2
-0.247250510486362 -0.155345701066901 1.59909558284148 -0.803048082527833 0.0801187377085806 1 0 0 1 1 1 1 0 1 1 1 2 2 2 0 1 2 1 2 0 0 2 0 1 0 2 2 2 2 1 1 2 0 0 0 0 2 1 0 0 0 2 1 0 1 1 1 0 0 0 2 2 1 2 1 2 2 2 0 2 0 1 1 0 0 1 2 1 2 1 0 2 1 2 2 2 0 0 0 2 1 2 0 0 0 0 0 0 0 0 2 1 1 0 2 2 1 1 2 2 2 0 0 1 1 1 1 0 1 1 1 2 2 2 0 1 2 1 2 0 0 2 0 1 0 2 2 2 2 1 1 2 0 0 0 0 2 1 0 0 0 2 1 0 1 1 1 0 0 0 2 2 1 2 1 2 2 2 0 2 0 1 1 0 0 1 2 1 2 1 0 2 1 2 2 2 0 0 0 2 1 2 0 0 0 0 0 0 0 0 2 1 1 0 2 2 1 1 2 2 2
1.44089785242471 -0.0058825906092398 -0.168515675477672 -0.441067770178345 1.74160519419586 -1 0 0 2 2 2 1 1 1 2 1 2 1 1 0 1 1 1 2 1 0 2 0 0 0 0 1 1 2 1 2 1 0 1 1 0 2 2 0 0 1 1 1 0 0 1 0 0 0 1 2 1 0 2 1 0 2 2 0 1 0 1 2 1 0 0 1 0 1 1 1 2 1 1 2 2 0 0 2 2 1 2 1 1 0 0 0 0 0 0 2 0 0 0 1 1 0 1 1 2 1 0 0 -2 -2 -2 -1 -1 -1 -2 -1 -2 -1 -1 0 -1 -1 -1 -2 -1 0 -2 0 0 0 0 -1 -1 -2 -1 -2 -1 0 -1 -1 0 -2 -2 0 0 -1 -1 -1 0 0 -1 0 0 0 -1 -2 -1 0 -2 -1 0 -2 -2 0 -1 0 -1 -2 -1 0 0 -1 0 -1 -1 -1 -2 -1 -1 -2 -2 0 0 -2 -2 -1 -2 -1 -1 0 0 0 0 0 0 -2 0 0 0 -1 -1 0 -1 -1 -2 -1
1.68744394658587 0.936335592473556 -0.698129626303869 2.12647762025123 -0.388107814562207 -1 0 0 2 2 2 1 1 1 1 1 1 0 1 0 0 1 0 2 1 1 1 1 1 0 0 0 0 1 2 2 1 0 1 1 0 2 2 0 0 2 2 0 0 0 2 0 0 0 1 2 0 1 0 0 0 0 2 0 1 1 2 2 1 1 2 2 1 2 1 1 2 2 2 2 2 1 0 2 2 0 1 0 1 0 1 1 0 0 0 2 2 2 1 2 2 1 2 2 2 2 0 0 -2 -2 -2 -1 -1 -1 -1 -1 -1 0 -1 0 0 -1 0 -2 -1 -1 -1 -1 -1 0 0 0 0 -1 -2 -2 -1 0 -1 -1 0 -2 -2 0 0 -2 -2 0 0 0 -2 0 0 0 -1 -2 0 -1 0 0 0 0 -2 0 -1 -1 -2 -2 -1 -1 -2 -2 -1 -2 -1 -1 -2 -2 -2 -2 -2 -1 0 -2 -2 0 -1 0 -1 0 -1 -1 0 0 0 -2 -2 -2 -1 -2 -2 -1 -2 -2 -2 -2
-1.47663954970589 1.28650771244849 0.0937505950003645 0.93333616443362 0.158558661636224 -1 0 0 2 2 1 0 0 1 1 1 2 2 2 1 2 2 1 2 1 0 2 1 1 0 1 1 1 2 2 2 2 2 2 1 0 1 2 0 0 2 2 1 0 0 2 0 0 1 1 1 1 0 1 1 1 1 1 0 2 0 2 2 0 0 0 1 0 1 0 0 1 0 1 2 2 0 0 1 2 0 1 1 1 0 2 1 0 2 0 1 0 1 0 2 1 1 1 1 1 1 0 0 -2 -2 -1 0 0 -1 -1 -1 -2 -2 -2 -1 -2 -2 -1 -2 -1 0 -2 -1 -1 0 -1 -1 -1 -2 -2 -2 -2 -2 -2 -1 0 -1 -2 0 0 -2 -2 -1 0 0 -2 0 0 -1 -1 -1 -1 0 -1 -1 -1 -1 -1 0 -2 0 -2 -2 0 0 0 -1 0 -1 0 0 -1 0 -1 -2 -2 0 0 -1 -2 0 -1 -1 -1 0 -2 -1 0 -2 0 -1 0 -1 0 -2 -1 -1 -1 -1 -1 -1
0.648677626623862 1.02725930091372 -0.137718616230867 -2.17897951347663 1.39362276146005 1 1 0 1 2 2 2 1 2 2 0 1 0 1 0 0 1 1 2 1 0 2 1 1 0 0 0 0 1 0 2 2 0 2 2 2 2 2 0 0 1 2 1 1 1 1 0 0 0 0 2 1 0 0 1 2 2 2 0 2 1 1 2 0 0 1 2 1 1 1 2 2 1 1 2 2 2 0 2 2 1 2 1 1 0 1 1 0 0 0 1 0 1 0 1 2 0 1 1 2 1 1 0 1 2 2 2 1 2 2 0 1 0 1 0 0 1 1 2 1 0 2 1 1 0 0 0 0 1 0 2 2 0 2 2 2 2 2 0 0 1 2 1 1 1 1 0 0 0 0 2 1 0 0 1 2 2 2 0 2 1 1 2 0 0 1 2 1 1 1 2 2 1 1 2 2 2 0 2 2 1 2 1 1 0 1 1 0 0 0 1 0 1 0 1 2 0 1 1 2 1
1.76824489731084 0.82872005696826 -0.443394185850926 0.244681106305384 -0.376769845255267 -1 0 0 2 2 1 0 1 1 1 1 2 2 1 0 0 1 1 2 1 0 2 2 0 0 0 1 1 2 2 2 2 0 2 0 1 2 2 0 1 1 1 0 0 0 2 2 0 0 2 2 1 1 1 0 2 2 2 0 2 1 2 1 0 1 1 2 0 1 1 1 2 0 2 2 2 2 0 2 2 1 2 2 1 0 0 1 0 0 0 2 2 1 0 2 2 0 2 1 1 2 0 0 -2 -2 -1 0 -1 -1 -1 -1 -2 -2 -1 0 0 -1 -1 -2 -1 0 -2 -2 0 0 0 -1 -1 -2 -2 -2 -2 0 -2 0 -1 -2 -2 0 -1 -1 -1 0 0 0 -2 -2 0 0 -2 -2 -1 -1 -1 0 -2 -2 -2 0 -2 -1 -2 -1 0 -1 -1 -2 0 -1 -1 -1 -2 0 -2 -2 -2 -2 0 -2 -2 -1 -2 -2 -1 0 0 -1 0 0 0 -2 -2 -1 0 -2 -2 0 -2 -1 -1 -2
-0.778573805532877 0.0714358231109855 -0.484988176307362 -0.80104698638603 1.69599160885745 1 0 0 2 2 2 1 0 1 1 2 2 2 2 1 1 2 1 2 1 0 2 1 1 0 1 1 0 2 1 2 2 0 2 0 1 2 2 0 0 2 1 0 0 1 1 0 0 1 2 2 0 0 0 0 1 2 2 0 2 1 2 1 0 1 0 1 1 1 2 0 1 0 1 2 1 1 0 2 2 1 1 1 1 0 1 1 0 0 0 1 2 1 1 2 2 0 2 2 2 2 0 0 2 2 2 1 0 1 1 2 2 2 2 1 1 2 1 2 1 0 2 1 1 0 1 1 0 2 1 2 2 0 2 0 1 2 2 0 0 2 1 0 0 1 1 0 0 1 2 2 0 0 0 0 1 2 2 0 2 1 2 1 0 1 0 1 1 1 2 0 1 0 1 2 1 1 0 2 2 1 1 1 1 0 1 1 0 0 0 1 2 1 1 2 2 0 2 2 2 2
-0.397186276617593 0.506016240301012 -2.41117913363367 1.90399108944944 -1.642953153691 1 0 0 2 2 2 1 2 2 2 2 2 2 2 0 0 1 0 2 0 0 2 1 0 0 0 1 2 2 2 2 2 1 2 1 1 2 2 0 0 1 2 2 0 2 2 0 1 2 2 2 2 0 2 1 1 1 2 0 1 0 1 0 0 0 1 1 1 2 2 0 1 1 0 1 2 1 0 1 2 1 1 1 0 0 0 1 0 1 0 1 0 1 0 1 2 0 1 1 2 2 0 0 2 2 2 1 2 2 2 2 2 2 2 0 0 1 0 2 0 0 2 1 0 0 0 1 2 2 2 2 2 1 2 1 1 2 2 0 0 1 2 2 0 2 2 0 1 2 2 2 2 0 2 1 1 1 2 0 1 0 1 0 0 0 1 1 1 2 2 0 1 1 0 1 2 1 0 1 2 1 1 1 0 0 0 1 0 1 0 1 0 1 0 1 2 0 1 1 2 2
-0.80008264336038 0.647100562827296 0.156163030825666 0.774870290251946 1.46192557548063 1 0 1 2 2 2 0 0 1 1 0 2 2 2 0 0 1 0 2 0 0 0 0 0 0 0 1 0 2 1 2 2 0 2 1 0 1 2 0 0 1 2 1 0 0 2 2 1 1 1 2 2 2 2 0 1 1 2 0 1 0 1 2 0 1 2 2 1 2 2 0 1 1 2 1 2 1 0 2 2 2 2 1 0 0 0 0 0 0 0 2 0 1 0 0 2 1 2 2 1 1 0 1 2 2 2 0 0 1 1 0 2 2 2 0 0 1 0 2 0 0 0 0 0 0 0 1 0 2 1 2 2 0 2 1 0 1 2 0 0 1 2 1 0 0 2 2 1 1 1 2 2 2 2 0 1 1 2 0 1 0 1 2 0 1 2 2 1 2 2 0 1 1 2 1 2 1 0 2 2 2 2 1 0 0 0 0 0 0 0 2 0 1 0 0 2 1 2 2 1 1
-1.21080216717784 -0.408601994191235 0.272933224813983 0.240708478426691 0.961405257012687 1 0 0 2 2 2 0 0 0 1 2 2 2 2 0 1 2 2 2 1 0 1 0 1 0 1 1 2 2 2 2 2 0 1 0 0 2 2 0 0 1 2 1 0 1 2 1 0 0 0 2 2 0 1 0 2 2 2 0 1 0 2 2 1 1 1 2 2 2 1 0 1 2 2 2 2 2 1 2 2 2 1 1 0 0 0 0 0 0 0 2 0 0 0 1 2 0 1 1 2 2 0 0 2 2 2 0 0 0 1 2 2 2 2 0 1 2 2 2 1 0 1 0 1 0 1 1 2 2 2 2 2 0 1 0 0 2 2 0 0 1 2 1 0 1 2 1 0 0 0 2 2 0 1 0 2 2 2 0 1 0 2 2 1 1 1 2 2 2 1 0 1 2 2 2 2 2 1 2 2 2 1 1 0 0 0 0 0 0 0 2 0 0 0 1 2 0 1 1 2 2
1.07513361879056 -1.5945853070575 0.206017827947418 1.12151659931852 -0.182737906395078 1 1 0 1 2 2 0 1 2 2 0 2 2 2 0 0 1 1 2 0 0 2 1 0 0 1 1 2 1 0 2 2 1 2 1 0 2 2 0 0 1 1 0 0 2 1 0 0 1 1 2 2 0 0 0 1 2 2 0 0 0 1 1 0 0 0 1 0 2 2 1 2 1 1 2 2 0 0 2 2 1 2 2 0 0 1 0 0 0 0 0 0 0 0 1 2 1 2 2 1 2 1 0 1 2 2 0 1 2 2 0 2 2 2 0 0 1 1 2 0 0 2 1 0 0 1 1 2 1 0 2 2 1 2 1 0 2 2 0 0 1 1 0 0 2 1 0 0 1 1 2 2 0 0 0 1 2 2 0 0 0 1 1 0 0 0 1 0 2 2 1 2 1 1 2 2 0 0 2 2 1 2 2 0 0 1 0 0 0 0 0 0 0 0 1 2 1 2 2 1 2
1.21871373090398 -1.48752954608311 0.774844132497327 -0.37375368548565 0.762196105141764 -1 0 1 2 2 2 1 1 1 2 2 2 2 1 1 1 2 1 2 1 1 1 1 1 0 1 1 2 2 2 2 2 0 1 0 1 2 2 0 0 1 1 0 0 0 1 1 1 1 1 2 0 0 1 0 0 1 2 0 1 0 1 2 1 2 2 2 2 2 2 2 2 1 2 2 2 1 0 1 2 2 2 1 1 0 2 2 0 1 0 2 0 1 0 2 2 1 1 2 1 1 0 -1 -2 -2 -2 -1 -1 -1 -2 -2 -2 -2 -1 -1 -1 -2 -1 -2 -1 -1 -1 -1 -1 0 -1 -1 -2 -2 -2 -2 -2 0 -1 0 -1 -2 -2 0 0 -1 -1 0 0 0 -1 -1 -1 -1 -1 -2 0 0 -1 0 0 -1 -2 0 -1 0 -1 -2 -1 -2 -2 -2 -2 -2 -2 -2 -2 -1 -2 -2 -2 -1 0 -1 -2 -2 -2 -1 -1 0 -2 -2 0 -1 0 -2 0 -1 0 -2 -2 -1 -1 -2 -1 -1
-0.521396565926937 -0.215629249960238 -0.533625457695082 -0.560720037067901 0.17727770778714 -1 0 1 2 2 1 1 0 0 0 1 2 2 2 0 2 2 1 2 1 0 2 2 0 0 0 1 1 1 1 2 2 2 2 1 0 2 2 0 1 0 1 0 0 1 2 2 0 1 1 2 0 0 0 0 1 2 2 0 2 0 2 2 1 1 0 2 1 1 1 0 1 0 1 1 2 1 0 2 2 0 0 1 0 0 1 0 0 0 0 2 1 1 0 2 2 2 2 2 2 2 0 -1 -2 -2 -1 -1 0 0 0 -1 -2 -2 -2 0 -2 -2 -1 -2 -1 0 -2 -2 0 0 0 -1 -1 -1 -1 -2 -2 -2 -2 -1 0 -2 -2 0 -1 0 -1 0 0 -1 -2 -2 0 -1 -1 -2 0 0 0 0 -1 -2 -2 0 -2 0 -2 -2 -1 -1 0 -2 -1 -1 -1 0 -1 0 -1 -1 -2 -1 0 -2 -2 0 0 -1 0 0 -1 0 0 0 0 -2 -1 -1 0 -2 -2 -2 -2 -2 -2 -2
0.0944151300794905 0.86580497332752 -1.64937212395465 0.714120634568399 -0.546390586902791 -1 1 0 2 2 0 1 1 2 1 1 2 2 1 0 1 2 2 2 1 1 1 1 0 0 2 2 0 1 1 2 2 0 2 1 2 2 2 0 0 1 2 1 0 0 1 0 0 0 1 2 0 0 0 0 1 2 2 0 2 0 2 1 1 0 0 1 1 2 1 0 1 1 1 1 1 1 0 2 2 1 1 1 0 0 0 0 0 0 0 1 1 2 0 2 2 2 2 2 2 1 -1 0 -2 -2 0 -1 -1 -2 -1 -1 -2 -2 -1 0 -1 -2 -2 -2 -1 -1 -1 -1 0 0 -2 -2 0 -1 -1 -2 -2 0 -2 -1 -2 -2 -2 0 0 -1 -2 -1 0 0 -1 0 0 0 -1 -2 0 0 0 0 -1 -2 -2 0 -2 0 -2 -1 -1 0 0 -1 -1 -2 -1 0 -1 -1 -1 -1 -1 -1 0 -2 -2 -1 -1 -1 0 0 0 0 0 0 0 -1 -1 -2 0 -2 -2 -2 -2 -2 -2 -1
1.46821172331011 0.590040285927931 -0.340657326698854 0.261347310154508 -0.181605845209673 1 1 0 2 2 2 2 1 0 1 1 2 2 1 1 2 2 0 2 2 1 1 0 0 0 0 0 1 2 1 2 2 1 2 2 0 2 2 0 0 2 2 0 0 0 2 0 0 1 1 2 0 1 2 1 1 2 2 0 0 0 1 1 1 1 1 2 2 2 1 0 2 0 0 1 1 1 0 2 1 1 2 1 1 1 1 1 0 0 0 2 1 2 0 2 2 2 2 2 2 1 1 0 2 2 2 2 1 0 1 1 2 2 1 1 2 2 0 2 2 1 1 0 0 0 0 0 1 2 1 2 2 1 2 2 0 2 2 0 0 2 2 0 0 0 2 0 0 1 1 2 0 1 2 1 1 2 2 0 0 0 1 1 1 1 1 2 2 2 1 0 2 0 0 1 1 1 0 2 1 1 2 1 1 1 1 1 0 0 0 2 1 2 0 2 2 2 2 2 2 1
-0.134287094271478 0.161155483839359 0.870724902144144 -1.00238090204617 0.0879771857666074 1 0 0 0 2 1 0 0 0 1 0 2 2 1 0 1 2 1 2 1 0 1 1 0 0 0 0 1 2 0 2 1 0 0 1 1 1 2 0 1 2 2 1 0 0 0 0 0 2 2 2 2 0 1 0 1 2 1 0 0 0 2 1 1 0 0 2 1 1 0 0 0 0 1 2 2 0 0 1 2 2 2 2 1 0 2 1 0 0 0 1 0 0 0 1 1 0 1 1 1 2 0 0 0 2 1 0 0 0 1 0 2 2 1 0 1 2 1 2 1 0 1 1 0 0 0 0 1 2 0 2 1 0 0 1 1 1 2 0 1 2 2 1 0 0 0 0 0 2 2 2 2 0 1 0 1 2 1 0 0 0 2 1 1 0 0 2 1 1 0 0 0 0 1 2 2 0 0 1 2 2 2 2 1 0 2 1 0 0 0 1 0 0 0 1 1 0 1 1 1 2
0.0587354670189818 0.550560833200746 0.147584030593954 0.290537790099442 -1.25622699586262 1 0 0 2 2 0 1 1 1 0 2 2 1 1 0 1 2 1 2 1 0 1 2 1 0 1 1 1 2 1 1 2 0 1 0 0 2 2 0 0 0 2 0 0 0 0 0 0 1 2 2 1 0 1 0 1 2 2 1 1 0 2 2 0 0 0 2 1 2 1 0 1 0 1 1 2 1 0 2 2 2 2 2 1 0 0 1 0 1 1 1 1 1 0 2 2 1 1 2 2 2 0 0 2 2 0 1 1 1 0 2 2 1 1 0 1 2 1 2 1 0 1 2 1 0 1 1 1 2 1 1 2 0 1 0 0 2 2 0 0 0 2 0 0 0 0 0 0 1 2 2 1 0 1 0 1 2 2 1 1 0 2 2 0 0 0 2 1 2 1 0 1 0 1 1 2 1 0 2 2 2 2 2 1 0 0 1 0 1 1 1 1 1 0 2 2 1 1 2 2 2
-1.02178633365875 1.06519941251566 0.203574590624026 -0.571030612717002 0.973303804794334 -1 1 0 2 2 2 1 0 1 2 0 1 1 1 0 1 2 2 2 0 0 1 2 0 0 0 0 0 1 1 2 2 0 1 0 1 2 2 0 1 0 2 0 0 0 2 1 0 0 1 2 0 0 0 0 1 1 1 0 0 0 1 2 1 1 1 2 0 1 1 1 2 1 2 2 1 0 0 1 2 2 2 2 2 2 2 1 0 0 0 2 1 1 0 2 2 2 2 1 1 2 -1 0 -2 -2 -2 -1 0 -1 -2 0 -1 -1 -1 0 -1 -2 -2 -2 0 0 -1 -2 0 0 0 0 0 -1 -1 -2 -2 0 -1 0 -1 -2 -2 0 -1 0 -2 0 0 0 -2 -1 0 0 -1 -2 0 0 0 0 -1 -1 -1 0 0 0 -1 -2 -1 -1 -1 -2 0 -1 -1 -1 -2 -1 -2 -2 -1 0 0 -1 -2 -2 -2 -2 -2 -2 -2 -1 0 0 0 -2 -1 -1 0 -2 -2 -2 -2 -1 -1 -2
-1.04937738503705 1.5442772972914 0.598769565234632 0.714212336724442 -0.163945599684693 1 0 0 1 2 2 1 0 1 0 1 2 2 2 0 2 2 1 2 0 0 1 0 1 0 0 0 1 2 1 2 2 0 2 1 1 2 2 0 0 1 2 1 1 1 1 0 0 0 1 1 1 1 2 2 2 2 1 0 0 0 1 2 1 2 2 2 1 2 1 0 1 1 2 2 2 2 0 2 2 2 2 2 1 0 1 1 0 1 1 2 0 1 0 2 2 1 2 2 2 2 0 0 1 2 2 1 0 1 0 1 2 2 2 0 2 2 1 2 0 0 1 0 1 0 0 0 1 2 1 2 2 0 2 1 1 2 2 0 0 1 2 1 1 1 1 0 0 0 1 1 1 1 2 2 2 2 1 0 0 0 1 2 1 2 2 2 1 2 1 0 1 1 2 2 2 2 0 2 2 2 2 2 1 0 1 1 0 1 1 2 0 1 0 2 2 1 2 2 2 2
-0.280381087878964 1.04854473889554 -0.352921599274523 0.602170449588109 0.00980292109653971 1 1 0 2 2 2 0 2 0 1 2 2 2 2 0 0 1 0 2 1 1 0 1 0 0 0 0 0 1 1 2 2 0 2 1 0 2 2 1 1 1 2 1 1 1 2 2 1 2 1 2 0 0 1 1 0 2 2 0 1 0 2 2 1 0 0 2 0 1 2 2 2 1 2 2 2 1 0 1 2 1 2 2 2 0 0 0 0 0 0 2 2 2 0 2 2 1 1 1 1 1 1 0 2 2 2 0 2 0 1 2 2 2 2 0 0 1 0 2 1 1 0 1 0 0 0 0 0 1 1 2 2 0 2 1 0 2 2 1 1 1 2 1 1 1 2 2 1 2 1 2 0 0 1 1 0 2 2 0 1 0 2 2 1 0 0 2 0 1 2 2 2 1 2 2 2 1 0 1 2 1 2 2 2 0 0 0 0 0 0 2 2 2 0 2 2 1 1 1 1 1
1.08287429746052 -1.34084456502993 1.72460661908204 0.332627080711296 0.518021428259557 1 2 0 2 2 1 0 1 1 2 0 2 2 1 0 1 2 0 2 1 2 1 1 1 0 0 1 2 2 2 2 2 1 2 1 1 2 2 1 1 1 2 0 0 1 1 0 0 1 1 2 0 0 0 0 0 2 2 1 2 1 2 2 2 1 1 2 2 2 1 0 1 1 2 2 2 0 0 1 2 1 2 1 0 0 1 1 0 1 0 1 0 1 1 2 1 0 1 2 1 2 2 0 2 2 1 0 1 1 2 0 2 2 1 0 1 2 0 2 1 2 1 1 1 0 0 1 2 2 2 2 2 1 2 1 1 2 2 1 1 1 2 0 0 1 1 0 0 1 1 2 0 0 0 0 0 2 2 1 2 1 2 2 2 1 1 2 2 2 1 0 1 1 2 2 2 0 0 1 2 1 2 1 0 0 1 1 0 1 0 1 0 1 1 2 1 0 1 2 1 2
1.88356391846688 0.233820789323037 -0.250206385805003 -1.65609498152873 0.134817731401973 -1 0 1 2 2 0 0 1 1 2 2 2 1 2 1 2 1 0 2 1 0 1 0 0 0 0 0 1 1 0 2 2 0 1 1 1 2 2 0 0 1 2 1 0 0 2 1 0 1 1 2 0 0 2 1 1 2 2 0 0 0 2 2 1 0 0 2 1 1 2 1 2 1 1 1 1 0 0 2 2 1 1 1 0 1 0 0 0 0 0 2 2 2 2 2 2 1 2 2 2 2 0 -1 -2 -2 0 0 -1 -1 -2 -2 -2 -1 -2 -1 -2 -1 0 -2 -1 0 -1 0 0 0 0 0 -1 -1 0 -2 -2 0 -1 -1 -1 -2 -2 0 0 -1 -2 -1 0 0 -2 -1 0 -1 -1 -2 0 0 -2 -1 -1 -2 -2 0 0 0 -2 -2 -1 0 0 -2 -1 -1 -2 -1 -2 -1 -1 -1 -1 0 0 -2 -2 -1 -1 -1 0 -1 0 0 0 0 0 -2 -2 -2 -2 -2 -2 -1 -2 -2 -2 -2
-1.33425547526008 0.761332660384576 -1.43815702084209 -0.333347919099543 0.523994770397968 -1 0 0 2 2 2 0 0 0 1 0 2 1 2 0 1 1 0 2 1 0 2 2 0 0 0 0 0 1 1 2 2 0 1 1 1 2 2 0 0 0 0 0 0 1 1 0 0 0 0 2 2 0 2 1 2 2 2 0 2 0 2 2 0 0 0 2 2 2 2 1 2 1 2 2 2 1 0 1 2 2 1 1 1 0 0 0 0 0 0 1 0 1 0 1 0 0 1 2 2 2 0 0 -2 -2 -2 0 0 0 -1 0 -2 -1 -2 0 -1 -1 0 -2 -1 0 -2 -2 0 0 0 0 0 -1 -1 -2 -2 0 -1 -1 -1 -2 -2 0 0 0 0 0 0 -1 -1 0 0 0 0 -2 -2 0 -2 -1 -2 -2 -2 0 -2 0 -2 -2 0 0 0 -2 -2 -2 -2 -1 -2 -1 -2 -2 -2 -1 0 -1 -2 -2 -1 -1 -1 0 0 0 0 0 0 -1 0 -1 0 -1 0 0 -1 -2 -2 -2
0.31867284150472 -0.412587722272973 -0.865995453719559 -0.848580611293699 -1.28028480728143 -1 1 0 1 2 1 0 0 1 1 1 2 2 2 0 0 2 1 2 1 1 2 1 0 0 1 1 1 2 1 2 2 0 2 0 0 2 2 0 1 2 1 1 0 1 2 1 1 2 2 1 0 1 1 0 0 0 0 0 2 0 1 1 0 0 0 2 2 2 1 0 1 1 2 2 2 2 0 2 2 0 1 1 1 0 0 0 0 0 0 2 0 1 0 1 2 2 2 2 2 2 -1 0 -1 -2 -1 0 0 -1 -1 -1 -2 -2 -2 0 0 -2 -1 -2 -1 -1 -2 -1 0 0 -1 -1 -1 -2 -1 -2 -2 0 -2 0 0 -2 -2 0 -1 -2 -1 -1 0 -1 -2 -1 -1 -2 -2 -1 0 -1 -1 0 0 0 0 0 -2 0 -1 -1 0 0 0 -2 -2 -2 -1 0 -1 -1 -2 -2 -2 -2 0 -2 -2 0 -1 -1 -1 0 0 0 0 0 0 -2 0 -1 0 -1 -2 -2 -2 -2 -2 -2
0.169085828536662 0.992571192035705 -0.0604969609663988 -0.344638341478756 1.46191980541118 -1 1 1 2 2 2 2 2 0 0 2 2 2 2 1 1 2 0 2 1 1 1 1 0 0 0 0 1 1 1 2 2 1 2 1 1 2 2 0 0 0 1 0 0 0 1 1 0 0 0 1 0 0 1 0 1 1 1 0 1 0 1 1 2 0 2 2 2 2 2 2 2 0 1 2 2 1 0 2 2 1 0 1 0 0 1 0 0 0 0 1 0 0 0 2 2 1 2 2 2 2 -1 -1 -2 -2 -2 -2 -2 0 0 -2 -2 -2 -2 -1 -1 -2 0 -2 -1 -1 -1 -1 0 0 0 0 -1 -1 -1 -2 -2 -1 -2 -1 -1 -2 -2 0 0 0 -1 0 0 0 -1 -1 0 0 0 -1 0 0 -1 0 -1 -1 -1 0 -1 0 -1 -1 -2 0 -2 -2 -2 -2 -2 -2 -2 0 -1 -2 -2 -1 0 -2 -2 -1 0 -1 0 0 -1 0 0 0 0 -1 0 0 0 -2 -2 -1 -2 -2 -2 -2
0.639330886845852 0.403668078798138 0.279760413165188 -0.661078961589884 0.575768447572428 -1 1 0 2 2 2 1 1 1 1 1 2 2 1 0 1 1 1 2 1 1 1 0 0 0 1 1 0 1 0 2 2 0 1 1 1 2 2 0 0 0 2 0 0 0 2 1 0 1 1 1 0 0 0 0 0 2 2 0 1 0 1 1 0 1 1 2 0 2 2 0 2 0 1 1 1 0 0 0 2 1 1 1 0 0 0 0 0 0 0 2 1 1 0 2 2 1 2 2 2 2 -1 0 -2 -2 -2 -1 -1 -1 -1 -1 -2 -2 -1 0 -1 -1 -1 -2 -1 -1 -1 0 0 0 -1 -1 0 -1 0 -2 -2 0 -1 -1 -1 -2 -2 0 0 0 -2 0 0 0 -2 -1 0 -1 -1 -1 0 0 0 0 0 -2 -2 0 -1 0 -1 -1 0 -1 -1 -2 0 -2 -2 0 -2 0 -1 -1 -1 0 0 0 -2 -1 -1 -1 0 0 0 0 0 0 0 -2 -1 -1 0 -2 -2 -1 -2 -2 -2 -2
-1.2349654695141 0.335795688804105 0.505583681611461 0.672231774646191 -1.9552869874221 -1 1 0 2 2 1 0 0 0 1 1 2 2 2 1 2 2 2 2 1 0 1 1 1 0 0 2 2 2 0 2 2 0 2 1 1 2 2 0 1 2 2 1 0 0 1 2 0 2 2 2 2 0 1 0 1 2 2 0 0 0 2 2 0 0 0 2 1 2 1 1 2 0 0 1 1 0 0 2 2 1 2 1 1 0 1 1 0 1 0 0 0 1 0 2 2 0 2 2 1 1 -1 0 -2 -2 -1 0 0 0 -1 -1 -2 -2 -2 -1 -2 -2 -2 -2 -1 0 -1 -1 -1 0 0 -2 -2 -2 0 -2 -2 0 -2 -1 -1 -2 -2 0 -1 -2 -2 -1 0 0 -1 -2 0 -2 -2 -2 -2 0 -1 0 -1 -2 -2 0 0 0 -2 -2 0 0 0 -2 -1 -2 -1 -1 -2 0 0 -1 -1 0 0 -2 -2 -1 -2 -1 -1 0 -1 -1 0 -1 0 0 0 -1 0 -2 -2 0 -2 -2 -1 -1
1.24945291835533 0.463462273965086 1.64637623492565 -0.248665743812416 -0.982969051524296 1 0 0 2 2 2 1 1 1 2 1 2 2 1 0 0 1 0 2 1 0 1 1 0 0 0 1 1 2 1 2 1 0 2 1 1 2 2 0 1 1 1 1 0 0 1 1 1 1 2 2 2 1 1 0 0 2 1 0 2 0 1 2 0 0 1 2 1 1 1 1 2 1 1 2 2 0 0 2 2 1 2 1 1 0 0 1 0 0 0 1 1 2 0 2 2 1 2 2 2 2 0 0 2 2 2 1 1 1 2 1 2 2 1 0 0 1 0 2 1 0 1 1 0 0 0 1 1 2 1 2 1 0 2 1 1 2 2 0 1 1 1 1 0 0 1 1 1 1 2 2 2 1 1 0 0 2 1 0 2 0 1 2 0 0 1 2 1 1 1 1 2 1 1 2 2 0 0 2 2 1 2 1 1 0 0 1 0 0 0 1 1 2 0 2 2 1 2 2 2 2
0.300878543631297 0.0583356014829046 0.766092284298132 1.29017414128415 0.157109235585647 -1 0 0 2 2 2 0 1 2 1 2 2 2 2 0 0 1 0 2 1 2 2 2 1 0 2 0 0 1 2 2 2 0 1 1 2 2 2 0 0 1 1 1 0 0 1 0 0 0 1 2 0 0 0 0 0 1 2 0 1 0 1 1 1 0 0 2 1 2 2 1 1 0 1 2 2 1 0 2 2 1 2 1 0 0 0 1 0 0 0 2 1 1 1 2 1 0 0 1 1 1 0 0 -2 -2 -2 0 -1 -2 -1 -2 -2 -2 -2 0 0 -1 0 -2 -1 -2 -2 -2 -1 0 -2 0 0 -1 -2 -2 -2 0 -1 -1 -2 -2 -2 0 0 -1 -1 -1 0 0 -1 0 0 0 -1 -2 0 0 0 0 0 -1 -2 0 -1 0 -1 -1 -1 0 0 -2 -1 -2 -2 -1 -1 0 -1 -2 -2 -1 0 -2 -2 -1 -2 -1 0 0 0 -1 0 0 0 -2 -1 -1 -1 -2 -1 0 0 -1 -1 -1
0.00553205169919752 -0.759018433914668 0.0681340810423471 -0.0596845920401257 -1.99658751380617 -1 0 0 2 2 1 0 0 1 1 1 2 2 1 0 1 2 2 2 1 1 1 0 0 0 0 0 1 1 1 2 1 1 2 1 0 2 2 0 1 2 2 0 0 0 0 0 0 1 0 2 1 0 0 0 1 2 1 0 1 0 2 2 1 0 0 1 1 2 0 0 1 0 0 0 0 0 0 2 2 1 1 0 1 0 1 1 0 0 0 1 0 1 0 1 2 1 2 1 2 2 0 0 -2 -2 -1 0 0 -1 -1 -1 -2 -2 -1 0 -1 -2 -2 -2 -1 -1 -1 0 0 0 0 0 -1 -1 -1 -2 -1 -1 -2 -1 0 -2 -2 0 -1 -2 -2 0 0 0 0 0 0 -1 0 -2 -1 0 0 0 -1 -2 -1 0 -1 0 -2 -2 -1 0 0 -1 -1 -2 0 0 -1 0 0 0 0 0 0 -2 -2 -1 -1 0 -1 0 -1 -1 0 0 0 -1 0 -1 0 -1 -2 -1 -2 -1 -2 -2
0.571780266819035 -0.405083650246558 0.635786079175847 0.683621508262514 -0.283974840811111 1 0 0 2 2 1 0 0 0 1 0 2 2 1 1 2 1 0 2 1 1 1 2 1 0 0 1 1 2 2 2 2 2 2 0 0 2 2 0 1 2 2 1 1 1 1 0 0 0 1 2 0 0 1 0 0 1 2 0 0 0 0 0 0 0 0 2 1 2 1 0 2 1 2 2 2 1 0 1 2 2 2 1 1 0 1 0 0 1 0 2 2 2 0 1 2 1 2 2 2 2 0 0 2 2 1 0 0 0 1 0 2 2 1 1 2 1 0 2 1 1 1 2 1 0 0 1 1 2 2 2 2 2 2 0 0 2 2 0 1 2 2 1 1 1 1 0 0 0 1 2 0 0 1 0 0 1 2 0 0 0 0 0 0 0 0 2 1 2 1 0 2 1 2 2 2 1 0 1 2 2 2 1 1 0 1 0 0 1 0 2 2 2 0 1 2 1 2 2 2 2
0.879619412264169 -1.39910666921733 -0.0124028317370346 -1.72253914450215 -0.247523654337398 -1 2 2 2 2 2 1 1 0 1 0 2 2 2 2 2 2 2 2 1 1 2 1 1 0 1 0 0 2 0 2 2 1 2 2 2 2 2 0 0 1 1 0 0 0 0 0 0 0 0 2 1 1 2 0 2 2 1 0 1 0 1 1 1 1 0 2 1 1 0 0 1 0 0 2 2 1 0 1 2 2 2 1 1 0 1 1 0 0 0 2 1 1 0 1 1 1 2 2 2 2 -2 -2 -2 -2 -2 -1 -1 0 -1 0 -2 -2 -2 -2 -2 -2 -2 -2 -1 -1 -2 -1 -1 0 -1 0 0 -2 0 -2 -2 -1 -2 -2 -2 -2 -2 0 0 -1 -1 0 0 0 0 0 0 0 0 -2 -1 -1 -2 0 -2 -2 -1 0 -1 0 -1 -1 -1 -1 0 -2 -1 -1 0 0 -1 0 0 -2 -2 -1 0 -1 -2 -2 -2 -1 -1 0 -1 -1 0 0 0 -2 -1 -1 0 -1 -1 -1 -2 -2 -2 -2
-0.561863488669162 0.618031591638996 0.155585216343094 1.38580150307857 -0.535338475091365 1 2 1 2 2 2 1 1 2 1 2 2 2 2 0 2 2 1 2 0 1 1 1 1 1 1 2 1 2 1 2 2 1 1 1 1 2 2 0 0 2 2 0 0 0 1 0 0 0 0 0 0 0 0 1 1 1 2 0 1 0 2 2 2 1 0 2 1 1 2 1 2 0 1 2 2 0 0 1 2 2 1 1 0 0 0 1 1 1 0 1 0 2 0 1 2 1 2 2 2 2 2 1 2 2 2 1 1 2 1 2 2 2 2 0 2 2 1 2 0 1 1 1 1 1 1 2 1 2 1 2 2 1 1 1 1 2 2 0 0 2 2 0 0 0 1 0 0 0 0 0 0 0 0 1 1 1 2 0 1 0 2 2 2 1 0 2 1 1 2 1 2 0 1 2 2 0 0 1 2 2 1 1 0 0 0 1 1 1 0 1 0 2 0 1 2 1 2 2 2 2
-1.89310361880235 0.772075526680508 -2.25264380260561 0.0151174030063926 -0.839246350280489 -1 2 1 2 2 2 1 1 1 1 0 2 2 1 0 0 0 0 2 1 0 2 2 1 0 0 1 2 2 1 1 2 1 2 1 1 1 2 0 1 1 1 0 0 0 2 0 0 1 1 1 2 1 1 0 2 2 2 0 0 0 1 0 0 0 0 1 0 1 0 0 0 0 1 1 1 0 0 1 2 1 1 1 1 0 0 0 0 0 0 1 1 1 0 1 2 0 1 1 2 2 -2 -1 -2 -2 -2 -1 -1 -1 -1 0 -2 -2 -1 0 0 0 0 -2 -1 0 -2 -2 -1 0 0 -1 -2 -2 -1 -1 -2 -1 -2 -1 -1 -1 -2 0 -1 -1 -1 0 0 0 -2 0 0 -1 -1 -1 -2 -1 -1 0 -2 -2 -2 0 0 0 -1 0 0 0 0 -1 0 -1 0 0 0 0 -1 -1 -1 0 0 -1 -2 -1 -1 -1 -1 0 0 0 0 0 0 -1 -1 -1 0 -1 -2 0 -1 -1 -2 -2
0.868576687784623 1.22400576042156 -0.748843238140913 -0.580887105816908 0.519401218832297 -1 0 0 2 2 1 0 2 0 2 1 2 2 2 0 2 2 1 2 1 1 2 0 0 0 1 0 0 1 1 2 1 0 0 1 0 1 2 0 0 0 1 1 0 1 1 0 0 0 0 1 1 0 0 1 1 1 0 0 1 0 2 2 1 1 2 2 1 2 2 1 1 0 1 2 2 1 0 1 2 1 2 2 1 0 0 0 0 0 0 2 1 1 0 1 1 0 1 2 2 2 0 0 -2 -2 -1 0 -2 0 -2 -1 -2 -2 -2 0 -2 -2 -1 -2 -1 -1 -2 0 0 0 -1 0 0 -1 -1 -2 -1 0 0 -1 0 -1 -2 0 0 0 -1 -1 0 -1 -1 0 0 0 0 -1 -1 0 0 -1 -1 -1 0 0 -1 0 -2 -2 -1 -1 -2 -2 -1 -2 -2 -1 -1 0 -1 -2 -2 -1 0 -1 -2 -1 -2 -2 -1 0 0 0 0 0 0 -2 -1 -1 0 -1 -1 0 -1 -2 -2 -2
-0.600220911597882 0.0728504099784345 1.92709624180339 -0.624758177928429 -0.909444033555444 -1 0 0 2 2 1 1 2 1 2 1 1 0 0 0 0 1 1 2 1 0 1 0 1 0 1 1 1 2 1 2 2 0 2 2 2 2 2 0 0 0 1 1 1 1 1 1 0 0 0 2 1 1 1 0 0 2 2 0 2 0 1 2 0 1 2 0 0 1 2 1 2 0 1 1 1 0 0 1 2 1 2 1 0 0 1 0 0 0 0 1 1 1 0 2 2 2 2 2 1 0 0 0 -2 -2 -1 -1 -2 -1 -2 -1 -1 0 0 0 0 -1 -1 -2 -1 0 -1 0 -1 0 -1 -1 -1 -2 -1 -2 -2 0 -2 -2 -2 -2 -2 0 0 0 -1 -1 -1 -1 -1 -1 0 0 0 -2 -1 -1 -1 0 0 -2 -2 0 -2 0 -1 -2 0 -1 -2 0 0 -1 -2 -1 -2 0 -1 -1 -1 0 0 -1 -2 -1 -2 -1 0 0 -1 0 0 0 0 -1 -1 -1 0 -2 -2 -2 -2 -2 -1 0
-1.05625264337857 -0.324513294180154 -0.69516092732171 0.86093780751039 0.920316125303784 -1 2 0 1 2 1 0 0 1 1 1 2 2 2 1 1 2 0 2 1 2 2 2 2 0 1 2 2 2 2 2 2 1 0 0 0 2 2 0 0 1 1 0 0 0 1 1 0 0 1 2 0 0 1 0 0 2 1 0 1 0 2 2 0 1 0 2 2 2 2 1 2 1 2 2 2 1 0 2 2 1 1 0 0 0 0 0 0 1 0 1 0 0 0 1 2 2 2 2 2 2 -2 0 -1 -2 -1 0 0 -1 -1 -1 -2 -2 -2 -1 -1 -2 0 -2 -1 -2 -2 -2 -2 0 -1 -2 -2 -2 -2 -2 -2 -1 0 0 0 -2 -2 0 0 -1 -1 0 0 0 -1 -1 0 0 -1 -2 0 0 -1 0 0 -2 -1 0 -1 0 -2 -2 0 -1 0 -2 -2 -2 -2 -1 -2 -1 -2 -2 -2 -1 0 -2 -2 -1 -1 0 0 0 0 0 0 -1 0 -1 0 0 0 -1 -2 -2 -2 -2 -2 -2
-0.862474817284811 -0.318650018625112 -1.60826855712486 1.00008001414778 -1.60131867365717 1 0 0 2 2 1 1 1 1 1 1 2 1 2 0 2 1 1 2 2 1 2 1 1 0 1 2 2 2 1 1 2 0 2 2 1 2 2 0 0 2 2 1 0 0 1 0 0 0 1 1 0 2 2 1 2 2 2 0 1 0 2 2 2 2 1 2 2 2 0 0 2 0 0 2 2 0 0 1 2 0 1 0 0 0 0 1 1 2 0 1 0 1 0 2 2 0 1 1 2 2 0 0 2 2 1 1 1 1 1 1 2 1 2 0 2 1 1 2 2 1 2 1 1 0 1 2 2 2 1 1 2 0 2 2 1 2 2 0 0 2 2 1 0 0 1 0 0 0 1 1 0 2 2 1 2 2 2 0 1 0 2 2 2 2 1 2 2 2 0 0 2 0 0 2 2 0 0 1 2 0 1 0 0 0 0 1 1 2 0 1 0 1 0 2 2 0 1 1 2 2
0.992416983560774 0.979083709248546 -2.45812009032282 0.394884882164766 -0.521388817326087 -1 1 0 1 2 2 0 0 0 0 1 1 2 2 1 2 2 1 2 1 0 2 2 1 0 0 0 1 2 2 2 2 1 1 1 0 1 2 0 0 1 2 0 1 1 2 1 0 1 1 2 1 0 1 0 0 0 1 0 0 0 1 2 0 0 0 2 1 2 1 1 0 0 0 1 1 0 0 1 2 2 2 2 2 1 1 0 0 1 0 1 1 1 0 2 2 1 2 2 1 2 -1 0 -1 -2 -2 0 0 0 0 -1 -1 -2 -2 -1 -2 -2 -1 -2 -1 0 -2 -2 -1 0 0 0 -1 -2 -2 -2 -2 -1 -1 -1 0 -1 -2 0 0 -1 -2 0 -1 -1 -2 -1 0 -1 -1 -2 -1 0 -1 0 0 0 -1 0 0 0 -1 -2 0 0 0 -2 -1 -2 -1 -1 0 0 0 -1 -1 0 0 -1 -2 -2 -2 -2 -2 -1 -1 0 0 -1 0 -1 -1 -1 0 -2 -2 -1 -2 -2 -1 -2
0.483467246706386 -1.39899911650469 -0.034294910847494 -1.68698916446289 1.4616976617559 1 1 1 2 2 2 2 2 1 2 2 2 2 2 0 2 2 0 2 1 0 2 1 0 0 0 0 1 1 0 2 2 1 2 1 0 2 2 0 0 1 2 1 0 0 1 0 0 0 1 2 0 1 1 1 2 2 1 0 1 0 2 1 0 0 0 2 0 1 2 1 2 1 1 2 2 1 0 2 2 0 1 0 0 0 0 0 0 0 0 1 0 1 0 1 2 2 1 2 2 2 1 1 2 2 2 2 2 1 2 2 2 2 2 0 2 2 0 2 1 0 2 1 0 0 0 0 1 1 0 2 2 1 2 1 0 2 2 0 0 1 2 1 0 0 1 0 0 0 1 2 0 1 1 1 2 2 1 0 1 0 2 1 0 0 0 2 0 1 2 1 2 1 1 2 2 1 0 2 2 0 1 0 0 0 0 0 0 0 0 1 0 1 0 1 2 2 1 2 2 2
0.81439482114693 -0.117300690602208 -0.276045863222985 0.193801820584755 -1.44340278309018 -1 1 0 1 2 2 1 1 1 0 2 2 2 1 0 2 2 0 2 1 0 2 0 0 0 1 1 1 1 1 2 2 1 2 2 0 2 2 0 0 0 2 0 0 0 1 1 0 0 0 2 1 1 0 0 1 1 1 0 1 0 2 2 1 0 1 2 1 2 1 0 1 0 1 1 2 1 0 0 2 2 2 1 1 0 1 1 0 0 0 2 2 1 0 2 2 2 2 0 1 1 -1 0 -1 -2 -2 -1 -1 -1 0 -2 -2 -2 -1 0 -2 -2 0 -2 -1 0 -2 0 0 0 -1 -1 -1 -1 -1 -2 -2 -1 -2 -2 0 -2 -2 0 0 0 -2 0 0 0 -1 -1 0 0 0 -2 -1 -1 0 0 -1 -1 -1 0 -1 0 -2 -2 -1 0 -1 -2 -1 -2 -1 0 -1 0 -1 -1 -2 -1 0 0 -2 -2 -2 -1 -1 0 -1 -1 0 0 0 -2 -2 -1 0 -2 -2 -2 -2 0 -1 -1
0.819497925619798 -1.10249899170556 -0.0425327456064309 1.2283271585522 -0.796068327932729 -1 0 0 2 2 2 1 1 1 1 1 2 2 1 0 0 1 1 2 2 1 1 2 1 0 0 0 0 1 1 2 2 1 2 1 2 2 2 0 0 0 1 1 0 1 2 1 0 0 1 1 1 1 1 0 2 2 1 0 0 0 1 1 0 0 1 2 0 1 2 0 2 1 1 2 2 1 0 2 2 1 1 1 1 0 0 1 0 0 0 1 0 1 0 2 2 2 2 2 2 2 0 0 -2 -2 -2 -1 -1 -1 -1 -1 -2 -2 -1 0 0 -1 -1 -2 -2 -1 -1 -2 -1 0 0 0 0 -1 -1 -2 -2 -1 -2 -1 -2 -2 -2 0 0 0 -1 -1 0 -1 -2 -1 0 0 -1 -1 -1 -1 -1 0 -2 -2 -1 0 0 0 -1 -1 0 0 -1 -2 0 -1 -2 0 -2 -1 -1 -2 -2 -1 0 -2 -2 -1 -1 -1 -1 0 0 -1 0 0 0 -1 0 -1 0 -2 -2 -2 -2 -2 -2 -2
-0.477331548310343 -1.26941923997592 1.33155438924696 -0.508627131831747 0.543341674005068 1 1 0 1 2 2 0 0 0 1 1 2 1 2 0 2 2 1 2 2 0 1 1 0 0 0 0 1 1 0 2 2 0 1 1 1 2 2 0 0 1 2 0 0 0 0 0 0 1 0 2 1 0 0 0 1 1 1 0 1 0 1 2 0 0 2 2 1 2 2 2 2 0 1 2 2 1 0 2 2 1 1 0 0 0 0 0 0 1 1 1 0 0 0 1 2 2 2 2 2 2 1 0 1 2 2 0 0 0 1 1 2 1 2 0 2 2 1 2 2 0 1 1 0 0 0 0 1 1 0 2 2 0 1 1 1 2 2 0 0 1 2 0 0 0 0 0 0 1 0 2 1 0 0 0 1 1 1 0 1 0 1 2 0 0 2 2 1 2 2 2 2 0 1 2 2 1 0 2 2 1 1 0 0 0 0 0 0 1 1 1 0 0 0 1 2 2 2 2 2 2
-1.2822246894269 0.267959297242009 1.11160367310848 0.39688512310222 -0.237376215858917 -1 0 1 1 2 1 0 1 1 1 0 2 1 1 0 1 2 1 2 1 1 2 0 1 0 0 0 1 2 1 2 2 1 2 1 1 2 2 0 2 2 2 0 0 1 2 1 1 1 2 2 1 1 1 0 0 1 1 0 1 0 2 2 1 0 1 2 1 1 2 2 2 1 1 2 2 1 0 1 2 0 0 1 0 0 0 0 0 0 0 2 1 1 1 2 2 0 2 1 2 2 0 -1 -1 -2 -1 0 -1 -1 -1 0 -2 -1 -1 0 -1 -2 -1 -2 -1 -1 -2 0 -1 0 0 0 -1 -2 -1 -2 -2 -1 -2 -1 -1 -2 -2 0 -2 -2 -2 0 0 -1 -2 -1 -1 -1 -2 -2 -1 -1 -1 0 0 -1 -1 0 -1 0 -2 -2 -1 0 -1 -2 -1 -1 -2 -2 -2 -1 -1 -2 -2 -1 0 -1 -2 0 0 -1 0 0 0 0 0 0 0 -2 -1 -1 -1 -2 -2 0 -2 -1 -2 -2
0.031871270008683 -0.406335435169487 -0.00189978010079534 0.631210495138772 1.47272123956242 1 0 0 2 2 1 1 0 1 0 0 2 2 2 0 1 2 1 2 1 0 2 1 1 0 1 0 0 0 0 2 2 0 2 2 1 2 2 0 0 2 2 0 0 0 2 0 0 0 0 2 1 0 0 0 1 2 2 0 0 0 1 2 1 1 1 2 1 2 1 1 2 0 1 1 2 0 0 0 2 1 2 1 0 0 0 0 0 0 0 2 1 1 0 2 2 1 1 1 2 2 0 0 2 2 1 1 0 1 0 0 2 2 2 0 1 2 1 2 1 0 2 1 1 0 1 0 0 0 0 2 2 0 2 2 1 2 2 0 0 2 2 0 0 0 2 0 0 0 0 2 1 0 0 0 1 2 2 0 0 0 1 2 1 1 1 2 1 2 1 1 2 0 1 1 2 0 0 0 2 1 2 1 0 0 0 0 0 0 0 2 1 1 0 2 2 1 1 1 2 2
1.20343876003126 -0.52882888366814 -0.846554462711287 0.648749648611988 -0.00524517501400496 1 1 0 2 2 0 0 1 1 1 0 1 1 1 0 0 2 0 2 0 0 1 1 1 0 0 0 1 2 2 2 2 0 1 0 0 2 2 1 0 1 1 0 0 0 1 1 0 0 1 2 1 1 1 0 1 2 2 0 2 0 2 1 1 1 0 2 0 2 1 0 2 0 1 2 2 0 0 2 2 2 2 1 1 0 1 0 0 1 1 2 1 2 0 2 2 0 1 1 2 2 1 0 2 2 0 0 1 1 1 0 1 1 1 0 0 2 0 2 0 0 1 1 1 0 0 0 1 2 2 2 2 0 1 0 0 2 2 1 0 1 1 0 0 0 1 1 0 0 1 2 1 1 1 0 1 2 2 0 2 0 2 1 1 1 0 2 0 2 1 0 2 0 1 2 2 0 0 2 2 2 2 1 1 0 1 0 0 1 1 2 1 2 0 2 2 0 1 1 2 2
-1.06886827487954 0.609553929744115 -2.4445581577426 -0.618314572490913 1.4391082791156 -1 1 1 2 2 2 2 2 2 2 0 2 2 1 1 2 2 2 2 2 1 1 1 1 0 1 1 0 2 0 2 1 1 1 2 2 2 2 1 0 1 2 0 0 0 1 0 0 1 1 2 0 0 2 0 1 1 1 0 0 0 0 2 2 0 1 2 1 1 0 0 1 0 1 2 1 0 0 1 2 2 2 1 1 0 1 1 0 1 0 1 2 1 1 2 1 2 2 2 2 2 -1 -1 -2 -2 -2 -2 -2 -2 -2 0 -2 -2 -1 -1 -2 -2 -2 -2 -2 -1 -1 -1 -1 0 -1 -1 0 -2 0 -2 -1 -1 -1 -2 -2 -2 -2 -1 0 -1 -2 0 0 0 -1 0 0 -1 -1 -2 0 0 -2 0 -1 -1 -1 0 0 0 0 -2 -2 0 -1 -2 -1 -1 0 0 -1 0 -1 -2 -1 0 0 -1 -2 -2 -2 -1 -1 0 -1 -1 0 -1 0 -1 -2 -1 -1 -2 -1 -2 -2 -2 -2 -2
-0.428266684788039 -0.780382086005133 -1.23205330286867 0.259799914013575 -0.393054477378985 -1 1 1 2 2 1 1 1 0 0 1 2 2 2 0 1 1 2 2 1 0 2 2 2 0 0 1 2 2 2 2 2 0 2 1 0 2 2 0 0 1 2 0 0 1 1 0 0 0 0 2 1 0 0 0 1 1 1 0 0 0 1 1 1 1 1 2 0 2 1 0 2 0 0 1 2 1 0 2 2 1 1 1 0 0 0 1 0 0 0 1 1 1 0 1 1 0 1 1 2 2 -1 -1 -2 -2 -1 -1 -1 0 0 -1 -2 -2 -2 0 -1 -1 -2 -2 -1 0 -2 -2 -2 0 0 -1 -2 -2 -2 -2 -2 0 -2 -1 0 -2 -2 0 0 -1 -2 0 0 -1 -1 0 0 0 0 -2 -1 0 0 0 -1 -1 -1 0 0 0 -1 -1 -1 -1 -1 -2 0 -2 -1 0 -2 0 0 -1 -2 -1 0 -2 -2 -1 -1 -1 0 0 0 -1 0 0 0 -1 -1 -1 0 -1 -1 0 -1 -1 -2 -2
-0.977101068562203 -0.152577445393653 -0.0747985956108781 0.528458992514432 0.468413117367268 -1 0 0 2 2 2 1 1 1 2 1 2 1 2 0 1 2 1 2 1 1 2 1 0 0 0 0 1 1 0 2 2 0 1 0 1 2 2 0 0 1 2 1 0 0 1 0 0 0 0 2 2 1 1 1 2 2 2 1 2 0 1 1 1 0 0 2 1 1 1 0 2 1 2 1 1 0 0 2 2 1 1 2 1 0 0 0 0 0 0 2 0 0 0 1 1 1 2 2 1 2 0 0 -2 -2 -2 -1 -1 -1 -2 -1 -2 -1 -2 0 -1 -2 -1 -2 -1 -1 -2 -1 0 0 0 0 -1 -1 0 -2 -2 0 -1 0 -1 -2 -2 0 0 -1 -2 -1 0 0 -1 0 0 0 0 -2 -2 -1 -1 -1 -2 -2 -2 -1 -2 0 -1 -1 -1 0 0 -2 -1 -1 -1 0 -2 -1 -2 -1 -1 0 0 -2 -2 -1 -1 -2 -1 0 0 0 0 0 0 -2 0 0 0 -1 -1 -1 -2 -2 -1 -2
-1.05189789357195 0.543876943920999 -0.643424036499243 -0.598074563725808 0.77942395942462 -1 1 2 2 2 2 0 1 1 2 2 2 2 2 0 1 2 2 2 1 1 1 0 0 0 0 0 1 0 1 2 1 0 1 0 0 0 2 0 0 1 2 1 0 0 2 0 0 0 1 2 0 1 1 1 1 2 1 0 0 0 1 0 0 1 1 2 1 2 2 1 0 0 0 1 1 0 0 1 2 1 2 1 1 0 0 0 0 0 0 2 2 2 0 2 2 2 2 2 2 2 -1 -2 -2 -2 -2 0 -1 -1 -2 -2 -2 -2 -2 0 -1 -2 -2 -2 -1 -1 -1 0 0 0 0 0 -1 0 -1 -2 -1 0 -1 0 0 0 -2 0 0 -1 -2 -1 0 0 -2 0 0 0 -1 -2 0 -1 -1 -1 -1 -2 -1 0 0 0 -1 0 0 -1 -1 -2 -1 -2 -2 -1 0 0 0 -1 -1 0 0 -1 -2 -1 -2 -1 -1 0 0 0 0 0 0 -2 -2 -2 0 -2 -2 -2 -2 -2 -2 -2
-0.78403758038041 -0.377481468047949 1.37826861293655 0.284350952911542 1.93697923316469 -1 0 1 2 2 2 0 0 2 2 1 2 2 2 1 2 2 1 2 2 1 1 0 0 0 0 1 2 2 2 2 2 0 2 1 1 2 2 0 2 2 1 1 0 0 0 0 1 0 1 1 0 0 0 0 1 2 2 0 0 0 2 1 2 2 1 2 1 2 1 1 2 1 2 2 2 0 0 2 2 2 2 1 0 0 0 0 0 0 0 1 1 1 0 2 2 1 1 2 2 1 0 -1 -2 -2 -2 0 0 -2 -2 -1 -2 -2 -2 -1 -2 -2 -1 -2 -2 -1 -1 0 0 0 0 -1 -2 -2 -2 -2 -2 0 -2 -1 -1 -2 -2 0 -2 -2 -1 -1 0 0 0 0 -1 0 -1 -1 0 0 0 0 -1 -2 -2 0 0 0 -2 -1 -2 -2 -1 -2 -1 -2 -1 -1 -2 -1 -2 -2 -2 0 0 -2 -2 -2 -2 -1 0 0 0 0 0 0 0 -1 -1 -1 0 -2 -2 -1 -1 -2 -2 -1
0.976055255243897 -0.14086988257301 -0.11041647017612 0.988577637165889 1.13126381974727 -1 0 0 1 2 2 1 0 0 0 1 2 2 2 0 2 2 1 2 0 0 1 0 1 0 0 1 1 2 2 2 2 0 1 1 0 0 2 0 0 0 1 1 0 1 1 0 0 0 1 1 1 0 1 0 2 2 2 0 1 1 2 2 0 1 1 2 1 2 1 0 2 0 1 1 2 0 0 2 2 1 2 1 1 0 2 2 0 1 1 1 1 1 0 2 2 1 2 2 2 2 0 0 -1 -2 -2 -1 0 0 0 -1 -2 -2 -2 0 -2 -2 -1 -2 0 0 -1 0 -1 0 0 -1 -1 -2 -2 -2 -2 0 -1 -1 0 0 -2 0 0 0 -1 -1 0 -1 -1 0 0 0 -1 -1 -1 0 -1 0 -2 -2 -2 0 -1 -1 -2 -2 0 -1 -1 -2 -1 -2 -1 0 -2 0 -1 -1 -2 0 0 -2 -2 -1 -2 -1 -1 0 -2 -2 0 -1 -1 -1 -1 -1 0 -2 -2 -1 -2 -2 -2 -2
-0.582841540166008 -0.882737362081094 -0.656869698252015 0.290489876626171 0.283388459676093 1 0 0 1 2 1 1 1 1 1 2 2 2 2 1 1 2 2 2 2 1 2 1 2 0 1 0 2 2 1 2 2 1 1 2 1 2 2 1 0 1 1 1 1 0 2 2 1 1 0 1 0 1 1 0 1 1 2 0 1 0 1 2 1 0 2 2 1 2 1 1 1 0 2 2 2 1 0 2 2 1 2 2 2 0 1 1 0 0 0 1 0 1 0 2 1 0 2 2 2 2 0 0 1 2 1 1 1 1 1 2 2 2 2 1 1 2 2 2 2 1 2 1 2 0 1 0 2 2 1 2 2 1 1 2 1 2 2 1 0 1 1 1 1 0 2 2 1 1 0 1 0 1 1 0 1 1 2 0 1 0 1 2 1 0 2 2 1 2 1 1 1 0 2 2 2 1 0 2 2 1 2 2 2 0 1 1 0 0 0 1 0 1 0 2 1 0 2 2 2 2
-0.792285919396263 -0.545942246678833 -0.380682630091266 -1.1153583472171 -0.94546897667489 -1 0 0 2 2 1 0 0 0 1 0 2 2 2 1 0 1 1 2 1 0 0 1 0 0 0 1 1 1 1 2 2 0 1 1 2 2 2 0 1 1 2 0 0 0 0 0 0 1 1 2 2 0 0 0 0 0 2 0 2 0 2 2 0 0 1 2 0 1 0 0 1 0 1 2 2 0 0 1 2 1 2 1 0 0 1 0 0 0 0 2 1 0 0 2 1 0 1 0 1 2 0 0 -2 -2 -1 0 0 0 -1 0 -2 -2 -2 -1 0 -1 -1 -2 -1 0 0 -1 0 0 0 -1 -1 -1 -1 -2 -2 0 -1 -1 -2 -2 -2 0 -1 -1 -2 0 0 0 0 0 0 -1 -1 -2 -2 0 0 0 0 0 -2 0 -2 0 -2 -2 0 0 -1 -2 0 -1 0 0 -1 0 -1 -2 -2 0 0 -1 -2 -1 -2 -1 0 0 -1 0 0 0 0 -2 -1 0 0 -2 -1 0 -1 0 -1 -2
-0.533241263932955 -0.160118944424103 -0.718453200954539 -2.07338660377569 -0.656340037717865 1 0 1 1 2 2 1 0 0 1 1 2 2 2 1 1 1 0 2 1 1 2 1 0 0 0 0 1 2 1 2 2 1 2 1 1 2 2 0 0 0 2 0 0 0 2 0 0 0 0 1 1 1 1 1 2 2 2 0 1 1 2 2 2 2 2 2 1 2 2 2 2 1 2 2 2 1 0 2 2 2 2 1 0 1 1 0 0 0 0 2 1 0 0 1 1 1 1 1 2 1 0 1 1 2 2 1 0 0 1 1 2 2 2 1 1 1 0 2 1 1 2 1 0 0 0 0 1 2 1 2 2 1 2 1 1 2 2 0 0 0 2 0 0 0 2 0 0 0 0 1 1 1 1 1 2 2 2 0 1 1 2 2 2 2 2 2 1 2 2 2 2 1 2 2 2 1 0 2 2 2 2 1 0 1 1 0 0 0 0 2 1 0 0 1 1 1 1 1 2 1
-0.0400588941166351 1.59290309624768 0.32681072800373 0.704446346796906 -0.419299909704397 -1 0 0 1 2 1 0 0 0 1 0 2 1 1 0 2 2 0 2 1 1 2 2 2 0 0 0 1 1 0 2 2 1 2 2 1 2 2 0 0 2 2 0 0 1 1 0 0 1 1 2 1 1 2 1 1 2 2 1 2 1 2 2 2 0 1 2 1 2 0 0 1 0 0 2 1 1 0 2 2 2 2 1 0 0 1 1 0 0 0 1 1 1 0 2 2 2 1 1 1 1 0 0 -1 -2 -1 0 0 0 -1 0 -2 -1 -1 0 -2 -2 0 -2 -1 -1 -2 -2 -2 0 0 0 -1 -1 0 -2 -2 -1 -2 -2 -1 -2 -2 0 0 -2 -2 0 0 -1 -1 0 0 -1 -1 -2 -1 -1 -2 -1 -1 -2 -2 -1 -2 -1 -2 -2 -2 0 -1 -2 -1 -2 0 0 -1 0 0 -2 -1 -1 0 -2 -2 -2 -2 -1 0 0 -1 -1 0 0 0 -1 -1 -1 0 -2 -2 -2 -1 -1 -1 -1
-0.257336031515012 0.474397719927256 -1.57155324676638 -0.569732222575431 0.452232852015759 1 0 0 0 1 1 0 0 0 1 0 2 2 1 0 1 1 0 2 1 0 2 0 1 0 1 0 0 0 0 2 2 1 2 1 0 1 2 1 0 1 2 0 0 0 1 0 0 1 1 1 1 0 0 0 1 2 2 0 1 0 2 2 1 1 1 2 2 2 2 1 2 1 1 1 2 1 0 2 2 2 2 1 0 0 0 1 0 0 0 1 1 1 0 2 2 0 1 1 2 2 0 0 0 1 1 0 0 0 1 0 2 2 1 0 1 1 0 2 1 0 2 0 1 0 1 0 0 0 0 2 2 1 2 1 0 1 2 1 0 1 2 0 0 0 1 0 0 1 1 1 1 0 0 0 1 2 2 0 1 0 2 2 1 1 1 2 2 2 2 1 2 1 1 1 2 1 0 2 2 2 2 1 0 0 0 1 0 0 0 1 1 1 0 2 2 0 1 1 2 2
0.0317292850642873 0.603829227006127 -1.13856463223323 0.357141371595366 -0.0490035622096685 1 1 0 1 2 1 0 1 1 1 1 2 1 2 0 1 1 0 2 0 0 0 2 1 0 0 0 0 1 1 2 2 0 1 1 1 2 2 0 0 1 1 0 0 0 1 0 0 0 1 1 0 0 1 0 0 2 1 0 1 0 2 2 1 0 1 2 2 2 2 1 2 1 1 1 2 0 0 2 2 2 2 2 2 0 0 0 0 0 0 1 0 0 0 2 2 2 2 2 2 1 1 0 1 2 1 0 1 1 1 1 2 1 2 0 1 1 0 2 0 0 0 2 1 0 0 0 0 1 1 2 2 0 1 1 1 2 2 0 0 1 1 0 0 0 1 0 0 0 1 1 0 0 1 0 0 2 1 0 1 0 2 2 1 0 1 2 2 2 2 1 2 1 1 1 2 0 0 2 2 2 2 2 2 0 0 0 0 0 0 1 0 0 0 2 2 2 2 2 2 1
1.32744528362767 -0.0211926730174261 -0.407818426708456 -0.123056426049703 -0.312329832189865 -1 0 0 2 2 2 1 1 1 2 2 2 2 1 0 1 1 0 2 0 0 1 1 0 0 0 0 0 2 1 2 1 1 2 2 0 2 2 0 1 2 1 0 0 0 1 0 0 1 2 1 1 1 1 1 0 1 1 1 1 0 2 2 2 0 0 2 0 1 1 0 2 0 1 2 2 1 0 2 2 0 1 1 0 0 0 1 1 1 0 2 2 2 1 2 2 0 1 1 2 2 0 0 -2 -2 -2 -1 -1 -1 -2 -2 -2 -2 -1 0 -1 -1 0 -2 0 0 -1 -1 0 0 0 0 0 -2 -1 -2 -1 -1 -2 -2 0 -2 -2 0 -1 -2 -1 0 0 0 -1 0 0 -1 -2 -1 -1 -1 -1 -1 0 -1 -1 -1 -1 0 -2 -2 -2 0 0 -2 0 -1 -1 0 -2 0 -1 -2 -2 -1 0 -2 -2 0 -1 -1 0 0 0 -1 -1 -1 0 -2 -2 -2 -1 -2 -2 0 -1 -1 -2 -2
-0.320210241589923 -1.05926675180549 -0.67878244665394 -0.209085992982529 0.116991391934966 -1 0 0 2 2 1 0 1 1 1 0 1 1 2 1 1 2 0 2 1 0 0 0 1 0 1 0 2 2 2 2 1 0 1 1 0 2 2 1 0 1 2 0 0 0 1 0 0 0 0 1 1 1 0 0 2 1 1 0 2 0 1 2 0 0 1 1 1 2 1 1 2 1 0 1 2 0 0 1 1 1 2 2 1 0 0 0 0 0 0 0 0 2 0 1 2 1 1 2 2 1 0 0 -2 -2 -1 0 -1 -1 -1 0 -1 -1 -2 -1 -1 -2 0 -2 -1 0 0 0 -1 0 -1 0 -2 -2 -2 -2 -1 0 -1 -1 0 -2 -2 -1 0 -1 -2 0 0 0 -1 0 0 0 0 -1 -1 -1 0 0 -2 -1 -1 0 -2 0 -1 -2 0 0 -1 -1 -1 -2 -1 -1 -2 -1 0 -1 -2 0 0 -1 -1 -1 -2 -2 -1 0 0 0 0 0 0 0 0 -2 0 -1 -2 -1 -1 -2 -2 -1
0.209146470368758 0.975871872666862 0.683678419371298 -1.64370186769035 0.671141163217534 -1 0 0 2 2 2 0 0 0 0 0 2 1 1 0 1 2 0 2 1 0 1 1 0 0 1 2 2 2 2 2 2 1 1 2 2 2 2 0 0 0 2 1 0 1 2 0 0 0 2 2 1 0 1 1 2 2 1 0 1 0 1 1 1 0 0 1 0 2 1 0 2 0 1 1 2 1 0 2 2 2 2 1 1 0 0 0 0 0 0 1 1 0 0 2 1 0 1 1 1 2 0 0 -2 -2 -2 0 0 0 0 0 -2 -1 -1 0 -1 -2 0 -2 -1 0 -1 -1 0 0 -1 -2 -2 -2 -2 -2 -2 -1 -1 -2 -2 -2 -2 0 0 0 -2 -1 0 -1 -2 0 0 0 -2 -2 -1 0 -1 -1 -2 -2 -1 0 -1 0 -1 -1 -1 0 0 -1 0 -2 -1 0 -2 0 -1 -1 -2 -1 0 -2 -2 -2 -2 -1 -1 0 0 0 0 0 0 -1 -1 0 0 -2 -1 0 -1 -1 -1 -2
0.53586784767176 -0.951728626866853 -0.864690565303374 -2.08408076436041 -0.346700824868948 -1 0 1 2 2 1 0 0 0 1 2 2 2 2 1 1 2 1 2 2 1 2 1 2 0 0 1 1 2 0 2 1 1 2 1 1 2 2 0 0 1 1 0 0 1 0 0 1 1 1 2 1 0 0 0 1 1 1 0 1 0 1 2 1 1 1 2 0 2 2 1 2 1 1 2 2 1 0 2 2 2 2 2 2 0 1 1 0 0 1 2 0 1 0 2 2 2 1 2 2 2 0 -1 -2 -2 -1 0 0 0 -1 -2 -2 -2 -2 -1 -1 -2 -1 -2 -2 -1 -2 -1 -2 0 0 -1 -1 -2 0 -2 -1 -1 -2 -1 -1 -2 -2 0 0 -1 -1 0 0 -1 0 0 -1 -1 -1 -2 -1 0 0 0 -1 -1 -1 0 -1 0 -1 -2 -1 -1 -1 -2 0 -2 -2 -1 -2 -1 -1 -2 -2 -1 0 -2 -2 -2 -2 -2 -2 0 -1 -1 0 0 -1 -2 0 -1 0 -2 -2 -2 -1 -2 -2 -2
2.06573537723249 -1.21553585377861 1.27221868551341 -1.25050237862025 0.882601647796611 1 1 0 2 2 1 0 2 1 2 2 2 2 1 1 1 1 1 1 0 0 1 0 0 0 0 0 0 1 2 2 1 0 1 1 0 2 2 0 1 2 2 0 0 0 1 1 0 0 1 1 1 0 1 1 2 2 1 0 2 1 2 2 0 0 0 2 0 1 2 1 1 2 2 2 2 0 0 1 2 2 2 1 0 1 0 0 0 0 0 2 0 0 0 2 2 0 2 2 2 2 1 0 2 2 1 0 2 1 2 2 2 2 1 1 1 1 1 1 0 0 1 0 0 0 0 0 0 1 2 2 1 0 1 1 0 2 2 0 1 2 2 0 0 0 1 1 0 0 1 1 1 0 1 1 2 2 1 0 2 1 2 2 0 0 0 2 0 1 2 1 1 2 2 2 2 0 0 1 2 2 2 1 0 1 0 0 0 0 0 2 0 0 0 2 2 0 2 2 2 2
