-1.44290274354597 -0.253502317706067 0.477968517826883 0.532653673793703 0.441250110874439 1 1 1 0 1 2 2 2 2 0 0 0 0 2 0 0 2 2 2 1 2 0 1 2 1 2 2 2 1 1 2 2 2 1 0 1 0 1 1 0 1 0 2 0 1 0 0 1 1 0 0 0 1 2 2 1 0 2 1 0 1 0 0 1 2 0 2 1 2 2 0 0 0 1 2 2 2 0 0 2 1 1 0 2 2 2 1 0 1 2 0 2 1 1 1 2 0 0 2 1 0 1 1 0 1 2 2 2 2 0 0 0 0 2 0 0 2 2 2 1 2 0 1 2 1 2 2 2 1 1 2 2 2 1 0 1 0 1 1 0 1 0 2 0 1 0 0 1 1 0 0 0 1 2 2 1 0 2 1 0 1 0 0 1 2 0 2 1 2 2 0 0 0 1 2 2 2 0 0 2 1 1 0 2 2 2 1 0 1 2 0 2 1 1 1 2 0 0 2 1 0
0.922128765926265 -0.107340655380067 2.25916101097552 1.66309277583078 0.941076689558025 1 2 2 2 0 0 2 0 2 0 0 0 0 1 0 0 2 2 2 1 2 1 1 2 2 2 2 1 1 0 1 1 1 1 1 0 0 2 1 1 1 2 2 0 0 0 0 1 1 0 0 0 2 2 1 0 1 2 1 2 2 0 1 2 2 0 2 2 2 2 0 0 0 1 1 2 1 0 0 1 1 2 2 2 2 1 1 1 0 1 0 2 1 2 1 2 1 1 2 1 1 2 2 2 0 0 2 0 2 0 0 0 0 1 0 0 2 2 2 1 2 1 1 2 2 2 2 1 1 0 1 1 1 1 1 0 0 2 1 1 1 2 2 0 0 0 0 1 1 0 0 0 2 2 1 0 1 2 1 2 2 0 1 2 2 0 2 2 2 2 0 0 0 1 1 2 1 0 0 1 1 2 2 2 2 1 1 1 0 1 0 2 1 2 1 2 1 1 2 1 1
1.52000041781584 -0.918310494055836 -0.791149758379762 -0.10765722477417 1.30612606302007 -1 2 2 2 1 2 2 1 2 0 0 0 1 2 0 0 2 2 1 2 2 0 0 2 0 2 1 2 0 2 2 1 1 0 0 1 0 1 0 0 1 0 2 0 0 0 0 1 2 1 0 0 2 2 2 2 2 2 2 2 2 0 1 2 2 0 2 2 2 2 0 0 0 1 2 1 2 1 0 2 1 0 2 2 2 1 1 1 2 1 0 2 1 2 0 1 0 0 2 1 1 -2 -2 -2 -1 -2 -2 -1 -2 0 0 0 -1 -2 0 0 -2 -2 -1 -2 -2 0 0 -2 0 -2 -1 -2 0 -2 -2 -1 -1 0 0 -1 0 -1 0 0 -1 0 -2 0 0 0 0 -1 -2 -1 0 0 -2 -2 -2 -2 -2 -2 -2 -2 -2 0 -1 -2 -2 0 -2 -2 -2 -2 0 0 0 -1 -2 -1 -2 -1 0 -2 -1 0 -2 -2 -2 -1 -1 -1 -2 -1 0 -2 -1 -2 0 -1 0 0 -2 -1 -1
1.89593876656954 -0.905207595025402 1.38777297367823 1.46817519565326 -0.183211667159699 -1 2 2 1 0 2 2 2 2 0 1 0 0 2 0 0 2 2 1 1 2 0 1 1 2 2 2 2 2 2 2 2 2 1 0 1 0 2 1 1 1 1 2 0 1 0 0 1 1 0 0 0 1 2 2 1 2 2 2 1 2 0 0 0 0 0 2 0 0 2 0 0 0 2 2 2 2 1 0 2 2 1 2 2 2 2 1 0 0 1 0 1 2 2 1 2 1 1 2 1 1 -2 -2 -1 0 -2 -2 -2 -2 0 -1 0 0 -2 0 0 -2 -2 -1 -1 -2 0 -1 -1 -2 -2 -2 -2 -2 -2 -2 -2 -2 -1 0 -1 0 -2 -1 -1 -1 -1 -2 0 -1 0 0 -1 -1 0 0 0 -1 -2 -2 -1 -2 -2 -2 -1 -2 0 0 0 0 0 -2 0 0 -2 0 0 0 -2 -2 -2 -2 -1 0 -2 -2 -1 -2 -2 -2 -2 -1 0 0 -1 0 -1 -2 -2 -1 -2 -1 -1 -2 -1 -1
-0.797814551968865 -0.936082066536452 0.808819149658285 1.66337011483153 -0.584189052503918 1 1 2 2 0 2 2 2 2 0 0 0 0 2 0 0 2 2 2 2 2 1 1 2 1 2 2 2 0 0 0 0 1 1 1 1 0 2 2 0 1 0 2 0 1 1 1 2 2 0 0 0 1 1 1 1 2 2 0 1 1 1 2 2 2 0 2 2 2 2 0 0 1 1 2 2 2 0 0 2 0 1 1 2 2 1 0 1 2 1 0 2 0 1 1 1 0 1 0 1 0 1 2 2 0 2 2 2 2 0 0 0 0 2 0 0 2 2 2 2 2 1 1 2 1 2 2 2 0 0 0 0 1 1 1 1 0 2 2 0 1 0 2 0 1 1 1 2 2 0 0 0 1 1 1 1 2 2 0 1 1 1 2 2 2 0 2 2 2 2 0 0 1 1 2 2 2 0 0 2 0 1 1 2 2 1 0 1 2 1 0 2 0 1 1 1 0 1 0 1 0
0.109113821336043 -0.36422092291096 -1.53421927175712 1.85014449023678 -0.497878193411165 -1 2 2 0 0 2 2 2 1 0 0 0 0 2 0 1 2 2 2 2 2 0 2 2 1 1 1 2 0 0 1 2 2 0 0 1 0 2 2 1 1 0 2 1 0 0 0 1 1 2 0 0 1 2 1 1 1 1 1 2 2 1 2 2 2 0 2 2 2 2 0 0 0 1 1 2 2 1 0 2 2 2 2 2 2 2 1 0 0 1 0 1 0 0 2 2 1 1 2 2 2 -2 -2 0 0 -2 -2 -2 -1 0 0 0 0 -2 0 -1 -2 -2 -2 -2 -2 0 -2 -2 -1 -1 -1 -2 0 0 -1 -2 -2 0 0 -1 0 -2 -2 -1 -1 0 -2 -1 0 0 0 -1 -1 -2 0 0 -1 -2 -1 -1 -1 -1 -1 -2 -2 -1 -2 -2 -2 0 -2 -2 -2 -2 0 0 0 -1 -1 -2 -2 -1 0 -2 -2 -2 -2 -2 -2 -2 -1 0 0 -1 0 -1 0 0 -2 -2 -1 -1 -2 -2 -2
-0.660924375498197 -0.781949161669345 1.00039883951813 0.104443635432901 -0.465185999963704 1 1 1 1 1 2 2 0 1 0 0 0 1 2 0 1 1 2 0 0 2 0 0 2 2 2 2 2 1 1 1 1 1 0 0 0 0 1 0 0 0 0 2 0 1 1 0 1 0 0 0 0 2 2 1 0 1 2 0 0 1 1 1 2 2 0 2 1 2 2 0 0 0 1 2 2 2 1 0 1 0 1 2 2 1 2 0 0 1 1 0 2 2 1 1 1 0 0 1 2 1 1 1 1 1 2 2 0 1 0 0 0 1 2 0 1 1 2 0 0 2 0 0 2 2 2 2 2 1 1 1 1 1 0 0 0 0 1 0 0 0 0 2 0 1 1 0 1 0 0 0 0 2 2 1 0 1 2 0 0 1 1 1 2 2 0 2 1 2 2 0 0 0 1 2 2 2 1 0 1 0 1 2 2 1 2 0 0 1 1 0 2 2 1 1 1 0 0 1 2 1
1.05663351294671 0.210959818189215 1.18985142614615 1.05749787524961 -0.362007713997336 -1 1 2 2 0 1 2 0 0 0 1 0 0 2 0 0 2 1 0 0 2 1 1 2 0 2 2 2 0 0 1 1 2 2 1 2 0 1 0 0 0 1 2 0 0 0 0 2 2 1 0 0 2 2 2 2 2 2 0 0 2 0 0 1 2 0 2 1 2 2 0 0 0 2 2 2 1 0 0 2 0 1 1 2 2 2 0 1 2 1 0 2 0 2 2 2 1 0 2 2 2 -1 -2 -2 0 -1 -2 0 0 0 -1 0 0 -2 0 0 -2 -1 0 0 -2 -1 -1 -2 0 -2 -2 -2 0 0 -1 -1 -2 -2 -1 -2 0 -1 0 0 0 -1 -2 0 0 0 0 -2 -2 -1 0 0 -2 -2 -2 -2 -2 -2 0 0 -2 0 0 -1 -2 0 -2 -1 -2 -2 0 0 0 -2 -2 -2 -1 0 0 -2 0 -1 -1 -2 -2 -2 0 -1 -2 -1 0 -2 0 -2 -2 -2 -1 0 -2 -2 -2
0.888220661075176 0.558057108311341 0.613310955052047 1.52100280617053 -0.440262634868587 -1 1 2 1 1 2 2 2 2 1 1 0 1 2 1 1 1 1 0 0 2 1 2 2 1 2 2 2 0 1 2 2 2 2 0 0 0 1 0 0 1 0 2 0 1 1 0 0 2 1 0 0 2 2 2 1 1 1 0 0 2 0 1 1 2 1 2 2 2 2 0 0 1 2 2 2 2 1 0 2 2 0 1 2 2 2 0 0 1 0 0 2 0 1 1 2 1 0 1 2 2 -1 -2 -1 -1 -2 -2 -2 -2 -1 -1 0 -1 -2 -1 -1 -1 -1 0 0 -2 -1 -2 -2 -1 -2 -2 -2 0 -1 -2 -2 -2 -2 0 0 0 -1 0 0 -1 0 -2 0 -1 -1 0 0 -2 -1 0 0 -2 -2 -2 -1 -1 -1 0 0 -2 0 -1 -1 -2 -1 -2 -2 -2 -2 0 0 -1 -2 -2 -2 -2 -1 0 -2 -2 0 -1 -2 -2 -2 0 0 -1 0 0 -2 0 -1 -1 -2 -1 0 -1 -2 -2
-0.28503214976068 -0.775597891782952 -1.74745886737458 0.297192737514319 0.60941371761001 1 2 2 2 1 2 2 2 2 0 1 1 2 2 0 0 2 2 1 1 2 0 0 2 1 2 2 1 1 0 1 2 2 2 1 1 0 1 1 0 2 0 2 1 1 1 0 2 2 2 0 0 1 2 2 1 1 2 0 0 2 0 0 1 2 1 2 2 2 2 0 0 1 1 2 2 2 1 0 2 2 1 1 2 2 0 1 0 2 2 1 2 1 1 1 1 0 0 2 2 2 2 2 2 1 2 2 2 2 0 1 1 2 2 0 0 2 2 1 1 2 0 0 2 1 2 2 1 1 0 1 2 2 2 1 1 0 1 1 0 2 0 2 1 1 1 0 2 2 2 0 0 1 2 2 1 1 2 0 0 2 0 0 1 2 1 2 2 2 2 0 0 1 1 2 2 2 1 0 2 2 1 1 2 2 0 1 0 2 2 1 2 1 1 1 1 0 0 2 2 2
0.247420891189539 1.2640240251451 -0.63267996271394 0.0156587688593222 0.150505921240698 1 2 2 0 0 1 2 2 2 0 1 0 1 2 1 0 2 2 1 0 1 0 1 2 2 2 2 2 1 0 0 1 1 1 0 1 0 2 0 0 0 0 2 0 1 1 0 0 1 0 0 0 0 2 2 1 2 2 1 1 2 0 1 2 2 0 2 2 2 2 0 0 1 1 2 2 2 1 2 2 1 1 1 1 2 1 0 1 2 2 1 2 0 1 1 1 0 1 2 2 2 2 2 0 0 1 2 2 2 0 1 0 1 2 1 0 2 2 1 0 1 0 1 2 2 2 2 2 1 0 0 1 1 1 0 1 0 2 0 0 0 0 2 0 1 1 0 0 1 0 0 0 0 2 2 1 2 2 1 1 2 0 1 2 2 0 2 2 2 2 0 0 1 1 2 2 2 1 2 2 1 1 1 1 2 1 0 1 2 2 1 2 0 1 1 1 0 1 2 2 2
-1.59847631771643 -0.349678708887396 0.677808287759236 -0.651943022028542 -0.379160593075349 -1 2 2 2 1 2 2 2 1 0 0 0 0 2 0 0 2 2 2 1 2 1 2 1 0 1 1 1 0 1 2 2 2 2 2 2 0 2 1 0 1 0 2 0 1 1 0 1 2 1 1 0 2 2 1 0 0 0 1 1 2 0 0 2 2 0 1 1 2 2 0 1 0 1 1 1 2 0 0 2 2 1 2 1 2 2 2 2 2 1 1 2 1 2 2 2 1 1 2 2 2 -2 -2 -2 -1 -2 -2 -2 -1 0 0 0 0 -2 0 0 -2 -2 -2 -1 -2 -1 -2 -1 0 -1 -1 -1 0 -1 -2 -2 -2 -2 -2 -2 0 -2 -1 0 -1 0 -2 0 -1 -1 0 -1 -2 -1 -1 0 -2 -2 -1 0 0 0 -1 -1 -2 0 0 -2 -2 0 -1 -1 -2 -2 0 -1 0 -1 -1 -1 -2 0 0 -2 -2 -1 -2 -1 -2 -2 -2 -2 -2 -1 -1 -2 -1 -2 -2 -2 -1 -1 -2 -2 -2
-1.84989576514376 0.435014064207102 -2.11439506355572 -0.595202284876711 1.23367420015293 1 1 2 1 0 1 2 2 2 0 0 0 0 2 1 1 2 2 1 2 2 2 2 2 0 1 0 2 0 1 0 2 2 1 0 0 0 2 2 0 2 2 2 0 1 0 0 2 2 2 0 1 2 2 2 1 1 1 0 0 2 0 1 1 1 0 2 1 1 2 0 1 1 2 2 2 2 1 1 2 2 2 2 2 1 2 1 0 0 2 1 2 1 1 1 1 1 1 2 2 0 1 2 1 0 1 2 2 2 0 0 0 0 2 1 1 2 2 1 2 2 2 2 2 0 1 0 2 0 1 0 2 2 1 0 0 0 2 2 0 2 2 2 0 1 0 0 2 2 2 0 1 2 2 2 1 1 1 0 0 2 0 1 1 1 0 2 1 1 2 0 1 1 2 2 2 2 1 1 2 2 2 2 2 1 2 1 0 0 2 1 2 1 1 1 1 1 1 2 2 0
-0.0804505478696966 -1.21616863005757 -0.238341781539677 -0.555265718347669 0.901514040759064 1 2 2 2 1 2 2 1 2 0 1 1 1 2 1 1 2 2 0 1 2 1 0 1 1 1 1 2 1 1 2 2 2 2 1 1 0 2 0 0 1 1 2 0 1 0 0 2 1 0 0 0 1 1 2 0 1 2 0 1 1 0 1 2 2 0 2 2 2 2 0 0 0 2 2 2 2 1 0 1 1 1 2 2 2 2 0 1 2 2 0 2 1 0 0 0 0 0 2 1 0 2 2 2 1 2 2 1 2 0 1 1 1 2 1 1 2 2 0 1 2 1 0 1 1 1 1 2 1 1 2 2 2 2 1 1 0 2 0 0 1 1 2 0 1 0 0 2 1 0 0 0 1 1 2 0 1 2 0 1 1 0 1 2 2 0 2 2 2 2 0 0 0 2 2 2 2 1 0 1 1 1 2 2 2 2 0 1 2 2 0 2 1 0 0 0 0 0 2 1 0
-1.47372786242561 -0.220220519727258 1.43259249298919 0.94720758637824 1.14426000189558 1 2 2 2 2 2 2 2 1 0 1 1 1 2 0 0 2 1 1 2 2 1 0 1 1 0 1 2 0 1 2 2 2 1 0 0 0 2 1 0 0 1 2 0 1 0 1 0 1 1 0 0 2 1 1 0 1 1 2 1 2 0 1 2 2 0 2 2 1 1 0 0 1 2 2 2 2 1 0 2 1 0 1 1 1 2 2 2 2 2 0 2 2 2 1 2 1 1 2 2 2 2 2 2 2 2 2 2 1 0 1 1 1 2 0 0 2 1 1 2 2 1 0 1 1 0 1 2 0 1 2 2 2 1 0 0 0 2 1 0 0 1 2 0 1 0 1 0 1 1 0 0 2 1 1 0 1 1 2 1 2 0 1 2 2 0 2 2 1 1 0 0 1 2 2 2 2 1 0 2 1 0 1 1 1 2 2 2 2 2 0 2 2 2 1 2 1 1 2 2 2
-0.679196764966503 -0.249389860887624 0.552649300121266 1.29197775637079 -0.648652870537988 1 1 1 1 0 2 2 1 1 0 0 0 0 2 0 0 1 1 0 0 1 1 1 1 0 2 1 0 0 0 1 1 1 0 0 2 0 2 1 0 0 0 2 0 1 1 0 1 1 2 0 0 0 1 2 2 2 2 1 2 2 0 2 1 2 0 2 2 2 2 0 0 1 0 1 2 1 0 0 1 1 0 0 0 1 1 1 2 2 2 1 2 2 2 2 2 1 0 1 0 1 1 1 1 0 2 2 1 1 0 0 0 0 2 0 0 1 1 0 0 1 1 1 1 0 2 1 0 0 0 1 1 1 0 0 2 0 2 1 0 0 0 2 0 1 1 0 1 1 2 0 0 0 1 2 2 2 2 1 2 2 0 2 1 2 0 2 2 2 2 0 0 1 0 1 2 1 0 0 1 1 0 0 0 1 1 1 2 2 2 1 2 2 2 2 2 1 0 1 0 1
0.373234804192014 0.962476321315478 -0.0578179783651779 1.61247601726973 -0.30426096549615 -1 1 2 1 1 2 2 1 1 0 0 0 0 2 0 0 2 1 1 1 1 0 1 2 1 1 2 2 0 1 1 2 1 0 0 1 0 2 1 0 1 1 2 0 1 0 0 2 2 1 0 0 0 1 2 1 2 2 1 1 2 0 1 2 2 0 2 2 2 2 0 0 0 1 1 1 1 0 0 2 0 1 1 1 2 2 2 2 2 1 1 2 1 2 1 2 1 1 1 2 1 -1 -2 -1 -1 -2 -2 -1 -1 0 0 0 0 -2 0 0 -2 -1 -1 -1 -1 0 -1 -2 -1 -1 -2 -2 0 -1 -1 -2 -1 0 0 -1 0 -2 -1 0 -1 -1 -2 0 -1 0 0 -2 -2 -1 0 0 0 -1 -2 -1 -2 -2 -1 -1 -2 0 -1 -2 -2 0 -2 -2 -2 -2 0 0 0 -1 -1 -1 -1 0 0 -2 0 -1 -1 -1 -2 -2 -2 -2 -2 -1 -1 -2 -1 -2 -1 -2 -1 -1 -1 -2 -1
-1.37175628924619 -0.45070832285979 -1.73190780784722 -0.716804411082643 0.911167985243212 1 0 0 0 0 2 2 0 1 0 0 1 1 2 0 1 2 2 2 1 2 1 2 2 0 1 1 2 0 0 2 2 2 1 0 2 0 2 1 0 0 0 2 0 1 1 0 1 1 1 0 0 2 2 1 1 1 1 1 2 2 0 2 2 2 0 2 2 2 2 0 0 0 1 1 2 2 1 0 2 1 1 1 2 2 1 0 0 1 1 0 2 1 0 2 2 0 2 2 2 1 0 0 0 0 2 2 0 1 0 0 1 1 2 0 1 2 2 2 1 2 1 2 2 0 1 1 2 0 0 2 2 2 1 0 2 0 2 1 0 0 0 2 0 1 1 0 1 1 1 0 0 2 2 1 1 1 1 1 2 2 0 2 2 2 0 2 2 2 2 0 0 0 1 1 2 2 1 0 2 1 1 1 2 2 1 0 0 1 1 0 2 1 0 2 2 0 2 2 2 1
1.3479609903219 0.126217249153992 0.419497402387179 1.16113680442982 -0.096422449987538 1 2 2 2 0 2 2 1 1 0 0 0 0 2 0 0 1 2 2 2 1 0 0 1 0 1 2 2 1 2 2 2 2 1 0 1 0 1 0 0 0 0 2 0 0 0 0 2 2 2 0 0 0 2 1 1 1 1 1 0 2 0 1 1 2 0 2 2 2 2 0 0 0 2 2 2 2 0 0 2 1 1 1 2 2 1 0 0 1 1 1 2 1 1 2 2 0 1 2 2 1 2 2 2 0 2 2 1 1 0 0 0 0 2 0 0 1 2 2 2 1 0 0 1 0 1 2 2 1 2 2 2 2 1 0 1 0 1 0 0 0 0 2 0 0 0 0 2 2 2 0 0 0 2 1 1 1 1 1 0 2 0 1 1 2 0 2 2 2 2 0 0 0 2 2 2 2 0 0 2 1 1 1 2 2 1 0 0 1 1 1 2 1 1 2 2 0 1 2 2 1
-0.615655042301411 0.0583744506022499 0.945228792057233 1.93106038011137 -0.65819135288813 -1 2 2 2 1 2 2 1 1 0 0 0 0 1 0 0 0 1 1 0 2 1 2 2 2 2 1 0 0 0 2 1 2 2 1 1 0 1 0 0 0 0 2 0 1 2 0 0 1 0 0 0 1 2 1 1 1 2 2 2 2 1 1 1 2 0 2 0 2 2 0 0 0 2 2 2 2 0 1 2 1 0 1 1 1 2 0 0 0 1 0 2 1 1 0 2 0 0 2 2 2 -2 -2 -2 -1 -2 -2 -1 -1 0 0 0 0 -1 0 0 0 -1 -1 0 -2 -1 -2 -2 -2 -2 -1 0 0 0 -2 -1 -2 -2 -1 -1 0 -1 0 0 0 0 -2 0 -1 -2 0 0 -1 0 0 0 -1 -2 -1 -1 -1 -2 -2 -2 -2 -1 -1 -1 -2 0 -2 0 -2 -2 0 0 0 -2 -2 -2 -2 0 -1 -2 -1 0 -1 -1 -1 -2 0 0 0 -1 0 -2 -1 -1 0 -2 0 0 -2 -2 -2
0.500275404045183 -0.0934086649835028 -0.0850427414246105 1.15738167947207 -0.839700457679631 1 2 2 1 0 2 2 2 2 0 1 1 1 2 0 0 2 1 1 2 2 2 1 2 2 2 2 1 0 0 1 2 1 0 0 1 0 2 1 1 2 1 2 0 0 1 1 2 1 0 0 0 2 2 1 0 1 2 0 0 1 1 2 2 2 0 2 1 2 2 0 0 0 0 1 2 2 0 0 2 1 2 2 2 2 2 2 1 2 2 1 2 1 2 1 2 1 1 2 2 2 2 2 1 0 2 2 2 2 0 1 1 1 2 0 0 2 1 1 2 2 2 1 2 2 2 2 1 0 0 1 2 1 0 0 1 0 2 1 1 2 1 2 0 0 1 1 2 1 0 0 0 2 2 1 0 1 2 0 0 1 1 2 2 2 0 2 1 2 2 0 0 0 0 1 2 2 0 0 2 1 2 2 2 2 2 2 1 2 2 1 2 1 2 1 2 1 1 2 2 2
-0.811425208019778 0.223329686501519 -1.63716092182109 -0.765298120615915 0.700273811328261 -1 2 1 1 0 2 2 1 2 0 1 1 0 2 0 0 2 2 0 0 2 1 1 2 1 2 2 2 0 1 2 2 2 2 0 2 0 0 0 0 0 0 2 0 1 0 0 0 1 0 1 1 1 2 2 0 1 2 2 2 2 0 0 1 1 0 2 1 1 2 0 0 0 2 1 2 2 2 1 2 2 2 2 1 2 2 1 1 2 1 0 2 2 2 0 2 1 1 2 1 1 -2 -1 -1 0 -2 -2 -1 -2 0 -1 -1 0 -2 0 0 -2 -2 0 0 -2 -1 -1 -2 -1 -2 -2 -2 0 -1 -2 -2 -2 -2 0 -2 0 0 0 0 0 0 -2 0 -1 0 0 0 -1 0 -1 -1 -1 -2 -2 0 -1 -2 -2 -2 -2 0 0 -1 -1 0 -2 -1 -1 -2 0 0 0 -2 -1 -2 -2 -2 -1 -2 -2 -2 -2 -1 -2 -2 -1 -1 -2 -1 0 -2 -2 -2 0 -2 -1 -1 -2 -1 -1
1.18149431786068 -0.768581810083792 0.0227416472018826 1.79764102596789 1.14048743088571 1 2 2 1 1 2 2 1 2 0 0 0 0 2 0 0 2 2 2 1 2 2 1 2 2 2 2 2 0 0 2 2 2 1 0 0 0 2 1 0 0 0 2 0 1 1 0 2 2 0 0 0 1 1 1 0 0 2 0 1 1 1 1 1 2 0 2 2 2 2 0 0 0 1 1 2 2 0 0 2 1 1 2 1 2 1 0 2 2 1 1 2 2 2 1 1 1 2 2 1 0 2 2 1 1 2 2 1 2 0 0 0 0 2 0 0 2 2 2 1 2 2 1 2 2 2 2 2 0 0 2 2 2 1 0 0 0 2 1 0 0 0 2 0 1 1 0 2 2 0 0 0 1 1 1 0 0 2 0 1 1 1 1 1 2 0 2 2 2 2 0 0 0 1 1 2 2 0 0 2 1 1 2 1 2 1 0 2 2 1 1 2 2 2 1 1 1 2 2 1 0
1.29815496034341 -0.914154344697646 -0.207230418634083 1.34477995716222 -0.117525004858551 -1 2 2 1 0 2 1 1 2 0 1 1 0 2 0 0 2 2 1 1 2 0 1 2 1 1 2 2 0 1 2 1 1 1 0 1 0 2 1 0 0 0 2 0 0 1 0 2 2 2 0 0 2 2 2 1 0 1 1 1 2 0 1 1 2 0 2 1 1 2 0 0 0 1 1 2 1 0 0 2 2 1 1 2 2 2 0 1 2 1 0 2 2 2 1 2 1 0 2 2 1 -2 -2 -1 0 -2 -1 -1 -2 0 -1 -1 0 -2 0 0 -2 -2 -1 -1 -2 0 -1 -2 -1 -1 -2 -2 0 -1 -2 -1 -1 -1 0 -1 0 -2 -1 0 0 0 -2 0 0 -1 0 -2 -2 -2 0 0 -2 -2 -2 -1 0 -1 -1 -1 -2 0 -1 -1 -2 0 -2 -1 -1 -2 0 0 0 -1 -1 -2 -1 0 0 -2 -2 -1 -1 -2 -2 -2 0 -1 -2 -1 0 -2 -2 -2 -1 -2 -1 0 -2 -2 -1
1.635631975479 -1.53451236871973 -1.71370539951678 -1.05107290439379 0.249315931758872 1 2 2 1 1 2 2 1 1 0 0 1 1 2 0 0 2 2 2 2 2 1 0 1 1 1 0 1 0 1 2 1 2 1 0 0 0 2 0 0 1 0 2 0 0 0 0 2 2 1 0 0 1 2 2 1 1 1 0 1 2 1 2 2 2 0 2 2 1 2 0 0 1 2 2 2 2 2 0 2 2 2 2 2 2 1 0 0 1 1 0 2 1 1 0 1 0 1 2 2 2 2 2 1 1 2 2 1 1 0 0 1 1 2 0 0 2 2 2 2 2 1 0 1 1 1 0 1 0 1 2 1 2 1 0 0 0 2 0 0 1 0 2 0 0 0 0 2 2 1 0 0 1 2 2 1 1 1 0 1 2 1 2 2 2 0 2 2 1 2 0 0 1 2 2 2 2 2 0 2 2 2 2 2 2 1 0 0 1 1 0 2 1 1 0 1 0 1 2 2 2
-1.1768412274805 -0.0194915753667877 0.281893580457202 -1.79136086257125 0.678521240849223 1 2 2 1 1 2 2 1 1 0 0 1 1 2 0 1 1 2 2 2 1 0 0 2 2 2 2 1 1 1 2 1 2 2 1 0 0 1 0 0 0 0 1 0 0 0 0 2 2 1 1 1 2 2 2 2 2 2 1 2 2 0 1 1 2 0 2 2 2 2 0 0 1 1 1 0 1 0 1 2 2 2 2 2 2 2 1 2 1 2 1 2 1 2 0 2 0 2 2 1 2 2 2 1 1 2 2 1 1 0 0 1 1 2 0 1 1 2 2 2 1 0 0 2 2 2 2 1 1 1 2 1 2 2 1 0 0 1 0 0 0 0 1 0 0 0 0 2 2 1 1 1 2 2 2 2 2 2 1 2 2 0 1 1 2 0 2 2 2 2 0 0 1 1 1 0 1 0 1 2 2 2 2 2 2 2 1 2 1 2 1 2 1 2 0 2 0 2 2 1 2
-0.37939101590552 0.605448978195298 -1.37351269907415 -1.41206547047962 1.74318201443466 -1 0 1 1 0 1 2 2 2 0 0 0 1 2 0 0 1 1 1 2 1 1 2 2 1 2 2 2 2 1 2 1 2 0 0 0 0 2 1 0 1 0 2 0 1 2 0 2 2 1 0 0 2 2 2 2 1 2 2 1 2 0 2 2 2 0 2 1 2 2 0 0 0 2 2 1 1 0 1 2 2 1 2 2 2 1 0 1 2 2 1 2 0 1 2 2 0 0 2 2 1 0 -1 -1 0 -1 -2 -2 -2 0 0 0 -1 -2 0 0 -1 -1 -1 -2 -1 -1 -2 -2 -1 -2 -2 -2 -2 -1 -2 -1 -2 0 0 0 0 -2 -1 0 -1 0 -2 0 -1 -2 0 -2 -2 -1 0 0 -2 -2 -2 -2 -1 -2 -2 -1 -2 0 -2 -2 -2 0 -2 -1 -2 -2 0 0 0 -2 -2 -1 -1 0 -1 -2 -2 -1 -2 -2 -2 -1 0 -1 -2 -2 -1 -2 0 -1 -2 -2 0 0 -2 -2 -1
-1.72797337342406 -2.64858201569452 1.79556151574784 -0.301834354102406 1.54625571892121 1 1 2 1 0 2 2 1 2 0 0 0 0 2 1 0 2 2 2 2 2 1 2 1 1 2 2 2 0 0 1 2 2 0 0 1 0 2 1 1 1 1 2 0 0 2 1 1 1 1 0 1 1 2 2 2 2 2 1 1 2 0 0 1 1 0 2 1 1 2 0 0 0 2 1 2 2 1 0 2 1 1 2 1 1 2 2 2 2 2 0 2 1 1 1 1 0 0 1 1 1 1 2 1 0 2 2 1 2 0 0 0 0 2 1 0 2 2 2 2 2 1 2 1 1 2 2 2 0 0 1 2 2 0 0 1 0 2 1 1 1 1 2 0 0 2 1 1 1 1 0 1 1 2 2 2 2 2 1 1 2 0 0 1 1 0 2 1 1 2 0 0 0 2 1 2 2 1 0 2 1 1 2 1 1 2 2 2 2 2 0 2 1 1 1 1 0 0 1 1 1
1.03912799984218 -0.509660417092661 -1.8715664660081 1.27354908735811 0.949060486085061 -1 1 1 1 1 2 2 1 2 0 0 0 1 2 1 0 2 2 1 2 2 1 1 2 1 2 2 2 1 0 1 0 0 0 0 1 0 2 1 0 1 1 2 0 0 0 0 2 2 2 0 0 2 0 1 1 0 2 1 1 2 0 0 1 2 0 2 1 2 2 0 0 0 1 2 2 2 0 0 2 1 0 1 1 2 2 0 1 1 2 2 2 2 2 0 2 1 0 2 2 1 -1 -1 -1 -1 -2 -2 -1 -2 0 0 0 -1 -2 -1 0 -2 -2 -1 -2 -2 -1 -1 -2 -1 -2 -2 -2 -1 0 -1 0 0 0 0 -1 0 -2 -1 0 -1 -1 -2 0 0 0 0 -2 -2 -2 0 0 -2 0 -1 -1 0 -2 -1 -1 -2 0 0 -1 -2 0 -2 -1 -2 -2 0 0 0 -1 -2 -2 -2 0 0 -2 -1 0 -1 -1 -2 -2 0 -1 -1 -2 -2 -2 -2 -2 0 -2 -1 0 -2 -2 -1
-1.99564780259825 0.257733869942988 -2.09111177792303 0.118886878734749 -0.73017966156468 -1 2 2 2 0 1 2 2 2 0 0 0 0 2 0 0 2 2 1 1 2 1 1 2 1 2 2 2 2 1 0 1 1 1 1 0 0 2 2 0 1 1 2 0 1 0 1 2 2 2 1 0 2 2 2 2 2 2 2 2 2 0 1 2 2 0 2 2 0 2 0 0 1 1 1 1 2 1 0 2 1 0 1 2 2 1 1 1 2 2 0 2 2 2 2 1 0 0 1 0 0 -2 -2 -2 0 -1 -2 -2 -2 0 0 0 0 -2 0 0 -2 -2 -1 -1 -2 -1 -1 -2 -1 -2 -2 -2 -2 -1 0 -1 -1 -1 -1 0 0 -2 -2 0 -1 -1 -2 0 -1 0 -1 -2 -2 -2 -1 0 -2 -2 -2 -2 -2 -2 -2 -2 -2 0 -1 -2 -2 0 -2 -2 0 -2 0 0 -1 -1 -1 -1 -2 -1 0 -2 -1 0 -1 -2 -2 -1 -1 -1 -2 -2 0 -2 -2 -2 -2 -1 0 0 -1 0 0
-0.148165331687106 -0.12429233862665 -0.182647149004734 0.504059344424173 -0.2844649353759 -1 2 2 1 0 2 2 2 1 0 1 1 0 2 0 1 2 2 2 2 2 1 2 1 2 2 2 2 0 0 2 2 1 1 0 1 0 2 1 0 1 1 2 0 1 1 0 1 1 0 0 0 1 2 1 1 1 1 1 1 2 0 1 2 2 1 2 2 2 2 0 1 1 2 2 2 2 0 0 2 1 2 2 1 2 2 0 1 0 1 0 2 0 2 0 0 1 0 1 1 1 -2 -2 -1 0 -2 -2 -2 -1 0 -1 -1 0 -2 0 -1 -2 -2 -2 -2 -2 -1 -2 -1 -2 -2 -2 -2 0 0 -2 -2 -1 -1 0 -1 0 -2 -1 0 -1 -1 -2 0 -1 -1 0 -1 -1 0 0 0 -1 -2 -1 -1 -1 -1 -1 -1 -2 0 -1 -2 -2 -1 -2 -2 -2 -2 0 -1 -1 -2 -2 -2 -2 0 0 -2 -1 -2 -2 -1 -2 -2 0 -1 0 -1 0 -2 0 -2 0 0 -1 0 -1 -1 -1
-2.14279946625661 -0.169161683130812 -0.8078753199408 0.143191713266893 -0.0760541569307745 1 2 2 1 1 2 2 1 1 0 1 0 1 2 0 0 1 0 0 0 2 0 2 2 1 2 2 2 1 1 1 1 1 1 0 2 0 2 1 0 0 0 2 0 2 2 0 2 2 0 0 0 0 0 0 0 0 1 0 1 2 0 0 1 2 1 2 2 2 2 0 1 2 1 0 0 1 1 0 2 1 1 0 2 2 1 1 2 1 1 0 2 2 2 1 2 0 1 2 1 1 2 2 1 1 2 2 1 1 0 1 0 1 2 0 0 1 0 0 0 2 0 2 2 1 2 2 2 1 1 1 1 1 1 0 2 0 2 1 0 0 0 2 0 2 2 0 2 2 0 0 0 0 0 0 0 0 1 0 1 2 0 0 1 2 1 2 2 2 2 0 1 2 1 0 0 1 1 0 2 1 1 0 2 2 1 1 2 1 1 0 2 2 2 1 2 0 1 2 1 1
2.28943004503918 0.686408284120158 0.684690748370044 0.475061392320486 -0.117030911023627 -1 2 2 1 0 1 2 1 2 0 0 0 0 2 0 0 2 2 2 2 2 2 1 2 0 1 2 1 0 1 1 1 0 0 0 1 0 2 1 0 1 1 2 0 1 2 1 0 2 1 0 0 2 2 2 2 2 2 1 1 2 0 2 2 2 0 2 2 2 2 0 0 0 2 1 1 1 0 0 1 0 1 1 1 1 1 1 1 0 0 0 2 0 0 2 2 0 0 2 2 2 -2 -2 -1 0 -1 -2 -1 -2 0 0 0 0 -2 0 0 -2 -2 -2 -2 -2 -2 -1 -2 0 -1 -2 -1 0 -1 -1 -1 0 0 0 -1 0 -2 -1 0 -1 -1 -2 0 -1 -2 -1 0 -2 -1 0 0 -2 -2 -2 -2 -2 -2 -1 -1 -2 0 -2 -2 -2 0 -2 -2 -2 -2 0 0 0 -2 -1 -1 -1 0 0 -1 0 -1 -1 -1 -1 -1 -1 -1 0 0 0 -2 0 0 -2 -2 0 0 -2 -2 -2
-2.51059378906732 0.204714739096993 -0.244163357214332 0.39521989112772 -0.661251814875043 -1 1 1 1 1 2 2 1 1 0 1 2 1 2 0 0 1 2 1 0 1 0 0 2 2 2 2 2 1 2 2 2 2 1 2 1 0 2 2 0 1 2 2 0 1 2 0 2 1 0 0 0 0 2 2 1 1 2 1 1 2 0 0 2 2 0 2 0 0 1 0 0 1 1 2 1 2 0 1 2 2 1 2 2 2 2 0 0 1 1 0 2 1 2 1 2 0 0 2 1 1 -1 -1 -1 -1 -2 -2 -1 -1 0 -1 -2 -1 -2 0 0 -1 -2 -1 0 -1 0 0 -2 -2 -2 -2 -2 -1 -2 -2 -2 -2 -1 -2 -1 0 -2 -2 0 -1 -2 -2 0 -1 -2 0 -2 -1 0 0 0 0 -2 -2 -1 -1 -2 -1 -1 -2 0 0 -2 -2 0 -2 0 0 -1 0 0 -1 -1 -2 -1 -2 0 -1 -2 -2 -1 -2 -2 -2 -2 0 0 -1 -1 0 -2 -1 -2 -1 -2 0 0 -2 -1 -1
0.850189436502855 -0.300867310784676 -0.34785457175883 -0.845386237929835 0.347678446230762 1 1 2 1 1 2 2 1 2 0 1 0 0 1 0 0 2 2 0 0 1 0 0 2 1 2 2 2 1 2 1 2 1 1 0 0 0 2 1 0 0 1 2 1 2 1 0 1 2 2 0 0 2 1 1 1 2 2 1 0 1 1 1 2 2 0 2 2 1 2 0 0 0 1 1 2 1 0 0 1 1 1 2 2 1 2 0 0 2 2 0 2 1 2 2 1 0 1 2 1 1 1 2 1 1 2 2 1 2 0 1 0 0 1 0 0 2 2 0 0 1 0 0 2 1 2 2 2 1 2 1 2 1 1 0 0 0 2 1 0 0 1 2 1 2 1 0 1 2 2 0 0 2 1 1 1 2 2 1 0 1 1 1 2 2 0 2 2 1 2 0 0 0 1 1 2 1 0 0 1 1 1 2 2 1 2 0 0 2 2 0 2 1 2 2 1 0 1 2 1 1
1.53606988956371 -0.560201283823787 1.79078002012186 -0.219678036120238 -0.313179613847951 -1 0 1 1 0 1 1 0 2 0 2 1 1 2 1 0 2 2 1 0 2 0 0 2 2 2 2 2 0 0 1 0 1 1 0 2 0 1 0 0 0 0 2 0 2 1 0 0 2 0 0 0 0 2 1 0 1 1 1 0 2 0 0 2 2 0 2 1 1 2 0 0 0 0 2 2 2 1 0 2 2 2 1 2 2 2 0 0 0 0 0 0 1 1 0 1 0 0 1 1 1 0 -1 -1 0 -1 -1 0 -2 0 -2 -1 -1 -2 -1 0 -2 -2 -1 0 -2 0 0 -2 -2 -2 -2 -2 0 0 -1 0 -1 -1 0 -2 0 -1 0 0 0 0 -2 0 -2 -1 0 0 -2 0 0 0 0 -2 -1 0 -1 -1 -1 0 -2 0 0 -2 -2 0 -2 -1 -1 -2 0 0 0 0 -2 -2 -2 -1 0 -2 -2 -2 -1 -2 -2 -2 0 0 0 0 0 0 -1 -1 0 -1 0 0 -1 -1 -1
0.0173439572730969 -1.73142934200486 0.711640420885295 1.00191940596947 -0.97962630297998 1 2 2 1 0 1 2 1 1 0 0 0 0 2 0 0 2 2 2 1 1 0 2 1 1 2 2 2 0 0 1 2 2 0 0 1 0 2 1 0 1 1 2 0 1 1 0 2 2 2 0 0 0 2 2 2 2 2 1 1 2 0 1 2 2 1 2 2 1 2 0 1 0 2 2 2 2 1 0 2 1 2 2 2 2 2 0 1 2 1 0 2 1 1 0 0 0 0 2 2 1 2 2 1 0 1 2 1 1 0 0 0 0 2 0 0 2 2 2 1 1 0 2 1 1 2 2 2 0 0 1 2 2 0 0 1 0 2 1 0 1 1 2 0 1 1 0 2 2 2 0 0 0 2 2 2 2 2 1 1 2 0 1 2 2 1 2 2 1 2 0 1 0 2 2 2 2 1 0 2 1 2 2 2 2 2 0 1 2 1 0 2 1 1 0 0 0 0 2 2 1
0.157801076238283 1.32499361198638 -2.1372458701545 0.522614981032228 0.157025142862012 -1 2 2 2 0 1 2 1 1 0 0 1 1 2 0 1 2 1 0 1 2 1 0 2 0 1 1 2 0 0 1 2 1 2 0 1 0 1 0 0 1 1 2 0 1 0 0 1 2 0 0 0 1 1 1 0 0 2 0 0 2 0 1 1 2 0 2 2 2 2 0 0 1 2 2 2 1 0 0 2 1 1 2 2 2 1 0 0 0 1 0 2 0 1 1 2 1 0 2 2 1 -2 -2 -2 0 -1 -2 -1 -1 0 0 -1 -1 -2 0 -1 -2 -1 0 -1 -2 -1 0 -2 0 -1 -1 -2 0 0 -1 -2 -1 -2 0 -1 0 -1 0 0 -1 -1 -2 0 -1 0 0 -1 -2 0 0 0 -1 -1 -1 0 0 -2 0 0 -2 0 -1 -1 -2 0 -2 -2 -2 -2 0 0 -1 -2 -2 -2 -1 0 0 -2 -1 -1 -2 -2 -2 -1 0 0 0 -1 0 -2 0 -1 -1 -2 -1 0 -2 -2 -1
-0.450827088287323 1.31620617899821 -0.493790890060629 1.1691285812447 2.2894172091004 -1 2 2 2 2 2 2 1 1 0 0 0 0 2 0 0 2 2 2 2 2 2 2 1 1 1 2 2 0 0 0 1 1 1 0 2 0 2 1 0 2 1 2 0 1 1 0 2 2 1 0 0 1 2 1 1 2 2 1 1 1 0 1 1 2 1 2 2 2 2 0 0 0 2 2 2 2 0 0 2 0 2 2 2 2 2 0 0 1 1 0 2 1 1 0 2 1 1 2 1 0 -2 -2 -2 -2 -2 -2 -1 -1 0 0 0 0 -2 0 0 -2 -2 -2 -2 -2 -2 -2 -1 -1 -1 -2 -2 0 0 0 -1 -1 -1 0 -2 0 -2 -1 0 -2 -1 -2 0 -1 -1 0 -2 -2 -1 0 0 -1 -2 -1 -1 -2 -2 -1 -1 -1 0 -1 -1 -2 -1 -2 -2 -2 -2 0 0 0 -2 -2 -2 -2 0 0 -2 0 -2 -2 -2 -2 -2 0 0 -1 -1 0 -2 -1 -1 0 -2 -1 -1 -2 -1 0
-0.693319881083623 -0.845922600556518 -0.084378459741036 -1.51334500616774 -0.396482139109126 -1 2 2 2 1 2 2 1 2 0 1 1 0 2 0 1 2 2 1 0 2 0 1 2 2 2 2 2 0 0 1 1 0 0 0 0 0 1 0 0 1 1 2 0 0 1 0 1 2 1 0 0 0 2 2 1 1 2 2 2 2 0 0 1 2 0 2 1 2 2 0 0 0 1 1 1 2 0 0 2 1 1 1 1 1 1 1 1 2 1 0 2 1 2 1 2 1 2 1 1 0 -2 -2 -2 -1 -2 -2 -1 -2 0 -1 -1 0 -2 0 -1 -2 -2 -1 0 -2 0 -1 -2 -2 -2 -2 -2 0 0 -1 -1 0 0 0 0 0 -1 0 0 -1 -1 -2 0 0 -1 0 -1 -2 -1 0 0 0 -2 -2 -1 -1 -2 -2 -2 -2 0 0 -1 -2 0 -2 -1 -2 -2 0 0 0 -1 -1 -1 -2 0 0 -2 -1 -1 -1 -1 -1 -1 -1 -1 -2 -1 0 -2 -1 -2 -1 -2 -1 -2 -1 -1 0
-0.511898813996425 1.06288226245485 -0.570340388702709 0.763639845878669 -0.12682038122939 -1 2 2 2 1 2 2 2 1 0 1 2 1 2 0 0 2 2 1 1 2 0 0 1 1 1 1 2 1 2 1 2 2 1 1 0 0 2 0 0 0 1 2 0 1 1 0 2 2 1 0 0 1 2 2 1 2 2 1 1 1 0 0 1 2 0 2 2 2 2 0 0 0 2 2 2 2 1 0 1 2 2 2 2 2 2 1 1 2 2 0 2 2 0 0 1 0 0 0 1 0 -2 -2 -2 -1 -2 -2 -2 -1 0 -1 -2 -1 -2 0 0 -2 -2 -1 -1 -2 0 0 -1 -1 -1 -1 -2 -1 -2 -1 -2 -2 -1 -1 0 0 -2 0 0 0 -1 -2 0 -1 -1 0 -2 -2 -1 0 0 -1 -2 -2 -1 -2 -2 -1 -1 -1 0 0 -1 -2 0 -2 -2 -2 -2 0 0 0 -2 -2 -2 -2 -1 0 -1 -2 -2 -2 -2 -2 -2 -1 -1 -2 -2 0 -2 -2 0 0 -1 0 0 0 -1 0
-0.971291136197882 0.593985473196614 0.908124090002206 0.482014467208815 0.438053264522231 -1 2 2 1 0 2 2 2 1 0 0 0 0 2 0 0 1 1 0 1 2 1 2 2 1 2 1 1 1 1 0 1 2 2 1 1 0 2 1 0 0 0 2 0 1 1 0 2 2 2 0 0 1 1 1 0 0 1 0 0 1 0 0 2 2 1 2 1 1 2 0 0 0 0 1 1 0 0 0 2 1 0 1 0 2 1 0 0 1 2 0 2 1 0 1 2 0 0 1 1 2 -2 -2 -1 0 -2 -2 -2 -1 0 0 0 0 -2 0 0 -1 -1 0 -1 -2 -1 -2 -2 -1 -2 -1 -1 -1 -1 0 -1 -2 -2 -1 -1 0 -2 -1 0 0 0 -2 0 -1 -1 0 -2 -2 -2 0 0 -1 -1 -1 0 0 -1 0 0 -1 0 0 -2 -2 -1 -2 -1 -1 -2 0 0 0 0 -1 -1 0 0 0 -2 -1 0 -1 0 -2 -1 0 0 -1 -2 0 -2 -1 0 -1 -2 0 0 -1 -1 -2
0.131073206351127 -0.17400851832407 0.809913916738563 0.366817682831534 -1.00130412095689 1 2 2 2 0 2 2 1 2 0 0 0 1 2 1 1 2 2 2 1 2 1 1 2 2 2 2 2 0 0 0 1 1 1 0 0 0 2 0 0 1 1 2 0 1 1 0 2 2 1 0 0 1 1 1 1 1 2 0 1 1 2 2 2 2 1 2 2 2 2 0 0 0 1 1 2 2 0 0 2 1 1 2 2 2 2 1 1 1 2 0 2 2 2 1 1 1 1 1 1 2 2 2 2 0 2 2 1 2 0 0 0 1 2 1 1 2 2 2 1 2 1 1 2 2 2 2 2 0 0 0 1 1 1 0 0 0 2 0 0 1 1 2 0 1 1 0 2 2 1 0 0 1 1 1 1 1 2 0 1 1 2 2 2 2 1 2 2 2 2 0 0 0 1 1 2 2 0 0 2 1 1 2 2 2 2 1 1 1 2 0 2 2 2 1 1 1 1 1 1 2
-0.678135700559218 -0.214330423192943 0.689801564899631 0.25419343087926 1.26520479896306 -1 2 2 1 0 2 2 0 1 0 0 0 0 2 0 0 2 2 1 1 2 0 2 2 2 1 2 2 1 1 2 2 2 1 1 1 0 2 0 0 1 1 2 0 1 0 0 2 2 0 0 0 1 2 2 0 0 2 0 2 2 1 2 2 2 1 2 1 2 2 0 1 0 2 2 0 1 0 0 2 1 0 1 2 2 1 0 2 2 1 0 2 1 1 2 2 1 0 2 1 2 -2 -2 -1 0 -2 -2 0 -1 0 0 0 0 -2 0 0 -2 -2 -1 -1 -2 0 -2 -2 -2 -1 -2 -2 -1 -1 -2 -2 -2 -1 -1 -1 0 -2 0 0 -1 -1 -2 0 -1 0 0 -2 -2 0 0 0 -1 -2 -2 0 0 -2 0 -2 -2 -1 -2 -2 -2 -1 -2 -1 -2 -2 0 -1 0 -2 -2 0 -1 0 0 -2 -1 0 -1 -2 -2 -1 0 -2 -2 -1 0 -2 -1 -1 -2 -2 -1 0 -2 -1 -2
-1.37846455640598 -1.36319123955005 -0.666241014290356 0.610060161569498 -0.683573618758192 1 2 2 1 0 2 2 1 1 0 0 0 0 2 0 0 2 2 1 1 2 1 1 2 1 2 1 2 0 1 1 1 0 0 0 1 0 2 1 0 1 1 2 0 0 0 0 0 1 1 0 0 1 2 2 1 2 2 1 2 2 0 0 1 2 0 2 2 2 2 0 1 1 1 2 1 2 1 1 2 2 2 2 2 2 2 1 1 2 2 0 2 1 1 2 2 2 1 2 1 1 2 2 1 0 2 2 1 1 0 0 0 0 2 0 0 2 2 1 1 2 1 1 2 1 2 1 2 0 1 1 1 0 0 0 1 0 2 1 0 1 1 2 0 0 0 0 0 1 1 0 0 1 2 2 1 2 2 1 2 2 0 0 1 2 0 2 2 2 2 0 1 1 1 2 1 2 1 1 2 2 2 2 2 2 2 1 1 2 2 0 2 1 1 2 2 2 1 2 1 1
0.079849014095481 0.457658399059172 1.26995850759934 0.428861756787842 -0.0631829933679899 1 1 2 1 0 2 2 1 2 0 1 0 0 2 0 0 2 2 1 1 2 0 0 0 0 1 1 1 1 0 0 0 1 2 0 1 0 2 2 0 1 1 2 0 1 0 0 2 2 2 0 0 1 2 2 2 2 2 1 1 2 0 1 2 0 0 2 0 2 2 0 0 0 2 2 1 2 0 0 2 2 1 1 0 0 1 0 0 1 1 0 1 1 1 0 1 1 1 1 2 2 1 2 1 0 2 2 1 2 0 1 0 0 2 0 0 2 2 1 1 2 0 0 0 0 1 1 1 1 0 0 0 1 2 0 1 0 2 2 0 1 1 2 0 1 0 0 2 2 2 0 0 1 2 2 2 2 2 1 1 2 0 1 2 0 0 2 0 2 2 0 0 0 2 2 1 2 0 0 2 2 1 1 0 0 1 0 0 1 1 0 1 1 1 0 1 1 1 1 2 2
-1.13637477836018 -0.208902441758011 -0.785251536224119 -1.79955933753184 -1.66539064129283 -1 1 2 1 0 2 2 0 1 0 0 0 0 2 1 0 2 2 1 1 2 1 2 2 2 2 2 2 1 1 2 2 2 2 1 1 0 2 0 0 0 0 2 0 0 0 0 2 1 1 0 1 2 2 2 2 2 2 2 2 2 0 0 1 2 0 2 2 2 2 0 0 0 1 2 2 2 1 0 2 1 1 2 1 2 2 1 1 2 1 0 2 0 0 2 2 0 1 2 2 1 -1 -2 -1 0 -2 -2 0 -1 0 0 0 0 -2 -1 0 -2 -2 -1 -1 -2 -1 -2 -2 -2 -2 -2 -2 -1 -1 -2 -2 -2 -2 -1 -1 0 -2 0 0 0 0 -2 0 0 0 0 -2 -1 -1 0 -1 -2 -2 -2 -2 -2 -2 -2 -2 -2 0 0 -1 -2 0 -2 -2 -2 -2 0 0 0 -1 -2 -2 -2 -1 0 -2 -1 -1 -2 -1 -2 -2 -1 -1 -2 -1 0 -2 0 0 -2 -2 0 -1 -2 -2 -1
1.31461273891273 -0.0633726950860633 0.0132423644710441 -1.11334657158447 -1.36386701378362 1 2 2 2 1 2 2 1 1 0 0 0 0 2 0 0 1 2 1 2 2 1 1 2 0 2 1 0 1 1 1 1 2 2 0 0 0 2 1 0 0 0 2 0 0 0 0 1 1 0 1 0 2 2 2 1 1 2 1 2 2 0 1 1 2 0 2 2 2 2 1 1 2 2 2 1 1 0 0 2 1 0 1 1 2 2 2 2 1 1 0 1 0 1 1 2 1 1 2 1 1 2 2 2 1 2 2 1 1 0 0 0 0 2 0 0 1 2 1 2 2 1 1 2 0 2 1 0 1 1 1 1 2 2 0 0 0 2 1 0 0 0 2 0 0 0 0 1 1 0 1 0 2 2 2 1 1 2 1 2 2 0 1 1 2 0 2 2 2 2 1 1 2 2 2 1 1 0 0 2 1 0 1 1 2 2 2 2 1 1 0 1 0 1 1 2 1 1 2 1 1
1.23296984190952 1.3850489831958 -0.778128121867185 -0.0336497521447663 -0.011980542254452 1 1 2 2 1 2 2 1 2 0 1 0 0 2 0 0 2 2 1 0 2 1 1 1 1 2 2 2 0 0 2 2 1 0 0 1 0 2 0 0 1 0 2 0 1 1 1 2 2 0 0 0 0 1 1 0 1 1 1 1 2 0 0 1 2 0 2 2 2 2 0 0 0 1 1 1 1 0 0 2 1 1 1 1 1 1 1 0 1 1 0 2 1 2 2 2 1 1 1 1 1 1 2 2 1 2 2 1 2 0 1 0 0 2 0 0 2 2 1 0 2 1 1 1 1 2 2 2 0 0 2 2 1 0 0 1 0 2 0 0 1 0 2 0 1 1 1 2 2 0 0 0 0 1 1 0 1 1 1 1 2 0 0 1 2 0 2 2 2 2 0 0 0 1 1 1 1 0 0 2 1 1 1 1 1 1 1 0 1 1 0 2 1 2 2 2 1 1 1 1 1
-1.19890261730961 0.1884185912624 -0.0706581803331961 2.42300434155272 -1.02696550604215 -1 2 2 1 1 1 2 0 1 0 0 0 0 2 0 0 2 1 0 0 1 1 1 1 0 1 2 2 0 0 0 1 0 0 0 2 0 2 1 0 1 0 2 0 0 0 0 2 1 0 0 0 1 1 1 0 1 2 2 1 2 0 0 1 2 0 2 2 2 2 1 0 0 2 2 1 2 1 0 2 1 1 2 1 2 1 1 2 2 2 0 2 1 2 1 2 0 1 2 2 1 -2 -2 -1 -1 -1 -2 0 -1 0 0 0 0 -2 0 0 -2 -1 0 0 -1 -1 -1 -1 0 -1 -2 -2 0 0 0 -1 0 0 0 -2 0 -2 -1 0 -1 0 -2 0 0 0 0 -2 -1 0 0 0 -1 -1 -1 0 -1 -2 -2 -1 -2 0 0 -1 -2 0 -2 -2 -2 -2 -1 0 0 -2 -2 -1 -2 -1 0 -2 -1 -1 -2 -1 -2 -1 -1 -2 -2 -2 0 -2 -1 -2 -1 -2 0 -1 -2 -2 -1
1.02526733602163 0.765558443874257 0.122853338295729 2.12247030179009 0.225413602701721 1 2 2 2 1 1 2 1 2 0 1 1 0 1 0 1 2 2 2 2 2 2 2 2 1 1 2 1 0 0 1 1 1 0 0 1 0 2 1 0 0 0 2 0 0 1 0 2 2 1 0 0 1 1 2 0 2 2 0 0 1 1 1 2 2 1 2 2 2 2 0 0 0 2 1 1 1 0 0 1 0 0 0 2 2 2 0 1 1 2 0 2 1 2 0 2 1 1 2 2 1 2 2 2 1 1 2 1 2 0 1 1 0 1 0 1 2 2 2 2 2 2 2 2 1 1 2 1 0 0 1 1 1 0 0 1 0 2 1 0 0 0 2 0 0 1 0 2 2 1 0 0 1 1 2 0 2 2 0 0 1 1 1 2 2 1 2 2 2 2 0 0 0 2 1 1 1 0 0 1 0 0 0 2 2 2 0 1 1 2 0 2 1 2 0 2 1 1 2 2 1
-0.162498698050375 -0.653441407187258 1.60280918289608 0.296347029992593 -0.317719053405709 -1 1 2 0 0 1 1 0 1 0 0 0 0 1 0 0 2 2 1 1 2 2 2 2 2 2 2 2 1 1 2 2 2 1 0 1 0 2 0 1 1 1 2 0 1 1 0 1 1 2 1 0 1 2 2 1 1 1 0 1 2 0 0 1 2 0 2 2 2 2 0 1 1 2 2 2 1 0 0 1 0 0 0 1 1 0 1 0 1 0 0 2 1 1 1 2 0 0 2 2 1 -1 -2 0 0 -1 -1 0 -1 0 0 0 0 -1 0 0 -2 -2 -1 -1 -2 -2 -2 -2 -2 -2 -2 -2 -1 -1 -2 -2 -2 -1 0 -1 0 -2 0 -1 -1 -1 -2 0 -1 -1 0 -1 -1 -2 -1 0 -1 -2 -2 -1 -1 -1 0 -1 -2 0 0 -1 -2 0 -2 -2 -2 -2 0 -1 -1 -2 -2 -2 -1 0 0 -1 0 0 0 -1 -1 0 -1 0 -1 0 0 -2 -1 -1 -1 -2 0 0 -2 -2 -1
0.654557661729604 0.533631698465927 -0.37427117454573 0.315029355843527 0.910035130899063 1 1 2 1 0 1 2 1 1 0 0 0 0 1 0 0 2 1 1 1 2 1 1 2 2 2 2 2 2 0 1 2 2 0 0 1 0 2 1 1 1 2 2 0 1 0 0 2 2 1 1 0 1 2 2 1 2 2 1 0 2 1 1 2 2 1 2 2 2 2 0 2 1 1 2 2 2 0 0 2 2 1 2 2 2 1 0 0 0 0 0 1 0 1 2 2 1 0 2 2 0 1 2 1 0 1 2 1 1 0 0 0 0 1 0 0 2 1 1 1 2 1 1 2 2 2 2 2 2 0 1 2 2 0 0 1 0 2 1 1 1 2 2 0 1 0 0 2 2 1 1 0 1 2 2 1 2 2 1 0 2 1 1 2 2 1 2 2 2 2 0 2 1 1 2 2 2 0 0 2 2 1 2 2 2 1 0 0 0 0 0 1 0 1 2 2 1 0 2 2 0
0.346715635249137 -1.4727144616874 0.0207575164377629 -0.270156509491415 -1.78556381856839 -1 2 1 1 0 2 2 1 2 0 0 0 0 2 0 0 2 2 1 0 2 1 1 2 1 2 2 2 0 0 2 2 1 2 1 0 0 1 0 0 0 0 2 0 1 1 0 2 1 1 0 0 1 1 1 2 1 2 1 2 2 0 0 1 2 0 2 1 2 2 0 0 0 2 2 1 2 0 0 2 1 1 2 1 2 2 0 0 1 2 0 2 1 0 1 2 1 1 2 1 1 -2 -1 -1 0 -2 -2 -1 -2 0 0 0 0 -2 0 0 -2 -2 -1 0 -2 -1 -1 -2 -1 -2 -2 -2 0 0 -2 -2 -1 -2 -1 0 0 -1 0 0 0 0 -2 0 -1 -1 0 -2 -1 -1 0 0 -1 -1 -1 -2 -1 -2 -1 -2 -2 0 0 -1 -2 0 -2 -1 -2 -2 0 0 0 -2 -2 -1 -2 0 0 -2 -1 -1 -2 -1 -2 -2 0 0 -1 -2 0 -2 -1 0 -1 -2 -1 -1 -2 -1 -1
1.25795225603699 0.35117456823503 -0.698176169422471 -2.1444394545091 -1.21541795722892 1 2 2 1 0 2 2 1 2 0 0 1 1 2 1 1 1 1 2 1 1 0 0 2 2 2 2 1 1 0 0 2 2 2 1 1 0 1 1 0 2 0 2 0 2 2 0 2 1 1 0 0 2 2 2 1 1 2 1 2 2 0 1 1 2 0 2 1 2 2 0 1 0 1 1 1 1 0 0 2 2 2 2 1 1 1 0 1 2 1 0 2 0 0 1 1 1 2 1 2 1 2 2 1 0 2 2 1 2 0 0 1 1 2 1 1 1 1 2 1 1 0 0 2 2 2 2 1 1 0 0 2 2 2 1 1 0 1 1 0 2 0 2 0 2 2 0 2 1 1 0 0 2 2 2 1 1 2 1 2 2 0 1 1 2 0 2 1 2 2 0 1 0 1 1 1 1 0 0 2 2 2 2 1 1 1 0 1 2 1 0 2 0 0 1 1 1 2 1 2 1
-0.523636932816498 -1.19467818212073 0.414085108980724 0.329210282016223 -2.17400381490199 1 2 2 1 0 2 2 1 1 0 0 1 0 2 0 0 2 2 1 0 1 0 0 2 2 2 2 2 1 2 2 1 1 2 0 0 0 2 1 0 1 0 2 0 1 0 0 2 1 1 1 0 2 2 1 1 1 2 2 2 2 0 1 2 2 1 2 2 2 2 0 1 1 2 2 2 2 0 0 2 1 1 2 2 2 1 0 1 1 1 1 2 1 2 1 2 1 1 2 2 2 2 2 1 0 2 2 1 1 0 0 1 0 2 0 0 2 2 1 0 1 0 0 2 2 2 2 2 1 2 2 1 1 2 0 0 0 2 1 0 1 0 2 0 1 0 0 2 1 1 1 0 2 2 1 1 1 2 2 2 2 0 1 2 2 1 2 2 2 2 0 1 1 2 2 2 2 0 0 2 1 1 2 2 2 1 0 1 1 1 1 2 1 2 1 2 1 1 2 2 2
-0.677477891589732 0.132127103486847 -0.320018062617766 2.79022702479478 0.781928944577583 1 2 2 1 0 1 2 2 2 0 1 0 0 2 0 0 1 2 1 0 2 0 1 2 1 2 2 2 2 1 1 1 2 0 0 1 0 1 1 0 1 1 2 0 0 1 0 2 2 1 0 0 0 2 0 0 1 2 2 1 2 0 1 1 2 1 2 2 1 1 0 0 0 1 2 2 2 0 0 2 2 1 0 2 1 0 1 2 2 2 0 2 1 2 1 2 1 2 2 1 1 2 2 1 0 1 2 2 2 0 1 0 0 2 0 0 1 2 1 0 2 0 1 2 1 2 2 2 2 1 1 1 2 0 0 1 0 1 1 0 1 1 2 0 0 1 0 2 2 1 0 0 0 2 0 0 1 2 2 1 2 0 1 1 2 1 2 2 1 1 0 0 0 1 2 2 2 0 0 2 2 1 0 2 1 0 1 2 2 2 0 2 1 2 1 2 1 2 2 1 1
-1.45598874784117 0.396685299501143 0.98923059021544 0.115638299575272 0.0514029802720312 1 2 2 0 1 1 2 1 1 0 0 0 1 2 0 1 2 2 1 1 2 2 2 2 1 2 2 2 0 1 2 2 1 1 0 2 0 2 2 2 2 2 2 0 0 1 1 2 2 1 0 0 1 2 2 1 2 2 1 1 1 1 0 1 2 0 2 1 1 2 0 1 0 0 2 1 1 0 0 2 1 1 2 1 2 1 1 1 1 2 1 2 0 0 2 2 1 1 1 1 1 2 2 0 1 1 2 1 1 0 0 0 1 2 0 1 2 2 1 1 2 2 2 2 1 2 2 2 0 1 2 2 1 1 0 2 0 2 2 2 2 2 2 0 0 1 1 2 2 1 0 0 1 2 2 1 2 2 1 1 1 1 0 1 2 0 2 1 1 2 0 1 0 0 2 1 1 0 0 2 1 1 2 1 2 1 1 1 1 2 1 2 0 0 2 2 1 1 1 1 1
-1.03448755407132 -0.750332175001723 -0.798400016552157 0.717096280733103 0.0928840402402882 -1 1 1 1 1 2 2 0 0 0 0 0 0 2 0 0 2 2 1 1 2 1 0 1 2 2 2 2 0 0 0 2 1 1 0 0 0 2 1 0 0 0 2 0 1 0 1 2 2 1 0 0 1 1 0 0 1 2 0 1 2 0 2 2 2 0 2 2 2 2 0 0 0 2 2 2 2 0 0 2 2 1 2 1 1 2 1 1 1 2 1 2 2 2 1 2 0 1 2 2 1 -1 -1 -1 -1 -2 -2 0 0 0 0 0 0 -2 0 0 -2 -2 -1 -1 -2 -1 0 -1 -2 -2 -2 -2 0 0 0 -2 -1 -1 0 0 0 -2 -1 0 0 0 -2 0 -1 0 -1 -2 -2 -1 0 0 -1 -1 0 0 -1 -2 0 -1 -2 0 -2 -2 -2 0 -2 -2 -2 -2 0 0 0 -2 -2 -2 -2 0 0 -2 -2 -1 -2 -1 -1 -2 -1 -1 -1 -2 -1 -2 -2 -2 -1 -2 0 -1 -2 -2 -1
-0.160981464632337 -0.597138170829349 1.01763501138592 -0.961743069666548 -0.776213379321365 1 0 1 1 0 2 2 1 2 0 1 0 1 2 1 0 2 2 1 2 2 0 1 2 1 0 1 1 0 0 1 2 1 0 0 2 0 2 1 0 0 1 2 0 1 0 0 2 2 1 0 1 2 2 2 1 2 1 0 0 2 0 0 2 2 1 2 2 2 2 0 0 0 2 1 1 1 1 0 2 2 1 1 1 2 1 1 1 2 2 0 2 1 2 1 2 0 0 2 1 1 0 1 1 0 2 2 1 2 0 1 0 1 2 1 0 2 2 1 2 2 0 1 2 1 0 1 1 0 0 1 2 1 0 0 2 0 2 1 0 0 1 2 0 1 0 0 2 2 1 0 1 2 2 2 1 2 1 0 0 2 0 0 2 2 1 2 2 2 2 0 0 0 2 1 1 1 1 0 2 2 1 1 1 2 1 1 1 2 2 0 2 1 2 1 2 0 0 2 1 1
1.79857617659718 0.161599766643719 0.384591093857351 0.370975305292844 1.06888072544501 1 2 2 2 1 2 2 2 1 0 0 1 0 2 0 0 2 2 2 0 2 2 2 1 0 1 1 2 0 0 0 1 1 1 0 1 0 2 1 0 0 0 2 0 0 0 0 2 2 1 0 0 1 2 0 0 0 2 0 1 1 1 1 1 2 0 2 1 2 2 0 0 0 2 2 2 2 1 1 2 2 2 2 2 2 1 0 1 1 1 0 2 0 1 2 2 0 0 1 2 2 2 2 2 1 2 2 2 1 0 0 1 0 2 0 0 2 2 2 0 2 2 2 1 0 1 1 2 0 0 0 1 1 1 0 1 0 2 1 0 0 0 2 0 0 0 0 2 2 1 0 0 1 2 0 0 0 2 0 1 1 1 1 1 2 0 2 1 2 2 0 0 0 2 2 2 2 1 1 2 2 2 2 2 2 1 0 1 1 1 0 2 0 1 2 2 0 0 1 2 2
-0.66705704725419 0.20362877460401 -0.907540398655849 -1.38155704419933 0.0916553440713598 -1 0 2 1 0 1 2 0 0 0 0 1 0 2 0 0 1 0 0 1 2 0 0 2 0 1 0 1 0 0 1 1 2 0 0 0 0 2 1 0 0 1 2 0 1 0 0 2 2 1 0 0 2 2 2 1 2 2 1 2 2 0 2 2 2 0 2 2 2 2 0 0 0 1 2 2 2 0 1 2 1 1 2 2 2 1 1 1 2 2 0 2 1 1 1 0 0 0 2 1 2 0 -2 -1 0 -1 -2 0 0 0 0 -1 0 -2 0 0 -1 0 0 -1 -2 0 0 -2 0 -1 0 -1 0 0 -1 -1 -2 0 0 0 0 -2 -1 0 0 -1 -2 0 -1 0 0 -2 -2 -1 0 0 -2 -2 -2 -1 -2 -2 -1 -2 -2 0 -2 -2 -2 0 -2 -2 -2 -2 0 0 0 -1 -2 -2 -2 0 -1 -2 -1 -1 -2 -2 -2 -1 -1 -1 -2 -2 0 -2 -1 -1 -1 0 0 0 -2 -1 -2
0.214915407486667 0.648099228105539 0.239137235184072 -0.358035994909843 0.395245494990218 1 2 2 0 0 1 2 0 1 0 0 0 0 1 0 0 1 1 1 1 1 1 1 2 0 2 1 2 1 2 1 1 1 1 0 0 0 2 1 0 0 0 2 0 0 0 0 1 1 0 0 0 1 1 1 1 1 1 0 1 2 0 0 1 2 0 2 2 2 2 0 1 1 2 1 2 2 1 0 2 2 1 2 1 1 2 0 1 1 2 0 2 0 2 2 2 0 1 2 2 1 2 2 0 0 1 2 0 1 0 0 0 0 1 0 0 1 1 1 1 1 1 1 2 0 2 1 2 1 2 1 1 1 1 0 0 0 2 1 0 0 0 2 0 0 0 0 1 1 0 0 0 1 1 1 1 1 1 0 1 2 0 0 1 2 0 2 2 2 2 0 1 1 2 1 2 2 1 0 2 2 1 2 1 1 2 0 1 1 2 0 2 0 2 2 2 0 1 2 2 1
-0.466907449100511 -0.817676311475291 1.32485613302321 0.759247694074691 1.37289293982299 1 1 1 1 0 2 2 0 0 0 0 0 0 1 0 0 2 2 2 1 1 0 0 2 1 2 2 2 0 0 1 2 2 0 0 0 0 1 1 0 1 0 2 0 0 0 0 1 0 0 1 0 1 1 0 1 1 0 0 0 2 0 1 2 2 1 2 2 2 2 0 0 1 1 2 2 2 0 0 2 1 0 1 2 2 2 0 0 1 2 0 2 2 2 0 1 1 2 2 1 1 1 1 1 0 2 2 0 0 0 0 0 0 1 0 0 2 2 2 1 1 0 0 2 1 2 2 2 0 0 1 2 2 0 0 0 0 1 1 0 1 0 2 0 0 0 0 1 0 0 1 0 1 1 0 1 1 0 0 0 2 0 1 2 2 1 2 2 2 2 0 0 1 1 2 2 2 0 0 2 1 0 1 2 2 2 0 0 1 2 0 2 2 2 0 1 1 2 2 1 1
-0.036131460544485 0.160611759799604 0.699359917910041 1.76523725314931 0.54499904235924 -1 1 2 2 2 2 2 1 2 0 0 0 0 2 1 1 1 1 0 0 1 0 1 2 1 2 2 1 0 0 1 1 1 2 1 0 0 1 0 0 0 0 2 0 1 1 0 2 1 0 1 0 2 2 2 0 1 2 1 1 2 0 2 2 2 0 2 2 2 2 0 0 0 2 2 2 2 2 1 2 1 0 2 2 2 2 0 0 2 2 0 2 0 2 1 1 0 0 2 2 2 -1 -2 -2 -2 -2 -2 -1 -2 0 0 0 0 -2 -1 -1 -1 -1 0 0 -1 0 -1 -2 -1 -2 -2 -1 0 0 -1 -1 -1 -2 -1 0 0 -1 0 0 0 0 -2 0 -1 -1 0 -2 -1 0 -1 0 -2 -2 -2 0 -1 -2 -1 -1 -2 0 -2 -2 -2 0 -2 -2 -2 -2 0 0 0 -2 -2 -2 -2 -2 -1 -2 -1 0 -2 -2 -2 -2 0 0 -2 -2 0 -2 0 -2 -1 -1 0 0 -2 -2 -2
-2.0959235924616 1.71525202946459 0.0603422627704388 1.70797666076749 1.51779379153571 1 1 2 1 0 2 2 1 1 0 1 0 0 2 0 0 2 2 2 1 2 0 1 1 2 2 2 2 1 1 2 1 1 0 0 0 0 0 0 0 0 0 2 0 0 2 0 2 1 2 0 0 1 1 1 1 2 2 0 1 2 0 0 2 2 0 2 1 2 2 0 0 0 0 1 2 2 1 0 2 1 0 2 1 2 2 2 2 1 1 1 2 1 2 0 2 0 0 1 0 1 1 2 1 0 2 2 1 1 0 1 0 0 2 0 0 2 2 2 1 2 0 1 1 2 2 2 2 1 1 2 1 1 0 0 0 0 0 0 0 0 0 2 0 0 2 0 2 1 2 0 0 1 1 1 1 2 2 0 1 2 0 0 2 2 0 2 1 2 2 0 0 0 0 1 2 2 1 0 2 1 0 2 1 2 2 2 2 1 1 1 2 1 2 0 2 0 0 1 0 1
0.79696273396373 -0.179768553924454 1.10291391742809 0.0900944447050629 -0.974522693334198 -1 2 0 1 0 1 2 0 1 0 0 0 0 2 0 0 1 1 1 2 2 1 0 2 2 2 2 2 1 1 0 1 0 1 0 1 0 2 1 0 1 1 2 0 1 1 0 0 1 1 0 0 2 2 2 1 1 1 1 0 2 0 0 2 2 0 2 1 2 2 0 0 0 1 1 2 2 0 0 2 2 1 0 1 2 2 0 1 0 1 1 2 1 1 1 1 1 2 2 1 1 -2 0 -1 0 -1 -2 0 -1 0 0 0 0 -2 0 0 -1 -1 -1 -2 -2 -1 0 -2 -2 -2 -2 -2 -1 -1 0 -1 0 -1 0 -1 0 -2 -1 0 -1 -1 -2 0 -1 -1 0 0 -1 -1 0 0 -2 -2 -2 -1 -1 -1 -1 0 -2 0 0 -2 -2 0 -2 -1 -2 -2 0 0 0 -1 -1 -2 -2 0 0 -2 -2 -1 0 -1 -2 -2 0 -1 0 -1 -1 -2 -1 -1 -1 -1 -1 -2 -2 -1 -1
-0.514878894265232 1.79958599655758 0.469191484763472 -0.820563934704086 -0.986235219049502 -1 1 2 2 0 2 2 1 2 0 1 1 0 2 1 0 2 1 0 0 2 1 0 2 2 2 2 1 0 0 0 1 2 1 1 1 0 2 1 0 1 0 2 0 0 0 0 1 1 1 1 1 2 2 2 2 1 2 1 1 2 0 0 1 2 0 2 1 2 2 0 0 0 1 2 2 2 0 1 2 2 2 2 2 2 1 1 1 0 2 0 1 0 2 1 2 1 0 2 1 0 -1 -2 -2 0 -2 -2 -1 -2 0 -1 -1 0 -2 -1 0 -2 -1 0 0 -2 -1 0 -2 -2 -2 -2 -1 0 0 0 -1 -2 -1 -1 -1 0 -2 -1 0 -1 0 -2 0 0 0 0 -1 -1 -1 -1 -1 -2 -2 -2 -2 -1 -2 -1 -1 -2 0 0 -1 -2 0 -2 -1 -2 -2 0 0 0 -1 -2 -2 -2 0 -1 -2 -2 -2 -2 -2 -2 -1 -1 -1 0 -2 0 -1 0 -2 -1 -2 -1 0 -2 -1 0
0.595637856217663 -0.525037878436071 -1.76636427962748 0.0473645083357671 1.56523058289953 -1 2 2 2 1 2 2 2 2 0 0 0 0 2 0 0 2 2 2 1 1 0 1 2 1 2 2 2 1 0 2 2 2 1 0 0 0 2 1 0 0 1 2 0 1 2 0 0 1 1 0 0 1 1 2 1 2 2 2 1 2 0 1 2 2 0 2 2 2 2 0 1 0 2 2 2 2 2 0 2 2 2 2 2 2 2 2 1 1 0 0 1 1 2 1 2 1 1 2 2 2 -2 -2 -2 -1 -2 -2 -2 -2 0 0 0 0 -2 0 0 -2 -2 -2 -1 -1 0 -1 -2 -1 -2 -2 -2 -1 0 -2 -2 -2 -1 0 0 0 -2 -1 0 0 -1 -2 0 -1 -2 0 0 -1 -1 0 0 -1 -1 -2 -1 -2 -2 -2 -1 -2 0 -1 -2 -2 0 -2 -2 -2 -2 0 -1 0 -2 -2 -2 -2 -2 0 -2 -2 -2 -2 -2 -2 -2 -2 -1 -1 0 0 -1 -1 -2 -1 -2 -1 -1 -2 -2 -2
0.228346478880693 0.742751088545153 -0.344550429447911 -1.53282131551473 -0.327711369690197 1 1 2 2 0 1 2 1 1 0 0 1 0 2 0 0 2 2 1 0 2 1 1 2 2 2 2 1 0 0 0 0 1 0 0 1 0 2 2 0 1 0 2 0 2 1 0 1 0 1 0 0 1 2 2 2 1 1 0 0 2 1 2 2 2 1 2 1 2 2 0 0 0 2 2 1 2 0 0 1 1 0 1 1 2 2 1 1 2 2 1 2 2 1 1 1 1 1 2 2 2 1 2 2 0 1 2 1 1 0 0 1 0 2 0 0 2 2 1 0 2 1 1 2 2 2 2 1 0 0 0 0 1 0 0 1 0 2 2 0 1 0 2 0 2 1 0 1 0 1 0 0 1 2 2 2 1 1 0 0 2 1 2 2 2 1 2 1 2 2 0 0 0 2 2 1 2 0 0 1 1 0 1 1 2 2 1 1 2 2 1 2 2 1 1 1 1 1 2 2 2
0.333027291191669 1.49192760911304 -0.134203157922238 0.892848120499601 -0.00319686155861633 1 2 1 0 0 1 2 1 1 0 0 0 0 2 0 1 1 2 1 1 2 2 1 2 1 2 2 2 2 1 1 0 1 0 0 1 0 1 1 1 2 1 2 0 1 0 0 0 1 1 0 0 2 1 0 0 1 1 0 1 2 0 0 0 2 0 2 2 2 2 0 0 0 2 2 2 1 0 0 2 1 1 1 2 2 2 0 1 1 1 0 2 1 1 2 2 0 1 2 2 2 2 1 0 0 1 2 1 1 0 0 0 0 2 0 1 1 2 1 1 2 2 1 2 1 2 2 2 2 1 1 0 1 0 0 1 0 1 1 1 2 1 2 0 1 0 0 0 1 1 0 0 2 1 0 0 1 1 0 1 2 0 0 0 2 0 2 2 2 2 0 0 0 2 2 2 1 0 0 2 1 1 1 2 2 2 0 1 1 1 0 2 1 1 2 2 0 1 2 2 2
-1.47350976356908 -0.0659981314586669 0.206469944215886 -0.00868290030583832 -1.57082055014642 -1 1 2 1 0 2 2 1 2 0 0 0 0 2 0 1 2 2 1 1 1 0 0 2 2 2 2 1 0 1 1 1 2 1 0 1 0 2 2 1 1 0 2 0 2 1 0 2 2 0 0 0 2 2 1 0 0 1 0 1 2 0 1 1 2 0 2 2 2 2 0 1 1 2 1 2 2 1 0 2 1 0 1 1 2 2 1 0 2 1 0 2 1 2 1 1 1 1 2 1 2 -1 -2 -1 0 -2 -2 -1 -2 0 0 0 0 -2 0 -1 -2 -2 -1 -1 -1 0 0 -2 -2 -2 -2 -1 0 -1 -1 -1 -2 -1 0 -1 0 -2 -2 -1 -1 0 -2 0 -2 -1 0 -2 -2 0 0 0 -2 -2 -1 0 0 -1 0 -1 -2 0 -1 -1 -2 0 -2 -2 -2 -2 0 -1 -1 -2 -1 -2 -2 -1 0 -2 -1 0 -1 -1 -2 -2 -1 0 -2 -1 0 -2 -1 -2 -1 -1 -1 -1 -2 -1 -2
-0.333674018910267 0.861748762546006 -0.1241668238761 -0.0895407306412666 1.92718339955362 1 1 2 1 0 2 2 1 2 0 0 0 0 2 1 0 2 2 1 1 2 0 0 2 2 2 2 2 1 1 2 2 1 1 0 1 0 2 0 0 0 1 2 0 2 1 0 1 2 2 0 0 1 2 2 1 2 2 0 1 2 0 1 2 2 0 2 1 2 2 0 0 0 0 1 1 1 0 0 2 1 1 2 2 1 2 2 2 2 0 0 2 0 1 0 1 0 0 2 1 1 1 2 1 0 2 2 1 2 0 0 0 0 2 1 0 2 2 1 1 2 0 0 2 2 2 2 2 1 1 2 2 1 1 0 1 0 2 0 0 0 1 2 0 2 1 0 1 2 2 0 0 1 2 2 1 2 2 0 1 2 0 1 2 2 0 2 1 2 2 0 0 0 0 1 1 1 0 0 2 1 1 2 2 1 2 2 2 2 0 0 2 0 1 0 1 0 0 2 1 1
0.0671475121560664 0.493777867657459 0.172278931845788 0.959017150149411 -1.24190205865 1 0 2 1 0 1 2 1 1 0 0 1 0 1 0 0 2 2 1 1 2 0 0 2 0 2 2 2 0 0 1 2 2 1 0 1 0 2 0 0 1 0 1 0 1 0 0 1 2 2 0 0 2 2 1 0 2 2 2 2 2 0 2 2 2 1 2 2 2 2 0 1 0 2 2 2 1 0 0 2 1 1 2 2 2 2 0 2 2 1 1 2 1 1 1 1 0 0 2 1 2 0 2 1 0 1 2 1 1 0 0 1 0 1 0 0 2 2 1 1 2 0 0 2 0 2 2 2 0 0 1 2 2 1 0 1 0 2 0 0 1 0 1 0 1 0 0 1 2 2 0 0 2 2 1 0 2 2 2 2 2 0 2 2 2 1 2 2 2 2 0 1 0 2 2 2 1 0 0 2 1 1 2 2 2 2 0 2 2 1 1 2 1 1 1 1 0 0 2 1 2
0.0800560344617454 -0.652592049023162 -0.139399598888426 0.840384858959309 0.649156830611282 1 2 2 2 1 1 2 2 2 0 1 1 0 2 0 0 2 2 2 2 2 1 1 2 1 2 0 1 0 1 1 2 1 0 0 0 0 2 1 0 1 1 2 0 1 1 0 2 2 0 0 0 0 2 1 0 1 2 0 0 1 0 1 1 2 0 2 1 1 2 1 1 0 0 1 0 1 0 0 2 2 2 1 2 2 1 1 2 2 1 1 2 1 1 1 1 1 0 2 2 2 2 2 2 1 1 2 2 2 0 1 1 0 2 0 0 2 2 2 2 2 1 1 2 1 2 0 1 0 1 1 2 1 0 0 0 0 2 1 0 1 1 2 0 1 1 0 2 2 0 0 0 0 2 1 0 1 2 0 0 1 0 1 1 2 0 2 1 1 2 1 1 0 0 1 0 1 0 0 2 2 2 1 2 2 1 1 2 2 1 1 2 1 1 1 1 1 0 2 2 2
0.684768733293928 0.687165683463581 -0.124593361020006 0.119994323157855 0.454826969137363 1 2 2 1 0 2 2 0 1 0 1 1 0 2 1 1 2 2 2 2 1 0 1 0 0 1 0 1 1 1 0 1 0 0 0 0 0 1 0 0 1 1 2 0 1 2 0 1 2 0 0 0 1 2 2 1 1 2 1 1 2 0 1 0 1 0 2 1 1 2 0 0 0 1 1 2 2 1 0 2 2 2 2 2 2 2 1 0 0 0 0 1 1 1 0 1 0 0 2 2 2 2 2 1 0 2 2 0 1 0 1 1 0 2 1 1 2 2 2 2 1 0 1 0 0 1 0 1 1 1 0 1 0 0 0 0 0 1 0 0 1 1 2 0 1 2 0 1 2 0 0 0 1 2 2 1 1 2 1 1 2 0 1 0 1 0 2 1 1 2 0 0 0 1 1 2 2 1 0 2 2 2 2 2 2 2 1 0 0 0 0 1 1 1 0 1 0 0 2 2 2
0.888196389659818 -0.446595703590611 -0.855885181946842 -0.746728668692062 1.05107813495802 -1 1 2 2 1 2 2 1 1 0 0 1 1 2 0 0 2 1 1 1 1 0 0 1 1 2 1 0 0 0 1 2 1 1 1 1 0 2 1 1 2 1 2 0 0 0 0 2 2 2 1 1 2 2 2 2 2 2 1 1 2 0 0 2 2 0 2 1 1 1 0 0 0 2 2 2 1 0 0 2 1 0 2 2 2 2 2 2 2 1 0 2 1 1 1 1 0 0 1 2 1 -1 -2 -2 -1 -2 -2 -1 -1 0 0 -1 -1 -2 0 0 -2 -1 -1 -1 -1 0 0 -1 -1 -2 -1 0 0 0 -1 -2 -1 -1 -1 -1 0 -2 -1 -1 -2 -1 -2 0 0 0 0 -2 -2 -2 -1 -1 -2 -2 -2 -2 -2 -2 -1 -1 -2 0 0 -2 -2 0 -2 -1 -1 -1 0 0 0 -2 -2 -2 -1 0 0 -2 -1 0 -2 -2 -2 -2 -2 -2 -2 -1 0 -2 -1 -1 -1 -1 0 0 -1 -2 -1
0.409908468071552 0.375837608800555 -1.1670242668238 0.177782261616978 -1.44308521096203 -1 1 1 0 0 1 2 1 1 0 0 0 0 2 0 0 2 1 1 1 2 2 2 2 2 2 2 1 0 2 2 2 2 1 0 2 0 2 1 0 2 1 2 0 1 1 0 1 2 1 1 1 1 2 2 1 1 1 0 1 2 0 1 2 2 1 2 2 2 2 0 0 1 2 2 2 2 1 0 2 0 0 0 1 2 2 0 1 2 2 0 2 1 2 1 1 0 0 2 1 1 -1 -1 0 0 -1 -2 -1 -1 0 0 0 0 -2 0 0 -2 -1 -1 -1 -2 -2 -2 -2 -2 -2 -2 -1 0 -2 -2 -2 -2 -1 0 -2 0 -2 -1 0 -2 -1 -2 0 -1 -1 0 -1 -2 -1 -1 -1 -1 -2 -2 -1 -1 -1 0 -1 -2 0 -1 -2 -2 -1 -2 -2 -2 -2 0 0 -1 -2 -2 -2 -2 -1 0 -2 0 0 0 -1 -2 -2 0 -1 -2 -2 0 -2 -1 -2 -1 -1 0 0 -2 -1 -1
0.691088207630634 1.03219589505088 -0.507648401105486 -0.580676389935675 -1.75292953949168 1 1 2 1 0 2 2 1 1 0 0 1 1 2 0 0 2 2 1 2 2 2 2 2 2 2 2 2 0 0 1 2 2 2 1 1 0 2 1 1 0 0 2 0 0 0 0 1 1 1 0 0 1 2 2 2 2 2 2 0 1 0 1 2 2 1 2 1 1 2 0 0 0 0 1 1 2 0 0 2 1 2 2 2 2 2 0 1 0 1 1 2 2 2 1 1 0 0 2 2 1 1 2 1 0 2 2 1 1 0 0 1 1 2 0 0 2 2 1 2 2 2 2 2 2 2 2 2 0 0 1 2 2 2 1 1 0 2 1 1 0 0 2 0 0 0 0 1 1 1 0 0 1 2 2 2 2 2 2 0 1 0 1 2 2 1 2 1 1 2 0 0 0 0 1 1 2 0 0 2 1 2 2 2 2 2 0 1 0 1 1 2 2 2 1 1 0 0 2 2 1
0.290065231572082 0.619482717628324 -0.401254907267706 -0.0245591115674911 -0.932541634271753 -1 2 2 2 1 2 2 1 1 0 0 0 0 2 0 0 2 2 1 2 2 1 2 2 2 1 2 2 1 1 0 1 0 1 1 2 0 2 1 0 1 0 2 0 1 1 0 1 0 0 0 1 2 2 2 0 2 2 0 0 2 0 1 2 2 0 2 1 0 1 0 0 0 1 2 2 2 1 0 2 1 1 2 2 2 1 1 2 2 1 0 2 1 2 0 1 0 0 2 1 1 -2 -2 -2 -1 -2 -2 -1 -1 0 0 0 0 -2 0 0 -2 -2 -1 -2 -2 -1 -2 -2 -2 -1 -2 -2 -1 -1 0 -1 0 -1 -1 -2 0 -2 -1 0 -1 0 -2 0 -1 -1 0 -1 0 0 0 -1 -2 -2 -2 0 -2 -2 0 0 -2 0 -1 -2 -2 0 -2 -1 0 -1 0 0 0 -1 -2 -2 -2 -1 0 -2 -1 -1 -2 -2 -2 -1 -1 -2 -2 -1 0 -2 -1 -2 0 -1 0 0 -2 -1 -1
-1.57979697366838 -1.40698327918539 -0.512397242802267 0.440723704726814 1.51091619093197 -1 1 2 1 0 1 2 2 2 0 0 0 0 2 1 0 2 2 2 2 2 1 1 2 1 2 1 1 1 0 1 2 2 0 0 2 0 2 1 0 0 0 2 0 1 1 0 2 2 1 0 1 2 2 2 1 2 2 1 1 2 0 0 0 1 0 2 1 1 2 0 1 0 2 2 2 1 1 0 2 2 1 2 2 2 0 1 1 2 2 1 2 2 2 1 1 0 0 1 1 2 -1 -2 -1 0 -1 -2 -2 -2 0 0 0 0 -2 -1 0 -2 -2 -2 -2 -2 -1 -1 -2 -1 -2 -1 -1 -1 0 -1 -2 -2 0 0 -2 0 -2 -1 0 0 0 -2 0 -1 -1 0 -2 -2 -1 0 -1 -2 -2 -2 -1 -2 -2 -1 -1 -2 0 0 0 -1 0 -2 -1 -1 -2 0 -1 0 -2 -2 -2 -1 -1 0 -2 -2 -1 -2 -2 -2 0 -1 -1 -2 -2 -1 -2 -2 -2 -1 -1 0 0 -1 -1 -2
0.0450596320630608 1.36197557624501 -0.127921920628114 0.441641763428619 0.602543751821531 -1 2 2 1 1 0 1 0 1 0 0 0 0 1 0 0 2 2 1 1 1 0 1 2 1 2 2 1 0 0 0 1 1 0 0 0 0 1 1 0 0 0 2 0 0 0 0 1 2 1 1 0 2 1 1 0 1 2 1 1 2 0 0 1 2 0 2 2 2 2 0 0 0 1 1 1 1 0 0 2 1 1 2 2 2 0 0 0 0 0 1 1 0 1 1 2 1 0 1 2 1 -2 -2 -1 -1 0 -1 0 -1 0 0 0 0 -1 0 0 -2 -2 -1 -1 -1 0 -1 -2 -1 -2 -2 -1 0 0 0 -1 -1 0 0 0 0 -1 -1 0 0 0 -2 0 0 0 0 -1 -2 -1 -1 0 -2 -1 -1 0 -1 -2 -1 -1 -2 0 0 -1 -2 0 -2 -2 -2 -2 0 0 0 -1 -1 -1 -1 0 0 -2 -1 -1 -2 -2 -2 0 0 0 0 0 -1 -1 0 -1 -1 -2 -1 0 -1 -2 -1
-0.14100767965667 -0.596444494643428 -1.30134023486408 -2.81265512645399 0.636195385006498 -1 2 2 1 1 2 2 1 2 1 0 0 0 2 1 1 1 2 2 2 2 1 0 2 1 2 2 2 0 0 1 2 1 1 0 0 0 2 1 1 1 2 2 0 0 0 0 1 2 0 0 0 2 2 2 1 2 1 1 1 2 0 1 2 2 0 2 1 2 2 1 0 1 2 1 2 2 1 1 2 2 2 2 2 2 2 0 1 2 1 0 2 2 2 1 2 2 2 2 2 1 -2 -2 -1 -1 -2 -2 -1 -2 -1 0 0 0 -2 -1 -1 -1 -2 -2 -2 -2 -1 0 -2 -1 -2 -2 -2 0 0 -1 -2 -1 -1 0 0 0 -2 -1 -1 -1 -2 -2 0 0 0 0 -1 -2 0 0 0 -2 -2 -2 -1 -2 -1 -1 -1 -2 0 -1 -2 -2 0 -2 -1 -2 -2 -1 0 -1 -2 -1 -2 -2 -1 -1 -2 -2 -2 -2 -2 -2 -2 0 -1 -2 -1 0 -2 -2 -2 -1 -2 -2 -2 -2 -2 -1
0.312956945934179 -0.993527962021996 -0.700140219061837 0.861312050999349 1.21789547377231 -1 2 2 1 0 1 2 2 1 0 1 1 0 2 1 1 2 1 1 0 2 1 1 1 1 1 2 1 0 0 0 0 1 0 0 1 1 2 1 0 0 0 2 0 2 1 0 2 1 0 0 0 2 2 1 1 2 2 1 1 2 1 2 1 1 0 1 1 1 2 0 0 0 2 2 2 2 2 2 2 2 1 1 2 2 2 1 1 2 2 1 2 0 2 1 1 0 1 2 1 1 -2 -2 -1 0 -1 -2 -2 -1 0 -1 -1 0 -2 -1 -1 -2 -1 -1 0 -2 -1 -1 -1 -1 -1 -2 -1 0 0 0 0 -1 0 0 -1 -1 -2 -1 0 0 0 -2 0 -2 -1 0 -2 -1 0 0 0 -2 -2 -1 -1 -2 -2 -1 -1 -2 -1 -2 -1 -1 0 -1 -1 -1 -2 0 0 0 -2 -2 -2 -2 -2 -2 -2 -2 -1 -1 -2 -2 -2 -1 -1 -2 -2 -1 -2 0 -2 -1 -1 0 -1 -2 -1 -1
-1.47035293334401 -0.533179680522088 -0.0197324152267835 1.25357995590362 -1.91439673322417 1 1 1 0 0 2 2 1 2 0 0 0 0 2 0 0 2 2 1 1 2 1 2 1 0 1 2 2 1 1 2 2 2 1 0 1 0 2 1 0 2 0 2 0 1 0 0 1 2 0 0 0 1 2 2 2 1 2 2 2 2 0 1 1 2 0 2 2 2 2 0 0 0 1 2 2 2 0 0 2 0 0 1 1 2 1 2 2 2 2 0 2 1 2 1 2 1 2 2 1 2 1 1 0 0 2 2 1 2 0 0 0 0 2 0 0 2 2 1 1 2 1 2 1 0 1 2 2 1 1 2 2 2 1 0 1 0 2 1 0 2 0 2 0 1 0 0 1 2 0 0 0 1 2 2 2 1 2 2 2 2 0 1 1 2 0 2 2 2 2 0 0 0 1 2 2 2 0 0 2 0 0 1 1 2 1 2 2 2 2 0 2 1 2 1 2 1 2 2 1 2
0.796150021672 -0.070567220480197 2.01005513412448 0.749832346641079 0.0159340291110214 1 2 2 1 0 2 2 1 2 0 1 0 0 2 0 0 1 2 0 0 1 0 1 2 1 2 2 2 0 1 2 2 1 1 0 0 0 2 2 1 2 1 2 1 1 0 0 2 2 1 0 0 1 2 1 1 1 1 0 0 2 0 1 1 2 0 2 2 2 2 0 0 0 2 2 2 2 2 1 2 2 1 2 2 2 2 0 0 0 1 0 2 0 0 1 1 1 1 2 2 2 2 2 1 0 2 2 1 2 0 1 0 0 2 0 0 1 2 0 0 1 0 1 2 1 2 2 2 0 1 2 2 1 1 0 0 0 2 2 1 2 1 2 1 1 0 0 2 2 1 0 0 1 2 1 1 1 1 0 0 2 0 1 1 2 0 2 2 2 2 0 0 0 2 2 2 2 2 1 2 2 1 2 2 2 2 0 0 0 1 0 2 0 0 1 1 1 1 2 2 2
0.225266561328798 -0.709203494194319 -0.896351713082864 0.172255077820653 0.0900312151117071 -1 2 1 0 1 2 1 0 2 0 1 0 1 2 0 0 2 1 2 1 2 1 0 2 1 2 2 2 0 0 1 2 2 0 0 0 0 1 1 0 2 1 2 1 1 0 0 1 1 1 1 1 2 2 2 2 2 2 0 1 2 0 1 2 2 0 2 2 2 2 0 2 1 1 1 1 2 0 0 2 1 2 2 1 1 1 0 0 2 2 0 2 0 1 0 2 2 1 2 1 1 -2 -1 0 -1 -2 -1 0 -2 0 -1 0 -1 -2 0 0 -2 -1 -2 -1 -2 -1 0 -2 -1 -2 -2 -2 0 0 -1 -2 -2 0 0 0 0 -1 -1 0 -2 -1 -2 -1 -1 0 0 -1 -1 -1 -1 -1 -2 -2 -2 -2 -2 -2 0 -1 -2 0 -1 -2 -2 0 -2 -2 -2 -2 0 -2 -1 -1 -1 -1 -2 0 0 -2 -1 -2 -2 -1 -1 -1 0 0 -2 -2 0 -2 0 -1 0 -2 -2 -1 -2 -1 -1
-1.41471458236456 1.11879312990764 -0.293798560873772 0.753297355966124 0.883174222462 1 0 1 0 0 1 2 0 2 0 1 0 0 2 0 0 2 2 0 1 2 1 1 2 1 2 2 2 0 1 2 2 2 2 1 2 0 2 1 1 1 0 2 0 1 1 0 1 2 1 0 0 1 1 0 1 2 2 2 1 2 0 0 1 2 0 2 2 2 2 0 1 1 1 1 2 2 0 0 2 2 2 1 0 2 2 1 1 1 1 0 2 0 2 2 1 0 0 1 1 2 0 1 0 0 1 2 0 2 0 1 0 0 2 0 0 2 2 0 1 2 1 1 2 1 2 2 2 0 1 2 2 2 2 1 2 0 2 1 1 1 0 2 0 1 1 0 1 2 1 0 0 1 1 0 1 2 2 2 1 2 0 0 1 2 0 2 2 2 2 0 1 1 1 1 2 2 0 0 2 2 2 1 0 2 2 1 1 1 1 0 2 0 2 2 1 0 0 1 1 2
-1.28084943970783 -0.466580016506365 1.44502864123609 -0.0813489442991356 -1.00703004405504 1 1 2 1 0 2 2 2 2 0 1 1 0 2 0 0 1 2 1 1 2 1 1 2 1 2 1 1 1 1 1 1 1 0 1 1 0 1 2 0 2 1 2 0 0 1 0 1 2 0 0 0 2 2 2 1 2 2 1 1 2 0 1 2 2 0 2 2 2 2 0 0 0 2 2 2 2 0 0 1 0 2 2 2 2 2 2 1 0 1 0 2 1 2 2 2 1 2 2 2 2 1 2 1 0 2 2 2 2 0 1 1 0 2 0 0 1 2 1 1 2 1 1 2 1 2 1 1 1 1 1 1 1 0 1 1 0 1 2 0 2 1 2 0 0 1 0 1 2 0 0 0 2 2 2 1 2 2 1 1 2 0 1 2 2 0 2 2 2 2 0 0 0 2 2 2 2 0 0 1 0 2 2 2 2 2 2 1 0 1 0 2 1 2 2 2 1 2 2 2 2
0.544150493990462 -1.17158275814955 0.242419014187271 1.19769146065856 -1.40832725115025 -1 1 2 2 1 1 2 0 1 0 0 0 0 2 0 0 2 1 2 1 2 0 2 2 0 0 1 0 0 1 1 2 1 1 0 0 0 2 1 0 1 1 2 0 1 1 0 1 2 1 0 0 1 2 1 1 2 2 1 1 2 0 2 2 2 1 2 2 2 2 0 1 0 2 2 2 2 0 0 2 1 1 1 1 2 0 1 1 0 1 0 1 0 1 0 2 0 1 2 1 0 -1 -2 -2 -1 -1 -2 0 -1 0 0 0 0 -2 0 0 -2 -1 -2 -1 -2 0 -2 -2 0 0 -1 0 0 -1 -1 -2 -1 -1 0 0 0 -2 -1 0 -1 -1 -2 0 -1 -1 0 -1 -2 -1 0 0 -1 -2 -1 -1 -2 -2 -1 -1 -2 0 -2 -2 -2 -1 -2 -2 -2 -2 0 -1 0 -2 -2 -2 -2 0 0 -2 -1 -1 -1 -1 -2 0 -1 -1 0 -1 0 -1 0 -1 0 -2 0 -1 -2 -1 0
0.616933641968966 1.88738089471686 -0.126855503267934 -1.90160753561187 -1.34121126991762 1 2 2 1 0 1 2 0 1 0 0 0 0 2 0 0 2 2 2 2 2 0 1 2 1 2 2 2 1 1 1 2 2 2 2 1 0 2 1 0 0 0 2 0 1 2 0 1 2 2 0 0 1 1 1 0 1 2 0 1 2 0 1 2 2 0 2 2 2 2 0 0 0 1 2 2 2 0 0 1 1 1 1 2 2 2 1 2 1 0 0 2 1 1 0 1 0 1 1 1 2 2 2 1 0 1 2 0 1 0 0 0 0 2 0 0 2 2 2 2 2 0 1 2 1 2 2 2 1 1 1 2 2 2 2 1 0 2 1 0 0 0 2 0 1 2 0 1 2 2 0 0 1 1 1 0 1 2 0 1 2 0 1 2 2 0 2 2 2 2 0 0 0 1 2 2 2 0 0 1 1 1 1 2 2 2 1 2 1 0 0 2 1 1 0 1 0 1 1 1 2
-0.436905374608975 -0.558659970633701 0.85481382666044 -1.07755024151332 -0.601450393969477 1 1 2 2 0 2 2 0 0 0 0 0 0 2 0 0 0 0 1 1 2 1 1 2 1 1 1 2 1 1 1 2 0 0 0 1 0 2 1 0 0 0 2 0 1 1 0 2 2 1 1 1 2 2 0 0 0 1 0 0 1 0 0 1 2 1 2 2 2 2 0 0 0 2 2 2 2 0 0 2 1 1 2 1 1 2 0 0 1 1 0 1 1 1 1 1 0 0 2 2 2 1 2 2 0 2 2 0 0 0 0 0 0 2 0 0 0 0 1 1 2 1 1 2 1 1 1 2 1 1 1 2 0 0 0 1 0 2 1 0 0 0 2 0 1 1 0 2 2 1 1 1 2 2 0 0 0 1 0 0 1 0 0 1 2 1 2 2 2 2 0 0 0 2 2 2 2 0 0 2 1 1 2 1 1 2 0 0 1 1 0 1 1 1 1 1 0 0 2 2 2
0.0349691741430786 -0.129927348769327 -1.9284825978734 1.02657333014079 1.16457344400973 -1 2 2 2 1 2 2 1 2 0 1 0 0 2 1 1 2 2 1 1 1 1 1 2 2 2 2 2 1 1 1 1 1 0 0 0 0 2 1 1 2 0 2 0 0 0 0 2 2 1 0 0 2 2 2 1 2 2 1 0 2 0 1 1 2 1 2 1 1 2 0 0 0 1 1 1 2 1 0 2 2 1 1 2 2 2 0 1 1 1 0 2 1 1 0 1 0 1 2 2 2 -2 -2 -2 -1 -2 -2 -1 -2 0 -1 0 0 -2 -1 -1 -2 -2 -1 -1 -1 -1 -1 -2 -2 -2 -2 -2 -1 -1 -1 -1 -1 0 0 0 0 -2 -1 -1 -2 0 -2 0 0 0 0 -2 -2 -1 0 0 -2 -2 -2 -1 -2 -2 -1 0 -2 0 -1 -1 -2 -1 -2 -1 -1 -2 0 0 0 -1 -1 -1 -2 -1 0 -2 -2 -1 -1 -2 -2 -2 0 -1 -1 -1 0 -2 -1 -1 0 -1 0 -1 -2 -2 -2
0.289103041142416 1.69074680073365 -0.51131723890295 -0.057066526956174 0.738260309692243 -1 1 2 1 0 2 2 2 2 0 1 0 0 2 0 0 2 2 1 1 2 1 2 2 2 2 0 2 0 0 0 1 1 0 0 0 0 2 1 2 2 1 2 0 0 1 0 1 1 1 0 0 1 2 1 1 1 2 0 1 2 0 2 1 2 0 2 2 2 2 0 0 1 1 2 2 2 1 0 2 1 2 2 1 1 0 1 2 2 2 1 2 0 1 0 1 0 0 2 2 2 -1 -2 -1 0 -2 -2 -2 -2 0 -1 0 0 -2 0 0 -2 -2 -1 -1 -2 -1 -2 -2 -2 -2 0 -2 0 0 0 -1 -1 0 0 0 0 -2 -1 -2 -2 -1 -2 0 0 -1 0 -1 -1 -1 0 0 -1 -2 -1 -1 -1 -2 0 -1 -2 0 -2 -1 -2 0 -2 -2 -2 -2 0 0 -1 -1 -2 -2 -2 -1 0 -2 -1 -2 -2 -1 -1 0 -1 -2 -2 -2 -1 -2 0 -1 0 -1 0 0 -2 -2 -2
0.695175184601133 -2.04144062302748 -0.843376408889986 -1.0424524492936 0.43230464340069 -1 2 2 0 0 2 2 1 2 1 0 1 0 2 0 0 2 2 1 1 2 2 2 2 1 2 2 2 1 1 1 1 1 1 1 1 0 2 1 0 0 0 2 0 1 0 0 1 1 1 0 0 1 1 1 0 2 2 1 2 2 0 2 2 2 1 2 2 2 2 0 0 0 2 2 2 2 0 1 2 0 2 0 2 2 2 0 1 1 2 0 2 2 2 0 1 1 0 2 0 0 -2 -2 0 0 -2 -2 -1 -2 -1 0 -1 0 -2 0 0 -2 -2 -1 -1 -2 -2 -2 -2 -1 -2 -2 -2 -1 -1 -1 -1 -1 -1 -1 -1 0 -2 -1 0 0 0 -2 0 -1 0 0 -1 -1 -1 0 0 -1 -1 -1 0 -2 -2 -1 -2 -2 0 -2 -2 -2 -1 -2 -2 -2 -2 0 0 0 -2 -2 -2 -2 0 -1 -2 0 -2 0 -2 -2 -2 0 -1 -1 -2 0 -2 -2 -2 0 -1 -1 0 -2 0 0
-0.0623728409421532 1.62633735675366 0.676601546238837 1.41112731180152 0.868567374818629 -1 2 2 0 1 2 2 2 1 0 0 1 1 2 1 0 1 1 0 0 1 1 1 2 1 2 1 1 0 0 0 1 1 0 0 0 0 2 0 0 0 0 2 0 0 0 0 1 1 2 0 0 1 2 1 0 1 2 2 2 2 0 1 2 2 1 2 1 2 2 0 0 0 1 1 2 2 1 0 2 0 0 0 1 2 1 1 1 1 1 0 2 1 1 2 2 0 0 2 2 2 -2 -2 0 -1 -2 -2 -2 -1 0 0 -1 -1 -2 -1 0 -1 -1 0 0 -1 -1 -1 -2 -1 -2 -1 -1 0 0 0 -1 -1 0 0 0 0 -2 0 0 0 0 -2 0 0 0 0 -1 -1 -2 0 0 -1 -2 -1 0 -1 -2 -2 -2 -2 0 -1 -2 -2 -1 -2 -1 -2 -2 0 0 0 -1 -1 -2 -2 -1 0 -2 0 0 0 -1 -2 -1 -1 -1 -1 -1 0 -2 -1 -1 -2 -2 0 0 -2 -2 -2
0.32987426560092 2.02040234553911 0.120468382403557 -0.219811200705584 1.27543585863721 -1 1 0 1 1 2 2 2 2 0 0 0 0 2 0 0 2 1 1 2 2 1 1 2 0 1 1 2 0 1 1 2 1 1 0 2 0 1 1 0 0 0 2 0 0 0 0 1 2 2 1 0 1 2 2 2 1 2 1 1 2 0 0 1 2 0 2 2 2 1 0 0 0 1 1 2 2 0 0 2 2 2 1 2 2 1 1 0 1 2 0 2 0 1 1 2 0 0 2 2 2 -1 0 -1 -1 -2 -2 -2 -2 0 0 0 0 -2 0 0 -2 -1 -1 -2 -2 -1 -1 -2 0 -1 -1 -2 0 -1 -1 -2 -1 -1 0 -2 0 -1 -1 0 0 0 -2 0 0 0 0 -1 -2 -2 -1 0 -1 -2 -2 -2 -1 -2 -1 -1 -2 0 0 -1 -2 0 -2 -2 -2 -1 0 0 0 -1 -1 -2 -2 0 0 -2 -2 -2 -1 -2 -2 -1 -1 0 -1 -2 0 -2 0 -1 -1 -2 0 0 -2 -2 -2
-0.548649691930482 -2.12667484323324 1.30519687206563 0.503203880438239 -1.08346950852572 -1 1 1 0 0 2 2 1 2 1 1 1 0 1 0 0 2 2 2 2 2 0 0 2 2 2 2 2 1 0 1 2 2 1 0 0 0 0 0 0 1 1 2 0 1 1 0 2 2 1 0 0 1 2 2 1 2 1 0 1 2 0 1 0 2 0 2 1 2 2 0 0 0 1 1 2 2 1 0 2 0 0 1 1 2 1 0 1 2 1 0 1 0 2 0 0 0 0 1 1 1 -1 -1 0 0 -2 -2 -1 -2 -1 -1 -1 0 -1 0 0 -2 -2 -2 -2 -2 0 0 -2 -2 -2 -2 -2 -1 0 -1 -2 -2 -1 0 0 0 0 0 0 -1 -1 -2 0 -1 -1 0 -2 -2 -1 0 0 -1 -2 -2 -1 -2 -1 0 -1 -2 0 -1 0 -2 0 -2 -1 -2 -2 0 0 0 -1 -1 -2 -2 -1 0 -2 0 0 -1 -1 -2 -1 0 -1 -2 -1 0 -1 0 -2 0 0 0 0 -1 -1 -1
-0.389558813270738 2.79349302024892 0.839625138645106 0.0203729704603122 -0.171668035787334 1 2 2 2 2 2 2 2 2 0 0 0 0 2 1 0 2 2 1 1 2 1 1 2 2 2 2 2 1 0 2 2 2 1 0 0 0 1 1 0 0 0 2 0 0 1 0 2 2 1 0 0 1 1 1 0 0 0 0 0 2 0 1 2 2 0 2 1 2 2 0 0 0 1 2 2 1 0 0 2 2 1 2 2 2 1 1 1 1 1 0 2 1 1 1 0 0 0 2 1 1 2 2 2 2 2 2 2 2 0 0 0 0 2 1 0 2 2 1 1 2 1 1 2 2 2 2 2 1 0 2 2 2 1 0 0 0 1 1 0 0 0 2 0 0 1 0 2 2 1 0 0 1 1 1 0 0 0 0 0 2 0 1 2 2 0 2 1 2 2 0 0 0 1 2 2 1 0 0 2 2 1 2 2 2 1 1 1 1 1 0 2 1 1 1 0 0 0 2 1 1
-0.841087634365491 -1.52811603021398 -0.978233304736721 0.914482779966428 -1.15008824475968 -1 1 2 1 0 2 2 0 1 0 0 1 0 2 0 0 2 2 0 0 2 1 2 2 1 2 2 2 0 1 2 1 2 1 0 1 0 2 1 0 2 0 2 0 0 2 1 2 2 2 0 0 1 2 2 2 1 1 0 1 2 0 0 2 2 0 2 2 2 2 0 2 1 2 2 2 2 1 0 2 2 2 2 2 2 1 2 1 1 2 1 2 2 2 1 2 1 1 2 2 2 -1 -2 -1 0 -2 -2 0 -1 0 0 -1 0 -2 0 0 -2 -2 0 0 -2 -1 -2 -2 -1 -2 -2 -2 0 -1 -2 -1 -2 -1 0 -1 0 -2 -1 0 -2 0 -2 0 0 -2 -1 -2 -2 -2 0 0 -1 -2 -2 -2 -1 -1 0 -1 -2 0 0 -2 -2 0 -2 -2 -2 -2 0 -2 -1 -2 -2 -2 -2 -1 0 -2 -2 -2 -2 -2 -2 -1 -2 -1 -1 -2 -1 -2 -2 -2 -1 -2 -1 -1 -2 -2 -2
