-0.676241322742358 -0.585117983379849 -0.890019532903388 1.40026723665139 -0.32384933446859 -1 1 1 2 2 2 1 2 1 2 1 0 1 1 1 2 0 1 0 0 2 2 0 2 1 0 1 2 1 0 0 2 1 1 0 1 2 2 2 2 1 1 1 2 1 0 2 2 0 2 1 2 2 1 0 1 1 1 2 0 0 0 1 2 1 0 1 1 0 0 1 2 1 1 2 0 0 1 1 2 0 0 2 1 1 2 2 2 1 2 0 1 1 0 0 2 1 0 0 0 1 -1 -1 -2 -2 -2 -1 -2 -1 -2 -1 0 -1 -1 -1 -2 0 -1 0 0 -2 -2 0 -2 -1 0 -1 -2 -1 0 0 -2 -1 -1 0 -1 -2 -2 -2 -2 -1 -1 -1 -2 -1 0 -2 -2 0 -2 -1 -2 -2 -1 0 -1 -1 -1 -2 0 0 0 -1 -2 -1 0 -1 -1 0 0 -1 -2 -1 -1 -2 0 0 -1 -1 -2 0 0 -2 -1 -1 -2 -2 -2 -1 -2 0 -1 -1 0 0 -2 -1 0 0 0 -1
0.323096813886795 0.797446442550621 -1.20588911939467 -0.0520496975738978 -0.994485477238996 -1 2 2 2 0 2 0 2 0 2 2 1 2 2 1 2 0 2 1 0 2 1 0 0 0 0 1 1 2 0 0 2 1 0 0 0 2 1 2 1 2 1 1 1 2 2 2 1 0 2 1 2 2 2 1 2 1 0 0 0 0 0 1 2 1 0 1 2 1 0 0 2 1 0 2 0 1 2 0 2 1 1 1 1 2 2 2 1 1 1 1 0 1 0 2 2 0 1 0 1 0 -2 -2 -2 0 -2 0 -2 0 -2 -2 -1 -2 -2 -1 -2 0 -2 -1 0 -2 -1 0 0 0 0 -1 -1 -2 0 0 -2 -1 0 0 0 -2 -1 -2 -1 -2 -1 -1 -1 -2 -2 -2 -1 0 -2 -1 -2 -2 -2 -1 -2 -1 0 0 0 0 0 -1 -2 -1 0 -1 -2 -1 0 0 -2 -1 0 -2 0 -1 -2 0 -2 -1 -1 -1 -1 -2 -2 -2 -1 -1 -1 -1 0 -1 0 -2 -2 0 -1 0 -1 0
-1.57106186065355 -1.41031644671592 -0.617574072996535 -0.329525668869894 -0.199011832894696 1 1 0 2 1 2 1 2 2 2 1 1 2 2 0 1 0 1 0 1 2 2 0 2 1 1 1 1 0 0 0 2 0 0 0 0 0 1 2 1 1 1 0 1 0 1 1 2 0 2 0 1 0 2 0 2 1 1 1 1 0 0 1 2 0 0 1 0 1 0 1 2 1 0 1 0 0 2 1 2 1 0 1 0 0 0 0 1 0 0 0 1 0 0 1 2 1 0 1 1 0 1 0 2 1 2 1 2 2 2 1 1 2 2 0 1 0 1 0 1 2 2 0 2 1 1 1 1 0 0 0 2 0 0 0 0 0 1 2 1 1 1 0 1 0 1 1 2 0 2 0 1 0 2 0 2 1 1 1 1 0 0 1 2 0 0 1 0 1 0 1 2 1 0 1 0 0 2 1 2 1 0 1 0 0 0 0 1 0 0 0 1 0 0 1 2 1 0 1 1 0
-1.32782220104727 -1.32274422764376 -0.601310991709635 -1.01451499363283 0.0630989163683481 1 2 0 2 0 1 0 2 1 2 2 1 2 2 0 1 0 1 0 1 2 2 0 0 0 0 0 1 2 0 0 2 0 0 0 2 2 2 1 2 0 0 0 1 1 2 0 1 0 1 0 1 0 2 0 2 1 1 2 1 1 0 2 2 0 1 1 1 2 0 0 2 1 2 2 0 0 1 1 2 0 0 1 1 2 2 2 2 0 0 0 2 1 0 1 1 0 0 1 2 0 2 0 2 0 1 0 2 1 2 2 1 2 2 0 1 0 1 0 1 2 2 0 0 0 0 0 1 2 0 0 2 0 0 0 2 2 2 1 2 0 0 0 1 1 2 0 1 0 1 0 1 0 2 0 2 1 1 2 1 1 0 2 2 0 1 1 1 2 0 0 2 1 2 2 0 0 1 1 2 0 0 1 1 2 2 2 2 0 0 0 2 1 0 1 1 0 0 1 2 0
-0.628926113899392 0.211816318537972 -0.219544566250181 0.125011771083245 -0.49303962999573 1 2 1 2 1 1 1 2 2 2 1 1 2 2 1 2 0 2 0 0 1 0 0 0 1 0 1 0 1 0 0 2 0 1 0 1 2 1 0 1 0 1 0 1 0 0 2 2 1 2 1 2 1 0 0 1 1 1 1 1 0 1 2 1 0 0 0 0 1 0 1 2 1 1 2 1 0 2 2 2 1 1 1 2 2 1 1 0 0 0 1 1 1 0 2 2 1 0 1 2 0 2 1 2 1 1 1 2 2 2 1 1 2 2 1 2 0 2 0 0 1 0 0 0 1 0 1 0 1 0 0 2 0 1 0 1 2 1 0 1 0 1 0 1 0 0 2 2 1 2 1 2 1 0 0 1 1 1 1 1 0 1 2 1 0 0 0 0 1 0 1 2 1 1 2 1 0 2 2 2 1 1 1 2 2 1 1 0 0 0 1 1 1 0 2 2 1 0 1 2 0
0.473103699520993 0.314707227870505 1.58183183567561 -0.0643096135266571 -0.739647997862671 -1 2 1 2 1 2 2 2 1 2 2 1 2 2 1 1 0 1 0 0 0 1 0 0 0 0 1 1 1 1 1 2 0 1 0 2 2 2 2 2 1 0 0 0 0 1 2 1 1 2 0 2 2 1 0 2 1 0 1 0 0 0 0 2 0 1 1 0 1 0 2 2 2 1 2 2 2 2 2 2 1 0 1 0 1 0 1 1 0 0 2 1 1 0 1 2 1 1 2 2 0 -2 -1 -2 -1 -2 -2 -2 -1 -2 -2 -1 -2 -2 -1 -1 0 -1 0 0 0 -1 0 0 0 0 -1 -1 -1 -1 -1 -2 0 -1 0 -2 -2 -2 -2 -2 -1 0 0 0 0 -1 -2 -1 -1 -2 0 -2 -2 -1 0 -2 -1 0 -1 0 0 0 0 -2 0 -1 -1 0 -1 0 -2 -2 -2 -1 -2 -2 -2 -2 -2 -2 -1 0 -1 0 -1 0 -1 -1 0 0 -2 -1 -1 0 -1 -2 -1 -1 -2 -2 0
0.922402829693905 -0.111860964585342 -0.052139962588808 0.678098141532223 -1.1457315544428 -1 2 1 2 0 1 1 2 2 2 1 0 1 2 1 1 0 1 0 0 2 2 0 0 0 0 1 0 1 0 0 2 0 0 1 1 2 2 1 1 0 0 1 1 0 0 0 0 0 0 0 2 2 2 1 1 1 0 1 0 0 0 1 2 1 2 2 2 2 0 1 2 0 1 2 0 0 0 1 2 1 0 2 2 2 2 0 0 0 0 1 1 1 0 1 2 0 1 2 2 0 -2 -1 -2 0 -1 -1 -2 -2 -2 -1 0 -1 -2 -1 -1 0 -1 0 0 -2 -2 0 0 0 0 -1 0 -1 0 0 -2 0 0 -1 -1 -2 -2 -1 -1 0 0 -1 -1 0 0 0 0 0 0 0 -2 -2 -2 -1 -1 -1 0 -1 0 0 0 -1 -2 -1 -2 -2 -2 -2 0 -1 -2 0 -1 -2 0 0 0 -1 -2 -1 0 -2 -2 -2 -2 0 0 0 0 -1 -1 -1 0 -1 -2 0 -1 -2 -2 0
0.932084314806806 -1.0403571419949 0.190800286268017 1.23277445763814 -0.0104476714647532 1 2 1 2 0 2 1 2 1 2 1 1 2 2 1 2 1 2 1 0 2 1 0 0 0 0 1 2 2 0 0 2 0 1 0 0 2 2 2 2 2 1 1 1 0 1 2 2 2 2 1 1 2 2 0 2 1 1 2 0 1 2 1 2 0 0 1 1 1 0 2 2 1 0 2 0 0 1 1 1 1 1 2 1 1 0 1 1 2 1 1 2 1 0 1 2 0 1 2 2 0 2 1 2 0 2 1 2 1 2 1 1 2 2 1 2 1 2 1 0 2 1 0 0 0 0 1 2 2 0 0 2 0 1 0 0 2 2 2 2 2 1 1 1 0 1 2 2 2 2 1 1 2 2 0 2 1 1 2 0 1 2 1 2 0 0 1 1 1 0 2 2 1 0 2 0 0 1 1 1 1 1 2 1 1 0 1 1 2 1 1 2 1 0 1 2 0 1 2 2 0
-0.491908762352533 0.982622931997193 -0.277103329378792 -0.0781483246663886 1.3966492417686 -1 2 1 2 2 2 1 2 2 1 1 1 2 1 0 1 0 2 0 0 1 0 0 0 0 1 1 1 1 0 0 2 1 1 0 1 2 2 2 1 0 0 1 0 0 2 2 1 0 0 0 1 1 1 0 1 1 0 2 0 0 1 1 2 0 1 1 2 1 0 0 1 0 2 2 1 0 2 1 1 1 0 1 2 2 2 2 2 1 1 2 2 2 1 1 1 1 1 2 2 0 -2 -1 -2 -2 -2 -1 -2 -2 -1 -1 -1 -2 -1 0 -1 0 -2 0 0 -1 0 0 0 0 -1 -1 -1 -1 0 0 -2 -1 -1 0 -1 -2 -2 -2 -1 0 0 -1 0 0 -2 -2 -1 0 0 0 -1 -1 -1 0 -1 -1 0 -2 0 0 -1 -1 -2 0 -1 -1 -2 -1 0 0 -1 0 -2 -2 -1 0 -2 -1 -1 -1 0 -1 -2 -2 -2 -2 -2 -1 -1 -2 -2 -2 -1 -1 -1 -1 -1 -2 -2 0
-0.125867890542954 -0.486887262487029 1.18642745872813 0.298068831556325 0.565600314072736 1 2 1 2 2 2 0 2 1 2 1 1 2 2 1 1 0 1 0 0 2 2 0 1 1 0 1 2 2 0 0 2 1 1 0 1 2 2 1 1 0 0 1 0 0 1 2 2 2 2 1 2 2 2 0 2 0 1 2 1 0 0 0 2 1 2 2 2 1 0 2 2 1 0 2 0 0 1 1 2 1 0 1 0 2 2 2 2 0 1 1 2 2 0 0 2 2 2 1 1 0 2 1 2 2 2 0 2 1 2 1 1 2 2 1 1 0 1 0 0 2 2 0 1 1 0 1 2 2 0 0 2 1 1 0 1 2 2 1 1 0 0 1 0 0 1 2 2 2 2 1 2 2 2 0 2 0 1 2 1 0 0 0 2 1 2 2 2 1 0 2 2 1 0 2 0 0 1 1 2 1 0 1 0 2 2 2 2 0 1 1 2 2 0 0 2 2 2 1 1 0
1.74019104424188 0.221581066522264 -0.62894616937932 -1.019394763443 -0.85371546058017 -1 2 2 2 2 2 2 2 2 2 1 1 2 1 0 1 0 0 0 0 0 0 0 1 0 1 1 1 1 0 0 2 1 1 0 1 2 2 2 2 0 0 0 0 0 1 1 1 1 1 1 2 2 1 0 2 1 0 1 0 0 0 1 2 1 2 2 2 2 0 1 2 0 0 2 0 0 2 2 2 0 0 2 2 1 1 2 1 1 1 2 2 1 0 1 2 2 2 2 1 0 -2 -2 -2 -2 -2 -2 -2 -2 -2 -1 -1 -2 -1 0 -1 0 0 0 0 0 0 0 -1 0 -1 -1 -1 -1 0 0 -2 -1 -1 0 -1 -2 -2 -2 -2 0 0 0 0 0 -1 -1 -1 -1 -1 -1 -2 -2 -1 0 -2 -1 0 -1 0 0 0 -1 -2 -1 -2 -2 -2 -2 0 -1 -2 0 0 -2 0 0 -2 -2 -2 0 0 -2 -2 -1 -1 -2 -1 -1 -1 -2 -2 -1 0 -1 -2 -2 -2 -2 -1 0
-0.824112876501954 -0.225350894864255 0.188798627975995 0.46738233351845 0.482475863480938 -1 1 0 2 1 1 0 2 1 2 2 0 2 2 1 1 0 0 0 0 2 2 0 1 0 0 1 0 1 0 0 2 1 0 0 1 2 2 2 2 1 0 2 1 1 0 2 2 1 1 0 2 1 2 1 2 2 2 2 0 0 0 1 2 0 1 0 1 0 0 2 1 1 0 2 0 0 2 2 2 1 1 1 1 2 1 2 2 0 0 1 1 0 1 2 2 1 1 2 2 0 -1 0 -2 -1 -1 0 -2 -1 -2 -2 0 -2 -2 -1 -1 0 0 0 0 -2 -2 0 -1 0 0 -1 0 -1 0 0 -2 -1 0 0 -1 -2 -2 -2 -2 -1 0 -2 -1 -1 0 -2 -2 -1 -1 0 -2 -1 -2 -1 -2 -2 -2 -2 0 0 0 -1 -2 0 -1 0 -1 0 0 -2 -1 -1 0 -2 0 0 -2 -2 -2 -1 -1 -1 -1 -2 -1 -2 -2 0 0 -1 -1 0 -1 -2 -2 -1 -1 -2 -2 0
0.28534234018154 0.370153364006047 -0.585362505451999 -1.54685409108916 -1.67227309159931 1 2 0 2 0 1 0 1 1 2 1 1 1 2 0 1 0 2 0 0 1 0 0 1 1 1 2 0 2 0 0 2 0 0 1 2 2 2 2 2 2 1 2 0 1 1 1 2 0 2 1 2 1 1 0 2 0 0 1 0 0 0 1 1 0 2 1 1 1 0 2 2 0 0 2 1 0 1 1 2 2 1 2 0 1 0 0 0 1 0 0 1 1 0 1 2 2 2 2 2 0 2 0 2 0 1 0 1 1 2 1 1 1 2 0 1 0 2 0 0 1 0 0 1 1 1 2 0 2 0 0 2 0 0 1 2 2 2 2 2 2 1 2 0 1 1 1 2 0 2 1 2 1 1 0 2 0 0 1 0 0 0 1 1 0 2 1 1 1 0 2 2 0 0 2 1 0 1 1 2 2 1 2 0 1 0 0 0 1 0 0 1 1 0 1 2 2 2 2 2 0
-0.264120150623472 0.0585951893943528 0.154510803649419 2.47594487570582 0.129336794681704 1 2 1 2 2 2 1 2 1 2 2 2 2 2 0 0 0 1 0 0 1 0 0 1 1 0 1 1 0 0 0 2 0 0 0 0 1 2 2 2 1 2 1 0 0 0 1 2 1 2 0 2 2 2 0 2 0 0 2 0 0 0 1 2 1 2 0 1 0 0 2 2 1 1 2 2 0 2 1 2 1 0 1 1 2 2 2 1 0 1 1 1 1 0 1 2 1 1 1 1 0 2 1 2 2 2 1 2 1 2 2 2 2 2 0 0 0 1 0 0 1 0 0 1 1 0 1 1 0 0 0 2 0 0 0 0 1 2 2 2 1 2 1 0 0 0 1 2 1 2 0 2 2 2 0 2 0 0 2 0 0 0 1 2 1 2 0 1 0 0 2 2 1 1 2 2 0 2 1 2 1 0 1 1 2 2 2 1 0 1 1 1 1 0 1 2 1 1 1 1 0
1.03311303305129 -0.173549940367719 -0.0543369740912234 0.409906085196489 1.49628379677192 -1 2 0 2 0 2 1 2 1 1 1 1 2 2 1 1 0 1 0 0 0 0 1 1 1 0 2 0 1 0 0 2 0 0 0 0 1 1 2 1 1 0 1 0 1 1 1 1 0 2 1 2 2 1 0 2 1 0 1 0 0 1 0 2 2 2 2 2 1 0 2 2 1 1 2 0 0 1 2 2 0 0 1 0 1 2 2 2 0 1 2 2 2 1 1 2 2 2 1 2 0 -2 0 -2 0 -2 -1 -2 -1 -1 -1 -1 -2 -2 -1 -1 0 -1 0 0 0 0 -1 -1 -1 0 -2 0 -1 0 0 -2 0 0 0 0 -1 -1 -2 -1 -1 0 -1 0 -1 -1 -1 -1 0 -2 -1 -2 -2 -1 0 -2 -1 0 -1 0 0 -1 0 -2 -2 -2 -2 -2 -1 0 -2 -2 -1 -1 -2 0 0 -1 -2 -2 0 0 -1 0 -1 -2 -2 -2 0 -1 -2 -2 -2 -1 -1 -2 -2 -2 -1 -2 0
-0.259962296878406 -0.810971186810412 -0.494423681853811 0.118077148983475 -0.922069806775711 1 2 0 2 1 2 1 2 2 2 1 2 2 2 2 2 2 2 0 0 2 1 0 0 0 0 0 0 1 0 0 2 1 0 0 0 0 2 2 2 0 0 0 1 0 1 1 1 1 2 1 2 2 0 0 1 0 0 1 0 0 0 2 2 0 1 2 1 1 0 1 2 0 0 2 0 0 1 1 1 0 0 0 0 1 1 2 1 1 1 2 2 2 1 1 2 1 1 1 0 0 2 0 2 1 2 1 2 2 2 1 2 2 2 2 2 2 2 0 0 2 1 0 0 0 0 0 0 1 0 0 2 1 0 0 0 0 2 2 2 0 0 0 1 0 1 1 1 1 2 1 2 2 0 0 1 0 0 1 0 0 0 2 2 0 1 2 1 1 0 1 2 0 0 2 0 0 1 1 1 0 0 0 0 1 1 2 1 1 1 2 2 2 1 1 2 1 1 1 0 0
-1.03868323985362 0.292741136157988 -0.757354644795946 -1.09822265315961 -1.05529508806188 1 2 2 2 1 1 2 2 1 2 1 1 2 2 0 1 0 1 0 0 2 2 0 1 1 0 0 2 1 0 0 2 0 1 0 1 2 2 2 2 1 1 1 1 0 0 1 2 0 2 1 1 1 2 0 2 2 2 2 0 0 1 1 2 1 1 1 1 0 0 1 2 1 1 2 1 1 2 2 2 0 1 2 1 2 2 1 0 1 0 2 2 1 0 2 2 2 1 2 2 1 2 2 2 1 1 2 2 1 2 1 1 2 2 0 1 0 1 0 0 2 2 0 1 1 0 0 2 1 0 0 2 0 1 0 1 2 2 2 2 1 1 1 1 0 0 1 2 0 2 1 1 1 2 0 2 2 2 2 0 0 1 1 2 1 1 1 1 0 0 1 2 1 1 2 1 1 2 2 2 0 1 2 1 2 2 1 0 1 0 2 2 1 0 2 2 2 1 2 2 1
1.10264293596941 -0.97910287147908 -0.0451052129105555 0.252586564411163 -1.42540837832727 1 1 0 2 0 0 0 1 0 2 1 1 2 2 0 0 0 2 0 1 2 1 0 0 1 1 1 0 0 0 0 2 1 0 0 2 2 2 2 1 1 0 0 2 0 0 0 1 0 0 0 1 2 2 0 1 0 0 2 0 0 0 0 2 0 1 2 0 0 0 1 1 0 1 2 0 0 2 1 2 0 0 2 0 1 1 1 1 1 2 1 1 0 0 2 2 0 0 1 0 0 1 0 2 0 0 0 1 0 2 1 1 2 2 0 0 0 2 0 1 2 1 0 0 1 1 1 0 0 0 0 2 1 0 0 2 2 2 2 1 1 0 0 2 0 0 0 1 0 0 0 1 2 2 0 1 0 0 2 0 0 0 0 2 0 1 2 0 0 0 1 1 0 1 2 0 0 2 1 2 0 0 2 0 1 1 1 1 1 2 1 1 0 0 2 2 0 0 1 0 0
0.010805041214049 -1.35744769443404 -0.439339214491106 -0.543242103257284 1.03955029249775 -1 2 0 2 0 0 0 2 0 2 1 1 2 2 0 1 0 1 0 0 1 0 0 1 1 0 1 0 1 0 0 2 0 1 0 1 2 2 1 0 1 0 0 1 0 0 1 1 1 2 0 1 2 2 0 2 1 1 1 1 0 0 1 2 0 0 1 1 2 0 2 2 1 0 2 0 0 2 2 2 1 0 0 0 0 1 1 2 2 1 2 2 0 0 1 2 1 0 1 2 0 -2 0 -2 0 0 0 -2 0 -2 -1 -1 -2 -2 0 -1 0 -1 0 0 -1 0 0 -1 -1 0 -1 0 -1 0 0 -2 0 -1 0 -1 -2 -2 -1 0 -1 0 0 -1 0 0 -1 -1 -1 -2 0 -1 -2 -2 0 -2 -1 -1 -1 -1 0 0 -1 -2 0 0 -1 -1 -2 0 -2 -2 -1 0 -2 0 0 -2 -2 -2 -1 0 0 0 0 -1 -1 -2 -2 -1 -2 -2 0 0 -1 -2 -1 0 -1 -2 0
-0.367434187906893 0.636198895840127 0.494983646873201 1.29425859875521 0.827756468300645 1 2 1 2 0 2 1 2 1 2 2 0 1 2 0 1 1 2 1 0 2 1 0 0 1 1 1 0 1 0 0 2 1 1 0 0 2 2 2 2 1 0 0 1 0 0 2 2 0 1 0 1 1 1 0 2 1 0 2 0 0 0 1 1 1 1 0 1 1 0 1 2 0 0 2 0 0 1 0 0 2 0 1 1 2 2 1 0 1 1 1 2 1 1 2 2 2 1 2 2 0 2 1 2 0 2 1 2 1 2 2 0 1 2 0 1 1 2 1 0 2 1 0 0 1 1 1 0 1 0 0 2 1 1 0 0 2 2 2 2 1 0 0 1 0 0 2 2 0 1 0 1 1 1 0 2 1 0 2 0 0 0 1 1 1 1 0 1 1 0 1 2 0 0 2 0 0 1 0 0 2 0 1 1 2 2 1 0 1 1 1 2 1 1 2 2 2 1 2 2 0
-0.832501598829087 -0.863675046870098 0.332089494149361 1.34999014899306 0.564521533460894 -1 1 1 2 1 2 0 2 0 1 1 2 2 2 1 1 0 2 0 1 2 0 0 1 0 0 1 1 1 0 0 2 1 0 0 1 2 1 1 2 1 0 1 0 0 0 1 1 0 2 0 0 1 1 1 2 0 0 1 0 1 1 1 2 1 1 0 0 1 0 2 2 0 0 2 0 0 2 2 2 0 0 1 1 1 1 0 2 2 1 0 1 0 0 1 2 1 2 0 1 0 -1 -1 -2 -1 -2 0 -2 0 -1 -1 -2 -2 -2 -1 -1 0 -2 0 -1 -2 0 0 -1 0 0 -1 -1 -1 0 0 -2 -1 0 0 -1 -2 -1 -1 -2 -1 0 -1 0 0 0 -1 -1 0 -2 0 0 -1 -1 -1 -2 0 0 -1 0 -1 -1 -1 -2 -1 -1 0 0 -1 0 -2 -2 0 0 -2 0 0 -2 -2 -2 0 0 -1 -1 -1 -1 0 -2 -2 -1 0 -1 0 0 -1 -2 -1 -2 0 -1 0
-0.026184327599647 -1.50313162883089 0.444087328740368 0.845321762321624 0.622227102930783 1 1 0 2 2 2 0 2 1 2 0 1 2 2 1 2 1 2 0 0 2 1 0 2 0 1 0 1 1 0 1 2 0 0 1 2 1 2 2 2 1 1 0 0 1 1 2 1 0 1 0 1 2 1 0 1 1 1 2 0 0 0 1 2 2 2 1 1 1 0 2 2 2 0 1 0 0 1 1 2 2 0 0 1 1 0 0 1 0 0 2 2 1 1 2 2 1 2 2 1 0 1 0 2 2 2 0 2 1 2 0 1 2 2 1 2 1 2 0 0 2 1 0 2 0 1 0 1 1 0 1 2 0 0 1 2 1 2 2 2 1 1 0 0 1 1 2 1 0 1 0 1 2 1 0 1 1 1 2 0 0 0 1 2 2 2 1 1 1 0 2 2 2 0 1 0 0 1 1 2 2 0 0 1 1 0 0 1 0 0 2 2 1 1 2 2 1 2 2 1 0
0.441010539813382 0.0826003705315975 -1.21104582440537 -0.394736051228147 -0.380563581347793 -1 2 0 2 0 1 0 2 1 2 2 0 2 2 0 1 1 2 0 0 0 1 0 1 1 0 2 2 1 1 1 2 0 1 0 1 1 2 2 1 0 0 1 1 0 1 1 1 0 2 1 2 1 1 0 1 0 0 1 0 0 0 0 2 0 1 1 2 2 0 1 2 2 2 2 1 0 1 1 2 0 2 2 1 2 2 2 1 2 1 1 1 1 0 0 2 2 2 1 1 0 -2 0 -2 0 -1 0 -2 -1 -2 -2 0 -2 -2 0 -1 -1 -2 0 0 0 -1 0 -1 -1 0 -2 -2 -1 -1 -1 -2 0 -1 0 -1 -1 -2 -2 -1 0 0 -1 -1 0 -1 -1 -1 0 -2 -1 -2 -1 -1 0 -1 0 0 -1 0 0 0 0 -2 0 -1 -1 -2 -2 0 -1 -2 -2 -2 -2 -1 0 -1 -1 -2 0 -2 -2 -1 -2 -2 -2 -1 -2 -1 -1 -1 -1 0 0 -2 -2 -2 -1 -1 0
1.11502799032478 -0.0588618983721197 0.573071864065335 2.41629335206215 0.414337213476428 1 2 1 2 1 2 1 2 1 2 2 0 2 2 0 0 0 1 1 0 2 1 0 1 0 1 2 2 2 0 0 2 1 1 0 1 2 2 2 2 1 0 1 0 0 1 2 1 0 0 0 0 1 2 0 1 1 1 1 0 0 0 2 2 1 1 1 0 1 0 0 1 1 1 2 1 0 2 0 2 0 0 0 0 1 2 2 0 1 0 1 1 0 1 2 2 2 1 0 2 0 2 1 2 1 2 1 2 1 2 2 0 2 2 0 0 0 1 1 0 2 1 0 1 0 1 2 2 2 0 0 2 1 1 0 1 2 2 2 2 1 0 1 0 0 1 2 1 0 0 0 0 1 2 0 1 1 1 1 0 0 0 2 2 1 1 1 0 1 0 0 1 1 1 2 1 0 2 0 2 0 0 0 0 1 2 2 0 1 0 1 1 0 1 2 2 2 1 0 2 0
0.272148046785682 0.805224091355618 0.106566672819605 -0.0301134306493511 0.395314235126626 -1 2 1 2 0 1 0 2 0 2 2 0 2 2 0 1 0 1 0 0 2 1 0 1 0 0 0 0 0 0 0 2 0 1 0 1 1 0 0 0 0 1 1 1 1 0 1 2 0 2 1 2 2 2 0 2 0 1 2 1 0 0 1 2 0 1 1 0 0 0 1 2 1 0 2 1 0 2 1 2 0 0 2 2 2 1 1 2 1 2 1 2 0 1 2 2 2 1 1 1 0 -2 -1 -2 0 -1 0 -2 0 -2 -2 0 -2 -2 0 -1 0 -1 0 0 -2 -1 0 -1 0 0 0 0 0 0 0 -2 0 -1 0 -1 -1 0 0 0 0 -1 -1 -1 -1 0 -1 -2 0 -2 -1 -2 -2 -2 0 -2 0 -1 -2 -1 0 0 -1 -2 0 -1 -1 0 0 0 -1 -2 -1 0 -2 -1 0 -2 -1 -2 0 0 -2 -2 -2 -1 -1 -2 -1 -2 -1 -2 0 -1 -2 -2 -2 -1 -1 -1 0
-1.4433255114132 1.41550014909812 -0.676424479127442 1.21190346114253 -0.946547406002002 1 2 1 2 1 2 1 2 1 2 1 1 1 2 0 1 0 0 0 0 1 0 0 1 1 1 1 1 1 0 0 2 1 2 0 1 1 1 2 2 0 0 0 0 0 1 0 2 1 2 0 2 2 2 0 2 1 1 2 0 0 2 2 2 2 2 1 1 1 0 2 2 2 0 2 0 0 2 2 2 1 0 2 0 2 2 1 2 1 1 0 0 1 1 1 2 2 2 2 1 0 2 1 2 1 2 1 2 1 2 1 1 1 2 0 1 0 0 0 0 1 0 0 1 1 1 1 1 1 0 0 2 1 2 0 1 1 1 2 2 0 0 0 0 0 1 0 2 1 2 0 2 2 2 0 2 1 1 2 0 0 2 2 2 2 2 1 1 1 0 2 2 2 0 2 0 0 2 2 2 1 0 2 0 2 2 1 2 1 1 0 0 1 1 1 2 2 2 2 1 0
0.651801110942544 1.46013734757133 -2.01071791339272 0.106883587359486 -1.15221001049164 -1 2 0 2 0 1 0 2 0 2 2 2 2 2 0 1 0 1 0 0 0 0 0 1 0 0 0 1 1 0 0 2 0 0 0 1 2 2 2 2 1 0 0 1 1 1 1 1 1 2 2 2 1 2 1 2 0 0 2 0 0 0 0 2 1 1 2 2 1 0 1 2 1 1 2 1 0 2 1 2 0 0 0 0 2 2 1 1 1 0 1 0 0 0 1 2 2 1 2 1 0 -2 0 -2 0 -1 0 -2 0 -2 -2 -2 -2 -2 0 -1 0 -1 0 0 0 0 0 -1 0 0 0 -1 -1 0 0 -2 0 0 0 -1 -2 -2 -2 -2 -1 0 0 -1 -1 -1 -1 -1 -1 -2 -2 -2 -1 -2 -1 -2 0 0 -2 0 0 0 0 -2 -1 -1 -2 -2 -1 0 -1 -2 -1 -1 -2 -1 0 -2 -1 -2 0 0 0 0 -2 -2 -1 -1 -1 0 -1 0 0 0 -1 -2 -2 -1 -2 -1 0
-0.30442441355839 -0.291344481203408 1.81711051929329 -0.766074314236703 -0.785083762293865 1 2 1 2 0 0 0 2 2 2 1 2 2 2 1 2 0 2 0 0 1 1 0 1 0 0 2 1 2 0 0 2 1 1 0 2 1 2 2 1 0 0 1 1 1 1 1 1 0 2 0 1 0 1 0 1 1 1 2 1 0 1 1 1 0 0 0 2 2 0 2 1 0 1 2 0 0 2 1 1 0 0 2 2 2 2 2 2 2 1 2 1 1 1 2 2 0 1 2 2 0 2 1 2 0 0 0 2 2 2 1 2 2 2 1 2 0 2 0 0 1 1 0 1 0 0 2 1 2 0 0 2 1 1 0 2 1 2 2 1 0 0 1 1 1 1 1 1 0 2 0 1 0 1 0 1 1 1 2 1 0 1 1 1 0 0 0 2 2 0 2 1 0 1 2 0 0 2 1 1 0 0 2 2 2 2 2 2 2 1 2 1 1 1 2 2 0 1 2 2 0
0.674619825935101 0.891715853927202 -0.947927163150134 1.15245782469722 0.39362992455123 1 2 0 2 1 1 0 2 2 2 0 1 2 2 1 2 0 1 0 0 1 1 0 0 0 0 1 2 1 0 0 2 1 0 0 1 2 2 1 2 0 0 1 0 0 0 2 2 1 2 1 2 1 2 0 2 0 0 2 0 0 1 1 2 0 0 0 1 2 0 1 1 0 0 2 1 1 2 2 2 0 0 1 1 2 1 1 2 2 1 0 0 2 1 2 2 1 1 1 2 0 2 0 2 1 1 0 2 2 2 0 1 2 2 1 2 0 1 0 0 1 1 0 0 0 0 1 2 1 0 0 2 1 0 0 1 2 2 1 2 0 0 1 0 0 0 2 2 1 2 1 2 1 2 0 2 0 0 2 0 0 1 1 2 0 0 0 1 2 0 1 1 0 0 2 1 1 2 2 2 0 0 1 1 2 1 1 2 2 1 0 0 2 1 2 2 1 1 1 2 0
1.28513864146221 1.22514830026114 0.0120876308980052 -0.906147057040426 -1.39559980201911 1 2 0 2 0 2 1 2 1 2 2 1 2 2 1 2 0 0 0 0 1 2 1 0 0 0 1 1 2 1 0 2 1 2 0 0 2 2 2 1 1 0 0 1 1 1 1 1 0 1 1 2 0 2 0 2 1 1 0 0 0 1 1 2 1 0 1 2 1 0 1 1 1 0 2 2 0 2 2 2 1 0 2 1 2 2 2 1 1 1 1 2 1 1 2 2 0 1 1 1 0 2 0 2 0 2 1 2 1 2 2 1 2 2 1 2 0 0 0 0 1 2 1 0 0 0 1 1 2 1 0 2 1 2 0 0 2 2 2 1 1 0 0 1 1 1 1 1 0 1 1 2 0 2 0 2 1 1 0 0 0 1 1 2 1 0 1 2 1 0 1 1 1 0 2 2 0 2 2 2 1 0 2 1 2 2 2 1 1 1 1 2 1 1 2 2 0 1 1 1 0
-0.693509587156375 -0.531933716967383 1.24054365952803 1.38322828898398 0.307988994846087 -1 2 1 2 2 1 0 2 1 2 1 2 2 2 1 2 1 2 1 0 0 1 0 0 1 0 1 0 0 0 0 2 1 1 1 1 2 1 1 1 1 0 0 1 1 0 1 2 0 2 1 1 2 0 0 1 0 0 1 0 0 0 1 2 0 1 0 0 0 0 1 1 0 0 2 0 0 2 1 2 0 0 2 0 2 2 2 1 1 2 2 1 2 1 1 2 1 0 1 1 0 -2 -1 -2 -2 -1 0 -2 -1 -2 -1 -2 -2 -2 -1 -2 -1 -2 -1 0 0 -1 0 0 -1 0 -1 0 0 0 0 -2 -1 -1 -1 -1 -2 -1 -1 -1 -1 0 0 -1 -1 0 -1 -2 0 -2 -1 -1 -2 0 0 -1 0 0 -1 0 0 0 -1 -2 0 -1 0 0 0 0 -1 -1 0 0 -2 0 0 -2 -1 -2 0 0 -2 0 -2 -2 -2 -1 -1 -2 -2 -1 -2 -1 -1 -2 -1 0 -1 -1 0
-0.608556124618147 -1.95916920747588 -0.107781979278971 -0.865239089796492 -1.10448431348142 -1 2 2 2 2 2 1 2 0 2 2 1 2 2 1 2 0 1 0 0 1 0 0 1 0 0 0 1 0 0 0 2 1 0 0 1 1 1 2 1 0 1 0 0 0 0 1 1 0 1 0 2 2 2 0 1 0 0 2 0 0 0 2 2 2 1 0 1 1 0 2 2 1 1 2 2 0 2 2 2 0 0 0 0 1 1 0 0 0 0 2 2 1 0 1 2 1 1 0 0 0 -2 -2 -2 -2 -2 -1 -2 0 -2 -2 -1 -2 -2 -1 -2 0 -1 0 0 -1 0 0 -1 0 0 0 -1 0 0 0 -2 -1 0 0 -1 -1 -1 -2 -1 0 -1 0 0 0 0 -1 -1 0 -1 0 -2 -2 -2 0 -1 0 0 -2 0 0 0 -2 -2 -2 -1 0 -1 -1 0 -2 -2 -1 -1 -2 -2 0 -2 -2 -2 0 0 0 0 -1 -1 0 0 0 0 -2 -2 -1 0 -1 -2 -1 -1 0 0 0
-0.468455659734239 0.312459452649402 1.59188131670935 -0.947657300645229 0.656512749833329 1 1 0 2 1 1 1 2 1 2 1 2 2 2 0 1 0 1 1 0 2 1 0 2 2 1 0 1 1 0 0 2 2 2 1 1 2 2 2 2 1 0 1 0 0 0 1 1 0 1 0 2 2 2 0 2 1 0 2 0 0 1 0 2 1 1 1 0 1 0 2 2 0 2 2 2 1 1 2 2 1 0 0 0 0 0 0 2 1 1 1 1 2 1 0 2 1 1 1 2 0 1 0 2 1 1 1 2 1 2 1 2 2 2 0 1 0 1 1 0 2 1 0 2 2 1 0 1 1 0 0 2 2 2 1 1 2 2 2 2 1 0 1 0 0 0 1 1 0 1 0 2 2 2 0 2 1 0 2 0 0 1 0 2 1 1 1 0 1 0 2 2 0 2 2 2 1 1 2 2 1 0 0 0 0 0 0 2 1 1 1 1 2 1 0 2 1 1 1 2 0
-0.0190046588227878 0.219058181344238 -0.460560039274249 -0.510659402638014 -1.69027030803079 1 2 1 2 2 2 1 2 1 2 2 0 0 1 0 0 0 0 0 0 1 1 0 0 0 1 2 2 1 0 0 1 0 0 0 0 2 1 2 2 1 0 0 1 1 0 0 0 0 1 0 2 1 0 0 2 0 0 1 0 0 0 0 2 1 1 2 2 1 0 0 2 1 1 2 1 1 1 0 1 0 0 1 0 1 1 2 0 1 1 2 2 1 0 1 2 2 2 2 1 0 2 1 2 2 2 1 2 1 2 2 0 0 1 0 0 0 0 0 0 1 1 0 0 0 1 2 2 1 0 0 1 0 0 0 0 2 1 2 2 1 0 0 1 1 0 0 0 0 1 0 2 1 0 0 2 0 0 1 0 0 0 0 2 1 1 2 2 1 0 0 2 1 1 2 1 1 1 0 1 0 0 1 0 1 1 2 0 1 1 2 2 1 0 1 2 2 2 2 1 0
-2.02952522584752 0.420068409763602 -0.580840921820061 -1.21854345001623 0.00964168540820373 1 2 1 2 2 2 0 2 1 2 2 1 2 2 1 2 0 1 1 1 2 1 0 0 0 0 1 1 1 0 0 2 0 0 0 1 1 1 2 2 1 0 0 0 0 0 1 0 0 0 0 2 2 2 0 2 0 0 2 1 0 0 2 2 1 2 2 2 1 0 2 2 2 1 2 0 0 1 1 1 1 0 1 1 2 2 1 1 1 1 2 1 1 1 2 2 2 1 1 2 0 2 1 2 2 2 0 2 1 2 2 1 2 2 1 2 0 1 1 1 2 1 0 0 0 0 1 1 1 0 0 2 0 0 0 1 1 1 2 2 1 0 0 0 0 0 1 0 0 0 0 2 2 2 0 2 0 0 2 1 0 0 2 2 1 2 2 2 1 0 2 2 2 1 2 0 0 1 1 1 1 0 1 1 2 2 1 1 1 1 2 1 1 1 2 2 2 1 1 2 0
0.250645945698169 1.9071463910221 -0.0478508789388244 -0.0110529167080321 0.848684713304391 1 2 1 2 2 2 1 2 0 1 0 0 2 2 1 1 1 1 0 0 2 2 0 0 0 0 1 0 2 0 0 2 0 0 0 0 2 1 2 1 0 0 1 1 1 1 2 2 1 2 1 1 1 0 0 0 0 0 1 1 0 0 1 1 0 2 2 0 0 0 1 2 0 0 2 1 0 2 1 2 0 1 1 2 2 1 1 2 2 2 2 2 1 0 0 2 2 1 2 2 0 2 1 2 2 2 1 2 0 1 0 0 2 2 1 1 1 1 0 0 2 2 0 0 0 0 1 0 2 0 0 2 0 0 0 0 2 1 2 1 0 0 1 1 1 1 2 2 1 2 1 1 1 0 0 0 0 0 1 1 0 0 1 1 0 2 2 0 0 0 1 2 0 0 2 1 0 2 1 2 0 1 1 2 2 1 1 2 2 2 2 2 1 0 0 2 2 1 2 2 0
0.627486759005932 -0.147849041268867 0.661956730430043 1.1279608846453 -1.73166176020041 1 2 0 2 1 2 0 2 1 2 2 0 2 2 0 1 1 2 0 0 2 2 0 1 1 0 2 2 2 0 0 2 1 0 0 0 2 2 2 2 2 1 1 1 0 0 1 1 0 0 0 2 1 1 0 1 0 1 2 1 0 0 0 1 0 0 1 0 1 0 1 2 1 2 2 0 1 2 1 1 0 0 1 1 1 1 0 1 1 0 2 2 0 0 1 2 1 1 2 2 0 2 0 2 1 2 0 2 1 2 2 0 2 2 0 1 1 2 0 0 2 2 0 1 1 0 2 2 2 0 0 2 1 0 0 0 2 2 2 2 2 1 1 1 0 0 1 1 0 0 0 2 1 1 0 1 0 1 2 1 0 0 0 1 0 0 1 0 1 0 1 2 1 2 2 0 1 2 1 1 0 0 1 1 1 1 0 1 1 0 2 2 0 0 1 2 1 1 2 2 0
0.52630579845429 0.418163201252562 -1.75045891748031 1.619549936614 2.71701407733391 1 2 1 2 2 1 1 2 1 2 2 1 2 2 1 2 0 1 0 0 0 0 0 0 0 2 2 2 1 0 0 2 1 1 0 0 2 2 2 2 2 0 0 1 0 1 1 2 1 2 2 2 2 1 0 2 0 0 1 0 0 0 0 2 0 1 2 0 0 0 2 2 0 0 2 2 0 2 2 2 0 0 2 2 2 1 1 1 0 0 0 0 0 0 0 2 0 0 0 2 0 2 1 2 2 1 1 2 1 2 2 1 2 2 1 2 0 1 0 0 0 0 0 0 0 2 2 2 1 0 0 2 1 1 0 0 2 2 2 2 2 0 0 1 0 1 1 2 1 2 2 2 2 1 0 2 0 0 1 0 0 0 0 2 0 1 2 0 0 0 2 2 0 0 2 2 0 2 2 2 0 0 2 2 2 1 1 1 0 0 0 0 0 0 0 2 0 0 0 2 0
0.0497791620619869 -0.94800241313359 0.216536193400321 -1.98192177675678 -0.0580890775297162 -1 2 2 2 1 2 0 2 1 1 2 2 2 2 0 0 0 2 0 0 1 0 0 0 0 1 2 2 2 0 0 2 0 0 0 0 1 1 1 0 1 0 1 0 0 0 2 2 1 1 0 1 1 0 0 2 1 0 1 0 0 0 0 2 0 2 1 1 2 0 2 2 2 1 2 0 0 2 1 2 1 2 2 2 2 2 0 1 1 1 1 2 2 1 2 2 1 2 2 2 0 -2 -2 -2 -1 -2 0 -2 -1 -1 -2 -2 -2 -2 0 0 0 -2 0 0 -1 0 0 0 0 -1 -2 -2 -2 0 0 -2 0 0 0 0 -1 -1 -1 0 -1 0 -1 0 0 0 -2 -2 -1 -1 0 -1 -1 0 0 -2 -1 0 -1 0 0 0 0 -2 0 -2 -1 -1 -2 0 -2 -2 -2 -1 -2 0 0 -2 -1 -2 -1 -2 -2 -2 -2 -2 0 -1 -1 -1 -1 -2 -2 -1 -2 -2 -1 -2 -2 -2 0
0.68805698379772 -0.460976609530698 -0.470821605550052 -1.06354676398158 0.0671061751997786 -1 2 1 2 0 1 0 2 1 2 2 2 2 2 0 1 0 2 0 1 2 2 1 1 2 0 1 2 0 0 0 2 1 1 0 1 2 2 2 2 0 1 2 1 0 1 2 2 0 1 0 2 2 2 0 2 2 1 0 0 0 0 1 1 0 2 1 2 2 0 1 1 0 0 2 1 0 2 2 2 0 0 0 0 0 0 1 2 1 0 1 1 2 0 1 2 1 1 2 2 0 -2 -1 -2 0 -1 0 -2 -1 -2 -2 -2 -2 -2 0 -1 0 -2 0 -1 -2 -2 -1 -1 -2 0 -1 -2 0 0 0 -2 -1 -1 0 -1 -2 -2 -2 -2 0 -1 -2 -1 0 -1 -2 -2 0 -1 0 -2 -2 -2 0 -2 -2 -1 0 0 0 0 -1 -1 0 -2 -1 -2 -2 0 -1 -1 0 0 -2 -1 0 -2 -2 -2 0 0 0 0 0 0 -1 -2 -1 0 -1 -1 -2 0 -1 -2 -1 -1 -2 -2 0
-1.05460297646947 -1.10394665637953 0.526624547723576 -0.744023331240424 -1.09225683966022 1 2 1 2 0 2 0 2 0 1 0 1 2 1 0 2 1 2 0 0 2 2 0 1 0 0 0 0 1 0 0 2 0 0 0 0 2 2 2 2 1 0 1 0 0 0 1 1 1 2 0 1 2 2 0 2 1 2 2 1 0 2 2 2 1 0 0 2 1 0 2 1 0 1 1 0 0 2 2 2 0 0 1 0 0 1 1 1 0 1 1 2 2 1 2 2 1 0 0 2 0 2 1 2 0 2 0 2 0 1 0 1 2 1 0 2 1 2 0 0 2 2 0 1 0 0 0 0 1 0 0 2 0 0 0 0 2 2 2 2 1 0 1 0 0 0 1 1 1 2 0 1 2 2 0 2 1 2 2 1 0 2 2 2 1 0 0 2 1 0 2 1 0 1 1 0 0 2 2 2 0 0 1 0 0 1 1 1 0 1 1 2 2 1 2 2 1 0 0 2 0
0.717587362259773 2.75070764313349 0.537013322287154 0.65740185749302 0.508286476952123 1 2 1 2 1 1 0 2 1 1 1 1 2 1 0 1 0 1 0 0 1 1 0 0 1 1 1 1 2 0 0 2 0 1 1 2 2 2 2 1 0 0 0 0 0 0 2 1 0 1 1 2 1 1 0 2 1 0 2 0 0 1 2 2 1 1 0 0 0 0 1 2 1 2 2 1 0 2 0 1 0 0 0 0 1 1 1 1 0 0 2 2 2 1 2 2 1 2 2 2 0 2 1 2 1 1 0 2 1 1 1 1 2 1 0 1 0 1 0 0 1 1 0 0 1 1 1 1 2 0 0 2 0 1 1 2 2 2 2 1 0 0 0 0 0 0 2 1 0 1 1 2 1 1 0 2 1 0 2 0 0 1 2 2 1 1 0 0 0 0 1 2 1 2 2 1 0 2 0 1 0 0 0 0 1 1 1 1 0 0 2 2 2 1 2 2 1 2 2 2 0
-0.379540912509766 0.294760485445359 -1.11938965788342 2.04777478746067 -0.169542075867613 -1 2 1 2 2 2 0 2 1 2 2 1 2 2 1 2 0 2 0 0 2 1 0 0 0 1 2 2 2 0 0 2 0 1 1 0 2 2 2 1 0 0 0 0 1 2 1 2 0 1 1 2 1 1 0 2 1 1 1 0 0 0 1 2 0 1 0 1 1 0 1 2 1 1 2 2 0 1 2 2 0 0 2 1 2 2 1 1 0 2 2 1 2 1 2 2 1 1 1 2 0 -2 -1 -2 -2 -2 0 -2 -1 -2 -2 -1 -2 -2 -1 -2 0 -2 0 0 -2 -1 0 0 0 -1 -2 -2 -2 0 0 -2 0 -1 -1 0 -2 -2 -2 -1 0 0 0 0 -1 -2 -1 -2 0 -1 -1 -2 -1 -1 0 -2 -1 -1 -1 0 0 0 -1 -2 0 -1 0 -1 -1 0 -1 -2 -1 -1 -2 -2 0 -1 -2 -2 0 0 -2 -1 -2 -2 -1 -1 0 -2 -2 -1 -2 -1 -2 -2 -1 -1 -1 -2 0
0.495225232577059 -0.608377659258516 0.455838897543482 -0.689148090969252 1.86368196975267 -1 2 0 2 0 2 1 2 0 1 1 1 1 1 0 1 0 2 0 0 2 2 0 2 1 0 0 1 0 0 1 2 2 2 1 2 2 1 2 2 2 0 2 1 0 0 1 1 0 2 0 1 2 1 0 1 0 0 0 0 0 1 2 2 0 1 2 2 0 0 1 2 1 0 2 1 0 1 1 2 1 0 2 0 0 1 1 1 0 1 1 1 1 0 1 2 2 2 2 2 0 -2 0 -2 0 -2 -1 -2 0 -1 -1 -1 -1 -1 0 -1 0 -2 0 0 -2 -2 0 -2 -1 0 0 -1 0 0 -1 -2 -2 -2 -1 -2 -2 -1 -2 -2 -2 0 -2 -1 0 0 -1 -1 0 -2 0 -1 -2 -1 0 -1 0 0 0 0 0 -1 -2 -2 0 -1 -2 -2 0 0 -1 -2 -1 0 -2 -1 0 -1 -1 -2 -1 0 -2 0 0 -1 -1 -1 0 -1 -1 -1 -1 0 -1 -2 -2 -2 -2 -2 0
-0.762464698192266 0.967004416088674 -2.08907683549833 0.430325911768445 -0.0485422024319204 -1 2 0 2 0 1 0 2 2 2 2 1 2 2 1 2 0 1 0 0 2 2 0 1 0 1 1 0 0 0 0 2 0 2 0 2 2 1 1 2 1 0 1 0 0 0 0 1 0 1 0 2 1 0 0 0 0 0 1 0 0 1 1 2 1 0 2 1 1 0 1 2 1 0 2 0 0 1 1 1 1 0 1 1 0 0 2 2 0 1 1 1 2 1 0 1 1 1 1 2 1 -2 0 -2 0 -1 0 -2 -2 -2 -2 -1 -2 -2 -1 -2 0 -1 0 0 -2 -2 0 -1 0 -1 -1 0 0 0 0 -2 0 -2 0 -2 -2 -1 -1 -2 -1 0 -1 0 0 0 0 -1 0 -1 0 -2 -1 0 0 0 0 0 -1 0 0 -1 -1 -2 -1 0 -2 -1 -1 0 -1 -2 -1 0 -2 0 0 -1 -1 -1 -1 0 -1 -1 0 0 -2 -2 0 -1 -1 -1 -2 -1 0 -1 -1 -1 -1 -2 -1
-0.603600364705721 1.13804583708676 0.348959624944395 -0.631667688812555 -0.0124237772346544 -1 2 0 2 0 2 2 2 1 2 1 1 2 2 0 1 0 1 0 0 1 2 0 2 0 1 1 0 0 0 0 2 0 0 0 1 2 2 1 1 1 0 0 1 1 2 1 1 0 1 0 1 2 2 0 2 0 1 2 0 0 0 0 1 0 1 1 1 1 0 2 2 1 0 2 1 0 2 2 1 0 0 1 1 1 1 2 1 1 2 1 0 1 1 2 2 1 1 1 1 0 -2 0 -2 0 -2 -2 -2 -1 -2 -1 -1 -2 -2 0 -1 0 -1 0 0 -1 -2 0 -2 0 -1 -1 0 0 0 0 -2 0 0 0 -1 -2 -2 -1 -1 -1 0 0 -1 -1 -2 -1 -1 0 -1 0 -1 -2 -2 0 -2 0 -1 -2 0 0 0 0 -1 0 -1 -1 -1 -1 0 -2 -2 -1 0 -2 -1 0 -2 -2 -1 0 0 -1 -1 -1 -1 -2 -1 -1 -2 -1 0 -1 -1 -2 -2 -1 -1 -1 -1 0
2.51832368920333 -1.09872063936116 -0.375123184068453 1.50394399635441 0.21164683932512 1 2 1 2 0 0 0 2 1 2 1 0 1 1 0 1 0 2 0 0 1 0 0 0 0 0 1 2 0 1 1 2 0 0 1 1 2 2 2 2 1 1 1 1 1 0 1 1 0 1 1 1 2 2 0 2 1 1 2 0 0 0 0 1 0 1 0 0 0 0 0 2 1 1 2 0 0 2 1 1 0 0 2 0 1 0 1 1 2 2 1 1 1 1 2 2 2 2 2 2 0 2 1 2 0 0 0 2 1 2 1 0 1 1 0 1 0 2 0 0 1 0 0 0 0 0 1 2 0 1 1 2 0 0 1 1 2 2 2 2 1 1 1 1 1 0 1 1 0 1 1 1 2 2 0 2 1 1 2 0 0 0 0 1 0 1 0 0 0 0 0 2 1 1 2 0 0 2 1 1 0 0 2 0 1 0 1 1 2 2 1 1 1 1 2 2 2 2 2 2 0
0.290689881359111 0.569242096241155 1.35003806709235 0.0108194521255355 -1.69328128463282 -1 2 2 2 1 2 1 2 1 2 2 2 2 2 0 2 0 1 0 0 1 1 0 0 0 0 0 1 1 0 0 2 1 0 0 0 1 1 2 2 1 1 1 1 0 0 1 2 0 2 0 0 0 1 0 1 0 0 1 0 1 2 1 1 0 1 1 2 2 0 1 2 0 1 2 0 0 2 1 2 0 0 1 0 2 2 1 1 0 0 2 2 0 0 0 2 1 2 2 2 0 -2 -2 -2 -1 -2 -1 -2 -1 -2 -2 -2 -2 -2 0 -2 0 -1 0 0 -1 -1 0 0 0 0 0 -1 -1 0 0 -2 -1 0 0 0 -1 -1 -2 -2 -1 -1 -1 -1 0 0 -1 -2 0 -2 0 0 0 -1 0 -1 0 0 -1 0 -1 -2 -1 -1 0 -1 -1 -2 -2 0 -1 -2 0 -1 -2 0 0 -2 -1 -2 0 0 -1 0 -2 -2 -1 -1 0 0 -2 -2 0 0 0 -2 -1 -2 -2 -2 0
-1.13386148113072 0.935991814898808 1.7207233648023 0.594858824937757 0.284165044231805 -1 2 0 2 1 2 0 2 0 1 1 0 2 2 1 0 0 1 0 0 2 0 0 0 0 0 2 2 1 0 0 2 1 1 1 1 1 0 1 2 1 1 0 0 0 0 1 1 0 1 1 2 2 2 0 1 1 1 2 1 0 2 2 2 1 1 1 2 1 0 1 2 0 0 2 1 1 2 1 2 1 0 0 1 0 1 1 1 0 2 2 1 1 1 1 2 2 2 1 1 0 -2 0 -2 -1 -2 0 -2 0 -1 -1 0 -2 -2 -1 0 0 -1 0 0 -2 0 0 0 0 0 -2 -2 -1 0 0 -2 -1 -1 -1 -1 -1 0 -1 -2 -1 -1 0 0 0 0 -1 -1 0 -1 -1 -2 -2 -2 0 -1 -1 -1 -2 -1 0 -2 -2 -2 -1 -1 -1 -2 -1 0 -1 -2 0 0 -2 -1 -1 -2 -1 -2 -1 0 0 -1 0 -1 -1 -1 0 -2 -2 -1 -1 -1 -1 -2 -2 -2 -1 -1 0
-2.40926764289407 1.88623682632138 1.52498477107033 -0.441685777471733 -0.467547873864412 1 2 1 2 1 1 0 2 1 2 2 0 2 2 1 1 0 1 0 0 1 2 0 0 0 1 1 1 2 0 0 2 0 0 0 0 1 2 2 2 1 0 1 1 2 2 2 2 0 1 1 2 2 2 1 2 2 0 2 0 0 1 2 2 1 0 2 1 1 0 2 2 1 1 2 2 0 2 1 2 1 0 1 0 0 1 1 0 1 0 1 0 0 0 1 2 2 2 2 2 1 2 1 2 1 1 0 2 1 2 2 0 2 2 1 1 0 1 0 0 1 2 0 0 0 1 1 1 2 0 0 2 0 0 0 0 1 2 2 2 1 0 1 1 2 2 2 2 0 1 1 2 2 2 1 2 2 0 2 0 0 1 2 2 1 0 2 1 1 0 2 2 1 1 2 2 0 2 1 2 1 0 1 0 0 1 1 0 1 0 1 0 0 0 1 2 2 2 2 2 1
1.02128112494649 -0.504670493824057 -1.0020246180359 -1.55697814395592 -0.442646670173627 -1 2 0 2 0 1 1 2 1 2 2 0 1 1 0 1 0 1 0 0 2 2 0 1 1 0 1 1 1 0 0 2 1 0 0 2 2 2 2 2 2 1 1 2 0 0 0 1 0 1 1 2 2 2 0 2 1 1 2 1 1 2 1 1 0 1 1 1 0 0 2 2 1 1 2 1 0 2 0 1 1 0 2 2 1 1 1 1 1 0 1 1 0 0 0 1 1 1 2 2 0 -2 0 -2 0 -1 -1 -2 -1 -2 -2 0 -1 -1 0 -1 0 -1 0 0 -2 -2 0 -1 -1 0 -1 -1 -1 0 0 -2 -1 0 0 -2 -2 -2 -2 -2 -2 -1 -1 -2 0 0 0 -1 0 -1 -1 -2 -2 -2 0 -2 -1 -1 -2 -1 -1 -2 -1 -1 0 -1 -1 -1 0 0 -2 -2 -1 -1 -2 -1 0 -2 0 -1 -1 0 -2 -2 -1 -1 -1 -1 -1 0 -1 -1 0 0 0 -1 -1 -1 -2 -2 0
0.165382499031102 1.07476640271307 -0.820830535283773 -0.0760456432389955 0.616463329319228 -1 1 1 2 0 1 1 2 1 2 2 0 2 2 0 1 0 0 0 0 1 0 0 0 0 0 0 2 0 0 0 2 1 1 2 2 2 2 2 2 0 0 1 0 0 1 1 0 1 2 0 2 1 2 0 2 1 1 1 0 0 1 2 2 0 2 1 2 1 0 1 1 0 2 2 2 1 2 2 2 0 0 2 1 2 2 1 1 1 1 1 1 0 0 1 2 2 1 1 0 0 -1 -1 -2 0 -1 -1 -2 -1 -2 -2 0 -2 -2 0 -1 0 0 0 0 -1 0 0 0 0 0 0 -2 0 0 0 -2 -1 -1 -2 -2 -2 -2 -2 -2 0 0 -1 0 0 -1 -1 0 -1 -2 0 -2 -1 -2 0 -2 -1 -1 -1 0 0 -1 -2 -2 0 -2 -1 -2 -1 0 -1 -1 0 -2 -2 -2 -1 -2 -2 -2 0 0 -2 -1 -2 -2 -1 -1 -1 -1 -1 -1 0 0 -1 -2 -2 -1 -1 0 0
-0.219490710983044 0.11302871915667 0.959166779386931 1.28471309275945 -1.74182542398219 -1 2 2 2 1 1 0 2 0 2 2 2 2 2 0 1 2 1 0 0 2 2 0 0 1 2 1 0 1 0 0 2 0 0 0 0 2 2 1 1 0 0 0 0 0 0 1 1 0 1 0 2 2 1 0 1 1 1 2 0 0 0 2 2 0 0 0 0 0 0 1 1 0 1 2 1 0 2 1 1 0 0 0 1 2 1 2 2 0 1 1 1 1 0 2 2 2 2 2 1 0 -2 -2 -2 -1 -1 0 -2 0 -2 -2 -2 -2 -2 0 -1 -2 -1 0 0 -2 -2 0 0 -1 -2 -1 0 -1 0 0 -2 0 0 0 0 -2 -2 -1 -1 0 0 0 0 0 0 -1 -1 0 -1 0 -2 -2 -1 0 -1 -1 -1 -2 0 0 0 -2 -2 0 0 0 0 0 0 -1 -1 0 -1 -2 -1 0 -2 -1 -1 0 0 0 -1 -2 -1 -2 -2 0 -1 -1 -1 -1 0 -2 -2 -2 -2 -2 -1 0
0.611655885051276 -0.270093436162576 0.388011396941079 -1.28025936882299 0.908513741855602 -1 1 1 2 0 1 0 2 1 2 2 2 2 2 1 1 0 1 0 0 2 0 0 1 1 2 2 2 1 0 0 2 1 1 0 0 2 2 2 2 1 0 1 0 0 1 1 0 0 2 1 2 1 2 0 1 0 0 1 0 0 0 1 2 1 2 2 2 1 0 1 2 1 1 2 1 0 2 1 1 0 0 1 2 1 1 2 2 1 1 1 2 2 0 1 2 2 2 1 2 0 -1 -1 -2 0 -1 0 -2 -1 -2 -2 -2 -2 -2 -1 -1 0 -1 0 0 -2 0 0 -1 -1 -2 -2 -2 -1 0 0 -2 -1 -1 0 0 -2 -2 -2 -2 -1 0 -1 0 0 -1 -1 0 0 -2 -1 -2 -1 -2 0 -1 0 0 -1 0 0 0 -1 -2 -1 -2 -2 -2 -1 0 -1 -2 -1 -1 -2 -1 0 -2 -1 -1 0 0 -1 -2 -1 -1 -2 -2 -1 -1 -1 -2 -2 0 -1 -2 -2 -2 -1 -2 0
-0.333490782956349 -2.89741153356922 -0.26478085744348 -0.42839524237447 -0.263941051003005 1 2 1 2 2 2 1 2 0 2 1 1 2 2 1 2 0 1 0 0 1 1 0 1 1 1 0 1 1 0 0 2 1 1 1 2 2 2 2 2 1 1 2 0 0 0 1 2 0 0 0 0 1 1 0 1 0 0 2 0 0 0 1 2 0 0 0 1 1 0 1 2 1 0 2 1 1 1 0 1 0 0 1 0 2 1 2 0 0 0 1 1 1 0 2 2 1 2 2 2 0 2 1 2 2 2 1 2 0 2 1 1 2 2 1 2 0 1 0 0 1 1 0 1 1 1 0 1 1 0 0 2 1 1 1 2 2 2 2 2 1 1 2 0 0 0 1 2 0 0 0 0 1 1 0 1 0 0 2 0 0 0 1 2 0 0 0 1 1 0 1 2 1 0 2 1 1 1 0 1 0 0 1 0 2 1 2 0 0 0 1 1 1 0 2 2 1 2 2 2 0
0.0699946447976621 -1.55296135294239 -0.840075758047234 -0.0387261730044665 -0.466205715520776 -1 2 0 2 0 1 0 1 2 2 2 2 2 2 1 2 1 2 0 0 2 1 0 0 0 0 1 0 0 0 0 2 1 0 0 1 2 1 1 1 1 0 0 1 1 0 2 2 1 2 1 1 1 2 1 2 2 2 1 0 0 0 2 2 1 1 2 1 2 0 2 2 1 0 2 1 0 2 1 2 0 0 2 2 1 1 1 2 0 1 2 2 2 0 2 2 1 1 0 2 0 -2 0 -2 0 -1 0 -1 -2 -2 -2 -2 -2 -2 -1 -2 -1 -2 0 0 -2 -1 0 0 0 0 -1 0 0 0 0 -2 -1 0 0 -1 -2 -1 -1 -1 -1 0 0 -1 -1 0 -2 -2 -1 -2 -1 -1 -1 -2 -1 -2 -2 -2 -1 0 0 0 -2 -2 -1 -1 -2 -1 -2 0 -2 -2 -1 0 -2 -1 0 -2 -1 -2 0 0 -2 -2 -1 -1 -1 -2 0 -1 -2 -2 -2 0 -2 -2 -1 -1 0 -2 0
-0.176820039670553 -1.05695025188026 -0.504680325180045 -0.878078804354758 -1.06625643522265 -1 2 1 2 2 2 2 2 1 2 1 0 2 2 0 1 0 1 0 0 2 1 0 0 0 1 1 2 1 0 0 1 0 0 0 1 2 2 2 1 0 0 0 1 0 1 2 2 0 2 1 0 1 0 0 2 0 0 1 0 0 0 0 2 0 0 0 0 0 0 1 2 1 0 2 0 0 2 1 2 1 2 2 2 2 2 1 2 0 0 2 2 2 1 2 2 1 1 2 2 0 -2 -1 -2 -2 -2 -2 -2 -1 -2 -1 0 -2 -2 0 -1 0 -1 0 0 -2 -1 0 0 0 -1 -1 -2 -1 0 0 -1 0 0 0 -1 -2 -2 -2 -1 0 0 0 -1 0 -1 -2 -2 0 -2 -1 0 -1 0 0 -2 0 0 -1 0 0 0 0 -2 0 0 0 0 0 0 -1 -2 -1 0 -2 0 0 -2 -1 -2 -1 -2 -2 -2 -2 -2 -1 -2 0 0 -2 -2 -2 -1 -2 -2 -1 -1 -2 -2 0
-0.322947228736821 1.32685287235327 -0.846258589218492 0.374621493934371 1.44688801273694 -1 1 0 2 1 2 1 2 0 1 1 2 2 2 0 0 0 1 0 0 0 1 0 0 1 1 1 2 1 0 0 2 1 1 0 2 2 2 2 1 1 0 1 1 1 1 1 1 0 1 0 2 2 2 0 1 0 1 2 0 0 1 2 2 0 1 2 2 1 0 1 2 1 1 2 1 0 1 2 1 0 0 0 0 0 1 1 1 1 1 1 2 2 1 1 2 1 2 2 2 0 -1 0 -2 -1 -2 -1 -2 0 -1 -1 -2 -2 -2 0 0 0 -1 0 0 0 -1 0 0 -1 -1 -1 -2 -1 0 0 -2 -1 -1 0 -2 -2 -2 -2 -1 -1 0 -1 -1 -1 -1 -1 -1 0 -1 0 -2 -2 -2 0 -1 0 -1 -2 0 0 -1 -2 -2 0 -1 -2 -2 -1 0 -1 -2 -1 -1 -2 -1 0 -1 -2 -1 0 0 0 0 0 -1 -1 -1 -1 -1 -1 -2 -2 -1 -1 -2 -1 -2 -2 -2 0
-1.67331139215143 2.0756005810616 -0.7749404981688 1.19928018000509 1.47306174862082 1 2 0 2 1 1 0 2 1 1 2 2 2 2 0 1 0 2 0 0 2 1 0 0 0 1 0 2 2 0 1 2 1 1 1 0 2 1 2 2 1 0 1 2 1 2 2 2 0 1 0 2 2 2 0 1 1 0 2 1 1 1 2 2 0 1 0 0 1 0 2 1 0 0 2 1 0 2 1 2 0 0 2 1 2 2 2 1 0 0 2 2 2 0 2 2 2 1 2 2 1 2 0 2 1 1 0 2 1 1 2 2 2 2 0 1 0 2 0 0 2 1 0 0 0 1 0 2 2 0 1 2 1 1 1 0 2 1 2 2 1 0 1 2 1 2 2 2 0 1 0 2 2 2 0 1 1 0 2 1 1 1 2 2 0 1 0 0 1 0 2 1 0 0 2 1 0 2 1 2 0 0 2 1 2 2 2 1 0 0 2 2 2 0 2 2 2 1 2 2 1
0.387537604604309 0.11863941897338 -2.14265811822694 -0.0391837656455949 0.9649851847977 1 1 0 2 1 1 0 2 0 1 1 0 2 2 1 2 1 2 0 1 2 2 0 0 0 0 2 1 0 1 0 2 0 0 0 0 2 2 2 1 1 1 1 0 0 1 2 2 1 2 1 2 2 0 0 1 0 0 2 0 0 0 1 2 1 0 1 1 2 0 1 2 1 0 2 0 0 2 1 2 0 0 1 1 0 1 0 1 0 0 2 2 2 1 2 2 1 1 2 1 0 1 0 2 1 1 0 2 0 1 1 0 2 2 1 2 1 2 0 1 2 2 0 0 0 0 2 1 0 1 0 2 0 0 0 0 2 2 2 1 1 1 1 0 0 1 2 2 1 2 1 2 2 0 0 1 0 0 2 0 0 0 1 2 1 0 1 1 2 0 1 2 1 0 2 0 0 2 1 2 0 0 1 1 0 1 0 1 0 0 2 2 2 1 2 2 1 1 2 1 0
-0.680203358369771 -1.41759734128844 -0.568900421445509 0.864647340725728 -0.0637293086563817 -1 2 1 2 2 1 0 2 0 2 2 0 2 2 0 1 0 1 0 0 0 1 0 1 0 1 1 0 0 0 1 2 2 1 0 0 0 1 2 2 1 0 1 0 0 1 2 2 1 1 0 2 2 1 0 1 0 0 1 0 0 1 1 2 0 1 2 2 1 0 1 2 1 1 2 1 0 1 1 2 0 0 2 2 1 1 1 2 1 2 1 1 1 0 1 2 0 1 2 2 0 -2 -1 -2 -2 -1 0 -2 0 -2 -2 0 -2 -2 0 -1 0 -1 0 0 0 -1 0 -1 0 -1 -1 0 0 0 -1 -2 -2 -1 0 0 0 -1 -2 -2 -1 0 -1 0 0 -1 -2 -2 -1 -1 0 -2 -2 -1 0 -1 0 0 -1 0 0 -1 -1 -2 0 -1 -2 -2 -1 0 -1 -2 -1 -1 -2 -1 0 -1 -1 -2 0 0 -2 -2 -1 -1 -1 -2 -1 -2 -1 -1 -1 0 -1 -2 0 -1 -2 -2 0
-0.474627554965053 0.218537609662484 1.28073053270385 -0.476898159743371 -1.1931487237815 1 2 1 2 0 1 1 2 2 2 2 0 2 2 1 2 0 2 0 1 2 1 0 2 2 1 2 2 1 0 0 2 0 1 0 2 2 1 1 2 1 0 0 0 1 2 2 2 2 1 0 2 1 2 0 2 2 0 2 1 0 1 1 1 1 2 2 2 1 0 1 2 1 2 2 0 0 2 1 2 1 1 1 0 2 2 0 1 0 1 0 1 1 0 0 2 0 1 1 2 0 2 1 2 0 1 1 2 2 2 2 0 2 2 1 2 0 2 0 1 2 1 0 2 2 1 2 2 1 0 0 2 0 1 0 2 2 1 1 2 1 0 0 0 1 2 2 2 2 1 0 2 1 2 0 2 2 0 2 1 0 1 1 1 1 2 2 2 1 0 1 2 1 2 2 0 0 2 1 2 1 1 1 0 2 2 0 1 0 1 0 1 1 0 0 2 0 1 1 2 0
-0.537605445907878 -0.892108967034932 -0.489772686790647 -1.21660262226211 -1.97844415395977 1 2 1 2 1 1 1 2 2 2 2 1 2 2 0 1 0 0 0 0 1 1 0 2 0 1 1 2 1 0 0 2 0 0 0 0 2 1 1 1 0 0 0 0 0 1 1 1 0 1 0 1 1 1 0 2 0 0 2 1 0 0 1 2 1 1 2 2 2 0 2 2 1 1 2 1 0 2 2 2 0 0 1 0 0 1 2 1 0 1 2 2 0 0 2 2 1 1 1 2 0 2 1 2 1 1 1 2 2 2 2 1 2 2 0 1 0 0 0 0 1 1 0 2 0 1 1 2 1 0 0 2 0 0 0 0 2 1 1 1 0 0 0 0 0 1 1 1 0 1 0 1 1 1 0 2 0 0 2 1 0 0 1 2 1 1 2 2 2 0 2 2 1 1 2 1 0 2 2 2 0 0 1 0 0 1 2 1 0 1 2 2 0 0 2 2 1 1 1 2 0
0.631949416638869 -0.385894771752388 -1.39510719753738 -0.935069522416592 2.80578550577017 -1 1 0 2 1 1 0 2 0 2 2 1 2 2 0 2 1 2 0 0 2 2 0 0 1 0 0 0 1 0 0 2 0 0 0 0 0 0 1 1 0 0 0 1 1 1 1 2 0 2 0 1 1 1 0 2 0 1 2 0 0 0 0 2 0 0 0 2 1 0 2 2 0 1 1 0 0 1 0 1 1 0 2 1 2 2 1 1 0 1 2 1 2 1 1 2 1 2 2 2 0 -1 0 -2 -1 -1 0 -2 0 -2 -2 -1 -2 -2 0 -2 -1 -2 0 0 -2 -2 0 0 -1 0 0 0 -1 0 0 -2 0 0 0 0 0 0 -1 -1 0 0 0 -1 -1 -1 -1 -2 0 -2 0 -1 -1 -1 0 -2 0 -1 -2 0 0 0 0 -2 0 0 0 -2 -1 0 -2 -2 0 -1 -1 0 0 -1 0 -1 -1 0 -2 -1 -2 -2 -1 -1 0 -1 -2 -1 -2 -1 -1 -2 -1 -2 -2 -2 0
-0.286510849906 -0.409471966829922 -1.87049616623593 0.443588073924217 -1.14702330072839 1 1 1 2 1 1 1 2 1 2 1 1 2 2 1 1 0 0 0 0 2 2 0 1 0 1 1 2 1 0 0 2 0 0 0 2 2 0 2 2 0 0 2 2 0 2 2 2 0 2 1 2 2 1 0 1 0 0 1 0 0 1 1 2 0 1 2 1 2 0 2 2 1 0 2 0 0 2 1 2 1 0 1 1 1 0 1 0 0 0 0 0 0 0 1 2 1 0 0 0 0 1 1 2 1 1 1 2 1 2 1 1 2 2 1 1 0 0 0 0 2 2 0 1 0 1 1 2 1 0 0 2 0 0 0 2 2 0 2 2 0 0 2 2 0 2 2 2 0 2 1 2 2 1 0 1 0 0 1 0 0 1 1 2 0 1 2 1 2 0 2 2 1 0 2 0 0 2 1 2 1 0 1 1 1 0 1 0 0 0 0 0 0 0 1 2 1 0 0 0 0
-1.32899235863466 -2.01629767807711 -0.0353917230927386 -0.933787861209978 -1.34990631038627 1 2 1 2 1 2 2 2 1 2 1 1 2 2 1 2 0 2 1 0 0 0 0 1 0 0 1 2 2 0 0 2 0 0 0 0 0 1 2 1 0 1 1 1 1 1 1 1 0 1 0 2 2 2 1 2 1 0 2 0 0 1 2 1 0 0 0 0 1 0 0 1 2 0 2 2 0 2 2 2 1 0 1 1 1 1 1 1 1 1 1 1 2 1 1 2 2 1 2 2 0 2 1 2 1 2 2 2 1 2 1 1 2 2 1 2 0 2 1 0 0 0 0 1 0 0 1 2 2 0 0 2 0 0 0 0 0 1 2 1 0 1 1 1 1 1 1 1 0 1 0 2 2 2 1 2 1 0 2 0 0 1 2 1 0 0 0 0 1 0 0 1 2 0 2 2 0 2 2 2 1 0 1 1 1 1 1 1 1 1 1 1 2 1 1 2 2 1 2 2 0
-1.47744914388985 -0.531228530510364 -0.806344249527758 1.13057064972635 -0.259982758967055 1 1 0 2 0 1 1 2 1 2 2 2 2 2 0 0 0 2 0 0 1 1 0 2 1 0 1 1 2 0 0 2 0 0 1 1 1 2 1 2 1 0 1 1 0 2 2 2 1 2 1 2 2 2 0 2 2 1 2 1 0 1 2 2 1 0 1 1 2 0 2 2 1 0 2 0 0 1 2 2 0 0 2 1 1 2 1 1 1 1 2 2 2 1 2 2 1 1 2 2 0 1 0 2 0 1 1 2 1 2 2 2 2 2 0 0 0 2 0 0 1 1 0 2 1 0 1 1 2 0 0 2 0 0 1 1 1 2 1 2 1 0 1 1 0 2 2 2 1 2 1 2 2 2 0 2 2 1 2 1 0 1 2 2 1 0 1 1 2 0 2 2 1 0 2 0 0 1 2 2 0 0 2 1 1 2 1 1 1 1 2 2 2 1 2 2 1 1 2 2 0
0.861149489703723 0.859331656902633 -0.615567061619151 -0.574785047844265 0.604225745530963 1 2 1 2 1 1 0 1 1 2 1 1 2 2 0 1 1 2 0 0 1 1 0 1 0 1 2 2 2 0 0 2 1 1 0 2 2 2 2 2 2 1 0 1 0 2 1 2 0 2 1 2 2 2 0 2 1 1 1 0 0 1 1 2 2 2 2 2 0 0 2 2 1 0 2 1 0 2 2 2 0 0 1 1 1 2 2 2 2 2 2 1 1 0 1 2 2 2 2 1 0 2 1 2 1 1 0 1 1 2 1 1 2 2 0 1 1 2 0 0 1 1 0 1 0 1 2 2 2 0 0 2 1 1 0 2 2 2 2 2 2 1 0 1 0 2 1 2 0 2 1 2 2 2 0 2 1 1 1 0 0 1 1 2 2 2 2 2 0 0 2 2 1 0 2 1 0 2 2 2 0 0 1 1 1 2 2 2 2 2 2 1 1 0 1 2 2 2 2 1 0
-1.40992012673228 1.22763215541013 -2.07468419880273 -1.75328064311967 0.551911790362129 -1 2 0 2 1 1 1 2 2 2 2 1 1 1 0 1 0 1 0 0 1 1 0 1 2 0 0 1 2 0 1 2 1 2 1 2 2 1 2 2 1 1 2 1 0 1 1 2 0 1 0 2 2 0 0 2 1 0 1 0 0 0 1 2 2 2 2 0 0 0 1 2 0 1 2 1 0 2 1 2 0 0 2 2 2 1 1 1 1 2 1 1 1 1 2 2 1 1 2 1 0 -2 0 -2 -1 -1 -1 -2 -2 -2 -2 -1 -1 -1 0 -1 0 -1 0 0 -1 -1 0 -1 -2 0 0 -1 -2 0 -1 -2 -1 -2 -1 -2 -2 -1 -2 -2 -1 -1 -2 -1 0 -1 -1 -2 0 -1 0 -2 -2 0 0 -2 -1 0 -1 0 0 0 -1 -2 -2 -2 -2 0 0 0 -1 -2 0 -1 -2 -1 0 -2 -1 -2 0 0 -2 -2 -2 -1 -1 -1 -1 -2 -1 -1 -1 -1 -2 -2 -1 -1 -2 -1 0
-0.288805540103293 -0.789138020791231 0.625709364698413 -1.07762775437817 1.21063897971926 -1 2 1 2 2 1 0 2 2 2 1 1 2 2 0 0 0 1 0 0 0 0 0 1 0 1 2 2 2 0 0 2 0 0 0 0 1 1 2 2 1 0 0 0 0 2 1 2 0 2 1 2 2 2 0 2 1 1 2 0 0 1 2 2 0 1 0 1 1 0 2 2 2 0 2 1 0 1 1 1 1 0 2 1 1 1 2 0 0 1 1 0 0 0 0 2 1 0 2 2 0 -2 -1 -2 -2 -1 0 -2 -2 -2 -1 -1 -2 -2 0 0 0 -1 0 0 0 0 0 -1 0 -1 -2 -2 -2 0 0 -2 0 0 0 0 -1 -1 -2 -2 -1 0 0 0 0 -2 -1 -2 0 -2 -1 -2 -2 -2 0 -2 -1 -1 -2 0 0 -1 -2 -2 0 -1 0 -1 -1 0 -2 -2 -2 0 -2 -1 0 -1 -1 -1 -1 0 -2 -1 -1 -1 -2 0 0 -1 -1 0 0 0 0 -2 -1 0 -2 -2 0
0.350964377989264 -1.34572533504354 -0.303084229176746 -0.889912600006121 -0.224117648155891 1 2 2 2 2 2 1 2 0 2 2 1 2 2 0 1 0 0 0 0 1 2 0 1 0 0 2 1 1 0 0 2 0 0 0 0 1 1 2 2 1 0 0 0 0 0 1 2 0 2 0 1 1 1 0 2 1 0 1 0 0 0 2 2 0 1 2 1 0 0 2 2 1 0 2 1 0 1 0 2 1 0 1 2 2 2 2 2 2 1 2 1 1 1 2 2 2 2 1 2 0 2 2 2 2 2 1 2 0 2 2 1 2 2 0 1 0 0 0 0 1 2 0 1 0 0 2 1 1 0 0 2 0 0 0 0 1 1 2 2 1 0 0 0 0 0 1 2 0 2 0 1 1 1 0 2 1 0 1 0 0 0 2 2 0 1 2 1 0 0 2 2 1 0 2 1 0 1 0 2 1 0 1 2 2 2 2 2 2 1 2 1 1 1 2 2 2 2 1 2 0
-0.465810974332471 -0.579733257585419 0.120445277494691 -0.785433522322092 0.0254514247232887 1 2 0 2 2 2 1 2 2 2 0 0 1 1 0 1 0 1 0 0 1 0 0 1 1 1 1 1 0 0 0 2 1 0 0 1 2 2 2 2 1 1 1 0 0 1 1 0 0 1 0 1 1 0 0 2 2 2 2 0 0 1 1 2 0 1 2 2 1 0 1 1 2 0 2 0 0 1 2 2 2 2 2 1 2 2 1 2 2 1 2 1 0 0 1 2 2 1 2 2 0 2 0 2 2 2 1 2 2 2 0 0 1 1 0 1 0 1 0 0 1 0 0 1 1 1 1 1 0 0 0 2 1 0 0 1 2 2 2 2 1 1 1 0 0 1 1 0 0 1 0 1 1 0 0 2 2 2 2 0 0 1 1 2 0 1 2 2 1 0 1 1 2 0 2 0 0 1 2 2 2 2 2 1 2 2 1 2 2 1 2 1 0 0 1 2 2 1 2 2 0
-1.33016402083202 -1.58153134188403 0.281439428979103 -1.27084476936471 1.00545871534188 -1 2 1 2 2 2 1 2 2 2 2 1 2 2 0 1 0 1 0 1 2 1 0 0 0 2 2 2 2 0 0 2 0 1 0 1 2 2 2 0 0 0 1 1 0 1 2 2 1 1 0 1 1 2 0 2 1 0 1 0 0 2 2 2 0 1 0 0 1 0 2 2 1 0 2 1 0 1 1 1 0 0 2 2 1 1 1 0 1 1 2 1 2 1 1 2 1 2 1 1 0 -2 -1 -2 -2 -2 -1 -2 -2 -2 -2 -1 -2 -2 0 -1 0 -1 0 -1 -2 -1 0 0 0 -2 -2 -2 -2 0 0 -2 0 -1 0 -1 -2 -2 -2 0 0 0 -1 -1 0 -1 -2 -2 -1 -1 0 -1 -1 -2 0 -2 -1 0 -1 0 0 -2 -2 -2 0 -1 0 0 -1 0 -2 -2 -1 0 -2 -1 0 -1 -1 -1 0 0 -2 -2 -1 -1 -1 0 -1 -1 -2 -1 -2 -1 -1 -2 -1 -2 -1 -1 0
0.255748923697677 0.0698913588424977 1.84061808641227 -0.0601777883029682 0.361032406648518 -1 2 1 2 1 1 0 2 2 2 0 2 2 2 0 2 1 1 0 0 1 1 0 1 0 0 0 2 2 0 0 2 0 0 0 0 2 1 1 2 0 0 0 0 0 0 1 1 0 2 0 1 1 2 0 2 2 0 2 1 0 0 1 2 0 1 2 2 1 0 1 2 1 1 2 0 0 1 0 1 0 0 1 0 2 1 1 1 0 1 0 2 2 1 1 2 2 2 2 2 1 -2 -1 -2 -1 -1 0 -2 -2 -2 0 -2 -2 -2 0 -2 -1 -1 0 0 -1 -1 0 -1 0 0 0 -2 -2 0 0 -2 0 0 0 0 -2 -1 -1 -2 0 0 0 0 0 0 -1 -1 0 -2 0 -1 -1 -2 0 -2 -2 0 -2 -1 0 0 -1 -2 0 -1 -2 -2 -1 0 -1 -2 -1 -1 -2 0 0 -1 0 -1 0 0 -1 0 -2 -1 -1 -1 0 -1 0 -2 -2 -1 -1 -2 -2 -2 -2 -2 -1
-0.570932406446988 0.107965992501709 0.967060451668489 0.438325728387327 0.873226414002359 -1 2 1 2 1 2 1 2 2 2 2 2 2 2 1 1 0 1 0 0 1 2 0 1 0 0 0 2 2 0 0 2 1 0 0 0 1 1 2 1 1 0 0 0 0 1 1 1 0 2 1 2 1 2 1 2 1 1 2 1 0 1 1 2 0 1 1 0 0 0 2 2 0 2 2 2 1 2 2 2 1 1 1 2 2 0 0 0 0 0 0 1 1 1 1 2 2 1 2 1 0 -2 -1 -2 -1 -2 -1 -2 -2 -2 -2 -2 -2 -2 -1 -1 0 -1 0 0 -1 -2 0 -1 0 0 0 -2 -2 0 0 -2 -1 0 0 0 -1 -1 -2 -1 -1 0 0 0 0 -1 -1 -1 0 -2 -1 -2 -1 -2 -1 -2 -1 -1 -2 -1 0 -1 -1 -2 0 -1 -1 0 0 0 -2 -2 0 -2 -2 -2 -1 -2 -2 -2 -1 -1 -1 -2 -2 0 0 0 0 0 0 -1 -1 -1 -1 -2 -2 -1 -2 -1 0
1.24540410932686 -1.64099784198931 1.55247332860389 2.54038356773696 0.126271606011814 -1 2 0 2 1 1 1 2 2 2 1 0 2 1 0 1 0 0 0 0 2 2 0 0 0 0 1 1 2 0 0 2 0 0 0 1 1 2 1 1 0 0 1 2 1 1 1 1 0 2 1 2 1 1 0 1 1 1 1 0 0 0 1 1 0 0 2 1 1 0 1 2 0 0 2 1 1 2 2 2 0 0 2 2 2 1 0 0 0 0 0 0 1 0 1 2 1 1 2 2 0 -2 0 -2 -1 -1 -1 -2 -2 -2 -1 0 -2 -1 0 -1 0 0 0 0 -2 -2 0 0 0 0 -1 -1 -2 0 0 -2 0 0 0 -1 -1 -2 -1 -1 0 0 -1 -2 -1 -1 -1 -1 0 -2 -1 -2 -1 -1 0 -1 -1 -1 -1 0 0 0 -1 -1 0 0 -2 -1 -1 0 -1 -2 0 0 -2 -1 -1 -2 -2 -2 0 0 -2 -2 -2 -1 0 0 0 0 0 0 -1 0 -1 -2 -1 -1 -2 -2 0
1.04661564273483 -0.634138615031086 -0.860491241544931 -0.482660245741772 0.79055796001027 1 2 1 2 1 2 0 2 0 1 0 1 2 1 0 0 0 0 0 0 1 1 0 0 0 0 0 0 1 0 0 2 1 1 0 1 2 2 2 2 0 0 0 2 1 2 2 1 0 1 0 1 1 1 0 2 1 0 1 1 0 0 1 2 1 1 2 2 1 0 1 1 1 0 2 1 0 1 1 2 0 1 2 1 1 2 2 2 1 2 1 2 2 0 1 2 0 2 2 2 0 2 1 2 1 2 0 2 0 1 0 1 2 1 0 0 0 0 0 0 1 1 0 0 0 0 0 0 1 0 0 2 1 1 0 1 2 2 2 2 0 0 0 2 1 2 2 1 0 1 0 1 1 1 0 2 1 0 1 1 0 0 1 2 1 1 2 2 1 0 1 1 1 0 2 1 0 1 1 2 0 1 2 1 1 2 2 2 1 2 1 2 2 0 1 2 0 2 2 2 0
-0.396835115825252 0.739634088717221 0.105253437397044 -0.558449607995448 -0.387273199025155 -1 2 2 2 2 2 1 2 2 2 2 0 2 2 2 2 0 0 0 0 1 0 0 0 0 0 0 1 1 0 0 2 1 0 0 0 1 1 1 1 0 0 1 1 1 2 2 1 2 2 0 1 2 1 0 1 1 1 2 0 0 0 0 2 0 0 2 1 0 0 1 2 2 2 2 0 0 2 2 2 0 1 2 0 2 2 1 2 1 0 1 2 2 0 1 2 2 1 1 2 0 -2 -2 -2 -2 -2 -1 -2 -2 -2 -2 0 -2 -2 -2 -2 0 0 0 0 -1 0 0 0 0 0 0 -1 -1 0 0 -2 -1 0 0 0 -1 -1 -1 -1 0 0 -1 -1 -1 -2 -2 -1 -2 -2 0 -1 -2 -1 0 -1 -1 -1 -2 0 0 0 0 -2 0 0 -2 -1 0 0 -1 -2 -2 -2 -2 0 0 -2 -2 -2 0 -1 -2 0 -2 -2 -1 -2 -1 0 -1 -2 -2 0 -1 -2 -2 -1 -1 -2 0
1.28906529501816 -0.463589326653949 -0.531507911209052 -0.0800633390806712 0.355908618468828 -1 2 0 2 1 0 0 2 1 2 2 1 2 2 1 2 2 2 2 1 2 2 1 1 1 1 1 2 1 0 0 2 0 0 0 1 2 0 2 2 0 0 0 0 0 1 2 1 0 1 1 1 1 1 0 2 0 1 1 0 0 1 2 2 1 0 1 0 1 0 1 1 1 1 2 1 0 1 1 2 1 0 2 2 2 2 2 2 0 1 1 2 2 0 1 2 1 2 2 2 0 -2 0 -2 -1 0 0 -2 -1 -2 -2 -1 -2 -2 -1 -2 -2 -2 -2 -1 -2 -2 -1 -1 -1 -1 -1 -2 -1 0 0 -2 0 0 0 -1 -2 0 -2 -2 0 0 0 0 0 -1 -2 -1 0 -1 -1 -1 -1 -1 0 -2 0 -1 -1 0 0 -1 -2 -2 -1 0 -1 0 -1 0 -1 -1 -1 -1 -2 -1 0 -1 -1 -2 -1 0 -2 -2 -2 -2 -2 -2 0 -1 -1 -2 -2 0 -1 -2 -1 -2 -2 -2 0
1.1432261803796 0.763180462484655 -1.64293166341309 -1.21997244739429 0.655876809432381 1 2 1 2 0 2 1 2 1 2 2 1 2 2 1 2 0 1 0 0 1 1 0 0 1 1 1 1 1 0 0 2 1 2 2 1 2 2 2 2 2 1 1 2 2 2 1 1 0 1 0 2 2 1 0 2 0 1 2 0 0 1 2 2 0 1 1 2 1 0 2 2 0 2 2 1 0 2 1 1 1 0 2 1 2 2 2 2 2 2 2 2 2 0 2 2 2 1 1 2 1 2 1 2 0 2 1 2 1 2 2 1 2 2 1 2 0 1 0 0 1 1 0 0 1 1 1 1 1 0 0 2 1 2 2 1 2 2 2 2 2 1 1 2 2 2 1 1 0 1 0 2 2 1 0 2 0 1 2 0 0 1 2 2 0 1 1 2 1 0 2 2 0 2 2 1 0 2 1 1 1 0 2 1 2 2 2 2 2 2 2 2 2 0 2 2 2 1 1 2 1
-1.28394729194791 -0.55981769057182 -0.709108381436654 0.37544609521502 -0.877626305933313 -1 2 0 2 0 0 0 2 2 2 2 1 2 2 0 1 0 1 0 0 2 1 0 2 2 0 0 0 1 0 0 2 0 1 0 1 2 2 2 1 1 0 1 1 1 1 2 2 0 2 1 2 1 2 0 1 0 0 1 0 0 0 2 2 0 2 2 2 1 0 1 2 1 2 2 0 0 1 0 2 0 0 2 0 1 0 1 0 0 0 2 1 1 0 1 2 2 2 2 2 0 -2 0 -2 0 0 0 -2 -2 -2 -2 -1 -2 -2 0 -1 0 -1 0 0 -2 -1 0 -2 -2 0 0 0 -1 0 0 -2 0 -1 0 -1 -2 -2 -2 -1 -1 0 -1 -1 -1 -1 -2 -2 0 -2 -1 -2 -1 -2 0 -1 0 0 -1 0 0 0 -2 -2 0 -2 -2 -2 -1 0 -1 -2 -1 -2 -2 0 0 -1 0 -2 0 0 -2 0 -1 0 -1 0 0 0 -2 -1 -1 0 -1 -2 -2 -2 -2 -2 0
-1.08178167132775 -1.15498122936473 0.283037609270129 -1.72783786756779 -0.568299195157655 1 2 0 2 0 1 0 1 1 1 0 2 2 2 0 0 0 1 0 0 1 1 0 2 0 0 1 1 1 0 0 2 0 0 0 0 1 2 1 2 1 0 1 0 1 1 2 1 0 2 2 2 1 1 0 2 1 1 2 0 0 0 0 1 0 1 0 0 0 0 1 2 1 2 2 1 1 2 1 2 0 0 1 0 1 1 1 1 0 0 1 1 1 0 2 2 1 0 1 0 0 2 0 2 0 1 0 1 1 1 0 2 2 2 0 0 0 1 0 0 1 1 0 2 0 0 1 1 1 0 0 2 0 0 0 0 1 2 1 2 1 0 1 0 1 1 2 1 0 2 2 2 1 1 0 2 1 1 2 0 0 0 0 1 0 1 0 0 0 0 1 2 1 2 2 1 1 2 1 2 0 0 1 0 1 1 1 1 0 0 1 1 1 0 2 2 1 0 1 0 0
-0.738858007360907 -0.157138180269266 1.05643191363466 1.54678152474238 2.83407476945389 -1 1 0 2 0 1 0 2 1 2 2 0 2 2 0 0 0 0 0 0 1 1 0 0 1 0 1 1 1 0 0 2 0 0 0 0 2 2 2 2 0 1 1 2 0 0 1 2 0 2 0 1 1 2 0 2 1 1 2 0 0 0 1 2 0 1 1 1 0 0 2 2 0 1 2 0 0 1 0 1 0 1 1 1 2 2 1 1 0 1 1 2 2 0 0 1 1 2 1 2 0 -1 0 -2 0 -1 0 -2 -1 -2 -2 0 -2 -2 0 0 0 0 0 0 -1 -1 0 0 -1 0 -1 -1 -1 0 0 -2 0 0 0 0 -2 -2 -2 -2 0 -1 -1 -2 0 0 -1 -2 0 -2 0 -1 -1 -2 0 -2 -1 -1 -2 0 0 0 -1 -2 0 -1 -1 -1 0 0 -2 -2 0 -1 -2 0 0 -1 0 -1 0 -1 -1 -1 -2 -2 -1 -1 0 -1 -1 -2 -2 0 0 -1 -1 -2 -1 -2 0
-1.31617722207786 -0.332066142574829 0.40851410363417 0.215378037532137 0.379937539304262 -1 2 1 2 1 1 1 2 1 2 2 2 2 2 1 2 0 0 0 0 2 2 0 0 0 0 1 2 0 0 0 2 0 0 0 2 2 1 1 2 0 0 1 2 0 2 2 1 0 2 1 1 2 2 0 2 1 0 1 0 1 1 2 2 0 2 2 2 2 0 2 2 1 2 2 0 0 2 2 2 1 0 0 1 1 2 2 2 1 1 1 1 1 0 0 2 1 0 1 2 0 -2 -1 -2 -1 -1 -1 -2 -1 -2 -2 -2 -2 -2 -1 -2 0 0 0 0 -2 -2 0 0 0 0 -1 -2 0 0 0 -2 0 0 0 -2 -2 -1 -1 -2 0 0 -1 -2 0 -2 -2 -1 0 -2 -1 -1 -2 -2 0 -2 -1 0 -1 0 -1 -1 -2 -2 0 -2 -2 -2 -2 0 -2 -2 -1 -2 -2 0 0 -2 -2 -2 -1 0 0 -1 -1 -2 -2 -2 -1 -1 -1 -1 -1 0 0 -2 -1 0 -1 -2 0
0.154502266982836 -0.123396322396629 1.0793898873631 -0.114635557081008 -1.52073938421177 1 2 1 2 0 2 1 2 1 2 2 1 2 2 0 1 0 1 0 0 1 0 0 1 0 1 1 2 2 0 0 2 0 0 0 1 2 1 0 1 0 0 0 0 0 0 1 2 0 2 0 2 1 1 0 2 0 1 1 1 0 0 1 2 0 1 1 2 1 0 2 2 1 1 2 1 0 1 0 1 0 0 1 0 2 2 1 2 0 0 0 2 1 0 1 2 2 1 1 1 0 2 1 2 0 2 1 2 1 2 2 1 2 2 0 1 0 1 0 0 1 0 0 1 0 1 1 2 2 0 0 2 0 0 0 1 2 1 0 1 0 0 0 0 0 0 1 2 0 2 0 2 1 1 0 2 0 1 1 1 0 0 1 2 0 1 1 2 1 0 2 2 1 1 2 1 0 1 0 1 0 0 1 0 2 2 1 2 0 0 0 2 1 0 1 2 2 1 1 1 0
0.554124529766108 0.864782996922495 -1.07695432300011 0.185404907887697 1.73367130136562 -1 2 2 2 0 2 0 2 2 2 1 1 2 2 1 2 0 0 0 0 1 1 0 1 0 1 1 2 1 0 0 2 0 0 0 0 1 2 2 2 1 0 0 0 0 1 2 1 0 2 0 1 2 0 0 1 1 1 2 0 0 0 1 2 1 0 1 2 2 0 2 2 1 1 2 0 0 2 2 1 0 0 0 0 2 1 1 2 0 0 1 2 2 0 2 2 2 2 1 2 0 -2 -2 -2 0 -2 0 -2 -2 -2 -1 -1 -2 -2 -1 -2 0 0 0 0 -1 -1 0 -1 0 -1 -1 -2 -1 0 0 -2 0 0 0 0 -1 -2 -2 -2 -1 0 0 0 0 -1 -2 -1 0 -2 0 -1 -2 0 0 -1 -1 -1 -2 0 0 0 -1 -2 -1 0 -1 -2 -2 0 -2 -2 -1 -1 -2 0 0 -2 -2 -1 0 0 0 0 -2 -1 -1 -2 0 0 -1 -2 -2 0 -2 -2 -2 -2 -1 -2 0
0.497877584150186 0.108607314128499 -1.50312827494414 0.913494847631511 -0.816153037303135 -1 2 1 2 1 1 0 2 1 2 2 0 0 0 0 1 0 2 0 0 2 1 1 1 0 1 1 1 1 0 0 2 1 1 0 1 2 2 2 1 0 0 0 1 1 1 2 2 0 2 0 1 0 2 0 2 1 1 2 1 0 0 1 2 1 1 2 2 1 0 1 2 2 1 1 0 0 2 1 1 1 0 1 1 2 2 1 2 0 1 1 2 2 1 0 2 1 2 0 1 0 -2 -1 -2 -1 -1 0 -2 -1 -2 -2 0 0 0 0 -1 0 -2 0 0 -2 -1 -1 -1 0 -1 -1 -1 -1 0 0 -2 -1 -1 0 -1 -2 -2 -2 -1 0 0 0 -1 -1 -1 -2 -2 0 -2 0 -1 0 -2 0 -2 -1 -1 -2 -1 0 0 -1 -2 -1 -1 -2 -2 -1 0 -1 -2 -2 -1 -1 0 0 -2 -1 -1 -1 0 -1 -1 -2 -2 -1 -2 0 -1 -1 -2 -2 -1 0 -2 -1 -2 0 -1 0
-0.545990700981384 -0.0491770626364843 -1.12406893265312 -0.934681716839764 -0.241309918489688 -1 2 0 2 1 1 0 2 1 2 2 1 2 2 2 2 1 2 0 0 1 2 0 2 0 1 2 2 2 0 0 2 0 0 0 0 2 2 2 2 2 2 2 1 0 0 1 1 0 1 1 0 1 1 0 0 1 0 1 0 0 1 2 2 0 0 0 1 1 0 0 2 1 0 2 0 0 2 2 1 0 1 1 0 1 2 2 2 1 1 1 1 1 0 1 2 1 1 1 0 0 -2 0 -2 -1 -1 0 -2 -1 -2 -2 -1 -2 -2 -2 -2 -1 -2 0 0 -1 -2 0 -2 0 -1 -2 -2 -2 0 0 -2 0 0 0 0 -2 -2 -2 -2 -2 -2 -2 -1 0 0 -1 -1 0 -1 -1 0 -1 -1 0 0 -1 0 -1 0 0 -1 -2 -2 0 0 0 -1 -1 0 0 -2 -1 0 -2 0 0 -2 -2 -1 0 -1 -1 0 -1 -2 -2 -2 -1 -1 -1 -1 -1 0 -1 -2 -1 -1 -1 0 0
-1.15722699749948 -0.097479072413511 0.229334578943749 0.0874846097760622 -2.13543524258903 -1 2 1 2 2 2 1 2 1 2 2 2 2 2 0 2 0 1 0 1 2 2 0 1 1 0 1 2 2 1 0 2 0 0 0 0 1 1 1 2 1 0 0 1 0 0 1 1 0 1 1 0 1 1 0 2 1 1 2 1 0 1 2 2 1 2 1 1 2 0 2 1 1 1 2 0 0 2 1 2 0 0 1 0 0 1 1 1 0 1 1 1 2 1 1 2 1 2 2 2 0 -2 -1 -2 -2 -2 -1 -2 -1 -2 -2 -2 -2 -2 0 -2 0 -1 0 -1 -2 -2 0 -1 -1 0 -1 -2 -2 -1 0 -2 0 0 0 0 -1 -1 -1 -2 -1 0 0 -1 0 0 -1 -1 0 -1 -1 0 -1 -1 0 -2 -1 -1 -2 -1 0 -1 -2 -2 -1 -2 -1 -1 -2 0 -2 -1 -1 -1 -2 0 0 -2 -1 -2 0 0 -1 0 0 -1 -1 -1 0 -1 -1 -1 -2 -1 -1 -2 -1 -2 -2 -2 0
-1.12428642784513 0.760225560868568 1.11111104043743 -0.903637834884872 0.373692576203628 1 2 0 2 1 1 1 2 1 2 1 0 2 2 0 1 0 1 0 0 1 0 0 1 0 1 2 2 2 0 0 2 0 1 1 2 2 2 2 2 2 1 2 1 0 1 1 1 1 2 0 1 2 1 0 2 0 0 0 0 0 1 1 2 1 1 0 0 1 0 2 2 1 0 2 0 0 1 0 2 0 0 1 1 2 2 2 1 2 1 2 2 2 2 2 2 2 2 2 1 0 2 0 2 1 1 1 2 1 2 1 0 2 2 0 1 0 1 0 0 1 0 0 1 0 1 2 2 2 0 0 2 0 1 1 2 2 2 2 2 2 1 2 1 0 1 1 1 1 2 0 1 2 1 0 2 0 0 0 0 0 1 1 2 1 1 0 0 1 0 2 2 1 0 2 0 0 1 0 2 0 0 1 1 2 2 2 1 2 1 2 2 2 2 2 2 2 2 2 1 0
-2.31625470079201 -0.117477645909382 -0.298557865003398 -1.31402188107972 0.474379603226168 1 2 1 2 1 2 1 2 2 2 2 2 2 2 2 1 0 2 0 0 1 0 0 1 1 1 1 0 1 0 0 2 0 1 0 0 2 2 2 2 0 0 0 0 0 1 1 2 2 2 1 1 2 2 0 2 1 1 2 1 1 2 2 2 0 2 1 0 0 0 2 2 0 0 1 0 0 2 1 2 0 0 0 1 1 1 1 1 2 2 1 1 1 0 0 2 0 1 2 1 0 2 1 2 1 2 1 2 2 2 2 2 2 2 2 1 0 2 0 0 1 0 0 1 1 1 1 0 1 0 0 2 0 1 0 0 2 2 2 2 0 0 0 0 0 1 1 2 2 2 1 1 2 2 0 2 1 1 2 1 1 2 2 2 0 2 1 0 0 0 2 2 0 0 1 0 0 2 1 2 0 0 0 1 1 1 1 1 2 2 1 1 1 0 0 2 0 1 2 1 0
0.00525926298592063 1.34839257212629 -0.657476874494879 0.812242856740693 0.317071700703066 1 2 1 2 0 1 0 2 2 2 1 2 2 2 1 1 0 2 0 0 1 1 0 1 0 0 1 2 2 0 0 2 0 0 0 0 1 2 2 2 2 0 1 0 0 0 1 1 0 2 0 2 1 1 0 2 1 0 1 0 0 0 1 2 0 2 2 2 2 0 2 2 2 2 2 1 0 1 1 1 0 0 1 0 1 1 1 1 2 1 1 1 2 0 1 2 1 1 2 2 0 2 1 2 0 1 0 2 2 2 1 2 2 2 1 1 0 2 0 0 1 1 0 1 0 0 1 2 2 0 0 2 0 0 0 0 1 2 2 2 2 0 1 0 0 0 1 1 0 2 0 2 1 1 0 2 1 0 1 0 0 0 1 2 0 2 2 2 2 0 2 2 2 2 2 1 0 1 1 1 0 0 1 0 1 1 1 1 2 1 1 1 2 0 1 2 1 1 2 2 0
1.27642264500002 -0.853163124686613 -1.013374461374 -0.0218260602533059 -1.05058957680001 1 2 2 2 2 2 1 2 1 2 2 2 2 2 1 2 2 2 1 0 1 1 1 2 0 0 1 2 2 0 0 2 1 0 0 1 2 2 1 0 0 0 1 1 0 0 1 1 0 1 0 1 1 1 0 1 0 0 1 0 1 0 2 2 0 0 1 1 1 0 0 2 1 1 2 1 1 2 1 2 0 0 2 2 1 1 1 1 1 2 1 0 1 0 1 2 1 1 2 2 0 2 2 2 2 2 1 2 1 2 2 2 2 2 1 2 2 2 1 0 1 1 1 2 0 0 1 2 2 0 0 2 1 0 0 1 2 2 1 0 0 0 1 1 0 0 1 1 0 1 0 1 1 1 0 1 0 0 1 0 1 0 2 2 0 0 1 1 1 0 0 2 1 1 2 1 1 2 1 2 0 0 2 2 1 1 1 1 1 2 1 0 1 0 1 2 1 1 2 2 0
-1.87317846061773 0.221837008074371 -0.757781757833148 0.254899654793951 0.325285355922086 -1 2 0 2 2 1 0 2 1 2 2 2 2 2 0 1 0 1 0 0 0 1 0 0 0 0 1 1 2 0 0 1 0 0 0 1 2 1 2 1 1 1 1 2 2 2 2 2 1 2 1 2 2 2 0 0 1 1 2 0 0 1 1 1 0 0 1 1 2 0 2 2 1 0 2 0 0 1 2 2 1 0 2 1 2 2 1 0 1 2 1 1 1 1 2 2 2 2 2 2 0 -2 0 -2 -2 -1 0 -2 -1 -2 -2 -2 -2 -2 0 -1 0 -1 0 0 0 -1 0 0 0 0 -1 -1 -2 0 0 -1 0 0 0 -1 -2 -1 -2 -1 -1 -1 -1 -2 -2 -2 -2 -2 -1 -2 -1 -2 -2 -2 0 0 -1 -1 -2 0 0 -1 -1 -1 0 0 -1 -1 -2 0 -2 -2 -1 0 -2 0 0 -1 -2 -2 -1 0 -2 -1 -2 -2 -1 0 -1 -2 -1 -1 -1 -1 -2 -2 -2 -2 -2 -2 0
-0.353538741562547 1.31556545908161 -0.774688063419186 0.696131566587754 0.326198717741742 -1 2 0 2 2 1 0 1 0 2 1 1 2 2 0 0 0 1 0 0 2 1 0 0 0 0 1 0 1 0 0 2 0 0 1 2 2 2 2 2 0 0 0 2 1 2 2 2 0 1 1 1 1 1 0 2 0 1 2 0 0 1 2 2 2 2 1 1 0 0 1 1 0 1 2 0 0 1 0 1 1 1 1 0 0 1 1 0 0 1 0 0 0 0 2 2 1 1 2 2 0 -2 0 -2 -2 -1 0 -1 0 -2 -1 -1 -2 -2 0 0 0 -1 0 0 -2 -1 0 0 0 0 -1 0 -1 0 0 -2 0 0 -1 -2 -2 -2 -2 -2 0 0 0 -2 -1 -2 -2 -2 0 -1 -1 -1 -1 -1 0 -2 0 -1 -2 0 0 -1 -2 -2 -2 -2 -1 -1 0 0 -1 -1 0 -1 -2 0 0 -1 0 -1 -1 -1 -1 0 0 -1 -1 0 0 -1 0 0 0 0 -2 -2 -1 -1 -2 -2 0
-0.805547070217689 0.543853590400782 1.24566709660607 0.158084068555208 0.184116323646552 1 1 0 2 1 1 1 2 2 2 2 1 2 2 0 0 0 1 0 0 1 2 0 1 1 0 0 1 1 0 0 2 0 0 1 1 0 1 2 1 1 0 0 0 0 1 2 2 0 2 0 0 2 2 1 2 2 0 1 0 0 1 1 2 1 1 0 2 0 0 2 2 1 0 2 1 0 2 1 2 0 0 1 2 1 0 0 1 0 0 2 2 1 1 2 2 2 0 1 0 0 1 0 2 1 1 1 2 2 2 2 1 2 2 0 0 0 1 0 0 1 2 0 1 1 0 0 1 1 0 0 2 0 0 1 1 0 1 2 1 1 0 0 0 0 1 2 2 0 2 0 0 2 2 1 2 2 0 1 0 0 1 1 2 1 1 0 2 0 0 2 2 1 0 2 1 0 2 1 2 0 0 1 2 1 0 0 1 0 0 2 2 1 1 2 2 2 0 1 0 0
-1.40506431061473 0.289927196736921 0.0149340573623055 -0.300172546306219 0.220530470338301 -1 2 1 2 1 2 2 2 1 2 2 1 2 2 0 1 1 1 0 0 1 1 0 0 0 0 1 1 1 0 0 2 1 0 0 1 2 2 1 1 1 0 1 0 0 1 1 1 1 2 1 1 0 1 0 2 2 1 2 1 0 1 2 1 0 1 1 1 1 0 2 2 1 1 2 1 0 2 1 2 2 1 2 0 2 1 1 2 1 2 0 1 0 0 0 2 2 0 0 1 0 -2 -1 -2 -1 -2 -2 -2 -1 -2 -2 -1 -2 -2 0 -1 -1 -1 0 0 -1 -1 0 0 0 0 -1 -1 -1 0 0 -2 -1 0 0 -1 -2 -2 -1 -1 -1 0 -1 0 0 -1 -1 -1 -1 -2 -1 -1 0 -1 0 -2 -2 -1 -2 -1 0 -1 -2 -1 0 -1 -1 -1 -1 0 -2 -2 -1 -1 -2 -1 0 -2 -1 -2 -2 -1 -2 0 -2 -1 -1 -2 -1 -2 0 -1 0 0 0 -2 -2 0 0 -1 0
0.238079899285343 0.145892418673148 -0.265649931385921 -2.61245663261315 1.92148193845233 -1 1 0 2 1 1 0 2 2 2 2 1 2 1 0 0 0 0 0 0 1 1 0 1 0 1 1 1 1 0 0 2 0 1 1 1 1 2 2 2 1 1 2 0 0 0 2 1 1 2 1 2 2 0 0 1 1 0 1 0 0 0 1 1 0 0 0 1 0 0 2 1 2 1 2 1 0 2 1 2 0 0 1 0 0 0 1 1 1 1 2 2 2 0 1 2 0 1 2 2 1 -1 0 -2 -1 -1 0 -2 -2 -2 -2 -1 -2 -1 0 0 0 0 0 0 -1 -1 0 -1 0 -1 -1 -1 -1 0 0 -2 0 -1 -1 -1 -1 -2 -2 -2 -1 -1 -2 0 0 0 -2 -1 -1 -2 -1 -2 -2 0 0 -1 -1 0 -1 0 0 0 -1 -1 0 0 0 -1 0 0 -2 -1 -2 -1 -2 -1 0 -2 -1 -2 0 0 -1 0 0 0 -1 -1 -1 -1 -2 -2 -2 0 -1 -2 0 -1 -2 -2 -1
0.504078705380243 -1.13616676748986 1.72656206079834 1.16586206841358 0.11657900587637 1 2 1 2 1 1 0 2 0 1 1 0 1 2 0 1 0 1 0 0 1 0 0 0 0 0 1 1 2 0 0 2 0 0 0 1 2 2 2 2 1 0 1 0 0 0 1 1 0 1 0 1 1 1 0 1 0 0 2 0 0 0 0 2 1 1 1 0 1 0 1 2 1 0 1 0 0 0 0 2 2 0 2 2 2 2 2 2 2 2 0 0 1 0 0 2 1 1 1 1 0 2 1 2 1 1 0 2 0 1 1 0 1 2 0 1 0 1 0 0 1 0 0 0 0 0 1 1 2 0 0 2 0 0 0 1 2 2 2 2 1 0 1 0 0 0 1 1 0 1 0 1 1 1 0 1 0 0 2 0 0 0 0 2 1 1 1 0 1 0 1 2 1 0 1 0 0 0 0 2 2 0 2 2 2 2 2 2 2 2 0 0 1 0 0 2 1 1 1 1 0
1.08764471588029 -0.571070235231689 0.206663933466545 -0.121198052519401 0.943309391983305 -1 2 1 2 1 2 1 2 2 2 2 2 2 2 1 2 1 2 2 1 2 2 0 0 0 1 2 2 1 0 0 2 0 0 1 1 1 2 2 2 0 1 2 0 0 2 2 2 0 2 2 2 2 1 0 2 1 0 1 0 0 0 1 0 0 0 1 0 0 0 0 2 0 0 2 0 0 1 2 2 0 0 1 1 1 1 2 2 0 0 1 1 0 0 1 1 0 1 1 2 0 -2 -1 -2 -1 -2 -1 -2 -2 -2 -2 -2 -2 -2 -1 -2 -1 -2 -2 -1 -2 -2 0 0 0 -1 -2 -2 -1 0 0 -2 0 0 -1 -1 -1 -2 -2 -2 0 -1 -2 0 0 -2 -2 -2 0 -2 -2 -2 -2 -1 0 -2 -1 0 -1 0 0 0 -1 0 0 0 -1 0 0 0 0 -2 0 0 -2 0 0 -1 -2 -2 0 0 -1 -1 -1 -1 -2 -2 0 0 -1 -1 0 0 -1 -1 0 -1 -1 -2 0
