1.14639391333017 -1.64132910637325 -1.55538079403948 -1.58672174828482 -0.348107464716406 -1 1 2 0 1 2 0 2 2 2 2 2 1 2 1 1 1 2 2 0 0 1 0 0 1 2 1 1 2 1 1 2 1 2 1 2 2 1 2 1 0 0 2 2 2 2 0 1 0 1 0 1 1 2 1 1 2 2 2 1 0 2 0 0 0 1 0 1 1 0 0 1 1 1 0 2 0 1 0 2 2 2 2 2 1 0 0 0 2 0 0 0 1 1 0 1 1 0 0 0 0 -1 -2 0 -1 -2 0 -2 -2 -2 -2 -2 -1 -2 -1 -1 -1 -2 -2 0 0 -1 0 0 -1 -2 -1 -1 -2 -1 -1 -2 -1 -2 -1 -2 -2 -1 -2 -1 0 0 -2 -2 -2 -2 0 -1 0 -1 0 -1 -1 -2 -1 -1 -2 -2 -2 -1 0 -2 0 0 0 -1 0 -1 -1 0 0 -1 -1 -1 0 -2 0 -1 0 -2 -2 -2 -2 -2 -1 0 0 0 -2 0 0 0 -1 -1 0 -1 -1 0 0 0 0
-0.0908562502803709 0.800115160779784 0.492471249807717 -1.13033360704933 -0.201529592128687 1 1 2 0 2 2 0 2 1 2 1 1 0 1 2 1 1 1 1 0 0 2 2 1 1 2 2 2 2 1 0 2 1 2 1 2 2 1 2 1 0 0 2 2 1 1 0 0 0 0 0 1 0 1 1 0 1 0 2 0 0 1 0 1 2 2 0 1 1 1 0 1 0 0 0 2 0 1 0 2 2 2 2 2 1 1 2 0 1 1 0 0 1 2 1 2 1 1 0 2 2 1 2 0 2 2 0 2 1 2 1 1 0 1 2 1 1 1 1 0 0 2 2 1 1 2 2 2 2 1 0 2 1 2 1 2 2 1 2 1 0 0 2 2 1 1 0 0 0 0 0 1 0 1 1 0 1 0 2 0 0 1 0 1 2 2 0 1 1 1 0 1 0 0 0 2 0 1 0 2 2 2 2 2 1 1 2 0 1 1 0 0 1 2 1 2 1 1 0 2 2
1.56609827241457 -1.89036084849339 -0.260646142796905 0.218510986324445 -0.983876372870153 -1 1 2 0 2 2 0 1 2 1 2 2 1 1 2 2 0 1 0 0 0 1 0 0 0 2 1 1 2 1 1 2 1 2 0 2 1 0 2 2 0 1 2 2 1 2 0 0 0 0 0 2 1 1 0 1 2 1 2 1 1 2 1 0 1 1 2 2 0 0 2 2 1 2 0 2 2 2 0 1 1 0 2 2 2 1 1 0 2 1 1 0 1 1 1 2 2 1 0 2 1 -1 -2 0 -2 -2 0 -1 -2 -1 -2 -2 -1 -1 -2 -2 0 -1 0 0 0 -1 0 0 0 -2 -1 -1 -2 -1 -1 -2 -1 -2 0 -2 -1 0 -2 -2 0 -1 -2 -2 -1 -2 0 0 0 0 0 -2 -1 -1 0 -1 -2 -1 -2 -1 -1 -2 -1 0 -1 -1 -2 -2 0 0 -2 -2 -1 -2 0 -2 -2 -2 0 -1 -1 0 -2 -2 -2 -1 -1 0 -2 -1 -1 0 -1 -1 -1 -2 -2 -1 0 -2 -1
-0.169520768002791 0.0778402309013081 -0.811343903579184 -0.693370541261736 -1.74228560319378 1 1 2 0 2 2 1 2 2 2 2 2 0 1 2 0 0 2 1 0 0 0 1 1 0 1 1 1 1 0 0 2 1 2 1 1 1 1 2 1 0 0 2 2 1 2 0 0 0 1 0 1 1 0 0 1 2 1 2 2 2 1 0 0 0 1 0 1 0 1 1 1 1 1 0 2 1 1 0 2 2 1 1 0 2 0 1 0 2 1 1 0 1 1 0 1 0 1 0 1 0 1 2 0 2 2 1 2 2 2 2 2 0 1 2 0 0 2 1 0 0 0 1 1 0 1 1 1 1 0 0 2 1 2 1 1 1 1 2 1 0 0 2 2 1 2 0 0 0 1 0 1 1 0 0 1 2 1 2 2 2 1 0 0 0 1 0 1 0 1 1 1 1 1 0 2 1 1 0 2 2 1 1 0 2 0 1 0 2 1 1 0 1 1 0 1 0 1 0 1 0
1.31012186877591 0.532878981962728 0.952803831381957 1.60495303901776 0.34383403581461 -1 1 1 0 1 2 0 2 2 2 1 2 0 0 2 0 1 2 2 0 0 1 1 0 1 2 2 2 1 0 0 2 1 2 2 2 2 0 2 2 0 0 2 2 2 2 1 1 0 2 2 2 0 1 0 0 2 1 2 1 1 2 0 0 1 1 0 0 0 2 0 1 1 2 1 2 1 0 0 1 1 2 1 1 1 0 0 0 0 2 2 1 1 1 0 2 0 0 1 2 0 -1 -1 0 -1 -2 0 -2 -2 -2 -1 -2 0 0 -2 0 -1 -2 -2 0 0 -1 -1 0 -1 -2 -2 -2 -1 0 0 -2 -1 -2 -2 -2 -2 0 -2 -2 0 0 -2 -2 -2 -2 -1 -1 0 -2 -2 -2 0 -1 0 0 -2 -1 -2 -1 -1 -2 0 0 -1 -1 0 0 0 -2 0 -1 -1 -2 -1 -2 -1 0 0 -1 -1 -2 -1 -1 -1 0 0 0 0 -2 -2 -1 -1 -1 0 -2 0 0 -1 -2 0
0.938293232962689 0.422721874018218 1.58022953925886 -0.121655945287423 1.96115736892635 -1 0 2 0 2 2 0 1 1 1 2 2 0 1 2 0 0 1 1 1 0 2 0 1 2 2 1 1 0 0 0 2 1 2 1 2 2 1 2 2 1 0 2 2 1 2 1 1 1 2 2 1 0 0 0 0 1 1 2 1 0 0 0 0 0 1 1 2 1 2 2 2 0 1 0 2 1 1 0 2 2 1 1 2 2 0 1 0 2 2 1 1 1 2 2 1 0 1 0 2 1 0 -2 0 -2 -2 0 -1 -1 -1 -2 -2 0 -1 -2 0 0 -1 -1 -1 0 -2 0 -1 -2 -2 -1 -1 0 0 0 -2 -1 -2 -1 -2 -2 -1 -2 -2 -1 0 -2 -2 -1 -2 -1 -1 -1 -2 -2 -1 0 0 0 0 -1 -1 -2 -1 0 0 0 0 0 -1 -1 -2 -1 -2 -2 -2 0 -1 0 -2 -1 -1 0 -2 -2 -1 -1 -2 -2 0 -1 0 -2 -2 -1 -1 -1 -2 -2 -1 0 -1 0 -2 -1
-0.689165082235209 -1.32832799463681 1.8325899017338 0.178009573229458 0.372302519913243 1 1 2 1 1 2 0 2 2 2 2 2 0 1 1 0 1 2 2 1 0 1 0 0 0 2 1 1 2 0 0 2 2 2 2 2 2 1 2 2 0 0 2 2 2 2 0 0 0 0 0 1 0 1 0 1 2 1 2 1 0 0 0 1 0 0 0 1 0 1 1 1 0 0 0 0 0 1 0 1 1 1 2 1 2 1 1 0 1 0 1 1 1 0 0 1 1 0 0 1 0 1 2 1 1 2 0 2 2 2 2 2 0 1 1 0 1 2 2 1 0 1 0 0 0 2 1 1 2 0 0 2 2 2 2 2 2 1 2 2 0 0 2 2 2 2 0 0 0 0 0 1 0 1 0 1 2 1 2 1 0 0 0 1 0 0 0 1 0 1 1 1 0 0 0 0 0 1 0 1 1 1 2 1 2 1 1 0 1 0 1 1 1 0 0 1 1 0 0 1 0
2.10205031836343 -0.0785278567695034 -0.318705429293822 -1.84836715214761 -1.50544422697027 -1 0 1 0 2 1 0 1 1 2 2 2 0 1 1 0 1 1 1 0 0 2 1 0 1 2 1 1 2 1 0 2 2 2 1 2 2 1 2 2 0 0 2 2 2 2 0 0 0 1 1 1 0 1 1 1 2 0 2 1 0 1 0 0 0 1 2 2 1 1 2 2 2 1 1 2 2 2 1 2 2 1 2 2 2 0 1 0 2 1 0 1 1 1 0 2 1 1 0 1 0 0 -1 0 -2 -1 0 -1 -1 -2 -2 -2 0 -1 -1 0 -1 -1 -1 0 0 -2 -1 0 -1 -2 -1 -1 -2 -1 0 -2 -2 -2 -1 -2 -2 -1 -2 -2 0 0 -2 -2 -2 -2 0 0 0 -1 -1 -1 0 -1 -1 -1 -2 0 -2 -1 0 -1 0 0 0 -1 -2 -2 -1 -1 -2 -2 -2 -1 -1 -2 -2 -2 -1 -2 -2 -1 -2 -2 -2 0 -1 0 -2 -1 0 -1 -1 -1 0 -2 -1 -1 0 -1 0
0.15090399863681 -0.842261920921843 1.87927298956549 -0.497693236997357 -0.874878999730055 -1 1 2 0 1 2 1 2 2 2 1 2 0 0 1 0 0 2 2 0 0 1 0 0 1 2 2 2 2 0 0 2 1 2 1 2 0 0 2 2 0 0 2 2 2 2 0 0 0 1 1 1 2 2 1 1 1 0 2 2 1 1 0 0 0 1 0 1 1 1 2 1 1 1 1 2 1 0 0 0 1 1 2 2 1 1 1 0 2 0 1 0 0 1 0 1 0 0 0 2 1 -1 -2 0 -1 -2 -1 -2 -2 -2 -1 -2 0 0 -1 0 0 -2 -2 0 0 -1 0 0 -1 -2 -2 -2 -2 0 0 -2 -1 -2 -1 -2 0 0 -2 -2 0 0 -2 -2 -2 -2 0 0 0 -1 -1 -1 -2 -2 -1 -1 -1 0 -2 -2 -1 -1 0 0 0 -1 0 -1 -1 -1 -2 -1 -1 -1 -1 -2 -1 0 0 0 -1 -1 -2 -2 -1 -1 -1 0 -2 0 -1 0 0 -1 0 -1 0 0 0 -2 -1
0.111062640360065 1.64921094734483 0.309739552396125 -0.330560502700387 -0.342588773379277 -1 1 2 1 2 2 2 2 1 1 2 2 1 2 1 0 2 2 1 1 0 0 1 1 0 1 2 2 2 2 1 2 1 2 1 2 1 0 2 1 0 1 2 2 2 2 0 0 1 2 2 1 0 0 1 1 2 1 2 1 0 1 0 0 0 0 1 2 2 2 1 1 1 0 0 1 1 2 1 2 2 2 1 1 1 1 2 1 2 0 0 0 1 0 0 2 1 2 0 1 0 -1 -2 -1 -2 -2 -2 -2 -1 -1 -2 -2 -1 -2 -1 0 -2 -2 -1 -1 0 0 -1 -1 0 -1 -2 -2 -2 -2 -1 -2 -1 -2 -1 -2 -1 0 -2 -1 0 -1 -2 -2 -2 -2 0 0 -1 -2 -2 -1 0 0 -1 -1 -2 -1 -2 -1 0 -1 0 0 0 0 -1 -2 -2 -2 -1 -1 -1 0 0 -1 -1 -2 -1 -2 -2 -2 -1 -1 -1 -1 -2 -1 -2 0 0 0 -1 0 0 -2 -1 -2 0 -1 0
-1.11498275763595 0.792976099397993 -1.27169951226583 -0.766904333046944 -0.176567432208097 -1 1 2 1 2 1 0 1 2 2 2 1 0 0 1 0 1 2 2 0 0 0 0 0 1 2 1 2 2 0 0 2 0 2 1 1 2 0 2 0 0 0 2 2 2 2 1 1 0 1 1 2 0 1 0 1 2 0 2 1 0 0 0 0 0 1 0 1 1 1 1 1 0 0 0 2 2 1 0 2 2 2 2 2 2 0 1 0 2 1 0 0 2 2 1 2 0 0 1 1 1 -1 -2 -1 -2 -1 0 -1 -2 -2 -2 -1 0 0 -1 0 -1 -2 -2 0 0 0 0 0 -1 -2 -1 -2 -2 0 0 -2 0 -2 -1 -1 -2 0 -2 0 0 0 -2 -2 -2 -2 -1 -1 0 -1 -1 -2 0 -1 0 -1 -2 0 -2 -1 0 0 0 0 0 -1 0 -1 -1 -1 -1 -1 0 0 0 -2 -2 -1 0 -2 -2 -2 -2 -2 -2 0 -1 0 -2 -1 0 0 -2 -2 -1 -2 0 0 -1 -1 -1
0.01969428494158 -0.251621682386824 -0.121991924073451 2.04251492482613 -0.238299221129112 -1 1 2 0 1 2 1 2 2 1 2 2 1 2 2 1 1 2 1 0 0 2 0 0 0 2 1 2 2 0 1 2 1 2 0 2 2 1 2 2 1 1 2 2 1 2 0 1 0 1 0 1 0 1 0 0 2 1 2 1 0 1 2 0 1 1 1 2 2 1 0 1 0 0 0 2 1 1 1 2 1 0 1 1 0 1 1 0 0 1 2 2 1 1 0 0 0 0 0 2 1 -1 -2 0 -1 -2 -1 -2 -2 -1 -2 -2 -1 -2 -2 -1 -1 -2 -1 0 0 -2 0 0 0 -2 -1 -2 -2 0 -1 -2 -1 -2 0 -2 -2 -1 -2 -2 -1 -1 -2 -2 -1 -2 0 -1 0 -1 0 -1 0 -1 0 0 -2 -1 -2 -1 0 -1 -2 0 -1 -1 -1 -2 -2 -1 0 -1 0 0 0 -2 -1 -1 -1 -2 -1 0 -1 -1 0 -1 -1 0 0 -1 -2 -2 -1 -1 0 0 0 0 0 -2 -1
0.446937356612205 0.912998598151423 -0.498930013368669 1.45093844760681 -1.17962895056427 -1 0 0 0 1 1 2 2 1 2 2 2 0 1 2 0 1 1 1 0 0 1 1 0 1 2 2 2 2 0 0 2 0 2 0 1 2 0 2 0 1 1 2 2 2 2 0 2 0 2 1 1 1 1 0 0 1 0 2 1 0 1 1 0 0 2 0 1 1 1 1 2 0 1 0 1 1 1 0 2 2 2 2 1 1 1 1 0 2 0 1 1 2 0 0 1 1 1 0 1 1 0 0 0 -1 -1 -2 -2 -1 -2 -2 -2 0 -1 -2 0 -1 -1 -1 0 0 -1 -1 0 -1 -2 -2 -2 -2 0 0 -2 0 -2 0 -1 -2 0 -2 0 -1 -1 -2 -2 -2 -2 0 -2 0 -2 -1 -1 -1 -1 0 0 -1 0 -2 -1 0 -1 -1 0 0 -2 0 -1 -1 -1 -1 -2 0 -1 0 -1 -1 -1 0 -2 -2 -2 -2 -1 -1 -1 -1 0 -2 0 -1 -1 -2 0 0 -1 -1 -1 0 -1 -1
-0.476038599532358 -1.5269702041271 -0.831422194699097 1.65097750393549 -2.11186489623406 1 1 2 0 1 2 1 2 1 0 2 2 0 0 2 0 1 2 2 0 0 2 0 0 2 2 2 2 2 0 0 2 0 1 0 1 1 0 2 2 0 0 2 2 1 2 1 1 0 1 1 2 0 1 0 0 2 2 2 2 0 0 0 0 0 1 2 2 1 2 2 2 2 1 0 2 1 1 0 2 2 2 2 1 1 0 1 0 2 2 1 0 1 1 2 2 0 1 0 1 0 1 2 0 1 2 1 2 1 0 2 2 0 0 2 0 1 2 2 0 0 2 0 0 2 2 2 2 2 0 0 2 0 1 0 1 1 0 2 2 0 0 2 2 1 2 1 1 0 1 1 2 0 1 0 0 2 2 2 2 0 0 0 0 0 1 2 2 1 2 2 2 2 1 0 2 1 1 0 2 2 2 2 1 1 0 1 0 2 2 1 0 1 1 2 2 0 1 0 1 0
-0.712533508071881 -1.00108746233495 0.800684774464246 0.778241547593673 -1.57906674890577 1 1 2 0 2 2 2 2 2 2 2 2 0 0 1 0 1 1 2 0 0 2 1 0 2 2 1 2 1 1 0 2 1 1 0 1 1 0 2 2 1 1 2 2 1 2 1 0 0 2 2 2 0 2 1 2 2 2 2 1 1 1 0 0 0 0 0 2 1 0 1 1 0 0 0 2 1 1 0 2 1 0 1 2 2 1 1 0 2 1 1 0 1 2 1 1 0 0 1 2 0 1 2 0 2 2 2 2 2 2 2 2 0 0 1 0 1 1 2 0 0 2 1 0 2 2 1 2 1 1 0 2 1 1 0 1 1 0 2 2 1 1 2 2 1 2 1 0 0 2 2 2 0 2 1 2 2 2 2 1 1 1 0 0 0 0 0 2 1 0 1 1 0 0 0 2 1 1 0 2 1 0 1 2 2 1 1 0 2 1 1 0 1 2 1 1 0 0 1 2 0
0.0304347137712443 2.13064539938386 0.851339057939303 1.79899967261937 -0.454324975857262 1 1 2 1 2 2 0 0 1 0 2 2 1 2 1 1 0 2 2 1 0 1 1 0 0 2 2 2 2 0 2 2 2 2 2 2 2 1 2 1 0 1 2 2 2 2 0 1 1 2 1 2 1 0 0 1 2 0 2 0 0 0 0 0 1 2 1 2 1 1 2 2 1 1 1 2 1 2 1 2 2 1 2 1 1 0 0 0 1 1 0 1 2 2 0 1 0 0 0 1 1 1 2 1 2 2 0 0 1 0 2 2 1 2 1 1 0 2 2 1 0 1 1 0 0 2 2 2 2 0 2 2 2 2 2 2 2 1 2 1 0 1 2 2 2 2 0 1 1 2 1 2 1 0 0 1 2 0 2 0 0 0 0 0 1 2 1 2 1 1 2 2 1 1 1 2 1 2 1 2 2 1 2 1 1 0 0 0 1 1 0 1 2 2 0 1 0 0 0 1 1
-0.880238021591765 1.96812170162009 -2.97203672403454 -0.604241117309676 -0.0791368132551668 -1 1 1 0 2 2 0 2 1 2 2 2 0 1 1 0 1 2 1 0 0 1 0 0 1 2 1 2 1 0 0 2 1 2 2 2 2 1 2 2 2 1 2 2 1 2 0 0 0 2 0 1 1 0 0 0 1 0 2 0 1 2 1 0 1 2 1 2 2 2 1 1 0 1 0 1 0 2 1 2 2 2 2 2 1 0 0 0 1 0 0 0 0 0 0 1 0 0 0 1 0 -1 -1 0 -2 -2 0 -2 -1 -2 -2 -2 0 -1 -1 0 -1 -2 -1 0 0 -1 0 0 -1 -2 -1 -2 -1 0 0 -2 -1 -2 -2 -2 -2 -1 -2 -2 -2 -1 -2 -2 -1 -2 0 0 0 -2 0 -1 -1 0 0 0 -1 0 -2 0 -1 -2 -1 0 -1 -2 -1 -2 -2 -2 -1 -1 0 -1 0 -1 0 -2 -1 -2 -2 -2 -2 -2 -1 0 0 0 -1 0 0 0 0 0 0 -1 0 0 0 -1 0
-1.03418625184623 2.16098658009145 1.06378249378894 0.136852943228877 -1.83747297513226 1 1 2 1 2 1 1 2 2 2 2 2 0 1 2 0 1 1 2 0 0 2 1 0 2 2 2 2 2 0 0 2 1 2 1 2 2 0 2 2 1 2 2 2 2 2 2 2 0 1 2 1 0 1 0 1 2 2 2 1 1 2 1 1 0 1 0 1 2 2 1 2 2 1 0 2 1 2 1 2 1 1 1 2 2 1 1 0 2 2 1 0 0 2 0 1 1 1 0 1 0 1 2 1 2 1 1 2 2 2 2 2 0 1 2 0 1 1 2 0 0 2 1 0 2 2 2 2 2 0 0 2 1 2 1 2 2 0 2 2 1 2 2 2 2 2 2 2 0 1 2 1 0 1 0 1 2 2 2 1 1 2 1 1 0 1 0 1 2 2 1 2 2 1 0 2 1 2 1 2 1 1 1 2 2 1 1 0 2 2 1 0 0 2 0 1 1 1 0 1 0
-0.0246575811002515 -2.03902900639327 -0.774256419716654 0.755902016565437 0.160413703481954 -1 1 2 0 1 2 0 0 1 2 2 2 1 2 2 0 0 1 1 0 0 1 0 0 2 2 1 0 1 0 0 2 2 2 2 2 2 0 2 1 0 0 2 2 2 2 1 0 0 1 0 2 1 1 1 0 2 0 1 0 0 1 0 0 0 1 0 1 1 1 2 1 1 0 0 2 0 1 0 2 2 2 2 2 1 0 0 0 1 1 1 0 2 2 1 2 0 2 0 2 1 -1 -2 0 -1 -2 0 0 -1 -2 -2 -2 -1 -2 -2 0 0 -1 -1 0 0 -1 0 0 -2 -2 -1 0 -1 0 0 -2 -2 -2 -2 -2 -2 0 -2 -1 0 0 -2 -2 -2 -2 -1 0 0 -1 0 -2 -1 -1 -1 0 -2 0 -1 0 0 -1 0 0 0 -1 0 -1 -1 -1 -2 -1 -1 0 0 -2 0 -1 0 -2 -2 -2 -2 -2 -1 0 0 0 -1 -1 -1 0 -2 -2 -1 -2 0 -2 0 -2 -1
-0.0384369684716744 0.957003235901701 -1.18642632720469 -0.0277951106869289 -1.18503325575129 -1 1 2 0 1 1 0 2 2 2 2 2 1 1 2 1 0 2 2 1 0 1 1 1 2 2 2 2 2 0 0 2 1 2 2 2 2 0 2 2 1 1 2 2 2 2 0 0 0 0 1 2 1 0 0 0 0 1 2 0 0 0 0 0 2 2 2 1 1 1 1 2 0 1 0 1 1 1 0 0 0 0 1 0 1 0 0 0 1 1 1 1 1 1 1 2 0 1 1 2 1 -1 -2 0 -1 -1 0 -2 -2 -2 -2 -2 -1 -1 -2 -1 0 -2 -2 -1 0 -1 -1 -1 -2 -2 -2 -2 -2 0 0 -2 -1 -2 -2 -2 -2 0 -2 -2 -1 -1 -2 -2 -2 -2 0 0 0 0 -1 -2 -1 0 0 0 0 -1 -2 0 0 0 0 0 -2 -2 -2 -1 -1 -1 -1 -2 0 -1 0 -1 -1 -1 0 0 0 0 -1 0 -1 0 0 0 -1 -1 -1 -1 -1 -1 -1 -2 0 -1 -1 -2 -1
-0.711058564115127 0.813316726777025 0.155493616081826 -0.750873014552217 -0.427055007743097 -1 0 1 0 2 2 0 1 2 2 2 1 0 0 1 0 1 0 0 0 0 1 2 1 2 2 1 2 2 1 1 2 2 2 2 2 2 0 2 2 0 1 2 2 2 2 2 2 0 1 1 2 0 1 0 0 2 0 2 2 1 2 2 1 1 2 1 2 1 2 1 2 2 2 1 2 1 1 0 2 2 2 2 2 1 1 2 1 2 1 1 0 0 1 0 0 0 1 0 2 1 0 -1 0 -2 -2 0 -1 -2 -2 -2 -1 0 0 -1 0 -1 0 0 0 0 -1 -2 -1 -2 -2 -1 -2 -2 -1 -1 -2 -2 -2 -2 -2 -2 0 -2 -2 0 -1 -2 -2 -2 -2 -2 -2 0 -1 -1 -2 0 -1 0 0 -2 0 -2 -2 -1 -2 -2 -1 -1 -2 -1 -2 -1 -2 -1 -2 -2 -2 -1 -2 -1 -1 0 -2 -2 -2 -2 -2 -1 -1 -2 -1 -2 -1 -1 0 0 -1 0 0 0 -1 0 -2 -1
0.6583316304353 1.61333024809384 -0.499629666112114 -0.829750946381221 0.331412761570914 1 0 2 1 1 2 0 2 2 1 2 2 1 2 2 0 0 2 1 0 0 1 1 1 2 2 2 2 2 0 1 2 0 2 2 2 1 0 2 1 0 0 2 2 2 2 1 0 0 0 0 1 0 0 0 1 2 0 2 1 0 0 0 0 1 1 0 1 1 1 1 2 2 2 0 1 0 2 0 2 2 2 1 1 1 0 0 0 1 2 1 1 1 1 0 2 1 0 0 1 0 0 2 1 1 2 0 2 2 1 2 2 1 2 2 0 0 2 1 0 0 1 1 1 2 2 2 2 2 0 1 2 0 2 2 2 1 0 2 1 0 0 2 2 2 2 1 0 0 0 0 1 0 0 0 1 2 0 2 1 0 0 0 0 1 1 0 1 1 1 1 2 2 2 0 1 0 2 0 2 2 2 1 1 1 0 0 0 1 2 1 1 1 1 0 2 1 0 0 1 0
-0.697932016041739 -0.617261616399599 1.14400481884911 -1.45941925375291 -1.11057996883148 1 0 2 0 1 2 1 2 2 2 2 1 1 1 2 1 1 2 2 1 1 2 2 1 1 2 1 2 1 0 0 1 0 2 0 1 1 0 2 1 0 0 2 2 2 2 0 0 0 1 1 1 0 0 0 0 1 0 1 0 0 1 0 1 2 2 2 2 1 1 0 1 1 0 0 1 0 1 0 1 1 1 2 2 2 0 0 0 2 1 0 1 1 1 1 2 1 1 0 1 0 0 2 0 1 2 1 2 2 2 2 1 1 1 2 1 1 2 2 1 1 2 2 1 1 2 1 2 1 0 0 1 0 2 0 1 1 0 2 1 0 0 2 2 2 2 0 0 0 1 1 1 0 0 0 0 1 0 1 0 0 1 0 1 2 2 2 2 1 1 0 1 1 0 0 1 0 1 0 1 1 1 2 2 2 0 0 0 2 1 0 1 1 1 1 2 1 1 0 1 0
0.708503268312243 -1.3385152047673 0.762426811085035 1.19749961114981 1.6023502382072 1 1 1 0 2 2 2 2 2 2 2 2 0 2 2 0 0 2 2 1 0 0 1 1 2 2 2 2 2 0 0 2 1 2 2 2 1 0 2 1 0 0 2 2 1 2 1 1 1 2 1 1 0 1 1 1 2 0 1 1 0 1 0 0 1 2 2 1 1 1 1 0 0 0 0 2 0 0 0 2 0 0 2 2 2 2 1 0 0 2 1 1 1 0 0 1 0 1 1 0 0 1 1 0 2 2 2 2 2 2 2 2 0 2 2 0 0 2 2 1 0 0 1 1 2 2 2 2 2 0 0 2 1 2 2 2 1 0 2 1 0 0 2 2 1 2 1 1 1 2 1 1 0 1 1 1 2 0 1 1 0 1 0 0 1 2 2 1 1 1 1 0 0 0 0 2 0 0 0 2 0 0 2 2 2 2 1 0 0 2 1 1 1 0 0 1 0 1 1 0 0
-0.561305560945044 -0.389754692847489 1.61197772331865 -0.300937709687776 1.76492397078595 1 1 1 0 0 0 0 2 2 2 2 2 1 1 1 0 0 1 1 0 0 0 1 1 2 2 2 1 2 0 0 2 0 2 0 2 1 0 2 0 0 0 2 2 2 1 0 0 0 1 0 1 0 0 0 0 2 0 2 1 0 0 0 0 0 1 1 2 2 1 0 2 1 1 0 2 1 2 1 2 2 0 0 1 1 0 0 0 1 2 1 0 1 2 0 0 0 1 0 1 0 1 1 0 0 0 0 2 2 2 2 2 1 1 1 0 0 1 1 0 0 0 1 1 2 2 2 1 2 0 0 2 0 2 0 2 1 0 2 0 0 0 2 2 2 1 0 0 0 1 0 1 0 0 0 0 2 0 2 1 0 0 0 0 0 1 1 2 2 1 0 2 1 1 0 2 1 2 1 2 2 0 0 1 1 0 0 0 1 2 1 0 1 2 0 0 0 1 0 1 0
-0.459379002412601 -0.933891894064679 -0.0822977718636204 -1.26861779351132 1.27232240003558 -1 1 2 0 2 1 0 1 1 1 2 2 0 1 2 1 0 1 1 0 0 0 0 0 2 2 1 2 0 0 0 2 1 2 1 2 2 0 1 1 0 0 2 2 2 2 1 1 0 1 0 1 1 1 1 1 2 1 2 1 1 2 1 1 0 1 1 2 1 1 2 2 1 0 1 2 1 1 1 2 1 1 2 1 1 0 0 0 1 1 0 0 0 0 0 1 0 2 1 0 0 -1 -2 0 -2 -1 0 -1 -1 -1 -2 -2 0 -1 -2 -1 0 -1 -1 0 0 0 0 0 -2 -2 -1 -2 0 0 0 -2 -1 -2 -1 -2 -2 0 -1 -1 0 0 -2 -2 -2 -2 -1 -1 0 -1 0 -1 -1 -1 -1 -1 -2 -1 -2 -1 -1 -2 -1 -1 0 -1 -1 -2 -1 -1 -2 -2 -1 0 -1 -2 -1 -1 -1 -2 -1 -1 -2 -1 -1 0 0 0 -1 -1 0 0 0 0 0 -1 0 -2 -1 0 0
0.438269908075755 -0.708047327763494 0.0416457481051234 -1.41495438801996 -1.29414497913206 -1 0 2 0 1 1 0 0 2 2 2 2 2 2 2 1 0 1 1 0 0 2 2 1 2 2 1 1 2 1 1 2 1 2 2 2 2 1 2 2 0 1 2 2 2 2 0 0 0 0 0 0 1 1 0 0 2 1 2 1 1 0 1 0 0 1 1 1 1 2 1 1 1 0 0 2 1 1 0 2 1 0 1 2 2 0 1 1 1 1 0 0 1 1 0 1 1 2 0 2 1 0 -2 0 -1 -1 0 0 -2 -2 -2 -2 -2 -2 -2 -1 0 -1 -1 0 0 -2 -2 -1 -2 -2 -1 -1 -2 -1 -1 -2 -1 -2 -2 -2 -2 -1 -2 -2 0 -1 -2 -2 -2 -2 0 0 0 0 0 0 -1 -1 0 0 -2 -1 -2 -1 -1 0 -1 0 0 -1 -1 -1 -1 -2 -1 -1 -1 0 0 -2 -1 -1 0 -2 -1 0 -1 -2 -2 0 -1 -1 -1 -1 0 0 -1 -1 0 -1 -1 -2 0 -2 -1
1.4555284805156 -0.0992799797294216 0.270631150225533 -1.30352631679871 -1.30828853350256 -1 2 2 0 1 2 2 2 2 2 2 2 0 1 2 1 0 0 0 0 0 1 1 0 2 2 2 2 2 0 0 2 1 2 2 2 2 2 2 2 1 0 2 2 2 2 1 1 1 2 1 2 0 1 0 0 1 1 2 1 0 1 0 0 0 2 1 1 1 1 2 1 1 1 0 1 1 0 0 2 2 1 2 1 1 0 0 0 1 1 1 1 1 1 1 2 1 1 0 1 0 -2 -2 0 -1 -2 -2 -2 -2 -2 -2 -2 0 -1 -2 -1 0 0 0 0 0 -1 -1 0 -2 -2 -2 -2 -2 0 0 -2 -1 -2 -2 -2 -2 -2 -2 -2 -1 0 -2 -2 -2 -2 -1 -1 -1 -2 -1 -2 0 -1 0 0 -1 -1 -2 -1 0 -1 0 0 0 -2 -1 -1 -1 -1 -2 -1 -1 -1 0 -1 -1 0 0 -2 -2 -1 -2 -1 -1 0 0 0 -1 -1 -1 -1 -1 -1 -1 -2 -1 -1 0 -1 0
0.192139951384976 1.52407901347468 0.191975929700259 -0.019315416961179 -1.01491897676815 1 0 2 0 2 2 2 2 2 2 2 1 0 1 2 1 1 2 2 0 0 1 0 1 2 2 2 2 2 0 1 2 1 2 2 2 2 1 2 1 0 0 2 2 2 2 0 0 0 0 1 2 0 0 0 0 2 0 2 1 1 2 0 0 1 2 0 2 2 1 0 1 2 1 0 2 0 1 2 2 1 1 1 1 1 1 1 0 2 0 0 2 2 1 0 0 0 2 0 1 0 0 2 0 2 2 2 2 2 2 2 1 0 1 2 1 1 2 2 0 0 1 0 1 2 2 2 2 2 0 1 2 1 2 2 2 2 1 2 1 0 0 2 2 2 2 0 0 0 0 1 2 0 0 0 0 2 0 2 1 1 2 0 0 1 2 0 2 2 1 0 1 2 1 0 2 0 1 2 2 1 1 1 1 1 1 1 0 2 0 0 2 2 1 0 0 0 2 0 1 0
-1.38593140340415 -0.137342810972609 -1.26990573592599 0.660713745170146 0.404966612708955 -1 0 1 0 2 2 1 1 2 2 2 2 0 1 1 0 1 2 1 1 0 0 0 0 1 2 1 2 2 0 0 2 1 2 1 2 2 0 2 0 0 0 2 2 1 1 0 0 0 0 0 2 0 2 1 1 2 0 2 1 0 1 1 0 0 2 0 2 0 1 1 2 0 1 0 2 1 1 0 2 1 1 2 2 2 1 1 2 2 1 1 0 0 0 0 1 0 0 0 1 1 0 -1 0 -2 -2 -1 -1 -2 -2 -2 -2 0 -1 -1 0 -1 -2 -1 -1 0 0 0 0 -1 -2 -1 -2 -2 0 0 -2 -1 -2 -1 -2 -2 0 -2 0 0 0 -2 -2 -1 -1 0 0 0 0 0 -2 0 -2 -1 -1 -2 0 -2 -1 0 -1 -1 0 0 -2 0 -2 0 -1 -1 -2 0 -1 0 -2 -1 -1 0 -2 -1 -1 -2 -2 -2 -1 -1 -2 -2 -1 -1 0 0 0 0 -1 0 0 0 -1 -1
1.68159599882584 -0.530607863022566 -0.176569269333781 -0.177319159564508 0.798778528444497 -1 0 2 0 2 2 0 1 2 2 2 2 0 0 0 0 1 0 2 0 0 1 1 0 1 2 2 2 1 0 0 2 2 2 2 2 1 0 2 2 0 1 2 2 2 2 1 1 0 0 0 1 1 2 0 0 2 2 2 1 0 0 0 0 1 1 1 1 0 1 1 0 0 1 0 1 1 1 0 1 1 1 1 2 1 1 0 0 2 2 1 0 1 0 1 2 0 0 0 1 0 0 -2 0 -2 -2 0 -1 -2 -2 -2 -2 0 0 0 0 -1 0 -2 0 0 -1 -1 0 -1 -2 -2 -2 -1 0 0 -2 -2 -2 -2 -2 -1 0 -2 -2 0 -1 -2 -2 -2 -2 -1 -1 0 0 0 -1 -1 -2 0 0 -2 -2 -2 -1 0 0 0 0 -1 -1 -1 -1 0 -1 -1 0 0 -1 0 -1 -1 -1 0 -1 -1 -1 -1 -2 -1 -1 0 0 -2 -2 -1 0 -1 0 -1 -2 0 0 0 -1 0
0.974495385042309 0.904374874727966 2.00645428267885 -1.06461737876469 0.619687627884456 1 1 2 0 2 2 1 2 2 2 2 2 0 1 2 0 1 1 1 0 0 1 1 2 1 2 1 1 1 0 0 2 0 1 0 2 2 0 2 1 0 0 2 2 2 1 1 2 0 1 2 2 1 2 0 1 2 0 2 1 0 2 0 0 2 2 2 1 0 0 2 1 1 1 0 2 1 1 1 2 1 1 2 2 2 0 2 0 2 2 1 0 0 1 1 1 0 1 0 0 0 1 2 0 2 2 1 2 2 2 2 2 0 1 2 0 1 1 1 0 0 1 1 2 1 2 1 1 1 0 0 2 0 1 0 2 2 0 2 1 0 0 2 2 2 1 1 2 0 1 2 2 1 2 0 1 2 0 2 1 0 2 0 0 2 2 2 1 0 0 2 1 1 1 0 2 1 1 1 2 1 1 2 2 2 0 2 0 2 2 1 0 0 1 1 1 0 1 0 0 0
-0.521085518871988 -0.268493909267559 0.391856190304173 -1.04676462917215 0.765253744370508 1 1 2 1 2 2 0 2 1 2 2 2 1 0 2 1 0 2 1 1 0 1 0 1 2 2 2 2 1 0 0 2 1 2 2 2 2 0 2 1 0 0 2 2 1 1 0 1 0 2 0 1 1 0 0 1 2 1 2 1 0 1 1 0 1 2 2 0 0 2 2 2 1 1 0 1 1 0 0 2 2 1 2 2 1 0 2 0 2 0 0 0 1 1 0 1 0 0 0 1 0 1 2 1 2 2 0 2 1 2 2 2 1 0 2 1 0 2 1 1 0 1 0 1 2 2 2 2 1 0 0 2 1 2 2 2 2 0 2 1 0 0 2 2 1 1 0 1 0 2 0 1 1 0 0 1 2 1 2 1 0 1 1 0 1 2 2 0 0 2 2 2 1 1 0 1 1 0 0 2 2 1 2 2 1 0 2 0 2 0 0 0 1 1 0 1 0 0 0 1 0
-0.129814152583397 0.689244983587355 0.325952916329945 0.240092790914803 -1.47455882416478 -1 1 2 1 2 2 0 2 1 2 2 2 1 2 1 1 0 0 0 0 0 1 0 0 1 2 1 2 1 0 0 2 1 2 1 2 2 1 2 2 1 0 2 2 1 2 1 0 0 2 1 2 0 0 0 1 2 1 2 1 1 1 0 0 0 0 2 1 0 1 1 1 1 0 0 1 0 1 1 2 1 1 2 2 1 0 1 0 2 1 2 1 2 2 2 2 1 0 0 1 0 -1 -2 -1 -2 -2 0 -2 -1 -2 -2 -2 -1 -2 -1 -1 0 0 0 0 0 -1 0 0 -1 -2 -1 -2 -1 0 0 -2 -1 -2 -1 -2 -2 -1 -2 -2 -1 0 -2 -2 -1 -2 -1 0 0 -2 -1 -2 0 0 0 -1 -2 -1 -2 -1 -1 -1 0 0 0 0 -2 -1 0 -1 -1 -1 -1 0 0 -1 0 -1 -1 -2 -1 -1 -2 -2 -1 0 -1 0 -2 -1 -2 -1 -2 -2 -2 -2 -1 0 0 -1 0
-1.90183288436157 -1.00307522350262 1.36588764069376 -0.818375312890056 1.25023345326344 1 2 2 1 2 2 1 1 2 2 2 1 0 2 2 0 0 2 1 0 0 1 0 0 1 2 1 1 2 0 0 2 0 2 2 2 2 0 2 2 0 1 2 2 1 2 0 1 1 2 2 2 0 1 0 1 2 1 2 1 1 1 0 0 0 1 0 1 1 1 1 2 1 2 0 2 1 2 0 0 1 1 1 1 2 1 1 0 1 1 1 1 0 0 0 0 0 0 0 1 0 2 2 1 2 2 1 1 2 2 2 1 0 2 2 0 0 2 1 0 0 1 0 0 1 2 1 1 2 0 0 2 0 2 2 2 2 0 2 2 0 1 2 2 1 2 0 1 1 2 2 2 0 1 0 1 2 1 2 1 1 1 0 0 0 1 0 1 1 1 1 2 1 2 0 2 1 2 0 0 1 1 1 1 2 1 1 0 1 1 1 1 0 0 0 0 0 0 0 1 0
-0.509599490855592 -1.40116355351703 -1.15715121272593 0.427033357470697 0.372005127806101 1 0 2 0 2 2 1 2 2 2 1 1 1 2 1 0 2 2 2 0 0 1 1 1 2 2 1 2 1 0 0 2 1 2 1 2 2 0 2 2 1 1 2 2 2 2 0 1 0 1 0 2 1 2 0 0 1 1 2 1 1 2 1 1 1 1 1 1 1 2 2 2 0 0 0 2 0 2 0 1 1 2 2 2 2 1 2 0 2 0 0 0 0 2 0 1 1 1 0 1 0 0 2 0 2 2 1 2 2 2 1 1 1 2 1 0 2 2 2 0 0 1 1 1 2 2 1 2 1 0 0 2 1 2 1 2 2 0 2 2 1 1 2 2 2 2 0 1 0 1 0 2 1 2 0 0 1 1 2 1 1 2 1 1 1 1 1 1 1 2 2 2 0 0 0 2 0 2 0 1 1 2 2 2 2 1 2 0 2 0 0 0 0 2 0 1 1 1 0 1 0
0.510971662622773 -0.12671757281929 -0.30305595019854 -0.75978152190972 -0.525185560223064 1 1 2 1 1 2 0 2 2 2 2 1 0 1 2 0 0 2 2 0 0 0 0 0 0 2 1 1 2 0 0 2 1 2 0 2 2 0 2 2 0 0 2 2 2 2 0 1 0 1 0 1 0 0 0 0 2 0 2 0 0 0 0 0 1 1 0 0 0 0 1 2 1 1 0 2 0 2 1 2 2 1 2 2 1 0 1 1 1 2 1 0 1 2 0 1 0 0 0 1 0 1 2 1 1 2 0 2 2 2 2 1 0 1 2 0 0 2 2 0 0 0 0 0 0 2 1 1 2 0 0 2 1 2 0 2 2 0 2 2 0 0 2 2 2 2 0 1 0 1 0 1 0 0 0 0 2 0 2 0 0 0 0 0 1 1 0 0 0 0 1 2 1 1 0 2 0 2 1 2 2 1 2 2 1 0 1 1 1 2 1 0 1 2 0 1 0 0 0 1 0
-0.903811977854258 1.50675121602801 -0.190054555372956 -1.07265290813155 1.14245504634297 -1 1 2 1 2 2 0 2 2 2 1 1 0 1 2 0 0 1 2 1 0 1 0 1 2 2 2 2 2 0 1 2 2 2 2 2 1 0 2 1 0 0 2 2 2 2 0 0 0 1 0 1 2 2 0 0 0 0 2 2 1 2 0 0 1 1 1 1 0 0 0 1 0 1 0 2 0 2 1 2 1 1 2 2 2 1 1 0 0 1 1 0 0 1 1 2 0 0 0 0 0 -1 -2 -1 -2 -2 0 -2 -2 -2 -1 -1 0 -1 -2 0 0 -1 -2 -1 0 -1 0 -1 -2 -2 -2 -2 -2 0 -1 -2 -2 -2 -2 -2 -1 0 -2 -1 0 0 -2 -2 -2 -2 0 0 0 -1 0 -1 -2 -2 0 0 0 0 -2 -2 -1 -2 0 0 -1 -1 -1 -1 0 0 0 -1 0 -1 0 -2 0 -2 -1 -2 -1 -1 -2 -2 -2 -1 -1 0 0 -1 -1 0 0 -1 -1 -2 0 0 0 0 0
-0.862075705005159 0.482893240367202 0.776177618144891 0.389925199676889 1.72273263001453 -1 0 1 0 1 1 1 1 1 2 2 2 0 1 2 1 2 2 2 0 0 1 1 0 0 2 1 2 2 0 0 2 1 2 2 1 1 0 2 1 0 1 2 2 2 2 0 0 0 1 0 0 1 2 1 0 2 1 1 0 0 1 0 0 0 0 1 2 0 0 2 2 0 1 0 2 0 1 1 2 2 1 2 2 2 1 2 2 2 1 1 0 0 1 0 1 1 0 0 1 0 0 -1 0 -1 -1 -1 -1 -1 -2 -2 -2 0 -1 -2 -1 -2 -2 -2 0 0 -1 -1 0 0 -2 -1 -2 -2 0 0 -2 -1 -2 -2 -1 -1 0 -2 -1 0 -1 -2 -2 -2 -2 0 0 0 -1 0 0 -1 -2 -1 0 -2 -1 -1 0 0 -1 0 0 0 0 -1 -2 0 0 -2 -2 0 -1 0 -2 0 -1 -1 -2 -2 -1 -2 -2 -2 -1 -2 -2 -2 -1 -1 0 0 -1 0 -1 -1 0 0 -1 0
0.802719397483079 0.131453752730383 0.146787451280175 -0.000107869443482173 0.605661881725903 1 1 2 0 1 2 0 1 2 2 2 2 1 2 1 0 0 1 1 0 0 0 1 0 1 2 2 1 0 1 1 2 1 2 1 2 2 0 2 1 0 0 2 2 1 0 0 1 0 1 2 1 1 1 1 0 2 0 1 1 1 1 1 1 1 1 0 2 1 0 1 1 2 2 1 2 1 2 0 1 0 0 1 2 0 0 0 0 0 1 0 0 0 0 0 1 1 2 0 1 1 1 2 0 1 2 0 1 2 2 2 2 1 2 1 0 0 1 1 0 0 0 1 0 1 2 2 1 0 1 1 2 1 2 1 2 2 0 2 1 0 0 2 2 1 0 0 1 0 1 2 1 1 1 1 0 2 0 1 1 1 1 1 1 1 1 0 2 1 0 1 1 2 2 1 2 1 2 0 1 0 0 1 2 0 0 0 0 0 1 0 0 0 0 0 1 1 2 0 1 1
-1.17367894487355 0.904275651061063 -1.26740594647956 1.6500192977675 1.04614098904202 1 0 1 0 2 2 0 2 1 0 2 2 0 1 2 1 0 2 2 2 0 2 0 1 0 2 1 2 2 0 0 1 0 2 0 1 2 1 2 0 0 1 2 2 2 2 1 1 1 2 1 2 0 0 0 1 1 0 2 1 0 0 0 0 1 2 0 2 2 1 1 1 0 2 0 2 1 0 0 2 2 2 2 2 1 1 0 1 1 1 1 0 0 2 0 1 1 0 0 1 1 0 1 0 2 2 0 2 1 0 2 2 0 1 2 1 0 2 2 2 0 2 0 1 0 2 1 2 2 0 0 1 0 2 0 1 2 1 2 0 0 1 2 2 2 2 1 1 1 2 1 2 0 0 0 1 1 0 2 1 0 0 0 0 1 2 0 2 2 1 1 1 0 2 0 2 1 0 0 2 2 2 2 2 1 1 0 1 1 1 1 0 0 2 0 1 1 0 0 1 1
0.124122433259875 -1.10749402873392 1.48373404407527 -1.08007631669241 -0.0891114690618028 -1 1 2 1 1 1 0 2 1 2 1 1 1 2 1 0 1 2 2 0 0 1 1 0 1 2 1 2 2 0 0 2 1 1 0 2 1 0 2 2 0 1 2 2 2 2 0 0 0 2 0 1 1 1 1 2 1 0 2 1 0 2 2 1 1 2 0 1 1 0 1 2 1 1 1 2 1 0 0 0 1 0 1 1 1 1 1 0 2 2 1 0 0 0 0 0 0 0 0 1 1 -1 -2 -1 -1 -1 0 -2 -1 -2 -1 -1 -1 -2 -1 0 -1 -2 -2 0 0 -1 -1 0 -1 -2 -1 -2 -2 0 0 -2 -1 -1 0 -2 -1 0 -2 -2 0 -1 -2 -2 -2 -2 0 0 0 -2 0 -1 -1 -1 -1 -2 -1 0 -2 -1 0 -2 -2 -1 -1 -2 0 -1 -1 0 -1 -2 -1 -1 -1 -2 -1 0 0 0 -1 0 -1 -1 -1 -1 -1 0 -2 -2 -1 0 0 0 0 0 0 0 0 -1 -1
0.427039231964651 -1.64873525413877 0.122747120632694 -0.822187948916794 -1.77422190956786 -1 0 0 0 2 2 1 1 1 2 2 2 1 2 2 0 2 2 1 1 0 2 1 0 1 2 1 1 0 1 0 2 1 2 2 1 2 0 2 2 1 2 2 2 1 1 0 0 0 2 1 1 1 1 0 2 2 1 2 1 1 2 0 1 2 1 2 2 0 1 2 2 1 2 0 1 0 0 0 1 0 1 1 2 0 0 0 0 0 0 0 0 1 1 0 0 0 1 0 2 1 0 0 0 -2 -2 -1 -1 -1 -2 -2 -2 -1 -2 -2 0 -2 -2 -1 -1 0 -2 -1 0 -1 -2 -1 -1 0 -1 0 -2 -1 -2 -2 -1 -2 0 -2 -2 -1 -2 -2 -2 -1 -1 0 0 0 -2 -1 -1 -1 -1 0 -2 -2 -1 -2 -1 -1 -2 0 -1 -2 -1 -2 -2 0 -1 -2 -2 -1 -2 0 -1 0 0 0 -1 0 -1 -1 -2 0 0 0 0 0 0 0 0 -1 -1 0 0 0 -1 0 -2 -1
0.477901261764858 -0.87004182467703 -2.02438796368412 -0.263891244193659 1.23551478810385 -1 1 2 0 1 1 0 1 1 1 2 2 0 1 2 1 1 1 1 1 0 0 0 0 1 2 1 2 1 0 0 1 0 2 1 2 1 0 2 2 0 0 2 2 2 2 1 2 0 1 1 1 1 2 1 1 2 0 2 2 1 2 1 0 0 1 0 2 1 1 2 1 2 1 0 2 2 2 1 2 1 1 2 1 1 0 1 0 1 2 1 1 1 2 0 2 1 1 0 1 0 -1 -2 0 -1 -1 0 -1 -1 -1 -2 -2 0 -1 -2 -1 -1 -1 -1 -1 0 0 0 0 -1 -2 -1 -2 -1 0 0 -1 0 -2 -1 -2 -1 0 -2 -2 0 0 -2 -2 -2 -2 -1 -2 0 -1 -1 -1 -1 -2 -1 -1 -2 0 -2 -2 -1 -2 -1 0 0 -1 0 -2 -1 -1 -2 -1 -2 -1 0 -2 -2 -2 -1 -2 -1 -1 -2 -1 -1 0 -1 0 -1 -2 -1 -1 -1 -2 0 -2 -1 -1 0 -1 0
-0.394008579026963 0.255216121925349 0.170041551790572 1.32996224771763 -0.799561135935681 1 2 2 1 2 2 1 2 2 1 2 2 1 2 2 2 0 2 2 2 0 2 0 1 1 2 2 1 1 0 0 2 1 2 0 0 1 1 2 2 0 0 2 2 2 2 1 1 0 2 1 1 2 1 1 1 2 1 2 0 0 1 1 0 1 0 1 0 1 1 1 1 0 1 0 1 0 2 0 1 2 1 1 1 2 1 1 0 1 2 1 0 0 1 1 1 0 0 0 0 0 2 2 1 2 2 1 2 2 1 2 2 1 2 2 2 0 2 2 2 0 2 0 1 1 2 2 1 1 0 0 2 1 2 0 0 1 1 2 2 0 0 2 2 2 2 1 1 0 2 1 1 2 1 1 1 2 1 2 0 0 1 1 0 1 0 1 0 1 1 1 1 0 1 0 1 0 2 0 1 2 1 1 1 2 1 1 0 1 2 1 0 0 1 1 1 0 0 0 0 0
-0.742548455364335 -0.256666425542448 0.542704347342016 0.404171945390624 0.542851666069444 1 0 2 0 1 1 0 1 2 2 1 2 0 2 2 0 0 0 0 1 0 2 1 0 0 2 1 2 2 0 0 2 1 2 1 2 1 0 2 1 0 2 2 2 2 2 0 1 0 2 1 1 1 1 0 0 1 0 2 1 1 2 2 0 1 0 1 2 1 0 0 2 1 1 0 1 1 1 1 2 2 1 1 0 0 0 0 0 1 2 1 1 2 1 0 1 0 0 0 2 1 0 2 0 1 1 0 1 2 2 1 2 0 2 2 0 0 0 0 1 0 2 1 0 0 2 1 2 2 0 0 2 1 2 1 2 1 0 2 1 0 2 2 2 2 2 0 1 0 2 1 1 1 1 0 0 1 0 2 1 1 2 2 0 1 0 1 2 1 0 0 2 1 1 0 1 1 1 1 2 2 1 1 0 0 0 0 0 1 2 1 1 2 1 0 1 0 0 0 2 1
0.796007605747193 -0.529905688045181 2.18726916965948 -0.799832549976601 0.737000524139945 1 1 2 0 2 2 2 2 2 2 2 2 1 1 1 0 2 2 2 0 0 1 1 0 0 2 1 2 1 0 0 2 1 2 2 2 2 1 2 1 0 2 2 2 2 2 1 1 0 1 0 1 0 0 0 2 2 0 1 0 1 2 0 1 1 2 1 1 0 2 2 1 1 1 0 1 0 2 0 2 2 2 2 1 1 0 1 0 2 1 2 2 1 1 1 2 1 0 0 2 0 1 2 0 2 2 2 2 2 2 2 2 1 1 1 0 2 2 2 0 0 1 1 0 0 2 1 2 1 0 0 2 1 2 2 2 2 1 2 1 0 2 2 2 2 2 1 1 0 1 0 1 0 0 0 2 2 0 1 0 1 2 0 1 1 2 1 1 0 2 2 1 1 1 0 1 0 2 0 2 2 2 2 1 1 0 1 0 2 1 2 2 1 1 1 2 1 0 0 2 0
-1.63038096040165 1.04897148840599 -0.0686118340813816 1.43273406695762 0.710117861289124 1 0 2 1 2 0 0 1 1 2 1 1 0 1 1 0 0 2 2 0 0 2 1 2 1 2 2 2 1 0 0 1 0 2 1 1 1 0 2 2 2 1 2 2 2 2 1 1 0 2 2 2 0 1 1 0 2 0 2 2 2 2 1 1 2 2 0 2 1 1 1 1 0 1 0 0 0 1 0 1 2 1 1 2 2 1 2 0 1 1 2 2 2 2 0 1 1 1 0 1 0 0 2 1 2 0 0 1 1 2 1 1 0 1 1 0 0 2 2 0 0 2 1 2 1 2 2 2 1 0 0 1 0 2 1 1 1 0 2 2 2 1 2 2 2 2 1 1 0 2 2 2 0 1 1 0 2 0 2 2 2 2 1 1 2 2 0 2 1 1 1 1 0 1 0 0 0 1 0 1 2 1 1 2 2 1 2 0 1 1 2 2 2 2 0 1 1 1 0 1 0
-0.0995141714310981 -1.96143460357422 0.566019667509252 -2.94289197516286 0.548837057101651 1 1 2 0 2 2 0 2 2 2 2 2 0 0 1 1 1 2 1 0 0 1 0 0 0 2 1 2 2 0 0 1 2 2 2 2 2 0 2 2 0 0 2 2 2 2 0 0 0 2 1 2 1 2 0 2 2 2 2 1 1 0 0 0 1 2 1 1 0 1 1 1 1 2 0 2 0 2 1 2 1 0 0 0 1 0 0 0 1 1 0 1 2 1 0 1 1 1 1 2 1 1 2 0 2 2 0 2 2 2 2 2 0 0 1 1 1 2 1 0 0 1 0 0 0 2 1 2 2 0 0 1 2 2 2 2 2 0 2 2 0 0 2 2 2 2 0 0 0 2 1 2 1 2 0 2 2 2 2 1 1 0 0 0 1 2 1 1 0 1 1 1 1 2 0 2 0 2 1 2 1 0 0 0 1 0 0 0 1 1 0 1 2 1 0 1 1 1 1 2 1
-0.162527045554045 -1.02646893907794 1.89190655280478 -1.87029790172471 -2.60668485065492 1 1 2 0 2 2 0 1 1 2 2 1 0 1 1 0 0 1 1 0 0 1 1 1 0 2 0 2 1 1 0 2 1 2 2 2 2 0 2 2 0 1 2 2 2 2 0 0 0 0 0 1 0 0 1 0 2 0 2 1 0 0 0 0 0 0 1 1 2 2 1 2 2 1 1 2 0 2 0 1 1 2 2 2 2 1 2 1 2 2 1 0 1 0 0 2 1 1 0 0 1 1 2 0 2 2 0 1 1 2 2 1 0 1 1 0 0 1 1 0 0 1 1 1 0 2 0 2 1 1 0 2 1 2 2 2 2 0 2 2 0 1 2 2 2 2 0 0 0 0 0 1 0 0 1 0 2 0 2 1 0 0 0 0 0 0 1 1 2 2 1 2 2 1 1 2 0 2 0 1 1 2 2 2 2 1 2 1 2 2 1 0 1 0 0 2 1 1 0 0 1
0.135290971205627 -0.169163594400734 0.242796116090214 0.929598589988301 -0.975213113110396 1 1 2 1 2 1 1 2 2 2 2 1 1 2 1 0 1 2 2 0 0 1 0 0 0 2 1 1 2 1 2 2 0 2 1 2 2 0 2 1 1 1 2 2 2 2 0 1 0 2 1 2 1 1 0 0 2 1 2 0 0 0 0 0 0 0 0 0 0 0 1 1 0 0 0 1 1 1 0 2 2 1 2 2 1 1 1 0 0 2 0 1 1 2 0 1 2 1 0 2 0 1 2 1 2 1 1 2 2 2 2 1 1 2 1 0 1 2 2 0 0 1 0 0 0 2 1 1 2 1 2 2 0 2 1 2 2 0 2 1 1 1 2 2 2 2 0 1 0 2 1 2 1 1 0 0 2 1 2 0 0 0 0 0 0 0 0 0 0 0 1 1 0 0 0 1 1 1 0 2 2 1 2 2 1 1 1 0 0 2 0 1 1 2 0 1 2 1 0 2 0
-0.144645157182235 1.18873917933031 0.456503775529763 0.464582166181153 0.503717241958581 1 1 2 1 2 2 1 2 1 2 2 2 0 1 1 0 0 2 1 0 0 1 1 0 2 2 2 1 2 1 1 2 1 2 2 2 1 0 2 2 2 1 2 2 1 2 0 1 1 2 0 2 1 2 0 1 1 0 2 2 0 0 0 1 0 1 1 1 0 1 2 1 0 1 0 2 0 2 1 2 1 0 2 2 2 1 1 0 1 1 1 0 1 0 0 0 0 0 0 2 0 1 2 1 2 2 1 2 1 2 2 2 0 1 1 0 0 2 1 0 0 1 1 0 2 2 2 1 2 1 1 2 1 2 2 2 1 0 2 2 2 1 2 2 1 2 0 1 1 2 0 2 1 2 0 1 1 0 2 2 0 0 0 1 0 1 1 1 0 1 2 1 0 1 0 2 0 2 1 2 1 0 2 2 2 1 1 0 1 1 1 0 1 0 0 0 0 0 0 2 0
-1.75687408760852 -0.0705506722918905 -0.633335216882843 -0.0295376653675073 -0.877639094336128 -1 0 2 0 1 2 0 2 2 2 2 2 1 0 2 1 1 1 1 1 0 1 0 1 2 2 2 2 2 1 0 2 1 2 1 2 2 0 2 1 0 1 2 2 1 2 0 0 0 0 0 1 1 1 0 2 2 1 2 0 1 1 0 0 1 2 0 2 1 1 2 2 2 2 0 2 1 2 0 1 2 0 0 2 1 1 0 0 1 0 0 0 2 2 1 1 0 0 0 1 0 0 -2 0 -1 -2 0 -2 -2 -2 -2 -2 -1 0 -2 -1 -1 -1 -1 -1 0 -1 0 -1 -2 -2 -2 -2 -2 -1 0 -2 -1 -2 -1 -2 -2 0 -2 -1 0 -1 -2 -2 -1 -2 0 0 0 0 0 -1 -1 -1 0 -2 -2 -1 -2 0 -1 -1 0 0 -1 -2 0 -2 -1 -1 -2 -2 -2 -2 0 -2 -1 -2 0 -1 -2 0 0 -2 -1 -1 0 0 -1 0 0 0 -2 -2 -1 -1 0 0 0 -1 0
-1.48758976800496 -0.488196459668722 -0.831010942891799 1.56242226087568 -2.11567785244183 1 2 2 1 2 2 1 2 2 2 2 2 1 2 1 0 1 2 2 0 0 0 1 0 1 2 2 2 1 0 1 2 2 2 1 2 2 0 2 1 0 1 2 2 2 1 0 0 0 2 2 2 0 2 1 1 2 1 2 1 0 0 0 1 0 1 0 0 0 0 0 0 2 1 0 2 2 1 0 1 0 0 1 1 1 0 2 0 2 2 2 1 0 0 0 2 0 0 0 2 1 2 2 1 2 2 1 2 2 2 2 2 1 2 1 0 1 2 2 0 0 0 1 0 1 2 2 2 1 0 1 2 2 2 1 2 2 0 2 1 0 1 2 2 2 1 0 0 0 2 2 2 0 2 1 1 2 1 2 1 0 0 0 1 0 1 0 0 0 0 0 0 2 1 0 2 2 1 0 1 0 0 1 1 1 0 2 0 2 2 2 1 0 0 0 2 0 0 0 2 1
-0.0716304747464327 -0.0323866338329959 0.301840013945677 -0.325057484709081 1.08518214510616 -1 1 2 0 1 2 0 1 2 1 2 1 0 2 2 0 0 1 1 0 0 1 1 1 1 2 2 2 2 0 0 2 0 2 0 1 2 0 2 2 0 0 2 2 2 1 1 1 0 0 2 1 1 1 0 1 1 0 2 2 2 2 1 1 1 2 1 2 2 1 1 0 1 1 0 2 2 2 1 1 2 2 2 2 2 1 1 0 2 2 2 2 1 1 0 2 0 0 0 0 0 -1 -2 0 -1 -2 0 -1 -2 -1 -2 -1 0 -2 -2 0 0 -1 -1 0 0 -1 -1 -1 -1 -2 -2 -2 -2 0 0 -2 0 -2 0 -1 -2 0 -2 -2 0 0 -2 -2 -2 -1 -1 -1 0 0 -2 -1 -1 -1 0 -1 -1 0 -2 -2 -2 -2 -1 -1 -1 -2 -1 -2 -2 -1 -1 0 -1 -1 0 -2 -2 -2 -1 -1 -2 -2 -2 -2 -2 -1 -1 0 -2 -2 -2 -2 -1 -1 0 -2 0 0 0 0 0
-0.182854200973494 0.0987413155685865 0.665921455490789 0.294705686657549 0.26921407124972 1 0 1 0 2 2 0 1 2 2 2 2 0 1 1 0 0 1 1 0 0 2 0 1 1 2 1 2 2 0 0 2 1 2 2 2 1 0 2 1 0 1 2 2 1 1 0 0 0 1 1 1 0 1 1 1 1 0 2 1 1 2 1 1 0 1 0 1 0 2 1 0 1 1 1 2 1 1 0 2 2 1 1 1 0 0 1 0 2 1 2 1 1 1 0 0 0 0 0 2 1 0 1 0 2 2 0 1 2 2 2 2 0 1 1 0 0 1 1 0 0 2 0 1 1 2 1 2 2 0 0 2 1 2 2 2 1 0 2 1 0 1 2 2 1 1 0 0 0 1 1 1 0 1 1 1 1 0 2 1 1 2 1 1 0 1 0 1 0 2 1 0 1 1 1 2 1 1 0 2 2 1 1 1 0 0 1 0 2 1 2 1 1 1 0 0 0 0 0 2 1
-1.49706206001234 -0.391133436926455 -1.35089290797633 -0.314682018532791 0.0492980176776131 -1 0 2 0 1 2 0 0 0 2 0 2 0 0 2 0 0 1 1 0 0 1 0 0 1 2 1 2 1 0 0 2 1 2 1 0 1 0 2 1 0 0 2 2 2 2 1 1 0 2 1 1 0 0 0 1 2 1 2 2 1 1 0 0 0 0 0 1 0 1 2 1 1 2 1 2 0 0 0 0 1 0 1 1 0 0 0 0 1 1 0 0 0 1 0 1 0 0 0 0 0 0 -2 0 -1 -2 0 0 0 -2 0 -2 0 0 -2 0 0 -1 -1 0 0 -1 0 0 -1 -2 -1 -2 -1 0 0 -2 -1 -2 -1 0 -1 0 -2 -1 0 0 -2 -2 -2 -2 -1 -1 0 -2 -1 -1 0 0 0 -1 -2 -1 -2 -2 -1 -1 0 0 0 0 0 -1 0 -1 -2 -1 -1 -2 -1 -2 0 0 0 0 -1 0 -1 -1 0 0 0 0 -1 -1 0 0 0 -1 0 -1 0 0 0 0 0
-0.514730836706742 0.72759973704445 -0.193265726835692 0.259233491164205 0.315588065577996 -1 1 2 1 2 2 0 2 2 2 2 1 0 1 1 0 0 1 1 0 0 1 1 1 2 2 1 2 2 0 1 2 2 2 0 2 2 0 2 2 1 0 2 2 1 2 0 0 0 2 2 1 2 2 1 1 2 1 2 1 0 1 0 0 0 0 0 1 0 1 2 1 1 1 0 2 0 0 0 1 1 1 2 2 1 0 1 0 2 1 0 0 1 0 0 1 1 1 0 0 0 -1 -2 -1 -2 -2 0 -2 -2 -2 -2 -1 0 -1 -1 0 0 -1 -1 0 0 -1 -1 -1 -2 -2 -1 -2 -2 0 -1 -2 -2 -2 0 -2 -2 0 -2 -2 -1 0 -2 -2 -1 -2 0 0 0 -2 -2 -1 -2 -2 -1 -1 -2 -1 -2 -1 0 -1 0 0 0 0 0 -1 0 -1 -2 -1 -1 -1 0 -2 0 0 0 -1 -1 -1 -2 -2 -1 0 -1 0 -2 -1 0 0 -1 0 0 -1 -1 -1 0 0 0
0.561847168804204 -0.0374114575671075 -0.613184001455332 -0.378108006999108 -0.080142844369109 1 0 1 0 2 2 1 2 2 2 2 2 0 1 1 0 0 2 2 0 0 2 1 0 1 2 2 2 1 0 0 2 0 2 1 2 2 0 2 1 2 1 2 2 2 2 1 1 0 0 0 1 2 1 1 0 1 0 2 1 0 1 0 0 0 0 0 1 1 1 1 1 0 0 0 1 1 0 0 1 1 1 2 2 1 1 1 0 2 2 1 0 1 1 0 1 1 0 0 2 2 0 1 0 2 2 1 2 2 2 2 2 0 1 1 0 0 2 2 0 0 2 1 0 1 2 2 2 1 0 0 2 0 2 1 2 2 0 2 1 2 1 2 2 2 2 1 1 0 0 0 1 2 1 1 0 1 0 2 1 0 1 0 0 0 0 0 1 1 1 1 1 0 0 0 1 1 0 0 1 1 1 2 2 1 1 1 0 2 2 1 0 1 1 0 1 1 0 0 2 2
0.373973918151539 1.29564061736653 -0.954025844053942 -0.0416464602707193 0.935326064469945 -1 1 2 1 2 2 0 2 2 2 2 2 0 1 2 0 0 2 2 1 0 0 1 0 2 2 2 2 1 1 1 2 2 2 1 1 2 1 2 2 1 1 2 2 2 2 1 2 1 2 0 0 1 1 0 1 2 1 2 1 1 1 0 0 0 2 1 1 1 1 1 2 1 2 0 1 0 1 0 2 1 0 2 1 2 0 0 0 0 2 2 2 1 1 0 1 0 1 0 2 0 -1 -2 -1 -2 -2 0 -2 -2 -2 -2 -2 0 -1 -2 0 0 -2 -2 -1 0 0 -1 0 -2 -2 -2 -2 -1 -1 -1 -2 -2 -2 -1 -1 -2 -1 -2 -2 -1 -1 -2 -2 -2 -2 -1 -2 -1 -2 0 0 -1 -1 0 -1 -2 -1 -2 -1 -1 -1 0 0 0 -2 -1 -1 -1 -1 -1 -2 -1 -2 0 -1 0 -1 0 -2 -1 0 -2 -1 -2 0 0 0 0 -2 -2 -2 -1 -1 0 -1 0 -1 0 -2 0
1.09555907211367 1.51624865735127 -1.97950525211317 -0.701912378149268 0.258620867022178 -1 0 1 0 1 1 0 1 1 2 2 2 2 2 0 0 1 0 1 0 0 1 1 0 0 2 2 2 1 0 0 2 0 2 1 2 2 0 2 2 0 0 2 2 2 2 1 1 0 1 1 2 0 1 1 1 2 0 2 1 0 0 1 0 0 0 0 0 0 1 1 1 1 2 1 1 1 2 1 2 2 0 2 1 2 1 1 0 2 1 0 0 0 0 0 0 0 0 0 1 1 0 -1 0 -1 -1 0 -1 -1 -2 -2 -2 -2 -2 0 0 -1 0 -1 0 0 -1 -1 0 0 -2 -2 -2 -1 0 0 -2 0 -2 -1 -2 -2 0 -2 -2 0 0 -2 -2 -2 -2 -1 -1 0 -1 -1 -2 0 -1 -1 -1 -2 0 -2 -1 0 0 -1 0 0 0 0 0 0 -1 -1 -1 -1 -2 -1 -1 -1 -2 -1 -2 -2 0 -2 -1 -2 -1 -1 0 -2 -1 0 0 0 0 0 0 0 0 0 -1 -1
1.18747385336689 -1.78546437394026 1.11527676963061 0.186786015722153 0.0429132341249793 1 0 2 0 1 1 0 1 1 2 2 2 0 1 1 0 1 2 2 1 0 0 1 0 1 2 2 2 2 0 0 2 1 2 2 2 2 0 2 1 1 0 2 2 1 2 0 0 0 2 2 1 1 1 0 0 2 0 2 2 1 0 0 0 1 2 0 0 1 2 1 1 1 0 0 1 0 2 0 2 1 0 1 2 2 0 1 1 2 1 1 0 0 0 0 2 0 1 0 1 0 0 2 0 1 1 0 1 1 2 2 2 0 1 1 0 1 2 2 1 0 0 1 0 1 2 2 2 2 0 0 2 1 2 2 2 2 0 2 1 1 0 2 2 1 2 0 0 0 2 2 1 1 1 0 0 2 0 2 2 1 0 0 0 1 2 0 0 1 2 1 1 1 0 0 1 0 2 0 2 1 0 1 2 2 0 1 1 2 1 1 0 0 0 0 2 0 1 0 1 0
1.72217370581134 -0.874271093042787 0.4429007012268 -0.446995009294158 -0.00461873431842804 1 1 2 0 1 2 2 2 2 2 2 2 1 0 0 0 0 1 2 0 0 1 2 1 1 2 2 2 2 0 0 2 2 2 1 2 2 0 2 1 0 0 2 2 2 2 2 1 1 2 1 1 1 1 0 0 2 0 2 0 1 2 1 1 0 1 2 2 1 1 2 1 2 2 0 1 0 2 0 2 2 1 2 2 2 1 0 0 0 1 2 1 1 1 1 1 1 2 0 2 0 1 2 0 1 2 2 2 2 2 2 2 1 0 0 0 0 1 2 0 0 1 2 1 1 2 2 2 2 0 0 2 2 2 1 2 2 0 2 1 0 0 2 2 2 2 2 1 1 2 1 1 1 1 0 0 2 0 2 0 1 2 1 1 0 1 2 2 1 1 2 1 2 2 0 1 0 2 0 2 2 1 2 2 2 1 0 0 0 1 2 1 1 1 1 1 1 2 0 2 0
0.43764871891784 0.747111139451093 -0.917752751390431 -2.85773966559507 -0.175453341147597 1 1 1 0 1 2 0 0 1 2 2 1 0 0 1 1 0 2 2 1 0 1 1 1 0 1 1 2 2 0 0 2 2 2 2 2 2 1 2 2 2 1 1 2 2 2 0 0 0 0 0 1 0 1 0 0 2 1 2 1 2 1 1 0 1 1 0 1 1 1 1 1 0 1 0 2 0 1 0 2 2 2 2 2 1 0 0 0 2 1 0 1 1 2 0 2 0 1 0 1 0 1 1 0 1 2 0 0 1 2 2 1 0 0 1 1 0 2 2 1 0 1 1 1 0 1 1 2 2 0 0 2 2 2 2 2 2 1 2 2 2 1 1 2 2 2 0 0 0 0 0 1 0 1 0 0 2 1 2 1 2 1 1 0 1 1 0 1 1 1 1 1 0 1 0 2 0 1 0 2 2 2 2 2 1 0 0 0 2 1 0 1 1 2 0 2 0 1 0 1 0
-0.582408082732095 -0.656415502734708 1.10044803495489 0.791052380500279 0.978198068205224 1 1 1 0 1 2 1 2 2 2 2 0 0 1 1 0 0 1 2 2 0 2 1 0 1 2 2 2 2 0 0 2 0 2 1 1 2 0 2 1 0 0 2 1 2 2 0 0 1 2 1 2 0 0 0 0 1 1 2 1 0 1 1 0 0 1 1 0 1 2 2 1 1 2 1 2 0 0 1 2 2 2 2 2 1 0 1 0 2 2 2 1 1 1 0 1 1 0 0 1 0 1 1 0 1 2 1 2 2 2 2 0 0 1 1 0 0 1 2 2 0 2 1 0 1 2 2 2 2 0 0 2 0 2 1 1 2 0 2 1 0 0 2 1 2 2 0 0 1 2 1 2 0 0 0 0 1 1 2 1 0 1 1 0 0 1 1 0 1 2 2 1 1 2 1 2 0 0 1 2 2 2 2 2 1 0 1 0 2 2 2 1 1 1 0 1 1 0 0 1 0
-0.994616149411018 0.460030958977056 -0.0733029842007059 -1.05490881767778 0.282523752317317 1 1 2 0 2 2 0 1 2 2 2 2 0 1 2 0 1 2 2 1 0 1 0 1 1 2 1 2 2 0 0 2 0 2 1 1 2 2 2 2 1 0 2 2 2 2 2 2 1 2 1 1 1 1 0 1 2 1 2 1 0 1 0 0 0 2 0 1 0 1 1 2 2 1 0 1 1 0 0 2 2 1 1 1 1 1 1 0 1 0 0 0 1 1 0 1 1 2 1 2 2 1 2 0 2 2 0 1 2 2 2 2 0 1 2 0 1 2 2 1 0 1 0 1 1 2 1 2 2 0 0 2 0 2 1 1 2 2 2 2 1 0 2 2 2 2 2 2 1 2 1 1 1 1 0 1 2 1 2 1 0 1 0 0 0 2 0 1 0 1 1 2 2 1 0 1 1 0 0 2 2 1 1 1 1 1 1 0 1 0 0 0 1 1 0 1 1 2 1 2 2
0.118200680848232 -0.209639642327992 -0.719744293455033 1.69441686967957 -0.460974579254185 -1 2 2 0 2 2 1 1 0 1 2 2 0 2 2 0 0 2 2 0 0 1 0 1 2 2 2 2 2 0 0 2 1 2 2 2 2 0 2 1 0 1 2 2 2 1 0 1 1 2 1 1 1 1 0 1 2 0 2 1 1 1 0 0 1 1 1 1 1 2 2 2 2 1 0 2 0 1 0 1 2 2 2 2 2 1 1 0 1 1 0 1 1 1 0 1 0 1 0 2 0 -2 -2 0 -2 -2 -1 -1 0 -1 -2 -2 0 -2 -2 0 0 -2 -2 0 0 -1 0 -1 -2 -2 -2 -2 -2 0 0 -2 -1 -2 -2 -2 -2 0 -2 -1 0 -1 -2 -2 -2 -1 0 -1 -1 -2 -1 -1 -1 -1 0 -1 -2 0 -2 -1 -1 -1 0 0 -1 -1 -1 -1 -1 -2 -2 -2 -2 -1 0 -2 0 -1 0 -1 -2 -2 -2 -2 -2 -1 -1 0 -1 -1 0 -1 -1 -1 0 -1 0 -1 0 -2 0
0.756453804292506 -0.280498061188422 2.22976682880647 -0.209290721157952 0.281383321574559 1 0 1 1 1 2 1 2 2 2 2 2 1 1 2 1 1 2 2 0 0 1 0 0 1 2 1 1 2 1 1 2 2 2 2 2 2 0 2 2 0 0 2 2 2 1 0 0 0 1 0 0 1 1 1 1 2 1 2 2 1 2 1 1 2 2 1 2 1 2 2 2 1 1 0 1 0 2 1 1 1 2 2 1 1 0 1 0 1 1 0 0 0 1 0 1 0 0 0 2 1 0 1 1 1 2 1 2 2 2 2 2 1 1 2 1 1 2 2 0 0 1 0 0 1 2 1 1 2 1 1 2 2 2 2 2 2 0 2 2 0 0 2 2 2 1 0 0 0 1 0 0 1 1 1 1 2 1 2 2 1 2 1 1 2 2 1 2 1 2 2 2 1 1 0 1 0 2 1 1 1 2 2 1 1 0 1 0 1 1 0 0 0 1 0 1 0 0 0 2 1
0.594197834644397 -1.22247669474573 0.453720462935377 1.74360710266897 0.217286155293383 1 1 2 0 0 2 1 2 2 2 2 2 2 2 2 1 0 1 2 1 0 2 1 0 1 2 2 2 1 1 0 2 1 2 1 2 2 1 2 2 1 0 2 2 2 2 0 1 0 0 1 2 0 1 1 0 2 1 2 2 2 2 1 0 0 1 0 2 2 2 1 1 0 1 0 1 0 1 1 2 2 0 1 1 1 1 1 0 2 0 0 1 1 1 1 2 0 1 0 2 1 1 2 0 0 2 1 2 2 2 2 2 2 2 2 1 0 1 2 1 0 2 1 0 1 2 2 2 1 1 0 2 1 2 1 2 2 1 2 2 1 0 2 2 2 2 0 1 0 0 1 2 0 1 1 0 2 1 2 2 2 2 1 0 0 1 0 2 2 2 1 1 0 1 0 1 0 1 1 2 2 0 1 1 1 1 1 0 2 0 0 1 1 1 1 2 0 1 0 2 1
1.05885612342735 1.18645417371424 0.98703177910673 3.18231038497445 2.44984898846725 1 0 2 0 2 2 0 2 2 1 1 1 0 2 2 1 0 0 1 0 0 2 1 0 2 2 2 2 1 0 0 2 0 2 1 2 2 0 2 2 2 1 2 2 2 2 1 0 0 1 1 1 0 2 0 0 2 1 2 1 0 1 1 0 1 1 0 1 1 1 1 1 0 1 0 1 0 1 0 2 1 0 1 0 1 0 1 0 1 0 0 0 0 0 0 1 0 0 0 0 1 0 2 0 2 2 0 2 2 1 1 1 0 2 2 1 0 0 1 0 0 2 1 0 2 2 2 2 1 0 0 2 0 2 1 2 2 0 2 2 2 1 2 2 2 2 1 0 0 1 1 1 0 2 0 0 2 1 2 1 0 1 1 0 1 1 0 1 1 1 1 1 0 1 0 1 0 1 0 2 1 0 1 0 1 0 1 0 1 0 0 0 0 0 0 1 0 0 0 0 1
-0.53681592339912 2.55455197142737 -0.704628670188974 0.980547360194998 -0.025912946287067 1 0 2 0 2 2 0 2 2 2 2 2 0 2 1 0 0 1 2 0 0 2 0 0 1 1 1 1 1 0 0 2 1 2 2 2 2 1 2 2 1 1 2 2 2 2 0 1 0 1 0 2 1 2 0 1 2 0 2 2 1 1 0 0 0 0 1 2 2 2 1 1 0 0 0 1 1 2 0 1 1 2 2 2 2 0 0 0 0 1 1 0 1 0 0 0 0 1 0 2 1 0 2 0 2 2 0 2 2 2 2 2 0 2 1 0 0 1 2 0 0 2 0 0 1 1 1 1 1 0 0 2 1 2 2 2 2 1 2 2 1 1 2 2 2 2 0 1 0 1 0 2 1 2 0 1 2 0 2 2 1 1 0 0 0 0 1 2 2 2 1 1 0 0 0 1 1 2 0 1 1 2 2 2 2 0 0 0 0 1 1 0 1 0 0 0 0 1 0 2 1
1.19780105079034 0.57642659849277 0.457323911549798 -0.487734222553957 -0.307593360138965 -1 0 2 0 2 2 1 2 2 2 2 1 0 0 0 0 0 1 1 0 0 0 0 0 2 2 2 1 1 0 1 2 1 2 1 2 2 1 2 2 0 0 1 2 1 2 0 1 0 1 0 1 1 0 0 0 1 0 2 1 1 1 1 0 0 0 0 0 2 0 1 2 1 2 0 2 2 1 0 2 2 2 2 2 2 0 0 0 2 1 1 0 1 1 0 0 0 1 1 2 1 0 -2 0 -2 -2 -1 -2 -2 -2 -2 -1 0 0 0 0 0 -1 -1 0 0 0 0 0 -2 -2 -2 -1 -1 0 -1 -2 -1 -2 -1 -2 -2 -1 -2 -2 0 0 -1 -2 -1 -2 0 -1 0 -1 0 -1 -1 0 0 0 -1 0 -2 -1 -1 -1 -1 0 0 0 0 0 -2 0 -1 -2 -1 -2 0 -2 -2 -1 0 -2 -2 -2 -2 -2 -2 0 0 0 -2 -1 -1 0 -1 -1 0 0 0 -1 -1 -2 -1
-1.6995208982918 1.15358415982262 -0.506892905308349 0.537999248716028 -0.563240770413713 1 0 2 0 2 1 0 2 2 2 1 2 0 0 1 0 0 2 2 1 0 1 1 1 2 2 2 2 1 0 0 2 0 1 0 1 0 0 2 2 0 0 1 1 1 2 0 2 0 0 0 2 0 0 0 0 2 1 2 2 1 2 2 0 1 2 0 0 1 2 2 1 0 0 0 2 1 2 0 1 1 1 2 2 1 0 1 0 2 1 1 1 0 2 1 2 0 2 1 2 1 0 2 0 2 1 0 2 2 2 1 2 0 0 1 0 0 2 2 1 0 1 1 1 2 2 2 2 1 0 0 2 0 1 0 1 0 0 2 2 0 0 1 1 1 2 0 2 0 0 0 2 0 0 0 0 2 1 2 2 1 2 2 0 1 2 0 0 1 2 2 1 0 0 0 2 1 2 0 1 1 1 2 2 1 0 1 0 2 1 1 1 0 2 1 2 0 2 1 2 1
1.46071388095771 1.01839635101533 -0.0499843284614731 1.86736629592438 0.259205871948984 -1 1 2 1 2 2 0 2 1 1 1 2 1 1 2 0 2 2 1 0 0 1 2 2 2 2 2 2 2 0 0 2 0 2 1 2 2 0 2 2 1 0 2 1 0 1 0 0 0 1 0 0 1 1 0 2 2 1 2 0 0 0 0 0 1 1 0 2 0 1 0 0 0 0 0 1 1 2 0 2 2 1 2 2 1 0 1 0 2 1 1 1 0 0 0 1 0 2 1 2 2 -1 -2 -1 -2 -2 0 -2 -1 -1 -1 -2 -1 -1 -2 0 -2 -2 -1 0 0 -1 -2 -2 -2 -2 -2 -2 -2 0 0 -2 0 -2 -1 -2 -2 0 -2 -2 -1 0 -2 -1 0 -1 0 0 0 -1 0 0 -1 -1 0 -2 -2 -1 -2 0 0 0 0 0 -1 -1 0 -2 0 -1 0 0 0 0 0 -1 -1 -2 0 -2 -2 -1 -2 -2 -1 0 -1 0 -2 -1 -1 -1 0 0 0 -1 0 -2 -1 -2 -2
0.745970171012772 -0.0967909226366601 -2.45442599778712 -0.897479541204101 0.744586056008013 1 0 1 0 1 2 1 2 2 2 2 2 0 1 2 1 0 1 1 0 0 1 0 1 2 2 2 2 2 0 0 2 0 2 1 2 2 0 2 1 0 0 2 2 2 2 1 2 2 2 2 2 0 1 0 0 2 0 2 0 1 2 1 1 1 0 0 0 0 1 1 0 0 0 0 2 1 0 0 2 1 0 2 2 1 1 1 1 2 0 0 0 1 0 0 0 0 1 0 1 0 0 1 0 1 2 1 2 2 2 2 2 0 1 2 1 0 1 1 0 0 1 0 1 2 2 2 2 2 0 0 2 0 2 1 2 2 0 2 1 0 0 2 2 2 2 1 2 2 2 2 2 0 1 0 0 2 0 2 0 1 2 1 1 1 0 0 0 0 1 1 0 0 0 0 2 1 0 0 2 1 0 2 2 1 1 1 1 2 0 0 0 1 0 0 0 0 1 0 1 0
0.126078021178026 -0.499414727443906 0.644126202347085 -0.949739082490458 -0.964060861492226 -1 0 1 0 2 2 0 2 2 2 2 2 0 1 1 1 0 0 1 0 0 1 0 0 2 2 1 2 1 0 0 2 1 2 1 1 1 0 2 1 0 1 2 2 0 2 2 1 0 0 0 1 1 1 0 0 2 0 2 2 1 0 0 0 0 1 2 2 0 1 2 1 2 2 0 1 0 1 0 2 2 2 2 2 2 1 2 0 2 0 1 1 0 0 0 1 0 0 0 1 0 0 -1 0 -2 -2 0 -2 -2 -2 -2 -2 0 -1 -1 -1 0 0 -1 0 0 -1 0 0 -2 -2 -1 -2 -1 0 0 -2 -1 -2 -1 -1 -1 0 -2 -1 0 -1 -2 -2 0 -2 -2 -1 0 0 0 -1 -1 -1 0 0 -2 0 -2 -2 -1 0 0 0 0 -1 -2 -2 0 -1 -2 -1 -2 -2 0 -1 0 -1 0 -2 -2 -2 -2 -2 -2 -1 -2 0 -2 0 -1 -1 0 0 0 -1 0 0 0 -1 0
0.395384966099638 0.881395065267801 1.19509884551646 -0.0591674991362427 0.78410116269571 1 1 2 0 2 2 0 1 1 2 2 2 0 0 0 1 0 1 2 0 0 1 0 0 1 2 2 2 2 0 1 2 1 2 2 2 1 0 2 1 0 0 2 2 1 2 1 1 0 2 0 1 1 0 1 1 2 0 2 1 0 0 0 0 1 2 0 1 0 1 1 1 0 0 0 1 0 1 0 2 2 1 1 1 2 1 1 0 2 0 2 1 2 1 0 2 0 1 0 1 0 1 2 0 2 2 0 1 1 2 2 2 0 0 0 1 0 1 2 0 0 1 0 0 1 2 2 2 2 0 1 2 1 2 2 2 1 0 2 1 0 0 2 2 1 2 1 1 0 2 0 1 1 0 1 1 2 0 2 1 0 0 0 0 1 2 0 1 0 1 1 1 0 0 0 1 0 1 0 2 2 1 1 1 2 1 1 0 2 0 2 1 2 1 0 2 0 1 0 1 0
0.291991451988985 0.248891386482527 0.178247044381751 -1.35929629849453 1.85996396731359 -1 0 2 0 0 2 0 1 0 1 1 2 0 0 2 1 1 1 2 1 0 1 1 1 2 2 2 2 2 0 1 2 2 2 1 2 2 0 2 2 2 2 2 2 2 2 1 2 1 1 1 1 0 0 0 0 2 0 1 1 0 1 0 0 0 1 0 2 0 0 1 2 1 1 0 2 2 2 0 1 1 1 2 2 2 1 1 0 1 2 0 0 1 2 0 2 1 0 1 1 0 0 -2 0 0 -2 0 -1 0 -1 -1 -2 0 0 -2 -1 -1 -1 -2 -1 0 -1 -1 -1 -2 -2 -2 -2 -2 0 -1 -2 -2 -2 -1 -2 -2 0 -2 -2 -2 -2 -2 -2 -2 -2 -1 -2 -1 -1 -1 -1 0 0 0 0 -2 0 -1 -1 0 -1 0 0 0 -1 0 -2 0 0 -1 -2 -1 -1 0 -2 -2 -2 0 -1 -1 -1 -2 -2 -2 -1 -1 0 -1 -2 0 0 -1 -2 0 -2 -1 0 -1 -1 0
0.33413815852128 0.0456708291628372 -1.25526694241357 0.566220997248207 1.57038350491868 1 1 2 0 1 1 0 1 0 1 1 1 0 1 2 0 0 2 2 0 0 2 0 0 1 2 2 1 1 0 1 2 0 2 0 1 1 0 2 2 1 2 2 2 1 1 0 0 0 1 0 0 0 1 0 1 2 0 1 0 0 0 1 0 0 2 0 1 0 1 2 2 0 1 0 0 0 0 0 2 1 1 1 2 1 1 2 1 2 1 0 0 1 1 0 1 1 1 0 1 1 1 2 0 1 1 0 1 0 1 1 1 0 1 2 0 0 2 2 0 0 2 0 0 1 2 2 1 1 0 1 2 0 2 0 1 1 0 2 2 1 2 2 2 1 1 0 0 0 1 0 0 0 1 0 1 2 0 1 0 0 0 1 0 0 2 0 1 0 1 2 2 0 1 0 0 0 0 0 2 1 1 1 2 1 1 2 1 2 1 0 0 1 1 0 1 1 1 0 1 1
0.0315178357578713 -1.05842123307113 -1.15523823855658 -1.0938585565801 -0.515060140860893 1 1 2 1 2 2 1 2 2 2 2 2 1 2 1 0 0 1 1 0 0 0 1 1 1 2 2 2 2 0 0 2 1 2 1 1 2 1 2 2 1 1 2 2 2 2 0 2 0 2 2 2 1 1 0 0 2 0 2 2 1 1 1 1 2 2 2 2 1 2 1 2 1 2 1 2 2 1 1 2 1 1 1 1 1 0 0 0 2 2 2 2 2 2 1 1 1 0 0 2 2 1 2 1 2 2 1 2 2 2 2 2 1 2 1 0 0 1 1 0 0 0 1 1 1 2 2 2 2 0 0 2 1 2 1 1 2 1 2 2 1 1 2 2 2 2 0 2 0 2 2 2 1 1 0 0 2 0 2 2 1 1 1 1 2 2 2 2 1 2 1 2 1 2 1 2 2 1 1 2 1 1 1 1 1 0 0 0 2 2 2 2 2 2 1 1 1 0 0 2 2
0.447536558862745 -1.07639610130543 0.396231046875879 1.34980171053538 -0.468756837642868 -1 0 1 0 1 2 0 2 2 1 2 2 0 1 1 0 0 2 1 0 0 1 0 0 0 2 1 2 1 1 1 2 2 2 2 2 2 0 2 2 0 0 2 2 2 2 1 1 0 1 1 2 0 1 0 0 2 1 2 1 1 1 0 0 0 0 1 1 1 1 1 1 0 0 0 2 0 0 0 2 1 1 2 2 1 1 1 0 1 1 1 1 1 2 0 2 1 2 0 2 1 0 -1 0 -1 -2 0 -2 -2 -1 -2 -2 0 -1 -1 0 0 -2 -1 0 0 -1 0 0 0 -2 -1 -2 -1 -1 -1 -2 -2 -2 -2 -2 -2 0 -2 -2 0 0 -2 -2 -2 -2 -1 -1 0 -1 -1 -2 0 -1 0 0 -2 -1 -2 -1 -1 -1 0 0 0 0 -1 -1 -1 -1 -1 -1 0 0 0 -2 0 0 0 -2 -1 -1 -2 -2 -1 -1 -1 0 -1 -1 -1 -1 -1 -2 0 -2 -1 -2 0 -2 -1
-2.07082693617822 1.44966778449111 -0.273957637412487 -0.186794304526191 0.480298662378869 1 1 2 0 2 2 0 2 2 2 2 2 1 2 1 0 0 2 2 0 0 2 0 0 1 1 0 1 1 0 0 2 1 2 1 1 1 0 2 1 1 1 2 2 1 2 0 1 0 2 2 1 0 1 1 1 2 1 2 2 1 0 0 1 2 2 1 1 1 1 1 1 2 2 0 2 2 1 0 1 2 2 2 2 1 0 1 0 2 1 0 1 1 2 1 1 1 2 0 2 2 1 2 0 2 2 0 2 2 2 2 2 1 2 1 0 0 2 2 0 0 2 0 0 1 1 0 1 1 0 0 2 1 2 1 1 1 0 2 1 1 1 2 2 1 2 0 1 0 2 2 1 0 1 1 1 2 1 2 2 1 0 0 1 2 2 1 1 1 1 1 1 2 2 0 2 2 1 0 1 2 2 2 2 1 0 1 0 2 1 0 1 1 2 1 1 1 2 0 2 2
-0.385181994090126 0.430978777392947 0.0417167689833086 0.424553138683189 0.620186849402997 1 1 2 1 1 2 2 2 2 2 2 2 0 2 1 0 0 1 2 1 0 1 1 1 2 2 2 2 2 1 1 2 2 2 1 2 2 1 2 2 1 1 2 2 2 2 0 0 0 0 0 1 1 1 0 0 2 0 2 0 0 2 0 0 1 2 1 0 0 0 0 1 1 2 0 1 0 0 0 2 2 1 2 2 1 1 1 0 2 2 1 2 2 2 1 1 0 1 0 2 1 1 2 1 1 2 2 2 2 2 2 2 0 2 1 0 0 1 2 1 0 1 1 1 2 2 2 2 2 1 1 2 2 2 1 2 2 1 2 2 1 1 2 2 2 2 0 0 0 0 0 1 1 1 0 0 2 0 2 0 0 2 0 0 1 2 1 0 0 0 0 1 1 2 0 1 0 0 0 2 2 1 2 2 1 1 1 0 2 2 1 2 2 2 1 1 0 1 0 2 1
-0.333719127118733 0.209881990174475 2.31344297215753 0.384760247184158 0.0612294725820599 -1 0 1 0 2 2 0 2 1 1 1 1 0 0 0 0 0 1 1 1 0 0 0 0 2 2 1 1 2 0 1 2 1 2 2 2 2 1 2 2 1 2 2 2 2 2 0 0 0 1 1 2 0 0 0 0 0 0 2 1 2 0 0 0 1 2 2 2 2 2 1 0 1 0 0 1 0 1 0 1 1 1 1 1 2 0 1 0 2 1 0 1 0 0 0 1 0 1 0 1 0 0 -1 0 -2 -2 0 -2 -1 -1 -1 -1 0 0 0 0 0 -1 -1 -1 0 0 0 0 -2 -2 -1 -1 -2 0 -1 -2 -1 -2 -2 -2 -2 -1 -2 -2 -1 -2 -2 -2 -2 -2 0 0 0 -1 -1 -2 0 0 0 0 0 0 -2 -1 -2 0 0 0 -1 -2 -2 -2 -2 -2 -1 0 -1 0 0 -1 0 -1 0 -1 -1 -1 -1 -1 -2 0 -1 0 -2 -1 0 -1 0 0 0 -1 0 -1 0 -1 0
0.791200138565023 0.499621978542957 -0.690641425105368 -0.799240165964345 -0.858151344269349 1 0 2 0 0 2 0 1 2 1 1 2 0 1 2 2 0 2 1 0 0 2 0 0 2 2 2 2 2 0 0 2 2 2 1 2 1 0 2 1 0 0 2 2 2 2 1 1 0 1 0 1 0 2 0 0 2 2 2 1 1 1 1 1 1 2 1 2 1 0 2 1 1 0 0 2 0 2 0 1 1 1 1 2 1 0 2 0 0 0 0 0 1 0 1 2 0 0 0 2 0 0 2 0 0 2 0 1 2 1 1 2 0 1 2 2 0 2 1 0 0 2 0 0 2 2 2 2 2 0 0 2 2 2 1 2 1 0 2 1 0 0 2 2 2 2 1 1 0 1 0 1 0 2 0 0 2 2 2 1 1 1 1 1 1 2 1 2 1 0 2 1 1 0 0 2 0 2 0 1 1 1 1 2 1 0 2 0 0 0 0 0 1 0 1 2 0 0 0 2 0
-0.274079134732388 1.63588811727765 1.38450328781551 -0.506726547059729 -0.214935182119784 -1 0 2 0 2 1 0 2 1 1 1 2 1 1 1 1 0 2 1 0 0 0 0 0 2 2 2 2 1 0 0 2 2 2 1 1 1 0 2 1 1 1 2 2 2 2 0 0 0 1 0 2 1 1 0 1 2 1 2 1 0 0 1 1 1 1 1 2 1 2 2 1 1 1 1 2 1 2 0 0 2 2 2 1 0 0 1 0 1 2 2 0 1 1 1 2 1 2 0 1 0 0 -2 0 -2 -1 0 -2 -1 -1 -1 -2 -1 -1 -1 -1 0 -2 -1 0 0 0 0 0 -2 -2 -2 -2 -1 0 0 -2 -2 -2 -1 -1 -1 0 -2 -1 -1 -1 -2 -2 -2 -2 0 0 0 -1 0 -2 -1 -1 0 -1 -2 -1 -2 -1 0 0 -1 -1 -1 -1 -1 -2 -1 -2 -2 -1 -1 -1 -1 -2 -1 -2 0 0 -2 -2 -2 -1 0 0 -1 0 -1 -2 -2 0 -1 -1 -1 -2 -1 -2 0 -1 0
-0.334830728142259 0.000772764109443849 -1.03633380679531 -0.148119927417629 -0.435198867242878 -1 0 1 0 1 2 0 2 2 2 2 2 0 2 2 1 1 2 2 0 0 1 1 0 1 2 1 1 0 1 0 2 0 2 1 2 2 0 2 1 0 0 2 2 1 2 1 1 0 1 1 1 1 0 0 0 2 1 2 1 0 1 1 1 1 2 0 1 0 1 2 2 1 1 0 2 0 2 0 2 1 1 1 2 0 0 0 0 2 1 1 2 1 2 1 2 0 1 0 1 0 0 -1 0 -1 -2 0 -2 -2 -2 -2 -2 0 -2 -2 -1 -1 -2 -2 0 0 -1 -1 0 -1 -2 -1 -1 0 -1 0 -2 0 -2 -1 -2 -2 0 -2 -1 0 0 -2 -2 -1 -2 -1 -1 0 -1 -1 -1 -1 0 0 0 -2 -1 -2 -1 0 -1 -1 -1 -1 -2 0 -1 0 -1 -2 -2 -1 -1 0 -2 0 -2 0 -2 -1 -1 -1 -2 0 0 0 0 -2 -1 -1 -2 -1 -2 -1 -2 0 -1 0 -1 0
1.14677673869952 -0.491433319297415 1.6431464140545 0.176269653314303 0.0884159335383902 -1 0 2 0 2 2 0 2 2 1 1 2 0 1 1 0 0 2 1 1 0 0 1 1 2 2 1 1 1 0 0 2 2 2 1 2 2 1 2 1 0 0 2 2 1 1 1 1 1 2 1 2 0 0 0 0 2 1 2 2 1 2 1 0 2 0 0 2 2 0 0 0 0 1 0 1 1 1 0 2 1 1 1 2 1 0 1 0 2 1 1 1 1 0 0 1 1 2 0 1 0 0 -2 0 -2 -2 0 -2 -2 -1 -1 -2 0 -1 -1 0 0 -2 -1 -1 0 0 -1 -1 -2 -2 -1 -1 -1 0 0 -2 -2 -2 -1 -2 -2 -1 -2 -1 0 0 -2 -2 -1 -1 -1 -1 -1 -2 -1 -2 0 0 0 0 -2 -1 -2 -2 -1 -2 -1 0 -2 0 0 -2 -2 0 0 0 0 -1 0 -1 -1 -1 0 -2 -1 -1 -1 -2 -1 0 -1 0 -2 -1 -1 -1 -1 0 0 -1 -1 -2 0 -1 0
-0.840417765056931 -0.184335773960862 -0.137213079773422 2.75562992839802 0.536828834507744 1 1 2 0 1 2 0 1 1 2 2 2 1 2 2 1 0 1 2 0 0 0 1 0 2 2 2 2 1 0 0 2 0 1 0 1 0 0 2 1 0 0 2 2 1 2 0 0 0 2 1 1 0 1 0 1 2 0 2 1 1 1 1 0 1 1 1 1 1 1 1 1 0 1 0 1 0 0 0 2 2 0 1 1 0 0 1 0 2 1 0 0 0 0 0 1 0 0 0 2 1 1 2 0 1 2 0 1 1 2 2 2 1 2 2 1 0 1 2 0 0 0 1 0 2 2 2 2 1 0 0 2 0 1 0 1 0 0 2 1 0 0 2 2 1 2 0 0 0 2 1 1 0 1 0 1 2 0 2 1 1 1 1 0 1 1 1 1 1 1 1 1 0 1 0 1 0 0 0 2 2 0 1 1 0 0 1 0 2 1 0 0 0 0 0 1 0 0 0 2 1
-1.02812015903737 0.189798265509868 -0.612581301205942 -0.818059867352919 0.147828942645249 -1 1 2 0 2 1 0 2 1 2 2 2 0 1 2 1 0 2 2 1 0 1 2 1 1 2 2 2 2 0 1 2 1 2 1 2 1 0 2 1 0 1 2 2 1 2 0 0 0 2 0 1 2 2 0 0 2 1 2 2 2 2 1 2 1 1 2 0 0 0 1 1 2 1 0 1 0 1 1 2 2 2 2 0 0 0 0 0 1 1 1 1 0 1 1 2 1 2 0 2 1 -1 -2 0 -2 -1 0 -2 -1 -2 -2 -2 0 -1 -2 -1 0 -2 -2 -1 0 -1 -2 -1 -1 -2 -2 -2 -2 0 -1 -2 -1 -2 -1 -2 -1 0 -2 -1 0 -1 -2 -2 -1 -2 0 0 0 -2 0 -1 -2 -2 0 0 -2 -1 -2 -2 -2 -2 -1 -2 -1 -1 -2 0 0 0 -1 -1 -2 -1 0 -1 0 -1 -1 -2 -2 -2 -2 0 0 0 0 0 -1 -1 -1 -1 0 -1 -1 -2 -1 -2 0 -2 -1
-1.04523750984485 0.305526465353126 1.67775637736211 0.185134824577066 -1.38233529909061 -1 0 2 0 2 2 0 2 1 2 1 1 0 1 2 0 0 1 1 0 0 1 1 1 1 2 2 2 2 0 0 2 2 2 2 2 2 1 2 1 1 0 2 2 2 2 0 0 0 0 0 1 0 1 0 0 2 1 2 2 1 1 0 1 2 2 1 1 1 2 2 2 1 0 0 0 0 0 0 1 0 1 2 1 1 2 2 0 1 2 1 1 1 0 0 1 1 2 1 2 1 0 -2 0 -2 -2 0 -2 -1 -2 -1 -1 0 -1 -2 0 0 -1 -1 0 0 -1 -1 -1 -1 -2 -2 -2 -2 0 0 -2 -2 -2 -2 -2 -2 -1 -2 -1 -1 0 -2 -2 -2 -2 0 0 0 0 0 -1 0 -1 0 0 -2 -1 -2 -2 -1 -1 0 -1 -2 -2 -1 -1 -1 -2 -2 -2 -1 0 0 0 0 0 0 -1 0 -1 -2 -1 -1 -2 -2 0 -1 -2 -1 -1 -1 0 0 -1 -1 -2 -1 -2 -1
-2.61583834292274 0.666129833662966 -0.673971502366384 1.04837661296995 1.08861205739257 -1 1 2 0 2 2 0 1 1 1 1 1 0 0 2 1 0 2 2 1 1 2 0 0 2 2 2 2 2 0 0 2 1 2 0 2 0 0 2 1 0 0 2 2 2 1 0 2 0 0 0 1 2 0 0 0 2 1 2 1 1 0 0 0 2 2 1 0 1 1 1 2 0 1 0 1 0 0 0 0 0 1 1 1 0 0 0 0 0 2 1 0 2 0 0 1 1 2 0 1 0 -1 -2 0 -2 -2 0 -1 -1 -1 -1 -1 0 0 -2 -1 0 -2 -2 -1 -1 -2 0 0 -2 -2 -2 -2 -2 0 0 -2 -1 -2 0 -2 0 0 -2 -1 0 0 -2 -2 -2 -1 0 -2 0 0 0 -1 -2 0 0 0 -2 -1 -2 -1 -1 0 0 0 -2 -2 -1 0 -1 -1 -1 -2 0 -1 0 -1 0 0 0 0 0 -1 -1 -1 0 0 0 0 0 -2 -1 0 -2 0 0 -1 -1 -2 0 -1 0
0.201475408589667 0.487761528368731 -0.658296811379427 -1.21985204305951 -0.276938895298986 1 0 2 0 1 2 1 2 2 2 2 2 0 0 1 1 0 2 2 0 0 1 1 1 1 2 2 2 2 0 0 2 1 2 1 2 1 0 2 0 0 0 2 2 2 2 1 1 1 2 2 2 1 1 0 0 2 1 2 0 1 2 1 0 2 2 1 2 1 1 1 1 1 0 0 1 0 0 0 1 1 1 1 2 2 0 0 0 0 1 0 0 0 1 1 2 1 1 0 2 0 0 2 0 1 2 1 2 2 2 2 2 0 0 1 1 0 2 2 0 0 1 1 1 1 2 2 2 2 0 0 2 1 2 1 2 1 0 2 0 0 0 2 2 2 2 1 1 1 2 2 2 1 1 0 0 2 1 2 0 1 2 1 0 2 2 1 2 1 1 1 1 1 0 0 1 0 0 0 1 1 1 1 2 2 0 0 0 0 1 0 0 0 1 1 2 1 1 0 2 0
-1.99143118271989 0.831194239477018 -1.08351944036 -1.37656700120717 -1.35068194591187 1 0 2 1 2 2 0 2 2 2 2 2 0 0 1 0 2 2 1 0 0 1 1 0 1 2 0 1 0 1 1 2 1 2 2 2 2 0 2 2 0 0 2 2 2 2 0 0 0 2 1 2 0 0 0 1 2 1 2 1 1 1 1 1 2 1 2 1 1 1 2 2 2 1 0 1 1 0 0 2 2 2 2 2 2 0 2 0 1 2 2 0 1 2 0 1 0 1 0 2 0 0 2 1 2 2 0 2 2 2 2 2 0 0 1 0 2 2 1 0 0 1 1 0 1 2 0 1 0 1 1 2 1 2 2 2 2 0 2 2 0 0 2 2 2 2 0 0 0 2 1 2 0 0 0 1 2 1 2 1 1 1 1 1 2 1 2 1 1 1 2 2 2 1 0 1 1 0 0 2 2 2 2 2 2 0 2 0 1 2 2 0 1 2 0 1 0 1 0 2 0
-0.0309607636428574 -0.219766902790578 -0.325366416985904 1.36374169817453 -0.145722359265119 -1 0 1 0 2 2 1 2 2 2 2 2 2 2 2 0 0 0 1 0 0 1 1 1 2 2 2 2 2 0 0 1 0 2 2 2 1 0 2 1 0 0 2 2 2 2 1 2 1 2 2 2 0 0 1 0 2 1 2 2 2 2 1 1 2 1 1 2 2 2 2 2 1 2 0 2 0 0 0 1 1 0 1 0 1 0 0 0 1 1 0 0 1 1 0 2 1 1 0 0 0 0 -1 0 -2 -2 -1 -2 -2 -2 -2 -2 -2 -2 -2 0 0 0 -1 0 0 -1 -1 -1 -2 -2 -2 -2 -2 0 0 -1 0 -2 -2 -2 -1 0 -2 -1 0 0 -2 -2 -2 -2 -1 -2 -1 -2 -2 -2 0 0 -1 0 -2 -1 -2 -2 -2 -2 -1 -1 -2 -1 -1 -2 -2 -2 -2 -2 -1 -2 0 -2 0 0 0 -1 -1 0 -1 0 -1 0 0 0 -1 -1 0 0 -1 -1 0 -2 -1 -1 0 0 0
-1.06074624179692 -0.47495854263319 -0.90477372764587 0.186593889827035 -1.1861554878771 -1 0 1 0 2 2 0 1 1 2 1 1 0 1 1 1 0 1 1 0 0 1 1 0 2 2 1 2 1 0 0 2 0 2 1 1 0 0 2 2 0 1 1 2 2 1 0 2 0 1 1 2 1 1 0 1 2 0 2 2 1 1 2 2 2 2 1 2 0 1 2 2 2 2 0 2 0 2 1 2 1 2 2 1 2 0 2 0 2 1 1 1 2 2 0 1 1 1 0 0 0 0 -1 0 -2 -2 0 -1 -1 -2 -1 -1 0 -1 -1 -1 0 -1 -1 0 0 -1 -1 0 -2 -2 -1 -2 -1 0 0 -2 0 -2 -1 -1 0 0 -2 -2 0 -1 -1 -2 -2 -1 0 -2 0 -1 -1 -2 -1 -1 0 -1 -2 0 -2 -2 -1 -1 -2 -2 -2 -2 -1 -2 0 -1 -2 -2 -2 -2 0 -2 0 -2 -1 -2 -1 -2 -2 -1 -2 0 -2 0 -2 -1 -1 -1 -2 -2 0 -1 -1 -1 0 0 0
0.140231503109053 -0.142211013285773 -0.0396736022538946 0.978837442132358 0.501330086380909 1 1 2 1 1 2 1 1 1 2 1 1 0 1 2 0 0 1 1 0 0 1 0 1 2 2 1 2 2 1 0 2 1 2 0 1 1 0 2 2 2 1 2 2 2 2 0 1 0 2 2 2 0 0 0 0 2 1 2 1 1 1 1 1 1 2 1 2 2 2 2 2 1 0 0 1 1 0 0 1 1 0 2 1 0 0 1 0 2 1 0 1 1 1 0 1 0 1 0 0 1 1 2 1 1 2 1 1 1 2 1 1 0 1 2 0 0 1 1 0 0 1 0 1 2 2 1 2 2 1 0 2 1 2 0 1 1 0 2 2 2 1 2 2 2 2 0 1 0 2 2 2 0 0 0 0 2 1 2 1 1 1 1 1 1 2 1 2 2 2 2 2 1 0 0 1 1 0 0 1 1 0 2 1 0 0 1 0 2 1 0 1 1 1 0 1 0 1 0 0 1
0.523161116163424 -0.0304456354163888 0.960476093482024 0.143478434557002 -1.41114198772173 1 1 2 0 2 1 0 1 2 2 2 2 0 0 2 1 0 1 1 0 0 0 2 0 1 2 2 2 0 0 0 2 1 2 1 2 2 0 2 2 0 0 2 2 2 2 0 1 1 1 0 2 0 0 0 0 2 0 2 1 1 0 0 0 0 0 1 2 1 2 1 0 0 0 0 2 0 1 1 2 2 1 2 1 0 0 0 0 0 2 1 0 1 1 0 1 1 2 0 1 0 1 2 0 2 1 0 1 2 2 2 2 0 0 2 1 0 1 1 0 0 0 2 0 1 2 2 2 0 0 0 2 1 2 1 2 2 0 2 2 0 0 2 2 2 2 0 1 1 1 0 2 0 0 0 0 2 0 2 1 1 0 0 0 0 0 1 2 1 2 1 0 0 0 0 2 0 1 1 2 2 1 2 1 0 0 0 0 0 2 1 0 1 1 0 1 1 2 0 1 0
-1.42021907646916 -2.25727384315787 1.51724032384246 -0.883624772602167 0.585371244953294 1 1 1 0 2 2 0 1 1 2 2 2 0 2 2 0 0 1 1 0 0 1 1 1 0 2 2 2 2 0 0 2 2 2 1 2 2 0 2 0 0 0 2 2 2 1 0 1 0 2 1 1 0 1 0 0 2 0 2 0 0 0 0 0 1 2 1 2 2 2 1 2 1 1 0 2 1 1 0 1 1 1 0 1 1 0 1 0 2 1 2 2 2 1 1 2 1 2 1 2 0 1 1 0 2 2 0 1 1 2 2 2 0 2 2 0 0 1 1 0 0 1 1 1 0 2 2 2 2 0 0 2 2 2 1 2 2 0 2 0 0 0 2 2 2 1 0 1 0 2 1 1 0 1 0 0 2 0 2 0 0 0 0 0 1 2 1 2 2 2 1 2 1 1 0 2 1 1 0 1 1 1 0 1 1 0 1 0 2 1 2 2 2 1 1 2 1 2 1 2 0
-0.737781770452287 -0.196791322275106 1.34322573178514 0.568595397448785 0.778123896379586 -1 0 1 0 2 2 1 2 1 2 2 2 0 1 1 0 0 2 1 0 0 2 1 0 2 2 1 2 1 1 0 2 2 2 0 2 2 0 2 2 1 2 2 2 1 2 1 0 1 2 2 2 0 1 0 1 2 1 2 1 1 1 0 0 0 0 0 2 0 0 0 2 0 1 0 2 0 1 0 1 1 1 2 2 1 1 1 0 2 0 0 1 0 1 0 2 1 2 0 2 1 0 -1 0 -2 -2 -1 -2 -1 -2 -2 -2 0 -1 -1 0 0 -2 -1 0 0 -2 -1 0 -2 -2 -1 -2 -1 -1 0 -2 -2 -2 0 -2 -2 0 -2 -2 -1 -2 -2 -2 -1 -2 -1 0 -1 -2 -2 -2 0 -1 0 -1 -2 -1 -2 -1 -1 -1 0 0 0 0 0 -2 0 0 0 -2 0 -1 0 -2 0 -1 0 -1 -1 -1 -2 -2 -1 -1 -1 0 -2 0 0 -1 0 -1 0 -2 -1 -2 0 -2 -1
