-2.03270498918109 0.202553980645861 1.05605331507251 -0.321160345829683 -1.72229753790792 1 2 1 1 2 1 1 2 2 2 1 0 1 0 0 0 1 2 2 2 1 2 2 2 0 1 0 0 0 2 1 1 2 1 0 1 2 1 1 1 1 2 2 1 1 2 1 0 2 2 1 2 2 1 0 1 0 2 0 1 0 1 0 0 1 2 0 2 1 0 1 2 0 2 2 0 0 0 0 1 0 1 2 2 2 0 1 1 0 1 2 1 0 1 0 2 2 1 1 2 0 2 1 1 2 1 1 2 2 2 1 0 1 0 0 0 1 2 2 2 1 2 2 2 0 1 0 0 0 2 1 1 2 1 0 1 2 1 1 1 1 2 2 1 1 2 1 0 2 2 1 2 2 1 0 1 0 2 0 1 0 1 0 0 1 2 0 2 1 0 1 2 0 2 2 0 0 0 0 1 0 1 2 2 2 0 1 1 0 1 2 1 0 1 0 2 2 1 1 2 0
1.00662823470395 -0.48978210027955 -0.995982801062977 -2.11379658023813 0.118776838213352 -1 1 0 0 2 1 0 0 2 2 1 1 1 0 0 0 2 2 2 2 2 2 2 1 0 1 1 1 2 2 1 1 2 1 0 1 2 2 2 2 1 1 1 2 1 0 0 0 1 2 1 2 2 1 0 0 0 1 0 1 0 1 0 0 0 2 0 2 1 0 1 2 0 0 1 0 0 2 2 2 2 1 2 2 2 1 0 0 0 0 1 1 0 1 0 2 0 1 2 2 1 -1 0 0 -2 -1 0 0 -2 -2 -1 -1 -1 0 0 0 -2 -2 -2 -2 -2 -2 -2 -1 0 -1 -1 -1 -2 -2 -1 -1 -2 -1 0 -1 -2 -2 -2 -2 -1 -1 -1 -2 -1 0 0 0 -1 -2 -1 -2 -2 -1 0 0 0 -1 0 -1 0 -1 0 0 0 -2 0 -2 -1 0 -1 -2 0 0 -1 0 0 -2 -2 -2 -2 -1 -2 -2 -2 -1 0 0 0 0 -1 -1 0 -1 0 -2 0 -1 -2 -2 -1
-0.23650485846229 0.729294973694324 -1.31905727132089 0.867109122738956 -2.27092812379606 1 1 1 0 1 0 0 0 1 2 0 0 0 0 0 0 1 2 2 2 2 1 2 0 0 2 1 1 1 2 0 0 1 1 0 0 0 1 1 0 1 1 1 1 1 2 0 0 0 1 0 2 2 1 0 2 0 1 0 0 0 1 0 0 0 1 0 2 1 1 1 2 0 1 1 0 0 2 0 1 2 0 1 2 2 1 0 1 0 0 1 2 0 2 0 1 1 1 1 2 1 1 1 0 1 0 0 0 1 2 0 0 0 0 0 0 1 2 2 2 2 1 2 0 0 2 1 1 1 2 0 0 1 1 0 0 0 1 1 0 1 1 1 1 1 2 0 0 0 1 0 2 2 1 0 2 0 1 0 0 0 1 0 0 0 1 0 2 1 1 1 2 0 1 1 0 0 2 0 1 2 0 1 2 2 1 0 1 0 0 1 2 0 2 0 1 1 1 1 2 1
0.901779944120857 -0.374859544029988 2.38908947258761 1.10214849538975 -0.827356740291815 -1 1 1 0 2 0 0 0 1 2 0 0 2 0 0 0 1 2 2 2 2 1 2 1 0 1 1 1 1 1 0 0 0 1 0 1 0 1 1 1 0 1 2 2 0 1 0 0 1 2 1 2 1 0 0 1 0 2 0 1 1 2 0 0 0 2 1 2 1 1 1 2 0 1 1 0 1 1 1 2 2 1 1 2 2 0 0 1 0 1 2 2 0 0 0 1 0 0 2 2 2 -1 -1 0 -2 0 0 0 -1 -2 0 0 -2 0 0 0 -1 -2 -2 -2 -2 -1 -2 -1 0 -1 -1 -1 -1 -1 0 0 0 -1 0 -1 0 -1 -1 -1 0 -1 -2 -2 0 -1 0 0 -1 -2 -1 -2 -1 0 0 -1 0 -2 0 -1 -1 -2 0 0 0 -2 -1 -2 -1 -1 -1 -2 0 -1 -1 0 -1 -1 -1 -2 -2 -1 -1 -2 -2 0 0 -1 0 -1 -2 -2 0 0 0 -1 0 0 -2 -2 -2
0.573688090407515 -0.405822088566947 -2.09958850338679 -0.756984918140644 -1.21812868576057 1 2 2 1 1 0 0 0 0 1 0 0 1 0 0 0 1 2 2 2 1 0 1 1 1 2 0 0 1 2 1 1 1 0 0 1 0 0 1 1 1 1 2 2 1 1 0 2 1 2 1 2 2 1 1 1 1 2 1 1 0 2 0 0 2 2 0 2 1 0 0 1 0 2 2 0 1 1 1 1 0 1 1 1 1 0 0 1 0 0 2 1 0 1 0 1 0 0 2 2 1 2 2 1 1 0 0 0 0 1 0 0 1 0 0 0 1 2 2 2 1 0 1 1 1 2 0 0 1 2 1 1 1 0 0 1 0 0 1 1 1 1 2 2 1 1 0 2 1 2 1 2 2 1 1 1 1 2 1 1 0 2 0 0 2 2 0 2 1 0 0 1 0 2 2 0 1 1 1 1 0 1 1 1 1 0 0 1 0 0 2 1 0 1 0 1 0 0 2 2 1
-0.610397995366808 0.10640173750472 1.1884577427014 -0.562094546533472 -1.36944766593501 -1 2 1 1 2 0 1 1 1 2 2 2 1 0 0 0 1 2 2 2 1 1 0 1 0 1 0 0 2 2 2 2 1 1 0 1 2 1 1 0 1 1 2 2 1 2 0 0 0 1 1 1 2 1 0 2 0 1 0 1 0 2 0 0 0 2 0 2 1 1 2 2 0 1 1 0 1 2 1 2 2 1 0 0 2 1 1 1 0 0 1 2 0 1 0 2 2 0 1 2 0 -2 -1 -1 -2 0 -1 -1 -1 -2 -2 -2 -1 0 0 0 -1 -2 -2 -2 -1 -1 0 -1 0 -1 0 0 -2 -2 -2 -2 -1 -1 0 -1 -2 -1 -1 0 -1 -1 -2 -2 -1 -2 0 0 0 -1 -1 -1 -2 -1 0 -2 0 -1 0 -1 0 -2 0 0 0 -2 0 -2 -1 -1 -2 -2 0 -1 -1 0 -1 -2 -1 -2 -2 -1 0 0 -2 -1 -1 -1 0 0 -1 -2 0 -1 0 -2 -2 0 -1 -2 0
-0.919704824506552 1.13081146420484 0.286672639403314 -1.53346932879084 1.0968805754057 1 0 0 1 1 0 0 0 1 2 1 1 2 1 0 0 0 2 2 1 1 0 1 1 1 2 0 0 0 2 1 0 1 2 1 1 2 2 1 0 0 1 2 1 0 0 0 0 2 1 0 2 2 2 1 2 0 2 0 1 1 2 0 0 0 1 1 2 2 1 1 2 0 1 1 0 0 1 1 2 1 1 1 1 1 0 1 1 1 0 2 1 0 1 0 0 0 0 0 1 0 0 0 1 1 0 0 0 1 2 1 1 2 1 0 0 0 2 2 1 1 0 1 1 1 2 0 0 0 2 1 0 1 2 1 1 2 2 1 0 0 1 2 1 0 0 0 0 2 1 0 2 2 2 1 2 0 2 0 1 1 2 0 0 0 1 1 2 2 1 1 2 0 1 1 0 0 1 1 2 1 1 1 1 1 0 1 1 1 0 2 1 0 1 0 0 0 0 0 1 0
0.834871008847913 -2.09296642408704 -0.601837907501615 -0.136198120158152 -0.157948392620818 1 0 1 0 2 0 0 1 2 2 2 1 2 0 0 0 0 2 1 2 0 1 1 0 0 1 1 1 1 1 0 0 0 0 0 1 0 0 0 0 1 2 1 2 0 0 0 0 0 1 0 1 2 1 1 1 0 1 0 0 1 2 0 0 0 2 0 1 0 0 1 2 0 2 1 0 1 1 0 0 1 2 2 1 2 0 0 0 0 1 2 2 0 1 0 2 0 0 0 1 0 0 1 0 2 0 0 1 2 2 2 1 2 0 0 0 0 2 1 2 0 1 1 0 0 1 1 1 1 1 0 0 0 0 0 1 0 0 0 0 1 2 1 2 0 0 0 0 0 1 0 1 2 1 1 1 0 1 0 0 1 2 0 0 0 2 0 1 0 0 1 2 0 2 1 0 1 1 0 0 1 2 2 1 2 0 0 0 0 1 2 2 0 1 0 2 0 0 0 1 0
-1.39604079977569 0.708055604022246 -0.127453333764449 2.12159340901938 -0.483611176280802 -1 2 1 2 2 0 0 1 2 2 2 2 2 0 0 0 0 2 1 2 0 0 2 1 0 2 1 1 0 2 0 0 0 0 0 2 2 1 2 1 1 1 1 1 0 1 0 0 0 0 0 2 2 1 2 2 1 2 0 0 0 2 1 0 1 2 0 2 1 1 2 2 1 1 2 0 1 2 1 2 2 2 2 2 2 0 0 0 0 0 1 1 0 0 0 1 0 0 1 2 0 -2 -1 -2 -2 0 0 -1 -2 -2 -2 -2 -2 0 0 0 0 -2 -1 -2 0 0 -2 -1 0 -2 -1 -1 0 -2 0 0 0 0 0 -2 -2 -1 -2 -1 -1 -1 -1 -1 0 -1 0 0 0 0 0 -2 -2 -1 -2 -2 -1 -2 0 0 0 -2 -1 0 -1 -2 0 -2 -1 -1 -2 -2 -1 -1 -2 0 -1 -2 -1 -2 -2 -2 -2 -2 -2 0 0 0 0 0 -1 -1 0 0 0 -1 0 0 -1 -2 0
0.160196957631057 -0.114133047982779 1.3276588566729 -0.566498597912482 0.343662116673176 -1 0 0 0 2 0 0 0 0 1 0 0 1 0 0 0 0 2 2 2 0 0 1 2 0 2 0 1 2 2 1 2 2 1 2 2 2 2 2 1 0 2 2 1 2 1 0 0 1 2 1 1 2 1 1 1 0 2 0 1 0 2 0 0 0 2 0 2 1 0 1 2 1 1 1 1 1 1 0 1 2 1 1 1 2 0 0 0 0 0 1 1 0 1 0 2 2 1 1 2 2 0 0 0 -2 0 0 0 0 -1 0 0 -1 0 0 0 0 -2 -2 -2 0 0 -1 -2 0 -2 0 -1 -2 -2 -1 -2 -2 -1 -2 -2 -2 -2 -2 -1 0 -2 -2 -1 -2 -1 0 0 -1 -2 -1 -1 -2 -1 -1 -1 0 -2 0 -1 0 -2 0 0 0 -2 0 -2 -1 0 -1 -2 -1 -1 -1 -1 -1 -1 0 -1 -2 -1 -1 -1 -2 0 0 0 0 0 -1 -1 0 -1 0 -2 -2 -1 -1 -2 -2
0.978504095059419 0.431214861237891 -0.725413479908492 -0.261159833867465 0.388567764427902 1 1 1 0 2 1 1 1 1 2 1 1 2 0 0 0 0 1 2 2 0 0 1 1 1 1 1 1 0 2 0 0 1 1 1 1 1 1 1 1 1 1 2 2 2 1 1 0 0 1 1 2 2 2 2 1 0 2 1 1 1 2 0 0 1 2 0 2 1 2 2 2 0 1 0 0 0 0 1 1 1 1 2 2 2 1 1 1 0 1 2 2 0 2 0 2 2 1 0 1 2 1 1 0 2 1 1 1 1 2 1 1 2 0 0 0 0 1 2 2 0 0 1 1 1 1 1 1 0 2 0 0 1 1 1 1 1 1 1 1 1 1 2 2 2 1 1 0 0 1 1 2 2 2 2 1 0 2 1 1 1 2 0 0 1 2 0 2 1 2 2 2 0 1 0 0 0 0 1 1 1 1 2 2 2 1 1 1 0 1 2 2 0 2 0 2 2 1 0 1 2
1.85151115486097 -0.0478866714634945 -0.447549553861202 0.681155777003928 -1.36386788481908 1 1 0 1 2 0 0 0 1 2 0 2 2 0 0 0 0 2 1 2 0 0 2 2 2 2 1 2 2 2 1 1 1 2 1 1 0 1 1 0 1 2 2 1 1 1 0 1 0 1 1 2 2 2 2 2 1 2 1 1 0 2 0 0 0 2 0 2 1 1 2 2 0 1 2 0 1 1 0 1 2 2 1 1 2 1 1 2 0 0 2 1 0 1 0 1 2 1 2 1 0 1 0 1 2 0 0 0 1 2 0 2 2 0 0 0 0 2 1 2 0 0 2 2 2 2 1 2 2 2 1 1 1 2 1 1 0 1 1 0 1 2 2 1 1 1 0 1 0 1 1 2 2 2 2 2 1 2 1 1 0 2 0 0 0 2 0 2 1 1 2 2 0 1 2 0 1 1 0 1 2 2 1 1 2 1 1 2 0 0 2 1 0 1 0 1 2 1 2 1 0
-0.14182679379025 -0.944019952750136 -0.202065233591544 -0.800979935776568 -2.11914099273862 -1 1 1 1 2 0 0 1 1 2 1 2 2 0 0 0 2 2 2 1 0 0 1 2 1 1 0 1 1 2 0 1 2 2 0 2 2 1 2 2 1 2 1 1 1 0 0 0 1 2 1 1 2 2 1 1 1 1 0 0 0 1 0 0 0 2 0 2 1 1 2 2 0 2 2 0 0 1 2 2 2 2 2 2 2 0 0 1 0 1 2 1 0 1 0 2 2 0 0 1 0 -1 -1 -1 -2 0 0 -1 -1 -2 -1 -2 -2 0 0 0 -2 -2 -2 -1 0 0 -1 -2 -1 -1 0 -1 -1 -2 0 -1 -2 -2 0 -2 -2 -1 -2 -2 -1 -2 -1 -1 -1 0 0 0 -1 -2 -1 -1 -2 -2 -1 -1 -1 -1 0 0 0 -1 0 0 0 -2 0 -2 -1 -1 -2 -2 0 -2 -2 0 0 -1 -2 -2 -2 -2 -2 -2 -2 0 0 -1 0 -1 -2 -1 0 -1 0 -2 -2 0 0 -1 0
1.4839481775088 -0.116687568611828 -0.892179215039723 -1.59921070065012 0.888127025837555 1 0 1 1 2 0 0 1 2 2 2 2 2 0 0 0 2 2 1 2 0 0 0 2 1 2 0 1 0 1 0 0 0 1 0 1 1 1 2 1 0 1 1 1 0 0 0 0 1 2 2 2 2 2 2 2 0 2 0 0 1 2 1 0 1 2 0 2 2 2 2 2 1 2 2 0 1 1 0 1 2 2 2 1 2 0 0 0 0 0 2 0 0 1 0 1 1 0 1 0 0 0 1 1 2 0 0 1 2 2 2 2 2 0 0 0 2 2 1 2 0 0 0 2 1 2 0 1 0 1 0 0 0 1 0 1 1 1 2 1 0 1 1 1 0 0 0 0 1 2 2 2 2 2 2 2 0 2 0 0 1 2 1 0 1 2 0 2 2 2 2 2 1 2 2 0 1 1 0 1 2 2 2 1 2 0 0 0 0 0 2 0 0 1 0 1 1 0 1 0 0
0.800874252994976 0.216857845114986 -0.436568902212878 1.23795941404758 -0.00191344020025326 1 2 0 1 2 1 0 0 1 2 0 1 2 1 0 0 0 2 2 1 0 0 1 2 0 1 0 1 2 1 0 1 1 1 0 1 1 0 0 0 0 0 1 0 1 1 0 0 2 2 1 2 2 2 2 2 1 2 1 2 1 2 0 0 0 2 1 2 2 2 1 2 0 2 2 1 1 1 0 1 2 2 1 1 1 0 0 2 0 0 2 1 0 1 0 1 0 0 1 2 0 2 0 1 2 1 0 0 1 2 0 1 2 1 0 0 0 2 2 1 0 0 1 2 0 1 0 1 2 1 0 1 1 1 0 1 1 0 0 0 0 0 1 0 1 1 0 0 2 2 1 2 2 2 2 2 1 2 1 2 1 2 0 0 0 2 1 2 2 2 1 2 0 2 2 1 1 1 0 1 2 2 1 1 1 0 0 2 0 0 2 1 0 1 0 1 0 0 1 2 0
-0.348060352918175 -3.22677564181727 1.20008133072065 -0.206838138225499 -0.848754561292161 1 0 0 0 1 0 0 1 1 0 0 1 1 0 0 0 2 2 2 2 1 1 1 1 0 1 0 1 1 2 1 0 1 2 1 1 1 1 2 2 1 2 1 2 2 0 1 0 0 1 0 1 1 0 0 0 0 1 0 0 1 2 0 0 0 2 1 2 2 1 1 2 1 2 0 0 1 2 0 0 1 0 1 1 1 1 1 1 0 0 1 1 0 2 1 2 2 2 2 2 2 0 0 0 1 0 0 1 1 0 0 1 1 0 0 0 2 2 2 2 1 1 1 1 0 1 0 1 1 2 1 0 1 2 1 1 1 1 2 2 1 2 1 2 2 0 1 0 0 1 0 1 1 0 0 0 0 1 0 0 1 2 0 0 0 2 1 2 2 1 1 2 1 2 0 0 1 2 0 0 1 0 1 1 1 1 1 1 0 0 1 1 0 2 1 2 2 2 2 2 2
-0.358682164691223 -0.591712573353876 -0.279455949166031 -1.43299225589826 -2.29249272738408 -1 0 0 0 1 0 0 0 1 2 0 1 2 0 0 0 0 2 2 2 1 0 1 2 1 2 1 0 1 2 1 2 1 1 1 1 2 2 2 1 1 2 1 0 0 2 0 0 1 1 1 2 2 1 0 0 0 1 0 0 0 2 0 0 0 2 1 1 0 1 2 2 0 0 1 0 1 2 1 1 1 0 2 2 2 0 0 1 0 0 2 1 1 2 1 2 2 1 1 2 0 0 0 0 -1 0 0 0 -1 -2 0 -1 -2 0 0 0 0 -2 -2 -2 -1 0 -1 -2 -1 -2 -1 0 -1 -2 -1 -2 -1 -1 -1 -1 -2 -2 -2 -1 -1 -2 -1 0 0 -2 0 0 -1 -1 -1 -2 -2 -1 0 0 0 -1 0 0 0 -2 0 0 0 -2 -1 -1 0 -1 -2 -2 0 0 -1 0 -1 -2 -1 -1 -1 0 -2 -2 -2 0 0 -1 0 0 -2 -1 -1 -2 -1 -2 -2 -1 -1 -2 0
0.0184467720630956 0.737004813575081 -0.420331934735608 0.358487304209564 0.367814517124673 1 0 0 0 1 0 0 0 2 2 1 2 2 0 0 0 1 1 1 2 1 1 1 0 0 2 0 1 1 2 0 1 1 2 0 1 2 2 2 1 0 0 0 1 0 1 0 0 1 2 1 0 2 2 1 2 0 2 0 0 0 1 0 0 0 2 1 2 2 1 0 2 0 1 1 0 0 2 1 2 2 1 1 1 2 1 1 1 0 1 2 0 0 1 0 1 1 0 1 2 1 0 0 0 1 0 0 0 2 2 1 2 2 0 0 0 1 1 1 2 1 1 1 0 0 2 0 1 1 2 0 1 1 2 0 1 2 2 2 1 0 0 0 1 0 1 0 0 1 2 1 0 2 2 1 2 0 2 0 0 0 1 0 0 0 2 1 2 2 1 0 2 0 1 1 0 0 2 1 2 2 1 1 1 2 1 1 1 0 1 2 0 0 1 0 1 1 0 1 2 1
0.64120571161251 1.26779408217901 -0.866527850286573 1.55914023935568 0.425502873141484 -1 0 0 0 2 0 0 1 2 2 0 0 2 0 1 0 2 2 1 2 1 1 1 1 1 2 1 1 0 2 0 0 1 2 1 2 2 1 1 1 2 2 1 1 1 0 0 0 1 1 1 2 2 1 0 1 0 1 0 0 0 2 0 1 0 2 0 2 2 2 2 2 1 2 1 0 0 2 0 1 1 1 0 1 1 0 0 0 0 0 2 0 0 2 1 2 2 0 1 1 1 0 0 0 -2 0 0 -1 -2 -2 0 0 -2 0 -1 0 -2 -2 -1 -2 -1 -1 -1 -1 -1 -2 -1 -1 0 -2 0 0 -1 -2 -1 -2 -2 -1 -1 -1 -2 -2 -1 -1 -1 0 0 0 -1 -1 -1 -2 -2 -1 0 -1 0 -1 0 0 0 -2 0 -1 0 -2 0 -2 -2 -2 -2 -2 -1 -2 -1 0 0 -2 0 -1 -1 -1 0 -1 -1 0 0 0 0 0 -2 0 0 -2 -1 -2 -2 0 -1 -1 -1
-0.83569587378447 -2.46165713596855 -0.563025517982664 0.846378791683088 0.078278261900434 1 0 0 1 2 0 0 0 1 1 0 1 1 0 0 0 1 2 2 1 0 0 2 1 0 1 0 0 1 2 0 0 2 1 1 2 2 1 2 2 1 2 1 2 2 1 0 1 1 2 2 2 2 2 2 1 0 2 0 0 1 2 0 0 0 2 1 2 1 2 1 1 0 1 1 0 2 2 0 0 1 0 1 2 1 0 0 0 0 0 2 2 1 1 0 1 0 0 0 1 1 0 0 1 2 0 0 0 1 1 0 1 1 0 0 0 1 2 2 1 0 0 2 1 0 1 0 0 1 2 0 0 2 1 1 2 2 1 2 2 1 2 1 2 2 1 0 1 1 2 2 2 2 2 2 1 0 2 0 0 1 2 0 0 0 2 1 2 1 2 1 1 0 1 1 0 2 2 0 0 1 0 1 2 1 0 0 0 0 0 2 2 1 1 0 1 0 0 0 1 1
-0.19799610750312 -0.96614007266571 -0.532810358572648 0.177709642585246 -0.766133123057894 1 1 1 1 2 0 0 1 1 2 0 1 1 0 0 0 0 1 1 2 1 1 1 2 1 2 0 0 0 2 0 0 1 2 0 1 2 1 1 0 1 2 1 1 0 0 0 0 2 2 1 2 2 1 1 1 1 2 0 0 0 2 0 0 0 1 0 2 1 1 2 2 0 2 2 0 1 2 1 2 2 2 1 2 2 1 1 0 1 0 2 1 0 1 0 2 1 0 1 1 1 1 1 1 2 0 0 1 1 2 0 1 1 0 0 0 0 1 1 2 1 1 1 2 1 2 0 0 0 2 0 0 1 2 0 1 2 1 1 0 1 2 1 1 0 0 0 0 2 2 1 2 2 1 1 1 1 2 0 0 0 2 0 0 0 1 0 2 1 1 2 2 0 2 2 0 1 2 1 2 2 2 1 2 2 1 1 0 1 0 2 1 0 1 0 2 1 0 1 1 1
-0.0799474178502596 -2.02224522403378 0.983598606571595 -1.08515245500277 1.8452335057812 1 0 0 0 1 0 0 1 2 2 0 1 1 1 0 0 0 1 2 1 0 0 1 2 1 2 0 2 2 2 2 2 2 1 0 0 0 0 1 1 0 2 1 0 0 0 0 0 0 2 1 1 2 2 0 1 0 2 0 1 0 2 1 0 1 2 0 2 1 1 1 2 0 1 2 0 0 2 1 2 2 2 2 1 2 1 1 1 0 0 2 1 1 1 0 2 0 1 2 2 0 0 0 0 1 0 0 1 2 2 0 1 1 1 0 0 0 1 2 1 0 0 1 2 1 2 0 2 2 2 2 2 2 1 0 0 0 0 1 1 0 2 1 0 0 0 0 0 0 2 1 1 2 2 0 1 0 2 0 1 0 2 1 0 1 2 0 2 1 1 1 2 0 1 2 0 0 2 1 2 2 2 2 1 2 1 1 1 0 0 2 1 1 1 0 2 0 1 2 2 0
-0.704261266544034 2.35388868244214 0.486987108392187 0.574765448446871 -0.0489394715273231 -1 0 0 1 2 1 0 0 1 1 1 2 2 0 0 0 0 1 2 2 0 0 2 1 0 0 0 0 1 2 2 0 1 1 0 0 1 0 0 0 0 1 1 2 1 1 0 0 1 1 1 2 2 1 0 1 0 2 0 0 0 2 0 0 1 2 1 2 2 2 1 1 0 1 1 0 1 2 0 1 1 1 1 2 2 1 2 2 1 2 2 1 0 1 0 2 0 0 1 0 0 0 0 -1 -2 -1 0 0 -1 -1 -1 -2 -2 0 0 0 0 -1 -2 -2 0 0 -2 -1 0 0 0 0 -1 -2 -2 0 -1 -1 0 0 -1 0 0 0 0 -1 -1 -2 -1 -1 0 0 -1 -1 -1 -2 -2 -1 0 -1 0 -2 0 0 0 -2 0 0 -1 -2 -1 -2 -2 -2 -1 -1 0 -1 -1 0 -1 -2 0 -1 -1 -1 -1 -2 -2 -1 -2 -2 -1 -2 -2 -1 0 -1 0 -2 0 0 -1 0 0
-1.01174224396114 1.67669902726215 -0.0581983079630471 -0.551284201027731 1.09124954526184 -1 0 0 1 2 0 0 0 0 2 0 0 1 0 0 0 1 2 2 2 0 1 2 1 1 2 0 0 0 1 0 0 1 2 1 2 2 1 2 1 0 0 1 1 1 0 0 1 1 2 2 2 2 2 0 0 0 2 0 1 0 2 0 0 0 2 0 2 1 0 1 1 0 1 1 0 0 2 1 2 1 1 1 1 2 1 1 1 0 0 2 0 0 1 0 1 0 0 1 2 1 0 0 -1 -2 0 0 0 0 -2 0 0 -1 0 0 0 -1 -2 -2 -2 0 -1 -2 -1 -1 -2 0 0 0 -1 0 0 -1 -2 -1 -2 -2 -1 -2 -1 0 0 -1 -1 -1 0 0 -1 -1 -2 -2 -2 -2 -2 0 0 0 -2 0 -1 0 -2 0 0 0 -2 0 -2 -1 0 -1 -1 0 -1 -1 0 0 -2 -1 -2 -1 -1 -1 -1 -2 -1 -1 -1 0 0 -2 0 0 -1 0 -1 0 0 -1 -2 -1
0.370565907790325 1.0612531101243 -0.314316822222638 -0.55224881552589 2.12500902361064 1 0 1 2 2 0 0 0 0 1 0 2 1 1 2 0 1 2 1 2 1 1 2 2 2 2 1 1 1 2 1 1 2 2 1 2 2 1 1 0 0 1 0 0 0 1 0 1 2 2 2 2 2 2 1 1 0 2 0 0 0 2 0 0 0 1 0 2 1 0 0 2 0 2 2 0 1 2 0 1 2 1 1 2 2 0 1 2 0 0 1 1 0 1 0 2 1 0 0 1 0 0 1 2 2 0 0 0 0 1 0 2 1 1 2 0 1 2 1 2 1 1 2 2 2 2 1 1 1 2 1 1 2 2 1 2 2 1 1 0 0 1 0 0 0 1 0 1 2 2 2 2 2 2 1 1 0 2 0 0 0 2 0 0 0 1 0 2 1 0 0 2 0 2 2 0 1 2 0 1 2 1 1 2 2 0 1 2 0 0 1 1 0 1 0 2 1 0 0 1 0
0.602961192516488 -0.42103437459612 -0.224688944532432 1.27297383633171 -0.82235258181249 1 0 0 0 2 0 0 0 0 2 1 2 2 0 0 0 1 2 2 2 1 1 1 1 0 0 1 1 1 2 0 1 1 1 0 1 2 1 1 1 2 1 1 2 2 2 0 0 2 2 1 2 2 1 0 0 0 1 0 0 0 2 0 0 0 1 1 1 1 2 1 2 0 2 2 0 0 1 0 1 1 1 1 1 1 0 0 0 0 0 2 1 0 1 1 1 1 0 1 1 0 0 0 0 2 0 0 0 0 2 1 2 2 0 0 0 1 2 2 2 1 1 1 1 0 0 1 1 1 2 0 1 1 1 0 1 2 1 1 1 2 1 1 2 2 2 0 0 2 2 1 2 2 1 0 0 0 1 0 0 0 2 0 0 0 1 1 1 1 2 1 2 0 2 2 0 0 1 0 1 1 1 1 1 1 0 0 0 0 0 2 1 0 1 1 1 1 0 1 1 0
1.22499402642601 -1.54411563393682 -0.00484140011834546 -2.26520776256796 -0.88513347790284 1 0 0 0 1 0 0 0 1 2 0 0 1 0 0 0 0 1 2 2 0 1 2 1 1 2 0 0 1 2 1 0 2 2 1 2 1 0 2 2 1 2 1 2 0 0 0 0 1 1 1 1 1 1 0 1 0 2 0 0 1 2 0 0 0 2 1 2 2 2 1 2 1 1 1 0 0 0 1 1 1 0 0 1 2 0 0 1 0 0 1 1 0 1 0 1 0 0 1 0 0 0 0 0 1 0 0 0 1 2 0 0 1 0 0 0 0 1 2 2 0 1 2 1 1 2 0 0 1 2 1 0 2 2 1 2 1 0 2 2 1 2 1 2 0 0 0 0 1 1 1 1 1 1 0 1 0 2 0 0 1 2 0 0 0 2 1 2 2 2 1 2 1 1 1 0 0 0 1 1 1 0 0 1 2 0 0 1 0 0 1 1 0 1 0 1 0 0 1 0 0
0.300838853327054 -1.14173968948386 1.0349315372711 1.97567479389084 0.160569978354829 1 1 1 0 1 0 0 0 2 1 1 1 2 1 1 0 1 2 1 1 1 0 1 1 0 2 0 0 0 0 0 1 2 1 0 1 2 1 1 0 1 1 1 2 1 1 0 1 1 2 1 2 2 2 1 2 1 2 0 0 1 2 0 0 1 2 2 2 2 2 0 2 0 1 2 0 0 0 2 2 2 2 2 1 1 0 0 1 0 0 2 2 1 2 1 2 2 1 1 1 0 1 1 0 1 0 0 0 2 1 1 1 2 1 1 0 1 2 1 1 1 0 1 1 0 2 0 0 0 0 0 1 2 1 0 1 2 1 1 0 1 1 1 2 1 1 0 1 1 2 1 2 2 2 1 2 1 2 0 0 1 2 0 0 1 2 2 2 2 2 0 2 0 1 2 0 0 0 2 2 2 2 2 1 1 0 0 1 0 0 2 2 1 2 1 2 2 1 1 1 0
1.22794336319494 -0.255048137818701 1.63862485540348 0.785010028125769 -0.0372292599155679 1 1 0 0 2 1 2 2 2 2 1 2 2 0 1 0 2 2 2 2 2 2 2 1 1 2 0 1 1 1 0 1 1 1 1 2 2 1 2 2 2 2 2 1 2 1 0 1 1 2 2 2 2 1 1 0 0 2 1 1 0 2 0 0 0 2 1 2 1 1 1 0 0 2 1 0 0 1 1 2 2 1 1 0 2 0 0 1 0 1 2 2 1 1 0 1 0 0 1 0 0 1 0 0 2 1 2 2 2 2 1 2 2 0 1 0 2 2 2 2 2 2 2 1 1 2 0 1 1 1 0 1 1 1 1 2 2 1 2 2 2 2 2 1 2 1 0 1 1 2 2 2 2 1 1 0 0 2 1 1 0 2 0 0 0 2 1 2 1 1 1 0 0 2 1 0 0 1 1 2 2 1 1 0 2 0 0 1 0 1 2 2 1 1 0 1 0 0 1 0 0
-0.81228186830999 -1.80038798065912 0.15146137280389 2.36872985566513 -1.35749604712156 1 0 1 0 2 0 0 0 1 2 0 0 2 1 1 0 1 2 1 2 1 1 2 1 0 1 0 1 1 2 0 1 1 1 0 1 2 2 2 0 0 0 1 0 0 1 0 1 0 1 0 2 2 1 1 0 0 1 0 1 0 1 0 0 0 2 0 2 2 1 2 2 0 2 1 0 0 2 0 0 1 2 1 0 1 0 1 1 0 1 2 0 0 2 0 1 0 0 1 2 1 0 1 0 2 0 0 0 1 2 0 0 2 1 1 0 1 2 1 2 1 1 2 1 0 1 0 1 1 2 0 1 1 1 0 1 2 2 2 0 0 0 1 0 0 1 0 1 0 1 0 2 2 1 1 0 0 1 0 1 0 1 0 0 0 2 0 2 2 1 2 2 0 2 1 0 0 2 0 0 1 2 1 0 1 0 1 1 0 1 2 0 0 2 0 1 0 0 1 2 1
-0.10215639651341 -0.703667353706897 0.356873279491761 1.56903229793035 -1.30098636521329 -1 2 0 0 1 0 0 1 2 2 0 1 1 0 0 0 2 1 2 2 1 1 1 0 0 0 0 0 1 2 0 0 2 1 0 1 1 1 1 2 1 2 1 2 1 1 0 0 1 2 0 2 2 2 2 2 1 2 0 1 0 1 0 0 0 2 1 2 1 2 2 2 0 2 2 0 1 2 2 1 2 2 2 1 2 0 0 0 0 0 1 2 0 1 0 2 2 1 1 1 1 -2 0 0 -1 0 0 -1 -2 -2 0 -1 -1 0 0 0 -2 -1 -2 -2 -1 -1 -1 0 0 0 0 0 -1 -2 0 0 -2 -1 0 -1 -1 -1 -1 -2 -1 -2 -1 -2 -1 -1 0 0 -1 -2 0 -2 -2 -2 -2 -2 -1 -2 0 -1 0 -1 0 0 0 -2 -1 -2 -1 -2 -2 -2 0 -2 -2 0 -1 -2 -2 -1 -2 -2 -2 -1 -2 0 0 0 0 0 -1 -2 0 -1 0 -2 -2 -1 -1 -1 -1
0.951588191910504 -0.713868540221131 1.53745443657752 0.915884035311824 1.17083572191464 -1 0 0 0 2 0 0 0 1 1 0 1 1 2 1 0 1 2 2 2 1 0 1 1 1 2 0 0 1 2 0 0 0 0 0 0 1 2 1 0 1 1 0 1 1 1 0 0 1 2 2 1 2 1 1 1 0 1 0 0 1 2 0 0 1 2 2 2 2 1 1 2 0 2 1 0 0 1 0 1 2 2 2 2 1 0 0 1 0 0 1 1 0 0 0 2 1 0 0 2 1 0 0 0 -2 0 0 0 -1 -1 0 -1 -1 -2 -1 0 -1 -2 -2 -2 -1 0 -1 -1 -1 -2 0 0 -1 -2 0 0 0 0 0 0 -1 -2 -1 0 -1 -1 0 -1 -1 -1 0 0 -1 -2 -2 -1 -2 -1 -1 -1 0 -1 0 0 -1 -2 0 0 -1 -2 -2 -2 -2 -1 -1 -2 0 -2 -1 0 0 -1 0 -1 -2 -2 -2 -2 -1 0 0 -1 0 0 -1 -1 0 0 0 -2 -1 0 0 -2 -1
1.99867212873738 -0.256950325459764 -0.846055055621241 0.82695979476916 1.16316412790015 -1 1 1 0 2 0 0 0 0 1 0 1 0 0 0 0 2 2 1 1 0 1 2 1 0 1 0 0 0 2 0 0 0 2 0 1 1 0 2 1 1 2 1 0 0 0 0 0 2 2 2 2 2 1 1 1 0 2 0 1 0 1 0 0 0 2 0 2 1 1 2 2 0 0 1 0 0 1 1 2 2 1 1 2 2 0 0 1 1 1 2 0 0 1 0 1 1 2 2 2 1 -1 -1 0 -2 0 0 0 0 -1 0 -1 0 0 0 0 -2 -2 -1 -1 0 -1 -2 -1 0 -1 0 0 0 -2 0 0 0 -2 0 -1 -1 0 -2 -1 -1 -2 -1 0 0 0 0 0 -2 -2 -2 -2 -2 -1 -1 -1 0 -2 0 -1 0 -1 0 0 0 -2 0 -2 -1 -1 -2 -2 0 0 -1 0 0 -1 -1 -2 -2 -1 -1 -2 -2 0 0 -1 -1 -1 -2 0 0 -1 0 -1 -1 -2 -2 -2 -1
-0.10280808581641 -0.654338727319957 0.285507669576122 1.41747535368845 0.173979218255372 1 1 1 0 1 0 0 1 2 2 1 1 2 0 0 0 0 2 1 1 1 0 0 1 0 2 1 1 1 2 1 1 2 2 0 2 1 1 1 1 1 2 2 2 2 1 1 1 1 2 1 1 2 0 0 0 0 0 0 0 1 2 1 0 0 2 1 2 2 2 2 2 0 0 1 0 0 1 2 1 1 0 1 1 2 0 0 1 0 1 2 0 0 2 0 2 1 0 1 0 1 1 1 0 1 0 0 1 2 2 1 1 2 0 0 0 0 2 1 1 1 0 0 1 0 2 1 1 1 2 1 1 2 2 0 2 1 1 1 1 1 2 2 2 2 1 1 1 1 2 1 1 2 0 0 0 0 0 0 0 1 2 1 0 0 2 1 2 2 2 2 2 0 0 1 0 0 1 2 1 1 0 1 1 2 0 0 1 0 1 2 0 0 2 0 2 1 0 1 0 1
0.383791946802877 -1.32056160471195 -0.611079007873581 -0.742709249248336 0.379816000102743 1 0 0 0 1 0 0 0 1 1 1 1 2 0 0 0 2 2 2 2 0 1 0 2 0 2 1 1 1 2 0 0 2 2 2 1 2 2 2 2 2 2 1 1 1 1 0 0 0 1 1 1 1 0 0 0 0 2 0 1 0 2 0 0 1 2 0 2 1 2 2 2 0 1 2 0 1 2 2 2 1 1 2 1 1 0 0 1 0 0 1 2 0 1 0 1 0 0 0 1 1 0 0 0 1 0 0 0 1 1 1 1 2 0 0 0 2 2 2 2 0 1 0 2 0 2 1 1 1 2 0 0 2 2 2 1 2 2 2 2 2 2 1 1 1 1 0 0 0 1 1 1 1 0 0 0 0 2 0 1 0 2 0 0 1 2 0 2 1 2 2 2 0 1 2 0 1 2 2 2 1 1 2 1 1 0 0 1 0 0 1 2 0 1 0 1 0 0 0 1 1
-0.357194451262958 -1.07559393105384 0.268267791834895 0.612972008456926 -0.0977482193779933 -1 1 1 0 0 0 0 0 0 0 0 1 2 0 0 0 1 2 2 2 1 1 2 2 0 2 0 1 1 2 1 1 2 2 1 2 1 1 2 1 1 2 1 1 1 0 0 0 0 2 1 1 1 0 1 2 1 2 0 0 1 2 0 0 1 2 1 2 1 2 1 2 0 1 1 0 0 2 2 1 0 0 0 1 2 1 0 1 0 1 2 1 0 1 0 2 2 1 1 2 1 -1 -1 0 0 0 0 0 0 0 0 -1 -2 0 0 0 -1 -2 -2 -2 -1 -1 -2 -2 0 -2 0 -1 -1 -2 -1 -1 -2 -2 -1 -2 -1 -1 -2 -1 -1 -2 -1 -1 -1 0 0 0 0 -2 -1 -1 -1 0 -1 -2 -1 -2 0 0 -1 -2 0 0 -1 -2 -1 -2 -1 -2 -1 -2 0 -1 -1 0 0 -2 -2 -1 0 0 0 -1 -2 -1 0 -1 0 -1 -2 -1 0 -1 0 -2 -2 -1 -1 -2 -1
2.28336738414435 0.28573452918721 0.775448588426563 -1.48221411893679 -0.714114743296528 -1 0 0 0 2 0 0 1 2 2 0 1 2 1 1 0 0 1 2 2 1 0 2 2 2 2 1 2 2 2 1 0 1 2 1 1 1 2 2 2 1 2 1 1 1 0 0 0 1 2 1 1 2 0 0 2 0 2 0 0 0 2 0 0 0 1 0 2 2 2 2 2 0 0 1 0 0 1 1 2 2 1 1 0 2 0 0 0 0 1 2 0 0 1 0 2 0 0 1 1 0 0 0 0 -2 0 0 -1 -2 -2 0 -1 -2 -1 -1 0 0 -1 -2 -2 -1 0 -2 -2 -2 -2 -1 -2 -2 -2 -1 0 -1 -2 -1 -1 -1 -2 -2 -2 -1 -2 -1 -1 -1 0 0 0 -1 -2 -1 -1 -2 0 0 -2 0 -2 0 0 0 -2 0 0 0 -1 0 -2 -2 -2 -2 -2 0 0 -1 0 0 -1 -1 -2 -2 -1 -1 0 -2 0 0 0 0 -1 -2 0 0 -1 0 -2 0 0 -1 -1 0
-1.27789992384216 1.5455297576828 -1.30858937493773 0.137652650653093 -0.223675451759431 1 2 1 1 2 0 0 0 0 1 0 1 1 0 0 0 0 2 2 1 1 2 2 0 0 2 0 0 2 2 0 0 1 2 1 2 2 2 2 1 1 2 2 2 1 1 0 0 0 2 1 1 2 1 0 1 0 2 0 0 1 2 0 0 0 1 0 2 2 1 0 1 0 2 2 0 0 2 0 2 1 1 1 1 1 0 0 0 0 0 1 1 0 1 0 2 1 0 2 2 1 2 1 1 2 0 0 0 0 1 0 1 1 0 0 0 0 2 2 1 1 2 2 0 0 2 0 0 2 2 0 0 1 2 1 2 2 2 2 1 1 2 2 2 1 1 0 0 0 2 1 1 2 1 0 1 0 2 0 0 1 2 0 0 0 1 0 2 2 1 0 1 0 2 2 0 0 2 0 2 1 1 1 1 1 0 0 0 0 0 1 1 0 1 0 2 1 0 2 2 1
0.771890717558826 0.046443192652629 -2.21042926461258 -1.65714516699062 -1.39634103550902 1 0 1 0 1 0 0 0 2 1 0 1 2 0 1 0 0 1 2 1 0 1 2 1 0 0 0 0 0 1 0 0 2 2 1 1 2 1 2 2 2 2 1 1 0 0 0 0 1 2 1 2 2 2 1 1 0 1 0 0 0 2 0 0 0 2 2 2 2 1 1 2 0 2 1 0 1 2 2 1 1 2 1 2 2 0 0 0 0 0 2 2 0 1 1 2 2 1 2 2 0 0 1 0 1 0 0 0 2 1 0 1 2 0 1 0 0 1 2 1 0 1 2 1 0 0 0 0 0 1 0 0 2 2 1 1 2 1 2 2 2 2 1 1 0 0 0 0 1 2 1 2 2 2 1 1 0 1 0 0 0 2 0 0 0 2 2 2 2 1 1 2 0 2 1 0 1 2 2 1 1 2 1 2 2 0 0 0 0 0 2 2 0 1 1 2 2 1 2 2 0
-1.25458327365 -0.0217097262003472 0.300716381921998 -0.947200665131304 -1.33652462135883 1 1 1 1 2 0 0 0 0 2 0 1 0 0 0 0 1 2 1 2 1 1 2 0 1 1 0 0 0 1 1 0 2 2 0 1 0 1 2 1 1 2 2 2 2 1 0 0 2 2 2 2 2 2 1 2 0 1 0 0 1 1 0 0 0 1 0 2 2 2 2 2 1 1 2 0 0 1 2 1 1 1 1 1 2 0 0 1 1 1 2 2 0 1 0 1 1 0 1 0 1 1 1 1 2 0 0 0 0 2 0 1 0 0 0 0 1 2 1 2 1 1 2 0 1 1 0 0 0 1 1 0 2 2 0 1 0 1 2 1 1 2 2 2 2 1 0 0 2 2 2 2 2 2 1 2 0 1 0 0 1 1 0 0 0 1 0 2 2 2 2 2 1 1 2 0 0 1 2 1 1 1 1 1 2 0 0 1 1 1 2 2 0 1 0 1 1 0 1 0 1
0.868141132110474 -0.0825899056841796 0.133595505790982 -0.34192435946639 -0.861909003016762 -1 1 1 1 2 0 0 0 1 1 0 1 1 0 0 0 0 1 2 2 1 1 0 0 0 2 0 0 1 2 1 1 0 2 1 1 1 1 1 2 2 2 2 1 2 1 0 1 1 2 2 2 2 2 1 1 0 2 0 1 1 2 0 0 0 2 1 2 1 0 1 2 0 0 0 0 0 1 2 2 2 2 2 2 2 0 0 1 0 1 2 0 0 0 0 1 0 0 1 2 0 -1 -1 -1 -2 0 0 0 -1 -1 0 -1 -1 0 0 0 0 -1 -2 -2 -1 -1 0 0 0 -2 0 0 -1 -2 -1 -1 0 -2 -1 -1 -1 -1 -1 -2 -2 -2 -2 -1 -2 -1 0 -1 -1 -2 -2 -2 -2 -2 -1 -1 0 -2 0 -1 -1 -2 0 0 0 -2 -1 -2 -1 0 -1 -2 0 0 0 0 0 -1 -2 -2 -2 -2 -2 -2 -2 0 0 -1 0 -1 -2 0 0 0 0 -1 0 0 -1 -2 0
-2.2512864204784 0.23593479141791 -2.29168790250914 1.4838496183088 -0.636336800959042 -1 1 1 0 2 0 0 1 2 2 1 1 1 1 0 0 1 2 1 1 1 1 2 1 0 1 1 1 1 2 0 0 2 1 0 1 2 1 2 2 0 1 1 1 0 0 0 0 0 2 2 2 2 1 0 1 0 1 0 0 0 2 1 0 1 2 1 2 1 1 0 2 0 2 2 0 0 1 1 2 2 2 1 1 2 1 0 1 0 1 2 1 0 0 0 1 0 0 1 2 0 -1 -1 0 -2 0 0 -1 -2 -2 -1 -1 -1 -1 0 0 -1 -2 -1 -1 -1 -1 -2 -1 0 -1 -1 -1 -1 -2 0 0 -2 -1 0 -1 -2 -1 -2 -2 0 -1 -1 -1 0 0 0 0 0 -2 -2 -2 -2 -1 0 -1 0 -1 0 0 0 -2 -1 0 -1 -2 -1 -2 -1 -1 0 -2 0 -2 -2 0 0 -1 -1 -2 -2 -2 -1 -1 -2 -1 0 -1 0 -1 -2 -1 0 0 0 -1 0 0 -1 -2 0
-0.732765236469896 -0.317243298562389 0.907002135369516 -0.717223726701455 0.302316260948676 1 0 0 0 2 1 1 1 0 2 0 0 1 0 0 0 2 2 2 2 2 2 2 0 0 0 0 2 2 1 0 1 1 1 0 1 2 1 2 2 1 1 1 2 0 1 0 0 1 1 1 2 2 2 0 1 0 1 0 0 0 2 0 0 0 1 0 2 0 2 2 2 0 2 2 1 1 2 0 2 2 0 0 2 2 0 1 1 0 1 2 1 0 2 0 2 1 1 1 2 2 0 0 0 2 1 1 1 0 2 0 0 1 0 0 0 2 2 2 2 2 2 2 0 0 0 0 2 2 1 0 1 1 1 0 1 2 1 2 2 1 1 1 2 0 1 0 0 1 1 1 2 2 2 0 1 0 1 0 0 0 2 0 0 0 1 0 2 0 2 2 2 0 2 2 1 1 2 0 2 2 0 0 2 2 0 1 1 0 1 2 1 0 2 0 2 1 1 1 2 2
0.0387403439104065 0.0135771434246451 0.882122065165895 0.585494978394704 2.3064559436723 -1 1 2 1 2 0 0 0 1 2 0 2 2 0 0 0 1 2 2 2 1 0 1 1 0 1 1 0 0 2 0 1 0 1 0 1 1 2 2 1 0 1 1 2 0 1 1 0 0 1 0 1 2 1 1 1 0 2 0 1 0 1 1 0 0 1 1 2 1 1 1 2 0 1 1 0 0 2 2 2 2 1 2 2 2 0 1 1 0 1 2 0 0 1 0 2 1 0 0 1 0 -1 -2 -1 -2 0 0 0 -1 -2 0 -2 -2 0 0 0 -1 -2 -2 -2 -1 0 -1 -1 0 -1 -1 0 0 -2 0 -1 0 -1 0 -1 -1 -2 -2 -1 0 -1 -1 -2 0 -1 -1 0 0 -1 0 -1 -2 -1 -1 -1 0 -2 0 -1 0 -1 -1 0 0 -1 -1 -2 -1 -1 -1 -2 0 -1 -1 0 0 -2 -2 -2 -2 -1 -2 -2 -2 0 -1 -1 0 -1 -2 0 0 -1 0 -2 -1 0 0 -1 0
0.256536097680013 0.123379824049129 0.528078053943207 2.42748274549108 0.294257913425721 1 1 1 1 2 0 1 0 0 1 0 0 1 0 0 0 1 2 2 2 1 0 0 1 1 2 1 0 0 2 1 1 1 2 1 1 1 1 1 1 1 2 0 1 2 1 0 1 1 1 1 2 2 2 1 1 0 1 0 1 0 1 0 0 0 2 1 2 1 2 1 2 0 1 0 0 1 2 1 2 2 1 0 0 2 0 0 1 0 0 2 2 0 2 1 2 2 1 1 1 0 1 1 1 2 0 1 0 0 1 0 0 1 0 0 0 1 2 2 2 1 0 0 1 1 2 1 0 0 2 1 1 1 2 1 1 1 1 1 1 1 2 0 1 2 1 0 1 1 1 1 2 2 2 1 1 0 1 0 1 0 1 0 0 0 2 1 2 1 2 1 2 0 1 0 0 1 2 1 2 2 1 0 0 2 0 0 1 0 0 2 2 0 2 1 2 2 1 1 1 0
0.333552380873024 0.882332384498644 -0.459482103234809 0.770901431255932 1.78659977143151 -1 0 0 2 2 0 0 0 1 2 0 1 1 1 0 0 1 2 1 2 1 0 0 2 1 2 1 1 0 2 2 1 1 1 0 1 2 1 2 1 1 1 1 1 1 0 0 0 1 1 1 1 1 1 0 1 0 2 0 0 1 2 0 0 0 1 0 2 2 2 2 2 1 1 0 0 1 2 1 2 2 2 2 2 2 0 1 2 0 0 2 1 0 1 0 1 0 0 0 1 1 0 0 -2 -2 0 0 0 -1 -2 0 -1 -1 -1 0 0 -1 -2 -1 -2 -1 0 0 -2 -1 -2 -1 -1 0 -2 -2 -1 -1 -1 0 -1 -2 -1 -2 -1 -1 -1 -1 -1 -1 0 0 0 -1 -1 -1 -1 -1 -1 0 -1 0 -2 0 0 -1 -2 0 0 0 -1 0 -2 -2 -2 -2 -2 -1 -1 0 0 -1 -2 -1 -2 -2 -2 -2 -2 -2 0 -1 -2 0 0 -2 -1 0 -1 0 -1 0 0 0 -1 -1
-0.451540948366767 1.49530850784525 0.926748398406445 0.754302749960991 1.43310104082756 -1 1 1 0 1 0 1 0 2 2 0 1 2 1 1 0 2 2 2 2 0 0 2 2 1 2 1 1 0 1 0 0 2 2 2 1 1 0 1 1 0 2 2 2 2 1 0 1 1 2 1 2 2 2 1 2 1 2 0 0 0 1 0 0 1 2 1 2 2 1 1 2 0 1 1 0 1 2 1 1 1 2 1 2 2 1 2 1 0 1 2 2 0 1 0 1 2 0 0 1 0 -1 -1 0 -1 0 -1 0 -2 -2 0 -1 -2 -1 -1 0 -2 -2 -2 -2 0 0 -2 -2 -1 -2 -1 -1 0 -1 0 0 -2 -2 -2 -1 -1 0 -1 -1 0 -2 -2 -2 -2 -1 0 -1 -1 -2 -1 -2 -2 -2 -1 -2 -1 -2 0 0 0 -1 0 0 -1 -2 -1 -2 -2 -1 -1 -2 0 -1 -1 0 -1 -2 -1 -1 -1 -2 -1 -2 -2 -1 -2 -1 0 -1 -2 -2 0 -1 0 -1 -2 0 0 -1 0
-0.408530778198536 -1.23170624822569 -0.318321765900752 -0.755225271397411 -2.67047426142367 -1 0 0 1 2 0 1 0 2 2 0 1 2 0 0 0 1 2 1 1 0 0 1 1 0 2 0 0 1 2 0 0 2 1 1 2 2 2 2 1 1 1 0 1 1 1 0 0 0 1 0 1 2 2 1 2 1 2 0 1 0 2 0 0 0 1 1 2 2 1 1 2 0 0 1 0 1 2 0 0 0 1 2 1 2 0 2 2 1 1 2 1 0 1 0 2 1 0 0 0 0 0 0 -1 -2 0 -1 0 -2 -2 0 -1 -2 0 0 0 -1 -2 -1 -1 0 0 -1 -1 0 -2 0 0 -1 -2 0 0 -2 -1 -1 -2 -2 -2 -2 -1 -1 -1 0 -1 -1 -1 0 0 0 -1 0 -1 -2 -2 -1 -2 -1 -2 0 -1 0 -2 0 0 0 -1 -1 -2 -2 -1 -1 -2 0 0 -1 0 -1 -2 0 0 0 -1 -2 -1 -2 0 -2 -2 -1 -1 -2 -1 0 -1 0 -2 -1 0 0 0 0
0.744046602547493 0.698979232028763 -0.677829438759482 1.05745410940835 0.186483395597765 -1 0 1 0 1 0 0 0 0 2 1 2 2 0 0 0 0 1 1 2 0 1 1 1 0 1 1 0 1 1 0 1 2 1 1 0 1 1 1 1 1 1 1 0 0 0 0 0 2 2 1 1 2 1 1 1 0 1 0 1 2 2 1 0 1 2 1 2 1 1 1 2 0 2 2 0 2 2 1 1 2 2 1 1 2 1 0 1 0 1 1 1 0 1 0 2 1 0 1 1 0 0 -1 0 -1 0 0 0 0 -2 -1 -2 -2 0 0 0 0 -1 -1 -2 0 -1 -1 -1 0 -1 -1 0 -1 -1 0 -1 -2 -1 -1 0 -1 -1 -1 -1 -1 -1 -1 0 0 0 0 0 -2 -2 -1 -1 -2 -1 -1 -1 0 -1 0 -1 -2 -2 -1 0 -1 -2 -1 -2 -1 -1 -1 -2 0 -2 -2 0 -2 -2 -1 -1 -2 -2 -1 -1 -2 -1 0 -1 0 -1 -1 -1 0 -1 0 -2 -1 0 -1 -1 0
-1.26621660149903 0.834910918973095 1.03762544825222 0.296226427325624 -0.398962860415483 1 1 1 0 2 0 0 0 2 2 0 2 1 0 1 0 2 2 2 2 0 0 0 1 0 0 1 0 0 1 0 0 2 1 0 0 1 1 2 2 1 1 1 1 0 1 0 1 0 2 1 2 2 1 1 2 0 1 0 0 1 2 1 0 0 2 1 2 2 2 1 2 1 1 0 0 0 1 1 2 2 2 2 2 2 1 1 1 0 1 2 0 0 0 0 2 0 0 0 0 0 1 1 0 2 0 0 0 2 2 0 2 1 0 1 0 2 2 2 2 0 0 0 1 0 0 1 0 0 1 0 0 2 1 0 0 1 1 2 2 1 1 1 1 0 1 0 1 0 2 1 2 2 1 1 2 0 1 0 0 1 2 1 0 0 2 1 2 2 2 1 2 1 1 0 0 0 1 1 2 2 2 2 2 2 1 1 1 0 1 2 0 0 0 0 2 0 0 0 0 0
-0.049834899961401 0.201904929078908 -0.205825848039602 0.0290140083347806 -0.706135098464619 1 0 0 0 1 0 0 0 0 2 0 2 2 0 0 0 1 2 2 1 1 1 1 2 2 1 1 1 2 2 0 0 2 1 2 1 2 0 0 0 0 0 0 1 0 0 0 1 1 2 2 2 2 1 0 1 0 2 1 1 1 2 0 0 0 2 0 2 0 0 1 1 0 0 1 0 1 1 1 1 0 1 2 2 2 1 0 1 0 1 2 0 0 2 0 2 0 0 1 1 0 0 0 0 1 0 0 0 0 2 0 2 2 0 0 0 1 2 2 1 1 1 1 2 2 1 1 1 2 2 0 0 2 1 2 1 2 0 0 0 0 0 0 1 0 0 0 1 1 2 2 2 2 1 0 1 0 2 1 1 1 2 0 0 0 2 0 2 0 0 1 1 0 0 1 0 1 1 1 1 0 1 2 2 2 1 0 1 0 1 2 0 0 2 0 2 0 0 1 1 0
-0.203209191145717 -0.658291155847895 -0.558610685941376 1.03887001084919 -1.06014628670479 -1 0 0 0 2 0 0 1 1 2 0 0 1 0 1 0 1 2 2 2 0 1 1 1 1 1 0 1 2 2 1 0 1 2 1 0 1 1 1 0 0 2 2 1 1 0 1 0 0 1 0 1 2 0 1 2 0 2 0 0 0 1 0 0 0 1 0 1 1 1 1 2 0 2 2 1 2 2 1 2 2 2 1 1 2 1 1 0 0 0 2 1 0 0 0 2 1 0 1 0 1 0 0 0 -2 0 0 -1 -1 -2 0 0 -1 0 -1 0 -1 -2 -2 -2 0 -1 -1 -1 -1 -1 0 -1 -2 -2 -1 0 -1 -2 -1 0 -1 -1 -1 0 0 -2 -2 -1 -1 0 -1 0 0 -1 0 -1 -2 0 -1 -2 0 -2 0 0 0 -1 0 0 0 -1 0 -1 -1 -1 -1 -2 0 -2 -2 -1 -2 -2 -1 -2 -2 -2 -1 -1 -2 -1 -1 0 0 0 -2 -1 0 0 0 -2 -1 0 -1 0 -1
-2.2561738056792 -0.537964888401265 -0.181990351784025 -0.615125739943794 -0.0728699932023797 -1 0 0 0 2 0 1 1 1 1 0 1 2 0 0 0 1 1 2 2 1 1 1 0 1 2 0 1 1 2 0 0 2 2 1 1 0 1 1 0 1 2 1 1 1 2 1 1 1 2 1 1 2 2 0 1 0 1 0 0 0 2 1 0 1 2 1 2 1 0 1 1 0 1 0 0 0 1 1 1 1 0 2 1 1 0 1 2 0 1 2 2 0 2 0 2 1 0 1 2 2 0 0 0 -2 0 -1 -1 -1 -1 0 -1 -2 0 0 0 -1 -1 -2 -2 -1 -1 -1 0 -1 -2 0 -1 -1 -2 0 0 -2 -2 -1 -1 0 -1 -1 0 -1 -2 -1 -1 -1 -2 -1 -1 -1 -2 -1 -1 -2 -2 0 -1 0 -1 0 0 0 -2 -1 0 -1 -2 -1 -2 -1 0 -1 -1 0 -1 0 0 0 -1 -1 -1 -1 0 -2 -1 -1 0 -1 -2 0 -1 -2 -2 0 -2 0 -2 -1 0 -1 -2 -2
-0.266840631693007 -0.833282324861403 0.258017019580912 -0.335860228081624 -0.701602319982641 1 0 0 0 0 0 0 0 2 1 0 0 1 1 1 0 1 2 2 2 1 0 2 1 0 0 0 1 1 2 0 1 2 2 2 1 1 1 2 2 1 2 2 2 2 2 0 0 1 2 2 2 2 2 0 1 0 2 0 0 1 2 0 0 0 1 0 2 2 2 0 2 0 1 2 0 1 1 2 1 1 2 2 2 2 0 0 0 0 0 2 1 0 0 0 2 1 0 0 0 0 0 0 0 0 0 0 0 2 1 0 0 1 1 1 0 1 2 2 2 1 0 2 1 0 0 0 1 1 2 0 1 2 2 2 1 1 1 2 2 1 2 2 2 2 2 0 0 1 2 2 2 2 2 0 1 0 2 0 0 1 2 0 0 0 1 0 2 2 2 0 2 0 1 2 0 1 1 2 1 1 2 2 2 2 0 0 0 0 0 2 1 0 0 0 2 1 0 0 0 0
1.36307180746828 2.41976300407862 0.331291608212958 -1.43782948384202 1.80555884159353 -1 0 0 0 2 1 1 0 1 2 1 1 2 1 0 0 0 1 2 2 0 0 2 0 0 1 1 1 1 2 0 0 1 2 1 1 2 2 2 0 1 2 1 1 2 2 1 1 1 2 1 2 2 2 1 2 0 1 0 0 0 1 0 0 0 2 0 2 1 1 2 2 0 2 2 1 1 2 0 1 2 1 1 2 2 0 0 0 0 0 2 1 0 2 0 2 2 1 1 2 2 0 0 0 -2 -1 -1 0 -1 -2 -1 -1 -2 -1 0 0 0 -1 -2 -2 0 0 -2 0 0 -1 -1 -1 -1 -2 0 0 -1 -2 -1 -1 -2 -2 -2 0 -1 -2 -1 -1 -2 -2 -1 -1 -1 -2 -1 -2 -2 -2 -1 -2 0 -1 0 0 0 -1 0 0 0 -2 0 -2 -1 -1 -2 -2 0 -2 -2 -1 -1 -2 0 -1 -2 -1 -1 -2 -2 0 0 0 0 0 -2 -1 0 -2 0 -2 -2 -1 -1 -2 -2
-1.16294394892062 -1.82904054211707 -0.65357723165749 1.35815018935437 -0.579886155883819 1 1 0 0 1 0 0 0 1 2 1 1 1 0 0 0 1 1 2 2 1 1 2 2 1 2 2 2 1 2 1 1 0 2 0 0 1 2 2 1 1 2 2 1 0 1 1 0 0 2 2 2 2 1 2 2 0 2 0 0 2 2 1 0 0 2 1 2 1 1 1 2 0 2 1 0 0 2 0 1 2 1 1 1 2 0 1 0 0 1 1 1 0 1 0 2 2 0 2 2 0 1 0 0 1 0 0 0 1 2 1 1 1 0 0 0 1 1 2 2 1 1 2 2 1 2 2 2 1 2 1 1 0 2 0 0 1 2 2 1 1 2 2 1 0 1 1 0 0 2 2 2 2 1 2 2 0 2 0 0 2 2 1 0 0 2 1 2 1 1 1 2 0 2 1 0 0 2 0 1 2 1 1 1 2 0 1 0 0 1 1 1 0 1 0 2 2 0 2 2 0
-1.11180636044261 0.990931729552426 -1.57897314465361 2.10335239052553 -1.23946434764026 -1 2 0 0 2 1 0 0 2 2 1 2 1 0 0 0 1 2 2 2 0 0 2 2 1 2 0 0 1 2 2 1 2 2 0 1 2 2 2 2 2 2 1 2 2 1 0 0 0 2 2 2 2 2 0 0 0 2 0 0 0 2 0 0 0 1 0 1 1 2 1 2 0 1 1 0 0 1 1 2 1 2 2 2 2 0 0 0 0 0 2 1 0 2 0 1 0 0 1 1 0 -2 0 0 -2 -1 0 0 -2 -2 -1 -2 -1 0 0 0 -1 -2 -2 -2 0 0 -2 -2 -1 -2 0 0 -1 -2 -2 -1 -2 -2 0 -1 -2 -2 -2 -2 -2 -2 -1 -2 -2 -1 0 0 0 -2 -2 -2 -2 -2 0 0 0 -2 0 0 0 -2 0 0 0 -1 0 -1 -1 -2 -1 -2 0 -1 -1 0 0 -1 -1 -2 -1 -2 -2 -2 -2 0 0 0 0 0 -2 -1 0 -2 0 -1 0 0 -1 -1 0
-0.286821868913702 -1.89639988583084 -0.470861217491912 -0.19278201711017 0.397930879704737 1 1 1 0 2 0 0 0 0 2 1 1 2 0 0 0 0 2 1 1 1 1 1 0 0 2 1 1 2 2 1 1 2 2 1 2 1 0 1 0 2 1 0 1 0 1 0 0 1 1 1 2 2 1 0 1 0 0 0 0 1 2 0 0 0 2 0 2 1 1 1 1 0 0 1 0 2 2 1 1 1 0 0 1 2 0 0 1 0 0 2 1 0 0 0 1 1 0 0 0 1 1 1 0 2 0 0 0 0 2 1 1 2 0 0 0 0 2 1 1 1 1 1 0 0 2 1 1 2 2 1 1 2 2 1 2 1 0 1 0 2 1 0 1 0 1 0 0 1 1 1 2 2 1 0 1 0 0 0 0 1 2 0 0 0 2 0 2 1 1 1 1 0 0 1 0 2 2 1 1 1 0 0 1 2 0 0 1 0 0 2 1 0 0 0 1 1 0 0 0 1
-0.120623976338116 1.33204206800435 -2.32645839105341 0.0946749512719432 0.666984781412194 -1 0 0 0 2 0 1 1 2 2 1 2 2 0 0 0 2 2 2 1 1 1 2 1 1 1 1 2 2 2 1 0 2 1 0 0 1 1 2 1 1 2 1 0 1 0 0 0 1 2 1 2 2 0 1 0 0 2 0 0 1 2 1 0 0 2 1 2 2 2 2 2 0 1 2 1 1 2 2 2 2 1 2 2 2 1 1 0 0 1 1 1 0 2 0 1 0 1 1 2 1 0 0 0 -2 0 -1 -1 -2 -2 -1 -2 -2 0 0 0 -2 -2 -2 -1 -1 -1 -2 -1 -1 -1 -1 -2 -2 -2 -1 0 -2 -1 0 0 -1 -1 -2 -1 -1 -2 -1 0 -1 0 0 0 -1 -2 -1 -2 -2 0 -1 0 0 -2 0 0 -1 -2 -1 0 0 -2 -1 -2 -2 -2 -2 -2 0 -1 -2 -1 -1 -2 -2 -2 -2 -1 -2 -2 -2 -1 -1 0 0 -1 -1 -1 0 -2 0 -1 0 -1 -1 -2 -1
-0.0740156437743561 1.44160567848624 1.16850080104849 -0.486201797368284 -0.28898721571567 1 0 0 0 1 0 0 0 1 1 0 0 1 0 0 0 0 2 2 2 0 0 2 0 0 2 1 2 1 2 1 1 2 2 1 1 1 1 1 1 1 1 2 2 1 0 0 0 1 2 0 2 1 1 1 1 0 1 1 0 1 2 0 0 1 2 0 2 2 1 0 1 0 2 1 0 2 2 0 0 0 0 1 1 2 0 0 0 0 1 2 2 0 2 0 2 0 1 1 1 0 0 0 0 1 0 0 0 1 1 0 0 1 0 0 0 0 2 2 2 0 0 2 0 0 2 1 2 1 2 1 1 2 2 1 1 1 1 1 1 1 1 2 2 1 0 0 0 1 2 0 2 1 1 1 1 0 1 1 0 1 2 0 0 1 2 0 2 2 1 0 1 0 2 1 0 2 2 0 0 0 0 1 1 2 0 0 0 0 1 2 2 0 2 0 2 0 1 1 1 0
1.32222020103402 0.480553551143356 -1.3762983939212 0.172336068933457 0.877945485683924 1 2 2 1 2 0 0 0 0 1 1 1 2 0 0 0 0 1 1 1 1 1 2 1 0 1 0 0 1 1 0 0 1 1 0 1 2 0 2 2 1 2 1 2 2 1 0 0 1 1 1 2 2 1 1 1 1 2 1 1 0 2 0 0 0 2 0 2 2 2 2 2 1 1 1 0 0 1 0 2 1 1 1 1 2 0 1 0 0 1 2 2 0 1 0 2 1 0 1 1 0 2 2 1 2 0 0 0 0 1 1 1 2 0 0 0 0 1 1 1 1 1 2 1 0 1 0 0 1 1 0 0 1 1 0 1 2 0 2 2 1 2 1 2 2 1 0 0 1 1 1 2 2 1 1 1 1 2 1 1 0 2 0 0 0 2 0 2 2 2 2 2 1 1 1 0 0 1 0 2 1 1 1 1 2 0 1 0 0 1 2 2 0 1 0 2 1 0 1 1 0
0.459910457537676 -1.32661107496443 -1.26210943568816 0.0407265574852268 -0.859702634110508 1 2 1 0 2 1 1 0 0 2 0 1 2 0 0 0 0 2 2 1 0 1 2 0 0 1 1 1 1 1 0 0 1 2 1 1 1 2 0 0 1 1 1 1 1 2 1 1 1 2 0 1 2 0 0 0 0 2 1 0 0 2 1 0 0 2 1 1 2 0 0 1 0 2 2 0 1 1 0 1 2 1 2 2 2 0 0 1 0 0 1 1 0 2 0 1 2 2 1 2 0 2 1 0 2 1 1 0 0 2 0 1 2 0 0 0 0 2 2 1 0 1 2 0 0 1 1 1 1 1 0 0 1 2 1 1 1 2 0 0 1 1 1 1 1 2 1 1 1 2 0 1 2 0 0 0 0 2 1 0 0 2 1 0 0 2 1 1 2 0 0 1 0 2 2 0 1 1 0 1 2 1 2 2 2 0 0 1 0 0 1 1 0 2 0 1 2 2 1 2 0
-0.244394134466915 -0.420244777353812 -1.58783154512878 0.00387844536705275 -1.40131091693826 1 0 0 0 2 0 0 0 1 2 1 0 0 0 1 0 2 2 2 2 1 1 2 1 2 2 1 1 1 2 0 1 1 2 1 2 2 2 2 1 1 1 0 1 1 2 1 1 1 2 2 2 2 2 1 2 0 1 0 0 1 2 0 0 0 0 0 2 1 2 2 2 0 2 2 0 1 2 0 2 2 2 2 2 2 0 1 1 0 0 1 2 0 2 0 1 1 1 1 1 1 0 0 0 2 0 0 0 1 2 1 0 0 0 1 0 2 2 2 2 1 1 2 1 2 2 1 1 1 2 0 1 1 2 1 2 2 2 2 1 1 1 0 1 1 2 1 1 1 2 2 2 2 2 1 2 0 1 0 0 1 2 0 0 0 0 0 2 1 2 2 2 0 2 2 0 1 2 0 2 2 2 2 2 2 0 1 1 0 0 1 2 0 2 0 1 1 1 1 1 1
0.712059537215362 1.76023061537997 0.690740989320938 0.961135889947795 -0.237078699673851 1 2 1 0 2 0 0 0 2 2 0 2 1 0 0 0 1 2 0 0 1 0 1 1 0 1 0 0 1 1 0 0 2 2 0 0 1 0 1 1 0 1 1 1 1 2 0 1 0 1 1 1 1 1 0 1 0 2 1 1 1 2 0 0 0 0 0 2 1 0 1 2 0 1 1 1 2 2 1 2 2 2 1 2 2 0 0 1 0 0 2 1 0 1 0 1 0 0 0 1 0 2 1 0 2 0 0 0 2 2 0 2 1 0 0 0 1 2 0 0 1 0 1 1 0 1 0 0 1 1 0 0 2 2 0 0 1 0 1 1 0 1 1 1 1 2 0 1 0 1 1 1 1 1 0 1 0 2 1 1 1 2 0 0 0 0 0 2 1 0 1 2 0 1 1 1 2 2 1 2 2 2 1 2 2 0 0 1 0 0 2 1 0 1 0 1 0 0 0 1 0
-0.0482664610152792 -0.522297381588067 1.60821140079763 -0.664876310605463 0.218925108365495 -1 1 0 0 1 0 0 1 1 2 0 1 0 1 0 0 1 2 1 1 1 0 1 2 0 2 0 1 2 2 0 0 2 2 0 1 1 1 1 1 1 2 2 1 1 1 1 1 0 2 1 2 2 1 2 1 0 2 1 2 1 2 0 0 1 2 0 2 2 2 1 2 0 1 0 0 0 1 0 0 1 1 0 1 2 0 1 1 0 0 2 2 1 2 1 2 1 1 1 0 1 -1 0 0 -1 0 0 -1 -1 -2 0 -1 0 -1 0 0 -1 -2 -1 -1 -1 0 -1 -2 0 -2 0 -1 -2 -2 0 0 -2 -2 0 -1 -1 -1 -1 -1 -1 -2 -2 -1 -1 -1 -1 -1 0 -2 -1 -2 -2 -1 -2 -1 0 -2 -1 -2 -1 -2 0 0 -1 -2 0 -2 -2 -2 -1 -2 0 -1 0 0 0 -1 0 0 -1 -1 0 -1 -2 0 -1 -1 0 0 -2 -2 -1 -2 -1 -2 -1 -1 -1 0 -1
0.0625837163400375 0.527829168048115 0.944095866242316 -0.679107248809214 1.32435642639899 -1 1 0 0 1 0 0 0 1 1 0 2 1 0 0 1 1 2 1 1 1 0 2 1 0 2 0 0 1 2 0 1 1 0 0 0 1 1 2 1 1 1 1 2 1 1 1 0 0 1 1 2 2 1 0 1 0 2 0 0 1 2 1 0 1 2 2 2 2 2 2 2 0 0 1 1 1 1 1 2 2 2 1 1 2 2 1 1 0 2 2 1 0 1 0 2 1 0 0 0 0 -1 0 0 -1 0 0 0 -1 -1 0 -2 -1 0 0 -1 -1 -2 -1 -1 -1 0 -2 -1 0 -2 0 0 -1 -2 0 -1 -1 0 0 0 -1 -1 -2 -1 -1 -1 -1 -2 -1 -1 -1 0 0 -1 -1 -2 -2 -1 0 -1 0 -2 0 0 -1 -2 -1 0 -1 -2 -2 -2 -2 -2 -2 -2 0 0 -1 -1 -1 -1 -1 -2 -2 -2 -1 -1 -2 -2 -1 -1 0 -2 -2 -1 0 -1 0 -2 -1 0 0 0 0
-0.548156283610637 -0.0595549650869538 1.15012454805126 -0.370146867971052 2.05849090427628 -1 2 2 0 2 1 1 0 1 2 1 0 0 1 1 0 1 2 2 2 1 0 1 1 0 2 1 2 1 2 0 0 2 2 0 1 2 1 1 0 0 1 2 2 0 1 0 1 0 0 2 1 2 1 0 1 0 2 0 0 0 2 1 0 0 0 0 2 2 2 1 2 0 1 1 0 1 2 0 1 0 1 1 1 2 0 1 1 0 0 2 1 0 2 0 2 1 0 1 0 0 -2 -2 0 -2 -1 -1 0 -1 -2 -1 0 0 -1 -1 0 -1 -2 -2 -2 -1 0 -1 -1 0 -2 -1 -2 -1 -2 0 0 -2 -2 0 -1 -2 -1 -1 0 0 -1 -2 -2 0 -1 0 -1 0 0 -2 -1 -2 -1 0 -1 0 -2 0 0 0 -2 -1 0 0 0 0 -2 -2 -2 -1 -2 0 -1 -1 0 -1 -2 0 -1 0 -1 -1 -1 -2 0 -1 -1 0 0 -2 -1 0 -2 0 -2 -1 0 -1 0 0
1.93267956318609 2.06057901112138 0.261093049680166 0.517714389826674 -0.56735674515763 1 0 0 0 2 0 0 0 0 1 0 1 0 1 0 0 2 2 2 2 1 0 1 2 1 2 1 1 1 2 1 1 2 0 0 0 2 1 2 1 0 1 1 1 2 0 0 0 0 2 0 2 2 2 0 0 0 2 0 0 2 2 1 0 0 1 1 2 1 2 1 2 1 1 1 0 0 1 0 2 2 0 1 2 2 0 0 1 0 0 0 2 0 2 0 1 0 0 1 1 0 0 0 0 2 0 0 0 0 1 0 1 0 1 0 0 2 2 2 2 1 0 1 2 1 2 1 1 1 2 1 1 2 0 0 0 2 1 2 1 0 1 1 1 2 0 0 0 0 2 0 2 2 2 0 0 0 2 0 0 2 2 1 0 0 1 1 2 1 2 1 2 1 1 1 0 0 1 0 2 2 0 1 2 2 0 0 1 0 0 0 2 0 2 0 1 0 0 1 1 0
1.04657093135731 0.510167432551668 -0.83877335583855 0.265164645604802 -0.40819814441255 1 1 1 0 2 0 0 0 1 2 1 1 1 0 0 0 1 2 1 0 0 1 1 0 0 2 0 0 0 1 0 1 1 2 1 1 1 0 1 2 0 0 0 0 0 0 0 0 1 1 1 2 2 1 0 1 0 1 0 0 1 2 0 0 0 1 1 2 2 1 0 1 0 2 1 0 1 2 1 2 1 1 1 0 2 0 1 1 0 0 2 2 0 2 1 1 1 1 2 1 0 1 1 0 2 0 0 0 1 2 1 1 1 0 0 0 1 2 1 0 0 1 1 0 0 2 0 0 0 1 0 1 1 2 1 1 1 0 1 2 0 0 0 0 0 0 0 0 1 1 1 2 2 1 0 1 0 1 0 0 1 2 0 0 0 1 1 2 2 1 0 1 0 2 1 0 1 2 1 2 1 1 1 0 2 0 1 1 0 0 2 2 0 2 1 1 1 1 2 1 0
0.0088000231430844 0.0817166467654688 1.28722154716346 0.387136046309296 -0.406224165455746 1 2 1 0 2 0 1 1 1 0 0 1 1 0 0 0 1 2 2 2 2 2 2 2 1 2 1 0 0 2 1 0 0 1 0 0 1 1 2 1 1 2 1 2 1 0 0 0 1 2 2 2 2 1 1 1 0 1 0 0 0 2 1 0 1 2 0 2 1 1 1 1 0 2 1 0 0 1 0 2 1 0 2 2 1 0 0 1 0 0 1 1 0 2 0 1 2 2 1 1 1 2 1 0 2 0 1 1 1 0 0 1 1 0 0 0 1 2 2 2 2 2 2 2 1 2 1 0 0 2 1 0 0 1 0 0 1 1 2 1 1 2 1 2 1 0 0 0 1 2 2 2 2 1 1 1 0 1 0 0 0 2 1 0 1 2 0 2 1 1 1 1 0 2 1 0 0 1 0 2 1 0 2 2 1 0 0 1 0 0 1 1 0 2 0 1 2 2 1 1 1
0.117327986737453 -2.38052169227939 -1.09949609146164 -1.02228289481894 -0.779261065920227 1 1 0 0 1 0 0 0 1 2 1 0 1 0 0 0 1 2 1 1 1 1 1 1 1 2 2 2 2 2 0 0 2 2 1 2 2 2 2 1 0 0 0 0 0 0 0 0 2 2 2 1 2 1 1 2 0 1 0 0 0 2 0 0 2 2 1 2 2 2 1 2 0 2 1 0 0 2 0 1 2 1 1 1 2 0 0 0 0 1 2 1 0 1 1 2 2 1 1 2 0 1 0 0 1 0 0 0 1 2 1 0 1 0 0 0 1 2 1 1 1 1 1 1 1 2 2 2 2 2 0 0 2 2 1 2 2 2 2 1 0 0 0 0 0 0 0 0 2 2 2 1 2 1 1 2 0 1 0 0 0 2 0 0 2 2 1 2 2 2 1 2 0 2 1 0 0 2 0 1 2 1 1 1 2 0 0 0 0 1 2 1 0 1 1 2 2 1 1 2 0
0.822677725431146 -0.0369129315518247 -0.462965505254951 -0.492569650405128 1.31203844953219 1 0 0 0 0 0 0 0 0 1 1 1 2 0 0 0 0 2 1 1 1 1 2 2 0 2 1 1 2 2 0 1 2 0 0 0 1 0 1 2 1 2 2 2 1 1 0 0 2 2 1 2 2 0 0 0 0 2 1 1 0 2 1 0 1 2 0 2 1 1 0 1 0 2 0 0 0 1 0 1 2 0 0 0 2 1 2 1 0 2 2 1 1 1 0 2 2 0 0 0 1 0 0 0 0 0 0 0 0 1 1 1 2 0 0 0 0 2 1 1 1 1 2 2 0 2 1 1 2 2 0 1 2 0 0 0 1 0 1 2 1 2 2 2 1 1 0 0 2 2 1 2 2 0 0 0 0 2 1 1 0 2 1 0 1 2 0 2 1 1 0 1 0 2 0 0 0 1 0 1 2 0 0 0 2 1 2 1 0 2 2 1 1 1 0 2 2 0 0 0 1
0.377097372664418 1.02959302777027 -2.6658918789517 -0.920990339290948 -1.03086325341775 -1 1 0 0 1 0 0 0 1 2 0 2 2 0 0 0 0 2 2 2 1 1 2 2 1 2 0 0 2 2 1 1 1 2 1 1 2 1 2 1 0 1 1 1 0 0 0 1 1 2 0 1 2 1 1 1 0 2 0 0 1 2 1 0 0 0 0 1 0 0 0 1 0 1 2 0 1 1 1 2 2 1 1 1 2 0 0 0 0 1 2 2 1 2 0 2 2 1 2 2 1 -1 0 0 -1 0 0 0 -1 -2 0 -2 -2 0 0 0 0 -2 -2 -2 -1 -1 -2 -2 -1 -2 0 0 -2 -2 -1 -1 -1 -2 -1 -1 -2 -1 -2 -1 0 -1 -1 -1 0 0 0 -1 -1 -2 0 -1 -2 -1 -1 -1 0 -2 0 0 -1 -2 -1 0 0 0 0 -1 0 0 0 -1 0 -1 -2 0 -1 -1 -1 -2 -2 -1 -1 -1 -2 0 0 0 0 -1 -2 -2 -1 -2 0 -2 -2 -1 -2 -2 -1
0.118991541422094 0.981056286893824 -0.351095205397802 -1.92212708824196 -1.33807265335277 -1 1 0 0 2 0 0 0 1 1 1 1 2 0 0 0 2 2 1 1 1 0 1 1 0 1 0 1 1 2 1 0 2 2 1 2 1 0 2 1 0 2 2 2 1 1 1 0 1 2 1 1 2 1 1 2 1 1 0 1 0 2 0 0 1 2 1 2 1 2 2 2 1 1 0 0 1 2 0 1 1 0 1 1 2 0 0 1 0 1 1 2 0 2 0 1 0 0 1 2 0 -1 0 0 -2 0 0 0 -1 -1 -1 -1 -2 0 0 0 -2 -2 -1 -1 -1 0 -1 -1 0 -1 0 -1 -1 -2 -1 0 -2 -2 -1 -2 -1 0 -2 -1 0 -2 -2 -2 -1 -1 -1 0 -1 -2 -1 -1 -2 -1 -1 -2 -1 -1 0 -1 0 -2 0 0 -1 -2 -1 -2 -1 -2 -2 -2 -1 -1 0 0 -1 -2 0 -1 -1 0 -1 -1 -2 0 0 -1 0 -1 -1 -2 0 -2 0 -1 0 0 -1 -2 0
0.914152302353137 -0.300125754483756 0.185533559223227 -0.414125767948364 -0.260776750866014 1 1 0 0 2 0 0 0 1 2 1 1 1 0 0 0 1 2 2 2 1 0 1 2 2 2 0 1 1 1 0 1 2 1 0 0 0 0 1 2 1 2 2 2 1 1 0 0 0 2 2 2 2 1 0 0 0 2 0 0 1 2 0 0 1 2 0 2 2 2 2 1 0 2 1 0 1 2 1 2 2 2 2 2 2 0 1 1 0 0 2 1 0 1 0 2 1 0 1 2 1 1 0 0 2 0 0 0 1 2 1 1 1 0 0 0 1 2 2 2 1 0 1 2 2 2 0 1 1 1 0 1 2 1 0 0 0 0 1 2 1 2 2 2 1 1 0 0 0 2 2 2 2 1 0 0 0 2 0 0 1 2 0 0 1 2 0 2 2 2 2 1 0 2 1 0 1 2 1 2 2 2 2 2 2 0 1 1 0 0 2 1 0 1 0 2 1 0 1 2 1
0.269918662625446 0.0106223347913029 -0.918917515710638 -0.816967831778683 -0.254956426609027 -1 2 1 1 2 0 0 1 1 1 1 2 2 0 0 0 1 2 1 2 1 1 1 2 1 2 0 0 0 2 1 1 1 1 0 0 1 0 2 1 0 1 2 1 0 0 1 1 0 1 1 2 2 0 0 1 0 1 0 0 0 1 0 0 0 1 0 2 1 1 1 2 0 2 1 0 1 1 1 2 2 1 1 1 2 0 0 0 0 0 2 1 0 0 0 2 1 0 1 1 0 -2 -1 -1 -2 0 0 -1 -1 -1 -1 -2 -2 0 0 0 -1 -2 -1 -2 -1 -1 -1 -2 -1 -2 0 0 0 -2 -1 -1 -1 -1 0 0 -1 0 -2 -1 0 -1 -2 -1 0 0 -1 -1 0 -1 -1 -2 -2 0 0 -1 0 -1 0 0 0 -1 0 0 0 -1 0 -2 -1 -1 -1 -2 0 -2 -1 0 -1 -1 -1 -2 -2 -1 -1 -1 -2 0 0 0 0 0 -2 -1 0 0 0 -2 -1 0 -1 -1 0
0.382707578399518 0.216244733142689 -0.481314714041989 -0.238323910482796 1.83414648969663 -1 0 0 0 1 0 0 0 1 2 1 0 0 0 0 0 1 1 1 2 2 2 2 0 1 2 1 2 1 2 0 0 2 2 1 1 1 1 2 1 0 1 2 2 1 0 0 0 1 2 0 1 1 1 1 1 0 2 0 1 0 2 0 0 0 0 0 2 2 2 2 2 1 1 1 0 0 1 0 0 1 1 2 2 2 0 1 1 0 0 2 0 0 0 0 1 1 1 2 1 0 0 0 0 -1 0 0 0 -1 -2 -1 0 0 0 0 0 -1 -1 -1 -2 -2 -2 -2 0 -1 -2 -1 -2 -1 -2 0 0 -2 -2 -1 -1 -1 -1 -2 -1 0 -1 -2 -2 -1 0 0 0 -1 -2 0 -1 -1 -1 -1 -1 0 -2 0 -1 0 -2 0 0 0 0 0 -2 -2 -2 -2 -2 -1 -1 -1 0 0 -1 0 0 -1 -1 -2 -2 -2 0 -1 -1 0 0 -2 0 0 0 0 -1 -1 -1 -2 -1 0
0.613207186447964 0.0653010602700412 0.502911346979545 -0.49352304049181 2.40949466144732 -1 1 2 1 2 0 0 1 2 2 1 2 2 0 0 0 2 2 2 2 0 0 2 1 1 2 0 1 1 2 1 2 1 2 0 0 1 1 2 1 0 1 1 2 2 1 1 0 1 1 1 2 2 2 0 0 0 0 0 0 1 2 0 0 0 1 0 2 2 2 2 2 1 1 2 1 2 2 1 1 1 1 1 2 2 0 1 1 0 1 2 2 0 2 0 2 0 0 1 2 1 -1 -2 -1 -2 0 0 -1 -2 -2 -1 -2 -2 0 0 0 -2 -2 -2 -2 0 0 -2 -1 -1 -2 0 -1 -1 -2 -1 -2 -1 -2 0 0 -1 -1 -2 -1 0 -1 -1 -2 -2 -1 -1 0 -1 -1 -1 -2 -2 -2 0 0 0 0 0 0 -1 -2 0 0 0 -1 0 -2 -2 -2 -2 -2 -1 -1 -2 -1 -2 -2 -1 -1 -1 -1 -1 -2 -2 0 -1 -1 0 -1 -2 -2 0 -2 0 -2 0 0 -1 -2 -1
-0.491969558693469 -1.25083440818081 -1.40859664045691 1.25617942329709 0.402397795781402 -1 0 0 0 1 0 1 1 1 1 1 2 2 0 0 0 1 2 2 2 0 0 2 0 0 1 0 2 1 1 0 1 1 2 2 2 2 1 1 0 1 2 2 1 0 1 0 1 1 2 1 1 2 1 0 1 0 2 0 0 1 2 0 0 0 2 2 2 1 1 2 2 0 2 2 0 1 2 1 1 2 1 0 1 2 0 0 0 0 1 2 1 0 1 0 2 2 1 1 1 1 0 0 0 -1 0 -1 -1 -1 -1 -1 -2 -2 0 0 0 -1 -2 -2 -2 0 0 -2 0 0 -1 0 -2 -1 -1 0 -1 -1 -2 -2 -2 -2 -1 -1 0 -1 -2 -2 -1 0 -1 0 -1 -1 -2 -1 -1 -2 -1 0 -1 0 -2 0 0 -1 -2 0 0 0 -2 -2 -2 -1 -1 -2 -2 0 -2 -2 0 -1 -2 -1 -1 -2 -1 0 -1 -2 0 0 0 0 -1 -2 -1 0 -1 0 -2 -2 -1 -1 -1 -1
-0.69090546156955 -2.49457293177188 -0.473601127252123 0.946341140558871 0.889056892963774 1 0 0 1 2 0 0 0 0 1 1 1 1 0 0 0 0 1 1 2 0 0 2 1 1 2 0 1 1 1 2 0 1 1 0 1 1 1 2 2 1 1 2 1 1 2 1 1 1 2 2 2 2 1 2 1 0 2 0 1 1 2 1 0 0 1 0 2 2 2 2 2 2 0 2 0 0 2 1 1 2 2 1 2 2 1 1 1 0 1 2 2 0 1 0 2 2 0 2 2 2 0 0 1 2 0 0 0 0 1 1 1 1 0 0 0 0 1 1 2 0 0 2 1 1 2 0 1 1 1 2 0 1 1 0 1 1 1 2 2 1 1 2 1 1 2 1 1 1 2 2 2 2 1 2 1 0 2 0 1 1 2 1 0 0 1 0 2 2 2 2 2 2 0 2 0 0 2 1 1 2 2 1 2 2 1 1 1 0 1 2 2 0 1 0 2 2 0 2 2 2
0.145780143701914 0.322421392295651 -1.57156441596278 -3.14198308781716 -1.08521213516287 -1 0 0 0 1 0 0 0 0 1 0 1 0 0 0 0 0 2 2 2 0 1 1 1 0 1 0 2 2 2 0 1 1 1 0 1 0 0 0 0 0 0 1 1 0 1 1 1 0 2 2 2 2 1 1 0 1 2 0 0 0 1 0 0 0 2 0 2 1 1 1 2 0 1 1 0 0 2 1 2 2 0 2 2 2 0 0 1 0 0 1 2 1 2 0 1 1 0 1 1 0 0 0 0 -1 0 0 0 0 -1 0 -1 0 0 0 0 0 -2 -2 -2 0 -1 -1 -1 0 -1 0 -2 -2 -2 0 -1 -1 -1 0 -1 0 0 0 0 0 0 -1 -1 0 -1 -1 -1 0 -2 -2 -2 -2 -1 -1 0 -1 -2 0 0 0 -1 0 0 0 -2 0 -2 -1 -1 -1 -2 0 -1 -1 0 0 -2 -1 -2 -2 0 -2 -2 -2 0 0 -1 0 0 -1 -2 -1 -2 0 -1 -1 0 -1 -1 0
-0.24832027647615 1.66096033963245 2.16746780781284 0.296186503297765 -1.03914555933578 -1 0 1 0 2 1 0 0 1 2 0 1 1 0 0 0 0 1 2 2 1 1 2 1 0 2 0 1 0 2 1 2 2 2 1 1 2 1 2 1 1 1 0 1 0 1 0 0 0 1 0 1 1 1 1 1 0 2 0 0 0 2 0 0 0 2 1 2 2 0 0 1 0 2 1 0 1 2 1 2 1 1 1 1 2 0 0 0 0 1 2 2 0 1 0 1 0 0 1 1 0 0 -1 0 -2 -1 0 0 -1 -2 0 -1 -1 0 0 0 0 -1 -2 -2 -1 -1 -2 -1 0 -2 0 -1 0 -2 -1 -2 -2 -2 -1 -1 -2 -1 -2 -1 -1 -1 0 -1 0 -1 0 0 0 -1 0 -1 -1 -1 -1 -1 0 -2 0 0 0 -2 0 0 0 -2 -1 -2 -2 0 0 -1 0 -2 -1 0 -1 -2 -1 -2 -1 -1 -1 -1 -2 0 0 0 0 -1 -2 -2 0 -1 0 -1 0 0 -1 -1 0
0.108937097142328 -0.0121970136996238 1.24822134657718 0.0717143560208622 0.741864334766313 1 2 0 0 1 0 0 0 1 2 2 1 1 0 0 0 1 2 1 2 2 1 2 2 0 1 0 1 2 2 1 0 1 2 1 1 2 1 2 1 1 2 2 2 0 0 1 0 0 1 0 2 2 0 0 1 0 2 0 0 0 2 0 0 1 2 0 2 2 2 2 2 0 0 0 0 0 2 1 0 1 0 0 1 1 0 1 1 0 1 1 2 0 1 0 2 0 0 0 1 1 2 0 0 1 0 0 0 1 2 2 1 1 0 0 0 1 2 1 2 2 1 2 2 0 1 0 1 2 2 1 0 1 2 1 1 2 1 2 1 1 2 2 2 0 0 1 0 0 1 0 2 2 0 0 1 0 2 0 0 0 2 0 0 1 2 0 2 2 2 2 2 0 0 0 0 0 2 1 0 1 0 0 1 1 0 1 1 0 1 1 2 0 1 0 2 0 0 0 1 1
1.03944163635624 -1.50747315708544 0.326556684556834 -1.16240146991203 -1.19873116111385 -1 0 1 1 2 0 0 0 2 2 0 1 1 0 0 0 2 2 1 2 2 2 2 1 0 1 0 0 1 2 0 1 2 2 0 1 1 1 2 1 1 2 2 2 1 1 2 1 0 1 0 2 2 1 0 1 0 1 0 1 0 2 0 0 0 2 0 2 2 1 1 2 0 2 0 0 1 1 1 2 2 1 1 1 2 0 2 2 0 1 2 1 0 1 0 2 0 0 1 0 0 0 -1 -1 -2 0 0 0 -2 -2 0 -1 -1 0 0 0 -2 -2 -1 -2 -2 -2 -2 -1 0 -1 0 0 -1 -2 0 -1 -2 -2 0 -1 -1 -1 -2 -1 -1 -2 -2 -2 -1 -1 -2 -1 0 -1 0 -2 -2 -1 0 -1 0 -1 0 -1 0 -2 0 0 0 -2 0 -2 -2 -1 -1 -2 0 -2 0 0 -1 -1 -1 -2 -2 -1 -1 -1 -2 0 -2 -2 0 -1 -2 -1 0 -1 0 -2 0 0 -1 0 0
-0.544693119498805 0.238440528806501 1.1754249378487 0.95797658001648 -0.24138440398728 1 1 0 1 2 0 0 0 1 2 1 2 2 0 0 0 0 2 2 1 1 1 2 1 2 2 0 1 1 2 0 0 2 2 0 2 1 2 2 1 1 1 2 1 1 1 0 0 0 2 1 2 2 0 0 0 0 1 0 0 0 1 0 0 0 2 1 2 1 1 0 2 0 1 2 1 1 2 0 1 1 1 2 2 2 2 2 2 1 1 2 2 0 1 0 2 2 0 1 2 0 1 0 1 2 0 0 0 1 2 1 2 2 0 0 0 0 2 2 1 1 1 2 1 2 2 0 1 1 2 0 0 2 2 0 2 1 2 2 1 1 1 2 1 1 1 0 0 0 2 1 2 2 0 0 0 0 1 0 0 0 1 0 0 0 2 1 2 1 1 0 2 0 1 2 1 1 2 0 1 1 1 2 2 2 2 2 2 1 1 2 2 0 1 0 2 2 0 1 2 0
0.452521265075661 -1.96460106273129 -0.254359874801518 -1.2773979563315 -0.707301702390522 1 1 2 1 2 0 0 0 0 1 1 2 2 0 0 0 0 1 2 2 1 0 2 2 2 2 1 2 2 2 0 1 1 2 0 0 1 1 2 1 0 0 1 1 0 0 0 0 0 1 1 2 2 1 1 1 1 1 0 0 0 2 0 0 0 1 0 2 0 0 0 2 0 2 2 0 0 2 1 1 2 1 2 2 2 0 0 1 0 1 2 1 0 1 0 1 0 0 1 1 1 1 2 1 2 0 0 0 0 1 1 2 2 0 0 0 0 1 2 2 1 0 2 2 2 2 1 2 2 2 0 1 1 2 0 0 1 1 2 1 0 0 1 1 0 0 0 0 0 1 1 2 2 1 1 1 1 1 0 0 0 2 0 0 0 1 0 2 0 0 0 2 0 2 2 0 0 2 1 1 2 1 2 2 2 0 0 1 0 1 2 1 0 1 0 1 0 0 1 1 1
-0.415331709554063 -0.00706891144785278 0.146648413139827 -1.25755172988746 0.883399768131164 -1 0 0 0 2 0 0 0 2 2 0 0 0 0 0 0 0 2 2 2 0 0 2 1 0 1 0 0 1 2 1 0 1 1 0 1 2 2 2 1 1 2 1 2 2 1 0 0 0 2 2 2 2 1 0 2 0 2 0 0 0 2 0 0 1 2 0 1 1 1 2 2 0 1 0 0 0 1 1 2 2 1 1 2 2 0 1 1 0 1 2 1 0 2 0 2 1 1 1 1 0 0 0 0 -2 0 0 0 -2 -2 0 0 0 0 0 0 0 -2 -2 -2 0 0 -2 -1 0 -1 0 0 -1 -2 -1 0 -1 -1 0 -1 -2 -2 -2 -1 -1 -2 -1 -2 -2 -1 0 0 0 -2 -2 -2 -2 -1 0 -2 0 -2 0 0 0 -2 0 0 -1 -2 0 -1 -1 -1 -2 -2 0 -1 0 0 0 -1 -1 -2 -2 -1 -1 -2 -2 0 -1 -1 0 -1 -2 -1 0 -2 0 -2 -1 -1 -1 -1 0
0.452068694364463 -0.132534748268063 -0.500864637730441 2.08274860334543 0.873817514385847 1 0 1 0 1 0 0 0 2 2 1 1 2 0 0 0 2 2 2 2 0 1 1 1 1 2 0 1 1 1 0 1 1 2 0 1 2 2 2 1 1 1 2 1 1 2 1 2 1 2 1 2 2 2 0 1 0 2 0 0 0 1 0 0 0 1 0 2 1 1 2 2 0 1 1 0 1 1 1 0 2 0 2 2 2 0 0 0 0 0 1 0 0 0 0 1 0 1 0 0 0 0 1 0 1 0 0 0 2 2 1 1 2 0 0 0 2 2 2 2 0 1 1 1 1 2 0 1 1 1 0 1 1 2 0 1 2 2 2 1 1 1 2 1 1 2 1 2 1 2 1 2 2 2 0 1 0 2 0 0 0 1 0 0 0 1 0 2 1 1 2 2 0 1 1 0 1 1 1 0 2 0 2 2 2 0 0 0 0 0 1 0 0 0 0 1 0 1 0 0 0
-0.406092634105048 -0.758527586370951 0.837549777816208 1.18474972583915 1.75747505315305 1 1 1 0 1 0 0 0 1 2 2 2 2 0 0 0 1 2 2 1 2 2 2 1 1 2 0 2 2 2 1 1 2 2 0 0 1 0 1 0 0 1 1 0 0 0 1 0 0 1 1 1 2 2 0 2 1 2 0 0 0 0 0 0 0 2 0 2 1 1 0 2 0 1 2 0 0 0 0 1 2 1 1 1 1 0 0 0 0 0 1 1 0 2 0 2 1 0 1 2 0 1 1 0 1 0 0 0 1 2 2 2 2 0 0 0 1 2 2 1 2 2 2 1 1 2 0 2 2 2 1 1 2 2 0 0 1 0 1 0 0 1 1 0 0 0 1 0 0 1 1 1 2 2 0 2 1 2 0 0 0 0 0 0 0 2 0 2 1 1 0 2 0 1 2 0 0 0 0 1 2 1 1 1 1 0 0 0 0 0 1 1 0 2 0 2 1 0 1 2 0
-0.549747580483206 -0.307092906235217 0.645310827577054 -0.833371335650058 -1.24292758278501 1 1 2 0 2 0 0 0 1 2 1 1 1 1 0 0 0 2 2 1 0 1 1 1 0 2 0 0 0 2 0 0 1 2 0 1 2 0 0 0 0 0 0 0 0 0 0 1 1 2 2 2 2 1 0 1 0 1 0 0 1 2 0 0 1 2 1 2 2 2 2 2 0 1 0 0 0 1 1 2 2 1 1 2 2 1 1 1 0 1 2 1 0 1 0 1 1 0 1 1 0 1 2 0 2 0 0 0 1 2 1 1 1 1 0 0 0 2 2 1 0 1 1 1 0 2 0 0 0 2 0 0 1 2 0 1 2 0 0 0 0 0 0 0 0 0 0 1 1 2 2 2 2 1 0 1 0 1 0 0 1 2 0 0 1 2 1 2 2 2 2 2 0 1 0 0 0 1 1 2 2 1 1 2 2 1 1 1 0 1 2 1 0 1 0 1 1 0 1 1 0
-1.24208679156724 2.11042550688099 -0.194211031215345 -0.0338723098263327 0.96195236416566 1 1 0 0 2 0 0 1 2 2 1 2 2 0 0 0 2 2 2 2 2 0 1 0 0 1 0 1 1 2 1 0 1 2 1 2 1 1 2 2 1 0 1 1 0 0 0 0 0 1 1 2 2 1 1 2 0 2 0 1 1 2 0 0 0 2 2 2 2 1 1 1 0 0 1 0 1 1 0 1 1 1 1 2 2 0 1 1 0 1 2 1 0 2 0 2 0 0 0 2 2 1 0 0 2 0 0 1 2 2 1 2 2 0 0 0 2 2 2 2 2 0 1 0 0 1 0 1 1 2 1 0 1 2 1 2 1 1 2 2 1 0 1 1 0 0 0 0 0 1 1 2 2 1 1 2 0 2 0 1 1 2 0 0 0 2 2 2 2 1 1 1 0 0 1 0 1 1 0 1 1 1 1 2 2 0 1 1 0 1 2 1 0 2 0 2 0 0 0 2 2
-1.22890688375266 0.917296343466254 0.27734659909516 1.03088069226395 0.174568040949932 1 1 0 1 2 0 0 0 1 2 0 0 0 1 1 0 2 2 2 1 0 0 2 1 0 2 0 1 1 2 1 2 2 2 1 2 2 2 1 2 2 2 2 1 1 2 1 1 0 2 2 1 2 0 0 1 0 1 0 0 0 1 0 0 0 2 1 2 1 0 0 1 0 1 1 0 0 2 0 1 0 0 0 0 2 0 0 0 0 0 2 2 0 2 0 1 2 1 1 0 0 1 0 1 2 0 0 0 1 2 0 0 0 1 1 0 2 2 2 1 0 0 2 1 0 2 0 1 1 2 1 2 2 2 1 2 2 2 1 2 2 2 2 1 1 2 1 1 0 2 2 1 2 0 0 1 0 1 0 0 0 1 0 0 0 2 1 2 1 0 0 1 0 1 1 0 0 2 0 1 0 0 0 0 2 0 0 0 0 0 2 2 0 2 0 1 2 1 1 0 0
-0.379926806455638 0.174948038258896 -0.454771997491844 0.893854802206956 -1.35697839400262 1 1 1 1 2 0 0 0 2 2 1 2 2 1 1 0 0 2 1 2 2 1 1 1 0 1 0 0 0 2 0 0 2 2 0 0 1 1 0 0 0 0 0 1 0 0 0 0 1 2 2 2 2 1 1 0 0 2 0 0 1 2 1 0 0 2 1 2 2 1 2 2 1 2 1 0 0 2 0 1 0 1 1 2 2 1 0 1 0 0 2 2 0 2 1 2 1 1 1 1 0 1 1 1 2 0 0 0 2 2 1 2 2 1 1 0 0 2 1 2 2 1 1 1 0 1 0 0 0 2 0 0 2 2 0 0 1 1 0 0 0 0 0 1 0 0 0 0 1 2 2 2 2 1 1 0 0 2 0 0 1 2 1 0 0 2 1 2 2 1 2 2 1 2 1 0 0 2 0 1 0 1 1 2 2 1 0 1 0 0 2 2 0 2 1 2 1 1 1 1 0
-0.473544460916623 -1.03711549130567 1.0703555533644 0.213992498100961 -0.0697250421821204 -1 1 1 1 2 0 0 1 2 2 0 2 2 0 0 0 2 2 2 1 1 0 1 1 1 1 0 1 2 2 0 0 2 2 0 1 2 2 1 1 0 1 1 0 0 0 0 0 1 1 2 2 2 1 1 1 0 2 0 1 1 2 0 1 1 2 1 2 2 2 2 2 0 0 1 0 0 2 2 2 2 2 2 2 2 1 0 0 0 2 2 1 0 1 0 1 2 1 2 2 1 -1 -1 -1 -2 0 0 -1 -2 -2 0 -2 -2 0 0 0 -2 -2 -2 -1 -1 0 -1 -1 -1 -1 0 -1 -2 -2 0 0 -2 -2 0 -1 -2 -2 -1 -1 0 -1 -1 0 0 0 0 0 -1 -1 -2 -2 -2 -1 -1 -1 0 -2 0 -1 -1 -2 0 -1 -1 -2 -1 -2 -2 -2 -2 -2 0 0 -1 0 0 -2 -2 -2 -2 -2 -2 -2 -2 -1 0 0 0 -2 -2 -1 0 -1 0 -1 -2 -1 -2 -2 -1
-1.34609788029769 0.936787837865343 0.390459224004482 -0.0616907595331498 -0.181348227764443 1 2 1 0 1 0 0 1 2 2 1 1 2 0 0 0 0 1 2 2 2 1 1 1 0 2 0 0 1 2 0 1 1 2 1 0 2 1 1 1 1 2 1 1 1 1 0 1 1 2 1 1 2 1 1 1 0 1 0 0 0 2 0 1 0 2 2 2 2 2 2 1 0 1 1 0 0 1 1 1 2 2 1 2 2 0 0 0 0 0 2 1 0 1 0 1 0 0 0 1 0 2 1 0 1 0 0 1 2 2 1 1 2 0 0 0 0 1 2 2 2 1 1 1 0 2 0 0 1 2 0 1 1 2 1 0 2 1 1 1 1 2 1 1 1 1 0 1 1 2 1 1 2 1 1 1 0 1 0 0 0 2 0 1 0 2 2 2 2 2 2 1 0 1 1 0 0 1 1 1 2 2 1 2 2 0 0 0 0 0 2 1 0 1 0 1 0 0 0 1 0
-0.864986771555358 0.595641489564903 -0.73415121771104 -1.56844192426317 -0.349951885952004 1 0 0 0 1 0 0 0 1 1 0 1 1 1 1 0 0 2 2 0 0 0 1 1 0 2 1 2 1 1 0 0 1 1 0 0 1 1 2 0 0 1 2 1 0 0 0 0 1 2 1 1 2 2 1 1 0 2 0 1 1 2 0 0 0 2 1 2 0 1 1 2 0 2 2 0 0 1 2 2 1 0 2 2 2 1 1 1 0 1 2 1 0 1 0 2 2 1 2 2 1 0 0 0 1 0 0 0 1 1 0 1 1 1 1 0 0 2 2 0 0 0 1 1 0 2 1 2 1 1 0 0 1 1 0 0 1 1 2 0 0 1 2 1 0 0 0 0 1 2 1 1 2 2 1 1 0 2 0 1 1 2 0 0 0 2 1 2 0 1 1 2 0 2 2 0 0 1 2 2 1 0 2 2 2 1 1 1 0 1 2 1 0 1 0 2 2 1 2 2 1
0.252288338235702 2.85906144212921 -0.777094259307656 0.0232327628969879 -0.252495399631198 1 1 0 1 2 0 0 0 1 1 0 1 2 0 0 0 2 2 0 1 1 0 2 1 0 1 1 1 2 2 1 0 2 2 0 1 1 1 2 2 2 1 0 0 1 1 1 0 1 2 1 2 2 1 0 0 0 1 0 0 0 2 1 0 0 2 0 1 1 1 1 2 0 2 2 0 0 2 1 1 1 2 2 2 2 1 1 1 0 1 1 1 0 1 0 2 0 0 0 1 0 1 0 1 2 0 0 0 1 1 0 1 2 0 0 0 2 2 0 1 1 0 2 1 0 1 1 1 2 2 1 0 2 2 0 1 1 1 2 2 2 1 0 0 1 1 1 0 1 2 1 2 2 1 0 0 0 1 0 0 0 2 1 0 0 2 0 1 1 1 1 2 0 2 2 0 0 2 1 1 1 2 2 2 2 1 1 1 0 1 1 1 0 1 0 2 0 0 0 1 0
0.256308719391314 1.37610871881956 -0.261551426564075 -0.0543056914784318 0.527620667612475 -1 1 0 0 0 0 0 0 1 2 0 1 2 0 0 0 1 2 1 2 1 1 2 1 1 0 1 0 1 1 0 0 1 2 0 0 1 0 0 1 1 1 0 1 1 1 1 1 2 2 2 2 2 1 0 1 0 2 0 1 1 2 0 0 0 1 1 2 2 1 0 1 0 2 2 0 0 1 0 1 1 1 0 1 2 0 0 1 0 0 1 1 0 1 0 2 1 1 2 2 0 -1 0 0 0 0 0 0 -1 -2 0 -1 -2 0 0 0 -1 -2 -1 -2 -1 -1 -2 -1 -1 0 -1 0 -1 -1 0 0 -1 -2 0 0 -1 0 0 -1 -1 -1 0 -1 -1 -1 -1 -1 -2 -2 -2 -2 -2 -1 0 -1 0 -2 0 -1 -1 -2 0 0 0 -1 -1 -2 -2 -1 0 -1 0 -2 -2 0 0 -1 0 -1 -1 -1 0 -1 -2 0 0 -1 0 0 -1 -1 0 -1 0 -2 -1 -1 -2 -2 0
0.44468899639723 -0.49833832944539 -0.400239371451132 -0.952549338723499 1.36266281986236 -1 1 1 0 0 0 0 0 0 1 0 1 2 0 0 0 0 2 2 1 0 1 2 0 2 2 1 1 0 1 1 1 2 2 0 2 1 2 2 1 1 1 1 0 0 0 0 0 1 2 2 2 2 1 0 1 0 2 0 0 1 2 0 0 0 2 2 2 1 2 2 2 0 0 1 0 0 2 1 2 2 1 2 1 2 1 2 0 0 1 2 2 1 2 1 2 0 0 0 1 1 -1 -1 0 0 0 0 0 0 -1 0 -1 -2 0 0 0 0 -2 -2 -1 0 -1 -2 0 -2 -2 -1 -1 0 -1 -1 -1 -2 -2 0 -2 -1 -2 -2 -1 -1 -1 -1 0 0 0 0 0 -1 -2 -2 -2 -2 -1 0 -1 0 -2 0 0 -1 -2 0 0 0 -2 -2 -2 -1 -2 -2 -2 0 0 -1 0 0 -2 -1 -2 -2 -1 -2 -1 -2 -1 -2 0 0 -1 -2 -2 -1 -2 -1 -2 0 0 0 -1 -1
-0.486306119730153 0.613693224825061 0.741314396738187 -1.05319038420958 1.13806242260015 1 0 0 0 2 0 0 0 1 1 0 2 2 0 0 0 1 2 1 2 2 1 0 2 1 2 1 1 1 2 0 1 0 0 0 1 2 1 1 1 0 2 2 1 0 0 1 0 2 1 1 1 2 1 0 0 0 1 1 1 0 2 0 0 0 0 0 2 0 0 1 2 0 1 2 0 0 2 1 0 2 2 2 1 2 0 0 1 1 1 2 1 0 2 0 2 1 1 1 2 1 0 0 0 2 0 0 0 1 1 0 2 2 0 0 0 1 2 1 2 2 1 0 2 1 2 1 1 1 2 0 1 0 0 0 1 2 1 1 1 0 2 2 1 0 0 1 0 2 1 1 1 2 1 0 0 0 1 1 1 0 2 0 0 0 0 0 2 0 0 1 2 0 1 2 0 0 2 1 0 2 2 2 1 2 0 0 1 1 1 2 1 0 2 0 2 1 1 1 2 1
