1.54069042542228 0.465360493857218 -1.69536703579831 -2.22556638892824 -0.14042572056408 -1 1 2 2 1 2 2 0 2 0 2 2 1 1 1 2 2 1 0 0 1 1 0 0 1 0 0 1 2 1 0 1 0 0 1 2 2 2 2 1 0 2 1 0 1 2 2 1 2 2 2 1 2 2 0 1 0 1 0 1 1 1 2 2 1 0 1 2 0 2 1 2 2 2 2 2 2 1 1 1 1 1 2 0 1 1 1 1 0 0 2 1 1 0 0 1 2 1 0 1 2 -1 -2 -2 -1 -2 -2 0 -2 0 -2 -2 -1 -1 -1 -2 -2 -1 0 0 -1 -1 0 0 -1 0 0 -1 -2 -1 0 -1 0 0 -1 -2 -2 -2 -2 -1 0 -2 -1 0 -1 -2 -2 -1 -2 -2 -2 -1 -2 -2 0 -1 0 -1 0 -1 -1 -1 -2 -2 -1 0 -1 -2 0 -2 -1 -2 -2 -2 -2 -2 -2 -1 -1 -1 -1 -1 -2 0 -1 -1 -1 -1 0 0 -2 -1 -1 0 0 -1 -2 -1 0 -1 -2
-0.458366158106726 -1.65944972813104 1.10606409715996 -0.860311743813404 0.864542385548577 -1 1 2 2 1 1 1 0 1 0 1 1 0 1 1 2 1 1 1 0 0 1 0 0 2 0 0 0 2 2 2 2 0 1 1 2 0 1 2 1 0 2 2 0 0 2 1 2 1 1 2 1 1 2 0 1 0 0 0 0 1 1 1 2 1 0 0 1 0 2 0 2 1 2 2 2 0 1 2 2 2 1 1 1 2 2 2 2 2 2 2 0 2 0 1 1 1 2 2 2 2 -1 -2 -2 -1 -1 -1 0 -1 0 -1 -1 0 -1 -1 -2 -1 -1 -1 0 0 -1 0 0 -2 0 0 0 -2 -2 -2 -2 0 -1 -1 -2 0 -1 -2 -1 0 -2 -2 0 0 -2 -1 -2 -1 -1 -2 -1 -1 -2 0 -1 0 0 0 0 -1 -1 -1 -2 -1 0 0 -1 0 -2 0 -2 -1 -2 -2 -2 0 -1 -2 -2 -2 -1 -1 -1 -2 -2 -2 -2 -2 -2 -2 0 -2 0 -1 -1 -1 -2 -2 -2 -2
-0.243893172478705 1.27210400983972 0.0113657527888456 0.0325922088539536 2.09233363382658 -1 0 1 2 0 0 2 0 0 1 2 1 0 1 0 1 2 1 1 1 2 2 1 1 2 0 0 0 2 1 1 2 0 1 1 2 0 0 2 0 0 2 2 0 2 1 2 1 1 1 2 0 1 2 0 0 0 1 0 0 0 2 2 2 1 0 2 1 0 2 0 2 1 2 1 2 0 1 2 2 2 1 1 0 2 1 2 2 1 1 0 0 2 1 2 1 2 2 1 1 2 0 -1 -2 0 0 -2 0 0 -1 -2 -1 0 -1 0 -1 -2 -1 -1 -1 -2 -2 -1 -1 -2 0 0 0 -2 -1 -1 -2 0 -1 -1 -2 0 0 -2 0 0 -2 -2 0 -2 -1 -2 -1 -1 -1 -2 0 -1 -2 0 0 0 -1 0 0 0 -2 -2 -2 -1 0 -2 -1 0 -2 0 -2 -1 -2 -1 -2 0 -1 -2 -2 -2 -1 -1 0 -2 -1 -2 -2 -1 -1 0 0 -2 -1 -2 -1 -2 -2 -1 -1 -2
-0.0125844559035513 -0.00807073177217164 1.09035999592364 -0.198855315548199 -0.870747314006147 1 1 1 2 0 1 2 0 1 0 2 1 1 0 2 1 2 1 0 0 2 1 0 1 2 0 0 0 1 1 0 1 0 0 1 2 0 1 2 0 0 1 1 0 2 2 2 0 0 2 2 2 2 2 1 2 2 2 1 0 1 2 1 2 0 0 2 1 0 2 0 2 2 1 1 0 0 0 1 0 0 0 0 0 1 0 0 0 0 0 2 0 1 0 0 0 1 2 1 2 2 1 1 2 0 1 2 0 1 0 2 1 1 0 2 1 2 1 0 0 2 1 0 1 2 0 0 0 1 1 0 1 0 0 1 2 0 1 2 0 0 1 1 0 2 2 2 0 0 2 2 2 2 2 1 2 2 2 1 0 1 2 1 2 0 0 2 1 0 2 0 2 2 1 1 0 0 0 1 0 0 0 0 0 1 0 0 0 0 0 2 0 1 0 0 0 1 2 1 2 2
-0.721006464354595 -0.426647437924521 1.91672171624291 -0.195649893236276 0.241299353593787 -1 1 2 2 1 1 2 0 0 1 2 2 1 1 2 1 2 1 1 0 0 2 0 0 2 1 1 0 2 2 2 2 0 1 2 2 1 1 2 0 0 2 1 1 1 1 1 1 1 1 2 1 1 1 0 0 1 1 0 1 1 1 2 2 0 0 2 1 0 2 0 2 1 2 2 2 1 0 2 2 2 0 2 0 0 0 1 2 2 1 2 2 2 0 0 1 1 2 1 2 2 -1 -2 -2 -1 -1 -2 0 0 -1 -2 -2 -1 -1 -2 -1 -2 -1 -1 0 0 -2 0 0 -2 -1 -1 0 -2 -2 -2 -2 0 -1 -2 -2 -1 -1 -2 0 0 -2 -1 -1 -1 -1 -1 -1 -1 -1 -2 -1 -1 -1 0 0 -1 -1 0 -1 -1 -1 -2 -2 0 0 -2 -1 0 -2 0 -2 -1 -2 -2 -2 -1 0 -2 -2 -2 0 -2 0 0 0 -1 -2 -2 -1 -2 -2 -2 0 0 -1 -1 -2 -1 -2 -2
0.114122394559153 -1.39198053402787 1.80221390632962 0.122662133901144 1.19509585357108 -1 0 2 2 1 2 2 0 2 2 2 1 0 0 0 1 2 1 1 1 2 2 0 0 2 1 1 0 2 2 0 2 0 1 1 1 0 0 2 1 1 2 1 0 2 2 2 1 2 2 1 0 2 2 1 2 0 2 1 0 2 2 1 2 0 1 2 2 0 2 2 2 0 1 2 2 1 0 1 2 2 1 1 0 1 0 0 0 0 0 2 0 2 1 1 1 1 2 2 2 2 0 -2 -2 -1 -2 -2 0 -2 -2 -2 -1 0 0 0 -1 -2 -1 -1 -1 -2 -2 0 0 -2 -1 -1 0 -2 -2 0 -2 0 -1 -1 -1 0 0 -2 -1 -1 -2 -1 0 -2 -2 -2 -1 -2 -2 -1 0 -2 -2 -1 -2 0 -2 -1 0 -2 -2 -1 -2 0 -1 -2 -2 0 -2 -2 -2 0 -1 -2 -2 -1 0 -1 -2 -2 -1 -1 0 -1 0 0 0 0 0 -2 0 -2 -1 -1 -1 -1 -2 -2 -2 -2
-0.0693537864941263 0.0568398624222536 0.0312728764121963 -0.0321251082624819 -0.142885514266491 1 1 2 2 1 1 2 0 1 2 2 1 0 1 1 1 2 1 0 0 0 1 0 0 2 0 0 1 2 1 0 2 0 1 2 2 1 1 2 2 1 2 2 0 0 2 2 2 2 2 2 1 1 2 0 1 0 1 0 0 2 1 2 2 0 0 1 1 1 2 1 2 2 2 2 2 1 1 2 2 1 0 0 0 1 0 1 0 0 0 2 0 0 1 1 2 2 2 0 1 1 1 2 2 1 1 2 0 1 2 2 1 0 1 1 1 2 1 0 0 0 1 0 0 2 0 0 1 2 1 0 2 0 1 2 2 1 1 2 2 1 2 2 0 0 2 2 2 2 2 2 1 1 2 0 1 0 1 0 0 2 1 2 2 0 0 1 1 1 2 1 2 2 2 2 2 1 1 2 2 1 0 0 0 1 0 1 0 0 0 2 0 0 1 1 2 2 2 0 1 1
1.3125858244076 1.77327883635963 -1.47277072610311 -0.155422204734856 0.618714932362154 1 0 2 2 1 1 2 0 1 1 2 2 0 0 0 1 2 1 0 0 1 0 0 0 2 0 0 1 2 0 1 2 0 1 1 2 1 0 2 1 1 1 1 0 2 2 2 1 2 2 2 1 0 2 0 1 0 0 0 1 1 1 1 2 0 0 2 2 1 2 2 2 1 2 2 1 0 1 2 1 2 0 1 0 2 0 1 1 2 1 1 0 0 0 1 0 0 1 0 0 1 0 2 2 1 1 2 0 1 1 2 2 0 0 0 1 2 1 0 0 1 0 0 0 2 0 0 1 2 0 1 2 0 1 1 2 1 0 2 1 1 1 1 0 2 2 2 1 2 2 2 1 0 2 0 1 0 0 0 1 1 1 1 2 0 0 2 2 1 2 2 2 1 2 2 1 0 1 2 1 2 0 1 0 2 0 1 1 2 1 1 0 0 0 1 0 0 1 0 0 1
0.0474718747144603 -1.70636621217378 0.454729197041632 -0.63110169919619 0.714275849313953 1 0 1 2 1 2 2 0 2 1 2 2 0 0 1 1 1 1 2 1 0 1 0 0 2 1 0 0 2 0 0 2 0 0 0 2 0 0 2 0 1 2 2 0 0 2 1 0 2 1 2 1 1 1 0 0 0 1 0 1 2 1 1 2 2 0 2 2 1 2 1 2 2 2 1 2 0 0 1 1 0 0 1 0 2 1 0 1 1 2 1 0 1 0 1 1 1 2 1 0 2 0 1 2 1 2 2 0 2 1 2 2 0 0 1 1 1 1 2 1 0 1 0 0 2 1 0 0 2 0 0 2 0 0 0 2 0 0 2 0 1 2 2 0 0 2 1 0 2 1 2 1 1 1 0 0 0 1 0 1 2 1 1 2 2 0 2 2 1 2 1 2 2 2 1 2 0 0 1 1 0 0 1 0 2 1 0 1 1 2 1 0 1 0 1 1 1 2 1 0 2
2.70339812427236 0.745402545984321 -0.386106742842702 -0.620244877716834 -0.702330905288379 -1 0 1 2 1 2 2 0 1 0 2 2 0 1 0 1 1 0 1 0 2 2 0 0 1 1 0 0 1 1 0 2 1 1 2 2 1 1 2 0 0 1 1 0 0 1 1 1 1 2 2 0 1 1 1 1 0 0 0 0 1 1 0 1 1 0 1 2 0 2 1 2 1 2 1 0 0 1 2 2 2 1 1 0 2 1 2 2 1 1 2 1 2 2 1 1 2 2 1 2 2 0 -1 -2 -1 -2 -2 0 -1 0 -2 -2 0 -1 0 -1 -1 0 -1 0 -2 -2 0 0 -1 -1 0 0 -1 -1 0 -2 -1 -1 -2 -2 -1 -1 -2 0 0 -1 -1 0 0 -1 -1 -1 -1 -2 -2 0 -1 -1 -1 -1 0 0 0 0 -1 -1 0 -1 -1 0 -1 -2 0 -2 -1 -2 -1 -2 -1 0 0 -1 -2 -2 -2 -1 -1 0 -2 -1 -2 -2 -1 -1 -2 -1 -2 -2 -1 -1 -2 -2 -1 -2 -2
-0.403189878416421 -1.0657255445599 -1.30410898662548 -0.560147030527047 -1.37680213974143 1 1 2 2 1 2 2 0 1 0 2 2 0 0 1 0 1 0 1 1 0 1 1 1 2 0 0 1 2 2 1 2 0 1 1 1 0 1 2 2 1 2 2 0 1 1 1 1 1 1 2 1 1 2 0 0 0 1 0 1 1 1 1 2 1 1 2 2 1 2 1 2 1 2 2 2 1 1 2 2 0 0 1 1 2 0 1 1 0 0 1 0 1 0 0 2 2 2 0 1 2 1 2 2 1 2 2 0 1 0 2 2 0 0 1 0 1 0 1 1 0 1 1 1 2 0 0 1 2 2 1 2 0 1 1 1 0 1 2 2 1 2 2 0 1 1 1 1 1 1 2 1 1 2 0 0 0 1 0 1 1 1 1 2 1 1 2 2 1 2 1 2 1 2 2 2 1 1 2 2 0 0 1 1 2 0 1 1 0 0 1 0 1 0 0 2 2 2 0 1 2
0.0669424373818196 2.15970338532548 0.264156057740748 -1.10108314838087 0.705817019556171 -1 1 1 2 0 0 1 0 0 0 1 0 0 0 0 2 2 2 1 1 1 1 0 0 2 0 0 0 2 1 1 2 0 2 1 2 0 1 2 0 0 1 2 0 0 1 2 1 2 2 2 1 0 1 0 1 0 2 0 0 2 2 2 2 0 0 2 2 1 2 1 1 1 2 2 2 0 0 1 2 2 1 1 0 1 0 1 2 1 0 2 1 2 0 2 2 2 1 0 1 2 -1 -1 -2 0 0 -1 0 0 0 -1 0 0 0 0 -2 -2 -2 -1 -1 -1 -1 0 0 -2 0 0 0 -2 -1 -1 -2 0 -2 -1 -2 0 -1 -2 0 0 -1 -2 0 0 -1 -2 -1 -2 -2 -2 -1 0 -1 0 -1 0 -2 0 0 -2 -2 -2 -2 0 0 -2 -2 -1 -2 -1 -1 -1 -2 -2 -2 0 0 -1 -2 -2 -1 -1 0 -1 0 -1 -2 -1 0 -2 -1 -2 0 -2 -2 -2 -1 0 -1 -2
-0.111843986229279 -3.05847745707011 0.762631106773023 0.52409237307126 0.181273942321157 1 0 1 2 1 2 2 0 1 0 2 1 0 0 0 1 1 1 0 1 2 2 0 1 2 0 1 0 1 1 1 2 0 1 2 2 0 0 1 1 0 2 0 0 2 2 2 1 2 2 2 0 1 2 1 1 0 0 0 0 1 0 2 2 1 0 1 2 0 2 1 2 2 2 1 1 1 1 2 2 2 0 1 0 2 1 1 2 1 2 2 0 2 0 1 2 2 2 1 1 2 0 1 2 1 2 2 0 1 0 2 1 0 0 0 1 1 1 0 1 2 2 0 1 2 0 1 0 1 1 1 2 0 1 2 2 0 0 1 1 0 2 0 0 2 2 2 1 2 2 2 0 1 2 1 1 0 0 0 0 1 0 2 2 1 0 1 2 0 2 1 2 2 2 1 1 1 1 2 2 2 0 1 0 2 1 1 2 1 2 2 0 2 0 1 2 2 2 1 1 2
-0.849139136617559 0.58166547898672 0.40355279298283 1.55644001947584 -1.70622848626564 -1 0 1 2 0 1 2 0 2 1 2 1 0 0 1 1 1 0 0 0 0 1 0 0 2 1 1 2 2 1 1 2 0 1 2 1 0 1 2 1 0 1 1 0 1 2 1 1 2 2 2 2 1 2 0 0 0 1 0 0 0 1 2 2 1 0 0 1 0 2 0 2 1 2 2 2 0 0 2 2 2 1 1 0 1 2 2 2 1 0 2 0 2 0 1 2 2 2 1 1 2 0 -1 -2 0 -1 -2 0 -2 -1 -2 -1 0 0 -1 -1 -1 0 0 0 0 -1 0 0 -2 -1 -1 -2 -2 -1 -1 -2 0 -1 -2 -1 0 -1 -2 -1 0 -1 -1 0 -1 -2 -1 -1 -2 -2 -2 -2 -1 -2 0 0 0 -1 0 0 0 -1 -2 -2 -1 0 0 -1 0 -2 0 -2 -1 -2 -2 -2 0 0 -2 -2 -2 -1 -1 0 -1 -2 -2 -2 -1 0 -2 0 -2 0 -1 -2 -2 -2 -1 -1 -2
0.352434591883509 0.188258877652313 -0.694181265808143 -1.37273717427472 0.0576075478632445 1 0 2 2 1 1 2 0 0 0 2 2 0 0 0 0 2 2 0 0 1 0 0 0 2 1 0 0 1 2 1 2 0 1 2 2 1 0 1 0 0 2 1 0 0 2 2 2 1 2 2 0 1 2 0 0 0 0 0 1 2 1 1 1 0 0 0 1 0 2 1 2 2 2 2 1 0 1 2 1 0 1 1 0 0 0 0 1 0 0 2 0 1 1 2 1 2 2 0 1 2 0 2 2 1 1 2 0 0 0 2 2 0 0 0 0 2 2 0 0 1 0 0 0 2 1 0 0 1 2 1 2 0 1 2 2 1 0 1 0 0 2 1 0 0 2 2 2 1 2 2 0 1 2 0 0 0 0 0 1 2 1 1 1 0 0 0 1 0 2 1 2 2 2 2 1 0 1 2 1 0 1 1 0 0 0 0 1 0 0 2 0 1 1 2 1 2 2 0 1 2
-0.961935601355683 1.03609163923763 -0.0862781495329058 -0.351182982655805 0.208776268091721 1 0 0 2 1 2 2 0 1 1 2 1 0 0 0 1 2 2 0 0 1 0 0 1 2 1 0 0 2 1 0 2 1 0 2 2 0 0 1 0 0 1 1 0 2 2 2 2 2 2 2 1 0 2 0 0 0 0 0 0 1 1 2 2 1 0 1 1 1 2 1 2 2 2 2 1 0 0 2 1 1 1 2 1 2 0 0 1 0 0 2 0 1 0 0 1 2 2 0 2 2 0 0 2 1 2 2 0 1 1 2 1 0 0 0 1 2 2 0 0 1 0 0 1 2 1 0 0 2 1 0 2 1 0 2 2 0 0 1 0 0 1 1 0 2 2 2 2 2 2 2 1 0 2 0 0 0 0 0 0 1 1 2 2 1 0 1 1 1 2 1 2 2 2 2 1 0 0 2 1 1 1 2 1 2 0 0 1 0 0 2 0 1 0 0 1 2 2 0 2 2
-0.642437607380965 -0.264228453107264 0.454288262464822 1.5055993554246 0.204194519071155 -1 2 2 2 2 2 2 0 1 0 2 2 1 1 1 1 1 0 0 0 1 2 0 1 2 0 0 0 2 1 1 2 0 1 1 2 1 2 2 0 0 2 2 0 1 2 2 0 0 1 2 2 2 2 0 1 0 0 0 2 2 2 2 2 1 1 1 1 0 2 2 2 2 2 1 0 0 0 1 2 2 0 1 0 1 1 1 2 2 2 2 2 2 1 1 1 2 2 1 1 2 -2 -2 -2 -2 -2 -2 0 -1 0 -2 -2 -1 -1 -1 -1 -1 0 0 0 -1 -2 0 -1 -2 0 0 0 -2 -1 -1 -2 0 -1 -1 -2 -1 -2 -2 0 0 -2 -2 0 -1 -2 -2 0 0 -1 -2 -2 -2 -2 0 -1 0 0 0 -2 -2 -2 -2 -2 -1 -1 -1 -1 0 -2 -2 -2 -2 -2 -1 0 0 0 -1 -2 -2 0 -1 0 -1 -1 -1 -2 -2 -2 -2 -2 -2 -1 -1 -1 -2 -2 -1 -1 -2
0.0413128392192696 -0.635067358554393 -0.219112259941187 -1.96130366935236 -0.8110014402902 -1 0 1 2 0 1 2 0 1 2 2 1 0 0 1 1 1 1 0 0 1 0 0 0 2 0 1 1 2 0 0 2 0 0 1 2 0 0 1 0 0 2 2 0 1 2 2 1 0 1 2 0 1 2 0 1 0 1 0 0 2 2 1 2 0 0 0 1 0 2 2 2 2 2 1 0 0 0 2 2 1 1 2 2 2 1 2 2 0 2 0 0 2 1 1 1 2 2 0 0 2 0 -1 -2 0 -1 -2 0 -1 -2 -2 -1 0 0 -1 -1 -1 -1 0 0 -1 0 0 0 -2 0 -1 -1 -2 0 0 -2 0 0 -1 -2 0 0 -1 0 0 -2 -2 0 -1 -2 -2 -1 0 -1 -2 0 -1 -2 0 -1 0 -1 0 0 -2 -2 -1 -2 0 0 0 -1 0 -2 -2 -2 -2 -2 -1 0 0 0 -2 -2 -1 -1 -2 -2 -2 -1 -2 -2 0 -2 0 0 -2 -1 -1 -1 -2 -2 0 0 -2
-1.64454467557421 -0.735192204751132 -1.01529809842358 -0.670324284673344 1.60453813984844 -1 1 2 2 1 2 2 0 1 1 2 1 0 1 1 1 1 0 0 0 2 2 0 1 2 2 2 1 2 0 1 2 0 0 0 1 0 1 2 0 0 1 1 1 0 1 1 1 2 1 2 0 1 2 0 0 0 1 0 0 2 2 2 2 1 0 1 2 0 2 1 2 1 2 2 1 0 0 1 1 1 0 0 0 1 0 1 2 1 2 2 2 1 0 2 1 2 2 2 1 2 -1 -2 -2 -1 -2 -2 0 -1 -1 -2 -1 0 -1 -1 -1 -1 0 0 0 -2 -2 0 -1 -2 -2 -2 -1 -2 0 -1 -2 0 0 0 -1 0 -1 -2 0 0 -1 -1 -1 0 -1 -1 -1 -2 -1 -2 0 -1 -2 0 0 0 -1 0 0 -2 -2 -2 -2 -1 0 -1 -2 0 -2 -1 -2 -1 -2 -2 -1 0 0 -1 -1 -1 0 0 0 -1 0 -1 -2 -1 -2 -2 -2 -1 0 -2 -1 -2 -2 -2 -1 -2
2.18148568206382 0.51148171122628 -0.0931199906564331 0.593328889824524 -1.66175119884614 1 1 2 2 2 2 2 0 0 1 2 1 0 0 0 2 2 2 0 0 2 2 0 1 2 1 0 0 1 1 1 2 0 1 1 1 0 0 2 0 0 1 2 0 1 2 2 2 2 2 2 1 2 2 0 2 1 0 0 0 1 2 2 2 0 0 2 2 0 2 1 2 2 2 2 2 1 2 2 2 1 1 2 0 1 0 0 0 0 0 1 0 1 1 2 2 1 1 0 0 1 1 2 2 2 2 2 0 0 1 2 1 0 0 0 2 2 2 0 0 2 2 0 1 2 1 0 0 1 1 1 2 0 1 1 1 0 0 2 0 0 1 2 0 1 2 2 2 2 2 2 1 2 2 0 2 1 0 0 0 1 2 2 2 0 0 2 2 0 2 1 2 2 2 2 2 1 2 2 2 1 1 2 0 1 0 0 0 0 0 1 0 1 1 2 2 1 1 0 0 1
-0.606394157824418 0.518295520758639 -0.347672406368274 0.600039370937808 2.12712250391428 -1 1 1 2 0 1 2 0 1 0 2 1 0 0 0 1 2 2 0 1 2 1 0 0 1 0 0 1 2 0 0 2 0 1 1 2 0 1 2 1 1 2 2 0 1 2 1 1 1 2 2 0 0 2 0 1 1 2 0 1 1 1 1 2 0 1 2 2 0 2 1 2 2 2 2 2 1 0 1 1 1 0 1 0 1 0 1 0 0 0 1 0 2 0 0 2 2 1 0 1 2 -1 -1 -2 0 -1 -2 0 -1 0 -2 -1 0 0 0 -1 -2 -2 0 -1 -2 -1 0 0 -1 0 0 -1 -2 0 0 -2 0 -1 -1 -2 0 -1 -2 -1 -1 -2 -2 0 -1 -2 -1 -1 -1 -2 -2 0 0 -2 0 -1 -1 -2 0 -1 -1 -1 -1 -2 0 -1 -2 -2 0 -2 -1 -2 -2 -2 -2 -2 -1 0 -1 -1 -1 0 -1 0 -1 0 -1 0 0 0 -1 0 -2 0 0 -2 -2 -1 0 -1 -2
-1.62076022660195 1.14285293856178 0.155817077052163 -1.08709255168022 -2.625265500358 1 0 2 2 0 2 2 0 0 0 2 2 2 1 1 2 2 1 0 0 0 1 0 2 2 0 0 0 2 1 1 2 0 2 2 2 1 2 2 0 1 2 1 0 1 2 2 0 2 2 2 2 1 2 0 0 0 1 0 0 0 1 2 2 1 0 1 1 1 2 0 2 2 2 1 1 1 1 2 2 2 0 1 0 2 1 2 2 0 1 2 1 1 0 1 0 2 2 0 1 2 0 2 2 0 2 2 0 0 0 2 2 2 1 1 2 2 1 0 0 0 1 0 2 2 0 0 0 2 1 1 2 0 2 2 2 1 2 2 0 1 2 1 0 1 2 2 0 2 2 2 2 1 2 0 0 0 1 0 0 0 1 2 2 1 0 1 1 1 2 0 2 2 2 1 1 1 1 2 2 2 0 1 0 2 1 2 2 0 1 2 1 1 0 1 0 2 2 0 1 2
0.799549342172958 0.527858230436937 -0.255792524064854 0.833516382122848 0.369602603236518 1 0 1 2 1 2 2 0 0 1 2 1 0 0 0 1 1 1 1 1 1 1 0 1 2 0 0 0 2 1 0 2 0 0 2 2 0 1 1 0 0 2 2 0 1 1 1 1 2 2 1 0 1 2 0 2 2 0 0 1 1 1 2 2 1 0 1 1 0 1 0 2 2 2 2 2 1 2 2 1 2 1 1 0 2 0 0 0 1 1 1 0 0 0 1 2 2 2 1 1 2 0 1 2 1 2 2 0 0 1 2 1 0 0 0 1 1 1 1 1 1 1 0 1 2 0 0 0 2 1 0 2 0 0 2 2 0 1 1 0 0 2 2 0 1 1 1 1 2 2 1 0 1 2 0 2 2 0 0 1 1 1 2 2 1 0 1 1 0 1 0 2 2 2 2 2 1 2 2 1 2 1 1 0 2 0 0 0 1 1 1 0 0 0 1 2 2 2 1 1 2
-0.239051823336667 -0.786388586604316 -0.262031352034857 -0.0886878583372119 1.21114074122393 -1 2 2 2 2 2 2 0 1 1 2 1 0 0 1 2 2 1 1 1 2 2 1 1 2 1 1 2 2 1 0 1 0 0 2 1 0 0 2 0 0 2 0 0 1 1 1 2 1 1 2 1 1 2 0 1 1 1 0 0 1 2 1 2 1 0 2 2 0 2 1 1 1 2 2 1 1 1 2 1 2 1 1 0 2 1 2 1 1 1 2 0 1 0 0 0 1 2 0 1 2 -2 -2 -2 -2 -2 -2 0 -1 -1 -2 -1 0 0 -1 -2 -2 -1 -1 -1 -2 -2 -1 -1 -2 -1 -1 -2 -2 -1 0 -1 0 0 -2 -1 0 0 -2 0 0 -2 0 0 -1 -1 -1 -2 -1 -1 -2 -1 -1 -2 0 -1 -1 -1 0 0 -1 -2 -1 -2 -1 0 -2 -2 0 -2 -1 -1 -1 -2 -2 -1 -1 -1 -2 -1 -2 -1 -1 0 -2 -1 -2 -1 -1 -1 -2 0 -1 0 0 0 -1 -2 0 -1 -2
-0.722281492207551 -0.347395954329843 -0.992306768741009 1.28889932008536 1.63120972813888 -1 0 2 2 1 1 2 1 1 1 2 1 1 0 0 2 2 1 0 1 1 1 0 0 2 1 0 1 2 0 1 2 0 0 1 1 0 0 2 1 0 1 1 0 2 2 2 2 2 2 2 0 2 2 0 1 1 1 1 0 2 1 2 2 1 0 1 0 0 1 0 1 1 1 1 1 0 0 2 2 2 1 1 0 2 0 1 2 1 1 2 0 1 1 1 1 1 2 0 1 2 0 -2 -2 -1 -1 -2 -1 -1 -1 -2 -1 -1 0 0 -2 -2 -1 0 -1 -1 -1 0 0 -2 -1 0 -1 -2 0 -1 -2 0 0 -1 -1 0 0 -2 -1 0 -1 -1 0 -2 -2 -2 -2 -2 -2 -2 0 -2 -2 0 -1 -1 -1 -1 0 -2 -1 -2 -2 -1 0 -1 0 0 -1 0 -1 -1 -1 -1 -1 0 0 -2 -2 -2 -1 -1 0 -2 0 -1 -2 -1 -1 -2 0 -1 -1 -1 -1 -1 -2 0 -1 -2
-0.370821863352541 1.08982878434181 0.239700284054097 1.37186167880012 0.369717652612816 1 0 1 2 0 1 2 0 1 0 1 1 0 0 0 1 0 0 1 0 1 2 0 0 2 0 0 0 2 0 1 2 0 0 1 2 1 0 2 0 0 2 2 0 2 2 2 2 1 2 2 0 1 2 0 1 0 0 0 0 1 1 1 1 1 0 2 2 1 2 0 2 1 2 2 2 1 2 2 2 1 1 0 0 1 1 1 0 0 1 2 1 1 0 1 2 2 1 1 2 2 0 1 2 0 1 2 0 1 0 1 1 0 0 0 1 0 0 1 0 1 2 0 0 2 0 0 0 2 0 1 2 0 0 1 2 1 0 2 0 0 2 2 0 2 2 2 2 1 2 2 0 1 2 0 1 0 0 0 0 1 1 1 1 1 0 2 2 1 2 0 2 1 2 2 2 1 2 2 2 1 1 0 0 1 1 1 0 0 1 2 1 1 0 1 2 2 1 1 2 2
0.300680555600504 -1.66810471986865 1.46218673214289 -1.00879297241789 -1.07809936576264 -1 1 1 2 0 0 1 0 1 2 2 2 2 0 0 1 2 0 1 1 1 1 0 0 1 0 0 0 2 2 0 1 0 1 2 1 0 1 2 0 0 2 2 0 0 2 2 1 2 1 2 0 1 2 0 1 1 1 0 0 2 1 1 2 0 0 1 1 0 2 1 2 2 2 2 2 1 0 0 0 0 1 1 1 2 0 1 0 1 0 1 1 1 1 1 1 2 2 2 2 2 -1 -1 -2 0 0 -1 0 -1 -2 -2 -2 -2 0 0 -1 -2 0 -1 -1 -1 -1 0 0 -1 0 0 0 -2 -2 0 -1 0 -1 -2 -1 0 -1 -2 0 0 -2 -2 0 0 -2 -2 -1 -2 -1 -2 0 -1 -2 0 -1 -1 -1 0 0 -2 -1 -1 -2 0 0 -1 -1 0 -2 -1 -2 -2 -2 -2 -2 -1 0 0 0 0 -1 -1 -1 -2 0 -1 0 -1 0 -1 -1 -1 -1 -1 -1 -2 -2 -2 -2 -2
-0.731277270852001 -1.28770257817694 -1.92967177422693 0.843583158466355 0.0849604800013672 -1 0 2 2 1 2 2 0 0 0 2 1 1 0 1 1 1 1 0 0 2 0 0 0 0 0 0 0 2 1 1 2 0 0 1 1 0 1 2 1 1 2 1 0 1 2 2 1 1 1 2 0 1 2 0 1 1 0 0 1 1 1 2 2 1 0 1 1 0 2 0 2 1 2 2 2 2 2 2 2 2 0 2 0 2 0 1 0 0 0 2 0 2 0 0 2 2 2 0 0 2 0 -2 -2 -1 -2 -2 0 0 0 -2 -1 -1 0 -1 -1 -1 -1 0 0 -2 0 0 0 0 0 0 0 -2 -1 -1 -2 0 0 -1 -1 0 -1 -2 -1 -1 -2 -1 0 -1 -2 -2 -1 -1 -1 -2 0 -1 -2 0 -1 -1 0 0 -1 -1 -1 -2 -2 -1 0 -1 -1 0 -2 0 -2 -1 -2 -2 -2 -2 -2 -2 -2 -2 0 -2 0 -2 0 -1 0 0 0 -2 0 -2 0 0 -2 -2 -2 0 0 -2
0.143678810951307 -0.188455026118308 -0.630876964181509 1.16905769420528 0.773246803679672 1 1 1 1 1 1 1 0 0 0 2 1 1 0 0 1 2 0 1 1 2 2 0 0 2 1 1 1 2 0 0 2 0 0 2 2 1 1 2 1 1 2 2 0 2 2 2 1 1 2 2 1 1 2 0 1 1 2 0 0 0 1 2 2 2 0 1 0 0 2 1 1 2 2 2 2 0 1 2 2 2 2 1 1 2 0 1 1 1 0 2 1 2 1 2 2 2 2 2 1 2 1 1 1 1 1 1 0 0 0 2 1 1 0 0 1 2 0 1 1 2 2 0 0 2 1 1 1 2 0 0 2 0 0 2 2 1 1 2 1 1 2 2 0 2 2 2 1 1 2 2 1 1 2 0 1 1 2 0 0 0 1 2 2 2 0 1 0 0 2 1 1 2 2 2 2 0 1 2 2 2 2 1 1 2 0 1 1 1 0 2 1 2 1 2 2 2 2 2 1 2
-0.352817967642183 -1.2333393150476 1.05714747213169 0.729193382723353 1.78882925520607 1 0 0 2 0 2 2 0 1 0 2 1 0 0 0 1 1 0 2 1 2 1 0 0 2 1 1 0 2 1 0 2 0 1 2 2 0 0 2 0 1 2 2 0 2 2 2 1 1 2 2 1 2 2 0 1 0 2 0 2 2 2 1 2 0 0 2 2 1 2 0 2 2 2 2 1 2 1 2 2 0 0 2 0 2 0 1 1 1 0 1 0 0 0 0 2 2 2 1 1 2 0 0 2 0 2 2 0 1 0 2 1 0 0 0 1 1 0 2 1 2 1 0 0 2 1 1 0 2 1 0 2 0 1 2 2 0 0 2 0 1 2 2 0 2 2 2 1 1 2 2 1 2 2 0 1 0 2 0 2 2 2 1 2 0 0 2 2 1 2 0 2 2 2 2 1 2 1 2 2 0 0 2 0 2 0 1 1 1 0 1 0 0 0 0 2 2 2 1 1 2
0.919480604170257 -0.194722016951662 -0.312374203748611 -1.75839659388595 0.175593245864222 -1 0 1 2 2 2 2 0 1 2 2 2 1 1 0 2 1 1 1 1 1 1 0 0 1 0 0 0 2 0 0 2 0 1 2 1 0 0 2 0 0 2 1 0 2 2 2 2 1 2 1 0 0 2 0 0 1 1 0 0 1 1 1 2 0 0 1 2 0 2 0 1 1 2 2 2 1 0 1 1 1 0 2 0 2 1 2 2 0 1 1 0 2 1 0 1 2 2 2 0 2 0 -1 -2 -2 -2 -2 0 -1 -2 -2 -2 -1 -1 0 -2 -1 -1 -1 -1 -1 -1 0 0 -1 0 0 0 -2 0 0 -2 0 -1 -2 -1 0 0 -2 0 0 -2 -1 0 -2 -2 -2 -2 -1 -2 -1 0 0 -2 0 0 -1 -1 0 0 -1 -1 -1 -2 0 0 -1 -2 0 -2 0 -1 -1 -2 -2 -2 -1 0 -1 -1 -1 0 -2 0 -2 -1 -2 -2 0 -1 -1 0 -2 -1 0 -1 -2 -2 -2 0 -2
-0.479157913833151 0.886600060287846 0.408142385383636 0.339816152584104 -1.03808432876282 -1 2 2 2 2 2 2 1 1 2 2 1 0 0 1 0 2 1 2 2 1 2 0 0 2 0 0 1 2 1 0 2 0 1 2 2 1 0 2 1 0 1 1 0 0 2 2 1 1 0 2 1 1 1 0 0 0 0 0 0 0 0 1 2 1 0 2 2 1 2 1 2 2 2 2 0 0 0 2 2 2 1 2 1 2 0 0 0 0 0 0 0 0 0 1 2 1 2 0 1 2 -2 -2 -2 -2 -2 -2 -1 -1 -2 -2 -1 0 0 -1 0 -2 -1 -2 -2 -1 -2 0 0 -2 0 0 -1 -2 -1 0 -2 0 -1 -2 -2 -1 0 -2 -1 0 -1 -1 0 0 -2 -2 -1 -1 0 -2 -1 -1 -1 0 0 0 0 0 0 0 0 -1 -2 -1 0 -2 -2 -1 -2 -1 -2 -2 -2 -2 0 0 0 -2 -2 -2 -1 -2 -1 -2 0 0 0 0 0 0 0 0 0 -1 -2 -1 -2 0 -1 -2
1.24948315650277 -0.863590494032753 -1.1656451848684 1.47310595252534 -0.00291896716112543 -1 1 1 1 0 2 2 0 1 2 2 1 0 0 0 1 1 1 1 0 0 1 0 0 2 0 0 1 2 0 0 1 0 2 2 2 0 1 2 0 0 1 1 0 2 2 2 0 2 2 1 0 1 2 1 2 1 1 0 0 2 2 2 2 1 0 1 1 0 2 1 2 2 2 2 2 2 1 2 1 1 1 2 0 1 1 0 0 0 2 1 0 0 0 0 1 2 2 1 1 2 -1 -1 -1 0 -2 -2 0 -1 -2 -2 -1 0 0 0 -1 -1 -1 -1 0 0 -1 0 0 -2 0 0 -1 -2 0 0 -1 0 -2 -2 -2 0 -1 -2 0 0 -1 -1 0 -2 -2 -2 0 -2 -2 -1 0 -1 -2 -1 -2 -1 -1 0 0 -2 -2 -2 -2 -1 0 -1 -1 0 -2 -1 -2 -2 -2 -2 -2 -2 -1 -2 -1 -1 -1 -2 0 -1 -1 0 0 0 -2 -1 0 0 0 0 -1 -2 -2 -1 -1 -2
-0.763795140462851 1.30257227157974 0.756151826654659 -0.314955687341874 -0.328738280846377 -1 0 1 2 1 1 2 0 0 0 1 2 1 0 1 1 2 0 0 0 0 0 0 1 2 2 2 1 2 1 0 2 0 0 1 2 0 1 2 1 0 1 2 0 2 2 2 2 2 2 2 2 2 2 0 0 0 0 0 0 0 0 1 2 0 0 2 2 1 2 1 2 2 2 1 1 0 1 2 1 1 0 1 0 2 2 2 2 0 0 2 1 1 0 1 2 2 2 2 1 2 0 -1 -2 -1 -1 -2 0 0 0 -1 -2 -1 0 -1 -1 -2 0 0 0 0 0 0 -1 -2 -2 -2 -1 -2 -1 0 -2 0 0 -1 -2 0 -1 -2 -1 0 -1 -2 0 -2 -2 -2 -2 -2 -2 -2 -2 -2 -2 0 0 0 0 0 0 0 0 -1 -2 0 0 -2 -2 -1 -2 -1 -2 -2 -2 -1 -1 0 -1 -2 -1 -1 0 -1 0 -2 -2 -2 -2 0 0 -2 -1 -1 0 -1 -2 -2 -2 -2 -1 -2
0.554928320641495 1.17717849883265 0.479490771488333 0.828155213745419 -0.134179568334996 1 0 1 2 2 2 2 0 0 1 2 2 2 1 1 1 2 2 1 1 1 1 0 1 2 1 0 0 1 1 0 2 1 0 2 2 0 0 2 1 0 2 1 0 2 2 2 1 2 2 2 2 1 2 0 1 1 1 0 0 1 1 1 1 1 0 2 2 0 2 2 2 2 2 2 2 1 2 2 2 2 1 0 0 2 0 1 1 0 0 2 2 2 1 1 2 2 2 2 2 2 0 1 2 2 2 2 0 0 1 2 2 2 1 1 1 2 2 1 1 1 1 0 1 2 1 0 0 1 1 0 2 1 0 2 2 0 0 2 1 0 2 1 0 2 2 2 1 2 2 2 2 1 2 0 1 1 1 0 0 1 1 1 1 1 0 2 2 0 2 2 2 2 2 2 2 1 2 2 2 2 1 0 0 2 0 1 1 0 0 2 2 2 1 1 2 2 2 2 2 2
1.80517533475791 0.44536107926303 -1.11602865598991 1.84750580428339 0.485636281575794 -1 0 2 2 0 0 2 0 2 1 2 2 0 0 0 0 1 1 1 0 1 1 0 0 2 0 0 0 2 2 1 2 0 1 1 2 1 0 2 1 0 1 1 0 2 2 2 2 2 2 2 1 2 2 0 1 0 1 1 1 0 1 2 2 0 0 1 1 0 2 1 2 1 0 2 2 1 2 1 2 2 1 0 0 1 0 2 0 0 0 2 1 2 1 0 1 2 2 1 2 2 0 -2 -2 0 0 -2 0 -2 -1 -2 -2 0 0 0 0 -1 -1 -1 0 -1 -1 0 0 -2 0 0 0 -2 -2 -1 -2 0 -1 -1 -2 -1 0 -2 -1 0 -1 -1 0 -2 -2 -2 -2 -2 -2 -2 -1 -2 -2 0 -1 0 -1 -1 -1 0 -1 -2 -2 0 0 -1 -1 0 -2 -1 -2 -1 0 -2 -2 -1 -2 -1 -2 -2 -1 0 0 -1 0 -2 0 0 0 -2 -1 -2 -1 0 -1 -2 -2 -1 -2 -2
1.30934127423577 -1.53448240657321 -0.9724123314926 0.743328671814945 0.727462602106109 1 0 0 2 1 2 2 0 1 1 2 1 0 0 0 2 1 1 1 1 2 2 2 2 2 1 0 0 2 1 2 2 0 1 2 2 0 1 2 1 0 1 0 0 2 2 2 0 0 1 2 2 0 2 0 1 0 0 0 1 2 2 1 2 2 0 2 2 1 2 1 2 2 2 1 1 0 1 2 1 1 1 2 1 1 2 0 1 0 0 2 1 2 0 1 0 1 1 0 0 2 0 0 2 1 2 2 0 1 1 2 1 0 0 0 2 1 1 1 1 2 2 2 2 2 1 0 0 2 1 2 2 0 1 2 2 0 1 2 1 0 1 0 0 2 2 2 0 0 1 2 2 0 2 0 1 0 0 0 1 2 2 1 2 2 0 2 2 1 2 1 2 2 2 1 1 0 1 2 1 1 1 2 1 1 2 0 1 0 0 2 1 2 0 1 0 1 1 0 0 2
-2.84446714473275 -0.342582969931075 -1.03161068498614 -0.324333651596476 -1.20429678583068 1 1 2 2 1 1 2 0 1 1 2 2 1 0 0 1 2 1 1 1 2 2 0 1 2 1 0 0 1 1 1 2 0 2 2 2 1 0 2 0 0 2 1 0 1 1 2 1 2 1 1 0 0 1 0 0 0 1 0 0 1 1 1 1 0 0 0 0 0 2 0 2 2 2 2 2 0 0 0 1 1 1 2 0 1 1 1 1 1 1 2 1 2 1 1 2 2 1 0 0 2 1 2 2 1 1 2 0 1 1 2 2 1 0 0 1 2 1 1 1 2 2 0 1 2 1 0 0 1 1 1 2 0 2 2 2 1 0 2 0 0 2 1 0 1 1 2 1 2 1 1 0 0 1 0 0 0 1 0 0 1 1 1 1 0 0 0 0 0 2 0 2 2 2 2 2 0 0 0 1 1 1 2 0 1 1 1 1 1 1 2 1 2 1 1 2 2 1 0 0 2
-0.452790663109452 1.63775943416853 2.12425907445403 -0.378813846459321 -1.27075193260687 1 0 2 2 1 1 2 0 1 1 2 2 0 0 1 2 2 0 0 0 1 0 0 0 2 0 0 0 2 1 1 2 0 0 2 2 1 1 2 1 1 2 2 0 1 2 1 0 1 2 2 1 1 2 0 1 1 1 0 0 1 2 0 2 0 0 1 2 0 2 2 2 2 2 1 1 0 0 1 2 2 2 2 0 1 1 0 1 0 1 2 1 1 0 1 2 2 2 1 1 2 0 2 2 1 1 2 0 1 1 2 2 0 0 1 2 2 0 0 0 1 0 0 0 2 0 0 0 2 1 1 2 0 0 2 2 1 1 2 1 1 2 2 0 1 2 1 0 1 2 2 1 1 2 0 1 1 1 0 0 1 2 0 2 0 0 1 2 0 2 2 2 2 2 1 1 0 0 1 2 2 2 2 0 1 1 0 1 0 1 2 1 1 0 1 2 2 2 1 1 2
0.358709068725022 1.69812901056956 0.58788003296885 -0.75055672910497 0.104550305635164 1 1 1 1 0 2 2 0 1 0 2 2 0 0 0 1 2 1 1 0 1 0 0 1 2 0 0 1 2 1 1 2 0 0 2 2 0 1 2 1 2 2 2 1 2 2 2 2 2 2 1 0 1 1 0 1 1 0 0 0 1 2 2 2 1 0 0 0 0 2 0 1 1 2 2 1 0 0 1 0 1 0 0 0 1 1 1 0 0 1 2 1 2 0 1 1 2 2 0 1 2 1 1 1 0 2 2 0 1 0 2 2 0 0 0 1 2 1 1 0 1 0 0 1 2 0 0 1 2 1 1 2 0 0 2 2 0 1 2 1 2 2 2 1 2 2 2 2 2 2 1 0 1 1 0 1 1 0 0 0 1 2 2 2 1 0 0 0 0 2 0 1 1 2 2 1 0 0 1 0 1 0 0 0 1 1 1 0 0 1 2 1 2 0 1 1 2 2 0 1 2
0.609302925715008 -0.0672397084036731 -0.754369165630443 -0.867738190921378 -2.04568273949681 -1 1 2 2 1 2 2 0 0 0 2 1 1 0 0 2 1 0 0 0 2 2 0 1 2 1 1 2 2 1 0 2 0 1 1 2 0 1 2 0 0 0 1 0 1 2 2 1 1 1 2 2 1 2 0 1 1 0 0 1 1 1 2 2 1 0 1 1 0 2 1 2 1 2 2 2 1 1 1 1 2 1 1 0 1 2 1 1 1 1 2 1 2 1 1 2 2 2 0 0 2 -1 -2 -2 -1 -2 -2 0 0 0 -2 -1 -1 0 0 -2 -1 0 0 0 -2 -2 0 -1 -2 -1 -1 -2 -2 -1 0 -2 0 -1 -1 -2 0 -1 -2 0 0 0 -1 0 -1 -2 -2 -1 -1 -1 -2 -2 -1 -2 0 -1 -1 0 0 -1 -1 -1 -2 -2 -1 0 -1 -1 0 -2 -1 -2 -1 -2 -2 -2 -1 -1 -1 -1 -2 -1 -1 0 -1 -2 -1 -1 -1 -1 -2 -1 -2 -1 -1 -2 -2 -2 0 0 -2
0.0445176891698149 -1.22863841202865 -0.694223844014173 1.84753450568435 0.541038859373671 -1 0 2 2 1 0 1 0 0 0 2 1 1 2 1 2 2 0 1 1 2 2 0 1 1 0 0 0 2 0 0 2 0 1 1 2 0 1 2 2 0 2 2 0 0 2 2 1 2 2 2 1 2 2 0 1 0 1 0 0 1 0 0 2 0 0 2 1 0 2 1 2 1 2 2 2 0 1 2 2 1 0 1 0 1 1 2 1 2 2 0 0 2 1 2 2 2 2 0 0 2 0 -2 -2 -1 0 -1 0 0 0 -2 -1 -1 -2 -1 -2 -2 0 -1 -1 -2 -2 0 -1 -1 0 0 0 -2 0 0 -2 0 -1 -1 -2 0 -1 -2 -2 0 -2 -2 0 0 -2 -2 -1 -2 -2 -2 -1 -2 -2 0 -1 0 -1 0 0 -1 0 0 -2 0 0 -2 -1 0 -2 -1 -2 -1 -2 -2 -2 0 -1 -2 -2 -1 0 -1 0 -1 -1 -2 -1 -2 -2 0 0 -2 -1 -2 -2 -2 -2 0 0 -2
1.9144060988428 0.167096109602545 -1.01871532897659 -0.13934339252791 -1.8533175346092 1 0 1 2 1 2 2 0 2 0 2 1 0 0 0 2 2 1 0 1 1 1 0 0 1 0 0 0 1 1 1 2 0 1 2 2 0 0 2 1 0 2 1 0 2 2 2 2 2 2 2 1 1 2 0 1 0 1 0 0 0 1 1 2 1 0 0 0 0 2 2 2 2 2 2 2 1 0 2 1 2 1 1 1 2 0 0 1 1 1 0 0 2 1 2 2 2 2 1 0 2 0 1 2 1 2 2 0 2 0 2 1 0 0 0 2 2 1 0 1 1 1 0 0 1 0 0 0 1 1 1 2 0 1 2 2 0 0 2 1 0 2 1 0 2 2 2 2 2 2 2 1 1 2 0 1 0 1 0 0 0 1 1 2 1 0 0 0 0 2 2 2 2 2 2 2 1 0 2 1 2 1 1 1 2 0 0 1 1 1 0 0 2 1 2 2 2 2 1 0 2
-0.400381217427206 1.52429293268294 -0.964669439032702 1.04263251455937 0.184979862718341 1 2 2 2 2 2 2 0 1 1 2 1 1 1 1 1 2 1 1 1 2 2 0 0 1 0 0 0 2 1 0 1 0 1 0 2 0 0 1 0 0 1 1 0 1 2 2 1 2 2 2 1 1 2 0 1 2 1 0 0 0 0 1 2 1 1 2 2 1 2 1 2 2 2 2 2 1 1 2 2 1 1 2 0 1 0 0 0 0 1 1 0 0 0 0 1 2 1 1 1 2 2 2 2 2 2 2 0 1 1 2 1 1 1 1 1 2 1 1 1 2 2 0 0 1 0 0 0 2 1 0 1 0 1 0 2 0 0 1 0 0 1 1 0 1 2 2 1 2 2 2 1 1 2 0 1 2 1 0 0 0 0 1 2 1 1 2 2 1 2 1 2 2 2 2 2 1 1 2 2 1 1 2 0 1 0 0 0 0 1 1 0 0 0 0 1 2 1 1 1 2
-0.308629442418834 -2.10163137593917 -1.78198274988714 -0.90287492008384 -0.436093191407024 -1 0 1 2 0 0 2 0 1 1 2 1 0 0 1 2 1 0 0 0 1 2 0 0 0 0 0 0 1 0 0 1 0 1 2 2 1 0 1 0 0 1 1 0 2 2 2 0 1 2 2 1 1 2 0 2 0 1 0 1 2 1 1 2 1 1 2 1 0 2 0 2 2 2 2 2 1 0 1 1 1 1 1 0 1 1 1 1 1 1 2 1 1 1 2 2 1 2 0 1 2 0 -1 -2 0 0 -2 0 -1 -1 -2 -1 0 0 -1 -2 -1 0 0 0 -1 -2 0 0 0 0 0 0 -1 0 0 -1 0 -1 -2 -2 -1 0 -1 0 0 -1 -1 0 -2 -2 -2 0 -1 -2 -2 -1 -1 -2 0 -2 0 -1 0 -1 -2 -1 -1 -2 -1 -1 -2 -1 0 -2 0 -2 -2 -2 -2 -2 -1 0 -1 -1 -1 -1 -1 0 -1 -1 -1 -1 -1 -1 -2 -1 -1 -1 -2 -2 -1 -2 0 -1 -2
-1.74308803208828 0.420274031892872 0.572422488095441 0.386364162850595 0.033213209327497 1 1 1 2 1 0 2 0 1 0 2 2 1 2 2 1 2 1 0 1 1 2 0 0 2 1 0 0 2 0 0 2 0 1 0 2 1 1 2 0 0 1 0 0 2 2 1 0 1 1 2 1 0 1 0 1 0 1 0 0 0 0 0 2 0 0 1 1 0 2 0 1 1 2 2 1 0 2 2 1 1 1 2 1 2 2 1 2 1 1 2 0 2 1 1 1 2 2 1 2 2 1 1 2 1 0 2 0 1 0 2 2 1 2 2 1 2 1 0 1 1 2 0 0 2 1 0 0 2 0 0 2 0 1 0 2 1 1 2 0 0 1 0 0 2 2 1 0 1 1 2 1 0 1 0 1 0 1 0 0 0 0 0 2 0 0 1 1 0 2 0 1 1 2 2 1 0 2 2 1 1 1 2 1 2 2 1 2 1 1 2 0 2 1 1 1 2 2 1 2 2
0.457849131955692 -0.484859353305413 -0.0575850702547309 0.376312020826636 0.657602515010844 1 1 2 2 1 1 2 1 2 2 2 2 2 1 0 2 2 1 0 1 1 2 0 2 2 1 0 1 2 1 1 2 0 2 2 2 0 1 2 0 0 2 1 0 2 2 2 1 1 2 2 0 1 1 0 0 1 1 0 0 2 1 2 2 2 0 2 2 1 2 2 2 2 2 1 1 1 1 2 2 1 0 1 0 1 2 1 2 2 1 1 0 0 0 0 0 2 1 2 1 2 1 2 2 1 1 2 1 2 2 2 2 2 1 0 2 2 1 0 1 1 2 0 2 2 1 0 1 2 1 1 2 0 2 2 2 0 1 2 0 0 2 1 0 2 2 2 1 1 2 2 0 1 1 0 0 1 1 0 0 2 1 2 2 2 0 2 2 1 2 2 2 2 2 1 1 1 1 2 2 1 0 1 0 1 2 1 2 2 1 1 0 0 0 0 0 2 1 2 1 2
0.368702745842426 1.41912894096738 1.12194676921825 0.158251524233854 0.889188213809021 -1 0 2 2 1 2 2 0 0 0 2 1 1 1 0 1 2 1 2 1 1 0 0 0 2 2 1 1 2 1 0 2 0 1 2 2 0 0 2 0 0 1 2 0 1 0 1 1 2 2 2 1 1 2 0 0 0 0 0 0 1 2 1 2 0 0 1 2 0 2 0 1 1 2 1 2 1 0 0 0 2 0 0 0 2 0 1 2 2 2 2 1 2 1 1 2 0 0 1 1 2 0 -2 -2 -1 -2 -2 0 0 0 -2 -1 -1 -1 0 -1 -2 -1 -2 -1 -1 0 0 0 -2 -2 -1 -1 -2 -1 0 -2 0 -1 -2 -2 0 0 -2 0 0 -1 -2 0 -1 0 -1 -1 -2 -2 -2 -1 -1 -2 0 0 0 0 0 0 -1 -2 -1 -2 0 0 -1 -2 0 -2 0 -1 -1 -2 -1 -2 -1 0 0 0 -2 0 0 0 -2 0 -1 -2 -2 -2 -2 -1 -2 -1 -1 -2 0 0 -1 -1 -2
-1.133393138693 -0.591930033627715 1.18630704752279 0.554957925219002 0.907962422272138 -1 0 1 1 0 1 2 0 1 1 2 0 0 0 0 1 1 1 2 2 2 2 0 0 2 0 0 0 2 1 1 2 1 2 1 1 0 0 2 0 0 2 2 0 1 2 2 1 1 2 2 0 0 1 0 1 0 0 0 1 2 1 0 1 0 0 1 2 0 1 0 2 2 2 2 2 0 0 1 1 1 1 1 0 1 0 1 2 1 1 1 1 0 0 1 0 0 1 0 0 1 0 -1 -1 0 -1 -2 0 -1 -1 -2 0 0 0 0 -1 -1 -1 -2 -2 -2 -2 0 0 -2 0 0 0 -2 -1 -1 -2 -1 -2 -1 -1 0 0 -2 0 0 -2 -2 0 -1 -2 -2 -1 -1 -2 -2 0 0 -1 0 -1 0 0 0 -1 -2 -1 0 -1 0 0 -1 -2 0 -1 0 -2 -2 -2 -2 -2 0 0 -1 -1 -1 -1 -1 0 -1 0 -1 -2 -1 -1 -1 -1 0 0 -1 0 0 -1 0 0 -1
-0.377959659411331 0.257715536157309 0.198540814674132 0.0235667410598789 -1.36948350922191 1 1 1 1 1 2 2 0 1 1 2 2 0 0 0 0 1 1 1 0 2 1 0 0 1 0 0 0 2 1 1 2 0 0 1 2 0 1 2 1 0 2 2 1 1 2 1 1 2 2 2 1 1 2 0 1 0 0 0 0 0 2 2 2 0 0 2 2 0 2 0 2 1 2 2 2 1 0 1 2 2 0 2 0 2 1 0 1 2 1 1 0 0 0 0 0 0 1 1 0 2 1 1 1 1 2 2 0 1 1 2 2 0 0 0 0 1 1 1 0 2 1 0 0 1 0 0 0 2 1 1 2 0 0 1 2 0 1 2 1 0 2 2 1 1 2 1 1 2 2 2 1 1 2 0 1 0 0 0 0 0 2 2 2 0 0 2 2 0 2 0 2 1 2 2 2 1 0 1 2 2 0 2 0 2 1 0 1 2 1 1 0 0 0 0 0 0 1 1 0 2
-0.546426902808724 -0.870547616434452 1.65742893799881 1.27187431385227 0.0221596200680293 -1 2 2 2 2 1 2 0 2 0 2 2 1 1 0 2 2 1 1 0 0 2 1 0 1 0 1 1 2 1 1 2 1 1 0 1 0 0 2 1 0 2 1 0 2 2 2 0 1 2 2 1 1 2 1 0 0 1 0 0 2 1 1 2 0 0 2 2 0 2 1 2 2 2 1 1 0 0 2 2 2 1 2 0 2 1 1 1 0 1 1 0 1 0 0 1 2 2 1 1 2 -2 -2 -2 -2 -1 -2 0 -2 0 -2 -2 -1 -1 0 -2 -2 -1 -1 0 0 -2 -1 0 -1 0 -1 -1 -2 -1 -1 -2 -1 -1 0 -1 0 0 -2 -1 0 -2 -1 0 -2 -2 -2 0 -1 -2 -2 -1 -1 -2 -1 0 0 -1 0 0 -2 -1 -1 -2 0 0 -2 -2 0 -2 -1 -2 -2 -2 -1 -1 0 0 -2 -2 -2 -1 -2 0 -2 -1 -1 -1 0 -1 -1 0 -1 0 0 -1 -2 -2 -1 -1 -2
-0.36104216633321 -1.82765563585871 0.378594325676777 1.92073259796192 -0.786902061426362 -1 2 2 2 1 2 2 0 2 2 2 2 2 1 1 1 1 1 1 1 1 1 1 1 2 1 0 0 2 1 0 1 0 1 2 2 1 1 2 1 0 1 1 0 2 2 2 2 1 2 2 2 2 2 0 2 2 1 1 0 1 1 0 2 1 1 2 1 0 2 1 2 2 2 1 2 0 0 1 1 0 0 2 0 2 0 1 2 1 1 0 0 0 0 1 0 1 1 1 0 2 -2 -2 -2 -1 -2 -2 0 -2 -2 -2 -2 -2 -1 -1 -1 -1 -1 -1 -1 -1 -1 -1 -1 -2 -1 0 0 -2 -1 0 -1 0 -1 -2 -2 -1 -1 -2 -1 0 -1 -1 0 -2 -2 -2 -2 -1 -2 -2 -2 -2 -2 0 -2 -2 -1 -1 0 -1 -1 0 -2 -1 -1 -2 -1 0 -2 -1 -2 -2 -2 -1 -2 0 0 -1 -1 0 0 -2 0 -2 0 -1 -2 -1 -1 0 0 0 0 -1 0 -1 -1 -1 0 -2
-0.333602816773504 1.31434792043536 0.662351838690629 1.52968639837084 0.365605175997253 -1 0 1 2 1 1 2 0 1 1 2 2 1 0 1 1 2 2 1 0 1 1 0 0 2 0 0 0 2 2 2 2 1 2 2 2 0 1 2 1 1 2 2 0 0 2 2 1 2 2 2 1 1 2 0 2 1 1 0 0 0 1 2 2 0 0 2 1 0 2 0 2 2 2 2 1 0 1 0 1 2 0 0 0 2 0 2 1 0 1 2 1 2 1 0 2 2 2 1 1 2 0 -1 -2 -1 -1 -2 0 -1 -1 -2 -2 -1 0 -1 -1 -2 -2 -1 0 -1 -1 0 0 -2 0 0 0 -2 -2 -2 -2 -1 -2 -2 -2 0 -1 -2 -1 -1 -2 -2 0 0 -2 -2 -1 -2 -2 -2 -1 -1 -2 0 -2 -1 -1 0 0 0 -1 -2 -2 0 0 -2 -1 0 -2 0 -2 -2 -2 -2 -1 0 -1 0 -1 -2 0 0 0 -2 0 -2 -1 0 -1 -2 -1 -2 -1 0 -2 -2 -2 -1 -1 -2
-0.603078215109256 1.75065425807873 -0.239812740601672 -0.898057503903232 -1.87180933899375 -1 1 2 2 2 1 2 0 1 2 2 1 0 0 1 1 1 1 0 0 1 1 0 0 0 1 1 1 2 1 0 2 0 0 1 2 0 0 2 0 0 1 2 0 1 2 2 2 2 1 2 0 1 2 0 2 1 2 0 0 0 1 1 2 0 0 2 2 0 2 0 2 2 2 1 1 0 0 1 2 2 1 1 0 2 0 1 1 0 1 2 1 2 1 2 2 2 1 0 1 1 -1 -2 -2 -2 -1 -2 0 -1 -2 -2 -1 0 0 -1 -1 -1 -1 0 0 -1 -1 0 0 0 -1 -1 -1 -2 -1 0 -2 0 0 -1 -2 0 0 -2 0 0 -1 -2 0 -1 -2 -2 -2 -2 -1 -2 0 -1 -2 0 -2 -1 -2 0 0 0 -1 -1 -2 0 0 -2 -2 0 -2 0 -2 -2 -2 -1 -1 0 0 -1 -2 -2 -1 -1 0 -2 0 -1 -1 0 -1 -2 -1 -2 -1 -2 -2 -2 -1 0 -1 -1
-1.51267605834643 -0.786658553224545 -0.754928172635464 -0.175909264709428 0.990013253527249 1 2 2 2 1 0 2 0 2 1 2 1 1 0 0 1 2 1 0 1 1 1 1 1 2 1 0 0 2 2 2 2 0 1 1 2 0 0 1 0 0 2 1 0 1 2 2 2 2 2 1 0 0 2 0 0 0 0 0 1 1 2 2 2 1 0 1 1 0 2 2 2 2 2 2 2 1 1 2 2 1 0 1 0 2 0 0 1 0 1 2 0 2 0 0 1 1 2 1 1 2 2 2 2 1 0 2 0 2 1 2 1 1 0 0 1 2 1 0 1 1 1 1 1 2 1 0 0 2 2 2 2 0 1 1 2 0 0 1 0 0 2 1 0 1 2 2 2 2 2 1 0 0 2 0 0 0 0 0 1 1 2 2 2 1 0 1 1 0 2 2 2 2 2 2 2 1 1 2 2 1 0 1 0 2 0 0 1 0 1 2 0 2 0 0 1 1 2 1 1 2
-0.0697386805747092 -0.604913395853147 -0.483712823054452 0.206310715703453 0.457585859640704 -1 1 1 2 1 2 2 0 1 1 2 2 1 0 0 2 1 0 1 0 1 1 0 0 2 1 1 1 2 1 1 2 0 0 2 2 0 1 2 0 0 2 2 1 1 2 2 2 2 2 2 1 0 2 0 0 0 0 0 2 2 1 2 2 1 0 2 1 0 2 1 2 1 2 2 2 0 0 1 1 1 0 1 0 2 1 1 1 1 0 2 1 2 2 2 2 2 2 1 2 2 -1 -1 -2 -1 -2 -2 0 -1 -1 -2 -2 -1 0 0 -2 -1 0 -1 0 -1 -1 0 0 -2 -1 -1 -1 -2 -1 -1 -2 0 0 -2 -2 0 -1 -2 0 0 -2 -2 -1 -1 -2 -2 -2 -2 -2 -2 -1 0 -2 0 0 0 0 0 -2 -2 -1 -2 -2 -1 0 -2 -1 0 -2 -1 -2 -1 -2 -2 -2 0 0 -1 -1 -1 0 -1 0 -2 -1 -1 -1 -1 0 -2 -1 -2 -2 -2 -2 -2 -2 -1 -2 -2
0.782839194771029 1.17810127836004 1.49733627647646 0.258759690796162 0.577184206307743 1 1 1 2 1 2 2 0 1 0 1 1 1 1 0 1 2 2 1 1 1 1 0 1 2 1 0 0 2 1 0 2 1 1 1 2 1 1 2 1 0 2 1 0 2 2 2 2 2 1 2 2 2 1 0 0 0 0 0 0 0 2 2 2 0 1 2 2 0 2 0 1 0 1 1 1 1 2 2 2 2 1 2 0 2 0 0 0 0 1 2 0 1 1 1 1 2 2 1 1 2 1 1 2 1 2 2 0 1 0 1 1 1 1 0 1 2 2 1 1 1 1 0 1 2 1 0 0 2 1 0 2 1 1 1 2 1 1 2 1 0 2 1 0 2 2 2 2 2 1 2 2 2 1 0 0 0 0 0 0 0 2 2 2 0 1 2 2 0 2 0 1 0 1 1 1 1 2 2 2 2 1 2 0 2 0 0 0 0 1 2 0 1 1 1 1 2 2 1 1 2
1.85891492081705 0.0845184304873875 -0.681529475415437 -0.517031182980333 0.521692906246292 1 1 1 2 1 1 2 0 1 1 2 1 1 1 1 2 2 2 0 0 1 2 1 1 1 1 1 0 2 2 1 2 1 2 1 1 0 1 2 0 0 2 1 0 2 2 2 1 2 1 2 2 2 2 0 1 1 2 0 0 1 1 2 2 0 0 1 1 0 2 1 2 2 2 2 2 0 1 2 2 1 0 1 0 1 1 2 1 0 1 1 0 2 2 2 2 2 2 1 2 2 1 1 2 1 1 2 0 1 1 2 1 1 1 1 2 2 2 0 0 1 2 1 1 1 1 1 0 2 2 1 2 1 2 1 1 0 1 2 0 0 2 1 0 2 2 2 1 2 1 2 2 2 2 0 1 1 2 0 0 1 1 2 2 0 0 1 1 0 2 1 2 2 2 2 2 0 1 2 2 1 0 1 0 1 1 2 1 0 1 1 0 2 2 2 2 2 2 1 2 2
0.527502721343973 0.162384785020277 0.294991866940687 -2.8293079788874 -0.0395661383501574 -1 0 1 2 0 0 2 0 0 1 2 1 0 0 0 2 2 1 1 0 2 2 1 0 1 0 0 1 2 0 1 2 0 1 2 2 1 2 2 0 0 2 2 0 2 2 2 1 2 1 1 0 1 2 0 1 0 1 0 0 2 1 2 2 0 0 1 2 0 2 2 2 2 2 2 2 2 1 2 2 1 0 1 0 2 1 2 2 1 2 1 1 2 0 1 0 2 2 1 1 2 0 -1 -2 0 0 -2 0 0 -1 -2 -1 0 0 0 -2 -2 -1 -1 0 -2 -2 -1 0 -1 0 0 -1 -2 0 -1 -2 0 -1 -2 -2 -1 -2 -2 0 0 -2 -2 0 -2 -2 -2 -1 -2 -1 -1 0 -1 -2 0 -1 0 -1 0 0 -2 -1 -2 -2 0 0 -1 -2 0 -2 -2 -2 -2 -2 -2 -2 -2 -1 -2 -2 -1 0 -1 0 -2 -1 -2 -2 -1 -2 -1 -1 -2 0 -1 0 -2 -2 -1 -1 -2
0.416817751099113 -0.714985740995056 -0.448624399174661 -0.663005459339458 -0.275245780681848 1 1 1 2 2 1 2 0 0 0 1 1 0 0 1 2 2 1 0 0 2 2 1 1 2 1 0 1 2 1 1 2 0 0 2 2 0 0 1 0 0 2 1 0 1 2 2 0 0 1 2 1 2 2 0 2 1 1 0 0 0 0 1 2 1 0 2 1 0 2 0 2 1 2 2 2 0 1 2 1 0 0 0 0 1 0 1 1 1 1 2 0 2 0 1 2 2 2 1 1 2 1 1 2 2 1 2 0 0 0 1 1 0 0 1 2 2 1 0 0 2 2 1 1 2 1 0 1 2 1 1 2 0 0 2 2 0 0 1 0 0 2 1 0 1 2 2 0 0 1 2 1 2 2 0 2 1 1 0 0 0 0 1 2 1 0 2 1 0 2 0 2 1 2 2 2 0 1 2 1 0 0 0 0 1 0 1 1 1 1 2 0 2 0 1 2 2 2 1 1 2
0.0239768372310448 -0.954911945122612 -1.33407445126444 -0.677525974349144 0.467410555380936 1 1 2 1 1 0 2 0 2 1 2 2 2 1 0 1 2 2 0 0 0 0 1 1 2 1 0 0 1 1 1 2 0 0 1 2 1 0 2 1 0 1 1 0 2 2 2 0 1 1 2 1 1 2 1 0 0 0 0 0 1 1 1 2 0 1 2 1 0 2 1 2 2 2 2 1 0 1 2 2 2 1 0 0 2 0 0 0 0 0 2 2 1 1 2 2 2 2 1 0 1 1 2 1 1 0 2 0 2 1 2 2 2 1 0 1 2 2 0 0 0 0 1 1 2 1 0 0 1 1 1 2 0 0 1 2 1 0 2 1 0 1 1 0 2 2 2 0 1 1 2 1 1 2 1 0 0 0 0 0 1 1 1 2 0 1 2 1 0 2 1 2 2 2 2 1 0 1 2 2 2 1 0 0 2 0 0 0 0 0 2 2 1 1 2 2 2 2 1 0 1
-0.875289410826061 0.0958360693187244 0.676855116802334 -0.44677053411028 1.08840224011921 -1 1 2 2 1 1 2 0 1 0 1 1 0 0 0 1 2 0 0 0 1 1 0 0 1 1 1 1 2 1 2 2 1 1 2 2 2 1 2 1 1 2 0 0 2 2 2 1 2 2 2 1 2 2 0 1 1 1 0 0 1 2 1 2 1 0 2 1 0 2 0 1 2 2 2 2 1 1 1 2 2 1 1 0 2 2 2 2 1 1 2 0 2 1 1 1 2 1 1 2 2 -1 -2 -2 -1 -1 -2 0 -1 0 -1 -1 0 0 0 -1 -2 0 0 0 -1 -1 0 0 -1 -1 -1 -1 -2 -1 -2 -2 -1 -1 -2 -2 -2 -1 -2 -1 -1 -2 0 0 -2 -2 -2 -1 -2 -2 -2 -1 -2 -2 0 -1 -1 -1 0 0 -1 -2 -1 -2 -1 0 -2 -1 0 -2 0 -1 -2 -2 -2 -2 -1 -1 -1 -2 -2 -1 -1 0 -2 -2 -2 -2 -1 -1 -2 0 -2 -1 -1 -1 -2 -1 -1 -2 -2
-0.65902086223037 0.75738552960397 -0.586441327302792 -0.908737988950157 1.31375888917178 1 0 1 1 0 0 0 0 0 0 2 2 1 1 0 1 2 1 0 1 2 2 1 0 1 0 0 0 2 1 1 2 0 1 1 2 1 1 2 1 0 1 1 0 1 2 2 1 2 2 1 0 1 2 0 1 1 1 0 0 2 1 2 2 0 0 2 2 0 2 1 2 2 2 2 1 1 1 2 1 0 0 0 0 1 1 1 2 1 0 1 0 1 1 1 2 2 2 1 1 2 0 1 1 0 0 0 0 0 0 2 2 1 1 0 1 2 1 0 1 2 2 1 0 1 0 0 0 2 1 1 2 0 1 1 2 1 1 2 1 0 1 1 0 1 2 2 1 2 2 1 0 1 2 0 1 1 1 0 0 2 1 2 2 0 0 2 2 0 2 1 2 2 2 2 1 1 1 2 1 0 0 0 0 1 1 1 2 1 0 1 0 1 1 1 2 2 2 1 1 2
-0.40356560103019 0.655847612073314 1.69024291918031 -1.35305959253114 -0.041563918023243 1 0 2 2 0 1 2 0 2 1 2 2 1 1 0 1 2 0 0 0 0 1 0 1 2 0 0 0 2 1 0 2 0 2 2 2 1 2 2 0 0 2 1 1 1 2 2 0 1 1 2 1 1 1 1 1 0 0 0 1 1 1 1 2 0 0 1 1 0 2 1 2 2 2 0 1 0 1 2 2 1 1 1 0 2 1 2 1 1 1 1 0 1 2 1 2 2 2 0 2 2 0 2 2 0 1 2 0 2 1 2 2 1 1 0 1 2 0 0 0 0 1 0 1 2 0 0 0 2 1 0 2 0 2 2 2 1 2 2 0 0 2 1 1 1 2 2 0 1 1 2 1 1 1 1 1 0 0 0 1 1 1 1 2 0 0 1 1 0 2 1 2 2 2 0 1 0 1 2 2 1 1 1 0 2 1 2 1 1 1 1 0 1 2 1 2 2 2 0 2 2
-0.0761978773778902 -0.843415701441351 -0.476093460412317 1.51650145952527 -0.842678469894745 -1 2 2 2 1 1 2 0 1 1 2 2 1 0 0 1 1 1 1 1 2 2 0 1 2 0 0 0 2 2 0 2 0 1 2 2 0 1 1 0 0 0 1 0 2 2 2 1 1 1 2 1 1 2 0 0 1 2 0 0 1 2 2 2 1 0 0 1 0 2 0 2 2 2 2 2 0 0 1 1 0 0 0 0 1 0 2 2 0 1 1 0 2 2 2 2 2 2 1 2 2 -2 -2 -2 -1 -1 -2 0 -1 -1 -2 -2 -1 0 0 -1 -1 -1 -1 -1 -2 -2 0 -1 -2 0 0 0 -2 -2 0 -2 0 -1 -2 -2 0 -1 -1 0 0 0 -1 0 -2 -2 -2 -1 -1 -1 -2 -1 -1 -2 0 0 -1 -2 0 0 -1 -2 -2 -2 -1 0 0 -1 0 -2 0 -2 -2 -2 -2 -2 0 0 -1 -1 0 0 0 0 -1 0 -2 -2 0 -1 -1 0 -2 -2 -2 -2 -2 -2 -1 -2 -2
1.2827963241646 1.07640967646932 -0.00245678098076598 0.789495885325597 -0.559082268329 1 2 1 2 1 1 2 0 1 0 2 2 0 0 0 2 2 1 0 0 1 1 0 1 2 0 0 0 2 1 1 2 0 2 2 2 1 2 2 0 0 2 2 0 1 1 1 0 0 1 2 1 2 2 0 1 1 1 1 0 1 1 0 2 0 0 0 0 0 2 1 2 2 2 1 1 0 0 1 2 1 0 0 0 2 1 0 0 0 0 2 0 1 0 0 1 1 2 1 0 2 2 1 2 1 1 2 0 1 0 2 2 0 0 0 2 2 1 0 0 1 1 0 1 2 0 0 0 2 1 1 2 0 2 2 2 1 2 2 0 0 2 2 0 1 1 1 0 0 1 2 1 2 2 0 1 1 1 1 0 1 1 0 2 0 0 0 0 0 2 1 2 2 2 1 1 0 0 1 2 1 0 0 0 2 1 0 0 0 0 2 0 1 0 0 1 1 2 1 0 2
-0.646360477789388 0.92637568979009 0.630520318946711 0.255464782240882 0.707462760316695 1 1 1 2 2 1 2 0 1 0 2 2 0 1 2 2 2 1 0 0 0 1 1 1 2 0 1 0 2 0 0 2 0 0 1 2 0 1 2 0 0 1 1 0 1 2 1 0 1 2 1 1 1 2 0 1 1 0 0 1 1 1 2 2 0 0 2 2 0 2 1 2 1 2 2 2 0 1 2 1 1 1 2 1 2 2 1 2 0 0 1 0 1 0 1 1 1 2 1 1 2 1 1 2 2 1 2 0 1 0 2 2 0 1 2 2 2 1 0 0 0 1 1 1 2 0 1 0 2 0 0 2 0 0 1 2 0 1 2 0 0 1 1 0 1 2 1 0 1 2 1 1 1 2 0 1 1 0 0 1 1 1 2 2 0 0 2 2 0 2 1 2 1 2 2 2 0 1 2 1 1 1 2 1 2 2 1 2 0 0 1 0 1 0 1 1 1 2 1 1 2
-0.0729973658147835 -0.176192267048948 0.710055282386313 0.435263513766606 -0.399177780807242 1 1 2 2 1 1 2 0 1 1 1 0 0 0 0 1 2 0 1 1 2 1 0 1 2 1 0 0 2 2 2 2 0 1 1 1 0 0 2 1 0 2 1 0 1 2 2 1 1 1 2 2 1 2 0 1 1 1 0 0 1 0 1 2 1 0 2 1 0 2 1 2 1 2 2 2 0 0 1 1 2 1 0 0 2 0 0 0 0 0 1 0 1 1 1 2 2 2 1 2 2 1 2 2 1 1 2 0 1 1 1 0 0 0 0 1 2 0 1 1 2 1 0 1 2 1 0 0 2 2 2 2 0 1 1 1 0 0 2 1 0 2 1 0 1 2 2 1 1 1 2 2 1 2 0 1 1 1 0 0 1 0 1 2 1 0 2 1 0 2 1 2 1 2 2 2 0 0 1 1 2 1 0 0 2 0 0 0 0 0 1 0 1 1 1 2 2 2 1 2 2
0.344609215684542 -0.444430662868996 -1.37433186812828 0.520624631010703 1.24017260666758 1 1 2 2 0 2 2 0 0 0 2 1 1 1 1 1 2 0 0 2 2 2 0 1 2 2 0 0 2 2 0 1 0 1 1 2 1 0 2 0 0 2 2 0 2 2 2 1 1 2 2 2 2 2 0 1 0 1 0 0 1 1 0 2 0 1 2 1 0 2 0 1 1 2 2 2 1 1 2 2 2 1 2 0 2 1 0 0 0 0 2 1 1 0 1 2 2 2 1 1 2 1 2 2 0 2 2 0 0 0 2 1 1 1 1 1 2 0 0 2 2 2 0 1 2 2 0 0 2 2 0 1 0 1 1 2 1 0 2 0 0 2 2 0 2 2 2 1 1 2 2 2 2 2 0 1 0 1 0 0 1 1 0 2 0 1 2 1 0 2 0 1 1 2 2 2 1 1 2 2 2 1 2 0 2 1 0 0 0 0 2 1 1 0 1 2 2 2 1 1 2
0.498621538315232 0.979349498999165 1.28638138884878 -0.474617637383361 -0.610590034417729 -1 2 2 2 0 1 2 0 0 0 1 1 0 0 0 1 1 0 0 1 2 2 1 1 2 1 0 0 2 1 1 2 0 0 1 2 0 1 2 0 0 1 1 0 2 2 2 1 1 2 2 1 2 2 0 1 1 1 0 1 2 1 1 2 1 0 1 1 0 2 1 2 2 2 2 2 0 1 2 2 0 0 1 0 2 1 1 2 2 2 1 0 1 0 1 1 2 1 1 1 2 -2 -2 -2 0 -1 -2 0 0 0 -1 -1 0 0 0 -1 -1 0 0 -1 -2 -2 -1 -1 -2 -1 0 0 -2 -1 -1 -2 0 0 -1 -2 0 -1 -2 0 0 -1 -1 0 -2 -2 -2 -1 -1 -2 -2 -1 -2 -2 0 -1 -1 -1 0 -1 -2 -1 -1 -2 -1 0 -1 -1 0 -2 -1 -2 -2 -2 -2 -2 0 -1 -2 -2 0 0 -1 0 -2 -1 -1 -2 -2 -2 -1 0 -1 0 -1 -1 -2 -1 -1 -1 -2
0.760237017200353 0.185557625368276 0.984751450727196 0.989560659772531 1.46472157981474 1 2 2 2 2 1 2 0 0 0 2 1 0 0 0 1 2 1 0 0 1 1 0 0 0 0 0 1 2 2 1 2 0 0 1 2 1 1 2 0 0 2 2 0 2 2 1 1 2 2 2 0 1 2 0 2 1 0 0 0 1 2 2 2 1 0 2 2 2 2 2 2 2 2 2 1 1 0 1 2 1 0 0 0 0 2 0 1 1 2 1 0 2 0 2 2 2 2 1 1 2 2 2 2 2 1 2 0 0 0 2 1 0 0 0 1 2 1 0 0 1 1 0 0 0 0 0 1 2 2 1 2 0 0 1 2 1 1 2 0 0 2 2 0 2 2 1 1 2 2 2 0 1 2 0 2 1 0 0 0 1 2 2 2 1 0 2 2 2 2 2 2 2 2 2 1 1 0 1 2 1 0 0 0 0 2 0 1 1 2 1 0 2 0 2 2 2 2 1 1 2
0.134675156608445 -0.218351867933532 0.606208329489612 -0.927602323213922 0.0911412425595721 -1 1 2 2 0 1 2 0 2 2 2 2 0 0 0 1 2 1 0 2 2 2 0 0 1 0 0 2 2 2 1 2 0 0 1 2 1 2 2 1 1 2 1 0 2 2 1 0 0 0 2 2 2 1 0 1 0 0 0 0 1 2 2 2 0 0 1 2 0 2 1 2 2 2 2 2 1 1 2 2 1 2 2 0 2 2 2 2 2 1 1 1 2 1 0 1 2 2 2 1 2 -1 -2 -2 0 -1 -2 0 -2 -2 -2 -2 0 0 0 -1 -2 -1 0 -2 -2 -2 0 0 -1 0 0 -2 -2 -2 -1 -2 0 0 -1 -2 -1 -2 -2 -1 -1 -2 -1 0 -2 -2 -1 0 0 0 -2 -2 -2 -1 0 -1 0 0 0 0 -1 -2 -2 -2 0 0 -1 -2 0 -2 -1 -2 -2 -2 -2 -2 -1 -1 -2 -2 -1 -2 -2 0 -2 -2 -2 -2 -2 -1 -1 -1 -2 -1 0 -1 -2 -2 -2 -1 -2
-1.01285019847423 0.62346290864465 0.555626357123915 -0.289082622007171 -0.123859157125945 1 0 2 2 1 1 2 0 1 0 2 2 1 0 0 0 1 1 0 1 2 2 0 1 2 0 1 2 2 0 1 2 0 0 2 2 0 1 2 0 0 2 2 0 1 2 2 1 2 1 2 2 2 2 0 0 1 2 0 0 2 2 2 2 1 0 1 0 0 2 1 2 2 2 2 2 0 2 2 2 2 2 2 0 2 0 1 1 1 1 0 1 2 0 1 1 2 2 0 0 1 0 2 2 1 1 2 0 1 0 2 2 1 0 0 0 1 1 0 1 2 2 0 1 2 0 1 2 2 0 1 2 0 0 2 2 0 1 2 0 0 2 2 0 1 2 2 1 2 1 2 2 2 2 0 0 1 2 0 0 2 2 2 2 1 0 1 0 0 2 1 2 2 2 2 2 0 2 2 2 2 2 2 0 2 0 1 1 1 1 0 1 2 0 1 1 2 2 0 0 1
-0.243534574834938 -0.278986791527482 0.854094707340275 0.147502588045494 -0.62117886398556 -1 1 2 2 1 1 2 0 2 2 2 2 1 1 1 2 2 2 0 1 2 2 1 1 2 1 0 0 2 2 2 2 0 0 0 2 0 0 2 1 1 2 2 0 1 2 2 1 2 2 2 1 2 2 0 1 1 1 0 0 1 1 1 2 1 0 2 2 1 2 0 1 1 1 2 1 1 2 2 2 2 1 1 0 1 2 2 2 1 1 2 1 2 1 1 1 2 2 1 2 2 -1 -2 -2 -1 -1 -2 0 -2 -2 -2 -2 -1 -1 -1 -2 -2 -2 0 -1 -2 -2 -1 -1 -2 -1 0 0 -2 -2 -2 -2 0 0 0 -2 0 0 -2 -1 -1 -2 -2 0 -1 -2 -2 -1 -2 -2 -2 -1 -2 -2 0 -1 -1 -1 0 0 -1 -1 -1 -2 -1 0 -2 -2 -1 -2 0 -1 -1 -1 -2 -1 -1 -2 -2 -2 -2 -1 -1 0 -1 -2 -2 -2 -1 -1 -2 -1 -2 -1 -1 -1 -2 -2 -1 -2 -2
1.78141327165526 -0.653620552176396 1.19714718289658 -1.35414395992554 -1.06537495106913 1 1 1 2 2 2 2 0 1 1 2 2 0 1 2 1 2 2 0 1 1 1 1 1 2 0 0 0 2 1 1 2 0 0 2 2 0 1 2 1 1 2 2 0 0 1 1 1 1 1 2 0 2 2 0 1 0 1 0 0 0 1 1 2 1 0 1 1 0 2 0 2 1 2 2 1 1 2 2 2 1 0 0 0 2 2 2 1 2 2 2 0 1 0 0 1 2 1 0 0 2 1 1 2 2 2 2 0 1 1 2 2 0 1 2 1 2 2 0 1 1 1 1 1 2 0 0 0 2 1 1 2 0 0 2 2 0 1 2 1 1 2 2 0 0 1 1 1 1 1 2 0 2 2 0 1 0 1 0 0 0 1 1 2 1 0 1 1 0 2 0 2 1 2 2 1 1 2 2 2 1 0 0 0 2 2 2 1 2 2 2 0 1 0 0 1 2 1 0 0 2
0.0939006849106875 0.216708070016448 -0.956730922299483 1.01784756961683 0.43726845839533 1 1 2 2 0 1 2 0 1 0 2 1 0 1 1 1 1 1 1 1 2 1 0 0 2 1 0 2 2 0 0 2 0 1 2 2 1 0 1 1 0 2 2 1 0 2 2 1 1 2 2 1 0 1 0 1 0 0 0 0 1 2 0 2 1 0 1 1 1 2 1 2 2 2 2 2 1 2 2 2 1 0 2 0 1 1 1 0 0 0 1 1 1 1 2 2 1 1 1 2 2 1 2 2 0 1 2 0 1 0 2 1 0 1 1 1 1 1 1 1 2 1 0 0 2 1 0 2 2 0 0 2 0 1 2 2 1 0 1 1 0 2 2 1 0 2 2 1 1 2 2 1 0 1 0 1 0 0 0 0 1 2 0 2 1 0 1 1 1 2 1 2 2 2 2 2 1 2 2 2 1 0 2 0 1 1 1 0 0 0 1 1 1 1 2 2 1 1 1 2 2
0.249458130027819 -0.735994392953597 0.194801293431988 -0.574511851250895 -0.0161437384293218 -1 0 1 2 0 2 2 0 1 1 2 1 0 1 2 2 2 0 0 0 0 0 0 0 1 0 0 1 2 0 0 1 0 0 0 1 0 0 1 0 0 1 0 0 1 2 2 1 0 0 2 1 2 2 0 0 0 2 1 0 2 1 2 2 2 0 2 1 0 2 0 2 2 2 2 2 0 0 2 2 2 1 0 0 1 0 2 2 1 0 1 1 1 0 0 1 2 1 1 1 2 0 -1 -2 0 -2 -2 0 -1 -1 -2 -1 0 -1 -2 -2 -2 0 0 0 0 0 0 0 -1 0 0 -1 -2 0 0 -1 0 0 0 -1 0 0 -1 0 0 -1 0 0 -1 -2 -2 -1 0 0 -2 -1 -2 -2 0 0 0 -2 -1 0 -2 -1 -2 -2 -2 0 -2 -1 0 -2 0 -2 -2 -2 -2 -2 0 0 -2 -2 -2 -1 0 0 -1 0 -2 -2 -1 0 -1 -1 -1 0 0 -1 -2 -1 -1 -1 -2
-2.11488670861522 -0.940168524243007 0.031085251127304 -1.42745384484467 0.577431887978119 1 1 1 2 2 1 2 0 2 2 2 2 1 0 0 2 2 1 0 1 1 1 0 1 2 0 0 1 2 0 1 1 0 1 1 1 0 0 2 0 0 1 0 0 1 2 1 2 1 1 2 1 2 1 0 0 0 0 0 0 1 1 2 2 1 0 1 1 0 2 0 1 2 2 2 2 0 1 2 2 1 1 2 1 2 1 1 1 1 1 1 0 1 0 2 2 2 2 0 0 1 1 1 2 2 1 2 0 2 2 2 2 1 0 0 2 2 1 0 1 1 1 0 1 2 0 0 1 2 0 1 1 0 1 1 1 0 0 2 0 0 1 0 0 1 2 1 2 1 1 2 1 2 1 0 0 0 0 0 0 1 1 2 2 1 0 1 1 0 2 0 1 2 2 2 2 0 1 2 2 1 1 2 1 2 1 1 1 1 1 1 0 1 0 2 2 2 2 0 0 1
-0.261258094710971 1.90400416622492 1.28910991319853 0.152404072686558 -1.22839579148049 -1 0 1 2 1 2 2 0 1 1 2 2 1 1 0 2 2 2 1 0 0 0 0 0 1 0 0 0 2 1 1 2 0 2 1 2 0 0 1 1 0 2 0 0 0 2 2 1 2 1 2 2 1 2 1 2 1 2 1 0 1 2 0 2 0 0 2 2 1 2 1 2 2 2 2 2 1 1 2 0 1 0 0 0 2 1 2 2 2 2 2 1 2 0 0 0 0 0 0 0 2 0 -1 -2 -1 -2 -2 0 -1 -1 -2 -2 -1 -1 0 -2 -2 -2 -1 0 0 0 0 0 -1 0 0 0 -2 -1 -1 -2 0 -2 -1 -2 0 0 -1 -1 0 -2 0 0 0 -2 -2 -1 -2 -1 -2 -2 -1 -2 -1 -2 -1 -2 -1 0 -1 -2 0 -2 0 0 -2 -2 -1 -2 -1 -2 -2 -2 -2 -2 -1 -1 -2 0 -1 0 0 0 -2 -1 -2 -2 -2 -2 -2 -1 -2 0 0 0 0 0 0 0 -2
-0.814672271803644 -1.837232161933 -0.720825917342157 -0.357824263104816 0.317985654082034 1 1 1 2 0 0 1 0 1 0 2 1 1 0 2 1 2 1 0 0 1 1 0 0 2 0 1 0 2 2 1 2 1 1 1 2 1 1 2 1 0 2 2 0 1 2 2 1 2 2 1 0 2 2 0 2 0 2 1 1 2 2 1 2 1 0 2 1 1 2 1 2 1 2 2 2 2 1 2 1 1 1 1 1 2 2 2 1 1 1 2 0 2 0 0 2 2 2 2 2 2 1 1 2 0 0 1 0 1 0 2 1 1 0 2 1 2 1 0 0 1 1 0 0 2 0 1 0 2 2 1 2 1 1 1 2 1 1 2 1 0 2 2 0 1 2 2 1 2 2 1 0 2 2 0 2 0 2 1 1 2 2 1 2 1 0 2 1 1 2 1 2 1 2 2 2 2 1 2 1 1 1 1 1 2 2 2 1 1 1 2 0 2 0 0 2 2 2 2 2 2
1.49301149117029 0.0644489171956064 0.449794978109458 -0.500090927019599 -0.945857618349698 -1 1 2 2 1 2 2 1 1 1 2 1 1 2 2 2 2 2 0 0 2 1 0 1 2 1 0 1 2 2 1 2 1 2 2 2 1 1 2 1 0 2 1 0 1 1 1 1 2 1 1 1 1 1 0 0 0 0 0 1 2 2 1 2 2 0 2 2 1 2 1 2 2 2 2 2 1 1 2 2 2 0 1 0 2 0 0 0 1 2 2 0 1 1 1 1 2 2 1 2 2 -1 -2 -2 -1 -2 -2 -1 -1 -1 -2 -1 -1 -2 -2 -2 -2 -2 0 0 -2 -1 0 -1 -2 -1 0 -1 -2 -2 -1 -2 -1 -2 -2 -2 -1 -1 -2 -1 0 -2 -1 0 -1 -1 -1 -1 -2 -1 -1 -1 -1 -1 0 0 0 0 0 -1 -2 -2 -1 -2 -2 0 -2 -2 -1 -2 -1 -2 -2 -2 -2 -2 -1 -1 -2 -2 -2 0 -1 0 -2 0 0 0 -1 -2 -2 0 -1 -1 -1 -1 -2 -2 -1 -2 -2
-0.887343432080457 -0.504664487072773 0.925588329738161 -0.604239342206817 0.703600144352004 1 1 1 2 1 2 2 0 2 2 2 1 0 0 0 1 2 2 1 0 1 0 0 0 1 0 0 0 2 1 1 1 0 0 2 2 0 0 2 0 0 0 1 0 2 2 2 2 2 2 1 1 2 2 0 0 0 2 1 0 1 0 1 2 1 0 1 1 0 2 2 2 2 2 1 2 2 2 2 2 2 0 1 0 1 2 2 1 1 2 1 1 1 0 1 2 2 2 1 0 2 1 1 2 1 2 2 0 2 2 2 1 0 0 0 1 2 2 1 0 1 0 0 0 1 0 0 0 2 1 1 1 0 0 2 2 0 0 2 0 0 0 1 0 2 2 2 2 2 2 1 1 2 2 0 0 0 2 1 0 1 0 1 2 1 0 1 1 0 2 2 2 2 2 1 2 2 2 2 2 2 0 1 0 1 2 2 1 1 2 1 1 1 0 1 2 2 2 1 0 2
1.16480857865075 -0.265061700848123 -0.0701085093523947 -0.36920416562059 0.929405569862848 1 1 2 2 2 2 2 0 1 2 2 2 1 1 1 1 1 1 1 0 1 2 0 1 2 1 0 0 2 2 1 2 0 0 1 2 1 1 2 0 0 1 0 0 1 2 2 2 1 1 2 1 1 2 0 0 1 2 0 0 0 0 0 2 1 0 2 2 1 2 1 2 2 2 1 0 1 0 1 2 1 0 0 0 1 1 2 2 2 0 2 0 2 2 1 0 1 2 1 0 2 1 2 2 2 2 2 0 1 2 2 2 1 1 1 1 1 1 1 0 1 2 0 1 2 1 0 0 2 2 1 2 0 0 1 2 1 1 2 0 0 1 0 0 1 2 2 2 1 1 2 1 1 2 0 0 1 2 0 0 0 0 0 2 1 0 2 2 1 2 1 2 2 2 1 0 1 0 1 2 1 0 0 0 1 1 2 2 2 0 2 0 2 2 1 0 1 2 1 0 2
-1.42565560091645 -0.221658709666449 -2.00785310487834 -0.576257850211326 0.343849016306643 1 1 1 2 1 2 2 0 1 0 2 1 0 0 0 2 2 1 1 1 1 2 0 0 2 1 0 0 2 2 1 2 0 2 2 2 0 0 2 1 0 2 0 0 1 2 1 1 1 2 2 0 0 2 0 2 1 1 0 1 1 2 2 2 1 0 2 2 0 2 1 2 2 2 1 1 0 0 1 1 1 0 1 0 2 0 1 0 0 0 1 1 1 0 1 2 2 1 0 0 2 1 1 2 1 2 2 0 1 0 2 1 0 0 0 2 2 1 1 1 1 2 0 0 2 1 0 0 2 2 1 2 0 2 2 2 0 0 2 1 0 2 0 0 1 2 1 1 1 2 2 0 0 2 0 2 1 1 0 1 1 2 2 2 1 0 2 2 0 2 1 2 2 2 1 1 0 0 1 1 1 0 1 0 2 0 1 0 0 0 1 1 1 0 1 2 2 1 0 0 2
0.289006006699534 0.806757832316387 0.0557805071464145 0.0930692121203918 -1.45241604417799 1 0 1 2 1 2 2 0 2 2 2 2 1 0 1 1 1 0 2 2 2 1 0 0 2 0 0 1 2 0 1 2 0 1 1 2 0 0 2 0 0 2 2 0 1 2 2 2 2 2 1 0 1 2 0 1 1 0 0 1 2 2 2 2 1 0 1 1 0 2 0 2 2 2 1 2 1 2 2 2 1 2 2 0 2 0 1 1 0 0 1 0 1 0 1 1 2 2 1 0 2 0 1 2 1 2 2 0 2 2 2 2 1 0 1 1 1 0 2 2 2 1 0 0 2 0 0 1 2 0 1 2 0 1 1 2 0 0 2 0 0 2 2 0 1 2 2 2 2 2 1 0 1 2 0 1 1 0 0 1 2 2 2 2 1 0 1 1 0 2 0 2 2 2 1 2 1 2 2 2 1 2 2 0 2 0 1 1 0 0 1 0 1 0 1 1 2 2 1 0 2
0.885034662052272 -0.442274525178831 1.74179975757421 0.152793412109612 -2.90901865694072 1 1 2 2 1 2 2 0 0 1 2 1 0 0 1 0 0 1 1 1 1 1 0 1 2 0 0 0 2 1 1 1 0 1 0 1 0 0 2 1 1 2 1 0 1 2 1 1 1 1 2 2 2 2 0 1 0 1 0 0 1 1 0 2 0 0 2 2 1 2 1 1 2 2 2 2 1 1 2 1 0 0 0 0 1 1 1 1 1 1 2 1 2 1 2 2 2 2 1 2 2 1 2 2 1 2 2 0 0 1 2 1 0 0 1 0 0 1 1 1 1 1 0 1 2 0 0 0 2 1 1 1 0 1 0 1 0 0 2 1 1 2 1 0 1 2 1 1 1 1 2 2 2 2 0 1 0 1 0 0 1 1 0 2 0 0 2 2 1 2 1 1 2 2 2 2 1 1 2 1 0 0 0 0 1 1 1 1 1 1 2 1 2 1 2 2 2 2 1 2 2
-1.49401813806997 0.391105669867464 -1.06776618281995 -1.99062224958656 1.56270591241293 -1 1 2 2 1 2 2 0 0 1 2 1 0 0 0 0 2 1 2 2 2 2 1 0 2 0 0 0 2 2 1 1 0 1 1 2 1 1 2 0 0 2 1 0 1 2 2 1 2 2 1 0 0 0 0 1 1 1 0 0 0 1 2 2 0 0 1 1 0 2 0 2 2 2 1 2 0 0 1 1 1 0 0 0 2 0 0 0 0 1 2 1 2 0 1 2 2 1 0 1 2 -1 -2 -2 -1 -2 -2 0 0 -1 -2 -1 0 0 0 0 -2 -1 -2 -2 -2 -2 -1 0 -2 0 0 0 -2 -2 -1 -1 0 -1 -1 -2 -1 -1 -2 0 0 -2 -1 0 -1 -2 -2 -1 -2 -2 -1 0 0 0 0 -1 -1 -1 0 0 0 -1 -2 -2 0 0 -1 -1 0 -2 0 -2 -2 -2 -1 -2 0 0 -1 -1 -1 0 0 0 -2 0 0 0 0 -1 -2 -1 -2 0 -1 -2 -2 -1 0 -1 -2
0.77335476370444 1.39010898931872 -0.621681173448161 -1.13855036132175 -0.257548472884433 -1 0 1 2 1 1 2 0 1 0 1 2 1 1 0 2 2 2 0 0 0 1 1 1 1 0 0 0 2 0 0 2 0 1 1 2 0 1 2 1 0 1 2 1 1 2 1 1 2 2 2 0 0 2 0 1 0 0 0 0 1 1 2 2 1 0 1 2 1 2 0 2 2 2 2 2 1 1 2 1 1 1 2 1 1 1 1 1 1 1 2 1 1 0 0 0 2 2 2 1 2 0 -1 -2 -1 -1 -2 0 -1 0 -1 -2 -1 -1 0 -2 -2 -2 0 0 0 -1 -1 -1 -1 0 0 0 -2 0 0 -2 0 -1 -1 -2 0 -1 -2 -1 0 -1 -2 -1 -1 -2 -1 -1 -2 -2 -2 0 0 -2 0 -1 0 0 0 0 -1 -1 -2 -2 -1 0 -1 -2 -1 -2 0 -2 -2 -2 -2 -2 -1 -1 -2 -1 -1 -1 -2 -1 -1 -1 -1 -1 -1 -1 -2 -1 -1 0 0 0 -2 -2 -2 -1 -2
1.61283255180233 1.4837209230537 -0.554111905531612 -0.11366597508462 0.0275138092814695 1 1 2 2 0 1 2 1 2 2 2 1 0 0 0 1 0 0 0 0 0 1 1 1 2 2 1 2 2 2 2 2 0 1 2 2 0 1 2 0 0 1 1 0 0 2 2 1 1 1 2 0 1 2 0 1 0 0 0 0 1 1 2 2 1 0 1 1 0 2 1 2 2 2 2 1 0 1 2 2 1 2 2 1 2 1 1 2 1 1 1 1 1 0 0 1 2 1 0 1 2 1 2 2 0 1 2 1 2 2 2 1 0 0 0 1 0 0 0 0 0 1 1 1 2 2 1 2 2 2 2 2 0 1 2 2 0 1 2 0 0 1 1 0 0 2 2 1 1 1 2 0 1 2 0 1 0 0 0 0 1 1 2 2 1 0 1 1 0 2 1 2 2 2 2 1 0 1 2 2 1 2 2 1 2 1 1 2 1 1 1 1 1 0 0 1 2 1 0 1 2
-0.3321705009575 -0.103959685485047 0.951216590783982 -1.68773527762112 -1.74663013400995 -1 2 2 2 0 2 1 0 1 1 2 2 0 0 0 2 2 0 1 1 2 2 1 1 1 0 0 1 2 0 0 1 0 1 2 2 0 0 1 0 0 1 1 0 1 2 2 1 1 1 2 2 2 2 0 1 0 1 0 1 1 1 2 2 1 1 2 1 1 2 1 2 2 2 2 2 1 0 2 2 1 1 1 0 1 2 2 2 1 2 2 0 1 0 0 1 1 1 0 1 2 -2 -2 -2 0 -2 -1 0 -1 -1 -2 -2 0 0 0 -2 -2 0 -1 -1 -2 -2 -1 -1 -1 0 0 -1 -2 0 0 -1 0 -1 -2 -2 0 0 -1 0 0 -1 -1 0 -1 -2 -2 -1 -1 -1 -2 -2 -2 -2 0 -1 0 -1 0 -1 -1 -1 -2 -2 -1 -1 -2 -1 -1 -2 -1 -2 -2 -2 -2 -2 -1 0 -2 -2 -1 -1 -1 0 -1 -2 -2 -2 -1 -2 -2 0 -1 0 0 -1 -1 -1 0 -1 -2
0.00937096879943597 -2.30182412314595 -0.158309640653691 1.25704669563123 -0.199035494357789 1 1 2 2 2 1 2 0 1 1 1 1 0 0 0 2 2 2 1 1 1 0 1 0 2 1 1 1 2 0 2 2 0 0 0 2 0 0 2 1 1 2 2 0 1 2 2 2 1 2 1 0 1 2 0 1 1 1 0 2 2 2 2 2 0 0 1 2 1 2 2 2 2 2 2 2 1 1 2 1 1 1 1 0 2 0 1 1 0 0 2 0 2 0 0 1 1 1 0 1 2 1 2 2 2 1 2 0 1 1 1 1 0 0 0 2 2 2 1 1 1 0 1 0 2 1 1 1 2 0 2 2 0 0 0 2 0 0 2 1 1 2 2 0 1 2 2 2 1 2 1 0 1 2 0 1 1 1 0 2 2 2 2 2 0 0 1 2 1 2 2 2 2 2 2 2 1 1 2 1 1 1 1 0 2 0 1 1 0 0 2 0 2 0 0 1 1 1 0 1 2
-0.396830266198103 -1.45043062283643 -1.61699553294126 -0.106491347901818 -0.938114830279351 -1 2 2 2 0 1 2 0 1 2 2 2 0 0 0 1 0 1 1 1 2 2 1 1 2 1 0 2 2 0 1 2 1 1 1 2 0 0 2 0 0 2 2 0 2 2 2 2 2 2 2 1 1 1 0 1 1 1 1 1 2 1 0 2 1 0 2 1 0 2 1 1 0 2 2 2 1 1 2 2 0 1 2 0 0 1 1 1 1 0 2 0 1 0 1 1 1 2 1 1 2 -2 -2 -2 0 -1 -2 0 -1 -2 -2 -2 0 0 0 -1 0 -1 -1 -1 -2 -2 -1 -1 -2 -1 0 -2 -2 0 -1 -2 -1 -1 -1 -2 0 0 -2 0 0 -2 -2 0 -2 -2 -2 -2 -2 -2 -2 -1 -1 -1 0 -1 -1 -1 -1 -1 -2 -1 0 -2 -1 0 -2 -1 0 -2 -1 -1 0 -2 -2 -2 -1 -1 -2 -2 0 -1 -2 0 0 -1 -1 -1 -1 0 -2 0 -1 0 -1 -1 -1 -2 -1 -1 -2
-0.179493738802328 -0.0959662061616124 -0.747746937190941 1.05329875979444 -1.34283879463369 1 1 2 1 0 1 2 0 0 0 1 0 0 0 0 0 1 1 0 1 1 0 0 1 1 0 0 1 2 0 0 1 0 0 1 1 0 1 2 0 0 2 2 0 2 2 2 1 2 2 2 1 1 2 0 2 0 2 1 0 1 1 0 2 1 0 2 2 0 2 1 2 2 2 1 1 0 2 1 2 2 2 2 1 2 0 2 2 1 2 1 0 0 0 0 0 1 1 0 1 2 1 2 1 0 1 2 0 0 0 1 0 0 0 0 0 1 1 0 1 1 0 0 1 1 0 0 1 2 0 0 1 0 0 1 1 0 1 2 0 0 2 2 0 2 2 2 1 2 2 2 1 1 2 0 2 0 2 1 0 1 1 0 2 1 0 2 2 0 2 1 2 2 2 1 1 0 2 1 2 2 2 2 1 2 0 2 2 1 2 1 0 0 0 0 0 1 1 0 1 2
0.968546489950626 -0.445455458672742 -0.654152720903802 -0.0483275326178567 -0.526027353338254 1 0 1 1 1 1 2 0 1 1 2 1 0 0 0 1 1 0 1 1 2 2 0 0 2 1 1 1 2 0 0 2 0 0 1 2 1 2 2 0 0 1 1 0 2 1 1 2 1 1 2 1 1 2 0 1 0 0 0 0 0 2 1 2 1 0 1 1 0 2 1 2 1 2 1 1 1 0 2 2 1 1 2 1 2 1 1 0 0 2 2 1 2 1 0 2 1 2 2 1 2 0 1 1 1 1 2 0 1 1 2 1 0 0 0 1 1 0 1 1 2 2 0 0 2 1 1 1 2 0 0 2 0 0 1 2 1 2 2 0 0 1 1 0 2 1 1 2 1 1 2 1 1 2 0 1 0 0 0 0 0 2 1 2 1 0 1 1 0 2 1 2 1 2 1 1 1 0 2 2 1 1 2 1 2 1 1 0 0 2 2 1 2 1 0 2 1 2 2 1 2
1.25319741451262 -0.745587690502825 0.0256527958457888 -1.32101073886887 1.72794470075523 -1 0 0 2 1 1 2 0 0 1 2 2 1 1 1 2 2 0 0 0 0 1 0 1 1 1 0 1 2 0 1 2 1 2 2 2 2 2 2 1 1 2 2 0 1 1 1 1 1 0 2 1 2 2 0 1 0 1 0 0 1 0 0 2 0 0 1 2 0 2 0 2 1 2 1 1 0 0 2 1 2 0 0 0 1 1 2 2 1 2 2 2 2 1 2 2 2 2 2 2 2 0 0 -2 -1 -1 -2 0 0 -1 -2 -2 -1 -1 -1 -2 -2 0 0 0 0 -1 0 -1 -1 -1 0 -1 -2 0 -1 -2 -1 -2 -2 -2 -2 -2 -2 -1 -1 -2 -2 0 -1 -1 -1 -1 -1 0 -2 -1 -2 -2 0 -1 0 -1 0 0 -1 0 0 -2 0 0 -1 -2 0 -2 0 -2 -1 -2 -1 -1 0 0 -2 -1 -2 0 0 0 -1 -1 -2 -2 -1 -2 -2 -2 -2 -1 -2 -2 -2 -2 -2 -2 -2
0.0995655634022179 0.253786138330906 -0.510980297172728 -0.612445004170626 -0.204485847973449 -1 1 1 2 1 1 2 0 2 1 1 1 0 1 0 1 2 2 2 2 2 2 1 2 2 2 2 2 2 1 0 2 0 1 2 2 1 1 2 0 0 1 2 0 2 2 2 1 1 1 1 0 0 2 0 1 1 0 0 0 1 0 0 2 0 1 1 2 1 2 1 2 2 0 2 2 0 2 2 2 2 1 1 1 2 1 1 0 0 1 1 0 2 0 0 0 0 2 1 2 2 -1 -1 -2 -1 -1 -2 0 -2 -1 -1 -1 0 -1 0 -1 -2 -2 -2 -2 -2 -2 -1 -2 -2 -2 -2 -2 -2 -1 0 -2 0 -1 -2 -2 -1 -1 -2 0 0 -1 -2 0 -2 -2 -2 -1 -1 -1 -1 0 0 -2 0 -1 -1 0 0 0 -1 0 0 -2 0 -1 -1 -2 -1 -2 -1 -2 -2 0 -2 -2 0 -2 -2 -2 -2 -1 -1 -1 -2 -1 -1 0 0 -1 -1 0 -2 0 0 0 0 -2 -1 -2 -2
-0.449197695360563 -0.751321123994573 -0.945196994106086 1.17491909522733 0.545524011640723 -1 1 2 2 2 2 2 0 2 2 2 2 0 0 0 1 2 1 1 1 1 1 0 1 2 1 0 0 2 2 1 2 0 1 2 2 0 1 2 1 0 2 2 0 1 2 2 0 1 1 1 0 2 2 0 1 1 1 0 0 2 2 2 2 1 0 2 2 1 2 0 1 1 1 2 2 1 2 2 1 0 0 1 0 2 1 1 1 0 0 2 2 2 0 1 0 2 2 2 1 2 -1 -2 -2 -2 -2 -2 0 -2 -2 -2 -2 0 0 0 -1 -2 -1 -1 -1 -1 -1 0 -1 -2 -1 0 0 -2 -2 -1 -2 0 -1 -2 -2 0 -1 -2 -1 0 -2 -2 0 -1 -2 -2 0 -1 -1 -1 0 -2 -2 0 -1 -1 -1 0 0 -2 -2 -2 -2 -1 0 -2 -2 -1 -2 0 -1 -1 -1 -2 -2 -1 -2 -2 -1 0 0 -1 0 -2 -1 -1 -1 0 0 -2 -2 -2 0 -1 0 -2 -2 -2 -1 -2
-0.92711009549659 -0.819298804470153 -0.518323091501888 -0.213909865724441 0.129862798607861 -1 0 1 1 1 1 2 0 1 1 2 2 1 0 0 2 2 2 0 0 1 1 0 2 2 1 1 0 2 0 1 2 0 2 2 2 0 1 2 1 0 2 2 0 2 2 2 1 2 2 2 1 2 2 0 1 1 2 0 0 1 1 1 1 0 2 2 2 1 2 1 2 1 2 2 2 0 0 1 2 2 2 1 0 2 2 2 2 2 1 1 0 2 1 1 1 1 1 0 2 2 0 -1 -1 -1 -1 -2 0 -1 -1 -2 -2 -1 0 0 -2 -2 -2 0 0 -1 -1 0 -2 -2 -1 -1 0 -2 0 -1 -2 0 -2 -2 -2 0 -1 -2 -1 0 -2 -2 0 -2 -2 -2 -1 -2 -2 -2 -1 -2 -2 0 -1 -1 -2 0 0 -1 -1 -1 -1 0 -2 -2 -2 -1 -2 -1 -2 -1 -2 -2 -2 0 0 -1 -2 -2 -2 -1 0 -2 -2 -2 -2 -2 -1 -1 0 -2 -1 -1 -1 -1 -1 0 -2 -2
0.874919674471126 1.54633403777754 -0.582918225837241 1.82221865427234 -1.30538087950997 -1 1 2 2 0 2 2 0 1 0 1 1 1 0 0 0 1 1 1 0 2 2 0 1 1 0 0 0 2 1 1 2 0 1 1 2 0 0 2 0 0 1 1 1 2 2 1 0 1 1 2 1 1 2 0 2 1 0 0 0 0 0 1 2 0 0 2 1 0 2 1 2 1 2 1 1 0 1 2 2 2 1 1 0 1 0 0 1 0 1 2 0 2 2 2 2 2 2 1 1 2 -1 -2 -2 0 -2 -2 0 -1 0 -1 -1 -1 0 0 0 -1 -1 -1 0 -2 -2 0 -1 -1 0 0 0 -2 -1 -1 -2 0 -1 -1 -2 0 0 -2 0 0 -1 -1 -1 -2 -2 -1 0 -1 -1 -2 -1 -1 -2 0 -2 -1 0 0 0 0 0 -1 -2 0 0 -2 -1 0 -2 -1 -2 -1 -2 -1 -1 0 -1 -2 -2 -2 -1 -1 0 -1 0 0 -1 0 -1 -2 0 -2 -2 -2 -2 -2 -2 -1 -1 -2
0.0756836513631164 -0.055869693029494 -0.661670881122347 1.12813143799693 0.975293479984971 -1 0 2 2 0 1 2 0 1 1 2 1 1 0 1 2 2 1 0 0 2 1 0 1 1 0 0 0 1 1 0 2 0 0 2 2 0 0 2 0 0 2 1 0 2 2 2 2 1 2 1 2 2 2 0 1 0 0 0 1 1 0 1 2 1 0 2 2 0 2 1 2 2 2 2 2 0 2 2 2 1 1 1 0 0 2 2 1 0 1 1 0 1 0 0 1 1 2 1 2 2 0 -2 -2 0 -1 -2 0 -1 -1 -2 -1 -1 0 -1 -2 -2 -1 0 0 -2 -1 0 -1 -1 0 0 0 -1 -1 0 -2 0 0 -2 -2 0 0 -2 0 0 -2 -1 0 -2 -2 -2 -2 -1 -2 -1 -2 -2 -2 0 -1 0 0 0 -1 -1 0 -1 -2 -1 0 -2 -2 0 -2 -1 -2 -2 -2 -2 -2 0 -2 -2 -2 -1 -1 -1 0 0 -2 -2 -1 0 -1 -1 0 -1 0 0 -1 -1 -2 -1 -2 -2
