0.560275719393388 -0.323078827652803 -0.270204022860094 0.810564307349398 0.251499938311893 -1 0 1 2 1 2 1 2 2 2 2 2 2 2 2 0 1 1 1 2 0 1 2 0 1 2 0 1 2 1 1 2 0 1 2 2 0 1 2 1 2 0 2 2 0 0 0 1 2 0 1 0 0 1 0 0 1 2 0 1 0 2 1 0 2 2 0 1 2 2 0 0 1 1 2 0 0 2 2 2 2 2 1 1 1 1 1 1 2 2 0 0 2 1 0 0 0 0 1 0 0 0 -1 -2 -1 -2 -1 -2 -2 -2 -2 -2 -2 -2 -2 0 -1 -1 -1 -2 0 -1 -2 0 -1 -2 0 -1 -2 -1 -1 -2 0 -1 -2 -2 0 -1 -2 -1 -2 0 -2 -2 0 0 0 -1 -2 0 -1 0 0 -1 0 0 -1 -2 0 -1 0 -2 -1 0 -2 -2 0 -1 -2 -2 0 0 -1 -1 -2 0 0 -2 -2 -2 -2 -2 -1 -1 -1 -1 -1 -1 -2 -2 0 0 -2 -1 0 0 0 0 -1 0 0
1.13886759957372 -0.46346133461512 0.964262838467653 -0.881801453033334 -0.202741634191132 -1 1 2 1 0 2 2 1 0 1 2 2 0 2 2 0 1 1 0 1 0 1 2 0 1 2 1 2 1 0 0 2 0 1 2 2 0 2 2 1 1 0 0 2 0 0 1 0 1 0 2 2 0 1 0 1 1 2 1 1 0 2 0 1 1 2 0 2 1 0 1 0 0 1 2 2 1 2 2 2 2 1 0 0 1 0 0 0 1 2 0 1 1 0 0 0 0 0 1 2 0 -1 -2 -1 0 -2 -2 -1 0 -1 -2 -2 0 -2 -2 0 -1 -1 0 -1 0 -1 -2 0 -1 -2 -1 -2 -1 0 0 -2 0 -1 -2 -2 0 -2 -2 -1 -1 0 0 -2 0 0 -1 0 -1 0 -2 -2 0 -1 0 -1 -1 -2 -1 -1 0 -2 0 -1 -1 -2 0 -2 -1 0 -1 0 0 -1 -2 -2 -1 -2 -2 -2 -2 -1 0 0 -1 0 0 0 -1 -2 0 -1 -1 0 0 0 0 0 -1 -2 0
0.778945338711194 1.14172647027617 -0.274259479715843 0.591938654889211 0.903158592914384 1 1 1 0 0 2 1 0 1 1 0 1 2 2 2 0 0 1 1 2 0 1 2 0 1 2 1 1 1 1 1 2 1 2 2 2 1 2 2 2 2 0 1 2 2 1 1 1 2 0 1 1 1 2 0 1 1 1 1 2 0 1 1 0 1 2 0 2 2 2 0 1 1 2 2 2 1 2 2 2 2 2 1 0 0 1 1 1 2 0 0 0 1 1 1 1 0 0 2 2 0 1 1 0 0 2 1 0 1 1 0 1 2 2 2 0 0 1 1 2 0 1 2 0 1 2 1 1 1 1 1 2 1 2 2 2 1 2 2 2 2 0 1 2 2 1 1 1 2 0 1 1 1 2 0 1 1 1 1 2 0 1 1 0 1 2 0 2 2 2 0 1 1 2 2 2 1 2 2 2 2 2 1 0 0 1 1 1 2 0 0 0 1 1 1 1 0 0 2 2 0
-0.434491843169872 1.72266903637706 1.06860400481852 -0.45986642791146 0.120954573465376 -1 0 0 0 0 2 0 1 1 2 0 1 1 0 2 1 1 0 0 1 1 1 2 0 1 2 1 2 2 1 2 2 0 2 1 2 1 2 2 2 2 0 0 2 0 0 0 0 0 0 1 2 2 2 1 2 2 2 1 2 0 2 2 0 1 2 0 2 2 2 1 0 0 1 1 0 0 2 2 2 1 1 0 0 0 1 2 2 1 1 0 0 0 0 0 0 0 0 1 1 0 0 0 0 0 -2 0 -1 -1 -2 0 -1 -1 0 -2 -1 -1 0 0 -1 -1 -1 -2 0 -1 -2 -1 -2 -2 -1 -2 -2 0 -2 -1 -2 -1 -2 -2 -2 -2 0 0 -2 0 0 0 0 0 0 -1 -2 -2 -2 -1 -2 -2 -2 -1 -2 0 -2 -2 0 -1 -2 0 -2 -2 -2 -1 0 0 -1 -1 0 0 -2 -2 -2 -1 -1 0 0 0 -1 -2 -2 -1 -1 0 0 0 0 0 0 0 0 -1 -1 0
-0.100976873442316 -1.03127524913884 1.87723618727051 0.421806828142949 1.42541557980431 1 0 0 2 0 2 0 1 1 1 0 1 0 1 2 0 1 2 2 2 0 1 2 0 1 2 2 2 1 0 1 2 0 0 2 2 0 2 2 2 1 0 1 2 1 0 0 1 1 0 1 1 0 1 1 2 1 0 0 0 0 1 2 0 0 1 0 2 1 0 1 1 1 2 2 2 1 2 2 2 2 2 0 1 2 2 2 0 2 1 1 0 1 0 0 0 0 1 2 1 0 0 0 2 0 2 0 1 1 1 0 1 0 1 2 0 1 2 2 2 0 1 2 0 1 2 2 2 1 0 1 2 0 0 2 2 0 2 2 2 1 0 1 2 1 0 0 1 1 0 1 1 0 1 1 2 1 0 0 0 0 1 2 0 0 1 0 2 1 0 1 1 1 2 2 2 1 2 2 2 2 2 0 1 2 2 2 0 2 1 1 0 1 0 0 0 0 1 2 1 0
-0.542097925215553 1.1708853867913 0.214014659045151 -0.685029412644565 0.298530796345165 1 1 2 1 1 2 1 1 0 2 2 1 0 1 2 0 1 1 0 1 0 1 2 1 1 2 1 2 0 0 0 2 1 2 2 2 0 1 2 2 2 0 1 2 1 0 0 1 1 0 1 0 0 0 0 2 1 2 2 1 0 2 1 0 0 1 1 2 2 2 1 2 2 1 2 2 2 2 2 2 1 1 1 2 2 0 1 1 2 2 2 1 2 1 0 0 0 1 2 1 1 1 2 1 1 2 1 1 0 2 2 1 0 1 2 0 1 1 0 1 0 1 2 1 1 2 1 2 0 0 0 2 1 2 2 2 0 1 2 2 2 0 1 2 1 0 0 1 1 0 1 0 0 0 0 2 1 2 2 1 0 2 1 0 0 1 1 2 2 2 1 2 2 1 2 2 2 2 2 2 1 1 1 2 2 0 1 1 2 2 2 1 2 1 0 0 0 1 2 1 1
-0.432603505984336 -1.2248044450631 2.26911167978697 -0.287373999353066 -0.236851449965455 1 0 1 0 0 2 1 1 0 1 2 2 1 1 2 0 0 1 1 2 0 1 2 0 2 2 1 2 1 1 1 2 0 0 1 1 0 1 2 1 0 0 1 2 1 0 0 0 0 0 1 1 0 2 1 2 2 1 0 1 0 2 2 0 0 2 0 2 1 1 0 0 1 2 2 2 1 2 2 2 2 1 0 0 2 2 1 0 2 0 0 1 2 2 1 0 0 1 2 2 1 0 1 0 0 2 1 1 0 1 2 2 1 1 2 0 0 1 1 2 0 1 2 0 2 2 1 2 1 1 1 2 0 0 1 1 0 1 2 1 0 0 1 2 1 0 0 0 0 0 1 1 0 2 1 2 2 1 0 1 0 2 2 0 0 2 0 2 1 1 0 0 1 2 2 2 1 2 2 2 2 1 0 0 2 2 1 0 2 0 0 1 2 2 1 0 0 1 2 2 1
1.06854531168238 -0.384051554678987 -0.13702571860145 0.626128263920643 2.99421838099019 -1 2 1 1 1 2 1 1 0 1 1 2 0 2 2 0 1 1 1 2 1 2 2 0 1 2 2 2 1 0 0 2 0 1 2 2 0 1 1 1 0 0 0 2 0 0 1 1 1 1 1 2 1 1 0 2 2 2 1 1 0 1 1 1 1 2 1 2 1 1 1 1 1 1 1 2 1 2 2 2 2 0 0 0 1 2 1 0 2 1 0 0 1 0 0 1 0 0 1 1 1 -2 -1 -1 -1 -2 -1 -1 0 -1 -1 -2 0 -2 -2 0 -1 -1 -1 -2 -1 -2 -2 0 -1 -2 -2 -2 -1 0 0 -2 0 -1 -2 -2 0 -1 -1 -1 0 0 0 -2 0 0 -1 -1 -1 -1 -1 -2 -1 -1 0 -2 -2 -2 -1 -1 0 -1 -1 -1 -1 -2 -1 -2 -1 -1 -1 -1 -1 -1 -1 -2 -1 -2 -2 -2 -2 0 0 0 -1 -2 -1 0 -2 -1 0 0 -1 0 0 -1 0 0 -1 -1 -1
1.36543423290612 2.18584423821908 0.591163098907774 0.0336557669401298 -0.135953734317188 -1 0 1 0 1 2 1 2 2 1 1 0 1 2 2 1 1 1 1 2 0 1 2 0 0 2 1 2 1 0 1 2 0 0 1 1 0 2 2 2 1 1 0 2 2 0 1 1 1 0 2 0 1 1 1 2 2 2 0 0 0 1 1 0 2 2 0 2 2 2 0 0 0 1 2 1 1 2 1 2 2 1 0 0 0 0 0 0 1 0 0 0 0 1 0 0 0 0 1 2 0 0 -1 0 -1 -2 -1 -2 -2 -1 -1 0 -1 -2 -2 -1 -1 -1 -1 -2 0 -1 -2 0 0 -2 -1 -2 -1 0 -1 -2 0 0 -1 -1 0 -2 -2 -2 -1 -1 0 -2 -2 0 -1 -1 -1 0 -2 0 -1 -1 -1 -2 -2 -2 0 0 0 -1 -1 0 -2 -2 0 -2 -2 -2 0 0 0 -1 -2 -1 -1 -2 -1 -2 -2 -1 0 0 0 0 0 0 -1 0 0 0 0 -1 0 0 0 0 -1 -2 0
2.04690331702694 0.600025439080392 0.158939357385377 1.33298871742144 0.116068654951786 -1 1 2 1 0 2 2 2 0 2 1 1 0 1 2 0 1 2 1 1 0 1 2 1 2 2 1 2 1 1 0 2 0 0 2 2 1 2 2 1 1 0 1 2 1 1 0 1 1 1 2 0 0 0 0 2 2 2 2 2 0 2 1 0 0 2 0 2 2 0 1 0 0 0 1 2 1 2 2 2 2 1 1 1 2 1 0 0 2 1 1 2 2 1 0 0 0 1 2 2 2 -1 -2 -1 0 -2 -2 -2 0 -2 -1 -1 0 -1 -2 0 -1 -2 -1 -1 0 -1 -2 -1 -2 -2 -1 -2 -1 -1 0 -2 0 0 -2 -2 -1 -2 -2 -1 -1 0 -1 -2 -1 -1 0 -1 -1 -1 -2 0 0 0 0 -2 -2 -2 -2 -2 0 -2 -1 0 0 -2 0 -2 -2 0 -1 0 0 0 -1 -2 -1 -2 -2 -2 -2 -1 -1 -1 -2 -1 0 0 -2 -1 -1 -2 -2 -1 0 0 0 -1 -2 -2 -2
1.15025926764439 0.476398354631725 0.64832067348052 0.163245017957818 -1.38062570382412 -1 0 0 0 0 2 1 0 0 0 1 1 1 1 2 0 1 2 2 2 0 2 2 0 1 2 0 2 0 0 0 2 0 1 1 1 0 2 2 1 2 0 0 2 0 0 0 0 2 1 2 0 0 0 0 2 2 1 1 1 0 1 2 1 0 2 0 2 1 1 2 1 0 0 1 0 1 2 2 2 2 2 0 0 1 1 1 0 2 0 0 0 0 0 0 0 0 0 1 1 0 0 0 0 0 -2 -1 0 0 0 -1 -1 -1 -1 -2 0 -1 -2 -2 -2 0 -2 -2 0 -1 -2 0 -2 0 0 0 -2 0 -1 -1 -1 0 -2 -2 -1 -2 0 0 -2 0 0 0 0 -2 -1 -2 0 0 0 0 -2 -2 -1 -1 -1 0 -1 -2 -1 0 -2 0 -2 -1 -1 -2 -1 0 0 -1 0 -1 -2 -2 -2 -2 -2 0 0 -1 -1 -1 0 -2 0 0 0 0 0 0 0 0 0 -1 -1 0
-0.287345163240482 0.239003826612361 0.661399342104735 0.94150523525588 -0.0287609700853133 1 1 2 1 0 2 1 0 0 1 1 1 0 2 2 0 2 1 0 2 0 1 2 0 2 2 2 2 0 0 0 2 0 2 2 2 0 2 2 2 0 0 0 2 2 1 0 0 1 0 2 2 1 1 0 0 2 1 0 1 0 1 1 1 1 2 0 2 2 2 2 1 1 2 1 0 1 2 2 2 2 2 1 1 1 1 1 1 2 1 0 0 1 1 0 0 0 1 1 1 0 1 2 1 0 2 1 0 0 1 1 1 0 2 2 0 2 1 0 2 0 1 2 0 2 2 2 2 0 0 0 2 0 2 2 2 0 2 2 2 0 0 0 2 2 1 0 0 1 0 2 2 1 1 0 0 2 1 0 1 0 1 1 1 1 2 0 2 2 2 2 1 1 2 1 0 1 2 2 2 2 2 1 1 1 1 1 1 2 1 0 0 1 1 0 0 0 1 1 1 0
1.60951966009569 -0.0365685905338427 -0.881366886405083 -0.636668210072165 -0.174280807230791 1 2 1 1 1 2 1 2 1 1 1 1 0 2 2 0 2 1 1 2 1 1 2 0 2 2 2 2 2 1 1 2 0 2 2 2 0 1 2 1 0 0 0 2 0 0 1 0 1 0 1 1 1 2 2 2 1 1 1 2 0 1 1 0 1 2 0 2 1 2 0 0 1 2 1 1 1 2 2 2 1 1 0 1 2 1 1 1 2 0 0 2 2 0 1 1 0 0 1 2 0 2 1 1 1 2 1 2 1 1 1 1 0 2 2 0 2 1 1 2 1 1 2 0 2 2 2 2 2 1 1 2 0 2 2 2 0 1 2 1 0 0 0 2 0 0 1 0 1 0 1 1 1 2 2 2 1 1 1 2 0 1 1 0 1 2 0 2 1 2 0 0 1 2 1 1 1 2 2 2 1 1 0 1 2 1 1 1 2 0 0 2 2 0 1 1 0 0 1 2 0
-1.03919349912939 -0.616277598075607 -0.562491871066182 0.481339002698884 -0.785269303216672 1 1 1 1 0 2 1 1 0 2 2 2 1 0 2 0 1 2 1 2 0 1 2 0 1 2 1 2 1 0 1 2 0 0 2 2 0 2 2 1 2 0 1 2 2 1 2 1 1 0 2 2 1 2 1 2 2 2 1 2 0 2 2 0 1 2 0 1 0 0 1 0 1 2 2 1 0 1 2 2 2 2 1 1 1 1 1 1 2 0 0 0 1 0 0 0 0 0 2 1 0 1 1 1 0 2 1 1 0 2 2 2 1 0 2 0 1 2 1 2 0 1 2 0 1 2 1 2 1 0 1 2 0 0 2 2 0 2 2 1 2 0 1 2 2 1 2 1 1 0 2 2 1 2 1 2 2 2 1 2 0 2 2 0 1 2 0 1 0 0 1 0 1 2 2 1 0 1 2 2 2 2 1 1 1 1 1 1 2 0 0 0 1 0 0 0 0 0 2 1 0
0.224934798052407 0.354092338436469 -1.25726519987759 -1.78651974251296 -0.139027531865439 1 1 1 1 1 2 1 1 1 2 1 2 2 2 2 0 1 1 1 2 1 1 2 0 2 2 1 2 1 0 1 2 0 0 1 2 0 2 2 2 1 0 1 2 1 1 2 2 2 1 2 0 0 0 0 2 2 2 1 2 0 2 2 1 1 0 0 2 1 1 0 0 0 0 0 0 0 1 2 2 2 2 0 0 2 1 1 0 1 1 0 0 1 1 1 0 0 0 1 1 0 1 1 1 1 2 1 1 1 2 1 2 2 2 2 0 1 1 1 2 1 1 2 0 2 2 1 2 1 0 1 2 0 0 1 2 0 2 2 2 1 0 1 2 1 1 2 2 2 1 2 0 0 0 0 2 2 2 1 2 0 2 2 1 1 0 0 2 1 1 0 0 0 0 0 0 0 1 2 2 2 2 0 0 2 1 1 0 1 1 0 0 1 1 1 0 0 0 1 1 0
0.0453797309661493 0.91821468783615 1.18129320024238 -0.938260475870134 0.742084137273496 -1 0 1 0 0 2 2 2 1 1 1 2 1 1 2 0 0 1 1 2 1 1 2 0 2 2 1 2 2 1 1 2 0 0 2 2 0 2 2 0 2 0 0 2 1 1 0 0 0 0 2 2 0 1 0 1 2 1 0 1 0 2 1 0 1 1 0 1 1 2 2 1 1 1 1 0 1 2 2 2 2 1 1 1 1 1 2 0 2 2 1 0 1 0 0 0 0 0 1 2 1 0 -1 0 0 -2 -2 -2 -1 -1 -1 -2 -1 -1 -2 0 0 -1 -1 -2 -1 -1 -2 0 -2 -2 -1 -2 -2 -1 -1 -2 0 0 -2 -2 0 -2 -2 0 -2 0 0 -2 -1 -1 0 0 0 0 -2 -2 0 -1 0 -1 -2 -1 0 -1 0 -2 -1 0 -1 -1 0 -1 -1 -2 -2 -1 -1 -1 -1 0 -1 -2 -2 -2 -2 -1 -1 -1 -1 -1 -2 0 -2 -2 -1 0 -1 0 0 0 0 0 -1 -2 -1
1.13659912486827 0.693613589420592 -0.841776557582591 -0.0237170818187722 -1.74176808013478 1 2 2 0 0 2 0 1 0 2 2 1 2 1 2 0 1 1 1 2 0 0 2 0 1 2 1 2 0 0 0 2 0 0 2 2 0 1 1 0 0 0 1 2 2 1 1 2 2 0 1 1 1 1 1 2 2 2 0 2 0 1 0 1 2 2 2 2 1 1 1 0 0 2 2 2 2 2 2 2 2 1 0 0 0 0 0 0 0 0 1 2 2 0 0 0 0 0 0 2 1 2 2 0 0 2 0 1 0 2 2 1 2 1 2 0 1 1 1 2 0 0 2 0 1 2 1 2 0 0 0 2 0 0 2 2 0 1 1 0 0 0 1 2 2 1 1 2 2 0 1 1 1 1 1 2 2 2 0 2 0 1 0 1 2 2 2 2 1 1 1 0 0 2 2 2 2 2 2 2 2 1 0 0 0 0 0 0 0 0 1 2 2 0 0 0 0 0 0 2 1
1.64022532126432 1.95555665850465 0.376355272174608 0.380953346784623 1.39383043153473 -1 1 1 0 0 2 1 2 1 1 2 1 0 1 2 0 1 0 1 2 0 0 2 0 0 2 1 2 1 0 0 2 0 0 2 2 0 1 2 1 0 0 0 2 2 1 0 1 2 0 1 0 1 1 0 2 2 2 1 2 0 1 0 0 2 2 0 1 0 1 1 0 1 2 2 2 1 2 2 2 2 0 0 2 1 1 2 1 2 2 0 2 1 0 0 0 0 1 1 2 2 -1 -1 0 0 -2 -1 -2 -1 -1 -2 -1 0 -1 -2 0 -1 0 -1 -2 0 0 -2 0 0 -2 -1 -2 -1 0 0 -2 0 0 -2 -2 0 -1 -2 -1 0 0 0 -2 -2 -1 0 -1 -2 0 -1 0 -1 -1 0 -2 -2 -2 -1 -2 0 -1 0 0 -2 -2 0 -1 0 -1 -1 0 -1 -2 -2 -2 -1 -2 -2 -2 -2 0 0 -2 -1 -1 -2 -1 -2 -2 0 -2 -1 0 0 0 0 -1 -1 -2 -2
-0.516626881855194 -0.728737228863032 -2.26263048305364 1.42847434660884 0.132399237898544 -1 2 2 1 1 2 0 1 0 2 2 2 2 2 2 0 1 0 1 1 1 2 2 0 2 2 2 2 1 0 0 2 0 2 2 2 0 2 1 1 2 1 1 2 1 1 1 0 0 0 1 1 1 0 0 1 1 2 0 2 0 2 1 0 1 1 0 2 1 1 0 0 0 2 2 2 0 1 1 1 2 2 0 0 1 2 2 1 2 0 0 0 2 0 0 0 0 1 2 1 0 -2 -2 -1 -1 -2 0 -1 0 -2 -2 -2 -2 -2 -2 0 -1 0 -1 -1 -1 -2 -2 0 -2 -2 -2 -2 -1 0 0 -2 0 -2 -2 -2 0 -2 -1 -1 -2 -1 -1 -2 -1 -1 -1 0 0 0 -1 -1 -1 0 0 -1 -1 -2 0 -2 0 -2 -1 0 -1 -1 0 -2 -1 -1 0 0 0 -2 -2 -2 0 -1 -1 -1 -2 -2 0 0 -1 -2 -2 -1 -2 0 0 0 -2 0 0 0 0 -1 -2 -1 0
-2.01090350518808 -0.516584305269161 -1.89928656670279 0.397532723763637 -1.36720316009979 -1 1 1 0 1 2 1 2 1 2 1 2 2 2 2 0 2 1 0 2 1 1 2 1 1 2 1 2 0 0 1 2 0 1 2 2 0 2 1 1 1 1 2 2 2 1 1 0 1 0 1 0 1 1 1 2 2 2 1 2 0 1 0 0 0 2 1 2 1 1 1 0 0 2 2 2 1 1 2 2 2 1 0 0 1 1 1 0 1 0 0 0 0 0 0 0 0 0 1 1 0 -1 -1 0 -1 -2 -1 -2 -1 -2 -1 -2 -2 -2 -2 0 -2 -1 0 -2 -1 -1 -2 -1 -1 -2 -1 -2 0 0 -1 -2 0 -1 -2 -2 0 -2 -1 -1 -1 -1 -2 -2 -2 -1 -1 0 -1 0 -1 0 -1 -1 -1 -2 -2 -2 -1 -2 0 -1 0 0 0 -2 -1 -2 -1 -1 -1 0 0 -2 -2 -2 -1 -1 -2 -2 -2 -1 0 0 -1 -1 -1 0 -1 0 0 0 0 0 0 0 0 0 -1 -1 0
0.541547735822888 0.702859017513284 0.404755646327565 1.11550916500714 0.32419099003506 1 0 1 1 1 2 0 1 0 1 2 1 1 2 2 0 1 0 0 2 0 0 2 0 2 2 1 2 0 0 1 2 0 1 1 2 1 2 2 1 0 0 0 2 1 0 2 1 1 1 2 1 0 2 1 2 2 2 0 1 0 1 2 0 0 1 0 2 1 1 1 0 1 2 2 1 1 2 2 2 2 2 1 0 1 1 1 1 1 0 0 1 2 1 1 0 0 0 2 2 1 0 1 1 1 2 0 1 0 1 2 1 1 2 2 0 1 0 0 2 0 0 2 0 2 2 1 2 0 0 1 2 0 1 1 2 1 2 2 1 0 0 0 2 1 0 2 1 1 1 2 1 0 2 1 2 2 2 0 1 0 1 2 0 0 1 0 2 1 1 1 0 1 2 2 1 1 2 2 2 2 2 1 0 1 1 1 1 1 0 0 1 2 1 1 0 0 0 2 2 1
-0.189721995812862 -0.5183780887714 -0.168732517418941 -0.0454725064202912 -1.79822073861413 1 1 0 0 0 2 0 0 0 0 0 0 0 2 2 0 2 2 1 2 0 1 2 0 0 1 1 2 0 0 1 2 0 2 2 2 1 2 2 0 2 0 1 2 1 0 0 1 2 0 2 0 0 1 1 2 2 2 0 0 0 0 0 0 2 2 1 1 0 2 1 0 0 0 0 0 0 2 2 2 2 1 0 0 2 1 1 1 1 2 1 1 2 1 1 0 0 1 2 1 0 1 0 0 0 2 0 0 0 0 0 0 0 2 2 0 2 2 1 2 0 1 2 0 0 1 1 2 0 0 1 2 0 2 2 2 1 2 2 0 2 0 1 2 1 0 0 1 2 0 2 0 0 1 1 2 2 2 0 0 0 0 0 0 2 2 1 1 0 2 1 0 0 0 0 0 0 2 2 2 2 1 0 0 2 1 1 1 1 2 1 1 2 1 1 0 0 1 2 1 0
-1.76492607036564 1.06024912621856 -0.737025315468104 -1.32709240518146 0.499268428837676 1 1 1 1 0 2 1 2 1 2 2 2 1 1 2 0 1 1 0 1 1 1 2 0 1 2 0 2 2 1 0 2 0 0 1 2 0 1 1 1 2 0 1 2 0 0 1 1 1 0 1 1 1 1 0 1 2 1 1 1 0 1 1 1 2 2 0 2 1 2 1 0 0 2 1 1 2 2 2 2 2 1 0 1 2 2 1 0 1 0 0 0 0 0 0 0 0 0 2 1 0 1 1 1 0 2 1 2 1 2 2 2 1 1 2 0 1 1 0 1 1 1 2 0 1 2 0 2 2 1 0 2 0 0 1 2 0 1 1 1 2 0 1 2 0 0 1 1 1 0 1 1 1 1 0 1 2 1 1 1 0 1 1 1 2 2 0 2 1 2 1 0 0 2 1 1 2 2 2 2 2 1 0 1 2 2 1 0 1 0 0 0 0 0 0 0 0 0 2 1 0
-1.05245396889757 1.03984072120867 -1.80025315044127 -1.74571674189651 0.536639457648123 -1 1 2 0 0 2 1 2 2 2 2 2 2 2 2 0 0 0 0 2 1 1 2 1 1 2 2 2 0 0 1 2 0 0 2 2 1 2 2 1 0 0 0 2 1 1 2 1 2 0 2 0 0 1 0 1 1 2 1 1 0 1 0 1 2 2 0 2 2 1 1 0 0 1 2 1 1 2 2 2 2 1 0 0 0 0 1 0 1 1 1 1 2 1 2 1 0 0 1 2 2 -1 -2 0 0 -2 -1 -2 -2 -2 -2 -2 -2 -2 -2 0 0 0 0 -2 -1 -1 -2 -1 -1 -2 -2 -2 0 0 -1 -2 0 0 -2 -2 -1 -2 -2 -1 0 0 0 -2 -1 -1 -2 -1 -2 0 -2 0 0 -1 0 -1 -1 -2 -1 -1 0 -1 0 -1 -2 -2 0 -2 -2 -1 -1 0 0 -1 -2 -1 -1 -2 -2 -2 -2 -1 0 0 0 0 -1 0 -1 -1 -1 -1 -2 -1 -2 -1 0 0 -1 -2 -2
1.26168637423052 0.266744459705343 -0.890057427244557 0.0709905136207598 -1.01668415300836 1 1 1 0 0 2 1 1 1 2 2 2 0 1 2 0 1 2 0 0 0 1 2 0 2 2 0 2 0 0 1 2 1 1 2 2 0 2 1 1 2 0 0 2 1 0 1 2 2 2 2 0 0 0 0 2 2 2 0 2 0 2 1 1 2 2 0 2 2 2 1 0 0 2 1 2 2 2 2 2 2 2 0 0 1 0 2 2 2 2 1 1 2 2 0 1 0 0 2 1 1 1 1 0 0 2 1 1 1 2 2 2 0 1 2 0 1 2 0 0 0 1 2 0 2 2 0 2 0 0 1 2 1 1 2 2 0 2 1 1 2 0 0 2 1 0 1 2 2 2 2 0 0 0 0 2 2 2 0 2 0 2 1 1 2 2 0 2 2 2 1 0 0 2 1 2 2 2 2 2 2 2 0 0 1 0 2 2 2 2 1 1 2 2 0 1 0 0 2 1 1
1.94985039519195 0.466284686487938 0.877872643687887 -0.02040574843392 0.541272124787976 -1 1 1 0 0 2 1 0 1 2 2 2 1 2 2 0 1 1 0 1 0 0 2 0 1 1 0 2 0 0 2 2 0 1 1 2 0 2 2 0 2 0 0 2 2 1 2 0 0 0 1 2 2 1 0 1 1 2 1 2 0 2 0 0 1 1 0 2 0 0 0 0 0 1 2 1 2 2 2 2 2 1 0 1 1 0 1 1 2 1 0 0 1 1 1 0 0 0 1 1 1 -1 -1 0 0 -2 -1 0 -1 -2 -2 -2 -1 -2 -2 0 -1 -1 0 -1 0 0 -2 0 -1 -1 0 -2 0 0 -2 -2 0 -1 -1 -2 0 -2 -2 0 -2 0 0 -2 -2 -1 -2 0 0 0 -1 -2 -2 -1 0 -1 -1 -2 -1 -2 0 -2 0 0 -1 -1 0 -2 0 0 0 0 0 -1 -2 -1 -2 -2 -2 -2 -2 -1 0 -1 -1 0 -1 -1 -2 -1 0 0 -1 -1 -1 0 0 0 -1 -1 -1
0.635802114906563 0.328989899079396 0.355065703867691 0.307632798599749 -1.15788634056995 1 1 1 0 0 2 1 1 0 1 1 2 2 2 2 0 2 1 1 2 0 0 1 0 0 2 0 2 2 0 0 2 0 1 1 2 1 2 2 2 0 0 0 2 1 1 2 1 0 0 2 2 0 0 0 1 1 2 1 1 0 2 1 1 1 2 0 2 2 0 0 0 1 1 2 1 0 2 2 2 2 1 0 0 1 0 2 0 1 1 0 0 1 0 0 0 0 0 2 2 0 1 1 0 0 2 1 1 0 1 1 2 2 2 2 0 2 1 1 2 0 0 1 0 0 2 0 2 2 0 0 2 0 1 1 2 1 2 2 2 0 0 0 2 1 1 2 1 0 0 2 2 0 0 0 1 1 2 1 1 0 2 1 1 1 2 0 2 2 0 0 0 1 1 2 1 0 2 2 2 2 1 0 0 1 0 2 0 1 1 0 0 1 0 0 0 0 0 2 2 0
1.11477357522139 1.19509765104289 0.110531051555144 0.687639616906073 0.118124270248875 -1 1 1 1 0 2 1 1 0 0 2 2 0 1 2 0 2 1 1 2 0 0 2 0 2 2 2 2 0 0 0 2 0 1 2 2 1 2 2 1 1 0 1 2 2 1 0 0 0 1 1 0 1 1 0 2 1 2 1 2 0 1 2 0 1 1 0 1 1 0 0 0 0 2 2 2 1 2 2 2 2 2 1 0 1 1 0 0 2 1 0 0 2 2 1 0 0 0 1 2 0 -1 -1 -1 0 -2 -1 -1 0 0 -2 -2 0 -1 -2 0 -2 -1 -1 -2 0 0 -2 0 -2 -2 -2 -2 0 0 0 -2 0 -1 -2 -2 -1 -2 -2 -1 -1 0 -1 -2 -2 -1 0 0 0 -1 -1 0 -1 -1 0 -2 -1 -2 -1 -2 0 -1 -2 0 -1 -1 0 -1 -1 0 0 0 0 -2 -2 -2 -1 -2 -2 -2 -2 -2 -1 0 -1 -1 0 0 -2 -1 0 0 -2 -2 -1 0 0 0 -1 -2 0
-0.278016011656537 0.205572679393587 1.46517032545821 0.0352174081266079 -0.361314219557708 1 0 1 0 0 2 1 1 1 2 2 1 0 1 2 0 1 2 1 2 1 1 2 0 1 1 0 2 1 1 0 2 0 1 2 2 0 1 2 1 1 0 0 2 0 0 0 0 1 0 2 1 0 1 1 2 2 2 1 2 0 0 1 0 0 1 0 2 1 1 1 0 0 1 2 0 1 2 2 2 1 0 0 0 0 0 1 0 1 1 1 1 2 2 1 0 0 0 1 1 0 0 1 0 0 2 1 1 1 2 2 1 0 1 2 0 1 2 1 2 1 1 2 0 1 1 0 2 1 1 0 2 0 1 2 2 0 1 2 1 1 0 0 2 0 0 0 0 1 0 2 1 0 1 1 2 2 2 1 2 0 0 1 0 0 1 0 2 1 1 1 0 0 1 2 0 1 2 2 2 1 0 0 0 0 0 1 0 1 1 1 1 2 2 1 0 0 0 1 1 0
-0.751226435511306 -0.00110775327822173 0.684571194356988 -0.249645209523805 1.98577689232458 1 0 1 0 0 2 2 1 0 0 0 2 0 0 1 0 0 0 1 1 0 0 2 0 0 0 0 1 1 0 1 2 1 0 1 2 0 0 2 0 1 0 0 2 0 0 0 0 0 0 1 2 1 2 1 2 2 2 2 2 0 1 1 1 2 2 1 2 1 1 2 0 0 1 1 1 1 2 2 2 1 0 0 1 1 0 1 0 1 2 1 0 1 1 0 0 0 0 2 2 1 0 1 0 0 2 2 1 0 0 0 2 0 0 1 0 0 0 1 1 0 0 2 0 0 0 0 1 1 0 1 2 1 0 1 2 0 0 2 0 1 0 0 2 0 0 0 0 0 0 1 2 1 2 1 2 2 2 2 2 0 1 1 1 2 2 1 2 1 1 2 0 0 1 1 1 1 2 2 2 1 0 0 1 1 0 1 0 1 2 1 0 1 1 0 0 0 0 2 2 1
-0.686905024251879 0.18161166223404 0.654900043015233 1.53476286603737 -0.0302812687697324 -1 2 1 1 1 2 1 2 1 2 1 1 1 1 2 0 1 0 0 1 1 1 2 0 2 2 0 1 0 0 0 2 0 1 1 1 0 2 2 1 1 0 1 2 0 0 0 0 2 1 1 1 1 1 1 2 2 2 0 1 0 2 1 0 1 2 2 2 1 2 1 1 1 1 2 2 1 2 2 2 1 1 0 1 0 0 0 0 1 2 2 1 1 1 0 1 1 2 2 2 1 -2 -1 -1 -1 -2 -1 -2 -1 -2 -1 -1 -1 -1 -2 0 -1 0 0 -1 -1 -1 -2 0 -2 -2 0 -1 0 0 0 -2 0 -1 -1 -1 0 -2 -2 -1 -1 0 -1 -2 0 0 0 0 -2 -1 -1 -1 -1 -1 -1 -2 -2 -2 0 -1 0 -2 -1 0 -1 -2 -2 -2 -1 -2 -1 -1 -1 -1 -2 -2 -1 -2 -2 -2 -1 -1 0 -1 0 0 0 0 -1 -2 -2 -1 -1 -1 0 -1 -1 -2 -2 -2 -1
0.701480108214376 0.275582097877756 0.473924863353879 0.777172644538248 0.272629121608805 1 0 0 0 0 2 2 2 1 2 2 2 1 1 2 0 2 1 1 2 1 2 2 0 1 2 1 1 1 0 1 2 0 0 1 2 0 2 1 0 2 0 0 2 1 1 1 0 1 1 2 2 2 2 1 2 2 2 1 1 0 2 1 1 1 2 1 2 2 1 0 0 0 0 2 2 0 2 1 1 1 0 0 0 0 0 0 1 2 2 1 2 2 1 1 1 0 0 2 1 0 0 0 0 0 2 2 2 1 2 2 2 1 1 2 0 2 1 1 2 1 2 2 0 1 2 1 1 1 0 1 2 0 0 1 2 0 2 1 0 2 0 0 2 1 1 1 0 1 1 2 2 2 2 1 2 2 2 1 1 0 2 1 1 1 2 1 2 2 1 0 0 0 0 2 2 0 2 1 1 1 0 0 0 0 0 0 1 2 2 1 2 2 1 1 1 0 0 2 1 0
1.63895901511356 -1.74752319784125 -1.1284386384241 -1.3051285872527 0.492540625526074 1 1 0 0 0 2 0 1 0 0 2 1 0 1 2 0 2 2 1 2 1 2 2 0 1 2 1 1 0 0 0 2 0 0 1 1 0 2 1 1 0 0 0 2 1 0 1 1 2 0 1 2 1 1 0 2 1 2 1 1 0 1 1 0 1 2 1 2 0 0 1 2 1 2 1 1 0 1 2 2 1 0 0 0 1 0 1 0 2 2 0 0 2 2 1 0 0 0 1 0 0 1 0 0 0 2 0 1 0 0 2 1 0 1 2 0 2 2 1 2 1 2 2 0 1 2 1 1 0 0 0 2 0 0 1 1 0 2 1 1 0 0 0 2 1 0 1 1 2 0 1 2 1 1 0 2 1 2 1 1 0 1 1 0 1 2 1 2 0 0 1 2 1 2 1 1 0 1 2 2 1 0 0 0 1 0 1 0 2 2 0 0 2 2 1 0 0 0 1 0 0
0.267580851176303 -1.10097285263056 1.13766014695966 -0.476360728044315 0.580529956672704 -1 0 1 1 0 2 1 2 1 2 1 1 2 2 2 0 1 1 1 2 1 2 2 0 1 2 1 2 1 0 1 2 0 1 2 2 1 2 2 0 0 0 0 2 2 0 1 1 1 0 2 1 1 2 1 2 2 2 1 2 0 0 2 0 0 2 0 2 1 1 0 0 0 1 2 1 1 2 2 2 1 1 0 0 0 2 1 1 2 2 1 1 1 0 1 1 1 1 2 2 1 0 -1 -1 0 -2 -1 -2 -1 -2 -1 -1 -2 -2 -2 0 -1 -1 -1 -2 -1 -2 -2 0 -1 -2 -1 -2 -1 0 -1 -2 0 -1 -2 -2 -1 -2 -2 0 0 0 0 -2 -2 0 -1 -1 -1 0 -2 -1 -1 -2 -1 -2 -2 -2 -1 -2 0 0 -2 0 0 -2 0 -2 -1 -1 0 0 0 -1 -2 -1 -1 -2 -2 -2 -1 -1 0 0 0 -2 -1 -1 -2 -2 -1 -1 -1 0 -1 -1 -1 -1 -2 -2 -1
0.166066394003028 -0.436440729575314 0.00544657975378001 1.79613938688625 1.02297003642676 -1 0 0 1 0 2 2 1 0 2 1 1 1 1 1 0 1 1 0 2 1 1 2 0 2 2 1 1 1 1 1 2 0 2 2 2 0 2 2 1 2 0 0 2 2 0 0 0 0 0 1 0 0 1 1 1 1 2 0 1 0 2 2 1 2 2 0 2 2 0 2 2 2 1 2 1 1 2 2 2 2 1 1 1 2 1 2 0 1 2 2 2 1 1 0 0 0 0 2 1 0 0 0 -1 0 -2 -2 -1 0 -2 -1 -1 -1 -1 -1 0 -1 -1 0 -2 -1 -1 -2 0 -2 -2 -1 -1 -1 -1 -1 -2 0 -2 -2 -2 0 -2 -2 -1 -2 0 0 -2 -2 0 0 0 0 0 -1 0 0 -1 -1 -1 -1 -2 0 -1 0 -2 -2 -1 -2 -2 0 -2 -2 0 -2 -2 -2 -1 -2 -1 -1 -2 -2 -2 -2 -1 -1 -1 -2 -1 -2 0 -1 -2 -2 -2 -1 -1 0 0 0 0 -2 -1 0
0.482092866323759 0.684967390729735 1.05979370611429 0.535655796598727 1.38063670609411 -1 2 2 1 0 2 1 1 0 1 2 2 1 1 2 0 2 2 1 1 1 0 2 0 2 2 1 2 0 0 0 2 0 1 2 1 0 1 2 1 1 0 1 2 2 2 0 1 2 0 1 0 1 2 1 1 2 2 2 2 0 1 2 0 1 2 2 2 2 1 0 0 0 0 1 0 0 2 1 2 2 0 0 0 2 1 2 1 2 2 1 1 1 1 1 0 0 0 0 1 0 -2 -2 -1 0 -2 -1 -1 0 -1 -2 -2 -1 -1 -2 0 -2 -2 -1 -1 -1 0 -2 0 -2 -2 -1 -2 0 0 0 -2 0 -1 -2 -1 0 -1 -2 -1 -1 0 -1 -2 -2 -2 0 -1 -2 0 -1 0 -1 -2 -1 -1 -2 -2 -2 -2 0 -1 -2 0 -1 -2 -2 -2 -2 -1 0 0 0 0 -1 0 0 -2 -1 -2 -2 0 0 0 -2 -1 -2 -1 -2 -2 -1 -1 -1 -1 -1 0 0 0 0 -1 0
1.09386292124175 0.925559675858161 1.5918359015619 -0.989418072064838 -0.238801657444338 -1 1 0 0 0 2 1 0 0 2 2 1 1 2 2 0 0 1 1 2 0 1 1 0 0 2 0 0 1 0 1 2 0 0 1 2 0 1 1 0 1 0 1 2 1 1 1 0 1 1 2 0 0 2 1 1 2 2 1 2 0 2 2 1 1 1 0 2 1 1 1 1 1 2 2 1 0 2 2 2 2 2 1 1 1 0 0 0 2 1 0 0 2 2 0 0 0 0 2 2 1 -1 0 0 0 -2 -1 0 0 -2 -2 -1 -1 -2 -2 0 0 -1 -1 -2 0 -1 -1 0 0 -2 0 0 -1 0 -1 -2 0 0 -1 -2 0 -1 -1 0 -1 0 -1 -2 -1 -1 -1 0 -1 -1 -2 0 0 -2 -1 -1 -2 -2 -1 -2 0 -2 -2 -1 -1 -1 0 -2 -1 -1 -1 -1 -1 -2 -2 -1 0 -2 -2 -2 -2 -2 -1 -1 -1 0 0 0 -2 -1 0 0 -2 -2 0 0 0 0 -2 -2 -1
-1.0040379737698 -0.0136747778984526 0.838183452605372 -0.310249243494738 0.0923435384671002 1 0 0 1 0 2 0 0 0 1 2 2 2 1 2 0 1 1 1 2 0 1 2 0 1 2 0 1 1 0 2 2 0 0 1 1 0 2 2 2 1 0 0 2 1 0 0 1 2 0 1 1 1 2 1 2 2 2 2 2 0 2 2 1 2 2 0 2 1 2 2 0 0 1 2 2 0 2 2 2 2 1 0 1 2 2 2 0 1 1 0 0 1 0 0 0 1 2 2 2 1 0 0 1 0 2 0 0 0 1 2 2 2 1 2 0 1 1 1 2 0 1 2 0 1 2 0 1 1 0 2 2 0 0 1 1 0 2 2 2 1 0 0 2 1 0 0 1 2 0 1 1 1 2 1 2 2 2 2 2 0 2 2 1 2 2 0 2 1 2 2 0 0 1 2 2 0 2 2 2 2 1 0 1 2 2 2 0 1 1 0 0 1 0 0 0 1 2 2 2 1
0.722488900999457 -0.101267746256158 0.240018498498392 -1.04163407222731 0.47088742323324 -1 2 1 0 1 2 0 1 1 2 2 2 0 1 2 0 1 1 1 1 1 1 2 0 0 1 0 0 1 0 1 2 0 2 2 2 0 2 2 1 1 0 0 2 1 0 1 1 2 0 2 2 1 0 0 1 2 2 1 2 0 1 1 1 1 1 0 2 2 1 0 0 0 1 1 0 1 1 2 2 2 1 1 0 1 1 1 0 2 1 0 1 1 1 0 1 0 1 2 1 0 -2 -1 0 -1 -2 0 -1 -1 -2 -2 -2 0 -1 -2 0 -1 -1 -1 -1 -1 -1 -2 0 0 -1 0 0 -1 0 -1 -2 0 -2 -2 -2 0 -2 -2 -1 -1 0 0 -2 -1 0 -1 -1 -2 0 -2 -2 -1 0 0 -1 -2 -2 -1 -2 0 -1 -1 -1 -1 -1 0 -2 -2 -1 0 0 0 -1 -1 0 -1 -1 -2 -2 -2 -1 -1 0 -1 -1 -1 0 -2 -1 0 -1 -1 -1 0 -1 0 -1 -2 -1 0
2.28756875078749 3.0119135959783 2.15223633545857 0.201905236777466 0.84397151322423 -1 0 1 0 0 2 1 1 1 2 0 0 1 0 2 0 2 1 1 1 0 1 2 0 1 2 0 2 1 1 2 2 0 1 2 2 0 2 2 1 1 0 0 2 0 0 0 0 1 0 0 1 1 2 2 2 2 2 0 1 0 2 1 1 2 2 0 2 1 1 0 0 0 0 1 1 1 2 2 2 2 2 0 0 2 1 1 0 2 2 1 1 2 2 0 0 0 0 1 2 1 0 -1 0 0 -2 -1 -1 -1 -2 0 0 -1 0 -2 0 -2 -1 -1 -1 0 -1 -2 0 -1 -2 0 -2 -1 -1 -2 -2 0 -1 -2 -2 0 -2 -2 -1 -1 0 0 -2 0 0 0 0 -1 0 0 -1 -1 -2 -2 -2 -2 -2 0 -1 0 -2 -1 -1 -2 -2 0 -2 -1 -1 0 0 0 0 -1 -1 -1 -2 -2 -2 -2 -2 0 0 -2 -1 -1 0 -2 -2 -1 -1 -2 -2 0 0 0 0 -1 -2 -1
1.34974620860843 0.283030915160768 0.0713988304758078 -0.491759430062062 0.17599824654173 -1 2 1 0 0 2 1 1 0 1 2 2 1 1 2 1 2 1 1 2 0 2 2 1 2 2 1 1 0 0 2 2 0 0 2 2 0 2 2 2 0 0 0 2 2 1 1 0 0 0 1 1 1 1 1 2 2 2 0 1 0 2 1 0 1 1 0 1 0 0 0 0 0 2 2 2 1 2 2 2 2 1 0 0 1 0 0 0 1 1 1 2 1 1 1 2 0 0 1 1 0 -2 -1 0 0 -2 -1 -1 0 -1 -2 -2 -1 -1 -2 -1 -2 -1 -1 -2 0 -2 -2 -1 -2 -2 -1 -1 0 0 -2 -2 0 0 -2 -2 0 -2 -2 -2 0 0 0 -2 -2 -1 -1 0 0 0 -1 -1 -1 -1 -1 -2 -2 -2 0 -1 0 -2 -1 0 -1 -1 0 -1 0 0 0 0 0 -2 -2 -2 -1 -2 -2 -2 -2 -1 0 0 -1 0 0 0 -1 -1 -1 -2 -1 -1 -1 -2 0 0 -1 -1 0
-1.10525971970938 0.409455115709784 -0.603796385310825 0.726120498662801 -0.117128249780025 1 0 1 0 0 2 1 0 0 1 1 1 0 0 2 0 0 1 0 2 0 1 2 1 2 2 1 2 2 0 1 2 0 0 2 2 0 2 2 2 2 1 2 2 0 0 1 1 1 0 2 0 0 1 0 2 2 0 0 2 0 2 2 0 0 1 0 1 0 1 1 1 1 0 1 2 1 2 2 2 2 1 0 1 2 1 2 0 2 0 0 1 2 2 1 1 0 2 2 2 0 0 1 0 0 2 1 0 0 1 1 1 0 0 2 0 0 1 0 2 0 1 2 1 2 2 1 2 2 0 1 2 0 0 2 2 0 2 2 2 2 1 2 2 0 0 1 1 1 0 2 0 0 1 0 2 2 0 0 2 0 2 2 0 0 1 0 1 0 1 1 1 1 0 1 2 1 2 2 2 2 1 0 1 2 1 2 0 2 0 0 1 2 2 1 1 0 2 2 2 0
-0.140562113587445 -1.03424920174647 1.4475802715247 -1.69289635451149 0.707425363737367 -1 1 1 1 0 2 0 0 0 2 2 2 1 1 2 1 1 1 0 1 1 0 2 0 1 2 1 1 0 0 0 2 0 2 2 2 0 2 2 1 1 0 1 2 1 0 1 0 2 0 1 1 0 0 0 2 1 2 0 0 0 2 0 0 0 2 0 2 0 2 0 0 1 1 2 1 0 2 2 2 2 2 0 1 1 1 1 1 2 1 1 2 2 1 1 1 0 0 0 2 0 -1 -1 -1 0 -2 0 0 0 -2 -2 -2 -1 -1 -2 -1 -1 -1 0 -1 -1 0 -2 0 -1 -2 -1 -1 0 0 0 -2 0 -2 -2 -2 0 -2 -2 -1 -1 0 -1 -2 -1 0 -1 0 -2 0 -1 -1 0 0 0 -2 -1 -2 0 0 0 -2 0 0 0 -2 0 -2 0 -2 0 0 -1 -1 -2 -1 0 -2 -2 -2 -2 -2 0 -1 -1 -1 -1 -1 -2 -1 -1 -2 -2 -1 -1 -1 0 0 0 -2 0
-0.76094966690488 -0.352591188151825 -0.79107795534847 0.765410073852208 0.343785675434936 -1 0 0 0 0 2 0 1 1 0 1 1 0 1 2 0 1 1 1 2 1 1 2 0 2 2 1 1 1 1 2 2 0 0 1 2 0 2 1 0 2 0 1 2 1 0 0 1 1 0 2 1 0 0 0 1 2 2 0 0 0 2 1 0 1 2 0 1 1 1 0 0 0 0 2 1 0 2 1 1 2 1 0 1 0 0 1 1 2 1 0 1 2 2 0 1 0 1 1 0 0 0 0 0 0 -2 0 -1 -1 0 -1 -1 0 -1 -2 0 -1 -1 -1 -2 -1 -1 -2 0 -2 -2 -1 -1 -1 -1 -2 -2 0 0 -1 -2 0 -2 -1 0 -2 0 -1 -2 -1 0 0 -1 -1 0 -2 -1 0 0 0 -1 -2 -2 0 0 0 -2 -1 0 -1 -2 0 -1 -1 -1 0 0 0 0 -2 -1 0 -2 -1 -1 -2 -1 0 -1 0 0 -1 -1 -2 -1 0 -1 -2 -2 0 -1 0 -1 -1 0 0
-0.703330479708211 -1.11368162098322 -2.81607621444803 -0.876710061520498 -1.28168580303465 1 1 0 0 0 2 0 2 0 2 1 1 1 1 2 0 1 1 0 2 0 1 2 0 1 2 2 1 2 1 2 2 1 1 2 2 0 2 2 1 2 0 1 2 2 1 0 0 1 0 2 2 1 1 1 2 1 1 0 1 0 1 1 1 0 2 0 2 2 2 0 0 0 0 0 0 0 2 2 2 2 1 0 1 2 1 1 1 2 0 0 1 0 0 0 0 0 0 1 1 0 1 0 0 0 2 0 2 0 2 1 1 1 1 2 0 1 1 0 2 0 1 2 0 1 2 2 1 2 1 2 2 1 1 2 2 0 2 2 1 2 0 1 2 2 1 0 0 1 0 2 2 1 1 1 2 1 1 0 1 0 1 1 1 0 2 0 2 2 2 0 0 0 0 0 0 0 2 2 2 2 1 0 1 2 1 1 1 2 0 0 1 0 0 0 0 0 0 1 1 0
1.38843466313593 -0.612976137228315 -0.403165791385604 -0.262420364491353 -0.713565325135203 -1 1 2 1 0 2 1 2 1 1 2 2 2 2 2 0 1 1 1 2 0 1 1 0 1 1 1 2 1 1 1 2 0 2 2 2 1 2 2 2 2 0 0 2 1 1 2 1 0 0 2 0 0 0 0 1 2 1 0 1 0 1 2 0 1 2 0 2 0 1 0 0 0 0 0 0 0 2 2 2 2 2 1 1 1 1 1 0 1 1 1 1 2 1 0 1 0 0 1 0 0 -1 -2 -1 0 -2 -1 -2 -1 -1 -2 -2 -2 -2 -2 0 -1 -1 -1 -2 0 -1 -1 0 -1 -1 -1 -2 -1 -1 -1 -2 0 -2 -2 -2 -1 -2 -2 -2 -2 0 0 -2 -1 -1 -2 -1 0 0 -2 0 0 0 0 -1 -2 -1 0 -1 0 -1 -2 0 -1 -2 0 -2 0 -1 0 0 0 0 0 0 0 -2 -2 -2 -2 -2 -1 -1 -1 -1 -1 0 -1 -1 -1 -1 -2 -1 0 -1 0 0 -1 0 0
-0.825928897386053 -0.403793367354209 1.14169444866159 -0.885381372237233 -0.660007519278708 -1 1 1 0 0 2 2 2 0 1 1 1 1 1 2 0 2 1 0 2 0 0 2 0 2 2 1 1 0 0 0 2 0 0 2 2 0 1 2 2 2 1 2 2 2 1 1 1 2 1 2 1 0 1 1 2 2 1 1 1 0 2 2 0 1 2 1 2 2 2 2 2 2 1 2 1 1 2 2 2 2 2 1 2 1 1 1 0 2 0 0 0 2 2 2 1 0 0 2 2 1 -1 -1 0 0 -2 -2 -2 0 -1 -1 -1 -1 -1 -2 0 -2 -1 0 -2 0 0 -2 0 -2 -2 -1 -1 0 0 0 -2 0 0 -2 -2 0 -1 -2 -2 -2 -1 -2 -2 -2 -1 -1 -1 -2 -1 -2 -1 0 -1 -1 -2 -2 -1 -1 -1 0 -2 -2 0 -1 -2 -1 -2 -2 -2 -2 -2 -2 -1 -2 -1 -1 -2 -2 -2 -2 -2 -1 -2 -1 -1 -1 0 -2 0 0 0 -2 -2 -2 -1 0 0 -2 -2 -1
1.21586006226903 1.08462751104876 -0.588720353980264 -2.5142307298497 0.403290113905947 -1 1 0 2 0 2 1 2 1 2 2 2 1 0 2 0 1 1 1 2 1 1 2 0 1 2 1 1 1 0 0 2 0 0 1 2 0 1 2 2 2 0 0 2 1 0 0 1 2 1 2 0 1 2 2 2 2 2 2 2 0 2 2 0 0 2 0 2 2 1 0 0 1 2 1 1 1 2 2 2 0 0 0 0 1 1 2 1 1 1 0 0 1 0 0 0 0 0 1 2 0 -1 0 -2 0 -2 -1 -2 -1 -2 -2 -2 -1 0 -2 0 -1 -1 -1 -2 -1 -1 -2 0 -1 -2 -1 -1 -1 0 0 -2 0 0 -1 -2 0 -1 -2 -2 -2 0 0 -2 -1 0 0 -1 -2 -1 -2 0 -1 -2 -2 -2 -2 -2 -2 -2 0 -2 -2 0 0 -2 0 -2 -2 -1 0 0 -1 -2 -1 -1 -1 -2 -2 -2 0 0 0 0 -1 -1 -2 -1 -1 -1 0 0 -1 0 0 0 0 0 -1 -2 0
-1.2694907819256 0.450620881883511 0.926269216276634 0.308811694430072 1.1574930838903 1 1 1 1 0 2 0 1 1 1 1 1 1 1 2 0 1 2 2 2 0 0 2 0 2 2 2 2 0 0 0 2 0 0 2 2 0 1 2 1 0 0 1 2 1 0 0 0 2 0 2 2 1 2 1 2 2 2 0 1 0 2 1 0 2 2 1 2 2 1 1 0 1 2 2 1 1 2 2 2 2 2 0 0 1 1 0 0 2 1 1 1 2 1 0 0 0 0 1 0 1 1 1 1 0 2 0 1 1 1 1 1 1 1 2 0 1 2 2 2 0 0 2 0 2 2 2 2 0 0 0 2 0 0 2 2 0 1 2 1 0 0 1 2 1 0 0 0 2 0 2 2 1 2 1 2 2 2 0 1 0 2 1 0 2 2 1 2 2 1 1 0 1 2 2 1 1 2 2 2 2 2 0 0 1 1 0 0 2 1 1 1 2 1 0 0 0 0 1 0 1
-0.979950319349952 -0.385725495745784 -1.2012807279535 1.3300801085812 1.10843687513061 1 1 0 1 0 2 1 2 1 2 1 2 1 1 2 0 1 2 1 2 0 0 2 0 1 2 1 1 2 1 1 2 0 1 1 2 0 2 2 2 1 0 1 2 1 0 0 1 1 0 2 2 1 2 2 2 2 2 2 2 0 2 2 1 0 1 1 2 1 1 0 0 0 1 1 0 0 2 1 2 2 1 0 1 1 0 2 0 1 1 0 1 2 1 0 0 0 0 2 1 0 1 0 1 0 2 1 2 1 2 1 2 1 1 2 0 1 2 1 2 0 0 2 0 1 2 1 1 2 1 1 2 0 1 1 2 0 2 2 2 1 0 1 2 1 0 0 1 1 0 2 2 1 2 2 2 2 2 2 2 0 2 2 1 0 1 1 2 1 1 0 0 0 1 1 0 0 2 1 2 2 1 0 1 1 0 2 0 1 1 0 1 2 1 0 0 0 0 2 1 0
0.748085057473249 2.02186400959265 1.82531700770204 -0.497582252092974 0.839780857221819 1 1 1 1 0 2 0 1 0 2 0 1 1 1 2 0 1 1 2 2 0 2 2 0 2 2 2 2 0 1 0 2 0 0 2 1 0 2 2 1 2 0 1 2 2 1 0 0 2 1 2 1 1 1 0 2 2 2 1 1 0 2 1 0 1 2 1 2 1 1 0 0 1 2 1 0 1 2 2 2 2 1 1 0 0 0 1 0 1 2 1 0 2 1 1 0 0 0 2 2 1 1 1 1 0 2 0 1 0 2 0 1 1 1 2 0 1 1 2 2 0 2 2 0 2 2 2 2 0 1 0 2 0 0 2 1 0 2 2 1 2 0 1 2 2 1 0 0 2 1 2 1 1 1 0 2 2 2 1 1 0 2 1 0 1 2 1 2 1 1 0 0 1 2 1 0 1 2 2 2 2 1 1 0 0 0 1 0 1 2 1 0 2 1 1 0 0 0 2 2 1
0.410423055613773 0.286145140897377 -1.75028342008112 -0.725429925941167 1.08201027369259 -1 1 1 1 0 2 0 2 0 1 2 2 0 1 2 1 2 2 1 2 1 1 2 0 2 2 2 2 1 0 0 2 0 1 2 2 1 2 2 1 2 1 2 2 1 0 1 1 1 1 2 0 0 1 1 2 2 1 0 2 0 1 1 1 1 2 0 2 1 1 0 0 0 1 2 2 0 2 2 2 1 1 0 0 2 1 2 0 2 2 2 2 2 2 1 0 0 0 1 2 0 -1 -1 -1 0 -2 0 -2 0 -1 -2 -2 0 -1 -2 -1 -2 -2 -1 -2 -1 -1 -2 0 -2 -2 -2 -2 -1 0 0 -2 0 -1 -2 -2 -1 -2 -2 -1 -2 -1 -2 -2 -1 0 -1 -1 -1 -1 -2 0 0 -1 -1 -2 -2 -1 0 -2 0 -1 -1 -1 -1 -2 0 -2 -1 -1 0 0 0 -1 -2 -2 0 -2 -2 -2 -1 -1 0 0 -2 -1 -2 0 -2 -2 -2 -2 -2 -2 -1 0 0 0 -1 -2 0
-0.974060787407502 -1.31719522162882 -1.58160939576324 -1.43642191863592 1.05428330167903 1 2 2 1 0 2 2 1 1 2 1 2 1 1 2 0 1 1 1 1 0 0 2 0 1 2 1 2 1 1 1 2 0 1 2 2 0 1 2 2 2 2 2 2 2 1 1 1 0 0 1 2 1 1 0 2 2 2 2 1 0 2 1 0 1 2 1 2 1 0 0 0 1 2 1 1 1 2 2 2 2 0 0 1 1 0 1 0 1 1 1 0 1 1 0 0 0 1 1 2 0 2 2 1 0 2 2 1 1 2 1 2 1 1 2 0 1 1 1 1 0 0 2 0 1 2 1 2 1 1 1 2 0 1 2 2 0 1 2 2 2 2 2 2 2 1 1 1 0 0 1 2 1 1 0 2 2 2 2 1 0 2 1 0 1 2 1 2 1 0 0 0 1 2 1 1 1 2 2 2 2 0 0 1 1 0 1 0 1 1 1 0 1 1 0 0 0 1 1 2 0
-0.737295759308726 -0.699134929392332 -0.424921452611002 1.46168175456042 -1.27425187237702 1 2 2 0 0 2 0 1 0 1 1 2 1 1 2 0 2 1 2 2 1 1 2 0 0 2 1 1 0 0 0 2 0 0 1 2 0 1 2 1 0 0 0 2 0 0 0 0 1 0 1 2 1 2 1 2 2 2 1 2 0 2 2 0 0 2 0 2 0 2 1 0 0 0 0 1 1 2 2 2 2 2 1 2 1 1 1 0 1 2 0 0 2 1 0 0 1 1 2 2 1 2 2 0 0 2 0 1 0 1 1 2 1 1 2 0 2 1 2 2 1 1 2 0 0 2 1 1 0 0 0 2 0 0 1 2 0 1 2 1 0 0 0 2 0 0 0 0 1 0 1 2 1 2 1 2 2 2 1 2 0 2 2 0 0 2 0 2 0 2 1 0 0 0 0 1 1 2 2 2 2 2 1 2 1 1 1 0 1 2 0 0 2 1 0 0 1 1 2 2 1
1.82278783620666 -0.79000719368802 0.223166169002331 -1.11616161171567 -0.381312937019305 -1 1 0 0 0 2 0 1 0 1 2 2 0 1 1 0 0 0 0 1 0 0 2 1 2 2 2 1 2 2 2 2 0 0 2 2 0 2 2 2 1 0 1 2 1 1 0 0 1 0 1 1 1 1 0 1 2 2 1 2 0 2 1 0 1 2 0 2 1 1 0 0 0 2 1 0 0 1 2 2 2 2 0 0 0 0 1 0 1 0 0 0 0 0 0 0 0 0 2 2 2 -1 0 0 0 -2 0 -1 0 -1 -2 -2 0 -1 -1 0 0 0 0 -1 0 0 -2 -1 -2 -2 -2 -1 -2 -2 -2 -2 0 0 -2 -2 0 -2 -2 -2 -1 0 -1 -2 -1 -1 0 0 -1 0 -1 -1 -1 -1 0 -1 -2 -2 -1 -2 0 -2 -1 0 -1 -2 0 -2 -1 -1 0 0 0 -2 -1 0 0 -1 -2 -2 -2 -2 0 0 0 0 -1 0 -1 0 0 0 0 0 0 0 0 0 -2 -2 -2
-0.381866720439196 0.634445047840489 -1.08705165834164 0.359270987630138 0.688771765582938 -1 0 1 0 0 2 0 0 0 1 1 1 1 2 2 1 1 2 0 2 0 0 2 0 0 1 2 2 1 0 1 2 0 0 2 1 1 2 2 2 2 1 0 2 1 0 0 1 2 1 1 1 1 0 0 1 2 2 1 2 0 2 2 1 1 2 0 2 0 0 0 0 2 2 1 2 0 2 2 2 2 1 0 1 1 0 1 0 2 0 0 1 1 2 2 2 0 0 0 2 0 0 -1 0 0 -2 0 0 0 -1 -1 -1 -1 -2 -2 -1 -1 -2 0 -2 0 0 -2 0 0 -1 -2 -2 -1 0 -1 -2 0 0 -2 -1 -1 -2 -2 -2 -2 -1 0 -2 -1 0 0 -1 -2 -1 -1 -1 -1 0 0 -1 -2 -2 -1 -2 0 -2 -2 -1 -1 -2 0 -2 0 0 0 0 -2 -2 -1 -2 0 -2 -2 -2 -2 -1 0 -1 -1 0 -1 0 -2 0 0 -1 -1 -2 -2 -2 0 0 0 -2 0
-1.04235116109382 1.48773806632216 1.45744557426595 -1.16214927127757 0.0177717904172599 1 0 0 0 0 2 0 2 0 1 1 1 0 1 2 1 2 2 0 2 0 1 2 0 0 2 1 1 1 1 1 2 0 0 1 2 0 1 2 2 1 0 1 2 0 0 0 0 2 2 2 2 0 2 2 2 2 2 0 1 0 2 2 1 1 2 1 2 0 1 2 0 1 1 0 2 1 2 2 2 1 1 0 0 0 0 0 0 2 1 0 1 2 1 0 0 0 2 1 2 1 0 0 0 0 2 0 2 0 1 1 1 0 1 2 1 2 2 0 2 0 1 2 0 0 2 1 1 1 1 1 2 0 0 1 2 0 1 2 2 1 0 1 2 0 0 0 0 2 2 2 2 0 2 2 2 2 2 0 1 0 2 2 1 1 2 1 2 0 1 2 0 1 1 0 2 1 2 2 2 1 1 0 0 0 0 0 0 2 1 0 1 2 1 0 0 0 2 1 2 1
-0.964289450870139 0.641304675838525 -0.0531948409314409 -2.26994392481632 -0.397452948591461 1 1 1 1 0 2 2 2 1 1 1 1 1 1 2 0 0 1 0 1 0 1 2 0 1 2 1 2 1 1 2 2 0 1 2 2 1 2 2 1 0 0 0 2 1 1 2 1 2 2 2 1 1 1 0 2 1 2 1 2 0 2 1 1 2 2 1 2 2 1 1 0 0 1 1 0 2 2 2 2 2 1 0 0 1 1 2 1 2 1 0 1 1 1 1 1 0 0 1 2 0 1 1 1 0 2 2 2 1 1 1 1 1 1 2 0 0 1 0 1 0 1 2 0 1 2 1 2 1 1 2 2 0 1 2 2 1 2 2 1 0 0 0 2 1 1 2 1 2 2 2 1 1 1 0 2 1 2 1 2 0 2 1 1 2 2 1 2 2 1 1 0 0 1 1 0 2 2 2 2 2 1 0 0 1 1 2 1 2 1 0 1 1 1 1 1 0 0 1 2 0
-1.124095692355 1.45182993153939 -0.201665565998709 -0.0255959745082252 -0.0218464286911749 1 0 1 0 0 2 0 1 1 1 1 1 1 2 2 0 1 1 1 2 0 1 2 0 1 2 2 2 2 0 0 2 1 2 2 2 0 2 2 1 1 0 1 2 2 1 1 1 2 0 2 1 0 2 1 2 0 2 1 1 0 2 1 0 2 1 0 2 1 2 0 0 1 1 1 0 0 1 2 1 2 0 0 0 1 0 0 0 1 1 1 0 1 1 1 1 0 1 1 2 0 0 1 0 0 2 0 1 1 1 1 1 1 2 2 0 1 1 1 2 0 1 2 0 1 2 2 2 2 0 0 2 1 2 2 2 0 2 2 1 1 0 1 2 2 1 1 1 2 0 2 1 0 2 1 2 0 2 1 1 0 2 1 0 2 1 0 2 1 2 0 0 1 1 1 0 0 1 2 1 2 0 0 0 1 0 0 0 1 1 1 0 1 1 1 1 0 1 1 2 0
0.297244597384865 -2.01888225575328 -0.747216891440112 0.75440192999682 -0.0358452152941368 -1 1 0 0 0 2 1 1 1 1 0 1 1 1 0 0 0 1 0 2 2 2 2 1 2 2 1 2 0 0 0 2 0 1 2 2 1 2 2 2 0 0 1 2 2 0 1 0 0 1 2 0 1 1 0 2 2 1 1 2 0 1 1 0 1 2 0 2 0 1 0 1 1 0 1 0 1 2 2 2 2 0 0 0 1 0 0 0 2 1 1 0 2 1 0 0 0 0 2 2 1 -1 0 0 0 -2 -1 -1 -1 -1 0 -1 -1 -1 0 0 0 -1 0 -2 -2 -2 -2 -1 -2 -2 -1 -2 0 0 0 -2 0 -1 -2 -2 -1 -2 -2 -2 0 0 -1 -2 -2 0 -1 0 0 -1 -2 0 -1 -1 0 -2 -2 -1 -1 -2 0 -1 -1 0 -1 -2 0 -2 0 -1 0 -1 -1 0 -1 0 -1 -2 -2 -2 -2 0 0 0 -1 0 0 0 -2 -1 -1 0 -2 -1 0 0 0 0 -2 -2 -1
-0.330337126813449 0.557154709073533 0.150692244333403 0.55443058568264 -1.15353482582862 -1 1 2 1 1 2 1 1 0 2 1 1 1 0 2 0 1 1 0 1 0 2 2 0 1 2 1 2 0 0 1 2 0 1 1 2 0 2 2 2 1 0 0 2 1 0 0 0 0 0 2 2 1 2 2 2 2 2 1 2 0 2 1 1 2 2 0 2 0 1 2 2 1 2 2 1 1 2 2 2 2 1 0 1 1 1 2 0 2 1 0 0 0 0 0 0 0 0 2 1 0 -1 -2 -1 -1 -2 -1 -1 0 -2 -1 -1 -1 0 -2 0 -1 -1 0 -1 0 -2 -2 0 -1 -2 -1 -2 0 0 -1 -2 0 -1 -1 -2 0 -2 -2 -2 -1 0 0 -2 -1 0 0 0 0 0 -2 -2 -1 -2 -2 -2 -2 -2 -1 -2 0 -2 -1 -1 -2 -2 0 -2 0 -1 -2 -2 -1 -2 -2 -1 -1 -2 -2 -2 -2 -1 0 -1 -1 -1 -2 0 -2 -1 0 0 0 0 0 0 0 0 -2 -1 0
1.45564027515227 -0.532470459751984 0.0706038490985677 -1.07792057484111 0.831161382206499 1 1 2 0 0 2 2 2 1 2 1 1 1 1 2 0 2 1 1 2 0 1 2 0 0 1 0 2 1 0 1 2 1 1 2 2 1 2 1 1 1 0 0 2 1 0 0 0 1 0 2 1 0 1 1 2 2 1 0 2 1 2 2 0 0 0 0 0 1 0 2 1 0 0 1 1 0 2 2 2 2 2 1 1 1 0 0 0 1 1 0 0 2 1 0 0 0 0 2 1 0 1 2 0 0 2 2 2 1 2 1 1 1 1 2 0 2 1 1 2 0 1 2 0 0 1 0 2 1 0 1 2 1 1 2 2 1 2 1 1 1 0 0 2 1 0 0 0 1 0 2 1 0 1 1 2 2 1 0 2 1 2 2 0 0 0 0 0 1 0 2 1 0 0 1 1 0 2 2 2 2 2 1 1 1 0 0 0 1 1 0 0 2 1 0 0 0 0 2 1 0
-0.343475887622545 0.311737468466471 -0.933275064807344 -0.0710889459043528 -2.05802952091157 -1 1 2 2 1 2 1 2 1 2 2 2 1 2 2 1 1 2 1 2 1 1 2 0 1 1 1 2 0 0 0 2 0 0 1 2 0 2 2 1 1 0 1 2 1 0 1 1 2 0 1 1 0 2 1 2 1 1 0 1 0 1 1 0 1 1 0 2 1 0 1 1 1 2 2 0 0 2 2 2 2 2 1 0 1 0 1 1 2 1 0 1 1 0 0 0 0 2 2 2 1 -1 -2 -2 -1 -2 -1 -2 -1 -2 -2 -2 -1 -2 -2 -1 -1 -2 -1 -2 -1 -1 -2 0 -1 -1 -1 -2 0 0 0 -2 0 0 -1 -2 0 -2 -2 -1 -1 0 -1 -2 -1 0 -1 -1 -2 0 -1 -1 0 -2 -1 -2 -1 -1 0 -1 0 -1 -1 0 -1 -1 0 -2 -1 0 -1 -1 -1 -2 -2 0 0 -2 -2 -2 -2 -2 -1 0 -1 0 -1 -1 -2 -1 0 -1 -1 0 0 0 0 -2 -2 -2 -1
0.739649446884278 -1.05276375775224 -1.54295848900477 -0.321884114827069 -0.199053306175845 -1 1 2 1 0 2 1 2 0 2 2 2 1 2 1 0 1 1 0 1 1 2 2 0 0 1 0 1 0 0 0 2 0 1 2 2 0 2 2 0 2 0 1 2 0 0 0 0 0 0 2 1 1 1 2 2 2 1 1 1 0 1 2 0 0 2 0 2 1 1 1 0 0 2 2 1 1 2 2 2 1 1 0 0 1 1 2 0 1 1 0 1 2 1 0 0 0 0 1 2 0 -1 -2 -1 0 -2 -1 -2 0 -2 -2 -2 -1 -2 -1 0 -1 -1 0 -1 -1 -2 -2 0 0 -1 0 -1 0 0 0 -2 0 -1 -2 -2 0 -2 -2 0 -2 0 -1 -2 0 0 0 0 0 0 -2 -1 -1 -1 -2 -2 -2 -1 -1 -1 0 -1 -2 0 0 -2 0 -2 -1 -1 -1 0 0 -2 -2 -1 -1 -2 -2 -2 -1 -1 0 0 -1 -1 -2 0 -1 -1 0 -1 -2 -1 0 0 0 0 -1 -2 0
-0.912733365413555 -0.0583781618345658 -0.63192545089802 0.60009383980628 -1.22137185570075 1 0 0 0 0 2 1 1 0 2 1 1 1 2 2 0 1 2 0 2 0 0 2 0 1 2 1 2 0 0 0 2 0 0 2 2 0 2 1 1 1 0 1 2 1 0 0 0 0 1 2 1 0 1 1 2 2 2 0 1 0 1 2 0 1 1 0 2 0 0 2 0 1 1 2 1 2 2 2 2 1 2 0 0 1 1 1 0 1 1 1 0 1 1 0 0 0 0 2 1 0 0 0 0 0 2 1 1 0 2 1 1 1 2 2 0 1 2 0 2 0 0 2 0 1 2 1 2 0 0 0 2 0 0 2 2 0 2 1 1 1 0 1 2 1 0 0 0 0 1 2 1 0 1 1 2 2 2 0 1 0 1 2 0 1 1 0 2 0 0 2 0 1 1 2 1 2 2 2 2 1 2 0 0 1 1 1 0 1 1 1 0 1 1 0 0 0 0 2 1 0
0.633430039606233 0.83708302351525 1.02479158394363 0.350572563166086 -0.559750140828984 1 0 2 2 1 2 1 0 0 2 2 1 1 1 1 1 1 1 1 2 1 0 2 0 1 2 1 2 0 0 0 2 0 1 2 2 0 2 2 1 2 0 1 2 1 1 1 2 1 1 2 1 0 2 1 2 2 1 1 0 0 1 1 0 1 2 1 2 1 1 0 0 0 1 1 1 0 1 2 2 2 1 0 0 2 1 1 0 2 1 1 1 1 1 0 0 0 0 2 1 1 0 2 2 1 2 1 0 0 2 2 1 1 1 1 1 1 1 1 2 1 0 2 0 1 2 1 2 0 0 0 2 0 1 2 2 0 2 2 1 2 0 1 2 1 1 1 2 1 1 2 1 0 2 1 2 2 1 1 0 0 1 1 0 1 2 1 2 1 1 0 0 0 1 1 1 0 1 2 2 2 1 0 0 2 1 1 0 2 1 1 1 1 1 0 0 0 0 2 1 1
0.302967513326407 -0.280049447696868 -0.0456342858805553 0.775695665414516 1.21407195028867 1 1 1 0 0 2 1 2 0 2 2 2 1 1 2 0 0 0 1 2 1 1 2 0 1 2 0 1 0 0 1 2 0 1 2 1 0 2 2 2 1 0 0 2 1 0 0 1 2 1 1 0 0 1 0 2 1 2 1 2 0 2 2 0 0 0 0 1 0 0 1 0 1 2 2 1 1 2 2 2 2 1 1 0 0 0 0 0 1 1 0 1 1 0 0 0 0 0 2 1 1 1 1 0 0 2 1 2 0 2 2 2 1 1 2 0 0 0 1 2 1 1 2 0 1 2 0 1 0 0 1 2 0 1 2 1 0 2 2 2 1 0 0 2 1 0 0 1 2 1 1 0 0 1 0 2 1 2 1 2 0 2 2 0 0 0 0 1 0 0 1 0 1 2 2 1 1 2 2 2 2 1 1 0 0 0 0 0 1 1 0 1 1 0 0 0 0 0 2 1 1
-1.59224977906934 -0.486431416479146 1.65455470418635 -1.13754763673886 -0.0212967489285175 1 1 1 0 0 2 0 1 1 2 1 1 2 2 2 1 2 2 1 2 1 1 2 0 1 2 1 1 0 0 1 2 0 0 0 1 0 1 1 1 0 0 1 2 2 1 2 0 0 0 2 0 0 2 0 1 2 1 0 1 0 1 0 0 2 1 0 1 0 0 1 1 0 2 2 1 1 2 2 2 1 1 0 0 0 0 1 0 2 1 0 1 2 1 0 1 0 1 2 1 1 1 1 0 0 2 0 1 1 2 1 1 2 2 2 1 2 2 1 2 1 1 2 0 1 2 1 1 0 0 1 2 0 0 0 1 0 1 1 1 0 0 1 2 2 1 2 0 0 0 2 0 0 2 0 1 2 1 0 1 0 1 0 0 2 1 0 1 0 0 1 1 0 2 2 1 1 2 2 2 1 1 0 0 0 0 1 0 2 1 0 1 2 1 0 1 0 1 2 1 1
1.86944029255399 -0.274637900582113 -1.1490176523882 0.692098099391751 1.03432216909893 1 0 0 1 0 2 0 0 0 1 0 1 1 1 2 0 1 2 2 2 1 1 2 0 2 2 0 1 0 1 1 2 0 0 1 2 0 2 2 0 1 1 1 2 1 1 0 0 0 0 1 0 0 0 2 2 2 2 0 1 0 2 1 1 2 0 0 0 0 0 0 0 0 2 2 1 0 2 2 2 2 2 0 0 1 1 2 1 2 0 0 0 1 0 0 0 0 0 1 1 0 0 0 1 0 2 0 0 0 1 0 1 1 1 2 0 1 2 2 2 1 1 2 0 2 2 0 1 0 1 1 2 0 0 1 2 0 2 2 0 1 1 1 2 1 1 0 0 0 0 1 0 0 0 2 2 2 2 0 1 0 2 1 1 2 0 0 0 0 0 0 0 0 2 2 1 0 2 2 2 2 2 0 0 1 1 2 1 2 0 0 0 1 0 0 0 0 0 1 1 0
1.05361164454564 -0.211552851487678 -0.173645349296312 1.0287899405528 0.99103329075361 -1 1 1 0 0 2 0 1 0 0 1 1 0 1 2 0 1 2 2 2 0 0 2 0 1 1 1 2 0 1 1 2 0 1 1 2 0 1 2 1 0 0 0 2 1 0 1 0 1 0 2 1 0 1 1 2 1 2 0 1 0 1 1 0 0 2 1 2 2 1 0 0 0 1 2 1 1 2 2 2 2 2 1 0 0 0 1 0 2 1 1 1 0 0 0 0 0 0 1 1 0 -1 -1 0 0 -2 0 -1 0 0 -1 -1 0 -1 -2 0 -1 -2 -2 -2 0 0 -2 0 -1 -1 -1 -2 0 -1 -1 -2 0 -1 -1 -2 0 -1 -2 -1 0 0 0 -2 -1 0 -1 0 -1 0 -2 -1 0 -1 -1 -2 -1 -2 0 -1 0 -1 -1 0 0 -2 -1 -2 -2 -1 0 0 0 -1 -2 -1 -1 -2 -2 -2 -2 -2 -1 0 0 0 -1 0 -2 -1 -1 -1 0 0 0 0 0 0 -1 -1 0
1.23137257243739 0.664875456259495 0.263086559370442 -1.05891686816093 2.01965313808271 1 2 1 0 0 2 2 1 0 0 1 0 1 2 2 0 2 2 2 2 0 0 2 0 1 2 2 2 1 0 0 2 0 0 2 2 0 2 2 1 0 0 0 2 0 0 0 0 1 0 1 2 0 2 2 2 2 2 2 2 0 1 2 1 1 2 1 2 1 2 2 1 1 2 2 2 2 2 2 2 2 2 0 0 0 1 1 0 1 0 0 1 2 2 1 0 0 0 1 2 0 2 1 0 0 2 2 1 0 0 1 0 1 2 2 0 2 2 2 2 0 0 2 0 1 2 2 2 1 0 0 2 0 0 2 2 0 2 2 1 0 0 0 2 0 0 0 0 1 0 1 2 0 2 2 2 2 2 2 2 0 1 2 1 1 2 1 2 1 2 2 1 1 2 2 2 2 2 2 2 2 2 0 0 0 1 1 0 1 0 0 1 2 2 1 0 0 0 1 2 0
-1.16530756285741 -0.179650233364282 -0.918519684626106 0.453561134595063 -2.03656049269603 1 0 1 2 2 2 2 2 1 2 2 2 1 2 2 1 2 2 1 2 0 0 1 0 0 2 1 2 0 0 0 2 0 0 1 2 0 1 2 1 0 0 1 2 2 0 1 0 1 0 1 1 0 1 0 1 2 1 1 2 0 2 2 0 0 1 0 2 1 1 2 1 1 1 2 1 1 2 2 2 0 0 0 2 1 0 1 1 1 0 0 0 2 1 0 0 0 0 1 2 1 0 1 2 2 2 2 2 1 2 2 2 1 2 2 1 2 2 1 2 0 0 1 0 0 2 1 2 0 0 0 2 0 0 1 2 0 1 2 1 0 0 1 2 2 0 1 0 1 0 1 1 0 1 0 1 2 1 1 2 0 2 2 0 0 1 0 2 1 1 2 1 1 1 2 1 1 2 2 2 0 0 0 2 1 0 1 1 1 0 0 0 2 1 0 0 0 0 1 2 1
-0.480736096192066 1.42065333599229 -0.963206502862682 -0.83191772234677 1.44356870727049 -1 1 2 0 0 2 0 1 1 2 1 1 1 1 1 0 1 2 1 2 0 1 2 0 1 2 0 0 0 0 1 2 0 0 1 2 0 1 1 0 1 0 0 2 2 1 2 1 1 0 2 1 0 0 1 2 1 2 0 0 0 1 1 1 1 1 0 2 2 1 1 1 1 2 2 0 0 2 2 1 2 1 0 0 0 1 1 0 1 0 1 1 2 1 0 1 0 0 2 1 0 -1 -2 0 0 -2 0 -1 -1 -2 -1 -1 -1 -1 -1 0 -1 -2 -1 -2 0 -1 -2 0 -1 -2 0 0 0 0 -1 -2 0 0 -1 -2 0 -1 -1 0 -1 0 0 -2 -2 -1 -2 -1 -1 0 -2 -1 0 0 -1 -2 -1 -2 0 0 0 -1 -1 -1 -1 -1 0 -2 -2 -1 -1 -1 -1 -2 -2 0 0 -2 -2 -1 -2 -1 0 0 0 -1 -1 0 -1 0 -1 -1 -2 -1 0 -1 0 0 -2 -1 0
0.762544391116394 -0.0253607489566704 -1.13413883618315 0.120686372428933 0.413459188561726 -1 0 0 0 1 2 1 1 0 0 1 1 1 2 2 0 1 2 1 1 1 1 2 0 0 1 1 2 0 0 0 2 0 0 1 2 0 2 2 0 1 0 1 2 1 1 0 1 1 0 1 2 1 2 0 2 2 2 1 2 0 1 2 0 0 1 1 2 1 1 1 0 1 0 1 1 2 2 2 2 1 1 0 0 0 1 1 1 2 1 1 0 1 0 0 1 0 0 2 2 1 0 0 0 -1 -2 -1 -1 0 0 -1 -1 -1 -2 -2 0 -1 -2 -1 -1 -1 -1 -2 0 0 -1 -1 -2 0 0 0 -2 0 0 -1 -2 0 -2 -2 0 -1 0 -1 -2 -1 -1 0 -1 -1 0 -1 -2 -1 -2 0 -2 -2 -2 -1 -2 0 -1 -2 0 0 -1 -1 -2 -1 -1 -1 0 -1 0 -1 -1 -2 -2 -2 -2 -1 -1 0 0 0 -1 -1 -1 -2 -1 -1 0 -1 0 0 -1 0 0 -2 -2 -1
0.231411472995256 -0.668730041775752 0.460671405138648 -1.10714996430883 1.66378749442386 1 0 1 0 0 2 1 2 1 2 2 2 1 2 2 0 1 1 0 2 0 1 2 0 1 1 0 1 1 0 0 2 0 1 2 2 1 1 2 2 2 0 1 2 1 0 0 0 2 0 2 1 0 0 0 2 2 2 1 2 0 2 2 0 2 2 2 2 0 0 1 0 1 1 1 1 0 1 2 2 1 1 0 0 1 0 1 1 1 0 0 0 0 0 0 0 0 0 2 1 0 0 1 0 0 2 1 2 1 2 2 2 1 2 2 0 1 1 0 2 0 1 2 0 1 1 0 1 1 0 0 2 0 1 2 2 1 1 2 2 2 0 1 2 1 0 0 0 2 0 2 1 0 0 0 2 2 2 1 2 0 2 2 0 2 2 2 2 0 0 1 0 1 1 1 1 0 1 2 2 1 1 0 0 1 0 1 1 1 0 0 0 0 0 0 0 0 0 2 1 0
-1.79039660626053 1.44731723051336 0.288309391101873 1.71502137381751 0.802644663122368 1 0 0 0 0 2 1 0 1 2 1 2 1 2 2 0 2 1 1 2 0 1 2 0 2 2 2 2 1 1 2 2 0 2 2 2 1 2 2 1 2 0 1 2 1 0 2 2 2 0 1 1 1 0 0 2 2 1 1 2 0 2 2 1 1 2 0 2 0 1 1 1 1 1 1 0 0 2 2 2 2 2 0 1 2 0 1 1 1 0 0 1 2 1 0 0 0 0 1 1 0 0 0 0 0 2 1 0 1 2 1 2 1 2 2 0 2 1 1 2 0 1 2 0 2 2 2 2 1 1 2 2 0 2 2 2 1 2 2 1 2 0 1 2 1 0 2 2 2 0 1 1 1 0 0 2 2 1 1 2 0 2 2 1 1 2 0 2 0 1 1 1 1 1 1 0 0 2 2 2 2 2 0 1 2 0 1 1 1 0 0 1 2 1 0 0 0 0 1 1 0
-1.31927241506749 -0.924964296351964 -0.372621705881563 0.226611064708567 0.962519713928305 1 0 0 0 0 2 1 2 1 2 2 2 1 2 2 0 1 1 1 2 0 1 2 0 1 2 2 1 1 0 1 2 0 0 1 2 0 2 1 0 0 0 0 1 1 0 0 0 1 0 1 1 1 0 0 0 1 1 0 1 0 2 2 0 2 2 0 2 1 2 0 0 1 1 2 1 0 1 2 2 2 1 0 1 1 2 2 1 2 2 0 1 2 1 1 0 0 0 1 2 0 0 0 0 0 2 1 2 1 2 2 2 1 2 2 0 1 1 1 2 0 1 2 0 1 2 2 1 1 0 1 2 0 0 1 2 0 2 1 0 0 0 0 1 1 0 0 0 1 0 1 1 1 0 0 0 1 1 0 1 0 2 2 0 2 2 0 2 1 2 0 0 1 1 2 1 0 1 2 2 2 1 0 1 1 2 2 1 2 2 0 1 2 1 1 0 0 0 1 2 0
0.323081572089926 -0.705490286801909 -0.741403469849836 0.436149720591687 1.31496567162115 1 1 1 0 0 2 1 1 0 1 2 2 0 1 2 0 1 0 0 2 1 1 1 0 1 2 1 1 1 0 1 2 0 0 1 2 0 2 2 2 2 1 2 2 2 2 1 2 2 0 1 2 0 2 1 2 2 1 2 2 0 2 2 0 1 1 1 2 2 1 1 0 0 1 1 2 2 2 2 1 2 1 1 1 1 1 0 0 1 0 0 0 1 0 1 0 0 0 1 2 0 1 1 0 0 2 1 1 0 1 2 2 0 1 2 0 1 0 0 2 1 1 1 0 1 2 1 1 1 0 1 2 0 0 1 2 0 2 2 2 2 1 2 2 2 2 1 2 2 0 1 2 0 2 1 2 2 1 2 2 0 2 2 0 1 1 1 2 2 1 1 0 0 1 1 2 2 2 2 1 2 1 1 1 1 1 0 0 1 0 0 0 1 0 1 0 0 0 1 2 0
0.220590401337145 1.02669992772973 -0.666915273623398 1.03539873031349 -2.21516072679845 -1 0 1 1 0 2 0 1 0 1 2 2 2 2 2 0 0 2 0 1 1 0 2 0 2 2 1 2 0 0 1 2 0 0 1 2 1 2 1 2 1 0 1 2 2 1 1 0 1 1 2 0 1 1 0 2 1 1 1 2 0 1 2 0 1 2 0 2 0 1 0 0 0 1 2 1 0 2 1 2 2 2 0 0 1 0 1 2 2 1 1 1 2 1 0 1 0 0 1 1 0 0 -1 -1 0 -2 0 -1 0 -1 -2 -2 -2 -2 -2 0 0 -2 0 -1 -1 0 -2 0 -2 -2 -1 -2 0 0 -1 -2 0 0 -1 -2 -1 -2 -1 -2 -1 0 -1 -2 -2 -1 -1 0 -1 -1 -2 0 -1 -1 0 -2 -1 -1 -1 -2 0 -1 -2 0 -1 -2 0 -2 0 -1 0 0 0 -1 -2 -1 0 -2 -1 -2 -2 -2 0 0 -1 0 -1 -2 -2 -1 -1 -1 -2 -1 0 -1 0 0 -1 -1 0
0.217587202090992 -0.789910599135776 -1.03359259455676 1.5572632739325 0.322631441448781 -1 2 2 1 0 2 1 1 0 1 2 2 2 2 2 0 2 1 1 2 0 1 1 0 1 2 2 2 0 0 0 2 1 2 2 2 1 2 2 2 1 0 0 2 2 1 0 0 2 0 2 1 0 1 0 2 2 1 0 1 0 1 1 2 2 2 0 2 1 1 0 0 1 1 1 0 1 2 2 2 2 1 1 0 0 1 2 0 1 2 0 2 2 2 1 0 0 1 2 2 2 -2 -2 -1 0 -2 -1 -1 0 -1 -2 -2 -2 -2 -2 0 -2 -1 -1 -2 0 -1 -1 0 -1 -2 -2 -2 0 0 0 -2 -1 -2 -2 -2 -1 -2 -2 -2 -1 0 0 -2 -2 -1 0 0 -2 0 -2 -1 0 -1 0 -2 -2 -1 0 -1 0 -1 -1 -2 -2 -2 0 -2 -1 -1 0 0 -1 -1 -1 0 -1 -2 -2 -2 -2 -1 -1 0 0 -1 -2 0 -1 -2 0 -2 -2 -2 -1 0 0 -1 -2 -2 -2
-0.50520855780385 1.01747472731504 -0.291708538336855 -0.832341558998083 1.91350227682194 1 2 2 1 0 2 0 0 1 1 0 0 1 1 2 0 0 1 1 1 2 2 2 0 1 2 1 1 1 1 2 2 0 1 2 2 1 2 2 2 1 0 1 2 2 0 1 2 2 0 2 1 1 1 2 1 1 1 0 2 0 2 1 1 2 2 1 2 2 2 1 0 0 0 2 0 2 2 2 2 2 2 1 0 1 1 2 2 2 2 1 1 2 2 1 1 0 0 2 2 1 2 2 1 0 2 0 0 1 1 0 0 1 1 2 0 0 1 1 1 2 2 2 0 1 2 1 1 1 1 2 2 0 1 2 2 1 2 2 2 1 0 1 2 2 0 1 2 2 0 2 1 1 1 2 1 1 1 0 2 0 2 1 1 2 2 1 2 2 2 1 0 0 0 2 0 2 2 2 2 2 2 1 0 1 1 2 2 2 2 1 1 2 2 1 1 0 0 2 2 1
-0.770606244478544 -0.0559675102965622 -0.780302987162325 1.09361296424067 2.47655884183191 -1 2 2 1 0 2 1 1 1 2 2 2 0 2 2 1 1 2 1 1 0 1 2 0 0 2 1 1 1 0 1 2 0 0 2 2 0 2 1 1 2 0 0 2 2 1 0 0 0 0 1 1 0 2 1 2 2 1 1 2 0 2 2 0 1 2 0 2 1 1 1 1 0 1 2 2 1 2 2 2 2 1 0 0 0 1 0 0 1 1 0 0 1 0 0 0 0 0 2 1 0 -2 -2 -1 0 -2 -1 -1 -1 -2 -2 -2 0 -2 -2 -1 -1 -2 -1 -1 0 -1 -2 0 0 -2 -1 -1 -1 0 -1 -2 0 0 -2 -2 0 -2 -1 -1 -2 0 0 -2 -2 -1 0 0 0 0 -1 -1 0 -2 -1 -2 -2 -1 -1 -2 0 -2 -2 0 -1 -2 0 -2 -1 -1 -1 -1 0 -1 -2 -2 -1 -2 -2 -2 -2 -1 0 0 0 -1 0 0 -1 -1 0 0 -1 0 0 0 0 0 -2 -1 0
1.06684566463559 1.16570656186502 -0.224046133167871 -0.244822008496951 -0.846798300959529 1 1 2 1 1 2 1 2 2 2 2 2 2 1 2 0 1 1 0 2 0 1 2 1 2 2 2 2 1 1 1 2 0 1 2 2 0 2 2 2 0 0 1 2 0 0 1 1 1 0 2 2 2 1 0 2 1 1 1 2 0 2 2 0 2 2 0 2 1 1 1 0 0 0 1 0 0 1 1 2 2 2 0 1 1 0 0 0 2 1 1 1 2 0 0 0 0 0 2 2 0 1 2 1 1 2 1 2 2 2 2 2 2 1 2 0 1 1 0 2 0 1 2 1 2 2 2 2 1 1 1 2 0 1 2 2 0 2 2 2 0 0 1 2 0 0 1 1 1 0 2 2 2 1 0 2 1 1 1 2 0 2 2 0 2 2 0 2 1 1 1 0 0 0 1 0 0 1 1 2 2 2 0 1 1 0 0 0 2 1 1 1 2 0 0 0 0 0 2 2 0
0.336040358080991 -0.0886056047276827 1.7794208816536 1.03810581201051 1.91493885570592 -1 2 0 0 0 2 1 1 1 2 1 1 2 2 2 0 1 1 1 2 0 1 2 1 2 2 1 1 1 2 2 2 0 1 2 2 0 1 1 0 1 0 1 2 1 1 1 1 1 0 2 1 1 1 2 2 2 2 2 2 0 1 2 0 1 2 0 1 0 2 1 0 0 1 2 2 2 2 2 2 2 2 0 0 1 1 1 0 1 0 0 0 0 1 1 1 1 0 1 1 0 -2 0 0 0 -2 -1 -1 -1 -2 -1 -1 -2 -2 -2 0 -1 -1 -1 -2 0 -1 -2 -1 -2 -2 -1 -1 -1 -2 -2 -2 0 -1 -2 -2 0 -1 -1 0 -1 0 -1 -2 -1 -1 -1 -1 -1 0 -2 -1 -1 -1 -2 -2 -2 -2 -2 -2 0 -1 -2 0 -1 -2 0 -1 0 -2 -1 0 0 -1 -2 -2 -2 -2 -2 -2 -2 -2 0 0 -1 -1 -1 0 -1 0 0 0 0 -1 -1 -1 -1 0 -1 -1 0
-0.392167559690774 -0.0829394599464148 -0.241292252900321 -0.10135170354586 0.964913815663376 1 0 1 0 0 2 0 0 0 1 1 1 1 2 1 0 1 1 0 1 0 1 2 0 1 2 0 1 1 0 1 2 0 1 2 2 0 2 2 1 0 0 0 2 1 0 1 1 2 0 1 1 1 1 0 2 2 2 2 2 0 1 2 0 2 2 1 2 2 1 1 0 1 2 2 2 0 2 2 2 2 2 0 0 0 2 2 0 2 2 1 0 2 1 0 0 0 0 1 2 0 0 1 0 0 2 0 0 0 1 1 1 1 2 1 0 1 1 0 1 0 1 2 0 1 2 0 1 1 0 1 2 0 1 2 2 0 2 2 1 0 0 0 2 1 0 1 1 2 0 1 1 1 1 0 2 2 2 2 2 0 1 2 0 2 2 1 2 2 1 1 0 1 2 2 2 0 2 2 2 2 2 0 0 0 2 2 0 2 2 1 0 2 1 0 0 0 0 1 2 0
-1.57674376211157 -0.0331959686862299 0.180656370923351 -0.507455355491652 -0.0913741132610985 -1 1 1 2 1 2 2 2 0 2 2 1 1 1 2 0 2 2 1 2 0 1 2 0 1 2 0 2 1 0 0 2 0 1 1 1 0 1 1 1 1 0 1 2 1 1 1 1 2 1 2 0 0 1 1 1 2 2 0 1 0 1 0 0 1 2 2 2 0 1 2 0 1 2 2 1 0 2 2 1 2 1 0 1 1 0 0 0 0 1 0 0 2 1 1 0 0 1 2 1 0 -1 -1 -2 -1 -2 -2 -2 0 -2 -2 -1 -1 -1 -2 0 -2 -2 -1 -2 0 -1 -2 0 -1 -2 0 -2 -1 0 0 -2 0 -1 -1 -1 0 -1 -1 -1 -1 0 -1 -2 -1 -1 -1 -1 -2 -1 -2 0 0 -1 -1 -1 -2 -2 0 -1 0 -1 0 0 -1 -2 -2 -2 0 -1 -2 0 -1 -2 -2 -1 0 -2 -2 -1 -2 -1 0 -1 -1 0 0 0 0 -1 0 0 -2 -1 -1 0 0 -1 -2 -1 0
0.138121142173129 -0.926040399790052 -0.517195458763626 -0.536348570609219 -0.415233402729215 -1 1 0 0 0 2 1 1 0 0 1 2 0 1 2 0 1 2 2 1 1 2 2 1 1 2 1 1 1 0 0 2 0 0 2 2 0 2 2 1 2 0 0 2 1 0 2 2 2 0 1 2 2 1 0 1 1 1 1 2 0 1 2 1 2 2 0 2 0 0 1 1 0 1 1 0 1 2 2 2 2 2 0 0 0 0 1 1 2 2 1 1 2 1 1 0 0 0 1 0 0 -1 0 0 0 -2 -1 -1 0 0 -1 -2 0 -1 -2 0 -1 -2 -2 -1 -1 -2 -2 -1 -1 -2 -1 -1 -1 0 0 -2 0 0 -2 -2 0 -2 -2 -1 -2 0 0 -2 -1 0 -2 -2 -2 0 -1 -2 -2 -1 0 -1 -1 -1 -1 -2 0 -1 -2 -1 -2 -2 0 -2 0 0 -1 -1 0 -1 -1 0 -1 -2 -2 -2 -2 -2 0 0 0 0 -1 -1 -2 -2 -1 -1 -2 -1 -1 0 0 0 -1 0 0
1.19791760408213 -1.27607179486007 -0.852809425961086 -0.644061032937712 0.0565655441463268 1 0 1 1 0 2 0 1 0 1 1 1 0 2 2 1 2 2 0 2 0 0 2 0 1 2 2 2 0 0 0 2 0 0 1 2 0 2 2 1 2 0 2 2 1 0 0 1 1 0 2 1 1 1 0 2 2 2 1 2 0 1 1 1 2 2 0 2 1 1 0 0 0 1 2 2 0 2 2 2 2 1 0 0 0 0 0 0 1 0 0 0 1 0 0 0 0 0 0 1 1 0 1 1 0 2 0 1 0 1 1 1 0 2 2 1 2 2 0 2 0 0 2 0 1 2 2 2 0 0 0 2 0 0 1 2 0 2 2 1 2 0 2 2 1 0 0 1 1 0 2 1 1 1 0 2 2 2 1 2 0 1 1 1 2 2 0 2 1 1 0 0 0 1 2 2 0 2 2 2 2 1 0 0 0 0 0 0 1 0 0 0 1 0 0 0 0 0 0 1 1
-0.360711322627832 -0.850182353272216 0.221413496999131 -1.48148417071178 -0.305368340807952 1 1 1 1 0 2 1 2 1 1 1 2 1 1 2 0 2 2 1 2 0 1 2 0 2 2 1 2 0 0 0 2 0 2 1 2 0 2 2 2 1 0 0 2 1 0 0 1 1 0 1 1 1 1 0 2 2 2 2 2 0 1 2 0 2 2 0 2 1 1 1 1 0 1 1 0 0 2 2 2 1 0 0 0 0 1 1 0 1 0 0 0 0 0 0 0 0 0 2 2 1 1 1 1 0 2 1 2 1 1 1 2 1 1 2 0 2 2 1 2 0 1 2 0 2 2 1 2 0 0 0 2 0 2 1 2 0 2 2 2 1 0 0 2 1 0 0 1 1 0 1 1 1 1 0 2 2 2 2 2 0 1 2 0 2 2 0 2 1 1 1 1 0 1 1 0 0 2 2 2 1 0 0 0 0 1 1 0 1 0 0 0 0 0 0 0 0 0 2 2 1
0.13994970313905 -0.459765416292928 0.249022906591706 -0.266990713055963 -1.59036856072886 -1 1 2 1 0 2 1 1 1 0 0 1 2 2 2 0 1 1 1 2 0 1 2 0 2 2 0 1 1 0 0 2 0 0 0 2 0 1 2 1 2 0 0 2 0 1 1 0 0 0 1 1 0 1 0 2 2 0 0 1 0 1 1 0 1 2 0 1 1 0 0 0 1 2 0 1 1 2 2 2 2 2 2 2 1 2 1 1 1 1 0 0 2 1 0 0 0 1 2 2 0 -1 -2 -1 0 -2 -1 -1 -1 0 0 -1 -2 -2 -2 0 -1 -1 -1 -2 0 -1 -2 0 -2 -2 0 -1 -1 0 0 -2 0 0 0 -2 0 -1 -2 -1 -2 0 0 -2 0 -1 -1 0 0 0 -1 -1 0 -1 0 -2 -2 0 0 -1 0 -1 -1 0 -1 -2 0 -1 -1 0 0 0 -1 -2 0 -1 -1 -2 -2 -2 -2 -2 -2 -2 -1 -2 -1 -1 -1 -1 0 0 -2 -1 0 0 0 -1 -2 -2 0
-0.203087540035486 0.0956510618641888 0.109181171427367 -1.36105478860394 0.180332685859778 -1 1 0 0 0 2 0 1 1 2 2 2 2 2 2 0 1 1 1 2 1 0 2 0 2 2 0 1 2 0 1 2 0 1 1 2 0 1 1 0 0 0 1 2 2 0 1 1 1 0 2 2 1 0 0 2 2 1 0 2 0 2 2 1 1 1 0 1 1 1 1 0 0 0 1 1 0 2 2 2 2 1 1 1 1 2 2 0 1 1 0 1 2 1 1 0 0 0 1 0 0 -1 0 0 0 -2 0 -1 -1 -2 -2 -2 -2 -2 -2 0 -1 -1 -1 -2 -1 0 -2 0 -2 -2 0 -1 -2 0 -1 -2 0 -1 -1 -2 0 -1 -1 0 0 0 -1 -2 -2 0 -1 -1 -1 0 -2 -2 -1 0 0 -2 -2 -1 0 -2 0 -2 -2 -1 -1 -1 0 -1 -1 -1 -1 0 0 0 -1 -1 0 -2 -2 -2 -2 -1 -1 -1 -1 -2 -2 0 -1 -1 0 -1 -2 -1 -1 0 0 0 -1 0 0
0.719503060678258 -0.866566594454573 1.83699166436275 0.502210501556646 -0.329945431080418 -1 1 1 1 0 2 0 2 1 1 2 2 0 0 1 0 1 1 1 2 0 1 2 0 2 2 1 2 0 0 1 2 0 1 2 2 0 2 2 2 1 0 2 2 2 0 2 1 1 0 1 2 0 1 1 2 2 2 1 1 0 2 2 0 1 2 1 2 2 2 0 0 0 2 2 1 1 2 2 2 2 1 0 0 1 2 1 1 2 1 1 2 2 1 0 1 0 0 2 2 1 -1 -1 -1 0 -2 0 -2 -1 -1 -2 -2 0 0 -1 0 -1 -1 -1 -2 0 -1 -2 0 -2 -2 -1 -2 0 0 -1 -2 0 -1 -2 -2 0 -2 -2 -2 -1 0 -2 -2 -2 0 -2 -1 -1 0 -1 -2 0 -1 -1 -2 -2 -2 -1 -1 0 -2 -2 0 -1 -2 -1 -2 -2 -2 0 0 0 -2 -2 -1 -1 -2 -2 -2 -2 -1 0 0 -1 -2 -1 -1 -2 -1 -1 -2 -2 -1 0 -1 0 0 -2 -2 -1
-0.815902941032417 0.318617321183892 0.78139688431734 -1.26692071255619 -0.973483731355891 1 1 2 1 0 2 0 0 0 1 0 0 0 1 1 0 1 1 0 2 1 2 2 1 2 2 2 2 0 0 0 2 0 1 2 2 0 2 1 1 0 0 0 2 1 0 0 1 1 0 2 1 0 1 0 2 2 2 1 1 0 2 2 0 2 2 1 2 0 0 0 1 0 1 1 0 0 2 2 2 2 2 0 1 1 1 1 1 2 1 0 1 1 1 0 0 0 0 1 1 0 1 2 1 0 2 0 0 0 1 0 0 0 1 1 0 1 1 0 2 1 2 2 1 2 2 2 2 0 0 0 2 0 1 2 2 0 2 1 1 0 0 0 2 1 0 0 1 1 0 2 1 0 1 0 2 2 2 1 1 0 2 2 0 2 2 1 2 0 0 0 1 0 1 1 0 0 2 2 2 2 2 0 1 1 1 1 1 2 1 0 1 1 1 0 0 0 0 1 1 0
-1.09855000526877 -3.13482883341586 1.23091175210224 -0.726174968651488 -0.927412971577248 1 1 1 0 1 2 1 2 1 2 2 1 1 2 2 1 1 1 0 1 0 0 1 0 2 2 1 2 1 0 1 2 2 1 2 2 0 2 2 1 1 0 1 2 2 1 1 1 1 0 2 1 1 2 1 2 2 2 2 2 0 2 1 1 2 2 1 2 0 0 0 0 0 0 1 1 0 2 2 2 2 1 0 0 1 0 1 0 2 1 1 1 1 0 0 0 0 1 2 2 0 1 1 0 1 2 1 2 1 2 2 1 1 2 2 1 1 1 0 1 0 0 1 0 2 2 1 2 1 0 1 2 2 1 2 2 0 2 2 1 1 0 1 2 2 1 1 1 1 0 2 1 1 2 1 2 2 2 2 2 0 2 1 1 2 2 1 2 0 0 0 0 0 0 1 1 0 2 2 2 2 1 0 0 1 0 1 0 2 1 1 1 1 0 0 0 0 1 2 2 0
1.55298319340407 2.48508548314707 1.02061417919871 0.179460016655561 0.699195256561401 1 2 2 1 0 2 2 1 0 2 1 1 0 1 2 0 1 1 1 2 0 0 1 0 1 2 2 1 2 1 1 2 0 2 2 2 1 2 2 2 0 0 0 2 1 0 1 1 1 0 1 0 1 1 0 2 2 2 0 0 0 1 1 1 2 1 1 2 1 1 0 0 0 1 1 1 1 1 2 2 2 1 0 0 0 0 0 1 2 1 1 0 2 2 1 0 1 2 2 2 0 2 2 1 0 2 2 1 0 2 1 1 0 1 2 0 1 1 1 2 0 0 1 0 1 2 2 1 2 1 1 2 0 2 2 2 1 2 2 2 0 0 0 2 1 0 1 1 1 0 1 0 1 1 0 2 2 2 0 0 0 1 1 1 2 1 1 2 1 1 0 0 0 1 1 1 1 1 2 2 2 1 0 0 0 0 0 1 2 1 1 0 2 2 1 0 1 2 2 2 0
0.272666272688968 -0.890115906054347 1.01639371199118 -0.836583246429945 0.599697113298448 -1 2 2 2 0 2 1 2 1 2 2 2 1 2 2 1 2 2 2 2 0 1 2 0 1 2 2 1 1 0 1 2 0 2 1 1 0 1 2 0 1 0 0 1 0 1 1 1 2 0 1 1 1 1 1 2 2 2 0 2 0 2 2 1 1 2 1 2 1 1 1 0 0 1 2 2 2 2 2 2 0 1 0 1 1 1 1 0 1 0 1 0 1 1 0 0 0 0 0 2 1 -2 -2 -2 0 -2 -1 -2 -1 -2 -2 -2 -1 -2 -2 -1 -2 -2 -2 -2 0 -1 -2 0 -1 -2 -2 -1 -1 0 -1 -2 0 -2 -1 -1 0 -1 -2 0 -1 0 0 -1 0 -1 -1 -1 -2 0 -1 -1 -1 -1 -1 -2 -2 -2 0 -2 0 -2 -2 -1 -1 -2 -1 -2 -1 -1 -1 0 0 -1 -2 -2 -2 -2 -2 -2 0 -1 0 -1 -1 -1 -1 0 -1 0 -1 0 -1 -1 0 0 0 0 0 -2 -1
-0.690085842823089 -1.12073937278882 1.17147330160662 2.13788889524245 -0.175957507144038 -1 0 1 1 0 2 1 0 1 2 2 2 0 0 2 0 2 0 1 2 1 1 1 0 0 1 0 1 1 1 0 2 0 2 2 2 1 2 2 2 0 0 2 2 0 0 1 1 2 0 2 2 0 1 1 2 1 1 0 2 0 1 1 1 2 2 0 2 0 1 2 1 0 1 1 1 0 2 2 2 2 0 0 0 0 0 0 0 0 1 1 2 2 2 0 0 0 0 2 1 0 0 -1 -1 0 -2 -1 0 -1 -2 -2 -2 0 0 -2 0 -2 0 -1 -2 -1 -1 -1 0 0 -1 0 -1 -1 -1 0 -2 0 -2 -2 -2 -1 -2 -2 -2 0 0 -2 -2 0 0 -1 -1 -2 0 -2 -2 0 -1 -1 -2 -1 -1 0 -2 0 -1 -1 -1 -2 -2 0 -2 0 -1 -2 -1 0 -1 -1 -1 0 -2 -2 -2 -2 0 0 0 0 0 0 0 0 -1 -1 -2 -2 -2 0 0 0 0 -2 -1 0
1.0318644281814 -0.392826762755411 1.06071369746044 1.7400786635952 -0.220500138978571 -1 0 1 0 0 2 1 1 1 1 0 2 1 1 2 0 2 1 1 2 0 0 2 0 2 2 2 2 1 0 1 2 0 1 2 2 0 2 2 1 2 0 1 2 1 1 2 1 1 0 1 1 0 0 1 2 2 1 1 2 0 2 2 1 1 2 1 2 2 2 0 0 1 1 2 2 1 2 2 2 1 1 0 0 1 2 2 1 2 0 0 1 2 2 0 0 0 0 1 2 1 0 -1 0 0 -2 -1 -1 -1 -1 0 -2 -1 -1 -2 0 -2 -1 -1 -2 0 0 -2 0 -2 -2 -2 -2 -1 0 -1 -2 0 -1 -2 -2 0 -2 -2 -1 -2 0 -1 -2 -1 -1 -2 -1 -1 0 -1 -1 0 0 -1 -2 -2 -1 -1 -2 0 -2 -2 -1 -1 -2 -1 -2 -2 -2 0 0 -1 -1 -2 -2 -1 -2 -2 -2 -1 -1 0 0 -1 -2 -2 -1 -2 0 0 -1 -2 -2 0 0 0 0 -1 -2 -1
-0.564494044602579 -0.274791688439319 -0.311832082591881 0.393306409065381 0.379911253083821 -1 1 0 0 0 2 0 0 0 2 2 2 2 2 2 0 0 1 0 1 0 0 2 0 2 2 2 2 1 0 0 2 0 1 1 1 0 2 2 1 0 0 1 2 0 1 0 1 1 0 1 1 0 0 0 1 1 1 0 1 0 1 0 0 1 2 0 2 0 0 2 1 0 1 1 1 0 1 2 2 2 2 0 0 1 0 1 0 1 0 0 0 1 1 0 0 0 0 0 2 1 -1 0 0 0 -2 0 0 0 -2 -2 -2 -2 -2 -2 0 0 -1 0 -1 0 0 -2 0 -2 -2 -2 -2 -1 0 0 -2 0 -1 -1 -1 0 -2 -2 -1 0 0 -1 -2 0 -1 0 -1 -1 0 -1 -1 0 0 0 -1 -1 -1 0 -1 0 -1 0 0 -1 -2 0 -2 0 0 -2 -1 0 -1 -1 -1 0 -1 -2 -2 -2 -2 0 0 -1 0 -1 0 -1 0 0 0 -1 -1 0 0 0 0 0 -2 -1
0.555897251406929 0.257579016953557 0.781779703663306 0.519664859054438 -1.17856965993134 1 0 1 0 0 2 0 1 1 1 1 2 0 1 2 0 0 0 1 1 1 0 2 0 1 2 1 2 0 1 2 2 1 0 1 2 0 2 2 1 1 0 0 2 1 0 1 1 1 0 2 1 1 2 1 2 2 2 1 1 0 1 2 0 0 1 0 0 0 0 0 0 1 2 1 1 0 2 2 2 2 2 0 2 2 1 2 1 2 1 0 0 2 1 0 1 0 0 2 2 0 0 1 0 0 2 0 1 1 1 1 2 0 1 2 0 0 0 1 1 1 0 2 0 1 2 1 2 0 1 2 2 1 0 1 2 0 2 2 1 1 0 0 2 1 0 1 1 1 0 2 1 1 2 1 2 2 2 1 1 0 1 2 0 0 1 0 0 0 0 0 0 1 2 1 1 0 2 2 2 2 2 0 2 2 1 2 1 2 1 0 0 2 1 0 1 0 0 2 2 0
