2.11168933956276 -0.600685556780452 0.479513246683146 -0.128208835856561 0.256022572258764 1 0 2 2 1 0 1 1 1 1 2 0 2 1 2 1 2 2 1 1 0 1 2 1 2 2 2 2 1 1 0 1 1 1 1 2 0 1 1 0 2 0 0 2 0 0 1 2 0 1 1 2 2 1 0 1 1 1 1 1 2 2 0 1 0 1 2 1 1 0 1 2 2 2 2 2 1 2 1 0 2 2 0 0 0 1 1 2 0 1 1 0 0 2 2 2 0 0 2 1 0 0 2 2 1 0 1 1 1 1 2 0 2 1 2 1 2 2 1 1 0 1 2 1 2 2 2 2 1 1 0 1 1 1 1 2 0 1 1 0 2 0 0 2 0 0 1 2 0 1 1 2 2 1 0 1 1 1 1 1 2 2 0 1 0 1 2 1 1 0 1 2 2 2 2 2 1 2 1 0 2 2 0 0 0 1 1 2 0 1 1 0 0 2 2 2 0 0 2 1 0
0.418546866375212 1.0253196948938 -0.409849385137424 1.88268745913958 0.208707910986565 1 1 1 2 1 0 2 1 2 0 2 0 1 1 2 1 2 2 0 1 0 2 2 1 2 1 2 2 1 2 0 1 2 2 2 2 0 1 1 0 2 1 0 0 0 1 2 1 0 1 1 0 2 2 1 1 0 1 2 0 2 1 0 2 1 1 1 2 0 0 1 2 2 1 1 1 1 1 1 1 1 2 0 1 0 0 1 2 0 1 1 1 1 2 2 2 0 0 1 1 0 1 1 2 1 0 2 1 2 0 2 0 1 1 2 1 2 2 0 1 0 2 2 1 2 1 2 2 1 2 0 1 2 2 2 2 0 1 1 0 2 1 0 0 0 1 2 1 0 1 1 0 2 2 1 1 0 1 2 0 2 1 0 2 1 1 1 2 0 0 1 2 2 1 1 1 1 1 1 1 1 2 0 1 0 0 1 2 0 1 1 1 1 2 2 2 0 0 1 1 0
-0.73928544647669 0.172973159867209 -1.03146502333397 0.839177068934478 -0.166753816486091 -1 0 0 2 1 1 2 2 2 0 1 1 2 1 0 0 2 2 1 0 0 2 2 1 1 0 2 2 1 2 0 2 1 2 2 1 0 0 1 0 2 1 1 2 1 1 1 2 1 2 1 1 2 2 2 1 2 0 1 0 2 2 1 2 1 0 0 2 0 0 2 2 2 2 2 2 2 2 1 1 1 2 0 1 0 0 1 2 0 1 1 0 0 2 2 2 0 0 1 0 0 0 0 -2 -1 -1 -2 -2 -2 0 -1 -1 -2 -1 0 0 -2 -2 -1 0 0 -2 -2 -1 -1 0 -2 -2 -1 -2 0 -2 -1 -2 -2 -1 0 0 -1 0 -2 -1 -1 -2 -1 -1 -1 -2 -1 -2 -1 -1 -2 -2 -2 -1 -2 0 -1 0 -2 -2 -1 -2 -1 0 0 -2 0 0 -2 -2 -2 -2 -2 -2 -2 -2 -1 -1 -1 -2 0 -1 0 0 -1 -2 0 -1 -1 0 0 -2 -2 -2 0 0 -1 0 0
1.95460174284418 0.240625557684415 0.990354780972816 1.55345390317565 -0.746987334568461 -1 0 1 2 1 0 2 2 2 1 2 1 2 0 0 0 2 2 0 0 0 0 1 1 1 1 2 2 0 0 0 1 1 2 1 2 0 0 0 0 1 0 1 2 1 1 2 2 2 2 2 2 2 1 0 0 1 0 1 1 2 2 1 2 0 0 1 1 0 0 1 1 0 1 1 2 2 2 1 0 0 2 1 2 1 0 0 1 0 1 0 1 0 1 1 1 0 1 2 0 0 0 -1 -2 -1 0 -2 -2 -2 -1 -2 -1 -2 0 0 0 -2 -2 0 0 0 0 -1 -1 -1 -1 -2 -2 0 0 0 -1 -1 -2 -1 -2 0 0 0 0 -1 0 -1 -2 -1 -1 -2 -2 -2 -2 -2 -2 -2 -1 0 0 -1 0 -1 -1 -2 -2 -1 -2 0 0 -1 -1 0 0 -1 -1 0 -1 -1 -2 -2 -2 -1 0 0 -2 -1 -2 -1 0 0 -1 0 -1 0 -1 0 -1 -1 -1 0 -1 -2 0 0
-0.447381187764595 -1.27451908096032 0.74746690545332 0.129433916667594 0.712818700532982 -1 0 1 2 2 1 2 2 2 1 1 0 1 1 0 0 1 1 0 0 1 1 1 0 1 0 1 1 0 1 0 0 2 2 2 2 0 1 1 0 2 2 0 2 2 0 2 2 1 2 2 2 1 2 1 1 1 0 0 0 2 1 0 2 1 0 1 2 0 0 1 2 1 1 0 2 2 1 0 0 1 1 1 1 0 1 1 1 0 2 1 0 0 2 2 2 0 0 2 0 1 0 -1 -2 -2 -1 -2 -2 -2 -1 -1 0 -1 -1 0 0 -1 -1 0 0 -1 -1 -1 0 -1 0 -1 -1 0 -1 0 0 -2 -2 -2 -2 0 -1 -1 0 -2 -2 0 -2 -2 0 -2 -2 -1 -2 -2 -2 -1 -2 -1 -1 -1 0 0 0 -2 -1 0 -2 -1 0 -1 -2 0 0 -1 -2 -1 -1 0 -2 -2 -1 0 0 -1 -1 -1 -1 0 -1 -1 -1 0 -2 -1 0 0 -2 -2 -2 0 0 -2 0 -1
0.191737602878768 -0.284872253787492 0.828550754665019 1.04672622551633 -0.463480552486861 -1 1 2 2 2 0 2 2 2 2 2 0 1 1 0 0 2 2 1 0 0 1 0 0 2 1 2 2 1 2 0 0 2 2 2 2 0 1 2 0 2 1 0 2 0 0 2 2 1 2 1 0 2 1 0 0 0 0 1 0 1 0 0 1 0 0 1 2 0 0 2 2 2 2 2 2 2 2 1 0 1 1 0 1 0 1 2 2 1 2 2 0 0 2 2 2 0 0 0 0 0 -1 -2 -2 -2 0 -2 -2 -2 -2 -2 0 -1 -1 0 0 -2 -2 -1 0 0 -1 0 0 -2 -1 -2 -2 -1 -2 0 0 -2 -2 -2 -2 0 -1 -2 0 -2 -1 0 -2 0 0 -2 -2 -1 -2 -1 0 -2 -1 0 0 0 0 -1 0 -1 0 0 -1 0 0 -1 -2 0 0 -2 -2 -2 -2 -2 -2 -2 -2 -1 0 -1 -1 0 -1 0 -1 -2 -2 -1 -2 -2 0 0 -2 -2 -2 0 0 0 0 0
0.633158393550503 0.000951301815362692 1.04984286648322 0.234447565480333 -0.597483053633915 1 0 0 2 1 0 2 2 1 1 2 0 1 1 1 0 1 2 0 0 0 2 2 2 2 1 2 1 0 0 0 1 1 2 2 2 0 1 0 0 1 1 0 1 0 0 0 2 1 2 1 1 2 1 0 0 0 0 1 0 2 2 2 2 0 0 1 1 0 0 1 2 2 2 2 2 2 2 1 1 1 2 1 1 0 0 2 2 1 2 1 0 0 2 2 2 1 0 2 1 2 0 0 2 1 0 2 2 1 1 2 0 1 1 1 0 1 2 0 0 0 2 2 2 2 1 2 1 0 0 0 1 1 2 2 2 0 1 0 0 1 1 0 1 0 0 0 2 1 2 1 1 2 1 0 0 0 0 1 0 2 2 2 2 0 0 1 1 0 0 1 2 2 2 2 2 2 2 1 1 1 2 1 1 0 0 2 2 1 2 1 0 0 2 2 2 1 0 2 1 2
0.842932330156671 0.448050665627532 1.30336634551675 0.941774199356069 0.11936500775374 1 0 1 1 0 0 1 0 1 1 2 0 2 0 0 0 2 2 0 0 0 1 2 2 2 1 2 2 0 1 0 1 1 2 2 2 1 1 2 0 2 1 0 2 2 1 2 2 0 2 1 1 2 1 0 1 1 0 2 1 2 2 2 2 2 0 1 1 1 0 1 2 1 2 1 2 2 1 1 1 0 1 0 1 0 1 2 2 0 1 1 1 0 2 2 2 1 1 2 2 0 0 1 1 0 0 1 0 1 1 2 0 2 0 0 0 2 2 0 0 0 1 2 2 2 1 2 2 0 1 0 1 1 2 2 2 1 1 2 0 2 1 0 2 2 1 2 2 0 2 1 1 2 1 0 1 1 0 2 1 2 2 2 2 2 0 1 1 1 0 1 2 1 2 1 2 2 1 1 1 0 1 0 1 0 1 2 2 0 1 1 1 0 2 2 2 1 1 2 2 0
-0.87593358612748 -0.563447494724597 -0.462273728279083 0.509808337933541 0.536075631380845 -1 1 2 2 1 0 2 1 2 0 2 0 1 0 0 0 2 2 0 0 1 1 1 1 1 0 2 2 1 1 0 1 2 2 2 2 0 2 1 0 1 1 1 1 0 0 2 2 0 1 1 2 2 1 0 0 0 1 2 0 1 1 1 1 0 1 2 2 0 0 2 2 0 1 1 2 1 1 0 0 1 2 0 2 0 0 0 1 0 1 1 0 0 2 2 2 0 0 1 0 0 -1 -2 -2 -1 0 -2 -1 -2 0 -2 0 -1 0 0 0 -2 -2 0 0 -1 -1 -1 -1 -1 0 -2 -2 -1 -1 0 -1 -2 -2 -2 -2 0 -2 -1 0 -1 -1 -1 -1 0 0 -2 -2 0 -1 -1 -2 -2 -1 0 0 0 -1 -2 0 -1 -1 -1 -1 0 -1 -2 -2 0 0 -2 -2 0 -1 -1 -2 -1 -1 0 0 -1 -2 0 -2 0 0 0 -1 0 -1 -1 0 0 -2 -2 -2 0 0 -1 0 0
1.29616181609061 -0.545702233790006 1.66175142238999 1.20796917802691 0.340763834791627 1 0 2 2 1 0 1 2 1 1 1 1 1 0 0 0 2 2 0 1 0 1 1 1 1 1 2 2 1 1 0 1 2 2 1 2 0 2 2 0 2 1 0 1 1 0 1 2 1 2 1 1 2 0 0 0 1 0 0 0 2 2 1 2 0 0 0 1 0 0 0 2 0 1 2 2 2 2 2 0 1 2 0 2 0 1 1 1 0 1 1 0 0 1 2 2 0 0 1 0 0 0 2 2 1 0 1 2 1 1 1 1 1 0 0 0 2 2 0 1 0 1 1 1 1 1 2 2 1 1 0 1 2 2 1 2 0 2 2 0 2 1 0 1 1 0 1 2 1 2 1 1 2 0 0 0 1 0 0 0 2 2 1 2 0 0 0 1 0 0 0 2 0 1 2 2 2 2 2 0 1 2 0 2 0 1 1 1 0 1 1 0 0 1 2 2 0 0 1 0 0
1.9155577243782 -0.222685973158659 1.23046565210426 -1.29133298028473 -0.551341996951782 -1 0 1 2 1 1 2 2 2 2 2 0 1 0 0 0 2 2 0 0 0 2 2 1 1 1 2 2 0 2 0 2 1 1 2 2 0 2 1 0 2 1 1 2 2 1 2 2 2 2 0 2 2 0 0 1 1 1 1 1 2 2 1 2 0 0 2 2 0 0 0 2 2 2 2 2 2 2 1 1 2 2 1 2 0 1 2 2 0 2 2 1 1 2 2 2 0 0 1 0 0 0 -1 -2 -1 -1 -2 -2 -2 -2 -2 0 -1 0 0 0 -2 -2 0 0 0 -2 -2 -1 -1 -1 -2 -2 0 -2 0 -2 -1 -1 -2 -2 0 -2 -1 0 -2 -1 -1 -2 -2 -1 -2 -2 -2 -2 0 -2 -2 0 0 -1 -1 -1 -1 -1 -2 -2 -1 -2 0 0 -2 -2 0 0 0 -2 -2 -2 -2 -2 -2 -2 -1 -1 -2 -2 -1 -2 0 -1 -2 -2 0 -2 -2 -1 -1 -2 -2 -2 0 0 -1 0 0
0.195048880709115 -0.0948770617192799 1.4703875999523 -1.01140482400286 -0.384895397922629 -1 0 0 2 2 1 2 2 2 0 0 1 1 2 0 0 2 2 1 0 0 1 2 1 2 1 2 1 0 2 1 1 1 2 1 1 0 0 1 0 2 2 1 2 2 1 2 2 2 2 1 1 2 2 2 2 2 2 2 0 2 2 2 2 0 0 0 1 0 0 1 2 1 1 1 2 2 1 2 0 0 0 0 1 0 0 1 2 1 2 1 0 1 2 2 2 0 0 1 0 0 0 0 -2 -2 -1 -2 -2 -2 0 0 -1 -1 -2 0 0 -2 -2 -1 0 0 -1 -2 -1 -2 -1 -2 -1 0 -2 -1 -1 -1 -2 -1 -1 0 0 -1 0 -2 -2 -1 -2 -2 -1 -2 -2 -2 -2 -1 -1 -2 -2 -2 -2 -2 -2 -2 0 -2 -2 -2 -2 0 0 0 -1 0 0 -1 -2 -1 -1 -1 -2 -2 -1 -2 0 0 0 0 -1 0 0 -1 -2 -1 -2 -1 0 -1 -2 -2 -2 0 0 -1 0 0
-1.31183836320113 -1.7732172751068 -0.353760358101809 1.4406067833272 -0.0314429572313772 1 0 0 2 1 0 2 2 2 0 1 0 0 0 0 0 2 2 0 0 1 2 2 2 1 0 2 2 1 1 0 0 2 2 2 2 0 2 1 0 2 2 2 2 2 1 1 2 1 2 2 2 2 0 0 1 1 1 2 1 2 1 0 1 0 0 1 2 0 0 1 2 2 2 1 2 1 2 2 0 1 2 0 2 0 2 2 2 0 2 1 0 0 2 2 2 0 0 1 0 1 0 0 2 1 0 2 2 2 0 1 0 0 0 0 0 2 2 0 0 1 2 2 2 1 0 2 2 1 1 0 0 2 2 2 2 0 2 1 0 2 2 2 2 2 1 1 2 1 2 2 2 2 0 0 1 1 1 2 1 2 1 0 1 0 0 1 2 0 0 1 2 2 2 1 2 1 2 2 0 1 2 0 2 0 2 2 2 0 2 1 0 0 2 2 2 0 0 1 0 1
-0.644572823063993 1.23689103422624 1.01612304185151 -0.438948411616514 1.67372517682656 1 0 1 2 1 0 1 1 1 1 1 1 2 2 0 0 2 2 0 0 0 2 2 1 1 1 2 2 0 1 0 1 2 2 2 2 0 1 0 0 1 1 0 2 2 0 2 2 1 2 1 1 2 0 0 1 1 1 2 0 2 2 1 2 1 0 1 2 0 0 1 2 1 2 2 2 2 2 2 1 1 2 0 2 0 1 2 2 0 1 1 0 0 1 2 2 1 1 2 1 2 0 1 2 1 0 1 1 1 1 1 1 2 2 0 0 2 2 0 0 0 2 2 1 1 1 2 2 0 1 0 1 2 2 2 2 0 1 0 0 1 1 0 2 2 0 2 2 1 2 1 1 2 0 0 1 1 1 2 0 2 2 1 2 1 0 1 2 0 0 1 2 1 2 2 2 2 2 2 1 1 2 0 2 0 1 2 2 0 1 1 0 0 1 2 2 1 1 2 1 2
0.272232873674859 0.421992471063712 -0.506610522866217 0.72935539387385 -0.369462540425216 1 0 1 1 1 0 2 1 1 0 0 1 1 1 0 0 2 2 0 0 0 2 2 2 1 1 2 1 0 1 0 0 0 1 1 2 0 2 2 0 2 1 1 1 1 0 1 2 1 2 2 2 2 2 1 2 1 0 2 0 1 0 0 1 0 0 1 1 0 0 2 2 1 2 0 2 2 2 1 1 2 2 1 2 1 1 2 2 0 2 2 0 0 2 2 2 0 0 1 1 0 0 1 1 1 0 2 1 1 0 0 1 1 1 0 0 2 2 0 0 0 2 2 2 1 1 2 1 0 1 0 0 0 1 1 2 0 2 2 0 2 1 1 1 1 0 1 2 1 2 2 2 2 2 1 2 1 0 2 0 1 0 0 1 0 0 1 1 0 0 2 2 1 2 0 2 2 2 1 1 2 2 1 2 1 1 2 2 0 2 2 0 0 2 2 2 0 0 1 1 0
1.49633378364666 1.38378704436176 0.0535982436814577 -0.374139440196254 0.780255352761026 1 0 2 2 2 1 2 1 2 1 1 0 0 0 0 0 2 2 0 0 0 2 2 2 2 2 2 2 1 2 0 1 2 2 1 2 0 1 1 0 2 2 1 1 1 1 1 2 0 1 0 0 1 1 0 1 1 1 2 1 2 2 2 2 1 0 0 2 1 0 2 2 2 2 2 1 1 2 0 0 1 1 0 2 0 0 2 2 1 2 1 0 0 2 2 2 0 1 2 0 0 0 2 2 2 1 2 1 2 1 1 0 0 0 0 0 2 2 0 0 0 2 2 2 2 2 2 2 1 2 0 1 2 2 1 2 0 1 1 0 2 2 1 1 1 1 1 2 0 1 0 0 1 1 0 1 1 1 2 1 2 2 2 2 1 0 0 2 1 0 2 2 2 2 2 1 1 2 0 0 1 1 0 2 0 0 2 2 1 2 1 0 0 2 2 2 0 1 2 0 0
0.017914407934619 -0.179883596385617 -1.02283375598129 0.820230420493656 0.752011646021267 -1 0 1 2 1 0 2 1 2 1 1 1 2 2 1 0 2 2 0 1 0 1 0 1 2 1 2 1 0 1 0 1 2 2 2 2 0 1 1 0 2 1 1 1 0 0 2 2 1 2 2 1 2 1 0 0 0 0 1 0 1 2 1 2 1 0 2 2 0 0 2 2 1 1 1 1 1 1 0 1 1 1 0 2 0 1 1 2 1 2 1 0 0 2 2 2 0 0 2 1 0 0 -1 -2 -1 0 -2 -1 -2 -1 -1 -1 -2 -2 -1 0 -2 -2 0 -1 0 -1 0 -1 -2 -1 -2 -1 0 -1 0 -1 -2 -2 -2 -2 0 -1 -1 0 -2 -1 -1 -1 0 0 -2 -2 -1 -2 -2 -1 -2 -1 0 0 0 0 -1 0 -1 -2 -1 -2 -1 0 -2 -2 0 0 -2 -2 -1 -1 -1 -1 -1 -1 0 -1 -1 -1 0 -2 0 -1 -1 -2 -1 -2 -1 0 0 -2 -2 -2 0 0 -2 -1 0
1.27682056040153 2.0530135473719 -1.14258059031055 -0.0627917225038233 1.21271363270726 1 1 2 2 2 0 2 2 2 1 1 0 1 1 0 0 1 1 0 0 1 0 1 0 1 0 2 2 0 0 0 0 1 2 2 2 0 0 1 0 1 1 1 1 1 0 0 1 0 2 2 1 2 2 2 2 1 0 2 0 1 2 1 2 1 1 2 2 0 0 1 1 1 0 0 1 2 2 2 1 1 2 0 1 0 1 1 2 0 1 2 1 0 2 2 2 0 0 2 0 0 1 2 2 2 0 2 2 2 1 1 0 1 1 0 0 1 1 0 0 1 0 1 0 1 0 2 2 0 0 0 0 1 2 2 2 0 0 1 0 1 1 1 1 1 0 0 1 0 2 2 1 2 2 2 2 1 0 2 0 1 2 1 2 1 1 2 2 0 0 1 1 1 0 0 1 2 2 2 1 1 2 0 1 0 1 1 2 0 1 2 1 0 2 2 2 0 0 2 0 0
0.474187944000593 -0.281420530079164 -0.209511892041929 -0.42103067844838 -1.22011306175361 -1 0 1 1 1 0 2 2 2 1 2 0 1 1 1 0 2 2 0 1 1 2 1 1 2 1 2 1 0 1 0 0 2 2 1 2 1 2 1 0 1 1 1 1 0 0 2 2 0 1 1 0 2 2 0 0 1 1 1 0 2 2 2 2 1 0 0 0 0 0 2 2 1 1 1 2 2 2 2 1 1 2 0 1 0 1 1 1 1 1 2 1 1 2 2 2 0 0 1 0 0 0 -1 -1 -1 0 -2 -2 -2 -1 -2 0 -1 -1 -1 0 -2 -2 0 -1 -1 -2 -1 -1 -2 -1 -2 -1 0 -1 0 0 -2 -2 -1 -2 -1 -2 -1 0 -1 -1 -1 -1 0 0 -2 -2 0 -1 -1 0 -2 -2 0 0 -1 -1 -1 0 -2 -2 -2 -2 -1 0 0 0 0 0 -2 -2 -1 -1 -1 -2 -2 -2 -2 -1 -1 -2 0 -1 0 -1 -1 -1 -1 -1 -2 -1 -1 -2 -2 -2 0 0 -1 0 0
-0.87707814483888 1.06861949637354 0.643849347274333 -1.72161976159526 0.239895456758832 1 0 1 2 2 0 1 2 2 1 2 0 0 0 0 0 2 1 0 0 0 1 2 1 1 0 2 1 0 1 0 0 1 2 2 2 0 1 1 0 2 1 0 1 1 0 2 2 0 2 1 1 2 2 0 0 1 0 0 0 2 2 0 1 0 0 0 2 0 0 0 1 0 2 2 2 2 2 2 1 1 2 1 1 0 0 1 2 0 2 0 0 0 2 2 2 0 0 1 1 0 0 1 2 2 0 1 2 2 1 2 0 0 0 0 0 2 1 0 0 0 1 2 1 1 0 2 1 0 1 0 0 1 2 2 2 0 1 1 0 2 1 0 1 1 0 2 2 0 2 1 1 2 2 0 0 1 0 0 0 2 2 0 1 0 0 0 2 0 0 0 1 0 2 2 2 2 2 2 1 1 2 1 1 0 0 1 2 0 2 0 0 0 2 2 2 0 0 1 1 0
-0.235702286107712 0.819889956698354 -1.10003927989993 -1.62813482675687 -0.443543621098958 1 0 1 2 0 0 2 2 2 0 2 1 2 2 2 0 2 1 0 0 1 2 1 1 2 0 2 2 1 2 1 1 2 2 2 2 0 1 1 0 1 2 1 2 1 0 1 1 2 2 1 0 2 2 2 2 1 0 1 0 1 2 1 2 0 0 1 1 0 0 2 2 1 2 1 1 2 1 1 1 0 0 0 1 0 0 0 2 0 1 2 0 0 2 2 2 0 0 1 0 1 0 1 2 0 0 2 2 2 0 2 1 2 2 2 0 2 1 0 0 1 2 1 1 2 0 2 2 1 2 1 1 2 2 2 2 0 1 1 0 1 2 1 2 1 0 1 1 2 2 1 0 2 2 2 2 1 0 1 0 1 2 1 2 0 0 1 1 0 0 2 2 1 2 1 1 2 1 1 1 0 0 0 1 0 0 0 2 0 1 2 0 0 2 2 2 0 0 1 0 1
0.610442776034636 -1.20829590433442 -0.915090305133994 0.710734017968935 0.17806779710022 -1 1 2 2 2 0 2 2 2 0 1 1 1 1 1 0 2 2 0 1 2 1 2 1 1 1 2 1 0 1 1 2 2 2 2 2 0 0 0 0 1 0 1 1 1 0 2 2 1 2 1 1 1 1 0 1 1 0 2 1 2 2 0 1 0 0 1 2 1 0 2 2 2 2 1 2 2 2 1 0 0 1 0 1 0 1 0 2 0 1 0 0 0 2 1 2 0 0 2 0 1 -1 -2 -2 -2 0 -2 -2 -2 0 -1 -1 -1 -1 -1 0 -2 -2 0 -1 -2 -1 -2 -1 -1 -1 -2 -1 0 -1 -1 -2 -2 -2 -2 -2 0 0 0 0 -1 0 -1 -1 -1 0 -2 -2 -1 -2 -1 -1 -1 -1 0 -1 -1 0 -2 -1 -2 -2 0 -1 0 0 -1 -2 -1 0 -2 -2 -2 -2 -1 -2 -2 -2 -1 0 0 -1 0 -1 0 -1 0 -2 0 -1 0 0 0 -2 -1 -2 0 0 -2 0 -1
1.64897701581291 1.02904631910529 1.23546138127087 -0.652689755546771 -1.7066497287318 1 0 2 2 1 0 2 2 0 0 2 0 0 0 0 0 2 2 0 1 0 2 1 1 2 1 2 1 1 1 0 1 2 2 2 2 0 1 1 0 2 2 0 1 1 1 2 2 1 2 1 1 2 2 0 1 1 1 2 1 2 2 1 2 1 1 2 2 1 1 2 2 2 2 2 2 1 2 1 1 0 1 1 1 0 1 1 2 0 1 0 0 0 2 2 2 1 0 2 1 0 0 2 2 1 0 2 2 0 0 2 0 0 0 0 0 2 2 0 1 0 2 1 1 2 1 2 1 1 1 0 1 2 2 2 2 0 1 1 0 2 2 0 1 1 1 2 2 1 2 1 1 2 2 0 1 1 1 2 1 2 2 1 2 1 1 2 2 1 1 2 2 2 2 2 2 1 2 1 1 0 1 1 1 0 1 1 2 0 1 0 0 0 2 2 2 1 0 2 1 0
-1.12001255437874 1.67852623753293 -1.2917499859338 1.08762993621916 0.177327486963162 -1 0 2 2 2 1 2 2 1 1 2 1 2 2 0 0 2 2 0 0 0 1 1 0 0 0 1 1 0 0 0 0 2 2 2 2 0 0 0 0 1 0 0 2 1 0 2 2 1 2 1 0 2 2 1 1 1 0 2 1 2 2 1 2 1 0 1 2 0 1 2 1 1 2 2 2 1 1 1 1 2 0 0 0 0 2 2 2 0 1 1 1 1 2 2 2 0 0 1 0 0 0 -2 -2 -2 -1 -2 -2 -1 -1 -2 -1 -2 -2 0 0 -2 -2 0 0 0 -1 -1 0 0 0 -1 -1 0 0 0 0 -2 -2 -2 -2 0 0 0 0 -1 0 0 -2 -1 0 -2 -2 -1 -2 -1 0 -2 -2 -1 -1 -1 0 -2 -1 -2 -2 -1 -2 -1 0 -1 -2 0 -1 -2 -1 -1 -2 -2 -2 -1 -1 -1 -1 -2 0 0 0 0 -2 -2 -2 0 -1 -1 -1 -1 -2 -2 -2 0 0 -1 0 0
0.15627244698285 -0.325068366457748 -0.591209647599298 0.909934075482568 0.626326487899639 -1 0 2 2 2 1 2 2 1 1 2 0 0 0 1 0 2 2 0 0 0 1 2 0 0 1 2 1 0 1 0 0 2 2 2 2 1 1 1 0 1 2 0 2 0 0 0 1 0 1 1 1 2 1 0 1 1 1 2 1 2 2 0 2 0 1 2 2 1 0 1 2 1 2 1 2 0 2 0 0 0 1 1 1 0 2 2 2 1 2 2 2 1 1 1 1 0 0 2 2 1 0 -2 -2 -2 -1 -2 -2 -1 -1 -2 0 0 0 -1 0 -2 -2 0 0 0 -1 -2 0 0 -1 -2 -1 0 -1 0 0 -2 -2 -2 -2 -1 -1 -1 0 -1 -2 0 -2 0 0 0 -1 0 -1 -1 -1 -2 -1 0 -1 -1 -1 -2 -1 -2 -2 0 -2 0 -1 -2 -2 -1 0 -1 -2 -1 -2 -1 -2 0 -2 0 0 0 -1 -1 -1 0 -2 -2 -2 -1 -2 -2 -2 -1 -1 -1 -1 0 0 -2 -2 -1
0.339976355724963 -0.144256429161486 0.101298032844679 -0.895327589341769 -1.19525144940313 -1 1 2 2 2 1 2 2 2 0 1 1 2 1 0 0 1 2 0 0 0 2 2 0 0 0 2 2 2 2 0 0 1 2 2 2 0 2 1 0 1 1 0 2 0 0 1 2 0 2 2 1 2 2 1 2 2 1 1 0 2 2 1 2 2 0 0 1 0 0 1 2 1 1 1 2 1 2 0 0 1 2 1 1 0 2 1 2 2 2 2 0 0 1 2 2 0 0 1 0 0 -1 -2 -2 -2 -1 -2 -2 -2 0 -1 -1 -2 -1 0 0 -1 -2 0 0 0 -2 -2 0 0 0 -2 -2 -2 -2 0 0 -1 -2 -2 -2 0 -2 -1 0 -1 -1 0 -2 0 0 -1 -2 0 -2 -2 -1 -2 -2 -1 -2 -2 -1 -1 0 -2 -2 -1 -2 -2 0 0 -1 0 0 -1 -2 -1 -1 -1 -2 -1 -2 0 0 -1 -2 -1 -1 0 -2 -1 -2 -2 -2 -2 0 0 -1 -2 -2 0 0 -1 0 0
0.0968237786514726 0.812470501005599 -1.19180045350832 0.142513721948665 0.739116716858653 -1 2 2 2 2 0 2 2 2 2 2 0 1 0 0 0 2 2 0 0 0 2 2 1 1 0 2 1 1 0 0 0 2 2 2 2 0 2 1 0 2 1 0 1 1 0 1 2 0 2 1 1 2 1 0 1 1 0 1 0 0 1 0 1 0 0 1 2 0 0 1 2 1 1 2 2 1 1 0 1 1 2 0 0 0 2 1 2 1 2 1 0 0 2 2 2 0 0 2 0 2 -2 -2 -2 -2 0 -2 -2 -2 -2 -2 0 -1 0 0 0 -2 -2 0 0 0 -2 -2 -1 -1 0 -2 -1 -1 0 0 0 -2 -2 -2 -2 0 -2 -1 0 -2 -1 0 -1 -1 0 -1 -2 0 -2 -1 -1 -2 -1 0 -1 -1 0 -1 0 0 -1 0 -1 0 0 -1 -2 0 0 -1 -2 -1 -1 -2 -2 -1 -1 0 -1 -1 -2 0 0 0 -2 -1 -2 -1 -2 -1 0 0 -2 -2 -2 0 0 -2 0 -2
-0.35510410428707 -0.76753106546523 2.04686445750021 -1.25992799132007 0.0715392354443536 -1 0 1 2 0 0 2 1 1 1 2 0 0 0 0 0 1 2 0 0 1 2 1 0 1 0 2 2 1 2 0 0 2 2 2 2 0 2 2 0 2 2 0 1 0 1 2 2 1 2 1 1 2 2 1 1 1 1 2 0 2 2 1 2 0 1 0 2 0 0 1 2 1 1 1 2 2 2 1 2 2 2 1 2 0 1 1 2 2 2 1 1 1 2 2 2 1 0 2 0 0 0 -1 -2 0 0 -2 -1 -1 -1 -2 0 0 0 0 0 -1 -2 0 0 -1 -2 -1 0 -1 0 -2 -2 -1 -2 0 0 -2 -2 -2 -2 0 -2 -2 0 -2 -2 0 -1 0 -1 -2 -2 -1 -2 -1 -1 -2 -2 -1 -1 -1 -1 -2 0 -2 -2 -1 -2 0 -1 0 -2 0 0 -1 -2 -1 -1 -1 -2 -2 -2 -1 -2 -2 -2 -1 -2 0 -1 -1 -2 -2 -2 -1 -1 -1 -2 -2 -2 -1 0 -2 0 0
0.371260603293637 0.138957306148838 -0.158821923426322 -0.362821784021636 -0.39270785147496 1 0 1 2 2 1 1 2 1 0 2 0 1 0 0 0 2 2 0 1 0 1 2 0 0 1 2 2 0 0 0 1 1 2 1 2 0 0 1 0 1 0 0 2 2 2 2 2 1 2 2 0 2 1 0 0 0 1 2 0 2 2 0 2 1 0 1 1 0 0 2 2 1 1 1 2 2 2 1 0 2 2 0 2 0 0 1 2 0 0 1 1 1 2 1 2 0 0 1 0 0 0 1 2 2 1 1 2 1 0 2 0 1 0 0 0 2 2 0 1 0 1 2 0 0 1 2 2 0 0 0 1 1 2 1 2 0 0 1 0 1 0 0 2 2 2 2 2 1 2 2 0 2 1 0 0 0 1 2 0 2 2 0 2 1 0 1 1 0 0 2 2 1 1 1 2 2 2 1 0 2 2 0 2 0 0 1 2 0 0 1 1 1 2 1 2 0 0 1 0 0
0.0664773730540244 -1.31082650361623 0.837689841486128 -0.975434201551343 -0.910357409523183 -1 0 1 2 1 0 2 2 2 1 1 0 2 1 1 1 2 2 0 0 0 1 1 0 0 0 2 2 1 0 0 0 2 2 2 2 0 1 0 0 2 1 1 1 1 1 1 1 1 2 1 0 2 2 0 0 1 2 2 1 2 2 0 2 0 0 2 2 1 0 1 2 1 1 1 2 1 1 0 0 1 1 0 1 0 2 1 2 1 1 1 0 0 1 2 2 1 0 1 1 2 0 -1 -2 -1 0 -2 -2 -2 -1 -1 0 -2 -1 -1 -1 -2 -2 0 0 0 -1 -1 0 0 0 -2 -2 -1 0 0 0 -2 -2 -2 -2 0 -1 0 0 -2 -1 -1 -1 -1 -1 -1 -1 -1 -2 -1 0 -2 -2 0 0 -1 -2 -2 -1 -2 -2 0 -2 0 0 -2 -2 -1 0 -1 -2 -1 -1 -1 -2 -1 -1 0 0 -1 -1 0 -1 0 -2 -1 -2 -1 -1 -1 0 0 -1 -2 -2 -1 0 -1 -1 -2
0.245705773936362 -0.248747413840782 0.139375191520531 0.140095382553586 0.26743821680566 1 0 2 2 0 0 2 1 0 1 2 0 0 1 1 0 2 2 1 0 0 1 2 1 2 1 2 2 0 2 1 0 2 0 1 1 0 2 2 0 2 2 0 1 1 0 1 2 1 2 2 1 2 1 1 2 1 1 1 1 2 2 1 2 0 1 2 2 0 0 1 2 0 0 2 2 1 1 0 0 1 2 0 0 0 0 1 2 0 1 1 1 1 1 2 2 0 0 1 0 1 0 2 2 0 0 2 1 0 1 2 0 0 1 1 0 2 2 1 0 0 1 2 1 2 1 2 2 0 2 1 0 2 0 1 1 0 2 2 0 2 2 0 1 1 0 1 2 1 2 2 1 2 1 1 2 1 1 1 1 2 2 1 2 0 1 2 2 0 0 1 2 0 0 2 2 1 1 0 0 1 2 0 0 0 0 1 2 0 1 1 1 1 1 2 2 0 0 1 0 1
-0.687044972074351 -0.871955323623262 0.350438681495427 1.97093294999868 0.682430675776987 1 0 2 2 1 0 2 2 2 0 1 1 1 0 0 0 2 2 1 1 0 2 2 1 2 1 2 2 1 1 0 0 1 2 2 1 0 1 1 0 2 2 0 1 1 0 0 2 0 2 2 2 2 2 0 1 0 2 2 0 2 1 0 2 1 0 1 2 0 0 1 2 1 1 1 1 1 2 1 1 0 1 0 2 0 0 1 1 0 1 0 0 0 2 2 2 0 0 2 0 1 0 2 2 1 0 2 2 2 0 1 1 1 0 0 0 2 2 1 1 0 2 2 1 2 1 2 2 1 1 0 0 1 2 2 1 0 1 1 0 2 2 0 1 1 0 0 2 0 2 2 2 2 2 0 1 0 2 2 0 2 1 0 2 1 0 1 2 0 0 1 2 1 1 1 1 1 2 1 1 0 1 0 2 0 0 1 1 0 1 0 0 0 2 2 2 0 0 2 0 1
-0.0591410371061017 -1.0037412940928 0.556990323401212 0.302787933825611 -1.00128330571135 1 1 2 2 2 0 2 1 2 1 1 1 2 2 0 0 2 2 0 0 0 2 1 1 0 0 2 2 2 2 0 0 1 1 2 2 0 1 1 0 2 1 2 2 2 0 1 2 2 2 1 1 1 1 1 2 2 1 1 1 2 2 2 2 0 0 1 1 0 0 1 1 1 1 1 2 2 1 1 1 0 1 0 1 0 0 0 1 0 1 0 0 0 2 2 1 0 0 0 0 0 1 2 2 2 0 2 1 2 1 1 1 2 2 0 0 2 2 0 0 0 2 1 1 0 0 2 2 2 2 0 0 1 1 2 2 0 1 1 0 2 1 2 2 2 0 1 2 2 2 1 1 1 1 1 2 2 1 1 1 2 2 2 2 0 0 1 1 0 0 1 1 1 1 1 2 2 1 1 1 0 1 0 1 0 0 0 1 0 1 0 0 0 2 2 1 0 0 0 0 0
0.267832314962052 0.479459913991792 -0.663970218185824 2.27749116150073 -0.152971925713116 1 0 0 1 0 0 1 1 1 0 0 1 1 1 1 0 2 2 0 0 1 2 1 1 2 1 2 2 0 0 0 0 1 1 1 1 0 2 1 0 1 0 0 2 1 1 1 2 1 2 1 2 2 2 0 1 0 0 0 0 2 2 2 2 0 1 1 2 1 0 2 2 2 2 2 2 2 2 1 1 0 2 1 2 0 1 1 1 1 2 2 2 1 2 2 2 0 0 2 1 1 0 0 1 0 0 1 1 1 0 0 1 1 1 1 0 2 2 0 0 1 2 1 1 2 1 2 2 0 0 0 0 1 1 1 1 0 2 1 0 1 0 0 2 1 1 1 2 1 2 1 2 2 2 0 1 0 0 0 0 2 2 2 2 0 1 1 2 1 0 2 2 2 2 2 2 2 2 1 1 0 2 1 2 0 1 1 1 1 2 2 2 1 2 2 2 0 0 2 1 1
-0.163878349892302 2.51543145183099 -0.884165564717262 0.520238240907904 -0.61332352660917 -1 0 1 2 2 2 2 2 1 0 2 0 1 0 0 0 2 2 0 2 0 2 2 2 1 0 2 2 2 2 1 1 2 2 1 1 0 2 2 0 1 1 0 2 1 0 1 2 1 1 0 0 2 2 1 2 1 1 2 0 1 2 1 2 1 0 1 2 0 1 2 2 2 1 2 2 0 1 0 0 0 2 1 1 0 1 0 1 0 0 0 0 0 2 2 2 0 0 2 1 1 0 -1 -2 -2 -2 -2 -2 -1 0 -2 0 -1 0 0 0 -2 -2 0 -2 0 -2 -2 -2 -1 0 -2 -2 -2 -2 -1 -1 -2 -2 -1 -1 0 -2 -2 0 -1 -1 0 -2 -1 0 -1 -2 -1 -1 0 0 -2 -2 -1 -2 -1 -1 -2 0 -1 -2 -1 -2 -1 0 -1 -2 0 -1 -2 -2 -2 -1 -2 -2 0 -1 0 0 0 -2 -1 -1 0 -1 0 -1 0 0 0 0 0 -2 -2 -2 0 0 -2 -1 -1
-0.186614236996153 0.60726090777102 -0.0315298389998894 -0.728854915368021 -0.361176978082746 -1 0 1 2 1 0 2 2 2 1 2 1 2 1 0 0 1 1 0 1 1 2 2 1 1 0 2 1 1 1 0 0 2 2 2 2 0 1 0 0 2 2 1 2 1 0 2 2 2 1 1 0 2 1 1 1 1 1 2 0 2 2 0 2 1 1 1 1 1 1 2 2 2 1 2 2 1 1 0 0 0 1 0 1 0 0 2 2 1 2 1 0 0 1 2 2 0 0 1 1 1 0 -1 -2 -1 0 -2 -2 -2 -1 -2 -1 -2 -1 0 0 -1 -1 0 -1 -1 -2 -2 -1 -1 0 -2 -1 -1 -1 0 0 -2 -2 -2 -2 0 -1 0 0 -2 -2 -1 -2 -1 0 -2 -2 -2 -1 -1 0 -2 -1 -1 -1 -1 -1 -2 0 -2 -2 0 -2 -1 -1 -1 -1 -1 -1 -2 -2 -2 -1 -2 -2 -1 -1 0 0 0 -1 0 -1 0 0 -2 -2 -1 -2 -1 0 0 -1 -2 -2 0 0 -1 -1 -1
0.583471802912389 0.799698142118465 -0.940320641524902 -1.41836329299327 1.11109126900267 1 1 2 2 1 0 2 2 2 2 2 1 1 0 0 0 1 2 0 1 0 1 1 1 2 1 2 1 2 2 0 1 2 2 2 2 1 1 1 0 1 2 2 2 1 0 2 2 2 2 1 1 2 2 0 1 2 2 2 1 2 2 2 2 1 0 1 2 0 0 2 2 2 2 2 2 2 2 1 0 0 1 0 1 0 0 2 2 1 1 2 1 1 1 1 2 0 0 2 1 0 1 2 2 1 0 2 2 2 2 2 1 1 0 0 0 1 2 0 1 0 1 1 1 2 1 2 1 2 2 0 1 2 2 2 2 1 1 1 0 1 2 2 2 1 0 2 2 2 2 1 1 2 2 0 1 2 2 2 1 2 2 2 2 1 0 1 2 0 0 2 2 2 2 2 2 2 2 1 0 0 1 0 1 0 0 2 2 1 1 2 1 1 1 1 2 0 0 2 1 0
-1.25098009479956 0.638013197541565 -0.891080830565818 -0.656518972585127 -1.33472359405204 -1 0 2 2 2 1 2 2 2 0 2 0 0 0 0 0 2 2 0 2 2 2 2 1 2 1 2 0 0 1 0 1 2 2 2 2 0 1 0 0 1 2 1 2 0 0 1 2 1 2 2 1 2 1 0 1 2 1 1 1 2 2 1 2 0 0 0 1 0 0 0 2 2 2 2 2 2 2 1 1 1 2 1 2 0 1 2 2 1 1 1 1 0 2 2 2 0 0 1 0 0 0 -2 -2 -2 -1 -2 -2 -2 0 -2 0 0 0 0 0 -2 -2 0 -2 -2 -2 -2 -1 -2 -1 -2 0 0 -1 0 -1 -2 -2 -2 -2 0 -1 0 0 -1 -2 -1 -2 0 0 -1 -2 -1 -2 -2 -1 -2 -1 0 -1 -2 -1 -1 -1 -2 -2 -1 -2 0 0 0 -1 0 0 0 -2 -2 -2 -2 -2 -2 -2 -1 -1 -1 -2 -1 -2 0 -1 -2 -2 -1 -1 -1 -1 0 -2 -2 -2 0 0 -1 0 0
0.328614361358508 -0.292333522423366 0.617630276352979 -0.728450075335967 0.531301663749914 -1 1 2 2 2 0 2 2 1 2 2 0 1 2 1 0 2 2 1 2 1 2 1 0 1 0 1 0 0 0 0 1 2 2 2 2 0 1 2 0 2 1 1 2 1 0 0 1 0 2 1 0 2 2 0 1 0 0 2 0 2 2 1 2 1 0 0 2 0 0 1 2 1 2 2 2 2 2 0 2 2 2 0 2 0 0 0 1 0 1 1 0 0 2 1 2 0 0 1 0 0 -1 -2 -2 -2 0 -2 -2 -1 -2 -2 0 -1 -2 -1 0 -2 -2 -1 -2 -1 -2 -1 0 -1 0 -1 0 0 0 0 -1 -2 -2 -2 -2 0 -1 -2 0 -2 -1 -1 -2 -1 0 0 -1 0 -2 -1 0 -2 -2 0 -1 0 0 -2 0 -2 -2 -1 -2 -1 0 0 -2 0 0 -1 -2 -1 -2 -2 -2 -2 -2 0 -2 -2 -2 0 -2 0 0 0 -1 0 -1 -1 0 0 -2 -1 -2 0 0 -1 0 0
1.40712077702231 -0.738736170105947 -1.43284156364853 0.836094561347752 0.919735942259788 1 0 2 2 2 1 2 2 1 0 2 1 2 1 0 0 2 2 0 0 1 2 2 2 2 2 2 2 1 2 0 1 2 1 2 2 0 2 2 0 2 1 1 2 1 1 1 2 0 2 1 2 2 2 0 0 0 0 1 0 2 2 0 2 0 0 0 2 0 0 2 2 1 1 1 2 1 2 1 0 0 2 0 2 0 0 2 2 1 2 1 1 1 2 2 2 2 0 2 1 1 0 2 2 2 1 2 2 1 0 2 1 2 1 0 0 2 2 0 0 1 2 2 2 2 2 2 2 1 2 0 1 2 1 2 2 0 2 2 0 2 1 1 2 1 1 1 2 0 2 1 2 2 2 0 0 0 0 1 0 2 2 0 2 0 0 0 2 0 0 2 2 1 1 1 2 1 2 1 0 0 2 0 2 0 0 2 2 1 2 1 1 1 2 2 2 2 0 2 1 1
1.17363292668325 0.755391893123619 -0.0214490127422273 -0.0778978913455527 0.249024700617228 1 0 1 2 0 1 2 1 2 0 2 1 1 0 0 0 2 2 0 1 0 2 2 0 1 1 2 1 0 2 2 0 2 2 2 2 0 2 1 0 1 1 0 1 1 1 2 2 2 2 2 1 2 1 0 1 0 0 2 0 1 2 0 1 0 1 1 2 2 1 2 2 2 2 2 2 1 1 0 1 1 2 1 2 0 0 1 2 1 2 2 0 0 2 2 2 0 0 1 0 0 0 1 2 0 1 2 1 2 0 2 1 1 0 0 0 2 2 0 1 0 2 2 0 1 1 2 1 0 2 2 0 2 2 2 2 0 2 1 0 1 1 0 1 1 1 2 2 2 2 2 1 2 1 0 1 0 0 2 0 1 2 0 1 0 1 1 2 2 1 2 2 2 2 2 2 1 1 0 1 1 2 1 2 0 0 1 2 1 2 2 0 0 2 2 2 0 0 1 0 0
-0.677841866908039 0.326457719855364 1.02155491115075 -1.08350349085684 -0.31663329596795 1 0 1 2 2 0 2 2 1 0 1 0 1 1 0 0 2 2 0 0 1 2 2 2 1 0 2 1 1 0 0 2 2 2 2 2 0 1 1 0 2 1 0 1 1 1 1 2 0 1 1 2 2 2 1 2 1 0 2 0 2 2 0 2 1 1 1 1 0 0 1 2 2 2 1 2 1 1 1 1 0 1 0 2 0 0 2 2 0 1 2 0 0 1 1 2 0 1 1 0 1 0 1 2 2 0 2 2 1 0 1 0 1 1 0 0 2 2 0 0 1 2 2 2 1 0 2 1 1 0 0 2 2 2 2 2 0 1 1 0 2 1 0 1 1 1 1 2 0 1 1 2 2 2 1 2 1 0 2 0 2 2 0 2 1 1 1 1 0 0 1 2 2 2 1 2 1 1 1 1 0 1 0 2 0 0 2 2 0 1 2 0 0 1 1 2 0 1 1 0 1
-0.0744255302309062 -0.180451332209352 -0.23706862544127 -0.280252533713814 1.58861937599769 1 1 1 2 1 0 2 1 1 0 1 1 2 1 1 1 2 2 0 0 0 2 1 1 2 0 1 2 1 1 0 2 2 2 2 2 0 1 0 0 1 1 0 1 0 0 2 2 1 2 0 0 2 2 0 1 1 0 1 0 1 2 0 2 0 0 0 2 1 0 1 2 2 2 2 2 1 1 1 1 1 1 0 1 0 0 1 2 0 1 0 0 0 2 2 2 1 0 1 0 1 1 1 2 1 0 2 1 1 0 1 1 2 1 1 1 2 2 0 0 0 2 1 1 2 0 1 2 1 1 0 2 2 2 2 2 0 1 0 0 1 1 0 1 0 0 2 2 1 2 0 0 2 2 0 1 1 0 1 0 1 2 0 2 0 0 0 2 1 0 1 2 2 2 2 2 1 1 1 1 1 1 0 1 0 0 1 2 0 1 0 0 0 2 2 2 1 0 1 0 1
-0.488053526074677 -0.0240875939659274 0.21332674807489 -0.0125047778919134 1.1841748787538 1 0 1 2 2 0 2 1 1 0 1 1 1 1 1 0 2 2 0 0 0 2 2 0 1 2 2 2 1 2 0 1 2 2 2 2 0 1 2 0 2 2 0 2 1 0 1 1 1 1 1 0 2 2 0 0 0 0 2 1 1 2 2 2 1 0 2 2 2 1 2 2 2 2 2 2 0 0 0 1 1 2 1 2 1 1 0 2 1 2 2 1 0 2 2 2 0 0 1 0 0 0 1 2 2 0 2 1 1 0 1 1 1 1 1 0 2 2 0 0 0 2 2 0 1 2 2 2 1 2 0 1 2 2 2 2 0 1 2 0 2 2 0 2 1 0 1 1 1 1 1 0 2 2 0 0 0 0 2 1 1 2 2 2 1 0 2 2 2 1 2 2 2 2 2 2 0 0 0 1 1 2 1 2 1 1 0 2 1 2 2 1 0 2 2 2 0 0 1 0 0
-0.584227658401688 -0.162465558922637 0.103171740557105 -0.311385330750983 1.91775869607612 1 1 1 2 1 0 2 1 2 1 1 0 1 2 2 0 2 2 1 0 0 1 2 2 2 2 2 2 1 1 0 1 2 2 2 2 0 0 1 0 2 1 0 1 1 0 2 2 0 2 1 1 2 2 0 2 1 2 2 1 2 2 1 2 0 0 0 1 0 1 2 2 1 1 2 2 1 2 1 2 0 2 1 2 0 1 1 2 0 2 1 0 0 1 1 1 0 0 1 0 0 1 1 2 1 0 2 1 2 1 1 0 1 2 2 0 2 2 1 0 0 1 2 2 2 2 2 2 1 1 0 1 2 2 2 2 0 0 1 0 2 1 0 1 1 0 2 2 0 2 1 1 2 2 0 2 1 2 2 1 2 2 1 2 0 0 0 1 0 1 2 2 1 1 2 2 1 2 1 2 0 2 1 2 0 1 1 2 0 2 1 0 0 1 1 1 0 0 1 0 0
0.0144845150612706 0.53487604651534 0.0479254009129335 0.531057887258687 0.639838755720448 -1 0 1 2 2 0 2 2 2 1 1 0 1 0 0 0 2 2 0 0 0 2 2 1 0 0 2 1 0 0 0 1 2 2 2 1 0 1 0 0 2 2 0 1 0 0 1 1 0 2 0 1 2 2 0 1 1 1 2 2 2 2 0 1 0 0 0 1 0 0 2 2 1 1 1 2 1 2 1 1 0 1 0 2 0 0 1 2 0 2 2 1 1 1 1 2 0 0 1 0 0 0 -1 -2 -2 0 -2 -2 -2 -1 -1 0 -1 0 0 0 -2 -2 0 0 0 -2 -2 -1 0 0 -2 -1 0 0 0 -1 -2 -2 -2 -1 0 -1 0 0 -2 -2 0 -1 0 0 -1 -1 0 -2 0 -1 -2 -2 0 -1 -1 -1 -2 -2 -2 -2 0 -1 0 0 0 -1 0 0 -2 -2 -1 -1 -1 -2 -1 -2 -1 -1 0 -1 0 -2 0 0 -1 -2 0 -2 -2 -1 -1 -1 -1 -2 0 0 -1 0 0
1.25753878409017 1.18283109871794 -0.60780452948519 -0.846151184257147 -2.212707594975 1 0 2 2 2 1 2 2 2 1 2 0 1 1 1 0 0 0 0 0 0 0 2 2 2 1 2 1 0 1 0 1 0 1 0 2 0 2 1 0 0 0 0 1 1 0 1 1 0 0 1 0 1 2 1 0 1 1 2 0 2 2 0 1 0 0 0 2 1 1 2 2 2 1 1 2 1 0 0 0 0 2 0 1 0 0 1 2 0 1 2 0 2 2 2 2 0 0 2 1 0 0 2 2 2 1 2 2 2 1 2 0 1 1 1 0 0 0 0 0 0 0 2 2 2 1 2 1 0 1 0 1 0 1 0 2 0 2 1 0 0 0 0 1 1 0 1 1 0 0 1 0 1 2 1 0 1 1 2 0 2 2 0 1 0 0 0 2 1 1 2 2 2 1 1 2 1 0 0 0 0 2 0 1 0 0 1 2 0 1 2 0 2 2 2 2 0 0 2 1 0
1.69774378788414 -1.238697481534 -1.15259969426189 0.433726050400779 1.31509012000695 1 1 2 2 1 1 2 2 1 0 1 0 1 1 1 0 1 2 0 0 0 2 2 2 2 2 2 1 0 2 1 1 1 1 2 2 0 0 1 0 2 2 2 2 0 0 0 2 2 2 2 1 2 2 0 2 2 1 2 0 2 2 1 2 1 0 1 2 1 0 2 2 0 0 1 2 1 2 2 1 2 2 1 1 0 0 1 2 0 2 0 0 0 2 1 1 0 0 2 1 0 1 2 2 1 1 2 2 1 0 1 0 1 1 1 0 1 2 0 0 0 2 2 2 2 2 2 1 0 2 1 1 1 1 2 2 0 0 1 0 2 2 2 2 0 0 0 2 2 2 2 1 2 2 0 2 2 1 2 0 2 2 1 2 1 0 1 2 1 0 2 2 0 0 1 2 1 2 2 1 2 2 1 1 0 0 1 2 0 2 0 0 0 2 1 1 0 0 2 1 0
-0.0210706805765141 0.833333495246355 -0.682140163977482 0.524794341965636 -1.44180203510796 1 0 1 2 1 1 2 2 2 1 2 2 1 1 0 0 2 2 1 0 0 1 1 2 2 0 1 0 0 0 0 0 1 2 2 2 0 1 2 0 2 1 1 2 1 0 1 2 1 2 1 0 2 2 0 0 0 0 2 0 2 2 1 2 1 1 2 2 2 2 2 2 1 2 2 2 0 1 0 1 2 2 0 1 0 1 1 2 0 1 1 0 1 2 1 1 0 0 2 1 0 0 1 2 1 1 2 2 2 1 2 2 1 1 0 0 2 2 1 0 0 1 1 2 2 0 1 0 0 0 0 0 1 2 2 2 0 1 2 0 2 1 1 2 1 0 1 2 1 2 1 0 2 2 0 0 0 0 2 0 2 2 1 2 1 1 2 2 2 2 2 2 1 2 2 2 0 1 0 1 2 2 0 1 0 1 1 2 0 1 1 0 1 2 1 1 0 0 2 1 0
0.136510088630252 -0.112143852623126 1.32579318436208 0.0830314212673859 -0.974923870488324 1 0 1 2 1 0 1 1 2 0 2 0 2 0 0 0 2 2 0 0 0 0 1 1 1 0 2 2 2 1 0 2 2 2 2 2 0 1 2 1 2 2 1 1 1 1 1 2 2 2 0 1 2 2 1 2 2 1 1 0 2 2 1 2 0 0 1 1 0 0 1 2 0 0 1 2 1 1 0 0 1 2 1 1 0 1 1 1 0 1 1 0 0 2 2 2 0 0 2 1 1 0 1 2 1 0 1 1 2 0 2 0 2 0 0 0 2 2 0 0 0 0 1 1 1 0 2 2 2 1 0 2 2 2 2 2 0 1 2 1 2 2 1 1 1 1 1 2 2 2 0 1 2 2 1 2 2 1 1 0 2 2 1 2 0 0 1 1 0 0 1 2 0 0 1 2 1 1 0 0 1 2 1 1 0 1 1 1 0 1 1 0 0 2 2 2 0 0 2 1 1
1.25514866889966 0.758561726407504 0.688499450489009 0.284607850023055 1.04407089575112 -1 0 2 2 1 0 1 1 1 0 1 0 0 0 0 0 2 2 0 2 0 1 2 0 1 0 2 1 1 1 0 1 2 2 2 1 0 2 2 0 2 1 1 2 1 1 2 2 1 2 1 1 2 2 0 0 0 0 2 0 1 2 1 2 0 0 1 2 1 1 2 2 2 2 2 2 1 2 1 1 0 1 0 2 0 0 2 2 1 2 1 1 1 2 2 2 0 0 1 0 0 0 -2 -2 -1 0 -1 -1 -1 0 -1 0 0 0 0 0 -2 -2 0 -2 0 -1 -2 0 -1 0 -2 -1 -1 -1 0 -1 -2 -2 -2 -1 0 -2 -2 0 -2 -1 -1 -2 -1 -1 -2 -2 -1 -2 -1 -1 -2 -2 0 0 0 0 -2 0 -1 -2 -1 -2 0 0 -1 -2 -1 -1 -2 -2 -2 -2 -2 -2 -1 -2 -1 -1 0 -1 0 -2 0 0 -2 -2 -1 -2 -1 -1 -1 -2 -2 -2 0 0 -1 0 0
1.37559312310581 -0.644953562477501 1.72370825582305 -0.392325190765359 0.983470649670808 1 0 1 2 1 0 2 2 2 1 2 2 2 1 0 0 2 2 1 0 0 2 2 2 2 1 2 2 0 1 0 0 0 1 2 2 0 0 0 0 2 1 0 2 1 0 2 2 2 2 2 1 1 2 0 2 1 1 2 0 1 2 1 2 1 0 0 1 1 0 1 2 1 2 1 2 1 2 2 1 1 2 1 1 0 1 1 2 0 2 1 1 1 2 2 2 1 0 2 2 0 0 1 2 1 0 2 2 2 1 2 2 2 1 0 0 2 2 1 0 0 2 2 2 2 1 2 2 0 1 0 0 0 1 2 2 0 0 0 0 2 1 0 2 1 0 2 2 2 2 2 1 1 2 0 2 1 1 2 0 1 2 1 2 1 0 0 1 1 0 1 2 1 2 1 2 1 2 2 1 1 2 1 1 0 1 1 2 0 2 1 1 1 2 2 2 1 0 2 2 0
0.650892051400281 -0.935594473797429 0.80872492699687 0.132741272547251 -2.33249011780514 -1 0 0 2 1 1 2 1 1 0 1 0 1 0 0 0 2 2 0 0 1 1 1 0 1 1 2 2 0 1 0 0 2 1 2 2 0 1 1 0 2 1 1 2 0 0 1 1 2 2 1 1 2 2 0 2 2 1 2 0 2 2 1 2 0 0 0 1 0 0 2 2 1 1 1 2 1 1 1 1 1 2 2 2 0 2 1 1 0 1 0 0 0 2 1 1 0 0 2 0 0 0 0 -2 -1 -1 -2 -1 -1 0 -1 0 -1 0 0 0 -2 -2 0 0 -1 -1 -1 0 -1 -1 -2 -2 0 -1 0 0 -2 -1 -2 -2 0 -1 -1 0 -2 -1 -1 -2 0 0 -1 -1 -2 -2 -1 -1 -2 -2 0 -2 -2 -1 -2 0 -2 -2 -1 -2 0 0 0 -1 0 0 -2 -2 -1 -1 -1 -2 -1 -1 -1 -1 -1 -2 -2 -2 0 -2 -1 -1 0 -1 0 0 0 -2 -1 -1 0 0 -2 0 0
-1.58293093740122 1.17733395453451 -1.33876251287034 -0.926937148826068 0.470611580193675 1 0 1 2 1 0 2 2 1 0 2 1 1 1 0 0 2 2 0 1 0 2 2 1 1 0 2 1 0 1 0 0 1 1 2 2 0 2 2 0 2 2 1 1 0 0 1 2 1 2 1 0 2 2 0 1 2 1 2 0 1 2 0 1 1 0 1 2 1 1 1 2 2 2 1 2 0 1 0 0 0 1 0 1 0 1 1 2 1 2 2 1 1 1 2 2 0 0 1 1 2 0 1 2 1 0 2 2 1 0 2 1 1 1 0 0 2 2 0 1 0 2 2 1 1 0 2 1 0 1 0 0 1 1 2 2 0 2 2 0 2 2 1 1 0 0 1 2 1 2 1 0 2 2 0 1 2 1 2 0 1 2 0 1 1 0 1 2 1 1 1 2 2 2 1 2 0 1 0 0 0 1 0 1 0 1 1 2 1 2 2 1 1 1 2 2 0 0 1 1 2
1.13984752884436 0.722842644934212 -0.668879556830231 -1.55852399611956 -0.505818043574433 -1 0 1 2 0 1 2 2 2 1 1 0 1 1 1 0 1 2 0 0 1 2 2 2 1 0 2 1 1 1 1 1 2 1 1 1 0 1 1 0 1 1 1 2 1 0 2 2 1 2 0 0 2 1 0 0 0 0 1 0 2 1 0 2 0 0 1 2 1 0 2 2 1 2 2 2 2 1 0 0 0 1 1 1 0 1 2 2 0 1 1 0 0 2 1 2 0 0 2 1 1 0 -1 -2 0 -1 -2 -2 -2 -1 -1 0 -1 -1 -1 0 -1 -2 0 0 -1 -2 -2 -2 -1 0 -2 -1 -1 -1 -1 -1 -2 -1 -1 -1 0 -1 -1 0 -1 -1 -1 -2 -1 0 -2 -2 -1 -2 0 0 -2 -1 0 0 0 0 -1 0 -2 -1 0 -2 0 0 -1 -2 -1 0 -2 -2 -1 -2 -2 -2 -2 -1 0 0 0 -1 -1 -1 0 -1 -2 -2 0 -1 -1 0 0 -2 -1 -2 0 0 -2 -1 -1
1.63327222358012 1.07744918141732 -0.782055674563567 0.721515495622788 0.277543206218038 -1 0 2 2 1 0 2 2 2 2 2 1 2 0 1 0 1 2 0 1 1 1 2 0 0 0 2 1 0 1 0 0 2 2 2 2 0 2 2 0 2 1 0 2 0 1 2 2 0 2 0 1 2 1 1 1 2 1 1 0 1 2 1 2 1 0 0 1 0 0 0 2 0 1 0 2 1 2 2 0 0 2 0 1 0 1 1 2 0 1 2 0 0 1 2 2 1 0 1 0 0 0 -2 -2 -1 0 -2 -2 -2 -2 -2 -1 -2 0 -1 0 -1 -2 0 -1 -1 -1 -2 0 0 0 -2 -1 0 -1 0 0 -2 -2 -2 -2 0 -2 -2 0 -2 -1 0 -2 0 -1 -2 -2 0 -2 0 -1 -2 -1 -1 -1 -2 -1 -1 0 -1 -2 -1 -2 -1 0 0 -1 0 0 0 -2 0 -1 0 -2 -1 -2 -2 0 0 -2 0 -1 0 -1 -1 -2 0 -1 -2 0 0 -1 -2 -2 -1 0 -1 0 0
-1.18025229219808 0.569788089513391 -0.611358116230475 0.07606049235522 0.349122077076441 -1 0 0 2 2 0 2 1 2 1 2 0 1 0 0 0 2 2 0 0 1 2 2 1 2 1 2 2 1 1 0 1 2 2 2 2 0 0 0 0 2 2 0 0 0 0 2 2 2 2 1 1 2 1 0 0 0 0 0 0 1 2 1 2 0 0 1 2 0 0 0 2 2 2 2 2 0 1 1 0 0 1 0 2 0 1 1 2 0 1 1 0 0 2 2 2 0 1 2 2 0 0 0 -2 -2 0 -2 -1 -2 -1 -2 0 -1 0 0 0 -2 -2 0 0 -1 -2 -2 -1 -2 -1 -2 -2 -1 -1 0 -1 -2 -2 -2 -2 0 0 0 0 -2 -2 0 0 0 0 -2 -2 -2 -2 -1 -1 -2 -1 0 0 0 0 0 0 -1 -2 -1 -2 0 0 -1 -2 0 0 0 -2 -2 -2 -2 -2 0 -1 -1 0 0 -1 0 -2 0 -1 -1 -2 0 -1 -1 0 0 -2 -2 -2 0 -1 -2 -2 0
0.0376686596552943 0.0635725842567767 -1.06192327525563 -0.266120319528682 -1.49312455138757 1 0 1 2 2 0 2 1 1 1 2 0 1 0 0 0 1 1 0 0 0 1 2 2 2 0 2 0 0 1 0 0 2 2 2 2 1 1 1 0 1 1 1 1 0 1 1 1 0 2 2 1 2 0 0 1 1 0 1 0 1 2 1 2 1 1 1 2 1 0 2 2 2 2 1 2 1 1 0 0 1 2 1 2 0 1 1 2 0 1 1 1 1 2 2 2 1 0 2 0 1 0 1 2 2 0 2 1 1 1 2 0 1 0 0 0 1 1 0 0 0 1 2 2 2 0 2 0 0 1 0 0 2 2 2 2 1 1 1 0 1 1 1 1 0 1 1 1 0 2 2 1 2 0 0 1 1 0 1 0 1 2 1 2 1 1 1 2 1 0 2 2 2 2 1 2 1 1 0 0 1 2 1 2 0 1 1 2 0 1 1 1 1 2 2 2 1 0 2 0 1
-0.19890919312356 0.65195528275826 -0.829576784837331 -1.64763257020061 -0.0124425835266829 -1 1 2 2 2 1 2 1 1 0 2 1 1 0 0 0 2 2 0 2 0 2 1 1 2 2 2 1 1 2 1 0 1 1 2 2 0 1 1 0 2 2 1 1 0 0 2 1 1 2 0 0 2 2 0 1 0 0 1 0 2 2 1 2 0 0 0 1 0 1 2 1 1 0 1 2 1 0 0 1 0 0 0 1 0 1 2 2 1 1 2 1 1 1 2 2 0 0 1 0 0 -1 -2 -2 -2 -1 -2 -1 -1 0 -2 -1 -1 0 0 0 -2 -2 0 -2 0 -2 -1 -1 -2 -2 -2 -1 -1 -2 -1 0 -1 -1 -2 -2 0 -1 -1 0 -2 -2 -1 -1 0 0 -2 -1 -1 -2 0 0 -2 -2 0 -1 0 0 -1 0 -2 -2 -1 -2 0 0 0 -1 0 -1 -2 -1 -1 0 -1 -2 -1 0 0 -1 0 0 0 -1 0 -1 -2 -2 -1 -1 -2 -1 -1 -1 -2 -2 0 0 -1 0 0
-0.384931602274106 0.581418308917573 0.71740149315885 -0.295105359825277 -0.0623661583215572 1 2 2 2 1 0 2 2 2 1 2 0 1 1 1 0 2 2 0 0 0 1 2 1 1 1 2 2 1 1 0 2 2 2 2 2 0 2 2 0 2 2 1 1 0 0 0 2 1 2 1 1 2 2 0 0 0 0 1 0 2 2 0 2 0 0 1 1 1 1 2 2 2 2 1 1 2 2 0 1 0 1 0 0 0 1 1 2 0 2 2 0 0 2 2 2 1 0 2 1 0 2 2 2 1 0 2 2 2 1 2 0 1 1 1 0 2 2 0 0 0 1 2 1 1 1 2 2 1 1 0 2 2 2 2 2 0 2 2 0 2 2 1 1 0 0 0 2 1 2 1 1 2 2 0 0 0 0 1 0 2 2 0 2 0 0 1 1 1 1 2 2 2 2 1 1 2 2 0 1 0 1 0 0 0 1 1 2 0 2 2 0 0 2 2 2 1 0 2 1 0
0.554023415482055 0.201241064218035 1.12846818036668 -0.214629874289333 -1.85549189329101 -1 1 2 2 2 1 2 2 2 2 2 0 0 0 0 0 2 2 0 0 0 1 0 1 2 2 2 1 1 2 0 0 2 2 2 2 0 1 1 0 1 0 0 2 0 0 0 1 0 1 0 1 2 2 0 1 0 0 1 0 2 2 1 1 0 0 1 2 1 0 0 1 1 1 2 2 1 1 0 0 0 1 0 2 0 0 1 2 1 2 2 0 0 2 2 2 1 0 2 0 1 -1 -2 -2 -2 -1 -2 -2 -2 -2 -2 0 0 0 0 0 -2 -2 0 0 0 -1 0 -1 -2 -2 -2 -1 -1 -2 0 0 -2 -2 -2 -2 0 -1 -1 0 -1 0 0 -2 0 0 0 -1 0 -1 0 -1 -2 -2 0 -1 0 0 -1 0 -2 -2 -1 -1 0 0 -1 -2 -1 0 0 -1 -1 -1 -2 -2 -1 -1 0 0 0 -1 0 -2 0 0 -1 -2 -1 -2 -2 0 0 -2 -2 -2 -1 0 -2 0 -1
0.887056655883788 0.21748115470664 0.796264766747653 -0.668876258836572 1.91680607670651 1 0 1 1 1 0 2 1 2 1 2 1 2 2 0 0 2 2 0 0 0 2 1 2 1 0 2 2 1 2 0 1 1 2 1 2 0 1 2 0 2 1 0 2 2 1 2 2 0 1 1 1 2 2 0 0 0 0 1 0 1 2 0 1 0 1 0 2 1 0 1 2 2 2 2 2 2 2 1 0 0 1 0 2 0 0 0 1 0 1 1 1 0 2 2 2 1 0 2 1 1 0 1 1 1 0 2 1 2 1 2 1 2 2 0 0 2 2 0 0 0 2 1 2 1 0 2 2 1 2 0 1 1 2 1 2 0 1 2 0 2 1 0 2 2 1 2 2 0 1 1 1 2 2 0 0 0 0 1 0 1 2 0 1 0 1 0 2 1 0 1 2 2 2 2 2 2 2 1 0 0 1 0 2 0 0 0 1 0 1 1 1 0 2 2 2 1 0 2 1 1
2.04028927601523 -1.30122130877849 0.272017880688484 0.544465865504974 0.580465457730033 1 0 1 2 1 0 2 2 2 1 2 2 1 1 0 0 2 1 0 1 0 1 1 0 0 1 2 1 0 1 1 0 2 2 2 2 0 0 0 0 1 0 0 2 0 0 2 2 2 2 1 1 2 1 0 0 2 2 1 1 2 2 2 2 1 1 1 2 1 1 2 2 1 1 0 2 0 1 0 0 1 2 0 1 0 0 1 2 0 2 1 0 0 2 2 2 0 0 2 1 0 0 1 2 1 0 2 2 2 1 2 2 1 1 0 0 2 1 0 1 0 1 1 0 0 1 2 1 0 1 1 0 2 2 2 2 0 0 0 0 1 0 0 2 0 0 2 2 2 2 1 1 2 1 0 0 2 2 1 1 2 2 2 2 1 1 1 2 1 1 2 2 1 1 0 2 0 1 0 0 1 2 0 1 0 0 1 2 0 2 1 0 0 2 2 2 0 0 2 1 0
0.540035888255717 0.101805992808258 0.897761962410119 0.739382590578782 -0.78498396344459 -1 0 1 2 1 0 2 1 1 1 2 0 1 1 1 0 2 2 0 2 1 2 2 1 1 1 2 2 1 1 0 2 2 2 2 2 0 2 2 0 2 1 0 1 0 0 2 2 0 2 0 0 2 0 0 1 1 0 2 0 2 1 0 1 0 0 2 2 1 0 1 2 1 2 1 2 1 1 2 1 0 1 0 1 0 0 1 1 0 2 1 1 1 2 2 2 0 0 1 0 0 0 -1 -2 -1 0 -2 -1 -1 -1 -2 0 -1 -1 -1 0 -2 -2 0 -2 -1 -2 -2 -1 -1 -1 -2 -2 -1 -1 0 -2 -2 -2 -2 -2 0 -2 -2 0 -2 -1 0 -1 0 0 -2 -2 0 -2 0 0 -2 0 0 -1 -1 0 -2 0 -2 -1 0 -1 0 0 -2 -2 -1 0 -1 -2 -1 -2 -1 -2 -1 -1 -2 -1 0 -1 0 -1 0 0 -1 -1 0 -2 -1 -1 -1 -2 -2 -2 0 0 -1 0 0
1.0742581343686 -0.535982158841191 0.312944706735211 0.889007223365252 -2.45539901119891 -1 0 2 2 1 0 2 2 1 1 1 0 0 0 0 0 2 2 0 1 0 0 2 2 1 1 1 1 1 2 1 2 2 2 2 2 1 2 2 0 2 1 1 2 0 0 1 1 1 2 2 1 2 2 1 1 1 1 1 0 2 1 1 2 0 1 2 2 0 0 1 2 1 1 1 2 1 2 2 1 0 2 1 1 0 1 1 2 2 2 1 0 0 2 2 2 1 0 2 0 1 0 -2 -2 -1 0 -2 -2 -1 -1 -1 0 0 0 0 0 -2 -2 0 -1 0 0 -2 -2 -1 -1 -1 -1 -1 -2 -1 -2 -2 -2 -2 -2 -1 -2 -2 0 -2 -1 -1 -2 0 0 -1 -1 -1 -2 -2 -1 -2 -2 -1 -1 -1 -1 -1 0 -2 -1 -1 -2 0 -1 -2 -2 0 0 -1 -2 -1 -1 -1 -2 -1 -2 -2 -1 0 -2 -1 -1 0 -1 -1 -2 -2 -2 -1 0 0 -2 -2 -2 -1 0 -2 0 -1
-1.58857536684098 -0.455669354157228 -0.620956500848681 0.527517838603894 2.13922618869226 -1 0 1 1 1 0 2 2 2 2 2 0 1 1 0 0 1 2 0 0 0 1 1 2 1 0 2 2 0 1 0 1 2 2 1 1 0 1 1 0 2 0 0 0 1 1 1 2 1 2 1 1 2 0 0 1 2 0 2 0 2 2 1 2 1 1 2 2 0 0 2 1 0 1 2 2 0 1 0 0 0 2 1 1 0 1 1 2 1 1 2 1 1 2 2 1 0 0 1 0 0 0 -1 -1 -1 0 -2 -2 -2 -2 -2 0 -1 -1 0 0 -1 -2 0 0 0 -1 -1 -2 -1 0 -2 -2 0 -1 0 -1 -2 -2 -1 -1 0 -1 -1 0 -2 0 0 0 -1 -1 -1 -2 -1 -2 -1 -1 -2 0 0 -1 -2 0 -2 0 -2 -2 -1 -2 -1 -1 -2 -2 0 0 -2 -1 0 -1 -2 -2 0 -1 0 0 0 -2 -1 -1 0 -1 -1 -2 -1 -1 -2 -1 -1 -2 -2 -1 0 0 -1 0 0
-1.46818305574619 1.81437139171173 -0.375941516084411 -0.170433354758219 -0.954710072870605 -1 0 2 2 2 1 2 1 0 1 2 0 1 1 1 0 2 2 1 0 0 2 2 2 1 0 2 2 0 0 0 0 0 0 1 2 0 1 1 0 2 1 1 1 0 0 2 2 1 1 2 1 2 2 0 2 1 1 1 0 2 2 1 2 2 0 2 2 0 0 1 2 1 2 1 2 1 1 0 0 0 2 0 2 0 0 1 2 1 2 1 1 1 2 2 2 1 0 1 1 1 0 -2 -2 -2 -1 -2 -1 0 -1 -2 0 -1 -1 -1 0 -2 -2 -1 0 0 -2 -2 -2 -1 0 -2 -2 0 0 0 0 0 0 -1 -2 0 -1 -1 0 -2 -1 -1 -1 0 0 -2 -2 -1 -1 -2 -1 -2 -2 0 -2 -1 -1 -1 0 -2 -2 -1 -2 -2 0 -2 -2 0 0 -1 -2 -1 -2 -1 -2 -1 -1 0 0 0 -2 0 -2 0 0 -1 -2 -1 -2 -1 -1 -1 -2 -2 -2 -1 0 -1 -1 -1
0.460013836317151 -2.11765830766285 -0.468633630070233 1.23389333385722 -0.628068944030741 -1 1 1 2 1 2 2 2 2 1 2 0 1 1 0 0 1 2 0 1 1 1 2 1 1 1 2 1 1 2 0 1 2 2 2 2 1 1 1 0 1 0 0 1 0 0 2 1 0 1 1 0 2 2 0 0 0 0 1 0 1 2 0 2 1 1 1 1 0 0 1 1 1 0 1 2 1 2 0 2 2 2 0 1 0 1 2 1 1 2 1 0 1 1 2 2 0 0 1 0 0 -1 -1 -2 -1 -2 -2 -2 -2 -1 -2 0 -1 -1 0 0 -1 -2 0 -1 -1 -1 -2 -1 -1 -1 -2 -1 -1 -2 0 -1 -2 -2 -2 -2 -1 -1 -1 0 -1 0 0 -1 0 0 -2 -1 0 -1 -1 0 -2 -2 0 0 0 0 -1 0 -1 -2 0 -2 -1 -1 -1 -1 0 0 -1 -1 -1 0 -1 -2 -1 -2 0 -2 -2 -2 0 -1 0 -1 -2 -1 -1 -2 -1 0 -1 -1 -2 -2 0 0 -1 0 0
-0.188344299110577 -0.616305343053816 -0.0284860575378617 -1.7481534281342 -0.822325220377649 -1 0 0 2 1 0 1 2 2 1 2 1 2 1 1 0 2 2 0 0 0 2 2 0 2 1 2 2 0 1 0 1 2 2 2 2 0 0 0 0 2 0 1 2 1 0 1 2 0 1 0 0 2 2 1 1 2 1 2 1 2 2 2 2 0 0 0 2 1 0 2 2 1 2 2 2 1 2 1 0 1 2 0 0 0 1 1 2 0 2 1 0 0 2 1 2 1 0 2 0 1 0 0 -2 -1 0 -1 -2 -2 -1 -2 -1 -2 -1 -1 0 -2 -2 0 0 0 -2 -2 0 -2 -1 -2 -2 0 -1 0 -1 -2 -2 -2 -2 0 0 0 0 -2 0 -1 -2 -1 0 -1 -2 0 -1 0 0 -2 -2 -1 -1 -2 -1 -2 -1 -2 -2 -2 -2 0 0 0 -2 -1 0 -2 -2 -1 -2 -2 -2 -1 -2 -1 0 -1 -2 0 0 0 -1 -1 -2 0 -2 -1 0 0 -2 -1 -2 -1 0 -2 0 -1
-0.139274273930958 0.308978828259755 0.0971432728335149 0.00848896001285169 -0.923980713923258 1 0 1 2 0 0 2 1 0 0 1 0 1 0 1 0 2 2 0 0 0 2 2 0 0 0 1 2 1 2 1 1 1 1 0 1 0 0 2 0 1 1 1 2 0 1 1 2 1 2 0 1 2 2 0 1 0 0 1 0 2 2 0 1 0 0 1 2 1 0 1 2 1 1 1 2 0 1 0 1 1 2 0 0 0 0 0 1 0 1 1 0 0 2 2 2 1 0 2 0 0 0 1 2 0 0 2 1 0 0 1 0 1 0 1 0 2 2 0 0 0 2 2 0 0 0 1 2 1 2 1 1 1 1 0 1 0 0 2 0 1 1 1 2 0 1 1 2 1 2 0 1 2 2 0 1 0 0 1 0 2 2 0 1 0 0 1 2 1 0 1 2 1 1 1 2 0 1 0 1 1 2 0 0 0 0 0 1 0 1 1 0 0 2 2 2 1 0 2 0 0
-1.21552847600917 1.82538088151735 0.58603470732011 0.219235445712812 -0.0145594979752532 1 0 2 2 2 1 2 2 2 0 2 1 1 1 1 0 2 2 0 1 0 2 2 1 2 0 2 2 1 1 0 0 1 2 2 2 0 1 0 0 1 1 0 0 0 0 1 2 1 2 0 1 2 2 1 2 1 1 2 0 2 2 1 2 2 1 0 1 0 0 2 2 2 2 1 2 1 2 1 2 2 2 0 1 0 0 1 2 0 0 1 0 0 2 2 2 1 0 1 1 2 0 2 2 2 1 2 2 2 0 2 1 1 1 1 0 2 2 0 1 0 2 2 1 2 0 2 2 1 1 0 0 1 2 2 2 0 1 0 0 1 1 0 0 0 0 1 2 1 2 0 1 2 2 1 2 1 1 2 0 2 2 1 2 2 1 0 1 0 0 2 2 2 2 1 2 1 2 1 2 2 2 0 1 0 0 1 2 0 0 1 0 0 2 2 2 1 0 1 1 2
0.311640175036971 1.03474228704941 -1.24896729600411 -1.24885022986299 0.448630400967654 1 0 1 2 2 0 2 1 1 0 1 0 1 2 2 1 2 2 0 0 1 2 2 2 1 1 2 2 0 2 0 0 1 1 1 1 0 1 2 0 2 2 2 2 2 1 1 2 2 2 2 1 2 2 1 2 2 1 2 1 2 2 1 2 1 0 0 1 0 0 2 2 1 2 2 2 1 1 0 1 1 2 0 0 0 1 1 2 0 0 1 0 0 2 2 2 0 0 0 0 1 0 1 2 2 0 2 1 1 0 1 0 1 2 2 1 2 2 0 0 1 2 2 2 1 1 2 2 0 2 0 0 1 1 1 1 0 1 2 0 2 2 2 2 2 1 1 2 2 2 2 1 2 2 1 2 2 1 2 1 2 2 1 2 1 0 0 1 0 0 2 2 1 2 2 2 1 1 0 1 1 2 0 0 0 1 1 2 0 0 1 0 0 2 2 2 0 0 0 0 1
-0.794526956274812 0.961791369722157 0.411067613462057 0.480552500655558 -0.288630368225834 1 0 2 2 1 0 2 2 2 1 2 1 2 2 1 0 2 2 1 1 1 2 2 2 2 1 2 2 0 1 0 1 1 2 1 1 0 0 1 0 1 1 0 1 0 0 1 2 1 2 2 1 2 2 0 2 2 0 1 0 2 2 1 1 0 0 1 2 0 0 2 2 2 2 2 2 1 1 1 1 1 2 1 1 0 2 1 1 1 2 2 0 0 2 2 2 0 0 2 0 1 0 2 2 1 0 2 2 2 1 2 1 2 2 1 0 2 2 1 1 1 2 2 2 2 1 2 2 0 1 0 1 1 2 1 1 0 0 1 0 1 1 0 1 0 0 1 2 1 2 2 1 2 2 0 2 2 0 1 0 2 2 1 1 0 0 1 2 0 0 2 2 2 2 2 2 1 1 1 1 1 2 1 1 0 2 1 1 1 2 2 0 0 2 2 2 0 0 2 0 1
-1.13587525823834 -0.960633398071703 1.35815293206044 1.72515495715711 -0.537339247551404 1 0 1 1 2 1 2 2 0 0 0 1 2 1 1 0 2 2 0 1 0 1 1 2 2 1 2 2 2 2 0 1 2 2 1 2 2 2 2 0 2 2 0 1 1 1 2 2 1 2 2 1 2 1 0 1 2 2 2 1 2 2 0 2 1 0 1 2 2 0 2 2 1 0 2 2 2 2 0 0 0 1 0 2 0 2 1 1 0 1 0 0 0 2 2 2 1 0 2 0 1 0 1 1 2 1 2 2 0 0 0 1 2 1 1 0 2 2 0 1 0 1 1 2 2 1 2 2 2 2 0 1 2 2 1 2 2 2 2 0 2 2 0 1 1 1 2 2 1 2 2 1 2 1 0 1 2 2 2 1 2 2 0 2 1 0 1 2 2 0 2 2 1 0 2 2 2 2 0 0 0 1 0 2 0 2 1 1 0 1 0 0 0 2 2 2 1 0 2 0 1
0.656170912250069 -0.424662420585815 -0.649064459968807 -0.457266249217766 -0.464014392309486 1 0 1 2 1 0 2 2 2 0 2 0 0 0 0 0 1 1 0 1 0 2 1 1 2 1 2 1 0 2 1 0 2 2 1 2 0 1 1 0 1 1 0 1 0 0 1 2 1 2 1 1 2 2 1 2 1 1 2 1 2 2 1 2 0 1 1 2 1 1 0 2 1 1 1 2 0 2 2 2 1 1 0 1 0 0 0 1 0 0 0 0 0 2 2 2 0 0 2 0 0 0 1 2 1 0 2 2 2 0 2 0 0 0 0 0 1 1 0 1 0 2 1 1 2 1 2 1 0 2 1 0 2 2 1 2 0 1 1 0 1 1 0 1 0 0 1 2 1 2 1 1 2 2 1 2 1 1 2 1 2 2 1 2 0 1 1 2 1 1 0 2 1 1 1 2 0 2 2 2 1 1 0 1 0 0 0 1 0 0 0 0 0 2 2 2 0 0 2 0 0
1.03266148894031 0.665592000437208 -0.137095862819464 0.690031270801796 -0.639728303681721 1 0 2 2 1 0 2 1 2 2 2 1 2 1 0 0 2 2 0 1 0 2 2 1 2 1 2 2 0 2 1 1 2 1 1 2 0 1 0 0 2 2 1 2 1 0 1 2 1 2 1 1 2 2 0 0 1 1 1 0 2 2 1 2 0 0 1 2 0 0 1 2 2 1 1 2 2 2 1 1 2 2 1 2 0 0 0 1 0 0 1 0 0 2 2 1 0 0 1 0 1 0 2 2 1 0 2 1 2 2 2 1 2 1 0 0 2 2 0 1 0 2 2 1 2 1 2 2 0 2 1 1 2 1 1 2 0 1 0 0 2 2 1 2 1 0 1 2 1 2 1 1 2 2 0 0 1 1 1 0 2 2 1 2 0 0 1 2 0 0 1 2 2 1 1 2 2 2 1 1 2 2 1 2 0 0 0 1 0 0 1 0 0 2 2 1 0 0 1 0 1
0.373313135949923 -1.16101899967122 1.18536500179015 -0.592206209529748 0.817511229269071 1 0 1 1 2 0 2 1 1 1 2 0 1 1 1 0 1 2 0 0 0 0 2 1 2 1 2 1 1 2 1 0 2 2 2 2 1 1 2 0 2 2 1 1 1 1 1 1 1 2 0 1 2 2 0 0 0 0 2 0 2 2 0 2 1 0 1 2 0 0 2 2 2 1 1 2 0 1 0 0 1 1 0 1 0 1 2 2 1 2 2 0 1 2 2 1 0 0 1 0 0 0 1 1 2 0 2 1 1 1 2 0 1 1 1 0 1 2 0 0 0 0 2 1 2 1 2 1 1 2 1 0 2 2 2 2 1 1 2 0 2 2 1 1 1 1 1 1 1 2 0 1 2 2 0 0 0 0 2 0 2 2 0 2 1 0 1 2 0 0 2 2 2 1 1 2 0 1 0 0 1 1 0 1 0 1 2 2 1 2 2 0 1 2 2 1 0 0 1 0 0
-0.390866198234868 -0.0521569679377312 0.955057170064932 -0.537096690712512 1.43990922023363 -1 0 1 2 2 0 1 0 1 1 2 0 1 0 0 0 2 1 0 1 0 2 2 1 2 0 2 2 1 1 0 0 1 1 2 2 0 2 2 0 1 1 1 2 1 0 1 2 1 2 1 0 2 2 0 0 0 1 1 0 2 2 1 1 1 0 1 1 0 0 2 1 1 1 0 2 0 1 0 1 1 1 0 0 0 0 1 1 0 1 0 1 0 2 2 2 2 1 1 0 0 0 -1 -2 -2 0 -1 0 -1 -1 -2 0 -1 0 0 0 -2 -1 0 -1 0 -2 -2 -1 -2 0 -2 -2 -1 -1 0 0 -1 -1 -2 -2 0 -2 -2 0 -1 -1 -1 -2 -1 0 -1 -2 -1 -2 -1 0 -2 -2 0 0 0 -1 -1 0 -2 -2 -1 -1 -1 0 -1 -1 0 0 -2 -1 -1 -1 0 -2 0 -1 0 -1 -1 -1 0 0 0 0 -1 -1 0 -1 0 -1 0 -2 -2 -2 -2 -1 -1 0 0
-2.10015671626843 1.05170953829783 0.205315620967045 0.890908085583389 0.389058337099606 1 0 1 2 2 1 2 1 0 0 2 1 1 1 1 0 2 2 0 0 1 1 1 1 2 0 2 1 1 0 0 1 2 1 2 2 0 2 0 0 1 1 1 1 0 0 2 1 1 2 0 0 2 2 0 0 1 1 1 1 2 2 0 2 0 1 1 2 0 0 2 2 2 2 2 2 1 1 0 0 0 0 0 0 0 0 1 2 0 1 1 0 1 2 2 2 0 0 1 0 0 0 1 2 2 1 2 1 0 0 2 1 1 1 1 0 2 2 0 0 1 1 1 1 2 0 2 1 1 0 0 1 2 1 2 2 0 2 0 0 1 1 1 1 0 0 2 1 1 2 0 0 2 2 0 0 1 1 1 1 2 2 0 2 0 1 1 2 0 0 2 2 2 2 2 2 1 1 0 0 0 0 0 0 0 0 1 2 0 1 1 0 1 2 2 2 0 0 1 0 0
0.829442067050883 -0.854974966476514 0.210426544493724 1.77764928619767 0.0539926647892112 1 0 2 2 1 1 2 2 2 2 2 0 1 0 0 0 0 1 0 0 0 2 2 2 2 1 2 2 1 1 0 1 2 1 2 2 0 1 1 0 1 2 1 1 0 1 1 2 2 2 2 2 2 2 0 0 1 0 2 0 1 2 2 2 0 0 0 2 0 0 2 2 1 1 1 2 1 0 0 0 1 2 0 1 0 1 1 2 0 1 0 0 0 2 2 2 0 0 2 1 2 0 2 2 1 1 2 2 2 2 2 0 1 0 0 0 0 1 0 0 0 2 2 2 2 1 2 2 1 1 0 1 2 1 2 2 0 1 1 0 1 2 1 1 0 1 1 2 2 2 2 2 2 2 0 0 1 0 2 0 1 2 2 2 0 0 0 2 0 0 2 2 1 1 1 2 1 0 0 0 1 2 0 1 0 1 1 2 0 1 0 0 0 2 2 2 0 0 2 1 2
-1.94630358009533 -0.367128088032602 -0.728172524119239 -0.136108117575255 0.544307766026889 -1 0 2 2 0 1 2 2 1 2 2 0 1 1 1 0 2 2 0 0 0 1 1 0 2 1 2 1 0 1 0 1 2 2 2 2 0 2 2 0 1 0 0 1 0 0 2 2 2 2 1 1 2 2 0 0 0 1 0 0 1 2 1 1 0 0 2 2 0 0 1 2 2 2 2 2 1 1 0 0 1 2 0 2 0 1 2 2 1 2 2 1 1 1 2 2 0 0 2 0 0 0 -2 -2 0 -1 -2 -2 -1 -2 -2 0 -1 -1 -1 0 -2 -2 0 0 0 -1 -1 0 -2 -1 -2 -1 0 -1 0 -1 -2 -2 -2 -2 0 -2 -2 0 -1 0 0 -1 0 0 -2 -2 -2 -2 -1 -1 -2 -2 0 0 0 -1 0 0 -1 -2 -1 -1 0 0 -2 -2 0 0 -1 -2 -2 -2 -2 -2 -1 -1 0 0 -1 -2 0 -2 0 -1 -2 -2 -1 -2 -2 -1 -1 -1 -2 -2 0 0 -2 0 0
-1.3987865918526 -1.43926733737016 1.20227968382847 1.6925761278028 -0.0579125268392582 -1 0 1 2 1 0 2 1 1 0 2 0 1 0 0 0 2 2 0 0 0 2 0 1 1 0 1 1 0 0 0 2 2 2 2 2 1 1 1 0 2 1 0 2 1 0 1 2 1 2 0 0 2 2 1 2 1 1 1 1 2 2 1 2 1 0 1 2 1 1 2 2 0 1 2 2 1 2 1 1 0 2 0 1 0 0 1 2 1 2 0 0 0 2 2 2 0 0 2 1 1 0 -1 -2 -1 0 -2 -1 -1 0 -2 0 -1 0 0 0 -2 -2 0 0 0 -2 0 -1 -1 0 -1 -1 0 0 0 -2 -2 -2 -2 -2 -1 -1 -1 0 -2 -1 0 -2 -1 0 -1 -2 -1 -2 0 0 -2 -2 -1 -2 -1 -1 -1 -1 -2 -2 -1 -2 -1 0 -1 -2 -1 -1 -2 -2 0 -1 -2 -2 -1 -2 -1 -1 0 -2 0 -1 0 0 -1 -2 -1 -2 0 0 0 -2 -2 -2 0 0 -2 -1 -1
-1.10281268009809 -1.36661971941762 0.826955415002681 -0.678981280280533 0.0496484987426454 1 0 0 2 2 0 1 2 1 0 2 1 1 0 0 0 2 2 0 1 0 2 1 1 0 1 2 1 0 0 0 1 1 2 2 2 1 2 1 0 2 2 1 1 0 0 2 2 2 2 0 0 2 2 0 2 1 1 2 1 2 2 2 2 1 0 1 2 1 1 2 2 1 1 2 2 1 2 1 0 0 1 0 2 0 1 1 2 1 1 1 0 0 1 2 2 0 1 2 1 1 0 0 2 2 0 1 2 1 0 2 1 1 0 0 0 2 2 0 1 0 2 1 1 0 1 2 1 0 0 0 1 1 2 2 2 1 2 1 0 2 2 1 1 0 0 2 2 2 2 0 0 2 2 0 2 1 1 2 1 2 2 2 2 1 0 1 2 1 1 2 2 1 1 2 2 1 2 1 0 0 1 0 2 0 1 1 2 1 1 1 0 0 1 2 2 0 1 2 1 1
0.312216202266354 0.833829468996904 -0.438648717729333 -1.15714300797829 1.66927544239567 -1 0 1 2 2 0 1 0 2 0 1 0 1 1 0 0 2 2 0 1 1 2 1 2 2 2 2 2 1 0 0 0 1 0 0 2 0 1 1 0 2 2 1 2 0 0 1 2 1 2 1 1 2 2 0 1 1 0 1 0 2 2 0 2 0 2 2 2 2 1 2 2 2 2 2 2 1 2 1 1 0 2 0 1 0 0 1 1 0 1 1 0 1 2 2 2 1 0 1 0 1 0 -1 -2 -2 0 -1 0 -2 0 -1 0 -1 -1 0 0 -2 -2 0 -1 -1 -2 -1 -2 -2 -2 -2 -2 -1 0 0 0 -1 0 0 -2 0 -1 -1 0 -2 -2 -1 -2 0 0 -1 -2 -1 -2 -1 -1 -2 -2 0 -1 -1 0 -1 0 -2 -2 0 -2 0 -2 -2 -2 -2 -1 -2 -2 -2 -2 -2 -2 -1 -2 -1 -1 0 -2 0 -1 0 0 -1 -1 0 -1 -1 0 -1 -2 -2 -2 -1 0 -1 0 -1
-1.12665016612877 0.336792902632794 0.885010955372751 1.67349160623417 1.33229796428034 1 0 1 2 1 0 1 0 1 0 0 2 1 1 1 0 2 2 0 0 0 1 2 2 1 1 2 2 1 2 0 1 2 1 1 2 0 1 1 0 1 1 1 1 0 0 1 2 1 1 0 0 2 2 0 1 1 2 2 1 2 2 1 2 1 0 1 2 1 1 2 2 1 1 1 2 2 1 2 1 0 2 0 1 0 2 1 2 2 2 2 0 0 2 2 2 1 1 2 1 0 0 1 2 1 0 1 0 1 0 0 2 1 1 1 0 2 2 0 0 0 1 2 2 1 1 2 2 1 2 0 1 2 1 1 2 0 1 1 0 1 1 1 1 0 0 1 2 1 1 0 0 2 2 0 1 1 2 2 1 2 2 1 2 1 0 1 2 1 1 2 2 1 1 1 2 2 1 2 1 0 2 0 1 0 2 1 2 2 2 2 0 0 2 2 2 1 1 2 1 0
0.321639289298396 -0.0786173697040859 0.0837568435232006 -1.38374333225943 -0.238158019032646 -1 0 1 1 1 0 2 2 2 0 1 0 0 0 1 0 1 2 0 0 0 1 2 2 2 0 2 1 0 2 0 1 2 1 2 2 0 1 1 0 2 1 0 2 1 0 2 2 2 2 0 1 2 2 1 1 1 1 2 1 0 1 0 2 0 0 0 1 0 0 1 2 1 2 1 2 1 1 0 0 1 1 0 1 0 0 1 2 1 2 2 0 0 2 2 2 0 0 2 0 0 0 -1 -1 -1 0 -2 -2 -2 0 -1 0 0 0 -1 0 -1 -2 0 0 0 -1 -2 -2 -2 0 -2 -1 0 -2 0 -1 -2 -1 -2 -2 0 -1 -1 0 -2 -1 0 -2 -1 0 -2 -2 -2 -2 0 -1 -2 -2 -1 -1 -1 -1 -2 -1 0 -1 0 -2 0 0 0 -1 0 0 -1 -2 -1 -2 -1 -2 -1 -1 0 0 -1 -1 0 -1 0 0 -1 -2 -1 -2 -2 0 0 -2 -2 -2 0 0 -2 0 0
0.30806907700481 0.891448529822702 -0.0953049773712389 1.59097774147067 -1.15608031573273 -1 1 0 1 2 1 2 2 2 0 2 1 1 1 0 0 1 2 0 1 1 2 2 1 2 1 2 1 0 1 0 1 2 2 2 1 0 2 2 0 2 2 1 1 1 0 2 2 0 2 1 0 2 2 1 1 1 1 2 0 2 2 2 2 1 0 1 2 0 0 1 2 2 1 1 2 0 2 1 0 0 0 0 0 0 1 2 2 0 2 2 0 1 1 0 1 0 0 1 0 0 -1 0 -1 -2 -1 -2 -2 -2 0 -2 -1 -1 -1 0 0 -1 -2 0 -1 -1 -2 -2 -1 -2 -1 -2 -1 0 -1 0 -1 -2 -2 -2 -1 0 -2 -2 0 -2 -2 -1 -1 -1 0 -2 -2 0 -2 -1 0 -2 -2 -1 -1 -1 -1 -2 0 -2 -2 -2 -2 -1 0 -1 -2 0 0 -1 -2 -2 -1 -1 -2 0 -2 -1 0 0 0 0 0 0 -1 -2 -2 0 -2 -2 0 -1 -1 0 -1 0 0 -1 0 0
1.71271545306795 -0.650460652603981 0.407587576819851 -0.610484000140161 1.93573380803979 1 0 1 1 1 0 2 1 2 1 2 0 0 0 0 0 2 2 0 0 0 1 2 1 1 0 2 2 1 2 2 0 1 2 2 2 0 1 2 0 2 2 0 0 0 0 1 2 0 1 2 1 2 2 0 0 1 1 1 1 2 2 2 2 1 1 2 2 1 1 2 2 1 1 2 2 2 2 2 2 2 2 0 2 0 1 1 2 0 1 0 0 0 2 2 2 1 1 1 0 1 0 1 1 1 0 2 1 2 1 2 0 0 0 0 0 2 2 0 0 0 1 2 1 1 0 2 2 1 2 2 0 1 2 2 2 0 1 2 0 2 2 0 0 0 0 1 2 0 1 2 1 2 2 0 0 1 1 1 1 2 2 2 2 1 1 2 2 1 1 2 2 1 1 2 2 2 2 2 2 2 2 0 2 0 1 1 2 0 1 0 0 0 2 2 2 1 1 1 0 1
0.224562701055639 -0.241721851101855 -1.3039073720422 0.498111141302426 0.752819056706596 -1 0 1 2 2 0 2 2 2 1 2 1 2 1 1 0 2 2 1 0 0 1 2 1 2 2 2 2 0 0 0 1 2 2 2 2 0 1 2 0 2 1 0 2 2 1 1 2 2 2 1 0 2 1 0 1 0 1 2 1 2 2 0 1 0 0 0 1 0 0 2 1 0 2 2 2 2 2 1 1 0 1 0 2 0 1 1 2 0 1 0 0 0 2 2 2 0 0 1 1 0 0 -1 -2 -2 0 -2 -2 -2 -1 -2 -1 -2 -1 -1 0 -2 -2 -1 0 0 -1 -2 -1 -2 -2 -2 -2 0 0 0 -1 -2 -2 -2 -2 0 -1 -2 0 -2 -1 0 -2 -2 -1 -1 -2 -2 -2 -1 0 -2 -1 0 -1 0 -1 -2 -1 -2 -2 0 -1 0 0 0 -1 0 0 -2 -1 0 -2 -2 -2 -2 -2 -1 -1 0 -1 0 -2 0 -1 -1 -2 0 -1 0 0 0 -2 -2 -2 0 0 -1 -1 0
-0.410913475716204 -1.79564742395708 1.01181150866482 -1.48761083180364 -0.892311244018391 1 0 1 2 2 1 2 2 2 1 1 0 0 1 1 0 1 1 0 0 0 0 1 1 1 0 2 0 0 1 0 1 2 2 2 2 1 0 2 0 2 0 1 1 0 0 1 2 1 2 1 0 2 0 0 0 0 0 1 0 1 2 0 2 0 1 2 1 0 0 2 2 2 2 2 2 0 2 0 1 1 2 1 2 1 0 1 1 0 2 2 0 0 1 2 2 1 0 2 1 0 0 1 2 2 1 2 2 2 1 1 0 0 1 1 0 1 1 0 0 0 0 1 1 1 0 2 0 0 1 0 1 2 2 2 2 1 0 2 0 2 0 1 1 0 0 1 2 1 2 1 0 2 0 0 0 0 0 1 0 1 2 0 2 0 1 2 1 0 0 2 2 2 2 2 2 0 2 0 1 1 2 1 2 1 0 1 1 0 2 2 0 0 1 2 2 1 0 2 1 0
1.24698727195897 -1.32528764401954 0.814198435932595 1.1816375468406 -0.42509240858479 -1 0 1 2 1 0 1 1 0 0 1 1 1 1 0 0 2 2 0 0 1 2 2 1 1 0 2 0 1 2 1 1 2 2 2 2 0 0 0 0 2 1 0 2 1 0 1 2 1 2 1 0 2 1 0 0 0 0 1 0 2 2 1 2 2 1 1 2 0 0 1 2 1 1 2 2 2 2 2 1 0 1 0 0 0 2 2 2 1 2 2 0 0 2 2 2 0 0 2 1 1 0 -1 -2 -1 0 -1 -1 0 0 -1 -1 -1 -1 0 0 -2 -2 0 0 -1 -2 -2 -1 -1 0 -2 0 -1 -2 -1 -1 -2 -2 -2 -2 0 0 0 0 -2 -1 0 -2 -1 0 -1 -2 -1 -2 -1 0 -2 -1 0 0 0 0 -1 0 -2 -2 -1 -2 -2 -1 -1 -2 0 0 -1 -2 -1 -1 -2 -2 -2 -2 -2 -1 0 -1 0 0 0 -2 -2 -2 -1 -2 -2 0 0 -2 -2 -2 0 0 -2 -1 -1
-2.425528430603 1.0824374554003 -0.720225225967553 0.82356603164463 -0.952128643250065 -1 0 1 2 2 1 1 0 2 0 0 0 1 0 0 0 1 1 0 0 0 0 0 0 1 0 2 2 0 1 0 0 1 2 2 2 0 1 1 0 2 2 2 2 2 1 2 2 1 2 2 1 2 1 1 0 1 0 1 0 1 2 2 2 0 0 0 0 0 1 2 2 2 2 2 2 1 1 1 0 1 1 0 2 0 0 0 2 1 2 1 0 0 1 2 2 1 1 2 1 2 0 -1 -2 -2 -1 -1 0 -2 0 0 0 -1 0 0 0 -1 -1 0 0 0 0 0 0 -1 0 -2 -2 0 -1 0 0 -1 -2 -2 -2 0 -1 -1 0 -2 -2 -2 -2 -2 -1 -2 -2 -1 -2 -2 -1 -2 -1 -1 0 -1 0 -1 0 -1 -2 -2 -2 0 0 0 0 0 -1 -2 -2 -2 -2 -2 -2 -1 -1 -1 0 -1 -1 0 -2 0 0 0 -2 -1 -2 -1 0 0 -1 -2 -2 -1 -1 -2 -1 -2
-0.849746952100535 -0.387490364426613 -0.961998369185446 0.514675987918744 0.76261486547276 1 0 1 2 2 1 2 2 1 1 1 2 2 1 0 0 2 2 1 2 1 2 2 1 0 0 2 2 1 1 0 1 1 2 0 2 0 1 1 0 1 1 1 2 0 1 2 1 0 2 2 2 2 1 0 2 2 0 2 0 2 2 2 2 1 0 1 1 0 0 1 2 2 1 1 1 2 2 1 0 1 2 0 2 0 0 1 2 0 2 2 1 1 2 2 2 1 0 2 0 0 0 1 2 2 1 2 2 1 1 1 2 2 1 0 0 2 2 1 2 1 2 2 1 0 0 2 2 1 1 0 1 1 2 0 2 0 1 1 0 1 1 1 2 0 1 2 1 0 2 2 2 2 1 0 2 2 0 2 0 2 2 2 2 1 0 1 1 0 0 1 2 2 1 1 1 2 2 1 0 1 2 0 2 0 0 1 2 0 2 2 1 1 2 2 2 1 0 2 0 0
0.584087740909024 -1.49656551674734 0.340228497281438 -0.0176467688553339 -1.06481975043252 1 1 2 1 0 0 2 1 1 0 2 0 0 1 1 0 2 2 0 0 1 2 1 1 0 0 2 1 0 1 0 1 2 2 2 2 0 1 1 0 2 2 1 2 0 0 1 1 1 2 1 1 2 1 0 1 1 1 2 0 2 2 1 2 2 0 1 2 0 0 1 2 1 1 1 2 2 2 1 0 0 1 0 1 0 0 1 2 0 1 2 1 0 2 1 1 0 0 1 0 1 1 2 1 0 0 2 1 1 0 2 0 0 1 1 0 2 2 0 0 1 2 1 1 0 0 2 1 0 1 0 1 2 2 2 2 0 1 1 0 2 2 1 2 0 0 1 1 1 2 1 1 2 1 0 1 1 1 2 0 2 2 1 2 2 0 1 2 0 0 1 2 1 1 1 2 2 2 1 0 0 1 0 1 0 0 1 2 0 1 2 1 0 2 1 1 0 0 1 0 1
-0.0834863523312432 -0.221104990427131 -0.633960832110815 -1.81816419698537 -0.759725221793062 1 0 1 2 1 1 2 2 1 1 2 1 2 2 1 1 2 2 0 0 0 1 1 0 0 0 2 2 0 1 0 1 1 0 1 1 0 1 2 0 2 2 2 1 1 0 2 2 0 1 1 1 2 2 0 0 0 0 1 0 2 2 1 2 1 1 1 2 1 1 2 2 1 1 1 2 2 1 0 1 1 2 0 1 1 0 0 2 2 2 2 1 0 2 2 1 0 0 1 0 0 0 1 2 1 1 2 2 1 1 2 1 2 2 1 1 2 2 0 0 0 1 1 0 0 0 2 2 0 1 0 1 1 0 1 1 0 1 2 0 2 2 2 1 1 0 2 2 0 1 1 1 2 2 0 0 0 0 1 0 2 2 1 2 1 1 1 2 1 1 2 2 1 1 1 2 2 1 0 1 1 2 0 1 1 0 0 2 2 2 2 1 0 2 2 1 0 0 1 0 0
-0.488233489759606 0.824736663315633 -0.534550760686914 0.745983583026204 0.172885479266777 -1 0 1 2 1 0 2 1 1 0 1 0 1 1 1 0 1 2 0 1 1 1 2 1 1 0 2 2 1 2 0 1 1 1 1 2 0 2 2 0 2 0 1 2 1 1 2 2 1 1 1 1 2 2 0 0 0 0 2 0 2 2 1 2 1 0 2 2 0 1 2 2 1 2 1 2 2 2 0 0 0 1 0 0 0 0 0 2 0 2 0 0 0 2 1 1 0 0 2 0 1 0 -1 -2 -1 0 -2 -1 -1 0 -1 0 -1 -1 -1 0 -1 -2 0 -1 -1 -1 -2 -1 -1 0 -2 -2 -1 -2 0 -1 -1 -1 -1 -2 0 -2 -2 0 -2 0 -1 -2 -1 -1 -2 -2 -1 -1 -1 -1 -2 -2 0 0 0 0 -2 0 -2 -2 -1 -2 -1 0 -2 -2 0 -1 -2 -2 -1 -2 -1 -2 -2 -2 0 0 0 -1 0 0 0 0 0 -2 0 -2 0 0 0 -2 -1 -1 0 0 -2 0 -1
0.7166922127296 0.364365427218936 -0.312542060955651 -0.827927283246438 -0.149742381320201 1 1 2 2 1 0 2 2 1 2 2 0 0 0 0 0 0 2 0 1 1 2 2 2 1 0 2 2 0 1 0 1 2 2 2 2 0 2 2 0 2 2 1 2 1 0 1 1 1 2 2 0 2 2 0 1 1 0 2 0 1 2 0 1 0 0 0 1 0 1 2 2 1 1 1 2 0 1 1 0 0 2 0 0 0 0 0 1 0 1 1 0 0 2 2 2 1 1 2 1 1 1 2 2 1 0 2 2 1 2 2 0 0 0 0 0 0 2 0 1 1 2 2 2 1 0 2 2 0 1 0 1 2 2 2 2 0 2 2 0 2 2 1 2 1 0 1 1 1 2 2 0 2 2 0 1 1 0 2 0 1 2 0 1 0 0 0 1 0 1 2 2 1 1 1 2 0 1 1 0 0 2 0 0 0 0 0 1 0 1 1 0 0 2 2 2 1 1 2 1 1
0.635261749069318 0.644002946788779 0.225024568993571 0.41728526665378 -0.851932855848227 -1 0 2 2 1 0 1 1 1 1 2 0 1 1 1 0 2 2 1 0 0 1 1 1 1 1 2 2 1 1 0 1 0 2 1 2 0 2 1 0 1 1 1 2 0 0 1 1 1 2 2 2 2 2 0 1 1 0 1 0 1 1 1 1 0 1 1 2 1 0 0 2 0 0 2 2 2 2 0 0 0 1 0 1 0 0 1 2 1 2 2 2 1 2 2 2 1 1 2 1 0 0 -2 -2 -1 0 -1 -1 -1 -1 -2 0 -1 -1 -1 0 -2 -2 -1 0 0 -1 -1 -1 -1 -1 -2 -2 -1 -1 0 -1 0 -2 -1 -2 0 -2 -1 0 -1 -1 -1 -2 0 0 -1 -1 -1 -2 -2 -2 -2 -2 0 -1 -1 0 -1 0 -1 -1 -1 -1 0 -1 -1 -2 -1 0 0 -2 0 0 -2 -2 -2 -2 0 0 0 -1 0 -1 0 0 -1 -2 -1 -2 -2 -2 -1 -2 -2 -2 -1 -1 -2 -1 0
1.45788516803667 0.141257447534336 -1.11619092351229 -1.54467217605857 -0.0716321601032416 -1 0 1 2 2 0 2 2 2 1 2 1 2 1 0 0 2 2 0 2 1 2 2 2 2 0 2 1 1 2 0 2 2 2 2 2 0 2 2 0 2 1 0 1 0 0 2 2 1 2 0 1 2 2 0 0 2 1 2 0 1 2 0 2 0 1 2 2 0 0 2 1 1 2 2 2 2 2 1 1 1 1 0 0 0 0 1 2 0 2 2 0 0 2 2 1 0 0 1 1 0 0 -1 -2 -2 0 -2 -2 -2 -1 -2 -1 -2 -1 0 0 -2 -2 0 -2 -1 -2 -2 -2 -2 0 -2 -1 -1 -2 0 -2 -2 -2 -2 -2 0 -2 -2 0 -2 -1 0 -1 0 0 -2 -2 -1 -2 0 -1 -2 -2 0 0 -2 -1 -2 0 -1 -2 0 -2 0 -1 -2 -2 0 0 -2 -1 -1 -2 -2 -2 -2 -2 -1 -1 -1 -1 0 0 0 0 -1 -2 0 -2 -2 0 0 -2 -2 -1 0 0 -1 -1 0
0.0851645795074002 1.18593233134541 0.670877281305698 2.13039801541051 -2.58273417278851 1 0 1 2 0 0 2 2 2 0 2 1 2 0 0 0 2 2 0 0 1 2 2 2 1 0 2 1 0 0 0 1 1 2 0 1 0 1 1 0 2 1 1 1 0 0 0 2 0 1 0 0 2 2 1 1 2 0 2 1 2 1 1 1 0 0 0 1 0 0 1 2 2 2 2 2 1 2 1 1 1 2 1 1 0 1 2 2 1 1 1 0 0 2 1 1 0 0 2 1 0 0 1 2 0 0 2 2 2 0 2 1 2 0 0 0 2 2 0 0 1 2 2 2 1 0 2 1 0 0 0 1 1 2 0 1 0 1 1 0 2 1 1 1 0 0 0 2 0 1 0 0 2 2 1 1 2 0 2 1 2 1 1 1 0 0 0 1 0 0 1 2 2 2 2 2 1 2 1 1 1 2 1 1 0 1 2 2 1 1 1 0 0 2 1 1 0 0 2 1 0
