-1.13016974707526 -0.0576649941480418 0.948621923852727 -0.836456992733876 2.90473020487527 1 1 0 1 1 0 2 2 2 0 1 1 0 0 2 2 2 2 2 0 1 2 1 1 1 1 1 1 1 1 0 0 1 0 1 2 2 2 2 1 1 1 0 0 2 2 2 2 2 2 1 2 0 0 1 0 1 2 1 1 0 2 2 1 1 0 2 2 1 0 0 1 0 0 0 1 1 1 0 2 1 0 1 0 0 0 0 1 2 0 1 0 0 0 2 0 2 0 0 0 0 1 0 1 1 0 2 2 2 0 1 1 0 0 2 2 2 2 2 0 1 2 1 1 1 1 1 1 1 1 0 0 1 0 1 2 2 2 2 1 1 1 0 0 2 2 2 2 2 2 1 2 0 0 1 0 1 2 1 1 0 2 2 1 1 0 2 2 1 0 0 1 0 0 0 1 1 1 0 2 1 0 1 0 0 0 0 1 2 0 1 0 0 0 2 0 2 0 0 0 0
1.52289462315303 -0.969532317419865 0.559355908260124 -0.507717968973533 1.23608469382847 1 1 0 0 0 0 2 2 1 0 1 0 0 1 2 2 2 2 2 1 1 2 0 0 1 1 1 1 2 2 0 1 2 1 2 2 2 1 2 1 1 1 0 0 2 2 2 2 1 0 0 2 0 0 0 0 2 1 0 0 0 2 0 1 1 2 2 2 0 0 0 1 0 0 0 0 2 1 2 2 1 0 0 2 0 0 0 2 2 2 1 0 2 2 2 1 1 0 0 1 2 1 0 0 0 0 2 2 1 0 1 0 0 1 2 2 2 2 2 1 1 2 0 0 1 1 1 1 2 2 0 1 2 1 2 2 2 1 2 1 1 1 0 0 2 2 2 2 1 0 0 2 0 0 0 0 2 1 0 0 0 2 0 1 1 2 2 2 0 0 0 1 0 0 0 0 2 1 2 2 1 0 0 2 0 0 0 2 2 2 1 0 2 2 2 1 1 0 0 1 2
0.200955460672451 -1.87894354092052 -0.123278383056172 -0.238759577146731 0.255682091687494 -1 2 0 2 1 0 2 1 2 0 2 2 2 0 2 2 1 1 1 0 1 2 0 1 2 1 1 2 1 2 0 0 2 2 1 2 2 1 1 2 2 1 0 0 1 1 2 2 0 1 0 1 0 0 1 0 2 2 2 1 1 0 1 0 1 2 2 2 1 0 0 0 0 0 1 2 2 2 0 2 2 0 2 1 0 0 0 1 2 1 2 0 0 0 2 1 0 2 1 2 2 -2 0 -2 -1 0 -2 -1 -2 0 -2 -2 -2 0 -2 -2 -1 -1 -1 0 -1 -2 0 -1 -2 -1 -1 -2 -1 -2 0 0 -2 -2 -1 -2 -2 -1 -1 -2 -2 -1 0 0 -1 -1 -2 -2 0 -1 0 -1 0 0 -1 0 -2 -2 -2 -1 -1 0 -1 0 -1 -2 -2 -2 -1 0 0 0 0 0 -1 -2 -2 -2 0 -2 -2 0 -2 -1 0 0 0 -1 -2 -1 -2 0 0 0 -2 -1 0 -2 -1 -2 -2
0.976577983996095 -0.654890979591542 0.320990807051531 -0.733506304149606 -0.519320284531009 -1 2 1 1 1 0 1 2 1 0 2 2 1 1 2 1 0 1 2 0 1 1 0 2 2 2 2 2 0 2 0 0 1 1 2 2 2 2 2 2 2 2 0 0 1 1 2 2 2 2 0 2 0 0 1 0 1 2 1 1 1 1 1 0 1 2 2 2 1 0 0 1 0 0 0 0 0 0 1 2 2 1 2 0 0 0 1 2 2 2 2 0 0 2 2 0 0 0 1 2 2 -2 -1 -1 -1 0 -1 -2 -1 0 -2 -2 -1 -1 -2 -1 0 -1 -2 0 -1 -1 0 -2 -2 -2 -2 -2 0 -2 0 0 -1 -1 -2 -2 -2 -2 -2 -2 -2 -2 0 0 -1 -1 -2 -2 -2 -2 0 -2 0 0 -1 0 -1 -2 -1 -1 -1 -1 -1 0 -1 -2 -2 -2 -1 0 0 -1 0 0 0 0 0 0 -1 -2 -2 -1 -2 0 0 0 -1 -2 -2 -2 -2 0 0 -2 -2 0 0 0 -1 -2 -2
0.423038071493099 0.585746638565147 0.966818750633044 -0.969023598139443 -0.0457146005902472 1 1 0 1 1 0 2 1 1 0 1 1 2 2 2 2 1 2 2 1 0 2 0 1 1 1 0 2 0 2 0 0 0 1 2 2 2 1 2 2 2 2 1 0 0 0 2 2 1 0 0 1 0 0 1 0 1 1 0 1 0 2 2 2 1 1 2 2 1 0 0 0 0 0 2 2 2 1 0 1 1 0 2 0 0 0 0 1 1 1 1 0 2 1 2 0 1 2 1 2 2 1 0 1 1 0 2 1 1 0 1 1 2 2 2 2 1 2 2 1 0 2 0 1 1 1 0 2 0 2 0 0 0 1 2 2 2 1 2 2 2 2 1 0 0 0 2 2 1 0 0 1 0 0 1 0 1 1 0 1 0 2 2 2 1 1 2 2 1 0 0 0 0 0 2 2 2 1 0 1 1 0 2 0 0 0 0 1 1 1 1 0 2 1 2 0 1 2 1 2 2
1.25171410700846 1.72639338568496 -2.40664266298815 1.22525840993717 -0.721118064856173 1 2 0 1 1 0 2 1 1 0 2 1 1 1 2 2 0 0 2 1 1 2 1 0 1 2 2 2 0 1 1 1 2 1 2 2 2 0 1 2 2 1 0 1 1 1 2 2 0 1 0 2 0 0 0 0 1 2 1 2 0 1 0 0 1 0 2 2 1 0 0 0 0 1 2 2 1 1 0 2 2 1 1 1 0 1 0 2 1 2 2 1 1 0 2 1 1 1 0 1 1 2 0 1 1 0 2 1 1 0 2 1 1 1 2 2 0 0 2 1 1 2 1 0 1 2 2 2 0 1 1 1 2 1 2 2 2 0 1 2 2 1 0 1 1 1 2 2 0 1 0 2 0 0 0 0 1 2 1 2 0 1 0 0 1 0 2 2 1 0 0 0 0 1 2 2 1 1 0 2 2 1 1 1 0 1 0 2 1 2 2 1 1 0 2 1 1 1 0 1 1
0.14273662211974 -1.0090491595884 -0.635257182070928 1.28267111472014 -1.01612182730642 1 1 0 1 0 0 1 1 1 0 1 0 1 1 2 2 1 2 2 1 2 2 0 1 0 2 1 2 0 1 0 0 1 1 2 2 2 2 2 2 2 2 1 0 1 0 2 2 0 1 0 2 0 0 0 0 1 2 1 1 1 0 0 0 1 2 2 2 2 0 0 0 0 0 2 1 2 1 2 2 2 0 1 1 0 0 0 0 0 0 0 1 2 2 2 1 1 1 0 2 2 1 0 1 0 0 1 1 1 0 1 0 1 1 2 2 1 2 2 1 2 2 0 1 0 2 1 2 0 1 0 0 1 1 2 2 2 2 2 2 2 2 1 0 1 0 2 2 0 1 0 2 0 0 0 0 1 2 1 1 1 0 0 0 1 2 2 2 2 0 0 0 0 0 2 1 2 1 2 2 2 0 1 1 0 0 0 0 0 0 0 1 2 2 2 1 1 1 0 2 2
-0.799970327979383 1.16649949577202 1.69954261770558 1.5829672157162 -0.567540802109865 1 2 0 1 1 0 2 1 1 0 2 2 1 1 2 2 1 2 2 1 0 0 0 1 1 0 0 1 0 2 1 1 2 1 2 2 2 1 2 1 1 1 0 0 0 1 2 2 0 1 0 2 0 0 1 0 2 2 0 1 0 1 1 0 1 1 2 2 1 0 0 0 1 0 1 2 1 0 1 2 1 1 2 1 0 0 0 2 2 2 2 1 0 0 1 0 1 0 1 2 1 2 0 1 1 0 2 1 1 0 2 2 1 1 2 2 1 2 2 1 0 0 0 1 1 0 0 1 0 2 1 1 2 1 2 2 2 1 2 1 1 1 0 0 0 1 2 2 0 1 0 2 0 0 1 0 2 2 0 1 0 1 1 0 1 1 2 2 1 0 0 0 1 0 1 2 1 0 1 2 1 1 2 1 0 0 0 2 2 2 2 1 0 0 1 0 1 0 1 2 1
-1.18392838716249 0.971080591694622 0.143159936338174 0.347251940579915 -0.194228444654663 -1 2 1 2 2 0 2 2 2 0 2 1 0 1 1 2 2 2 2 2 1 2 0 1 1 2 1 1 0 2 0 0 2 1 2 2 2 1 2 1 1 2 0 0 1 1 2 2 1 1 0 2 0 0 1 0 0 0 0 0 1 0 0 0 1 2 2 2 1 0 0 0 1 1 2 1 1 0 1 2 0 0 2 0 0 0 0 2 2 2 1 0 1 1 2 0 0 0 0 0 1 -2 -1 -2 -2 0 -2 -2 -2 0 -2 -1 0 -1 -1 -2 -2 -2 -2 -2 -1 -2 0 -1 -1 -2 -1 -1 0 -2 0 0 -2 -1 -2 -2 -2 -1 -2 -1 -1 -2 0 0 -1 -1 -2 -2 -1 -1 0 -2 0 0 -1 0 0 0 0 0 -1 0 0 0 -1 -2 -2 -2 -1 0 0 0 -1 -1 -2 -1 -1 0 -1 -2 0 0 -2 0 0 0 0 -2 -2 -2 -1 0 -1 -1 -2 0 0 0 0 0 -1
-0.0794256952432903 0.909015891955753 0.569447824693619 -0.982140266539714 0.194002337864482 1 2 1 0 0 0 1 1 0 0 2 2 2 1 1 2 1 1 0 0 1 1 0 0 2 2 2 2 0 2 0 2 2 1 2 2 2 1 2 1 1 1 0 0 1 1 2 2 1 1 0 2 0 0 0 0 1 1 0 0 1 2 0 0 1 1 2 2 1 0 0 1 0 0 1 0 0 0 0 2 0 0 2 0 0 0 1 2 1 1 0 0 1 1 2 0 1 0 0 2 2 2 1 0 0 0 1 1 0 0 2 2 2 1 1 2 1 1 0 0 1 1 0 0 2 2 2 2 0 2 0 2 2 1 2 2 2 1 2 1 1 1 0 0 1 1 2 2 1 1 0 2 0 0 0 0 1 1 0 0 1 2 0 0 1 1 2 2 1 0 0 1 0 0 1 0 0 0 0 2 0 0 2 0 0 0 1 2 1 1 0 0 1 1 2 0 1 0 0 2 2
-0.0494017353263772 0.169842620740429 -0.672582025689741 -1.03988834681069 -1.20596246047227 1 1 0 2 1 0 2 2 1 0 2 1 1 1 2 2 2 1 1 1 1 1 0 1 2 1 0 1 0 1 1 2 2 1 2 2 2 2 2 2 2 1 0 0 1 1 2 2 2 2 0 2 0 0 0 0 2 2 1 0 1 1 0 1 2 2 2 1 0 0 0 0 0 1 0 2 2 0 2 2 2 1 2 0 0 0 1 2 1 2 2 0 2 2 2 1 1 0 1 1 2 1 0 2 1 0 2 2 1 0 2 1 1 1 2 2 2 1 1 1 1 1 0 1 2 1 0 1 0 1 1 2 2 1 2 2 2 2 2 2 2 1 0 0 1 1 2 2 2 2 0 2 0 0 0 0 2 2 1 0 1 1 0 1 2 2 2 1 0 0 0 0 0 1 0 2 2 0 2 2 2 1 2 0 0 0 1 2 1 2 2 0 2 2 2 1 1 0 1 1 2
-0.423611667703802 -2.31774954322744 -0.288190835087879 -1.31251758618166 -0.991468930117119 1 2 2 2 0 0 2 0 1 0 2 0 1 1 2 2 2 0 1 0 2 2 0 0 2 2 2 2 1 2 0 0 1 0 2 2 2 0 1 2 1 1 0 0 1 1 2 2 0 0 0 2 0 0 1 1 2 2 0 1 0 0 0 0 0 0 2 2 0 0 0 1 2 0 1 0 1 1 1 2 0 0 2 2 0 0 0 1 2 2 2 2 2 1 2 1 0 0 0 1 2 2 2 2 0 0 2 0 1 0 2 0 1 1 2 2 2 0 1 0 2 2 0 0 2 2 2 2 1 2 0 0 1 0 2 2 2 0 1 2 1 1 0 0 1 1 2 2 0 0 0 2 0 0 1 1 2 2 0 1 0 0 0 0 0 0 2 2 0 0 0 1 2 0 1 0 1 1 1 2 0 0 2 2 0 0 0 1 2 2 2 2 2 1 2 1 0 0 0 1 2
0.141563605622923 1.44772060082805 -0.467663443216844 0.457855831183921 -0.697144134004136 1 1 1 2 1 0 2 1 1 0 2 0 0 1 2 2 2 1 1 1 2 2 1 1 2 1 0 2 1 2 1 1 1 2 1 2 2 2 2 2 1 1 0 0 2 2 2 2 0 1 0 2 0 0 2 1 1 0 0 1 0 2 1 0 1 1 2 2 2 1 0 1 1 1 2 1 2 0 1 1 1 0 1 0 0 0 0 1 1 0 0 0 1 1 2 2 2 0 0 1 2 1 1 2 1 0 2 1 1 0 2 0 0 1 2 2 2 1 1 1 2 2 1 1 2 1 0 2 1 2 1 1 1 2 1 2 2 2 2 2 1 1 0 0 2 2 2 2 0 1 0 2 0 0 2 1 1 0 0 1 0 2 1 0 1 1 2 2 2 1 0 1 1 1 2 1 2 0 1 1 1 0 1 0 0 0 0 1 1 0 0 0 1 1 2 2 2 0 0 1 2
2.26764754164896 -0.0268354026403257 -0.3354293001724 1.56302990086598 -1.43526623638838 1 1 0 1 2 1 1 0 0 0 1 1 2 1 2 2 0 1 2 0 0 1 0 0 1 1 0 2 0 2 0 0 0 1 2 2 2 1 2 2 2 1 0 0 0 2 2 2 0 0 0 1 0 0 2 1 2 2 2 2 1 0 0 0 0 0 2 2 0 0 0 0 0 0 1 1 1 0 0 0 1 0 1 1 0 0 1 1 0 0 1 1 0 0 2 0 1 0 0 1 2 1 0 1 2 1 1 0 0 0 1 1 2 1 2 2 0 1 2 0 0 1 0 0 1 1 0 2 0 2 0 0 0 1 2 2 2 1 2 2 2 1 0 0 0 2 2 2 0 0 0 1 0 0 2 1 2 2 2 2 1 0 0 0 0 0 2 2 0 0 0 0 0 0 1 1 1 0 0 0 1 0 1 1 0 0 1 1 0 0 1 1 0 0 2 0 1 0 0 1 2
0.46021656584876 -0.131532384300179 0.825887500758336 0.60003556057637 -0.359738702644759 1 2 1 2 0 0 2 1 1 0 2 1 0 1 2 2 2 2 1 0 1 2 0 2 2 2 1 2 0 1 0 0 0 1 2 2 2 2 2 1 1 1 0 0 0 1 2 2 2 2 0 2 0 0 1 0 0 1 0 0 1 1 0 0 1 2 2 2 0 0 0 1 0 1 1 1 1 1 0 2 1 0 1 1 0 0 0 1 1 1 1 1 0 1 2 1 2 1 2 2 1 2 1 2 0 0 2 1 1 0 2 1 0 1 2 2 2 2 1 0 1 2 0 2 2 2 1 2 0 1 0 0 0 1 2 2 2 2 2 1 1 1 0 0 0 1 2 2 2 2 0 2 0 0 1 0 0 1 0 0 1 1 0 0 1 2 2 2 0 0 0 1 0 1 1 1 1 1 0 2 1 0 1 1 0 0 0 1 1 1 1 1 0 1 2 1 2 1 2 2 1
1.82302074327674 -0.1493255751463 -0.276781688114616 -1.96353463814213 1.67333309993756 -1 2 2 2 2 0 1 2 1 0 2 1 0 1 2 2 2 2 2 0 0 0 0 2 2 2 2 2 0 2 0 0 0 0 2 2 2 1 2 2 2 2 0 0 0 2 2 2 1 1 0 2 0 0 2 1 2 2 0 1 1 2 2 2 2 2 2 2 2 1 0 1 0 0 1 1 1 1 0 2 2 1 2 1 0 0 1 2 2 2 1 1 1 2 2 1 1 0 0 0 1 -2 -2 -2 -2 0 -1 -2 -1 0 -2 -1 0 -1 -2 -2 -2 -2 -2 0 0 0 0 -2 -2 -2 -2 -2 0 -2 0 0 0 0 -2 -2 -2 -1 -2 -2 -2 -2 0 0 0 -2 -2 -2 -1 -1 0 -2 0 0 -2 -1 -2 -2 0 -1 -1 -2 -2 -2 -2 -2 -2 -2 -2 -1 0 -1 0 0 -1 -1 -1 -1 0 -2 -2 -1 -2 -1 0 0 -1 -2 -2 -2 -1 -1 -1 -2 -2 -1 -1 0 0 0 -1
0.711730172743118 0.144524317176608 0.226559782714969 0.52589526211733 0.400345158791243 1 2 1 1 2 1 2 2 1 0 2 1 0 2 2 2 1 0 1 0 1 1 0 2 2 2 2 2 0 2 0 1 0 0 2 2 2 1 1 2 2 2 0 0 0 0 2 2 0 1 0 2 0 0 0 1 2 2 1 1 1 0 0 0 0 1 2 2 0 0 0 0 0 0 1 1 1 0 1 2 0 0 2 2 0 0 0 0 0 1 1 0 1 0 2 1 1 1 0 1 1 2 1 1 2 1 2 2 1 0 2 1 0 2 2 2 1 0 1 0 1 1 0 2 2 2 2 2 0 2 0 1 0 0 2 2 2 1 1 2 2 2 0 0 0 0 2 2 0 1 0 2 0 0 0 1 2 2 1 1 1 0 0 0 0 1 2 2 0 0 0 0 0 0 1 1 1 0 1 2 0 0 2 2 0 0 0 0 0 1 1 0 1 0 2 1 1 1 0 1 1
0.419832658983647 -2.94446121329724 0.423396727396018 1.30213047147372 -0.124842210442585 1 1 0 1 1 0 0 1 1 0 1 1 1 1 2 2 2 2 2 1 0 1 0 1 1 1 0 0 0 1 0 1 2 2 2 1 2 2 1 1 2 2 1 0 1 2 2 2 0 0 0 2 0 0 1 0 0 2 0 1 1 2 2 0 1 0 2 2 2 0 0 1 0 1 2 2 2 1 1 2 2 1 2 1 0 0 1 2 2 1 1 1 1 1 2 0 1 0 0 1 2 1 0 1 1 0 0 1 1 0 1 1 1 1 2 2 2 2 2 1 0 1 0 1 1 1 0 0 0 1 0 1 2 2 2 1 2 2 1 1 2 2 1 0 1 2 2 2 0 0 0 2 0 0 1 0 0 2 0 1 1 2 2 0 1 0 2 2 2 0 0 1 0 1 2 2 2 1 1 2 2 1 2 1 0 0 1 2 2 1 1 1 1 1 2 0 1 0 0 1 2
-0.748239676990083 -1.12217608486213 1.20588562355635 -1.2415679101364 -0.459830421366332 1 2 1 1 1 0 2 1 2 0 2 0 0 0 1 2 0 1 2 0 0 0 0 1 2 1 1 2 0 1 0 1 1 1 2 2 2 1 2 2 2 1 0 0 0 0 1 1 1 1 0 1 0 0 1 0 1 2 1 1 0 1 0 1 2 2 2 2 2 0 1 0 0 0 0 1 0 1 2 2 2 0 2 0 0 0 0 2 2 1 1 1 1 1 2 0 0 0 0 1 1 2 1 1 1 0 2 1 2 0 2 0 0 0 1 2 0 1 2 0 0 0 0 1 2 1 1 2 0 1 0 1 1 1 2 2 2 1 2 2 2 1 0 0 0 0 1 1 1 1 0 1 0 0 1 0 1 2 1 1 0 1 0 1 2 2 2 2 2 0 1 0 0 0 0 1 0 1 2 2 2 0 2 0 0 0 0 2 2 1 1 1 1 1 2 0 0 0 0 1 1
-0.562729596281318 -0.977231802457917 0.196110666837376 2.28240733835863 -0.417972827654961 -1 1 1 2 1 0 2 2 1 0 0 1 2 1 2 2 2 1 2 0 2 2 1 1 2 2 2 2 0 1 0 1 2 1 1 1 1 1 2 2 2 2 0 0 2 2 2 1 0 1 0 2 0 0 2 0 2 2 1 2 1 0 1 1 2 1 2 2 0 0 0 0 0 0 1 2 2 1 1 2 1 0 2 1 0 0 1 1 2 1 1 1 0 0 2 1 1 0 1 2 2 -1 -1 -2 -1 0 -2 -2 -1 0 0 -1 -2 -1 -2 -2 -2 -1 -2 0 -2 -2 -1 -1 -2 -2 -2 -2 0 -1 0 -1 -2 -1 -1 -1 -1 -1 -2 -2 -2 -2 0 0 -2 -2 -2 -1 0 -1 0 -2 0 0 -2 0 -2 -2 -1 -2 -1 0 -1 -1 -2 -1 -2 -2 0 0 0 0 0 0 -1 -2 -2 -1 -1 -2 -1 0 -2 -1 0 0 -1 -1 -2 -1 -1 -1 0 0 -2 -1 -1 0 -1 -2 -2
1.13667413149868 -1.09785718504757 -0.44824215416033 0.934956735374042 -1.12345251426664 -1 2 2 1 1 0 1 1 1 0 1 2 2 0 2 2 2 2 1 0 1 0 0 1 2 2 2 2 1 2 0 1 1 1 2 2 2 0 1 1 1 1 0 0 1 0 2 2 1 1 0 2 0 0 2 0 1 1 0 1 1 2 2 0 1 2 2 2 0 1 0 0 0 0 1 0 2 0 2 2 2 1 2 2 0 0 1 2 2 1 0 0 1 2 2 2 2 2 1 1 2 -2 -2 -1 -1 0 -1 -1 -1 0 -1 -2 -2 0 -2 -2 -2 -2 -1 0 -1 0 0 -1 -2 -2 -2 -2 -1 -2 0 -1 -1 -1 -2 -2 -2 0 -1 -1 -1 -1 0 0 -1 0 -2 -2 -1 -1 0 -2 0 0 -2 0 -1 -1 0 -1 -1 -2 -2 0 -1 -2 -2 -2 0 -1 0 0 0 0 -1 0 -2 0 -2 -2 -2 -1 -2 -2 0 0 -1 -2 -2 -1 0 0 -1 -2 -2 -2 -2 -2 -1 -1 -2
-0.882974581264841 1.64780288226619 0.615027937548596 -0.476484269252562 0.17568665347841 -1 2 1 1 0 0 2 1 2 0 2 1 0 2 2 2 2 2 2 2 2 2 1 0 2 2 2 2 1 2 1 1 1 1 2 2 2 2 2 1 2 2 0 0 2 2 2 2 2 0 0 2 0 0 1 0 1 2 2 1 1 2 1 1 1 2 2 2 1 0 0 1 1 0 1 1 1 1 1 2 1 0 1 0 0 0 0 1 2 1 1 0 0 1 2 1 1 0 0 2 2 -2 -1 -1 0 0 -2 -1 -2 0 -2 -1 0 -2 -2 -2 -2 -2 -2 -2 -2 -2 -1 0 -2 -2 -2 -2 -1 -2 -1 -1 -1 -1 -2 -2 -2 -2 -2 -1 -2 -2 0 0 -2 -2 -2 -2 -2 0 0 -2 0 0 -1 0 -1 -2 -2 -1 -1 -2 -1 -1 -1 -2 -2 -2 -1 0 0 -1 -1 0 -1 -1 -1 -1 -1 -2 -1 0 -1 0 0 0 0 -1 -2 -1 -1 0 0 -1 -2 -1 -1 0 0 -2 -2
0.911271404293875 2.25118001219565 -0.449019800103625 -1.76983088879556 -1.07185242117436 -1 2 1 1 0 0 2 2 1 0 2 1 0 1 2 2 2 2 2 0 0 0 0 0 2 1 1 2 0 2 0 0 1 0 2 1 2 2 2 2 2 2 0 0 2 2 2 2 2 2 0 2 0 0 2 2 1 2 0 1 1 2 1 0 1 2 2 2 1 0 0 1 0 0 0 0 1 0 0 2 0 0 0 0 0 0 0 1 2 2 0 1 1 0 2 0 1 0 0 1 2 -2 -1 -1 0 0 -2 -2 -1 0 -2 -1 0 -1 -2 -2 -2 -2 -2 0 0 0 0 0 -2 -1 -1 -2 0 -2 0 0 -1 0 -2 -1 -2 -2 -2 -2 -2 -2 0 0 -2 -2 -2 -2 -2 -2 0 -2 0 0 -2 -2 -1 -2 0 -1 -1 -2 -1 0 -1 -2 -2 -2 -1 0 0 -1 0 0 0 0 -1 0 0 -2 0 0 0 0 0 0 0 -1 -2 -2 0 -1 -1 0 -2 0 -1 0 0 -1 -2
-0.157516851794633 0.957168037016043 1.04431087391632 0.276279427368079 0.426057097270383 -1 2 1 2 1 1 2 2 0 0 2 2 1 2 2 2 2 2 2 1 1 1 0 1 0 1 0 2 0 1 0 0 1 0 2 2 1 1 2 1 1 1 0 0 1 2 2 2 1 1 0 1 0 0 1 0 1 2 0 1 1 0 0 1 1 1 2 2 0 0 0 1 0 0 1 2 2 0 1 2 1 0 2 1 0 1 1 1 1 2 0 0 2 1 2 0 0 0 1 2 2 -2 -1 -2 -1 -1 -2 -2 0 0 -2 -2 -1 -2 -2 -2 -2 -2 -2 -1 -1 -1 0 -1 0 -1 0 -2 0 -1 0 0 -1 0 -2 -2 -1 -1 -2 -1 -1 -1 0 0 -1 -2 -2 -2 -1 -1 0 -1 0 0 -1 0 -1 -2 0 -1 -1 0 0 -1 -1 -1 -2 -2 0 0 0 -1 0 0 -1 -2 -2 0 -1 -2 -1 0 -2 -1 0 -1 -1 -1 -1 -2 0 0 -2 -1 -2 0 0 0 -1 -2 -2
0.413081438201424 -0.53248859223322 0.685478790730223 -0.682022778509349 0.8255488902607 1 1 0 1 2 2 2 2 2 1 2 0 1 1 2 2 2 1 1 0 1 1 0 0 1 2 2 2 1 2 0 1 1 1 2 2 2 1 1 2 2 2 0 0 1 1 2 1 0 1 0 2 0 0 1 1 2 1 0 0 0 2 1 1 2 2 2 2 2 0 1 0 0 0 1 2 1 0 1 2 1 0 2 1 0 1 0 1 2 1 1 0 1 0 2 0 1 1 1 2 2 1 0 1 2 2 2 2 2 1 2 0 1 1 2 2 2 1 1 0 1 1 0 0 1 2 2 2 1 2 0 1 1 1 2 2 2 1 1 2 2 2 0 0 1 1 2 1 0 1 0 2 0 0 1 1 2 1 0 0 0 2 1 1 2 2 2 2 2 0 1 0 0 0 1 2 1 0 1 2 1 0 2 1 0 1 0 1 2 1 1 0 1 0 2 0 1 1 1 2 2
0.42246290787207 0.0578398002467843 -0.535255526579377 -0.227001730346392 -0.397179332167898 -1 1 0 1 0 0 2 2 1 1 2 2 2 1 1 2 1 1 1 0 1 1 0 1 0 2 2 0 0 2 1 0 0 2 2 2 2 2 2 2 1 2 0 0 1 2 2 2 0 1 0 1 0 0 0 0 1 2 1 1 0 1 1 0 1 1 2 2 1 0 0 0 0 0 1 0 0 2 1 1 0 0 1 2 0 0 1 1 2 2 1 0 0 1 2 0 1 1 0 2 2 -1 0 -1 0 0 -2 -2 -1 -1 -2 -2 -2 -1 -1 -2 -1 -1 -1 0 -1 -1 0 -1 0 -2 -2 0 0 -2 -1 0 0 -2 -2 -2 -2 -2 -2 -2 -1 -2 0 0 -1 -2 -2 -2 0 -1 0 -1 0 0 0 0 -1 -2 -1 -1 0 -1 -1 0 -1 -1 -2 -2 -1 0 0 0 0 0 -1 0 0 -2 -1 -1 0 0 -1 -2 0 0 -1 -1 -2 -2 -1 0 0 -1 -2 0 -1 -1 0 -2 -2
1.23885697417953 -0.235625227685505 0.743979245409184 -1.52969364434223 -0.479875338008138 -1 1 0 1 1 0 2 2 2 0 2 2 1 0 2 2 1 0 0 0 0 0 0 0 2 2 1 2 0 1 0 1 2 1 2 2 2 1 2 2 2 2 1 0 0 0 2 2 0 1 0 1 0 0 1 1 2 1 1 2 1 0 0 1 2 2 2 2 2 0 0 0 0 2 2 2 1 0 0 1 1 0 0 0 0 0 0 1 1 1 1 0 2 1 2 0 1 0 0 2 2 -1 0 -1 -1 0 -2 -2 -2 0 -2 -2 -1 0 -2 -2 -1 0 0 0 0 0 0 0 -2 -2 -1 -2 0 -1 0 -1 -2 -1 -2 -2 -2 -1 -2 -2 -2 -2 -1 0 0 0 -2 -2 0 -1 0 -1 0 0 -1 -1 -2 -1 -1 -2 -1 0 0 -1 -2 -2 -2 -2 -2 0 0 0 0 -2 -2 -2 -1 0 0 -1 -1 0 0 0 0 0 0 -1 -1 -1 -1 0 -2 -1 -2 0 -1 0 0 -2 -2
0.263498344623876 0.531186995389414 -1.96207382547265 -1.2615735736761 1.22207582863653 1 2 1 2 1 0 2 1 1 0 2 1 1 0 2 2 0 1 1 0 1 2 1 2 2 2 1 2 1 2 0 0 2 2 1 2 2 2 2 2 2 0 1 0 1 2 2 2 1 2 0 2 0 0 2 1 2 2 1 2 0 1 2 1 0 0 2 1 1 0 0 0 0 0 0 2 2 0 1 2 2 1 2 0 0 0 0 1 1 0 0 0 2 1 2 0 1 0 0 2 0 2 1 2 1 0 2 1 1 0 2 1 1 0 2 2 0 1 1 0 1 2 1 2 2 2 1 2 1 2 0 0 2 2 1 2 2 2 2 2 2 0 1 0 1 2 2 2 1 2 0 2 0 0 2 1 2 2 1 2 0 1 2 1 0 0 2 1 1 0 0 0 0 0 0 2 2 0 1 2 2 1 2 0 0 0 0 1 1 0 0 0 2 1 2 0 1 0 0 2 0
-0.292258636760642 -0.00262450937041518 0.265429605812858 0.535409035173221 -0.677511177563699 1 1 0 1 1 1 2 2 2 0 2 1 1 1 2 2 0 2 1 0 1 1 0 1 1 2 1 2 0 0 0 0 1 0 2 2 2 1 2 1 1 2 0 0 0 0 2 1 0 0 0 2 0 0 0 0 1 2 0 1 0 1 1 1 1 1 2 2 2 0 0 0 0 0 1 1 0 1 1 2 1 0 2 2 0 0 0 1 1 1 1 0 2 1 2 0 1 1 1 1 1 1 0 1 1 1 2 2 2 0 2 1 1 1 2 2 0 2 1 0 1 1 0 1 1 2 1 2 0 0 0 0 1 0 2 2 2 1 2 1 1 2 0 0 0 0 2 1 0 0 0 2 0 0 0 0 1 2 0 1 0 1 1 1 1 1 2 2 2 0 0 0 0 0 1 1 0 1 1 2 1 0 2 2 0 0 0 1 1 1 1 0 2 1 2 0 1 1 1 1 1
-0.147658616230687 1.43676148427225 1.10626842670471 -0.336216839648928 0.645648451866525 -1 2 0 1 1 0 1 2 2 0 2 2 1 1 2 2 0 1 2 1 1 2 0 1 2 2 1 1 0 1 0 0 1 1 1 1 2 1 1 0 1 1 0 0 2 2 2 2 1 1 0 2 0 1 1 0 1 2 1 1 1 1 0 0 1 1 2 2 1 0 0 0 0 0 1 1 2 1 2 2 2 0 1 1 0 0 0 2 1 2 0 0 2 2 2 0 2 1 1 1 1 -2 0 -1 -1 0 -1 -2 -2 0 -2 -2 -1 -1 -2 -2 0 -1 -2 -1 -1 -2 0 -1 -2 -2 -1 -1 0 -1 0 0 -1 -1 -1 -1 -2 -1 -1 0 -1 -1 0 0 -2 -2 -2 -2 -1 -1 0 -2 0 -1 -1 0 -1 -2 -1 -1 -1 -1 0 0 -1 -1 -2 -2 -1 0 0 0 0 0 -1 -1 -2 -1 -2 -2 -2 0 -1 -1 0 0 0 -2 -1 -2 0 0 -2 -2 -2 0 -2 -1 -1 -1 -1
-0.88022550391692 -0.4154878547218 -1.6249802862071 0.70777682489458 0.600201299334496 1 2 0 1 1 1 1 1 2 1 1 0 1 1 2 2 1 1 1 0 0 2 0 1 0 2 1 1 0 1 0 1 2 1 2 2 2 2 2 2 2 1 2 0 1 1 2 1 0 1 0 1 0 0 1 0 1 1 0 0 0 1 1 0 0 1 2 2 1 0 0 0 0 0 0 0 1 1 2 2 2 0 1 0 0 0 2 2 2 2 1 0 1 0 2 0 0 0 0 1 2 2 0 1 1 1 1 1 2 1 1 0 1 1 2 2 1 1 1 0 0 2 0 1 0 2 1 1 0 1 0 1 2 1 2 2 2 2 2 2 2 1 2 0 1 1 2 1 0 1 0 1 0 0 1 0 1 1 0 0 0 1 1 0 0 1 2 2 1 0 0 0 0 0 0 0 1 1 2 2 2 0 1 0 0 0 2 2 2 2 1 0 1 0 2 0 0 0 0 1 2
0.303297553184986 -0.139510142102407 1.02991541681924 0.99813141464463 0.801714172095206 -1 2 0 1 0 0 2 0 0 0 1 0 0 1 2 2 2 2 1 0 0 1 0 1 2 1 1 2 1 2 0 1 2 2 2 2 2 0 1 1 2 2 0 0 1 1 2 2 2 1 0 1 0 0 2 0 2 2 0 1 1 2 0 0 1 0 2 2 1 0 0 0 1 0 2 1 1 1 0 2 0 0 2 0 0 0 0 1 2 2 1 0 1 1 2 0 0 0 0 1 1 -2 0 -1 0 0 -2 0 0 0 -1 0 0 -1 -2 -2 -2 -2 -1 0 0 -1 0 -1 -2 -1 -1 -2 -1 -2 0 -1 -2 -2 -2 -2 -2 0 -1 -1 -2 -2 0 0 -1 -1 -2 -2 -2 -1 0 -1 0 0 -2 0 -2 -2 0 -1 -1 -2 0 0 -1 0 -2 -2 -1 0 0 0 -1 0 -2 -1 -1 -1 0 -2 0 0 -2 0 0 0 0 -1 -2 -2 -1 0 -1 -1 -2 0 0 0 0 -1 -1
-1.91616056166043 1.02831991576291 -0.848102807486135 -1.57588474708691 0.997247562921971 1 2 1 1 2 0 1 2 2 1 1 1 2 2 2 2 2 1 2 0 0 1 0 0 1 0 0 2 1 2 0 1 2 2 2 2 1 1 2 1 2 2 1 0 2 1 2 2 0 1 0 2 0 0 2 0 1 2 1 1 0 2 2 1 1 1 2 2 1 0 0 0 0 2 2 2 0 0 1 2 1 0 0 1 0 0 0 2 2 1 0 0 2 2 2 1 2 1 1 1 2 2 1 1 2 0 1 2 2 1 1 1 2 2 2 2 2 1 2 0 0 1 0 0 1 0 0 2 1 2 0 1 2 2 2 2 1 1 2 1 2 2 1 0 2 1 2 2 0 1 0 2 0 0 2 0 1 2 1 1 0 2 2 1 1 1 2 2 1 0 0 0 0 2 2 2 0 0 1 2 1 0 0 1 0 0 0 2 2 1 0 0 2 2 2 1 2 1 1 1 2
1.21703907654817 -1.81590253861966 -1.14791121540319 -0.779167283278734 -0.247117114786498 -1 2 1 1 1 0 1 2 2 0 1 0 0 0 2 2 1 1 2 1 1 1 1 0 1 1 1 2 0 2 0 0 1 1 2 2 2 1 2 2 2 2 1 0 0 0 1 2 2 2 0 2 0 0 1 0 1 2 0 1 1 1 1 1 0 1 2 2 0 0 0 0 0 0 0 0 2 2 2 2 1 0 2 1 0 0 1 2 2 2 0 0 2 2 2 0 2 1 0 1 2 -2 -1 -1 -1 0 -1 -2 -2 0 -1 0 0 0 -2 -2 -1 -1 -2 -1 -1 -1 -1 0 -1 -1 -1 -2 0 -2 0 0 -1 -1 -2 -2 -2 -1 -2 -2 -2 -2 -1 0 0 0 -1 -2 -2 -2 0 -2 0 0 -1 0 -1 -2 0 -1 -1 -1 -1 -1 0 -1 -2 -2 0 0 0 0 0 0 0 0 -2 -2 -2 -2 -1 0 -2 -1 0 0 -1 -2 -2 -2 0 0 -2 -2 -2 0 -2 -1 0 -1 -2
0.468872701312748 -0.630082640806844 -1.39737911206221 0.986782175067526 1.83193394466543 -1 1 0 2 1 0 2 1 1 0 2 2 1 1 2 2 1 2 2 0 0 2 0 1 2 1 0 1 1 2 0 1 1 1 2 2 2 0 2 2 2 2 0 0 1 1 2 2 1 1 0 2 0 0 2 0 1 2 0 0 0 0 1 0 1 2 2 2 1 0 0 0 0 1 2 1 1 0 0 1 0 0 2 0 0 0 0 1 1 0 1 0 1 1 2 0 2 2 1 1 2 -1 0 -2 -1 0 -2 -1 -1 0 -2 -2 -1 -1 -2 -2 -1 -2 -2 0 0 -2 0 -1 -2 -1 0 -1 -1 -2 0 -1 -1 -1 -2 -2 -2 0 -2 -2 -2 -2 0 0 -1 -1 -2 -2 -1 -1 0 -2 0 0 -2 0 -1 -2 0 0 0 0 -1 0 -1 -2 -2 -2 -1 0 0 0 0 -1 -2 -1 -1 0 0 -1 0 0 -2 0 0 0 0 -1 -1 0 -1 0 -1 -1 -2 0 -2 -2 -1 -1 -2
1.53842906013947 0.311602386674009 -0.873281401785745 -1.06893816280813 -1.66571724785109 1 2 2 2 2 2 1 1 1 0 2 1 0 0 1 2 0 0 1 0 2 1 0 2 2 2 1 2 1 2 0 0 0 2 2 2 2 1 2 2 1 1 0 0 0 1 1 1 0 1 0 2 0 0 0 0 1 2 0 0 0 1 1 0 2 1 2 2 0 0 0 2 1 2 2 1 1 1 2 2 0 0 0 0 0 0 1 2 2 1 1 0 1 1 2 1 1 2 2 2 2 2 2 2 2 2 1 1 1 0 2 1 0 0 1 2 0 0 1 0 2 1 0 2 2 2 1 2 1 2 0 0 0 2 2 2 2 1 2 2 1 1 0 0 0 1 1 1 0 1 0 2 0 0 0 0 1 2 0 0 0 1 1 0 2 1 2 2 0 0 0 2 1 2 2 1 1 1 2 2 0 0 0 0 0 0 1 2 2 1 1 0 1 1 2 1 1 2 2 2 2
-0.425705875231797 -0.433674745828968 1.05566767412389 -0.219380737723004 0.0121222457610142 -1 2 1 2 2 0 2 1 0 1 2 0 1 0 2 2 1 1 1 0 1 0 0 1 1 1 1 2 1 2 0 2 1 1 2 2 2 2 2 1 1 1 0 0 0 0 2 2 1 1 0 1 0 0 1 0 1 2 0 1 1 1 2 0 0 0 2 2 1 0 0 1 0 1 1 0 2 1 1 2 2 0 2 1 0 0 0 1 2 2 2 2 2 2 2 0 2 0 0 1 2 -2 -1 -2 -2 0 -2 -1 0 -1 -2 0 -1 0 -2 -2 -1 -1 -1 0 -1 0 0 -1 -1 -1 -1 -2 -1 -2 0 -2 -1 -1 -2 -2 -2 -2 -2 -1 -1 -1 0 0 0 0 -2 -2 -1 -1 0 -1 0 0 -1 0 -1 -2 0 -1 -1 -1 -2 0 0 0 -2 -2 -1 0 0 -1 0 -1 -1 0 -2 -1 -1 -2 -2 0 -2 -1 0 0 0 -1 -2 -2 -2 -2 -2 -2 -2 0 -2 0 0 -1 -2
-0.618642749890293 -0.287550379762666 0.891811902841707 0.569581555368251 0.157413880698431 1 2 2 1 0 0 2 0 0 0 0 0 1 0 2 2 1 1 2 1 0 2 0 1 2 2 2 1 0 1 0 1 2 1 2 2 2 1 1 2 2 1 0 0 0 0 1 1 0 0 0 1 0 0 1 0 0 2 0 0 0 2 1 0 1 1 2 2 1 0 0 0 0 1 1 1 2 1 0 2 1 0 1 0 0 0 0 0 1 2 1 1 1 0 2 1 2 0 0 0 1 2 2 1 0 0 2 0 0 0 0 0 1 0 2 2 1 1 2 1 0 2 0 1 2 2 2 1 0 1 0 1 2 1 2 2 2 1 1 2 2 1 0 0 0 0 1 1 0 0 0 1 0 0 1 0 0 2 0 0 0 2 1 0 1 1 2 2 1 0 0 0 0 1 1 1 2 1 0 2 1 0 1 0 0 0 0 0 1 2 1 1 1 0 2 1 2 0 0 0 1
1.63883570101593 0.950052730199886 0.173073311914137 -0.522421124557602 0.655891869376809 -1 2 1 1 0 0 2 1 2 0 2 1 1 1 2 2 1 0 1 0 0 0 0 2 1 1 2 2 0 2 0 1 2 1 1 2 1 1 2 2 2 2 1 0 2 2 2 2 1 2 0 2 0 0 2 0 0 2 1 2 1 1 1 0 1 0 2 1 2 1 0 1 1 0 0 2 2 1 2 2 2 1 2 2 0 0 1 1 1 1 1 0 2 2 2 1 2 1 0 1 2 -2 -1 -1 0 0 -2 -1 -2 0 -2 -1 -1 -1 -2 -2 -1 0 -1 0 0 0 0 -2 -1 -1 -2 -2 0 -2 0 -1 -2 -1 -1 -2 -1 -1 -2 -2 -2 -2 -1 0 -2 -2 -2 -2 -1 -2 0 -2 0 0 -2 0 0 -2 -1 -2 -1 -1 -1 0 -1 0 -2 -1 -2 -1 0 -1 -1 0 0 -2 -2 -1 -2 -2 -2 -1 -2 -2 0 0 -1 -1 -1 -1 -1 0 -2 -2 -2 -1 -2 -1 0 -1 -2
1.73617268680115 -0.639201457730557 -0.408588840709145 0.432432810641574 -2.34993780729671 -1 1 0 1 1 1 2 0 1 0 2 1 1 0 1 2 2 2 2 1 1 2 0 2 2 1 0 2 1 2 1 2 2 2 2 2 2 1 2 1 1 1 0 0 0 0 2 2 0 2 1 1 0 0 0 0 1 1 1 1 1 1 1 0 0 2 2 2 1 0 0 0 0 0 1 1 1 0 2 2 1 0 2 0 0 0 0 0 1 2 1 0 2 1 2 1 2 0 0 2 2 -1 0 -1 -1 -1 -2 0 -1 0 -2 -1 -1 0 -1 -2 -2 -2 -2 -1 -1 -2 0 -2 -2 -1 0 -2 -1 -2 -1 -2 -2 -2 -2 -2 -2 -1 -2 -1 -1 -1 0 0 0 0 -2 -2 0 -2 -1 -1 0 0 0 0 -1 -1 -1 -1 -1 -1 -1 0 0 -2 -2 -2 -1 0 0 0 0 0 -1 -1 -1 0 -2 -2 -1 0 -2 0 0 0 0 0 -1 -2 -1 0 -2 -1 -2 -1 -2 0 0 -2 -2
-1.74808053357301 0.223129717069426 0.57153622267195 0.365160118677248 -2.48572010847915 -1 2 0 2 1 0 1 2 2 0 2 1 1 1 2 2 1 1 1 1 1 2 0 1 1 2 1 2 0 2 0 0 1 1 2 2 2 2 2 2 2 2 2 0 2 2 2 2 2 1 0 2 0 0 1 0 1 2 1 0 1 2 2 1 1 2 2 2 1 1 0 0 1 1 2 2 2 1 1 2 0 0 2 0 0 0 1 2 2 2 1 0 2 1 2 0 0 0 0 2 2 -2 0 -2 -1 0 -1 -2 -2 0 -2 -1 -1 -1 -2 -2 -1 -1 -1 -1 -1 -2 0 -1 -1 -2 -1 -2 0 -2 0 0 -1 -1 -2 -2 -2 -2 -2 -2 -2 -2 -2 0 -2 -2 -2 -2 -2 -1 0 -2 0 0 -1 0 -1 -2 -1 0 -1 -2 -2 -1 -1 -2 -2 -2 -1 -1 0 0 -1 -1 -2 -2 -2 -1 -1 -2 0 0 -2 0 0 0 -1 -2 -2 -2 -1 0 -2 -1 -2 0 0 0 0 -2 -2
-0.441538498939845 0.159280464927499 -1.03218506034001 0.0283464261353836 0.145901028054393 -1 1 0 2 2 0 1 1 1 1 2 1 1 1 2 2 1 1 2 0 1 0 0 1 1 2 1 2 0 2 0 0 1 1 2 1 2 1 2 1 2 1 0 0 1 1 2 2 1 2 0 2 0 0 2 0 1 1 0 2 1 2 1 0 1 2 2 2 1 0 0 0 0 1 2 2 1 0 1 2 2 0 2 1 0 1 0 0 1 2 2 1 1 1 2 1 2 1 0 1 1 -1 0 -2 -2 0 -1 -1 -1 -1 -2 -1 -1 -1 -2 -2 -1 -1 -2 0 -1 0 0 -1 -1 -2 -1 -2 0 -2 0 0 -1 -1 -2 -1 -2 -1 -2 -1 -2 -1 0 0 -1 -1 -2 -2 -1 -2 0 -2 0 0 -2 0 -1 -1 0 -2 -1 -2 -1 0 -1 -2 -2 -2 -1 0 0 0 0 -1 -2 -2 -1 0 -1 -2 -2 0 -2 -1 0 -1 0 0 -1 -2 -2 -1 -1 -1 -2 -1 -2 -1 0 -1 -1
-1.70863057547642 0.158531951789147 -1.32511142928055 -0.221111703355127 -0.638829446623847 1 1 0 1 0 0 2 1 1 0 2 1 0 2 2 2 2 2 2 0 1 2 0 1 2 2 2 2 1 1 0 0 0 0 2 2 2 1 1 1 1 1 0 0 2 1 2 2 0 0 0 2 0 0 2 0 1 2 0 1 1 2 1 1 2 2 2 2 1 0 0 1 0 0 1 1 1 0 2 2 0 0 2 0 0 0 1 0 1 1 0 1 2 2 2 1 1 0 2 1 2 1 0 1 0 0 2 1 1 0 2 1 0 2 2 2 2 2 2 0 1 2 0 1 2 2 2 2 1 1 0 0 0 0 2 2 2 1 1 1 1 1 0 0 2 1 2 2 0 0 0 2 0 0 2 0 1 2 0 1 1 2 1 1 2 2 2 2 1 0 0 1 0 0 1 1 1 0 2 2 0 0 2 0 0 0 1 0 1 1 0 1 2 2 2 1 1 0 2 1 2
-1.04305843842948 -0.991099829308278 -0.880019633299103 -1.40867122260246 1.02998291951467 1 1 0 1 1 1 2 2 2 0 1 0 0 1 2 2 1 0 1 1 2 1 0 1 2 1 1 2 1 2 0 1 1 1 2 2 2 1 0 1 2 2 0 0 2 1 2 2 1 1 0 2 0 0 1 0 2 2 0 2 1 2 1 1 0 1 2 2 1 0 0 0 0 0 1 1 2 0 0 2 0 0 1 0 0 1 1 2 2 2 2 1 2 2 2 2 2 1 1 1 1 1 0 1 1 1 2 2 2 0 1 0 0 1 2 2 1 0 1 1 2 1 0 1 2 1 1 2 1 2 0 1 1 1 2 2 2 1 0 1 2 2 0 0 2 1 2 2 1 1 0 2 0 0 1 0 2 2 0 2 1 2 1 1 0 1 2 2 1 0 0 0 0 0 1 1 2 0 0 2 0 0 1 0 0 1 1 2 2 2 2 1 2 2 2 2 2 1 1 1 1
-0.49828001903108 -0.250918715405542 0.137186346537331 -1.91524379346666 -0.447940084852933 -1 2 0 1 0 0 2 1 2 0 2 0 1 0 1 1 0 1 1 0 1 2 0 2 2 2 2 2 0 1 0 0 1 0 1 2 2 1 2 1 1 1 0 0 1 2 2 2 1 2 0 2 0 0 2 0 0 2 1 2 1 1 2 0 1 1 2 2 1 0 0 0 0 1 2 2 2 1 1 2 2 1 2 0 0 0 1 1 2 1 1 1 2 1 2 0 0 0 0 2 2 -2 0 -1 0 0 -2 -1 -2 0 -2 0 -1 0 -1 -1 0 -1 -1 0 -1 -2 0 -2 -2 -2 -2 -2 0 -1 0 0 -1 0 -1 -2 -2 -1 -2 -1 -1 -1 0 0 -1 -2 -2 -2 -1 -2 0 -2 0 0 -2 0 0 -2 -1 -2 -1 -1 -2 0 -1 -1 -2 -2 -1 0 0 0 0 -1 -2 -2 -2 -1 -1 -2 -2 -1 -2 0 0 0 -1 -1 -2 -1 -1 -1 -2 -1 -2 0 0 0 0 -2 -2
0.129202046058341 0.187706789457008 -0.495199910245346 1.01587852945914 0.192246652730532 -1 1 0 1 1 0 2 2 2 1 2 1 1 0 2 2 1 1 1 0 0 0 0 1 1 0 1 2 0 2 0 1 1 1 2 2 2 2 2 2 2 2 0 0 1 2 2 2 1 1 0 2 0 0 1 0 0 1 0 2 2 2 1 1 2 2 2 2 1 1 0 0 0 1 2 2 2 2 1 2 1 2 2 2 0 0 1 2 2 1 2 0 0 0 2 0 2 1 2 2 2 -1 0 -1 -1 0 -2 -2 -2 -1 -2 -1 -1 0 -2 -2 -1 -1 -1 0 0 0 0 -1 -1 0 -1 -2 0 -2 0 -1 -1 -1 -2 -2 -2 -2 -2 -2 -2 -2 0 0 -1 -2 -2 -2 -1 -1 0 -2 0 0 -1 0 0 -1 0 -2 -2 -2 -1 -1 -2 -2 -2 -2 -1 -1 0 0 0 -1 -2 -2 -2 -2 -1 -2 -1 -2 -2 -2 0 0 -1 -2 -2 -1 -2 0 0 0 -2 0 -2 -1 -2 -2 -2
0.19522685220344 1.0066957572868 -0.338103547745482 0.429415126966415 -2.53737109739086 -1 1 0 0 1 0 2 0 1 0 2 2 0 2 2 2 1 2 2 2 2 1 0 2 2 2 2 2 0 1 0 1 2 2 2 2 2 2 1 1 2 1 0 0 0 1 2 2 1 2 0 2 0 0 1 0 1 2 0 1 0 1 2 1 0 1 2 2 0 0 0 0 0 1 1 1 2 0 1 2 1 0 2 0 0 0 0 2 2 1 0 0 1 1 2 1 1 1 0 1 2 -1 0 0 -1 0 -2 0 -1 0 -2 -2 0 -2 -2 -2 -1 -2 -2 -2 -2 -1 0 -2 -2 -2 -2 -2 0 -1 0 -1 -2 -2 -2 -2 -2 -2 -1 -1 -2 -1 0 0 0 -1 -2 -2 -1 -2 0 -2 0 0 -1 0 -1 -2 0 -1 0 -1 -2 -1 0 -1 -2 -2 0 0 0 0 0 -1 -1 -1 -2 0 -1 -2 -1 0 -2 0 0 0 0 -2 -2 -1 0 0 -1 -1 -2 -1 -1 -1 0 -1 -2
-0.479774612066943 0.00645957703499301 0.200154984739553 1.30870065270224 -0.945990225405344 1 1 0 1 0 0 1 1 1 0 2 2 2 0 1 2 1 2 2 1 1 2 0 2 2 2 1 2 0 1 1 0 1 0 2 2 2 0 1 1 1 2 0 0 1 2 2 2 1 0 0 2 0 1 2 0 2 2 1 2 2 2 2 1 2 2 2 2 1 0 0 1 1 1 2 1 1 0 2 2 1 0 2 1 0 0 1 2 2 2 2 1 1 0 2 1 1 1 1 2 2 1 0 1 0 0 1 1 1 0 2 2 2 0 1 2 1 2 2 1 1 2 0 2 2 2 1 2 0 1 1 0 1 0 2 2 2 0 1 1 1 2 0 0 1 2 2 2 1 0 0 2 0 1 2 0 2 2 1 2 2 2 2 1 2 2 2 2 1 0 0 1 1 1 2 1 1 0 2 2 1 0 2 1 0 0 1 2 2 2 2 1 1 0 2 1 1 1 1 2 2
1.41966337916475 1.83156413022511 -0.119081499001478 -0.624300210804888 -1.59732851366663 1 1 1 1 1 0 1 1 2 1 1 0 0 0 2 2 2 2 1 0 1 2 0 2 2 2 1 2 2 2 0 0 2 2 2 2 2 2 2 2 2 2 0 0 1 1 2 2 1 1 0 2 0 0 2 1 1 2 1 1 1 0 2 0 0 2 2 2 1 0 0 0 1 1 1 2 2 2 0 2 1 0 2 0 0 0 0 1 1 1 1 0 1 0 2 0 0 0 0 1 2 1 1 1 1 0 1 1 2 1 1 0 0 0 2 2 2 2 1 0 1 2 0 2 2 2 1 2 2 2 0 0 2 2 2 2 2 2 2 2 2 2 0 0 1 1 2 2 1 1 0 2 0 0 2 1 1 2 1 1 1 0 2 0 0 2 2 2 1 0 0 0 1 1 1 2 2 2 0 2 1 0 2 0 0 0 0 1 1 1 1 0 1 0 2 0 0 0 0 1 2
-1.17417284912 2.14517444149127 1.34560088934916 0.339558612158319 0.273178670340185 1 1 0 1 1 0 2 1 1 0 1 1 0 1 2 2 2 1 2 0 0 1 0 2 2 0 1 2 1 2 0 0 2 2 2 2 1 1 2 2 2 0 0 0 1 2 2 2 2 2 0 2 0 0 1 1 2 2 0 1 0 1 1 0 1 1 2 2 1 0 0 0 1 1 2 1 2 1 1 2 0 0 2 0 0 0 1 2 2 0 1 0 1 1 2 0 1 1 1 2 2 1 0 1 1 0 2 1 1 0 1 1 0 1 2 2 2 1 2 0 0 1 0 2 2 0 1 2 1 2 0 0 2 2 2 2 1 1 2 2 2 0 0 0 1 2 2 2 2 2 0 2 0 0 1 1 2 2 0 1 0 1 1 0 1 1 2 2 1 0 0 0 1 1 2 1 2 1 1 2 0 0 2 0 0 0 1 2 2 0 1 0 1 1 2 0 1 1 1 2 2
-0.394805460678157 0.215290592795819 0.144500788048633 -1.09078188189684 -0.17568951695431 -1 1 1 1 0 0 2 2 2 1 2 0 0 1 2 2 1 1 0 0 0 1 0 1 0 0 1 1 0 0 0 0 1 2 2 2 2 2 2 2 2 2 0 0 1 2 2 2 1 1 0 1 0 0 1 1 2 1 1 1 1 2 2 1 1 1 2 2 1 1 1 0 0 1 1 0 1 1 1 1 0 0 1 1 0 1 1 1 2 2 0 0 0 1 2 0 0 1 0 1 1 -1 -1 -1 0 0 -2 -2 -2 -1 -2 0 0 -1 -2 -2 -1 -1 0 0 0 -1 0 -1 0 0 -1 -1 0 0 0 0 -1 -2 -2 -2 -2 -2 -2 -2 -2 -2 0 0 -1 -2 -2 -2 -1 -1 0 -1 0 0 -1 -1 -2 -1 -1 -1 -1 -2 -2 -1 -1 -1 -2 -2 -1 -1 -1 0 0 -1 -1 0 -1 -1 -1 -1 0 0 -1 -1 0 -1 -1 -1 -2 -2 0 0 0 -1 -2 0 0 -1 0 -1 -1
0.578995985394553 1.91221855989565 0.328173980018365 -1.25232753603175 0.67098875386331 1 2 1 2 2 0 1 1 2 0 2 1 0 1 0 2 1 1 1 0 1 2 1 2 2 2 1 0 0 1 0 0 0 1 2 2 2 2 2 2 2 2 2 0 1 0 2 2 0 0 0 1 0 0 0 0 2 2 0 1 0 1 0 2 2 1 2 2 1 0 0 1 0 1 2 1 1 1 2 2 1 0 2 0 0 0 1 1 1 2 2 0 0 0 2 1 1 0 0 0 2 2 1 2 2 0 1 1 2 0 2 1 0 1 0 2 1 1 1 0 1 2 1 2 2 2 1 0 0 1 0 0 0 1 2 2 2 2 2 2 2 2 2 0 1 0 2 2 0 0 0 1 0 0 0 0 2 2 0 1 0 1 0 2 2 1 2 2 1 0 0 1 0 1 2 1 1 1 2 2 1 0 2 0 0 0 1 1 1 2 2 0 0 0 2 1 1 0 0 0 2
1.90833746874526 -0.0928557879054253 -0.714154154270122 -0.356106921554019 -0.289663056682802 1 2 0 1 0 0 2 2 2 1 2 2 0 1 2 2 1 1 2 1 2 2 0 1 2 1 0 2 1 2 0 0 2 2 2 2 2 1 1 2 0 0 0 0 1 0 2 2 1 0 0 1 0 0 2 1 2 2 0 1 1 1 0 1 0 0 2 2 0 0 0 1 0 0 2 2 1 1 0 2 1 0 2 1 0 0 2 1 2 2 1 1 0 1 2 1 1 0 0 2 2 2 0 1 0 0 2 2 2 1 2 2 0 1 2 2 1 1 2 1 2 2 0 1 2 1 0 2 1 2 0 0 2 2 2 2 2 1 1 2 0 0 0 0 1 0 2 2 1 0 0 1 0 0 2 1 2 2 0 1 1 1 0 1 0 0 2 2 0 0 0 1 0 0 2 2 1 1 0 2 1 0 2 1 0 0 2 1 2 2 1 1 0 1 2 1 1 0 0 2 2
-0.120738814680145 0.985690135272528 2.3219461070535 1.2226319217789 -1.12129011553679 -1 2 0 1 0 0 2 2 2 0 2 0 0 1 2 2 0 1 1 0 1 2 0 1 1 2 1 2 0 2 1 1 1 1 2 2 2 2 2 1 2 2 1 0 0 1 2 2 0 0 0 2 0 0 2 1 1 1 0 1 0 1 1 0 0 2 2 2 1 1 0 1 1 1 2 1 1 1 1 1 2 0 2 0 0 0 1 2 1 0 1 0 0 0 2 0 2 0 1 2 1 -2 0 -1 0 0 -2 -2 -2 0 -2 0 0 -1 -2 -2 0 -1 -1 0 -1 -2 0 -1 -1 -2 -1 -2 0 -2 -1 -1 -1 -1 -2 -2 -2 -2 -2 -1 -2 -2 -1 0 0 -1 -2 -2 0 0 0 -2 0 0 -2 -1 -1 -1 0 -1 0 -1 -1 0 0 -2 -2 -2 -1 -1 0 -1 -1 -1 -2 -1 -1 -1 -1 -1 -2 0 -2 0 0 0 -1 -2 -1 0 -1 0 0 0 -2 0 -2 0 -1 -2 -1
3.24989107531173 -0.171713453180539 0.923647455124719 0.351873848881959 -0.44235467966552 -1 2 1 1 1 0 2 2 2 1 2 2 1 1 2 2 2 2 2 1 2 2 1 1 2 2 2 2 1 2 2 2 2 2 2 2 2 2 2 1 1 2 1 0 2 2 2 2 2 2 0 2 0 0 2 0 1 2 0 1 0 2 1 0 1 1 2 2 1 0 0 1 2 1 0 1 2 2 1 2 0 0 1 1 0 0 1 2 2 2 1 1 1 0 2 0 2 0 0 2 2 -2 -1 -1 -1 0 -2 -2 -2 -1 -2 -2 -1 -1 -2 -2 -2 -2 -2 -1 -2 -2 -1 -1 -2 -2 -2 -2 -1 -2 -2 -2 -2 -2 -2 -2 -2 -2 -2 -1 -1 -2 -1 0 -2 -2 -2 -2 -2 -2 0 -2 0 0 -2 0 -1 -2 0 -1 0 -2 -1 0 -1 -1 -2 -2 -1 0 0 -1 -2 -1 0 -1 -2 -2 -1 -2 0 0 -1 -1 0 0 -1 -2 -2 -2 -1 -1 -1 0 -2 0 -2 0 0 -2 -2
-0.888397494273388 -1.84896431756948 -0.711280374293561 2.61850083031469 -0.177481652865649 1 2 1 1 1 0 2 1 1 0 2 1 1 1 2 2 2 2 2 0 2 1 0 2 2 2 1 1 0 1 0 0 0 1 2 1 2 1 2 1 1 1 0 0 1 2 2 2 1 2 1 2 0 0 1 0 2 2 0 2 1 1 0 0 0 2 2 2 1 1 0 1 0 0 1 1 0 0 0 2 2 0 1 0 0 1 0 1 2 1 1 0 2 1 2 1 1 1 1 2 2 2 1 1 1 0 2 1 1 0 2 1 1 1 2 2 2 2 2 0 2 1 0 2 2 2 1 1 0 1 0 0 0 1 2 1 2 1 2 1 1 1 0 0 1 2 2 2 1 2 1 2 0 0 1 0 2 2 0 2 1 1 0 0 0 2 2 2 1 1 0 1 0 0 1 1 0 0 0 2 2 0 1 0 0 1 0 1 2 1 1 0 2 1 2 1 1 1 1 2 2
0.048687371337631 -0.483074271093173 1.20664963592584 -1.3271752283373 0.0365169775913829 1 1 1 0 0 0 1 1 1 0 0 0 2 2 2 2 1 2 1 0 1 2 1 1 2 0 1 1 0 2 0 1 0 1 1 2 2 2 2 1 1 1 0 0 2 2 2 2 1 2 0 2 0 1 1 0 2 2 1 2 1 1 0 0 0 1 2 2 1 0 0 0 0 0 1 1 1 0 2 2 2 1 2 1 0 0 0 0 2 1 1 1 0 1 2 0 2 0 0 1 2 1 1 0 0 0 1 1 1 0 0 0 2 2 2 2 1 2 1 0 1 2 1 1 2 0 1 1 0 2 0 1 0 1 1 2 2 2 2 1 1 1 0 0 2 2 2 2 1 2 0 2 0 1 1 0 2 2 1 2 1 1 0 0 0 1 2 2 1 0 0 0 0 0 1 1 1 0 2 2 2 1 2 1 0 0 0 0 2 1 1 1 0 1 2 0 2 0 0 1 2
1.86089411908821 -0.44995488175405 1.61488468536825 -0.913084151458533 1.77110160519011 -1 1 0 1 1 0 2 1 1 0 2 1 1 1 2 2 1 2 0 0 1 0 0 2 2 2 1 1 1 1 0 0 1 0 2 2 2 2 2 2 2 2 0 0 0 1 2 2 0 1 0 2 0 0 2 1 2 2 1 1 0 2 1 0 0 0 2 2 1 0 0 0 0 0 2 1 0 0 2 2 1 1 2 1 0 1 1 1 2 2 1 1 1 1 2 1 2 2 1 2 2 -1 0 -1 -1 0 -2 -1 -1 0 -2 -1 -1 -1 -2 -2 -1 -2 0 0 -1 0 0 -2 -2 -2 -1 -1 -1 -1 0 0 -1 0 -2 -2 -2 -2 -2 -2 -2 -2 0 0 0 -1 -2 -2 0 -1 0 -2 0 0 -2 -1 -2 -2 -1 -1 0 -2 -1 0 0 0 -2 -2 -1 0 0 0 0 0 -2 -1 0 0 -2 -2 -1 -1 -2 -1 0 -1 -1 -1 -2 -2 -1 -1 -1 -1 -2 -1 -2 -2 -1 -2 -2
-0.737296067740614 -0.144710202285158 -0.351790584767409 -0.0780466855222331 0.317762541621754 -1 2 1 2 0 0 2 2 1 0 1 1 0 0 1 2 2 2 2 1 0 2 1 2 2 1 1 2 0 1 0 0 1 1 2 2 2 2 1 1 1 1 0 0 1 2 2 2 0 1 0 2 0 0 1 0 2 1 0 0 1 1 0 0 0 2 2 2 2 0 0 1 0 0 1 1 1 0 1 2 1 0 2 2 0 0 0 1 0 0 2 1 1 0 2 1 0 0 0 1 2 -2 -1 -2 0 0 -2 -2 -1 0 -1 -1 0 0 -1 -2 -2 -2 -2 -1 0 -2 -1 -2 -2 -1 -1 -2 0 -1 0 0 -1 -1 -2 -2 -2 -2 -1 -1 -1 -1 0 0 -1 -2 -2 -2 0 -1 0 -2 0 0 -1 0 -2 -1 0 0 -1 -1 0 0 0 -2 -2 -2 -2 0 0 -1 0 0 -1 -1 -1 0 -1 -2 -1 0 -2 -2 0 0 0 -1 0 0 -2 -1 -1 0 -2 -1 0 0 0 -1 -2
0.407632976539663 -0.312487047136454 0.60214678194106 -2.18126920481504 -0.872701574963107 -1 1 1 2 1 0 2 0 1 0 2 1 0 0 1 2 2 1 2 0 1 2 0 2 2 2 2 2 2 2 0 0 1 2 2 2 2 1 1 2 2 2 1 0 0 1 2 2 1 1 0 2 1 0 2 1 2 2 1 2 1 1 1 1 1 1 2 2 1 0 1 1 0 1 1 2 1 0 0 2 0 0 1 0 0 0 0 2 1 2 2 0 1 1 2 1 2 1 0 1 2 -1 -1 -2 -1 0 -2 0 -1 0 -2 -1 0 0 -1 -2 -2 -1 -2 0 -1 -2 0 -2 -2 -2 -2 -2 -2 -2 0 0 -1 -2 -2 -2 -2 -1 -1 -2 -2 -2 -1 0 0 -1 -2 -2 -1 -1 0 -2 -1 0 -2 -1 -2 -2 -1 -2 -1 -1 -1 -1 -1 -1 -2 -2 -1 0 -1 -1 0 -1 -1 -2 -1 0 0 -2 0 0 -1 0 0 0 0 -2 -1 -2 -2 0 -1 -1 -2 -1 -2 -1 0 -1 -2
0.738343801769061 -0.239367466684748 -1.14189612727644 0.798211988407234 -2.81254465955547 -1 0 0 1 1 0 2 2 1 0 2 1 0 1 2 2 2 2 2 0 1 2 0 1 2 2 1 2 0 1 0 1 1 1 1 2 2 1 2 2 2 1 0 0 1 2 2 2 1 0 0 2 0 0 1 0 2 2 0 1 2 1 0 0 0 1 2 2 2 0 0 0 0 0 0 1 0 0 2 2 1 0 1 1 1 0 0 1 1 1 2 1 1 0 2 1 2 1 1 2 2 0 0 -1 -1 0 -2 -2 -1 0 -2 -1 0 -1 -2 -2 -2 -2 -2 0 -1 -2 0 -1 -2 -2 -1 -2 0 -1 0 -1 -1 -1 -1 -2 -2 -1 -2 -2 -2 -1 0 0 -1 -2 -2 -2 -1 0 0 -2 0 0 -1 0 -2 -2 0 -1 -2 -1 0 0 0 -1 -2 -2 -2 0 0 0 0 0 0 -1 0 0 -2 -2 -1 0 -1 -1 -1 0 0 -1 -1 -1 -2 -1 -1 0 -2 -1 -2 -1 -1 -2 -2
0.294915085920056 -0.36752771849458 1.01763893610799 0.241464909700741 1.06123921297888 1 1 0 1 1 0 2 2 2 0 2 2 0 1 2 2 1 1 1 1 2 1 0 1 2 2 1 2 1 1 0 2 2 1 2 2 2 2 2 2 2 1 1 1 2 1 2 2 1 1 0 2 0 0 1 0 2 2 1 0 0 1 1 0 1 1 2 2 1 0 0 0 0 0 1 2 2 1 2 2 2 0 2 1 0 0 0 2 2 1 1 1 1 1 2 0 0 1 1 1 1 1 0 1 1 0 2 2 2 0 2 2 0 1 2 2 1 1 1 1 2 1 0 1 2 2 1 2 1 1 0 2 2 1 2 2 2 2 2 2 2 1 1 1 2 1 2 2 1 1 0 2 0 0 1 0 2 2 1 0 0 1 1 0 1 1 2 2 1 0 0 0 0 0 1 2 2 1 2 2 2 0 2 1 0 0 0 2 2 1 1 1 1 1 2 0 0 1 1 1 1
0.147607024718717 0.740064636149524 1.96310966877907 -0.126097386137352 2.1263177368827 -1 2 1 1 1 0 2 1 1 0 1 1 0 1 2 2 1 1 1 0 1 2 0 1 2 2 1 2 0 2 1 1 2 2 2 2 2 1 2 2 2 1 1 1 2 1 2 2 2 1 0 2 0 0 1 0 1 1 0 1 1 1 1 0 1 2 2 2 0 0 0 0 0 0 1 1 0 0 1 2 1 0 1 0 0 0 0 2 2 2 2 0 1 1 2 1 1 2 1 2 2 -2 -1 -1 -1 0 -2 -1 -1 0 -1 -1 0 -1 -2 -2 -1 -1 -1 0 -1 -2 0 -1 -2 -2 -1 -2 0 -2 -1 -1 -2 -2 -2 -2 -2 -1 -2 -2 -2 -1 -1 -1 -2 -1 -2 -2 -2 -1 0 -2 0 0 -1 0 -1 -1 0 -1 -1 -1 -1 0 -1 -2 -2 -2 0 0 0 0 0 0 -1 -1 0 0 -1 -2 -1 0 -1 0 0 0 0 -2 -2 -2 -2 0 -1 -1 -2 -1 -1 -2 -1 -2 -2
0.626500445877904 0.760941455778182 -1.7920724427404 2.17748340848105 -1.55339546614783 -1 1 0 0 1 0 2 2 1 0 0 0 0 2 1 2 1 1 1 0 1 0 0 2 2 2 2 2 1 2 0 1 1 0 2 2 2 1 2 1 2 1 1 0 0 0 1 2 0 0 0 1 0 0 0 0 1 1 0 1 0 1 1 1 1 1 2 2 1 0 0 0 0 0 1 0 2 1 2 2 1 0 2 2 0 0 0 0 0 0 0 0 2 1 2 0 0 0 0 2 1 -1 0 0 -1 0 -2 -2 -1 0 0 0 0 -2 -1 -2 -1 -1 -1 0 -1 0 0 -2 -2 -2 -2 -2 -1 -2 0 -1 -1 0 -2 -2 -2 -1 -2 -1 -2 -1 -1 0 0 0 -1 -2 0 0 0 -1 0 0 0 0 -1 -1 0 -1 0 -1 -1 -1 -1 -1 -2 -2 -1 0 0 0 0 0 -1 0 -2 -1 -2 -2 -1 0 -2 -2 0 0 0 0 0 0 0 0 -2 -1 -2 0 0 0 0 -2 -1
0.0223708664748277 0.722855365810915 -0.152080623341574 -0.965193710249752 0.424096099014968 1 1 0 2 0 0 2 2 2 0 2 1 0 0 2 2 1 1 1 1 1 2 1 0 1 2 2 2 1 2 0 0 2 1 2 1 2 1 0 0 1 0 0 0 1 2 2 2 1 0 0 2 0 0 1 0 2 2 1 0 0 0 1 1 1 2 2 2 0 0 0 0 0 0 1 1 0 1 1 2 0 0 2 1 0 0 0 1 2 1 1 1 1 1 2 0 1 1 0 1 0 1 0 2 0 0 2 2 2 0 2 1 0 0 2 2 1 1 1 1 1 2 1 0 1 2 2 2 1 2 0 0 2 1 2 1 2 1 0 0 1 0 0 0 1 2 2 2 1 0 0 2 0 0 1 0 2 2 1 0 0 0 1 1 1 2 2 2 0 0 0 0 0 0 1 1 0 1 1 2 0 0 2 1 0 0 0 1 2 1 1 1 1 1 2 0 1 1 0 1 0
0.121362777369935 0.694924077564415 -0.401777065045142 0.92265301413914 0.391786302841956 1 2 0 1 1 0 2 2 1 0 2 1 1 1 2 2 2 2 1 0 0 1 0 2 2 2 1 1 1 2 0 1 2 1 1 1 2 1 2 2 2 2 1 0 1 2 2 2 1 2 0 2 0 0 0 0 1 1 1 2 1 2 0 0 1 1 2 1 1 0 0 0 0 0 1 0 1 1 2 2 1 0 2 1 0 0 1 2 2 1 1 0 1 2 2 1 2 1 0 1 1 2 0 1 1 0 2 2 1 0 2 1 1 1 2 2 2 2 1 0 0 1 0 2 2 2 1 1 1 2 0 1 2 1 1 1 2 1 2 2 2 2 1 0 1 2 2 2 1 2 0 2 0 0 0 0 1 1 1 2 1 2 0 0 1 1 2 1 1 0 0 0 0 0 1 0 1 1 2 2 1 0 2 1 0 0 1 2 2 1 1 0 1 2 2 1 2 1 0 1 1
0.262951208973815 -2.17073538418597 -0.200943044665291 1.63744449099138 1.67025248731122 1 1 0 0 0 0 2 2 2 0 2 0 0 0 1 2 1 0 0 0 0 1 0 2 2 2 0 0 0 2 1 0 2 1 2 2 2 1 1 1 1 1 0 0 2 2 2 2 1 1 0 2 0 0 2 0 1 1 1 2 2 2 0 1 1 1 2 2 1 0 0 0 0 0 1 1 0 0 1 2 0 0 1 2 0 0 0 1 2 1 2 0 1 1 2 0 0 0 0 1 1 1 0 0 0 0 2 2 2 0 2 0 0 0 1 2 1 0 0 0 0 1 0 2 2 2 0 0 0 2 1 0 2 1 2 2 2 1 1 1 1 1 0 0 2 2 2 2 1 1 0 2 0 0 2 0 1 1 1 2 2 2 0 1 1 1 2 2 1 0 0 0 0 0 1 1 0 0 1 2 0 0 1 2 0 0 0 1 2 1 2 0 1 1 2 0 0 0 0 1 1
1.59725332614849 0.110442814154818 0.190772586772597 -0.0887620412191261 -0.0757988327290923 1 2 1 1 1 1 2 2 1 0 1 1 0 2 2 2 1 1 1 0 0 1 0 2 2 1 1 2 0 1 0 0 2 1 1 0 1 1 1 1 2 1 0 0 1 2 2 2 1 1 0 2 0 0 0 0 1 2 0 2 1 1 0 1 1 2 2 2 2 0 0 0 0 0 2 1 1 0 1 2 1 0 1 1 0 0 1 1 1 1 0 0 0 0 2 0 2 1 1 2 1 2 1 1 1 1 2 2 1 0 1 1 0 2 2 2 1 1 1 0 0 1 0 2 2 1 1 2 0 1 0 0 2 1 1 0 1 1 1 1 2 1 0 0 1 2 2 2 1 1 0 2 0 0 0 0 1 2 0 2 1 1 0 1 1 2 2 2 2 0 0 0 0 0 2 1 1 0 1 2 1 0 1 1 0 0 1 1 1 1 0 0 0 0 2 0 2 1 1 2 1
1.50379298024715 0.809706930928287 0.408389048300782 -0.534197813062209 -0.632182615605712 -1 1 1 1 1 0 2 2 1 1 2 1 0 0 2 2 2 2 1 0 0 1 0 1 2 1 0 1 1 2 1 0 1 0 2 2 2 2 2 2 1 1 0 0 1 1 2 2 1 1 0 2 0 0 2 2 2 2 1 1 0 1 1 0 1 1 2 2 0 0 0 1 0 1 1 1 1 1 2 2 1 0 2 2 0 1 0 0 1 1 1 1 1 0 2 0 1 0 0 1 1 -1 -1 -1 -1 0 -2 -2 -1 -1 -2 -1 0 0 -2 -2 -2 -2 -1 0 0 -1 0 -1 -2 -1 0 -1 -1 -2 -1 0 -1 0 -2 -2 -2 -2 -2 -2 -1 -1 0 0 -1 -1 -2 -2 -1 -1 0 -2 0 0 -2 -2 -2 -2 -1 -1 0 -1 -1 0 -1 -1 -2 -2 0 0 0 -1 0 -1 -1 -1 -1 -1 -2 -2 -1 0 -2 -2 0 -1 0 0 -1 -1 -1 -1 -1 0 -2 0 -1 0 0 -1 -1
0.974158831669728 -1.24613360939397 0.418837669395302 0.789022697959473 -2.21689254615179 -1 2 1 0 0 0 2 2 2 0 2 2 1 1 2 2 2 2 1 0 0 1 0 0 0 1 2 1 0 1 1 0 1 0 2 2 2 2 2 1 2 2 0 0 2 1 2 2 0 0 0 2 0 0 1 0 2 2 1 2 0 1 1 0 1 1 2 2 0 0 0 1 0 1 1 2 2 1 2 2 0 0 2 2 0 0 2 2 2 2 1 0 1 1 2 0 1 0 0 2 1 -2 -1 0 0 0 -2 -2 -2 0 -2 -2 -1 -1 -2 -2 -2 -2 -1 0 0 -1 0 0 0 -1 -2 -1 0 -1 -1 0 -1 0 -2 -2 -2 -2 -2 -1 -2 -2 0 0 -2 -1 -2 -2 0 0 0 -2 0 0 -1 0 -2 -2 -1 -2 0 -1 -1 0 -1 -1 -2 -2 0 0 0 -1 0 -1 -1 -2 -2 -1 -2 -2 0 0 -2 -2 0 0 -2 -2 -2 -2 -1 0 -1 -1 -2 0 -1 0 0 -2 -1
-1.15258097397249 1.22480559736529 -0.232776183838984 -0.133411652439966 -0.834651795287362 -1 2 2 2 2 0 2 1 0 0 0 0 0 1 2 2 1 2 1 0 0 1 0 2 2 2 1 2 1 1 0 1 1 2 2 2 2 1 1 1 1 2 1 0 2 1 1 2 0 1 1 2 0 0 2 0 1 2 1 2 0 2 0 0 0 1 2 1 0 0 0 0 0 0 1 2 2 1 0 2 0 0 0 0 0 0 0 2 2 1 2 1 2 2 2 2 2 1 1 2 2 -2 -2 -2 -2 0 -2 -1 0 0 0 0 0 -1 -2 -2 -1 -2 -1 0 0 -1 0 -2 -2 -2 -1 -2 -1 -1 0 -1 -1 -2 -2 -2 -2 -1 -1 -1 -1 -2 -1 0 -2 -1 -1 -2 0 -1 -1 -2 0 0 -2 0 -1 -2 -1 -2 0 -2 0 0 0 -1 -2 -1 0 0 0 0 0 0 -1 -2 -2 -1 0 -2 0 0 0 0 0 0 0 -2 -2 -1 -2 -1 -2 -2 -2 -2 -2 -1 -1 -2 -2
0.278792312629406 0.430793861223555 -0.105853110121815 0.373788243779429 0.626304909443531 1 2 0 1 1 0 2 2 2 0 2 2 0 1 2 2 2 2 2 0 0 2 0 1 2 1 1 2 0 1 0 0 2 2 2 2 2 1 2 2 2 2 0 0 2 1 2 2 0 0 0 2 0 0 0 0 0 2 1 1 1 2 0 0 1 0 2 2 1 0 0 0 0 1 2 1 1 1 1 2 2 0 2 2 0 0 1 2 1 1 1 1 1 1 2 0 0 0 0 1 1 2 0 1 1 0 2 2 2 0 2 2 0 1 2 2 2 2 2 0 0 2 0 1 2 1 1 2 0 1 0 0 2 2 2 2 2 1 2 2 2 2 0 0 2 1 2 2 0 0 0 2 0 0 0 0 0 2 1 1 1 2 0 0 1 0 2 2 1 0 0 0 0 1 2 1 1 1 1 2 2 0 2 2 0 0 1 2 1 1 1 1 1 1 2 0 0 0 0 1 1
-1.0472968938539 -0.513794683381799 -0.541998965562671 1.30131082087032 -0.118969693458528 -1 1 0 1 0 0 2 1 1 0 1 0 0 1 2 2 1 2 1 0 1 1 0 2 2 2 2 2 1 2 1 2 2 2 2 2 2 1 2 2 2 2 1 0 2 1 2 1 0 2 0 1 0 0 0 0 1 2 0 2 0 1 1 1 2 1 2 2 1 0 0 1 0 1 1 2 2 1 2 2 2 0 1 0 0 0 1 2 2 2 2 1 2 2 2 0 1 0 0 1 1 -1 0 -1 0 0 -2 -1 -1 0 -1 0 0 -1 -2 -2 -1 -2 -1 0 -1 -1 0 -2 -2 -2 -2 -2 -1 -2 -1 -2 -2 -2 -2 -2 -2 -1 -2 -2 -2 -2 -1 0 -2 -1 -2 -1 0 -2 0 -1 0 0 0 0 -1 -2 0 -2 0 -1 -1 -1 -2 -1 -2 -2 -1 0 0 -1 0 -1 -1 -2 -2 -1 -2 -2 -2 0 -1 0 0 0 -1 -2 -2 -2 -2 -1 -2 -2 -2 0 -1 0 0 -1 -1
1.18504434609595 0.581475973926956 -0.255773639389045 0.211486669730369 -1.83310305815173 1 1 0 1 0 0 1 2 0 0 0 0 1 2 2 2 1 1 1 0 1 2 0 0 1 1 1 2 1 2 1 1 0 1 2 2 2 2 2 1 2 2 0 1 2 2 2 2 2 1 0 1 0 0 2 0 1 1 0 1 1 2 2 1 0 1 2 2 2 1 0 1 0 0 1 0 1 0 0 2 2 0 1 1 0 0 0 1 2 2 1 2 2 0 2 1 2 0 0 2 2 1 0 1 0 0 1 2 0 0 0 0 1 2 2 2 1 1 1 0 1 2 0 0 1 1 1 2 1 2 1 1 0 1 2 2 2 2 2 1 2 2 0 1 2 2 2 2 2 1 0 1 0 0 2 0 1 1 0 1 1 2 2 1 0 1 2 2 2 1 0 1 0 0 1 0 1 0 0 2 2 0 1 1 0 0 0 1 2 2 1 2 2 0 2 1 2 0 0 2 2
0.911473242233102 0.423871771662072 -0.847983437325022 -0.551148876284881 0.59678105962437 1 2 0 1 1 0 2 1 1 0 1 0 1 2 2 2 1 1 1 0 0 1 1 1 2 2 1 2 0 1 0 0 1 1 1 2 2 2 2 2 1 1 0 0 1 2 2 2 1 2 0 2 0 0 1 0 2 2 0 2 1 1 1 2 1 1 2 2 1 0 0 0 0 1 1 1 2 1 1 2 1 0 2 1 0 0 0 0 1 1 0 0 1 1 2 2 0 0 1 2 2 2 0 1 1 0 2 1 1 0 1 0 1 2 2 2 1 1 1 0 0 1 1 1 2 2 1 2 0 1 0 0 1 1 1 2 2 2 2 2 1 1 0 0 1 2 2 2 1 2 0 2 0 0 1 0 2 2 0 2 1 1 1 2 1 1 2 2 1 0 0 0 0 1 1 1 2 1 1 2 1 0 2 1 0 0 0 0 1 1 0 0 1 1 2 2 0 0 1 2 2
0.357054973226575 0.49441106642222 -1.23058765737044 -0.223593074544825 0.0822471728649331 -1 1 0 0 0 0 1 1 1 1 2 0 0 1 2 2 0 1 0 0 0 1 0 1 1 2 2 2 0 2 0 1 2 2 1 0 2 1 2 1 1 2 0 0 0 2 2 2 0 1 0 2 0 0 1 1 1 1 0 1 0 1 2 2 2 1 2 2 1 0 0 1 0 1 2 2 2 0 1 2 2 1 1 1 0 0 0 0 1 1 0 1 1 2 2 2 2 0 0 2 1 -1 0 0 0 0 -1 -1 -1 -1 -2 0 0 -1 -2 -2 0 -1 0 0 0 -1 0 -1 -1 -2 -2 -2 0 -2 0 -1 -2 -2 -1 0 -2 -1 -2 -1 -1 -2 0 0 0 -2 -2 -2 0 -1 0 -2 0 0 -1 -1 -1 -1 0 -1 0 -1 -2 -2 -2 -1 -2 -2 -1 0 0 -1 0 -1 -2 -2 -2 0 -1 -2 -2 -1 -1 -1 0 0 0 0 -1 -1 0 -1 -1 -2 -2 -2 -2 0 0 -2 -1
2.08699432232121 -0.479291244563123 0.142181797429198 0.226433906282328 0.0965287954471015 -1 2 0 2 2 0 2 2 2 0 1 0 1 0 2 2 2 2 1 0 0 1 0 1 2 1 0 1 0 2 0 1 1 1 2 2 2 2 2 2 2 2 1 0 1 1 2 2 0 1 0 2 1 0 1 1 2 2 1 1 1 1 1 0 1 1 2 2 2 1 0 1 0 0 1 0 1 1 0 2 2 0 2 2 0 0 0 1 1 0 0 0 2 1 2 1 1 1 0 1 1 -2 0 -2 -2 0 -2 -2 -2 0 -1 0 -1 0 -2 -2 -2 -2 -1 0 0 -1 0 -1 -2 -1 0 -1 0 -2 0 -1 -1 -1 -2 -2 -2 -2 -2 -2 -2 -2 -1 0 -1 -1 -2 -2 0 -1 0 -2 -1 0 -1 -1 -2 -2 -1 -1 -1 -1 -1 0 -1 -1 -2 -2 -2 -1 0 -1 0 0 -1 0 -1 -1 0 -2 -2 0 -2 -2 0 0 0 -1 -1 0 0 0 -2 -1 -2 -1 -1 -1 0 -1 -1
0.517101482006868 -2.20964416688263 0.227404840007238 -0.970334175029722 2.65895732408478 -1 1 0 1 0 0 2 0 1 1 2 1 0 0 2 2 2 0 1 0 1 2 1 1 2 2 1 1 1 2 1 1 2 2 2 2 2 1 2 1 1 0 0 0 1 1 2 2 1 2 0 2 0 0 2 0 1 1 1 1 1 2 2 2 2 2 2 2 1 0 0 1 1 2 2 2 1 0 2 2 0 0 1 1 0 0 1 1 1 2 1 1 1 1 2 1 2 0 0 2 1 -1 0 -1 0 0 -2 0 -1 -1 -2 -1 0 0 -2 -2 -2 0 -1 0 -1 -2 -1 -1 -2 -2 -1 -1 -1 -2 -1 -1 -2 -2 -2 -2 -2 -1 -2 -1 -1 0 0 0 -1 -1 -2 -2 -1 -2 0 -2 0 0 -2 0 -1 -1 -1 -1 -1 -2 -2 -2 -2 -2 -2 -2 -1 0 0 -1 -1 -2 -2 -2 -1 0 -2 -2 0 0 -1 -1 0 0 -1 -1 -1 -2 -1 -1 -1 -1 -2 -1 -2 0 0 -2 -1
0.822457539724082 -1.36649771100896 -0.0402599851398426 -0.804188650815985 0.353031124077065 -1 2 0 1 1 0 1 0 1 0 1 0 1 0 2 2 1 1 1 0 0 1 0 2 2 2 1 2 1 2 1 1 2 2 2 2 2 1 1 2 2 2 1 0 0 1 2 2 1 1 0 2 0 0 0 0 1 2 1 2 1 2 1 0 1 1 2 2 1 0 0 0 0 1 1 1 1 2 1 2 2 1 2 1 0 0 0 1 2 2 1 1 0 1 2 0 2 1 2 2 2 -2 0 -1 -1 0 -1 0 -1 0 -1 0 -1 0 -2 -2 -1 -1 -1 0 0 -1 0 -2 -2 -2 -1 -2 -1 -2 -1 -1 -2 -2 -2 -2 -2 -1 -1 -2 -2 -2 -1 0 0 -1 -2 -2 -1 -1 0 -2 0 0 0 0 -1 -2 -1 -2 -1 -2 -1 0 -1 -1 -2 -2 -1 0 0 0 0 -1 -1 -1 -1 -2 -1 -2 -2 -1 -2 -1 0 0 0 -1 -2 -2 -1 -1 0 -1 -2 0 -2 -1 -2 -2 -2
0.0674973337451196 0.697004159441849 0.469943054422971 -2.05088347254175 -0.186801323249472 1 1 0 1 0 0 2 2 2 0 2 1 1 1 1 2 1 1 0 0 1 1 0 1 2 2 0 2 1 2 0 1 1 1 1 1 2 1 2 1 2 1 0 0 1 1 2 2 0 1 0 1 0 0 0 0 2 2 0 1 0 2 0 1 1 2 2 2 0 0 1 0 0 0 1 1 2 1 2 2 2 1 2 2 0 0 1 2 1 1 2 1 0 1 2 1 2 1 0 0 2 1 0 1 0 0 2 2 2 0 2 1 1 1 1 2 1 1 0 0 1 1 0 1 2 2 0 2 1 2 0 1 1 1 1 1 2 1 2 1 2 1 0 0 1 1 2 2 0 1 0 1 0 0 0 0 2 2 0 1 0 2 0 1 1 2 2 2 0 0 1 0 0 0 1 1 2 1 2 2 2 1 2 2 0 0 1 2 1 1 2 1 0 1 2 1 2 1 0 0 2
-1.19958906181087 1.08726201503181 0.081118110891552 0.976342448954295 1.54717167282131 -1 2 1 0 0 0 2 1 2 1 2 2 2 1 1 2 1 1 1 1 0 1 1 1 1 1 0 2 0 2 0 0 0 0 2 2 2 1 2 1 1 2 0 1 1 2 2 2 0 2 0 2 0 0 1 0 0 1 0 0 0 1 2 2 2 2 2 2 1 0 0 0 0 0 1 1 2 1 2 2 1 0 2 2 0 0 1 2 2 2 2 1 1 0 2 2 1 2 1 0 0 -2 -1 0 0 0 -2 -1 -2 -1 -2 -2 -2 -1 -1 -2 -1 -1 -1 -1 0 -1 -1 -1 -1 -1 0 -2 0 -2 0 0 0 0 -2 -2 -2 -1 -2 -1 -1 -2 0 -1 -1 -2 -2 -2 0 -2 0 -2 0 0 -1 0 0 -1 0 0 0 -1 -2 -2 -2 -2 -2 -2 -1 0 0 0 0 0 -1 -1 -2 -1 -2 -2 -1 0 -2 -2 0 0 -1 -2 -2 -2 -2 -1 -1 0 -2 -2 -1 -2 -1 0 0
2.25910648669534 0.330110872586773 2.52295302868455 0.361665046479441 1.32026448362877 -1 1 1 1 0 0 2 2 2 1 2 1 0 1 2 2 1 2 1 0 2 2 0 1 2 1 1 1 0 1 0 0 1 2 2 2 2 1 2 2 1 2 0 0 2 2 2 2 1 1 0 2 0 0 2 0 1 2 1 1 0 2 2 0 0 1 2 2 0 0 0 0 0 0 1 1 1 0 0 2 1 0 2 2 0 0 2 2 2 2 2 0 0 1 2 0 1 1 1 2 2 -1 -1 -1 0 0 -2 -2 -2 -1 -2 -1 0 -1 -2 -2 -1 -2 -1 0 -2 -2 0 -1 -2 -1 -1 -1 0 -1 0 0 -1 -2 -2 -2 -2 -1 -2 -2 -1 -2 0 0 -2 -2 -2 -2 -1 -1 0 -2 0 0 -2 0 -1 -2 -1 -1 0 -2 -2 0 0 -1 -2 -2 0 0 0 0 0 0 -1 -1 -1 0 0 -2 -1 0 -2 -2 0 0 -2 -2 -2 -2 -2 0 0 -1 -2 0 -1 -1 -1 -2 -2
-0.708112425551052 1.26128588632308 -0.754504323834789 1.6458744500502 -0.420204285038797 1 2 1 1 0 1 2 2 2 0 1 2 1 2 2 2 1 2 2 1 0 2 0 1 0 1 2 2 0 0 0 0 0 0 2 2 2 2 2 2 2 2 0 0 1 2 2 2 0 1 0 2 0 0 1 0 1 1 0 1 0 1 1 0 1 2 2 2 1 0 0 0 1 1 1 1 1 1 2 2 1 0 2 2 1 1 1 2 1 2 2 2 0 1 2 2 2 0 0 2 1 2 1 1 0 1 2 2 2 0 1 2 1 2 2 2 1 2 2 1 0 2 0 1 0 1 2 2 0 0 0 0 0 0 2 2 2 2 2 2 2 2 0 0 1 2 2 2 0 1 0 2 0 0 1 0 1 1 0 1 0 1 1 0 1 2 2 2 1 0 0 0 1 1 1 1 1 1 2 2 1 0 2 2 1 1 1 2 1 2 2 2 0 1 2 2 2 0 0 2 1
0.425915468048483 0.373233104288722 1.74202026360833 0.288558699551679 0.206580530357439 1 1 0 2 1 1 2 0 0 0 1 1 1 1 2 2 0 1 1 0 1 2 0 2 1 1 0 1 1 2 0 0 1 0 2 2 2 2 1 1 2 1 0 0 1 1 2 2 1 1 0 2 0 0 2 1 2 2 0 0 0 1 1 0 1 2 2 2 1 0 0 2 0 1 1 0 1 2 2 2 2 1 2 2 0 1 2 2 2 2 2 2 2 2 2 0 0 0 0 0 0 1 0 2 1 1 2 0 0 0 1 1 1 1 2 2 0 1 1 0 1 2 0 2 1 1 0 1 1 2 0 0 1 0 2 2 2 2 1 1 2 1 0 0 1 1 2 2 1 1 0 2 0 0 2 1 2 2 0 0 0 1 1 0 1 2 2 2 1 0 0 2 0 1 1 0 1 2 2 2 2 1 2 2 0 1 2 2 2 2 2 2 2 2 2 0 0 0 0 0 0
1.99857484385236 -0.225164231939657 -0.549995671324831 -0.730545382822306 -0.927828916252197 -1 2 0 0 1 0 2 1 2 0 2 1 2 1 2 2 1 2 2 0 1 2 0 0 1 1 0 0 0 1 0 1 2 0 1 2 2 2 2 2 2 2 0 0 2 2 2 2 0 1 0 1 0 0 1 0 0 2 0 0 0 1 1 0 1 1 2 2 1 0 0 1 0 0 1 1 0 1 2 2 1 0 2 1 0 0 1 1 2 2 1 1 2 2 2 1 1 1 1 2 2 -2 0 0 -1 0 -2 -1 -2 0 -2 -1 -2 -1 -2 -2 -1 -2 -2 0 -1 -2 0 0 -1 -1 0 0 0 -1 0 -1 -2 0 -1 -2 -2 -2 -2 -2 -2 -2 0 0 -2 -2 -2 -2 0 -1 0 -1 0 0 -1 0 0 -2 0 0 0 -1 -1 0 -1 -1 -2 -2 -1 0 0 -1 0 0 -1 -1 0 -1 -2 -2 -1 0 -2 -1 0 0 -1 -1 -2 -2 -1 -1 -2 -2 -2 -1 -1 -1 -1 -2 -2
0.134060653739778 1.42292898040221 0.363652085848887 0.212624691270296 1.23601603010363 -1 2 1 1 0 0 2 1 1 0 2 1 0 0 1 2 1 1 1 0 0 1 0 0 1 2 1 2 0 1 0 2 2 1 1 2 2 2 2 1 1 1 0 0 1 2 2 2 2 2 0 2 0 0 1 1 2 2 0 1 0 2 2 1 1 2 2 2 1 0 0 0 0 0 2 0 0 1 1 2 2 1 2 1 0 0 1 2 2 1 1 0 0 1 2 1 1 0 0 2 2 -2 -1 -1 0 0 -2 -1 -1 0 -2 -1 0 0 -1 -2 -1 -1 -1 0 0 -1 0 0 -1 -2 -1 -2 0 -1 0 -2 -2 -1 -1 -2 -2 -2 -2 -1 -1 -1 0 0 -1 -2 -2 -2 -2 -2 0 -2 0 0 -1 -1 -2 -2 0 -1 0 -2 -2 -1 -1 -2 -2 -2 -1 0 0 0 0 0 -2 0 0 -1 -1 -2 -2 -1 -2 -1 0 0 -1 -2 -2 -1 -1 0 0 -1 -2 -1 -1 0 0 -2 -2
-0.486729977570938 -0.90237174818028 0.29925848304029 1.5264339926854 -1.15464567229879 1 2 2 2 2 0 2 1 2 1 2 2 2 0 1 2 0 0 2 0 1 1 0 1 2 1 1 2 0 1 0 0 2 1 2 2 2 1 2 2 2 0 0 0 0 2 2 2 1 1 0 2 0 0 2 0 2 2 0 2 0 0 0 0 1 0 2 2 1 0 0 0 1 2 0 0 0 1 2 2 1 1 2 1 0 0 0 1 2 0 0 0 0 1 2 1 1 0 0 1 2 2 2 2 2 0 2 1 2 1 2 2 2 0 1 2 0 0 2 0 1 1 0 1 2 1 1 2 0 1 0 0 2 1 2 2 2 1 2 2 2 0 0 0 0 2 2 2 1 1 0 2 0 0 2 0 2 2 0 2 0 0 0 0 1 0 2 2 1 0 0 0 1 2 0 0 0 1 2 2 1 1 2 1 0 0 0 1 2 0 0 0 0 1 2 1 1 0 0 1 2
-1.39469922336946 -0.128451754404194 -0.0550619767627221 1.31384236607919 0.83247423699068 -1 2 0 2 2 0 2 1 0 0 2 2 1 1 2 2 2 0 0 0 0 1 0 1 2 2 1 2 1 1 0 1 0 1 2 2 2 2 2 1 2 1 1 0 2 2 2 2 0 0 0 1 0 0 1 0 1 2 0 1 0 1 2 0 1 2 2 2 1 0 0 1 0 1 1 0 1 1 0 2 1 0 2 1 0 0 0 2 2 1 0 0 1 1 2 1 2 1 1 2 2 -2 0 -2 -2 0 -2 -1 0 0 -2 -2 -1 -1 -2 -2 -2 0 0 0 0 -1 0 -1 -2 -2 -1 -2 -1 -1 0 -1 0 -1 -2 -2 -2 -2 -2 -1 -2 -1 -1 0 -2 -2 -2 -2 0 0 0 -1 0 0 -1 0 -1 -2 0 -1 0 -1 -2 0 -1 -2 -2 -2 -1 0 0 -1 0 -1 -1 0 -1 -1 0 -2 -1 0 -2 -1 0 0 0 -2 -2 -1 0 0 -1 -1 -2 -1 -2 -1 -1 -2 -2
-0.543974695067962 0.490804612420043 2.24288325270398 -0.639431286997975 -0.556528666269281 1 2 0 1 1 1 2 2 1 0 2 0 1 1 2 2 1 2 2 0 0 2 0 0 1 2 1 2 2 2 0 0 2 1 2 2 2 2 2 2 2 0 0 0 2 2 2 2 2 1 0 2 0 0 1 0 1 2 0 1 1 1 1 1 1 2 2 2 1 0 0 1 1 1 1 2 2 2 2 2 1 0 1 1 1 1 1 1 1 1 1 1 0 0 2 0 2 2 1 1 2 2 0 1 1 1 2 2 1 0 2 0 1 1 2 2 1 2 2 0 0 2 0 0 1 2 1 2 2 2 0 0 2 1 2 2 2 2 2 2 2 0 0 0 2 2 2 2 2 1 0 2 0 0 1 0 1 2 0 1 1 1 1 1 1 2 2 2 1 0 0 1 1 1 1 2 2 2 2 2 1 0 1 1 1 1 1 1 1 1 1 1 0 0 2 0 2 2 1 1 2
0.0173861354467584 -0.696817304503363 -2.39244460847442 -1.32301274637058 0.26489569272447 1 2 0 1 1 0 2 2 2 0 1 1 0 1 1 2 1 2 1 0 1 1 0 1 2 2 1 1 0 2 0 0 1 0 2 2 2 2 2 2 1 2 1 0 2 1 2 2 2 2 0 2 0 0 2 0 1 2 0 1 1 1 1 1 0 1 2 2 1 0 0 1 1 1 2 2 2 1 2 2 1 0 2 1 0 0 1 2 2 2 2 1 2 2 2 2 2 1 2 2 1 2 0 1 1 0 2 2 2 0 1 1 0 1 1 2 1 2 1 0 1 1 0 1 2 2 1 1 0 2 0 0 1 0 2 2 2 2 2 2 1 2 1 0 2 1 2 2 2 2 0 2 0 0 2 0 1 2 0 1 1 1 1 1 0 1 2 2 1 0 0 1 1 1 2 2 2 1 2 2 1 0 2 1 0 0 1 2 2 2 2 1 2 2 2 2 2 1 2 2 1
-1.1129869634952 0.940373065016362 0.596882076345617 0.032321166575225 -0.772391501082256 -1 1 0 0 0 0 2 1 2 0 2 1 2 1 2 2 2 1 1 0 1 2 0 0 1 2 1 2 1 2 0 1 2 1 2 2 2 1 2 1 2 1 0 0 1 2 2 2 2 2 0 2 0 0 1 0 2 2 2 1 1 1 0 0 0 2 2 2 2 0 0 0 0 0 0 1 1 0 2 2 2 0 2 1 0 0 0 1 1 1 2 1 0 1 2 0 1 1 0 2 1 -1 0 0 0 0 -2 -1 -2 0 -2 -1 -2 -1 -2 -2 -2 -1 -1 0 -1 -2 0 0 -1 -2 -1 -2 -1 -2 0 -1 -2 -1 -2 -2 -2 -1 -2 -1 -2 -1 0 0 -1 -2 -2 -2 -2 -2 0 -2 0 0 -1 0 -2 -2 -2 -1 -1 -1 0 0 0 -2 -2 -2 -2 0 0 0 0 0 0 -1 -1 0 -2 -2 -2 0 -2 -1 0 0 0 -1 -1 -1 -2 -1 0 -1 -2 0 -1 -1 0 -2 -1
0.748602458799309 0.650468345774343 1.38303484317659 -1.24142670165858 -0.148538157225742 1 1 1 2 2 0 1 2 2 1 2 0 2 0 2 2 0 1 1 0 0 1 0 2 2 2 0 2 0 1 0 1 2 1 1 0 1 0 1 1 1 0 0 0 2 2 2 2 1 2 0 1 0 0 0 0 1 1 0 1 1 1 0 0 0 1 2 2 0 0 0 0 0 1 2 2 2 2 1 2 2 0 2 1 0 1 1 1 2 2 1 1 2 2 2 1 2 1 1 2 2 1 1 2 2 0 1 2 2 1 2 0 2 0 2 2 0 1 1 0 0 1 0 2 2 2 0 2 0 1 0 1 2 1 1 0 1 0 1 1 1 0 0 0 2 2 2 2 1 2 0 1 0 0 0 0 1 1 0 1 1 1 0 0 0 1 2 2 0 0 0 0 0 1 2 2 2 2 1 2 2 0 2 1 0 1 1 1 2 2 1 1 2 2 2 1 2 1 1 2 2
2.24808839725266 1.40626091552061 -1.90900428900673 1.62567494282606 0.581262296260855 1 2 2 2 2 2 1 2 2 0 2 1 1 1 2 2 1 1 1 0 1 2 0 1 1 0 0 0 0 2 0 0 0 0 2 2 2 0 2 1 1 2 0 0 1 2 2 2 1 0 0 2 0 0 2 0 2 2 1 2 2 1 0 0 1 2 2 2 1 1 0 0 0 0 2 1 2 2 0 2 1 0 1 0 0 0 0 2 2 1 2 0 2 0 2 1 1 0 1 2 2 2 2 2 2 2 1 2 2 0 2 1 1 1 2 2 1 1 1 0 1 2 0 1 1 0 0 0 0 2 0 0 0 0 2 2 2 0 2 1 1 2 0 0 1 2 2 2 1 0 0 2 0 0 2 0 2 2 1 2 2 1 0 0 1 2 2 2 1 1 0 0 0 0 2 1 2 2 0 2 1 0 1 0 0 0 0 2 2 1 2 0 2 0 2 1 1 0 1 2 2
-0.389654806256915 0.942541617190108 0.957630378073661 0.836925382498469 1.16422664860985 1 0 0 1 0 0 1 2 2 1 2 0 0 1 2 2 1 1 1 0 2 2 0 0 1 1 1 2 0 1 0 1 2 1 2 2 2 1 2 2 2 2 0 0 1 2 2 2 1 1 0 2 0 0 2 1 2 2 2 2 2 2 2 1 1 2 2 1 1 0 0 0 0 0 1 2 2 1 1 2 1 0 2 0 0 0 1 0 2 2 0 0 0 1 2 0 1 0 0 2 2 0 0 1 0 0 1 2 2 1 2 0 0 1 2 2 1 1 1 0 2 2 0 0 1 1 1 2 0 1 0 1 2 1 2 2 2 1 2 2 2 2 0 0 1 2 2 2 1 1 0 2 0 0 2 1 2 2 2 2 2 2 2 1 1 2 2 1 1 0 0 0 0 0 1 2 2 1 1 2 1 0 2 0 0 0 1 0 2 2 0 0 0 1 2 0 1 0 0 2 2
-1.24296915653861 -1.77005888389196 -0.0946927749915136 0.000817143721570046 -0.988347665609664 1 2 0 0 1 0 2 2 2 0 2 2 1 2 2 2 2 2 2 2 2 2 0 1 2 2 2 2 0 2 1 1 1 2 2 2 2 1 2 2 2 0 0 0 2 2 2 2 1 1 0 2 0 0 1 0 1 2 1 1 1 0 1 0 0 2 2 2 1 0 0 1 1 1 2 2 2 2 1 2 2 0 2 0 0 0 0 2 1 0 0 0 1 0 2 0 0 1 0 1 1 2 0 0 1 0 2 2 2 0 2 2 1 2 2 2 2 2 2 2 2 2 0 1 2 2 2 2 0 2 1 1 1 2 2 2 2 1 2 2 2 0 0 0 2 2 2 2 1 1 0 2 0 0 1 0 1 2 1 1 1 0 1 0 0 2 2 2 1 0 0 1 1 1 2 2 2 2 1 2 2 0 2 0 0 0 0 2 1 0 0 0 1 0 2 0 0 1 0 1 1
0.276488107276298 -0.746134932392206 0.225759218573881 0.0760189561330778 -0.0925115769430173 1 2 1 2 1 0 2 1 1 0 2 1 1 2 2 2 2 1 1 0 1 1 0 1 1 1 0 2 1 2 1 1 2 1 2 2 2 2 2 1 1 0 0 0 1 1 1 2 1 1 0 1 0 0 1 0 2 2 1 1 1 0 1 1 2 1 2 2 1 0 0 1 1 0 1 2 2 1 1 2 2 1 2 0 0 0 1 2 1 2 1 0 1 1 2 1 1 0 1 1 1 2 1 2 1 0 2 1 1 0 2 1 1 2 2 2 2 1 1 0 1 1 0 1 1 1 0 2 1 2 1 1 2 1 2 2 2 2 2 1 1 0 0 0 1 1 1 2 1 1 0 1 0 0 1 0 2 2 1 1 1 0 1 1 2 1 2 2 1 0 0 1 1 0 1 2 2 1 1 2 2 1 2 0 0 0 1 2 1 2 1 0 1 1 2 1 1 0 1 1 1
-1.47339887332447 -0.357191527213319 0.986089686271991 -1.80309037058972 0.226690067453761 -1 1 0 0 1 0 2 2 2 1 1 1 1 1 2 2 1 2 2 0 0 1 0 1 2 1 0 1 0 2 2 0 2 2 2 2 2 1 2 2 1 1 0 0 2 2 2 2 2 2 0 2 0 0 1 0 2 2 1 1 1 2 1 1 1 2 2 2 0 0 0 0 0 0 1 2 2 1 2 2 2 1 2 1 0 0 1 0 1 0 1 1 2 1 2 1 1 0 2 2 1 -1 0 0 -1 0 -2 -2 -2 -1 -1 -1 -1 -1 -2 -2 -1 -2 -2 0 0 -1 0 -1 -2 -1 0 -1 0 -2 -2 0 -2 -2 -2 -2 -2 -1 -2 -2 -1 -1 0 0 -2 -2 -2 -2 -2 -2 0 -2 0 0 -1 0 -2 -2 -1 -1 -1 -2 -1 -1 -1 -2 -2 -2 0 0 0 0 0 0 -1 -2 -2 -1 -2 -2 -2 -1 -2 -1 0 0 -1 0 -1 0 -1 -1 -2 -1 -2 -1 -1 0 -2 -2 -1
0.366583672717905 1.43672264707972 -0.539050655349081 -0.51603538743578 0.510880140601484 1 2 1 2 2 1 0 0 0 0 2 0 1 0 1 2 1 2 2 1 0 0 0 0 0 0 0 1 0 1 0 1 2 2 1 2 2 2 2 1 2 2 1 0 1 1 2 2 0 1 0 2 0 0 0 1 2 2 1 1 0 1 1 0 1 2 2 2 1 0 0 1 0 0 1 0 2 0 2 2 2 1 2 1 0 0 0 0 2 0 0 0 0 0 2 1 1 1 2 2 2 2 1 2 2 1 0 0 0 0 2 0 1 0 1 2 1 2 2 1 0 0 0 0 0 0 0 1 0 1 0 1 2 2 1 2 2 2 2 1 2 2 1 0 1 1 2 2 0 1 0 2 0 0 0 1 2 2 1 1 0 1 1 0 1 2 2 2 1 0 0 1 0 0 1 0 2 0 2 2 2 1 2 1 0 0 0 0 2 0 0 0 0 0 2 1 1 1 2 2 2
-1.33264296155177 -0.226999428908247 -1.40684375491478 0.620740408933865 0.549316187327988 1 1 0 1 0 0 2 2 2 1 2 1 1 1 2 2 2 1 0 0 1 1 1 0 1 2 0 1 0 0 0 0 1 0 2 2 2 2 2 2 2 2 0 1 2 1 2 2 0 2 0 2 0 0 1 0 2 2 1 2 2 1 1 1 1 0 2 1 0 0 0 0 0 0 1 1 2 0 1 2 1 1 2 2 0 0 0 1 2 2 2 2 1 2 2 1 2 1 1 2 2 1 0 1 0 0 2 2 2 1 2 1 1 1 2 2 2 1 0 0 1 1 1 0 1 2 0 1 0 0 0 0 1 0 2 2 2 2 2 2 2 2 0 1 2 1 2 2 0 2 0 2 0 0 1 0 2 2 1 2 2 1 1 1 1 0 2 1 0 0 0 0 0 0 1 1 2 0 1 2 1 1 2 2 0 0 0 1 2 2 2 2 1 2 2 1 2 1 1 2 2
1.74933066224744 0.329637382709694 0.481016965180185 -0.952207975785372 -0.959356463394304 -1 1 0 1 1 0 2 2 2 0 2 2 0 1 2 2 2 1 2 0 1 2 0 1 1 1 1 2 1 2 0 0 0 0 2 2 1 0 0 1 2 1 1 0 1 1 2 2 1 2 0 2 0 0 1 0 2 2 2 1 1 0 1 0 1 2 2 2 1 0 1 0 0 0 0 0 1 0 2 2 1 0 1 1 0 0 1 1 2 1 2 1 0 1 2 0 0 0 0 1 2 -1 0 -1 -1 0 -2 -2 -2 0 -2 -2 0 -1 -2 -2 -2 -1 -2 0 -1 -2 0 -1 -1 -1 -1 -2 -1 -2 0 0 0 0 -2 -2 -1 0 0 -1 -2 -1 -1 0 -1 -1 -2 -2 -1 -2 0 -2 0 0 -1 0 -2 -2 -2 -1 -1 0 -1 0 -1 -2 -2 -2 -1 0 -1 0 0 0 0 0 -1 0 -2 -2 -1 0 -1 -1 0 0 -1 -1 -2 -1 -2 -1 0 -1 -2 0 0 0 0 -1 -2
