20 17 12 9 10
20 17 11 14 12
21 26 10 15 13
27 14 14 16 9
27 17 22 6 14
22 19 13 16 8
20 24 17 15 15
22 20 10 10 14
29 24 17 8 8
24 25 11 12 10
25 22 19 9 13
21 20 24 13 9
14 14 13 7 12
22 19 8 10 15
23 11 13 8 13
15 20 13 11 15
24 14 17 11 13
20 22 21 15 9
19 22 14 15 8
24 19 12 18 12
14 14 15 10 13
24 22 13 12 10
17 21 11 21 13
26 25 21 11 11
25 17 25 15 12
28 17 15 9 17
21 22 12 15 12
18 17 12 20 9
16 24 15 12 17
22 25 7 12 14
22 15 17 18 13
22 19 9 10 10
22 16 10 12 11
24 20 19 11 9
24 15 17 12 15
25 17 17 18 11
19 19 12 10 10
18 17 13 10 13
22 18 11 11 11
22 16 10 11 9
22 17 17 13 14
23 17 6 14 9
20 17 18 11 12
21 19 12 15 15
18 23 11 16 10
24 21 19 11 9
22 19 17 16 10
27 18 12 12 9
13 21 14 9 15
22 21 19 15 7
20 20 18 10 14
22 18 11 18 7
22 14 19 13 17
22 15 17 17 8
24 18 18 10 15
19 20 13 8 13
19 22 21 13 19
23 22 13 7 10
26 20 16 13 8
24 28 16 8 12
20 20 8 12 6
25 16 13 19 11
16 15 10 9 8
27 22 12 7 7
16 16 17 11 11
17 19 13 14 10
21 22 11 10 8
24 17 19 9 11
23 23 17 15 10
15 19 14 21 13
22 15 9 7 13
25 22 10 14 10
23 18 12 9 10
23 22 14 19 11
21 15 15 6 16
23 16 9 8 14
23 17 20 13 10
24 20 11 14 9
21 21 19 11 11
25 18 12 12 9
24 19 16 16 8
27 23 11 13 8
20 11 13 4 8
24 20 22 9 14
27 21 16 13 15
22 19 13 14 9
22 23 8 14 9
22 20 22 20 12
23 22 9 12 9
19 20 9 17 8
23 25 19 19 11
18 21 18 13 9
26 22 20 11 12
20 24 15 15 8
24 17 6 12 14
15 28 9 13 14
19 18 13 15 9
28 20 15 16 12
27 24 13 14 16
27 17 12 16 9
