0.765781186843855 0.551131169657332 0.532300075911549 0.817059657764232 0.793505917621917
1.2997409914845 0.98793810482919 0.286241927640404 0.410720012188137 0.468539978237546
1.69699276789136 1.50557318438806 0.44100665180805 0.566773955596569 0.6643739009349
5.74425680084334 0.519411730837159 0.666542757655757 0.708370891661236 0.631204379315521
2.54646311858214 0.686676395935687 0.634899997417502 0.619654097913804 0.465981096268729
1.18320507031032 0.708536596879615 0.445294037062256 0.679200447925369 0.605697477606275
1.64796115551889 2.15738925819225 0.669572932122016 0.796031314646919 0.841517210631094
1.80786836487073 1.07454431512627 0.400652218880763 0.41521555428302 0.805609275434908
3.65363435763366 1.4302023312595 0.931083641537505 0.693052328742759 0.532123913156223
1.5643890391792 1.31354273094781 0.423220650387177 0.684731732216679 0.855254253114363
0.647860569848052 1.17090717369251 0.990171759327214 0.619342380747196 1.35746399682132
1.22521728666681 1.04298907709968 1.15817663026982 0.66878146959758 0.602335667295762
0.850340718911923 0.869480183238929 0.630273437343672 0.502451669223664 0.556636987934943
2.22839380302366 1.08367090490235 0.527327651933067 0.72562573313301 0.557830813682429
1.14231766332484 0.795870498700511 0.615443975131791 0.38658876290284 0.933959861451207
0.414053991144703 0.663101398830306 0.804318218414327 0.688143544965389 0.61175832707892
2.56609619588047 0.70779729036989 0.626305237855461 0.397932821500398 0.821255152976863
1.69238673784283 0.677844776209967 1.05705771863194 0.715123116847503 0.320750651551781
0.861801940400847 1.07184998232831 0.632641025092791 0.681230685263377 0.478088615632554
1.39236528212722 1.73237813148505 0.563722080384205 0.503956817117018 0.837355337236753
0.664518242533109 0.642538210252015 0.564091525628469 0.640726949721451 0.574120329447958
0.839277663964536 0.380867520079187 0.867827652210761 0.594728840315507 0.881914526925157
1.022119633414 0.616325206572974 0.529195884554042 0.740875532318287 0.551928716744746
2.80410646593012 1.21098654600616 0.76158574100513 0.679721578769536 0.564509485808674
2.31826874174864 1.60948034038961 0.934933548065702 1.11992864129414 0.74213149067252
4.65022532710431 0.746144445401732 1.0332608620338 0.93171820154222 0.970668907390568
1.11819907067537 1.33928886785395 0.396347180823346 0.578288700143023 0.840279817866745
1.26543650966667 0.583274384464814 0.463085767621234 0.890727334690223 0.963597740910725
0.97744563384774 1.39136581781391 0.568462320100423 0.420587462767318 0.730347197950917
1.46936780659819 1.23047982336466 0.597702140613994 0.578103594030453 0.596449487466983
2.11770505683674 0.532534498175296 0.727756971664788 0.388541162952501 0.909712975167937
1.92284754759379 0.705161809146596 0.414097021765985 0.420638784877187 0.720989465953626
1.01452320568615 0.260769305924893 0.635054026692183 0.627910558446643 0.580546700924218
1.45408070870303 0.491923998320803 0.729425433093668 0.623908288289921 0.744497771680337
1.00964637718598 0.580825940623131 0.841251295016829 0.823171957297105 0.603684902897619
2.41893441186558 0.884617045020556 0.674326589906997 0.622695634023203 0.51284393799209
1.78821372106773 0.389487148581101 0.517846574346485 0.571208670527289 0.679004757682775
0.421915867614964 0.60398199825169 0.621384438822453 0.521151472968395 0.759810385160759
1.81365205973815 1.9022670839084 0.578377732276796 0.585771108828532 1.22496159244815
0.576312368018643 0.658539904837659 0.240345694266612 0.449575143050977 1.10734708548398
1.83234982877756 1.74194726000169 0.402461139421306 0.416456822912316 0.493513132013446
1.62834372704862 0.326300020307824 0.413504196501579 0.674993994566771 0.744093993769382
1.50248672967095 0.845959773953326 0.820694389585791 0.386960970984983 1.15031854108057
1.71876900945927 1.12999329407771 0.404772847954099 0.420472959910108 1.14550324485721
1.01999583764469 1.41776835122188 0.649366716108528 0.737363593215075 0.576583135822231
2.04198976465276 1.16566518896186 0.607701548442085 0.354395733398648 0.803578591662523
0.615781482812533 1.06360650276826 1.046045661325 1.17969542927994 0.800645996862242
1.98291355052227 1.82988441361153 0.339907757452669 0.434402027860539 0.422596019345013
0.409277253392306 1.28233224609909 0.693931207950832 0.636191874668961 0.621891405184366
2.27186987712137 1.13124304963959 0.410722015223164 0.386306184715101 0.713932408813347
1.05815591645112 0.487844120010504 0.807900346015503 0.426943129261123 0.865997045683408
1.26623313154077 1.29213638555591 0.559726414458399 0.731748381692295 0.697515508027915
1.7744351365681 0.561675225823563 0.664770299994563 0.432144633536784 0.973641807775936
1.1172939622293 0.4636519338137 0.647456094253262 0.515717733223518 0.554509061923099
3.06336699889687 0.489390643992645 0.659441740840559 0.838451415501622 1.21555624860561
1.83571670629472 0.892782534535573 0.570910161432649 0.312688706947166 1.05245393953333
1.47379071232519 1.05979685156219 0.702523988604767 0.381702554992206 1.21605262333851
1.36270611504882 0.884810929002625 0.672410395701173 0.414940511404058 0.561887671163963
2.80544410549742 0.938484399011934 0.787694941202092 0.640509562647 0.50807967359477
0.927963330176958 2.04669267301279 0.57920929279058 0.734059711454775 0.737131689500786
0.997742399147038 1.19791352740763 0.505413380632331 0.525677443994196 0.502675978746187
1.80316800151061 0.770803376641083 0.814562032249982 0.484753012163472 0.739289099944531
0.948790359037428 0.809969151321968 0.796530543659915 0.67157885286843 0.68470922609569
2.63730469045394 1.62723974515307 0.527801495268571 0.701466694082938 1.11780997743179
1.26004568664699 0.90317417322669 0.569647949734571 0.556999359052214 1.32750934918413
1.03755897846799 0.568825614344714 0.820576093474142 0.803067552172275 1.1438700939547
2.047097025677 0.711380260892764 0.643961985795432 0.728755337493937 0.536264763545069
2.94563355772627 0.697306420357718 0.682528057785562 0.41759246398389 0.718729668195606
2.73092441608714 1.0104093645512 0.426080020066667 0.424457751401588 0.706787972187195
0.97002366248167 0.60408709765781 1.02801836888224 0.549223203574743 0.448672677854484
1.77240658792039 0.740193004524464 0.217550273262865 0.437846131209796 0.665526287953968
3.47555400252896 0.814195464708986 0.264175360722067 0.697800794364464 0.562210804893156
2.03651088783126 0.850278708397415 0.794198936049871 0.320240458301349 0.61175692515785
1.4958086363649 0.865056697234697 0.468751845182044 0.920825054960136 0.392230433364732
2.12307855880656 0.745151890278462 0.265419223688665 0.522395592473414 1.10769561496511
1.358101955577 0.71826546019365 0.329668000698109 0.611647125945397 0.765128163738294
1.99343572463157 0.539854270373333 0.663507696040394 0.638767741852236 0.496561850715645
2.05087089821902 0.471420283866574 0.296424627993543 0.403132075377707 0.467463133730215
1.29589536890684 0.681333168656019 0.722094248373295 0.461671524721358 0.667163894000504
2.23852005474157 0.76334086338726 0.658107507159431 0.789359420497856 0.380993603898155
3.11913729236176 0.977544994659498 0.385194530077404 0.880022903256812 0.638398954309103
2.62024820336861 0.292893041288249 0.412762318569002 0.929632633525452 0.658468703927564
0.822493074172341 0.335963154399883 0.690587032529066 0.60085946039586 0.680098080084698
1.75935134645617 0.868138364036055 0.741918708402682 0.503608604935688 0.736712616915218
1.06915790115515 0.960356800631853 0.562813083303894 0.607809913949585 0.72621320750621
1.23424887992277 0.750104971151898 0.661261158086581 0.41658611709076 0.536060692604291
2.08947071005477 1.24775935435093 0.669420937932714 0.70836043096397 0.409272291828498
1.69748119910914 1.34787105360841 0.853583168872938 0.830358242282474 0.499045813260838
2.51280908003728 1.58289819982786 0.200097940785927 0.428587473498395 0.799393197834633
1.15779903507023 1.43693332997229 0.284743120486341 0.498367560079615 0.997291735846734
2.51776570946848 1.33976105093537 0.626612547684213 0.564743195710227 0.54886961573472
1.10041023259457 0.293851105392807 0.485499088458021 0.524892074462381 0.337843666380235
2.38752140585531 1.40344589041673 0.407590221139161 0.315097815429896 0.79616420646992
0.799781638346067 1.00980835388368 0.544836080390571 0.889737520448675 0.578545360830525
2.31661869737983 1.08708699805046 0.416306720390418 0.622778857338067 0.792907705742421
0.287211913198223 1.65404419266503 0.536270257339011 0.465446222553533 0.795047845243378
0.968139980543391 0.957829326525114 0.797556469769308 0.446464941798224 0.733233231540806
2.8976806514811 0.47844715749066 0.478994819752106 0.713261314191978 0.477143585115672
1.71742249889927 1.13626320907476 0.359289319701226 0.678513068759489 0.711953245688211
2.53411028777013 0.552539025522393 0.614056758227873 0.64462371716744 0.94747587115324
