0.625 0.222222222222222 0
0.222222222222222 0.222222222222222 0.111111111111111
0.111111111111111 0 0
0.125 0.222222222222222 0
0.333333333333333 0 0
0.222222222222222 0 0
0.125 0 0
0.111111111111111 0.222222222222222 0
0.111111111111111 0 0
0 0 0
0.333333333333333 0.333333333333333 0
0.111111111111111 0.25 0
0.111111111111111 0 0
0.555555555555556 0.111111111111111 0
0.25 0.222222222222222 0
0.444444444444444 0.111111111111111 0.111111111111111
0 0.111111111111111 0.111111111111111
0.125 0 0.125
0.222222222222222 0.222222222222222 0
0.222222222222222 0.333333333333333 0.111111111111111
0.222222222222222 0 0
0.222222222222222 0.125 0
0.222222222222222 0 0.125
0.222222222222222 0 0
0.25 0.111111111111111 0
0.111111111111111 0 0.125
0.111111111111111 0.111111111111111 0
0.444444444444444 0 0.125
0.111111111111111 0.142857142857143 0.111111111111111
0.333333333333333 0.222222222222222 0
0 0 0.111111111111111
0.333333333333333 0.222222222222222 0
0.222222222222222 0 0
0.111111111111111 0.25 0
0.25 0.222222222222222 0.111111111111111
0.555555555555556 0.222222222222222 0
0.222222222222222 0.111111111111111 0
0.333333333333333 0.222222222222222 0
0.142857142857143 0.25 0
0.111111111111111 0 0
0.25 0.375 0
0.444444444444444 0 0
0 0 0.111111111111111
0.333333333333333 0 0.125
0 0.111111111111111 0.125
0.333333333333333 0.125 0
0.111111111111111 0 0
0.25 0 0
0.125 0.111111111111111 0
0.333333333333333 0.111111111111111 0.222222222222222
0.222222222222222 0.222222222222222 0
0.125 0.444444444444444 0.25
0.25 0.333333333333333 0
0.222222222222222 0.125 0
0.111111111111111 0.333333333333333 0
0.125 0.125 0.25
0.375 0.222222222222222 0
0.111111111111111 0.125 0.111111111111111
0.111111111111111 0.125 0
0.222222222222222 0.222222222222222 0
0.333333333333333 0.444444444444444 0
0.222222222222222 0.222222222222222 0
0.111111111111111 0.111111111111111 0
0.111111111111111 0.222222222222222 0.222222222222222
0.111111111111111 0.111111111111111 0
0.444444444444444 0.25 0
0.444444444444444 0.142857142857143 0.111111111111111
0 0.222222222222222 0
0.222222222222222 0 0
0.111111111111111 0.222222222222222 0
0.25 0.111111111111111 0
0.111111111111111 0.444444444444444 0
0.125 0 0
0.125 0 0
0.333333333333333 0 0
0.111111111111111 0 0.111111111111111
0.125 0 0
0.222222222222222 0 0
0.111111111111111 0 0.125
0.333333333333333 0.111111111111111 0.125
0.5 0 0.125
0.111111111111111 0.222222222222222 0
0.333333333333333 0.444444444444444 0.125
0.125 0 0
0.25 0.125 0
0.222222222222222 0 0.111111111111111
0 0.333333333333333 0
0.111111111111111 0.222222222222222 0.111111111111111
0.333333333333333 0.333333333333333 0
0.111111111111111 0 0
0.222222222222222 0.111111111111111 0
0.222222222222222 0.333333333333333 0
0.111111111111111 0.111111111111111 0
0.222222222222222 0.333333333333333 0.111111111111111
0.375 0.375 0.222222222222222
0.111111111111111 0.111111111111111 0
0.5 0.444444444444444 0
0.25 0.25 0.222222222222222
0.444444444444444 0.222222222222222 0
0.444444444444444 0 0
