-0.0898858333211392 1.38109019735808 -1.04432935335219 0.40175939327468 -1.09167529710834 1 0 2 1 1 1 1 2 2 1 0 0 0 2 2 0 1 1 0 2 2 0 1 1 0 0 1 1 2 1 0 0 2 1 1 1 1 2 2 1 0 0 0 2 2 0 1 1 0 2 2 0 1 1 0 0 1 1 2 1 0
-0.488449824948303 -0.882212838830722 -0.944522510468664 -1.80987657324313 -0.697495134702136 -1 1 2 1 2 2 0 2 2 0 0 0 1 2 2 0 1 2 0 2 2 1 1 0 1 0 1 1 1 0 0 -1 -2 -1 -2 -2 0 -2 -2 0 0 0 -1 -2 -2 0 -1 -2 0 -2 -2 -1 -1 0 -1 0 -1 -1 -1 0 0
-0.489232236331278 -0.842932281255408 0.587636661480033 1.18424912439007 -0.0744207115086708 1 0 2 0 1 2 0 2 2 0 0 1 0 2 2 0 0 1 0 2 1 0 1 1 1 0 0 1 1 1 0 0 2 0 1 2 0 2 2 0 0 1 0 2 2 0 0 1 0 2 1 0 1 1 1 0 0 1 1 1 0
-2.08349693122842 -0.926405663397651 0.798122223074538 -0.655196311688717 1.11975164050947 1 0 2 1 0 1 1 2 2 0 0 0 0 2 2 0 0 1 0 1 2 1 1 2 2 0 0 2 1 1 0 0 2 1 0 1 1 2 2 0 0 0 0 2 2 0 0 1 0 1 2 1 1 2 2 0 0 2 1 1 0
-2.21250088509768 1.10866969473233 1.20802677875404 0.924068022899987 1.09899812823054 -1 0 2 0 0 2 2 2 2 0 0 1 0 2 2 1 2 2 0 1 1 0 1 1 0 0 0 1 2 1 0 0 -2 0 0 -2 -2 -2 -2 0 0 -1 0 -2 -2 -1 -2 -2 0 -1 -1 0 -1 -1 0 0 0 -1 -2 -1 0
-0.806261361702459 0.596066539026531 0.0705587035669909 -0.671984535397403 0.838691878427086 1 0 2 0 0 0 0 1 2 0 0 0 1 2 2 0 0 2 0 1 1 0 1 1 1 0 0 0 1 1 0 0 2 0 0 0 0 1 2 0 0 0 1 2 2 0 0 2 0 1 1 0 1 1 1 0 0 0 1 1 0
-0.704805325028087 0.973632746906213 -0.701878085304409 -0.120238604736696 0.887797692109049 1 0 2 0 1 1 1 2 2 0 0 0 1 2 2 0 1 1 0 2 2 1 2 1 1 0 0 1 1 1 0 0 2 0 1 1 1 2 2 0 0 0 1 2 2 0 1 1 0 2 2 1 2 1 1 0 0 1 1 1 0
0.580660127452878 -0.950578458662121 -0.263388816878549 -1.25673290782284 1.11263315039164 1 0 2 0 0 2 1 2 2 0 0 0 0 2 2 0 1 1 0 2 1 1 2 2 1 0 0 1 1 1 0 0 2 0 0 2 1 2 2 0 0 0 0 2 2 0 1 1 0 2 1 1 2 2 1 0 0 1 1 1 0
1.1051721221902 0.457680331670293 0.579806968862339 0.664465719053499 0.019865261683052 1 1 2 0 1 0 1 2 1 0 0 0 0 2 2 0 1 2 0 1 2 1 1 2 1 0 0 1 1 1 0 1 2 0 1 0 1 2 1 0 0 0 0 2 2 0 1 2 0 1 2 1 1 2 1 0 0 1 1 1 0
1.24501970781813 -1.71459370416041 -0.550821174446209 0.514701411361921 0.403826650196607 1 0 2 1 1 2 2 2 2 0 1 2 0 2 1 0 0 1 0 1 1 0 1 2 2 1 1 2 2 0 0 0 2 1 1 2 2 2 2 0 1 2 0 2 1 0 0 1 0 1 1 0 1 2 2 1 1 2 2 0 0
1.00131871375342 -0.0705709793956188 1.71682064039761 -0.36783653237249 0.0935201508390782 1 1 2 1 2 2 2 2 2 1 0 1 0 2 2 0 2 1 0 2 2 1 1 0 1 0 0 1 1 0 0 1 2 1 2 2 2 2 2 1 0 1 0 2 2 0 2 1 0 2 2 1 1 0 1 0 0 1 1 0 0
-0.0302144408396325 -0.0718871071910828 0.461178245297802 -0.887575657877101 -0.487637913363606 1 1 2 1 1 2 2 2 2 0 0 2 0 2 2 0 2 2 0 1 1 0 1 0 0 0 0 1 0 0 0 1 2 1 1 2 2 2 2 0 0 2 0 2 2 0 2 2 0 1 1 0 1 0 0 0 0 1 0 0 0
-0.101265491134639 -1.8714367707116 -0.746180157059955 1.45735587635982 0.421198205660656 1 0 2 0 1 1 1 2 2 0 1 0 0 2 2 0 0 1 0 0 1 0 0 0 1 0 0 2 2 1 0 0 2 0 1 1 1 2 2 0 1 0 0 2 2 0 0 1 0 0 1 0 0 0 1 0 0 2 2 1 0
-0.520316451366515 1.62720866292319 0.426569316321137 -0.666647405525005 0.43324450279774 -1 1 2 0 1 2 1 2 1 0 0 0 0 2 2 0 1 2 0 0 2 0 0 2 1 0 0 2 2 0 0 -1 -2 0 -1 -2 -1 -2 -1 0 0 0 0 -2 -2 0 -1 -2 0 0 -2 0 0 -2 -1 0 0 -2 -2 0 0
0.789453669450342 0.393579283854486 -0.433023920928027 0.866955063471962 0.508588102358036 1 1 2 1 2 2 2 2 2 0 0 1 0 1 2 0 1 2 0 1 2 1 2 2 1 0 1 0 0 1 0 1 2 1 2 2 2 2 2 0 0 1 0 1 2 0 1 2 0 1 2 1 2 2 1 0 1 0 0 1 0
0.385131375387728 1.55304547606328 -0.362777367310921 0.580841191272654 -0.760824113895652 -1 0 2 0 1 2 0 2 2 0 0 1 0 2 1 1 2 1 0 1 2 0 1 0 0 0 0 1 2 2 0 0 -2 0 -1 -2 0 -2 -2 0 0 -1 0 -2 -1 -1 -2 -1 0 -1 -2 0 -1 0 0 0 0 -1 -2 -2 0
1.73022482109435 1.09852585491432 0.71375936980927 -1.78100224581286 0.269593534058136 1 0 2 0 1 1 0 2 1 0 0 0 0 1 2 0 1 1 0 0 1 1 2 1 2 0 1 0 0 0 0 0 2 0 1 1 0 2 1 0 0 0 0 1 2 0 1 1 0 0 1 1 2 1 2 0 1 0 0 0 0
-0.870548456498432 0.299428023507437 -2.05665073046952 -1.34133286114357 -2.05208156892195 1 0 2 0 0 1 2 2 2 1 0 1 0 2 2 0 0 2 0 1 1 0 1 2 1 0 1 2 2 2 0 0 2 0 0 1 2 2 2 1 0 1 0 2 2 0 0 2 0 1 1 0 1 2 1 0 1 2 2 2 0
0.201216841729698 -0.418862710257421 -0.344476383516518 -0.554348063882885 0.125556297550472 1 0 2 1 2 2 1 2 2 2 1 0 0 2 1 1 2 2 1 2 1 0 0 0 0 0 0 1 2 2 0 0 2 1 2 2 1 2 2 2 1 0 0 2 1 1 2 2 1 2 1 0 0 0 0 0 0 1 2 2 0
0.0668386295802318 1.38785230847848 1.46276864967395 1.77895415338699 -0.918674681943722 1 0 2 0 1 1 1 2 2 0 0 2 0 2 0 0 2 2 0 1 0 0 0 1 0 0 0 1 1 0 0 0 2 0 1 1 1 2 2 0 0 2 0 2 0 0 2 2 0 1 0 0 0 1 0 0 0 1 1 0 0
-0.0639746257470413 -0.0917860478631304 0.428646928823868 0.427127594306283 -0.457793442742358 -1 0 2 0 0 1 2 2 2 0 0 0 0 2 2 0 0 2 0 1 2 2 0 2 1 0 2 0 0 1 0 0 -2 0 0 -1 -2 -2 -2 0 0 0 0 -2 -2 0 0 -2 0 -1 -2 -2 0 -2 -1 0 -2 0 0 -1 0
1.08669331758492 -0.501890694736553 1.03652785115663 -0.299797848185278 0.688520930748612 -1 1 2 1 2 1 0 2 2 0 0 1 0 2 1 0 1 2 0 2 2 0 1 1 1 0 0 2 2 1 0 -1 -2 -1 -2 -1 0 -2 -2 0 0 -1 0 -2 -1 0 -1 -2 0 -2 -2 0 -1 -1 -1 0 0 -2 -2 -1 0
0.360049380686777 1.50128552111476 -0.312875651358338 0.907917209198595 1.35988872498853 -1 0 2 1 1 2 0 1 2 0 0 0 0 2 2 0 1 2 0 2 2 0 0 1 1 0 0 1 1 0 0 0 -2 -1 -1 -2 0 -1 -2 0 0 0 0 -2 -2 0 -1 -2 0 -2 -2 0 0 -1 -1 0 0 -1 -1 0 0
0.965012584653504 -0.943485938527621 1.10987421180119 0.146797077684829 -3.21801276468396 1 0 2 0 1 2 0 2 2 0 0 0 0 1 0 0 1 1 0 2 1 1 1 2 2 0 2 2 1 0 0 0 2 0 1 2 0 2 2 0 0 0 0 1 0 0 1 1 0 2 1 1 1 2 2 0 2 2 1 0 0
0.412899049843872 -0.561387621243775 0.148872309720545 -0.0642271752379582 0.196349131289444 1 0 2 1 2 2 1 2 2 1 0 2 0 2 1 0 1 2 0 2 0 0 1 2 1 0 0 1 2 1 1 0 2 1 2 2 1 2 2 1 0 2 0 2 1 0 1 2 0 2 0 0 1 2 1 0 0 1 2 1 1
-1.91658576845746 -1.45714567662322 0.792798441917209 0.0198137540559606 0.0788711563750301 1 1 2 1 0 0 0 1 2 0 0 0 1 2 1 0 1 2 0 1 1 0 1 1 0 0 2 1 1 1 1 1 2 1 0 0 0 1 2 0 0 0 1 2 1 0 1 2 0 1 1 0 1 1 0 0 2 1 1 1 1
0.536691159102663 0.865894281921624 -0.170674518511272 0.167863217152617 1.5645762972275 -1 0 2 1 1 2 1 2 2 1 0 0 0 1 1 0 0 2 0 1 2 1 1 0 0 0 0 1 1 1 0 0 -2 -1 -1 -2 -1 -2 -2 -1 0 0 0 -1 -1 0 0 -2 0 -1 -2 -1 -1 0 0 0 0 -1 -1 -1 0
-0.878842626510562 0.356343674004072 -1.74348247904195 -0.502777898365874 0.24119740368987 1 0 2 0 1 2 1 2 2 1 0 0 1 2 2 0 1 2 0 2 2 2 1 2 1 0 0 0 1 0 0 0 2 0 1 2 1 2 2 1 0 0 1 2 2 0 1 2 0 2 2 2 1 2 1 0 0 0 1 0 0
0.507638411187676 0.606909204034673 2.22272774089009 -0.511675932933506 -0.179279315027472 1 1 2 1 2 2 1 2 2 0 0 1 0 2 1 0 0 2 0 2 0 1 1 2 2 0 2 0 1 0 0 1 2 1 2 2 1 2 2 0 0 1 0 2 1 0 0 2 0 2 0 1 1 2 2 0 2 0 1 0 0
-1.13694667726787 1.92012415156129 0.826201518566823 2.10383601524751 -0.269885372647265 -1 2 2 2 1 2 1 2 2 0 0 0 0 2 2 0 1 2 0 1 1 1 2 1 1 0 0 1 1 2 0 -2 -2 -2 -1 -2 -1 -2 -2 0 0 0 0 -2 -2 0 -1 -2 0 -1 -1 -1 -2 -1 -1 0 0 -1 -1 -2 0
-0.28681106807099 -1.58010436150817 0.324614720682532 0.0257608362522482 -0.332815944175786 1 1 2 1 2 2 1 2 2 0 0 0 0 2 1 0 2 2 0 2 1 0 0 1 1 0 0 2 2 2 0 1 2 1 2 2 1 2 2 0 0 0 0 2 1 0 2 2 0 2 1 0 0 1 1 0 0 2 2 2 0
1.01230933116492 -0.715224785167113 -0.328725415412494 -0.686396833353548 0.131062786889173 -1 1 2 1 1 1 0 2 2 0 1 1 0 1 2 0 0 1 0 2 1 0 1 2 1 0 0 2 1 1 0 -1 -2 -1 -1 -1 0 -2 -2 0 -1 -1 0 -1 -2 0 0 -1 0 -2 -1 0 -1 -2 -1 0 0 -2 -1 -1 0
-0.209730474218838 -0.165105024772224 0.942928433436713 -0.788030711089371 -2.03268907211621 -1 1 2 0 1 0 0 2 2 1 0 1 0 1 2 1 2 2 0 2 1 0 2 2 2 0 0 0 0 0 0 -1 -2 0 -1 0 0 -2 -2 -1 0 -1 0 -1 -2 -1 -2 -2 0 -2 -1 0 -2 -2 -2 0 0 0 0 0 0
-0.476319087664603 0.4215605403959 -0.554388420082223 -1.01740024470077 1.11104551243122 -1 0 2 0 0 0 1 2 2 0 0 0 0 2 2 0 0 1 0 2 2 0 2 2 2 0 1 2 2 0 0 0 -2 0 0 0 -1 -2 -2 0 0 0 0 -2 -2 0 0 -1 0 -2 -2 0 -2 -2 -2 0 -1 -2 -2 0 0
-0.442156107015587 -0.938698877065227 0.843705916778424 0.0344424484120986 -0.306378066876762 -1 0 2 2 2 2 0 2 2 0 0 1 1 2 2 1 2 2 1 2 1 1 1 0 0 0 0 1 2 2 0 0 -2 -2 -2 -2 0 -2 -2 0 0 -1 -1 -2 -2 -1 -2 -2 -1 -2 -1 -1 -1 0 0 0 0 -1 -2 -2 0
0.485310026751633 0.16325994346687 1.76706722549078 -0.0579126323305744 -1.49379282191756 -1 0 2 0 2 2 2 2 2 0 0 0 0 2 2 0 1 1 0 2 0 0 1 0 0 0 1 1 1 1 0 0 -2 0 -2 -2 -2 -2 -2 0 0 0 0 -2 -2 0 -1 -1 0 -2 0 0 -1 0 0 0 -1 -1 -1 -1 0
0.0867227008920259 0.138792344611796 -1.17534799612657 1.04526497934845 1.12700525825876 -1 0 2 1 1 1 2 2 2 0 0 1 0 2 2 0 1 1 0 2 2 1 1 1 2 0 1 1 2 1 1 0 -2 -1 -1 -1 -2 -2 -2 0 0 -1 0 -2 -2 0 -1 -1 0 -2 -2 -1 -1 -1 -2 0 -1 -1 -2 -1 -1
0.914487689120836 -0.279704117936158 0.755187363421079 -1.52263255766317 0.459774843106846 -1 0 2 1 1 2 0 2 2 0 0 1 0 2 1 0 2 2 0 2 0 0 1 0 1 0 1 1 1 0 0 0 -2 -1 -1 -2 0 -2 -2 0 0 -1 0 -2 -1 0 -2 -2 0 -2 0 0 -1 0 -1 0 -1 -1 -1 0 0
0.0505392499955596 0.15162328476791 -0.677506138704181 -0.362788718234116 -0.199436983739364 1 0 2 2 1 2 2 2 2 0 0 1 0 2 2 1 2 2 0 1 2 1 1 2 1 0 0 2 1 2 0 0 2 2 1 2 2 2 2 0 0 1 0 2 2 1 2 2 0 1 2 1 1 2 1 0 0 2 1 2 0
0.795864079831923 -0.27222424797607 -0.594544940231837 -0.338468151596817 -1.11492580509475 -1 0 2 0 0 2 0 2 2 1 0 1 1 2 2 0 2 2 0 1 1 1 1 1 1 0 0 1 2 2 1 0 -2 0 0 -2 0 -2 -2 -1 0 -1 -1 -2 -2 0 -2 -2 0 -1 -1 -1 -1 -1 -1 0 0 -1 -2 -2 -1
0.539331154572788 0.38506284787422 0.397323712430077 1.16741006947545 -0.713846874489932 1 0 2 0 1 2 1 2 2 0 0 0 0 2 1 0 2 2 0 2 2 0 1 1 0 0 0 0 1 2 0 0 2 0 1 2 1 2 2 0 0 0 0 2 1 0 2 2 0 2 2 0 1 1 0 0 0 0 1 2 0
-0.260244207290149 -0.290323160948849 -1.2768864105357 -0.310908210469579 -0.982973896390193 1 0 2 0 0 2 1 2 1 0 0 0 0 1 2 0 0 1 0 2 0 0 0 1 1 0 0 0 1 1 0 0 2 0 0 2 1 2 1 0 0 0 0 1 2 0 0 1 0 2 0 0 0 1 1 0 0 0 1 1 0
0.329000262974233 -1.22028724744826 2.17798541720407 -1.19644092613758 -0.0683712394614741 -1 0 2 0 1 0 1 2 2 0 1 1 0 2 2 0 0 2 0 2 2 1 1 1 0 0 0 0 1 0 0 0 -2 0 -1 0 -1 -2 -2 0 -1 -1 0 -2 -2 0 0 -2 0 -2 -2 -1 -1 -1 0 0 0 0 -1 0 0
-0.125671538019875 -0.613870698055525 -2.36626216239467 -0.839293582505226 -0.253779021455563 -1 0 2 0 0 1 1 2 2 0 0 1 1 2 2 1 1 2 0 1 2 1 2 2 2 0 1 0 1 1 0 0 -2 0 0 -1 -1 -2 -2 0 0 -1 -1 -2 -2 -1 -1 -2 0 -1 -2 -1 -2 -2 -2 0 -1 0 -1 -1 0
0.912533823077483 -0.460006253947739 -0.691512747912651 -1.34797226901762 0.0906515120585634 1 1 2 1 1 2 1 2 2 0 0 1 0 2 2 1 2 2 0 1 0 0 0 1 0 0 0 1 2 0 0 1 2 1 1 2 1 2 2 0 0 1 0 2 2 1 2 2 0 1 0 0 0 1 0 0 0 1 2 0 0
1.05842366882118 -0.979730750922768 -1.23623458353685 -0.508730556368934 1.26705791589522 1 1 2 2 2 2 1 2 2 1 0 0 1 2 2 0 2 2 0 2 0 1 1 1 0 0 0 1 2 2 0 1 2 2 2 2 1 2 2 1 0 0 1 2 2 0 2 2 0 2 0 1 1 1 0 0 0 1 2 2 0
-1.21903380605758 1.0157294207882 0.81893229273191 -1.72922981663365 1.3812630485033 1 0 2 0 0 2 0 2 2 0 0 1 2 2 2 0 1 2 0 1 1 1 2 2 2 0 1 1 1 0 0 0 2 0 0 2 0 2 2 0 0 1 2 2 2 0 1 2 0 1 1 1 2 2 2 0 1 1 1 0 0
-1.00441291443718 0.243801352480653 0.365725784185917 -1.66280248197236 0.714062958499438 1 0 2 0 2 2 2 2 2 0 0 0 1 2 1 0 1 2 0 2 0 0 0 2 2 0 0 2 2 1 0 0 2 0 2 2 2 2 2 0 0 0 1 2 1 0 1 2 0 2 0 0 0 2 2 0 0 2 2 1 0
0.829110909984057 0.432929028540126 2.07810966023129 1.20339805149163 -0.191733561908245 -1 2 2 2 2 2 1 2 1 0 0 0 0 2 1 0 2 2 0 2 2 0 0 0 0 0 0 1 1 1 0 -2 -2 -2 -2 -2 -1 -2 -1 0 0 0 0 -2 -1 0 -2 -2 0 -2 -2 0 0 0 0 0 0 -1 -1 -1 0
-1.16133826991062 -0.747678588210407 1.3764438552975 0.607780743351264 0.354337568653357 -1 0 1 0 1 2 1 2 1 0 0 0 0 1 0 0 1 2 0 1 1 1 2 0 1 0 0 2 2 1 0 0 -1 0 -1 -2 -1 -2 -1 0 0 0 0 -1 0 0 -1 -2 0 -1 -1 -1 -2 0 -1 0 0 -2 -2 -1 0
0.807581857336798 -0.202406786125071 0.757957914184433 -0.640740604111481 -1.36312985896295 -1 0 2 0 2 1 1 2 2 0 0 1 0 1 1 0 0 1 0 1 1 1 2 2 1 0 1 0 0 0 0 0 -2 0 -2 -1 -1 -2 -2 0 0 -1 0 -1 -1 0 0 -1 0 -1 -1 -1 -2 -2 -1 0 -1 0 0 0 0
0.262431103607256 -2.39413844337176 -0.817162436643621 -0.791474140672 -0.587520325354801 -1 0 2 0 2 2 2 2 2 0 0 0 0 2 2 0 1 2 0 2 2 1 1 1 1 0 0 1 2 1 1 0 -2 0 -2 -2 -2 -2 -2 0 0 0 0 -2 -2 0 -1 -2 0 -2 -2 -1 -1 -1 -1 0 0 -1 -2 -1 -1
-0.738348762113537 -1.61175095586155 0.996171097183716 0.210183747754602 0.853797079664443 1 0 2 0 1 2 0 2 2 0 0 1 0 1 2 1 1 1 0 2 0 0 0 0 1 1 0 1 2 1 0 0 2 0 1 2 0 2 2 0 0 1 0 1 2 1 1 1 0 2 0 0 0 0 1 1 0 1 2 1 0
-0.929442679122077 1.11171651223637 0.207861847801408 -2.08584794575046 -0.694812139782614 1 0 2 0 1 1 1 2 2 1 0 1 0 2 2 0 0 1 0 2 1 0 1 1 0 0 0 2 2 0 0 0 2 0 1 1 1 2 2 1 0 1 0 2 2 0 0 1 0 2 1 0 1 1 0 0 0 2 2 0 0
0.493116805419024 0.739577749524087 -0.660837839386515 0.463524534249187 0.592703312495822 1 0 2 1 1 1 0 2 2 0 0 1 0 2 2 1 2 2 1 2 2 0 2 2 2 0 0 1 2 1 0 0 2 1 1 1 0 2 2 0 0 1 0 2 2 1 2 2 1 2 2 0 2 2 2 0 0 1 2 1 0
-0.739386918707541 0.18055708387068 -0.884670458867907 1.32661400260957 -0.211312819120997 -1 0 2 0 1 2 1 1 2 0 0 0 0 1 1 0 1 2 0 0 2 0 0 1 1 0 1 0 0 0 0 0 -2 0 -1 -2 -1 -1 -2 0 0 0 0 -1 -1 0 -1 -2 0 0 -2 0 0 -1 -1 0 -1 0 0 0 0
-0.138857570221076 -0.606093953206283 -0.851732662231839 0.50694188766384 1.48892895211435 -1 0 2 0 1 0 1 2 2 0 0 1 0 2 1 0 1 2 0 2 2 0 2 2 0 0 0 0 1 1 0 0 -2 0 -1 0 -1 -2 -2 0 0 -1 0 -2 -1 0 -1 -2 0 -2 -2 0 -2 -2 0 0 0 0 -1 -1 0
1.73237002463952 -1.38819226090177 1.17860129524561 -0.332069915990495 -0.363334884918747 1 1 2 1 2 2 1 2 2 0 0 0 0 2 1 0 1 0 0 1 1 0 0 0 1 0 0 1 1 1 0 1 2 1 2 2 1 2 2 0 0 0 0 2 1 0 1 0 0 1 1 0 0 0 1 0 0 1 1 1 0
-0.0802135182560367 0.842267674170423 -0.126510572923483 -0.735814384861315 -0.558889387608669 1 1 2 0 2 2 1 2 2 1 2 1 0 2 1 0 0 1 0 1 2 1 1 2 1 0 0 0 1 2 0 1 2 0 2 2 1 2 2 1 2 1 0 2 1 0 0 1 0 1 2 1 1 2 1 0 0 0 1 2 0
0.981064457198003 -0.164255589000547 -1.61438260607695 0.95841765142688 -0.492910587693825 1 0 2 0 0 1 0 2 2 0 1 2 0 2 1 0 0 1 0 2 0 0 0 2 1 1 1 1 0 0 0 0 2 0 0 1 0 2 2 0 1 2 0 2 1 0 0 1 0 2 0 0 0 2 1 1 1 1 0 0 0
2.32218047481917 0.00127782331515676 0.082650774445128 1.44146287797015 -2.17163880396508 -1 1 2 1 1 2 1 1 2 0 0 1 1 2 1 0 0 2 1 2 1 0 1 2 1 0 0 2 2 1 0 -1 -2 -1 -1 -2 -1 -1 -2 0 0 -1 -1 -2 -1 0 0 -2 -1 -2 -1 0 -1 -2 -1 0 0 -2 -2 -1 0
-1.36632238654489 0.633588460730714 1.18346484939951 0.673691980473822 0.121640650651878 1 0 2 0 1 1 1 2 2 1 0 2 0 2 2 0 2 2 0 0 2 0 2 2 1 0 1 0 1 0 0 0 2 0 1 1 1 2 2 1 0 2 0 2 2 0 2 2 0 0 2 0 2 2 1 0 1 0 1 0 0
0.521674648653189 0.805873806170424 0.464312569719821 0.235267798115468 0.254546926653479 -1 0 2 2 1 2 0 2 2 0 1 1 0 1 1 0 1 1 0 1 2 0 0 0 1 0 1 1 2 1 0 0 -2 -2 -1 -2 0 -2 -2 0 -1 -1 0 -1 -1 0 -1 -1 0 -1 -2 0 0 0 -1 0 -1 -1 -2 -1 0
-0.768516036386541 0.304203170088378 0.914113729669952 -1.60985451027552 0.948120732402527 -1 0 2 1 1 1 2 2 1 0 0 0 1 2 2 1 1 2 0 2 0 1 0 0 0 0 0 1 1 0 0 0 -2 -1 -1 -1 -2 -2 -1 0 0 0 -1 -2 -2 -1 -1 -2 0 -2 0 -1 0 0 0 0 0 -1 -1 0 0
-0.680063563255052 0.321384162642874 0.928738231158955 1.33975538912917 0.524966108224531 1 0 2 1 2 2 0 2 2 0 0 0 0 2 2 0 1 2 0 0 0 1 2 2 1 0 1 2 2 1 0 0 2 1 2 2 0 2 2 0 0 0 0 2 2 0 1 2 0 0 0 1 2 2 1 0 1 2 2 1 0
-0.665223549348026 0.535975589892794 -0.700799597307343 -0.390915495218654 -0.635176167951729 1 0 2 0 1 2 1 2 2 0 0 1 0 2 2 0 1 2 0 1 0 1 2 2 1 0 0 2 1 2 0 0 2 0 1 2 1 2 2 0 0 1 0 2 2 0 1 2 0 1 0 1 2 2 1 0 0 2 1 2 0
0.756217963917263 -0.957364582174087 0.103102625892335 -0.691328106621438 -1.25796620404645 1 0 2 1 2 2 0 1 1 0 0 0 1 2 2 1 0 2 0 2 2 1 1 1 1 0 0 2 2 0 0 0 2 1 2 2 0 1 1 0 0 0 1 2 2 1 0 2 0 2 2 1 1 1 1 0 0 2 2 0 0
-1.10344580818367 -2.14276166202684 -1.45714604814627 1.70781615124207 -0.655892442145418 1 1 2 2 1 1 1 2 2 1 2 2 0 2 1 0 2 2 0 2 1 1 1 2 1 0 1 1 1 1 0 1 2 2 1 1 1 2 2 1 2 2 0 2 1 0 2 2 0 2 1 1 1 2 1 0 1 1 1 1 0
0.697647307036674 -1.10652563295415 1.34151119596659 1.66659122943619 -0.383635255011102 -1 0 2 2 1 1 1 1 2 0 0 1 0 1 1 0 0 2 0 2 1 1 1 2 1 0 0 1 2 1 0 0 -2 -2 -1 -1 -1 -1 -2 0 0 -1 0 -1 -1 0 0 -2 0 -2 -1 -1 -1 -2 -1 0 0 -1 -2 -1 0
0.15221581224484 -0.592940593496701 0.0543707600641163 -1.11060728910393 -0.055819324552864 1 0 2 0 0 1 1 2 2 0 0 1 0 1 1 0 1 2 0 1 1 0 1 1 1 0 0 1 1 1 0 0 2 0 0 1 1 2 2 0 0 1 0 1 1 0 1 2 0 1 1 0 1 1 1 0 0 1 1 1 0
1.4483025575331 -0.168637044382558 -0.985658529780973 0.893530670694883 0.342586483674441 -1 0 2 1 2 2 2 2 2 0 0 1 1 2 2 1 2 2 0 2 2 1 1 2 1 1 1 2 1 1 1 0 -2 -1 -2 -2 -2 -2 -2 0 0 -1 -1 -2 -2 -1 -2 -2 0 -2 -2 -1 -1 -2 -1 -1 -1 -2 -1 -1 -1
0.909998996185388 1.40812768597119 0.664588904314604 -0.298007056695501 -0.403891389687653 1 1 2 1 2 2 1 2 2 0 1 2 0 2 1 0 1 2 0 2 2 1 2 0 1 0 1 1 1 1 0 1 2 1 2 2 1 2 2 0 1 2 0 2 1 0 1 2 0 2 2 1 2 0 1 0 1 1 1 1 0
0.347359376984887 -0.97860227997472 0.624236153004487 1.48980927806141 -0.13996622563348 -1 1 2 0 1 1 1 2 2 0 0 1 0 1 1 0 1 2 0 2 0 0 2 1 1 0 0 0 0 1 0 -1 -2 0 -1 -1 -1 -2 -2 0 0 -1 0 -1 -1 0 -1 -2 0 -2 0 0 -2 -1 -1 0 0 0 0 -1 0
-0.940721571352801 -0.304803994285707 0.539074742827225 0.698700469307769 0.26254716987155 -1 1 2 1 0 1 2 2 2 0 0 1 0 2 2 1 2 2 0 2 0 0 0 1 1 0 0 1 1 1 0 -1 -2 -1 0 -1 -2 -2 -2 0 0 -1 0 -2 -2 -1 -2 -2 0 -2 0 0 0 -1 -1 0 0 -1 -1 -1 0
0.0339442212915775 0.478898190381063 1.4268489158903 -0.85238429650761 -1.08046058291347 -1 0 2 0 1 1 2 2 1 0 0 0 0 2 2 0 0 2 0 2 2 2 2 2 1 0 0 0 1 0 0 0 -2 0 -1 -1 -2 -2 -1 0 0 0 0 -2 -2 0 0 -2 0 -2 -2 -2 -2 -2 -1 0 0 0 -1 0 0
-0.204105094582822 -0.443081243916375 0.00737014486960051 -0.881363299978626 0.177552528753153 -1 0 2 0 0 2 1 2 2 0 0 1 0 2 1 0 1 2 0 2 2 2 2 2 1 0 0 2 1 0 0 0 -2 0 0 -2 -1 -2 -2 0 0 -1 0 -2 -1 0 -1 -2 0 -2 -2 -2 -2 -2 -1 0 0 -2 -1 0 0
0.236282505103538 -1.08035810753085 -1.02425922167135 0.618714792491026 -1.89336182867968 1 0 2 0 0 2 1 2 2 0 0 0 0 2 2 0 1 2 0 2 2 1 1 2 1 0 0 1 1 0 0 0 2 0 0 2 1 2 2 0 0 0 0 2 2 0 1 2 0 2 2 1 1 2 1 0 0 1 1 0 0
0.0338937333936825 -1.51688188455934 -1.18145739573893 -0.554171260266682 0.0121454998088826 -1 0 2 0 2 2 0 2 1 0 0 2 1 2 2 0 1 2 0 2 2 1 2 2 2 0 1 1 1 1 0 0 -2 0 -2 -2 0 -2 -1 0 0 -2 -1 -2 -2 0 -1 -2 0 -2 -2 -1 -2 -2 -2 0 -1 -1 -1 -1 0
-1.10956656150994 -2.43008154092847 0.766373947014152 -0.165447174768512 2.62082523271267 1 0 2 1 1 2 2 2 2 0 0 1 1 2 2 1 1 2 0 2 2 1 2 1 0 0 0 2 2 1 1 0 2 1 1 2 2 2 2 0 0 1 1 2 2 1 1 2 0 2 2 1 2 1 0 0 0 2 2 1 1
-0.0466633259961409 0.0745339335034445 1.31386804519184 -0.772952388424581 -1.14714173472792 1 0 2 1 2 2 0 2 2 0 0 1 0 2 2 1 2 1 0 1 2 1 1 1 0 0 0 1 2 2 0 0 2 1 2 2 0 2 2 0 0 1 0 2 2 1 2 1 0 1 2 1 1 1 0 0 0 1 2 2 0
0.572774263169777 -1.04116939151985 0.874000281580584 -0.722391768370028 1.02364433078171 -1 0 2 1 2 2 1 2 2 0 0 0 0 2 2 0 0 2 0 2 1 0 1 1 0 0 1 0 1 1 0 0 -2 -1 -2 -2 -1 -2 -2 0 0 0 0 -2 -2 0 0 -2 0 -2 -1 0 -1 -1 0 0 -1 0 -1 -1 0
1.22294487056046 0.836975660698446 -0.186122428158042 0.726342435859949 -0.325507259713025 -1 0 2 0 0 2 1 2 2 0 0 1 1 2 2 0 0 2 0 2 1 0 1 2 1 0 1 1 1 0 0 0 -2 0 0 -2 -1 -2 -2 0 0 -1 -1 -2 -2 0 0 -2 0 -2 -1 0 -1 -2 -1 0 -1 -1 -1 0 0
-2.73514467777389 0.720815920184018 -0.054620997977648 0.69393566108251 0.00860393379774535 -1 0 2 0 0 1 0 2 2 0 0 1 0 1 2 0 0 2 0 1 1 0 0 1 1 0 0 1 0 0 0 0 -2 0 0 -1 0 -2 -2 0 0 -1 0 -1 -2 0 0 -2 0 -1 -1 0 0 -1 -1 0 0 -1 0 0 0
-1.22076864121837 0.298811393196097 0.245920249881637 2.09694395433532 0.221162061212202 1 1 2 1 2 1 1 2 2 0 0 0 0 2 2 0 1 2 0 0 0 0 1 1 1 0 0 1 1 0 0 1 2 1 2 1 1 2 2 0 0 0 0 2 2 0 1 2 0 0 0 0 1 1 1 0 0 1 1 0 0
-0.344589165999192 0.385778437715168 -1.31809813947351 -1.50846975371596 1.41966900530817 -1 0 2 2 2 2 1 2 2 0 1 1 0 2 2 1 2 2 1 2 1 1 1 2 1 0 0 1 1 0 0 0 -2 -2 -2 -2 -1 -2 -2 0 -1 -1 0 -2 -2 -1 -2 -2 -1 -2 -1 -1 -1 -2 -1 0 0 -1 -1 0 0
0.816938619672808 0.722495643958254 -0.849852708108405 -0.232459577535647 -0.564749747364507 1 0 2 1 1 1 0 2 2 0 0 0 0 2 2 0 1 2 0 1 0 1 1 2 2 0 1 0 1 0 0 0 2 1 1 1 0 2 2 0 0 0 0 2 2 0 1 2 0 1 0 1 1 2 2 0 1 0 1 0 0
0.208642240449106 0.5295885898034 -1.72484507531795 -2.14409140724365 0.330948444166788 1 0 2 1 1 1 0 2 2 1 0 2 0 2 2 0 1 2 0 1 1 0 1 0 1 0 0 1 2 1 0 0 2 1 1 1 0 2 2 1 0 2 0 2 2 0 1 2 0 1 1 0 1 0 1 0 0 1 2 1 0
0.163961683082817 1.55787293479341 -0.50000682831304 -0.35580825719217 -0.893632487792525 -1 1 2 0 1 1 0 2 1 0 0 1 0 2 1 0 0 2 0 2 0 0 1 2 0 0 0 1 1 1 0 -1 -2 0 -1 -1 0 -2 -1 0 0 -1 0 -2 -1 0 0 -2 0 -2 0 0 -1 -2 0 0 0 -1 -1 -1 0
1.84919590683869 0.111660767795843 -0.280229484012235 0.725736270728946 1.04922049898421 -1 0 2 2 1 1 2 2 2 0 0 0 0 2 0 0 0 1 0 2 1 1 2 2 1 0 1 2 2 2 0 0 -2 -2 -1 -1 -2 -2 -2 0 0 0 0 -2 0 0 0 -1 0 -2 -1 -1 -2 -2 -1 0 -1 -2 -2 -2 0
-0.349187499872175 -1.06207035985741 -1.51281648123735 0.556905303118146 0.819126120228065 -1 0 2 0 0 0 2 2 2 1 0 1 0 2 2 0 2 2 0 1 1 1 2 2 2 0 0 2 2 1 0 0 -2 0 0 0 -2 -2 -2 -1 0 -1 0 -2 -2 0 -2 -2 0 -1 -1 -1 -2 -2 -2 0 0 -2 -2 -1 0
-0.827522838983601 1.06342213587175 0.275793663143482 -0.306399348720246 0.458155876345952 1 2 2 1 0 1 0 2 2 0 0 0 0 2 2 0 1 1 0 0 1 1 1 1 1 0 1 0 1 1 0 2 2 1 0 1 0 2 2 0 0 0 0 2 2 0 1 1 0 0 1 1 1 1 1 0 1 0 1 1 0
0.481154038574507 0.137725954164806 -1.88036720504337 -1.21351465833174 0.400537785128851 -1 0 2 0 1 1 1 1 1 0 0 0 0 1 2 0 2 1 0 2 2 1 1 1 1 0 0 1 2 1 0 0 -2 0 -1 -1 -1 -1 -1 0 0 0 0 -1 -2 0 -2 -1 0 -2 -2 -1 -1 -1 -1 0 0 -1 -2 -1 0
-0.388147460143655 -2.10792986873863 2.18217234409976 -0.34418316842933 0.679009240242155 1 1 2 2 2 2 0 1 1 0 0 0 0 2 2 0 1 2 0 2 2 2 1 1 0 0 0 0 2 1 0 1 2 2 2 2 0 1 1 0 0 0 0 2 2 0 1 2 0 2 2 2 1 1 0 0 0 0 2 1 0
1.81361494323533 -0.545998146657299 -1.45848810842839 0.161585283403185 1.47407316134345 -1 0 2 0 0 0 1 2 2 1 0 1 0 2 1 0 1 2 0 2 2 1 1 0 1 0 0 1 2 2 0 0 -2 0 0 0 -1 -2 -2 -1 0 -1 0 -2 -1 0 -1 -2 0 -2 -2 -1 -1 0 -1 0 0 -1 -2 -2 0
-0.0665206138290841 -0.909129172843574 0.755024667789785 1.33060738345108 -0.691889439940544 -1 0 2 0 0 2 0 2 2 0 0 0 0 2 2 1 2 2 0 2 1 1 1 1 0 0 0 2 2 1 0 0 -2 0 0 -2 0 -2 -2 0 0 0 0 -2 -2 -1 -2 -2 0 -2 -1 -1 -1 -1 0 0 0 -2 -2 -1 0
0.566864739200361 -0.872296333751282 -0.437373210413816 -1.1575086665642 1.14200629419422 1 1 2 1 2 2 1 2 2 0 0 1 0 2 1 0 1 2 0 2 1 0 1 2 1 0 1 1 1 1 0 1 2 1 2 2 1 2 2 0 0 1 0 2 1 0 1 2 0 2 1 0 1 2 1 0 1 1 1 1 0
0.478325562713255 0.396715789396505 0.325989201106217 1.17927903774311 0.165920956624991 1 0 2 0 1 2 1 2 2 0 0 0 0 2 2 0 2 2 0 2 1 1 1 1 2 1 2 2 1 2 0 0 2 0 1 2 1 2 2 0 0 0 0 2 2 0 2 2 0 2 1 1 1 1 2 1 2 2 1 2 0
-1.62602104798578 0.886308761180909 1.20928280752813 0.201315541712871 0.296480778862572 -1 1 2 0 0 2 1 2 2 0 0 0 0 2 1 1 2 2 0 1 1 0 1 2 1 0 1 1 1 1 0 -1 -2 0 0 -2 -1 -2 -2 0 0 0 0 -2 -1 -1 -2 -2 0 -1 -1 0 -1 -2 -1 0 -1 -1 -1 -1 0
0.121718248527297 -1.36618275582024 0.758772178781975 -0.0418253979648157 -0.507476727132898 -1 0 2 0 1 1 1 2 2 0 0 0 0 2 2 1 1 2 0 2 2 0 1 2 1 0 0 0 1 0 0 0 -2 0 -1 -1 -1 -2 -2 0 0 0 0 -2 -2 -1 -1 -2 0 -2 -2 0 -1 -2 -1 0 0 0 -1 0 0
-1.22579951092501 0.673424395737413 1.47650978860161 1.25428295192479 -0.602212877006874 1 0 2 1 1 2 0 1 1 0 0 0 1 2 2 1 2 2 0 2 0 0 2 2 1 0 0 0 2 1 0 0 2 1 1 2 0 1 1 0 0 0 1 2 2 1 2 2 0 2 0 0 2 2 1 0 0 0 2 1 0
