0.58814814856104 -0.647973254761392 -0.624906904938136 0.995835711472867 -0.583290206328636 -1 0 0 0 1 0 2 1 0 0 0 0 1 1 1 1 0 1 0 1 0 1 2 0 0 2 1 0 0 2 1 0 0 0 -1 0 -2 -1 0 0 0 0 -1 -1 -1 -1 0 -1 0 -1 0 -1 -2 0 0 -2 -1 0 0 -2 -1
1.01907342932111 -0.457455180207197 -1.23840609096525 -0.0710447212457278 -0.905183285237055 1 2 0 1 0 0 2 1 0 1 0 0 2 1 1 1 1 1 0 1 0 1 1 0 2 2 1 0 0 2 1 2 0 1 0 0 2 1 0 1 0 0 2 1 1 1 1 1 0 1 0 1 1 0 2 2 1 0 0 2 1
0.923809942732617 0.227224248740069 0.586037250332876 1.36356885449332 0.628216539474839 1 1 0 2 1 0 2 1 0 0 1 0 2 1 0 1 2 2 0 1 1 1 1 0 0 2 0 0 0 1 0 1 0 2 1 0 2 1 0 0 1 0 2 1 0 1 2 2 0 1 1 1 1 0 0 2 0 0 0 1 0
0.54358911790491 1.54506586492845 -0.249580148873195 -1.2146316440535 -0.714213857932255 -1 0 1 2 2 0 1 1 0 0 0 0 1 2 1 2 0 0 0 1 0 2 2 0 0 1 0 0 0 1 0 0 -1 -2 -2 0 -1 -1 0 0 0 0 -1 -2 -1 -2 0 0 0 -1 0 -2 -2 0 0 -1 0 0 0 -1 0
-1.1892159246686 0.582100311300517 -0.705242017975581 0.269308564848987 -0.284507631885849 -1 1 0 0 0 0 1 1 0 1 0 0 1 1 2 2 0 1 0 0 0 1 2 0 0 2 0 0 0 2 0 -1 0 0 0 0 -1 -1 0 -1 0 0 -1 -1 -2 -2 0 -1 0 0 0 -1 -2 0 0 -2 0 0 0 -2 0
-1.34541737651679 -0.688136538976856 -0.351283005383446 0.0446324771512828 1.62718986653926 -1 0 0 1 2 0 2 1 0 0 0 0 0 1 1 0 1 0 0 2 0 0 1 0 0 2 0 0 0 1 1 0 0 -1 -2 0 -2 -1 0 0 0 0 0 -1 -1 0 -1 0 0 -2 0 0 -1 0 0 -2 0 0 0 -1 -1
0.00275826676378559 -0.147771344739263 0.167538145927442 0.0586498754172808 0.827371092693503 1 1 0 2 1 0 0 0 0 0 0 0 2 2 1 2 1 2 0 2 1 1 1 0 1 2 1 1 0 2 0 1 0 2 1 0 0 0 0 0 0 0 2 2 1 2 1 2 0 2 1 1 1 0 1 2 1 1 0 2 0
0.200366388905256 2.51029781056927 -1.17489702704019 0.154855277826002 0.77328467240759 -1 1 0 1 1 0 1 1 0 1 0 0 1 2 2 2 0 1 1 2 0 1 1 0 2 2 0 0 0 1 0 -1 0 -1 -1 0 -1 -1 0 -1 0 0 -1 -2 -2 -2 0 -1 -1 -2 0 -1 -1 0 -2 -2 0 0 0 -1 0
-1.24117117831096 1.08438271233453 -0.630407316226111 -0.0290075951362222 0.00653349230034395 1 1 1 2 2 0 2 2 1 2 0 0 2 2 1 0 2 2 0 1 1 1 2 0 0 2 0 0 0 2 0 1 1 2 2 0 2 2 1 2 0 0 2 2 1 0 2 2 0 1 1 1 2 0 0 2 0 0 0 2 0
-1.69904480723599 1.14989680638621 1.52627810119708 0.493289146135302 -0.879337882156483 1 1 0 0 2 0 2 2 0 1 1 0 1 1 1 2 1 2 0 2 1 1 1 0 1 2 0 0 0 2 0 1 0 0 2 0 2 2 0 1 1 0 1 1 1 2 1 2 0 2 1 1 1 0 1 2 0 0 0 2 0
-0.346341441950686 1.06350282226179 -2.66188621491792 -0.904178564001383 0.458156985413323 1 2 0 0 1 0 2 2 1 0 0 0 1 2 1 2 0 1 0 0 0 0 1 0 2 2 1 1 0 2 0 2 0 0 1 0 2 2 1 0 0 0 1 2 1 2 0 1 0 0 0 0 1 0 2 2 1 1 0 2 0
0.822874347218956 0.476127071292356 1.57895505675058 0.870458182326349 -0.211525554697678 1 0 0 1 2 0 2 1 0 0 0 0 1 1 0 1 1 1 0 1 0 1 1 0 1 1 0 1 0 2 1 0 0 1 2 0 2 1 0 0 0 0 1 1 0 1 1 1 0 1 0 1 1 0 1 1 0 1 0 2 1
-0.0358292605411731 -2.57805354167016 -0.0898549800704329 -2.10199453674765 -1.85083247288578 -1 1 0 0 1 0 2 1 0 0 0 0 0 0 1 2 1 2 1 2 1 1 2 0 1 2 0 0 0 1 0 -1 0 0 -1 0 -2 -1 0 0 0 0 0 0 -1 -2 -1 -2 -1 -2 -1 -1 -2 0 -1 -2 0 0 0 -1 0
0.0848489236350029 0.389820904896691 -0.192402561739968 -0.961757707269232 -0.465287159174432 1 2 0 1 0 0 2 0 0 0 0 0 2 1 0 1 1 1 0 1 0 1 2 0 0 2 0 1 0 2 0 2 0 1 0 0 2 0 0 0 0 0 2 1 0 1 1 1 0 1 0 1 2 0 0 2 0 1 0 2 0
2.7734975576872 -2.14353674709666 -0.581474347852876 -0.836265364808765 0.39770931962009 1 0 0 0 1 0 2 2 0 0 1 0 2 2 2 2 2 2 0 2 1 1 1 0 1 2 0 0 0 1 0 0 0 0 1 0 2 2 0 0 1 0 2 2 2 2 2 2 0 2 1 1 1 0 1 2 0 0 0 1 0
-0.781719139351331 -0.110238269679482 -0.0557333228105833 -0.586651922236444 1.12994828414115 -1 1 0 0 0 0 0 1 0 0 0 0 1 2 1 2 0 2 0 1 0 1 2 0 1 2 0 1 0 2 0 -1 0 0 0 0 0 -1 0 0 0 0 -1 -2 -1 -2 0 -2 0 -1 0 -1 -2 0 -1 -2 0 -1 0 -2 0
0.753435425037341 0.757954424902042 0.131352825723856 -1.07907872978684 -0.738772455125147 1 1 0 1 1 0 2 1 0 0 1 0 1 2 2 2 0 1 0 1 0 2 2 0 1 2 0 0 0 1 0 1 0 1 1 0 2 1 0 0 1 0 1 2 2 2 0 1 0 1 0 2 2 0 1 2 0 0 0 1 0
-1.94910519311603 -0.35961281556414 0.659173563647631 -0.367480284930244 -0.435236580675111 1 0 0 1 0 0 2 1 0 0 1 0 1 2 2 1 1 1 1 1 0 1 2 0 1 2 0 0 0 1 0 0 0 1 0 0 2 1 0 0 1 0 1 2 2 1 1 1 1 1 0 1 2 0 1 2 0 0 0 1 0
0.358853227293109 -2.10821440458931 -0.973925758966326 0.10256826637466 1.24707012912327 1 1 0 1 1 0 2 2 0 0 0 0 1 1 2 2 0 2 1 2 1 1 2 0 2 2 1 1 0 2 2 1 0 1 1 0 2 2 0 0 0 0 1 1 2 2 0 2 1 2 1 1 2 0 2 2 1 1 0 2 2
0.452966200429568 -1.2807271633235 0.57367773142656 2.05476076619829 -0.455192367469001 -1 2 1 2 2 1 2 2 0 1 0 0 1 2 1 2 0 1 1 2 0 0 2 0 0 1 0 1 0 2 0 -2 -1 -2 -2 -1 -2 -2 0 -1 0 0 -1 -2 -1 -2 0 -1 -1 -2 0 0 -2 0 0 -1 0 -1 0 -2 0
1.19057031454536 -0.183774567881638 0.165182804382454 -1.12258951157555 -1.63667537213607 -1 1 1 2 2 0 2 1 1 1 0 0 2 1 1 2 0 0 0 2 0 0 1 0 1 1 0 1 0 2 0 -1 -1 -2 -2 0 -2 -1 -1 -1 0 0 -2 -1 -1 -2 0 0 0 -2 0 0 -1 0 -1 -1 0 -1 0 -2 0
0.493450630913707 -0.830171516619411 -0.923081206183987 -1.29757946118823 -0.453900715622766 1 0 0 1 2 0 2 2 0 1 1 0 1 2 1 2 0 2 1 2 0 1 2 0 0 1 0 0 0 1 0 0 0 1 2 0 2 2 0 1 1 0 1 2 1 2 0 2 1 2 0 1 2 0 0 1 0 0 0 1 0
-0.200461979021723 1.41770970492866 -1.84954856355375 -0.529860843952232 -0.0218133187561224 -1 0 0 0 0 0 2 2 0 1 1 0 1 2 1 2 0 1 0 2 0 1 2 0 0 1 0 0 0 2 0 0 0 0 0 0 -2 -2 0 -1 -1 0 -1 -2 -1 -2 0 -1 0 -2 0 -1 -2 0 0 -1 0 0 0 -2 0
-0.0659419799757345 0.703380748424108 -1.25210627119408 -0.265219998953333 0.328366628336139 -1 0 0 1 2 0 2 2 0 0 1 0 1 2 2 2 0 0 0 1 1 1 2 0 1 2 0 0 0 2 0 0 0 -1 -2 0 -2 -2 0 0 -1 0 -1 -2 -2 -2 0 0 0 -1 -1 -1 -2 0 -1 -2 0 0 0 -2 0
0.471082875462667 0.794884962723448 -0.479160384553729 0.899462341666147 0.427290217591052 1 1 1 1 0 0 1 2 0 2 1 0 1 2 2 2 0 0 0 1 0 0 2 0 0 2 1 1 0 2 0 1 1 1 0 0 1 2 0 2 1 0 1 2 2 2 0 0 0 1 0 0 2 0 0 2 1 1 0 2 0
0.687778908818151 -1.22538259851353 -0.243592740855711 0.364482068515648 -0.120808771253336 -1 2 0 2 1 0 2 2 0 0 1 0 1 1 1 2 1 2 1 2 2 1 2 0 0 2 1 0 0 2 0 -2 0 -2 -1 0 -2 -2 0 0 -1 0 -1 -1 -1 -2 -1 -2 -1 -2 -2 -1 -2 0 0 -2 -1 0 0 -2 0
0.667132862764832 -0.356151972133547 1.12950087676892 0.164959305644195 -0.422436868677168 -1 2 1 2 2 0 2 0 0 1 1 0 2 2 2 2 0 1 0 0 0 1 1 0 0 1 0 0 0 1 1 -2 -1 -2 -2 0 -2 0 0 -1 -1 0 -2 -2 -2 -2 0 -1 0 0 0 -1 -1 0 0 -1 0 0 0 -1 -1
0.193207440522775 1.59158704994484 0.385690035045754 -0.676450926104173 0.439687879780221 -1 1 0 0 1 0 2 1 0 0 0 0 2 2 2 2 1 0 0 1 1 1 2 0 0 2 0 0 0 2 0 -1 0 0 -1 0 -2 -1 0 0 0 0 -2 -2 -2 -2 -1 0 0 -1 -1 -1 -2 0 0 -2 0 0 0 -2 0
-1.10675051515825 1.41221593793207 -0.119026186990464 -0.244033612125604 0.346927663211736 -1 0 0 0 1 0 1 1 0 0 1 0 2 1 0 2 2 2 0 1 0 0 2 0 2 1 0 0 0 2 1 0 0 0 -1 0 -1 -1 0 0 -1 0 -2 -1 0 -2 -2 -2 0 -1 0 0 -2 0 -2 -1 0 0 0 -2 -1
-0.500977936009114 0.527135137241382 0.962690794609504 -0.87348495124289 -1.1521278333384 1 0 1 2 2 0 2 2 0 0 0 0 1 2 1 2 1 1 0 0 0 2 2 0 0 2 0 0 0 2 0 0 1 2 2 0 2 2 0 0 0 0 1 2 1 2 1 1 0 0 0 2 2 0 0 2 0 0 0 2 0
1.72446910835613 -1.22239922305819 -0.555928039403714 0.822339470787764 -0.237734836122004 1 0 0 2 1 0 2 2 1 2 0 0 0 1 0 2 1 2 0 1 1 0 2 0 2 2 0 0 0 1 0 0 0 2 1 0 2 2 1 2 0 0 0 1 0 2 1 2 0 1 1 0 2 0 2 2 0 0 0 1 0
-1.31712217674792 0.535267128081167 0.944902856677037 0.37865356086982 -0.691164242900515 -1 0 0 1 1 0 1 2 0 1 0 0 1 2 2 1 1 1 0 0 0 1 2 0 1 2 1 0 0 2 0 0 0 -1 -1 0 -1 -2 0 -1 0 0 -1 -2 -2 -1 -1 -1 0 0 0 -1 -2 0 -1 -2 -1 0 0 -2 0
0.419365284383773 0.206716367752584 -1.37908903797802 1.12566863009537 0.45884384397035 -1 1 0 0 1 0 2 1 0 1 0 0 1 1 0 0 0 0 0 1 1 1 1 0 2 1 0 1 0 2 0 -1 0 0 -1 0 -2 -1 0 -1 0 0 -1 -1 0 0 0 0 0 -1 -1 -1 -1 0 -2 -1 0 -1 0 -2 0
1.34958745907864 1.28857937237014 -0.449487021452349 -0.487499941433268 0.637584348056343 -1 0 0 0 0 0 2 1 0 1 0 0 0 1 0 0 0 1 1 1 0 0 1 0 0 1 1 1 0 2 1 0 0 0 0 0 -2 -1 0 -1 0 0 0 -1 0 0 0 -1 -1 -1 0 0 -1 0 0 -1 -1 -1 0 -2 -1
-1.9977649052832 0.333009751361283 -0.0449574188899603 -1.86756166258988 -0.558930117181506 -1 0 0 0 1 0 2 1 0 1 0 0 2 2 2 1 1 1 1 1 0 2 2 0 1 1 0 1 0 2 0 0 0 0 -1 0 -2 -1 0 -1 0 0 -2 -2 -2 -1 -1 -1 -1 -1 0 -2 -2 0 -1 -1 0 -1 0 -2 0
1.36750952451631 -0.985940273979393 0.113511973150676 -0.0509596747127461 0.768015091942294 1 1 0 1 2 0 2 2 0 0 1 0 1 2 1 2 0 1 1 2 0 1 2 0 0 1 1 2 0 2 0 1 0 1 2 0 2 2 0 0 1 0 1 2 1 2 0 1 1 2 0 1 2 0 0 1 1 2 0 2 0
0.0759467469368318 -1.59486747615419 0.334648556095615 -0.193822933640555 1.10340055461078 1 1 0 0 1 0 2 1 0 1 0 0 0 1 1 2 0 1 0 1 0 0 2 0 1 1 0 0 0 1 0 1 0 0 1 0 2 1 0 1 0 0 0 1 1 2 0 1 0 1 0 0 2 0 1 1 0 0 0 1 0
-0.424804882753706 0.310263609868252 2.14856397624566 0.41166253462457 0.292639235870961 -1 2 0 1 2 0 2 1 0 0 0 0 1 0 1 1 0 1 1 2 0 1 1 0 2 2 1 1 0 2 0 -2 0 -1 -2 0 -2 -1 0 0 0 0 -1 0 -1 -1 0 -1 -1 -2 0 -1 -1 0 -2 -2 -1 -1 0 -2 0
-0.194029076140311 1.11991776177177 1.87068066857366 -0.158748318566913 0.335723575278459 -1 0 0 1 2 0 2 1 0 1 1 0 2 2 1 1 0 1 1 1 0 0 2 0 1 2 0 0 0 2 0 0 0 -1 -2 0 -2 -1 0 -1 -1 0 -2 -2 -1 -1 0 -1 -1 -1 0 0 -2 0 -1 -2 0 0 0 -2 0
0.340227258940895 -0.409727186732571 -0.898910640388552 0.525722947892643 0.227290576238393 -1 1 0 0 0 0 2 2 0 1 0 0 1 2 1 2 1 0 0 2 0 1 2 0 0 2 0 1 0 2 1 -1 0 0 0 0 -2 -2 0 -1 0 0 -1 -2 -1 -2 -1 0 0 -2 0 -1 -2 0 0 -2 0 -1 0 -2 -1
0.0239715708681848 -1.71764393269202 0.311366019095027 1.57594710723534 -0.702119608323932 1 0 0 1 2 0 2 1 0 0 1 0 2 2 1 2 0 2 0 1 0 1 2 0 1 2 0 1 0 1 0 0 0 1 2 0 2 1 0 0 1 0 2 2 1 2 0 2 0 1 0 1 2 0 1 2 0 1 0 1 0
-0.825857337820756 1.26892651961396 0.264523161017266 1.45637510055421 1.72574608803962 1 1 0 1 0 0 1 1 0 0 1 0 2 2 1 1 1 2 0 2 0 0 1 0 0 2 0 1 0 2 1 1 0 1 0 0 1 1 0 0 1 0 2 2 1 1 1 2 0 2 0 0 1 0 0 2 0 1 0 2 1
0.579489751343435 -0.348896485787373 0.997193268439252 -0.221123491907591 -0.450378510310869 -1 0 0 0 1 0 2 1 0 0 0 0 0 1 1 1 1 1 0 1 0 1 1 0 0 2 1 1 0 2 0 0 0 0 -1 0 -2 -1 0 0 0 0 0 -1 -1 -1 -1 -1 0 -1 0 -1 -1 0 0 -2 -1 -1 0 -2 0
0.465008137332396 1.59610951925463 1.05788275648935 1.87570370714752 0.158448824500285 1 0 0 1 0 0 2 1 0 2 0 0 2 2 2 2 0 1 0 0 0 1 1 0 0 2 1 0 0 2 1 0 0 1 0 0 2 1 0 2 0 0 2 2 2 2 0 1 0 0 0 1 1 0 0 2 1 0 0 2 1
1.09960719642584 -2.01018608343162 -0.790316401335576 -0.616390761748419 2.26488673327887 -1 1 0 1 1 0 2 1 0 1 0 0 2 1 1 2 1 1 0 1 0 0 2 0 0 2 1 0 0 2 0 -1 0 -1 -1 0 -2 -1 0 -1 0 0 -2 -1 -1 -2 -1 -1 0 -1 0 0 -2 0 0 -2 -1 0 0 -2 0
1.60828132816865 -0.118576108966993 0.590874711382244 1.08394266674036 2.39666319801005 -1 1 1 2 2 0 1 1 0 0 0 0 1 2 2 2 1 0 0 0 0 1 1 0 0 2 0 0 0 2 0 -1 -1 -2 -2 0 -1 -1 0 0 0 0 -1 -2 -2 -2 -1 0 0 0 0 -1 -1 0 0 -2 0 0 0 -2 0
0.0986936934776681 -0.779063465039268 0.0283340250663708 -0.73145887836536 -0.383469358599742 -1 1 0 1 1 0 2 2 0 0 0 0 1 2 2 1 0 0 0 1 0 1 1 0 0 2 0 1 0 2 1 -1 0 -1 -1 0 -2 -2 0 0 0 0 -1 -2 -2 -1 0 0 0 -1 0 -1 -1 0 0 -2 0 -1 0 -2 -1
0.240676919231081 1.0192570293559 -1.31863772217655 0.135064863598047 -0.218027067776963 1 0 0 1 1 0 2 2 0 1 0 0 1 2 1 1 2 2 0 2 0 1 2 0 0 2 1 0 0 1 0 0 0 1 1 0 2 2 0 1 0 0 1 2 1 1 2 2 0 2 0 1 2 0 0 2 1 0 0 1 0
-0.811582891273783 -0.75592552925339 0.667794077125402 -0.347433356058584 0.438471204949939 -1 1 0 2 2 0 2 2 0 1 2 1 2 2 2 2 1 1 0 1 0 1 1 0 1 2 2 0 0 2 0 -1 0 -2 -2 0 -2 -2 0 -1 -2 -1 -2 -2 -2 -2 -1 -1 0 -1 0 -1 -1 0 -1 -2 -2 0 0 -2 0
0.972690669741356 -1.37440361011557 -0.354809034433292 0.0876118111290345 -1.06770563631064 1 1 1 2 1 0 2 2 0 0 0 0 2 2 1 2 2 1 0 2 1 2 2 0 2 1 0 0 0 2 0 1 1 2 1 0 2 2 0 0 0 0 2 2 1 2 2 1 0 2 1 2 2 0 2 1 0 0 0 2 0
0.717786209803099 0.0839771313546143 0.298041127124819 -2.13229820775387 -0.572049182173516 -1 1 0 1 2 0 2 2 0 1 1 0 2 1 1 0 0 0 1 0 0 1 2 0 1 2 0 1 0 2 0 -1 0 -1 -2 0 -2 -2 0 -1 -1 0 -2 -1 -1 0 0 0 -1 0 0 -1 -2 0 -1 -2 0 -1 0 -2 0
-1.06854798228906 -1.77033842181364 -0.461193196311392 -0.288082922412061 0.174056864501067 -1 2 1 2 2 0 2 2 0 1 0 0 2 2 1 1 0 0 0 2 1 1 2 0 0 2 1 1 0 2 1 -2 -1 -2 -2 0 -2 -2 0 -1 0 0 -2 -2 -1 -1 0 0 0 -2 -1 -1 -2 0 0 -2 -1 -1 0 -2 -1
0.296296707194665 -0.857466708399421 -0.541181610544099 -0.243039859211381 -0.76185138893153 -1 2 1 2 2 0 2 2 1 0 1 1 2 2 1 1 1 2 1 0 0 0 1 0 1 2 1 1 0 2 1 -2 -1 -2 -2 0 -2 -2 -1 0 -1 -1 -2 -2 -1 -1 -1 -2 -1 0 0 0 -1 0 -1 -2 -1 -1 0 -2 -1
2.07211605075703 1.57805659454534 0.106867799949261 1.00078634271578 -0.952818754128527 1 1 0 0 1 0 2 1 0 0 1 0 0 0 0 1 0 1 1 2 0 1 2 0 2 2 0 0 0 2 0 1 0 0 1 0 2 1 0 0 1 0 0 0 0 1 0 1 1 2 0 1 2 0 2 2 0 0 0 2 0
1.22380395020092 -1.89502764493626 1.43138689093043 -0.848003041881 0.858747052249863 1 1 0 1 2 1 2 2 0 0 0 0 1 2 2 2 1 1 0 1 0 0 0 0 0 1 0 0 0 2 0 1 0 1 2 1 2 2 0 0 0 0 1 2 2 2 1 1 0 1 0 0 0 0 0 1 0 0 0 2 0
1.21519443558905 0.885801190776666 0.929889994050313 0.182985221728614 -0.314698958515929 1 0 0 1 2 0 2 1 0 1 0 0 2 1 2 1 2 1 1 1 0 0 2 0 2 1 0 0 0 2 0 0 0 1 2 0 2 1 0 1 0 0 2 1 2 1 2 1 1 1 0 0 2 0 2 1 0 0 0 2 0
0.504772856924732 0.716973076740194 1.01463127554209 -0.0812926025614666 -1.73752014807286 1 1 1 0 0 0 2 2 0 0 0 0 1 1 1 1 0 0 1 1 0 0 1 0 0 2 0 1 0 2 0 1 1 0 0 0 2 2 0 0 0 0 1 1 1 1 0 0 1 1 0 0 1 0 0 2 0 1 0 2 0
-0.2539716501907 -0.2959252407894 0.683312078640512 1.78808986959863 -1.37826617715985 1 0 0 1 1 0 2 1 0 1 0 0 2 2 2 2 1 2 1 2 1 1 2 0 0 2 1 1 0 1 0 0 0 1 1 0 2 1 0 1 0 0 2 2 2 2 1 2 1 2 1 1 2 0 0 2 1 1 0 1 0
-0.54505999321651 0.504270876152948 1.04691865097515 0.555787017431374 1.32108742254896 1 1 0 2 2 0 2 2 0 0 1 0 2 2 1 1 1 1 0 0 0 0 0 0 1 2 0 0 0 1 0 1 0 2 2 0 2 2 0 0 1 0 2 2 1 1 1 1 0 0 0 0 0 0 1 2 0 0 0 1 0
0.228020767774263 1.64610098402659 -0.296051890605172 -1.76653945661101 1.97184533532342 -1 2 0 1 1 0 2 2 0 1 0 0 1 2 2 2 1 1 0 1 1 1 2 0 0 2 2 1 0 1 0 -2 0 -1 -1 0 -2 -2 0 -1 0 0 -1 -2 -2 -2 -1 -1 0 -1 -1 -1 -2 0 0 -2 -2 -1 0 -1 0
1.2205769692931 0.567422746870548 0.292740611838909 1.23143158486115 0.22707156208928 1 0 0 1 1 0 2 1 0 0 0 0 2 2 1 1 1 2 0 1 0 0 2 0 1 2 1 1 0 2 1 0 0 1 1 0 2 1 0 0 0 0 2 2 1 1 1 2 0 1 0 0 2 0 1 2 1 1 0 2 1
0.503812619937143 0.0926478031251916 -0.376517460208761 0.695682200861394 -0.0879849487638218 1 2 0 0 2 0 2 1 0 0 0 0 2 2 2 2 0 1 0 2 1 1 2 0 2 1 0 0 0 2 0 2 0 0 2 0 2 1 0 0 0 0 2 2 2 2 0 1 0 2 1 1 2 0 2 1 0 0 0 2 0
0.918096319633973 -0.559687895277963 1.73573085362987 0.378356379780481 0.449162186346178 -1 1 0 2 2 0 2 2 0 1 0 0 1 1 2 2 1 2 0 2 1 1 2 0 1 2 0 1 0 2 1 -1 0 -2 -2 0 -2 -2 0 -1 0 0 -1 -1 -2 -2 -1 -2 0 -2 -1 -1 -2 0 -1 -2 0 -1 0 -2 -1
-0.577237482853498 0.308738453309978 -0.572383594011226 0.0814972161263996 0.192202092851896 1 1 1 0 0 0 2 2 0 1 0 1 1 2 2 2 2 2 1 1 0 1 2 0 1 2 0 0 0 1 0 1 1 0 0 0 2 2 0 1 0 1 1 2 2 2 2 2 1 1 0 1 2 0 1 2 0 0 0 1 0
1.12056016323595 0.103393387171438 0.313275964380181 0.169823597666523 -0.481966199484505 -1 1 0 1 2 0 2 2 0 0 1 0 2 2 2 1 1 1 0 2 2 2 2 0 1 2 1 2 0 2 0 -1 0 -1 -2 0 -2 -2 0 0 -1 0 -2 -2 -2 -1 -1 -1 0 -2 -2 -2 -2 0 -1 -2 -1 -2 0 -2 0
-1.21808657821199 1.6724980631446 0.678574286059541 1.11276633927056 0.878951912765629 1 2 0 1 2 0 1 1 0 0 0 1 2 2 2 2 0 0 0 1 0 1 2 0 1 2 0 0 0 2 0 2 0 1 2 0 1 1 0 0 0 1 2 2 2 2 0 0 0 1 0 1 2 0 1 2 0 0 0 2 0
0.94410197256824 -0.0206815502099592 1.15150134697131 1.81713325389214 -1.87763296257934 1 1 0 0 0 0 2 0 0 0 0 0 1 1 2 2 0 1 0 1 0 0 0 0 0 1 0 0 0 2 0 1 0 0 0 0 2 0 0 0 0 0 1 1 2 2 0 1 0 1 0 0 0 0 0 1 0 0 0 2 0
0.584851427158825 -0.638547243775061 0.692794897521077 0.216276792684277 -1.05676547008648 -1 1 0 0 0 0 2 2 1 1 1 0 1 2 2 2 0 2 1 1 1 1 2 0 1 2 1 1 0 2 0 -1 0 0 0 0 -2 -2 -1 -1 -1 0 -1 -2 -2 -2 0 -2 -1 -1 -1 -1 -2 0 -1 -2 -1 -1 0 -2 0
1.52885842526189 0.0881468989488299 -2.66902976786484 0.865635445640085 0.829293302615935 1 0 0 1 0 0 2 1 0 1 1 0 2 2 2 2 0 1 0 2 0 0 1 0 1 2 1 1 0 2 1 0 0 1 0 0 2 1 0 1 1 0 2 2 2 2 0 1 0 2 0 0 1 0 1 2 1 1 0 2 1
0.394711321307973 -0.156171044047278 -0.766368482899634 1.38062543050367 -0.165630809441958 -1 1 1 2 2 0 2 0 0 0 0 0 2 2 2 2 1 1 0 1 0 1 2 0 0 2 1 0 0 1 0 -1 -1 -2 -2 0 -2 0 0 0 0 0 -2 -2 -2 -2 -1 -1 0 -1 0 -1 -2 0 0 -2 -1 0 0 -1 0
-1.44444082321158 1.89404534089673 0.00997763721945104 -1.3497250441307 -0.00897969516972801 -1 1 1 2 2 1 2 2 1 0 0 0 1 2 1 2 0 1 0 1 1 1 1 0 0 2 0 0 0 2 0 -1 -1 -2 -2 -1 -2 -2 -1 0 0 0 -1 -2 -1 -2 0 -1 0 -1 -1 -1 -1 0 0 -2 0 0 0 -2 0
-0.253432074501804 0.902756954440388 -1.40329903633594 -0.370874328409138 -2.24946638859274 -1 1 0 1 0 0 2 1 0 1 1 0 2 2 2 1 0 1 0 2 1 2 2 0 0 2 1 2 0 2 0 -1 0 -1 0 0 -2 -1 0 -1 -1 0 -2 -2 -2 -1 0 -1 0 -2 -1 -2 -2 0 0 -2 -1 -2 0 -2 0
3.4296503824908 0.66349484789401 -0.709382826841332 0.692777625997308 -1.41220036478204 -1 2 0 1 1 0 1 0 0 0 0 0 1 1 0 1 0 0 1 1 0 2 2 0 1 2 0 0 0 0 0 -2 0 -1 -1 0 -1 0 0 0 0 0 -1 -1 0 -1 0 0 -1 -1 0 -2 -2 0 -1 -2 0 0 0 0 0
-0.113263076428205 0.172326932193437 0.333356437281939 1.88552867415389 0.141646260400824 1 1 0 1 2 0 2 2 0 2 1 0 2 2 1 1 1 1 1 2 1 2 2 0 1 2 0 0 0 2 0 1 0 1 2 0 2 2 0 2 1 0 2 2 1 1 1 1 1 2 1 2 2 0 1 2 0 0 0 2 0
-0.968249744435811 2.58464094303272 -0.696603986696177 0.123718227598332 0.549931698766648 1 1 0 1 2 1 1 0 0 0 0 0 2 0 0 1 1 2 1 2 1 0 1 0 0 2 0 0 0 2 0 1 0 1 2 1 1 0 0 0 0 0 2 0 0 1 1 2 1 2 1 0 1 0 0 2 0 0 0 2 0
-0.00912661603430069 -0.661209974333686 -1.02660801952242 0.725793935326603 0.523286700878984 -1 0 0 2 1 0 0 1 0 1 0 0 1 2 1 1 2 2 1 1 0 1 2 0 2 1 0 0 0 1 0 0 0 -2 -1 0 0 -1 0 -1 0 0 -1 -2 -1 -1 -2 -2 -1 -1 0 -1 -2 0 -2 -1 0 0 0 -1 0
1.68383604966793 1.48999055107051 -0.844301862198068 -2.72674069443014 -0.169898640367195 -1 0 0 0 0 0 2 1 0 0 0 0 1 2 2 2 0 1 0 1 0 2 2 0 1 2 0 0 0 1 0 0 0 0 0 0 -2 -1 0 0 0 0 -1 -2 -2 -2 0 -1 0 -1 0 -2 -2 0 -1 -2 0 0 0 -1 0
1.24583230991344 -0.217731843976594 -0.625180363399822 0.197746220002674 -0.548659784993674 1 0 0 1 2 0 2 1 0 1 0 0 2 2 2 1 0 1 0 2 0 1 2 0 0 2 0 0 0 2 0 0 0 1 2 0 2 1 0 1 0 0 2 2 2 1 0 1 0 2 0 1 2 0 0 2 0 0 0 2 0
-0.248986111361505 0.509779598170889 0.111869895599825 1.56601270392245 -0.729877538280659 1 2 0 1 2 1 2 0 0 1 0 1 2 2 1 1 0 1 0 1 0 1 2 0 0 2 0 0 0 2 2 2 0 1 2 1 2 0 0 1 0 1 2 2 1 1 0 1 0 1 0 1 2 0 0 2 0 0 0 2 2
-0.244660372672981 0.182745547318197 0.146083079406955 -1.42518934707812 0.554490006408125 1 1 1 1 0 0 2 1 0 1 1 0 2 2 2 2 1 1 0 2 0 1 1 0 2 2 0 0 0 2 0 1 1 1 0 0 2 1 0 1 1 0 2 2 2 2 1 1 0 2 0 1 1 0 2 2 0 0 0 2 0
0.0408035331130852 -0.0417900396685036 -0.995593321986747 -0.62202156180524 -0.105096517969424 1 1 1 1 1 0 1 1 0 1 1 0 2 2 1 2 1 2 0 2 0 0 1 0 0 2 0 0 0 2 0 1 1 1 1 0 1 1 0 1 1 0 2 2 1 2 1 2 0 2 0 0 1 0 0 2 0 0 0 2 0
-0.37101247813147 0.525344584594573 -0.31622255780078 -1.49709595879056 -1.94904854971314 1 2 1 1 2 0 1 0 0 0 1 0 2 2 2 2 0 2 0 1 0 2 2 0 0 2 0 0 0 2 0 2 1 1 2 0 1 0 0 0 1 0 2 2 2 2 0 2 0 1 0 2 2 0 0 2 0 0 0 2 0
0.565640593924531 -2.04043469498971 -0.393208093791988 -0.118592972642012 -0.499859467016142 1 2 0 1 2 1 1 2 1 0 1 0 2 2 2 2 0 1 1 1 0 0 2 0 1 2 0 0 0 1 0 2 0 1 2 1 1 2 1 0 1 0 2 2 2 2 0 1 1 1 0 0 2 0 1 2 0 0 0 1 0
0.880459096782996 0.210537729322873 1.50114361442918 0.240308091417045 0.216745008006361 1 1 0 2 1 0 2 2 0 2 1 0 2 2 2 1 0 0 0 0 0 0 0 0 0 2 0 0 0 1 0 1 0 2 1 0 2 2 0 2 1 0 2 2 2 1 0 0 0 0 0 0 0 0 0 2 0 0 0 1 0
0.641577914219202 0.234813881975539 0.499997198200784 -0.440238011612747 0.340046817658959 -1 1 0 1 1 0 2 2 0 1 0 0 1 1 2 2 1 2 2 1 0 1 2 0 1 2 1 1 0 2 1 -1 0 -1 -1 0 -2 -2 0 -1 0 0 -1 -1 -2 -2 -1 -2 -2 -1 0 -1 -2 0 -1 -2 -1 -1 0 -2 -1
-0.55684399011872 -1.47041748231815 1.32826892768051 0.0700019555937023 0.0759412123182184 -1 1 0 1 1 0 2 2 0 1 0 0 0 0 0 0 0 1 0 1 0 1 1 0 0 2 0 0 0 1 1 -1 0 -1 -1 0 -2 -2 0 -1 0 0 0 0 0 0 0 -1 0 -1 0 -1 -1 0 0 -2 0 0 0 -1 -1
1.61664478715816 0.323874415930835 -0.27812629848389 0.499946529694722 -1.18892642590628 -1 2 1 2 1 1 2 1 0 0 0 0 1 1 1 1 0 0 0 0 0 0 2 0 2 2 0 0 0 2 0 -2 -1 -2 -1 -1 -2 -1 0 0 0 0 -1 -1 -1 -1 0 0 0 0 0 0 -2 0 -2 -2 0 0 0 -2 0
0.656160467325643 1.7935647865123 2.05832105275944 -0.584290751544252 -0.55588975242387 -1 2 0 1 1 0 2 2 0 0 0 0 2 2 2 2 0 1 0 1 0 0 2 0 0 2 0 0 0 0 0 -2 0 -1 -1 0 -2 -2 0 0 0 0 -2 -2 -2 -2 0 -1 0 -1 0 0 -2 0 0 -2 0 0 0 0 0
0.3836059516714 -0.362269055482422 0.66538735294682 -0.218463010849211 0.391790623533619 -1 2 0 1 1 0 2 2 0 1 0 0 2 2 2 2 0 1 0 1 0 0 2 0 1 1 0 0 0 0 0 -2 0 -1 -1 0 -2 -2 0 -1 0 0 -2 -2 -2 -2 0 -1 0 -1 0 0 -2 0 -1 -1 0 0 0 0 0
1.14063687500948 1.7302757767983 -0.00650797381130473 0.815091457130383 0.956001638840089 1 0 1 1 1 0 2 1 0 1 1 0 1 0 1 2 1 2 0 2 1 1 1 0 1 2 0 0 0 2 1 0 1 1 1 0 2 1 0 1 1 0 1 0 1 2 1 2 0 2 1 1 1 0 1 2 0 0 0 2 1
0.854288509034401 -1.28011208665185 0.45133509029489 0.230194396446915 -0.470161618049509 1 1 0 1 2 1 2 1 0 1 1 0 1 2 1 1 0 2 0 2 0 0 1 0 0 2 1 2 0 2 1 1 0 1 2 1 2 1 0 1 1 0 1 2 1 1 0 2 0 2 0 0 1 0 0 2 1 2 0 2 1
-0.0711804486038768 -0.933550978738072 -0.78456464325256 -0.480847578649642 0.548046664898632 -1 2 0 1 2 0 1 1 0 1 0 0 2 2 1 1 0 1 0 1 1 2 2 0 1 2 0 0 0 1 0 -2 0 -1 -2 0 -1 -1 0 -1 0 0 -2 -2 -1 -1 0 -1 0 -1 -1 -2 -2 0 -1 -2 0 0 0 -1 0
-0.0250221495627856 -0.104195744685639 0.645302877281231 0.33394875902079 0.405675768577984 -1 2 0 0 1 0 2 1 0 0 0 0 2 1 1 1 0 2 1 2 0 1 1 0 2 2 1 1 0 1 0 -2 0 0 -1 0 -2 -1 0 0 0 0 -2 -1 -1 -1 0 -2 -1 -2 0 -1 -1 0 -2 -2 -1 -1 0 -1 0
-0.307590300757314 -0.342118262297816 1.45118677555916 -0.343585246690711 0.688363464650461 -1 2 1 1 1 1 2 2 0 1 0 0 2 2 2 1 1 1 2 2 1 2 2 0 0 2 0 2 0 2 1 -2 -1 -1 -1 -1 -2 -2 0 -1 0 0 -2 -2 -2 -1 -1 -1 -2 -2 -1 -2 -2 0 0 -2 0 -2 0 -2 -1
1.7265614896351 -0.810911751325493 -0.679040438152164 -0.495022314165152 -0.942474207302094 -1 0 0 2 2 0 2 2 0 0 0 0 1 2 1 2 2 2 0 1 1 2 2 0 0 1 0 0 0 1 0 0 0 -2 -2 0 -2 -2 0 0 0 0 -1 -2 -1 -2 -2 -2 0 -1 -1 -2 -2 0 0 -1 0 0 0 -1 0
1.12248116860434 -0.568108331353808 -0.0909720379667535 -2.77093033301516 0.207569458092406 -1 0 0 0 1 0 2 1 0 1 1 0 2 2 2 2 1 2 0 2 1 0 2 0 1 1 0 1 0 0 0 0 0 0 -1 0 -2 -1 0 -1 -1 0 -2 -2 -2 -2 -1 -2 0 -2 -1 0 -2 0 -1 -1 0 -1 0 0 0
1.19816837184941 1.05050189955723 -2.01135130675074 -0.52377591733702 0.828675484480196 1 1 0 0 1 0 2 1 0 0 0 0 2 2 1 2 2 2 2 2 0 0 2 0 1 1 0 1 0 2 0 1 0 0 1 0 2 1 0 0 0 0 2 2 1 2 2 2 2 2 0 0 2 0 1 1 0 1 0 2 0
-1.05540661861192 0.903531421880311 0.476248710311724 1.06177833491822 -1.46312970495955 -1 0 0 1 0 0 2 2 0 0 1 1 2 2 1 1 0 1 1 1 0 0 2 0 0 2 0 0 0 1 0 0 0 -1 0 0 -2 -2 0 0 -1 -1 -2 -2 -1 -1 0 -1 -1 -1 0 0 -2 0 0 -2 0 0 0 -1 0
0.17378808693797 1.0176717691313 -1.28272003685631 -1.21472425475661 0.316294301219001 1 0 0 0 0 0 2 2 0 0 0 0 2 1 1 1 1 0 0 2 0 1 1 0 0 1 0 0 0 2 1 0 0 0 0 0 2 2 0 0 0 0 2 1 1 1 1 0 0 2 0 1 1 0 0 1 0 0 0 2 1
0.683532105577237 0.0355611558352836 1.01268984229891 -0.281323906900509 1.10031788933323 1 0 0 0 1 0 2 1 0 0 0 0 2 2 2 2 0 1 1 2 1 1 2 0 1 1 1 0 0 2 1 0 0 0 1 0 2 1 0 0 0 0 2 2 2 2 0 1 1 2 1 1 2 0 1 1 1 0 0 2 1
