1.24962400722651 -0.813026432082937 -0.738620283029867 1.39190865944149 1.52013085207652 -1 0 0 1 1 1 0 0 1 1 1 0 2 1 2 0 0 0 2 2 2 0 2 1 1 1 1 2 1 1 2 0 0 -1 -1 -1 0 0 -1 -1 -1 0 -2 -1 -2 0 0 0 -2 -2 -2 0 -2 -1 -1 -1 -1 -2 -1 -1 -2
-0.39877501933462 -0.66800473472176 -0.612130435140139 0.523935343667079 0.540651719341929 -1 0 1 1 0 1 1 1 1 0 1 1 1 0 1 0 0 0 2 0 1 0 1 1 0 0 2 2 1 0 2 0 -1 -1 0 -1 -1 -1 -1 0 -1 -1 -1 0 -1 0 0 0 -2 0 -1 0 -1 -1 0 0 -2 -2 -1 0 -2
-0.863456783973504 -0.410880092964259 0.303651067621708 0.616070680625539 1.70050291040546 1 0 1 1 0 1 1 0 0 1 1 2 2 0 2 0 1 1 2 2 1 0 1 1 1 0 1 2 0 0 1 0 1 1 0 1 1 0 0 1 1 2 2 0 2 0 1 1 2 2 1 0 1 1 1 0 1 2 0 0 1
-2.19985617118201 -1.42323781967482 -1.11755921667505 -1.21283410496989 0.5079489730892 -1 0 1 1 0 1 0 0 1 1 0 0 2 1 2 0 0 0 1 1 1 0 0 1 0 1 2 2 1 1 2 0 -1 -1 0 -1 0 0 -1 -1 0 0 -2 -1 -2 0 0 0 -1 -1 -1 0 0 -1 0 -1 -2 -2 -1 -1 -2
0.295346146513484 -0.874707859124024 0.407343373265373 -0.055828470995582 -1.46244287898622 1 0 1 1 0 1 1 0 0 1 1 0 2 2 1 0 0 1 2 2 2 1 2 2 0 0 1 1 0 0 2 0 1 1 0 1 1 0 0 1 1 0 2 2 1 0 0 1 2 2 2 1 2 2 0 0 1 1 0 0 2
-0.301220038300187 0.921522616540927 -2.38184141186969 -0.792297401282466 -0.697255424258393 -1 0 1 1 0 1 2 1 1 0 0 2 2 2 1 0 1 1 2 2 2 0 1 1 0 1 2 2 0 1 2 0 -1 -1 0 -1 -2 -1 -1 0 0 -2 -2 -2 -1 0 -1 -1 -2 -2 -2 0 -1 -1 0 -1 -2 -2 0 -1 -2
1.4044746685534 0.296959274628694 1.9063888080117 -0.474202673645609 -0.633067358937118 -1 0 1 2 0 1 2 1 2 1 1 0 2 2 2 0 2 2 2 1 1 0 1 1 1 0 1 1 0 1 2 0 -1 -2 0 -1 -2 -1 -2 -1 -1 0 -2 -2 -2 0 -2 -2 -2 -1 -1 0 -1 -1 -1 0 -1 -1 0 -1 -2
-0.381218101490666 0.0216790445789459 -0.905580696601221 0.590891767997121 0.426249188648853 -1 0 1 2 2 0 1 1 1 2 2 1 2 1 2 0 1 0 1 1 2 0 1 0 0 0 2 2 1 0 2 0 -1 -2 -2 0 -1 -1 -1 -2 -2 -1 -2 -1 -2 0 -1 0 -1 -1 -2 0 -1 0 0 0 -2 -2 -1 0 -2
0.963973855710384 0.0892805629440209 0.0647267599122612 1.03071083992178 -0.733411764133905 -1 0 0 1 1 0 0 0 0 0 0 1 2 1 1 0 0 0 1 0 1 0 2 2 0 0 1 2 1 0 2 0 0 -1 -1 0 0 0 0 0 0 -1 -2 -1 -1 0 0 0 -1 0 -1 0 -2 -2 0 0 -1 -2 -1 0 -2
0.241704877858282 0.661073359091388 1.16116348347215 -2.19739569765237 2.36137534921454 1 0 2 2 0 1 0 0 0 1 0 0 2 0 0 0 0 0 2 2 2 1 2 2 2 0 0 1 0 0 2 0 2 2 0 1 0 0 0 1 0 0 2 0 0 0 0 0 2 2 2 1 2 2 2 0 0 1 0 0 2
0.769019999725016 -0.853140738703124 -0.178710883297721 1.30184785142686 -0.0318507091014023 -1 0 0 1 1 1 2 0 2 2 2 2 2 2 1 0 1 1 2 1 1 0 1 1 1 0 1 0 0 0 1 0 0 -1 -1 -1 -2 0 -2 -2 -2 -2 -2 -2 -1 0 -1 -1 -2 -1 -1 0 -1 -1 -1 0 -1 0 0 0 -1
0.215645162381729 0.266547511059727 -1.62500443663066 -0.386201901436507 -0.465567472658508 -1 0 1 1 0 2 1 0 1 2 2 1 2 1 1 0 1 1 2 1 1 0 0 1 2 0 1 2 0 0 2 0 -1 -1 0 -2 -1 0 -1 -2 -2 -1 -2 -1 -1 0 -1 -1 -2 -1 -1 0 0 -1 -2 0 -1 -2 0 0 -2
-0.350609436361719 1.67943042656221 -1.13152866217888 -1.12750105290995 -0.362318773488036 1 0 1 2 2 0 1 2 1 1 1 0 2 1 1 0 0 1 2 1 2 0 2 1 0 0 1 2 0 1 2 0 1 2 2 0 1 2 1 1 1 0 2 1 1 0 0 1 2 1 2 0 2 1 0 0 1 2 0 1 2
0.241235653649968 -0.361113106361228 -0.965426787751423 -0.0574843353967467 -0.488367368277964 1 0 0 2 1 2 2 0 0 0 0 1 2 2 1 0 0 1 1 1 1 0 1 2 1 0 0 1 0 0 2 0 0 2 1 2 2 0 0 0 0 1 2 2 1 0 0 1 1 1 1 0 1 2 1 0 0 1 0 0 2
-0.783047675373835 -0.757739637087247 1.56254031034456 -0.231889168199614 0.317635934605889 1 1 1 1 0 1 2 0 1 0 0 0 1 0 0 0 2 0 2 0 1 0 2 1 2 1 2 2 2 2 2 1 1 1 0 1 2 0 1 0 0 0 1 0 0 0 2 0 2 0 1 0 2 1 2 1 2 2 2 2 2
1.54722118943149 1.80456093939452 0.00849341500921966 0.274359565153023 1.40143646746516 -1 0 0 1 0 1 1 0 0 0 0 0 2 1 1 0 0 1 1 0 2 1 1 2 1 0 2 2 1 1 2 0 0 -1 0 -1 -1 0 0 0 0 0 -2 -1 -1 0 0 -1 -1 0 -2 -1 -1 -2 -1 0 -2 -2 -1 -1 -2
-0.931529256945782 -0.80879918290797 0.067613230153237 -1.54295547849981 -0.477933792772688 1 0 0 1 1 2 2 0 0 0 0 0 1 0 0 0 1 0 2 2 2 1 2 2 1 0 1 2 0 0 2 0 0 1 1 2 2 0 0 0 0 0 1 0 0 0 1 0 2 2 2 1 2 2 1 0 1 2 0 0 2
0.0339677560625454 0.404893738736045 0.96813579852297 0.453372730550971 -0.217771421346148 -1 0 1 2 1 0 0 0 0 0 0 0 1 0 2 0 1 1 2 0 1 0 2 2 1 0 0 1 0 1 2 0 -1 -2 -1 0 0 0 0 0 0 0 -1 0 -2 0 -1 -1 -2 0 -1 0 -2 -2 -1 0 0 -1 0 -1 -2
0.555514092273462 1.13566186336038 0.577886100345785 -0.801498291948033 -1.39511363020529 -1 0 0 0 1 1 1 0 0 1 0 1 1 0 0 0 0 0 2 1 2 0 1 2 1 0 1 1 0 0 2 0 0 0 -1 -1 -1 0 0 -1 0 -1 -1 0 0 0 0 0 -2 -1 -2 0 -1 -2 -1 0 -1 -1 0 0 -2
-0.538938431682251 -2.23096483463321 -2.40069152902215 -0.293161766638727 -0.444189530780908 1 0 0 0 0 2 2 1 2 1 1 0 2 0 1 0 1 1 1 1 2 1 2 2 1 0 1 2 0 0 2 0 0 0 0 2 2 1 2 1 1 0 2 0 1 0 1 1 1 1 2 1 2 2 1 0 1 2 0 0 2
-0.698850114053514 1.6127075462346 -1.43837314047285 1.01610446599136 0.447101888060749 1 0 0 2 0 2 1 0 0 1 2 0 1 1 2 0 2 1 2 2 2 1 2 2 1 0 2 2 0 0 1 0 0 2 0 2 1 0 0 1 2 0 1 1 2 0 2 1 2 2 2 1 2 2 1 0 2 2 0 0 1
0.0623381847627816 0.553194185267894 0.379922532175752 -1.38259945735455 0.600898066805219 -1 0 1 1 1 0 0 0 0 0 0 1 2 0 1 0 1 1 1 1 1 0 2 2 0 0 0 2 0 2 2 0 -1 -1 -1 0 0 0 0 0 0 -1 -2 0 -1 0 -1 -1 -1 -1 -1 0 -2 -2 0 0 0 -2 0 -2 -2
1.58083657793314 -0.416427086566946 0.969962588771492 0.50048297268811 1.29173887481419 1 0 0 1 1 1 1 0 1 1 0 2 2 0 0 0 0 0 1 1 2 0 0 1 0 0 1 1 0 0 1 0 0 1 1 1 1 0 1 1 0 2 2 0 0 0 0 0 1 1 2 0 0 1 0 0 1 1 0 0 1
-1.02674867383663 -2.03353893881674 0.00546472994088747 -0.137978775624979 -0.867643484688973 1 0 1 1 1 2 1 0 1 0 1 0 2 1 2 0 1 2 1 2 2 1 2 2 2 0 0 1 1 1 2 0 1 1 1 2 1 0 1 0 1 0 2 1 2 0 1 2 1 2 2 1 2 2 2 0 0 1 1 1 2
-0.395363272647825 1.07416438527774 0.804731498819841 -1.41535459167749 -1.82728012513511 -1 0 1 1 0 1 1 0 1 1 0 2 2 1 2 1 2 0 2 0 1 1 2 2 0 0 1 2 0 1 2 0 -1 -1 0 -1 -1 0 -1 -1 0 -2 -2 -1 -2 -1 -2 0 -2 0 -1 -1 -2 -2 0 0 -1 -2 0 -1 -2
0.541999810342187 -0.527856829209498 -0.0906749680526435 -2.16139401735682 2.01716736077693 1 0 0 1 0 1 0 0 1 0 0 1 2 2 1 0 1 2 1 1 1 0 2 2 0 0 0 2 0 0 2 0 0 1 0 1 0 0 1 0 0 1 2 2 1 0 1 2 1 1 1 0 2 2 0 0 0 2 0 0 2
-0.958091826310799 -0.259594369805641 1.17670787666935 1.10577110346098 0.20462797539929 -1 0 1 1 1 0 0 0 0 0 0 1 2 2 2 0 2 1 2 1 1 0 2 2 1 0 2 2 0 1 1 0 -1 -1 -1 0 0 0 0 0 0 -1 -2 -2 -2 0 -2 -1 -2 -1 -1 0 -2 -2 -1 0 -2 -2 0 -1 -1
-0.845389104005077 1.31328840813477 -2.03776200576673 1.00216535965276 0.167051230993265 1 0 1 0 0 1 0 0 0 1 1 1 2 1 2 0 1 1 1 1 0 0 1 1 0 0 0 2 0 1 1 0 1 0 0 1 0 0 0 1 1 1 2 1 2 0 1 1 1 1 0 0 1 1 0 0 0 2 0 1 1
1.36006110712008 -1.58279465694601 -0.499723420030751 -1.04957271348777 -0.0206196838102356 -1 0 2 2 1 1 1 0 1 1 1 0 2 2 2 0 0 0 2 1 1 0 2 2 1 0 1 2 2 1 2 0 -2 -2 -1 -1 -1 0 -1 -1 -1 0 -2 -2 -2 0 0 0 -2 -1 -1 0 -2 -2 -1 0 -1 -2 -2 -1 -2
-0.299652506126763 -0.0931316382429888 0.206651236677208 -1.72538980980532 0.0180153395539029 -1 0 0 2 0 1 1 1 0 0 0 0 2 1 2 0 1 1 1 2 1 0 2 2 0 0 1 2 1 1 2 0 0 -2 0 -1 -1 -1 0 0 0 0 -2 -1 -2 0 -1 -1 -1 -2 -1 0 -2 -2 0 0 -1 -2 -1 -1 -2
-0.419648201446982 0.0365187843592822 -1.10497441617945 0.27009568257892 0.0568248453510914 -1 0 1 1 1 0 0 0 0 0 0 0 2 0 0 0 0 0 2 2 2 0 2 2 1 0 1 2 1 0 1 0 -1 -1 -1 0 0 0 0 0 0 0 -2 0 0 0 0 0 -2 -2 -2 0 -2 -2 -1 0 -1 -2 -1 0 -1
0.456191362572032 -0.598726043672264 -0.654566601720406 -1.05825986144239 -0.858360473423543 -1 0 0 2 0 1 2 0 0 0 0 0 2 1 1 0 1 1 2 2 1 0 1 2 0 1 1 1 1 0 2 0 0 -2 0 -1 -2 0 0 0 0 0 -2 -1 -1 0 -1 -1 -2 -2 -1 0 -1 -2 0 -1 -1 -1 -1 0 -2
0.213472412086796 0.0524430680103423 0.228309113586513 0.854192904293393 -0.902157492966779 -1 0 1 1 1 1 1 0 0 0 2 1 2 0 0 0 1 0 2 1 2 0 1 1 1 0 1 2 0 1 2 0 -1 -1 -1 -1 -1 0 0 0 -2 -1 -2 0 0 0 -1 0 -2 -1 -2 0 -1 -1 -1 0 -1 -2 0 -1 -2
-0.884804487125739 -1.23862740993591 -0.650464530051586 -1.27500096546374 -0.9278522916384 -1 0 0 1 1 0 2 1 1 1 1 0 2 1 1 0 1 1 2 2 1 0 1 0 0 0 2 2 2 1 2 0 0 -1 -1 0 -2 -1 -1 -1 -1 0 -2 -1 -1 0 -1 -1 -2 -2 -1 0 -1 0 0 0 -2 -2 -2 -1 -2
-0.136890360881473 -0.390736311725855 0.147780051559324 -0.195690998513303 -0.0693094586973767 1 0 0 1 1 1 1 0 1 1 0 1 2 1 0 0 1 0 2 1 2 0 1 2 1 0 1 1 0 0 1 0 0 1 1 1 1 0 1 1 0 1 2 1 0 0 1 0 2 1 2 0 1 2 1 0 1 1 0 0 1
-0.198181804138212 -0.252044000093438 1.73095808260801 0.6856203869045 -0.891761292827785 1 1 1 2 1 1 0 1 2 1 0 0 2 1 1 0 1 1 0 1 1 0 1 1 1 0 2 2 2 1 2 1 1 2 1 1 0 1 2 1 0 0 2 1 1 0 1 1 0 1 1 0 1 1 1 0 2 2 2 1 2
1.07073233667615 -1.36147293883956 -0.663949835216051 -1.49354081983822 1.12997878543597 -1 0 1 1 1 2 2 0 1 1 2 0 2 0 1 0 0 0 2 1 1 0 1 2 1 0 1 1 0 0 2 0 -1 -1 -1 -2 -2 0 -1 -1 -2 0 -2 0 -1 0 0 0 -2 -1 -1 0 -1 -2 -1 0 -1 -1 0 0 -2
0.458931375505723 0.069213487038198 -0.917299359531274 -0.0506447385244388 1.43487773153053 1 0 2 2 0 0 0 0 0 0 0 2 2 1 0 0 1 1 2 2 2 1 2 2 2 0 0 2 0 1 2 0 2 2 0 0 0 0 0 0 0 2 2 1 0 0 1 1 2 2 2 1 2 2 2 0 0 2 0 1 2
-0.438278169422936 -0.900950104942651 0.177034480706086 -0.257076111220941 -1.27934799316845 1 0 0 0 0 1 0 0 0 1 1 0 2 0 0 0 0 0 2 1 2 0 0 0 1 1 2 2 1 0 2 0 0 0 0 1 0 0 0 1 1 0 2 0 0 0 0 0 2 1 2 0 0 0 1 1 2 2 1 0 2
2.30062650375032 1.05727598305399 0.443970253538388 -0.111266723669631 1.33374973165327 -1 0 0 1 0 0 2 1 1 0 0 1 2 1 1 0 1 2 2 2 2 0 1 1 1 0 1 2 0 0 2 0 0 -1 0 0 -2 -1 -1 0 0 -1 -2 -1 -1 0 -1 -2 -2 -2 -2 0 -1 -1 -1 0 -1 -2 0 0 -2
0.903753913288335 1.77593514056511 0.122763437945179 -1.44879002085887 0.767451127465065 1 0 0 1 1 0 2 0 0 1 0 1 2 1 1 0 0 0 2 2 2 0 1 2 0 0 1 2 1 1 2 0 0 1 1 0 2 0 0 1 0 1 2 1 1 0 0 0 2 2 2 0 1 2 0 0 1 2 1 1 2
-0.426650142740381 -1.34542790540317 0.351244103746263 -0.344365429183734 1.67422228440582 -1 0 2 2 1 1 1 0 1 0 0 0 2 1 1 0 2 2 1 1 1 0 1 1 0 0 1 1 1 0 2 0 -2 -2 -1 -1 -1 0 -1 0 0 0 -2 -1 -1 0 -2 -2 -1 -1 -1 0 -1 -1 0 0 -1 -1 -1 0 -2
0.635838865531765 -0.36451869692402 -1.02177991688586 1.04757912879998 1.0143978483645 -1 0 0 1 0 1 1 1 1 0 0 0 2 0 2 0 0 0 2 1 1 0 1 2 1 0 1 2 0 0 2 0 0 -1 0 -1 -1 -1 -1 0 0 0 -2 0 -2 0 0 0 -2 -1 -1 0 -1 -2 -1 0 -1 -2 0 0 -2
-1.46962474010976 1.27325480889294 -0.120990498924082 -0.494776320175634 1.18333921784372 1 0 2 2 1 1 1 0 1 0 1 1 2 1 0 0 0 0 2 2 0 0 2 2 2 0 0 2 0 1 2 0 2 2 1 1 1 0 1 0 1 1 2 1 0 0 0 0 2 2 0 0 2 2 2 0 0 2 0 1 2
-1.48860547066312 0.426547245299354 0.790382573723898 0.466674205124683 0.214103860631503 -1 0 1 2 1 1 1 0 2 1 1 0 2 1 0 0 0 2 2 2 1 0 1 2 0 0 0 1 0 0 2 0 -1 -2 -1 -1 -1 0 -2 -1 -1 0 -2 -1 0 0 0 -2 -2 -2 -1 0 -1 -2 0 0 0 -1 0 0 -2
-2.40317938204731 0.680099510234627 0.975363235080217 -0.516865711218958 -0.413622516739862 -1 0 0 1 0 2 1 1 1 2 0 2 2 2 1 0 1 2 2 1 2 1 2 1 0 1 1 1 0 0 2 0 0 -1 0 -2 -1 -1 -1 -2 0 -2 -2 -2 -1 0 -1 -2 -2 -1 -2 -1 -2 -1 0 -1 -1 -1 0 0 -2
-0.995272624936201 -0.617201294853959 1.37049985421831 0.889115395699233 2.27732188867222 -1 0 0 2 1 0 1 1 1 1 1 1 2 1 0 0 0 1 2 0 0 0 1 2 0 0 1 1 0 0 2 0 0 -2 -1 0 -1 -1 -1 -1 -1 -1 -2 -1 0 0 0 -1 -2 0 0 0 -1 -2 0 0 -1 -1 0 0 -2
-1.59810352341801 0.21662668786429 -0.670594279649256 -0.439059949356033 -1.61902376544139 -1 0 0 1 1 0 0 0 1 0 1 1 2 1 0 0 1 0 2 2 1 0 2 2 0 1 1 2 0 0 1 0 0 -1 -1 0 0 0 -1 0 -1 -1 -2 -1 0 0 -1 0 -2 -2 -1 0 -2 -2 0 -1 -1 -2 0 0 -1
-1.5374789981359 0.886934921792088 -2.08795073351287 -0.431319350289857 1.00819234425032 1 0 0 2 0 1 2 0 0 1 0 0 2 1 1 0 0 0 2 2 1 2 2 2 2 0 0 0 0 0 2 0 0 2 0 1 2 0 0 1 0 0 2 1 1 0 0 0 2 2 1 2 2 2 2 0 0 0 0 0 2
-1.90584279703346 1.70835476164489 -0.782806367924351 0.521141426337642 1.54170903461763 -1 0 0 1 1 1 2 1 1 0 0 1 2 0 0 0 0 0 2 2 2 0 2 2 1 0 0 1 0 0 2 0 0 -1 -1 -1 -2 -1 -1 0 0 -1 -2 0 0 0 0 0 -2 -2 -2 0 -2 -2 -1 0 0 -1 0 0 -2
-0.699751363845944 0.889326541295501 1.49403657638277 0.880585302498578 1.76851091786209 1 0 1 2 1 0 1 0 0 1 0 1 2 1 1 0 0 1 1 1 1 0 0 0 0 1 1 0 0 0 2 0 1 2 1 0 1 0 0 1 0 1 2 1 1 0 0 1 1 1 1 0 0 0 0 1 1 0 0 0 2
0.485845344451787 -0.603354367674675 -1.38266876142509 -1.35546181076233 -0.359721923138712 -1 0 0 0 0 0 0 0 0 0 0 1 2 0 0 0 0 0 1 0 1 0 1 1 1 1 1 1 1 1 2 0 0 0 0 0 0 0 0 0 0 -1 -2 0 0 0 0 0 -1 0 -1 0 -1 -1 -1 -1 -1 -1 -1 -1 -2
1.44434127480487 1.00479391344828 -0.456816599314919 -0.600700143246868 -0.238953890603395 -1 0 0 2 1 1 1 0 0 0 0 0 2 0 0 0 1 0 2 2 1 0 1 1 0 0 0 2 1 1 2 0 0 -2 -1 -1 -1 0 0 0 0 0 -2 0 0 0 -1 0 -2 -2 -1 0 -1 -1 0 0 0 -2 -1 -1 -2
1.40807703265268 0.233816526120013 0.290736162187275 -0.630081628025739 0.605723364719406 -1 0 1 2 2 1 0 0 1 1 1 0 1 1 1 0 0 1 2 0 1 0 1 2 0 0 0 1 0 0 2 0 -1 -2 -2 -1 0 0 -1 -1 -1 0 -1 -1 -1 0 0 -1 -2 0 -1 0 -1 -2 0 0 0 -1 0 0 -2
-0.384954374099103 -1.34801465272128 1.10398098364024 -0.127321121655809 -0.521463274352224 1 0 2 2 0 2 2 0 1 2 0 1 2 2 1 0 2 1 1 1 1 0 2 0 0 0 2 2 0 1 2 0 2 2 0 2 2 0 1 2 0 1 2 2 1 0 2 1 1 1 1 0 2 0 0 0 2 2 0 1 2
1.95158970209005 0.947509047115028 -1.8308997396845 -0.450718789724911 1.10580182081308 1 0 0 2 1 1 1 0 1 1 1 0 2 1 1 0 0 0 2 0 0 0 0 2 0 0 1 1 0 0 1 0 0 2 1 1 1 0 1 1 1 0 2 1 1 0 0 0 2 0 0 0 0 2 0 0 1 1 0 0 1
-2.3672353502389 0.210219283095105 0.589843188999669 0.191595675730334 -0.950743712432445 1 0 0 1 1 1 2 0 2 1 0 0 2 1 0 0 1 1 2 1 2 1 2 2 1 1 1 2 0 0 1 0 0 1 1 1 2 0 2 1 0 0 2 1 0 0 1 1 2 1 2 1 2 2 1 1 1 2 0 0 1
-0.15721011886906 1.95362127453322 -2.34780424318211 -0.777568638927939 0.277640560939004 -1 0 1 2 1 1 0 0 0 0 1 1 2 0 1 0 0 0 2 1 1 0 1 1 0 0 1 2 1 0 2 0 -1 -2 -1 -1 0 0 0 0 -1 -1 -2 0 -1 0 0 0 -2 -1 -1 0 -1 -1 0 0 -1 -2 -1 0 -2
-0.460409393456775 -0.537383283994805 -0.575280901205441 0.62813505329593 0.895441290106825 1 0 0 2 1 2 2 0 1 1 0 1 1 1 2 0 1 1 2 0 1 0 1 1 1 1 1 2 0 0 1 0 0 2 1 2 2 0 1 1 0 1 1 1 2 0 1 1 2 0 1 0 1 1 1 1 1 2 0 0 1
0.622633993769506 0.466530517261799 0.74557507870197 0.347785313969664 -0.535722061346008 1 0 1 2 0 2 1 0 2 0 0 0 1 1 1 0 0 0 0 1 1 0 1 2 1 1 1 2 1 0 2 0 1 2 0 2 1 0 2 0 0 0 1 1 1 0 0 0 0 1 1 0 1 2 1 1 1 2 1 0 2
-0.527595578152053 -0.143572072153438 0.40722351304238 -1.61093840912184 -1.61535652217033 1 0 1 1 1 0 2 1 2 2 1 1 2 1 1 0 1 1 2 2 2 0 2 2 1 0 1 2 0 0 2 0 1 1 1 0 2 1 2 2 1 1 2 1 1 0 1 1 2 2 2 0 2 2 1 0 1 2 0 0 2
0.761578820079806 1.72553224474661 0.498939467013675 -0.877914360471339 0.12532132154109 1 0 2 2 1 0 1 1 1 1 1 0 1 1 2 0 1 0 2 1 2 0 0 2 1 0 1 2 0 0 2 0 2 2 1 0 1 1 1 1 1 0 1 1 2 0 1 0 2 1 2 0 0 2 1 0 1 2 0 0 2
-0.879515242250064 -0.677065700777127 0.863302795661911 1.3610485744563 -1.02593874788407 1 0 0 2 0 0 0 0 0 1 2 1 2 2 1 0 1 0 1 0 0 0 1 1 1 0 0 1 1 1 2 0 0 2 0 0 0 0 0 1 2 1 2 2 1 0 1 0 1 0 0 0 1 1 1 0 0 1 1 1 2
0.00483644758274501 1.30382415741538 -0.919048106347703 -0.406903317032288 0.193062274507577 1 0 1 2 1 0 1 1 1 0 0 1 2 0 0 0 0 1 2 1 1 0 1 2 1 0 0 1 0 1 1 0 1 2 1 0 1 1 1 0 0 1 2 0 0 0 0 1 2 1 1 0 1 2 1 0 0 1 0 1 1
-0.169247021144312 -0.887565923932679 -0.552185677732055 0.945865973598157 -1.73461053130193 1 0 1 1 0 1 0 0 0 1 0 1 2 0 1 0 0 1 2 2 2 0 1 2 0 0 1 2 0 0 2 0 1 1 0 1 0 0 0 1 0 1 2 0 1 0 0 1 2 2 2 0 1 2 0 0 1 2 0 0 2
-0.195682869224387 0.358318354729876 1.59077247912459 -0.116598988977082 -1.4957361600778 -1 0 0 1 1 1 1 0 0 1 1 1 1 1 1 0 1 1 2 1 2 0 2 1 0 0 0 1 0 0 2 0 0 -1 -1 -1 -1 0 0 -1 -1 -1 -1 -1 -1 0 -1 -1 -2 -1 -2 0 -2 -1 0 0 0 -1 0 0 -2
0.215947284766211 0.181408572774542 3.66089720537269 0.969341177092297 -0.598511884769213 -1 0 0 2 0 1 1 1 2 0 1 0 2 0 1 0 1 0 2 1 0 0 0 2 1 0 2 1 1 1 1 0 0 -2 0 -1 -1 -1 -2 0 -1 0 -2 0 -1 0 -1 0 -2 -1 0 0 0 -2 -1 0 -2 -1 -1 -1 -1
-1.21606137919272 1.55328182824724 2.23492613742512 -0.0706977034429296 -0.0953335097095364 1 0 0 2 1 1 2 0 2 2 2 1 2 2 1 0 1 1 2 1 1 0 2 2 2 0 0 1 0 0 2 0 0 2 1 1 2 0 2 2 2 1 2 2 1 0 1 1 2 1 1 0 2 2 2 0 0 1 0 0 2
-0.269471158204797 1.27192385525796 0.102410958454004 -2.00050773125806 0.898626927472612 1 0 0 2 2 1 2 1 1 1 1 1 1 0 1 0 2 2 2 1 0 0 2 2 1 0 1 1 0 0 2 0 0 2 2 1 2 1 1 1 1 1 1 0 1 0 2 2 2 1 0 0 2 2 1 0 1 1 0 0 2
0.787511563221947 -0.670676649620466 1.02261602858591 -0.405978210178546 -1.58955447634395 -1 0 1 2 1 1 1 0 1 1 0 1 2 1 1 0 1 1 2 2 2 0 0 1 1 0 1 2 2 2 2 0 -1 -2 -1 -1 -1 0 -1 -1 0 -1 -2 -1 -1 0 -1 -1 -2 -2 -2 0 0 -1 -1 0 -1 -2 -2 -2 -2
1.05673022913816 0.547822527984888 -0.664535948544443 2.23610222840895 -1.12732483170203 1 0 0 1 1 0 0 0 0 0 0 0 1 0 0 0 1 2 2 1 1 0 1 1 0 0 0 0 0 1 2 0 0 1 1 0 0 0 0 0 0 0 1 0 0 0 1 2 2 1 1 0 1 1 0 0 0 0 0 1 2
0.173478338924766 0.585057760710668 1.19077255861153 -0.304746722564561 1.68216684564883 1 0 1 2 0 1 0 0 1 0 0 0 1 0 1 0 0 0 2 1 1 0 1 1 0 0 1 2 1 1 2 0 1 2 0 1 0 0 1 0 0 0 1 0 1 0 0 0 2 1 1 0 1 1 0 0 1 2 1 1 2
0.920193957738553 -1.72236350224204 0.201858449558689 0.198539973402231 0.421964656479667 -1 0 1 2 1 1 2 2 1 1 1 1 1 1 1 0 0 1 2 1 1 0 1 1 0 1 1 2 0 0 2 0 -1 -2 -1 -1 -2 -2 -1 -1 -1 -1 -1 -1 -1 0 0 -1 -2 -1 -1 0 -1 -1 0 -1 -1 -2 0 0 -2
0.928013735892714 1.20208023682798 0.905915797489797 0.750481229828045 -2.02600116881513 -1 0 1 2 0 2 2 0 0 0 0 1 2 0 1 0 2 1 2 2 2 0 0 1 0 0 1 2 0 1 2 0 -1 -2 0 -2 -2 0 0 0 0 -1 -2 0 -1 0 -2 -1 -2 -2 -2 0 0 -1 0 0 -1 -2 0 -1 -2
-0.65278777440635 -0.92373785578622 -1.37537928530855 0.0979017302681319 -0.403415724069445 1 0 1 1 2 1 2 0 1 1 0 0 2 0 2 1 2 1 2 2 1 0 2 2 1 0 1 2 0 0 1 0 1 1 2 1 2 0 1 1 0 0 2 0 2 1 2 1 2 2 1 0 2 2 1 0 1 2 0 0 1
1.2633145618679 -0.966495428326603 0.0730274503242984 -1.4268363350913 1.62742435929044 1 0 0 1 0 1 2 0 0 0 0 1 2 1 2 0 0 0 2 0 0 0 1 2 1 0 0 2 0 0 2 0 0 1 0 1 2 0 0 0 0 1 2 1 2 0 0 0 2 0 0 0 1 2 1 0 0 2 0 0 2
1.18187369050586 0.736540710308567 0.56152547685798 -1.21457557692116 0.332558345603081 1 1 2 2 0 0 0 0 1 1 0 1 2 0 1 0 2 2 2 1 2 0 1 2 0 0 0 2 1 1 2 1 2 2 0 0 0 0 1 1 0 1 2 0 1 0 2 2 2 1 2 0 1 2 0 0 0 2 1 1 2
-0.258243251882427 -0.978896060672635 -0.482209290360586 0.848542787816491 -0.786929249909654 -1 1 1 2 0 1 1 0 1 1 0 1 2 2 1 0 1 0 2 2 0 0 2 2 1 0 2 2 1 0 2 -1 -1 -2 0 -1 -1 0 -1 -1 0 -1 -2 -2 -1 0 -1 0 -2 -2 0 0 -2 -2 -1 0 -2 -2 -1 0 -2
-0.93820230858844 -0.44434023221559 -0.466760936982951 -1.96723489901382 2.67120465306885 1 0 0 2 2 1 1 1 1 1 1 1 2 1 1 0 1 1 2 2 2 0 1 1 0 1 1 2 2 2 2 0 0 2 2 1 1 1 1 1 1 1 2 1 1 0 1 1 2 2 2 0 1 1 0 1 1 2 2 2 2
0.715607376159874 0.0810503552584242 2.27250377498143 1.86813138368421 -0.241829935927159 -1 0 1 1 0 0 0 0 0 0 0 1 2 2 1 0 2 0 2 1 1 0 2 2 1 0 2 2 1 1 2 0 -1 -1 0 0 0 0 0 0 0 -1 -2 -2 -1 0 -2 0 -2 -1 -1 0 -2 -2 -1 0 -2 -2 -1 -1 -2
-1.02898611012573 0.828823585487445 -0.65744328865573 -0.791894765777065 1.57841931849861 -1 0 0 1 2 1 2 1 2 1 1 0 2 0 1 0 0 1 2 1 1 0 2 2 1 1 1 2 1 2 2 0 0 -1 -2 -1 -2 -1 -2 -1 -1 0 -2 0 -1 0 0 -1 -2 -1 -1 0 -2 -2 -1 -1 -1 -2 -1 -2 -2
1.01460316791407 -0.0202445048231637 -1.05308840309653 -0.24086787808763 -0.270301704699352 1 0 2 2 1 0 2 0 0 0 0 1 2 2 1 0 1 1 1 0 1 0 0 0 2 2 1 2 1 2 2 0 2 2 1 0 2 0 0 0 0 1 2 2 1 0 1 1 1 0 1 0 0 0 2 2 1 2 1 2 2
-0.467204300813533 -0.290607412738024 -1.25015665155618 0.364148092311639 -0.204601722067757 -1 0 0 1 1 1 2 0 0 1 0 1 2 2 2 0 1 0 2 1 2 0 1 2 1 0 2 2 1 1 2 0 0 -1 -1 -1 -2 0 0 -1 0 -1 -2 -2 -2 0 -1 0 -2 -1 -2 0 -1 -2 -1 0 -2 -2 -1 -1 -2
-0.236149051024283 0.900557177439381 -0.863508194028964 -0.857418729388364 0.0235459854975789 1 0 1 2 1 2 2 0 1 1 0 0 2 2 1 1 1 2 2 2 2 0 1 2 1 0 2 2 2 2 2 0 1 2 1 2 2 0 1 1 0 0 2 2 1 1 1 2 2 2 2 0 1 2 1 0 2 2 2 2 2
1.93206968839203 -0.666087944751363 0.351729022865861 -1.03931330742923 0.928093401824702 -1 0 1 2 1 0 0 0 0 0 0 2 2 2 1 0 0 0 2 1 2 0 2 2 0 0 0 2 0 0 2 0 -1 -2 -1 0 0 0 0 0 0 -2 -2 -2 -1 0 0 0 -2 -1 -2 0 -2 -2 0 0 0 -2 0 0 -2
-0.00378180403563306 -0.239077048862617 1.01072434817572 -0.107026283778811 0.862864886272199 1 0 1 1 1 1 1 0 1 1 0 1 2 0 1 0 1 1 1 0 1 0 2 2 2 0 0 2 0 0 2 0 1 1 1 1 1 0 1 1 0 1 2 0 1 0 1 1 1 0 1 0 2 2 2 0 0 2 0 0 2
0.0252629182552121 -1.10720653842731 0.439358961516633 2.84526354386687 0.31764900928238 -1 0 0 1 0 2 1 1 0 1 0 0 1 0 1 0 2 0 2 1 2 0 1 2 0 0 0 2 0 0 2 0 0 -1 0 -2 -1 -1 0 -1 0 0 -1 0 -1 0 -2 0 -2 -1 -2 0 -1 -2 0 0 0 -2 0 0 -2
-0.783146991794816 -0.571242366194563 0.814943974749272 -2.57362958353876 2.1277989004187 -1 0 0 1 1 2 2 0 0 0 0 1 2 1 1 0 2 2 2 2 1 0 2 1 0 1 1 1 0 0 2 0 0 -1 -1 -2 -2 0 0 0 0 -1 -2 -1 -1 0 -2 -2 -2 -2 -1 0 -2 -1 0 -1 -1 -1 0 0 -2
0.280698030569396 0.503573011452085 0.055435315465093 0.0833210321902976 -1.05903864718163 1 0 2 2 1 1 1 0 0 1 1 2 2 0 1 0 1 2 2 2 2 0 2 1 1 0 1 2 0 2 2 0 2 2 1 1 1 0 0 1 1 2 2 0 1 0 1 2 2 2 2 0 2 1 1 0 1 2 0 2 2
1.29680612635167 0.755333159121406 1.65416958604674 0.363529999978916 -0.916057691854575 1 0 0 1 0 1 1 0 1 0 0 1 2 1 2 0 1 1 2 1 1 0 1 2 1 0 0 1 1 1 2 0 0 1 0 1 1 0 1 0 0 1 2 1 2 0 1 1 2 1 1 0 1 2 1 0 0 1 1 1 2
-1.39374158380617 -0.0892786560495196 0.546800448850641 1.72333453331517 -1.88301408803281 1 1 2 1 0 1 0 0 0 0 0 0 2 0 1 0 1 1 2 2 2 0 2 2 1 0 0 0 0 0 1 1 2 1 0 1 0 0 0 0 0 0 2 0 1 0 1 1 2 2 2 0 2 2 1 0 0 0 0 0 1
-1.60429663490363 -0.505026941232858 -1.02247989157947 0.387267423009763 -0.953285794195749 -1 0 2 1 0 1 2 0 0 0 0 1 2 1 1 0 2 2 2 2 2 1 2 2 2 0 0 1 0 0 1 0 -2 -1 0 -1 -2 0 0 0 0 -1 -2 -1 -1 0 -2 -2 -2 -2 -2 -1 -2 -2 -2 0 0 -1 0 0 -1
1.22252375670647 -0.348670332508064 -1.18260751185224 0.315899846188528 -0.75073813814229 1 0 2 2 0 0 1 0 0 0 0 0 1 0 0 0 0 0 1 2 2 0 2 2 0 0 0 1 0 1 2 0 2 2 0 0 1 0 0 0 0 0 1 0 0 0 0 0 1 2 2 0 2 2 0 0 0 1 0 1 2
0.291655473359129 -0.526261038707751 0.682062234402254 -0.935634816132385 -1.84510203447642 -1 0 0 1 0 1 2 0 1 1 1 0 2 0 0 0 0 1 2 2 1 0 0 1 0 0 1 2 1 1 2 0 0 -1 0 -1 -2 0 -1 -1 -1 0 -2 0 0 0 0 -1 -2 -2 -1 0 0 -1 0 0 -1 -2 -1 -1 -2
-1.26646907734833 0.232253866106461 0.239319520406207 1.17231925807906 -0.127264780123711 -1 0 1 1 0 2 2 0 0 1 1 1 2 1 2 0 1 1 2 1 2 0 2 2 0 0 1 1 0 1 2 0 -1 -1 0 -2 -2 0 0 -1 -1 -1 -2 -1 -2 0 -1 -1 -2 -1 -2 0 -2 -2 0 0 -1 -1 0 -1 -2
0.468266145173325 -1.17647161721128 -0.672801856014288 -0.466132902106491 1.99406400135267 1 0 0 1 0 2 2 0 2 1 1 0 1 0 0 0 0 0 2 2 2 0 1 1 0 0 0 1 0 2 1 0 0 1 0 2 2 0 2 1 1 0 1 0 0 0 0 0 2 2 2 0 1 1 0 0 0 1 0 2 1
1.3097361161084 0.819699573947955 -1.89941336328866 -0.276375975359488 1.3199985507464 1 0 1 2 2 2 2 0 1 1 1 0 2 1 1 0 1 1 2 1 2 0 2 1 1 0 0 1 0 0 2 0 1 2 2 2 2 0 1 1 1 0 2 1 1 0 1 1 2 1 2 0 2 1 1 0 0 1 0 0 2
-0.162862274887362 -0.00875988967443311 -0.817185221663402 0.822119546021116 -1.25562661254693 1 0 0 0 0 0 2 0 1 0 0 1 2 1 2 0 2 2 2 2 2 1 1 2 1 0 1 2 0 1 2 0 0 0 0 0 2 0 1 0 0 1 2 1 2 0 2 2 2 2 2 1 1 2 1 0 1 2 0 1 2
0.314759964446523 -0.0807339357187492 2.20433494986416 0.310916199128627 -1.74363043913564 1 0 0 2 0 2 1 1 2 1 1 2 2 2 2 1 1 2 2 2 2 0 1 2 2 0 0 2 1 1 2 0 0 2 0 2 1 1 2 1 1 2 2 2 2 1 1 2 2 2 2 0 1 2 2 0 0 2 1 1 2
-0.364308331188853 1.93058566360745 0.861358825694817 -0.327643503392016 -0.0310680605955015 -1 0 0 1 1 1 0 0 0 0 1 0 2 1 2 0 0 0 2 1 1 0 0 0 0 1 1 2 1 1 2 0 0 -1 -1 -1 0 0 0 0 -1 0 -2 -1 -2 0 0 0 -2 -1 -1 0 0 0 0 -1 -1 -2 -1 -1 -2
