-0.668869298427369 0.146768003101491 -1.93589752249678 -0.455335833488671 0.770113827445599 -1 0 0 0 0 0 0 0 2 2 1 0 0 2 0 0 0 1 0 1 1 0 1 1 1 2 2 1 0 0 1 0 0 0 0 0 0 0 -2 -2 -1 0 0 -2 0 0 0 -1 0 -1 -1 0 -1 -1 -1 -2 -2 -1 0 0 -1
-0.872258263237895 -0.124454881628309 1.20053335862934 -1.73149672063089 -0.0513406607391595 -1 2 1 2 1 2 2 0 2 2 1 0 0 1 0 0 0 1 1 2 2 2 2 2 1 2 2 1 1 0 2 -2 -1 -2 -1 -2 -2 0 -2 -2 -1 0 0 -1 0 0 0 -1 -1 -2 -2 -2 -2 -2 -1 -2 -2 -1 -1 0 -2
-1.44223976560383 0.320353243842808 -1.62461436375363 -1.78983442225849 2.4995890663869 -1 1 0 0 0 2 1 0 1 0 1 0 0 2 0 0 1 1 2 2 2 0 2 0 1 2 2 0 1 0 1 -1 0 0 0 -2 -1 0 -1 0 -1 0 0 -2 0 0 -1 -1 -2 -2 -2 0 -2 0 -1 -2 -2 0 -1 0 -1
0.41620755997764 -1.36674882147586 0.60989189693575 -0.339078173902705 -0.644145559370432 1 2 2 1 0 0 1 0 1 1 0 0 0 1 0 0 0 2 1 1 2 1 2 2 2 2 2 1 1 1 2 2 2 1 0 0 1 0 1 1 0 0 0 1 0 0 0 2 1 1 2 1 2 2 2 2 2 1 1 1 2
0.478860812447736 0.158768968560199 0.0320429742628716 -2.44665359192749 -0.0216745807138547 -1 1 0 0 0 1 1 0 2 1 2 0 0 1 0 0 1 1 1 1 2 0 1 0 0 2 2 0 0 0 1 -1 0 0 0 -1 -1 0 -2 -1 -2 0 0 -1 0 0 -1 -1 -1 -1 -2 0 -1 0 0 -2 -2 0 0 0 -1
-0.593695999219779 0.35637262561603 0.0565616496423909 -0.722340115323206 0.0631593052918528 -1 2 1 2 0 2 2 0 0 1 2 0 0 1 0 0 1 2 1 2 2 2 2 1 1 1 2 0 0 0 1 -2 -1 -2 0 -2 -2 0 0 -1 -2 0 0 -1 0 0 -1 -2 -1 -2 -2 -2 -2 -1 -1 -1 -2 0 0 0 -1
-0.88840139686411 -1.22650656998451 -1.36329616219823 0.020881688230564 0.691610135163827 1 1 0 1 0 2 1 2 2 1 1 0 0 2 0 1 1 1 2 2 2 0 1 1 0 2 2 1 1 1 2 1 0 1 0 2 1 2 2 1 1 0 0 2 0 1 1 1 2 2 2 0 1 1 0 2 2 1 1 1 2
0.00956351853779259 -0.853995723481428 -1.00536470678346 1.09072772291057 0.971862454687043 -1 2 1 2 2 2 2 1 2 2 2 0 0 1 0 0 0 1 1 1 2 0 1 0 0 1 2 0 0 1 1 -2 -1 -2 -2 -2 -2 -1 -2 -2 -2 0 0 -1 0 0 0 -1 -1 -1 -2 0 -1 0 0 -1 -2 0 0 -1 -1
0.322429479936332 1.842879315462 0.399386260812996 -0.211462663118945 0.880437717388461 1 2 0 2 0 1 1 0 2 2 2 0 0 1 0 1 1 1 1 2 1 0 1 1 1 0 2 0 0 0 1 2 0 2 0 1 1 0 2 2 2 0 0 1 0 1 1 1 1 2 1 0 1 1 1 0 2 0 0 0 1
0.239368171027893 1.80460996222698 1.01880784191152 0.622463955663344 0.811203521315452 -1 0 2 2 0 1 2 2 2 2 0 0 0 1 0 0 1 1 0 0 2 0 1 1 0 2 2 1 0 0 0 0 -2 -2 0 -1 -2 -2 -2 -2 0 0 0 -1 0 0 -1 -1 0 0 -2 0 -1 -1 0 -2 -2 -1 0 0 0
1.52257865406212 2.63294266749667 -0.0829084442292143 0.924570799914474 0.240123204453758 1 2 0 2 1 2 1 0 2 2 2 0 1 2 0 0 1 2 2 2 2 0 1 1 0 2 2 1 1 0 2 2 0 2 1 2 1 0 2 2 2 0 1 2 0 0 1 2 2 2 2 0 1 1 0 2 2 1 1 0 2
-1.43999117057798 0.3100413594782 1.20925119871134 -0.144807084610419 -0.095153815177497 1 1 0 1 1 2 1 2 2 1 1 0 0 1 0 1 2 1 0 1 1 0 1 2 2 2 2 0 1 1 1 1 0 1 1 2 1 2 2 1 1 0 0 1 0 1 2 1 0 1 1 0 1 2 2 2 2 0 1 1 1
1.59929584933461 0.0992238895088993 0.558033399710727 0.084917517573671 -1.69438148483255 -1 2 1 1 0 1 1 0 0 1 1 0 0 2 0 0 1 1 0 0 1 0 2 0 0 2 2 1 1 1 2 -2 -1 -1 0 -1 -1 0 0 -1 -1 0 0 -2 0 0 -1 -1 0 0 -1 0 -2 0 0 -2 -2 -1 -1 -1 -2
0.556078835504975 -0.669294916977863 -0.672906961402838 0.293806673968405 0.328921959607026 1 2 1 1 0 1 1 0 2 2 2 0 0 1 0 1 1 2 1 2 2 0 2 1 1 2 2 0 1 0 1 2 1 1 0 1 1 0 2 2 2 0 0 1 0 1 1 2 1 2 2 0 2 1 1 2 2 0 1 0 1
-1.35147866032879 -0.192637295431484 0.845055968081286 0.438511092757487 -0.225446515750893 1 1 0 1 0 2 1 0 0 1 2 0 0 1 0 0 2 1 1 2 2 1 2 2 1 2 2 0 0 0 1 1 0 1 0 2 1 0 0 1 2 0 0 1 0 0 2 1 1 2 2 1 2 2 1 2 2 0 0 0 1
-0.843677307571458 -0.204110244302574 0.761672627013268 0.0952506653215964 0.483128693481026 -1 1 0 2 0 2 1 0 1 2 2 0 0 0 0 1 1 2 0 2 2 0 2 1 1 1 2 1 1 0 1 -1 0 -2 0 -2 -1 0 -1 -2 -2 0 0 0 0 -1 -1 -2 0 -2 -2 0 -2 -1 -1 -1 -2 -1 -1 0 -1
0.0511066809766244 -0.124518963694094 1.10670335685843 0.789997274648686 2.29924305943273 1 2 1 1 0 2 1 0 1 1 1 0 0 1 0 1 1 0 0 2 2 0 0 0 0 1 2 0 0 0 0 2 1 1 0 2 1 0 1 1 1 0 0 1 0 1 1 0 0 2 2 0 0 0 0 1 2 0 0 0 0
-0.329271013837235 0.156357531376233 -1.85211313964793 -0.577445481597051 1.95234296134475 1 0 0 0 0 2 1 1 2 2 1 0 0 1 0 2 1 1 1 1 2 0 2 0 0 2 2 1 1 1 2 0 0 0 0 2 1 1 2 2 1 0 0 1 0 2 1 1 1 1 2 0 2 0 0 2 2 1 1 1 2
1.25370434628162 -1.68768084356146 1.72390419989712 -0.628644160880792 0.790358065051441 -1 2 2 2 1 1 2 1 2 2 2 0 0 1 0 0 2 1 0 1 2 1 2 1 2 2 2 2 1 0 1 -2 -2 -2 -1 -1 -2 -1 -2 -2 -2 0 0 -1 0 0 -2 -1 0 -1 -2 -1 -2 -1 -2 -2 -2 -2 -1 0 -1
0.325676650945428 1.61221540435654 1.54838184629475 -0.0821465102156597 0.465699479804974 1 2 0 1 1 2 0 0 1 2 1 0 0 2 0 0 0 1 0 2 2 0 2 2 2 2 2 1 0 0 1 2 0 1 1 2 0 0 1 2 1 0 0 2 0 0 0 1 0 2 2 0 2 2 2 2 2 1 0 0 1
-0.945491170069941 0.627762149622767 -0.11475722804977 2.12669857607674 -1.00552801138146 -1 1 1 2 1 2 1 1 2 2 2 1 0 1 0 2 2 1 0 2 1 0 1 0 0 2 2 0 0 0 1 -1 -1 -2 -1 -2 -1 -1 -2 -2 -2 -1 0 -1 0 -2 -2 -1 0 -2 -1 0 -1 0 0 -2 -2 0 0 0 -1
1.54343520632317 -0.2215631530705 -0.65539652749987 -0.0779910105792051 -0.297270757648107 -1 2 1 2 0 1 1 1 2 1 1 0 0 1 0 1 1 0 0 1 2 0 1 1 1 2 2 0 0 0 1 -2 -1 -2 0 -1 -1 -1 -2 -1 -1 0 0 -1 0 -1 -1 0 0 -1 -2 0 -1 -1 -1 -2 -2 0 0 0 -1
1.39230169043901 1.17734508831982 1.1777680942627 0.727038152930446 -0.169126052415396 1 2 1 2 1 2 2 1 1 1 1 0 0 1 0 0 2 1 0 1 2 0 2 0 1 2 2 0 1 0 1 2 1 2 1 2 2 1 1 1 1 0 0 1 0 0 2 1 0 1 2 0 2 0 1 2 2 0 1 0 1
0.555144479125661 1.06181407199542 1.79186726032207 0.834513133275787 -0.663572806071743 -1 1 0 2 0 2 1 1 2 2 1 0 0 1 0 1 2 2 2 2 2 0 1 1 1 1 2 1 0 0 2 -1 0 -2 0 -2 -1 -1 -2 -2 -1 0 0 -1 0 -1 -2 -2 -2 -2 -2 0 -1 -1 -1 -1 -2 -1 0 0 -2
-0.768476384069668 1.52441248189143 -0.869868218506572 0.0742169132416366 -0.562473455205019 -1 2 1 2 0 2 1 1 2 2 2 0 0 2 0 1 2 2 2 2 2 1 2 1 2 2 2 1 1 0 2 -2 -1 -2 0 -2 -1 -1 -2 -2 -2 0 0 -2 0 -1 -2 -2 -2 -2 -2 -1 -2 -1 -2 -2 -2 -1 -1 0 -2
0.659979735994784 -1.60936769264633 1.31137375043035 -1.17910354188706 0.375578401633561 1 1 0 1 0 2 2 0 2 2 2 1 0 1 1 2 2 1 0 0 1 0 2 1 0 0 2 1 1 0 0 1 0 1 0 2 2 0 2 2 2 1 0 1 1 2 2 1 0 0 1 0 2 1 0 0 2 1 1 0 0
0.274149527893469 0.308086784456215 0.298269027971506 0.455581881137434 -1.61548520573991 -1 2 1 2 0 2 1 0 1 1 2 0 0 0 0 0 0 0 1 1 2 0 2 2 1 1 2 0 1 0 1 -2 -1 -2 0 -2 -1 0 -1 -1 -2 0 0 0 0 0 0 0 -1 -1 -2 0 -2 -2 -1 -1 -2 0 -1 0 -1
1.53074269982533 -0.537552591983919 -1.92097577311204 1.66713492023739 -0.235402916441809 1 2 2 2 1 1 2 0 2 1 1 0 0 0 0 0 1 0 0 2 2 0 2 2 1 1 2 1 0 0 1 2 2 2 1 1 2 0 2 1 1 0 0 0 0 0 1 0 0 2 2 0 2 2 1 1 2 1 0 0 1
0.215762582303294 -1.26288058519391 0.117218175901813 -0.206923203232149 0.583021462107027 -1 2 1 2 0 2 1 0 2 2 2 0 0 1 0 0 1 0 2 1 1 0 2 1 0 2 2 0 0 0 1 -2 -1 -2 0 -2 -1 0 -2 -2 -2 0 0 -1 0 0 -1 0 -2 -1 -1 0 -2 -1 0 -2 -2 0 0 0 -1
0.258710849994782 -0.352395002850264 1.06496424483159 0.913237649080154 0.114807657903735 1 2 0 0 0 2 2 1 1 2 1 0 0 0 0 1 1 2 1 1 1 0 2 2 1 2 2 0 0 0 2 2 0 0 0 2 2 1 1 2 1 0 0 0 0 1 1 2 1 1 1 0 2 2 1 2 2 0 0 0 2
-0.851566620367557 -0.737244898612088 1.20110714819688 2.18710387126467 0.297509245504308 1 1 1 2 1 2 2 0 1 1 0 0 0 1 0 0 1 1 0 1 2 1 2 2 2 1 2 0 1 0 2 1 1 2 1 2 2 0 1 1 0 0 0 1 0 0 1 1 0 1 2 1 2 2 2 1 2 0 1 0 2
-0.564308955028136 0.553331996420207 -1.06848014787769 1.24427010849701 0.179449868671434 -1 1 0 1 0 1 1 0 1 2 1 0 0 0 0 0 1 2 2 2 2 0 0 1 1 2 2 0 0 0 1 -1 0 -1 0 -1 -1 0 -1 -2 -1 0 0 0 0 0 -1 -2 -2 -2 -2 0 0 -1 -1 -2 -2 0 0 0 -1
1.08157899798631 -0.224283191802226 -0.543204819390938 0.00567673096989863 1.97244916351667 -1 1 0 1 0 1 1 1 2 2 1 0 0 0 0 0 2 1 0 1 2 0 0 0 0 2 2 1 1 1 2 -1 0 -1 0 -1 -1 -1 -2 -2 -1 0 0 0 0 0 -2 -1 0 -1 -2 0 0 0 0 -2 -2 -1 -1 -1 -2
-0.797477694042848 -0.430095584488012 -0.122587476538936 1.49416247283793 0.701173293835678 -1 1 1 2 0 2 1 1 2 1 2 0 0 1 0 0 0 0 1 1 2 0 0 0 0 2 2 0 1 0 0 -1 -1 -2 0 -2 -1 -1 -2 -1 -2 0 0 -1 0 0 0 0 -1 -1 -2 0 0 0 0 -2 -2 0 -1 0 0
-1.0069473546161 -0.102979892675706 -1.52610069623899 1.21111070846994 0.635853601855545 -1 2 1 2 0 2 1 2 2 2 1 0 0 0 0 1 0 0 0 1 0 0 0 0 0 2 2 2 1 1 2 -2 -1 -2 0 -2 -1 -2 -2 -2 -1 0 0 0 0 -1 0 0 0 -1 0 0 0 0 0 -2 -2 -2 -1 -1 -2
0.0252885754109444 1.47044197407523 0.198175574052471 0.952781506928429 1.90459311865197 -1 2 0 1 0 1 1 0 1 2 1 0 0 0 0 0 0 2 0 1 1 0 0 0 0 1 2 0 1 1 2 -2 0 -1 0 -1 -1 0 -1 -2 -1 0 0 0 0 0 0 -2 0 -1 -1 0 0 0 0 -1 -2 0 -1 -1 -2
-0.229941351124209 -0.842765896228811 0.954051051948316 -1.25569755880556 0.580505825735254 -1 1 0 1 0 1 2 0 1 2 0 0 0 2 0 1 0 0 0 2 2 0 2 2 2 1 2 0 0 0 0 -1 0 -1 0 -1 -2 0 -1 -2 0 0 0 -2 0 -1 0 0 0 -2 -2 0 -2 -2 -2 -1 -2 0 0 0 0
-0.558958338875316 -1.04341056145619 -0.555976181948948 1.08183889639697 1.19872761291066 -1 2 0 1 0 2 2 1 2 2 1 1 0 0 0 0 0 2 1 1 1 0 2 2 1 2 2 1 0 0 0 -2 0 -1 0 -2 -2 -1 -2 -2 -1 -1 0 0 0 0 0 -2 -1 -1 -1 0 -2 -2 -1 -2 -2 -1 0 0 0
1.45377368306102 2.39714971879163 -1.94485974977821 0.488121145373392 0.0112480527143272 1 0 0 2 0 2 1 0 1 0 2 0 0 2 0 1 0 2 1 2 2 1 2 0 2 2 2 1 1 1 2 0 0 2 0 2 1 0 1 0 2 0 0 2 0 1 0 2 1 2 2 1 2 0 2 2 2 1 1 1 2
-2.27899055568529 -0.544920077855843 -0.0424049549565159 1.14736319587317 -0.327371936224359 -1 2 0 2 0 1 1 0 0 0 1 0 0 1 0 0 0 2 1 2 2 0 2 2 2 2 2 2 1 1 1 -2 0 -2 0 -1 -1 0 0 0 -1 0 0 -1 0 0 0 -2 -1 -2 -2 0 -2 -2 -2 -2 -2 -2 -1 -1 -1
0.362264785986919 0.817579227447449 0.0973757559323771 1.43948472385014 -0.284925693153784 -1 2 2 2 0 2 2 0 1 2 2 0 0 1 0 0 1 1 1 2 2 0 1 1 2 0 2 0 0 0 1 -2 -2 -2 0 -2 -2 0 -1 -2 -2 0 0 -1 0 0 -1 -1 -1 -2 -2 0 -1 -1 -2 0 -2 0 0 0 -1
0.752667349944352 -0.496261826450231 -0.742901627649309 -0.193933125302786 -0.890169581813969 -1 1 0 2 0 0 1 2 2 2 1 0 0 1 0 0 1 1 1 2 2 1 2 1 2 2 2 0 0 0 1 -1 0 -2 0 0 -1 -2 -2 -2 -1 0 0 -1 0 0 -1 -1 -1 -2 -2 -1 -2 -1 -2 -2 -2 0 0 0 -1
-0.613350279083289 1.12630326060887 -0.20509562752119 -0.463264204806336 0.377840180771296 1 1 0 1 0 1 1 2 1 2 1 0 0 2 0 1 1 1 1 2 2 0 2 2 1 1 2 0 0 0 0 1 0 1 0 1 1 2 1 2 1 0 0 2 0 1 1 1 1 2 2 0 2 2 1 1 2 0 0 0 0
-0.687655923701861 -1.375637659131 0.233462623849829 0.98870704201467 0.833852138001013 1 2 2 2 0 2 2 1 2 2 1 0 0 1 0 1 1 1 0 1 2 0 1 1 0 1 2 0 0 1 2 2 2 2 0 2 2 1 2 2 1 0 0 1 0 1 1 1 0 1 2 0 1 1 0 1 2 0 0 1 2
1.272521275361 3.4031696090195 -0.559899269307245 -1.07863104194056 0.552863111056276 -1 2 0 2 0 2 2 0 2 2 2 0 0 1 0 1 0 1 0 1 1 0 1 1 0 2 2 1 0 0 1 -2 0 -2 0 -2 -2 0 -2 -2 -2 0 0 -1 0 -1 0 -1 0 -1 -1 0 -1 -1 0 -2 -2 -1 0 0 -1
2.61971229334731 -0.444634989361274 1.32183034950683 0.110290934990824 -0.148745703118469 -1 1 0 1 0 1 1 1 2 2 2 0 0 1 0 0 1 1 1 1 1 0 1 1 1 2 2 1 1 0 0 -1 0 -1 0 -1 -1 -1 -2 -2 -2 0 0 -1 0 0 -1 -1 -1 -1 -1 0 -1 -1 -1 -2 -2 -1 -1 0 0
1.21546252282773 -0.775915213848808 -0.775264424140571 0.292180123705487 -0.258157526481147 1 0 0 1 0 2 2 1 1 2 2 1 0 2 0 0 1 2 1 2 2 0 1 0 0 2 2 2 2 1 2 0 0 1 0 2 2 1 1 2 2 1 0 2 0 0 1 2 1 2 2 0 1 0 0 2 2 2 2 1 2
0.0191932631004068 0.53841214312061 -0.125106026267727 -0.3952533486892 0.708773515615709 -1 1 2 2 0 0 1 1 1 2 2 1 0 0 0 0 0 1 0 1 2 0 0 1 1 2 2 0 1 0 2 -1 -2 -2 0 0 -1 -1 -1 -2 -2 -1 0 0 0 0 0 -1 0 -1 -2 0 0 -1 -1 -2 -2 0 -1 0 -2
-1.9379398142651 0.490329661628709 -2.05437476132614 -1.31572711036321 0.0499319630620555 1 1 0 1 0 2 0 1 1 1 2 0 0 1 0 0 1 0 0 2 2 0 1 2 2 2 2 1 1 0 2 1 0 1 0 2 0 1 1 1 2 0 0 1 0 0 1 0 0 2 2 0 1 2 2 2 2 1 1 0 2
0.528056794499594 0.899960292275513 0.383478414739372 0.800809310884102 1.12868056985621 -1 1 0 1 0 2 1 0 0 1 0 0 0 2 0 1 1 2 1 1 2 0 1 1 1 1 2 0 0 0 0 -1 0 -1 0 -2 -1 0 0 -1 0 0 0 -2 0 -1 -1 -2 -1 -1 -2 0 -1 -1 -1 -1 -2 0 0 0 0
-0.217929643403836 -0.846796373140753 1.69131486674831 -0.555325409085183 0.628140101528632 1 2 1 2 0 2 2 0 0 1 1 0 0 1 0 1 2 1 1 1 2 0 1 1 2 2 2 0 1 0 1 2 1 2 0 2 2 0 0 1 1 0 0 1 0 1 2 1 1 1 2 0 1 1 2 2 2 0 1 0 1
0.332761205334984 -1.40523134111968 -2.5288746021232 -3.10930962973559 -0.122999101264304 1 2 1 1 0 2 2 0 1 1 1 0 0 2 0 1 2 1 0 0 1 0 2 1 1 2 2 0 1 1 2 2 1 1 0 2 2 0 1 1 1 0 0 2 0 1 2 1 0 0 1 0 2 1 1 2 2 0 1 1 2
1.26229882576466 1.65839994843687 -0.286915491428637 0.0498732040392756 1.72846685675578 -1 1 0 1 0 1 1 0 1 1 1 0 0 1 0 2 2 0 0 1 2 0 2 1 1 2 2 0 1 1 1 -1 0 -1 0 -1 -1 0 -1 -1 -1 0 0 -1 0 -2 -2 0 0 -1 -2 0 -2 -1 -1 -2 -2 0 -1 -1 -1
0.290918352901569 2.30941270313353 0.512615427884827 0.284428608547513 -0.758215474958447 1 2 1 2 1 2 2 1 2 1 2 0 0 1 0 0 1 1 2 2 2 0 1 0 0 2 2 1 0 0 1 2 1 2 1 2 2 1 2 1 2 0 0 1 0 0 1 1 2 2 2 0 1 0 0 2 2 1 0 0 1
1.19560665010742 0.266659894351115 0.597523738637908 -1.1944575253736 -0.951165874991879 -1 2 2 2 0 2 2 1 2 2 2 1 0 1 0 1 1 1 0 1 2 0 1 1 0 2 2 1 1 0 2 -2 -2 -2 0 -2 -2 -1 -2 -2 -2 -1 0 -1 0 -1 -1 -1 0 -1 -2 0 -1 -1 0 -2 -2 -1 -1 0 -2
0.725621229970635 0.211590555746012 0.336012654096144 2.16074204229916 -0.909955188641365 1 2 0 1 0 2 2 0 1 1 1 0 0 0 0 0 0 1 0 1 2 0 1 1 1 2 2 1 0 0 2 2 0 1 0 2 2 0 1 1 1 0 0 0 0 0 0 1 0 1 2 0 1 1 1 2 2 1 0 0 2
-0.989602460472231 -0.652319198589102 -1.44208004980575 0.959596405572662 0.258211360348776 1 2 0 1 0 2 2 0 1 2 1 0 0 0 0 0 2 2 2 2 2 0 1 0 0 1 2 0 1 0 1 2 0 1 0 2 2 0 1 2 1 0 0 0 0 0 2 2 2 2 2 0 1 0 0 1 2 0 1 0 1
0.655591599766814 0.397493838406726 0.219527761249872 0.895215968931332 0.441863407443286 1 1 0 2 0 2 2 0 1 2 0 0 0 0 0 0 1 1 0 1 1 0 0 0 1 2 2 1 1 0 0 1 0 2 0 2 2 0 1 2 0 0 0 0 0 0 1 1 0 1 1 0 0 0 1 2 2 1 1 0 0
1.30947535530693 0.560385134847754 -0.526139661398174 1.55618531540299 -0.116386479469752 -1 1 0 1 1 2 1 0 1 2 2 1 0 0 0 1 1 1 0 0 1 0 2 0 2 1 2 0 1 0 0 -1 0 -1 -1 -2 -1 0 -1 -2 -2 -1 0 0 0 -1 -1 -1 0 0 -1 0 -2 0 -2 -1 -2 0 -1 0 0
0.371715390992173 -0.79676171853216 -1.47050202466415 -0.573998668553418 0.631844533201682 1 1 0 2 1 2 1 2 2 1 1 0 0 1 1 1 1 1 0 1 2 0 0 0 1 1 2 2 0 0 2 1 0 2 1 2 1 2 2 1 1 0 0 1 1 1 1 1 0 1 2 0 0 0 1 1 2 2 0 0 2
1.39794308818028 -1.0888596987783 0.816070951134395 1.31993142005472 -0.783156354761745 -1 1 1 1 0 0 0 0 2 1 2 0 0 1 0 0 0 1 1 1 1 0 2 2 2 2 2 0 0 0 0 -1 -1 -1 0 0 0 0 -2 -1 -2 0 0 -1 0 0 0 -1 -1 -1 -1 0 -2 -2 -2 -2 -2 0 0 0 0
1.16062068467833 -1.61858440886984 -2.08273618891684 -0.467097926636116 -1.30887538060876 1 1 1 1 0 2 1 0 1 1 2 0 0 1 0 0 1 2 0 1 0 0 1 1 1 2 2 1 1 1 2 1 1 1 0 2 1 0 1 1 2 0 0 1 0 0 1 2 0 1 0 0 1 1 1 2 2 1 1 1 2
0.702963976507166 1.02309017501281 0.452760725197264 -0.597698769727758 1.64110260980226 1 2 1 2 0 1 0 0 0 0 1 0 0 0 0 1 2 2 0 2 2 0 2 2 2 1 2 1 0 0 0 2 1 2 0 1 0 0 0 0 1 0 0 0 0 1 2 2 0 2 2 0 2 2 2 1 2 1 0 0 0
0.784130763581204 -1.45341386998853 0.753927160348636 0.0973610139598979 0.808935392078102 -1 0 0 0 0 1 1 1 2 2 2 0 0 0 0 1 2 2 2 2 2 0 1 1 0 1 2 1 1 0 2 0 0 0 0 -1 -1 -1 -2 -2 -2 0 0 0 0 -1 -2 -2 -2 -2 -2 0 -1 -1 0 -1 -2 -1 -1 0 -2
-0.656482967672564 0.0424411328928236 0.412773686689398 -0.212296104290666 -0.702024738138755 -1 2 0 1 0 2 2 0 1 2 1 0 0 0 0 1 1 2 1 2 2 0 1 1 1 1 2 2 1 1 2 -2 0 -1 0 -2 -2 0 -1 -2 -1 0 0 0 0 -1 -1 -2 -1 -2 -2 0 -1 -1 -1 -1 -2 -2 -1 -1 -2
2.3606654707297 1.01566244263799 1.08961178185584 -0.556166235234039 -0.00864238304221013 -1 1 0 2 0 0 0 0 2 2 1 0 0 1 0 2 1 1 1 2 2 0 2 2 2 1 2 1 1 0 2 -1 0 -2 0 0 0 0 -2 -2 -1 0 0 -1 0 -2 -1 -1 -1 -2 -2 0 -2 -2 -2 -1 -2 -1 -1 0 -2
1.17817186195302 0.397186390128864 1.55497694133619 -0.737673806806689 -0.739984106417567 -1 2 1 2 1 2 1 0 2 2 2 0 0 1 0 0 1 1 1 1 2 0 1 1 0 2 2 2 1 0 0 -2 -1 -2 -1 -2 -1 0 -2 -2 -2 0 0 -1 0 0 -1 -1 -1 -1 -2 0 -1 -1 0 -2 -2 -2 -1 0 0
0.113648403971213 1.14622779269713 1.5935326515695 1.64493327256764 1.07097030149544 -1 2 1 1 0 2 1 0 0 1 2 0 0 2 0 1 1 2 0 2 2 1 2 1 2 1 2 0 0 0 1 -2 -1 -1 0 -2 -1 0 0 -1 -2 0 0 -2 0 -1 -1 -2 0 -2 -2 -1 -2 -1 -2 -1 -2 0 0 0 -1
-1.54111103608941 -0.376416819869836 -0.211423711598183 0.702415423794678 -0.106581021453664 1 2 1 1 0 1 1 1 0 1 2 0 0 0 0 0 0 1 1 1 2 1 2 1 2 1 2 0 0 0 1 2 1 1 0 1 1 1 0 1 2 0 0 0 0 0 0 1 1 1 2 1 2 1 2 1 2 0 0 0 1
0.999662262831677 0.41150071199101 -0.930216566508573 -0.321675059757854 0.219392200449421 1 2 2 2 0 1 1 0 2 2 2 1 1 0 0 0 1 2 1 2 2 0 1 0 0 2 2 1 1 2 2 2 2 2 0 1 1 0 2 2 2 1 1 0 0 0 1 2 1 2 2 0 1 0 0 2 2 1 1 2 2
2.26133388360886 1.17737575264303 0.0406231333237651 0.573168000972691 -0.259496245194892 -1 2 1 2 0 2 1 0 1 2 1 0 0 0 0 0 1 1 0 2 2 0 1 0 0 2 2 0 0 0 1 -2 -1 -2 0 -2 -1 0 -1 -2 -1 0 0 0 0 0 -1 -1 0 -2 -2 0 -1 0 0 -2 -2 0 0 0 -1
0.914304045269717 -0.243472808812988 0.0399596191053033 1.30310215993093 1.93788606161684 1 2 2 2 0 1 1 1 1 2 1 0 0 1 0 1 1 1 1 1 1 0 1 0 1 2 2 0 0 1 1 2 2 2 0 1 1 1 1 2 1 0 0 1 0 1 1 1 1 1 1 0 1 0 1 2 2 0 0 1 1
-0.317774359800669 -0.432552630070082 1.71853174541056 -1.48861701143588 -1.46316524201011 1 2 1 1 0 0 0 1 2 2 2 1 1 2 0 1 0 0 0 2 2 0 0 0 0 1 2 1 1 0 2 2 1 1 0 0 0 1 2 2 2 1 1 2 0 1 0 0 0 2 2 0 0 0 0 1 2 1 1 0 2
0.231232384923619 0.916357758659807 2.36021396987155 -0.535306975626122 1.26186259086162 -1 1 0 0 0 1 1 0 1 2 2 0 0 1 0 0 1 0 0 1 2 0 2 1 1 2 2 1 1 0 2 -1 0 0 0 -1 -1 0 -1 -2 -2 0 0 -1 0 0 -1 0 0 -1 -2 0 -2 -1 -1 -2 -2 -1 -1 0 -2
0.252042924330152 -0.900084059657424 1.85955998190213 -1.10698253912504 -0.509823216483567 -1 2 1 2 0 2 1 2 2 2 2 1 1 2 1 0 1 0 0 1 2 0 1 0 0 2 2 0 0 1 1 -2 -1 -2 0 -2 -1 -2 -2 -2 -2 -1 -1 -2 -1 0 -1 0 0 -1 -2 0 -1 0 0 -2 -2 0 0 -1 -1
0.341000000715057 -1.10392037941075 -1.06455878701525 0.704056152776379 -1.21390067547062 -1 2 0 1 0 2 1 0 2 2 2 0 0 2 1 2 2 2 1 2 2 1 2 1 2 2 2 1 1 1 2 -2 0 -1 0 -2 -1 0 -2 -2 -2 0 0 -2 -1 -2 -2 -2 -1 -2 -2 -1 -2 -1 -2 -2 -2 -1 -1 -1 -2
0.627610024776299 -1.92938586537204 0.406596883726327 -1.00325104655114 -0.263121620164006 1 2 1 0 0 1 1 1 2 2 1 0 0 1 0 0 2 2 0 1 2 0 2 2 1 2 2 1 1 1 2 2 1 0 0 1 1 1 2 2 1 0 0 1 0 0 2 2 0 1 2 0 2 2 1 2 2 1 1 1 2
-0.362568525073493 -0.777420011972944 0.992530173999553 0.958481080940392 0.584071394868191 -1 2 2 2 0 2 0 1 2 2 2 0 0 1 0 0 0 0 0 0 1 0 0 0 0 1 2 1 1 0 1 -2 -2 -2 0 -2 0 -1 -2 -2 -2 0 0 -1 0 0 0 0 0 0 -1 0 0 0 0 -1 -2 -1 -1 0 -1
-0.110645912500393 -0.717849621178095 1.70719350122878 3.40322980794124 -1.07881123438281 -1 1 1 2 0 2 2 1 1 2 1 0 0 1 0 1 2 2 1 2 1 0 2 1 0 2 2 0 0 0 1 -1 -1 -2 0 -2 -2 -1 -1 -2 -1 0 0 -1 0 -1 -2 -2 -1 -2 -1 0 -2 -1 0 -2 -2 0 0 0 -1
0.084686800333372 -0.852755609591265 -0.472031888308458 0.505954572681231 -0.189060744741177 -1 2 0 2 1 2 1 0 1 2 2 0 0 0 0 1 1 1 1 1 2 0 0 1 1 1 2 0 0 0 2 -2 0 -2 -1 -2 -1 0 -1 -2 -2 0 0 0 0 -1 -1 -1 -1 -1 -2 0 0 -1 -1 -1 -2 0 0 0 -2
-0.24361915538634 -0.751668655549784 1.49050819502741 0.0359502132063559 0.651727530730869 1 1 0 1 0 2 2 0 1 0 1 0 0 1 0 0 1 1 1 1 1 0 2 2 2 2 2 0 0 0 0 1 0 1 0 2 2 0 1 0 1 0 0 1 0 0 1 1 1 1 1 0 2 2 2 2 2 0 0 0 0
-0.0454962044803604 -1.15415105012152 0.106861768436609 0.0953589768889347 -0.824067642725164 1 1 0 1 0 2 2 2 2 2 2 0 0 1 0 1 2 1 2 2 2 0 1 1 0 1 2 0 0 0 1 1 0 1 0 2 2 2 2 2 2 0 0 1 0 1 2 1 2 2 2 0 1 1 0 1 2 0 0 0 1
-0.478682666567643 -0.413365057659929 0.0396732541971715 0.784614135839289 0.329294027455306 1 1 1 2 1 2 2 2 2 1 1 0 0 0 0 0 1 1 1 2 2 0 1 0 0 2 2 2 0 0 1 1 1 2 1 2 2 2 2 1 1 0 0 0 0 0 1 1 1 2 2 0 1 0 0 2 2 2 0 0 1
0.677003281901838 -1.27922088954253 0.366666413252418 -0.515936453998094 2.31871715314975 1 1 1 2 1 2 1 0 1 1 1 0 0 0 0 0 1 1 0 1 1 0 1 0 0 2 2 1 0 0 1 1 1 2 1 2 1 0 1 1 1 0 0 0 0 0 1 1 0 1 1 0 1 0 0 2 2 1 0 0 1
0.0746352239406231 0.175623088560299 -0.804388879691869 1.14323053761098 0.683712092067762 -1 2 1 1 0 0 1 2 1 2 1 0 0 2 0 1 2 0 0 0 2 0 0 1 2 2 2 0 1 0 1 -2 -1 -1 0 0 -1 -2 -1 -2 -1 0 0 -2 0 -1 -2 0 0 0 -2 0 0 -1 -2 -2 -2 0 -1 0 -1
-0.40543912603465 0.540062486125218 0.31573434728068 0.754911341114749 1.08707117956746 -1 1 1 0 0 0 0 0 2 1 1 0 0 0 0 1 1 2 2 2 2 1 2 2 1 2 2 0 1 1 2 -1 -1 0 0 0 0 0 -2 -1 -1 0 0 0 0 -1 -1 -2 -2 -2 -2 -1 -2 -2 -1 -2 -2 0 -1 -1 -2
-1.69232677669167 0.25795637230017 0.614994291012769 0.264654095418799 -0.52071486572434 1 2 0 2 0 0 0 0 1 0 1 0 0 1 0 0 1 1 0 2 2 1 2 1 1 2 2 1 1 0 1 2 0 2 0 0 0 0 1 0 1 0 0 1 0 0 1 1 0 2 2 1 2 1 1 2 2 1 1 0 1
1.78158989217504 1.97626898921222 0.61319592849655 -0.656028158647255 0.135622607377972 1 1 1 2 0 2 2 0 2 2 2 1 0 1 0 1 2 2 1 2 2 0 1 2 2 2 2 0 0 0 0 1 1 2 0 2 2 0 2 2 2 1 0 1 0 1 2 2 1 2 2 0 1 2 2 2 2 0 0 0 0
0.144950595238788 0.882182404220587 1.43491664622966 -1.15103509537828 0.345717583848699 -1 1 0 0 0 0 2 1 1 1 1 0 0 2 0 2 2 0 0 1 2 1 1 0 0 1 2 0 0 0 0 -1 0 0 0 0 -2 -1 -1 -1 -1 0 0 -2 0 -2 -2 0 0 -1 -2 -1 -1 0 0 -1 -2 0 0 0 0
-0.0304808239594459 -0.693191977524717 -0.266431425159858 -0.309929248816062 0.563046791731102 -1 1 0 2 0 2 1 2 2 2 1 0 0 1 0 0 0 1 0 1 2 0 1 0 2 2 2 1 0 0 2 -1 0 -2 0 -2 -1 -2 -2 -2 -1 0 0 -1 0 0 0 -1 0 -1 -2 0 -1 0 -2 -2 -2 -1 0 0 -2
2.70804259118301 -0.201985569582241 0.479901856743593 -1.57553091319077 0.128081644820314 -1 1 0 0 0 2 1 0 1 2 1 0 0 1 0 1 1 2 0 2 2 0 2 1 2 2 2 0 1 0 1 -1 0 0 0 -2 -1 0 -1 -2 -1 0 0 -1 0 -1 -1 -2 0 -2 -2 0 -2 -1 -2 -2 -2 0 -1 0 -1
0.953761016782407 -1.4827015019497 0.136925137073078 1.37371093015619 -0.00102354900315204 -1 2 2 2 0 1 2 0 1 0 1 0 0 2 1 2 1 0 0 0 2 1 1 2 0 2 2 0 0 0 1 -2 -2 -2 0 -1 -2 0 -1 0 -1 0 0 -2 -1 -2 -1 0 0 0 -2 -1 -1 -2 0 -2 -2 0 0 0 -1
-0.0998277230659069 -0.715803738234912 -0.450642007804046 0.829405007380977 -1.59115265154259 -1 1 1 1 1 2 2 1 2 2 2 1 0 1 0 0 1 0 0 0 1 0 1 0 1 2 2 1 1 1 2 -1 -1 -1 -1 -2 -2 -1 -2 -2 -2 -1 0 -1 0 0 -1 0 0 0 -1 0 -1 0 -1 -2 -2 -1 -1 -1 -2
-1.20441308673613 -0.969441164762721 -1.62211949349618 2.12324803975392 0.296235383001088 1 2 0 1 0 1 1 0 0 1 1 0 0 1 1 2 1 1 0 2 2 1 2 1 2 1 2 1 0 1 1 2 0 1 0 1 1 0 0 1 1 0 0 1 1 2 1 1 0 2 2 1 2 1 2 1 2 1 0 1 1
-0.391829975583113 -0.562453496659513 0.200676022689735 0.204181875153721 -0.104614312809049 -1 1 0 1 0 1 2 0 2 2 2 0 0 1 0 0 0 1 0 2 2 0 2 1 0 2 2 0 1 0 1 -1 0 -1 0 -1 -2 0 -2 -2 -2 0 0 -1 0 0 0 -1 0 -2 -2 0 -2 -1 0 -2 -2 0 -1 0 -1
-0.343821332731766 1.04424506692229 0.29619121187304 -0.272426127419077 0.583452480990088 1 1 1 2 1 2 2 1 2 2 1 0 0 2 0 2 2 2 0 1 1 0 0 0 1 2 2 0 0 1 1 1 1 2 1 2 2 1 2 2 1 0 0 2 0 2 2 2 0 1 1 0 0 0 1 2 2 0 0 1 1
0.788623137226327 -0.418064053138244 -0.144866186184595 -1.37255207985984 -0.234907728666712 -1 2 1 2 0 1 1 0 2 1 1 0 1 0 0 1 1 0 0 1 1 0 1 1 0 2 2 0 1 0 1 -2 -1 -2 0 -1 -1 0 -2 -1 -1 0 -1 0 0 -1 -1 0 0 -1 -1 0 -1 -1 0 -2 -2 0 -1 0 -1
-1.2310296089306 1.1919924873089 1.24511554319055 0.679209013807582 0.186913875478146 1 1 1 1 0 1 1 0 1 1 0 0 0 1 0 0 1 1 1 2 2 0 2 1 1 2 2 1 2 0 2 1 1 1 0 1 1 0 1 1 0 0 0 1 0 0 1 1 1 2 2 0 2 1 1 2 2 1 2 0 2
0.249058186851864 -0.569251664593932 0.00225066488478263 -0.247252207251096 -0.1321333915676 1 0 0 1 0 2 2 1 1 2 2 1 1 1 0 1 1 0 0 0 0 0 0 0 0 2 2 0 0 1 2 0 0 1 0 2 2 1 1 2 2 1 1 1 0 1 1 0 0 0 0 0 0 0 0 2 2 0 0 1 2
-0.785287511611514 -1.08831185592916 -1.16731796039974 1.21126661342834 -0.623753582937474 -1 1 0 1 0 2 2 0 1 2 2 0 0 0 0 0 2 1 1 2 2 0 1 0 0 2 2 0 0 0 2 -1 0 -1 0 -2 -2 0 -1 -2 -2 0 0 0 0 0 -2 -1 -1 -2 -2 0 -1 0 0 -2 -2 0 0 0 -2
