0.667590621146621 -0.0200497768094886 0.941426789527254 0.632730677881618 0.0362015325889625 1 0 2 2 2 2 2 1 2 1 1 2 2 2 0 0 0 1 1 0 1 0 2 0 1 2 1 0 0 0 0 0 2 2 2 2 2 1 2 1 1 2 2 2 0 0 0 1 1 0 1 0 2 0 1 2 1 0 0 0 0
-0.797449521171663 -0.644054429406384 -1.14967067415111 0.115183278924962 0.876932995226548 1 0 2 2 1 1 2 0 2 1 1 2 1 2 0 0 1 2 0 0 2 1 1 2 1 0 1 0 1 0 1 0 2 2 1 1 2 0 2 1 1 2 1 2 0 0 1 2 0 0 2 1 1 2 1 0 1 0 1 0 1
-0.598001755525472 0.698658762370172 -0.987239727351364 0.0313769103702771 0.575802102913988 -1 0 2 2 1 2 2 1 2 0 1 2 1 1 0 0 0 1 0 0 0 0 2 2 1 1 2 0 0 0 0 0 -2 -2 -1 -2 -2 -1 -2 0 -1 -2 -1 -1 0 0 0 -1 0 0 0 0 -2 -2 -1 -1 -2 0 0 0 0
0.436030485102554 -0.904739354532144 -0.241397212227393 -1.0578326031375 1.79831843394701 -1 0 2 2 1 2 2 2 2 2 1 2 2 1 0 0 2 2 1 0 1 1 2 1 1 1 1 0 2 1 0 0 -2 -2 -1 -2 -2 -2 -2 -2 -1 -2 -2 -1 0 0 -2 -2 -1 0 -1 -1 -2 -1 -1 -1 -1 0 -2 -1 0
-0.433262783575691 0.637975244370078 -0.437935190074819 -2.02311167466112 2.45299946177292 -1 0 2 2 1 1 2 1 2 1 0 2 2 2 1 0 0 2 0 0 2 1 1 1 0 1 2 0 1 0 1 0 -2 -2 -1 -1 -2 -1 -2 -1 0 -2 -2 -2 -1 0 0 -2 0 0 -2 -1 -1 -1 0 -1 -2 0 -1 0 -1
0.186100091486403 -0.228693866479931 -1.24770892772091 -1.81615646334635 1.78661182761976 1 0 2 2 2 2 2 0 2 2 0 1 0 2 0 0 1 1 0 0 0 1 1 1 0 1 1 0 0 0 0 0 2 2 2 2 2 0 2 2 0 1 0 2 0 0 1 1 0 0 0 1 1 1 0 1 1 0 0 0 0
0.548288063386576 -0.153319470359941 -1.24470253420223 -0.0149094614384824 -1.63308360310646 1 0 2 2 2 2 2 0 2 1 0 2 1 2 0 0 0 2 0 0 1 0 1 1 1 2 1 0 0 0 1 0 2 2 2 2 2 0 2 1 0 2 1 2 0 0 0 2 0 0 1 0 1 1 1 2 1 0 0 0 1
-1.29656503047487 -0.274501480631951 0.788824767701079 -0.557333527815302 -0.137137417338494 -1 0 2 1 2 2 2 1 1 1 0 2 2 1 0 0 0 2 0 0 1 1 2 2 1 0 0 0 0 0 0 0 -2 -1 -2 -2 -2 -1 -1 -1 0 -2 -2 -1 0 0 0 -2 0 0 -1 -1 -2 -2 -1 0 0 0 0 0 0
-0.776492738782823 -1.79138292321514 -0.114326957576108 -0.6156077785582 0.304212822126649 1 0 2 2 1 1 2 0 1 1 0 1 0 0 0 0 0 1 0 0 1 1 1 2 2 0 0 0 0 0 0 0 2 2 1 1 2 0 1 1 0 1 0 0 0 0 0 1 0 0 1 1 1 2 2 0 0 0 0 0 0
-0.0158724384251971 -0.322913357564035 0.111767564666983 1.03900831422732 -0.354798053962615 -1 0 2 1 1 2 2 1 2 2 0 2 1 2 0 0 0 2 0 0 0 0 2 2 1 1 2 0 1 0 0 0 -2 -1 -1 -2 -2 -1 -2 -2 0 -2 -1 -2 0 0 0 -2 0 0 0 0 -2 -2 -1 -1 -2 0 -1 0 0
-0.858310620181644 1.19234126850312 -0.0653064106488514 -1.87276508839287 0.190722792626905 -1 1 1 1 1 1 2 0 1 1 0 2 1 2 0 0 0 2 0 0 0 0 1 1 0 1 2 0 0 0 1 -1 -1 -1 -1 -1 -2 0 -1 -1 0 -2 -1 -2 0 0 0 -2 0 0 0 0 -1 -1 0 -1 -2 0 0 0 -1
0.771316350622734 0.384737575872251 0.914398235532201 0.405710617177138 -1.21814352368308 1 0 1 2 2 1 2 1 2 0 0 1 0 1 0 0 1 0 0 0 0 1 2 2 2 0 2 0 0 0 0 0 1 2 2 1 2 1 2 0 0 1 0 1 0 0 1 0 0 0 0 1 2 2 2 0 2 0 0 0 0
-3.34793640649726 -0.377451516487371 1.55091138834383 -0.433747803253801 -0.441461638284447 1 0 2 1 1 0 1 0 2 2 0 1 1 1 0 0 0 1 0 0 2 1 1 0 0 2 2 0 1 0 0 0 2 1 1 0 1 0 2 2 0 1 1 1 0 0 0 1 0 0 2 1 1 0 0 2 2 0 1 0 0
-1.50859444643148 -0.183568063713409 0.535033579169857 -0.12760802525359 1.60532971913791 -1 0 2 2 0 1 2 0 2 0 1 2 2 2 2 0 0 2 0 0 1 2 2 1 0 1 0 0 0 0 0 0 -2 -2 0 -1 -2 0 -2 0 -1 -2 -2 -2 -2 0 0 -2 0 0 -1 -2 -2 -1 0 -1 0 0 0 0 0
0.203398073389595 -0.368181006352342 0.741063219525412 0.536548579791471 -0.228042759066104 1 1 2 2 1 1 2 1 2 2 0 2 1 2 0 0 0 2 1 1 1 2 2 1 2 0 0 0 0 0 0 1 2 2 1 1 2 1 2 2 0 2 1 2 0 0 0 2 1 1 1 2 2 1 2 0 0 0 0 0 0
0.320860262894149 0.105859117444999 0.0912081011235235 0.676026074322594 -0.812127178407733 -1 0 2 2 2 1 2 0 2 0 1 2 0 1 0 0 0 0 0 0 1 0 0 0 0 1 2 0 1 0 2 0 -2 -2 -2 -1 -2 0 -2 0 -1 -2 0 -1 0 0 0 0 0 0 -1 0 0 0 0 -1 -2 0 -1 0 -2
1.63165014268876 -1.13070174215998 -0.632735304365696 -1.55375386199235 1.06989865976974 1 0 2 0 1 1 2 0 2 1 0 2 1 2 0 0 1 2 0 0 1 0 1 1 1 1 2 0 1 0 1 0 2 0 1 1 2 0 2 1 0 2 1 2 0 0 1 2 0 0 1 0 1 1 1 1 2 0 1 0 1
0.730160336360167 1.51835390657957 0.42513877243882 0.338390894066801 0.161902985427319 1 1 2 2 1 0 1 0 0 1 0 2 1 2 0 0 0 2 0 1 2 1 2 2 2 0 0 0 0 0 0 1 2 2 1 0 1 0 0 1 0 2 1 2 0 0 0 2 0 1 2 1 2 2 2 0 0 0 0 0 0
0.780795151963688 -0.459488210602794 0.459049144967307 -0.829766657533191 0.0561455510672464 -1 0 2 2 0 1 2 0 1 0 0 2 0 1 0 0 0 2 0 0 0 0 1 0 0 0 1 0 0 0 2 0 -2 -2 0 -1 -2 0 -1 0 0 -2 0 -1 0 0 0 -2 0 0 0 0 -1 0 0 0 -1 0 0 0 -2
0.785444981745238 -1.29618191340156 1.08788848615556 -0.316986509138586 0.0347458842428273 1 0 1 1 1 1 2 1 2 1 0 1 1 1 0 0 0 2 0 0 2 0 1 0 1 1 2 0 1 1 1 0 1 1 1 1 2 1 2 1 0 1 1 1 0 0 0 2 0 0 2 0 1 0 1 1 2 0 1 1 1
0.551747225427367 -1.79828188589232 -1.75218583340843 -0.835848552730517 -0.921792711842987 -1 1 2 2 2 2 2 1 2 1 0 2 2 2 0 0 1 1 0 0 2 2 2 1 1 1 2 0 0 0 0 -1 -2 -2 -2 -2 -2 -1 -2 -1 0 -2 -2 -2 0 0 -1 -1 0 0 -2 -2 -2 -1 -1 -1 -2 0 0 0 0
0.76212827864753 0.767602653045011 -0.636443167507459 0.0960282823364357 0.464414663722722 -1 0 1 1 2 2 2 0 1 0 2 2 1 2 0 0 0 2 0 0 0 0 1 1 1 0 2 0 0 0 0 0 -1 -1 -2 -2 -2 0 -1 0 -2 -2 -1 -2 0 0 0 -2 0 0 0 0 -1 -1 -1 0 -2 0 0 0 0
1.93276670001067 -0.572159289934162 -0.800821009201514 0.0316660627407311 1.87571215149395 1 1 2 2 2 1 2 0 2 1 0 1 1 1 0 0 0 2 0 0 2 1 2 2 2 0 1 0 0 0 0 1 2 2 2 1 2 0 2 1 0 1 1 1 0 0 0 2 0 0 2 1 2 2 2 0 1 0 0 0 0
2.81988389424247 -1.21854010067167 0.206822854392135 0.172835097819369 -0.379655936667562 1 0 2 1 1 1 2 2 2 2 1 2 1 1 0 0 0 0 0 0 0 0 1 2 0 1 1 0 1 1 1 0 2 1 1 1 2 2 2 2 1 2 1 1 0 0 0 0 0 0 0 0 1 2 0 1 1 0 1 1 1
0.583673526190437 0.711877281113683 0.328432765185725 0.566336454267077 -0.175081980924524 -1 0 1 1 1 2 2 0 2 1 0 2 1 2 0 0 0 2 0 0 0 0 2 2 1 2 1 0 1 1 1 0 -1 -1 -1 -2 -2 0 -2 -1 0 -2 -1 -2 0 0 0 -2 0 0 0 0 -2 -2 -1 -2 -1 0 -1 -1 -1
-0.0294437696781503 -0.948849034141763 -0.313598647956604 0.0173967756458045 -0.108402074236791 -1 1 2 1 1 2 2 0 2 0 0 1 2 2 1 0 0 2 0 0 2 1 2 0 0 1 1 0 0 0 0 -1 -2 -1 -1 -2 -2 0 -2 0 0 -1 -2 -2 -1 0 0 -2 0 0 -2 -1 -2 0 0 -1 -1 0 0 0 0
-2.19251616206343 -1.01199520247097 -0.628515086839382 0.379292663864773 0.594657715382832 -1 1 1 1 0 0 2 0 2 1 0 2 2 2 0 0 0 2 0 0 0 0 0 0 0 0 1 0 0 0 1 -1 -1 -1 0 0 -2 0 -2 -1 0 -2 -2 -2 0 0 0 -2 0 0 0 0 0 0 0 0 -1 0 0 0 -1
-0.509765277484961 1.68506992169834 1.25511086504528 0.97566960973769 0.806342117781659 -1 0 1 1 1 0 2 0 2 2 1 2 1 2 0 0 0 1 0 0 0 0 1 2 1 1 2 0 0 0 1 0 -1 -1 -1 0 -2 0 -2 -2 -1 -2 -1 -2 0 0 0 -1 0 0 0 0 -1 -2 -1 -1 -2 0 0 0 -1
-0.450957740003288 -1.48772415682109 -0.410523009466838 1.10973345782255 -0.130236336131646 1 0 2 2 1 1 2 0 2 2 0 2 1 1 0 0 0 1 0 0 0 0 1 1 0 1 0 0 0 0 0 0 2 2 1 1 2 0 2 2 0 2 1 1 0 0 0 1 0 0 0 0 1 1 0 1 0 0 0 0 0
0.469432683385692 -0.429691579194037 1.14996840825531 -0.732725222035956 0.00856136596445378 1 1 2 2 2 1 2 1 2 2 0 2 2 2 0 0 0 1 0 0 0 0 1 1 0 0 1 0 0 0 0 1 2 2 2 1 2 1 2 2 0 2 2 2 0 0 0 1 0 0 0 0 1 1 0 0 1 0 0 0 0
1.82461570735786 -0.112948205657351 -1.07691176160326 0.210123231486035 -0.31612775786106 1 1 2 2 1 1 2 2 1 1 0 1 1 2 0 0 0 2 0 0 1 0 1 0 0 1 2 1 0 0 0 1 2 2 1 1 2 2 1 1 0 1 1 2 0 0 0 2 0 0 1 0 1 0 0 1 2 1 0 0 0
0.965578646440879 0.460375952086628 1.44887008369853 -0.449743191362429 -0.664926510389722 1 0 2 2 1 2 2 2 2 1 0 1 0 0 0 0 0 0 0 0 1 0 1 1 1 1 1 0 0 0 2 0 2 2 1 2 2 2 2 1 0 1 0 0 0 0 0 0 0 0 1 0 1 1 1 1 1 0 0 0 2
-1.68447809343295 0.544215596133871 -0.154375919727309 -1.76043405150814 -0.474095937617852 -1 0 2 2 1 0 2 1 2 1 1 2 2 1 0 0 0 1 0 0 1 0 1 1 0 0 1 0 0 0 0 0 -2 -2 -1 0 -2 -1 -2 -1 -1 -2 -2 -1 0 0 0 -1 0 0 -1 0 -1 -1 0 0 -1 0 0 0 0
-0.198344397501006 -0.834210127615769 -0.349492675010773 0.399415573001126 -0.438030302548921 1 0 2 1 1 1 2 2 2 1 0 2 1 1 0 0 0 2 0 0 0 0 2 0 0 1 2 0 0 0 0 0 2 1 1 1 2 2 2 1 0 2 1 1 0 0 0 2 0 0 0 0 2 0 0 1 2 0 0 0 0
-0.274625560727205 0.276503171589749 -0.686231323119279 0.861928509724256 -0.139460245149177 1 0 2 2 1 0 2 1 2 1 0 1 1 1 0 0 0 1 1 0 1 0 1 2 1 0 1 0 0 0 2 0 2 2 1 0 2 1 2 1 0 1 1 1 0 0 0 1 1 0 1 0 1 2 1 0 1 0 0 0 2
-0.724202288834954 -0.385137219877421 1.67717703062112 0.923771083840588 0.755665763102656 -1 0 2 2 0 1 2 0 2 1 1 2 2 2 0 0 2 1 0 0 0 0 2 0 0 1 2 0 1 0 2 0 -2 -2 0 -1 -2 0 -2 -1 -1 -2 -2 -2 0 0 -2 -1 0 0 0 0 -2 0 0 -1 -2 0 -1 0 -2
0.613556318428353 -0.709699580623105 -0.0755679954023654 1.70174615149758 -0.299844269131433 1 0 2 2 1 1 1 1 2 2 0 2 1 1 0 0 0 2 0 0 2 0 1 1 0 0 1 0 2 1 1 0 2 2 1 1 1 1 2 2 0 2 1 1 0 0 0 2 0 0 2 0 1 1 0 0 1 0 2 1 1
-0.335825033878357 -0.433506229398827 -1.83067082144378 -0.391801432504534 1.09568821665254 -1 0 2 2 1 1 2 0 2 1 0 1 0 1 0 0 0 1 0 0 1 1 0 2 2 0 2 0 0 0 0 0 -2 -2 -1 -1 -2 0 -2 -1 0 -1 0 -1 0 0 0 -1 0 0 -1 -1 0 -2 -2 0 -2 0 0 0 0
-0.694753810105922 0.114232641947723 0.503846849845618 -0.181651415403155 -0.158002333341624 -1 0 2 2 2 0 2 1 1 1 0 2 2 1 0 0 0 0 0 0 1 1 2 2 2 1 2 1 1 0 2 0 -2 -2 -2 0 -2 -1 -1 -1 0 -2 -2 -1 0 0 0 0 0 0 -1 -1 -2 -2 -2 -1 -2 -1 -1 0 -2
-0.577221712784726 -0.585847051515772 0.704989260781001 0.537165093926793 0.377926601278923 -1 0 2 2 2 2 2 0 0 1 1 2 1 2 0 0 0 0 0 0 1 0 2 2 0 0 2 0 2 1 1 0 -2 -2 -2 -2 -2 0 0 -1 -1 -2 -1 -2 0 0 0 0 0 0 -1 0 -2 -2 0 0 -2 0 -2 -1 -1
-0.432578307610208 -2.58589755245543 -0.502796295053822 -0.431995449953655 1.48674928580641 1 0 2 1 1 1 2 1 1 0 0 1 0 1 0 0 0 0 0 0 0 0 2 2 1 0 0 0 1 0 1 0 2 1 1 1 2 1 1 0 0 1 0 1 0 0 0 0 0 0 0 0 2 2 1 0 0 0 1 0 1
-0.0641288547375067 -0.801998340168209 -1.54080917098239 -1.02110446830972 0.609595160769476 -1 0 2 2 1 2 2 1 2 2 0 1 0 1 0 0 1 1 0 0 1 1 2 2 1 0 1 0 0 0 0 0 -2 -2 -1 -2 -2 -1 -2 -2 0 -1 0 -1 0 0 -1 -1 0 0 -1 -1 -2 -2 -1 0 -1 0 0 0 0
0.568950748094954 0.571446788907603 -1.66194439026179 -0.768027120166714 0.418207927117954 -1 0 2 2 0 1 2 0 2 1 0 1 0 1 1 0 0 2 0 0 2 0 2 1 0 0 1 0 0 0 1 0 -2 -2 0 -1 -2 0 -2 -1 0 -1 0 -1 -1 0 0 -2 0 0 -2 0 -2 -1 0 0 -1 0 0 0 -1
0.248935790557927 -0.371775803315903 0.201610729901048 -1.31649257323728 0.156879593983333 -1 0 2 2 1 1 2 0 2 1 0 2 1 2 0 0 0 1 0 0 0 0 0 0 0 0 0 0 1 0 0 0 -2 -2 -1 -1 -2 0 -2 -1 0 -2 -1 -2 0 0 0 -1 0 0 0 0 0 0 0 0 0 0 -1 0 0
1.45230410887129 1.01187250006617 -1.81102476461982 -0.99603712316573 0.489496559198724 1 0 2 1 0 0 2 0 2 1 0 2 1 2 0 0 0 2 0 0 1 1 2 2 1 0 1 0 2 0 0 0 2 1 0 0 2 0 2 1 0 2 1 2 0 0 0 2 0 0 1 1 2 2 1 0 1 0 2 0 0
-0.371858779635504 0.119939574507313 -1.50623357962278 -0.0278355850964372 -0.815069946602591 1 0 2 1 1 0 2 1 2 2 0 1 1 1 0 0 1 1 0 0 1 1 2 2 1 1 1 0 0 0 1 0 2 1 1 0 2 1 2 2 0 1 1 1 0 0 1 1 0 0 1 1 2 2 1 1 1 0 0 0 1
-0.757601856361368 1.84772571314144 0.172052669677071 -2.32376502620464 0.482907845353749 -1 0 2 2 2 1 2 0 1 1 0 2 1 2 1 0 1 0 0 0 0 0 1 2 2 0 1 0 1 0 0 0 -2 -2 -2 -1 -2 0 -1 -1 0 -2 -1 -2 -1 0 -1 0 0 0 0 0 -1 -2 -2 0 -1 0 -1 0 0
1.00821612196527 -0.536392230017565 1.32258190560518 -0.0600479188555179 0.277670776596958 1 0 2 2 2 1 2 0 1 1 1 2 1 2 0 0 0 1 0 0 1 0 1 1 1 0 2 0 2 1 0 0 2 2 2 1 2 0 1 1 1 2 1 2 0 0 0 1 0 0 1 0 1 1 1 0 2 0 2 1 0
0.163240790510356 -2.41279502586254 0.73910625598238 0.0598577886759079 0.916251602205904 -1 0 2 2 2 2 2 1 2 2 1 2 2 1 0 0 1 1 0 0 0 0 2 2 1 0 2 0 0 0 0 0 -2 -2 -2 -2 -2 -1 -2 -2 -1 -2 -2 -1 0 0 -1 -1 0 0 0 0 -2 -2 -1 0 -2 0 0 0 0
0.028455995181059 0.651457362764395 -0.928172649500251 -0.573473259278174 0.170099541913535 1 0 1 1 1 0 1 0 2 1 1 2 0 1 0 0 0 1 0 0 1 1 1 1 0 0 2 0 0 0 0 0 1 1 1 0 1 0 2 1 1 2 0 1 0 0 0 1 0 0 1 1 1 1 0 0 2 0 0 0 0
1.94459791679203 -0.977228745471845 -2.46496716551022 -0.38074097047379 -0.35300773780991 -1 0 1 0 1 1 2 1 2 1 1 2 1 2 0 0 0 2 1 0 2 1 2 1 1 0 1 0 0 0 0 0 -1 0 -1 -1 -2 -1 -2 -1 -1 -2 -1 -2 0 0 0 -2 -1 0 -2 -1 -2 -1 -1 0 -1 0 0 0 0
1.06617580483617 0.300700880848333 -0.438529931409598 0.0269185099048692 1.24208938064333 1 0 2 2 2 1 2 2 2 2 0 2 2 0 0 0 0 1 0 0 1 1 1 1 1 2 1 0 0 0 0 0 2 2 2 1 2 2 2 2 0 2 2 0 0 0 0 1 0 0 1 1 1 1 1 2 1 0 0 0 0
-0.0807527872545246 -0.795799264456378 -0.714400847577302 0.00692625374811577 -0.805243816127143 1 1 2 2 1 2 2 0 2 2 0 2 1 2 0 0 1 1 0 0 1 0 0 1 1 1 1 0 1 0 1 1 2 2 1 2 2 0 2 2 0 2 1 2 0 0 1 1 0 0 1 0 0 1 1 1 1 0 1 0 1
-0.521812344863367 2.00416598160801 0.449125290182386 -0.273540706772978 0.33879632548091 1 1 2 2 1 1 2 2 2 0 0 2 1 2 1 0 0 2 0 0 1 1 1 0 0 0 2 0 1 0 1 1 2 2 1 1 2 2 2 0 0 2 1 2 1 0 0 2 0 0 1 1 1 0 0 0 2 0 1 0 1
2.09040061276447 -2.25530532818704 0.347642126799212 1.48854372101755 1.88923893932968 -1 0 2 2 2 2 2 0 2 2 0 2 1 1 0 0 1 1 0 0 2 1 1 1 0 1 2 0 1 1 2 0 -2 -2 -2 -2 -2 0 -2 -2 0 -2 -1 -1 0 0 -1 -1 0 0 -2 -1 -1 -1 0 -1 -2 0 -1 -1 -2
-0.277534754467475 -1.9935322961579 -0.247942656275501 -1.48035575370965 -1.02673188571904 1 0 2 1 1 0 2 1 1 1 0 1 0 1 0 0 0 1 0 0 1 0 0 1 1 0 1 0 1 0 1 0 2 1 1 0 2 1 1 1 0 1 0 1 0 0 0 1 0 0 1 0 0 1 1 0 1 0 1 0 1
0.4595917408622 -0.417924636545255 0.548391748175822 -1.84001848459024 -0.247444243215705 1 1 2 1 1 1 2 1 2 0 0 1 0 1 0 0 0 0 0 0 0 0 1 2 2 1 1 0 1 0 0 1 2 1 1 1 2 1 2 0 0 1 0 1 0 0 0 0 0 0 0 0 1 2 2 1 1 0 1 0 0
0.822177245880687 -2.12775513298286 -0.145846617290544 -1.07448189205235 -0.334009774654589 1 0 2 2 1 0 2 1 2 2 0 2 1 2 0 0 0 1 0 0 0 0 1 0 0 1 0 0 0 0 0 0 2 2 1 0 2 1 2 2 0 2 1 2 0 0 0 1 0 0 0 0 1 0 0 1 0 0 0 0 0
-1.46054666536546 0.774287911004912 0.0518818207643992 -0.600213834104016 0.0229684636535263 1 0 2 1 0 0 2 1 1 1 0 2 1 2 0 0 0 0 0 0 1 0 1 1 1 0 1 0 0 0 0 0 2 1 0 0 2 1 1 1 0 2 1 2 0 0 0 0 0 0 1 0 1 1 1 0 1 0 0 0 0
0.845890059232556 -0.890793419802729 0.217511446297128 -1.2964463646103 -1.58696275109927 1 1 2 2 2 1 2 0 1 0 0 1 2 2 0 0 0 0 0 0 1 1 2 2 1 0 1 0 0 0 0 1 2 2 2 1 2 0 1 0 0 1 2 2 0 0 0 0 0 0 1 1 2 2 1 0 1 0 0 0 0
0.126037058413209 0.508432722249842 1.20823505081164 -1.03154965850446 0.723667173750833 -1 0 1 1 1 1 1 1 2 2 1 2 1 2 1 0 0 1 0 0 0 0 1 0 0 1 2 0 1 0 0 0 -1 -1 -1 -1 -1 -1 -2 -2 -1 -2 -1 -2 -1 0 0 -1 0 0 0 0 -1 0 0 -1 -2 0 -1 0 0
-0.195604978673474 0.0408340012232795 0.68798046779813 0.0427464742498233 -1.18021281901156 1 0 2 2 1 0 2 0 2 2 1 2 1 2 0 0 1 2 0 0 1 1 2 2 2 0 0 0 0 0 0 0 2 2 1 0 2 0 2 2 1 2 1 2 0 0 1 2 0 0 1 1 2 2 2 0 0 0 0 0 0
-0.357278754739811 1.48598265423776 -1.57843117307773 1.40351065689696 -0.750109469805882 -1 0 2 2 2 1 2 0 1 0 0 2 1 1 0 0 0 0 0 0 0 0 1 1 0 0 1 0 0 0 0 0 -2 -2 -2 -1 -2 0 -1 0 0 -2 -1 -1 0 0 0 0 0 0 0 0 -1 -1 0 0 -1 0 0 0 0
0.859683884086777 -0.362104648706013 -0.0546362236048545 -1.42167318363666 0.784640181651509 1 0 2 2 1 1 2 2 2 1 0 2 2 2 0 0 0 0 0 0 1 1 1 1 1 1 1 0 0 0 1 0 2 2 1 1 2 2 2 1 0 2 2 2 0 0 0 0 0 0 1 1 1 1 1 1 1 0 0 0 1
0.557616418203563 0.76794984081207 -0.332643730382471 1.23878750054431 -1.06278634153032 1 0 2 1 0 1 2 1 1 1 0 2 1 2 1 0 0 2 0 0 1 1 1 1 1 1 1 0 1 0 2 0 2 1 0 1 2 1 1 1 0 2 1 2 1 0 0 2 0 0 1 1 1 1 1 1 1 0 1 0 2
0.542261749287954 -1.30535728379052 -0.525857480721582 -1.4547863271263 -0.377458348276095 -1 0 2 2 0 0 2 1 2 0 0 1 0 2 0 0 0 1 0 0 1 0 1 1 0 0 1 0 0 0 0 0 -2 -2 0 0 -2 -1 -2 0 0 -1 0 -2 0 0 0 -1 0 0 -1 0 -1 -1 0 0 -1 0 0 0 0
0.721788278482371 -0.446072343718474 0.139264987289302 0.301734302657983 0.236835734505514 1 0 2 1 1 0 2 0 2 1 0 2 1 0 0 0 0 2 0 0 2 1 2 2 0 1 1 0 1 0 0 0 2 1 1 0 2 0 2 1 0 2 1 0 0 0 0 2 0 0 2 1 2 2 0 1 1 0 1 0 0
1.43298483383004 0.920700788307012 0.39672102064798 0.432644856251578 -0.332526570856417 1 0 1 0 2 2 2 2 2 2 1 2 2 2 0 0 0 0 0 0 0 0 1 1 1 0 1 0 1 0 0 0 1 0 2 2 2 2 2 2 1 2 2 2 0 0 0 0 0 0 0 0 1 1 1 0 1 0 1 0 0
0.0543125615594937 -1.05204510211949 0.797197117904311 -0.87199329354627 -0.892647563381396 1 0 2 2 2 1 2 1 2 1 1 2 1 1 0 0 0 1 0 0 1 1 1 2 1 2 2 1 1 0 0 0 2 2 2 1 2 1 2 1 1 2 1 1 0 0 0 1 0 0 1 1 1 2 1 2 2 1 1 0 0
-0.502480762280202 -0.309369876604239 1.95348787160236 1.6806858464626 1.88506668028943 -1 0 1 1 0 0 1 0 0 0 0 2 0 2 1 0 0 2 1 0 1 1 2 2 1 1 1 0 1 1 1 0 -1 -1 0 0 -1 0 0 0 0 -2 0 -2 -1 0 0 -2 -1 0 -1 -1 -2 -2 -1 -1 -1 0 -1 -1 -1
-0.425984639199888 -0.972019439877445 -1.44415160595157 1.30866417704746 -0.414349293612438 -1 0 2 2 2 0 2 0 2 2 1 1 1 2 0 0 0 1 0 0 2 0 0 0 0 0 2 0 1 0 0 0 -2 -2 -2 0 -2 0 -2 -2 -1 -1 -1 -2 0 0 0 -1 0 0 -2 0 0 0 0 0 -2 0 -1 0 0
0.165478362401895 -0.196893985983485 1.28314548954205 0.128779225324263 -1.9904379255089 -1 0 1 2 1 2 2 2 2 2 0 1 1 0 0 0 1 0 0 0 2 1 1 0 0 1 2 0 0 1 1 0 -1 -2 -1 -2 -2 -2 -2 -2 0 -1 -1 0 0 0 -1 0 0 0 -2 -1 -1 0 0 -1 -2 0 0 -1 -1
-1.02061242148726 0.704407053556916 0.0922335525399553 0.203055802662074 -1.46366243470174 1 0 2 1 2 2 2 0 1 0 0 1 1 1 0 0 0 1 0 0 0 0 1 0 0 1 2 0 0 0 0 0 2 1 2 2 2 0 1 0 0 1 1 1 0 0 0 1 0 0 0 0 1 0 0 1 2 0 0 0 0
-0.694698104072285 0.272271584359713 -1.58539287711164 0.702023857113436 -0.860923872333009 -1 1 2 1 1 2 2 1 2 0 0 1 0 0 0 0 0 2 0 0 0 1 2 2 1 0 1 0 0 0 1 -1 -2 -1 -1 -2 -2 -1 -2 0 0 -1 0 0 0 0 0 -2 0 0 0 -1 -2 -2 -1 0 -1 0 0 0 -1
0.514724045010137 0.640604688454288 -0.941395858233081 1.6081643213544 -0.585989655640769 -1 0 2 2 1 1 2 1 2 2 0 2 2 1 1 0 0 0 0 0 2 1 1 1 1 0 1 0 1 0 1 0 -2 -2 -1 -1 -2 -1 -2 -2 0 -2 -2 -1 -1 0 0 0 0 0 -2 -1 -1 -1 -1 0 -1 0 -1 0 -1
1.96422954320076 0.0846725269538311 1.38263592584838 -1.92230062151181 1.16702759999387 -1 0 2 2 2 2 2 0 2 1 0 1 1 2 1 0 0 1 0 0 1 1 2 1 0 0 2 0 2 0 0 0 -2 -2 -2 -2 -2 0 -2 -1 0 -1 -1 -2 -1 0 0 -1 0 0 -1 -1 -2 -1 0 0 -2 0 -2 0 0
-0.500202332906517 1.22144644809954 -0.615727823884235 -0.273001862150645 0.776957194395065 -1 1 2 2 0 1 2 0 0 1 0 2 1 2 0 0 1 1 0 0 1 1 2 1 1 1 2 0 1 0 1 -1 -2 -2 0 -1 -2 0 0 -1 0 -2 -1 -2 0 0 -1 -1 0 0 -1 -1 -2 -1 -1 -1 -2 0 -1 0 -1
-1.21178413623385 -1.1758414781176 1.90884545782235 1.63282673688127 -1.06760347900862 1 0 2 2 2 1 2 1 1 1 0 2 2 2 0 0 0 1 0 0 1 0 1 2 1 0 1 0 0 1 1 0 2 2 2 1 2 1 1 1 0 2 2 2 0 0 0 1 0 0 1 0 1 2 1 0 1 0 0 1 1
-0.565357076415645 0.364167333492105 1.44194532499713 -0.512797659867089 -1.40483694822222 1 1 2 2 2 2 2 0 2 1 0 2 0 1 0 0 0 2 0 0 2 2 1 0 0 1 2 0 1 0 1 1 2 2 2 2 2 0 2 1 0 2 0 1 0 0 0 2 0 0 2 2 1 0 0 1 2 0 1 0 1
0.5929572296538 2.1545600194216 0.494614659991892 -1.97529910599015 0.467593686301875 -1 1 2 1 1 1 2 0 2 1 0 2 1 1 0 0 2 1 0 0 0 1 2 1 2 0 0 0 2 0 1 -1 -2 -1 -1 -1 -2 0 -2 -1 0 -2 -1 -1 0 0 -2 -1 0 0 0 -1 -2 -1 -2 0 0 0 -2 0 -1
0.649654485444532 -0.0950621160574058 -0.32708196456647 0.351874499479098 -0.105498665180324 -1 2 2 2 2 2 2 1 2 2 0 2 2 2 0 0 0 2 0 0 1 0 2 1 0 0 1 0 0 0 0 -2 -2 -2 -2 -2 -2 -1 -2 -2 0 -2 -2 -2 0 0 0 -2 0 0 -1 0 -2 -1 0 0 -1 0 0 0 0
0.140542388312691 0.618000404150172 -0.0913272849202796 -0.230525748840665 0.913115659373074 1 0 2 2 2 1 1 0 1 1 0 2 1 1 0 0 0 2 0 0 0 0 0 1 0 0 0 0 0 0 1 0 2 2 2 1 1 0 1 1 0 2 1 1 0 0 0 2 0 0 0 0 0 1 0 0 0 0 0 0 1
0.48468589065149 -0.0247616548761934 -0.718461789978626 1.42599062342057 1.26564151400353 -1 0 1 1 1 1 2 1 2 2 0 2 1 2 0 0 0 0 0 0 0 0 1 1 2 0 1 0 0 0 1 0 -1 -1 -1 -1 -2 -1 -2 -2 0 -2 -1 -2 0 0 0 0 0 0 0 0 -1 -1 -2 0 -1 0 0 0 -1
-2.20508083187176 -0.740745602847099 0.699647726034681 -1.38328882380884 -0.709788522175928 1 0 1 0 0 0 1 0 0 0 1 1 1 0 0 0 1 1 0 0 0 0 1 2 0 2 2 0 1 0 0 0 1 0 0 0 1 0 0 0 1 1 1 0 0 0 1 1 0 0 0 0 1 2 0 2 2 0 1 0 0
-1.70098113743437 0.68258214905962 0.570221287327516 -0.402368922760383 0.082225491757881 1 0 2 2 1 2 2 1 2 2 1 2 1 1 0 0 0 2 0 0 2 1 2 2 1 0 2 0 0 0 0 0 2 2 1 2 2 1 2 2 1 2 1 1 0 0 0 2 0 0 2 1 2 2 1 0 2 0 0 0 0
0.656542114802107 -1.14585707120676 -1.72748305215434 -1.22169926476363 1.45344519627393 1 1 2 2 1 1 2 0 2 1 0 1 0 1 0 0 0 1 0 0 0 0 0 0 0 0 2 0 1 1 1 1 2 2 1 1 2 0 2 1 0 1 0 1 0 0 0 1 0 0 0 0 0 0 0 0 2 0 1 1 1
-1.03551525887123 -1.49683809670851 0.525753165397384 -1.18753418755855 -1.22881312104027 1 1 2 2 1 1 2 2 2 2 0 1 2 2 0 0 0 2 0 0 2 0 1 1 0 0 2 0 0 0 0 1 2 2 1 1 2 2 2 2 0 1 2 2 0 0 0 2 0 0 2 0 1 1 0 0 2 0 0 0 0
-0.995009216657083 0.325457566601272 -0.639570513819214 -1.2498781224953 0.58244445084707 -1 0 1 2 1 0 2 1 2 1 1 2 0 2 0 0 0 2 1 0 0 2 2 2 1 1 2 0 2 0 1 0 -1 -2 -1 0 -2 -1 -2 -1 -1 -2 0 -2 0 0 0 -2 -1 0 0 -2 -2 -2 -1 -1 -2 0 -2 0 -1
-2.10557906176109 0.462362637497953 0.904786461582017 0.838451158301658 -0.122149113864354 -1 0 2 2 1 0 1 0 2 1 0 2 0 1 0 0 0 0 0 0 0 0 0 0 0 0 1 0 1 1 2 0 -2 -2 -1 0 -1 0 -2 -1 0 -2 0 -1 0 0 0 0 0 0 0 0 0 0 0 0 -1 0 -1 -1 -2
0.504403530852966 1.01825209622838 0.870976798359647 -0.509074886316558 1.51293566566702 -1 0 2 1 2 1 2 1 2 0 1 2 2 2 1 0 0 2 0 0 2 1 1 1 0 2 2 0 1 1 0 0 -2 -1 -2 -1 -2 -1 -2 0 -1 -2 -2 -2 -1 0 0 -2 0 0 -2 -1 -1 -1 0 -2 -2 0 -1 -1 0
0.00865047260544899 1.72706254989074 -0.422004315194571 -0.953022712012253 -1.95810375833372 -1 0 1 2 1 0 2 1 2 2 2 2 2 2 1 0 0 0 0 0 0 1 1 1 1 1 1 0 1 0 2 0 -1 -2 -1 0 -2 -1 -2 -2 -2 -2 -2 -2 -1 0 0 0 0 0 0 -1 -1 -1 -1 -1 -1 0 -1 0 -2
-0.316430364143602 1.00639820514781 1.82087059691384 0.20034281659453 2.72226594338476 -1 0 2 2 2 1 2 0 2 2 1 2 2 2 0 0 0 0 0 0 1 1 2 1 1 0 1 0 1 0 0 0 -2 -2 -2 -1 -2 0 -2 -2 -1 -2 -2 -2 0 0 0 0 0 0 -1 -1 -2 -1 -1 0 -1 0 -1 0 0
-2.33220620119114 0.28835733091123 1.46552099426004 -0.314660997981544 -0.242612234935083 -1 0 2 0 0 0 2 1 2 1 0 2 1 2 0 1 0 2 0 0 1 1 1 2 2 1 2 0 0 0 1 0 -2 0 0 0 -2 -1 -2 -1 0 -2 -1 -2 0 -1 0 -2 0 0 -1 -1 -1 -2 -2 -1 -2 0 0 0 -1
0.0940029615462932 -0.0509456662153367 -1.09331128623033 0.9163686126542 0.0384337623741778 -1 0 1 2 1 1 2 0 0 0 0 1 0 1 0 0 0 0 0 0 2 1 2 2 2 0 1 0 0 0 1 0 -1 -2 -1 -1 -2 0 0 0 0 -1 0 -1 0 0 0 0 0 0 -2 -1 -2 -2 -2 0 -1 0 0 0 -1
0.640660054362565 1.06472917482902 0.8583581990162 0.101535318205255 -0.899562729100518 -1 0 2 1 1 2 1 0 2 2 1 2 1 1 0 0 0 1 0 0 0 1 1 1 2 0 2 0 0 0 1 0 -2 -1 -1 -2 -1 0 -2 -2 -1 -2 -1 -1 0 0 0 -1 0 0 0 -1 -1 -1 -2 0 -2 0 0 0 -1
0.150898489563631 -0.482730014066223 -0.671408882819887 0.419398804460574 0.0954177814354747 1 0 2 1 1 0 2 1 2 1 0 2 1 1 0 0 0 2 1 0 2 0 1 2 1 0 1 0 0 0 1 0 2 1 1 0 2 1 2 1 0 2 1 1 0 0 0 2 1 0 2 0 1 2 1 0 1 0 0 0 1
0.0388643939970915 0.298959946714071 1.10750010576742 1.5686550726041 0.927630857107605 -1 0 1 1 0 0 2 1 2 1 0 2 1 1 0 0 0 2 0 0 2 1 0 1 0 2 2 0 1 1 1 0 -1 -1 0 0 -2 -1 -2 -1 0 -2 -1 -1 0 0 0 -2 0 0 -2 -1 0 -1 0 -2 -2 0 -1 -1 -1
0.807838792584114 -0.0221516445311366 -0.0607696966941069 0.291052250055923 -1.51055490666065 1 0 2 2 1 2 2 0 0 1 0 2 0 2 0 0 0 1 0 0 1 2 2 2 2 0 1 0 0 0 0 0 2 2 1 2 2 0 0 1 0 2 0 2 0 0 0 1 0 0 1 2 2 2 2 0 1 0 0 0 0
-2.55415404296771 -1.07710205568382 0.986221275600789 -0.17512511217016 0.575621565340806 -1 0 2 2 2 2 2 0 1 1 0 2 0 1 0 0 0 2 0 0 0 0 1 2 0 0 1 0 0 0 1 0 -2 -2 -2 -2 -2 0 -1 -1 0 -2 0 -1 0 0 0 -2 0 0 0 0 -1 -2 0 0 -1 0 0 0 -1
0.0699786232187038 0.606841721596939 0.910427498421805 0.847647518369861 0.518292506599247 1 0 1 1 2 2 2 0 1 1 1 2 2 2 1 1 0 1 0 0 0 0 1 1 0 0 1 1 1 0 1 0 1 1 2 2 2 0 1 1 1 2 2 2 1 1 0 1 0 0 0 0 1 1 0 0 1 1 1 0 1
