0.14264045521809 2.02860488543758 1.47481655650496 -0.835388901185542 -2.52796405925452 -1 2 1 1 2 2 2 1 2 1 2 2 0 1 0 1 0 2 1 1 2 2 2 2 1 1 2 0 0 0 2 -2 -1 -1 -2 -2 -2 -1 -2 -1 -2 -2 0 -1 0 -1 0 -2 -1 -1 -2 -2 -2 -2 -1 -1 -2 0 0 0 -2
-0.188705821897866 -1.70053784789873 -0.603045573725847 -0.637259496452371 -0.664883145851573 -1 2 1 1 2 1 1 0 1 0 1 1 1 2 0 0 0 0 1 0 1 2 2 2 0 0 2 1 2 1 2 -2 -1 -1 -2 -1 -1 0 -1 0 -1 -1 -1 -2 0 0 0 0 -1 0 -1 -2 -2 -2 0 0 -2 -1 -2 -1 -2
1.81106820438417 0.400159695303098 1.65408138570326 -0.988931240591836 -1.40460572053068 1 2 2 2 2 2 1 0 2 1 1 2 1 1 0 0 0 1 0 0 1 0 1 2 0 0 1 1 1 1 0 2 2 2 2 2 1 0 2 1 1 2 1 1 0 0 0 1 0 0 1 0 1 2 0 0 1 1 1 1 0
1.07697297332881 -1.29666220326523 0.764525256620868 0.838428493786994 0.156622380232562 -1 1 2 2 2 2 2 1 2 1 1 1 1 1 0 0 0 1 2 0 0 2 2 2 0 0 1 0 0 0 0 -1 -2 -2 -2 -2 -2 -1 -2 -1 -1 -1 -1 -1 0 0 0 -1 -2 0 0 -2 -2 -2 0 0 -1 0 0 0 0
-0.67996957131837 -0.757915437337584 0.0299940492555898 1.7442073645814 -0.0682905058365152 1 2 2 2 1 2 1 0 2 2 2 2 2 2 2 1 1 1 0 0 2 1 2 2 1 1 1 0 1 2 1 2 2 2 1 2 1 0 2 2 2 2 2 2 2 1 1 1 0 0 2 1 2 2 1 1 1 0 1 2 1
0.340671876311921 0.478923450270609 -0.899365842522312 0.377338011497844 -0.855370650484042 1 2 1 1 1 1 1 0 1 1 1 2 1 2 1 0 1 1 0 0 1 2 2 2 1 1 2 1 1 0 2 2 1 1 1 1 1 0 1 1 1 2 1 2 1 0 1 1 0 0 1 2 2 2 1 1 2 1 1 0 2
-0.855589697770046 -1.54918451262432 -0.643120803732338 -1.53580592171429 1.11893001563118 -1 2 2 2 2 1 1 1 2 1 0 1 1 2 1 1 1 1 0 0 1 1 2 1 1 0 1 1 2 0 1 -2 -2 -2 -2 -1 -1 -1 -2 -1 0 -1 -1 -2 -1 -1 -1 -1 0 0 -1 -1 -2 -1 -1 0 -1 -1 -2 0 -1
0.224628831964011 1.09260652855097 -0.309029848391708 -1.88458900390554 1.19693813150915 1 2 1 1 2 2 2 0 2 1 2 2 2 2 2 1 1 1 0 0 2 1 1 1 2 2 2 1 1 1 1 2 1 1 2 2 2 0 2 1 2 2 2 2 2 1 1 1 0 0 2 1 1 1 2 2 2 1 1 1 1
-0.267521181998502 -0.235907771969987 0.12228428342465 0.492246791338131 -0.640126060806879 -1 1 1 1 2 2 1 0 2 1 2 2 1 2 0 0 0 1 1 1 2 2 2 2 1 2 2 1 1 0 1 -1 -1 -1 -2 -2 -1 0 -2 -1 -2 -2 -1 -2 0 0 0 -1 -1 -1 -2 -2 -2 -2 -1 -2 -2 -1 -1 0 -1
-0.682997691797434 -0.121676861778468 -1.15403717139006 -0.465768380891047 1.37263951698805 -1 0 1 1 1 1 2 0 1 2 2 1 2 2 0 1 1 0 0 0 1 1 2 1 0 1 2 1 1 1 2 0 -1 -1 -1 -1 -2 0 -1 -2 -2 -1 -2 -2 0 -1 -1 0 0 0 -1 -1 -2 -1 0 -1 -2 -1 -1 -1 -2
-1.32939992673415 -1.73533030032501 0.70924874297388 0.229570618109889 -0.075747948136204 1 0 0 0 2 2 2 1 2 2 2 2 2 2 0 0 0 0 1 1 2 1 2 2 0 1 2 1 1 1 2 0 0 0 2 2 2 1 2 2 2 2 2 2 0 0 0 0 1 1 2 1 2 2 0 1 2 1 1 1 2
-0.0990825372731789 -0.221961736372391 0.634829871861976 -0.161412231303417 1.07344280256088 -1 2 2 2 1 1 1 0 2 1 2 2 2 2 0 0 0 2 1 0 2 2 2 2 1 1 2 1 2 0 1 -2 -2 -2 -1 -1 -1 0 -2 -1 -2 -2 -2 -2 0 0 0 -2 -1 0 -2 -2 -2 -2 -1 -1 -2 -1 -2 0 -1
1.70979388657268 -0.94000300867325 2.45206828515373 1.5930741551864 0.6766765815791 -1 1 0 0 1 2 0 0 1 0 1 2 1 2 0 0 0 1 1 0 2 1 2 2 2 1 2 0 1 2 1 -1 0 0 -1 -2 0 0 -1 0 -1 -2 -1 -2 0 0 0 -1 -1 0 -2 -1 -2 -2 -2 -1 -2 0 -1 -2 -1
0.280033642509559 1.30424544832267 1.94964415422303 -1.57149886569976 1.91452130176407 1 1 1 1 2 2 1 0 2 1 2 2 1 2 0 1 1 2 0 0 2 1 1 1 0 1 0 0 0 0 0 1 1 1 2 2 1 0 2 1 2 2 1 2 0 1 1 2 0 0 2 1 1 1 0 1 0 0 0 0 0
-0.88345428006197 0.254828070597299 -0.10429839707999 -0.0130548041866689 1.88331689269401 1 2 1 1 1 2 2 0 1 1 2 2 1 2 0 0 0 1 1 0 0 1 2 2 1 1 2 1 1 1 1 2 1 1 1 2 2 0 1 1 2 2 1 2 0 0 0 1 1 0 0 1 2 2 1 1 2 1 1 1 1
1.09704958105855 -0.00214370566444144 1.734602775078 -0.44920702695491 -0.665402022638657 -1 2 1 2 2 2 2 1 2 1 2 2 1 2 0 1 0 1 1 1 2 2 2 1 1 1 2 1 1 0 2 -2 -1 -2 -2 -2 -2 -1 -2 -1 -2 -2 -1 -2 0 -1 0 -1 -1 -1 -2 -2 -2 -1 -1 -1 -2 -1 -1 0 -2
-0.992245909619329 -0.0407724057317776 -0.0566254569102665 -1.97141129859316 -0.00850143733701766 1 2 1 1 2 2 2 1 2 2 2 2 2 1 0 0 0 1 0 0 1 1 2 1 0 1 2 1 2 2 2 2 1 1 2 2 2 1 2 2 2 2 2 1 0 0 0 1 0 0 1 1 2 1 0 1 2 1 2 2 2
0.265304849561436 0.223778113047117 -2.04243123978683 -0.614767262524924 0.0696750710001567 -1 1 1 2 2 1 0 0 1 1 1 1 1 2 0 1 2 2 1 0 2 1 2 2 0 1 2 1 2 1 0 -1 -1 -2 -2 -1 0 0 -1 -1 -1 -1 -1 -2 0 -1 -2 -2 -1 0 -2 -1 -2 -2 0 -1 -2 -1 -2 -1 0
1.66453141640606 -1.95292889476627 -2.56781942908677 2.27721870147375 -2.32764512044281 -1 2 1 2 2 1 1 0 2 2 2 2 1 2 2 1 0 2 2 0 1 0 1 1 2 2 2 2 2 1 2 -2 -1 -2 -2 -1 -1 0 -2 -2 -2 -2 -1 -2 -2 -1 0 -2 -2 0 -1 0 -1 -1 -2 -2 -2 -2 -2 -1 -2
0.409298930886639 0.652332189854506 0.436503243851445 -0.0132823091909083 0.465070335968014 1 2 1 2 1 2 2 1 2 2 2 2 2 1 0 0 0 1 1 0 1 1 1 2 0 0 0 0 1 1 1 2 1 2 1 2 2 1 2 2 2 2 2 1 0 0 0 1 1 0 1 1 1 2 0 0 0 0 1 1 1
0.258776012450127 0.319882857850339 -0.820750298488274 0.805940415841499 0.246474402442507 1 1 1 2 1 2 1 0 0 1 2 2 1 2 0 0 0 1 1 1 2 2 2 2 1 1 2 2 2 1 1 1 1 2 1 2 1 0 0 1 2 2 1 2 0 0 0 1 1 1 2 2 2 2 1 1 2 2 2 1 1
0.0300505006537674 -0.0813377418928157 0.861618321471095 -1.89534798340371 -0.663880729209892 -1 1 1 1 2 1 2 0 2 1 2 2 1 2 1 1 1 2 0 0 1 2 2 2 0 0 2 1 0 0 2 -1 -1 -1 -2 -1 -2 0 -2 -1 -2 -2 -1 -2 -1 -1 -1 -2 0 0 -1 -2 -2 -2 0 0 -2 -1 0 0 -2
-0.0449503017548972 1.00928378313278 -0.451669111574559 1.44169686437573 1.15076743822498 1 1 2 2 2 1 0 0 1 0 1 2 0 2 0 0 0 1 1 0 0 2 2 2 0 0 2 1 1 1 1 1 2 2 2 1 0 0 1 0 1 2 0 2 0 0 0 1 1 0 0 2 2 2 0 0 2 1 1 1 1
-1.64889056296986 0.736696874585481 -1.68564420247211 -0.525234183047142 -0.251872253944697 -1 1 1 2 2 2 2 1 1 0 1 1 1 2 0 0 0 2 2 0 1 2 2 2 1 1 2 0 2 1 0 -1 -1 -2 -2 -2 -2 -1 -1 0 -1 -1 -1 -2 0 0 0 -2 -2 0 -1 -2 -2 -2 -1 -1 -2 0 -2 -1 0
-0.118471316925692 1.10637851293886 0.662225328833884 1.01326061984533 0.285209598483621 -1 1 2 1 1 1 1 0 2 1 1 1 1 0 0 0 0 1 0 1 2 2 2 2 1 1 2 2 2 1 2 -1 -2 -1 -1 -1 -1 0 -2 -1 -1 -1 -1 0 0 0 0 -1 0 -1 -2 -2 -2 -2 -1 -1 -2 -2 -2 -1 -2
0.351941364701165 -0.826687360328099 0.109436806982856 0.953677385556897 0.119251687410277 -1 2 2 2 2 2 0 1 2 2 2 2 1 1 0 0 0 1 1 0 2 2 2 1 1 0 1 0 1 0 1 -2 -2 -2 -2 -2 0 -1 -2 -2 -2 -2 -1 -1 0 0 0 -1 -1 0 -2 -2 -2 -1 -1 0 -1 0 -1 0 -1
-0.607520772453707 -1.22461368064208 0.179904010115852 -0.633417116734196 -0.458651517977825 1 2 2 1 2 2 2 1 2 0 2 2 2 1 0 0 0 0 0 1 2 2 2 1 0 1 2 0 1 0 1 2 2 1 2 2 2 1 2 0 2 2 2 1 0 0 0 0 0 1 2 2 2 1 0 1 2 0 1 0 1
-1.44523779972118 -1.36083228802809 -0.642220607508972 -2.67270037340566 0.241879133963516 -1 2 2 2 2 1 1 0 1 1 2 2 2 2 1 1 1 1 1 0 1 2 2 2 0 0 2 0 1 0 1 -2 -2 -2 -2 -1 -1 0 -1 -1 -2 -2 -2 -2 -1 -1 -1 -1 -1 0 -1 -2 -2 -2 0 0 -2 0 -1 0 -1
0.464901144516829 0.0104585414042518 0.436351866922714 1.64599626817459 0.490905450448796 1 2 1 2 1 2 2 1 2 1 1 1 1 2 1 1 1 2 1 0 2 0 2 1 1 1 1 1 2 1 2 2 1 2 1 2 2 1 2 1 1 1 1 2 1 1 1 2 1 0 2 0 2 1 1 1 1 1 2 1 2
0.616058830346419 2.5877609463296 -0.0459360735492576 -0.307976467793693 0.334341672421356 1 1 1 1 0 1 2 1 2 1 2 2 1 1 0 0 0 1 1 1 0 2 2 2 1 1 1 0 0 0 1 1 1 1 0 1 2 1 2 1 2 2 1 1 0 0 0 1 1 1 0 2 2 2 1 1 1 0 0 0 1
-0.650889452805154 1.02297862894895 1.19624321601863 0.829891263140549 0.633717580678338 1 1 2 2 2 1 1 1 2 0 1 2 1 1 0 1 0 0 0 0 0 0 1 1 0 0 1 0 0 1 1 1 2 2 2 1 1 1 2 0 1 2 1 1 0 1 0 0 0 0 0 0 1 1 0 0 1 0 0 1 1
-0.916298004275182 -1.06788140349408 -0.56187792853276 0.17051083524969 -0.699068795501747 1 1 1 1 1 2 1 0 2 1 2 2 1 2 0 0 1 1 1 0 1 2 2 2 0 0 1 1 1 0 1 1 1 1 1 2 1 0 2 1 2 2 1 2 0 0 1 1 1 0 1 2 2 2 0 0 1 1 1 0 1
-1.62859695806263 0.386982286146993 -0.965204521067791 -0.704771310786744 0.267866413611482 1 0 2 0 1 1 1 0 1 0 2 2 1 2 0 1 0 0 0 0 1 2 2 2 1 0 2 1 0 0 1 0 2 0 1 1 1 0 1 0 2 2 1 2 0 1 0 0 0 0 1 2 2 2 1 0 2 1 0 0 1
0.309776741801252 0.426036948223776 0.509176580141046 1.42875267492274 0.513403754828347 -1 1 1 2 1 0 0 0 2 0 1 2 2 2 0 0 0 0 0 0 1 1 2 2 0 0 1 0 0 0 1 -1 -1 -2 -1 0 0 0 -2 0 -1 -2 -2 -2 0 0 0 0 0 0 -1 -1 -2 -2 0 0 -1 0 0 0 -1
1.54552884555384 -0.598818805901501 0.749145483822017 0.296503698998663 0.926631635592235 1 1 1 1 2 1 1 0 2 2 2 2 2 2 0 0 0 0 0 0 2 2 2 1 2 2 2 1 1 0 1 1 1 1 2 1 1 0 2 2 2 2 2 2 0 0 0 0 0 0 2 2 2 1 2 2 2 1 1 0 1
-1.53808080414931 1.05343480536382 -0.949349078576189 1.62804920797471 -1.38356085508964 -1 1 1 1 2 2 1 1 1 2 2 2 1 2 0 0 0 1 1 0 1 2 2 1 2 2 1 1 1 1 2 -1 -1 -1 -2 -2 -1 -1 -1 -2 -2 -2 -1 -2 0 0 0 -1 -1 0 -1 -2 -2 -1 -2 -2 -1 -1 -1 -1 -2
-0.123962701193679 -0.679196744064574 -2.15617541741169 -1.31912998838359 1.20381419499461 1 0 0 0 0 0 0 0 1 1 1 1 1 2 0 0 0 1 0 0 2 1 2 2 0 0 1 1 1 0 2 0 0 0 0 0 0 0 1 1 1 1 1 2 0 0 0 1 0 0 2 1 2 2 0 0 1 1 1 0 2
0.30976351484122 -0.202894869906429 -0.857775561437129 -0.0562700486461807 0.438615849527343 -1 2 2 2 1 0 0 0 1 1 1 1 1 2 0 0 0 2 0 1 1 2 2 2 0 1 2 1 2 1 2 -2 -2 -2 -1 0 0 0 -1 -1 -1 -1 -1 -2 0 0 0 -2 0 -1 -1 -2 -2 -2 0 -1 -2 -1 -2 -1 -2
0.716930468012989 -0.246576150099565 1.7850135667705 0.240065151276498 -0.404944312796131 1 2 2 2 2 2 1 1 2 1 1 2 1 2 0 1 0 2 1 1 2 1 2 2 0 0 2 0 1 1 2 2 2 2 2 2 1 1 2 1 1 2 1 2 0 1 0 2 1 1 2 1 2 2 0 0 2 0 1 1 2
-0.0469635427869004 0.892475007675756 -0.76985289523145 -1.06065483965385 -0.19506071177484 -1 0 2 2 1 1 1 0 1 0 2 1 0 2 1 1 1 2 1 0 0 1 2 2 1 1 2 0 1 1 2 0 -2 -2 -1 -1 -1 0 -1 0 -2 -1 0 -2 -1 -1 -1 -2 -1 0 0 -1 -2 -2 -1 -1 -2 0 -1 -1 -2
0.594356234322242 0.0706697058125842 -1.30965111629571 -1.0117542617467 -0.868744192768779 1 1 0 0 1 1 0 0 0 0 2 2 1 2 2 1 0 1 1 1 2 0 2 2 1 0 1 0 0 0 1 1 0 0 1 1 0 0 0 0 2 2 1 2 2 1 0 1 1 1 2 0 2 2 1 0 1 0 0 0 1
0.902345230362367 -0.375466981750307 -0.150797440759956 -0.895411522531837 0.373725190412761 1 1 2 1 1 0 0 0 1 1 2 2 2 2 1 0 0 1 1 0 2 2 2 2 0 0 1 1 1 0 0 1 2 1 1 0 0 0 1 1 2 2 2 2 1 0 0 1 1 0 2 2 2 2 0 0 1 1 1 0 0
1.38335692420067 0.586587200236946 1.3721802134151 -1.16213066217334 1.10464673160142 -1 1 1 1 2 1 1 0 1 2 2 2 1 2 1 1 0 0 0 0 1 1 1 1 2 1 1 1 0 0 0 -1 -1 -1 -2 -1 -1 0 -1 -2 -2 -2 -1 -2 -1 -1 0 0 0 0 -1 -1 -1 -1 -2 -1 -1 -1 0 0 0
0.547392530902871 -0.52751709660724 -1.0174113907898 0.858039884450519 -2.1756622200773 -1 2 2 1 2 1 1 0 1 2 2 2 1 2 1 1 0 2 1 0 1 1 1 1 1 2 2 1 2 1 2 -2 -2 -1 -2 -1 -1 0 -1 -2 -2 -2 -1 -2 -1 -1 0 -2 -1 0 -1 -1 -1 -1 -1 -2 -2 -1 -2 -1 -2
0.897179759448891 0.436741877383522 -1.4133143011947 -1.59920043316053 -0.622147080303844 -1 1 1 1 2 1 2 0 2 1 1 1 1 1 0 0 0 1 0 0 0 2 2 2 0 2 2 1 2 1 2 -1 -1 -1 -2 -1 -2 0 -2 -1 -1 -1 -1 -1 0 0 0 -1 0 0 0 -2 -2 -2 0 -2 -2 -1 -2 -1 -2
1.01401204392281 1.3710269961826 -0.395116639204135 -0.734400643207325 0.677976744372583 1 2 2 2 2 2 2 1 2 2 2 2 2 1 1 0 1 1 0 0 0 1 1 1 0 0 1 1 1 1 1 2 2 2 2 2 2 1 2 2 2 2 2 1 1 0 1 1 0 0 0 1 1 1 0 0 1 1 1 1 1
1.74945482145902 -1.02433100207984 0.992573035961183 -0.619410624882964 -0.0618333185851279 -1 1 1 1 2 2 0 0 2 1 2 1 1 2 1 0 0 2 1 0 2 2 2 2 0 0 0 0 1 1 2 -1 -1 -1 -2 -2 0 0 -2 -1 -2 -1 -1 -2 -1 0 0 -2 -1 0 -2 -2 -2 -2 0 0 0 0 -1 -1 -2
0.103800207980356 0.329047230124032 -0.654183805078201 -2.07318104442224 -2.03703306346614 1 2 2 2 2 2 2 0 2 1 2 1 1 2 0 0 0 2 0 0 1 0 2 2 0 0 1 0 1 1 1 2 2 2 2 2 2 0 2 1 2 1 1 2 0 0 0 2 0 0 1 0 2 2 0 0 1 0 1 1 1
-0.851718521713681 -1.41614419633462 1.26006910376969 0.322303551792709 -0.797452777968061 1 1 0 0 1 1 2 1 1 1 2 1 0 2 1 1 0 1 1 0 1 1 2 2 1 1 2 0 2 1 2 1 0 0 1 1 2 1 1 1 2 1 0 2 1 1 0 1 1 0 1 1 2 2 1 1 2 0 2 1 2
-0.667308774709903 -0.726049523940165 0.38733360855666 -1.13494734988137 -0.145222436713118 -1 2 2 1 1 0 1 0 1 0 1 2 1 1 0 0 0 0 0 0 1 2 2 2 0 1 1 0 1 1 1 -2 -2 -1 -1 0 -1 0 -1 0 -1 -2 -1 -1 0 0 0 0 0 0 -1 -2 -2 -2 0 -1 -1 0 -1 -1 -1
-0.997963455715487 1.82429093001044 0.154021593026863 -0.293355922974027 1.49769243169929 -1 0 1 1 1 1 1 0 2 1 2 2 2 1 1 0 0 0 0 0 1 2 2 2 1 1 2 1 2 1 1 0 -1 -1 -1 -1 -1 0 -2 -1 -2 -2 -2 -1 -1 0 0 0 0 0 -1 -2 -2 -2 -1 -1 -2 -1 -2 -1 -1
0.834314922021274 0.595035030154336 -1.56374877908349 1.54637672402552 -0.35459081384735 -1 2 2 1 2 2 1 0 2 1 1 2 2 2 0 0 0 1 1 1 2 0 1 1 0 0 1 0 1 1 1 -2 -2 -1 -2 -2 -1 0 -2 -1 -1 -2 -2 -2 0 0 0 -1 -1 -1 -2 0 -1 -1 0 0 -1 0 -1 -1 -1
-0.702465930428169 0.466694480959937 0.916546168587046 -0.693794066276256 0.952696452221832 1 1 1 1 2 0 1 1 2 2 2 2 2 2 0 0 0 2 2 1 2 1 2 2 1 0 1 0 1 1 1 1 1 1 2 0 1 1 2 2 2 2 2 2 0 0 0 2 2 1 2 1 2 2 1 0 1 0 1 1 1
1.44714435400032 -1.09953350475445 0.862602720094953 1.70739901069985 1.2138025103893 -1 1 1 1 2 1 1 0 0 2 2 2 2 2 1 0 0 1 1 0 2 1 2 2 0 0 1 1 1 0 2 -1 -1 -1 -2 -1 -1 0 0 -2 -2 -2 -2 -2 -1 0 0 -1 -1 0 -2 -1 -2 -2 0 0 -1 -1 -1 0 -2
0.191800425004105 -0.400018131055174 -0.102803219913315 -1.29292828271435 0.815226099413122 -1 2 2 2 2 2 1 0 2 1 1 1 1 2 0 0 0 0 0 0 1 1 1 1 0 0 1 0 1 0 1 -2 -2 -2 -2 -2 -1 0 -2 -1 -1 -1 -1 -2 0 0 0 0 0 0 -1 -1 -1 -1 0 0 -1 0 -1 0 -1
-1.64135593701945 1.03034413536417 1.0659367227869 -0.299881554235341 -0.588005617076554 1 1 2 1 1 0 1 0 2 1 1 2 2 2 2 2 0 0 0 0 1 1 2 2 1 0 2 0 0 1 2 1 2 1 1 0 1 0 2 1 1 2 2 2 2 2 0 0 0 0 1 1 2 2 1 0 2 0 0 1 2
-0.884299708223301 -0.142365177018648 0.517638330381716 -0.556261732007672 -0.0796578796854454 -1 1 1 1 2 2 2 1 2 0 0 2 2 2 0 0 0 1 1 0 1 1 2 2 2 2 2 1 2 2 2 -1 -1 -1 -2 -2 -2 -1 -2 0 0 -2 -2 -2 0 0 0 -1 -1 0 -1 -1 -2 -2 -2 -2 -2 -1 -2 -2 -2
1.4473060835708 0.797564974852293 0.281608801102183 -0.715093289240397 -0.769242603979786 1 1 1 0 1 1 2 1 2 1 2 2 2 2 0 0 0 2 1 1 2 0 0 2 1 1 1 0 1 0 1 1 1 0 1 1 2 1 2 1 2 2 2 2 0 0 0 2 1 1 2 0 0 2 1 1 1 0 1 0 1
-1.45347498970731 -1.97378715197293 0.81059119793017 -1.33379753250562 -0.602803179363324 1 2 2 1 2 2 1 0 1 2 2 2 0 2 0 0 0 2 1 0 1 1 2 1 0 0 2 1 2 1 2 2 2 1 2 2 1 0 1 2 2 2 0 2 0 0 0 2 1 0 1 1 2 1 0 0 2 1 2 1 2
0.689574100716634 1.29949681282373 1.05953548991575 0.0885767848314376 1.13423012515186 -1 2 2 2 2 2 1 0 2 1 2 2 1 2 0 0 1 2 1 1 1 1 2 2 1 1 2 1 1 0 2 -2 -2 -2 -2 -2 -1 0 -2 -1 -2 -2 -1 -2 0 0 -1 -2 -1 -1 -1 -1 -2 -2 -1 -1 -2 -1 -1 0 -2
0.774756073212838 -0.805386031319628 0.134751604870274 0.620694322065147 -0.10233204423187 1 1 0 1 2 2 2 1 2 2 2 2 1 2 1 0 1 2 1 0 1 1 2 1 1 0 1 0 0 0 2 1 0 1 2 2 2 1 2 2 2 2 1 2 1 0 1 2 1 0 1 1 2 1 1 0 1 0 0 0 2
-1.27720693552125 -0.794316339100543 -0.495338721949283 0.293196118904206 0.67646893435471 -1 2 1 1 2 2 2 0 1 2 2 2 2 2 0 1 0 1 0 0 1 1 2 1 0 1 2 1 1 0 0 -2 -1 -1 -2 -2 -2 0 -1 -2 -2 -2 -2 -2 0 -1 0 -1 0 0 -1 -1 -2 -1 0 -1 -2 -1 -1 0 0
0.300824048039752 -0.117893541501728 1.05706308260321 1.26307470019718 2.27802788839641 1 1 2 1 1 0 1 0 1 2 2 2 2 2 1 0 0 1 1 1 2 0 1 2 1 1 2 0 1 0 2 1 2 1 1 0 1 0 1 2 2 2 2 2 1 0 0 1 1 1 2 0 1 2 1 1 2 0 1 0 2
-2.13621598790321 -0.142348014786096 0.0710307619992893 1.12459576038581 2.04500959239605 1 1 1 1 1 0 1 0 2 2 1 1 1 1 0 0 0 1 1 0 1 2 2 2 1 0 2 0 2 0 1 1 1 1 1 0 1 0 2 2 1 1 1 1 0 0 0 1 1 0 1 2 2 2 1 0 2 0 2 0 1
-1.02033358321848 0.78463552742396 -1.48458574803908 1.98801515543158 -0.57685552015771 1 2 2 1 1 1 1 2 1 1 2 2 1 2 0 0 0 0 0 0 1 1 2 2 2 1 1 0 1 0 2 2 2 1 1 1 1 2 1 1 2 2 1 2 0 0 0 0 0 0 1 1 2 2 2 1 1 0 1 0 2
-1.99251513382236 0.782132763353449 -1.11476269125918 -0.168956271536093 1.01880991824351 -1 1 1 0 1 2 2 0 2 2 2 2 1 2 0 0 0 1 0 0 2 0 2 1 0 0 2 1 1 1 2 -1 -1 0 -1 -2 -2 0 -2 -2 -2 -2 -1 -2 0 0 0 -1 0 0 -2 0 -2 -1 0 0 -2 -1 -1 -1 -2
0.634483129560114 0.414434270284754 -0.213693053987351 -0.278466233581946 0.525711656883136 -1 2 1 1 2 2 2 2 2 1 1 2 2 2 1 0 0 2 0 0 1 1 2 2 1 2 2 1 1 0 0 -2 -1 -1 -2 -2 -2 -2 -2 -1 -1 -2 -2 -2 -1 0 0 -2 0 0 -1 -1 -2 -2 -1 -2 -2 -1 -1 0 0
-1.10084662381372 -0.00587714727690189 -0.238642773871579 0.18181974907697 -0.856336674743638 1 1 1 1 2 1 1 0 2 1 2 2 2 2 0 0 0 1 0 0 2 1 2 2 1 1 2 1 1 1 2 1 1 1 2 1 1 0 2 1 2 2 2 2 0 0 0 1 0 0 2 1 2 2 1 1 2 1 1 1 2
-1.1555653711141 -0.370203555509614 0.236871064978068 -0.259727282127611 -0.779738944836057 -1 1 2 1 2 1 1 0 2 2 2 2 2 2 1 2 2 2 0 1 2 1 2 2 1 0 1 1 1 2 0 -1 -2 -1 -2 -1 -1 0 -2 -2 -2 -2 -2 -2 -1 -2 -2 -2 0 -1 -2 -1 -2 -2 -1 0 -1 -1 -1 -2 0
-0.199853531990274 0.445167732717199 -1.94839762698057 0.444141923010519 -2.20743300022939 1 2 2 2 2 2 2 1 2 1 2 2 1 2 0 0 0 1 0 0 2 1 2 2 1 2 2 1 2 1 2 2 2 2 2 2 2 1 2 1 2 2 1 2 0 0 0 1 0 0 2 1 2 2 1 2 2 1 2 1 2
1.39086474595161 0.0733309315465444 -2.51152647622454 1.13008554974522 -0.702891804242637 -1 1 1 1 1 1 2 0 2 2 2 2 2 2 1 0 0 2 1 0 2 1 2 2 0 0 0 0 0 1 1 -1 -1 -1 -1 -1 -2 0 -2 -2 -2 -2 -2 -2 -1 0 0 -2 -1 0 -2 -1 -2 -2 0 0 0 0 0 -1 -1
0.486424816305965 -0.236077318007751 -0.32208886432577 -0.437676232668964 0.208951553394517 1 2 2 1 2 2 2 0 1 1 1 2 0 2 0 0 0 0 1 1 1 1 2 2 1 0 1 1 1 0 1 2 2 1 2 2 2 0 1 1 1 2 0 2 0 0 0 0 1 1 1 1 2 2 1 0 1 1 1 0 1
-1.4718564152396 0.338972491463698 -0.842686144212785 -0.71413526407098 0.522403071703629 -1 1 0 1 1 0 0 0 2 1 2 2 2 2 0 0 0 1 1 0 2 2 2 2 1 2 2 2 2 0 0 -1 0 -1 -1 0 0 0 -2 -1 -2 -2 -2 -2 0 0 0 -1 -1 0 -2 -2 -2 -2 -1 -2 -2 -2 -2 0 0
-0.591713379334286 -0.627093089091595 -0.164657110294441 -0.244135965768102 -0.412259973298493 -1 2 2 2 2 2 1 0 2 1 2 2 0 2 0 1 0 1 0 0 1 1 2 2 0 0 1 0 0 1 1 -2 -2 -2 -2 -2 -1 0 -2 -1 -2 -2 0 -2 0 -1 0 -1 0 0 -1 -1 -2 -2 0 0 -1 0 0 -1 -1
0.104519085518417 1.1166393651607 -0.471333766233388 0.151802585130711 0.385102941374817 -1 2 2 2 2 2 2 1 1 1 1 1 0 1 0 1 0 1 0 0 0 1 2 2 1 1 2 1 2 1 2 -2 -2 -2 -2 -2 -2 -1 -1 -1 -1 -1 0 -1 0 -1 0 -1 0 0 0 -1 -2 -2 -1 -1 -2 -1 -2 -1 -2
2.56388239314515 -1.72198621583932 -0.985886425638336 0.635088975534205 -0.226014471900176 -1 1 1 1 1 0 1 0 1 2 2 2 2 2 1 1 0 1 1 1 1 0 2 2 1 0 1 1 1 0 1 -1 -1 -1 -1 0 -1 0 -1 -2 -2 -2 -2 -2 -1 -1 0 -1 -1 -1 -1 0 -2 -2 -1 0 -1 -1 -1 0 -1
-0.923210869226045 -1.54804607143336 0.057301012417526 -0.229269640578548 1.02907353795972 1 1 2 2 2 2 2 1 2 1 2 2 2 2 0 0 0 1 0 0 1 2 2 1 0 0 2 0 1 0 1 1 2 2 2 2 2 1 2 1 2 2 2 2 0 0 0 1 0 0 1 2 2 1 0 0 2 0 1 0 1
-0.268526386611307 0.932198537334366 -0.830883812329143 -1.39131144548923 -0.0926073051575166 -1 1 1 2 2 1 1 1 2 0 1 2 2 2 0 1 0 2 1 0 2 2 2 2 1 2 2 2 1 0 1 -1 -1 -2 -2 -1 -1 -1 -2 0 -1 -2 -2 -2 0 -1 0 -2 -1 0 -2 -2 -2 -2 -1 -2 -2 -2 -1 0 -1
0.301492764933849 -0.59273776732498 0.527205348081174 -1.13490873312285 0.337956676440293 -1 1 2 2 2 0 0 0 1 2 2 2 2 2 0 0 0 1 1 0 1 1 1 2 0 1 2 1 1 1 1 -1 -2 -2 -2 0 0 0 -1 -2 -2 -2 -2 -2 0 0 0 -1 -1 0 -1 -1 -1 -2 0 -1 -2 -1 -1 -1 -1
-0.361987393097027 -0.585502368662985 -0.823620390369368 0.275393807882955 0.4481160488973 1 2 1 2 1 1 1 0 2 2 2 2 2 1 0 0 0 2 1 1 1 1 2 2 2 2 2 1 1 1 1 2 1 2 1 1 1 0 2 2 2 2 2 1 0 0 0 2 1 1 1 1 2 2 2 2 2 1 1 1 1
0.621267562842927 -0.530450667082177 0.621890000705211 0.969072299174886 -0.875963470351679 -1 2 1 2 2 1 1 0 1 1 1 1 0 2 1 1 0 1 0 0 0 1 2 2 1 2 2 1 2 2 2 -2 -1 -2 -2 -1 -1 0 -1 -1 -1 -1 0 -2 -1 -1 0 -1 0 0 0 -1 -2 -2 -1 -2 -2 -1 -2 -2 -2
-0.119081794929192 -1.95634666927086 -0.0199852703718904 -0.230675429290706 -1.25828092467016 -1 2 2 2 2 2 2 1 1 1 2 2 2 1 0 0 0 2 0 0 2 1 2 1 1 0 1 0 1 0 2 -2 -2 -2 -2 -2 -2 -1 -1 -1 -2 -2 -2 -1 0 0 0 -2 0 0 -2 -1 -2 -1 -1 0 -1 0 -1 0 -2
-0.261936748793395 0.657984796209104 1.50576841697903 -0.292896121553566 -0.933079999420765 -1 2 1 2 2 1 2 0 1 1 2 2 1 2 0 0 0 1 1 0 1 1 2 1 2 1 2 2 2 0 1 -2 -1 -2 -2 -1 -2 0 -1 -1 -2 -2 -1 -2 0 0 0 -1 -1 0 -1 -1 -2 -1 -2 -1 -2 -2 -2 0 -1
-0.742226024049846 -0.99844977348324 -0.69179122578738 0.126244860080431 0.627539458860781 1 2 2 1 2 1 1 1 2 0 1 1 1 2 0 0 0 0 1 0 2 1 2 2 2 2 1 1 2 1 1 2 2 1 2 1 1 1 2 0 1 1 1 2 0 0 0 0 1 0 2 1 2 2 2 2 1 1 2 1 1
-0.275789612457021 -1.84459273105202 -1.23610537996529 -0.138660849531043 -0.493148264173887 -1 2 2 2 2 2 1 1 1 1 2 2 2 2 1 0 0 0 1 0 1 1 2 2 1 0 1 1 2 1 1 -2 -2 -2 -2 -2 -1 -1 -1 -1 -2 -2 -2 -2 -1 0 0 0 -1 0 -1 -1 -2 -2 -1 0 -1 -1 -2 -1 -1
-0.639811503689095 1.18301955158769 -1.98968912617018 1.25810146130626 0.801978623048369 1 1 0 1 1 0 1 0 2 1 2 2 2 2 0 0 0 1 0 0 1 2 2 1 0 1 2 2 1 0 1 1 0 1 1 0 1 0 2 1 2 2 2 2 0 0 0 1 0 0 1 2 2 1 0 1 2 2 1 0 1
-2.17098329999483 1.00476365804661 0.390970377074454 0.140986910446859 -0.0792688046040504 -1 2 1 1 1 2 2 1 2 2 2 1 1 2 0 0 0 0 2 2 2 1 2 2 1 1 2 0 1 0 1 -2 -1 -1 -1 -2 -2 -1 -2 -2 -2 -1 -1 -2 0 0 0 0 -2 -2 -2 -1 -2 -2 -1 -1 -2 0 -1 0 -1
-0.102838250911612 2.33723430659091 0.857120869022336 0.108231061964621 -0.103752442046544 -1 1 1 2 2 1 2 0 1 2 2 2 1 1 0 0 0 1 0 0 1 2 1 2 0 0 1 0 1 0 1 -1 -1 -2 -2 -1 -2 0 -1 -2 -2 -2 -1 -1 0 0 0 -1 0 0 -1 -2 -1 -2 0 0 -1 0 -1 0 -1
0.445161713142439 -0.0749325781804783 0.715365896098538 -0.480900141971335 -2.4969736689037 -1 0 1 2 2 1 1 0 2 1 2 2 2 2 0 0 0 0 0 0 0 2 2 2 2 1 2 0 1 0 0 0 -1 -2 -2 -1 -1 0 -2 -1 -2 -2 -2 -2 0 0 0 0 0 0 0 -2 -2 -2 -2 -1 -2 0 -1 0 0
0.878706000602268 -0.0630492639060621 0.395491563455302 0.503305681273645 0.548073652285425 -1 1 2 2 2 2 1 0 2 0 2 2 1 1 0 0 0 1 0 0 2 1 2 2 2 1 2 2 2 1 1 -1 -2 -2 -2 -2 -1 0 -2 0 -2 -2 -1 -1 0 0 0 -1 0 0 -2 -1 -2 -2 -2 -1 -2 -2 -2 -1 -1
-0.0790126827755105 0.608256277880248 -0.914113029949561 -1.04638152358551 0.298934325981973 1 2 2 2 2 2 1 1 2 2 2 2 2 2 0 0 0 1 0 0 2 2 2 2 2 2 2 1 2 0 2 2 2 2 2 2 1 1 2 2 2 2 2 2 0 0 0 1 0 0 2 2 2 2 2 2 2 1 2 0 2
1.52473154419793 -1.41488458639431 -0.452738405510825 0.709729043175855 0.822690858313033 1 1 1 1 1 2 1 0 1 2 2 2 2 2 0 0 0 1 2 0 2 2 2 2 1 0 1 0 1 2 2 1 1 1 1 2 1 0 1 2 2 2 2 2 0 0 0 1 2 0 2 2 2 2 1 0 1 0 1 2 2
-0.0938554789400642 -0.0493239270097275 -1.07683096647677 0.814024376589447 0.324356716200301 -1 2 2 1 2 2 0 0 0 2 2 2 2 1 0 1 1 1 1 0 2 0 2 2 0 0 1 0 0 0 2 -2 -2 -1 -2 -2 0 0 0 -2 -2 -2 -2 -1 0 -1 -1 -1 -1 0 -2 0 -2 -2 0 0 -1 0 0 0 -2
-0.69296619711541 -0.489615502130665 -0.797886867890557 -0.504735895058588 -0.157910265835691 1 0 1 0 1 1 0 0 1 1 2 2 1 0 0 1 0 0 0 0 1 2 2 2 0 0 1 0 0 0 1 0 1 0 1 1 0 0 1 1 2 2 1 0 0 1 0 0 0 0 1 2 2 2 0 0 1 0 0 0 1
-1.35787920794117 -1.6894348527117 0.780024775447708 -0.649573428126027 0.986523198967606 -1 0 0 1 1 2 2 1 1 2 2 2 2 2 0 0 0 1 0 0 1 2 2 2 0 1 0 0 0 0 1 0 0 -1 -1 -2 -2 -1 -1 -2 -2 -2 -2 -2 0 0 0 -1 0 0 -1 -2 -2 -2 0 -1 0 0 0 0 -1
-1.59745425322301 0.603236172717866 -1.73693302778993 1.0322615568286 -0.857536452059622 1 2 2 0 1 1 0 1 1 2 2 2 2 2 1 0 0 0 1 0 1 2 2 2 0 0 1 0 0 0 0 2 2 0 1 1 0 1 1 2 2 2 2 2 1 0 0 0 1 0 1 2 2 2 0 0 1 0 0 0 0
1.66703208464777 -0.119790599684606 0.552687650705183 -0.219778954384083 1.41038904733972 1 1 0 0 1 2 1 1 2 2 2 2 2 2 0 0 0 0 0 0 2 2 2 2 1 1 2 0 1 0 2 1 0 0 1 2 1 1 2 2 2 2 2 2 0 0 0 0 0 0 2 2 2 2 1 1 2 0 1 0 2
2.00203447189457 -1.02309776667428 0.033746486038632 2.02719165870818 1.14169058220341 -1 2 1 1 1 2 2 0 1 0 2 1 0 2 0 1 0 0 1 0 0 2 2 2 2 1 2 1 1 0 2 -2 -1 -1 -1 -2 -2 0 -1 0 -2 -1 0 -2 0 -1 0 0 -1 0 0 -2 -2 -2 -2 -1 -2 -1 -1 0 -2
-0.894199808690902 -1.60294818781378 1.37914820415105 0.688427861293279 -0.739623980225869 1 1 1 2 2 2 1 0 1 1 2 2 1 2 1 0 0 0 0 0 0 1 2 2 1 2 2 0 0 0 1 1 1 2 2 2 1 0 1 1 2 2 1 2 1 0 0 0 0 0 0 1 2 2 1 2 2 0 0 0 1
0.343145229528444 1.90587277348531 1.23856135074429 0.0414526190926088 -0.548108430436242 1 1 0 1 2 1 1 0 2 0 2 2 0 2 1 1 0 0 1 0 2 0 1 1 0 0 1 0 0 0 1 1 0 1 2 1 1 0 2 0 2 2 0 2 1 1 0 0 1 0 2 0 1 1 0 0 1 0 0 0 1
