1.57243468538687 -0.136197392245642 1.55522832384073 1.02883702597766 -1.39804114535508 -1 2 0 2 1 0 2 2 1 1 0 0 0 0 2 0 0 0 2 2 0 1 1 0 0 0 0 1 1 0 1 -2 0 -2 -1 0 -2 -2 -1 -1 0 0 0 0 -2 0 0 0 -2 -2 0 -1 -1 0 0 0 0 -1 -1 0 -1
0.166733030363779 -0.229224045534247 1.54247425165418 1.41096789882983 0.738577766580138 -1 2 0 1 0 1 2 2 2 2 1 0 0 0 2 1 1 2 2 2 1 1 0 0 1 2 0 1 0 0 2 -2 0 -1 0 -1 -2 -2 -2 -2 -1 0 0 0 -2 -1 -1 -2 -2 -2 -1 -1 0 0 -1 -2 0 -1 0 0 -2
0.00361378719770207 -0.602180006205434 -1.07426946663539 0.505567347619422 0.459894335779771 1 0 0 1 1 1 2 1 0 2 0 0 0 0 2 0 1 2 2 2 2 0 1 1 2 2 1 1 0 0 0 0 0 1 1 1 2 1 0 2 0 0 0 0 2 0 1 2 2 2 2 0 1 1 2 2 1 1 0 0 0
-0.19623188905092 -1.68088746002578 0.593979880284549 1.20869449203357 1.23149086697327 1 1 0 2 2 1 2 2 0 1 0 0 0 0 2 0 0 2 2 2 1 2 2 1 2 2 0 1 0 0 1 1 0 2 2 1 2 2 0 1 0 0 0 0 2 0 0 2 2 2 1 2 2 1 2 2 0 1 0 0 1
-1.27006995502484 0.608824574425447 -1.05639712615298 0.431387815123308 0.214902285802297 1 2 0 1 0 0 2 2 2 2 1 0 0 1 2 0 0 1 2 2 0 0 1 2 1 2 0 1 0 0 1 2 0 1 0 0 2 2 2 2 1 0 0 1 2 0 0 1 2 2 0 0 1 2 1 2 0 1 0 0 1
-0.82094636723697 0.976123840282459 1.3233908810469 0.990621625963944 0.0588713003364557 1 2 1 2 2 1 2 2 1 2 0 0 1 1 2 0 0 2 2 2 1 2 2 1 2 2 1 2 1 0 1 2 1 2 2 1 2 2 1 2 0 0 1 1 2 0 0 2 2 2 1 2 2 1 2 2 1 2 1 0 1
-1.86719659520248 0.722952610822282 0.25618827342515 -1.742623432913 -0.857637193242981 1 1 0 2 1 1 2 1 1 2 0 0 0 0 0 0 0 1 2 2 0 1 2 2 2 2 1 1 0 0 1 1 0 2 1 1 2 1 1 2 0 0 0 0 0 0 0 1 2 2 0 1 2 2 2 2 1 1 0 0 1
0.320663301291401 1.11794380823094 -1.52604302093728 0.954414060880486 0.73511504756412 1 2 1 2 2 1 2 1 1 2 1 0 0 0 1 0 0 0 2 1 1 1 1 1 1 2 1 2 0 0 1 2 1 2 2 1 2 1 1 2 1 0 0 0 1 0 0 0 2 1 1 1 1 1 1 2 1 2 0 0 1
1.54275352587777 0.85476301226526 0.0762944905434329 1.2299656733757 -1.450648327887 1 2 0 2 1 0 2 2 1 1 0 0 0 0 2 0 0 0 2 2 0 1 2 2 2 2 0 1 1 0 2 2 0 2 1 0 2 2 1 1 0 0 0 0 2 0 0 0 2 2 0 1 2 2 2 2 0 1 1 0 2
-2.03553978859901 -1.44836434297721 0.338563362817173 -1.53411472630358 0.623472142449745 1 2 1 2 1 1 2 2 1 1 0 0 0 0 2 1 0 1 2 2 1 2 2 2 2 2 1 1 1 0 2 2 1 2 1 1 2 2 1 1 0 0 0 0 2 1 0 1 2 2 1 2 2 2 2 2 1 1 1 0 2
-0.668600529467396 -0.776149334728599 -0.863765340882218 -1.4205319937135 -1.73695755855468 1 2 0 2 1 1 2 0 0 1 0 0 0 0 2 0 0 0 2 2 1 1 1 2 2 1 0 1 1 0 1 2 0 2 1 1 2 0 0 1 0 0 0 0 2 0 0 0 2 2 1 1 1 2 2 1 0 1 1 0 1
-0.864185625814558 -1.45748096166778 -1.08267094174317 0.391032751438723 -1.58140827362134 -1 1 1 2 1 0 2 2 2 2 0 0 0 1 1 0 0 1 2 2 1 2 2 1 2 1 0 1 0 0 1 -1 -1 -2 -1 0 -2 -2 -2 -2 0 0 0 -1 -1 0 0 -1 -2 -2 -1 -2 -2 -1 -2 -1 0 -1 0 0 -1
0.0635999123820742 -0.777837763730565 0.0469002672379248 0.429016660846919 -0.327259770887548 -1 2 0 2 1 1 2 2 2 2 1 1 0 1 2 0 0 1 2 2 2 1 2 2 1 2 0 2 1 0 1 -2 0 -2 -1 -1 -2 -2 -2 -2 -1 -1 0 -1 -2 0 0 -1 -2 -2 -2 -1 -2 -2 -1 -2 0 -2 -1 0 -1
0.168389916138378 -0.252297198846366 -0.302943147564909 0.371409620464572 0.104157399027683 -1 2 0 2 1 0 2 2 1 1 0 0 0 0 2 0 0 0 2 2 0 2 2 2 2 2 0 1 0 0 1 -2 0 -2 -1 0 -2 -2 -1 -1 0 0 0 0 -2 0 0 0 -2 -2 0 -2 -2 -2 -2 -2 0 -1 0 0 -1
0.620062298353172 -0.926439193173271 -2.83549876514382 1.74785187898838 -1.03808606593318 -1 2 1 2 2 2 2 2 1 2 0 0 0 0 2 0 0 0 1 2 0 0 1 0 2 2 0 2 1 0 1 -2 -1 -2 -2 -2 -2 -2 -1 -2 0 0 0 0 -2 0 0 0 -1 -2 0 0 -1 0 -2 -2 0 -2 -1 0 -1
-0.595413000739159 -0.207616588731939 0.260589936413075 -0.161080554736872 1.62538992927667 1 2 1 2 2 2 2 2 2 2 0 0 0 0 2 0 0 2 2 2 2 0 1 2 2 2 0 0 0 0 2 2 1 2 2 2 2 2 2 2 0 0 0 0 2 0 0 2 2 2 2 0 1 2 2 2 0 0 0 0 2
0.10250103245992 -0.385385432421642 2.5743319027435 -0.744958079092222 0.54130974027474 1 2 0 2 1 1 2 2 2 1 0 0 0 1 2 0 1 0 2 1 0 1 2 2 2 2 1 0 0 0 2 2 0 2 1 1 2 2 2 1 0 0 0 1 2 0 1 0 2 1 0 1 2 2 2 2 1 0 0 0 2
-1.03673134765768 0.556196542456246 -0.104103487039532 1.14552536734176 0.49112685800354 1 2 0 2 2 2 2 2 0 1 0 1 1 1 1 0 0 0 2 2 0 0 2 2 1 2 0 2 1 0 1 2 0 2 2 2 2 2 0 1 0 1 1 1 1 0 0 0 2 2 0 0 2 2 1 2 0 2 1 0 1
2.9226451735901 -0.475729418821774 0.303333550713935 0.788451940675562 -0.204842030791454 1 0 0 2 1 1 2 2 1 2 0 0 0 0 2 0 0 1 2 2 1 0 2 2 2 1 0 2 2 0 2 0 0 2 1 1 2 2 1 2 0 0 0 0 2 0 0 1 2 2 1 0 2 2 2 1 0 2 2 0 2
-0.322533891328543 -0.499467162845387 -0.861298218315551 -0.831668715077584 0.574941508966258 -1 2 1 2 1 1 2 2 2 2 0 0 0 0 2 0 0 1 2 2 0 1 1 2 2 2 1 2 1 0 2 -2 -1 -2 -1 -1 -2 -2 -2 -2 0 0 0 0 -2 0 0 -1 -2 -2 0 -1 -1 -2 -2 -2 -1 -2 -1 0 -2
1.12826864614307 1.00334967414109 -0.184913595176855 0.869465896407428 -0.00967707440303639 -1 2 1 2 2 1 2 2 2 2 0 0 0 1 1 0 0 0 2 0 0 0 1 2 1 1 0 1 0 0 1 -2 -1 -2 -2 -1 -2 -2 -2 -2 0 0 0 -1 -1 0 0 0 -2 0 0 0 -1 -2 -1 -1 0 -1 0 0 -1
-0.254068166263098 -1.40015173853053 -0.127147816535164 0.294534933612434 -2.95378931508728 1 2 1 2 2 1 2 2 1 2 0 0 0 0 2 0 0 1 2 2 1 0 2 1 1 2 1 2 1 2 2 2 1 2 2 1 2 2 1 2 0 0 0 0 2 0 0 1 2 2 1 0 2 1 1 2 1 2 1 2 2
-1.11157277361787 0.546442368596671 -1.63518923607108 0.951780448721635 -0.308370530121311 1 2 0 2 2 1 2 2 1 2 0 0 0 0 2 0 0 2 2 2 2 2 2 2 1 2 2 2 1 0 2 2 0 2 2 1 2 2 1 2 0 0 0 0 2 0 0 2 2 2 2 2 2 2 1 2 2 2 1 0 2
0.480919710887772 -0.364950836661084 0.131457395676462 1.00007713879146 -1.44602891060511 -1 2 0 2 1 1 2 2 2 1 0 0 0 0 1 0 0 1 2 2 1 0 1 2 2 2 1 2 1 0 1 -2 0 -2 -1 -1 -2 -2 -2 -1 0 0 0 0 -1 0 0 -1 -2 -2 -1 0 -1 -2 -2 -2 -1 -2 -1 0 -1
-1.01782587357201 0.693415293853992 0.186725872737222 0.732123326758725 0.535277426392712 -1 2 0 1 0 0 2 2 1 2 0 0 1 1 2 0 0 2 2 2 2 2 2 2 2 2 0 2 2 0 2 -2 0 -1 0 0 -2 -2 -1 -2 0 0 -1 -1 -2 0 0 -2 -2 -2 -2 -2 -2 -2 -2 -2 0 -2 -2 0 -2
-0.0137552824609266 0.730109105612699 0.815740132027672 1.83091301686044 -1.60466825416216 -1 1 0 2 2 1 2 2 1 1 0 0 0 0 2 0 0 1 2 2 1 1 2 2 2 2 2 2 2 1 2 -1 0 -2 -2 -1 -2 -2 -1 -1 0 0 0 0 -2 0 0 -1 -2 -2 -1 -1 -2 -2 -2 -2 -2 -2 -2 -1 -2
2.00302098301397 0.53211723169885 -0.135348476707248 -1.57156098589186 -0.84582522682543 -1 2 1 2 2 1 2 1 2 2 0 0 0 1 2 0 0 2 2 2 0 1 2 1 0 2 0 2 2 0 0 -2 -1 -2 -2 -1 -2 -1 -2 -2 0 0 0 -1 -2 0 0 -2 -2 -2 0 -1 -2 -1 0 -2 0 -2 -2 0 0
2.37015883179798 0.261356665488518 -0.0574162801698507 -0.0763896719949716 -2.29739308375369 -1 2 1 1 1 2 2 2 2 2 1 0 0 1 2 0 0 2 2 2 1 1 2 1 2 2 0 0 0 0 1 -2 -1 -1 -1 -2 -2 -2 -2 -2 -1 0 0 -1 -2 0 0 -2 -2 -2 -1 -1 -2 -1 -2 -2 0 0 0 0 -1
-0.767678167365644 1.47601219457485 -1.72164375560756 -0.483789182736563 -1.06275710721813 -1 1 0 2 2 2 2 2 2 2 0 0 1 1 2 1 1 0 2 2 0 1 2 2 1 2 2 2 1 0 2 -1 0 -2 -2 -2 -2 -2 -2 -2 0 0 -1 -1 -2 -1 -1 0 -2 -2 0 -1 -2 -2 -1 -2 -2 -2 -1 0 -2
0.215942828743407 1.00019031649278 -0.797752323766952 -0.717483862910585 0.433571924770829 1 1 0 2 1 1 2 2 1 1 0 0 0 0 1 0 0 1 2 2 0 1 2 0 2 2 2 2 1 0 1 1 0 2 1 1 2 2 1 1 0 0 0 0 1 0 0 1 2 2 0 1 2 0 2 2 2 2 1 0 1
-0.644583115815377 -0.345688732965712 -0.364245234819607 -2.1199854925538 0.554701105537607 -1 1 0 2 0 0 2 1 1 2 0 0 0 0 2 0 0 2 2 2 1 1 2 1 1 2 0 2 0 0 1 -1 0 -2 0 0 -2 -1 -1 -2 0 0 0 0 -2 0 0 -2 -2 -2 -1 -1 -2 -1 -1 -2 0 -2 0 0 -1
-1.05797273646934 -0.379303443527968 1.03572466156265 -0.18583151998806 -0.50088981935472 1 2 1 2 2 1 2 2 0 2 0 0 0 1 2 0 0 1 2 2 1 0 1 1 1 1 1 1 0 0 2 2 1 2 2 1 2 2 0 2 0 0 0 1 2 0 0 1 2 2 1 0 1 1 1 1 1 1 0 0 2
-1.56595489727461 -1.36389727320424 -1.15998545727383 1.50541807865371 0.284970054015622 1 1 0 1 0 0 2 2 1 2 0 0 0 0 1 0 0 1 2 2 2 1 2 2 2 2 1 1 0 0 2 1 0 1 0 0 2 2 1 2 0 0 0 0 1 0 0 1 2 2 2 1 2 2 2 2 1 1 0 0 2
-0.345115038079625 0.965767387017523 1.59148713492891 -0.679451377412727 0.166782219168926 -1 1 1 2 1 1 2 2 1 2 0 0 0 0 1 0 0 0 2 2 1 0 2 2 2 0 0 1 0 0 1 -1 -1 -2 -1 -1 -2 -2 -1 -2 0 0 0 0 -1 0 0 0 -2 -2 -1 0 -2 -2 -2 0 0 -1 0 0 -1
-0.667778296329236 -0.817998883167141 0.507160231217067 -1.86187052713808 0.556752266893696 1 2 0 2 2 2 2 2 1 2 1 0 0 0 0 0 0 1 2 2 0 0 0 1 2 2 0 1 0 0 1 2 0 2 2 2 2 2 1 2 1 0 0 0 0 0 0 1 2 2 0 0 0 1 2 2 0 1 0 0 1
-0.968471158291022 -0.448267038076277 0.444483641595319 -2.0737380944694 -1.82527692037819 1 1 1 1 2 2 2 2 1 2 1 0 0 0 2 0 0 0 2 2 1 1 1 2 2 2 0 0 0 0 0 1 1 1 2 2 2 2 1 2 1 0 0 0 2 0 0 0 2 2 1 1 1 2 2 2 0 0 0 0 0
-1.50725804392826 0.384965130984434 0.739472022941737 2.04552076519947 -2.02256546491276 -1 2 1 2 2 1 2 2 1 2 0 0 0 0 2 0 0 1 2 1 0 0 2 2 2 2 0 1 1 0 2 -2 -1 -2 -2 -1 -2 -2 -1 -2 0 0 0 0 -2 0 0 -1 -2 -1 0 0 -2 -2 -2 -2 0 -1 -1 0 -2
-0.638510116940719 0.467912162897547 -0.0193013891996875 0.206590796755141 -1.05246429715196 -1 2 0 1 0 0 2 2 1 2 0 0 0 0 2 0 0 0 2 2 0 1 2 2 1 2 1 2 2 0 2 -2 0 -1 0 0 -2 -2 -1 -2 0 0 0 0 -2 0 0 0 -2 -2 0 -1 -2 -2 -1 -2 -1 -2 -2 0 -2
-0.40420688724991 0.547494888737578 0.509804700536482 -0.769270252467846 0.282916823902749 -1 1 0 1 2 1 2 2 2 1 0 0 0 0 1 0 0 0 2 1 1 0 2 2 2 2 1 1 0 0 2 -1 0 -1 -2 -1 -2 -2 -2 -1 0 0 0 0 -1 0 0 0 -2 -1 -1 0 -2 -2 -2 -2 -1 -1 0 0 -2
0.362743465420184 -0.382464967025131 -0.380015902611761 0.510505846799652 0.738745556345103 -1 1 0 2 1 1 2 2 1 2 0 0 0 0 1 0 0 0 2 2 0 1 2 2 1 1 0 2 1 0 2 -1 0 -2 -1 -1 -2 -2 -1 -2 0 0 0 0 -1 0 0 0 -2 -2 0 -1 -2 -2 -1 -1 0 -2 -1 0 -2
-2.33231101808088 -0.699598097834463 0.871425787895664 1.69738335069786 -0.386341269864858 1 2 0 2 1 2 2 2 1 1 0 0 0 1 1 0 0 1 2 2 0 2 2 2 2 2 1 2 1 1 2 2 0 2 1 2 2 2 1 1 0 0 0 1 1 0 0 1 2 2 0 2 2 2 2 2 1 2 1 1 2
0.705843864391791 0.0263058239434317 0.57913883654667 0.302574456141439 0.36641713458319 -1 1 0 2 2 0 2 2 0 2 1 0 1 1 2 0 1 1 2 2 0 1 2 2 2 2 0 2 1 0 1 -1 0 -2 -2 0 -2 -2 0 -2 -1 0 -1 -1 -2 0 -1 -1 -2 -2 0 -1 -2 -2 -2 -2 0 -2 -1 0 -1
1.50582955483082 0.158370444312948 -0.675753174863305 0.0478255473475826 0.176508600902016 1 2 0 2 1 1 2 1 0 1 0 0 0 0 2 0 0 0 2 1 0 1 2 2 2 1 1 1 1 0 0 2 0 2 1 1 2 1 0 1 0 0 0 0 2 0 0 0 2 1 0 1 2 2 2 1 1 1 1 0 0
0.778559217959429 -0.955402930537682 1.21674048328956 0.532026352861948 -0.900328526144712 -1 1 0 2 2 2 2 2 2 2 1 1 1 1 2 1 0 1 2 2 0 0 1 1 2 2 1 1 1 0 1 -1 0 -2 -2 -2 -2 -2 -2 -2 -1 -1 -1 -1 -2 -1 0 -1 -2 -2 0 0 -1 -1 -2 -2 -1 -1 -1 0 -1
-1.51161324763479 2.7289741943687 0.301393688713912 0.449369836106927 1.31087020400004 1 2 0 2 2 1 2 2 1 1 0 0 0 0 2 0 0 0 2 2 1 0 1 2 2 2 1 1 0 0 2 2 0 2 2 1 2 2 1 1 0 0 0 0 2 0 0 0 2 2 1 0 1 2 2 2 1 1 0 0 2
1.6917794533778 -0.894961938244675 -1.36650458203868 -0.660052183300438 -0.447242336124388 -1 2 1 2 2 2 2 2 2 2 0 0 0 1 2 0 0 2 2 2 1 0 1 2 2 1 0 1 0 0 2 -2 -1 -2 -2 -2 -2 -2 -2 -2 0 0 0 -1 -2 0 0 -2 -2 -2 -1 0 -1 -2 -2 -1 0 -1 0 0 -2
-1.64380246837974 0.395700535147171 -0.00780441303051583 -2.15083492370247 -0.461771948289207 -1 2 0 2 1 0 2 2 2 2 0 1 0 1 2 0 0 0 2 2 0 0 1 0 1 2 1 2 2 1 1 -2 0 -2 -1 0 -2 -2 -2 -2 0 -1 0 -1 -2 0 0 0 -2 -2 0 0 -1 0 -1 -2 -1 -2 -2 -1 -1
1.77425286704859 1.22340297187121 -0.0807655379842772 -0.273484916527991 1.15231413047812 1 1 0 2 1 1 2 2 2 2 0 0 1 1 2 0 0 2 2 2 0 1 1 0 1 2 0 1 1 0 2 1 0 2 1 1 2 2 2 2 0 0 1 1 2 0 0 2 2 2 0 1 1 0 1 2 0 1 1 0 2
1.09896650657667 -1.70872029803221 -1.04434643806158 0.493833288994071 0.516184389433941 1 2 0 2 2 1 2 2 1 2 0 0 0 0 1 0 0 2 2 2 0 1 2 1 2 2 2 2 1 0 2 2 0 2 2 1 2 2 1 2 0 0 0 0 1 0 0 2 2 2 0 1 2 1 2 2 2 2 1 0 2
-0.513874425447419 0.50546033072842 -0.142129213853309 -1.20392851426091 0.107099742856331 1 1 1 2 1 1 2 2 2 2 0 0 0 0 1 0 0 1 2 2 1 1 2 2 2 2 1 2 1 0 1 1 1 2 1 1 2 2 2 2 0 0 0 0 1 0 0 1 2 2 1 1 2 2 2 2 1 2 1 0 1
-0.744079855648735 -0.77179778858465 1.89113430621594 0.496395273413937 0.419055736911257 -1 2 0 2 1 1 2 2 1 2 0 0 0 0 2 0 0 2 2 2 0 1 1 1 1 2 1 1 1 0 0 -2 0 -2 -1 -1 -2 -2 -1 -2 0 0 0 0 -2 0 0 -2 -2 -2 0 -1 -1 -1 -1 -2 -1 -1 -1 0 0
-0.730872676473639 0.12105468908418 -1.12919829871422 0.0945301195877952 -0.727849738611654 1 1 1 2 2 2 2 2 2 2 1 1 0 0 2 0 0 2 2 2 1 0 0 1 1 2 1 1 0 0 2 1 1 2 2 2 2 2 2 2 1 1 0 0 2 0 0 2 2 2 1 0 0 1 1 2 1 1 0 0 2
0.626424049643393 -0.983183027280962 -1.58751128929802 -1.66734793085664 0.228771215052097 -1 2 0 2 2 1 2 2 0 2 0 1 1 1 1 0 0 0 2 2 0 2 2 1 2 2 0 1 0 0 0 -2 0 -2 -2 -1 -2 -2 0 -2 0 -1 -1 -1 -1 0 0 0 -2 -2 0 -2 -2 -1 -2 -2 0 -1 0 0 0
0.790710492951272 -0.674999645905911 -0.491869418838833 0.097934277047173 -0.121484715292644 -1 2 0 2 2 2 2 2 2 2 0 0 0 1 2 0 0 0 2 2 0 0 1 0 1 1 0 1 0 0 2 -2 0 -2 -2 -2 -2 -2 -2 -2 0 0 0 -1 -2 0 0 0 -2 -2 0 0 -1 0 -1 -1 0 -1 0 0 -2
-0.719257426244547 -2.12378349465081 -0.963873491110511 0.826151552706165 -0.964363392151289 1 2 0 2 2 1 2 2 1 0 0 0 0 0 2 0 0 0 2 2 0 1 1 2 1 1 0 1 0 1 1 2 0 2 2 1 2 2 1 0 0 0 0 0 2 0 0 0 2 2 0 1 1 2 1 1 0 1 0 1 1
-0.642787521422399 1.28776148862344 -1.72799068974108 1.29360145901634 -0.723231584140104 1 2 0 2 2 2 2 2 1 1 0 0 0 0 1 0 0 1 2 1 0 2 2 2 2 2 1 2 1 0 2 2 0 2 2 2 2 2 1 1 0 0 0 0 1 0 0 1 2 1 0 2 2 2 2 2 1 2 1 0 2
2.44700721807903 0.389968706446096 0.1716637961881 1.09307989347933 0.645405227698923 1 1 0 1 1 1 2 2 2 1 0 0 0 0 1 0 0 0 1 1 0 0 1 2 2 2 1 1 1 0 2 1 0 1 1 1 2 2 2 1 0 0 0 0 1 0 0 0 1 1 0 0 1 2 2 2 1 1 1 0 2
1.16206322531523 -0.490916161904662 0.122276859598609 -0.478556164664776 -0.0573108548440296 -1 2 1 2 1 1 2 2 0 1 0 0 0 1 2 0 0 0 2 2 0 2 1 1 1 2 1 1 0 0 1 -2 -1 -2 -1 -1 -2 -2 0 -1 0 0 0 -1 -2 0 0 0 -2 -2 0 -2 -1 -1 -1 -2 -1 -1 0 0 -1
0.520684069574504 0.301964648234247 0.379268763693065 -0.676723725014094 -0.264990272022394 -1 2 1 2 1 1 2 2 1 2 0 0 0 0 2 0 0 0 2 2 0 2 2 2 2 2 0 1 1 0 1 -2 -1 -2 -1 -1 -2 -2 -1 -2 0 0 0 0 -2 0 0 0 -2 -2 0 -2 -2 -2 -2 -2 0 -1 -1 0 -1
0.797636873045024 0.9053741812621 -1.96524026830384 1.66912581269185 -1.43954014657808 -1 1 0 2 2 2 2 2 0 1 0 0 0 0 1 0 0 0 2 2 0 0 2 1 1 2 0 1 0 0 2 -1 0 -2 -2 -2 -2 -2 0 -1 0 0 0 0 -1 0 0 0 -2 -2 0 0 -2 -1 -1 -2 0 -1 0 0 -2
-0.2346931889616 0.138022171401156 -2.17978253982123 0.409047251839264 -0.138963814172507 -1 1 0 2 2 0 2 1 0 2 1 0 0 0 2 0 0 0 2 2 0 1 2 2 2 2 2 2 1 0 2 -1 0 -2 -2 0 -2 -1 0 -2 -1 0 0 0 -2 0 0 0 -2 -2 0 -1 -2 -2 -2 -2 -2 -2 -1 0 -2
1.27634934192518 -1.02784170590845 1.65459866125334 -2.69568658656465 -1.26347785214555 -1 1 1 2 1 0 2 2 1 1 0 0 1 0 2 0 0 1 2 1 0 0 1 0 1 2 1 1 0 0 1 -1 -1 -2 -1 0 -2 -2 -1 -1 0 0 -1 0 -2 0 0 -1 -2 -1 0 0 -1 0 -1 -2 -1 -1 0 0 -1
-0.790541270591005 -0.0865434078283809 1.43031606245406 0.137842521817455 -0.549389383948924 -1 2 1 2 2 1 2 2 1 2 0 0 1 0 2 0 0 2 2 2 0 0 0 0 1 1 0 2 0 0 2 -2 -1 -2 -2 -1 -2 -2 -1 -2 0 0 -1 0 -2 0 0 -2 -2 -2 0 0 0 0 -1 -1 0 -2 0 0 -2
0.685072359519601 -1.61571608916034 0.223250726427461 -0.417782808615848 0.707577271392161 -1 1 0 1 1 1 2 1 0 1 0 0 0 0 1 0 0 1 2 2 0 1 2 1 1 1 1 2 2 1 0 -1 0 -1 -1 -1 -2 -1 0 -1 0 0 0 0 -1 0 0 -1 -2 -2 0 -1 -2 -1 -1 -1 -1 -2 -2 -1 0
0.452029012372624 0.754591351063601 1.37096912905605 -0.795465838569314 -0.10408697507225 1 1 0 2 1 1 2 2 0 2 1 1 1 0 2 0 0 1 2 2 1 0 2 2 2 2 1 2 2 0 2 1 0 2 1 1 2 2 0 2 1 1 1 0 2 0 0 1 2 2 1 0 2 2 2 2 1 2 2 0 2
0.854133390748692 -0.289451925842046 -1.58153714375715 1.62245052656799 -1.32636886727588 1 2 0 2 1 1 2 2 1 2 0 1 1 1 2 0 0 1 2 2 1 1 2 2 2 1 0 1 1 0 1 2 0 2 1 1 2 2 1 2 0 1 1 1 2 0 0 1 2 2 1 1 2 2 2 1 0 1 1 0 1
-0.97493191487853 0.766128342312559 -0.4398852175077 1.02707367035203 0.575052153032243 1 2 1 2 1 1 2 2 1 2 0 0 0 1 2 0 0 0 2 2 1 1 2 1 2 2 0 1 1 0 2 2 1 2 1 1 2 2 1 2 0 0 0 1 2 0 0 0 2 2 1 1 2 1 2 2 0 1 1 0 2
-1.1462281503162 0.536148415391307 -0.704969864785443 0.0219337954809357 -0.841638122768433 1 2 0 1 1 1 2 2 2 1 0 0 0 0 2 1 0 1 2 2 0 1 2 2 2 2 1 2 1 1 2 2 0 1 1 1 2 2 2 1 0 0 0 0 2 1 0 1 2 2 0 1 2 2 2 2 1 2 1 1 2
-0.21914508031661 0.87096806819756 0.105141077453531 1.15287469915539 0.92548745803689 -1 1 0 2 2 2 2 2 1 1 0 0 0 0 2 0 0 0 2 2 0 0 1 2 2 2 1 2 0 0 1 -1 0 -2 -2 -2 -2 -2 -1 -1 0 0 0 0 -2 0 0 0 -2 -2 0 0 -1 -2 -2 -2 -1 -2 0 0 -1
-0.160239056210057 -0.220080294001239 -1.02020572832659 1.04735073369864 -1.21585622842541 1 1 1 2 2 1 2 2 1 2 0 0 0 0 0 0 0 1 2 2 1 1 2 2 2 2 1 2 2 1 2 1 1 2 2 1 2 2 1 2 0 0 0 0 0 0 0 1 2 2 1 1 2 2 2 2 1 2 2 1 2
0.381558174600474 -0.521362926857521 -1.51915748631906 1.4167963891835 1.39765383427998 -1 2 1 2 2 2 2 1 1 2 0 0 0 0 1 0 1 1 2 2 0 1 2 1 1 2 0 1 0 0 0 -2 -1 -2 -2 -2 -2 -1 -1 -2 0 0 0 0 -1 0 -1 -1 -2 -2 0 -1 -2 -1 -1 -2 0 -1 0 0 0
-1.07624626095799 0.445493201024208 -1.34123185127346 -0.141197218862691 -0.661682186105477 -1 1 0 2 2 2 2 2 2 2 2 1 0 1 2 0 0 0 2 2 0 1 1 1 1 2 2 1 0 0 2 -1 0 -2 -2 -2 -2 -2 -2 -2 -2 -1 0 -1 -2 0 0 0 -2 -2 0 -1 -1 -1 -1 -2 -2 -1 0 0 -2
0.0854774590477912 1.19813915708896 0.424779851204782 -1.05277618296296 -0.469518356746157 -1 2 0 2 0 1 2 1 1 1 0 0 0 0 1 0 0 0 2 2 2 1 2 2 2 2 1 2 1 1 2 -2 0 -2 0 -1 -2 -1 -1 -1 0 0 0 0 -1 0 0 0 -2 -2 -2 -1 -2 -2 -2 -2 -1 -2 -1 -1 -2
-1.47746106707622 -0.0894531585429925 -1.21354459141987 -0.586357974827176 0.100881788474894 -1 1 0 2 1 0 2 2 2 2 0 0 0 0 2 0 0 0 2 2 0 1 2 2 2 2 2 2 0 0 1 -1 0 -2 -1 0 -2 -2 -2 -2 0 0 0 0 -2 0 0 0 -2 -2 0 -1 -2 -2 -2 -2 -2 -2 0 0 -1
0.976495920440646 0.453758188063938 -1.59454275266481 -0.109435180180768 -1.58625710680723 -1 1 1 2 2 1 2 2 1 2 0 0 0 1 2 0 0 2 2 2 0 1 1 1 2 2 0 2 0 0 1 -1 -1 -2 -2 -1 -2 -2 -1 -2 0 0 0 -1 -2 0 0 -2 -2 -2 0 -1 -1 -1 -2 -2 0 -2 0 0 -1
0.572865058244543 -0.161761190565213 0.300603975998347 0.489435976609654 1.28143641477439 1 2 1 2 2 2 2 2 1 1 0 0 0 0 2 0 0 1 2 2 0 0 1 1 2 2 1 2 0 0 1 2 1 2 2 2 2 2 1 1 0 0 0 0 2 0 0 1 2 2 0 0 1 1 2 2 1 2 0 0 1
-0.230396273302398 0.165528567026408 -0.649225146979375 1.32756981307283 -0.0639179515673139 1 2 0 2 2 1 2 2 1 2 0 1 0 0 2 0 0 0 2 2 0 2 2 2 2 2 0 2 1 0 1 2 0 2 2 1 2 2 1 2 0 1 0 0 2 0 0 0 2 2 0 2 2 2 2 2 0 2 1 0 1
-1.63212802579296 -0.995976355215735 -0.709019891414162 -0.507561963386112 -1.61863628210874 -1 1 0 2 1 1 2 2 1 1 0 1 0 0 2 0 0 0 2 1 0 0 1 1 1 2 0 1 1 0 1 -1 0 -2 -1 -1 -2 -2 -1 -1 0 -1 0 0 -2 0 0 0 -2 -1 0 0 -1 -1 -1 -2 0 -1 -1 0 -1
-0.0605157271996666 -0.474368296591021 -0.969399345155547 0.191789223294796 -0.274485631045952 1 1 0 2 2 2 2 1 0 1 0 0 1 1 1 0 0 0 2 2 1 2 1 1 1 2 0 2 0 0 1 1 0 2 2 2 2 1 0 1 0 0 1 1 1 0 0 0 2 2 1 2 1 1 1 2 0 2 0 0 1
-0.124019729408924 0.378335699652091 0.0208029489831517 -0.577464893669623 -0.594404124507788 -1 2 1 2 1 0 2 1 1 1 0 0 1 1 2 0 0 1 2 2 0 0 2 1 2 2 0 2 0 0 1 -2 -1 -2 -1 0 -2 -1 -1 -1 0 0 -1 -1 -2 0 0 -1 -2 -2 0 0 -2 -1 -2 -2 0 -2 0 0 -1
0.260827106777868 2.40008237038267 -0.991575109543176 -1.57862256790043 -0.406329838082728 1 2 0 2 1 1 2 2 0 2 1 0 0 0 2 0 0 0 2 1 0 0 2 2 1 2 0 2 1 0 2 2 0 2 1 1 2 2 0 2 1 0 0 0 2 0 0 0 2 1 0 0 2 2 1 2 0 2 1 0 2
0.71949771564543 -0.455958113896568 -2.94293094944761 0.842985663669698 0.436553967680121 -1 1 1 2 1 1 2 1 2 2 0 0 0 1 2 0 0 2 2 2 0 0 1 1 0 2 0 1 1 0 2 -1 -1 -2 -1 -1 -2 -1 -2 -2 0 0 0 -1 -2 0 0 -2 -2 -2 0 0 -1 -1 0 -2 0 -1 -1 0 -2
0.0824741623328783 2.63234992528857 -1.8833478690175 -0.164206696634767 0.450614913050574 -1 2 0 2 1 1 2 2 1 1 0 0 0 0 1 0 0 1 2 2 1 0 1 1 2 1 0 0 0 0 2 -2 0 -2 -1 -1 -2 -2 -1 -1 0 0 0 0 -1 0 0 -1 -2 -2 -1 0 -1 -1 -2 -1 0 0 0 0 -2
-1.61282528206635 -0.0200081652296196 0.605404030261011 1.02427978968437 -2.05226729924654 1 2 0 2 2 2 2 2 2 2 1 0 0 1 2 0 0 0 2 2 1 2 2 0 1 1 0 1 0 0 1 2 0 2 2 2 2 2 2 2 1 0 0 1 2 0 0 0 2 2 1 2 2 0 1 1 0 1 0 0 1
-0.79167643989 -1.38636188270041 0.135892528049052 -0.286600635007677 0.703833110876319 1 0 1 2 2 0 2 2 1 2 0 0 0 1 1 0 0 1 2 2 1 1 1 1 1 1 0 2 1 0 1 0 1 2 2 0 2 2 1 2 0 0 0 1 1 0 0 1 2 2 1 1 1 1 1 1 0 2 1 0 1
0.525705670287295 -0.671968556925184 -2.30607105107642 1.43015495815338 0.482092445181633 1 2 1 2 2 0 2 2 2 2 0 1 0 0 2 0 0 1 2 1 1 0 1 1 2 2 2 2 1 0 2 2 1 2 2 0 2 2 2 2 0 1 0 0 2 0 0 1 2 1 1 0 1 1 2 2 2 2 1 0 2
0.0967205096495184 -2.11415431340552 0.643347395586497 -0.44395563983877 -0.396270314850121 -1 1 0 2 2 2 2 2 0 1 0 0 0 0 1 0 1 0 2 2 1 1 2 1 1 2 0 2 1 0 2 -1 0 -2 -2 -2 -2 -2 0 -1 0 0 0 0 -1 0 -1 0 -2 -2 -1 -1 -2 -1 -1 -2 0 -2 -1 0 -2
-1.17255628822959 -1.54950437778954 -1.1351928897196 -0.693495171151677 0.62325033712038 1 1 0 1 2 1 2 2 1 2 0 0 0 0 1 0 0 0 2 1 0 0 2 2 2 2 1 2 0 0 2 1 0 1 2 1 2 2 1 2 0 0 0 0 1 0 0 0 2 1 0 0 2 2 2 2 1 2 0 0 2
0.190174105655939 1.05871533732975 -0.222945315790006 1.40541250955316 0.525060254946771 1 0 0 2 1 2 2 2 1 0 0 0 0 0 2 0 0 1 2 2 0 1 2 1 2 2 1 2 0 0 1 0 0 2 1 2 2 2 1 0 0 0 0 0 2 0 0 1 2 2 0 1 2 1 2 2 1 2 0 0 1
0.969680918187507 -0.954024716112587 0.457428115392954 0.582463164311631 0.459034216820896 -1 2 0 2 1 1 2 2 0 1 0 0 0 1 2 1 0 1 2 2 1 0 1 0 1 2 0 0 1 0 1 -2 0 -2 -1 -1 -2 -2 0 -1 0 0 0 -1 -2 -1 0 -1 -2 -2 -1 0 -1 0 -1 -2 0 0 -1 0 -1
-0.397306978869929 0.34285472412618 -0.871847597572046 -0.628303905691292 1.13285490993415 1 1 1 2 1 1 2 2 1 2 0 0 0 1 2 0 0 1 2 2 2 1 2 1 2 2 0 2 1 1 2 1 1 2 1 1 2 2 1 2 0 0 0 1 2 0 0 1 2 2 2 1 2 1 2 2 0 2 1 1 2
-0.0765558367881015 1.63298338828613 0.557826389072968 0.509804418690669 -0.458361203926284 -1 2 1 2 1 2 2 1 1 1 0 0 0 0 1 0 0 1 2 1 0 0 1 2 2 2 1 2 0 0 1 -2 -1 -2 -1 -2 -2 -1 -1 -1 0 0 0 0 -1 0 0 -1 -2 -1 0 0 -1 -2 -2 -2 -1 -2 0 0 -1
-1.03955949640341 1.60102468945472 -0.254249534436215 -1.58977289062175 0.534721602308683 1 2 1 2 2 1 2 2 2 2 0 0 0 0 2 0 0 1 2 2 0 1 2 1 1 2 0 1 0 0 1 2 1 2 2 1 2 2 2 2 0 0 0 0 2 0 0 1 2 2 0 1 2 1 1 2 0 1 0 0 1
-0.965603071960743 0.639852061296221 -0.0118467929990187 1.51990917145957 0.69114152327511 1 2 1 2 2 1 2 2 1 2 1 1 1 2 2 0 0 1 2 2 0 1 1 1 1 1 0 1 1 0 1 2 1 2 2 1 2 2 1 2 1 1 1 2 2 0 0 1 2 2 0 1 1 1 1 1 0 1 1 0 1
-0.563454799863402 -1.22094264861414 0.818040939398944 0.164663101825126 -0.0234479888493989 -1 2 0 0 0 0 2 2 2 1 0 0 0 0 2 0 0 0 2 2 2 1 2 2 2 2 1 2 1 0 1 -2 0 0 0 0 -2 -2 -2 -1 0 0 0 0 -2 0 0 0 -2 -2 -2 -1 -2 -2 -2 -2 -1 -2 -1 0 -1
-1.43072296603765 -0.207183450149467 -0.960473922123025 -1.09548547387647 1.98994284029893 1 1 0 2 1 1 2 2 2 1 0 0 0 0 2 0 0 1 2 2 0 1 2 2 2 2 1 1 1 0 1 1 0 2 1 1 2 2 2 1 0 0 0 0 2 0 0 1 2 2 0 1 2 2 2 2 1 1 1 0 1
0.513844157779553 0.40313524410539 0.0756488263771083 0.312916102569608 -1.2739818353388 -1 2 0 1 1 1 2 2 1 1 0 0 1 1 2 0 0 1 2 2 0 1 2 2 2 2 2 2 1 0 2 -2 0 -1 -1 -1 -2 -2 -1 -1 0 0 -1 -1 -2 0 0 -1 -2 -2 0 -1 -2 -2 -2 -2 -2 -2 -1 0 -2
0.980467410764094 -0.140982052513145 -0.391081542029714 -0.40073592394169 0.172561997225471 1 2 0 2 1 0 2 2 1 1 0 0 0 1 2 0 0 0 2 1 0 1 2 1 2 2 1 2 1 0 1 2 0 2 1 0 2 2 1 1 0 0 0 1 2 0 0 0 2 1 0 1 2 1 2 2 1 2 1 0 1
-0.358808732674522 -0.408770316183204 -0.499245532480294 -0.234790227867933 -0.823673894262002 1 2 0 2 1 1 2 2 1 2 0 0 0 0 2 0 0 2 2 2 1 0 1 2 2 2 1 2 1 0 1 2 0 2 1 1 2 2 1 2 0 0 0 0 2 0 0 2 2 2 1 0 1 2 2 2 1 2 1 0 1
-1.01010543738712 1.06336956392386 1.99726721071031 -0.610508095725103 0.35781256259288 -1 0 0 2 2 2 2 2 2 2 0 0 0 1 2 0 1 1 2 2 1 1 2 1 2 1 0 2 1 0 2 0 0 -2 -2 -2 -2 -2 -2 -2 0 0 0 -1 -2 0 -1 -1 -2 -2 -1 -1 -2 -1 -2 -1 0 -2 -1 0 -2
