1.98875054769289 -0.345715074722201 0.674537372793213 0.721028948291246 -0.914235874391077 -1 0 1 2 0 2 1 1 1 0 0 0 0 1 0 1 2 2 2 0 0 2 1 0 1 0 1 1 1 1 0 0 -1 -2 0 -2 -1 -1 -1 0 0 0 0 -1 0 -1 -2 -2 -2 0 0 -2 -1 0 -1 0 -1 -1 -1 -1 0
-0.506992083989562 -0.640504235685726 -0.105447716746901 -0.519515174137744 1.04952012341157 -1 0 2 2 0 2 1 2 1 1 2 1 2 2 0 1 2 2 2 0 1 2 1 0 1 0 0 2 2 2 2 0 -2 -2 0 -2 -1 -2 -1 -1 -2 -1 -2 -2 0 -1 -2 -2 -2 0 -1 -2 -1 0 -1 0 0 -2 -2 -2 -2
1.49886215778711 -0.177012556879481 -1.18038988474667 -1.44256904024548 0.642915103454815 -1 0 2 2 0 1 0 1 1 1 2 1 2 2 0 0 1 2 0 0 0 2 0 1 2 0 1 1 1 2 1 0 -2 -2 0 -1 0 -1 -1 -1 -2 -1 -2 -2 0 0 -1 -2 0 0 0 -2 0 -1 -2 0 -1 -1 -1 -2 -1
-1.9201410160194 0.793730725518322 -0.651393169347454 -0.23506938583839 -1.08248902460723 -1 0 1 2 0 1 0 1 1 1 0 0 2 2 0 0 2 2 1 0 0 1 0 0 1 0 1 1 1 2 0 0 -1 -2 0 -1 0 -1 -1 -1 0 0 -2 -2 0 0 -2 -2 -1 0 0 -1 0 0 -1 0 -1 -1 -1 -2 0
0.13374910366242 0.228523466559846 -0.203019486365713 -0.595069691794782 0.309754712424317 -1 0 0 2 0 1 1 2 2 2 1 0 2 1 0 1 1 2 1 1 1 1 0 0 0 1 1 1 1 1 0 0 0 -2 0 -1 -1 -2 -2 -2 -1 0 -2 -1 0 -1 -1 -2 -1 -1 -1 -1 0 0 0 -1 -1 -1 -1 -1 0
1.80511485962204 0.352204337176875 -1.84974298487146 0.620362910347469 -2.07477531982976 1 0 2 2 0 2 1 1 0 0 0 0 2 1 0 0 2 2 1 0 0 1 0 0 2 1 1 2 2 2 1 0 2 2 0 2 1 1 0 0 0 0 2 1 0 0 2 2 1 0 0 1 0 0 2 1 1 2 2 2 1
-1.26613959021667 -0.257417212825003 0.975660769830113 -1.64115113081965 0.22874457920862 -1 0 1 1 0 0 1 1 0 0 0 1 2 1 0 1 2 2 2 1 1 2 0 0 1 0 0 0 0 1 0 0 -1 -1 0 0 -1 -1 0 0 0 -1 -2 -1 0 -1 -2 -2 -2 -1 -1 -2 0 0 -1 0 0 0 0 -1 0
-0.592694566221428 0.906096535376913 0.313324128102277 -0.756132058271529 1.60668090782644 -1 0 1 2 0 1 0 1 1 1 1 0 2 2 1 1 2 2 2 1 1 2 1 0 2 1 1 1 1 2 1 0 -1 -2 0 -1 0 -1 -1 -1 -1 0 -2 -2 -1 -1 -2 -2 -2 -1 -1 -2 -1 0 -2 -1 -1 -1 -1 -2 -1
0.707636593174406 -0.324060978013611 -0.514205977476759 0.439362917680254 -0.812606960427073 1 0 2 2 0 2 0 0 0 1 0 0 2 2 1 0 1 1 1 0 0 1 1 1 2 1 0 1 2 2 2 0 2 2 0 2 0 0 0 1 0 0 2 2 1 0 1 1 1 0 0 1 1 1 2 1 0 1 2 2 2
-0.0596071333563627 0.243571660974634 0.0279609751215234 -0.436998035214749 -0.234446788618133 1 0 2 2 1 2 1 1 2 1 0 0 1 1 1 1 2 2 2 0 0 2 0 1 2 0 0 0 2 1 1 0 2 2 1 2 1 1 2 1 0 0 1 1 1 1 2 2 2 0 0 2 0 1 2 0 0 0 2 1 1
0.683734231283698 0.289550399289294 -1.55234013565072 0.974076328374313 -0.0227770143683476 1 0 2 2 1 2 0 1 0 0 1 0 2 1 0 2 2 2 2 0 0 1 1 0 1 0 0 2 1 2 1 0 2 2 1 2 0 1 0 0 1 0 2 1 0 2 2 2 2 0 0 1 1 0 1 0 0 2 1 2 1
-0.718617336315432 -0.726752854746621 -0.404850823774577 1.08228180318546 -0.703847617488597 -1 0 0 1 0 0 0 1 0 1 1 1 2 1 0 0 1 2 1 0 1 2 1 0 2 1 1 0 0 1 1 0 0 -1 0 0 0 -1 0 -1 -1 -1 -2 -1 0 0 -1 -2 -1 0 -1 -2 -1 0 -2 -1 -1 0 0 -1 -1
-1.61346910029759 -0.383255113256932 0.123479965559992 0.789152315610277 1.55405280255139 -1 0 2 2 0 2 0 0 0 0 2 2 2 1 0 0 1 1 1 0 0 1 0 0 1 0 2 2 2 2 2 0 -2 -2 0 -2 0 0 0 0 -2 -2 -2 -1 0 0 -1 -1 -1 0 0 -1 0 0 -1 0 -2 -2 -2 -2 -2
-0.397914351332057 -0.224357912584911 -1.27832760465862 -1.6110383467134 -0.180995728022897 1 1 2 2 1 2 0 2 1 0 1 1 2 2 2 0 0 2 1 1 2 2 0 0 1 0 1 2 2 2 2 1 2 2 1 2 0 2 1 0 1 1 2 2 2 0 0 2 1 1 2 2 0 0 1 0 1 2 2 2 2
-0.124452474926391 -0.0818298844097901 -0.582600931562003 1.29392443681134 -1.21469433772798 1 0 1 1 0 1 0 0 0 1 0 1 2 0 0 1 2 2 2 0 0 2 0 0 1 0 0 1 2 2 2 0 1 1 0 1 0 0 0 1 0 1 2 0 0 1 2 2 2 0 0 2 0 0 1 0 0 1 2 2 2
-0.932114047363628 -0.36341961435914 -1.13717773806578 1.22361699829123 -0.86937612144164 -1 0 2 2 0 2 0 0 1 0 0 1 1 2 0 1 2 2 1 0 0 2 1 0 1 0 0 1 0 0 0 0 -2 -2 0 -2 0 0 -1 0 0 -1 -1 -2 0 -1 -2 -2 -1 0 0 -2 -1 0 -1 0 0 -1 0 0 0
0.13414467791057 1.23040959939779 -0.729207847370218 -1.23977963726803 -0.317749855000977 1 0 1 2 0 2 0 2 1 1 0 0 2 2 0 0 1 1 1 0 1 2 0 0 1 0 0 0 1 2 1 0 1 2 0 2 0 2 1 1 0 0 2 2 0 0 1 1 1 0 1 2 0 0 1 0 0 0 1 2 1
-0.466680253034039 0.224414573372344 1.92881398676296 -0.0706279304280605 -0.215185636523449 -1 1 1 1 1 2 0 1 1 1 2 1 1 1 0 2 2 2 2 0 0 1 0 0 1 1 1 0 1 2 1 -1 -1 -1 -1 -2 0 -1 -1 -1 -2 -1 -1 -1 0 -2 -2 -2 -2 0 0 -1 0 0 -1 -1 -1 0 -1 -2 -1
0.916547973765147 0.686081027565757 0.700543481378304 0.0976764479075824 -0.0889533836654063 -1 0 1 2 0 1 0 1 1 1 0 0 1 2 0 1 0 1 2 1 1 2 1 1 2 0 0 0 1 1 1 0 -1 -2 0 -1 0 -1 -1 -1 0 0 -1 -2 0 -1 0 -1 -2 -1 -1 -2 -1 -1 -2 0 0 0 -1 -1 -1
-1.18097720308353 1.72965933963889 1.54765521346214 -0.798644398397377 1.82534928231706 -1 0 1 1 0 1 1 2 2 2 1 1 1 2 0 0 1 2 1 0 0 2 1 0 1 0 0 1 2 2 0 0 -1 -1 0 -1 -1 -2 -2 -2 -1 -1 -1 -2 0 0 -1 -2 -1 0 0 -2 -1 0 -1 0 0 -1 -2 -2 0
-1.65051590944886 -0.654426472675237 0.885512224073048 0.0420106018271435 0.858592178916814 -1 0 2 2 1 2 1 2 1 2 2 2 2 1 0 0 2 2 2 0 0 1 0 0 1 0 1 1 2 2 2 0 -2 -2 -1 -2 -1 -2 -1 -2 -2 -2 -2 -1 0 0 -2 -2 -2 0 0 -1 0 0 -1 0 -1 -1 -2 -2 -2
-0.72809048470046 1.55613129502422 0.17460823987839 1.14024312725542 -1.12459126322971 1 1 2 2 1 2 1 1 1 1 1 0 1 0 0 1 2 2 2 1 0 1 1 0 0 0 0 0 0 1 2 1 2 2 1 2 1 1 1 1 1 0 1 0 0 1 2 2 2 1 0 1 1 0 0 0 0 0 0 1 2
-0.566514145247874 -0.555630195564911 -0.0849905953215006 0.862899112783019 0.161076976878057 1 0 2 1 0 2 2 2 2 1 0 0 1 1 0 0 2 2 2 1 2 2 1 0 2 0 0 0 1 2 1 0 2 1 0 2 2 2 2 1 0 0 1 1 0 0 2 2 2 1 2 2 1 0 2 0 0 0 1 2 1
-1.34521022723678 -0.704129013792866 0.419656648632672 0.406208787873461 -0.896220642060152 -1 1 2 2 0 1 1 2 2 2 1 0 1 1 0 0 2 2 1 0 0 2 0 0 2 0 1 1 0 1 1 -1 -2 -2 0 -1 -1 -2 -2 -2 -1 0 -1 -1 0 0 -2 -2 -1 0 0 -2 0 0 -2 0 -1 -1 0 -1 -1
-0.322410003971002 -0.949534766072707 -0.473785087479395 -1.68241636605886 0.579285114531321 1 0 2 1 0 2 0 2 1 1 1 2 2 1 0 0 1 2 2 0 0 2 0 0 1 1 0 1 1 2 1 0 2 1 0 2 0 2 1 1 1 2 2 1 0 0 1 2 2 0 0 2 0 0 1 1 0 1 1 2 1
-1.0676042448793 -1.00494690523114 -0.560538511887089 0.171891071962658 2.24725657144472 -1 1 2 2 1 2 2 2 2 2 1 1 2 2 1 0 1 2 2 0 0 1 0 0 1 0 0 0 1 2 2 -1 -2 -2 -1 -2 -2 -2 -2 -2 -1 -1 -2 -2 -1 0 -1 -2 -2 0 0 -1 0 0 -1 0 0 0 -1 -2 -2
1.33744049406537 -1.7127118314433 1.02347600067874 1.12600574365735 0.0867943895238402 -1 0 2 2 0 2 1 2 1 1 1 1 1 2 1 0 0 1 1 0 0 1 0 0 1 1 1 0 0 2 1 0 -2 -2 0 -2 -1 -2 -1 -1 -1 -1 -1 -2 -1 0 0 -1 -1 0 0 -1 0 0 -1 -1 -1 0 0 -2 -1
-0.630998520406679 0.448939616801927 -0.353008026618555 0.316487158203491 1.29106790038011 -1 0 2 2 2 2 0 1 1 1 0 0 1 1 0 0 2 2 2 0 0 1 0 1 1 1 1 1 1 2 2 0 -2 -2 -2 -2 0 -1 -1 -1 0 0 -1 -1 0 0 -2 -2 -2 0 0 -1 0 -1 -1 -1 -1 -1 -1 -2 -2
-0.340386783469058 -0.475444593044216 -0.513230255955412 0.0996658666631282 1.53970315675821 1 0 2 2 1 2 0 1 0 1 0 0 0 2 1 1 2 2 2 1 1 1 0 0 2 0 0 1 2 2 2 0 2 2 1 2 0 1 0 1 0 0 0 2 1 1 2 2 2 1 1 1 0 0 2 0 0 1 2 2 2
0.437721727534152 0.70436089062226 -0.744517731516179 0.420795589038073 0.420009816453493 -1 0 2 1 0 2 0 1 1 1 0 0 1 1 0 0 1 2 1 0 0 0 0 0 1 0 0 2 2 2 1 0 -2 -1 0 -2 0 -1 -1 -1 0 0 -1 -1 0 0 -1 -2 -1 0 0 0 0 0 -1 0 0 -2 -2 -2 -1
-0.268342795650297 -0.292998012083039 1.68734929158874 -0.780597028385077 -0.339302170467875 1 0 0 1 0 2 1 2 1 2 1 0 1 1 0 1 2 2 1 0 0 1 0 0 1 0 0 0 2 2 1 0 0 1 0 2 1 2 1 2 1 0 1 1 0 1 2 2 1 0 0 1 0 0 1 0 0 0 2 2 1
0.876273843149557 0.315292031464458 -0.0985675303772788 1.8264075255966 -0.382644867845063 -1 0 2 2 0 1 1 1 1 1 1 0 2 2 0 0 1 2 2 0 1 2 0 0 2 1 0 0 0 1 2 0 -2 -2 0 -1 -1 -1 -1 -1 -1 0 -2 -2 0 0 -1 -2 -2 0 -1 -2 0 0 -2 -1 0 0 0 -1 -2
-0.147603657784659 0.633462144735716 0.340002153350822 0.899820860654155 0.105295112039465 -1 0 2 2 1 2 0 1 1 0 0 0 1 1 0 0 0 1 1 0 0 2 2 0 1 1 0 0 1 1 1 0 -2 -2 -1 -2 0 -1 -1 0 0 0 -1 -1 0 0 0 -1 -1 0 0 -2 -2 0 -1 -1 0 0 -1 -1 -1
-0.573704780042095 -1.15039737438623 0.334174529838741 -0.964495903116401 -1.96782371646199 -1 0 1 0 0 1 1 2 2 2 1 0 1 2 1 1 2 2 1 0 1 2 0 0 2 0 0 0 1 1 1 0 -1 0 0 -1 -1 -2 -2 -2 -1 0 -1 -2 -1 -1 -2 -2 -1 0 -1 -2 0 0 -2 0 0 0 -1 -1 -1
0.171230924878511 -1.46981988007485 1.33323439880854 -0.477105193835257 -0.652262777500098 -1 0 2 2 1 1 0 1 1 1 1 1 2 1 1 2 1 2 2 0 1 1 0 2 2 1 1 1 2 1 1 0 -2 -2 -1 -1 0 -1 -1 -1 -1 -1 -2 -1 -1 -2 -1 -2 -2 0 -1 -1 0 -2 -2 -1 -1 -1 -2 -1 -1
0.367972857785929 -0.0482090883069658 -0.261919024417679 -1.52921390982267 -0.799097532131836 1 0 2 2 1 2 0 0 0 0 0 0 1 1 0 1 2 1 2 1 1 2 0 0 2 1 1 1 2 1 1 0 2 2 1 2 0 0 0 0 0 0 1 1 0 1 2 1 2 1 1 2 0 0 2 1 1 1 2 1 1
-2.25195530671554 0.163624751830188 0.509884446770826 -0.0331507005014945 -0.0801882727724019 1 0 1 2 0 2 0 0 0 0 0 0 1 1 0 2 1 2 2 1 2 2 0 1 2 1 0 1 1 0 0 0 1 2 0 2 0 0 0 0 0 0 1 1 0 2 1 2 2 1 2 2 0 1 2 1 0 1 1 0 0
-0.548203336912796 1.09960734588366 -1.48934328922257 -0.850248517074431 -0.051833732208961 1 0 1 1 0 1 0 1 1 1 1 0 2 1 0 1 2 2 1 1 2 2 0 1 2 1 0 1 2 1 0 0 1 1 0 1 0 1 1 1 1 0 2 1 0 1 2 2 1 1 2 2 0 1 2 1 0 1 2 1 0
-0.894198943247462 -0.0469645080136945 0.439255379445942 2.19844518725798 0.185518786470285 1 1 2 2 2 2 0 1 2 1 1 1 2 1 1 0 2 2 2 1 2 2 1 0 1 1 1 0 2 2 2 1 2 2 2 2 0 1 2 1 1 1 2 1 1 0 2 2 2 1 2 2 1 0 1 1 1 0 2 2 2
1.25977222784736 0.711737107956861 1.18947552137238 -0.508713069127601 3.46185008155621 1 1 2 2 0 2 1 1 1 0 1 0 1 1 0 2 2 2 1 0 0 1 0 0 1 1 2 0 0 2 1 1 2 2 0 2 1 1 1 0 1 0 1 1 0 2 2 2 1 0 0 1 0 0 1 1 2 0 0 2 1
-1.81027945140512 -1.59948205385058 -1.8964795836145 -0.609926809522771 0.591736396013848 1 0 1 2 0 2 0 0 1 0 0 1 1 1 0 1 2 2 2 1 0 2 0 0 2 1 0 1 1 2 0 0 1 2 0 2 0 0 1 0 0 1 1 1 0 1 2 2 2 1 0 2 0 0 2 1 0 1 1 2 0
-0.887138373613638 1.67037615621547 -1.95235538235213 -2.15190601635166 0.357555107687151 -1 0 2 2 1 2 0 2 1 0 0 0 2 2 0 0 1 2 2 1 1 2 1 0 1 0 0 2 2 2 1 0 -2 -2 -1 -2 0 -2 -1 0 0 0 -2 -2 0 0 -1 -2 -2 -1 -1 -2 -1 0 -1 0 0 -2 -2 -2 -1
0.0881237609079878 0.890951538158489 0.954143026867148 0.567133113996683 0.644764465567168 -1 0 1 2 0 2 1 1 2 2 1 1 1 1 0 0 2 2 2 0 0 2 1 0 1 0 0 1 2 2 1 0 -1 -2 0 -2 -1 -1 -2 -2 -1 -1 -1 -1 0 0 -2 -2 -2 0 0 -2 -1 0 -1 0 0 -1 -2 -2 -1
-1.05376005154586 -0.425611874288904 -1.33335059020109 -0.0528999174781832 0.152841578793324 1 0 2 2 0 2 0 1 2 2 0 0 2 2 0 1 1 2 2 1 0 2 1 1 2 2 0 0 1 1 1 0 2 2 0 2 0 1 2 2 0 0 2 2 0 1 1 2 2 1 0 2 1 1 2 2 0 0 1 1 1
0.108284723295417 1.86195683491828 0.55771841066635 -1.72888585209399 -0.592803715968725 -1 0 1 2 0 2 0 2 1 2 1 1 2 2 1 1 1 2 2 0 0 0 0 0 2 1 1 2 2 1 1 0 -1 -2 0 -2 0 -2 -1 -2 -1 -1 -2 -2 -1 -1 -1 -2 -2 0 0 0 0 0 -2 -1 -1 -2 -2 -1 -1
0.0501139571955935 -0.180865360606042 -0.49722638079222 -1.82523940678182 0.349741243738989 -1 0 2 2 0 2 0 2 1 1 0 1 2 1 1 1 2 2 2 1 0 2 0 0 2 1 0 2 2 1 1 0 -2 -2 0 -2 0 -2 -1 -1 0 -1 -2 -1 -1 -1 -2 -2 -2 -1 0 -2 0 0 -2 -1 0 -2 -2 -1 -1
0.0286336326875093 1.27298505269619 -1.39552444503311 0.73773240491048 1.69530810236581 -1 0 1 2 0 1 0 1 0 0 0 0 1 0 0 0 2 2 2 0 1 2 2 2 2 0 0 1 1 1 1 0 -1 -2 0 -1 0 -1 0 0 0 0 -1 0 0 0 -2 -2 -2 0 -1 -2 -2 -2 -2 0 0 -1 -1 -1 -1
-0.691207670999152 0.327747920467289 0.575212217798159 -0.949601595928915 1.40230377953244 1 0 1 2 0 2 0 2 2 2 1 1 0 1 0 1 2 2 2 0 2 2 1 1 2 2 0 0 1 2 1 0 1 2 0 2 0 2 2 2 1 1 0 1 0 1 2 2 2 0 2 2 1 1 2 2 0 0 1 2 1
0.52210760422803 -1.42902383367008 -0.0379270832279941 0.528241563104197 -1.34052441890587 1 0 2 2 0 2 0 2 2 1 0 1 2 2 1 0 2 2 2 1 0 1 1 0 2 1 0 1 2 1 2 0 2 2 0 2 0 2 2 1 0 1 2 2 1 0 2 2 2 1 0 1 1 0 2 1 0 1 2 1 2
-0.0516908828250632 -0.853945972025114 0.855953990372289 1.75019430366013 0.615368034052259 -1 0 2 2 0 2 1 1 1 1 0 1 2 2 1 1 2 2 2 0 2 2 0 0 2 1 1 1 1 2 2 0 -2 -2 0 -2 -1 -1 -1 -1 0 -1 -2 -2 -1 -1 -2 -2 -2 0 -2 -2 0 0 -2 -1 -1 -1 -1 -2 -2
0.79039442091319 0.210448990651655 1.21257849945482 0.0395254064853431 0.604009476182018 1 0 1 1 0 2 2 2 1 0 0 1 2 1 0 1 2 2 2 0 0 1 0 0 2 0 0 1 1 1 1 0 1 1 0 2 2 2 1 0 0 1 2 1 0 1 2 2 2 0 0 1 0 0 2 0 0 1 1 1 1
0.959044350189874 -1.23379108598754 -0.481464108461952 -1.00922239512911 0.297405247127266 -1 0 1 1 0 1 0 1 2 1 1 0 1 1 0 0 1 2 1 0 1 1 0 1 2 1 1 1 2 2 2 0 -1 -1 0 -1 0 -1 -2 -1 -1 0 -1 -1 0 0 -1 -2 -1 0 -1 -1 0 -1 -2 -1 -1 -1 -2 -2 -2
-1.83040371573792 0.915003402037084 -0.255066703253305 -0.289374908458794 -1.20619674483488 -1 0 2 2 1 1 0 0 0 1 1 0 0 1 2 0 1 2 1 0 0 1 0 1 1 0 0 1 2 2 2 0 -2 -2 -1 -1 0 0 0 -1 -1 0 0 -1 -2 0 -1 -2 -1 0 0 -1 0 -1 -1 0 0 -1 -2 -2 -2
-0.37470218677125 -2.03247862785418 1.13958414820344 1.22320687900654 0.970183457708425 -1 0 1 2 0 2 1 0 0 1 0 0 1 1 0 1 1 2 1 0 0 2 1 1 2 0 0 1 2 2 2 0 -1 -2 0 -2 -1 0 0 -1 0 0 -1 -1 0 -1 -1 -2 -1 0 0 -2 -1 -1 -2 0 0 -1 -2 -2 -2
0.902573529345162 -2.28595369665204 -0.252224134029227 0.763205075875486 1.91965270972591 1 0 2 2 0 2 0 1 1 0 0 0 2 1 0 0 2 2 1 0 0 1 0 0 1 0 1 2 2 2 2 0 2 2 0 2 0 1 1 0 0 0 2 1 0 0 2 2 1 0 0 1 0 0 1 0 1 2 2 2 2
0.666189622737841 -1.3113717543463 0.00294096928546575 -1.88376931262277 -1.03789379806148 -1 0 2 2 0 1 0 1 1 0 1 1 2 1 0 1 1 2 2 1 2 1 0 0 0 0 0 0 1 0 1 0 -2 -2 0 -1 0 -1 -1 0 -1 -1 -2 -1 0 -1 -1 -2 -2 -1 -2 -1 0 0 0 0 0 0 -1 0 -1
0.322733366434722 -0.903538966549089 -1.04323741418603 -0.659729896671855 1.2947807124431 1 1 2 2 0 1 0 2 1 2 1 1 2 1 1 1 2 2 2 0 0 1 0 0 2 1 1 1 0 1 0 1 2 2 0 1 0 2 1 2 1 1 2 1 1 1 2 2 2 0 0 1 0 0 2 1 1 1 0 1 0
-0.482891793149071 -0.0929850911210539 -0.399959470893788 -0.90791594708159 0.50572393831124 1 0 2 2 0 2 0 0 2 2 2 0 2 2 1 0 1 2 1 0 0 1 0 0 0 1 2 1 1 1 1 0 2 2 0 2 0 0 2 2 2 0 2 2 1 0 1 2 1 0 0 1 0 0 0 1 2 1 1 1 1
0.784041837093446 0.635491438033548 1.2131827605194 -0.81920409855192 -0.585007783357833 -1 0 1 2 1 2 0 1 1 1 1 0 2 1 1 0 2 2 2 1 1 2 0 0 1 2 1 2 1 2 1 0 -1 -2 -1 -2 0 -1 -1 -1 -1 0 -2 -1 -1 0 -2 -2 -2 -1 -1 -2 0 0 -1 -2 -1 -2 -1 -2 -1
-0.502910905587547 -0.705107820701749 -0.599958608204874 1.89711211068151 0.583876510048951 -1 0 1 1 1 2 1 2 0 0 1 0 2 2 0 0 1 2 1 0 0 1 0 1 2 0 0 2 2 2 2 0 -1 -1 -1 -2 -1 -2 0 0 -1 0 -2 -2 0 0 -1 -2 -1 0 0 -1 0 -1 -2 0 0 -2 -2 -2 -2
0.340908875720007 -1.11489244260808 0.478697868869057 0.860259212463114 -0.326892615461211 -1 0 2 2 1 2 0 1 0 1 2 1 1 1 0 2 2 2 2 0 0 0 0 1 2 1 1 1 2 2 2 0 -2 -2 -1 -2 0 -1 0 -1 -2 -1 -1 -1 0 -2 -2 -2 -2 0 0 0 0 -1 -2 -1 -1 -1 -2 -2 -2
-1.55786192148698 1.08770669503398 0.0439552918914138 0.23750257173227 -0.279414853711084 1 0 2 2 0 2 0 2 2 2 1 0 2 2 0 0 2 2 2 1 0 2 1 0 2 1 0 0 2 2 1 0 2 2 0 2 0 2 2 2 1 0 2 2 0 0 2 2 2 1 0 2 1 0 2 1 0 0 2 2 1
1.60788757172096 -0.987774478306344 1.33423116171508 -0.683526260524516 0.066517888833502 -1 0 1 1 0 1 0 1 1 2 2 0 1 2 1 0 1 2 2 0 0 1 0 1 2 1 0 0 1 2 0 0 -1 -1 0 -1 0 -1 -1 -2 -2 0 -1 -2 -1 0 -1 -2 -2 0 0 -1 0 -1 -2 -1 0 0 -1 -2 0
-0.861112935474803 -0.26854387614217 0.207952001223942 0.980363396259977 -0.063037218761001 -1 0 1 1 0 2 0 0 0 0 0 0 2 2 0 2 2 2 2 0 0 2 0 0 0 0 1 1 1 1 0 0 -1 -1 0 -2 0 0 0 0 0 0 -2 -2 0 -2 -2 -2 -2 0 0 -2 0 0 0 0 -1 -1 -1 -1 0
0.679096270511222 0.339345824356312 1.44811522290044 0.276999016720784 0.270104333585376 1 0 1 2 1 1 1 1 1 2 1 1 1 2 0 1 2 1 1 0 0 1 0 0 1 0 0 0 1 1 1 0 1 2 1 1 1 1 1 2 1 1 1 2 0 1 2 1 1 0 0 1 0 0 1 0 0 0 1 1 1
-1.15140590549625 2.28367201805952 0.39752073329314 -0.836920184962145 -0.10414664381172 1 0 2 2 0 2 0 2 1 1 1 0 1 2 1 1 1 2 2 0 0 0 0 1 1 0 0 2 2 2 1 0 2 2 0 2 0 2 1 1 1 0 1 2 1 1 1 2 2 0 0 0 0 1 1 0 0 2 2 2 1
1.37388175461815 -1.60256677566733 0.127144550046181 0.605695061293504 -0.586657424188955 1 1 2 2 1 2 0 1 2 2 1 0 1 0 0 1 2 2 2 0 1 1 0 0 2 1 0 0 0 1 1 1 2 2 1 2 0 1 2 2 1 0 1 0 0 1 2 2 2 0 1 1 0 0 2 1 0 0 0 1 1
-0.218236978380841 0.348522777742563 0.303227143555457 -0.56104071547395 1.88047134444697 1 0 0 2 0 2 1 1 1 2 0 0 1 2 1 1 2 2 2 1 0 1 0 0 1 0 0 2 2 2 2 0 0 2 0 2 1 1 1 2 0 0 1 2 1 1 2 2 2 1 0 1 0 0 1 0 0 2 2 2 2
-0.426506813698007 0.0872231557999923 0.2312389506474 1.33117314005179 1.36345366984337 -1 0 2 2 0 2 0 1 2 1 2 0 2 2 0 1 2 2 1 0 0 2 0 0 1 0 0 1 1 1 2 0 -2 -2 0 -2 0 -1 -2 -1 -2 0 -2 -2 0 -1 -2 -2 -1 0 0 -2 0 0 -1 0 0 -1 -1 -1 -2
-0.00935714442487616 1.27813479480451 -0.879590740775641 -3.13377865205313 -0.274724647875357 -1 0 1 1 0 0 0 1 2 2 1 1 2 2 2 0 0 2 2 0 0 2 1 1 2 1 1 0 0 1 0 0 -1 -1 0 0 0 -1 -2 -2 -1 -1 -2 -2 -2 0 0 -2 -2 0 0 -2 -1 -1 -2 -1 -1 0 0 -1 0
0.885878460920103 -0.221993093580073 0.341178613195124 -0.113030017681295 1.44684709379096 -1 0 1 2 2 2 1 1 1 1 0 0 1 1 0 1 2 1 1 0 0 2 0 0 2 1 0 1 2 2 1 0 -1 -2 -2 -2 -1 -1 -1 -1 0 0 -1 -1 0 -1 -2 -1 -1 0 0 -2 0 0 -2 -1 0 -1 -2 -2 -1
-0.603249091788361 1.29470280436851 -0.266540474044799 0.37054091283097 -1.09333914496721 1 0 2 2 1 2 0 1 0 1 1 0 2 1 0 0 2 2 2 0 0 1 0 0 0 0 0 1 2 2 2 0 2 2 1 2 0 1 0 1 1 0 2 1 0 0 2 2 2 0 0 1 0 0 0 0 0 1 2 2 2
0.105266409070008 1.42503596566791 1.85743959121451 0.787522840110085 0.336784024989718 -1 0 2 2 1 2 0 1 0 0 1 0 2 2 1 0 2 2 1 0 1 2 1 1 2 1 0 2 2 1 0 0 -2 -2 -1 -2 0 -1 0 0 -1 0 -2 -2 -1 0 -2 -2 -1 0 -1 -2 -1 -1 -2 -1 0 -2 -2 -1 0
1.28184437805827 -0.114189414862153 0.517858748412016 0.812683815217576 2.08835576509637 -1 1 2 2 2 2 1 2 1 1 1 0 1 0 0 0 1 2 1 0 0 1 0 0 2 1 0 2 2 2 2 -1 -2 -2 -2 -2 -1 -2 -1 -1 -1 0 -1 0 0 0 -1 -2 -1 0 0 -1 0 0 -2 -1 0 -2 -2 -2 -2
1.01888118728717 -0.238528619685893 -0.260377505026399 -0.230936653014729 -0.0656596173697035 -1 0 1 1 0 1 1 1 1 2 2 1 1 1 1 2 2 2 2 0 0 2 0 0 2 2 1 1 1 2 1 0 -1 -1 0 -1 -1 -1 -1 -2 -2 -1 -1 -1 -1 -2 -2 -2 -2 0 0 -2 0 0 -2 -2 -1 -1 -1 -2 -1
0.11102955205487 -0.531543772383417 -0.394272726579608 -0.246838188314498 -2.24287317379471 1 0 2 2 1 2 0 2 2 2 2 1 2 2 1 0 1 2 1 0 0 1 0 0 1 0 1 1 1 2 1 0 2 2 1 2 0 2 2 2 2 1 2 2 1 0 1 2 1 0 0 1 0 0 1 0 1 1 1 2 1
1.80631113400918 -0.208327667125631 -0.590576548487806 -0.406732779597317 -0.391751550857924 -1 0 1 1 1 2 0 1 2 1 0 0 1 2 0 1 2 2 2 0 0 1 0 0 0 0 0 1 1 1 1 0 -1 -1 -1 -2 0 -1 -2 -1 0 0 -1 -2 0 -1 -2 -2 -2 0 0 -1 0 0 0 0 0 -1 -1 -1 -1
0.487288915321955 0.385385263603401 0.762882333581035 -1.37581841868641 -0.53930698512981 -1 0 1 2 0 2 1 2 1 0 1 1 2 2 0 0 1 2 1 1 1 1 1 0 2 0 1 0 1 2 1 0 -1 -2 0 -2 -1 -2 -1 0 -1 -1 -2 -2 0 0 -1 -2 -1 -1 -1 -1 -1 0 -2 0 -1 0 -1 -2 -1
-1.30186470207512 0.845468076634049 2.1840005868218 0.723789807055171 2.10432122547431 -1 0 0 2 0 2 1 2 0 1 1 1 1 1 0 2 2 1 1 1 1 1 0 0 1 0 0 1 1 1 1 0 0 -2 0 -2 -1 -2 0 -1 -1 -1 -1 -1 0 -2 -2 -1 -1 -1 -1 -1 0 0 -1 0 0 -1 -1 -1 -1
0.727885683026291 -0.613290454081113 1.17087398473555 1.25078734008449 0.471845867935084 1 0 1 2 0 1 1 2 2 1 1 0 2 1 0 0 0 1 1 0 0 1 1 0 1 1 0 2 2 2 1 0 1 2 0 1 1 2 2 1 1 0 2 1 0 0 0 1 1 0 0 1 1 0 1 1 0 2 2 2 1
2.22365896557818 0.527377059151643 -3.25473519168246 0.331764127942299 -0.998224766525863 1 0 1 2 0 1 2 2 1 1 2 0 1 0 0 1 2 2 2 1 0 1 0 1 2 2 1 1 1 2 1 0 1 2 0 1 2 2 1 1 2 0 1 0 0 1 2 2 2 1 0 1 0 1 2 2 1 1 1 2 1
1.15128638139257 0.918748980685747 -0.734738653176797 1.05173983455288 -0.620614058929542 -1 0 1 1 0 2 1 0 2 2 1 0 2 1 1 1 1 2 2 0 0 1 0 0 0 0 0 1 2 2 2 0 -1 -1 0 -2 -1 0 -2 -2 -1 0 -2 -1 -1 -1 -1 -2 -2 0 0 -1 0 0 0 0 0 -1 -2 -2 -2
2.12160717425935 -0.569769044315975 -0.840408319836879 -0.173572966883229 -0.241631931008934 -1 0 2 2 0 2 0 2 1 0 1 0 1 2 1 1 2 2 1 0 0 2 2 1 2 1 0 1 1 1 0 0 -2 -2 0 -2 0 -2 -1 0 -1 0 -1 -2 -1 -1 -2 -2 -1 0 0 -2 -2 -1 -2 -1 0 -1 -1 -1 0
-1.14573002930826 -0.437656768569372 0.173697185952269 -0.519449374554242 -1.09975462917922 -1 0 1 1 0 2 1 1 0 1 0 0 2 1 0 0 1 2 2 0 1 1 0 0 0 0 1 1 2 2 2 0 -1 -1 0 -2 -1 -1 0 -1 0 0 -2 -1 0 0 -1 -2 -2 0 -1 -1 0 0 0 0 -1 -1 -2 -2 -2
0.538509814261397 0.245720241733136 -0.0756883696211705 -1.57723937631389 -0.0462478677695731 1 0 2 2 1 2 0 0 2 2 1 0 2 1 0 1 1 2 2 0 0 2 0 0 1 0 0 1 0 2 0 0 2 2 1 2 0 0 2 2 1 0 2 1 0 1 1 2 2 0 0 2 0 0 1 0 0 1 0 2 0
-1.38422738358947 -0.972552382749241 -0.545515647026048 -1.06973587423588 -1.18076734663644 1 0 0 1 0 1 0 2 1 2 2 1 2 2 1 0 2 2 1 0 0 1 0 0 2 1 1 1 0 1 0 0 0 1 0 1 0 2 1 2 2 1 2 2 1 0 2 2 1 0 0 1 0 0 2 1 1 1 0 1 0
-1.42928390380062 0.348270412858201 -0.221707912650229 -0.444700221531978 -0.0277479965298684 1 0 1 2 0 1 0 1 1 2 0 0 1 1 0 0 2 2 1 0 0 2 1 0 2 0 1 2 1 1 0 0 1 2 0 1 0 1 1 2 0 0 1 1 0 0 2 2 1 0 0 2 1 0 2 0 1 2 1 1 0
-0.333242829252887 1.24963150375651 -0.176914236495635 0.980633607879533 1.97577394466044 1 0 2 2 0 1 1 2 0 1 1 0 2 1 0 1 1 2 2 0 1 2 1 1 2 0 0 0 1 1 1 0 2 2 0 1 1 2 0 1 1 0 2 1 0 1 1 2 2 0 1 2 1 1 2 0 0 0 1 1 1
0.922327804841606 -0.105041922490222 1.28012083692707 -1.70315460928111 -0.505619497889576 -1 0 2 2 0 1 1 2 1 1 1 0 1 2 1 0 1 1 1 0 0 1 0 1 2 2 1 1 1 2 2 0 -2 -2 0 -1 -1 -2 -1 -1 -1 0 -1 -2 -1 0 -1 -1 -1 0 0 -1 0 -1 -2 -2 -1 -1 -1 -2 -2
1.28163204894632 1.01122800296404 0.0149450988975566 -1.06451514167181 -0.167377615947563 -1 0 2 1 1 2 0 0 1 2 1 1 2 2 0 0 2 2 2 1 1 1 0 0 1 1 0 1 2 1 1 0 -2 -1 -1 -2 0 0 -1 -2 -1 -1 -2 -2 0 0 -2 -2 -2 -1 -1 -1 0 0 -1 -1 0 -1 -2 -1 -1
0.619966299828756 -0.0884573440073082 -1.13468844854854 0.824565648809014 0.438203958033724 -1 0 1 2 1 2 1 0 1 1 1 0 2 2 1 0 2 2 2 1 1 2 1 0 1 0 0 1 1 1 0 0 -1 -2 -1 -2 -1 0 -1 -1 -1 0 -2 -2 -1 0 -2 -2 -2 -1 -1 -2 -1 0 -1 0 0 -1 -1 -1 0
-1.70478591136496 -0.737969915448542 -0.114365774379256 -1.06121749221259 -0.371588664151838 -1 0 1 2 0 2 1 0 1 1 0 0 1 1 1 1 1 2 2 0 1 1 0 0 0 0 0 1 1 2 1 0 -1 -2 0 -2 -1 0 -1 -1 0 0 -1 -1 -1 -1 -1 -2 -2 0 -1 -1 0 0 0 0 0 -1 -1 -2 -1
-0.213430977468615 1.03847699294919 -0.550521914167277 0.874734937817677 0.675531955104691 1 0 1 2 0 2 0 1 0 2 1 0 1 0 0 2 2 2 2 1 1 2 1 1 2 0 0 1 2 2 1 0 1 2 0 2 0 1 0 2 1 0 1 0 0 2 2 2 2 1 1 2 1 1 2 0 0 1 2 2 1
-1.34369389504273 0.075792874379369 0.121330464067201 -2.38299020942811 0.430829240584955 1 0 1 1 0 1 0 1 1 2 0 0 2 2 1 0 1 2 1 0 0 1 0 0 2 1 0 1 0 1 1 0 1 1 0 1 0 1 1 2 0 0 2 2 1 0 1 2 1 0 0 1 0 0 2 1 0 1 0 1 1
0.127247890864433 2.47184164641644 -0.276078290321972 0.917587028257196 1.37093266429346 1 0 1 1 0 1 0 2 2 2 1 0 2 2 0 1 2 2 2 0 0 2 2 0 2 2 1 1 1 2 0 0 1 1 0 1 0 2 2 2 1 0 2 2 0 1 2 2 2 0 0 2 2 0 2 2 1 1 1 2 0
-0.299140117968677 -0.362375271657468 1.77090056300126 0.671390387562466 2.04272585555217 -1 1 2 2 0 1 0 1 2 1 2 1 2 1 1 1 2 2 2 1 1 2 1 1 2 1 1 1 1 2 2 -1 -2 -2 0 -1 0 -1 -2 -1 -2 -1 -2 -1 -1 -1 -2 -2 -2 -1 -1 -2 -1 -1 -2 -1 -1 -1 -1 -2 -2
0.180053251192903 -0.767308804152089 1.58462729812828 0.322400748624115 0.942755840978608 1 0 1 2 0 1 1 2 1 1 0 1 2 2 1 2 2 1 2 1 0 2 0 0 1 1 0 2 1 2 1 0 1 2 0 1 1 2 1 1 0 1 2 2 1 2 2 1 2 1 0 2 0 0 1 1 0 2 1 2 1
1.2101615185696 0.725242682524652 0.420433027026636 -0.142008846300801 -0.104659268507429 -1 0 2 1 0 2 1 1 2 2 0 0 1 2 0 1 2 2 1 0 0 2 0 0 1 1 0 1 1 1 1 0 -2 -1 0 -2 -1 -1 -2 -2 0 0 -1 -2 0 -1 -2 -2 -1 0 0 -2 0 0 -1 -1 0 -1 -1 -1 -1
0.530892177681164 -0.318973252354906 0.800174038471166 -1.49368961531591 -0.411092050153439 -1 0 0 2 1 1 0 0 0 2 1 2 2 2 1 0 1 1 1 0 0 1 0 0 0 0 0 2 2 1 2 0 0 -2 -1 -1 0 0 0 -2 -1 -2 -2 -2 -1 0 -1 -1 -1 0 0 -1 0 0 0 0 0 -2 -2 -1 -2
-0.908906804867303 0.0305927817208277 0.759443480131332 1.09752820222524 1.31621251739892 1 0 1 2 0 2 0 2 2 2 0 0 2 2 0 0 1 2 2 0 0 1 0 0 0 0 0 0 1 2 1 0 1 2 0 2 0 2 2 2 0 0 2 2 0 0 1 2 2 0 0 1 0 0 0 0 0 0 1 2 1
