-0.238335961676943 -0.942016990991942 -1.41136595761706 -0.196624897582665 -0.148916234595954 -1 1 2 1 0 0 2 1 2 2 2 0 1 1 2 1 2 0 0 0 0 1 2 2 1 2 2 2 2 2 2 -1 -2 -1 0 0 -2 -1 -2 -2 -2 0 -1 -1 -2 -1 -2 0 0 0 0 -1 -2 -2 -1 -2 -2 -2 -2 -2 -2
0.197851960806453 -1.93094451105884 0.116707244266951 0.639448046972574 -0.636660229786916 1 2 2 1 1 1 2 0 1 1 1 1 1 0 2 1 2 1 0 0 1 1 1 2 1 0 0 0 2 0 2 2 2 1 1 1 2 0 1 1 1 1 1 0 2 1 2 1 0 0 1 1 1 2 1 0 0 0 2 0 2
-0.878327957686733 0.0567159670870907 -0.748171432651183 0.119896100458601 -1.70474576578945 -1 2 2 0 0 1 0 0 0 2 2 1 2 1 2 1 1 2 0 1 0 1 0 1 0 0 1 1 2 0 1 -2 -2 0 0 -1 0 0 0 -2 -2 -1 -2 -1 -2 -1 -1 -2 0 -1 0 -1 0 -1 0 0 -1 -1 -2 0 -1
1.96135973530981 0.352529590570231 0.798241506525502 -0.305443326492043 0.773858003466116 -1 2 2 1 2 1 0 0 0 2 2 2 2 1 2 1 2 0 2 1 1 1 1 2 1 1 1 0 2 0 2 -2 -2 -1 -2 -1 0 0 0 -2 -2 -2 -2 -1 -2 -1 -2 0 -2 -1 -1 -1 -1 -2 -1 -1 -1 0 -2 0 -2
-0.298664139690179 0.128439046093756 -1.23164254063189 0.318556690641908 1.41697462013138 -1 2 2 0 0 1 2 0 0 2 2 2 2 1 2 1 2 0 0 1 1 1 2 2 0 2 2 2 2 0 2 -2 -2 0 0 -1 -2 0 0 -2 -2 -2 -2 -1 -2 -1 -2 0 0 -1 -1 -1 -2 -2 0 -2 -2 -2 -2 0 -2
1.36016865201505 1.18032255507318 -0.258511641345314 0.225096570637742 -0.833649582677289 -1 2 2 2 1 2 2 1 1 2 2 2 2 1 2 1 2 0 1 2 1 1 2 2 1 1 0 0 2 0 2 -2 -2 -2 -1 -2 -2 -1 -1 -2 -2 -2 -2 -1 -2 -1 -2 0 -1 -2 -1 -1 -2 -2 -1 -1 0 0 -2 0 -2
1.53241470635655 0.394953601745999 -0.979558903613184 0.484766603681253 -0.222920438848683 -1 2 2 2 1 2 0 0 0 1 1 1 1 2 2 1 1 1 1 1 2 2 2 2 1 0 0 0 0 0 1 -2 -2 -2 -1 -2 0 0 0 -1 -1 -1 -1 -2 -2 -1 -1 -1 -1 -1 -2 -2 -2 -2 -1 0 0 0 0 0 -1
0.752552341514228 -0.886636933790237 0.625955124781709 -0.844525285474671 -2.35581096349103 -1 2 2 2 1 1 0 0 0 1 2 1 1 2 2 0 1 0 0 0 1 1 2 2 0 1 2 1 2 1 2 -2 -2 -2 -1 -1 0 0 0 -1 -2 -1 -1 -2 -2 0 -1 0 0 0 -1 -1 -2 -2 0 -1 -2 -1 -2 -1 -2
-0.333483097250017 0.544605641419221 -0.366330172595665 1.48360141203631 0.212162241797657 1 2 2 0 1 1 2 0 2 2 1 0 1 1 2 1 2 1 1 1 0 1 2 1 0 1 1 1 2 1 2 2 2 0 1 1 2 0 2 2 1 0 1 1 2 1 2 1 1 1 0 1 2 1 0 1 1 1 2 1 2
-0.0323043041192612 0.613846078591423 -0.212883321413943 -0.33555393643749 1.11637655214479 -1 1 1 2 0 1 2 0 1 1 1 1 1 1 2 1 1 0 0 1 2 1 1 2 0 2 1 1 2 0 2 -1 -1 -2 0 -1 -2 0 -1 -1 -1 -1 -1 -1 -2 -1 -1 0 0 -1 -2 -1 -1 -2 0 -2 -1 -1 -2 0 -2
1.35183178542089 0.449090912046938 -0.242119751494609 3.23984178039531 1.08829569641685 1 2 2 1 1 0 0 0 0 2 2 1 1 0 2 1 1 1 0 1 0 0 1 2 1 0 0 1 1 0 2 2 2 1 1 0 0 0 0 2 2 1 1 0 2 1 1 1 0 1 0 0 1 2 1 0 0 1 1 0 2
0.125797752707754 -0.0775160425814521 0.624737188238109 -0.494151778343079 -0.340754677919579 1 2 2 1 1 1 2 2 2 2 1 0 2 1 2 2 2 1 1 0 0 1 1 2 1 0 2 2 2 0 2 2 2 1 1 1 2 2 2 2 1 0 2 1 2 2 2 1 1 0 0 1 1 2 1 0 2 2 2 0 2
2.35676730037285 -1.29119782079168 0.571818413402506 1.00611963932123 1.6196011773979 1 2 2 2 0 1 1 0 0 1 2 1 1 0 1 1 2 0 1 1 0 1 2 2 1 0 1 1 2 0 2 2 2 2 0 1 1 0 0 1 2 1 1 0 1 1 2 0 1 1 0 1 2 2 1 0 1 1 2 0 2
-1.26268835665898 -0.115413472300026 -1.00851318719747 0.280122700948747 1.22699348472542 -1 2 2 1 0 0 1 0 0 2 2 0 1 1 2 1 1 0 0 0 1 2 2 2 2 2 0 1 2 0 1 -2 -2 -1 0 0 -1 0 0 -2 -2 0 -1 -1 -2 -1 -1 0 0 0 -1 -2 -2 -2 -2 -2 0 -1 -2 0 -1
-0.385679639705213 1.41521308516075 1.17300217887543 -1.68073170484925 -1.3440789056995 -1 2 2 1 0 1 2 0 0 2 2 1 2 0 1 1 1 0 0 1 0 1 1 2 2 0 0 1 2 0 1 -2 -2 -1 0 -1 -2 0 0 -2 -2 -1 -2 0 -1 -1 -1 0 0 -1 0 -1 -1 -2 -2 0 0 -1 -2 0 -1
1.18602818749626 -0.634474407726014 -0.844840971672674 0.0462999139341718 -0.828173532915611 -1 2 2 1 1 0 1 0 1 2 2 1 2 1 1 1 2 1 0 0 1 1 1 2 1 2 0 2 2 0 2 -2 -2 -1 -1 0 -1 0 -1 -2 -2 -1 -2 -1 -1 -1 -2 -1 0 0 -1 -1 -1 -2 -1 -2 0 -2 -2 0 -2
0.922073380296946 -0.491982136645273 -1.66863158165276 1.20710875737671 0.733794511645739 1 2 2 1 0 1 1 0 0 1 2 0 2 2 1 0 2 1 0 2 2 2 2 2 1 2 2 2 2 0 2 2 2 1 0 1 1 0 0 1 2 0 2 2 1 0 2 1 0 2 2 2 2 2 1 2 2 2 2 0 2
-1.56848436926435 2.47002862577709 1.02076028614428 -2.16313366426029 -1.58134765711995 -1 2 2 1 0 1 1 0 0 1 0 0 1 0 1 0 2 0 0 1 2 2 2 2 2 1 2 2 2 1 2 -2 -2 -1 0 -1 -1 0 0 -1 0 0 -1 0 -1 0 -2 0 0 -1 -2 -2 -2 -2 -2 -1 -2 -2 -2 -1 -2
0.641712300085532 -1.81243672916146 -1.18032058050761 -0.121574958570042 -0.776500552521656 1 2 2 2 1 0 1 0 0 2 1 0 2 0 2 2 2 2 0 2 2 2 2 2 2 1 1 1 2 0 2 2 2 2 1 0 1 0 0 2 1 0 2 0 2 2 2 2 0 2 2 2 2 2 2 1 1 1 2 0 2
-0.0649908721767036 0.756006855123033 1.91194096187533 0.859435525543425 0.150911031830084 1 2 2 2 1 1 1 1 0 1 2 2 1 0 1 0 1 0 0 1 2 2 2 1 0 0 1 1 2 0 2 2 2 2 1 1 1 1 0 1 2 2 1 0 1 0 1 0 0 1 2 2 2 1 0 0 1 1 2 0 2
-0.25370500378916 -0.896365317580534 1.79003431840941 -0.808809197076866 -0.23125676023033 1 2 2 1 1 1 1 0 0 2 2 1 1 1 2 0 1 1 0 0 0 1 1 1 0 0 0 0 2 0 1 2 2 1 1 1 1 0 0 2 2 1 1 1 2 0 1 1 0 0 0 1 1 1 0 0 0 0 2 0 1
1.72424630784088 -1.87950473498533 0.034069653654542 0.1045288458031 0.405647559833119 -1 1 2 0 0 2 1 1 1 2 1 0 1 0 1 1 1 0 0 2 2 2 2 1 0 2 0 2 2 0 2 -1 -2 0 0 -2 -1 -1 -1 -2 -1 0 -1 0 -1 -1 -1 0 0 -2 -2 -2 -2 -1 0 -2 0 -2 -2 0 -2
-0.892515155652234 0.690415771398055 1.08825315855219 0.4825049922008 0.103207544198166 1 2 2 1 0 0 0 0 1 1 1 1 1 0 2 1 2 0 0 1 2 0 1 2 0 0 0 0 2 0 2 2 2 1 0 0 0 0 1 1 1 1 1 0 2 1 2 0 0 1 2 0 1 2 0 0 0 0 2 0 2
0.702081742636164 -2.46362051042421 0.31533462881835 0.309912288328884 1.6025664942383 -1 2 2 1 1 0 0 0 1 1 2 1 2 1 1 1 1 0 0 0 1 2 2 2 2 0 1 1 2 0 2 -2 -2 -1 -1 0 0 0 -1 -1 -2 -1 -2 -1 -1 -1 -1 0 0 0 -1 -2 -2 -2 -2 0 -1 -1 -2 0 -2
0.274456757364747 0.171676636215286 -0.217151954752901 0.109469493702933 0.674924777234049 -1 2 2 1 0 2 1 1 1 2 2 0 2 2 2 0 1 1 0 1 0 1 1 2 0 1 1 1 1 0 2 -2 -2 -1 0 -2 -1 -1 -1 -2 -2 0 -2 -2 -2 0 -1 -1 0 -1 0 -1 -1 -2 0 -1 -1 -1 -1 0 -2
0.822593681965223 0.473864116323614 -1.33547434665943 0.539975313277278 -0.330517830028144 -1 1 2 1 1 1 1 0 0 2 1 1 1 1 2 1 2 1 1 1 1 2 2 2 0 0 0 0 2 0 1 -1 -2 -1 -1 -1 -1 0 0 -2 -1 -1 -1 -1 -2 -1 -2 -1 -1 -1 -1 -2 -2 -2 0 0 0 0 -2 0 -1
-0.806332179104835 -0.838973610368091 -0.287420271542056 -0.552466527235261 0.379476144846545 1 2 2 1 1 0 1 0 0 2 0 0 2 2 2 0 0 0 0 2 2 1 2 1 0 0 1 1 2 0 2 2 2 1 1 0 1 0 0 2 0 0 2 2 2 0 0 0 0 2 2 1 2 1 0 0 1 1 2 0 2
0.272402733436983 1.09603980459539 0.571203419623043 -0.513152794711131 1.25057514258793 1 2 2 1 0 1 1 1 1 2 2 2 2 2 2 2 2 2 1 1 1 1 2 2 2 1 0 1 2 0 1 2 2 1 0 1 1 1 1 2 2 2 2 2 2 2 2 2 1 1 1 1 2 2 2 1 0 1 2 0 1
1.50209993229423 -0.581596725432505 -0.5894623545523 0.0795611598881028 0.257153502321139 1 2 2 1 0 0 1 1 2 2 2 2 2 1 2 1 2 0 1 2 1 2 2 1 0 1 1 1 2 0 2 2 2 1 0 0 1 1 2 2 2 2 2 1 2 1 2 0 1 2 1 2 2 1 0 1 1 1 2 0 2
0.636116907025701 0.18904839621018 0.835406530379152 0.49090543017067 0.569579689000395 1 2 2 1 0 1 1 0 1 2 1 1 2 0 2 0 1 0 0 1 1 2 2 2 0 0 0 0 2 0 2 2 2 1 0 1 1 0 1 2 1 1 2 0 2 0 1 0 0 1 1 2 2 2 0 0 0 0 2 0 2
-0.904120193168895 -0.232202204433972 0.662397746242952 1.34129695995769 -2.09478983626273 1 2 2 1 1 0 0 0 1 1 2 1 2 1 2 1 1 0 0 1 1 1 2 2 2 0 1 1 2 0 1 2 2 1 1 0 0 0 1 1 2 1 2 1 2 1 1 0 0 1 1 1 2 2 2 0 1 1 2 0 1
0.418378646563879 0.702122382642152 0.0126886731422461 1.01435035590635 -0.0546783397974734 -1 1 2 1 0 0 2 1 2 1 2 1 2 1 1 1 2 1 0 1 1 1 2 1 1 0 1 2 2 0 2 -1 -2 -1 0 0 -2 -1 -2 -1 -2 -1 -2 -1 -1 -1 -2 -1 0 -1 -1 -1 -2 -1 -1 0 -1 -2 -2 0 -2
-0.267227800246604 -0.968918280424859 -1.0253958398898 0.452673718050542 -0.46466787605619 -1 2 2 1 0 0 1 1 2 2 1 1 2 1 1 1 1 1 1 1 1 0 1 2 2 2 2 2 2 1 2 -2 -2 -1 0 0 -1 -1 -2 -2 -1 -1 -2 -1 -1 -1 -1 -1 -1 -1 -1 0 -1 -2 -2 -2 -2 -2 -2 -1 -2
-0.876563924979924 -0.150055112725654 -1.95928819724833 -0.534567754602377 -0.662503534900426 1 2 2 2 0 2 2 1 1 1 1 0 0 0 0 0 0 0 0 1 1 0 2 2 1 0 1 2 2 0 2 2 2 2 0 2 2 1 1 1 1 0 0 0 0 0 0 0 0 1 1 0 2 2 1 0 1 2 2 0 2
0.648270657821263 1.77139766858073 -0.927102904208406 -0.371375722571403 1.71429743224486 -1 2 2 2 2 0 1 0 0 2 2 1 2 2 2 0 1 0 0 1 2 1 2 1 1 2 2 1 2 0 2 -2 -2 -2 -2 0 -1 0 0 -2 -2 -1 -2 -2 -2 0 -1 0 0 -1 -2 -1 -2 -1 -1 -2 -2 -1 -2 0 -2
1.36746596886377 -1.65946756828502 -1.07766174823012 0.103567302518076 0.917015499906297 -1 2 2 0 0 1 1 0 1 1 2 1 1 1 1 1 2 1 1 2 2 2 2 2 0 2 2 2 2 0 2 -2 -2 0 0 -1 -1 0 -1 -1 -2 -1 -1 -1 -1 -1 -2 -1 -1 -2 -2 -2 -2 -2 0 -2 -2 -2 -2 0 -2
1.61321601943127 -0.246033579939356 0.398213292267366 0.93288799887538 0.12205787779666 1 2 2 1 1 1 1 0 1 2 2 1 2 1 2 1 1 0 0 2 2 2 2 2 0 2 2 2 2 0 2 2 2 1 1 1 1 0 1 2 2 1 2 1 2 1 1 0 0 2 2 2 2 2 0 2 2 2 2 0 2
0.424585483112992 0.147802466195227 -0.293537540534259 -0.841534082936536 0.0862147207354839 1 2 2 1 0 1 1 0 1 1 2 1 1 0 2 0 1 0 0 0 0 0 0 2 0 1 1 1 2 0 2 2 2 1 0 1 1 0 1 1 2 1 1 0 2 0 1 0 0 0 0 0 0 2 0 1 1 1 2 0 2
1.02948674613338 -0.381233990550992 -0.247787161469601 0.958833042661691 2.34567554146345 -1 2 2 0 0 1 1 1 1 2 2 0 1 0 1 1 1 0 0 2 2 2 1 2 1 2 2 2 2 0 1 -2 -2 0 0 -1 -1 -1 -1 -2 -2 0 -1 0 -1 -1 -1 0 0 -2 -2 -2 -1 -2 -1 -2 -2 -2 -2 0 -1
-0.647826049481859 -0.297850511145125 0.0555196937658171 -0.869811720416522 0.287854324180526 -1 2 1 0 0 1 2 1 1 2 0 0 1 0 2 1 0 0 0 1 1 2 2 1 0 0 0 0 1 0 2 -2 -1 0 0 -1 -2 -1 -1 -2 0 0 -1 0 -2 -1 0 0 0 -1 -1 -2 -2 -1 0 0 0 0 -1 0 -2
-1.58262497616747 -0.14356984419883 0.448429439465769 0.555007467710897 -0.157453343534705 1 1 2 0 0 0 1 0 0 0 1 1 2 0 1 0 0 0 0 1 1 2 1 1 1 1 1 2 2 0 1 1 2 0 0 0 1 0 0 0 1 1 2 0 1 0 0 0 0 1 1 2 1 1 1 1 1 2 2 0 1
-0.647433494667003 -0.874348601308932 -0.871519567389901 -0.108762280601419 -2.48435554380119 -1 1 1 1 1 0 2 2 1 2 1 1 1 1 2 0 1 0 0 0 1 1 2 1 0 1 1 1 2 0 2 -1 -1 -1 -1 0 -2 -2 -1 -2 -1 -1 -1 -1 -2 0 -1 0 0 0 -1 -1 -2 -1 0 -1 -1 -1 -2 0 -2
1.58283471079122 -0.194719461762023 -0.368059400964315 0.654683670590237 -0.735642856966767 1 1 1 1 0 0 0 0 0 2 2 2 2 1 1 2 2 2 1 2 2 2 2 2 1 2 2 1 2 0 1 1 1 1 0 0 0 0 0 2 2 2 2 1 1 2 2 2 1 2 2 2 2 2 1 2 2 1 2 0 1
0.803503077092144 -0.652938421153155 1.93403935044971 0.2101661650388 1.21419196897996 1 2 2 1 0 1 2 0 0 1 1 0 1 0 0 1 1 1 1 1 0 1 2 2 1 1 1 1 2 0 1 2 2 1 0 1 2 0 0 1 1 0 1 0 0 1 1 1 1 1 0 1 2 2 1 1 1 1 2 0 1
0.320612891082035 0.371516847583619 1.84077592984698 -0.331394196911424 0.721110899465694 1 2 2 1 0 0 2 0 0 2 2 1 1 1 1 2 2 0 0 2 1 1 1 2 0 2 1 1 2 0 2 2 2 1 0 0 2 0 0 2 2 1 1 1 1 2 2 0 0 2 1 1 1 2 0 2 1 1 2 0 2
1.34749150081904 0.808363632184026 0.678075213921339 -0.206083879766876 0.0533686312564634 -1 2 2 0 2 2 1 0 1 2 2 2 2 1 1 0 1 1 1 1 1 1 2 1 0 2 1 1 2 0 2 -2 -2 0 -2 -2 -1 0 -1 -2 -2 -2 -2 -1 -1 0 -1 -1 -1 -1 -1 -1 -2 -1 0 -2 -1 -1 -2 0 -2
-0.524105926867312 -1.48214378088165 1.19611424979081 0.260643522674076 -0.581093957221573 1 2 2 2 1 0 1 1 0 2 2 0 2 0 2 1 2 0 0 2 1 0 1 1 0 2 2 0 2 0 1 2 2 2 1 0 1 1 0 2 2 0 2 0 2 1 2 0 0 2 1 0 1 1 0 2 2 0 2 0 1
-1.97393029084321 -1.42239565002096 -0.328957569126723 1.58311505432415 1.77787944661854 -1 2 2 1 1 1 2 1 1 2 2 1 1 1 2 0 1 1 0 2 2 2 2 2 1 2 2 2 2 0 1 -2 -2 -1 -1 -1 -2 -1 -1 -2 -2 -1 -1 -1 -2 0 -1 -1 0 -2 -2 -2 -2 -2 -1 -2 -2 -2 -2 0 -1
0.604720728011395 0.932129104736181 -0.996883017857498 -0.0402795878795179 1.9077091081018 1 2 2 0 0 1 2 1 1 2 1 1 2 2 1 2 2 1 0 2 2 2 2 2 1 0 0 0 2 0 1 2 2 0 0 1 2 1 1 2 1 1 2 2 1 2 2 1 0 2 2 2 2 2 1 0 0 0 2 0 1
0.15508287135329 -0.354668370845316 1.30703779818732 -0.767156433991267 0.670013809132448 -1 2 2 0 0 1 1 0 1 1 2 1 2 0 1 1 2 0 0 2 1 2 2 2 1 1 0 2 2 1 2 -2 -2 0 0 -1 -1 0 -1 -1 -2 -1 -2 0 -1 -1 -2 0 0 -2 -1 -2 -2 -2 -1 -1 0 -2 -2 -1 -2
2.79959753604356 0.721660606461142 1.18125094711846 -0.899521100868633 -0.359726705264067 -1 2 2 1 0 0 1 1 0 2 2 1 2 1 1 0 2 1 0 2 1 1 2 2 0 1 2 1 2 0 2 -2 -2 -1 0 0 -1 -1 0 -2 -2 -1 -2 -1 -1 0 -2 -1 0 -2 -1 -1 -2 -2 0 -1 -2 -1 -2 0 -2
0.627999410854991 0.221142922498687 -1.48970326640493 -1.36071220044002 -0.628712783559905 1 2 2 1 0 1 2 1 1 2 2 2 2 1 2 1 2 2 1 0 0 1 1 2 2 1 2 1 2 0 1 2 2 1 0 1 2 1 1 2 2 2 2 1 2 1 2 2 1 0 0 1 1 2 2 1 2 1 2 0 1
0.841105117281079 -1.29001474463892 1.65483816860562 0.436236178264035 0.668635664589654 1 2 2 2 2 0 1 0 0 2 2 2 2 1 2 1 2 0 0 0 1 2 2 1 0 1 0 0 2 0 2 2 2 2 2 0 1 0 0 2 2 2 2 1 2 1 2 0 0 0 1 2 2 1 0 1 0 0 2 0 2
-1.09953295111049 1.2950282789352 -0.22890818183437 1.67738614484607 0.177248792586539 1 2 2 1 0 2 1 1 0 1 2 1 2 2 2 1 2 1 0 0 2 1 2 1 0 2 1 1 2 1 2 2 2 1 0 2 1 1 0 1 2 1 2 2 2 1 2 1 0 0 2 1 2 1 0 2 1 1 2 1 2
-0.854956120782327 -0.775941747806439 -0.293927450101485 -0.961258347458881 0.697083323302445 -1 2 2 2 1 1 2 0 0 1 1 0 1 0 1 1 1 0 1 0 0 0 0 2 0 1 2 2 2 0 2 -2 -2 -2 -1 -1 -2 0 0 -1 -1 0 -1 0 -1 -1 -1 0 -1 0 0 0 0 -2 0 -1 -2 -2 -2 0 -2
-0.8801054101389 -0.984453899595376 0.0812766836460112 0.369364306886164 0.241276543554173 -1 2 2 0 0 1 0 0 0 2 2 0 1 0 1 1 1 0 0 1 2 2 2 2 1 1 2 1 2 0 2 -2 -2 0 0 -1 0 0 0 -2 -2 0 -1 0 -1 -1 -1 0 0 -1 -2 -2 -2 -2 -1 -1 -2 -1 -2 0 -2
-0.799380507895124 0.213080989272896 0.397289996139787 -1.34993036344933 0.0772471510345087 -1 2 2 1 0 2 2 0 1 2 2 2 2 1 2 0 2 0 1 2 1 2 2 2 1 1 2 1 2 0 2 -2 -2 -1 0 -2 -2 0 -1 -2 -2 -2 -2 -1 -2 0 -2 0 -1 -2 -1 -2 -2 -2 -1 -1 -2 -1 -2 0 -2
2.22130640734279 1.58207429666533 -0.668163418969363 0.268886821879274 0.389230026408816 -1 2 2 0 0 0 1 0 0 1 1 0 1 0 1 1 2 1 0 0 0 2 2 2 2 1 1 0 2 0 2 -2 -2 0 0 0 -1 0 0 -1 -1 0 -1 0 -1 -1 -2 -1 0 0 0 -2 -2 -2 -2 -1 -1 0 -2 0 -2
-0.680232393973843 -0.161807438857823 2.27862756109414 -0.932128191117437 -0.553882159293315 1 2 2 2 1 0 1 0 0 1 0 0 1 0 2 1 1 1 0 1 0 0 1 2 0 0 0 0 2 0 2 2 2 2 1 0 1 0 0 1 0 0 1 0 2 1 1 1 0 1 0 0 1 2 0 0 0 0 2 0 2
1.68581805733913 0.476940991805014 -0.482930689490354 0.0479982764018559 1.13391895020556 -1 2 2 2 2 1 1 0 1 2 1 1 1 1 1 1 2 1 0 2 2 2 2 2 1 2 1 1 2 0 2 -2 -2 -2 -2 -1 -1 0 -1 -2 -1 -1 -1 -1 -1 -1 -2 -1 0 -2 -2 -2 -2 -2 -1 -2 -1 -1 -2 0 -2
0.112598470072146 -0.0478771811846625 -0.958606860775117 1.00825799391757 -1.04175591410959 -1 2 2 1 0 1 2 1 0 2 2 2 2 2 2 1 2 1 1 1 1 1 2 2 1 1 2 1 2 1 2 -2 -2 -1 0 -1 -2 -1 0 -2 -2 -2 -2 -2 -2 -1 -2 -1 -1 -1 -1 -1 -2 -2 -1 -1 -2 -1 -2 -1 -2
-0.562584998898746 -1.03592857622125 0.135234356480178 -1.00985208467117 -0.123559540071433 1 1 1 1 0 1 1 0 0 1 1 0 2 1 1 0 1 0 0 1 0 1 2 2 1 1 1 1 2 0 1 1 1 1 0 1 1 0 0 1 1 0 2 1 1 0 1 0 0 1 0 1 2 2 1 1 1 1 2 0 1
0.0132589162203244 -1.59320496085412 0.0385800059252032 1.40866409644157 -0.558136727045382 -1 1 2 0 0 0 0 0 0 2 2 1 2 1 1 0 2 0 0 1 1 2 2 2 2 1 2 1 2 0 2 -1 -2 0 0 0 0 0 0 -2 -2 -1 -2 -1 -1 0 -2 0 0 -1 -1 -2 -2 -2 -2 -1 -2 -1 -2 0 -2
-1.3594782914924 0.0227587770881276 0.537243227548664 1.03925746431439 -1.10898606873829 1 1 2 1 0 1 0 0 1 2 2 0 2 2 2 2 2 0 0 1 0 1 0 1 1 1 0 0 2 0 2 1 2 1 0 1 0 0 1 2 2 0 2 2 2 2 2 0 0 1 0 1 0 1 1 1 0 0 2 0 2
-0.0161757084500446 0.58720337664911 0.168900713374615 -0.55595102916474 0.206741086617757 -1 2 2 1 1 1 1 0 1 2 2 2 2 1 2 1 2 1 0 2 0 0 2 2 1 0 1 0 2 0 2 -2 -2 -1 -1 -1 -1 0 -1 -2 -2 -2 -2 -1 -2 -1 -2 -1 0 -2 0 0 -2 -2 -1 0 -1 0 -2 0 -2
-1.06970928592926 -0.938582942480077 0.814260627965819 -0.187387248324289 0.940855274680423 -1 2 2 2 1 2 2 0 0 1 1 0 1 0 1 0 1 0 0 0 0 0 2 2 1 1 1 1 2 0 2 -2 -2 -2 -1 -2 -2 0 0 -1 -1 0 -1 0 -1 0 -1 0 0 0 0 0 -2 -2 -1 -1 -1 -1 -2 0 -2
-1.03862757315856 0.827032624278118 2.33611368235972 1.04931685131231 0.673760236816439 -1 2 2 1 0 2 2 1 1 2 1 0 1 1 0 0 1 0 0 1 1 1 1 2 2 1 1 0 2 0 2 -2 -2 -1 0 -2 -2 -1 -1 -2 -1 0 -1 -1 0 0 -1 0 0 -1 -1 -1 -1 -2 -2 -1 -1 0 -2 0 -2
-0.38975993012742 0.974352153634756 1.09668584331403 0.585515124905924 -1.14489268398122 1 2 2 1 0 1 0 0 0 1 2 1 1 1 1 1 1 2 0 2 1 1 2 2 0 0 1 0 2 0 2 2 2 1 0 1 0 0 0 1 2 1 1 1 1 1 1 2 0 2 1 1 2 2 0 0 1 0 2 0 2
1.586689779365 -1.39929288108901 0.361790898335197 0.870260297223776 0.836784359232199 1 1 1 0 0 1 1 0 0 2 1 1 2 0 2 1 2 1 0 0 1 0 1 2 0 0 1 1 2 0 2 1 1 0 0 1 1 0 0 2 1 1 2 0 2 1 2 1 0 0 1 0 1 2 0 0 1 1 2 0 2
0.0897598527374072 -0.0275554765187143 -0.403197201852803 -0.209966181536478 0.25299032645308 -1 2 2 2 0 1 2 0 0 2 2 1 1 0 2 1 1 0 0 2 1 1 1 1 1 0 1 1 2 0 2 -2 -2 -2 0 -1 -2 0 0 -2 -2 -1 -1 0 -2 -1 -1 0 0 -2 -1 -1 -1 -1 -1 0 -1 -1 -2 0 -2
-1.51784937027744 0.535402060707731 0.28896403026573 -2.4748214952326 -1.77854686462354 1 1 2 0 0 1 2 0 1 1 2 1 1 1 2 1 1 0 1 1 1 2 2 2 2 0 1 1 2 0 2 1 2 0 0 1 2 0 1 1 2 1 1 1 2 1 1 0 1 1 1 2 2 2 2 0 1 1 2 0 2
0.0883655822169574 -1.90927907777449 1.93386282348072 0.604496021073127 0.816541929906037 1 1 1 1 0 0 1 0 1 2 1 1 2 2 2 1 2 0 0 2 2 2 2 2 2 0 1 0 2 0 2 1 1 1 0 0 1 0 1 2 1 1 2 2 2 1 2 0 0 2 2 2 2 2 2 0 1 0 2 0 2
-1.45020956787311 -1.15162290985235 -1.74010217884925 1.29549216576695 0.114715220028555 1 2 2 2 0 0 1 0 0 2 2 1 2 0 1 0 2 0 0 2 1 1 2 2 1 1 0 1 2 0 2 2 2 2 0 0 1 0 0 2 2 1 2 0 1 0 2 0 0 2 1 1 2 2 1 1 0 1 2 0 2
0.647080571701359 -0.74530669337813 0.713224871891027 0.477128956793166 0.614316765981462 -1 2 2 1 0 0 1 1 2 2 2 1 2 0 0 0 1 0 0 2 1 2 2 2 0 2 2 2 2 0 1 -2 -2 -1 0 0 -1 -1 -2 -2 -2 -1 -2 0 0 0 -1 0 0 -2 -1 -2 -2 -2 0 -2 -2 -2 -2 0 -1
-0.753496366982621 -0.626215623646624 -0.226183348796004 0.52436114535045 0.381264160143086 -1 2 2 2 1 0 1 0 1 1 2 1 1 0 1 1 1 1 0 1 2 1 2 1 1 0 1 0 2 0 1 -2 -2 -2 -1 0 -1 0 -1 -1 -2 -1 -1 0 -1 -1 -1 -1 0 -1 -2 -1 -2 -1 -1 0 -1 0 -2 0 -1
1.0279940793532 2.23858762166886 0.690354535529685 0.553811563260743 0.458925518467466 1 1 2 1 0 2 1 0 0 1 0 0 1 1 1 0 1 0 0 1 1 2 2 2 0 2 2 2 2 0 2 1 2 1 0 2 1 0 0 1 0 0 1 1 1 0 1 0 0 1 1 2 2 2 0 2 2 2 2 0 2
-0.0222225051191767 -0.189708327424565 -0.430163353672954 -0.668250780041077 0.566813961177821 -1 2 2 1 0 1 1 1 2 2 1 1 2 1 2 1 2 0 0 1 0 2 2 2 1 2 2 1 2 0 2 -2 -2 -1 0 -1 -1 -1 -2 -2 -1 -1 -2 -1 -2 -1 -2 0 0 -1 0 -2 -2 -2 -1 -2 -2 -1 -2 0 -2
1.07979394660314 1.57530972679032 0.585684138495101 0.706682175774976 0.269546853021954 -1 2 2 0 0 2 1 0 0 2 2 2 2 1 2 1 1 0 1 0 0 0 2 2 1 2 2 2 2 0 1 -2 -2 0 0 -2 -1 0 0 -2 -2 -2 -2 -1 -2 -1 -1 0 -1 0 0 0 -2 -2 -1 -2 -2 -2 -2 0 -1
-0.575719772497742 -0.637492129649865 -0.243079475348321 -0.518232501834254 0.96078090255181 1 2 2 1 0 0 1 0 0 0 0 1 2 2 2 1 2 1 0 1 1 0 1 2 1 0 0 0 1 0 2 2 2 1 0 0 1 0 0 0 0 1 2 2 2 1 2 1 0 1 1 0 1 2 1 0 0 0 1 0 2
1.26264300300873 1.37424827949788 -0.428936000655397 -1.51893684813699 -0.129479147245726 -1 1 1 0 0 2 2 1 1 2 2 2 2 0 1 2 1 1 0 1 1 1 2 2 1 0 1 1 2 0 2 -1 -1 0 0 -2 -2 -1 -1 -2 -2 -2 -2 0 -1 -2 -1 -1 0 -1 -1 -1 -2 -2 -1 0 -1 -1 -2 0 -2
-0.680208916070334 0.0197864858679849 0.0959007856538703 -0.164412719656676 -1.64195791120626 -1 2 2 2 1 0 1 0 1 2 2 1 1 1 2 0 0 0 0 1 0 1 1 2 2 0 0 0 2 0 2 -2 -2 -2 -1 0 -1 0 -1 -2 -2 -1 -1 -1 -2 0 0 0 0 -1 0 -1 -1 -2 -2 0 0 0 -2 0 -2
-1.46039950099761 0.918441401588965 0.286305934646435 0.869688551692876 -0.809976777511823 1 2 2 1 0 0 1 0 1 2 2 1 1 2 2 1 1 1 0 0 0 1 1 1 1 1 1 2 2 0 2 2 2 1 0 0 1 0 1 2 2 1 1 2 2 1 1 1 0 0 0 1 1 1 1 1 1 2 2 0 2
0.287585934959893 -0.217696617916598 0.498288669622965 -1.05603151247749 -0.923919542788831 -1 1 2 1 0 1 1 0 0 2 2 0 2 1 2 0 1 0 0 2 2 2 2 2 2 1 2 0 2 0 2 -1 -2 -1 0 -1 -1 0 0 -2 -2 0 -2 -1 -2 0 -1 0 0 -2 -2 -2 -2 -2 -2 -1 -2 0 -2 0 -2
0.751195370762222 -0.0687556780405754 0.997346339309545 0.188204933201815 1.45405149052956 -1 2 2 1 0 2 1 0 0 2 2 1 2 1 1 0 1 1 0 0 0 1 2 2 2 1 1 1 2 0 1 -2 -2 -1 0 -2 -1 0 0 -2 -2 -1 -2 -1 -1 0 -1 -1 0 0 0 -1 -2 -2 -2 -1 -1 -1 -2 0 -1
0.0190621912947079 -1.26634054265057 1.41479176408751 -0.993763285518248 -0.340840298268239 -1 2 2 1 0 1 1 1 1 1 2 2 2 0 1 0 1 0 0 2 1 1 2 2 1 0 1 2 2 0 2 -2 -2 -1 0 -1 -1 -1 -1 -1 -2 -2 -2 0 -1 0 -1 0 0 -2 -1 -1 -2 -2 -1 0 -1 -2 -2 0 -2
-1.29412528309483 0.172963595574367 -0.116846966392375 0.217265160768328 1.87237199161487 -1 2 2 0 0 1 2 0 0 2 2 1 2 2 2 1 1 0 0 1 2 2 1 2 1 2 2 1 2 0 2 -2 -2 0 0 -1 -2 0 0 -2 -2 -1 -2 -2 -2 -1 -1 0 0 -1 -2 -2 -1 -2 -1 -2 -2 -1 -2 0 -2
0.649931423660837 -0.800765940568329 2.18612495802309 -0.486059043231934 -0.402472809378335 -1 2 2 0 0 1 2 1 0 2 2 0 1 0 1 0 0 0 1 1 1 1 2 2 0 2 2 2 2 0 1 -2 -2 0 0 -1 -2 -1 0 -2 -2 0 -1 0 -1 0 0 0 -1 -1 -1 -1 -2 -2 0 -2 -2 -2 -2 0 -1
-0.336288809833753 0.886648269603287 1.89570340110975 0.287498032078173 -0.89499852329784 -1 2 1 1 2 0 1 1 0 2 2 2 2 1 2 1 1 0 0 2 1 2 2 2 1 2 2 2 2 0 1 -2 -1 -1 -2 0 -1 -1 0 -2 -2 -2 -2 -1 -2 -1 -1 0 0 -2 -1 -2 -2 -2 -1 -2 -2 -2 -2 0 -1
0.598080451836562 -0.392605017482458 -1.26688863454797 0.0740050654782256 1.84310079356303 1 2 1 1 0 1 0 0 1 2 2 1 1 1 2 0 2 1 0 1 0 1 2 2 2 1 2 1 2 0 1 2 1 1 0 1 0 0 1 2 2 1 1 1 2 0 2 1 0 1 0 1 2 2 2 1 2 1 2 0 1
-0.0720122196135216 -0.314298252969167 -0.81049678351791 1.40904103540234 -0.14896071061143 -1 1 2 1 0 0 1 0 1 1 1 0 2 1 2 0 1 0 0 2 2 2 1 2 1 2 1 2 2 0 2 -1 -2 -1 0 0 -1 0 -1 -1 -1 0 -2 -1 -2 0 -1 0 0 -2 -2 -2 -1 -2 -1 -2 -1 -2 -2 0 -2
-0.855882987867396 -0.50637382797712 -0.381711693654695 -0.835926910984899 -0.00802691814126114 1 2 2 0 0 0 1 0 1 1 0 1 2 0 1 2 2 1 1 1 1 2 2 2 0 1 1 1 2 0 2 2 2 0 0 0 1 0 1 1 0 1 2 0 1 2 2 1 1 1 1 2 2 2 0 1 1 1 2 0 2
0.0584217491895854 -1.85852709627192 -0.603288872986144 -1.1188974723606 -0.756392378569908 1 2 2 2 0 0 0 0 0 2 2 0 2 1 2 1 1 0 0 0 2 2 2 2 2 1 1 1 2 0 1 2 2 2 0 0 0 0 0 2 2 0 2 1 2 1 1 0 0 0 2 2 2 2 2 1 1 1 2 0 1
2.04099983823998 -0.32171607239967 -0.0870755246374739 -0.279547557270993 1.77836811187699 1 2 2 1 0 1 1 0 1 2 2 1 1 0 2 2 1 1 0 1 0 0 1 2 0 1 0 0 2 0 1 2 2 1 0 1 1 0 1 2 2 1 1 0 2 2 1 1 0 1 0 0 1 2 0 1 0 0 2 0 1
0.593386986981698 -0.50145349198745 -0.232305368545737 -0.0936662230212702 0.291596391841236 1 1 1 0 0 1 2 0 1 2 2 2 2 2 2 0 1 0 0 1 1 2 2 2 2 2 1 2 2 0 2 1 1 0 0 1 2 0 1 2 2 2 2 2 2 0 1 0 0 1 1 2 2 2 2 2 1 2 2 0 2
-0.0377657625999709 -0.100592253368147 -2.47680760628566 0.757614206545398 -0.182652905179477 -1 2 2 2 1 1 1 0 1 1 1 1 1 1 2 1 2 0 0 2 1 2 2 2 0 2 1 1 2 0 1 -2 -2 -2 -1 -1 -1 0 -1 -1 -1 -1 -1 -1 -2 -1 -2 0 0 -2 -1 -2 -2 -2 0 -2 -1 -1 -2 0 -1
-1.26812732178127 0.156678281888435 0.6252651732661 -0.309039365347769 0.148323996858248 -1 1 2 1 0 0 1 0 1 2 2 2 2 1 1 1 2 0 0 1 1 1 1 1 0 1 0 1 2 0 2 -1 -2 -1 0 0 -1 0 -1 -2 -2 -2 -2 -1 -1 -1 -2 0 0 -1 -1 -1 -1 -1 0 -1 0 -1 -2 0 -2
-0.0937456803837309 -0.218541878305218 -0.339954559310014 0.846812864230924 1.85198230464838 -1 1 2 1 1 0 1 0 0 2 2 1 2 1 1 2 2 2 1 1 1 2 2 2 2 2 1 1 2 0 1 -1 -2 -1 -1 0 -1 0 0 -2 -2 -1 -2 -1 -1 -2 -2 -2 -1 -1 -1 -2 -2 -2 -2 -2 -1 -1 -2 0 -1
0.810773937704184 0.806746163441604 -1.39596483816739 -0.0392086669340163 0.336434028088213 1 2 2 2 0 0 2 0 0 2 1 0 0 0 0 0 2 1 0 1 0 1 1 2 1 2 2 1 2 0 2 2 2 2 0 0 2 0 0 2 1 0 0 0 0 0 2 1 0 1 0 1 1 2 1 2 2 1 2 0 2
-0.460868701097204 0.456034873734018 -0.928792142676778 0.201785907457984 0.329930350214986 -1 2 2 1 0 2 1 0 0 2 2 0 2 2 2 1 1 1 0 2 2 1 2 2 2 2 2 1 2 0 2 -2 -2 -1 0 -2 -1 0 0 -2 -2 0 -2 -2 -2 -1 -1 -1 0 -2 -2 -1 -2 -2 -2 -2 -2 -1 -2 0 -2
1.69850518319941 -0.136194936985219 -0.112255477484205 -0.397405632125937 0.171590419775905 1 1 1 1 0 0 2 0 0 1 1 0 0 0 1 1 1 0 0 1 0 0 1 1 1 1 1 1 2 0 2 1 1 1 0 0 2 0 0 1 1 0 0 0 1 1 1 0 0 1 0 0 1 1 1 1 1 1 2 0 2
