-1.02074842002684 -0.0413757270692506 0.637138529697896 1.10876053382393 0.649831178502156 -1 2 1 0 2 1 0 1 0 2 2 2 0 1 0 0 1 0 0 0 0 2 1 0 0 0 1 1 0 0 0 -2 -1 0 -2 -1 0 -1 0 -2 -2 -2 0 -1 0 0 -1 0 0 0 0 -2 -1 0 0 0 -1 -1 0 0 0
0.971448575609886 0.580463659614995 -0.446883467406477 -0.511283466537141 -1.0411755927646 -1 1 0 0 2 0 0 1 1 2 2 2 0 1 1 1 2 0 0 0 0 1 2 0 2 2 2 1 2 2 2 -1 0 0 -2 0 0 -1 -1 -2 -2 -2 0 -1 -1 -1 -2 0 0 0 0 -1 -2 0 -2 -2 -2 -1 -2 -2 -2
1.35832496437337 -1.14504362756323 0.498711977058482 -0.312136003233319 0.792220336103826 1 1 2 0 2 1 0 2 0 2 2 0 2 2 1 2 2 0 0 0 0 1 2 1 1 2 2 1 2 2 1 1 2 0 2 1 0 2 0 2 2 0 2 2 1 2 2 0 0 0 0 1 2 1 1 2 2 1 2 2 1
0.745914343666657 0.65201467722421 -0.729879387363496 -0.90072787662821 1.26139763945183 1 1 1 0 1 0 0 2 2 2 1 1 1 1 1 2 2 1 0 1 1 2 2 0 1 1 1 0 0 1 1 1 1 0 1 0 0 2 2 2 1 1 1 1 1 2 2 1 0 1 1 2 2 0 1 1 1 0 0 1 1
0.658243759016741 0.11175317678657 -0.918691861003978 -0.65281427289472 0.212718198560147 1 1 1 0 2 0 0 2 1 2 2 1 1 2 2 2 2 0 1 1 2 2 2 0 2 0 1 1 1 1 1 1 1 0 2 0 0 2 1 2 2 1 1 2 2 2 2 0 1 1 2 2 2 0 2 0 1 1 1 1 1
0.0385143822213087 0.695010078683402 -0.399032520750466 0.151941822823798 -0.2131882689849 -1 2 2 0 2 0 0 2 1 2 2 1 2 2 1 2 2 1 1 1 1 2 2 0 1 1 0 1 2 2 1 -2 -2 0 -2 0 0 -2 -1 -2 -2 -1 -2 -2 -1 -2 -2 -1 -1 -1 -1 -2 -2 0 -1 -1 0 -1 -2 -2 -1
-0.326067482555318 -0.341750800377604 -0.309169188453617 -0.983831611486513 0.409906667635525 -1 1 2 0 1 0 0 2 0 2 2 1 1 1 1 1 2 1 0 0 0 2 2 1 1 2 2 1 1 1 1 -1 -2 0 -1 0 0 -2 0 -2 -2 -1 -1 -1 -1 -1 -2 -1 0 0 0 -2 -2 -1 -1 -2 -2 -1 -1 -1 -1
0.74750316083075 0.57066167147863 0.232600597908687 -0.402262857475189 -1.13806589042715 -1 1 1 0 0 0 0 2 2 2 2 1 1 2 1 1 2 0 0 1 2 1 2 0 1 2 1 0 0 0 0 -1 -1 0 0 0 0 -2 -2 -2 -2 -1 -1 -2 -1 -1 -2 0 0 -1 -2 -1 -2 0 -1 -2 -1 0 0 0 0
0.0210023828021027 -0.735084451363987 0.154801994493181 0.955104151915222 0.792175740496544 1 2 1 0 2 0 1 2 1 2 2 1 0 1 0 2 1 0 0 0 1 2 1 0 2 2 2 0 1 2 2 2 1 0 2 0 1 2 1 2 2 1 0 1 0 2 1 0 0 0 1 2 1 0 2 2 2 0 1 2 2
0.200939724247762 -0.586489729482559 0.271267878149381 -0.619720589842391 0.97746903569243 1 1 1 0 2 0 0 1 0 2 2 1 0 2 2 2 2 1 0 1 1 2 1 0 1 0 1 0 0 1 0 1 1 0 2 0 0 1 0 2 2 1 0 2 2 2 2 1 0 1 1 2 1 0 1 0 1 0 0 1 0
1.99083467098936 0.00392768877496242 0.461548228482179 0.379250292431316 -0.223994951344332 -1 0 0 0 1 0 0 0 0 2 2 1 1 1 2 2 1 0 0 0 1 1 1 0 2 2 0 0 1 2 1 0 0 0 -1 0 0 0 0 -2 -2 -1 -1 -1 -2 -2 -1 0 0 0 -1 -1 -1 0 -2 -2 0 0 -1 -2 -1
0.832796349367288 -0.0175602848993306 0.193851416373907 1.88886248632488 3.00635745743509 1 2 1 0 2 0 0 1 0 2 2 2 2 2 1 2 1 0 0 0 0 2 2 0 1 2 1 0 0 2 1 2 1 0 2 0 0 1 0 2 2 2 2 2 1 2 1 0 0 0 0 2 2 0 1 2 1 0 0 2 1
-1.27095614584388 -2.08480321644523 -0.199070742461277 1.0375300045922 0.623474191221361 -1 0 1 0 2 0 0 2 0 2 2 0 2 2 1 2 1 0 0 0 0 2 2 0 2 2 2 1 2 2 1 0 -1 0 -2 0 0 -2 0 -2 -2 0 -2 -2 -1 -2 -1 0 0 0 0 -2 -2 0 -2 -2 -2 -1 -2 -2 -1
0.0371179963160635 -1.52826947459891 -0.66066923483569 0.0114041870235512 -0.951123993004116 -1 0 1 0 1 0 0 2 1 2 2 1 2 2 1 2 1 0 1 0 1 1 1 0 0 0 0 0 1 1 0 0 -1 0 -1 0 0 -2 -1 -2 -2 -1 -2 -2 -1 -2 -1 0 -1 0 -1 -1 -1 0 0 0 0 0 -1 -1 0
0.461248801718544 -0.166507173180806 -0.690086133470119 0.226931888505102 -0.466532025203085 1 1 1 0 1 0 0 0 0 1 1 1 2 1 1 1 0 0 0 0 1 1 2 0 1 1 1 2 2 1 2 1 1 0 1 0 0 0 0 1 1 1 2 1 1 1 0 0 0 0 1 1 2 0 1 1 1 2 2 1 2
-0.496992440556269 -0.552041739687449 0.406725549650633 -0.138641403788654 0.794800034927411 1 0 0 0 2 1 0 2 0 2 2 2 1 1 1 2 2 1 0 1 1 2 2 0 2 1 1 0 0 1 0 0 0 0 2 1 0 2 0 2 2 2 1 1 1 2 2 1 0 1 1 2 2 0 2 1 1 0 0 1 0
-0.0888302115255507 0.841087979919564 1.99319355042082 -0.190652563249625 2.10835334904205 1 0 0 0 1 0 0 1 0 2 2 0 2 1 0 1 1 0 0 0 1 1 2 0 1 1 2 2 2 2 2 0 0 0 1 0 0 1 0 2 2 0 2 1 0 1 1 0 0 0 1 1 2 0 1 1 2 2 2 2 2
-0.117192136873429 -1.53436247047204 0.520373263898254 0.0108951642554604 0.712189221082719 -1 1 0 0 2 0 0 1 0 1 1 1 2 2 1 1 2 1 0 0 1 2 2 1 1 2 2 2 2 2 2 -1 0 0 -2 0 0 -1 0 -1 -1 -1 -2 -2 -1 -1 -2 -1 0 0 -1 -2 -2 -1 -1 -2 -2 -2 -2 -2 -2
0.322462009107647 -1.34049951961936 -0.147690694392287 -1.11050892104866 0.946410392600631 1 2 1 0 2 0 0 0 0 2 2 1 2 2 2 2 2 0 0 0 0 1 2 0 2 2 2 1 2 2 0 2 1 0 2 0 0 0 0 2 2 1 2 2 2 2 2 0 0 0 0 1 2 0 2 2 2 1 2 2 0
-0.388314012464644 0.0622848981513914 0.695149690375171 -0.195071094783283 0.608052487955133 -1 1 2 0 2 1 1 1 0 2 2 1 2 1 2 0 1 0 0 0 0 0 1 0 1 2 2 1 2 1 1 -1 -2 0 -2 -1 -1 -1 0 -2 -2 -1 -2 -1 -2 0 -1 0 0 0 0 0 -1 0 -1 -2 -2 -1 -2 -1 -1
-0.32542086557829 0.428900981602824 0.0850607104813663 -1.24656555340584 -0.573019069343752 -1 2 2 1 2 0 0 2 0 2 2 2 0 2 1 2 1 1 1 1 1 2 1 0 1 1 2 0 1 0 1 -2 -2 -1 -2 0 0 -2 0 -2 -2 -2 0 -2 -1 -2 -1 -1 -1 -1 -1 -2 -1 0 -1 -1 -2 0 -1 0 -1
-1.18889140553277 1.9080140948421 1.62162236623725 0.968096169104329 1.19373017857984 -1 2 2 0 2 0 1 1 0 2 2 1 2 1 0 1 1 0 1 0 0 2 2 1 2 2 2 1 1 1 0 -2 -2 0 -2 0 -1 -1 0 -2 -2 -1 -2 -1 0 -1 -1 0 -1 0 0 -2 -2 -1 -2 -2 -2 -1 -1 -1 0
0.0618179066466097 0.904915569874732 0.697897492756167 -0.381932390128738 -0.195121965506349 1 2 2 0 2 0 0 1 1 1 1 0 1 1 2 2 2 1 2 0 2 2 2 1 0 1 0 0 0 1 0 2 2 0 2 0 0 1 1 1 1 0 1 1 2 2 2 1 2 0 2 2 2 1 0 1 0 0 0 1 0
0.803843015570486 0.338841473084304 0.818136329486955 0.899273584398318 0.484441141498119 -1 2 2 0 1 0 0 1 0 1 2 1 1 2 1 2 2 1 1 0 1 2 2 0 0 0 2 0 1 2 1 -2 -2 0 -1 0 0 -1 0 -1 -2 -1 -1 -2 -1 -2 -2 -1 -1 0 -1 -2 -2 0 0 0 -2 0 -1 -2 -1
-0.234393287262074 0.677883868937423 -0.0109260448531024 1.67134963635989 -0.781510886594615 -1 2 2 0 1 0 0 1 0 2 2 2 1 1 2 2 2 1 0 0 1 2 2 2 2 1 2 1 2 2 0 -2 -2 0 -1 0 0 -1 0 -2 -2 -2 -1 -1 -2 -2 -2 -1 0 0 -1 -2 -2 -2 -2 -1 -2 -1 -2 -2 0
-0.93623795627141 0.216606303850952 0.574049685240397 -0.353506760900178 0.711973229848598 -1 2 2 0 2 0 0 2 1 2 2 0 0 1 1 1 1 1 1 0 1 2 2 0 0 1 0 0 0 0 1 -2 -2 0 -2 0 0 -2 -1 -2 -2 0 0 -1 -1 -1 -1 -1 -1 0 -1 -2 -2 0 0 -1 0 0 0 0 -1
0.65237922188264 1.31393685186001 1.55167323410626 1.19972019692843 -0.00743938512722572 -1 0 1 0 2 0 0 1 2 2 1 1 2 2 2 2 2 1 1 1 2 2 2 1 1 1 0 0 1 1 1 0 -1 0 -2 0 0 -1 -2 -2 -1 -1 -2 -2 -2 -2 -2 -1 -1 -1 -2 -2 -2 -1 -1 -1 0 0 -1 -1 -1
0.832944356320905 -0.381247819814102 0.087580390476034 0.890055447974418 0.365454554818488 1 1 2 0 2 1 1 2 0 2 2 0 2 2 1 1 2 1 1 0 1 2 1 1 1 1 1 1 2 2 1 1 2 0 2 1 1 2 0 2 2 0 2 2 1 1 2 1 1 0 1 2 1 1 1 1 1 1 2 2 1
-2.29277643333601 -0.864847650657041 1.82309304886697 -1.29775155683725 0.105075337566656 -1 2 2 0 2 0 0 1 0 2 1 0 1 1 0 1 2 0 0 1 1 2 2 0 2 2 1 2 1 2 1 -2 -2 0 -2 0 0 -1 0 -2 -1 0 -1 -1 0 -1 -2 0 0 -1 -1 -2 -2 0 -2 -2 -1 -2 -1 -2 -1
0.477744019724015 1.79318381448571 -0.132768518913152 0.266750686091146 0.289837073756318 -1 1 0 0 2 0 0 0 0 1 2 2 1 1 1 1 1 0 0 1 1 1 2 1 2 1 1 0 1 2 1 -1 0 0 -2 0 0 0 0 -1 -2 -2 -1 -1 -1 -1 -1 0 0 -1 -1 -1 -2 -1 -2 -1 -1 0 -1 -2 -1
0.411214847760993 0.643916133653342 2.17617538730547 0.55946961090954 3.20314366462233 1 1 1 0 2 0 0 2 1 2 2 0 1 0 1 2 1 0 1 0 2 2 2 0 0 0 1 0 1 1 0 1 1 0 2 0 0 2 1 2 2 0 1 0 1 2 1 0 1 0 2 2 2 0 0 0 1 0 1 1 0
1.46676785190632 1.86449462404854 0.9035470579018 -0.0459146645864871 -0.376262044412587 -1 1 0 0 1 0 0 2 0 1 1 0 1 2 1 2 2 0 1 0 1 2 1 0 2 2 2 1 1 2 0 -1 0 0 -1 0 0 -2 0 -1 -1 0 -1 -2 -1 -2 -2 0 -1 0 -1 -2 -1 0 -2 -2 -2 -1 -1 -2 0
-0.15676806933914 -1.28855941822722 0.502228106737648 0.906683117461687 0.117069075548768 -1 2 2 0 1 0 0 1 1 2 2 1 1 2 2 2 2 0 1 0 1 2 2 1 1 2 1 1 1 2 2 -2 -2 0 -1 0 0 -1 -1 -2 -2 -1 -1 -2 -2 -2 -2 0 -1 0 -1 -2 -2 -1 -1 -2 -1 -1 -1 -2 -2
0.589618682302451 -1.64805732368751 -0.651530547399637 -1.8481347080471 1.47201231035666 -1 1 1 0 2 0 0 2 1 2 2 0 2 2 2 2 2 0 1 0 0 2 2 1 1 1 1 0 0 1 1 -1 -1 0 -2 0 0 -2 -1 -2 -2 0 -2 -2 -2 -2 -2 0 -1 0 0 -2 -2 -1 -1 -1 -1 0 0 -1 -1
1.48691750332479 0.960293145418229 -0.797466905736314 0.631669548481436 -0.878832964845085 -1 1 1 0 2 0 0 2 0 1 2 1 1 1 0 1 1 1 1 0 0 1 2 0 2 2 1 1 0 2 1 -1 -1 0 -2 0 0 -2 0 -1 -2 -1 -1 -1 0 -1 -1 -1 -1 0 0 -1 -2 0 -2 -2 -1 -1 0 -2 -1
-1.194491279491 -0.718746338178629 0.088750138305011 0.312517203856157 -0.930482129343396 1 1 2 0 1 0 0 2 0 1 0 1 0 1 2 1 2 1 2 1 2 2 2 1 2 1 1 0 1 1 0 1 2 0 1 0 0 2 0 1 0 1 0 1 2 1 2 1 2 1 2 2 2 1 2 1 1 0 1 1 0
-1.1791221113502 -1.11869484503109 -0.794203431279309 -2.57535297412988 0.188062700021584 -1 1 1 0 1 0 0 2 1 2 2 1 2 1 2 2 1 0 2 2 2 2 2 1 1 1 1 1 1 1 1 -1 -1 0 -1 0 0 -2 -1 -2 -2 -1 -2 -1 -2 -2 -1 0 -2 -2 -2 -2 -2 -1 -1 -1 -1 -1 -1 -1 -1
-0.314676092375378 0.300459271249962 -0.235820292182928 -0.0930959980930824 -2.6337502975703 -1 2 2 0 2 1 0 1 0 2 2 2 0 1 1 2 1 0 1 1 2 2 2 0 2 1 1 0 0 0 1 -2 -2 0 -2 -1 0 -1 0 -2 -2 -2 0 -1 -1 -2 -1 0 -1 -1 -2 -2 -2 0 -2 -1 -1 0 0 0 -1
0.738951752925479 -0.0197324873992004 -0.309737516453874 0.632058187786026 -1.61233002479247 1 1 1 0 1 0 0 1 2 2 2 1 1 1 2 2 1 1 1 1 1 2 2 0 1 1 1 0 1 1 0 1 1 0 1 0 0 1 2 2 2 1 1 1 2 2 1 1 1 1 1 2 2 0 1 1 1 0 1 1 0
0.0392947304640659 0.502586424879713 0.32211428802105 -0.106519284893475 0.951692216000424 1 2 1 0 2 1 0 2 1 2 1 1 2 1 0 2 1 0 0 0 2 2 2 1 2 2 2 0 0 2 2 2 1 0 2 1 0 2 1 2 1 1 2 1 0 2 1 0 0 0 2 2 2 1 2 2 2 0 0 2 2
0.295513610435874 0.880209378232451 -1.87778592577189 -0.467163943725201 -0.492368537562575 1 1 0 0 2 0 0 1 0 2 2 2 2 1 0 1 2 0 0 0 1 2 2 1 1 0 2 1 2 2 2 1 0 0 2 0 0 1 0 2 2 2 2 1 0 1 2 0 0 0 1 2 2 1 1 0 2 1 2 2 2
1.43921295531726 0.294380304293331 -0.712189674561294 1.42455246579228 0.0187794420978953 1 1 1 0 2 0 0 2 0 2 2 2 2 2 2 2 1 0 0 0 0 1 1 1 0 0 0 0 0 1 0 1 1 0 2 0 0 2 0 2 2 2 2 2 2 2 1 0 0 0 0 1 1 1 0 0 0 0 0 1 0
1.07994736698649 0.903240037892955 0.219271395284218 -1.66214681444974 0.544775539643129 -1 2 2 0 1 0 0 1 0 0 1 0 1 1 1 1 1 0 0 0 1 2 2 1 2 2 1 0 0 1 0 -2 -2 0 -1 0 0 -1 0 0 -1 0 -1 -1 -1 -1 -1 0 0 0 -1 -2 -2 -1 -2 -2 -1 0 0 -1 0
-1.23598505564372 -0.369787252232224 0.421781190265182 1.36008616066749 -0.241781120107438 1 2 2 0 1 0 0 1 0 1 1 0 1 2 2 2 2 1 1 1 1 2 2 1 1 2 0 0 0 1 0 2 2 0 1 0 0 1 0 1 1 0 1 2 2 2 2 1 1 1 1 2 2 1 1 2 0 0 0 1 0
0.465759001791873 1.10835728350977 2.15572633339797 0.375966467987877 0.838598609986934 -1 2 2 0 2 1 1 1 0 2 2 1 1 2 2 2 1 0 0 0 1 2 2 1 2 2 1 1 0 1 0 -2 -2 0 -2 -1 -1 -1 0 -2 -2 -1 -1 -2 -2 -2 -1 0 0 0 -1 -2 -2 -1 -2 -2 -1 -1 0 -1 0
0.931349515990877 2.09954728001332 1.04172325912364 -0.974566015932104 -0.909490225904156 1 2 1 0 0 0 0 1 0 2 2 2 1 2 2 2 1 0 0 0 1 2 2 1 1 1 1 0 1 2 1 2 1 0 0 0 0 1 0 2 2 2 1 2 2 2 1 0 0 0 1 2 2 1 1 1 1 0 1 2 1
-0.547871861242847 0.246307169726129 -1.63476707270049 -0.349800834454786 1.15816033927339 1 1 1 0 1 0 0 0 0 2 2 0 1 1 1 2 2 0 0 0 1 2 2 1 1 2 1 0 2 2 2 1 1 0 1 0 0 0 0 2 2 0 1 1 1 2 2 0 0 0 1 2 2 1 1 2 1 0 2 2 2
-1.36800912282658 1.52251503062943 -0.139790951499656 -0.141577974563507 -0.564753355857045 -1 1 2 0 2 0 1 2 1 2 1 0 1 2 2 2 2 0 1 0 1 2 1 0 1 2 1 2 1 2 2 -1 -2 0 -2 0 -1 -2 -1 -2 -1 0 -1 -2 -2 -2 -2 0 -1 0 -1 -2 -1 0 -1 -2 -1 -2 -1 -2 -2
-0.461109470365922 0.855788844018326 1.69673107150966 -0.488742236915805 -2.11792204488269 1 1 0 0 2 1 1 2 0 2 2 2 1 1 2 2 2 0 0 0 1 2 2 0 1 2 1 2 2 2 1 1 0 0 2 1 1 2 0 2 2 2 1 1 2 2 2 0 0 0 1 2 2 0 1 2 1 2 2 2 1
0.0755726199761899 1.18090812329204 -0.253910550389995 -1.51176350430577 0.497651011706693 1 0 1 0 2 0 0 2 1 2 2 1 0 0 0 1 2 1 0 0 2 2 2 1 1 0 0 0 1 1 0 0 1 0 2 0 0 2 1 2 2 1 0 0 0 1 2 1 0 0 2 2 2 1 1 0 0 0 1 1 0
1.17031483033937 -0.87237525977225 -1.83841202400513 -1.13447217696769 -0.540129001264556 1 1 1 0 2 1 0 1 0 2 2 1 2 1 1 1 1 0 0 1 2 2 2 1 1 1 1 0 1 2 0 1 1 0 2 1 0 1 0 2 2 1 2 1 1 1 1 0 0 1 2 2 2 1 1 1 1 0 1 2 0
0.957968855112793 2.62979899820856 0.66637445934881 -0.193740120150908 -0.30375059751058 1 1 1 0 1 1 0 2 0 2 1 0 0 1 0 2 1 0 0 0 1 2 1 0 2 2 2 2 1 1 0 1 1 0 1 1 0 2 0 2 1 0 0 1 0 2 1 0 0 0 1 2 1 0 2 2 2 2 1 1 0
0.0248519752048718 0.0536597170161301 -0.734628936266816 -0.783977598930934 -0.612884158286593 1 1 1 1 2 2 1 2 0 2 2 1 1 1 1 1 2 1 1 1 2 2 2 1 2 2 1 0 1 1 0 1 1 1 2 2 1 2 0 2 2 1 1 1 1 1 2 1 1 1 2 2 2 1 2 2 1 0 1 1 0
0.56238719648163 -0.923774196306984 -0.212201076646483 -0.258457855892794 1.65049843334292 -1 0 1 0 2 0 1 2 1 2 2 2 1 2 1 2 2 1 1 1 2 2 1 0 1 1 1 0 1 1 1 0 -1 0 -2 0 -1 -2 -1 -2 -2 -2 -1 -2 -1 -2 -2 -1 -1 -1 -2 -2 -1 0 -1 -1 -1 0 -1 -1 -1
-0.284450648350401 1.33386829835089 -0.905104705112399 -0.592411881578766 0.0279778407650953 -1 2 1 0 0 0 0 1 0 2 1 0 2 2 1 0 2 0 1 1 2 2 2 1 0 1 2 1 2 1 1 -2 -1 0 0 0 0 -1 0 -2 -1 0 -2 -2 -1 0 -2 0 -1 -1 -2 -2 -2 -1 0 -1 -2 -1 -2 -1 -1
-0.409204828684078 0.161389142575616 0.54136668455588 -1.85048719646591 -1.1256780124719 -1 1 1 0 1 0 0 1 0 2 2 0 1 2 2 2 2 0 1 1 2 2 2 1 1 2 1 0 1 2 1 -1 -1 0 -1 0 0 -1 0 -2 -2 0 -1 -2 -2 -2 -2 0 -1 -1 -2 -2 -2 -1 -1 -2 -1 0 -1 -2 -1
0.199203717137387 1.84725853874021 0.235357663262011 1.21317142726767 0.684326887449446 1 1 2 0 1 0 0 2 0 2 2 0 2 1 1 1 2 0 1 2 2 2 2 1 1 1 1 1 1 2 1 1 2 0 1 0 0 2 0 2 2 0 2 1 1 1 2 0 1 2 2 2 2 1 1 1 1 1 1 2 1
1.05024533787011 -0.554726046688058 0.16058102704171 -0.269459402266528 0.143206751372556 1 1 0 0 2 0 0 2 0 1 1 1 0 1 1 2 0 0 2 1 2 2 1 0 1 1 0 0 1 2 1 1 0 0 2 0 0 2 0 1 1 1 0 1 1 2 0 0 2 1 2 2 1 0 1 1 0 0 1 2 1
0.376933629000945 -0.997836820486801 -0.0146657402491446 -1.56829213776363 -0.929660365566113 -1 1 1 0 2 0 0 2 0 1 2 1 1 1 2 2 2 0 0 0 0 1 1 0 1 1 1 1 0 1 1 -1 -1 0 -2 0 0 -2 0 -1 -2 -1 -1 -1 -2 -2 -2 0 0 0 0 -1 -1 0 -1 -1 -1 -1 0 -1 -1
0.196438211486173 -1.30403112397955 -0.312317041247546 0.937384060478694 0.00277799761305638 -1 2 2 0 2 1 1 1 0 2 2 1 2 1 0 2 2 0 1 0 1 2 2 1 1 1 2 2 1 1 0 -2 -2 0 -2 -1 -1 -1 0 -2 -2 -1 -2 -1 0 -2 -2 0 -1 0 -1 -2 -2 -1 -1 -1 -2 -2 -1 -1 0
0.209691173531797 -1.00588827087705 -1.4834104493643 1.28209148116793 0.383146882230018 1 1 2 0 2 0 0 1 1 2 2 2 0 1 2 2 1 0 0 1 2 2 2 1 2 1 1 0 1 1 0 1 2 0 2 0 0 1 1 2 2 2 0 1 2 2 1 0 0 1 2 2 2 1 2 1 1 0 1 1 0
-0.286365859515706 -1.46172826687747 1.04509019792877 0.671731292900922 0.0291619017194389 -1 1 1 0 2 1 1 2 0 2 2 2 2 2 0 1 2 0 0 0 2 2 2 2 0 1 1 1 1 1 1 -1 -1 0 -2 -1 -1 -2 0 -2 -2 -2 -2 -2 0 -1 -2 0 0 0 -2 -2 -2 -2 0 -1 -1 -1 -1 -1 -1
-0.609443912906052 -0.96245092782019 0.354081855832377 0.916242203860581 -0.33931405353089 -1 1 2 0 1 0 0 2 0 2 2 1 2 2 2 2 0 0 0 1 2 2 2 0 1 1 2 2 1 2 0 -1 -2 0 -1 0 0 -2 0 -2 -2 -1 -2 -2 -2 -2 0 0 0 -1 -2 -2 -2 0 -1 -1 -2 -2 -1 -2 0
1.19527737836019 0.654955482293929 1.43305061274372 -0.948208461739689 -1.83942569778132 -1 1 1 0 1 0 0 0 0 2 2 1 1 2 2 2 2 1 1 0 2 2 2 0 0 0 1 2 1 1 1 -1 -1 0 -1 0 0 0 0 -2 -2 -1 -1 -2 -2 -2 -2 -1 -1 0 -2 -2 -2 0 0 0 -1 -2 -1 -1 -1
-0.252134629217811 1.31583946906685 0.218597958241444 1.29767234054795 1.44280134808141 -1 1 0 0 2 0 0 1 0 2 2 1 0 2 2 2 1 1 1 0 1 2 2 1 2 1 2 2 2 1 2 -1 0 0 -2 0 0 -1 0 -2 -2 -1 0 -2 -2 -2 -1 -1 -1 0 -1 -2 -2 -1 -2 -1 -2 -2 -2 -1 -2
-0.551439773307467 -0.212554929850171 0.297990268641457 0.0258319334852333 -1.3923379830639 -1 2 1 0 1 0 0 1 0 2 2 1 1 2 2 1 1 0 0 1 1 2 2 0 2 2 2 2 2 2 1 -2 -1 0 -1 0 0 -1 0 -2 -2 -1 -1 -2 -2 -1 -1 0 0 -1 -1 -2 -2 0 -2 -2 -2 -2 -2 -2 -1
-0.293698988988036 0.401067381100703 -0.560511413607474 -2.69521507816403 0.879413080681422 -1 2 1 0 2 0 0 1 0 2 2 1 2 2 1 1 1 0 0 1 2 2 1 2 2 2 2 0 0 1 1 -2 -1 0 -2 0 0 -1 0 -2 -2 -1 -2 -2 -1 -1 -1 0 0 -1 -2 -2 -1 -2 -2 -2 -2 0 0 -1 -1
0.139187394005184 -0.0607248694710417 2.04736736756238 -1.30954436071973 -1.12031028632225 1 2 0 0 1 0 0 1 1 2 2 0 0 1 1 1 2 1 1 0 2 2 2 1 2 2 2 1 2 2 2 2 0 0 1 0 0 1 1 2 2 0 0 1 1 1 2 1 1 0 2 2 2 1 2 2 2 1 2 2 2
1.32349871695808 1.25167297866019 -0.687608246047732 1.35652639202636 0.596668586994853 1 2 2 0 2 0 0 1 0 2 2 1 0 1 1 1 2 2 2 0 0 2 1 0 2 2 2 1 1 1 2 2 2 0 2 0 0 1 0 2 2 1 0 1 1 1 2 2 2 0 0 2 1 0 2 2 2 1 1 1 2
0.876458589642354 0.386145044551037 0.224801050796194 -1.60085615773806 -0.109398257848837 1 2 1 0 2 0 1 2 2 2 2 1 2 1 1 1 2 0 0 0 1 2 1 0 1 2 2 1 2 2 2 2 1 0 2 0 1 2 2 2 2 1 2 1 1 1 2 0 0 0 1 2 1 0 1 2 2 1 2 2 2
1.59131891177134 -1.38890781838937 -0.824835509864752 0.60116018730493 1.35506481837458 -1 1 0 0 2 2 2 1 0 2 2 1 1 2 1 2 1 0 0 0 1 2 2 1 2 1 1 1 0 1 0 -1 0 0 -2 -2 -2 -1 0 -2 -2 -1 -1 -2 -1 -2 -1 0 0 0 -1 -2 -2 -1 -2 -1 -1 -1 0 -1 0
0.186151510105162 -0.810529581891546 -1.75590150514246 -0.435508197282734 0.592926884175762 1 1 1 0 2 1 0 1 0 2 2 1 0 1 1 1 0 0 0 0 1 2 2 0 1 2 0 0 0 1 1 1 1 0 2 1 0 1 0 2 2 1 0 1 1 1 0 0 0 0 1 2 2 0 1 2 0 0 0 1 1
-1.15037459230024 0.454831922806693 0.442816625621999 0.459374724757651 0.0200639738826475 -1 2 2 0 1 0 0 1 0 2 2 1 1 2 1 1 1 0 0 0 0 2 2 0 0 0 1 0 0 1 0 -2 -2 0 -1 0 0 -1 0 -2 -2 -1 -1 -2 -1 -1 -1 0 0 0 0 -2 -2 0 0 0 -1 0 0 -1 0
0.204583912240555 1.84563342443896 0.871601878459804 -0.558890314695102 -1.32386912321467 -1 2 2 0 0 0 0 1 0 1 1 0 2 2 1 2 2 0 0 1 1 2 2 0 2 2 1 2 1 2 2 -2 -2 0 0 0 0 -1 0 -1 -1 0 -2 -2 -1 -2 -2 0 0 -1 -1 -2 -2 0 -2 -2 -1 -2 -1 -2 -2
1.73567645526556 0.309686576374006 -1.58365114564689 -0.11925268920022 1.4822771307399 1 0 0 0 0 0 0 1 0 1 1 0 1 0 0 0 1 0 0 0 0 2 2 1 2 2 2 0 1 1 0 0 0 0 0 0 0 1 0 1 1 0 1 0 0 0 1 0 0 0 0 2 2 1 2 2 2 0 1 1 0
-1.09976406647773 -0.109735365010476 -1.28946934653283 0.984521957973203 -1.42019673822818 -1 2 2 0 1 0 0 2 1 1 2 0 2 2 1 2 2 0 0 0 0 2 1 0 1 2 2 2 2 2 1 -2 -2 0 -1 0 0 -2 -1 -1 -2 0 -2 -2 -1 -2 -2 0 0 0 0 -2 -1 0 -1 -2 -2 -2 -2 -2 -1
1.32296647658686 1.44929820834233 -0.0251395520609055 -0.608424120762684 1.0559668091765 -1 2 2 0 2 1 1 2 1 2 2 0 0 2 0 1 1 0 0 0 1 2 2 0 1 1 0 1 0 1 0 -2 -2 0 -2 -1 -1 -2 -1 -2 -2 0 0 -2 0 -1 -1 0 0 0 -1 -2 -2 0 -1 -1 0 -1 0 -1 0
0.575705318794599 -0.104632475297671 1.29339220633259 -0.0644772694928917 0.0903193487385625 1 1 1 1 2 0 1 2 1 1 2 0 1 1 0 2 2 1 1 1 2 2 2 2 1 1 1 2 2 1 1 1 1 1 2 0 1 2 1 1 2 0 1 1 0 2 2 1 1 1 2 2 2 2 1 1 1 2 2 1 1
-0.39925497560569 -1.35383659505967 0.390815588980995 1.04091016566557 -0.443301715730014 -1 0 1 0 0 0 0 2 0 1 2 1 0 1 1 1 2 0 0 0 1 2 1 0 1 1 1 0 0 2 1 0 -1 0 0 0 0 -2 0 -1 -2 -1 0 -1 -1 -1 -2 0 0 0 -1 -2 -1 0 -1 -1 -1 0 0 -2 -1
1.55766616238926 -1.2220811011043 1.30111133186649 -0.68709624802261 0.101385907097642 1 2 1 0 2 0 0 1 0 1 1 0 2 2 2 2 2 1 0 0 1 2 2 2 1 2 1 1 2 2 1 2 1 0 2 0 0 1 0 1 1 0 2 2 2 2 2 1 0 0 1 2 2 2 1 2 1 1 2 2 1
-0.0711163578530094 -0.832229874316058 -0.518329788378475 1.1227892858361 -1.32254115824372 1 1 2 0 2 0 0 2 1 2 2 0 1 1 0 1 2 0 1 0 0 2 2 0 2 1 0 0 0 0 0 1 2 0 2 0 0 2 1 2 2 0 1 1 0 1 2 0 1 0 0 2 2 0 2 1 0 0 0 0 0
0.0355174733814013 -0.862191128926246 -0.379137059410063 0.10791119732044 0.474978421951288 -1 1 0 0 2 0 0 1 0 2 2 1 0 0 1 1 2 1 1 1 2 2 2 1 2 2 1 1 1 1 0 -1 0 0 -2 0 0 -1 0 -2 -2 -1 0 0 -1 -1 -2 -1 -1 -1 -2 -2 -2 -1 -2 -2 -1 -1 -1 -1 0
0.114169085000586 -0.216535199781254 -0.572531412607141 3.11106732688701 0.343531148153308 -1 0 0 0 1 0 0 1 1 2 2 1 1 2 1 2 2 1 2 0 1 1 2 1 2 2 1 1 1 1 1 0 0 0 -1 0 0 -1 -1 -2 -2 -1 -1 -2 -1 -2 -2 -1 -2 0 -1 -1 -2 -1 -2 -2 -1 -1 -1 -1 -1
0.641030878635741 0.748118073354027 -0.0665555506093627 -0.251153627348616 -0.38984329978556 1 2 2 0 2 1 1 2 1 2 1 0 0 0 1 1 2 0 0 0 2 2 2 0 1 1 1 0 1 0 0 2 2 0 2 1 1 2 1 2 1 0 0 0 1 1 2 0 0 0 2 2 2 0 1 1 1 0 1 0 0
0.656420912030378 -0.81283873594846 1.00500291212577 1.65211100412507 -1.58126223210312 1 2 1 0 2 0 0 1 0 1 2 1 1 0 2 2 2 2 1 0 2 2 2 0 1 2 2 1 1 1 0 2 1 0 2 0 0 1 0 1 2 1 1 0 2 2 2 2 1 0 2 2 2 0 1 2 2 1 1 1 0
-0.328022348388164 0.722782464523066 0.380790976771783 -0.784093641627813 0.219835824457926 -1 1 0 0 2 1 0 2 1 2 2 2 1 2 0 1 2 0 1 1 2 2 2 1 1 1 2 1 1 2 0 -1 0 0 -2 -1 0 -2 -1 -2 -2 -2 -1 -2 0 -1 -2 0 -1 -1 -2 -2 -2 -1 -1 -1 -2 -1 -1 -2 0
-0.497194224802681 0.992706215104448 -1.75368017773422 1.26311189521553 -0.0421447257392795 -1 1 2 0 1 0 0 2 1 2 2 1 2 1 2 2 2 1 1 0 2 2 2 0 1 1 1 1 1 2 2 -1 -2 0 -1 0 0 -2 -1 -2 -2 -1 -2 -1 -2 -2 -2 -1 -1 0 -2 -2 -2 0 -1 -1 -1 -1 -1 -2 -2
0.380715464910142 -0.46967048869393 -0.21459733237577 0.724023400391046 -1.01716039448787 1 2 2 0 2 0 0 1 0 2 2 1 2 2 1 2 1 0 1 0 1 2 2 1 2 2 1 1 1 1 0 2 2 0 2 0 0 1 0 2 2 1 2 2 1 2 1 0 1 0 1 2 2 1 2 2 1 1 1 1 0
1.36823342546311 0.133263354822125 -0.0606289223594173 -2.18045530837286 0.888036549738527 1 1 1 0 1 1 0 2 1 2 2 1 0 0 1 2 1 1 1 1 0 2 0 1 2 2 2 1 2 2 0 1 1 0 1 1 0 2 1 2 2 1 0 0 1 2 1 1 1 1 0 2 0 1 2 2 2 1 2 2 0
-1.20534307855558 0.772246864240819 -0.929778569497097 0.985083943728229 0.24834530349738 1 1 1 0 2 0 0 2 1 2 2 2 2 2 0 2 1 0 1 0 0 2 1 0 2 2 1 0 1 2 1 1 1 0 2 0 0 2 1 2 2 2 2 2 0 2 1 0 1 0 0 2 1 0 2 2 1 0 1 2 1
-0.00319643917487219 0.329706753249593 1.92605984713116 -1.16218949076993 -0.360203428750896 -1 2 2 0 1 0 0 2 0 1 1 0 1 1 1 1 1 0 1 2 1 2 2 2 0 1 1 0 0 2 1 -2 -2 0 -1 0 0 -2 0 -1 -1 0 -1 -1 -1 -1 -1 0 -1 -2 -1 -2 -2 -2 0 -1 -1 0 0 -2 -1
-1.2471999604425 0.496971651267462 -2.43973360520144 -0.679954634658349 -0.383071122969925 1 1 0 0 2 1 0 1 0 2 1 0 2 2 2 2 2 0 0 0 0 1 2 0 2 1 1 1 2 2 2 1 0 0 2 1 0 1 0 2 1 0 2 2 2 2 2 0 0 0 0 1 2 0 2 1 1 1 2 2 2
0.206777756605577 0.156619401951842 1.17134318032421 0.408885859046472 -1.84559137004003 1 2 1 0 2 0 1 2 0 2 2 1 1 1 1 0 2 1 0 0 1 2 2 1 2 1 2 1 0 1 2 2 1 0 2 0 1 2 0 2 2 1 1 1 1 0 2 1 0 0 1 2 2 1 2 1 2 1 0 1 2
-0.607862952998077 -1.03846289541824 1.02465153909223 1.21890516204533 1.20439094239282 1 0 1 0 1 0 0 1 0 2 2 2 2 2 2 2 2 0 0 0 0 1 1 0 1 1 2 0 0 1 1 0 1 0 1 0 0 1 0 2 2 2 2 2 2 2 2 0 0 0 0 1 1 0 1 1 2 0 0 1 1
-1.1633114938079 0.625172149440777 0.399373613333769 -0.561523968489131 0.158118109542362 1 2 2 0 2 0 0 1 0 2 1 0 2 2 2 2 2 0 0 0 0 2 2 1 2 2 2 1 2 2 2 2 2 0 2 0 0 1 0 2 1 0 2 2 2 2 2 0 0 0 0 2 2 1 2 2 2 1 2 2 2
0.192510612512584 0.0532208443299341 -0.510902419105123 0.511601307293608 -0.392152796288808 -1 2 0 0 1 1 0 1 0 1 1 0 0 2 0 1 0 0 0 0 0 2 2 0 0 0 1 0 1 2 0 -2 0 0 -1 -1 0 -1 0 -1 -1 0 0 -2 0 -1 0 0 0 0 0 -2 -2 0 0 0 -1 0 -1 -2 0
0.39099206086396 -0.103128454662465 0.461588299014814 0.992917184613246 -1.17373157470449 1 1 0 0 2 0 0 2 0 2 2 1 2 1 1 2 0 0 0 1 0 1 2 1 1 1 1 0 1 1 1 1 0 0 2 0 0 2 0 2 2 1 2 1 1 2 0 0 0 1 0 1 2 1 1 1 1 0 1 1 1
0.959993254147886 0.466326057999806 -0.706839549632481 0.0895487153706762 0.605513191206557 -1 1 0 0 2 0 1 2 0 2 2 1 1 2 2 2 2 2 1 0 1 2 1 1 2 1 1 2 2 1 1 -1 0 0 -2 0 -1 -2 0 -2 -2 -1 -1 -2 -2 -2 -2 -2 -1 0 -1 -2 -1 -1 -2 -1 -1 -2 -2 -1 -1
-1.23375264981344 -0.462717204021099 -1.12003381913041 -1.23005206844982 -0.207630892230991 1 2 2 1 2 0 0 1 0 2 2 1 2 2 1 1 2 0 1 0 1 2 2 0 1 2 1 1 0 2 1 2 2 1 2 0 0 1 0 2 2 1 2 2 1 1 2 0 1 0 1 2 2 0 1 2 1 1 0 2 1
0.460080175613383 -0.815644215092905 1.01221877986635 0.861931741348192 1.31058363521328 -1 2 2 0 1 0 0 1 0 2 2 1 2 1 2 2 2 0 1 0 1 2 2 1 0 1 1 0 0 1 0 -2 -2 0 -1 0 0 -1 0 -2 -2 -1 -2 -1 -2 -2 -2 0 -1 0 -1 -2 -2 -1 0 -1 -1 0 0 -1 0
