-1.18484924355256 -0.638760161708061 -1.96134032722641 0.345830398144044 1.81354083534037 -1 0 0 0 2 1 1 1 1 2 2 2 2 1 0 0 0 1 1 1 1 0 2 1 2 2 0 2 2 1 2 0 0 0 -2 -1 -1 -1 -1 -2 -2 -2 -2 -1 0 0 0 -1 -1 -1 -1 0 -2 -1 -2 -2 0 -2 -2 -1 -2
0.246729384623412 0.989751724117312 -0.773633247807286 -0.0372887040214517 -2.1844289574703 1 0 0 0 2 2 2 2 1 2 2 0 1 1 0 0 1 1 1 0 0 0 1 0 0 2 0 2 2 1 0 0 0 0 2 2 2 2 1 2 2 0 1 1 0 0 1 1 1 0 0 0 1 0 0 2 0 2 2 1 0
2.03534191072596 -1.13842182078968 -1.0997845516528 1.21604101709565 1.0873730101953 -1 0 0 2 2 1 1 0 1 2 2 2 2 1 0 0 0 1 1 2 1 0 1 0 0 2 0 0 1 0 1 0 0 -2 -2 -1 -1 0 -1 -2 -2 -2 -2 -1 0 0 0 -1 -1 -2 -1 0 -1 0 0 -2 0 0 -1 0 -1
2.53962748149119 -0.236329127110936 -0.77120802284621 1.61234721211108 0.377961947357667 -1 0 0 1 2 0 0 0 0 0 1 2 2 0 0 0 1 0 0 0 0 0 1 0 0 2 1 2 2 1 2 0 0 -1 -2 0 0 0 0 0 -1 -2 -2 0 0 0 -1 0 0 0 0 0 -1 0 0 -2 -1 -2 -2 -1 -2
-1.08467753845397 -1.78346821779841 -1.41418332487949 -0.227407411731741 1.42641046746811 1 0 0 0 0 2 2 1 1 1 2 2 2 1 0 0 2 0 1 0 1 0 2 0 1 2 0 1 1 0 2 0 0 0 0 2 2 1 1 1 2 2 2 1 0 0 2 0 1 0 1 0 2 0 1 2 0 1 1 0 2
-0.452435954670791 0.255022524744494 0.938735259205207 -0.751978164574906 0.398894186903412 1 0 0 0 2 0 1 1 0 1 2 1 2 1 0 0 2 0 1 1 1 0 2 0 0 2 0 1 2 1 2 0 0 0 2 0 1 1 0 1 2 1 2 1 0 0 2 0 1 1 1 0 2 0 0 2 0 1 2 1 2
-0.904470656555931 -0.644273915757382 -1.47033368626774 1.24286260028146 -1.10588800162684 1 0 1 1 2 2 1 0 0 2 2 1 2 1 0 0 1 0 1 1 0 0 1 0 0 2 0 2 2 2 2 0 1 1 2 2 1 0 0 2 2 1 2 1 0 0 1 0 1 1 0 0 1 0 0 2 0 2 2 2 2
-0.956155137680298 0.251563836522903 -1.13288841591936 0.758597830360382 -0.176103299828025 -1 0 0 0 1 0 1 1 1 2 1 2 2 0 0 0 2 0 1 1 2 0 2 1 1 2 0 2 2 1 2 0 0 0 -1 0 -1 -1 -1 -2 -1 -2 -2 0 0 0 -2 0 -1 -1 -2 0 -2 -1 -1 -2 0 -2 -2 -1 -2
-0.42323908588587 -0.0813041516560351 1.23859172085271 -0.846234149301546 -0.952918686313301 -1 0 0 0 2 1 2 1 1 0 0 2 2 1 0 1 1 2 1 1 2 0 2 0 1 2 0 1 1 1 0 0 0 0 -2 -1 -2 -1 -1 0 0 -2 -2 -1 0 -1 -1 -2 -1 -1 -2 0 -2 0 -1 -2 0 -1 -1 -1 0
1.04876166212507 -0.224989907019041 0.803707934252987 0.964095221677702 -0.601691640375557 -1 0 0 0 2 2 1 0 0 2 2 2 2 0 0 0 0 0 1 0 1 0 2 0 1 2 0 2 2 0 1 0 0 0 -2 -2 -1 0 0 -2 -2 -2 -2 0 0 0 0 0 -1 0 -1 0 -2 0 -1 -2 0 -2 -2 0 -1
-0.737722063850156 -0.596669394080126 -0.898614268291002 -0.454525913477369 0.202870987011348 1 0 0 0 2 1 1 1 1 2 1 1 2 1 0 0 0 0 1 1 2 0 2 0 0 2 0 2 2 0 2 0 0 0 2 1 1 1 1 2 1 1 2 1 0 0 0 0 1 1 2 0 2 0 0 2 0 2 2 0 2
0.815502020185587 0.398491063479543 0.659980759114365 -0.0702486206267378 0.258509609539589 -1 0 0 0 2 2 1 0 2 2 2 1 2 1 0 0 2 0 2 1 0 0 1 0 0 2 0 2 2 2 2 0 0 0 -2 -2 -1 0 -2 -2 -2 -1 -2 -1 0 0 -2 0 -2 -1 0 0 -1 0 0 -2 0 -2 -2 -2 -2
-0.946513315664621 -0.239381257587533 -1.49109977735496 0.353710437544117 -1.14997957685337 -1 0 1 1 2 1 1 1 1 2 1 1 1 0 0 0 0 1 1 2 2 0 1 0 0 2 0 2 2 0 1 0 -1 -1 -2 -1 -1 -1 -1 -2 -1 -1 -1 0 0 0 0 -1 -1 -2 -2 0 -1 0 0 -2 0 -2 -2 0 -1
0.449237049960255 0.127538404946706 -1.25231065429984 -0.396954997761069 0.320863987151423 1 0 0 0 2 1 1 0 1 2 1 1 2 0 0 0 2 0 1 0 1 0 0 0 0 2 0 1 1 0 1 0 0 0 2 1 1 0 1 2 1 1 2 0 0 0 2 0 1 0 1 0 0 0 0 2 0 1 1 0 1
1.03170992159948 -0.145014677461682 1.76126803100692 1.14848303572091 -1.36591080403101 1 0 0 0 2 2 0 1 1 2 1 2 2 1 0 0 0 0 0 0 0 0 1 0 0 2 0 2 2 0 1 0 0 0 2 2 0 1 1 2 1 2 2 1 0 0 0 0 0 0 0 0 1 0 0 2 0 2 2 0 1
1.27071196198835 1.02154563668315 0.230374678420432 -2.25096315421582 -0.306510494198022 -1 0 0 1 2 2 1 0 1 1 2 1 2 1 0 0 1 0 1 0 1 0 1 0 1 2 0 1 2 0 1 0 0 -1 -2 -2 -1 0 -1 -1 -2 -1 -2 -1 0 0 -1 0 -1 0 -1 0 -1 0 -1 -2 0 -1 -2 0 -1
0.752744971847926 1.53697730027871 0.198899307308629 0.491069525185509 -0.606665453530137 -1 0 0 0 2 1 0 0 0 2 1 1 2 0 0 0 0 1 2 1 1 0 1 0 1 2 0 1 2 0 2 0 0 0 -2 -1 0 0 0 -2 -1 -1 -2 0 0 0 0 -1 -2 -1 -1 0 -1 0 -1 -2 0 -1 -2 0 -2
1.14108083436128 1.02645941027953 1.85336654947327 -0.364184472421679 -0.757084170482217 1 0 0 0 2 2 1 1 1 1 1 2 2 0 0 0 0 1 1 0 1 0 2 1 2 2 0 1 1 0 1 0 0 0 2 2 1 1 1 1 1 2 2 0 0 0 0 1 1 0 1 0 2 1 2 2 0 1 1 0 1
0.834690804908932 -1.96929786280871 0.926788895012915 -1.10019561373238 1.15876842967516 1 0 0 0 2 1 2 1 1 2 1 2 2 0 0 0 1 1 2 2 2 0 2 1 1 2 0 0 2 1 2 0 0 0 2 1 2 1 1 2 1 2 2 0 0 0 1 1 2 2 2 0 2 1 1 2 0 0 2 1 2
0.185319851522196 -0.413573073577025 2.70286214601861 -0.450733259236415 -0.0781921956612902 1 0 0 0 2 0 0 0 0 1 0 1 2 1 0 0 0 0 0 0 0 0 0 0 0 2 0 2 2 1 2 0 0 0 2 0 0 0 0 1 0 1 2 1 0 0 0 0 0 0 0 0 0 0 0 2 0 2 2 1 2
-0.904325742316071 -1.08778225614185 0.179926645486855 -0.0981815215543488 -0.181164383051285 1 1 0 0 2 1 1 0 0 0 1 2 2 1 0 0 1 1 0 0 0 0 1 0 0 2 0 1 2 0 1 1 0 0 2 1 1 0 0 0 1 2 2 1 0 0 1 1 0 0 0 0 1 0 0 2 0 1 2 0 1
-1.50137326450925 0.565047684979203 0.771289827985714 -0.305396316502837 -0.284348019265944 -1 0 1 1 2 0 1 1 1 2 0 2 2 2 0 0 1 1 0 0 2 0 0 0 0 2 0 2 2 1 2 0 -1 -1 -2 0 -1 -1 -1 -2 0 -2 -2 -2 0 0 -1 -1 0 0 -2 0 0 0 0 -2 0 -2 -2 -1 -2
-0.901226585246867 -1.16170766748973 1.13943156017963 -0.47726477972328 -0.234325628041467 1 0 0 0 1 1 2 0 0 1 1 1 1 0 0 0 0 1 2 1 1 0 1 0 1 2 0 2 2 1 2 0 0 0 1 1 2 0 0 1 1 1 1 0 0 0 0 1 2 1 1 0 1 0 1 2 0 2 2 1 2
0.943025505433785 1.02173091538201 -0.550088149468609 1.28478682385996 -0.680618217608629 -1 0 0 2 2 2 1 1 1 2 2 2 2 0 0 0 0 0 0 0 1 0 1 0 0 2 0 2 2 0 0 0 0 -2 -2 -2 -1 -1 -1 -2 -2 -2 -2 0 0 0 0 0 0 0 -1 0 -1 0 0 -2 0 -2 -2 0 0
0.858898650426891 0.257144322004654 -1.40446154708698 -1.74158705660087 1.77288740209376 -1 0 0 0 2 0 1 0 1 2 1 2 2 0 0 0 2 0 0 0 0 0 1 0 0 2 0 1 2 1 2 0 0 0 -2 0 -1 0 -1 -2 -1 -2 -2 0 0 0 -2 0 0 0 0 0 -1 0 0 -2 0 -1 -2 -1 -2
-0.725557997873871 0.453957389008389 -1.41993096679132 1.30556989632759 0.0540406225517098 -1 0 0 0 2 1 1 1 0 1 1 2 2 0 0 0 0 0 0 0 0 0 0 0 0 1 0 1 1 0 0 0 0 0 -2 -1 -1 -1 0 -1 -1 -2 -2 0 0 0 0 0 0 0 0 0 0 0 0 -1 0 -1 -1 0 0
-0.972197968730625 -0.440816379519266 -0.37713627152411 -0.580902832183125 1.85076209200633 -1 0 0 0 2 2 2 0 1 2 1 2 2 1 0 0 0 1 2 1 2 0 0 0 0 2 0 2 2 0 0 0 0 0 -2 -2 -2 0 -1 -2 -1 -2 -2 -1 0 0 0 -1 -2 -1 -2 0 0 0 0 -2 0 -2 -2 0 0
0.00446044449120665 0.244119202216222 0.477518263746131 -0.286820732677452 -0.263752038062487 1 1 0 1 2 1 2 0 0 1 0 1 2 0 0 0 0 0 0 0 0 0 1 0 0 2 0 2 2 0 1 1 0 1 2 1 2 0 0 1 0 1 2 0 0 0 0 0 0 0 0 0 1 0 0 2 0 2 2 0 1
-0.436572350369564 0.31448046600702 -0.61739213486301 0.676868946772819 1.16308280474931 1 0 0 0 2 1 2 1 0 1 1 2 2 1 0 0 0 1 2 2 1 0 2 0 0 2 0 0 2 0 0 0 0 0 2 1 2 1 0 1 1 2 2 1 0 0 0 1 2 2 1 0 2 0 0 2 0 0 2 0 0
-1.11490494964129 0.856221387840952 0.689910885462333 0.467967298704666 -0.413529538578562 1 0 0 2 2 1 1 0 0 1 0 1 2 0 0 0 1 0 1 0 0 0 0 0 0 2 1 2 2 1 2 0 0 2 2 1 1 0 0 1 0 1 2 0 0 0 1 0 1 0 0 0 0 0 0 2 1 2 2 1 2
0.843562871007814 0.422061081603285 -0.185207635060494 -0.136005997253973 0.314819823556569 -1 0 0 1 2 2 1 1 0 1 2 2 2 1 0 0 0 1 1 0 1 0 1 0 0 2 0 2 2 1 2 0 0 -1 -2 -2 -1 -1 0 -1 -2 -2 -2 -1 0 0 0 -1 -1 0 -1 0 -1 0 0 -2 0 -2 -2 -1 -2
-0.345336376099284 -0.766693041659606 0.493508873256036 -0.831973281026768 -0.946443900391763 -1 0 0 0 2 0 0 1 1 2 2 2 2 0 0 0 1 0 0 0 1 0 2 0 0 2 0 1 1 0 2 0 0 0 -2 0 0 -1 -1 -2 -2 -2 -2 0 0 0 -1 0 0 0 -1 0 -2 0 0 -2 0 -1 -1 0 -2
1.63499144713802 -0.456874484211193 -0.757531703080363 0.108404621375551 -0.360121243018098 -1 0 0 0 1 1 1 0 0 2 2 1 2 1 0 0 0 1 1 0 0 0 0 0 0 2 0 1 2 0 0 0 0 0 -1 -1 -1 0 0 -2 -2 -1 -2 -1 0 0 0 -1 -1 0 0 0 0 0 0 -2 0 -1 -2 0 0
1.08464461762055 2.03088680591386 -0.287402965450019 -1.08251379057233 -0.195697998775055 -1 0 0 0 2 0 1 0 0 2 0 2 2 0 0 0 0 1 1 0 1 0 1 0 1 2 0 2 2 1 2 0 0 0 -2 0 -1 0 0 -2 0 -2 -2 0 0 0 0 -1 -1 0 -1 0 -1 0 -1 -2 0 -2 -2 -1 -2
-0.190132466731331 0.476544899365689 -1.9885759006129 -1.51731842662828 -0.298050320513724 1 0 0 0 2 1 2 2 1 2 1 1 2 0 0 0 1 0 0 2 2 0 2 0 0 2 0 1 1 0 1 0 0 0 2 1 2 2 1 2 1 1 2 0 0 0 1 0 0 2 2 0 2 0 0 2 0 1 1 0 1
-0.542939047435148 -1.61270617622731 0.681529974457984 0.68866054012604 -3.14579616991215 1 0 0 0 2 0 1 1 0 1 1 2 2 0 0 0 1 0 0 1 1 0 0 0 0 2 0 2 2 1 2 0 0 0 2 0 1 1 0 1 1 2 2 0 0 0 1 0 0 1 1 0 0 0 0 2 0 2 2 1 2
-1.16398348238823 -0.321397554858511 -1.35493518544126 -0.468191591179324 0.60747948150768 1 0 0 0 2 1 1 0 1 2 2 1 1 0 0 0 1 0 2 0 1 0 2 0 0 2 0 2 2 0 0 0 0 0 2 1 1 0 1 2 2 1 1 0 0 0 1 0 2 0 1 0 2 0 0 2 0 2 2 0 0
-0.296416578863731 2.47396534005813 -0.381493660177363 -0.176314188740012 1.25697979327498 -1 0 1 1 2 1 1 0 0 1 1 2 2 0 0 0 1 0 0 0 0 0 0 0 1 2 0 2 2 0 1 0 -1 -1 -2 -1 -1 0 0 -1 -1 -2 -2 0 0 0 -1 0 0 0 0 0 0 0 -1 -2 0 -2 -2 0 -1
-1.21889139973501 -0.389720058187233 -1.34740001578919 0.683931802846676 -0.678405118833889 1 0 0 0 2 0 1 0 1 1 0 2 2 0 0 0 2 1 1 1 1 0 1 0 0 2 1 2 2 0 0 0 0 0 2 0 1 0 1 1 0 2 2 0 0 0 2 1 1 1 1 0 1 0 0 2 1 2 2 0 0
-1.55912640079293 -1.25556873719278 0.812452130043657 -0.656430948035521 0.426733801081863 -1 0 0 1 2 0 0 0 0 1 1 1 2 0 0 0 0 1 1 0 0 0 0 0 0 2 0 2 2 0 1 0 0 -1 -2 0 0 0 0 -1 -1 -1 -2 0 0 0 0 -1 -1 0 0 0 0 0 0 -2 0 -2 -2 0 -1
-1.4862203289253 -0.318566932217122 -1.19708639470546 -0.408188308495228 0.653091224510926 1 1 0 0 2 1 2 0 1 2 1 1 1 0 0 0 0 1 2 2 1 0 1 0 0 2 0 0 1 0 0 1 0 0 2 1 2 0 1 2 1 1 1 0 0 0 0 1 2 2 1 0 1 0 0 2 0 0 1 0 0
0.829849999900404 -0.760098576430435 0.215497794922556 1.04257563863306 -0.859899590180421 1 0 0 0 2 1 1 0 1 2 1 2 2 0 0 0 2 0 1 2 0 0 0 0 0 2 0 1 1 0 2 0 0 0 2 1 1 0 1 2 1 2 2 0 0 0 2 0 1 2 0 0 0 0 0 2 0 1 1 0 2
0.302856024626871 1.37860395029756 0.281655279207037 -0.729982310331951 0.699826693989921 -1 0 1 0 1 0 1 0 0 0 0 1 2 2 0 1 2 0 1 0 0 0 1 0 0 2 0 2 1 0 1 0 -1 0 -1 0 -1 0 0 0 0 -1 -2 -2 0 -1 -2 0 -1 0 0 0 -1 0 0 -2 0 -2 -1 0 -1
-0.32670050003432 1.66966883243139 -0.287443664962645 0.0599688898645188 -2.36336455809721 -1 0 0 1 2 0 1 0 1 2 2 2 2 0 0 0 0 1 1 0 1 0 1 0 0 2 0 1 1 0 0 0 0 -1 -2 0 -1 0 -1 -2 -2 -2 -2 0 0 0 0 -1 -1 0 -1 0 -1 0 0 -2 0 -1 -1 0 0
1.32469310684897 -0.0389739950176374 0.280892464749418 -0.496739634721371 -0.607113343030487 -1 0 0 0 2 0 0 0 1 1 2 1 2 0 0 0 0 0 1 1 1 0 1 0 0 2 0 1 2 0 1 0 0 0 -2 0 0 0 -1 -1 -2 -1 -2 0 0 0 0 0 -1 -1 -1 0 -1 0 0 -2 0 -1 -2 0 -1
-0.99495410060382 0.484207130339617 2.04759231549749 0.526403407209906 0.321368231858949 1 0 0 0 2 1 2 1 2 2 2 1 1 0 0 0 1 2 2 1 1 0 1 0 1 2 0 1 2 1 1 0 0 0 2 1 2 1 2 2 2 1 1 0 0 0 1 2 2 1 1 0 1 0 1 2 0 1 2 1 1
0.887246479809785 -1.82662174105568 -0.728979070708419 1.93211447439973 1.01860057263358 1 0 0 0 2 2 2 2 0 1 1 2 2 1 0 0 0 0 1 1 1 0 2 0 0 2 1 2 2 2 2 0 0 0 2 2 2 2 0 1 1 2 2 1 0 0 0 0 1 1 1 0 2 0 0 2 1 2 2 2 2
-1.38241601938331 0.446512285614744 0.512201830173441 -0.492166207383067 0.976853924793479 -1 0 0 0 2 1 2 1 0 2 1 1 2 0 0 0 1 2 2 2 2 0 1 0 0 2 0 1 2 0 1 0 0 0 -2 -1 -2 -1 0 -2 -1 -1 -2 0 0 0 -1 -2 -2 -2 -2 0 -1 0 0 -2 0 -1 -2 0 -1
-0.105166069966091 -2.20302177794891 0.301264345942916 0.191548972419419 1.25390456929958 -1 0 0 1 2 2 2 1 1 2 0 1 2 0 0 1 1 1 2 0 0 0 1 0 1 2 0 2 2 1 2 0 0 -1 -2 -2 -2 -1 -1 -2 0 -1 -2 0 0 -1 -1 -1 -2 0 0 0 -1 0 -1 -2 0 -2 -2 -1 -2
0.564634845653302 1.22514096694654 1.55879047569598 -0.624796231615337 -0.44935764352762 1 0 1 2 2 1 0 0 0 1 1 1 1 0 0 0 0 0 1 0 0 0 1 0 0 2 0 2 1 1 2 0 1 2 2 1 0 0 0 1 1 1 1 0 0 0 0 0 1 0 0 0 1 0 0 2 0 2 1 1 2
0.114198714383327 -0.209858311201645 0.102599889618505 -0.903760338951544 0.0709041467949918 -1 0 0 0 2 1 1 0 0 1 1 2 2 0 0 0 1 1 1 0 0 0 2 0 1 2 0 2 1 1 1 0 0 0 -2 -1 -1 0 0 -1 -1 -2 -2 0 0 0 -1 -1 -1 0 0 0 -2 0 -1 -2 0 -2 -1 -1 -1
1.32394968822334 0.528431388935948 -0.0155321271163027 1.01497050147699 -0.134255850629621 1 0 0 0 2 1 1 1 0 1 1 2 2 1 0 0 1 1 1 0 0 0 1 0 0 2 0 2 2 1 1 0 0 0 2 1 1 1 0 1 1 2 2 1 0 0 1 1 1 0 0 0 1 0 0 2 0 2 2 1 1
-0.00543450033642708 -1.36482811357075 -0.241246967205667 1.01067352083564 -0.973010945958459 -1 0 1 2 2 1 2 1 2 2 2 2 2 0 0 0 1 2 1 0 2 0 2 0 1 2 0 2 1 0 1 0 -1 -2 -2 -1 -2 -1 -2 -2 -2 -2 -2 0 0 0 -1 -2 -1 0 -2 0 -2 0 -1 -2 0 -2 -1 0 -1
-1.27213562673445 1.40184632849223 0.0247234224289031 1.72943892553257 0.0785198405532731 1 0 0 0 2 1 1 0 0 0 0 1 2 0 0 0 0 0 1 0 0 0 1 0 0 2 0 1 2 1 1 0 0 0 2 1 1 0 0 0 0 1 2 0 0 0 0 0 1 0 0 0 1 0 0 2 0 1 2 1 1
0.124089154335265 -0.68598776927789 -0.326779714810835 -0.303332547775558 1.43655394130183 1 0 0 1 2 2 2 0 0 2 1 1 2 1 0 0 2 2 2 2 1 0 2 0 0 2 0 0 1 0 1 0 0 1 2 2 2 0 0 2 1 1 2 1 0 0 2 2 2 2 1 0 2 0 0 2 0 0 1 0 1
-0.132324577255319 0.574134049523407 1.11612904909436 -0.232518013244213 1.01366370928259 -1 0 0 0 2 2 1 0 1 0 0 1 0 0 0 0 0 0 0 0 0 0 1 0 0 2 1 2 2 1 2 0 0 0 -2 -2 -1 0 -1 0 0 -1 0 0 0 0 0 0 0 0 0 0 -1 0 0 -2 -1 -2 -2 -1 -2
-1.908207293208 0.516353294259056 -0.124854205535587 0.945245343494694 -1.45003395328532 1 0 0 0 1 2 2 1 2 2 0 1 2 2 0 0 0 0 1 0 1 0 2 0 0 2 0 1 2 1 2 0 0 0 1 2 2 1 2 2 0 1 2 2 0 0 0 0 1 0 1 0 2 0 0 2 0 1 2 1 2
-0.226725144976308 0.332544401043485 -1.43367077197458 -0.216967054474765 -0.691847260568605 1 0 0 0 2 1 0 0 1 2 1 2 2 0 0 0 1 0 1 0 0 0 2 0 0 2 0 2 2 0 2 0 0 0 2 1 0 0 1 2 1 2 2 0 0 0 1 0 1 0 0 0 2 0 0 2 0 2 2 0 2
-0.310444612799609 1.01145376426272 -0.439600389636816 -0.57612093693661 0.449129033613587 1 0 0 1 2 0 1 0 0 1 1 2 2 0 0 0 1 0 0 0 0 0 2 0 1 2 0 1 2 0 1 0 0 1 2 0 1 0 0 1 1 2 2 0 0 0 1 0 0 0 0 0 2 0 1 2 0 1 2 0 1
-0.195278096503774 2.02416156282838 -0.687250787911075 -2.19629557739501 0.549955934096695 -1 0 0 0 2 1 1 0 0 2 1 2 2 1 0 0 1 0 1 0 1 0 1 0 1 2 0 1 2 1 0 0 0 0 -2 -1 -1 0 0 -2 -1 -2 -2 -1 0 0 -1 0 -1 0 -1 0 -1 0 -1 -2 0 -1 -2 -1 0
3.129910905727 0.677104493323177 -1.1292104670467 -0.252255329220324 -1.33098552433889 1 0 0 0 2 1 1 1 1 2 1 1 1 0 0 0 0 0 0 0 0 0 1 0 0 2 0 1 0 0 2 0 0 0 2 1 1 1 1 2 1 1 1 0 0 0 0 0 0 0 0 0 1 0 0 2 0 1 0 0 2
1.97172144481905 1.14548817900377 -1.39615675851767 1.87094249363606 0.0924053523423524 -1 0 0 0 2 1 1 0 1 1 0 2 1 0 0 0 1 0 1 0 0 0 1 0 0 2 0 1 2 0 1 0 0 0 -2 -1 -1 0 -1 -1 0 -2 -1 0 0 0 -1 0 -1 0 0 0 -1 0 0 -2 0 -1 -2 0 -1
0.758710903598744 0.592497182158394 1.66696291752 0.66291505550682 0.162462699977576 -1 0 0 1 2 1 1 0 0 1 1 1 1 1 0 0 1 0 1 1 1 0 1 0 0 2 0 1 2 1 1 0 0 -1 -2 -1 -1 0 0 -1 -1 -1 -1 -1 0 0 -1 0 -1 -1 -1 0 -1 0 0 -2 0 -1 -2 -1 -1
-1.18692475582131 1.32575526684649 -1.42062424187167 1.349732285458 -0.534874597616629 -1 0 0 0 1 2 2 1 1 2 1 2 2 0 0 0 0 0 1 1 2 0 1 0 0 2 0 1 2 0 1 0 0 0 -1 -2 -2 -1 -1 -2 -1 -2 -2 0 0 0 0 0 -1 -1 -2 0 -1 0 0 -2 0 -1 -2 0 -1
0.0563739251933644 -0.0540198985691541 -1.60570722742807 -0.463933022503495 0.467155109359551 1 0 0 0 2 1 1 0 0 2 1 2 2 1 1 1 2 0 0 1 1 0 0 0 0 2 0 0 1 0 0 0 0 0 2 1 1 0 0 2 1 2 2 1 1 1 2 0 0 1 1 0 0 0 0 2 0 0 1 0 0
-0.310373598498545 1.78013895778628 1.66877130874179 -0.280146572375297 -0.122164974997409 1 0 0 0 2 1 1 1 2 2 1 2 2 0 0 0 1 0 0 0 0 0 0 0 0 2 0 0 2 0 1 0 0 0 2 1 1 1 2 2 1 2 2 0 0 0 1 0 0 0 0 0 0 0 0 2 0 0 2 0 1
0.553279690367792 -0.221516655420673 0.0231412905108437 0.161930439125087 -0.29386812477338 1 0 1 1 2 0 2 2 1 1 1 1 1 0 0 0 0 0 1 1 1 0 0 0 0 1 0 2 1 0 1 0 1 1 2 0 2 2 1 1 1 1 1 0 0 0 0 0 1 1 1 0 0 0 0 1 0 2 1 0 1
0.188948961170289 0.476444264271117 -1.61319251277478 0.482362212392654 -1.2698400344774 1 1 0 0 2 2 1 0 0 2 1 1 2 1 0 0 0 1 2 0 0 0 1 0 0 2 0 0 0 0 1 1 0 0 2 2 1 0 0 2 1 1 2 1 0 0 0 1 2 0 0 0 1 0 0 2 0 0 0 0 1
0.893853443739269 -0.475993241300684 -0.290318457488954 1.78892864977586 -1.07196447559828 1 0 0 1 2 2 2 1 1 2 2 2 2 0 0 0 0 0 1 0 0 0 1 0 0 2 0 2 2 2 2 0 0 1 2 2 2 1 1 2 2 2 2 0 0 0 0 0 1 0 0 0 1 0 0 2 0 2 2 2 2
0.499251969149589 -1.22811070651093 1.18769314540808 1.19189756427103 -0.30731932136 -1 0 0 0 2 1 0 0 0 0 1 2 2 1 0 0 1 0 1 0 1 0 2 1 1 2 0 1 2 0 1 0 0 0 -2 -1 0 0 0 0 -1 -2 -2 -1 0 0 -1 0 -1 0 -1 0 -2 -1 -1 -2 0 -1 -2 0 -1
0.591650828009718 -0.332816497024103 -0.182075216377739 -1.15431492401684 -1.3869498322096 1 0 0 0 2 1 1 1 1 2 2 2 2 1 0 0 2 0 1 1 1 0 1 0 1 2 0 1 1 0 1 0 0 0 2 1 1 1 1 2 2 2 2 1 0 0 2 0 1 1 1 0 1 0 1 2 0 1 1 0 1
-0.539908338677812 -0.524579056956816 0.375252923446317 -0.200357212454965 1.03725936258045 1 0 1 0 2 0 1 1 0 1 0 2 2 0 0 0 1 0 0 0 1 0 1 0 0 2 0 2 2 0 2 0 1 0 2 0 1 1 0 1 0 2 2 0 0 0 1 0 0 0 1 0 1 0 0 2 0 2 2 0 2
0.390606668158956 0.403080270451944 0.201194386596853 -1.14427976564597 -0.284699712308212 -1 0 0 0 1 1 1 1 0 1 2 1 1 1 0 0 1 0 1 1 2 0 1 0 0 2 0 1 1 0 1 0 0 0 -1 -1 -1 -1 0 -1 -2 -1 -1 -1 0 0 -1 0 -1 -1 -2 0 -1 0 0 -2 0 -1 -1 0 -1
2.18309808881988 -0.301887917353503 0.202547627688974 0.464837434465424 -0.155772093599247 -1 0 1 1 2 1 0 0 1 2 1 1 2 1 0 0 1 2 2 1 1 0 1 0 0 2 0 1 2 1 2 0 -1 -1 -2 -1 0 0 -1 -2 -1 -1 -2 -1 0 0 -1 -2 -2 -1 -1 0 -1 0 0 -2 0 -1 -2 -1 -2
-0.131514341885601 -0.55679747965854 -0.228345702450346 0.899373226149751 -0.81164652822877 -1 0 0 0 1 0 0 1 1 0 0 2 2 1 0 1 1 0 1 0 0 0 2 0 0 2 0 0 1 0 1 0 0 0 -1 0 0 -1 -1 0 0 -2 -2 -1 0 -1 -1 0 -1 0 0 0 -2 0 0 -2 0 0 -1 0 -1
0.981821995610165 -0.451822418893778 1.59388349606549 -0.757849632503179 0.110465775713545 -1 0 0 0 2 1 2 2 1 2 2 2 2 1 0 0 0 0 1 1 1 0 2 0 0 2 0 2 2 0 2 0 0 0 -2 -1 -2 -2 -1 -2 -2 -2 -2 -1 0 0 0 0 -1 -1 -1 0 -2 0 0 -2 0 -2 -2 0 -2
-0.929572965094883 -1.1336020711242 -2.29664953632788 -0.0714874403215769 0.368867947373357 -1 0 0 0 2 2 1 0 0 2 1 1 2 0 0 0 1 0 1 0 1 0 1 0 0 2 0 2 2 1 2 0 0 0 -2 -2 -1 0 0 -2 -1 -1 -2 0 0 0 -1 0 -1 0 -1 0 -1 0 0 -2 0 -2 -2 -1 -2
-0.58901909713334 -0.840630328547624 0.265596579664948 -0.277938438164474 -0.448547850534183 1 0 0 0 2 0 1 1 1 2 1 1 1 0 0 0 0 0 1 1 2 0 0 0 0 2 0 1 2 0 0 0 0 0 2 0 1 1 1 2 1 1 1 0 0 0 0 0 1 1 2 0 0 0 0 2 0 1 2 0 0
0.169618037595995 -1.6887255357416 -0.797555615273402 -1.2009892926898 -0.708278204481443 -1 0 0 0 2 0 1 0 0 1 0 1 2 1 0 0 0 1 1 0 0 0 1 0 0 2 0 2 2 0 2 0 0 0 -2 0 -1 0 0 -1 0 -1 -2 -1 0 0 0 -1 -1 0 0 0 -1 0 0 -2 0 -2 -2 0 -2
0.652608159537684 -0.374334595923464 0.287600464312589 -1.41498073602942 0.185073682467491 -1 0 0 0 2 1 1 0 0 0 2 2 2 0 0 1 1 0 1 1 0 0 2 0 0 2 0 1 1 1 1 0 0 0 -2 -1 -1 0 0 0 -2 -2 -2 0 0 -1 -1 0 -1 -1 0 0 -2 0 0 -2 0 -1 -1 -1 -1
-0.107818115059239 0.135883229679855 -0.516493321190235 -0.87989124939977 0.57805072125195 1 0 0 1 2 2 1 0 0 1 2 1 2 0 0 0 1 0 1 0 0 0 1 0 0 2 0 1 1 0 1 0 0 1 2 2 1 0 0 1 2 1 2 0 0 0 1 0 1 0 0 0 1 0 0 2 0 1 1 0 1
-0.242718996389129 -1.20899569848887 -0.346988379945772 0.137320329650909 -0.718876259112189 -1 0 0 0 2 1 1 0 0 1 0 1 2 0 0 0 1 1 1 0 0 0 1 0 0 1 0 1 1 0 1 0 0 0 -2 -1 -1 0 0 -1 0 -1 -2 0 0 0 -1 -1 -1 0 0 0 -1 0 0 -1 0 -1 -1 0 -1
0.124861679112444 0.88873176847939 1.08974004459112 -0.244778611966697 -0.39481686766867 -1 0 0 1 2 1 1 1 0 1 1 1 2 1 0 0 0 0 1 1 2 0 2 0 0 1 0 1 2 1 1 0 0 -1 -2 -1 -1 -1 0 -1 -1 -1 -2 -1 0 0 0 0 -1 -1 -2 0 -2 0 0 -1 0 -1 -2 -1 -1
1.00880251946716 0.0224842035240234 1.17489673454598 0.469124080093679 -0.0834373262813683 -1 0 0 0 1 2 1 0 0 1 1 2 2 0 0 0 1 0 1 0 1 0 2 1 0 2 0 1 2 1 0 0 0 0 -1 -2 -1 0 0 -1 -1 -2 -2 0 0 0 -1 0 -1 0 -1 0 -2 -1 0 -2 0 -1 -2 -1 0
-0.683446242351568 -0.996140271916025 0.47322280988521 0.837561670231404 1.09653897586182 1 0 0 0 2 1 1 1 1 1 1 2 2 1 0 0 2 1 1 0 2 0 1 0 0 2 0 2 2 1 0 0 0 0 2 1 1 1 1 1 1 2 2 1 0 0 2 1 1 0 2 0 1 0 0 2 0 2 2 1 0
0.667856360822916 -0.0852924973523141 -0.274120540942896 -0.897731815566415 -0.584090879330316 1 0 0 0 2 0 1 1 1 2 2 1 1 0 0 0 0 0 1 1 1 0 1 0 1 2 0 2 2 1 2 0 0 0 2 0 1 1 1 2 2 1 1 0 0 0 0 0 1 1 1 0 1 0 1 2 0 2 2 1 2
0.213262779310167 -0.284128994784807 2.45431629751921 -1.28789053884247 0.42534300753516 -1 0 0 0 1 1 1 0 0 1 1 2 2 1 0 0 1 1 1 1 0 0 0 0 0 2 0 1 2 1 2 0 0 0 -1 -1 -1 0 0 -1 -1 -2 -2 -1 0 0 -1 -1 -1 -1 0 0 0 0 0 -2 0 -1 -2 -1 -2
-0.116492468717189 2.694545629723 -0.467205809049442 -0.573823550503983 0.587162451688618 1 0 0 0 1 1 1 1 0 2 2 2 2 0 0 0 1 1 0 0 0 0 1 0 0 2 0 1 2 0 1 0 0 0 1 1 1 1 0 2 2 2 2 0 0 0 1 1 0 0 0 0 1 0 0 2 0 1 2 0 1
-0.81867798905945 0.506258181213239 -0.144768255908618 0.5498687548967 -1.75301522538102 1 0 0 0 2 1 1 2 2 2 1 2 2 0 0 1 2 0 0 0 1 0 0 0 1 2 0 1 1 0 0 0 0 0 2 1 1 2 2 2 1 2 2 0 0 1 2 0 0 0 1 0 0 0 1 2 0 1 1 0 0
-1.21407614069443 -0.385504224824488 -2.02747013905615 -0.404493861539799 1.91213307401438 -1 0 0 1 2 1 2 1 1 2 2 2 2 0 0 0 1 1 2 1 1 0 1 0 0 2 0 2 2 0 2 0 0 -1 -2 -1 -2 -1 -1 -2 -2 -2 -2 0 0 0 -1 -1 -2 -1 -1 0 -1 0 0 -2 0 -2 -2 0 -2
-1.00798551977118 -1.35698653097375 0.779783207192722 -0.547553639796183 -0.06461975099897 -1 0 0 0 1 1 2 1 1 2 2 1 1 0 0 0 1 0 0 0 0 0 1 0 0 2 0 2 2 2 2 0 0 0 -1 -1 -2 -1 -1 -2 -2 -1 -1 0 0 0 -1 0 0 0 0 0 -1 0 0 -2 0 -2 -2 -2 -2
-0.466327975650611 -1.6046723338562 -0.153070788783835 0.434271246348588 -0.322165243977028 -1 0 0 0 2 2 2 1 1 2 2 2 2 0 0 0 2 1 2 1 1 0 0 0 0 2 0 0 1 0 1 0 0 0 -2 -2 -2 -1 -1 -2 -2 -2 -2 0 0 0 -2 -1 -2 -1 -1 0 0 0 0 -2 0 0 -1 0 -1
0.744406932408687 0.476894310511021 -1.07610595018459 -0.552456456287023 2.48690538680664 1 0 0 0 1 1 2 1 0 1 1 2 2 1 0 0 1 1 1 1 0 0 2 1 1 2 0 1 2 0 1 0 0 0 1 1 2 1 0 1 1 2 2 1 0 0 1 1 1 1 0 0 2 1 1 2 0 1 2 0 1
-1.35606297106503 -0.302620390132897 -0.163819907664895 0.761266881942334 1.33963770892294 -1 1 1 2 2 1 1 0 1 1 1 1 1 0 0 0 0 0 1 0 0 0 1 0 0 2 0 0 2 1 1 -1 -1 -2 -2 -1 -1 0 -1 -1 -1 -1 -1 0 0 0 0 0 -1 0 0 0 -1 0 0 -2 0 0 -2 -1 -1
-0.69882239449404 0.127098923717504 -0.677189019839575 -1.4702916628459 -1.94787847447183 1 1 0 0 2 0 0 0 0 1 1 2 2 0 0 0 1 0 1 1 1 0 1 0 1 2 0 1 0 0 2 1 0 0 2 0 0 0 0 1 1 2 2 0 0 0 1 0 1 1 1 0 1 0 1 2 0 1 0 0 2
-1.297754743488 0.660033478369679 1.87854492097185 1.70564581034055 0.868987227708325 1 0 1 2 2 1 1 0 0 1 1 2 2 0 0 0 1 0 2 0 0 0 1 0 0 2 0 2 2 1 2 0 1 2 2 1 1 0 0 1 1 2 2 0 0 0 1 0 2 0 0 0 1 0 0 2 0 2 2 1 2
0.0773693521702714 1.16838301937672 0.15127574571568 -1.15679697764469 -0.546273513387422 1 0 1 1 2 0 1 1 0 1 0 2 2 0 0 0 1 1 1 1 2 0 2 0 2 2 0 2 2 0 0 0 1 1 2 0 1 1 0 1 0 2 2 0 0 0 1 1 1 1 2 0 2 0 2 2 0 2 2 0 0
-0.183325469243702 0.210203291247755 0.232383810597164 -2.17532542593302 1.00031588629352 -1 0 0 1 2 1 0 0 0 1 1 2 2 1 0 0 0 1 2 1 1 0 1 0 0 2 0 2 1 0 1 0 0 -1 -2 -1 0 0 0 -1 -1 -2 -2 -1 0 0 0 -1 -2 -1 -1 0 -1 0 0 -2 0 -2 -1 0 -1
-2.20954488146558 -0.0266686863359496 1.15641143734122 0.152850456100402 -0.0615126696506072 -1 0 0 0 1 1 2 1 1 2 1 2 2 1 0 0 1 1 1 0 1 0 0 0 0 2 0 1 1 2 2 0 0 0 -1 -1 -2 -1 -1 -2 -1 -2 -2 -1 0 0 -1 -1 -1 0 -1 0 0 0 0 -2 0 -1 -1 -2 -2
-0.947401270844187 0.868489994956741 -0.973534165166998 0.750902504528508 1.55878064145703 -1 0 0 0 2 0 0 0 1 2 2 2 2 0 0 0 2 1 2 1 1 0 2 0 0 2 0 0 1 0 1 0 0 0 -2 0 0 0 -1 -2 -2 -2 -2 0 0 0 -2 -1 -2 -1 -1 0 -2 0 0 -2 0 0 -1 0 -1
