1.10296954565078 -2.87787225002989 0.600553808202087 0.970787668582123 -0.095671628914592 1 1 1 0 1 2 1 1 0 0 0 1 1 0 0 0 0 0 2 2 0 2 1 1 1 0 2 1 2 2 0 1 1 0 1 2 1 1 0 0 0 1 1 0 0 0 0 0 2 2 0 2 1 1 1 0 2 1 2 2 0
-0.145803216319987 0.710233874284162 -0.137272558309823 -0.18843082228332 0.840912938878798 -1 2 2 1 2 2 0 1 1 1 0 1 2 0 1 0 1 2 0 0 0 2 1 1 0 0 2 2 2 1 2 -2 -2 -1 -2 -2 0 -1 -1 -1 0 -1 -2 0 -1 0 -1 -2 0 0 0 -2 -1 -1 0 0 -2 -2 -2 -1 -2
-0.474720069493342 -0.423917527278391 1.22036456038542 -0.51683819439115 -0.871795586774985 1 2 2 2 2 2 0 0 1 1 0 1 1 0 0 0 0 1 1 2 0 2 2 1 0 0 1 2 2 1 2 2 2 2 2 2 0 0 1 1 0 1 1 0 0 0 0 1 1 2 0 2 2 1 0 0 1 2 2 1 2
-0.404611050882046 0.335076651076197 0.440038773236151 -0.930603197894016 0.910611625214801 1 2 2 0 0 2 0 2 0 0 1 1 1 0 1 0 0 1 0 1 0 1 0 1 0 0 0 2 2 1 1 2 2 0 0 2 0 2 0 0 1 1 1 0 1 0 0 1 0 1 0 1 0 1 0 0 0 2 2 1 1
1.37543646811329 -0.175906381619507 -2.32826714119173 0.00617470264299527 -0.0265501178419908 -1 1 2 1 1 2 0 2 0 0 0 0 0 0 0 0 1 1 1 1 0 1 0 1 0 0 2 1 2 1 0 -1 -2 -1 -1 -2 0 -2 0 0 0 0 0 0 0 0 -1 -1 -1 -1 0 -1 0 -1 0 0 -2 -1 -2 -1 0
0.00371012811129213 0.204916258000607 -0.68640087086483 -0.53853186628657 0.0147815559402113 -1 2 2 2 2 2 0 1 1 1 0 1 1 0 0 0 0 1 0 1 0 2 1 1 0 0 0 1 2 0 0 -2 -2 -2 -2 -2 0 -1 -1 -1 0 -1 -1 0 0 0 0 -1 0 -1 0 -2 -1 -1 0 0 0 -1 -2 0 0
-0.248347033976343 -0.0291722983249638 -2.34546677340522 -1.33742235878055 -1.53069669093448 -1 2 2 1 1 2 0 2 1 0 1 0 0 0 0 0 0 0 1 2 0 2 2 2 1 0 1 2 1 1 0 -2 -2 -1 -1 -2 0 -2 -1 0 -1 0 0 0 0 0 0 0 -1 -2 0 -2 -2 -2 -1 0 -1 -2 -1 -1 0
-0.228381025454235 -1.23071193280111 -1.46189477258933 0.578602868194484 0.717968699520221 -1 2 2 1 2 1 0 1 1 0 1 2 0 0 0 0 0 1 0 0 0 2 1 0 0 0 0 2 2 2 1 -2 -2 -1 -2 -1 0 -1 -1 0 -1 -2 0 0 0 0 0 -1 0 0 0 -2 -1 0 0 0 0 -2 -2 -2 -1
0.352847371699528 2.98126014094204 -0.107669168952226 1.44468838094367 -0.54118229320877 -1 2 2 1 2 1 0 0 0 0 0 2 1 1 0 0 0 0 1 0 0 0 1 2 1 0 0 2 2 0 1 -2 -2 -1 -2 -1 0 0 0 0 0 -2 -1 -1 0 0 0 0 -1 0 0 0 -1 -2 -1 0 0 -2 -2 0 -1
1.20807065831923 -1.34595091385755 2.32251271587071 -0.00754131141195408 -0.921063370519244 1 2 2 0 0 2 0 0 1 1 1 1 0 0 0 0 0 1 1 1 0 0 0 0 0 0 1 0 2 2 0 2 2 0 0 2 0 0 1 1 1 1 0 0 0 0 0 1 1 1 0 0 0 0 0 0 1 0 2 2 0
-0.273869699031604 1.08585189521545 -1.70821372237057 1.34376029590654 1.08810881123793 -1 1 1 0 1 2 0 2 1 0 0 0 0 0 0 0 0 1 0 0 0 1 0 2 2 0 0 1 2 2 1 -1 -1 0 -1 -2 0 -2 -1 0 0 0 0 0 0 0 0 -1 0 0 0 -1 0 -2 -2 0 0 -1 -2 -2 -1
-0.880656413704512 -0.115841769249587 -0.109432304328777 -0.0720364185346793 0.209748422181691 -1 2 2 2 2 2 0 1 1 1 0 1 1 0 0 0 0 0 1 1 0 1 1 2 1 0 0 1 2 2 1 -2 -2 -2 -2 -2 0 -1 -1 -1 0 -1 -1 0 0 0 0 0 -1 -1 0 -1 -1 -2 -1 0 0 -1 -2 -2 -1
0.288949655861655 -1.25447286105208 0.200009949187777 0.0287015273818931 1.15981778301178 1 1 2 2 2 2 0 1 0 0 0 0 2 1 1 0 2 0 1 2 0 1 0 1 1 1 2 1 2 1 1 1 2 2 2 2 0 1 0 0 0 0 2 1 1 0 2 0 1 2 0 1 0 1 1 1 2 1 2 1 1
-1.46936516619675 -0.222777938934887 -2.53741657425717 -0.434582010145156 -0.0504751052500937 -1 1 1 0 0 2 0 1 1 1 1 0 0 0 0 0 0 0 2 2 0 2 1 1 0 0 1 2 2 1 0 -1 -1 0 0 -2 0 -1 -1 -1 -1 0 0 0 0 0 0 0 -2 -2 0 -2 -1 -1 0 0 -1 -2 -2 -1 0
0.62092141404789 -0.69518181775743 0.551506392018778 0.28189457299832 0.0169945626201758 1 1 2 0 1 2 0 0 1 0 0 0 1 0 0 0 2 2 0 1 0 2 2 1 1 0 2 2 2 2 0 1 2 0 1 2 0 0 1 0 0 0 1 0 0 0 2 2 0 1 0 2 2 1 1 0 2 2 2 2 0
1.18322007171768 -0.326583677166151 -1.10523105206184 -0.397640732779698 -0.232517913309019 -1 1 1 1 0 2 0 1 0 1 0 1 2 0 0 0 1 0 2 2 0 1 0 1 0 0 1 1 1 1 0 -1 -1 -1 0 -2 0 -1 0 -1 0 -1 -2 0 0 0 -1 0 -2 -2 0 -1 0 -1 0 0 -1 -1 -1 -1 0
0.590712916777867 -0.545742229788197 -0.562340432277489 -0.314213638775405 1.69797474774107 1 2 2 2 2 1 0 1 0 1 0 1 1 0 0 0 0 0 1 2 0 2 1 1 0 0 2 2 2 2 1 2 2 2 2 1 0 1 0 1 0 1 1 0 0 0 0 0 1 2 0 2 1 1 0 0 2 2 2 2 1
-0.112382026870355 -0.580971732591666 -0.907770774274702 -1.25176748106816 -1.5875143928508 -1 1 1 1 2 2 0 2 1 1 1 0 1 0 0 1 1 2 1 1 0 2 1 1 1 2 2 2 2 2 1 -1 -1 -1 -2 -2 0 -2 -1 -1 -1 0 -1 0 0 -1 -1 -2 -1 -1 0 -2 -1 -1 -1 -2 -2 -2 -2 -2 -1
0.358259621331326 1.27523149925205 0.88094130272476 1.2129368847655 -0.118196544901627 1 1 2 1 0 2 0 1 1 2 0 0 2 0 0 0 0 1 1 0 0 2 1 1 1 0 1 2 2 1 2 1 2 1 0 2 0 1 1 2 0 0 2 0 0 0 0 1 1 0 0 2 1 1 1 0 1 2 2 1 2
0.120614060175356 1.52475343042514 0.0455905797412419 -0.708139201113601 0.590883784574379 1 1 1 1 0 1 0 0 0 0 0 0 2 0 0 0 0 1 0 1 0 1 0 0 0 0 0 2 2 2 1 1 1 1 0 1 0 0 0 0 0 0 2 0 0 0 0 1 0 1 0 1 0 0 0 0 0 2 2 2 1
0.516176658609939 -1.1201511973569 0.776134908240545 -0.367350412075115 -1.124563134965 1 1 2 2 2 1 0 2 0 0 0 1 0 0 0 0 0 0 1 1 0 1 1 2 2 2 2 1 2 2 0 1 2 2 2 1 0 2 0 0 0 1 0 0 0 0 0 0 1 1 0 1 1 2 2 2 2 1 2 2 0
-0.666178130311349 -0.562713118574554 0.805253895932114 -0.613711217657703 -1.8943262982397 1 2 1 0 0 2 0 1 1 1 0 1 2 1 1 0 1 0 0 1 0 2 1 2 1 0 2 1 0 0 0 2 1 0 0 2 0 1 1 1 0 1 2 1 1 0 1 0 0 1 0 2 1 2 1 0 2 1 0 0 0
0.375445055217671 0.746565156713894 0.556350353311287 0.0252445976571299 -0.133260567404987 -1 1 1 1 1 2 1 2 2 1 0 0 2 0 0 0 1 2 1 1 0 2 1 2 2 0 1 1 1 1 0 -1 -1 -1 -1 -2 -1 -2 -2 -1 0 0 -2 0 0 0 -1 -2 -1 -1 0 -2 -1 -2 -2 0 -1 -1 -1 -1 0
0.585390262411174 -0.459521274579749 -1.16588136908873 0.278119207241692 1.29840570140254 -1 1 1 1 1 2 0 1 0 1 0 0 2 0 1 0 0 1 2 2 0 2 1 1 2 1 0 2 2 1 0 -1 -1 -1 -1 -2 0 -1 0 -1 0 0 -2 0 -1 0 0 -1 -2 -2 0 -2 -1 -1 -2 -1 0 -2 -2 -1 0
-1.44810801199975 -0.537338283765755 -0.277964214638989 -0.0548804625728599 -1.23389693878458 1 1 2 1 1 1 0 1 0 0 0 0 1 0 0 0 0 0 0 0 0 0 0 1 0 0 0 0 2 1 0 1 2 1 1 1 0 1 0 0 0 0 1 0 0 0 0 0 0 0 0 0 0 1 0 0 0 0 2 1 0
1.29098453150643 0.599536885583982 1.39656638051427 0.722167572780129 0.0392462155048369 1 1 2 1 0 2 0 1 0 1 1 1 1 0 0 0 0 1 0 2 0 2 0 2 2 2 0 1 2 1 1 1 2 1 0 2 0 1 0 1 1 1 1 0 0 0 0 1 0 2 0 2 0 2 2 2 0 1 2 1 1
1.1306094969412 0.781914435228103 -0.789470486242358 0.989183519958862 -1.47622311111529 -1 2 2 2 2 2 1 2 1 0 1 0 2 0 1 0 0 0 1 1 0 2 1 2 1 0 1 1 2 1 1 -2 -2 -2 -2 -2 -1 -2 -1 0 -1 0 -2 0 -1 0 0 0 -1 -1 0 -2 -1 -2 -1 0 -1 -1 -2 -1 -1
0.540333327279637 0.821517236169925 -0.860288638207196 -1.25296934004454 0.429889854650501 1 0 1 0 0 2 0 0 0 0 0 0 1 1 0 0 1 0 1 2 0 2 0 0 1 0 1 2 2 2 0 0 1 0 0 2 0 0 0 0 0 0 1 1 0 0 1 0 1 2 0 2 0 0 1 0 1 2 2 2 0
-0.181764057236174 0.893137301654587 0.342547732836526 0.579685144112459 0.881752943037168 1 2 2 0 1 2 0 1 0 1 0 1 2 1 0 0 0 0 2 1 0 2 2 1 1 1 2 1 2 2 0 2 2 0 1 2 0 1 0 1 0 1 2 1 0 0 0 0 2 1 0 2 2 1 1 1 2 1 2 2 0
0.955368461618224 -0.233510356426258 0.166667929117672 1.46592689173281 1.01930829627872 1 2 2 2 2 2 0 1 0 0 0 2 0 1 0 0 0 0 0 1 0 0 0 0 0 0 1 2 2 1 1 2 2 2 2 2 0 1 0 0 0 2 0 1 0 0 0 0 0 1 0 0 0 0 0 0 1 2 2 1 1
-1.39005102842623 0.193283508700147 0.156369400234212 -0.485811029831479 1.0305675001251 -1 2 2 0 0 1 0 1 0 0 1 2 1 0 0 0 0 1 1 0 0 2 0 0 0 0 1 2 2 0 1 -2 -2 0 0 -1 0 -1 0 0 -1 -2 -1 0 0 0 0 -1 -1 0 0 -2 0 0 0 0 -1 -2 -2 0 -1
1.04995362099003 0.0625499539952828 0.378606062777534 0.32600576187052 -1.97051225942465 -1 2 2 1 2 2 0 1 0 1 0 1 2 0 0 0 1 1 0 2 0 1 1 1 1 0 0 0 2 2 1 -2 -2 -1 -2 -2 0 -1 0 -1 0 -1 -2 0 0 0 -1 -1 0 -2 0 -1 -1 -1 -1 0 0 0 -2 -2 -1
0.500483202421159 -0.0624033214271194 1.30651845949249 -0.453228105525369 1.18837024812711 -1 2 2 2 2 2 1 2 0 0 0 0 1 1 0 0 0 1 0 0 0 1 1 2 2 0 1 2 2 2 0 -2 -2 -2 -2 -2 -1 -2 0 0 0 0 -1 -1 0 0 0 -1 0 0 0 -1 -1 -2 -2 0 -1 -2 -2 -2 0
-0.486654923750015 -0.0989877279270917 -0.553356965131352 1.10573543486769 -0.959399488271601 1 2 2 1 0 2 0 2 1 0 0 1 2 0 0 0 0 0 1 1 0 2 1 0 0 1 2 2 2 2 1 2 2 1 0 2 0 2 1 0 0 1 2 0 0 0 0 0 1 1 0 2 1 0 0 1 2 2 2 2 1
3.33423339929218 -1.22488050204332 0.25850003742368 0.61421317887549 -1.45917717215351 -1 2 2 1 2 2 0 0 0 0 0 1 1 1 1 0 0 1 1 1 0 1 0 2 1 0 1 2 2 0 0 -2 -2 -1 -2 -2 0 0 0 0 0 -1 -1 -1 -1 0 0 -1 -1 -1 0 -1 0 -2 -1 0 -1 -2 -2 0 0
-0.245932758921122 -0.445441740950629 -2.04500917379342 0.343196040909078 0.663781523374516 1 1 1 1 1 2 0 1 1 1 1 1 2 1 1 0 1 1 0 2 0 2 1 1 1 1 1 2 2 1 1 1 1 1 1 2 0 1 1 1 1 1 2 1 1 0 1 1 0 2 0 2 1 1 1 1 1 2 2 1 1
-0.8542384215765 0.616254435228058 -0.955300828832706 1.4579832218975 0.995528954069037 -1 2 2 2 2 2 0 1 0 0 0 1 2 0 0 0 2 1 1 1 1 2 0 2 1 0 0 2 2 1 1 -2 -2 -2 -2 -2 0 -1 0 0 0 -1 -2 0 0 0 -2 -1 -1 -1 -1 -2 0 -2 -1 0 0 -2 -2 -1 -1
-0.94699483315665 -0.123702766875031 -0.0553507380125245 -0.635695683282311 -0.168993717173483 -1 2 1 1 0 2 0 1 0 0 0 2 0 0 0 0 1 1 0 1 0 1 0 1 0 0 1 2 2 2 2 -2 -1 -1 0 -2 0 -1 0 0 0 -2 0 0 0 0 -1 -1 0 -1 0 -1 0 -1 0 0 -1 -2 -2 -2 -2
-0.0276524342839914 1.23849191296965 0.0415809876738323 0.683466929758853 1.05365167833871 1 1 1 1 1 2 0 0 0 0 0 0 0 0 0 0 0 0 1 1 0 2 1 1 0 0 0 0 2 1 1 1 1 1 1 2 0 0 0 0 0 0 0 0 0 0 0 0 1 1 0 2 1 1 0 0 0 0 2 1 1
-0.172995185157355 -0.642201169036178 1.19433463802401 0.176639567285182 0.0322934653643441 -1 2 2 2 2 2 0 2 0 1 0 2 1 0 1 0 2 1 0 2 0 2 1 1 1 0 0 0 2 2 0 -2 -2 -2 -2 -2 0 -2 0 -1 0 -2 -1 0 -1 0 -2 -1 0 -2 0 -2 -1 -1 -1 0 0 0 -2 -2 0
0.12255454091761 -0.761652112035722 -0.798136071520579 -0.575833923947689 -1.97684533075168 1 2 2 2 1 2 0 1 1 0 0 1 2 0 0 0 0 0 2 2 0 2 0 0 1 1 2 2 2 2 1 2 2 2 1 2 0 1 1 0 0 1 2 0 0 0 0 0 2 2 0 2 0 0 1 1 2 2 2 2 1
-0.51189205780405 -1.3669179042764 -0.0351121005413411 0.823609082828028 -1.17631647275758 1 2 2 1 2 2 0 0 1 0 0 0 2 1 1 0 1 1 0 1 0 1 0 2 2 2 2 2 2 1 0 2 2 1 2 2 0 0 1 0 0 0 2 1 1 0 1 1 0 1 0 1 0 2 2 2 2 2 2 1 0
0.900208379150936 1.08040405957978 0.643118943637456 -1.61206694918208 -0.101131169597061 -1 1 1 0 1 1 0 0 0 0 0 1 1 0 0 0 1 2 0 0 0 1 0 1 1 0 2 2 2 2 0 -1 -1 0 -1 -1 0 0 0 0 0 -1 -1 0 0 0 -1 -2 0 0 0 -1 0 -1 -1 0 -2 -2 -2 -2 0
0.3401230664487 1.03638854955137 -0.288491702078005 -1.49919002212112 0.571915671404315 1 2 2 0 0 1 0 0 0 0 0 0 2 1 0 0 1 0 1 1 0 1 1 1 1 2 1 1 2 2 1 2 2 0 0 1 0 0 0 0 0 0 2 1 0 0 1 0 1 1 0 1 1 1 1 2 1 1 2 2 1
2.50145008565069 -0.0230025676838121 -0.564237705913784 1.90051886303126 1.33807987418119 1 2 1 1 2 2 0 2 1 0 0 1 2 0 0 1 0 0 1 2 0 1 0 2 2 0 1 1 1 1 0 2 1 1 2 2 0 2 1 0 0 1 2 0 0 1 0 0 1 2 0 1 0 2 2 0 1 1 1 1 0
-0.429594522155778 -0.169380123128817 -0.662126347455125 -1.05771903244251 -2.33260859442082 -1 2 2 1 1 1 0 0 0 1 1 1 2 1 0 0 0 0 1 2 0 1 0 1 1 0 2 2 2 0 0 -2 -2 -1 -1 -1 0 0 0 -1 -1 -1 -2 -1 0 0 0 0 -1 -2 0 -1 0 -1 -1 0 -2 -2 -2 0 0
-0.719332128171045 0.498562269471617 1.29557002464381 0.952036104263939 0.218834007870216 -1 2 2 1 1 2 1 2 1 1 1 2 2 0 0 0 0 0 0 0 0 1 0 2 1 0 2 2 2 2 1 -2 -2 -1 -1 -2 -1 -2 -1 -1 -1 -2 -2 0 0 0 0 0 0 0 0 -1 0 -2 -1 0 -2 -2 -2 -2 -1
-0.481833384915864 -0.0494805964189417 -0.0404022048319664 -1.42166176272292 1.07566604817789 -1 2 1 2 2 1 0 2 0 1 0 0 0 0 0 0 0 0 2 1 0 2 0 0 0 0 1 1 2 2 1 -2 -1 -2 -2 -1 0 -2 0 -1 0 0 0 0 0 0 0 0 -2 -1 0 -2 0 0 0 0 -1 -1 -2 -2 -1
0.597933326794876 -1.65062614548961 1.43527089509511 0.557702406443516 -0.881662675923383 -1 2 2 1 2 2 0 2 0 0 0 1 1 0 0 0 0 0 1 1 0 2 1 1 1 0 0 0 1 1 0 -2 -2 -1 -2 -2 0 -2 0 0 0 -1 -1 0 0 0 0 0 -1 -1 0 -2 -1 -1 -1 0 0 0 -1 -1 0
-0.895885079626191 -1.01351959525965 0.940531419460373 -0.765498006162548 -0.639759386364307 -1 2 2 1 1 2 1 1 0 1 0 1 1 0 0 0 1 1 1 1 0 1 1 1 0 0 1 2 2 1 0 -2 -2 -1 -1 -2 -1 -1 0 -1 0 -1 -1 0 0 0 -1 -1 -1 -1 0 -1 -1 -1 0 0 -1 -2 -2 -1 0
0.514646854424955 0.081024130175528 -1.68312653542064 -0.263190933475245 -0.176540547450901 1 2 1 1 0 2 0 1 0 0 0 0 2 1 0 0 0 0 1 2 0 1 0 2 2 0 2 2 2 2 1 2 1 1 0 2 0 1 0 0 0 0 2 1 0 0 0 0 1 2 0 1 0 2 2 0 2 2 2 2 1
1.81932799037232 0.86893336133353 0.0677618149658422 -0.577425901788106 0.735264205123442 -1 2 2 1 1 2 0 1 0 0 0 2 2 0 0 0 1 1 1 1 0 1 1 2 2 0 2 2 2 1 0 -2 -2 -1 -1 -2 0 -1 0 0 0 -2 -2 0 0 0 -1 -1 -1 -1 0 -1 -1 -2 -2 0 -2 -2 -2 -1 0
-2.10249618737612 0.210521436958212 0.100258387360993 -0.360687607924256 0.664266292200843 -1 2 2 0 2 2 0 1 2 1 0 1 2 0 0 0 1 0 1 1 0 2 2 2 1 1 2 2 2 0 0 -2 -2 0 -2 -2 0 -1 -2 -1 0 -1 -2 0 0 0 -1 0 -1 -1 0 -2 -2 -2 -1 -1 -2 -2 -2 0 0
-1.45354984892517 -0.206904285702069 -0.452133912824601 -0.953686728381687 1.75115341610957 -1 2 2 2 2 2 1 1 1 0 0 1 1 0 0 0 0 0 1 1 0 2 0 1 1 1 1 1 2 1 0 -2 -2 -2 -2 -2 -1 -1 -1 0 0 -1 -1 0 0 0 0 0 -1 -1 0 -2 0 -1 -1 -1 -1 -1 -2 -1 0
0.525750206151023 1.41454903453503 0.0235201509429068 0.488259372288103 0.165467633532476 1 2 2 0 0 2 0 1 1 1 1 1 1 1 1 0 1 1 1 1 0 2 2 1 1 0 2 2 2 1 1 2 2 0 0 2 0 1 1 1 1 1 1 1 1 0 1 1 1 1 0 2 2 1 1 0 2 2 2 1 1
-1.6113080184911 1.47423209301358 -1.62495175356585 -0.601172939776419 0.455518699161919 1 1 1 0 0 2 1 1 1 0 0 1 2 0 0 0 0 0 2 1 0 2 1 1 1 0 1 2 2 1 0 1 1 0 0 2 1 1 1 0 0 1 2 0 0 0 0 0 2 1 0 2 1 1 1 0 1 2 2 1 0
0.379941061143798 1.11083845131831 1.50878681699506 -0.467698954273538 1.40042467111388 -1 1 2 1 2 2 1 0 0 0 0 0 1 1 0 0 0 0 0 0 0 1 0 1 1 1 0 0 2 2 0 -1 -2 -1 -2 -2 -1 0 0 0 0 0 -1 -1 0 0 0 0 0 0 0 -1 0 -1 -1 -1 0 0 -2 -2 0
-0.597647163285051 0.215425006011106 -0.212561636139672 0.537372835131872 0.0492817326591624 -1 1 2 2 2 1 1 2 1 1 0 1 1 0 0 0 0 0 1 1 0 0 0 1 1 0 1 2 2 2 1 -1 -2 -2 -2 -1 -1 -2 -1 -1 0 -1 -1 0 0 0 0 0 -1 -1 0 0 0 -1 -1 0 -1 -2 -2 -2 -1
-0.700087292054402 -1.88033111680011 0.210061466087233 -0.0912962626443939 1.01665243745394 -1 2 2 1 0 2 0 2 0 1 1 2 1 0 0 0 0 0 0 0 0 1 1 2 2 0 0 1 2 1 0 -2 -2 -1 0 -2 0 -2 0 -1 -1 -2 -1 0 0 0 0 0 0 0 0 -1 -1 -2 -2 0 0 -1 -2 -1 0
-1.30745184132635 -0.0191061173871053 0.67575785966649 1.61539041000436 -0.32802514066804 -1 2 2 1 2 2 0 1 0 0 0 0 1 0 0 0 0 0 1 2 0 1 2 2 1 0 1 1 2 1 0 -2 -2 -1 -2 -2 0 -1 0 0 0 0 -1 0 0 0 0 0 -1 -2 0 -1 -2 -2 -1 0 -1 -1 -2 -1 0
-0.316357127821691 -0.376253620836843 -1.02698409845659 0.965259133387528 -0.120295487703536 1 2 2 2 1 2 0 1 1 1 1 2 2 1 1 0 0 1 2 1 0 2 1 1 1 1 1 2 2 2 1 2 2 2 1 2 0 1 1 1 1 2 2 1 1 0 0 1 2 1 0 2 1 1 1 1 1 2 2 2 1
0.730863432421401 -2.15942529046238 1.03043160556428 0.771213464806947 0.433755513961553 -1 2 2 1 2 2 0 0 0 1 1 1 1 0 0 0 0 0 1 0 0 2 2 2 1 0 0 1 2 1 0 -2 -2 -1 -2 -2 0 0 0 -1 -1 -1 -1 0 0 0 0 0 -1 0 0 -2 -2 -2 -1 0 0 -1 -2 -1 0
1.48150182134838 -1.79589666844707 0.219020888395765 -0.886253943623633 0.506240326231193 -1 2 2 1 2 1 1 2 1 1 1 1 1 0 0 0 0 0 1 1 0 1 0 2 2 1 1 1 2 1 1 -2 -2 -1 -2 -1 -1 -2 -1 -1 -1 -1 -1 0 0 0 0 0 -1 -1 0 -1 0 -2 -2 -1 -1 -1 -2 -1 -1
-1.7388807251993 0.0408315869176306 -0.823941861522347 0.00463291123310837 -0.0994496435272132 -1 2 1 1 2 2 0 1 0 0 0 1 1 0 0 0 1 1 1 2 0 1 0 1 0 0 1 2 2 1 1 -2 -1 -1 -2 -2 0 -1 0 0 0 -1 -1 0 0 0 -1 -1 -1 -2 0 -1 0 -1 0 0 -1 -2 -2 -1 -1
-0.0995356556395018 -0.219534346181004 -2.33672267394383 0.260408486872298 0.345602421078859 -1 2 2 1 1 2 1 2 1 0 0 0 1 0 0 0 1 1 1 0 0 2 0 1 0 0 2 2 2 2 0 -2 -2 -1 -1 -2 -1 -2 -1 0 0 0 -1 0 0 0 -1 -1 -1 0 0 -2 0 -1 0 0 -2 -2 -2 -2 0
1.57756727051012 -0.809491594321301 -0.223249058282511 0.77402365535261 -0.466587486668489 1 2 2 1 1 2 0 1 0 0 1 2 0 0 0 0 1 1 0 1 0 2 1 1 1 0 2 2 2 1 1 2 2 1 1 2 0 1 0 0 1 2 0 0 0 0 1 1 0 1 0 2 1 1 1 0 2 2 2 1 1
0.465113629079007 0.858832858161745 0.298973032364577 -0.640077543484564 0.207021686592528 -1 2 1 2 1 2 0 1 0 1 0 1 1 0 0 0 2 2 1 1 0 2 1 1 1 1 1 1 2 2 1 -2 -1 -2 -1 -2 0 -1 0 -1 0 -1 -1 0 0 0 -2 -2 -1 -1 0 -2 -1 -1 -1 -1 -1 -1 -2 -2 -1
0.613745484584303 0.457970761065299 -0.140945706984685 0.27430842012906 -0.745832939462024 -1 2 1 2 2 1 0 1 0 1 0 1 2 0 0 0 0 0 2 2 0 2 1 0 1 0 2 2 2 0 1 -2 -1 -2 -2 -1 0 -1 0 -1 0 -1 -2 0 0 0 0 0 -2 -2 0 -2 -1 0 -1 0 -2 -2 -2 0 -1
-0.506435241979582 -0.933829976264149 0.376066823649414 -1.1964357316145 0.465407497570765 1 2 2 1 0 2 1 2 1 0 0 0 2 0 0 0 1 1 0 2 0 2 1 0 1 0 1 1 2 0 0 2 2 1 0 2 1 2 1 0 0 0 2 0 0 0 1 1 0 2 0 2 1 0 1 0 1 1 2 0 0
0.206209145003451 -0.609973352828287 1.23156920983737 0.0762952902790021 -0.541813130291255 1 2 1 1 1 1 0 2 1 1 1 2 2 1 1 1 0 1 1 1 0 2 0 0 0 0 2 2 2 2 2 2 1 1 1 1 0 2 1 1 1 2 2 1 1 1 0 1 1 1 0 2 0 0 0 0 2 2 2 2 2
1.02128811616129 1.51910109072202 0.396613388062379 0.197009524056946 -1.06740976936956 1 2 1 0 0 2 0 1 1 1 0 2 0 0 0 1 0 1 0 0 0 1 1 1 2 1 0 2 1 0 0 2 1 0 0 2 0 1 1 1 0 2 0 0 0 1 0 1 0 0 0 1 1 1 2 1 0 2 1 0 0
-0.103972669522873 0.00332944415104042 -0.18657646302507 -2.00216947570013 -0.0286128054921364 -1 1 2 0 1 0 0 1 0 0 0 0 2 0 0 0 0 0 1 0 0 1 1 2 2 0 1 2 2 2 2 -1 -2 0 -1 0 0 -1 0 0 0 0 -2 0 0 0 0 0 -1 0 0 -1 -1 -2 -2 0 -1 -2 -2 -2 -2
-0.843864212226479 -0.0563675156180905 0.879204516162845 -0.466562884462015 0.108004500587114 1 2 2 1 2 2 1 1 0 0 0 1 2 2 1 1 1 0 0 0 0 1 0 2 1 1 2 2 2 0 1 2 2 1 2 2 1 1 0 0 0 1 2 2 1 1 1 0 0 0 0 1 0 2 1 1 2 2 2 0 1
-0.0196031618262994 -1.26976539978266 0.211558007854849 1.93920888182429 0.150411567515151 1 1 1 2 2 2 0 1 1 2 1 1 1 0 1 0 0 1 0 1 0 2 1 1 2 1 1 2 2 1 0 1 1 2 2 2 0 1 1 2 1 1 1 0 1 0 0 1 0 1 0 2 1 1 2 1 1 2 2 1 0
0.982951548569921 0.584409094506274 0.601922500558048 -1.39580393007376 -0.048993109941487 1 1 1 1 2 2 0 1 1 0 1 2 0 0 0 0 2 1 0 0 0 0 0 1 2 1 0 0 1 0 0 1 1 1 2 2 0 1 1 0 1 2 0 0 0 0 2 1 0 0 0 0 0 1 2 1 0 0 1 0 0
-2.08414027699738 0.547447173275146 -0.713940841136799 0.572808822919929 -0.850395747097673 -1 2 2 1 1 2 0 1 0 0 0 1 2 1 0 0 1 1 1 1 0 2 2 1 1 0 0 1 2 2 1 -2 -2 -1 -1 -2 0 -1 0 0 0 -1 -2 -1 0 0 -1 -1 -1 -1 0 -2 -2 -1 -1 0 0 -1 -2 -2 -1
1.54587039790949 0.717777599008136 -0.7762701703407 0.779616056749891 -1.41831088560394 -1 2 2 2 2 2 1 2 0 1 1 1 1 0 0 0 0 1 0 1 0 2 1 1 0 0 0 1 2 2 1 -2 -2 -2 -2 -2 -1 -2 0 -1 -1 -1 -1 0 0 0 0 -1 0 -1 0 -2 -1 -1 0 0 0 -1 -2 -2 -1
0.777816169205507 0.246383693265006 -0.0488228106993886 0.0665113837081408 -1.01834639212935 -1 2 2 2 2 2 0 0 0 1 0 0 2 0 0 0 1 0 0 0 0 1 0 1 2 1 0 0 2 1 1 -2 -2 -2 -2 -2 0 0 0 -1 0 0 -2 0 0 0 -1 0 0 0 0 -1 0 -1 -2 -1 0 0 -2 -1 -1
1.71960916908552 -1.48501283424144 -0.218105964392693 0.994156396989582 1.49509504182719 1 2 2 1 1 1 0 1 1 0 0 0 1 0 0 0 0 0 0 1 0 2 0 1 2 0 2 2 1 1 0 2 2 1 1 1 0 1 1 0 0 0 1 0 0 0 0 0 0 1 0 2 0 1 2 0 2 2 1 1 0
0.966275896600077 1.2410023697819 0.148770860165735 -1.16744690956308 1.24378438301689 -1 2 2 2 2 2 1 1 0 1 0 1 1 0 0 0 0 0 0 1 0 2 1 0 0 0 1 1 2 2 1 -2 -2 -2 -2 -2 -1 -1 0 -1 0 -1 -1 0 0 0 0 0 0 -1 0 -2 -1 0 0 0 -1 -1 -2 -2 -1
1.06671842870251 -0.244079486074968 -1.53057347783473 -0.366422990957039 -0.210067058742147 -1 2 2 1 1 1 0 0 0 0 0 2 0 0 1 0 2 1 1 0 0 2 1 0 0 0 1 2 2 2 0 -2 -2 -1 -1 -1 0 0 0 0 0 -2 0 0 -1 0 -2 -1 -1 0 0 -2 -1 0 0 0 -1 -2 -2 -2 0
2.09538919605229 0.101144334268921 0.0111050395517872 1.27339949359286 1.22368186488278 -1 2 2 1 1 1 0 2 2 1 0 1 2 0 0 0 0 1 0 2 0 1 1 1 0 0 1 2 2 1 0 -2 -2 -1 -1 -1 0 -2 -2 -1 0 -1 -2 0 0 0 0 -1 0 -2 0 -1 -1 -1 0 0 -1 -2 -2 -1 0
0.631246804243004 -0.437090592674733 -0.16943527262549 0.631705633552275 -1.21560883471684 -1 1 2 1 1 1 0 1 1 0 0 1 1 1 0 0 0 0 0 1 0 0 1 2 1 0 2 2 2 2 2 -1 -2 -1 -1 -1 0 -1 -1 0 0 -1 -1 -1 0 0 0 0 0 -1 0 0 -1 -2 -1 0 -2 -2 -2 -2 -2
-0.888196201203586 0.481230294361449 1.27147679481715 -1.04556785768906 0.60230589296261 1 2 1 1 1 2 1 2 1 0 0 1 1 0 0 0 1 0 0 2 0 2 2 2 1 0 2 2 2 2 1 2 1 1 1 2 1 2 1 0 0 1 1 0 0 0 1 0 0 2 0 2 2 2 1 0 2 2 2 2 1
1.75487417518584 0.183459512814386 -0.508745458800354 -0.791783196735095 -0.817079723307299 1 2 1 0 0 2 1 1 0 0 0 1 2 0 0 0 2 1 0 1 0 2 1 0 1 0 0 2 2 1 2 2 1 0 0 2 1 1 0 0 0 1 2 0 0 0 2 1 0 1 0 2 1 0 1 0 0 2 2 1 2
0.0750987296102855 0.457713432790849 -0.342544427976636 0.0248807718130463 -1.25166445277761 1 1 2 2 2 2 0 2 1 0 0 1 2 0 0 0 1 2 0 1 0 2 1 0 1 0 0 1 2 1 0 1 2 2 2 2 0 2 1 0 0 1 2 0 0 0 1 2 0 1 0 2 1 0 1 0 0 1 2 1 0
-0.826296214387822 -1.10056800970228 1.8282029259235 -1.07645690686986 0.133065204161509 -1 2 2 1 1 2 0 2 2 2 1 1 1 0 0 0 1 2 0 1 0 2 2 1 0 0 2 2 2 2 1 -2 -2 -1 -1 -2 0 -2 -2 -2 -1 -1 -1 0 0 0 -1 -2 0 -1 0 -2 -2 -1 0 0 -2 -2 -2 -2 -1
-1.40970819749705 0.0342407600541804 -1.28974849215462 0.755869424454934 -0.74720852320409 1 2 2 2 1 2 0 1 1 1 0 1 0 0 0 0 0 0 0 1 0 1 0 1 1 1 1 1 2 1 1 2 2 2 1 2 0 1 1 1 0 1 0 0 0 0 0 0 0 1 0 1 0 1 1 1 1 1 2 1 1
-0.583117774426063 1.18187207820101 -0.741566701824692 -1.39989560506955 -0.784312324685384 -1 2 2 1 2 2 1 2 2 1 2 2 1 0 0 0 1 1 1 2 0 2 1 2 1 0 1 1 2 1 2 -2 -2 -1 -2 -2 -1 -2 -2 -1 -2 -2 -1 0 0 0 -1 -1 -1 -2 0 -2 -1 -2 -1 0 -1 -1 -2 -1 -2
1.25830888582293 -0.325445326429455 0.486606723333031 0.0227206425353018 1.16232527650035 -1 2 2 1 1 2 1 2 2 1 1 1 1 0 0 0 0 1 0 1 0 2 1 1 0 0 1 2 2 2 1 -2 -2 -1 -1 -2 -1 -2 -2 -1 -1 -1 -1 0 0 0 0 -1 0 -1 0 -2 -1 -1 0 0 -1 -2 -2 -2 -1
-2.20538180032879 -0.0593658086575903 -2.47956107432333 -0.0188457779683184 1.29122619553391 -1 2 2 1 1 2 0 2 1 1 0 2 1 0 0 0 0 0 1 1 0 2 1 2 2 0 2 2 2 2 1 -2 -2 -1 -1 -2 0 -2 -1 -1 0 -2 -1 0 0 0 0 0 -1 -1 0 -2 -1 -2 -2 0 -2 -2 -2 -2 -1
-0.363454642219081 -1.39911415145157 -0.0328107172117871 -0.856371393859107 -2.52719520991183 -1 2 1 1 0 2 2 2 1 0 0 0 2 1 1 1 1 0 0 0 0 2 2 2 2 0 2 1 2 0 0 -2 -1 -1 0 -2 -2 -2 -1 0 0 0 -2 -1 -1 -1 -1 0 0 0 0 -2 -2 -2 -2 0 -2 -1 -2 0 0
-0.897893809696445 0.270182523141755 0.574637912835108 0.17630890607312 0.328630308753664 1 2 1 1 1 2 0 1 0 0 0 0 2 0 0 1 1 1 1 2 0 0 1 0 0 0 1 1 2 1 0 2 1 1 1 2 0 1 0 0 0 0 2 0 0 1 1 1 1 2 0 0 1 0 0 0 1 1 2 1 0
2.10856396285992 -0.573708687983429 0.775704432523323 -0.465502887717982 0.658785494409787 1 2 1 1 1 2 0 1 1 0 0 1 1 0 0 0 1 0 1 2 0 2 1 2 0 0 1 2 2 1 0 2 1 1 1 2 0 1 1 0 0 1 1 0 0 0 1 0 1 2 0 2 1 2 0 0 1 2 2 1 0
-1.33612680064646 0.756832572867807 0.334292834341797 -2.35048160996647 -0.232195324554052 1 2 1 1 1 2 0 1 0 0 1 2 0 0 0 0 0 0 1 1 0 2 1 1 1 0 1 0 1 0 0 2 1 1 1 2 0 1 0 0 1 2 0 0 0 0 0 0 1 1 0 2 1 1 1 0 1 0 1 0 0
0.96200517533017 -1.58141552095776 -1.40148231051621 -0.87965926523608 -0.836751470644902 1 2 2 2 2 2 0 2 0 1 0 1 0 0 0 0 0 0 1 1 0 2 1 2 1 2 1 2 2 0 1 2 2 2 2 2 0 2 0 1 0 1 0 0 0 0 0 0 1 1 0 2 1 2 1 2 1 2 2 0 1
-0.181061696685026 -0.0623070179373686 -0.480623001010243 0.702934052082961 1.54157200739299 1 1 2 1 1 2 1 1 1 0 1 2 2 1 1 0 0 1 1 1 0 1 1 1 1 2 2 2 2 2 1 1 2 1 1 2 1 1 1 0 1 2 2 1 1 0 0 1 1 1 0 1 1 1 1 2 2 2 2 2 1
0.226883415429064 -0.173660360473286 2.2700171592157 -1.54541338792424 1.32302263327695 1 1 2 1 1 2 0 2 1 1 1 1 0 0 0 0 0 1 2 1 0 2 2 2 0 0 1 2 2 2 1 1 2 1 1 2 0 2 1 1 1 1 0 0 0 0 0 1 2 1 0 2 2 2 0 0 1 2 2 2 1
0.62401810390336 -0.447241479603988 1.9864413481227 0.513673970974114 -0.403657716063794 -1 1 2 1 1 2 1 0 0 1 0 0 2 0 1 0 0 1 0 2 0 2 1 1 1 2 2 1 2 2 1 -1 -2 -1 -1 -2 -1 0 0 -1 0 0 -2 0 -1 0 0 -1 0 -2 0 -2 -1 -1 -1 -2 -2 -1 -2 -2 -1
-0.900717743116691 1.90292660866929 -0.212969421134477 0.537014602467585 -1.57178111246189 -1 1 1 1 2 2 0 2 0 0 1 1 2 2 0 0 1 0 0 1 0 1 2 1 2 2 2 2 2 2 1 -1 -1 -1 -2 -2 0 -2 0 0 -1 -1 -2 -2 0 0 -1 0 0 -1 0 -1 -2 -1 -2 -2 -2 -2 -2 -2 -1
