0.968476727211093 -0.726951285017908 1.23914559303145 2.09083154606082 -0.0206185411606581 1 0 1 1 1 2 1 2 2 0 0 0 1 0 2 2 2 0 0 0 0 0 1 1 2 2 2 1 1 0 1 0 1 1 1 2 1 2 2 0 0 0 1 0 2 2 2 0 0 0 0 0 1 1 2 2 2 1 1 0 1
-1.0858152865954 -0.0378812476469357 0.445532666413561 -0.869770963223689 1.21861009966502 1 0 1 1 0 1 0 2 2 0 1 2 1 0 2 0 0 0 0 0 0 1 2 0 2 2 2 0 0 0 0 0 1 1 0 1 0 2 2 0 1 2 1 0 2 0 0 0 0 0 0 1 2 0 2 2 2 0 0 0 0
-0.12614390885788 1.32490623856205 1.17786989282719 0.662700352331343 0.241921311924502 -1 1 2 1 0 0 0 2 2 1 0 1 1 0 2 2 1 0 1 0 0 0 2 0 2 2 1 1 0 1 1 -1 -2 -1 0 0 0 -2 -2 -1 0 -1 -1 0 -2 -2 -1 0 -1 0 0 0 -2 0 -2 -2 -1 -1 0 -1 -1
-0.970879719764096 0.492106579477459 1.36894416249425 1.38628234669227 1.07697009711693 1 0 0 1 0 1 0 2 1 0 0 0 1 0 2 1 1 0 0 1 0 0 2 0 1 0 1 2 2 1 1 0 0 1 0 1 0 2 1 0 0 0 1 0 2 1 1 0 0 1 0 0 2 0 1 0 1 2 2 1 1
-0.826599559511073 1.22496658289799 -0.0566768599535736 1.36341039637394 0.0965396929088917 -1 0 1 1 1 0 0 2 2 1 0 0 2 1 2 2 0 0 0 0 0 1 1 0 2 2 1 1 2 2 0 0 -1 -1 -1 0 0 -2 -2 -1 0 0 -2 -1 -2 -2 0 0 0 0 0 -1 -1 0 -2 -2 -1 -1 -2 -2 0
-0.166729646432325 1.04003237111909 -0.191805648891581 1.16360510926135 0.828037289255668 1 0 0 1 0 1 0 1 0 0 0 0 1 1 1 1 0 0 0 1 1 1 1 0 1 1 1 0 2 1 0 0 0 1 0 1 0 1 0 0 0 0 1 1 1 1 0 0 0 1 1 1 1 0 1 1 1 0 2 1 0
-0.579327784906684 -0.0491861604800294 0.00975655003294513 -1.2777728244179 -0.512335960541421 1 1 1 1 0 2 0 1 1 1 1 0 0 0 1 2 2 1 2 0 0 1 0 0 1 1 2 1 1 0 1 1 1 1 0 2 0 1 1 1 1 0 0 0 1 2 2 1 2 0 0 1 0 0 1 1 2 1 1 0 1
-0.0843416182236071 -0.126336592628823 -0.263272925578847 -1.02603247874726 0.260819624750755 -1 1 1 2 0 1 0 2 2 0 0 1 1 0 2 2 0 0 0 0 0 0 1 0 1 0 2 2 0 0 0 -1 -1 -2 0 -1 0 -2 -2 0 0 -1 -1 0 -2 -2 0 0 0 0 0 0 -1 0 -1 0 -2 -2 0 0 0
1.27334645034173 0.0827702372959184 0.0923991546555298 -0.0890291181376885 -1.0120456428819 1 1 2 2 2 2 1 2 2 0 0 0 0 0 2 1 0 0 0 1 0 1 2 1 2 2 2 1 2 0 0 1 2 2 2 2 1 2 2 0 0 0 0 0 2 1 0 0 0 1 0 1 2 1 2 2 2 1 2 0 0
-0.468669758481743 2.19884351719711 0.70655511617457 0.650584195801614 -1.55012463937723 -1 2 2 1 0 0 0 2 1 0 0 2 2 0 2 1 0 0 0 0 0 0 1 0 0 0 1 1 1 2 0 -2 -2 -1 0 0 0 -2 -1 0 0 -2 -2 0 -2 -1 0 0 0 0 0 0 -1 0 0 0 -1 -1 -1 -2 0
0.0911477888224455 -0.633019787098502 0.184037319522506 -0.671293761199964 -1.15618756494709 -1 2 2 1 1 2 0 2 0 0 0 0 0 0 2 1 0 0 1 0 0 0 0 0 2 1 2 2 2 2 1 -2 -2 -1 -1 -2 0 -2 0 0 0 0 0 0 -2 -1 0 0 -1 0 0 0 0 0 -2 -1 -2 -2 -2 -2 -1
-1.07067804880891 0.517044114617952 -0.431177691187303 -1.66567398336556 -0.742149357055368 -1 1 1 1 0 2 0 1 1 0 0 0 0 0 1 1 0 0 1 0 0 1 0 0 2 0 1 0 1 1 1 -1 -1 -1 0 -2 0 -1 -1 0 0 0 0 0 -1 -1 0 0 -1 0 0 -1 0 0 -2 0 -1 0 -1 -1 -1
-0.483814942335445 -0.258383189621495 0.0819033901186179 0.0683294274854676 -0.403062673381366 -1 2 2 1 1 0 0 1 1 0 0 0 1 0 2 2 0 0 0 0 0 1 2 0 2 1 1 2 2 1 0 -2 -2 -1 -1 0 0 -1 -1 0 0 0 -1 0 -2 -2 0 0 0 0 0 -1 -2 0 -2 -1 -1 -2 -2 -1 0
0.54501216074178 -0.922263389386262 -1.49577505544038 0.121967578278377 -0.230408513293298 1 1 2 1 1 1 0 2 2 0 0 2 2 0 2 2 1 0 0 1 0 1 1 0 1 0 1 1 2 1 0 1 2 1 1 1 0 2 2 0 0 2 2 0 2 2 1 0 0 1 0 1 1 0 1 0 1 1 2 1 0
-1.61038882301511 -0.862791561985608 -1.18568841172149 -2.40449320872656 -0.327964372123926 1 2 2 2 1 2 0 2 2 1 0 1 1 0 2 1 1 0 0 0 0 1 1 0 1 1 1 0 0 1 0 2 2 2 1 2 0 2 2 1 0 1 1 0 2 1 1 0 0 0 0 1 1 0 1 1 1 0 0 1 0
-1.27512206917867 0.450358821188029 1.67200939553237 0.56604156532934 -1.88250988907515 -1 1 1 1 0 0 0 2 2 0 0 0 0 0 1 1 1 0 1 0 0 0 1 0 1 0 2 2 2 1 1 -1 -1 -1 0 0 0 -2 -2 0 0 0 0 0 -1 -1 -1 0 -1 0 0 0 -1 0 -1 0 -2 -2 -2 -1 -1
0.321402151350452 -0.349600601797929 0.251104686689911 0.770328559775431 1.4139858777843 -1 0 2 1 1 1 0 2 2 0 1 1 2 2 1 1 0 0 0 0 0 0 2 1 1 1 1 0 1 0 0 0 -2 -1 -1 -1 0 -2 -2 0 -1 -1 -2 -2 -1 -1 0 0 0 0 0 0 -2 -1 -1 -1 -1 0 -1 0 0
1.36912523884002 -1.39776632346943 -0.150493380398519 -1.40283220501251 0.820569222694005 1 1 1 1 0 0 0 1 0 0 0 2 1 0 1 2 0 0 0 1 0 0 1 0 2 2 1 0 0 0 0 1 1 1 0 0 0 1 0 0 0 2 1 0 1 2 0 0 0 1 0 0 1 0 2 2 1 0 0 0 0
0.55042760917837 -0.518038254718213 -0.637582527858185 -0.808743374104686 0.278648188974024 1 0 1 2 1 1 0 1 1 0 1 0 1 0 1 2 1 0 0 0 0 0 1 0 2 1 2 0 1 1 0 0 1 2 1 1 0 1 1 0 1 0 1 0 1 2 1 0 0 0 0 0 1 0 2 1 2 0 1 1 0
1.03977536858654 -0.0416156771989853 2.43756796519552 0.707220650391801 0.425821918515356 -1 1 1 1 0 1 0 1 1 0 0 1 1 0 2 2 1 0 2 1 0 1 1 0 2 1 2 1 2 1 0 -1 -1 -1 0 -1 0 -1 -1 0 0 -1 -1 0 -2 -2 -1 0 -2 -1 0 -1 -1 0 -2 -1 -2 -1 -2 -1 0
-1.30048518393097 -1.26733018109744 0.0644001905509352 -0.840240602517838 0.169585378389991 1 0 1 2 1 2 0 2 1 0 0 0 2 1 1 2 0 0 0 0 0 1 1 0 1 1 2 1 1 0 0 0 1 2 1 2 0 2 1 0 0 0 2 1 1 2 0 0 0 0 0 1 1 0 1 1 2 1 1 0 0
-0.527675683958846 -0.301099233526679 -1.06962096610183 0.216263785551654 0.0750260775543605 -1 0 2 2 1 1 0 2 2 0 0 1 2 0 1 1 0 0 0 1 0 0 2 1 2 1 1 1 2 1 1 0 -2 -2 -1 -1 0 -2 -2 0 0 -1 -2 0 -1 -1 0 0 0 -1 0 0 -2 -1 -2 -1 -1 -1 -2 -1 -1
-0.486721041706423 -0.187342097392729 0.641275144015815 -0.191712008898 -0.47093957920555 1 1 1 1 1 1 0 1 1 0 0 0 1 0 2 2 1 0 1 0 0 0 1 0 1 0 0 1 1 1 1 1 1 1 1 1 0 1 1 0 0 0 1 0 2 2 1 0 1 0 0 0 1 0 1 0 0 1 1 1 1
-0.124048334359789 0.530461587196296 0.702705162668697 0.76719505034906 0.917298293373179 1 1 1 0 0 0 0 2 1 0 0 2 2 1 2 2 1 0 1 0 0 0 1 0 1 1 2 1 2 1 1 1 1 0 0 0 0 2 1 0 0 2 2 1 2 2 1 0 1 0 0 0 1 0 1 1 2 1 2 1 1
-0.127863847051558 0.326826760472397 1.70943875356881 -0.232892045263185 0.287310742209107 1 2 1 1 1 1 0 1 2 0 0 1 1 1 2 1 0 0 0 1 1 2 1 0 1 1 1 0 1 0 0 2 1 1 1 1 0 1 2 0 0 1 1 1 2 1 0 0 0 1 1 2 1 0 1 1 1 0 1 0 0
0.111940385130303 -0.0296713780243984 1.40819742716748 0.677370493216859 0.389609917387229 1 0 2 1 0 1 0 2 1 0 0 1 1 0 2 2 0 0 0 0 0 0 0 0 1 1 2 1 2 1 1 0 2 1 0 1 0 2 1 0 0 1 1 0 2 2 0 0 0 0 0 0 0 0 1 1 2 1 2 1 1
0.0295314416616892 0.710091700696126 1.36087214868905 0.723694835941678 1.09879219212702 -1 0 1 0 0 0 0 1 0 0 0 0 0 0 2 1 1 0 1 0 0 0 2 2 2 0 1 0 1 0 0 0 -1 0 0 0 0 -1 0 0 0 0 0 0 -2 -1 -1 0 -1 0 0 0 -2 -2 -2 0 -1 0 -1 0 0
-0.430280753770833 -1.26678681471685 0.321822606612985 -0.901217365318482 -0.11078821941251 1 0 2 2 0 1 0 2 2 0 0 1 1 1 2 1 0 0 0 1 0 0 0 1 2 0 1 0 1 2 1 0 2 2 0 1 0 2 2 0 0 1 1 1 2 1 0 0 0 1 0 0 0 1 2 0 1 0 1 2 1
2.50643395645837 -1.22437626248935 -0.415279645285329 1.82774361184277 -1.13622265107579 -1 1 2 1 1 1 0 2 0 0 0 2 2 0 2 2 1 0 1 1 0 0 2 0 1 0 1 0 2 0 0 -1 -2 -1 -1 -1 0 -2 0 0 0 -2 -2 0 -2 -2 -1 0 -1 -1 0 0 -2 0 -1 0 -1 0 -2 0 0
1.79792707094129 -0.999310834192894 1.75187177829417 0.712335786227111 -1.59572498822022 1 0 1 1 1 1 0 1 1 0 0 1 0 0 2 0 0 0 0 0 0 1 1 0 2 1 1 1 1 1 1 0 1 1 1 1 0 1 1 0 0 1 0 0 2 0 0 0 0 0 0 1 1 0 2 1 1 1 1 1 1
-0.469365119242571 -0.85388961993517 -0.2802202601534 -0.244185897746732 1.25208430834059 1 1 1 1 0 1 0 2 2 0 0 2 1 0 1 2 1 0 0 0 0 1 2 2 2 2 2 1 2 1 0 1 1 1 0 1 0 2 2 0 0 2 1 0 1 2 1 0 0 0 0 1 2 2 2 2 2 1 2 1 0
1.36109738725733 0.51668180627675 0.786767711425401 -0.815199852826511 0.817794528511519 -1 1 1 1 1 2 1 2 1 0 0 1 2 1 1 1 0 0 1 0 0 0 1 0 1 0 1 1 2 2 1 -1 -1 -1 -1 -2 -1 -2 -1 0 0 -1 -2 -1 -1 -1 0 0 -1 0 0 0 -1 0 -1 0 -1 -1 -2 -2 -1
-0.545742577291403 0.21189310708278 -0.264028950307124 0.814491110835302 0.182615232516557 1 1 1 2 1 0 0 1 0 0 0 1 1 0 2 2 1 0 1 0 0 0 2 0 2 2 2 1 0 0 0 1 1 2 1 0 0 1 0 0 0 1 1 0 2 2 1 0 1 0 0 0 2 0 2 2 2 1 0 0 0
-0.70744930935568 -0.144716278914353 -1.94114083399021 0.53286488232161 0.954152909256086 -1 0 2 1 0 1 0 1 2 0 1 2 2 1 2 2 1 0 0 1 0 0 2 0 1 0 2 1 2 1 0 0 -2 -1 0 -1 0 -1 -2 0 -1 -2 -2 -1 -2 -2 -1 0 0 -1 0 0 -2 0 -1 0 -2 -1 -2 -1 0
-0.209403916420852 -0.658943810915559 1.16063566107217 -0.908138160573271 1.26213002067679 -1 0 1 1 0 2 1 2 2 0 0 0 1 0 1 2 1 0 1 0 0 0 0 0 2 0 1 1 1 0 0 0 -1 -1 0 -2 -1 -2 -2 0 0 0 -1 0 -1 -2 -1 0 -1 0 0 0 0 0 -2 0 -1 -1 -1 0 0
-0.446997495334049 0.909661020218117 1.73677281369344 -0.257989361672987 -0.702225905612745 -1 1 2 2 0 1 0 1 2 0 0 2 1 0 1 2 1 0 1 0 0 1 2 0 1 0 1 0 1 1 1 -1 -2 -2 0 -1 0 -1 -2 0 0 -2 -1 0 -1 -2 -1 0 -1 0 0 -1 -2 0 -1 0 -1 0 -1 -1 -1
-1.4999449468756 1.58914915966698 -1.79613685560558 -0.864513362544454 1.01140212578232 -1 1 2 2 1 2 0 2 2 0 0 0 1 1 2 2 1 0 0 1 0 0 2 0 2 0 1 2 2 1 1 -1 -2 -2 -1 -2 0 -2 -2 0 0 0 -1 -1 -2 -2 -1 0 0 -1 0 0 -2 0 -2 0 -1 -2 -2 -1 -1
0.254690964647095 1.1326760600856 0.748586031097867 1.12257319368563 0.103931363179706 1 2 2 1 1 1 0 2 1 0 0 1 1 0 2 2 0 0 0 0 0 0 1 0 1 2 1 0 1 1 0 2 2 1 1 1 0 2 1 0 0 1 1 0 2 2 0 0 0 0 0 0 1 0 1 2 1 0 1 1 0
-1.32182769780459 -0.165053185435304 0.00904385045458255 -1.73792437230649 0.848756326052934 1 0 1 1 0 0 0 2 1 0 0 1 1 0 2 0 0 0 1 0 0 1 2 0 2 1 1 0 1 0 0 0 1 1 0 0 0 2 1 0 0 1 1 0 2 0 0 0 1 0 0 1 2 0 2 1 1 0 1 0 0
-1.52227750466322 -0.476121031661831 -1.38995530269999 -0.345921124009262 -0.386913137561459 -1 1 2 0 0 0 0 0 1 0 0 1 1 0 1 1 1 0 0 0 0 1 1 0 1 1 2 2 1 1 0 -1 -2 0 0 0 0 0 -1 0 0 -1 -1 0 -1 -1 -1 0 0 0 0 -1 -1 0 -1 -1 -2 -2 -1 -1 0
-0.799579340224517 -0.508485912562518 -1.39012930778543 -1.81529012806065 -0.60633105836272 -1 1 2 2 1 2 0 1 1 0 0 0 1 1 1 1 0 0 0 0 0 0 1 1 2 0 1 0 2 1 1 -1 -2 -2 -1 -2 0 -1 -1 0 0 0 -1 -1 -1 -1 0 0 0 0 0 0 -1 -1 -2 0 -1 0 -2 -1 -1
0.511708323960957 0.0835386561451881 0.669369210927611 0.573265932768806 -0.683513186262394 1 0 2 2 2 1 0 2 1 0 0 1 1 0 2 1 0 0 0 1 0 0 0 0 2 2 1 0 2 0 0 0 2 2 2 1 0 2 1 0 0 1 1 0 2 1 0 0 0 1 0 0 0 0 2 2 1 0 2 0 0
-0.709701745268404 1.19842009465879 0.367985509666222 -1.19301563153679 0.510078196115596 1 0 2 1 0 0 0 2 1 0 0 0 1 1 2 1 0 0 0 0 0 0 0 0 1 0 0 0 0 0 0 0 2 1 0 0 0 2 1 0 0 0 1 1 2 1 0 0 0 0 0 0 0 0 1 0 0 0 0 0 0
-1.17024950254102 0.131769261077129 0.592799895497976 -1.12113818701564 -0.105240669363172 1 0 1 0 0 0 0 1 0 0 0 0 2 1 2 2 1 0 0 0 0 1 1 1 2 1 1 1 1 0 0 0 1 0 0 0 0 1 0 0 0 0 2 1 2 2 1 0 0 0 0 1 1 1 2 1 1 1 1 0 0
0.349258055535264 -1.0867054774714 -0.982715032934109 0.555864163326145 1.28650059535419 1 0 1 2 1 1 0 2 2 0 0 2 2 1 1 1 0 0 0 0 0 0 1 0 2 1 0 1 2 1 0 0 1 2 1 1 0 2 2 0 0 2 2 1 1 1 0 0 0 0 0 0 1 0 2 1 0 1 2 1 0
-0.274244747426493 -1.11231106287721 -0.294254357733473 0.175067554940506 0.770600537849933 -1 0 2 2 2 0 0 2 1 0 0 1 2 0 2 2 0 0 1 1 0 0 1 0 1 1 1 0 2 0 1 0 -2 -2 -2 0 0 -2 -1 0 0 -1 -2 0 -2 -2 0 0 -1 -1 0 0 -1 0 -1 -1 -1 0 -2 0 -1
0.565575752534646 -0.562124996341694 0.623998741674129 -1.69302990075495 1.21610607360489 -1 0 1 2 0 1 0 0 1 0 0 0 1 0 2 2 1 0 0 0 0 2 2 1 2 0 1 0 1 0 0 0 -1 -2 0 -1 0 0 -1 0 0 0 -1 0 -2 -2 -1 0 0 0 0 -2 -2 -1 -2 0 -1 0 -1 0 0
0.841490463869545 -0.0983062676541415 -0.0929272419137476 -0.977731487205999 -0.0917615715981869 -1 1 1 1 1 2 0 1 0 0 0 0 0 0 2 1 1 0 0 0 0 0 1 0 2 0 1 2 1 0 0 -1 -1 -1 -1 -2 0 -1 0 0 0 0 0 0 -2 -1 -1 0 0 0 0 0 -1 0 -2 0 -1 -2 -1 0 0
-1.29113670887747 -1.09562161944165 -1.52660377478817 1.07771077275757 0.0914978195611927 1 0 1 2 1 1 0 1 1 0 0 1 0 1 2 0 0 0 2 0 0 0 0 0 1 1 1 1 1 0 0 0 1 2 1 1 0 1 1 0 0 1 0 1 2 0 0 0 2 0 0 0 0 0 1 1 1 1 1 0 0
-2.04488732565415 -0.914476926725352 -0.397964358248329 1.14300150412342 -0.88935582112794 -1 1 2 1 2 2 0 1 2 0 0 1 0 0 2 2 1 0 1 1 0 0 2 0 0 0 1 0 1 0 0 -1 -2 -1 -2 -2 0 -1 -2 0 0 -1 0 0 -2 -2 -1 0 -1 -1 0 0 -2 0 0 0 -1 0 -1 0 0
-0.746252591835885 -1.47017180468151 -2.25310290084049 -0.168233537792965 -1.9651255888819 -1 0 2 1 0 0 0 1 0 0 0 1 1 0 2 2 2 0 0 0 0 1 2 1 2 0 1 0 1 0 0 0 -2 -1 0 0 0 -1 0 0 0 -1 -1 0 -2 -2 -2 0 0 0 0 -1 -2 -1 -2 0 -1 0 -1 0 0
0.521068368275201 -0.368816943715958 0.535010434572644 0.5698148012379 -0.176952908004092 1 0 0 0 0 0 0 2 1 1 0 0 1 0 1 1 1 0 1 0 0 1 2 0 0 0 1 1 2 1 0 0 0 0 0 0 0 2 1 1 0 0 1 0 1 1 1 0 1 0 0 1 2 0 0 0 1 1 2 1 0
0.421430774601156 -0.10772776226475 0.227912011514659 2.83357912691566 -0.0022796186007418 -1 0 2 2 1 1 0 1 0 0 0 2 1 0 2 2 0 0 1 1 1 0 2 1 1 1 2 2 2 1 1 0 -2 -2 -1 -1 0 -1 0 0 0 -2 -1 0 -2 -2 0 0 -1 -1 -1 0 -2 -1 -1 -1 -2 -2 -2 -1 -1
-1.24690439782386 0.978690809991526 0.923813476970232 0.622688945428026 0.45444940327975 1 1 2 1 0 2 0 1 1 0 0 2 2 0 1 2 0 0 0 0 0 0 0 0 1 0 1 0 0 0 1 1 2 1 0 2 0 1 1 0 0 2 2 0 1 2 0 0 0 0 0 0 0 0 1 0 1 0 0 0 1
-0.191961013060765 1.30675007181359 0.653528159822335 0.440722614255081 -0.332251008243283 -1 1 2 2 0 2 1 2 1 0 0 1 1 0 2 2 1 0 0 0 0 0 0 1 2 0 2 2 1 2 1 -1 -2 -2 0 -2 -1 -2 -1 0 0 -1 -1 0 -2 -2 -1 0 0 0 0 0 0 -1 -2 0 -2 -2 -1 -2 -1
-1.08457740455133 0.823567341309666 0.738966904032549 -0.540595453041683 1.12009090325096 -1 0 2 2 1 2 1 2 1 0 0 0 1 0 2 2 1 0 1 1 0 1 0 0 1 1 0 0 2 0 1 0 -2 -2 -1 -2 -1 -2 -1 0 0 0 -1 0 -2 -2 -1 0 -1 -1 0 -1 0 0 -1 -1 0 0 -2 0 -1
0.534861417154148 -0.0773632639177581 0.93273945601196 0.709737552916447 1.47327048190405 -1 0 2 1 0 0 0 1 1 1 1 0 0 0 2 1 1 0 0 1 1 0 1 0 2 1 1 1 1 0 1 0 -2 -1 0 0 0 -1 -1 -1 -1 0 0 0 -2 -1 -1 0 0 -1 -1 0 -1 0 -2 -1 -1 -1 -1 0 -1
-0.936564613002872 -0.946157284251496 0.343749642536835 0.571567488811789 -0.97390976797001 -1 1 2 2 1 2 0 1 1 0 0 1 1 1 2 2 1 0 1 0 0 1 2 1 2 0 1 0 2 1 0 -1 -2 -2 -1 -2 0 -1 -1 0 0 -1 -1 -1 -2 -2 -1 0 -1 0 0 -1 -2 -1 -2 0 -1 0 -2 -1 0
-1.45656697893766 -0.142525506628102 0.304537400935843 0.958557733676433 1.499006980031 1 0 2 2 1 2 1 2 2 0 0 1 1 0 2 0 0 0 0 1 0 1 1 1 2 0 0 0 1 0 0 0 2 2 1 2 1 2 2 0 0 1 1 0 2 0 0 0 0 1 0 1 1 1 2 0 0 0 1 0 0
1.07898131789643 0.14014731427493 0.0715808853279004 -0.0320801720600695 -1.00375168135188 1 0 1 1 0 1 0 2 1 0 0 0 0 0 2 2 1 0 1 0 0 0 2 0 1 0 2 1 2 0 0 0 1 1 0 1 0 2 1 0 0 0 0 0 2 2 1 0 1 0 0 0 2 0 1 0 2 1 2 0 0
-0.246851242193896 -0.216698056257233 -0.581533918239543 -0.255094775877239 -0.205475822621883 -1 0 1 2 1 1 0 1 0 0 0 0 2 1 2 2 0 0 0 0 0 0 0 0 2 0 0 0 1 1 1 0 -1 -2 -1 -1 0 -1 0 0 0 0 -2 -1 -2 -2 0 0 0 0 0 0 0 0 -2 0 0 0 -1 -1 -1
0.144458509799808 -0.14109194874943 -0.353025920530497 0.421268918512812 -0.165212448282827 -1 1 2 2 2 1 0 2 1 0 0 1 0 0 0 1 0 0 0 1 0 0 0 0 2 1 1 1 1 0 0 -1 -2 -2 -2 -1 0 -2 -1 0 0 -1 0 0 0 -1 0 0 0 -1 0 0 0 0 -2 -1 -1 -1 -1 0 0
-1.2141349668592 1.28844946217882 0.0774067172004804 -0.394479986153785 -0.977622073223075 1 0 1 1 0 1 0 2 2 1 1 1 1 0 2 1 1 0 1 0 0 0 1 0 2 1 1 1 1 0 0 0 1 1 0 1 0 2 2 1 1 1 1 0 2 1 1 0 1 0 0 0 1 0 2 1 1 1 1 0 0
0.534764609536012 -0.858955055939161 -0.414120882745863 0.709804605373605 0.925229444213527 -1 1 1 1 0 2 1 2 2 0 0 0 2 0 2 2 2 0 1 0 0 0 1 0 2 1 1 1 1 0 0 -1 -1 -1 0 -2 -1 -2 -2 0 0 0 -2 0 -2 -2 -2 0 -1 0 0 0 -1 0 -2 -1 -1 -1 -1 0 0
0.189221164209929 -1.34435045884121 -1.00303449236931 -0.511822324233214 0.547155557173734 1 0 2 2 1 2 1 2 1 0 1 0 0 0 0 1 1 0 1 0 0 0 1 0 0 0 1 1 1 1 0 0 2 2 1 2 1 2 1 0 1 0 0 0 0 1 1 0 1 0 0 0 1 0 0 0 1 1 1 1 0
0.501654292656047 2.27512605737484 -0.106741189745896 0.943798771698815 -0.550450476569542 1 1 2 1 0 0 0 2 2 0 0 1 1 0 2 1 1 0 1 0 0 0 1 1 2 1 1 1 2 0 0 1 2 1 0 0 0 2 2 0 0 1 1 0 2 1 1 0 1 0 0 0 1 1 2 1 1 1 2 0 0
0.328230580609179 -0.645433721802168 -0.571791037340087 -1.90710180268154 -0.442023332633434 -1 0 1 0 2 1 0 1 1 0 1 2 2 0 2 2 0 0 1 1 0 0 0 0 1 0 0 1 1 0 0 0 -1 0 -2 -1 0 -1 -1 0 -1 -2 -2 0 -2 -2 0 0 -1 -1 0 0 0 0 -1 0 0 -1 -1 0 0
-0.767684202699508 0.339023430825593 0.860399905777097 -0.488920009734166 1.48516754817947 1 0 1 1 1 1 1 2 1 0 0 1 1 1 2 0 1 0 0 0 0 0 0 0 2 1 1 1 2 1 1 0 1 1 1 1 1 2 1 0 0 1 1 1 2 0 1 0 0 0 0 0 0 0 2 1 1 1 2 1 1
-1.13687260316557 0.489514926628573 -0.0129685991340543 0.323852881753181 0.537235987083604 -1 0 0 0 0 0 0 2 1 0 0 0 1 0 2 2 0 0 0 1 0 0 0 0 1 0 1 1 1 1 0 0 0 0 0 0 0 -2 -1 0 0 0 -1 0 -2 -2 0 0 0 -1 0 0 0 0 -1 0 -1 -1 -1 -1 0
1.54075124720475 -1.46803620642014 -0.0796063536483733 -1.43093743970648 -1.17138235763782 -1 0 1 2 0 0 0 1 1 0 0 2 2 1 1 1 1 0 1 1 0 0 2 1 2 1 2 0 2 1 1 0 -1 -2 0 0 0 -1 -1 0 0 -2 -2 -1 -1 -1 -1 0 -1 -1 0 0 -2 -1 -2 -1 -2 0 -2 -1 -1
0.386571193842734 1.52623345376662 0.0066155547439282 0.800004377661548 0.188947745590331 -1 0 1 2 0 1 0 2 2 0 0 1 2 0 2 1 0 0 0 1 0 0 1 0 2 1 2 1 0 0 0 0 -1 -2 0 -1 0 -2 -2 0 0 -1 -2 0 -2 -1 0 0 0 -1 0 0 -1 0 -2 -1 -2 -1 0 0 0
0.141129068065007 0.249846672021772 -1.50445177640287 0.0805951845245802 -0.450363861133573 1 0 2 1 0 0 0 2 2 1 1 2 2 0 2 1 0 0 2 1 0 0 2 0 0 1 1 0 0 0 0 0 2 1 0 0 0 2 2 1 1 2 2 0 2 1 0 0 2 1 0 0 2 0 0 1 1 0 0 0 0
-0.338995714351809 1.24852605854137 2.00866576740362 1.26269283416573 0.993054547956581 -1 1 2 1 1 1 0 1 2 0 0 0 1 1 1 1 0 0 2 0 0 1 1 0 1 0 0 0 1 0 0 -1 -2 -1 -1 -1 0 -1 -2 0 0 0 -1 -1 -1 -1 0 0 -2 0 0 -1 -1 0 -1 0 0 0 -1 0 0
-2.67580360341236 -1.55235946536605 -0.771958056213601 1.18959358564091 -0.141779495303372 -1 0 2 2 0 0 0 2 0 0 0 1 2 0 2 2 0 0 0 0 0 0 1 0 2 2 2 2 2 2 2 0 -2 -2 0 0 0 -2 0 0 0 -1 -2 0 -2 -2 0 0 0 0 0 0 -1 0 -2 -2 -2 -2 -2 -2 -2
-1.203062808286 0.934109817666901 -1.1378812527875 -0.703717992309229 0.55385226107097 1 0 0 1 1 2 0 1 1 0 1 1 1 0 1 2 1 0 0 1 0 1 2 0 2 1 1 0 1 1 1 0 0 1 1 2 0 1 1 0 1 1 1 0 1 2 1 0 0 1 0 1 2 0 2 1 1 0 1 1 1
0.400770549311414 -1.95703015017206 -2.25908900232306 -0.488870788253645 -0.271245717423695 1 1 2 1 0 2 1 2 2 0 0 1 2 1 1 2 1 0 0 1 0 0 1 1 2 1 1 2 2 1 0 1 2 1 0 2 1 2 2 0 0 1 2 1 1 2 1 0 0 1 0 0 1 1 2 1 1 2 2 1 0
0.640025485644126 1.29660133002251 0.205440734643633 -0.625471154870261 1.41577734665447 1 1 2 1 0 1 1 2 0 0 1 1 1 0 2 1 0 0 1 0 0 0 1 0 1 0 0 1 1 0 0 1 2 1 0 1 1 2 0 0 1 1 1 0 2 1 0 0 1 0 0 0 1 0 1 0 0 1 1 0 0
1.7343337828523 1.90856984720948 -0.269499647589567 0.629380464816295 0.480451210269404 -1 1 1 1 1 1 0 1 0 0 0 0 1 0 2 0 0 0 1 0 0 1 1 1 2 0 0 1 0 0 0 -1 -1 -1 -1 -1 0 -1 0 0 0 0 -1 0 -2 0 0 0 -1 0 0 -1 -1 -1 -2 0 0 -1 0 0 0
0.104729743490944 0.937842662796695 0.847355788088878 0.151032816941935 -1.52809929181281 -1 0 1 1 1 1 0 1 2 0 0 1 1 1 2 2 0 0 1 0 0 0 0 0 2 2 2 2 2 1 0 0 -1 -1 -1 -1 0 -1 -2 0 0 -1 -1 -1 -2 -2 0 0 -1 0 0 0 0 0 -2 -2 -2 -2 -2 -1 0
-0.0189817485224044 -0.0161133832818652 -0.333473180854806 -1.22539149952634 0.565690236559015 -1 0 1 0 0 1 0 2 2 1 2 0 0 0 2 2 1 0 0 1 0 0 1 0 0 0 1 2 1 0 0 0 -1 0 0 -1 0 -2 -2 -1 -2 0 0 0 -2 -2 -1 0 0 -1 0 0 -1 0 0 0 -1 -2 -1 0 0
-1.41408195336258 0.774021226836958 -1.53702106469478 -1.95826100547789 -0.190378675159569 1 1 1 2 0 1 0 1 1 0 1 1 1 0 2 2 0 0 2 0 0 0 1 1 2 1 1 0 1 1 0 1 1 2 0 1 0 1 1 0 1 1 1 0 2 2 0 0 2 0 0 0 1 1 2 1 1 0 1 1 0
-0.330867590924641 0.386193968513654 0.245103224128648 -2.97004601241614 -0.508695728865995 -1 0 1 1 0 1 0 1 2 0 0 2 2 0 0 0 0 0 1 0 0 0 1 0 0 0 2 0 2 1 0 0 -1 -1 0 -1 0 -1 -2 0 0 -2 -2 0 0 0 0 0 -1 0 0 0 -1 0 0 0 -2 0 -2 -1 0
1.15517612134086 1.58984167428092 1.52161599143166 0.0706952559908531 1.03573390730921 1 0 1 1 1 1 0 2 1 0 0 1 2 0 2 1 0 0 1 2 1 0 1 0 2 1 2 1 1 0 0 0 1 1 1 1 0 2 1 0 0 1 2 0 2 1 0 0 1 2 1 0 1 0 2 1 2 1 1 0 0
0.826137949841069 1.07289337753276 0.873891062543182 0.582428091970728 0.168200994950461 -1 0 1 0 0 0 1 2 1 0 0 1 2 1 1 2 1 0 0 0 0 0 2 1 2 1 2 1 2 0 0 0 -1 0 0 0 -1 -2 -1 0 0 -1 -2 -1 -1 -2 -1 0 0 0 0 0 -2 -1 -2 -1 -2 -1 -2 0 0
1.08815395452275 1.50180997462191 -0.8856814969496 0.785563080856527 2.33617553120829 -1 0 1 2 1 1 0 1 2 0 0 1 1 0 2 1 0 0 0 0 0 0 2 0 2 0 1 1 2 1 0 0 -1 -2 -1 -1 0 -1 -2 0 0 -1 -1 0 -2 -1 0 0 0 0 0 0 -2 0 -2 0 -1 -1 -2 -1 0
-1.2255362521157 0.805115314519603 1.70964828409054 0.825592723306913 1.59101857842188 -1 0 0 0 0 1 0 2 2 0 0 1 2 0 2 2 0 0 0 0 0 0 2 0 2 1 2 1 1 1 0 0 0 0 0 -1 0 -2 -2 0 0 -1 -2 0 -2 -2 0 0 0 0 0 0 -2 0 -2 -1 -2 -1 -1 -1 0
1.58634840410191 -0.0588316551912389 -1.47223588788064 -0.848075423849198 -0.409175085750771 -1 1 2 1 0 0 0 1 0 0 0 1 1 0 2 2 0 0 0 1 0 0 1 0 0 0 1 1 1 0 0 -1 -2 -1 0 0 0 -1 0 0 0 -1 -1 0 -2 -2 0 0 0 -1 0 0 -1 0 0 0 -1 -1 -1 0 0
1.07362634681571 0.0273905672379194 -0.500318977551206 -1.35798997101674 1.30290765298192 1 0 1 0 0 2 1 2 2 1 1 1 1 0 2 1 1 0 0 0 0 0 0 0 1 0 2 2 1 0 0 0 1 0 0 2 1 2 2 1 1 1 1 0 2 1 1 0 0 0 0 0 0 0 1 0 2 2 1 0 0
-0.050291870810361 0.978949929362554 0.0572544653231162 -0.460870082286949 -0.933458422547325 1 1 2 1 2 2 0 1 1 0 0 1 1 1 1 2 2 0 1 1 0 0 1 1 2 1 2 1 2 2 1 1 2 1 2 2 0 1 1 0 0 1 1 1 1 2 2 0 1 1 0 0 1 1 2 1 2 1 2 2 1
0.614818637992992 -1.14523713221219 0.215930906051404 -0.464054573328254 0.952727245014818 -1 0 1 1 0 1 0 2 2 2 0 1 1 0 1 1 1 0 2 0 0 0 0 0 0 0 1 0 0 0 0 0 -1 -1 0 -1 0 -2 -2 -2 0 -1 -1 0 -1 -1 -1 0 -2 0 0 0 0 0 0 0 -1 0 0 0 0
0.63191505151615 -1.22115749474944 0.567591656792193 -0.748313200214155 0.733345022964497 1 1 1 1 0 0 0 1 1 0 0 1 1 0 2 2 0 0 0 0 0 1 2 0 2 0 1 0 0 0 0 1 1 1 0 0 0 1 1 0 0 1 1 0 2 2 0 0 0 0 0 1 2 0 2 0 1 0 0 0 0
0.666960300789 0.338161882567943 -0.172173231890234 -0.126215354268732 0.297669789286076 1 0 1 0 0 0 0 1 2 0 0 1 1 0 1 1 1 0 1 1 0 0 0 0 2 1 0 1 1 0 0 0 1 0 0 0 0 1 2 0 0 1 1 0 1 1 1 0 1 1 0 0 0 0 2 1 0 1 1 0 0
0.490339871204182 -0.137927017155866 0.241856756373666 0.788929893028654 -0.656791640794699 1 0 1 1 0 1 0 2 2 0 0 1 1 0 2 2 0 0 1 1 0 1 1 1 2 1 2 2 1 0 0 0 1 1 0 1 0 2 2 0 0 1 1 0 2 2 0 0 1 1 0 1 1 1 2 1 2 2 1 0 0
0.393074482685735 2.31564866192179 -0.516948100450951 -0.817512275032327 0.394080278245556 -1 0 1 0 0 1 0 2 2 1 0 1 1 1 2 2 0 0 0 0 0 0 2 0 1 0 1 1 2 1 0 0 -1 0 0 -1 0 -2 -2 -1 0 -1 -1 -1 -2 -2 0 0 0 0 0 0 -2 0 -1 0 -1 -1 -2 -1 0
-0.239358365752248 -0.964437039849893 0.662392130022093 -0.882307062166163 0.578543839973279 1 0 1 1 0 0 0 2 2 0 0 0 1 0 1 1 0 0 0 0 0 0 0 0 1 1 2 2 2 1 1 0 1 1 0 0 0 2 2 0 0 0 1 0 1 1 0 0 0 0 0 0 0 0 1 1 2 2 2 1 1
0.174731549381158 -0.90739455256892 0.452498341499092 2.1183235444682 -2.07762840574912 1 1 2 1 0 0 1 2 2 0 1 0 0 0 2 2 1 1 1 1 1 0 1 0 2 0 1 1 2 1 1 1 2 1 0 0 1 2 2 0 1 0 0 0 2 2 1 1 1 1 1 0 1 0 2 0 1 1 2 1 1
-0.194263193329063 0.0963952674072996 -1.07938521080742 -1.26521584054603 0.506489702247221 -1 0 0 0 0 1 1 2 1 0 0 0 0 0 1 2 1 0 0 0 0 0 1 2 2 2 1 0 2 1 1 0 0 0 0 -1 -1 -2 -1 0 0 0 0 0 -1 -2 -1 0 0 0 0 0 -1 -2 -2 -2 -1 0 -2 -1 -1
1.42736667795843 -1.44881927753979 -0.479005510317326 0.0749343189799317 -0.616151386408596 1 1 1 0 0 0 0 0 1 0 0 1 0 0 2 2 2 1 2 1 0 0 1 1 2 1 0 2 2 2 0 1 1 0 0 0 0 0 1 0 0 1 0 0 2 2 2 1 2 1 0 0 1 1 2 1 0 2 2 2 0
-0.622762853595207 -0.0484898199674788 0.986328740949633 -0.159528185711503 -1.84065590951443 1 2 1 1 0 0 0 1 1 0 0 2 1 0 2 2 0 0 1 0 0 1 2 0 1 0 2 1 2 0 1 2 1 1 0 0 0 1 1 0 0 2 1 0 2 2 0 0 1 0 0 1 2 0 1 0 2 1 2 0 1
-1.01630641844431 0.0379083904921795 -0.41137350354145 -0.749847549091114 0.958158400628698 1 0 2 2 0 1 1 2 2 0 0 2 1 0 2 2 2 0 0 0 0 1 2 2 2 2 1 1 2 1 0 0 2 2 0 1 1 2 2 0 0 2 1 0 2 2 2 0 0 0 0 1 2 2 2 2 1 1 2 1 0
