1.32080037661383 -2.03449323866639 -0.173452528988928 -1.50780198357666 0.838021481027921 1 1 2 0 2 2 1 1 0 1 1 1 1 1 0 2 0 0 2 0 0 1 1 1 2 2 1 2 2 1 1 1 2 0 2 2 1 1 0 1 1 1 1 1 0 2 0 0 2 0 0 1 1 1 2 2 1 2 2 1 1
-0.464095012299158 -0.424019092518363 1.3375593059923 0.835289125620706 0.86573478316496 1 2 2 1 2 2 1 2 1 2 1 2 1 1 0 1 0 1 2 0 0 0 1 2 2 2 0 1 1 1 1 2 2 1 2 2 1 2 1 2 1 2 1 1 0 1 0 1 2 0 0 0 1 2 2 2 0 1 1 1 1
-1.10321609505661 -0.123688055774201 0.746443897168045 0.0687743438183809 -0.148969260157896 -1 1 2 1 2 2 2 2 1 2 1 2 1 1 1 2 0 0 2 1 0 0 1 2 1 2 2 2 1 2 0 -1 -2 -1 -2 -2 -2 -2 -1 -2 -1 -2 -1 -1 -1 -2 0 0 -2 -1 0 0 -1 -2 -1 -2 -2 -2 -1 -2 0
-0.659629197679268 1.16928653346738 0.103447594255514 -1.41851004909893 -0.416263209834675 1 2 2 0 2 2 1 0 1 2 0 1 0 0 1 2 1 1 2 0 0 0 0 1 2 2 1 2 2 2 0 2 2 0 2 2 1 0 1 2 0 1 0 0 1 2 1 1 2 0 0 0 0 1 2 2 1 2 2 2 0
0.604930994493685 -0.751690747488728 -0.961862713887086 0.517430085764023 -0.716706431125008 -1 1 2 1 2 1 1 1 0 2 1 2 0 2 1 2 1 2 2 1 0 0 1 0 2 2 2 2 1 2 0 -1 -2 -1 -2 -1 -1 -1 0 -2 -1 -2 0 -2 -1 -2 -1 -2 -2 -1 0 0 -1 0 -2 -2 -2 -2 -1 -2 0
-0.915706298180728 0.146130237587633 0.836657328906925 1.78514615485657 -0.0740606584700114 1 1 1 1 2 2 1 1 1 1 0 0 0 1 0 1 1 1 2 0 0 1 1 1 2 2 1 2 2 2 0 1 1 1 2 2 1 1 1 1 0 0 0 1 0 1 1 1 2 0 0 1 1 1 2 2 1 2 2 2 0
0.863231942124616 0.0699375686738586 -0.931524896783268 -0.323536935057085 -0.171454676230397 1 2 2 1 2 1 1 0 0 1 1 2 1 2 0 2 0 0 2 0 0 0 1 2 2 2 1 2 1 2 0 2 2 1 2 1 1 0 0 1 1 2 1 2 0 2 0 0 2 0 0 0 1 2 2 2 1 2 1 2 0
-3.18752879391893 -0.35358262619462 0.357285003028399 0.0624785697838562 -1.77438287187226 -1 1 2 2 2 2 0 1 1 2 0 1 1 2 2 2 0 1 2 0 0 1 1 2 2 2 1 2 1 1 1 -1 -2 -2 -2 -2 0 -1 -1 -2 0 -1 -1 -2 -2 -2 0 -1 -2 0 0 -1 -1 -2 -2 -2 -1 -2 -1 -1 -1
-0.480904727260377 1.07730178235314 0.694205726339236 -0.372730310253137 0.710733420832504 -1 1 1 1 2 2 1 1 1 1 1 2 1 1 1 2 1 1 2 0 0 1 0 2 2 2 2 2 1 1 0 -1 -1 -1 -2 -2 -1 -1 -1 -1 -1 -2 -1 -1 -1 -2 -1 -1 -2 0 0 -1 0 -2 -2 -2 -2 -2 -1 -1 0
-0.334426985606518 -1.17042572519384 -0.741091643870821 -0.843700929754886 -0.363518779960982 1 1 2 1 2 1 1 2 1 2 1 2 0 1 1 2 2 1 2 0 0 1 1 1 2 2 0 2 1 2 0 1 2 1 2 1 1 2 1 2 1 2 0 1 1 2 2 1 2 0 0 1 1 1 2 2 0 2 1 2 0
-1.96609261669656 0.0907756425620641 0.225388000181121 -0.726212120773865 -1.05033885392404 -1 1 1 0 1 2 2 2 1 2 1 2 2 2 1 2 0 1 2 0 0 1 2 1 2 2 1 2 1 1 0 -1 -1 0 -1 -2 -2 -2 -1 -2 -1 -2 -2 -2 -1 -2 0 -1 -2 0 0 -1 -2 -1 -2 -2 -1 -2 -1 -1 0
-0.342052693200215 -0.190443871971879 -0.613678768231959 -0.81113981243194 0.28228263804599 1 1 1 0 2 2 2 2 1 2 0 1 0 0 0 2 0 0 2 0 0 0 0 0 2 2 2 2 2 2 0 1 1 0 2 2 2 2 1 2 0 1 0 0 0 2 0 0 2 0 0 0 0 0 2 2 2 2 2 2 0
0.12773666541499 -0.572572888884884 -2.0269415916456 0.0411178737907877 -0.306658491481398 -1 2 1 0 2 2 0 0 1 2 1 2 2 1 1 1 0 0 1 0 0 1 1 2 2 2 1 2 1 2 1 -2 -1 0 -2 -2 0 0 -1 -2 -1 -2 -2 -1 -1 -1 0 0 -1 0 0 -1 -1 -2 -2 -2 -1 -2 -1 -2 -1
-2.29838671973871 1.49882688378428 1.03710886959724 0.586760274407096 0.0542584055044423 -1 1 2 1 2 2 1 1 1 2 2 2 0 0 0 1 0 2 2 1 0 0 0 1 2 1 2 2 0 2 1 -1 -2 -1 -2 -2 -1 -1 -1 -2 -2 -2 0 0 0 -1 0 -2 -2 -1 0 0 0 -1 -2 -1 -2 -2 0 -2 -1
0.415810828141536 -1.31561101221 -1.05485098832404 0.164142897141394 -0.828608197843699 1 0 1 2 2 2 1 2 2 2 0 2 0 1 1 2 0 0 2 1 0 1 2 1 2 2 0 2 2 2 0 0 1 2 2 2 1 2 2 2 0 2 0 1 1 2 0 0 2 1 0 1 2 1 2 2 0 2 2 2 0
0.261171199152695 -1.3138616933741 0.828654159525016 0.376998440145139 -2.43599614136139 -1 2 2 1 2 2 1 1 2 2 1 2 2 2 1 1 0 1 2 0 0 1 0 1 2 2 0 2 2 2 1 -2 -2 -1 -2 -2 -1 -1 -2 -2 -1 -2 -2 -2 -1 -1 0 -1 -2 0 0 -1 0 -1 -2 -2 0 -2 -2 -2 -1
-0.0898094204494623 2.09356493017165 -0.401501353630932 0.666470950681098 -0.925554358478094 1 1 1 0 2 1 0 1 0 2 1 2 0 2 1 2 1 2 2 0 0 1 0 1 1 2 2 2 1 2 0 1 1 0 2 1 0 1 0 2 1 2 0 2 1 2 1 2 2 0 0 1 0 1 1 2 2 2 1 2 0
-0.693029440776494 -0.0440217581293047 1.26593655893874 0.18466555387962 0.870516452146503 1 1 1 0 2 1 0 1 2 2 0 2 0 1 0 2 1 1 2 0 0 0 1 2 2 2 2 2 1 2 1 1 1 0 2 1 0 1 2 2 0 2 0 1 0 2 1 1 2 0 0 0 1 2 2 2 2 2 1 2 1
0.608632562066136 0.205205141982426 -0.480496247702303 -0.647908671877346 1.20326690333978 -1 1 1 0 2 2 2 0 1 1 0 1 0 2 1 2 1 1 2 0 0 0 0 2 2 2 1 2 1 2 0 -1 -1 0 -2 -2 -2 0 -1 -1 0 -1 0 -2 -1 -2 -1 -1 -2 0 0 0 0 -2 -2 -2 -1 -2 -1 -2 0
1.24801750370391 -0.4261884164905 -0.107614575050504 -0.822494716797751 -0.630405463398792 -1 1 1 0 2 1 1 1 0 1 1 2 1 2 0 2 0 0 1 0 0 0 1 2 2 2 2 2 2 2 0 -1 -1 0 -2 -1 -1 -1 0 -1 -1 -2 -1 -2 0 -2 0 0 -1 0 0 0 -1 -2 -2 -2 -2 -2 -2 -2 0
-0.460899451122599 -1.0113246574388 0.263757782022688 -1.45902838425087 0.610663552086602 1 1 2 0 2 2 0 1 0 1 1 2 0 1 0 2 2 1 2 1 0 0 1 2 2 2 0 2 2 2 0 1 2 0 2 2 0 1 0 1 1 2 0 1 0 2 2 1 2 1 0 0 1 2 2 2 0 2 2 2 0
0.924821645394685 1.36443513559407 1.02156896327053 0.800965183538164 1.01657304173232 1 1 2 0 2 2 1 2 2 2 0 2 0 1 1 2 0 0 1 0 0 1 2 2 2 2 1 2 1 2 0 1 2 0 2 2 1 2 2 2 0 2 0 1 1 2 0 0 1 0 0 1 2 2 2 2 1 2 1 2 0
-1.47744871174079 -1.07438064373975 0.00144671302357714 -0.487613374614854 -0.497204152624664 -1 1 2 1 2 1 1 1 0 2 1 2 0 0 1 2 1 1 2 0 0 0 1 0 1 2 1 2 1 2 0 -1 -2 -1 -2 -1 -1 -1 0 -2 -1 -2 0 0 -1 -2 -1 -1 -2 0 0 0 -1 0 -1 -2 -1 -2 -1 -2 0
-2.4624271781378 1.61400107624446 -1.72532167637082 0.937379706342138 0.331780262908128 1 1 1 0 2 1 0 1 1 2 1 2 0 1 2 1 0 1 2 1 0 1 1 1 2 2 1 2 2 2 0 1 1 0 2 1 0 1 1 2 1 2 0 1 2 1 0 1 2 1 0 1 1 1 2 2 1 2 2 2 0
0.471734360346597 0.739525864264671 -0.0690416725835761 -0.555479874502059 0.190848522810434 1 1 2 0 2 2 0 1 0 2 1 2 2 0 1 1 0 0 2 1 0 0 0 1 2 2 0 2 1 2 0 1 2 0 2 2 0 1 0 2 1 2 2 0 1 1 0 0 2 1 0 0 0 1 2 2 0 2 1 2 0
-0.992164613906432 -1.3027074993136 -0.549418262436259 1.23049732188548 -2.05495122714851 1 1 1 1 2 2 1 1 1 2 1 2 0 1 1 2 1 1 2 0 2 1 2 2 2 2 1 2 2 1 0 1 1 1 2 2 1 1 1 2 1 2 0 1 1 2 1 1 2 0 2 1 2 2 2 2 1 2 2 1 0
0.29078921069777 -0.736864349738488 2.86091904668801 -0.0863623639815797 -0.457786010110675 1 0 2 1 2 2 1 1 0 2 0 1 0 1 0 1 0 0 2 0 0 0 1 1 2 2 0 2 1 2 0 0 2 1 2 2 1 1 0 2 0 1 0 1 0 1 0 0 2 0 0 0 1 1 2 2 0 2 1 2 0
-0.783797971791046 1.5554277157423 1.15550626416952 0.137886197125798 1.06311442907596 1 2 2 2 2 2 1 1 1 1 0 2 0 2 1 2 1 1 2 0 0 0 1 2 2 2 1 2 2 2 0 2 2 2 2 2 1 1 1 1 0 2 0 2 1 2 1 1 2 0 0 0 1 2 2 2 1 2 2 2 0
0.656014672477776 -2.36420063816158 -0.624383717459987 1.05869989561864 1.39443381530369 -1 1 1 0 2 2 1 1 0 1 2 2 0 1 0 2 0 2 2 0 0 0 1 1 2 2 1 2 1 2 0 -1 -1 0 -2 -2 -1 -1 0 -1 -2 -2 0 -1 0 -2 0 -2 -2 0 0 0 -1 -1 -2 -2 -1 -2 -1 -2 0
0.081106936336881 -0.0025352086792822 -0.100130370908882 -0.546483501191377 -0.705292507663763 -1 2 2 0 2 2 2 1 0 1 0 1 0 0 0 2 1 1 2 0 0 1 0 0 2 2 2 2 2 2 1 -2 -2 0 -2 -2 -2 -1 0 -1 0 -1 0 0 0 -2 -1 -1 -2 0 0 -1 0 0 -2 -2 -2 -2 -2 -2 -1
2.42763581859437 -0.543990118346647 1.60481215444895 -0.0255687862670494 -2.9091066296023 -1 1 1 0 2 2 0 1 0 1 0 2 1 2 1 2 0 1 2 0 0 0 0 2 2 2 1 2 2 2 1 -1 -1 0 -2 -2 0 -1 0 -1 0 -2 -1 -2 -1 -2 0 -1 -2 0 0 0 0 -2 -2 -2 -1 -2 -2 -2 -1
0.909572796577289 -0.0776745171901986 2.39706825384184 -0.307672622067013 1.32323483932385 -1 1 2 0 2 2 0 0 0 1 0 2 0 2 2 2 1 0 2 0 0 0 1 2 1 2 1 2 1 1 0 -1 -2 0 -2 -2 0 0 0 -1 0 -2 0 -2 -2 -2 -1 0 -2 0 0 0 -1 -2 -1 -2 -1 -2 -1 -1 0
-1.08623355609684 -1.32206930993779 0.433913998694635 -0.903193156612024 0.169113585614677 -1 1 1 1 2 2 2 1 1 2 0 2 1 0 0 1 0 1 2 0 0 1 2 1 2 2 1 2 2 2 0 -1 -1 -1 -2 -2 -2 -1 -1 -2 0 -2 -1 0 0 -1 0 -1 -2 0 0 -1 -2 -1 -2 -2 -1 -2 -2 -2 0
-0.303353395294801 -0.337748786022696 1.91345355909294 0.597365953898013 -0.846361072975766 1 1 2 1 2 2 1 0 0 1 1 2 2 2 2 2 2 2 2 0 0 0 1 2 2 2 1 1 1 1 0 1 2 1 2 2 1 0 0 1 1 2 2 2 2 2 2 2 2 0 0 0 1 2 2 2 1 1 1 1 0
-1.35853464574001 -0.247326058220365 0.163886161909279 -0.843192936788736 -0.313877848239523 -1 1 1 0 2 2 1 2 0 1 0 2 2 1 0 2 0 0 2 1 1 1 0 1 2 2 2 2 2 2 0 -1 -1 0 -2 -2 -1 -2 0 -1 0 -2 -2 -1 0 -2 0 0 -2 -1 -1 -1 0 -1 -2 -2 -2 -2 -2 -2 0
0.581773690090979 -0.0717792948501581 -0.577429529277386 1.00237093682245 1.17029660290691 1 0 2 1 2 2 1 2 0 1 0 2 0 1 0 2 1 1 2 0 0 0 1 1 2 2 1 2 1 0 0 0 2 1 2 2 1 2 0 1 0 2 0 1 0 2 1 1 2 0 0 0 1 1 2 2 1 2 1 0 0
1.27921397265877 1.32705364801837 -0.771521518348266 -0.790088774954903 0.824202427706103 1 0 1 1 2 2 1 0 1 1 1 2 1 2 1 2 0 0 2 0 1 1 0 2 2 2 1 2 2 2 0 0 1 1 2 2 1 0 1 1 1 2 1 2 1 2 0 0 2 0 1 1 0 2 2 2 1 2 2 2 0
0.75768345737713 -3.14654548680767 0.606646057579126 -1.14517345523544 0.295552020248875 -1 2 2 1 2 1 0 0 0 1 0 1 0 1 0 2 1 1 2 1 0 1 0 1 2 2 1 1 1 2 0 -2 -2 -1 -2 -1 0 0 0 -1 0 -1 0 -1 0 -2 -1 -1 -2 -1 0 -1 0 -1 -2 -2 -1 -1 -1 -2 0
0.559029320601798 -0.610825787676746 0.851977940616971 0.301489197812359 -1.28053289363438 -1 2 2 2 2 2 0 1 1 1 0 2 0 1 1 2 0 0 2 1 0 1 1 1 2 2 0 1 0 2 0 -2 -2 -2 -2 -2 0 -1 -1 -1 0 -2 0 -1 -1 -2 0 0 -2 -1 0 -1 -1 -1 -2 -2 0 -1 0 -2 0
0.122133922235177 -0.261638366688498 -2.0163768725612 -2.07649693305333 -1.05327112848593 1 2 2 1 2 2 0 0 0 1 0 1 0 2 1 2 1 1 2 0 0 1 1 2 2 2 1 2 1 2 0 2 2 1 2 2 0 0 0 1 0 1 0 2 1 2 1 1 2 0 0 1 1 2 2 2 1 2 1 2 0
0.68915250683965 -1.42002379239878 -1.18997899305737 0.597570065293778 0.357191175262369 -1 2 2 1 2 2 0 1 1 2 0 0 0 0 0 2 0 2 2 1 0 0 1 2 2 2 1 2 0 2 0 -2 -2 -1 -2 -2 0 -1 -1 -2 0 0 0 0 0 -2 0 -2 -2 -1 0 0 -1 -2 -2 -2 -1 -2 0 -2 0
-0.898870744187654 0.544129173318887 2.1070240901535 0.536598811837854 -0.190278386085993 -1 2 2 1 2 1 1 2 1 1 1 2 0 2 1 2 1 0 1 0 0 0 0 2 2 2 1 2 2 2 1 -2 -2 -1 -2 -1 -1 -2 -1 -1 -1 -2 0 -2 -1 -2 -1 0 -1 0 0 0 0 -2 -2 -2 -1 -2 -2 -2 -1
-1.69088123125663 -0.459931908816528 -0.191557927616767 -0.52576601159345 -0.354786834039418 1 0 1 0 2 2 0 1 0 1 2 2 1 2 1 2 2 1 2 1 0 1 2 1 2 2 1 2 2 2 1 0 1 0 2 2 0 1 0 1 2 2 1 2 1 2 2 1 2 1 0 1 2 1 2 2 1 2 2 2 1
-1.11769014720808 0.605342887538641 -1.41101219306996 -0.834824858701619 0.315801275029588 -1 0 1 0 2 2 2 2 2 2 2 2 1 1 0 2 1 2 2 0 0 0 1 1 2 2 1 2 1 2 1 0 -1 0 -2 -2 -2 -2 -2 -2 -2 -2 -1 -1 0 -2 -1 -2 -2 0 0 0 -1 -1 -2 -2 -1 -2 -1 -2 -1
0.116927457597597 -0.2854000103353 -0.632974080424075 1.19091342130725 1.11811533763987 -1 0 1 1 2 2 1 1 0 2 0 1 0 2 2 2 1 1 2 1 0 0 1 1 1 2 0 2 1 2 0 0 -1 -1 -2 -2 -1 -1 0 -2 0 -1 0 -2 -2 -2 -1 -1 -2 -1 0 0 -1 -1 -1 -2 0 -2 -1 -2 0
-1.0588160145847 -1.31188532782056 1.20069927547618 0.622976863365394 0.645983871189831 1 1 1 0 2 1 0 0 0 0 0 1 1 2 1 1 1 0 2 0 0 0 0 1 2 2 1 1 2 2 0 1 1 0 2 1 0 0 0 0 0 1 1 2 1 1 1 0 2 0 0 0 0 1 2 2 1 1 2 2 0
-0.051199792918895 0.52945666147049 1.89983324362738 1.8834931318343 0.160118096363181 -1 0 1 1 2 2 1 0 1 2 2 2 1 1 1 2 0 1 2 0 0 1 1 2 1 2 0 2 1 2 0 0 -1 -1 -2 -2 -1 0 -1 -2 -2 -2 -1 -1 -1 -2 0 -1 -2 0 0 -1 -1 -2 -1 -2 0 -2 -1 -2 0
-2.00332762269031 -0.225290129499568 0.75788712807317 -0.458095263703312 -0.809230342203957 1 1 2 1 2 2 1 0 1 1 0 1 0 2 1 2 2 2 2 0 0 0 0 1 2 2 0 2 1 2 0 1 2 1 2 2 1 0 1 1 0 1 0 2 1 2 2 2 2 0 0 0 0 1 2 2 0 2 1 2 0
0.0464944909789133 -1.23578729320866 0.944881247124897 -0.74323456549067 -1.10827573055595 -1 1 2 0 2 2 1 1 1 2 0 2 0 0 1 2 0 1 2 0 0 1 1 2 2 2 2 2 0 2 0 -1 -2 0 -2 -2 -1 -1 -1 -2 0 -2 0 0 -1 -2 0 -1 -2 0 0 -1 -1 -2 -2 -2 -2 -2 0 -2 0
1.50862534591769 0.68408110708254 -0.23252445352046 -0.961803237773102 -0.766183153873015 1 1 1 1 2 2 1 1 1 1 0 2 0 2 1 2 1 1 2 0 1 0 1 0 2 2 2 2 2 2 1 1 1 1 2 2 1 1 1 1 0 2 0 2 1 2 1 1 2 0 1 0 1 0 2 2 2 2 2 2 1
-0.064776319622089 -0.089538834228763 -0.173070423995388 1.53735535437215 0.614973109073413 1 1 1 1 2 1 0 1 1 2 0 1 0 2 0 1 0 0 2 0 0 0 0 0 1 2 2 2 2 2 1 1 1 1 2 1 0 1 1 2 0 1 0 2 0 1 0 0 2 0 0 0 0 0 1 2 2 2 2 2 1
0.174677429386677 2.04133259635041 -0.0853451043084466 0.293919710928567 -1.67660991895881 1 2 2 0 2 2 1 2 1 2 1 2 1 2 2 2 1 2 2 0 0 0 0 0 2 2 1 1 1 1 0 2 2 0 2 2 1 2 1 2 1 2 1 2 2 2 1 2 2 0 0 0 0 0 2 2 1 1 1 1 0
-0.0937676989594806 -1.32828222361472 2.40259319700822 -1.56117114207464 -0.7059560178398 -1 1 2 0 1 2 1 2 2 2 0 2 1 2 0 2 1 2 2 0 0 1 0 0 1 2 2 1 2 2 0 -1 -2 0 -1 -2 -1 -2 -2 -2 0 -2 -1 -2 0 -2 -1 -2 -2 0 0 -1 0 0 -1 -2 -2 -1 -2 -2 0
0.565734188557485 0.333120796768437 -0.989135102699605 -0.727538726056121 -0.112587073169301 -1 1 2 1 1 2 1 1 2 2 1 2 0 1 1 2 0 1 2 0 0 1 0 1 1 2 1 2 1 1 0 -1 -2 -1 -1 -2 -1 -1 -2 -2 -1 -2 0 -1 -1 -2 0 -1 -2 0 0 -1 0 -1 -1 -2 -1 -2 -1 -1 0
1.27849330177582 0.475442089956597 0.928710211217184 -0.270191420564471 -1.00504022844686 1 2 2 1 2 2 1 2 2 2 2 2 1 1 1 2 1 1 2 0 0 1 1 2 2 2 2 2 1 2 0 2 2 1 2 2 1 2 2 2 2 2 1 1 1 2 1 1 2 0 0 1 1 2 2 2 2 2 1 2 0
0.869230370845667 -0.471878365438699 -0.183518424155658 0.513817179734245 0.163583308601171 1 2 2 0 2 2 1 1 1 2 1 2 0 1 1 2 1 2 2 2 0 0 1 1 2 2 0 2 1 2 0 2 2 0 2 2 1 1 1 2 1 2 0 1 1 2 1 2 2 2 0 0 1 1 2 2 0 2 1 2 0
1.29887930867879 -0.241343603838592 -0.774143189880284 0.766348007928723 1.63803604128221 -1 0 1 1 2 2 1 1 1 2 2 2 0 1 0 1 0 0 2 1 0 1 1 1 1 2 1 2 2 2 0 0 -1 -1 -2 -2 -1 -1 -1 -2 -2 -2 0 -1 0 -1 0 0 -2 -1 0 -1 -1 -1 -1 -2 -1 -2 -2 -2 0
-2.30483477265598 1.11037038704737 -0.0513363989548739 -1.36306862083564 -1.26072214635386 1 1 1 0 0 1 0 1 1 1 1 2 0 1 0 2 1 1 2 0 0 1 1 0 2 2 2 2 2 2 1 1 1 0 0 1 0 1 1 1 1 2 0 1 0 2 1 1 2 0 0 1 1 0 2 2 2 2 2 2 1
0.0588817315996011 0.051800097017057 -0.760820710023314 -3.32602874921189 -0.546752841162141 -1 1 1 0 2 2 1 1 1 2 2 2 1 1 1 2 0 0 2 0 0 0 0 1 2 2 1 2 2 2 0 -1 -1 0 -2 -2 -1 -1 -1 -2 -2 -2 -1 -1 -1 -2 0 0 -2 0 0 0 0 -1 -2 -2 -1 -2 -2 -2 0
-0.649676864860357 -1.28849000518534 -0.268130948206701 0.651195076210133 0.148808881951365 -1 2 2 0 2 2 1 0 0 0 1 2 0 1 1 2 1 1 2 1 0 1 0 0 2 2 0 2 2 2 0 -2 -2 0 -2 -2 -1 0 0 0 -1 -2 0 -1 -1 -2 -1 -1 -2 -1 0 -1 0 0 -2 -2 0 -2 -2 -2 0
-0.399492774050995 0.101646650170287 -0.230590499178118 -0.798376956916965 -1.01626011755113 1 0 1 1 2 2 1 1 1 1 1 2 0 1 0 1 0 1 2 1 0 0 1 0 2 2 1 2 2 2 0 0 1 1 2 2 1 1 1 1 1 2 0 1 0 1 0 1 2 1 0 0 1 0 2 2 1 2 2 2 0
-0.229991104095832 -0.831473560587131 0.991172926302246 -0.322379523222992 0.552218662196235 -1 1 1 1 2 2 1 1 0 2 1 2 1 2 1 2 0 1 2 0 0 0 1 2 2 2 0 2 2 2 1 -1 -1 -1 -2 -2 -1 -1 0 -2 -1 -2 -1 -2 -1 -2 0 -1 -2 0 0 0 -1 -2 -2 -2 0 -2 -2 -2 -1
-2.13280802604392 -0.370784822097247 -0.481572838479287 0.545844611628404 -2.21529819442249 1 0 2 1 2 1 0 1 0 2 0 2 1 1 0 1 0 0 2 0 0 0 2 2 2 2 0 0 0 0 0 0 2 1 2 1 0 1 0 2 0 2 1 1 0 1 0 0 2 0 0 0 2 2 2 2 0 0 0 0 0
0.503340467422363 0.424099153484345 -1.56075321751005 -0.942108021860214 1.41544944483038 1 0 1 0 2 2 2 1 1 1 2 2 1 2 1 1 1 1 2 0 0 1 1 1 2 2 0 1 1 1 0 0 1 0 2 2 2 1 1 1 2 2 1 2 1 1 1 1 2 0 0 1 1 1 2 2 0 1 1 1 0
1.27860457249136 -1.72794430819187 0.19518312966385 -0.342576004966213 -0.526773899341667 -1 1 2 0 2 2 1 1 0 1 0 1 1 1 0 2 1 0 2 1 1 1 2 1 2 2 0 2 2 2 0 -1 -2 0 -2 -2 -1 -1 0 -1 0 -1 -1 -1 0 -2 -1 0 -2 -1 -1 -1 -2 -1 -2 -2 0 -2 -2 -2 0
0.185340750307131 0.169146205877867 1.88367979435345 0.242988059641873 -0.58026146000204 1 0 1 0 2 2 1 1 1 1 0 1 0 2 1 2 2 1 2 0 0 1 0 1 2 2 1 2 1 2 0 0 1 0 2 2 1 1 1 1 0 1 0 2 1 2 2 1 2 0 0 1 0 1 2 2 1 2 1 2 0
0.929825281799249 -0.844680759069777 0.704947234205516 0.673223197487491 0.495152511116127 -1 2 2 0 2 0 0 1 0 2 1 2 1 0 0 2 0 2 2 1 0 0 0 1 2 2 2 2 2 2 0 -2 -2 0 -2 0 0 -1 0 -2 -1 -2 -1 0 0 -2 0 -2 -2 -1 0 0 0 -1 -2 -2 -2 -2 -2 -2 0
0.881044214140411 -1.00645619542449 0.537731624082072 0.0391298587061134 0.550007556450314 1 1 2 0 2 1 0 1 1 1 0 1 0 1 0 2 1 1 2 0 0 1 1 2 2 2 0 2 1 2 0 1 2 0 2 1 0 1 1 1 0 1 0 1 0 2 1 1 2 0 0 1 1 2 2 2 0 2 1 2 0
0.0577890252884433 0.123234075387128 0.392317062898112 -1.39993820677473 -0.168431608065646 -1 2 2 1 2 2 0 0 1 2 1 1 1 2 0 1 0 0 1 0 0 0 1 2 2 2 1 2 1 2 1 -2 -2 -1 -2 -2 0 0 -1 -2 -1 -1 -1 -2 0 -1 0 0 -1 0 0 0 -1 -2 -2 -2 -1 -2 -1 -2 -1
-0.253083764114378 0.528221334370057 0.275355713204206 -2.01471939664528 0.396395770019496 -1 1 2 1 2 2 1 1 1 1 1 2 0 1 0 2 1 2 2 1 0 0 0 2 2 2 1 2 2 2 0 -1 -2 -1 -2 -2 -1 -1 -1 -1 -1 -2 0 -1 0 -2 -1 -2 -2 -1 0 0 0 -2 -2 -2 -1 -2 -2 -2 0
0.132347824735111 1.2531109894955 0.575428967379669 0.328318532681447 0.343204295578798 1 1 1 0 2 1 0 1 0 1 0 2 1 1 1 1 0 0 2 1 0 0 2 2 2 2 1 1 1 1 0 1 1 0 2 1 0 1 0 1 0 2 1 1 1 1 0 0 2 1 0 0 2 2 2 2 1 1 1 1 0
-1.09359281401611 0.261967108515032 -0.639477294803407 -0.787778294261068 -0.329202716030575 1 0 1 1 2 2 0 1 1 2 1 1 0 1 0 1 0 0 1 0 0 1 1 0 1 2 0 2 2 2 0 0 1 1 2 2 0 1 1 2 1 1 0 1 0 1 0 0 1 0 0 1 1 0 1 2 0 2 2 2 0
0.101447370531607 -0.250535095905336 1.13467508379352 -0.361762587352435 -0.0675494038645613 -1 1 1 1 2 1 1 2 2 1 1 1 0 2 1 2 1 1 2 0 0 2 2 2 2 2 2 2 2 2 2 -1 -1 -1 -2 -1 -1 -2 -2 -1 -1 -1 0 -2 -1 -2 -1 -1 -2 0 0 -2 -2 -2 -2 -2 -2 -2 -2 -2 -2
-1.34543390982139 0.333518655545088 -1.26847990018761 -0.731498168085197 -0.380344687893041 -1 0 1 0 2 2 2 2 2 2 0 2 0 1 0 2 1 1 2 0 0 0 0 0 1 2 0 2 2 2 0 0 -1 0 -2 -2 -2 -2 -2 -2 0 -2 0 -1 0 -2 -1 -1 -2 0 0 0 0 0 -1 -2 0 -2 -2 -2 0
-0.392923577834472 -2.06251936348563 -0.304388066340555 0.8974251232395 -1.20952485557828 -1 1 0 0 2 2 1 1 1 2 1 2 0 2 0 1 0 0 2 0 0 1 0 0 2 2 2 2 2 1 0 -1 0 0 -2 -2 -1 -1 -1 -2 -1 -2 0 -2 0 -1 0 0 -2 0 0 -1 0 0 -2 -2 -2 -2 -2 -1 0
1.56900191818147 -2.00161917226047 -0.651517161040547 -0.625783585707017 0.78026201259104 1 1 2 0 2 2 1 2 1 2 1 2 0 2 2 2 1 0 2 0 0 0 1 1 2 2 0 2 2 2 0 1 2 0 2 2 1 2 1 2 1 2 0 2 2 2 1 0 2 0 0 0 1 1 2 2 0 2 2 2 0
-0.793325741154959 1.10552435323688 -0.821640706077626 -0.191056629398868 0.326814780678086 -1 1 1 0 1 2 1 2 1 2 1 2 0 1 1 2 1 1 2 0 0 0 0 0 2 2 2 2 1 2 0 -1 -1 0 -1 -2 -1 -2 -1 -2 -1 -2 0 -1 -1 -2 -1 -1 -2 0 0 0 0 0 -2 -2 -2 -2 -1 -2 0
0.802469493997529 0.649222098934736 0.530337226195649 2.04285520249665 1.65295712316886 -1 0 1 0 2 2 2 2 1 2 1 2 1 2 1 1 1 1 2 1 0 1 1 2 2 2 1 2 1 2 0 0 -1 0 -2 -2 -2 -2 -1 -2 -1 -2 -1 -2 -1 -1 -1 -1 -2 -1 0 -1 -1 -2 -2 -2 -1 -2 -1 -2 0
0.865996245139187 0.151882891357519 -0.831303800554858 -0.39985546155733 1.82268511831319 -1 0 2 1 2 2 1 2 1 1 1 2 1 1 0 2 1 2 2 1 1 1 2 2 2 2 1 2 2 2 0 0 -2 -1 -2 -2 -1 -2 -1 -1 -1 -2 -1 -1 0 -2 -1 -2 -2 -1 -1 -1 -2 -2 -2 -2 -1 -2 -2 -2 0
0.0818811754132397 0.330856344594828 1.22984549781582 -0.39313232242334 -0.554278409013219 -1 1 1 0 2 2 2 1 0 1 1 2 0 0 1 2 0 0 2 0 0 0 1 2 2 2 0 2 2 2 0 -1 -1 0 -2 -2 -2 -1 0 -1 -1 -2 0 0 -1 -2 0 0 -2 0 0 0 -1 -2 -2 -2 0 -2 -2 -2 0
0.524828513064886 -2.0009255365214 0.0583761721802251 0.153765606728612 -0.14274941453041 1 1 1 0 2 2 1 0 1 2 1 2 1 1 0 2 1 1 2 0 1 2 1 2 2 2 2 2 2 2 1 1 1 0 2 2 1 0 1 2 1 2 1 1 0 2 1 1 2 0 1 2 1 2 2 2 2 2 2 2 1
-0.180174542152636 -0.316115528068123 1.67338316168682 1.14321826198428 -0.209600776449191 1 0 0 0 2 1 0 1 0 2 1 1 1 2 2 2 1 0 2 0 2 2 2 2 2 2 1 2 2 2 1 0 0 0 2 1 0 1 0 2 1 1 1 2 2 2 1 0 2 0 2 2 2 2 2 2 1 2 2 2 1
0.719476047173166 -0.0286418191344559 0.955841875345254 0.529131628961205 -0.469567070205035 -1 0 1 0 2 0 1 1 0 2 2 1 0 2 0 2 1 1 1 0 1 2 2 1 2 2 1 2 2 2 0 0 -1 0 -2 0 -1 -1 0 -2 -2 -1 0 -2 0 -2 -1 -1 -1 0 -1 -2 -2 -1 -2 -2 -1 -2 -2 -2 0
-0.249265607398939 -0.393925109524782 0.249111465174427 0.49571933477615 1.05807425192999 1 2 2 1 2 2 1 1 1 2 2 2 0 2 0 2 0 1 2 0 1 2 1 2 2 2 2 2 1 2 0 2 2 1 2 2 1 1 1 2 2 2 0 2 0 2 0 1 2 0 1 2 1 2 2 2 2 2 1 2 0
1.64148574964695 1.97726108918604 0.247933196891098 -0.248191689517765 -0.17779259518454 1 1 1 1 2 2 1 2 2 2 1 1 0 2 1 2 0 1 2 1 0 2 1 2 2 2 2 2 2 2 0 1 1 1 2 2 1 2 2 2 1 1 0 2 1 2 0 1 2 1 0 2 1 2 2 2 2 2 2 2 0
-0.0679462260547052 -0.137018895905986 0.688664359689195 1.38092284641057 0.69932881254053 -1 1 1 1 2 1 0 1 0 2 0 2 0 0 0 2 2 2 2 0 0 2 1 2 2 2 0 2 2 2 0 -1 -1 -1 -2 -1 0 -1 0 -2 0 -2 0 0 0 -2 -2 -2 -2 0 0 -2 -1 -2 -2 -2 0 -2 -2 -2 0
-0.826591429284347 0.0398880903195982 1.1115512186617 0.796115297656237 -1.11524628483892 -1 0 1 1 2 2 1 1 1 2 2 2 1 2 2 2 0 1 2 0 1 1 1 1 2 2 2 2 1 2 1 0 -1 -1 -2 -2 -1 -1 -1 -2 -2 -2 -1 -2 -2 -2 0 -1 -2 0 -1 -1 -1 -1 -2 -2 -2 -2 -1 -2 -1
0.792326378094707 0.847237246717638 0.0435535212886402 1.12095075172667 0.518804601505738 -1 1 1 0 2 2 2 1 1 1 0 2 1 1 1 2 0 1 1 0 0 0 0 1 1 2 1 2 2 2 0 -1 -1 0 -2 -2 -2 -1 -1 -1 0 -2 -1 -1 -1 -2 0 -1 -1 0 0 0 0 -1 -1 -2 -1 -2 -2 -2 0
1.11128329551555 0.829359138183524 -0.0259983805683816 0.56598562254099 0.180624065508596 -1 1 2 1 2 1 0 1 1 2 1 2 0 2 2 2 1 2 2 0 0 0 2 2 2 2 1 2 1 2 0 -1 -2 -1 -2 -1 0 -1 -1 -2 -1 -2 0 -2 -2 -2 -1 -2 -2 0 0 0 -2 -2 -2 -2 -1 -2 -1 -2 0
0.0847198804180088 -0.232605899109433 -0.899483546643263 -1.57719193339864 0.12561284366629 1 0 2 1 2 2 1 1 1 2 1 2 0 2 1 2 2 2 2 0 0 0 2 2 2 2 1 2 2 1 1 0 2 1 2 2 1 1 1 2 1 2 0 2 1 2 2 2 2 0 0 0 2 2 2 2 1 2 2 1 1
0.184658893999184 3.02368962953755 1.01812757216945 -0.795201734306047 -1.73561075425126 1 1 1 0 2 2 2 1 0 2 1 2 1 1 1 2 1 1 2 0 0 0 1 1 2 2 1 2 1 2 0 1 1 0 2 2 2 1 0 2 1 2 1 1 1 2 1 1 2 0 0 0 1 1 2 2 1 2 1 2 0
1.98260140277587 0.810559988191774 -0.887120501443525 0.786543123463052 -0.934891953406254 -1 2 2 1 2 2 0 1 1 2 2 1 0 1 0 2 0 2 2 0 0 1 1 2 2 2 1 2 2 2 0 -2 -2 -1 -2 -2 0 -1 -1 -2 -2 -1 0 -1 0 -2 0 -2 -2 0 0 -1 -1 -2 -2 -2 -1 -2 -2 -2 0
0.160337514802264 -1.02340222447214 -0.718970308967913 -1.11070216387893 -0.522976299060338 1 1 1 1 2 2 1 1 1 2 1 2 1 2 2 2 0 1 2 0 0 1 0 2 2 2 2 2 2 2 0 1 1 1 2 2 1 1 1 2 1 2 1 2 2 2 0 1 2 0 0 1 0 2 2 2 2 2 2 2 0
1.51210261894492 -1.52980639856362 -0.72373161027757 0.942379870221885 -1.72067410265773 -1 2 1 1 2 1 0 1 1 2 1 2 0 2 1 2 1 1 2 0 0 0 0 1 1 1 1 2 1 2 1 -2 -1 -1 -2 -1 0 -1 -1 -2 -1 -2 0 -2 -1 -2 -1 -1 -2 0 0 0 0 -1 -1 -1 -1 -2 -1 -2 -1
1.53056127517789 -0.203819754769606 -1.1051972012316 1.79250094499875 -0.41308634097197 1 0 1 0 2 2 0 0 0 1 1 1 0 1 1 1 1 1 1 0 1 1 1 1 2 2 0 2 0 2 0 0 1 0 2 2 0 0 0 1 1 1 0 1 1 1 1 1 1 0 1 1 1 1 2 2 0 2 0 2 0
0.957995390037735 -1.05671665245944 -0.960881151715955 0.712754386527431 -2.11400664549615 1 1 2 1 2 2 0 1 0 1 0 0 0 1 1 2 1 2 2 0 0 1 1 1 2 2 1 2 2 2 0 1 2 1 2 2 0 1 0 1 0 0 0 1 1 2 1 2 2 0 0 1 1 1 2 2 1 2 2 2 0
0.356070886796661 0.394905508249253 1.65121321593745 0.739469100340753 1.176726231037 1 1 1 1 2 2 0 1 1 2 0 1 0 0 0 1 0 0 2 0 0 1 2 2 2 2 1 2 1 2 0 1 1 1 2 2 0 1 1 2 0 1 0 0 0 1 0 0 2 0 0 1 2 2 2 2 1 2 1 2 0
-0.391333588896499 -1.09342504628232 -0.620657233544888 1.16080833082912 0.374199310956915 1 1 2 1 2 2 1 1 1 2 2 2 1 1 0 0 0 1 2 0 0 0 1 2 2 2 1 2 1 1 0 1 2 1 2 2 1 1 1 2 2 2 1 1 0 0 0 1 2 0 0 0 1 2 2 2 1 2 1 1 0
0.203721383682506 0.797060917225422 -1.76492947724302 -1.01360927984696 -0.187854032220394 1 2 2 0 2 2 1 1 1 1 1 2 0 1 0 2 1 0 2 0 0 1 1 1 2 1 1 2 1 2 0 2 2 0 2 2 1 1 1 1 1 2 0 1 0 2 1 0 2 0 0 1 1 1 2 1 1 2 1 2 0
-1.07090337462364 0.106092039856387 -0.53260942606695 0.661222374613414 -1.38874354083149 -1 1 1 0 2 2 0 1 1 2 1 2 0 2 1 2 1 2 2 0 0 0 0 0 1 2 2 2 2 2 1 -1 -1 0 -2 -2 0 -1 -1 -2 -1 -2 0 -2 -1 -2 -1 -2 -2 0 0 0 0 0 -1 -2 -2 -2 -2 -2 -1
