0.603186638174077 1.58490537409377 -0.590162118181466 0.00893352576424267 -0.882891195530708 1 2 0 2 2 1 1 2 2 2 2 1 2 2 2 1 0 0 2 1 0 0 1 2 0 0 2 2 1 1 0 2 0 2 2 1 1 2 2 2 2 1 2 2 2 1 0 0 2 1 0 0 1 2 0 0 2 2 1 1 0
1.02275054596008 1.13323812201446 0.683572139676845 -0.192859732582996 0.0304688500894164 -1 2 0 2 1 1 2 2 2 2 1 0 1 1 0 2 2 0 1 0 0 0 0 1 0 0 2 2 1 1 0 -2 0 -2 -1 -1 -2 -2 -2 -2 -1 0 -1 -1 0 -2 -2 0 -1 0 0 0 0 -1 0 0 -2 -2 -1 -1 0
0.1215246319748 -0.231442421649294 -1.12745092846353 0.0224719921448512 -0.278895173915056 -1 0 0 0 1 1 1 1 2 2 1 0 1 2 1 1 2 0 2 1 1 0 0 1 2 0 2 1 0 0 1 0 0 0 -1 -1 -1 -1 -2 -2 -1 0 -1 -2 -1 -1 -2 0 -2 -1 -1 0 0 -1 -2 0 -2 -1 0 0 -1
-0.268335258595051 -0.0700958988236775 0.605236114746605 -0.378303226389332 -0.6348290396479 -1 1 1 2 2 1 1 1 1 1 0 0 2 2 1 2 1 0 2 0 0 0 0 1 2 0 2 2 0 1 0 -1 -1 -2 -2 -1 -1 -1 -1 -1 0 0 -2 -2 -1 -2 -1 0 -2 0 0 0 0 -1 -2 0 -2 -2 0 -1 0
-0.0719776870415819 0.952534652057947 0.145608211976885 -0.900258774372518 0.370311324627329 1 0 0 1 2 0 0 1 1 2 1 0 1 1 1 1 1 0 2 2 1 2 1 2 1 0 2 2 1 2 1 0 0 1 2 0 0 1 1 2 1 0 1 1 1 1 1 0 2 2 1 2 1 2 1 0 2 2 1 2 1
1.92186256921395 -0.0522646452246769 -0.083589544204115 0.895527786305143 -1.34935305941634 1 1 0 1 2 0 0 0 1 1 0 0 1 2 0 0 1 0 2 0 0 0 0 1 0 0 1 2 0 1 0 1 0 1 2 0 0 0 1 1 0 0 1 2 0 0 1 0 2 0 0 0 0 1 0 0 1 2 0 1 0
-0.213505405628675 1.6244073228549 1.69143570282295 0.628681470628091 -1.92598728304698 -1 1 2 2 2 0 0 2 2 2 1 0 2 1 1 2 2 0 2 0 1 0 0 1 2 1 2 1 0 1 1 -1 -2 -2 -2 0 0 -2 -2 -2 -1 0 -2 -1 -1 -2 -2 0 -2 0 -1 0 0 -1 -2 -1 -2 -1 0 -1 -1
-0.083046374665175 -0.104831198989763 0.989367289713469 2.09521342646209 1.10841023188733 1 2 1 2 2 0 0 0 1 2 1 0 1 2 1 1 2 0 2 1 1 0 0 2 0 0 2 2 0 2 1 2 1 2 2 0 0 0 1 2 1 0 1 2 1 1 2 0 2 1 1 0 0 2 0 0 2 2 0 2 1
-0.199960565047235 -0.970518872039518 -0.693759537152083 -0.611992590958542 0.0118418767845923 1 1 0 1 1 0 0 0 2 2 0 0 1 2 1 2 2 0 1 0 1 2 1 2 2 0 1 0 0 0 0 1 0 1 1 0 0 0 2 2 0 0 1 2 1 2 2 0 1 0 1 2 1 2 2 0 1 0 0 0 0
-0.870285877984004 0.0559153742592791 2.91632779638296 1.88235405586007 -0.985926062230439 -1 1 0 2 2 1 1 2 2 1 0 0 2 2 2 1 2 0 2 1 0 1 1 2 0 1 2 2 2 2 2 -1 0 -2 -2 -1 -1 -2 -2 -1 0 0 -2 -2 -2 -1 -2 0 -2 -1 0 -1 -1 -2 0 -1 -2 -2 -2 -2 -2
1.10943958856043 2.2753736037079 0.408378978821959 -0.891283986916716 0.782167840716954 -1 1 1 2 2 1 2 0 2 2 1 1 2 2 2 1 2 0 2 0 0 0 0 1 1 0 2 2 1 2 1 -1 -1 -2 -2 -1 -2 0 -2 -2 -1 -1 -2 -2 -2 -1 -2 0 -2 0 0 0 0 -1 -1 0 -2 -2 -1 -2 -1
-0.401622788214798 0.124086306317958 -0.376679131802466 0.645734508038115 -0.171522427907092 1 1 0 1 2 0 2 0 1 2 0 0 1 1 0 2 2 0 2 1 1 1 0 1 1 1 2 2 2 2 2 1 0 1 2 0 2 0 1 2 0 0 1 1 0 2 2 0 2 1 1 1 0 1 1 1 2 2 2 2 2
0.506861392842921 1.7281559201156 -0.446489996833567 1.59661921957086 0.0111650778219247 -1 1 0 2 2 2 2 2 2 2 1 0 0 2 2 2 2 0 2 1 0 1 0 2 1 1 2 2 1 1 2 -1 0 -2 -2 -2 -2 -2 -2 -2 -1 0 0 -2 -2 -2 -2 0 -2 -1 0 -1 0 -2 -1 -1 -2 -2 -1 -1 -2
-2.75982966092532 -0.219900627257647 -0.0574519915282332 1.97237301463912 0.112353723654103 1 1 0 2 2 0 0 0 1 1 0 0 0 1 0 1 2 0 1 0 1 1 0 1 2 1 2 1 0 2 1 1 0 2 2 0 0 0 1 1 0 0 0 1 0 1 2 0 1 0 1 1 0 1 2 1 2 1 0 2 1
0.359357378635804 -2.4357944152916 0.21313829780582 -1.79364455224811 -0.785543917980708 1 0 0 1 2 1 1 1 1 2 1 0 2 0 0 1 2 0 2 2 0 1 0 2 1 0 2 1 1 2 1 0 0 1 2 1 1 1 1 2 1 0 2 0 0 1 2 0 2 2 0 1 0 2 1 0 2 1 1 2 1
-0.409107039601511 1.77599898480687 -0.517037802543029 -0.210481403897848 -0.840694961533367 1 1 0 2 2 0 0 1 2 2 1 2 2 2 2 2 2 0 2 1 1 0 1 2 1 1 1 2 1 1 1 1 0 2 2 0 0 1 2 2 1 2 2 2 2 2 2 0 2 1 1 0 1 2 1 1 1 2 1 1 1
-0.0582100735564099 -0.285851977034088 -0.758783809116745 0.303095073878874 -0.45568820276812 1 2 0 1 2 1 1 1 2 2 0 0 2 2 0 0 2 0 1 0 0 0 0 0 1 1 2 2 1 1 1 2 0 1 2 1 1 1 2 2 0 0 2 2 0 0 2 0 1 0 0 0 0 0 1 1 2 2 1 1 1
-1.11461884633755 1.09048155696046 -0.122571005786427 -0.0513481385286226 -0.606615925697513 1 2 0 1 2 0 0 0 2 2 0 0 1 2 0 0 2 0 2 1 0 1 2 1 0 0 2 2 1 0 1 2 0 1 2 0 0 0 2 2 0 0 1 2 0 0 2 0 2 1 0 1 2 1 0 0 2 2 1 0 1
-0.69250342354809 -1.1691128187798 0.966677608556277 1.15490082266409 0.921400922710281 -1 1 0 1 2 1 1 1 2 2 2 0 1 1 0 0 1 0 2 1 0 0 0 2 0 0 2 1 0 1 0 -1 0 -1 -2 -1 -1 -1 -2 -2 -2 0 -1 -1 0 0 -1 0 -2 -1 0 0 0 -2 0 0 -2 -1 0 -1 0
0.903723965395968 0.866541362032547 -0.333520524924575 0.840601770456855 -1.32292990718028 1 1 0 1 2 1 1 2 2 2 1 0 2 2 1 2 2 0 2 0 1 0 0 2 1 0 2 1 0 1 0 1 0 1 2 1 1 2 2 2 1 0 2 2 1 2 2 0 2 0 1 0 0 2 1 0 2 1 0 1 0
-0.455860376012413 -1.21398404758652 0.958310255835619 0.592384233849189 -1.38829926576642 1 1 0 1 1 2 2 2 2 2 1 0 1 1 0 2 2 0 2 1 1 0 0 1 1 1 2 2 2 2 2 1 0 1 1 2 2 2 2 2 1 0 1 1 0 2 2 0 2 1 1 0 0 1 1 1 2 2 2 2 2
-1.01091114508055 0.163692871111097 -0.840011728896319 0.413472602910374 0.808209276555654 -1 1 0 2 2 1 0 0 2 2 1 1 2 2 0 1 2 0 2 0 0 0 0 1 1 0 2 2 1 1 1 -1 0 -2 -2 -1 0 0 -2 -2 -1 -1 -2 -2 0 -1 -2 0 -2 0 0 0 0 -1 -1 0 -2 -2 -1 -1 -1
0.553372139713885 -0.203893719471724 -0.308370264181185 -0.862920716139673 -0.272679839321385 -1 1 0 1 2 0 0 0 1 1 0 0 2 0 0 2 2 0 2 1 0 0 0 0 1 0 2 2 1 0 2 -1 0 -1 -2 0 0 0 -1 -1 0 0 -2 0 0 -2 -2 0 -2 -1 0 0 0 0 -1 0 -2 -2 -1 0 -2
-1.51795193386261 0.563667336521854 0.0512756232493614 2.63413363640301 0.423984752821442 1 1 0 0 2 1 0 1 2 2 1 0 2 2 0 2 2 0 2 1 1 0 0 1 1 0 2 2 2 2 2 1 0 0 2 1 0 1 2 2 1 0 2 2 0 2 2 0 2 1 1 0 0 1 1 0 2 2 2 2 2
0.413800741161398 -0.471693023202446 0.287044945524792 -0.512304970046959 0.874288894655377 -1 2 1 1 2 0 0 0 1 2 0 0 2 2 0 2 2 1 2 1 2 1 2 2 1 1 2 2 1 1 1 -2 -1 -1 -2 0 0 0 -1 -2 0 0 -2 -2 0 -2 -2 -1 -2 -1 -2 -1 -2 -2 -1 -1 -2 -2 -1 -1 -1
1.44973300715022 -0.870718177321913 -0.951438666920106 -2.24193556425881 0.0115490226265062 1 2 0 1 2 2 2 1 2 2 0 0 1 2 1 2 2 0 2 1 1 1 1 1 2 0 2 2 1 2 1 2 0 1 2 2 2 1 2 2 0 0 1 2 1 2 2 0 2 1 1 1 1 1 2 0 2 2 1 2 1
0.387603345985946 0.358467812566418 0.894915059664188 -0.300779272533305 1.15503853102574 1 0 0 0 0 1 1 1 2 2 1 0 2 2 0 2 2 0 2 0 0 0 1 1 2 0 1 0 0 1 2 0 0 0 0 1 1 1 2 2 1 0 2 2 0 2 2 0 2 0 0 0 1 1 2 0 1 0 0 1 2
-0.604275393930572 -0.274042676394764 1.1083362750076 0.360505712992106 -1.30721789838604 -1 0 0 1 1 0 1 1 1 2 1 0 2 2 1 2 2 0 1 2 1 0 0 1 1 1 2 1 1 2 2 0 0 -1 -1 0 -1 -1 -1 -2 -1 0 -2 -2 -1 -2 -2 0 -1 -2 -1 0 0 -1 -1 -1 -2 -1 -1 -2 -2
0.624007665498804 0.0727446384647939 -1.79630776738016 -1.74595465172242 -0.861867724401343 1 2 1 1 1 0 0 1 2 1 1 0 2 2 2 1 2 0 1 0 0 0 0 0 1 2 2 2 1 2 1 2 1 1 1 0 0 1 2 1 1 0 2 2 2 1 2 0 1 0 0 0 0 0 1 2 2 2 1 2 1
-1.63937800540485 0.452432937474639 -0.284507970090531 -0.864259883128141 0.125733080391722 1 0 0 1 2 2 2 1 2 2 2 0 2 2 0 2 2 0 1 0 1 1 0 1 2 0 1 1 1 0 0 0 0 1 2 2 2 1 2 2 2 0 2 2 0 2 2 0 1 0 1 1 0 1 2 0 1 1 1 0 0
0.251046609076278 -0.328146873201569 -1.22081564676526 -1.30772931172574 0.441464085523226 -1 1 0 2 2 1 0 0 2 2 1 0 2 2 1 2 2 0 2 1 1 1 1 2 0 0 2 2 1 2 0 -1 0 -2 -2 -1 0 0 -2 -2 -1 0 -2 -2 -1 -2 -2 0 -2 -1 -1 -1 -1 -2 0 0 -2 -2 -1 -2 0
-0.68480047978896 -0.0998637809953813 -1.02051610892041 0.800196248246665 0.899234554599184 1 1 0 2 2 1 0 2 2 1 0 0 0 1 0 1 1 0 2 1 1 1 0 2 1 1 2 2 1 1 1 1 0 2 2 1 0 2 2 1 0 0 0 1 0 1 1 0 2 1 1 1 0 2 1 1 2 2 1 1 1
-1.83228644595717 -0.706814766252803 0.880603860563627 -0.678456060549179 1.73876786359198 1 2 0 1 2 1 0 2 2 2 2 0 1 2 0 1 2 0 1 0 0 2 1 2 0 0 2 2 1 0 0 2 0 1 2 1 0 2 2 2 2 0 1 2 0 1 2 0 1 0 0 2 1 2 0 0 2 2 1 0 0
1.92311348731178 -0.541513116273732 2.04301460636361 0.344352695632001 -0.403433760700483 -1 0 0 2 2 1 0 0 0 1 1 0 2 1 1 1 2 0 2 2 1 1 0 2 2 1 2 2 1 2 1 0 0 -2 -2 -1 0 0 0 -1 -1 0 -2 -1 -1 -1 -2 0 -2 -2 -1 -1 0 -2 -2 -1 -2 -2 -1 -2 -1
-2.51507238103362 -1.32408388964915 -0.834620056427726 0.929327519299658 0.511731021049607 -1 0 0 2 2 0 1 1 1 2 1 0 0 0 0 1 2 0 2 2 1 1 1 2 0 1 2 1 0 0 2 0 0 -2 -2 0 -1 -1 -1 -2 -1 0 0 0 0 -1 -2 0 -2 -2 -1 -1 -1 -2 0 -1 -2 -1 0 0 -2
-1.4991614417638 0.115066124446462 -0.148695598777952 -0.134245669294122 0.964295917890538 -1 0 0 1 2 2 2 1 2 2 1 0 2 2 1 2 2 0 2 2 1 1 0 2 1 0 2 2 2 2 1 0 0 -1 -2 -2 -2 -1 -2 -2 -1 0 -2 -2 -1 -2 -2 0 -2 -2 -1 -1 0 -2 -1 0 -2 -2 -2 -2 -1
-0.0533667304911783 0.333374664324502 -0.0544260478913972 -0.110040991120317 -0.658911042004923 1 2 0 1 2 0 1 0 2 2 1 1 1 1 1 1 2 0 2 1 1 1 1 2 2 1 2 1 0 1 1 2 0 1 2 0 1 0 2 2 1 1 1 1 1 1 2 0 2 1 1 1 1 2 2 1 2 1 0 1 1
0.198871140615048 0.602113079340524 0.299157594099161 -2.77385841159188 0.947719070537738 1 1 0 1 2 1 2 1 2 2 0 0 1 2 0 2 2 0 1 2 1 1 1 2 1 0 2 2 2 2 0 1 0 1 2 1 2 1 2 2 0 0 1 2 0 2 2 0 1 2 1 1 1 2 1 0 2 2 2 2 0
-2.08177524775184 -1.37902151951857 -2.27639328207841 -0.109202069893435 -1.51317091889471 1 1 0 0 1 2 1 1 2 2 0 0 2 1 0 1 2 0 2 2 1 0 0 1 2 1 2 1 0 1 2 1 0 0 1 2 1 1 2 2 0 0 2 1 0 1 2 0 2 2 1 0 0 1 2 1 2 1 0 1 2
0.218869255298363 -2.34888495719082 -0.444425088502897 -0.498094272130155 -0.0201941379069103 -1 1 0 2 1 1 0 0 2 1 2 0 2 2 1 2 2 0 2 0 1 1 1 2 0 0 1 2 0 1 1 -1 0 -2 -1 -1 0 0 -2 -1 -2 0 -2 -2 -1 -2 -2 0 -2 0 -1 -1 -1 -2 0 0 -1 -2 0 -1 -1
-0.829748761809689 -0.0265832235963764 -1.94856681209513 -1.51128821415642 -0.27633409822254 -1 2 0 1 2 2 1 0 1 1 0 0 1 2 0 2 2 0 2 2 1 0 0 2 0 0 2 2 1 2 1 -2 0 -1 -2 -2 -1 0 -1 -1 0 0 -1 -2 0 -2 -2 0 -2 -2 -1 0 0 -2 0 0 -2 -2 -1 -2 -1
1.57125010603135 0.771502655238436 -1.35211572649325 0.935580802157438 -0.965653824181742 -1 2 0 2 2 1 0 0 2 2 0 0 1 2 0 1 1 0 2 0 0 0 1 2 2 1 2 1 0 2 2 -2 0 -2 -2 -1 0 0 -2 -2 0 0 -1 -2 0 -1 -1 0 -2 0 0 0 -1 -2 -2 -1 -2 -1 0 -2 -2
0.505722987624092 1.26176347396635 -1.6992309086742 0.183588879493963 1.97155808277686 -1 2 1 2 2 0 0 1 2 2 1 0 2 1 0 2 2 1 2 2 1 2 1 0 2 0 2 1 0 2 2 -2 -1 -2 -2 0 0 -1 -2 -2 -1 0 -2 -1 0 -2 -2 -1 -2 -2 -1 -2 -1 0 -2 0 -2 -1 0 -2 -2
-0.525243398035239 -2.07972913879037 0.422355216987235 -1.46589785497461 0.864708906284882 1 1 0 1 1 1 0 0 2 2 1 0 1 2 1 2 2 0 2 0 0 1 1 1 2 1 2 2 2 2 2 1 0 1 1 1 0 0 2 2 1 0 1 2 1 2 2 0 2 0 0 1 1 1 2 1 2 2 2 2 2
-0.475145713189881 -1.2759081969721 0.231063129339839 0.928191725920276 -0.719329400732731 -1 2 0 2 2 1 2 1 2 1 0 0 1 1 1 2 1 0 2 0 2 2 0 2 0 0 1 2 1 2 2 -2 0 -2 -2 -1 -2 -1 -2 -1 0 0 -1 -1 -1 -2 -1 0 -2 0 -2 -2 0 -2 0 0 -1 -2 -1 -2 -2
1.51119798846683 -0.982194604513668 -1.65468557019085 -1.41531864600792 0.443773672279002 -1 1 0 2 2 0 1 2 2 2 2 0 1 1 0 1 2 0 1 1 1 1 1 2 1 1 1 1 0 2 2 -1 0 -2 -2 0 -1 -2 -2 -2 -2 0 -1 -1 0 -1 -2 0 -1 -1 -1 -1 -1 -2 -1 -1 -1 -1 0 -2 -2
2.10329391361627 -1.23832409984743 -0.197951799595043 -0.368697679739364 -1.32107052861918 1 1 0 2 2 1 0 0 2 2 1 0 1 1 0 2 2 0 2 1 0 1 1 1 1 0 2 2 1 1 1 1 0 2 2 1 0 0 2 2 1 0 1 1 0 2 2 0 2 1 0 1 1 1 1 0 2 2 1 1 1
-1.95821191752429 0.306872002238729 0.874631582838111 -0.898372964243777 1.17410690422204 -1 1 0 0 2 0 1 1 2 2 2 0 2 2 1 2 2 0 2 2 1 0 0 1 1 0 2 2 1 1 1 -1 0 0 -2 0 -1 -1 -2 -2 -2 0 -2 -2 -1 -2 -2 0 -2 -2 -1 0 0 -1 -1 0 -2 -2 -1 -1 -1
-0.0844997946552472 -0.138038099350558 0.509862811808148 -0.704288855685014 -0.843208773674515 1 2 0 1 1 1 1 1 2 2 1 0 2 2 1 2 2 0 2 0 0 0 0 1 1 0 2 2 1 2 1 2 0 1 1 1 1 1 2 2 1 0 2 2 1 2 2 0 2 0 0 0 0 1 1 0 2 2 1 2 1
1.76678129248661 0.210335337488373 0.336372021304689 -0.637757997620204 0.63444174859203 1 1 0 1 1 1 1 1 2 2 0 0 1 1 0 2 2 0 2 1 0 0 1 2 1 0 2 2 1 2 0 1 0 1 1 1 1 1 2 2 0 0 1 1 0 2 2 0 2 1 0 0 1 2 1 0 2 2 1 2 0
-0.68751398721722 -0.884165123574184 0.671319765017116 0.80169466889663 0.698563429080067 1 2 0 1 1 0 0 1 2 1 2 0 1 1 1 1 1 0 1 1 0 0 0 1 1 0 2 2 2 2 1 2 0 1 1 0 0 1 2 1 2 0 1 1 1 1 1 0 1 1 0 0 0 1 1 0 2 2 2 2 1
0.0438744849727215 -0.179688413042779 1.65605082742484 -0.281518385231242 0.0255723927296742 -1 2 0 2 2 0 0 1 2 2 1 0 2 2 0 1 0 0 1 1 1 1 0 2 1 0 2 2 0 1 0 -2 0 -2 -2 0 0 -1 -2 -2 -1 0 -2 -2 0 -1 0 0 -1 -1 -1 -1 0 -2 -1 0 -2 -2 0 -1 0
-1.22483809264721 -0.263779574157057 0.529455088597323 -1.98021206298497 -0.487454672229568 1 2 1 2 2 1 0 0 2 2 1 0 1 1 0 2 2 0 2 1 0 1 0 2 2 1 2 2 1 2 2 2 1 2 2 1 0 0 2 2 1 0 1 1 0 2 2 0 2 1 0 1 0 2 2 1 2 2 1 2 2
-1.64410276182415 -1.8932827588923 -0.360044929559719 1.77596995997619 0.89146193267643 -1 2 0 2 2 2 0 2 2 2 2 1 1 1 0 1 2 0 2 0 1 0 0 2 1 1 2 2 0 1 0 -2 0 -2 -2 -2 0 -2 -2 -2 -2 -1 -1 -1 0 -1 -2 0 -2 0 -1 0 0 -2 -1 -1 -2 -2 0 -1 0
1.70237432139681 0.495042384876671 0.698869467413696 0.277830476592656 0.858246811857873 1 0 0 2 2 1 0 0 2 2 2 1 2 2 0 2 2 0 2 2 0 1 2 2 0 0 0 0 0 1 1 0 0 2 2 1 0 0 2 2 2 1 2 2 0 2 2 0 2 2 0 1 2 2 0 0 0 0 0 1 1
1.02425932401205 -2.06452749171087 0.380661352138415 -1.0411924094275 0.945304465275663 -1 2 0 2 2 0 0 1 2 2 1 0 2 2 0 0 1 0 2 1 1 1 1 2 0 1 2 2 0 1 1 -2 0 -2 -2 0 0 -1 -2 -2 -1 0 -2 -2 0 0 -1 0 -2 -1 -1 -1 -1 -2 0 -1 -2 -2 0 -1 -1
-0.344993323930772 0.743819323530361 1.10815890636455 -0.629969341165404 1.1025903115972 1 2 0 1 2 2 1 1 2 2 2 0 2 2 1 2 2 0 1 1 0 0 0 1 0 0 2 1 1 2 2 2 0 1 2 2 1 1 2 2 2 0 2 2 1 2 2 0 1 1 0 0 0 1 0 0 2 1 1 2 2
0.467097148019296 -1.01936857778889 1.17407074485612 -0.751978617417686 0.39021539675111 1 2 0 0 2 1 1 2 2 2 2 1 2 2 1 2 2 0 1 0 0 0 0 2 1 0 2 1 0 1 0 2 0 0 2 1 1 2 2 2 2 1 2 2 1 2 2 0 1 0 0 0 0 2 1 0 2 1 0 1 0
-0.358180182423661 -0.401369344849451 -0.0216070214128734 -0.89921721612768 -0.298392227064305 -1 1 1 2 2 2 2 1 2 2 0 0 1 2 0 1 1 0 2 1 1 1 1 2 0 0 2 2 0 0 1 -1 -1 -2 -2 -2 -2 -1 -2 -2 0 0 -1 -2 0 -1 -1 0 -2 -1 -1 -1 -1 -2 0 0 -2 -2 0 0 -1
-1.64457488826775 -1.01402406000679 -1.54817329213831 -0.17627378991853 0.069806945555583 1 1 0 0 1 1 1 2 2 2 2 0 2 2 0 1 2 0 2 0 0 0 0 1 1 0 1 1 0 0 0 1 0 0 1 1 1 2 2 2 2 0 2 2 0 1 2 0 2 0 0 0 0 1 1 0 1 1 0 0 0
-0.100819513408836 0.167084501057014 -1.24722148862396 -0.0341480229940492 -1.28711367264287 1 1 0 1 2 1 0 0 2 2 2 1 1 1 0 1 2 0 2 0 0 1 1 2 0 0 1 1 1 2 2 1 0 1 2 1 0 0 2 2 2 1 1 1 0 1 2 0 2 0 0 1 1 2 0 0 1 1 1 2 2
-0.846219166162345 0.661424937175869 -0.6039453605162 -1.09195373322021 -1.39892702075102 1 2 0 2 2 2 1 2 2 2 0 0 2 0 0 1 2 0 2 2 1 0 0 2 1 1 1 2 1 2 1 2 0 2 2 2 1 2 2 2 0 0 2 0 0 1 2 0 2 2 1 0 0 2 1 1 1 2 1 2 1
0.411114235541592 -0.790734509965899 -0.492829790544328 -0.632070144914421 1.34325046913125 -1 2 0 2 2 1 1 1 2 2 1 0 2 2 0 2 2 1 2 1 0 0 1 2 0 1 2 2 1 1 1 -2 0 -2 -2 -1 -1 -1 -2 -2 -1 0 -2 -2 0 -2 -2 -1 -2 -1 0 0 -1 -2 0 -1 -2 -2 -1 -1 -1
-1.05244690115553 -0.0621501325347273 -0.969205054622639 -1.62396949437119 -1.36539727839888 -1 0 0 1 2 0 0 1 1 2 0 0 1 2 0 1 2 0 1 0 0 0 0 2 2 1 2 2 0 1 1 0 0 -1 -2 0 0 -1 -1 -2 0 0 -1 -2 0 -1 -2 0 -1 0 0 0 0 -2 -2 -1 -2 -2 0 -1 -1
-2.20959708155346 1.04949576519397 0.248216745585976 -0.286425458453218 1.46342797887942 1 2 1 2 2 1 1 0 1 1 0 0 1 1 0 2 2 0 2 1 1 1 1 2 1 0 1 0 0 1 1 2 1 2 2 1 1 0 1 1 0 0 1 1 0 2 2 0 2 1 1 1 1 2 1 0 1 0 0 1 1
1.97751271879811 -0.12132126910587 -1.79043149062188 -0.0496086997009005 0.0370579517942956 -1 2 0 2 2 0 1 2 2 2 1 0 1 1 0 1 2 0 1 0 0 0 0 2 1 0 2 1 0 1 1 -2 0 -2 -2 0 -1 -2 -2 -2 -1 0 -1 -1 0 -1 -2 0 -1 0 0 0 0 -2 -1 0 -2 -1 0 -1 -1
0.620745331171563 0.155583485824306 -0.356666378899337 -0.995245044201947 -0.761984343541321 -1 0 0 2 2 1 1 1 2 2 2 1 2 2 1 2 2 0 2 0 0 1 1 2 2 1 2 2 1 1 2 0 0 -2 -2 -1 -1 -1 -2 -2 -2 -1 -2 -2 -1 -2 -2 0 -2 0 0 -1 -1 -2 -2 -1 -2 -2 -1 -1 -2
-0.416875087822612 -0.511320276638871 2.1095008623514 -0.212037241942626 -0.344176631262844 -1 1 0 2 2 0 1 1 2 2 2 0 2 1 0 1 2 0 1 1 2 1 1 2 1 0 1 1 1 0 1 -1 0 -2 -2 0 -1 -1 -2 -2 -2 0 -2 -1 0 -1 -2 0 -1 -1 -2 -1 -1 -2 -1 0 -1 -1 -1 0 -1
-0.0662833976519731 0.325036323230804 0.0387877543659888 0.972039291324062 0.405496879598051 1 2 0 1 2 1 0 1 2 2 2 0 1 2 1 2 2 0 1 0 1 0 0 2 1 1 2 2 1 0 2 2 0 1 2 1 0 1 2 2 2 0 1 2 1 2 2 0 1 0 1 0 0 2 1 1 2 2 1 0 2
-0.670584945568255 -0.158944812874701 1.22903876128651 0.233078132793079 -2.14750750528777 -1 2 0 1 2 0 1 1 2 2 1 0 2 1 1 2 1 0 2 1 1 1 0 1 1 0 2 2 1 1 1 -2 0 -1 -2 0 -1 -1 -2 -2 -1 0 -2 -1 -1 -2 -1 0 -2 -1 -1 -1 0 -1 -1 0 -2 -2 -1 -1 -1
2.06234172976409 -0.433005527046071 0.335489033158795 -0.433083030559423 -0.902635308213693 1 1 1 2 2 1 1 1 2 2 2 0 2 2 0 2 2 0 2 1 0 1 1 2 1 1 2 1 0 1 0 1 1 2 2 1 1 1 2 2 2 0 2 2 0 2 2 0 2 1 0 1 1 2 1 1 2 1 0 1 0
0.462903802087123 2.03103616789938 0.645351525421872 -0.469458091866604 0.524345471477032 -1 1 0 0 0 2 2 1 2 2 2 1 2 2 0 2 2 0 2 2 1 2 1 2 1 0 2 1 0 1 2 -1 0 0 0 -2 -2 -1 -2 -2 -2 -1 -2 -2 0 -2 -2 0 -2 -2 -1 -2 -1 -2 -1 0 -2 -1 0 -1 -2
0.486144681610452 0.702462603223016 -1.4671244056618 -0.0625817790191392 0.161187930642868 -1 1 0 1 2 0 1 1 1 2 1 0 0 0 0 1 2 0 2 0 0 0 1 2 1 1 2 2 1 2 2 -1 0 -1 -2 0 -1 -1 -1 -2 -1 0 0 0 0 -1 -2 0 -2 0 0 0 -1 -2 -1 -1 -2 -2 -1 -2 -2
1.10280341494028 -0.96336908054873 -0.257802503416989 0.221436712526112 1.7934585870097 -1 0 1 2 2 2 1 1 1 2 1 0 1 1 0 1 2 0 1 1 1 0 0 2 1 1 2 1 0 0 1 0 -1 -2 -2 -2 -1 -1 -1 -2 -1 0 -1 -1 0 -1 -2 0 -1 -1 -1 0 0 -2 -1 -1 -2 -1 0 0 -1
-1.22542940590563 -1.05360870875128 -0.767689856992149 -1.3481584286807 0.245868907243919 -1 2 0 2 2 1 0 2 2 2 1 0 2 2 1 1 2 0 2 0 1 1 1 1 1 1 2 2 1 2 2 -2 0 -2 -2 -1 0 -2 -2 -2 -1 0 -2 -2 -1 -1 -2 0 -2 0 -1 -1 -1 -1 -1 -1 -2 -2 -1 -2 -2
0.208914388371925 0.587935740412922 1.22130602674493 -1.00280610703716 0.239756718081429 -1 1 0 1 1 1 0 0 2 2 2 1 2 2 1 2 2 0 2 0 0 1 0 2 2 1 2 2 2 2 1 -1 0 -1 -1 -1 0 0 -2 -2 -2 -1 -2 -2 -1 -2 -2 0 -2 0 0 -1 0 -2 -2 -1 -2 -2 -2 -2 -1
2.69409936849784 0.104835989218055 0.102235466085394 -1.71320435567526 -2.37290528984871 -1 1 0 2 1 0 1 1 1 1 1 0 0 2 1 1 2 0 1 0 1 1 0 2 1 0 1 2 1 1 2 -1 0 -2 -1 0 -1 -1 -1 -1 -1 0 0 -2 -1 -1 -2 0 -1 0 -1 -1 0 -2 -1 0 -1 -2 -1 -1 -2
-0.12671828032017 2.78657740706541 -1.44760763288125 -1.30045339264413 0.752596925623571 -1 1 0 1 2 2 2 2 2 2 2 2 2 2 1 1 2 0 2 0 0 0 2 2 0 0 2 1 0 0 0 -1 0 -1 -2 -2 -2 -2 -2 -2 -2 -2 -2 -2 -1 -1 -2 0 -2 0 0 0 -2 -2 0 0 -2 -1 0 0 0
0.0908054957288902 -0.0308328382031467 0.0265559996025592 1.81917222788074 0.208684211292752 -1 2 0 2 2 0 1 1 2 2 1 0 1 2 0 1 1 0 2 1 0 0 0 2 1 2 2 2 0 1 0 -2 0 -2 -2 0 -1 -1 -2 -2 -1 0 -1 -2 0 -1 -1 0 -2 -1 0 0 0 -2 -1 -2 -2 -2 0 -1 0
-0.0897275396947165 -1.15064969133809 0.109141877937337 1.13372954647285 0.0601919829106225 1 1 0 1 2 2 2 2 1 1 1 1 2 2 1 2 2 0 2 2 2 2 0 1 2 2 2 2 2 2 2 1 0 1 2 2 2 2 1 1 1 1 2 2 1 2 2 0 2 2 2 2 0 1 2 2 2 2 2 2 2
0.329032722458034 0.869313900782669 -0.0486379982241333 -0.134484961073846 0.380716076168291 1 1 1 1 2 1 1 0 2 2 1 0 2 2 1 1 1 0 2 1 0 1 0 2 1 0 2 1 0 1 1 1 1 1 2 1 1 0 2 2 1 0 2 2 1 1 1 0 2 1 0 1 0 2 1 0 2 1 0 1 1
0.777343958407491 -0.890552851984883 0.547400818556629 -1.78720305433142 -0.198432680813451 1 1 0 1 2 0 0 0 1 2 1 0 1 1 0 1 2 0 2 0 1 0 1 2 0 0 2 2 0 0 1 1 0 1 2 0 0 0 1 2 1 0 1 1 0 1 2 0 2 0 1 0 1 2 0 0 2 2 0 0 1
0.828315852615705 0.9824170925025 0.636853467125981 -0.526407067496881 0.290590702569426 1 1 0 0 1 0 0 0 2 2 1 0 2 1 0 0 1 0 2 1 0 0 0 2 1 0 1 2 0 0 1 1 0 0 1 0 0 0 2 2 1 0 2 1 0 0 1 0 2 1 0 0 0 2 1 0 1 2 0 0 1
-3.11171991955785 -0.0367256143228247 1.85606383621242 1.20722683579407 0.817254681074584 -1 1 0 1 2 1 1 1 2 2 2 1 1 1 1 2 2 0 1 0 0 0 0 2 0 1 2 2 1 0 1 -1 0 -1 -2 -1 -1 -1 -2 -2 -2 -1 -1 -1 -1 -2 -2 0 -1 0 0 0 0 -2 0 -1 -2 -2 -1 0 -1
-0.407399941719062 -0.673204110239085 1.83673036059067 1.70912355029434 -0.123231803445511 1 2 0 1 1 0 0 0 2 2 1 0 2 2 0 1 2 0 1 1 0 0 0 1 0 0 2 2 1 1 1 2 0 1 1 0 0 0 2 2 1 0 2 2 0 1 2 0 1 1 0 0 0 1 0 0 2 2 1 1 1
-1.14707057592271 -0.955355924031373 -1.20440626465248 1.54848178157297 -0.874347923722714 1 0 0 2 2 0 0 1 1 1 0 0 1 1 0 2 2 0 2 1 1 0 0 1 2 1 1 2 1 1 2 0 0 2 2 0 0 1 1 1 0 0 1 1 0 2 2 0 2 1 1 0 0 1 2 1 1 2 1 1 2
0.0870940855046627 -0.0401722806519062 2.05362775233403 0.223345816679993 -0.430576103500772 -1 2 1 2 2 0 0 1 2 2 0 0 1 1 1 1 2 0 1 0 0 0 0 2 2 2 2 2 0 1 2 -2 -1 -2 -2 0 0 -1 -2 -2 0 0 -1 -1 -1 -1 -2 0 -1 0 0 0 0 -2 -2 -2 -2 -2 0 -1 -2
0.552628739462177 -0.323445607085466 -3.08027808754303 -1.55787456434676 0.54713805028329 1 2 0 1 2 0 1 1 0 1 0 0 2 2 1 0 1 0 1 1 0 1 1 1 2 0 2 1 0 2 1 2 0 1 2 0 1 1 0 1 0 0 2 2 1 0 1 0 1 1 0 1 1 1 2 0 2 1 0 2 1
0.667755234995936 1.05337121383061 1.45988767005272 -0.230793546302774 1.23709862481748 1 0 0 1 2 2 2 1 2 2 2 0 1 2 1 1 2 0 1 0 0 0 0 1 2 1 1 2 1 1 0 0 0 1 2 2 2 1 2 2 2 0 1 2 1 1 2 0 1 0 0 0 0 1 2 1 1 2 1 1 0
-1.34232342570856 1.01574936758415 0.166063433424092 0.613223427675298 2.38476252687549 -1 1 0 1 2 1 1 1 1 2 2 1 2 2 0 0 2 0 1 0 0 0 0 1 1 1 2 2 2 2 2 -1 0 -1 -2 -1 -1 -1 -1 -2 -2 -1 -2 -2 0 0 -2 0 -1 0 0 0 0 -1 -1 -1 -2 -2 -2 -2 -2
-0.535878211375124 1.50699875693848 1.36881232596507 1.60018926111298 0.163192041333928 1 1 0 1 2 0 0 0 1 1 0 0 1 1 0 2 2 0 2 0 0 0 0 1 1 0 2 2 2 0 1 1 0 1 2 0 0 0 1 1 0 0 1 1 0 2 2 0 2 0 0 0 0 1 1 0 2 2 2 0 1
-1.44127764822022 1.37979546167108 1.07493122362066 -0.0135179340448249 -0.337699283855129 -1 2 0 1 2 0 1 1 2 2 0 0 1 2 2 2 2 0 2 1 1 1 0 1 1 1 1 1 0 1 1 -2 0 -1 -2 0 -1 -1 -2 -2 0 0 -1 -2 -2 -2 -2 0 -2 -1 -1 -1 0 -1 -1 -1 -1 -1 0 -1 -1
-0.458381016161238 -0.221356880377356 -1.3977306792987 -1.88410303559099 0.388763453963566 -1 0 0 1 1 0 2 2 1 2 2 0 2 1 1 2 2 0 2 1 1 1 0 2 2 0 2 1 0 1 0 0 0 -1 -1 0 -2 -2 -1 -2 -2 0 -2 -1 -1 -2 -2 0 -2 -1 -1 -1 0 -2 -2 0 -2 -1 0 -1 0
-0.90793700916478 -0.58493770468529 -0.17016733239596 0.20502560153368 -0.121178044727306 -1 1 0 1 2 1 1 2 2 2 2 0 2 2 0 2 2 0 2 1 0 2 1 2 0 1 2 2 1 2 1 -1 0 -1 -2 -1 -1 -2 -2 -2 -2 0 -2 -2 0 -2 -2 0 -2 -1 0 -2 -1 -2 0 -1 -2 -2 -1 -2 -1
-1.83753428277974 0.698898340066447 0.534986129901738 -0.648502997552216 1.66370307935807 1 1 0 1 2 2 0 0 2 2 2 0 2 1 1 1 2 0 1 0 0 0 0 1 0 0 1 1 0 1 2 1 0 1 2 2 0 0 2 2 2 0 2 1 1 1 2 0 1 0 0 0 0 1 0 0 1 1 0 1 2
0.423170677145443 0.345885561526415 -2.97291201592213 0.642465126466224 0.742035841644075 1 2 1 1 1 0 1 0 2 2 1 1 2 2 2 2 2 0 2 0 1 0 1 2 2 1 2 1 1 1 1 2 1 1 1 0 1 0 2 2 1 1 2 2 2 2 2 0 2 0 1 0 1 2 2 1 2 1 1 1 1
1.41436735620745 -0.394818236926887 -0.202857496042657 -1.72008903527503 -0.840421109815634 -1 1 0 1 2 1 1 0 2 2 1 0 1 1 1 1 2 0 1 0 0 0 0 1 2 0 2 1 1 2 1 -1 0 -1 -2 -1 -1 0 -2 -2 -1 0 -1 -1 -1 -1 -2 0 -1 0 0 0 0 -1 -2 0 -2 -1 -1 -2 -1
-0.87438245003998 1.51974581846996 -1.01526982302728 0.0401667682019134 0.482750662673699 1 2 1 1 1 1 1 2 2 2 0 1 2 2 1 1 2 0 2 1 0 1 1 2 2 1 2 2 1 2 2 2 1 1 1 1 1 2 2 2 0 1 2 2 1 1 2 0 2 1 0 1 1 2 2 1 2 2 1 2 2
0.419937451755422 -0.168670511305736 -0.645112252381367 1.26586596023244 0.469664315703457 1 0 0 1 2 2 1 1 2 2 1 0 0 1 0 2 2 0 2 0 1 1 0 1 1 0 2 2 0 1 1 0 0 1 2 2 1 1 2 2 1 0 0 1 0 2 2 0 2 0 1 1 0 1 1 0 2 2 0 1 1
-0.505955814583334 -2.1094732249184 -1.54869121493262 0.686612982369701 -0.107191306197137 -1 1 0 0 1 1 1 0 2 1 1 0 2 2 1 2 2 0 2 1 1 0 1 2 1 0 0 0 0 1 0 -1 0 0 -1 -1 -1 0 -2 -1 -1 0 -2 -2 -1 -2 -2 0 -2 -1 -1 0 -1 -2 -1 0 0 0 0 -1 0
