-0.0704787056117497 -0.742454538856985 -0.76852464168941 -1.71440358524264 -0.664793936460576 1 2 2 1 0 1 0 1 0 1 1 2 0 1 1 2 2 1 2 2 2 2 1 1 1 0 2 2 0 1 2 2 2 1 0 1 0 1 0 1 1 2 0 1 1 2 2 1 2 2 2 2 1 1 1 0 2 2 0 1 2
-1.19882284605 -0.902328081003214 0.198502163494313 0.0159851859917438 -1.38874524656757 1 2 2 1 0 1 0 2 0 0 1 1 0 1 1 2 1 1 2 2 2 0 1 2 0 0 2 2 0 1 1 2 2 1 0 1 0 2 0 0 1 1 0 1 1 2 1 1 2 2 2 0 1 2 0 0 2 2 0 1 1
-0.52202875392922 -0.276967320597582 0.130329803449463 1.24305130223751 -1.05907810915704 1 1 1 1 0 1 0 2 0 1 0 1 0 1 1 2 2 0 1 1 0 0 1 1 1 1 2 2 0 2 0 1 1 1 0 1 0 2 0 1 0 1 0 1 1 2 2 0 1 1 0 0 1 1 1 1 2 2 0 2 0
-1.23223546480742 1.00110013266395 -0.916550753314599 -0.1942232964247 0.468283133214468 -1 2 2 2 0 2 0 2 1 2 2 2 0 2 2 2 2 0 2 1 1 0 1 1 1 0 2 2 1 1 0 -2 -2 -2 0 -2 0 -2 -1 -2 -2 -2 0 -2 -2 -2 -2 0 -2 -1 -1 0 -1 -1 -1 0 -2 -2 -1 -1 0
0.014077740029825 1.34835323489101 0.0400445018458896 -0.506498543277502 0.679810387148106 -1 1 2 2 0 1 0 1 0 0 0 1 0 2 0 1 1 0 1 2 2 1 0 1 0 0 2 1 0 2 1 -1 -2 -2 0 -1 0 -1 0 0 0 -1 0 -2 0 -1 -1 0 -1 -2 -2 -1 0 -1 0 0 -2 -1 0 -2 -1
-1.54165655766826 -0.290700383440427 0.556985870327743 0.200392973229011 -0.18077050465643 -1 1 2 2 1 1 0 2 1 0 1 1 0 2 1 2 2 0 1 0 1 0 0 1 0 0 2 1 0 1 0 -1 -2 -2 -1 -1 0 -2 -1 0 -1 -1 0 -2 -1 -2 -2 0 -1 0 -1 0 0 -1 0 0 -2 -1 0 -1 0
0.209292360337816 0.864035225505952 -1.17313040516777 0.0130866923815874 -2.04356515518416 -1 1 0 1 0 1 0 2 0 1 1 1 0 1 1 1 1 0 2 2 2 0 0 1 0 0 2 2 0 0 0 -1 0 -1 0 -1 0 -2 0 -1 -1 -1 0 -1 -1 -1 -1 0 -2 -2 -2 0 0 -1 0 0 -2 -2 0 0 0
-0.282290298316638 2.09215287590165 -0.688562686344068 -0.97267404161906 -0.903242210788937 1 2 2 2 0 2 0 1 0 0 0 0 0 1 1 2 2 0 1 2 2 0 0 0 0 0 2 2 0 2 2 2 2 2 0 2 0 1 0 0 0 0 0 1 1 2 2 0 1 2 2 0 0 0 0 0 2 2 0 2 2
1.97968571069692 -1.49289286961681 -0.856409203986629 -0.562263234851094 -1.22691976407376 -1 2 2 2 0 2 1 0 0 0 0 0 0 2 1 2 2 1 2 2 1 1 1 1 0 0 2 2 1 2 2 -2 -2 -2 0 -2 -1 0 0 0 0 0 0 -2 -1 -2 -2 -1 -2 -2 -1 -1 -1 -1 0 0 -2 -2 -1 -2 -2
0.111184519532718 -1.29104490256378 -0.126110585316307 -0.202146639502113 -0.307684217207385 -1 1 2 2 0 2 0 2 0 1 0 1 0 2 1 2 2 1 2 2 2 1 1 2 0 0 2 2 0 1 1 -1 -2 -2 0 -2 0 -2 0 -1 0 -1 0 -2 -1 -2 -2 -1 -2 -2 -2 -1 -1 -2 0 0 -2 -2 0 -1 -1
0.101208578597724 -0.144359450499311 -0.946513330897963 0.943224841926029 -1.65025806343377 1 2 2 2 1 2 1 2 0 1 0 1 0 2 1 2 2 0 1 1 2 1 1 1 1 0 2 2 0 1 1 2 2 2 1 2 1 2 0 1 0 1 0 2 1 2 2 0 1 1 2 1 1 1 1 0 2 2 0 1 1
0.327116725034215 0.3297571820312 -0.501090254185319 1.6200068591467 1.71640812756462 -1 1 1 2 0 2 0 2 1 1 0 2 0 2 2 2 2 1 2 2 2 1 1 1 0 0 2 2 0 2 2 -1 -1 -2 0 -2 0 -2 -1 -1 0 -2 0 -2 -2 -2 -2 -1 -2 -2 -2 -1 -1 -1 0 0 -2 -2 0 -2 -2
0.955906023064802 1.60354422274364 -0.270775736414739 0.0892518365906945 -0.149294319069159 1 0 1 1 0 1 0 2 1 1 1 1 0 1 0 1 1 2 2 2 2 1 0 2 1 0 2 2 2 2 2 0 1 1 0 1 0 2 1 1 1 1 0 1 0 1 1 2 2 2 2 1 0 2 1 0 2 2 2 2 2
-0.365601130890748 -0.599189217251489 -0.150457251302285 -0.34059614540824 -0.418423945459716 1 0 0 0 0 2 0 1 0 0 0 0 0 2 2 2 2 2 2 2 2 2 1 2 1 0 2 2 0 2 1 0 0 0 0 2 0 1 0 0 0 0 0 2 2 2 2 2 2 2 2 2 1 2 1 0 2 2 0 2 1
-1.48184480954726 1.60266526755714 0.0430030250576772 0.546425139001699 0.907868449419999 1 1 2 2 0 1 0 1 0 1 0 2 0 1 1 2 2 2 1 2 1 0 1 2 0 0 2 2 0 1 1 1 2 2 0 1 0 1 0 1 0 2 0 1 1 2 2 2 1 2 1 0 1 2 0 0 2 2 0 1 1
-0.133328724132033 1.08103332495606 -1.44107348918159 -0.31072583208018 -1.97313618139923 1 1 1 2 0 2 1 1 0 0 1 1 0 1 1 2 2 2 2 2 1 1 0 1 0 1 2 1 1 1 2 1 1 2 0 2 1 1 0 0 1 1 0 1 1 2 2 2 2 2 1 1 0 1 0 1 2 1 1 1 2
-1.23992763471536 0.118457481208073 0.176219661996548 -0.489403903188134 0.649760120354249 1 1 2 2 1 1 1 1 0 0 0 0 0 1 1 2 1 0 2 1 0 0 1 2 1 0 2 2 0 2 1 1 2 2 1 1 1 1 0 0 0 0 0 1 1 2 1 0 2 1 0 0 1 2 1 0 2 2 0 2 1
0.552456398941168 -1.35930148040754 -0.0528728625743685 -1.21097739356408 0.462153098896434 -1 0 2 2 1 2 0 2 0 0 0 0 0 1 1 2 1 1 2 2 2 1 2 2 0 0 2 2 1 2 2 0 -2 -2 -1 -2 0 -2 0 0 0 0 0 -1 -1 -2 -1 -1 -2 -2 -2 -1 -2 -2 0 0 -2 -2 -1 -2 -2
2.1458053086966 0.0133459233215406 0.825373813252351 1.75570329317755 0.76626317844688 1 1 2 2 1 1 1 2 1 1 1 2 0 2 2 2 2 2 2 2 2 0 1 1 1 0 2 2 1 2 2 1 2 2 1 1 1 2 1 1 1 2 0 2 2 2 2 2 2 2 2 0 1 1 1 0 2 2 1 2 2
-1.33858945632075 0.522684737872271 -0.330403327452223 0.179300798378296 -1.35219643994624 1 1 1 2 0 2 0 1 0 0 0 1 0 1 0 2 1 1 1 0 1 0 2 2 0 0 2 2 1 1 0 1 1 2 0 2 0 1 0 0 0 1 0 1 0 2 1 1 1 0 1 0 2 2 0 0 2 2 1 1 0
1.45329780848329 -1.63380207027838 -2.77532621616044 0.617691768206735 0.634394561063439 1 0 1 1 0 2 0 2 0 1 0 1 0 2 1 2 2 2 2 2 1 1 1 2 0 0 2 2 1 2 1 0 1 1 0 2 0 2 0 1 0 1 0 2 1 2 2 2 2 2 1 1 1 2 0 0 2 2 1 2 1
0.445845880139028 1.44101289187509 1.60080178064454 -1.74667891463501 -0.371533203392945 -1 1 1 2 2 1 0 2 1 1 1 0 0 1 1 2 2 1 2 2 2 2 0 2 0 0 2 1 0 2 2 -1 -1 -2 -2 -1 0 -2 -1 -1 -1 0 0 -1 -1 -2 -2 -1 -2 -2 -2 -2 0 -2 0 0 -2 -1 0 -2 -2
0.115187925812619 0.659403106283485 -0.233395589507715 -1.29370026828816 -0.263470053289519 1 1 2 2 0 1 0 2 0 0 1 1 0 2 2 2 2 0 2 2 2 2 1 2 0 0 2 1 0 1 0 1 2 2 0 1 0 2 0 0 1 1 0 2 2 2 2 0 2 2 2 2 1 2 0 0 2 1 0 1 0
-0.488099423385721 -0.337733770747046 -0.337146698789433 -0.947170543640737 0.299472800004692 -1 1 1 2 0 2 0 2 0 0 0 0 0 1 1 2 2 1 2 2 2 2 0 0 0 0 2 1 0 2 1 -1 -1 -2 0 -2 0 -2 0 0 0 0 0 -1 -1 -2 -2 -1 -2 -2 -2 -2 0 0 0 0 -2 -1 0 -2 -1
-2.30607212518906 0.690460497385426 0.948915711609175 -0.18508872064131 -0.409151536119014 -1 1 2 2 0 2 1 2 1 2 1 1 0 1 1 2 2 2 2 2 2 2 1 2 0 0 2 2 0 2 2 -1 -2 -2 0 -2 -1 -2 -1 -2 -1 -1 0 -1 -1 -2 -2 -2 -2 -2 -2 -2 -1 -2 0 0 -2 -2 0 -2 -2
-1.4686499432151 1.49829247613297 1.2486295366891 1.62015519269527 -0.701826503825973 1 2 2 2 0 2 0 0 0 0 0 1 0 1 0 2 1 0 2 1 2 1 2 1 0 0 2 2 0 1 1 2 2 2 0 2 0 0 0 0 0 1 0 1 0 2 1 0 2 1 2 1 2 1 0 0 2 2 0 1 1
-0.147783006806171 0.830979470609379 -1.23470266114249 0.324931715601046 0.864042091969875 1 0 1 2 1 1 0 1 0 1 1 1 0 2 2 2 2 1 2 2 1 1 1 2 0 0 2 2 1 1 1 0 1 2 1 1 0 1 0 1 1 1 0 2 2 2 2 1 2 2 1 1 1 2 0 0 2 2 1 1 1
1.13028540851275 -0.348808338549342 0.626319781682472 0.449119433043513 -1.08211611206356 1 2 2 2 0 1 0 2 0 1 0 2 0 2 0 1 0 1 1 2 1 1 0 1 0 0 2 1 0 2 1 2 2 2 0 1 0 2 0 1 0 2 0 2 0 1 0 1 1 2 1 1 0 1 0 0 2 1 0 2 1
0.579835458629427 -1.41234567599627 0.878598727045062 0.673114237431256 -0.768178523352243 -1 1 1 1 0 2 0 2 0 0 1 1 0 2 0 1 1 0 1 1 2 1 1 2 0 0 2 2 0 1 2 -1 -1 -1 0 -2 0 -2 0 0 -1 -1 0 -2 0 -1 -1 0 -1 -1 -2 -1 -1 -2 0 0 -2 -2 0 -1 -2
-0.00762664679687201 0.457270877758703 0.780690241803438 -1.52084725581923 -0.353163177472887 1 2 2 2 0 2 0 1 0 0 0 1 0 2 2 2 2 0 2 1 1 1 0 1 0 0 2 2 0 1 0 2 2 2 0 2 0 1 0 0 0 1 0 2 2 2 2 0 2 1 1 1 0 1 0 0 2 2 0 1 0
-0.674268011284396 2.27504809673057 1.59050034672851 -0.377410347469458 0.804352906000785 1 1 1 1 1 2 1 2 0 0 0 0 0 2 1 2 2 2 2 2 2 0 0 1 0 0 2 2 1 2 1 1 1 1 1 2 1 2 0 0 0 0 0 2 1 2 2 2 2 2 2 0 0 1 0 0 2 2 1 2 1
-0.0811598641796942 1.11469250605059 1.01101645872418 -0.886742877958358 -0.83472492761122 1 1 2 2 2 1 0 2 1 1 1 1 0 2 0 1 1 1 1 2 2 1 2 2 1 1 2 2 1 2 2 1 2 2 2 1 0 2 1 1 1 1 0 2 0 1 1 1 1 2 2 1 2 2 1 1 2 2 1 2 2
-1.2562115981376 -0.0710544044461229 1.20076000230595 -1.66060817236941 0.695689811122654 1 1 1 2 0 2 0 1 1 0 0 0 0 2 2 2 2 1 2 2 2 0 0 2 0 0 2 2 1 2 2 1 1 2 0 2 0 1 1 0 0 0 0 2 2 2 2 1 2 2 2 0 0 2 0 0 2 2 1 2 2
-0.445368113024981 0.585439827484804 0.698902424154038 -0.631288728977814 -0.420301173405673 1 1 2 2 0 2 0 1 0 1 1 2 0 2 2 2 2 1 2 2 2 2 2 2 0 0 2 2 0 2 1 1 2 2 0 2 0 1 0 1 1 2 0 2 2 2 2 1 2 2 2 2 2 2 0 0 2 2 0 2 1
1.3836072005622 0.746610587895646 -1.44574463598252 0.770479765347849 0.784641941815686 1 0 0 2 0 2 1 1 0 0 0 1 0 1 2 2 1 1 1 1 1 0 0 0 0 0 2 2 1 2 1 0 0 2 0 2 1 1 0 0 0 1 0 1 2 2 1 1 1 1 1 0 0 0 0 0 2 2 1 2 1
-0.199670262523462 -1.00012939205666 1.32376841834294 -0.203962006865438 1.58604174753335 -1 2 2 2 1 1 0 1 0 0 0 0 0 1 1 1 2 2 2 2 2 2 1 2 0 0 2 2 0 2 2 -2 -2 -2 -1 -1 0 -1 0 0 0 0 0 -1 -1 -1 -2 -2 -2 -2 -2 -2 -1 -2 0 0 -2 -2 0 -2 -2
-0.905606940148815 0.294494269968786 -1.13628121179712 -1.75489606818091 2.33610361319093 1 1 2 2 0 1 0 1 0 0 0 1 0 2 2 2 2 1 2 2 2 2 1 1 0 0 2 1 0 2 1 1 2 2 0 1 0 1 0 0 0 1 0 2 2 2 2 1 2 2 2 2 1 1 0 0 2 1 0 2 1
-1.25440100416303 1.22551295196878 0.753828195613733 -0.0385963566510773 -1.58719515963267 1 1 1 2 0 0 0 2 1 1 1 1 0 1 1 2 2 2 2 1 2 1 1 2 2 0 2 2 0 2 2 1 1 2 0 0 0 2 1 1 1 1 0 1 1 2 2 2 2 1 2 1 1 2 2 0 2 2 0 2 2
-0.811455397832414 -0.422981147483328 2.80795909613426 0.235513233399772 1.83388501689787 -1 0 2 2 1 1 0 2 1 0 0 1 0 2 2 2 2 1 2 2 2 0 0 1 1 0 2 2 0 1 1 0 -2 -2 -1 -1 0 -2 -1 0 0 -1 0 -2 -2 -2 -2 -1 -2 -2 -2 0 0 -1 -1 0 -2 -2 0 -1 -1
0.201821857755745 -2.20270930092228 0.275606331751609 -0.870231066504865 -0.0117364646471351 -1 0 2 2 0 1 0 2 0 0 0 0 0 2 1 2 2 1 1 2 2 0 2 2 0 0 2 2 1 2 1 0 -2 -2 0 -1 0 -2 0 0 0 0 0 -2 -1 -2 -2 -1 -1 -2 -2 0 -2 -2 0 0 -2 -2 -1 -2 -1
-3.67084267524494 -2.34194623529287 0.838077080462157 -2.0505075818253 -0.621176705259938 1 1 1 2 0 1 0 2 0 0 0 0 0 1 2 2 1 1 2 1 1 0 0 2 1 1 2 2 0 2 1 1 1 2 0 1 0 2 0 0 0 0 0 1 2 2 1 1 2 1 1 0 0 2 1 1 2 2 0 2 1
-0.541137127685831 0.966669305319696 -2.23818464183525 -1.66242530523218 -0.045968558685438 -1 1 1 2 0 2 1 2 0 0 0 0 0 2 2 2 1 2 2 2 1 0 0 2 0 0 2 2 0 1 2 -1 -1 -2 0 -2 -1 -2 0 0 0 0 0 -2 -2 -2 -1 -2 -2 -2 -1 0 0 -2 0 0 -2 -2 0 -1 -2
-0.687804131831134 1.69052226856378 1.51587157686058 1.60652474244108 0.0532316289299461 1 1 1 2 0 2 1 2 0 0 0 0 0 1 1 2 2 1 2 2 2 0 1 2 0 0 2 2 0 2 1 1 1 2 0 2 1 2 0 0 0 0 0 1 1 2 2 1 2 2 2 0 1 2 0 0 2 2 0 2 1
0.139626139817046 -0.24844330108452 0.287230741805867 -0.00722845011731336 1.55439698142206 -1 1 1 1 1 1 0 2 0 0 0 0 0 2 2 2 2 1 1 2 1 1 0 0 1 0 2 2 1 2 2 -1 -1 -1 -1 -1 0 -2 0 0 0 0 0 -2 -2 -2 -2 -1 -1 -2 -1 -1 0 0 -1 0 -2 -2 -1 -2 -2
-0.591597386177555 -0.425881410027441 1.18721874399156 0.925638304666467 -0.716085846873853 1 0 1 2 0 1 0 2 0 1 0 1 0 1 1 1 2 0 1 1 1 0 1 1 0 0 2 2 1 0 1 0 1 2 0 1 0 2 0 1 0 1 0 1 1 1 2 0 1 1 1 0 1 1 0 0 2 2 1 0 1
0.308577142872424 0.929157199231214 0.969609080445561 0.24312318218638 0.628298231336928 -1 1 2 2 1 2 1 1 0 0 0 1 0 2 1 1 1 0 2 2 2 1 0 1 0 0 2 2 0 1 0 -1 -2 -2 -1 -2 -1 -1 0 0 0 -1 0 -2 -1 -1 -1 0 -2 -2 -2 -1 0 -1 0 0 -2 -2 0 -1 0
0.371714569652432 -0.149545599580065 3.24224111770835 -0.0281230616354555 -1.01474493403435 1 0 2 2 1 2 1 1 1 1 0 1 0 1 0 2 2 1 2 1 1 0 0 1 0 0 2 2 0 2 1 0 2 2 1 2 1 1 1 1 0 1 0 1 0 2 2 1 2 1 1 0 0 1 0 0 2 2 0 2 1
-1.46369269557794 -0.162988362129977 0.555590394532886 0.258599347014151 0.486113020951461 1 1 2 2 0 1 0 2 1 2 1 1 0 0 1 2 2 1 2 2 2 1 1 1 0 0 2 2 1 2 0 1 2 2 0 1 0 2 1 2 1 1 0 0 1 2 2 1 2 2 2 1 1 1 0 0 2 2 1 2 0
0.465349236670852 0.0627529995944352 -1.81925707075335 -0.802972873338105 0.105291187118688 1 1 2 2 2 2 0 2 1 1 0 0 0 2 1 2 2 1 2 2 2 2 0 2 0 0 2 1 0 2 2 1 2 2 2 2 0 2 1 1 0 0 0 2 1 2 2 1 2 2 2 2 0 2 0 0 2 1 0 2 2
1.07574304494665 0.639772306710648 0.103516636133419 -0.516321711841743 -1.54255968516201 1 0 1 2 1 2 0 2 0 1 0 2 0 2 1 2 2 1 2 1 2 1 0 1 0 0 2 2 1 1 1 0 1 2 1 2 0 2 0 1 0 2 0 2 1 2 2 1 2 1 2 1 0 1 0 0 2 2 1 1 1
-0.110354077824024 1.59022294023836 0.117866662035225 0.760133959627309 0.468276811621878 1 0 1 2 0 0 0 0 0 0 0 0 0 2 2 2 2 2 2 2 2 2 1 2 0 0 2 2 0 2 2 0 1 2 0 0 0 0 0 0 0 0 0 2 2 2 2 2 2 2 2 2 1 2 0 0 2 2 0 2 2
-1.1130571715526 -0.640322670212563 -2.5224400412495 0.0808607529096319 -1.5176142151553 1 0 2 2 0 2 0 2 0 1 0 0 0 2 2 2 2 1 1 2 2 1 1 2 0 0 2 1 0 2 0 0 2 2 0 2 0 2 0 1 0 0 0 2 2 2 2 1 1 2 2 1 1 2 0 0 2 1 0 2 0
-0.60136339938559 0.383966402988613 -1.48577065053591 0.926084157592881 0.872193720791879 1 2 2 2 0 2 0 1 1 0 1 0 0 1 1 2 1 1 2 2 2 0 0 1 0 0 2 2 1 2 1 2 2 2 0 2 0 1 1 0 1 0 0 1 1 2 1 1 2 2 2 0 0 1 0 0 2 2 1 2 1
-0.2955588705772 1.5087089461338 0.176453056474813 0.188645601790707 -0.819637813574553 1 1 1 1 0 1 0 2 0 2 1 1 0 2 1 2 1 0 1 2 1 1 0 2 0 0 1 1 0 1 0 1 1 1 0 1 0 2 0 2 1 1 0 2 1 2 1 0 1 2 1 1 0 2 0 0 1 1 0 1 0
0.754532700414745 0.34321020895598 -0.0830461287103652 -0.0695290949066041 -0.151766545169617 -1 0 0 0 0 1 0 0 0 0 0 0 0 1 1 2 1 1 2 2 2 1 0 2 0 0 2 2 1 2 0 0 0 0 0 -1 0 0 0 0 0 0 0 -1 -1 -2 -1 -1 -2 -2 -2 -1 0 -2 0 0 -2 -2 -1 -2 0
-0.112773803356634 0.753175877093153 -1.53623093941122 0.137569695703314 0.278816391908239 1 1 1 2 0 2 0 2 0 0 0 1 0 1 2 2 2 1 2 1 2 0 1 1 1 1 2 2 0 1 0 1 1 2 0 2 0 2 0 0 0 1 0 1 2 2 2 1 2 1 2 0 1 1 1 1 2 2 0 1 0
-0.710619563731044 0.960157967337763 1.85960638293744 0.144354777943916 0.112463321173657 -1 1 2 1 0 1 0 1 0 0 0 1 0 1 1 2 1 0 2 2 2 1 0 1 0 0 2 1 0 1 2 -1 -2 -1 0 -1 0 -1 0 0 0 -1 0 -1 -1 -2 -1 0 -2 -2 -2 -1 0 -1 0 0 -2 -1 0 -1 -2
1.02831536090907 -0.039490080911816 0.632834447777268 -2.10128854472238 -0.247014526313275 -1 2 2 2 1 2 0 2 1 1 1 1 0 2 1 2 1 1 1 2 2 1 1 1 0 0 2 2 0 2 2 -2 -2 -2 -1 -2 0 -2 -1 -1 -1 -1 0 -2 -1 -2 -1 -1 -1 -2 -2 -1 -1 -1 0 0 -2 -2 0 -2 -2
-0.0495087222329796 1.90670614416999 0.153892473376325 1.41082789282889 -1.2963710296489 1 2 1 1 1 2 0 2 0 0 0 0 0 2 1 2 2 2 2 2 2 0 1 1 0 0 2 2 0 2 2 2 1 1 1 2 0 2 0 0 0 0 0 2 1 2 2 2 2 2 2 0 1 1 0 0 2 2 0 2 2
-0.0613881280426805 1.81613222095823 0.549253748153365 -1.06330160976502 1.48291038466532 -1 0 1 1 0 1 0 2 0 1 0 1 0 2 0 1 2 1 1 2 2 2 0 0 0 0 2 2 2 1 0 0 -1 -1 0 -1 0 -2 0 -1 0 -1 0 -2 0 -1 -2 -1 -1 -2 -2 -2 0 0 0 0 -2 -2 -2 -1 0
0.554047879950111 -1.01368877752187 0.650707011182658 -0.25714464530761 0.150381809893109 -1 0 2 1 0 1 0 1 0 1 1 1 0 1 1 2 2 0 1 1 2 2 0 0 0 0 2 2 1 2 1 0 -2 -1 0 -1 0 -1 0 -1 -1 -1 0 -1 -1 -2 -2 0 -1 -1 -2 -2 0 0 0 0 -2 -2 -1 -2 -1
1.14580121973337 0.838802286042706 -0.438994557201793 -2.03972374268569 0.633117904059064 -1 1 2 2 0 1 0 1 1 2 1 1 0 2 2 2 2 2 1 1 2 2 2 2 0 0 2 2 0 2 1 -1 -2 -2 0 -1 0 -1 -1 -2 -1 -1 0 -2 -2 -2 -2 -2 -1 -1 -2 -2 -2 -2 0 0 -2 -2 0 -2 -1
-0.49178844072618 -0.846874186771438 -0.57903671401957 -1.2390330185926 -0.234181867392453 -1 2 2 2 1 1 0 2 1 1 0 0 0 1 0 2 2 0 2 2 1 1 1 2 1 0 2 1 0 1 0 -2 -2 -2 -1 -1 0 -2 -1 -1 0 0 0 -1 0 -2 -2 0 -2 -2 -1 -1 -1 -2 -1 0 -2 -1 0 -1 0
-1.53689452366286 -1.51993104221097 0.253364385811919 0.173956500815828 1.10609465406456 1 0 1 2 1 2 0 2 1 1 1 2 0 1 1 1 2 1 2 2 2 1 0 1 0 0 2 2 0 2 1 0 1 2 1 2 0 2 1 1 1 2 0 1 1 1 2 1 2 2 2 1 0 1 0 0 2 2 0 2 1
0.441099540785931 -0.188620239155551 -0.462912315737633 -0.452295658551612 0.276273558037036 1 0 1 2 0 2 0 2 1 0 0 0 0 0 1 2 2 1 2 1 2 1 2 2 1 0 2 2 1 2 1 0 1 2 0 2 0 2 1 0 0 0 0 0 1 2 2 1 2 1 2 1 2 2 1 0 2 2 1 2 1
-1.51477796367448 1.22370032047251 -0.590462228682276 -0.301359954727524 0.668340200599607 1 1 2 1 0 2 0 2 0 0 0 1 0 1 1 2 2 1 2 2 2 1 2 2 0 0 2 1 0 2 1 1 2 1 0 2 0 2 0 0 0 1 0 1 1 2 2 1 2 2 2 1 2 2 0 0 2 1 0 2 1
-0.634162641222845 -1.032567461307 -0.475814885975705 -1.22841472196052 -0.267778299663001 -1 1 2 2 1 2 0 2 0 1 1 1 0 1 1 2 1 0 1 2 2 0 1 1 0 0 2 1 0 1 0 -1 -2 -2 -1 -2 0 -2 0 -1 -1 -1 0 -1 -1 -2 -1 0 -1 -2 -2 0 -1 -1 0 0 -2 -1 0 -1 0
1.88569049370904 2.11565882889815 1.31480095233162 -0.00638886504338514 0.0317008465593778 1 1 2 2 2 2 0 2 1 1 0 1 0 0 0 1 1 0 2 2 2 1 1 1 1 0 2 2 0 2 1 1 2 2 2 2 0 2 1 1 0 1 0 0 0 1 1 0 2 2 2 1 1 1 1 0 2 2 0 2 1
1.2151219213664 0.959003320062271 -1.37715051363935 0.166334591152667 0.30149737202872 -1 0 2 1 0 2 1 2 1 1 0 1 0 0 0 2 2 1 1 2 1 0 1 2 0 0 2 1 0 0 0 0 -2 -1 0 -2 -1 -2 -1 -1 0 -1 0 0 0 -2 -2 -1 -1 -2 -1 0 -1 -2 0 0 -2 -1 0 0 0
-0.234611112679598 0.449143299173972 0.633744329049346 1.11516973217649 0.342706660041057 -1 0 0 1 0 2 0 1 0 0 0 0 0 1 1 2 2 2 2 2 2 2 0 0 0 0 2 2 0 1 1 0 0 -1 0 -2 0 -1 0 0 0 0 0 -1 -1 -2 -2 -2 -2 -2 -2 -2 0 0 0 0 -2 -2 0 -1 -1
1.10950078420277 -0.347700342655635 0.482076895633074 -0.445657681057411 0.10466644587162 1 0 2 2 0 2 0 2 1 2 1 1 0 1 2 2 2 1 2 1 1 0 0 1 1 0 2 2 0 0 0 0 2 2 0 2 0 2 1 2 1 1 0 1 2 2 2 1 2 1 1 0 0 1 1 0 2 2 0 0 0
-0.801486373938352 -1.05412208070128 -0.440284505138578 0.436367091961988 -0.551387006433896 -1 0 1 2 0 2 0 1 0 1 0 0 0 2 1 2 2 2 2 2 2 0 0 1 0 0 2 1 0 2 1 0 -1 -2 0 -2 0 -1 0 -1 0 0 0 -2 -1 -2 -2 -2 -2 -2 -2 0 0 -1 0 0 -2 -1 0 -2 -1
1.62136775247309 1.55133238065 -0.667586066031868 0.800764660712082 -1.6423878686635 1 1 2 2 0 1 0 2 1 2 1 0 0 1 1 2 2 0 1 2 2 1 1 1 0 0 2 2 0 0 0 1 2 2 0 1 0 2 1 2 1 0 0 1 1 2 2 0 1 2 2 1 1 1 0 0 2 2 0 0 0
-0.583070000861791 -0.863418080789319 1.155228506732 0.665799569000914 1.07569897272009 1 2 2 1 0 2 1 2 1 1 0 0 0 1 1 2 1 1 1 2 2 1 1 2 0 0 2 2 0 2 2 2 2 1 0 2 1 2 1 1 0 0 0 1 1 2 1 1 1 2 2 1 1 2 0 0 2 2 0 2 2
0.620581368917889 -0.0879132970985687 1.33281794476682 0.122760048419867 0.553828425308085 -1 1 2 2 0 0 0 1 0 0 1 0 0 2 2 2 2 2 2 1 2 1 2 2 0 0 2 2 1 2 1 -1 -2 -2 0 0 0 -1 0 0 -1 0 0 -2 -2 -2 -2 -2 -2 -1 -2 -1 -2 -2 0 0 -2 -2 -1 -2 -1
-0.0324196393458238 0.135162897695253 0.246563611832279 -0.281087709821348 -2.11361392745834 -1 0 2 2 0 2 1 2 0 0 0 0 0 0 1 2 2 1 2 2 2 1 1 2 1 0 2 2 1 2 1 0 -2 -2 0 -2 -1 -2 0 0 0 0 0 0 -1 -2 -2 -1 -2 -2 -2 -1 -1 -2 -1 0 -2 -2 -1 -2 -1
0.129599022712403 0.598647495292136 1.09026204114668 0.185947084725677 0.980815084457531 1 0 0 2 1 1 0 1 0 0 0 0 0 2 1 2 2 2 2 2 2 2 1 2 0 0 2 1 0 1 1 0 0 2 1 1 0 1 0 0 0 0 0 2 1 2 2 2 2 2 2 2 1 2 0 0 2 1 0 1 1
0.904387270537798 0.626309580317018 -0.139233832761619 -0.0548968243251626 1.22071685684818 1 1 1 2 1 2 0 1 0 1 0 1 0 2 1 2 2 1 2 2 2 1 0 2 0 0 2 2 1 2 1 1 1 2 1 2 0 1 0 1 0 1 0 2 1 2 2 1 2 2 2 1 0 2 0 0 2 2 1 2 1
0.712297265992911 0.824399741184836 -0.374073916350366 -0.302605354127424 -0.90022393070442 1 1 2 2 0 1 0 2 0 1 0 0 0 2 1 2 2 0 2 2 2 1 2 1 0 0 2 1 0 2 1 1 2 2 0 1 0 2 0 1 0 0 0 2 1 2 2 0 2 2 2 1 2 1 0 0 2 1 0 2 1
1.9179813119718 0.837842052258884 -0.44216600107956 -0.0631038856257526 -1.18833026150907 1 1 2 2 0 0 0 2 0 2 0 0 0 2 2 2 2 1 1 2 2 0 0 0 0 0 2 2 0 2 1 1 2 2 0 0 0 2 0 2 0 0 0 2 2 2 2 1 1 2 2 0 0 0 0 0 2 2 0 2 1
-0.771701756091183 0.0614779714464932 0.413116706801895 -0.879982753479629 -1.08328788786495 1 0 1 2 0 2 0 2 0 2 1 1 0 2 2 2 2 1 2 2 2 1 1 2 1 0 2 2 1 1 1 0 1 2 0 2 0 2 0 2 1 1 0 2 2 2 2 1 2 2 2 1 1 2 1 0 2 2 1 1 1
0.951599933204214 0.0116017030036555 -1.4731216685154 -1.11757425372671 -0.618569810975506 -1 1 2 2 0 1 0 2 1 1 0 1 0 2 1 2 1 0 1 1 1 1 0 1 0 0 2 2 1 2 2 -1 -2 -2 0 -1 0 -2 -1 -1 0 -1 0 -2 -1 -2 -1 0 -1 -1 -1 -1 0 -1 0 0 -2 -2 -1 -2 -2
-1.61931873286554 -0.232213918572381 -0.172512335804992 0.244503021379837 -0.493728152086993 -1 1 2 2 1 2 1 2 1 0 0 0 0 2 1 2 1 0 1 2 1 1 1 1 0 0 2 1 0 2 2 -1 -2 -2 -1 -2 -1 -2 -1 0 0 0 0 -2 -1 -2 -1 0 -1 -2 -1 -1 -1 -1 0 0 -2 -1 0 -2 -2
0.377875537337753 -0.709999555634862 -2.00206000483828 -0.266144109723132 0.643556520635276 1 1 2 2 0 2 0 2 1 1 0 0 0 2 1 2 2 2 2 2 2 2 0 1 0 0 2 0 0 1 0 1 2 2 0 2 0 2 1 1 0 0 0 2 1 2 2 2 2 2 2 2 0 1 0 0 2 0 0 1 0
1.20824680954367 0.410032663762177 0.619326162530379 -2.0250998611402 -0.0378513317026761 1 2 2 2 1 2 1 2 1 1 0 0 0 1 0 1 2 1 1 2 2 1 0 2 0 0 2 2 2 0 2 2 2 2 1 2 1 2 1 1 0 0 0 1 0 1 2 1 1 2 2 1 0 2 0 0 2 2 2 0 2
0.0400916112649744 -0.789683299214726 0.120763653900771 0.426688591529238 0.788947613664264 -1 2 2 1 1 2 0 1 0 2 1 1 0 0 1 2 2 0 2 2 1 0 1 2 0 0 2 1 0 2 1 -2 -2 -1 -1 -2 0 -1 0 -2 -1 -1 0 0 -1 -2 -2 0 -2 -2 -1 0 -1 -2 0 0 -2 -1 0 -2 -1
0.3875623446326 0.118072058388446 0.00993258098848172 -1.14185477892133 0.617992852791629 1 0 2 2 0 2 0 1 0 0 0 0 0 2 2 2 2 1 1 2 2 1 0 0 0 0 2 1 0 1 1 0 2 2 0 2 0 1 0 0 0 0 0 2 2 2 2 1 1 2 2 1 0 0 0 0 2 1 0 1 1
1.82943533809504 0.409782784760337 0.960756378326048 -0.213807737396255 -0.281879710159161 -1 0 1 2 0 1 0 2 0 0 0 0 0 1 1 2 2 2 2 2 2 0 2 2 0 0 2 2 0 0 0 0 -1 -2 0 -1 0 -2 0 0 0 0 0 -1 -1 -2 -2 -2 -2 -2 -2 0 -2 -2 0 0 -2 -2 0 0 0
0.193199271540609 0.698106357848693 0.0424621773967459 -0.0237879062275811 -0.421650621885319 1 1 2 2 0 1 0 2 0 2 0 0 0 0 0 1 1 1 2 1 1 1 1 2 0 0 2 1 0 2 2 1 2 2 0 1 0 2 0 2 0 0 0 0 0 1 1 1 2 1 1 1 1 2 0 0 2 1 0 2 2
0.653729721334998 0.133217818007149 -0.939072984249351 0.340093056543077 -0.519524680237714 1 1 2 2 0 2 0 1 1 1 0 1 0 2 1 2 2 2 2 0 2 0 0 1 0 0 2 1 0 2 1 1 2 2 0 2 0 1 1 1 0 1 0 2 1 2 2 2 2 0 2 0 0 1 0 0 2 1 0 2 1
-0.646655379853347 -0.614389869699069 -0.327159941749758 1.01739657399335 -1.24661167921507 -1 1 2 2 2 2 0 2 0 0 0 1 0 0 0 2 1 1 2 2 2 1 0 1 0 1 2 2 1 2 2 -1 -2 -2 -2 -2 0 -2 0 0 0 -1 0 0 0 -2 -1 -1 -2 -2 -2 -1 0 -1 0 -1 -2 -2 -1 -2 -2
0.492982530277952 0.125073340481446 -0.793505880411821 -2.57305500241741 1.28634059903726 -1 0 2 2 1 2 0 2 0 0 0 2 0 2 2 2 2 1 2 2 2 1 0 0 1 0 2 1 0 1 1 0 -2 -2 -1 -2 0 -2 0 0 0 -2 0 -2 -2 -2 -2 -1 -2 -2 -2 -1 0 0 -1 0 -2 -1 0 -1 -1
-0.231966179242922 0.29284634383791 -1.36624354341696 0.826960851405399 1.69837710558603 -1 2 2 2 0 2 1 2 0 1 0 1 0 2 1 2 2 0 2 2 2 0 1 2 1 0 2 1 1 2 1 -2 -2 -2 0 -2 -1 -2 0 -1 0 -1 0 -2 -1 -2 -2 0 -2 -2 -2 0 -1 -2 -1 0 -2 -1 -1 -2 -1
0.204287743346475 -1.08459509199745 1.40477236147144 0.244625950201644 -2.55034716514456 -1 1 2 2 1 2 0 0 0 0 0 2 0 0 1 2 2 1 2 2 2 0 2 2 0 0 2 2 0 2 1 -1 -2 -2 -1 -2 0 0 0 0 0 -2 0 0 -1 -2 -2 -1 -2 -2 -2 0 -2 -2 0 0 -2 -2 0 -2 -1
-0.362592559561578 1.86227684403977 0.0444761661901637 -0.145482620925353 -0.944093561186966 1 2 2 2 1 2 1 2 1 2 0 1 0 1 1 2 2 1 2 2 2 1 1 2 0 0 2 2 0 1 1 2 2 2 1 2 1 2 1 2 0 1 0 1 1 2 2 1 2 2 2 1 1 2 0 0 2 2 0 1 1
0.24244593871062 0.516741637900842 -2.58906464892097 0.12995406349317 0.167318958470377 1 1 2 2 1 2 0 1 1 1 1 2 0 1 0 2 1 0 0 1 0 1 0 1 0 0 2 2 1 2 2 1 2 2 1 2 0 1 1 1 1 2 0 1 0 2 1 0 0 1 0 1 0 1 0 0 2 2 1 2 2
-1.55721529950797 1.4107368946198 0.644477945367509 0.0413891774831051 1.10162886158421 1 0 1 2 0 1 0 2 0 0 1 1 0 1 0 2 2 1 2 2 1 0 1 2 0 0 2 2 0 2 0 0 1 2 0 1 0 2 0 0 1 1 0 1 0 2 2 1 2 2 1 0 1 2 0 0 2 2 0 2 0
-0.94809585552368 0.415141662680254 0.94779241429486 0.735782962509999 -2.24653114033076 -1 2 2 2 1 2 0 0 0 1 0 0 0 2 1 2 1 0 1 2 2 1 1 2 0 0 2 2 1 2 0 -2 -2 -2 -1 -2 0 0 0 -1 0 0 0 -2 -1 -2 -1 0 -1 -2 -2 -1 -1 -2 0 0 -2 -2 -1 -2 0
1.42933448971352 0.365296168015258 -0.586457240672145 -0.122141282897496 1.21209903844764 -1 0 1 1 0 0 0 2 0 0 0 0 0 2 0 1 2 1 1 1 0 0 2 2 0 0 2 2 0 2 1 0 -1 -1 0 0 0 -2 0 0 0 0 0 -2 0 -1 -2 -1 -1 -1 0 0 -2 -2 0 0 -2 -2 0 -2 -1
-0.563377728014669 -2.46666957609894 -0.986478667315438 0.560812380562656 -1.08959564503103 -1 1 2 2 1 2 0 1 1 2 0 1 0 2 2 2 1 1 2 1 0 0 1 2 1 0 1 1 0 1 0 -1 -2 -2 -1 -2 0 -1 -1 -2 0 -1 0 -2 -2 -2 -1 -1 -2 -1 0 0 -1 -2 -1 0 -1 -1 0 -1 0
