0.0638938540368872 -0.477744772270676 -0.644531294774505 0.628523388562061 0.186341297417665 1 2 2 1 2 0 0 2 2 0 1 1 2 0 2 0 0 1 1 0 1 2 1 1 2 1 0 0 1 2 1 2 2 1 2 0 0 2 2 0 1 1 2 0 2 0 0 1 1 0 1 2 1 1 2 1 0 0 1 2 1
-0.728415704846334 -1.40959963095263 -0.442459510063712 -0.287981045735272 -0.438742609334175 -1 2 2 1 2 2 0 2 2 0 0 1 2 0 0 2 0 2 1 1 1 2 0 0 2 1 2 0 1 1 0 -2 -2 -1 -2 -2 0 -2 -2 0 0 -1 -2 0 0 -2 0 -2 -1 -1 -1 -2 0 0 -2 -1 -2 0 -1 -1 0
0.0904384071750336 1.23237827171074 -0.619751590332002 0.0659029250237757 1.02975460361641 1 1 2 1 1 1 1 2 2 0 2 2 2 1 2 2 0 2 1 1 1 1 0 2 2 1 0 0 0 1 1 1 2 1 1 1 1 2 2 0 2 2 2 1 2 2 0 2 1 1 1 1 0 2 2 1 0 0 0 1 1
-0.712838652754833 -0.0060571575175446 0.373993985806999 -0.792704090399565 -0.243361633466211 1 1 2 1 1 1 1 2 2 0 2 2 2 0 1 1 0 2 1 1 1 1 0 0 2 2 2 0 1 2 1 1 2 1 1 1 1 2 2 0 2 2 2 0 1 1 0 2 1 1 1 1 0 0 2 2 2 0 1 2 1
0.861092460725976 0.41061948519319 -1.47374079356052 -0.14423201397982 1.28605777101344 1 1 1 1 1 1 0 2 1 0 1 2 2 0 1 2 0 2 2 1 2 2 1 1 2 2 1 1 1 2 2 1 1 1 1 1 0 2 1 0 1 2 2 0 1 2 0 2 2 1 2 2 1 1 2 2 1 1 1 2 2
0.387999650435736 2.13310328438798 0.767922644087089 -1.78199785179445 1.19516061555357 -1 0 2 1 0 1 0 2 2 0 0 1 2 0 1 1 0 1 1 0 0 2 1 1 2 1 1 0 0 1 1 0 -2 -1 0 -1 0 -2 -2 0 0 -1 -2 0 -1 -1 0 -1 -1 0 0 -2 -1 -1 -2 -1 -1 0 0 -1 -1
-0.224400999572605 0.84987158710488 -1.27344419710872 -0.0465073177730434 -2.11329041252097 -1 2 2 2 2 2 1 2 2 0 2 2 2 0 1 1 0 2 1 1 1 2 0 0 2 1 2 2 2 2 1 -2 -2 -2 -2 -2 -1 -2 -2 0 -2 -2 -2 0 -1 -1 0 -2 -1 -1 -1 -2 0 0 -2 -1 -2 -2 -2 -2 -1
-0.382364770799123 1.78616706763747 2.81512747841659 0.0981817932272187 1.03826938365813 -1 1 2 2 1 2 0 2 2 0 2 2 2 0 2 2 0 1 1 0 1 2 0 0 2 2 0 0 1 0 1 -1 -2 -2 -1 -2 0 -2 -2 0 -2 -2 -2 0 -2 -2 0 -1 -1 0 -1 -2 0 0 -2 -2 0 0 -1 0 -1
1.68302214010415 0.448370785739663 -0.394631182216273 -0.309374808930397 -0.650110038503627 -1 2 2 2 1 0 1 2 0 0 2 2 2 0 1 1 0 2 1 1 1 2 0 0 2 2 2 1 0 1 2 -2 -2 -2 -1 0 -1 -2 0 0 -2 -2 -2 0 -1 -1 0 -2 -1 -1 -1 -2 0 0 -2 -2 -2 -1 0 -1 -2
0.0372872900514096 0.870812296104263 -1.11005818618765 0.32882343049161 -0.96407635202743 1 1 2 1 0 0 0 2 1 0 1 1 2 0 2 2 0 2 2 0 1 2 1 1 2 2 1 0 1 0 2 1 2 1 0 0 0 2 1 0 1 1 2 0 2 2 0 2 2 0 1 2 1 1 2 2 1 0 1 0 2
0.599201779956267 -1.42537458221996 0.621137108377154 -1.43730748782397 -0.270411062339945 -1 1 2 1 0 1 0 2 1 0 1 2 2 0 0 2 0 2 2 0 1 2 1 1 2 2 2 0 0 1 1 -1 -2 -1 0 -1 0 -2 -1 0 -1 -2 -2 0 0 -2 0 -2 -2 0 -1 -2 -1 -1 -2 -2 -2 0 0 -1 -1
0.129380776023281 -0.813705683370367 -0.571426340700721 -1.23990290937304 -0.544578541967998 1 1 2 1 1 1 1 2 2 0 1 1 2 0 1 1 0 2 1 1 2 2 1 0 1 2 1 0 0 1 1 1 2 1 1 1 1 2 2 0 1 1 2 0 1 1 0 2 1 1 2 2 1 0 1 2 1 0 0 1 1
-0.089792024383018 -0.389413681809306 -1.72045096833643 -1.98561257837129 -1.26247807614195 -1 2 2 2 2 2 1 2 1 0 0 1 2 0 2 2 0 2 1 1 2 2 1 2 2 2 1 1 1 2 2 -2 -2 -2 -2 -2 -1 -2 -1 0 0 -1 -2 0 -2 -2 0 -2 -1 -1 -2 -2 -1 -2 -2 -2 -1 -1 -1 -2 -2
-0.13599654052151 -2.15593588268636 -2.07594385197203 -1.30866063652019 1.64745021152216 -1 1 2 0 0 1 1 2 2 0 1 1 2 0 1 1 0 1 1 0 0 2 0 0 1 1 1 1 2 2 2 -1 -2 0 0 -1 -1 -2 -2 0 -1 -1 -2 0 -1 -1 0 -1 -1 0 0 -2 0 0 -1 -1 -1 -1 -2 -2 -2
1.11170416751443 0.688745744241519 -0.437239275597574 -1.38794301533607 1.21266514440099 1 1 2 2 1 1 1 2 1 0 0 1 2 0 1 2 0 2 1 0 0 2 0 2 2 1 1 0 0 1 1 1 2 2 1 1 1 2 1 0 0 1 2 0 1 2 0 2 1 0 0 2 0 2 2 1 1 0 0 1 1
1.31217610731008 -1.95816794370008 -0.434920759586108 -0.909669210962252 -0.258146126264485 1 1 2 1 1 1 1 2 2 0 1 1 2 0 0 2 0 2 1 0 1 2 1 0 2 1 1 0 1 1 1 1 2 1 1 1 1 2 2 0 1 1 2 0 0 2 0 2 1 0 1 2 1 0 2 1 1 0 1 1 1
-0.159038003275448 1.16861355029154 0.22377837870057 0.465923790126695 2.20297818831828 -1 1 1 0 1 0 0 2 2 0 2 0 2 0 1 1 0 1 0 0 0 2 1 0 1 1 1 1 1 2 2 -1 -1 0 -1 0 0 -2 -2 0 -2 0 -2 0 -1 -1 0 -1 0 0 0 -2 -1 0 -1 -1 -1 -1 -1 -2 -2
1.66321908879886 -1.11348319835926 0.153359349640356 -1.39026145543547 -0.868737692045311 1 1 2 2 1 0 0 2 2 0 1 2 2 0 2 2 0 2 2 1 2 2 0 0 2 2 0 0 0 1 2 1 2 2 1 0 0 2 2 0 1 2 2 0 2 2 0 2 2 1 2 2 0 0 2 2 0 0 0 1 2
-1.5099372890163 0.380401734651072 -1.43713968467787 -1.56098177404217 -0.970067629583376 1 2 2 2 1 2 2 2 1 0 2 2 2 0 0 1 0 1 1 2 2 2 2 1 2 2 2 1 0 1 1 2 2 2 1 2 2 2 1 0 2 2 2 0 0 1 0 1 1 2 2 2 2 1 2 2 2 1 0 1 1
-0.265297134396313 -0.885405057963488 1.27363179101636 -1.64194246997567 1.00375936541467 1 1 2 1 0 1 1 2 2 0 1 1 2 0 0 1 0 2 1 0 1 2 0 1 2 1 1 0 0 2 1 1 2 1 0 1 1 2 2 0 1 1 2 0 0 1 0 2 1 0 1 2 0 1 2 1 1 0 0 2 1
-1.29060782446414 1.91061296125254 0.123076331987007 1.85640052802728 0.919206266827583 -1 2 2 2 1 2 0 2 2 0 0 0 2 0 1 1 0 2 1 0 0 1 0 1 2 2 1 0 0 2 0 -2 -2 -2 -1 -2 0 -2 -2 0 0 0 -2 0 -1 -1 0 -2 -1 0 0 -1 0 -1 -2 -2 -1 0 0 -2 0
0.573630899629337 0.551474321999024 0.564819203992823 -1.38590436939761 1.92899886153006 1 2 1 0 0 1 1 2 1 0 2 2 2 0 2 2 0 2 1 0 1 2 1 1 2 1 2 1 2 2 1 2 1 0 0 1 1 2 1 0 2 2 2 0 2 2 0 2 1 0 1 2 1 1 2 1 2 1 2 2 1
-1.71660583642409 1.8509048970664 -1.24237320063654 -0.0603407234331471 -1.00781263019396 1 0 2 2 1 2 1 2 2 0 1 2 2 0 1 2 0 2 2 1 0 2 1 0 2 1 1 1 1 2 2 0 2 2 1 2 1 2 2 0 1 2 2 0 1 2 0 2 2 1 0 2 1 0 2 1 1 1 1 2 2
-0.796516539158725 -1.49342171696406 0.351448092717041 -0.485142806887201 -0.581130657739292 -1 1 2 2 2 1 1 2 2 0 1 1 2 0 0 1 0 1 0 0 0 2 0 0 2 2 1 1 0 0 2 -1 -2 -2 -2 -1 -1 -2 -2 0 -1 -1 -2 0 0 -1 0 -1 0 0 0 -2 0 0 -2 -2 -1 -1 0 0 -2
1.09369005477389 -1.65107861157957 -0.74047041517564 0.576489255164872 -1.04250068847771 -1 1 0 1 0 2 1 2 2 0 1 2 2 0 1 2 0 0 0 0 2 2 0 1 2 0 2 0 0 2 2 -1 0 -1 0 -2 -1 -2 -2 0 -1 -2 -2 0 -1 -2 0 0 0 0 -2 -2 0 -1 -2 0 -2 0 0 -2 -2
0.00106453195727021 0.70679538460764 -0.464781898227923 -0.0304979773092656 2.98781866228115 -1 2 2 2 2 2 1 2 2 0 1 2 2 0 2 2 0 1 1 1 1 2 2 1 1 1 2 1 0 1 1 -2 -2 -2 -2 -2 -1 -2 -2 0 -1 -2 -2 0 -2 -2 0 -1 -1 -1 -1 -2 -2 -1 -1 -1 -2 -1 0 -1 -1
-0.424185922820119 2.16429283939288 0.538096686525137 -0.630581529388418 -1.92127159499844 1 2 2 2 1 2 1 2 2 0 0 1 2 0 2 2 0 2 2 1 2 2 0 0 2 2 1 1 1 2 0 2 2 2 1 2 1 2 2 0 0 1 2 0 2 2 0 2 2 1 2 2 0 0 2 2 1 1 1 2 0
-1.10689717969787 -0.783005188599509 0.19345940986369 -0.130220348283304 -0.796989105764486 1 2 2 2 2 2 1 2 1 0 2 1 2 0 0 0 0 1 1 1 1 2 1 2 2 1 2 0 1 2 1 2 2 2 2 2 1 2 1 0 2 1 2 0 0 0 0 1 1 1 1 2 1 2 2 1 2 0 1 2 1
0.951131385741911 -0.676997916115747 1.66972560942383 -0.586658514271595 -0.414402519054565 1 2 2 2 2 2 1 2 1 0 2 0 2 0 0 1 0 1 2 1 1 2 1 1 2 1 1 0 0 1 1 2 2 2 2 2 1 2 1 0 2 0 2 0 0 1 0 1 2 1 1 2 1 1 2 1 1 0 0 1 1
0.581175370265979 0.466244570756924 0.917094225543797 -0.536011347744156 0.31056052571194 1 1 2 0 0 0 0 2 2 0 2 2 2 0 1 1 0 1 1 1 2 2 1 1 2 2 0 0 0 2 2 1 2 0 0 0 0 2 2 0 2 2 2 0 1 1 0 1 1 1 2 2 1 1 2 2 0 0 0 2 2
-0.274106392260193 0.998076562209603 0.395763343657109 -1.10422773289665 0.200334882068381 -1 1 2 2 1 2 1 2 2 1 0 2 2 0 0 1 0 2 0 1 1 2 1 1 2 2 0 0 1 1 2 -1 -2 -2 -1 -2 -1 -2 -2 -1 0 -2 -2 0 0 -1 0 -2 0 -1 -1 -2 -1 -1 -2 -2 0 0 -1 -1 -2
0.170943944123558 1.3087123857346 -0.454346875383699 0.947881134274487 -2.11534412313109 -1 0 2 1 0 1 0 2 2 0 0 1 2 0 1 2 0 2 1 0 1 2 1 1 2 1 1 1 2 2 2 0 -2 -1 0 -1 0 -2 -2 0 0 -1 -2 0 -1 -2 0 -2 -1 0 -1 -2 -1 -1 -2 -1 -1 -1 -2 -2 -2
-0.316636543700498 0.773809702887196 0.9063216804636 0.669675404453637 -0.930974514795548 -1 0 2 1 2 1 1 2 2 0 0 1 2 0 1 1 0 1 0 0 0 1 0 1 2 2 2 1 1 1 2 0 -2 -1 -2 -1 -1 -2 -2 0 0 -1 -2 0 -1 -1 0 -1 0 0 0 -1 0 -1 -2 -2 -2 -1 -1 -1 -2
-1.40978243085998 1.03953002878149 -0.633640324929942 1.11964110928552 -1.3943866987223 1 1 2 1 0 1 1 2 2 0 1 1 2 1 2 2 0 1 0 0 1 2 1 0 2 2 2 1 0 1 2 1 2 1 0 1 1 2 2 0 1 1 2 1 2 2 0 1 0 0 1 2 1 0 2 2 2 1 0 1 2
0.142419527640979 -1.79197466253763 0.321117019255972 -0.725374041175703 0.408863197799889 -1 1 2 1 2 1 0 2 1 0 1 1 2 0 0 1 0 2 2 1 0 2 1 1 2 1 1 0 0 2 2 -1 -2 -1 -2 -1 0 -2 -1 0 -1 -1 -2 0 0 -1 0 -2 -2 -1 0 -2 -1 -1 -2 -1 -1 0 0 -2 -2
-3.15494126778918 0.093444153631322 -0.612796736555426 0.188641682318086 -1.04775109290711 -1 2 2 1 1 0 0 2 2 0 1 1 2 0 1 2 0 2 2 1 1 2 0 1 2 2 1 0 0 0 1 -2 -2 -1 -1 0 0 -2 -2 0 -1 -1 -2 0 -1 -2 0 -2 -2 -1 -1 -2 0 -1 -2 -2 -1 0 0 0 -1
-0.448288654566622 1.20802517115134 -0.783461474379988 1.73466132210362 -0.105153207132069 1 1 2 1 2 1 0 2 2 0 1 1 2 0 1 2 0 2 2 2 1 2 1 1 2 2 2 2 1 1 1 1 2 1 2 1 0 2 2 0 1 1 2 0 1 2 0 2 2 2 1 2 1 1 2 2 2 2 1 1 1
-1.02696283763883 2.25904169804735 -1.36161476451277 -0.601371621213603 0.174385981215362 -1 2 2 1 1 1 0 2 1 0 0 2 2 1 2 2 0 2 0 0 1 1 0 2 2 2 1 1 0 1 0 -2 -2 -1 -1 -1 0 -2 -1 0 0 -2 -2 -1 -2 -2 0 -2 0 0 -1 -1 0 -2 -2 -2 -1 -1 0 -1 0
-0.80771664621758 1.18064409624914 0.607176350997082 -1.6427179552523 -1.19423536768508 1 1 2 1 1 1 1 2 1 0 1 2 2 0 0 1 0 2 2 0 1 2 0 1 1 1 2 1 1 2 2 1 2 1 1 1 1 2 1 0 1 2 2 0 0 1 0 2 2 0 1 2 0 1 1 1 2 1 1 2 2
0.282063280134247 -0.232065393551704 -0.859352850172284 1.03705140469474 1.3188778916717 -1 2 2 0 0 0 0 2 2 0 1 1 2 0 2 1 0 2 1 0 2 2 0 1 1 2 2 0 0 0 0 -2 -2 0 0 0 0 -2 -2 0 -1 -1 -2 0 -2 -1 0 -2 -1 0 -2 -2 0 -1 -1 -2 -2 0 0 0 0
1.73922497087598 0.394369903371351 -0.927468634546837 -2.30170938083825 -0.704930845216031 1 1 2 2 1 2 0 2 2 1 2 2 2 0 1 1 0 1 0 1 1 2 0 0 2 2 1 1 1 2 2 1 2 2 1 2 0 2 2 1 2 2 2 0 1 1 0 1 0 1 1 2 0 0 2 2 1 1 1 2 2
-0.710875684909634 0.291718711433429 1.14421060514708 -0.911095609105806 0.358583412075123 1 2 2 2 1 1 1 2 2 0 2 2 2 0 2 2 0 2 2 0 0 1 0 0 2 1 2 0 1 1 1 2 2 2 1 1 1 2 2 0 2 2 2 0 2 2 0 2 2 0 0 1 0 0 2 1 2 0 1 1 1
1.05216838534141 -0.167448376785109 -2.56059017964012 -0.929810362787135 -1.27376239695008 -1 1 2 2 2 2 2 2 2 0 2 2 2 0 2 2 0 1 1 1 2 2 0 1 2 1 2 1 1 2 2 -1 -2 -2 -2 -2 -2 -2 -2 0 -2 -2 -2 0 -2 -2 0 -1 -1 -1 -2 -2 0 -1 -2 -1 -2 -1 -1 -2 -2
0.0682135072012346 -0.396460227937437 -0.750409268611 -0.436315809103128 1.20231972036005 1 1 2 1 0 0 1 2 2 0 1 2 2 0 2 2 0 2 1 1 1 2 0 1 2 2 2 0 0 1 1 1 2 1 0 0 1 2 2 0 1 2 2 0 2 2 0 2 1 1 1 2 0 1 2 2 2 0 0 1 1
-0.770622231806115 -1.36557982894916 -1.56841248069265 0.242769272085284 -1.04375223894642 1 1 2 1 1 1 0 2 1 0 1 1 2 0 1 1 0 0 0 0 1 2 0 2 2 1 1 0 1 2 1 1 2 1 1 1 0 2 1 0 1 1 2 0 1 1 0 0 0 0 1 2 0 2 2 1 1 0 1 2 1
0.735185956719399 -0.0925489941026474 -1.58324686892273 -1.60621361296545 0.627141625459973 -1 1 2 2 2 1 1 2 2 0 0 2 2 0 2 2 0 1 1 1 1 1 0 0 2 2 2 1 1 1 2 -1 -2 -2 -2 -1 -1 -2 -2 0 0 -2 -2 0 -2 -2 0 -1 -1 -1 -1 -1 0 0 -2 -2 -2 -1 -1 -1 -2
0.0585060632904752 1.35679941654118 0.732632415642284 -1.04093047315286 -1.73256180969683 -1 1 2 2 1 0 0 2 2 0 2 2 2 0 2 1 0 2 2 1 1 2 1 1 2 2 1 0 0 1 1 -1 -2 -2 -1 0 0 -2 -2 0 -2 -2 -2 0 -2 -1 0 -2 -2 -1 -1 -2 -1 -1 -2 -2 -1 0 0 -1 -1
0.673305876711037 -0.667683613214442 1.18522207256824 2.45251548368326 0.567471689663813 -1 1 1 1 1 0 0 2 2 0 2 1 2 0 1 2 0 2 1 1 1 2 0 1 2 2 2 1 1 1 1 -1 -1 -1 -1 0 0 -2 -2 0 -2 -1 -2 0 -1 -2 0 -2 -1 -1 -1 -2 0 -1 -2 -2 -2 -1 -1 -1 -1
-0.660062814716553 -1.10806311081482 1.57793498652075 1.08671878233637 2.48249376582189 -1 2 2 2 0 0 0 2 1 0 1 1 2 0 0 1 0 2 1 2 1 2 1 1 2 2 2 1 2 2 2 -2 -2 -2 0 0 0 -2 -1 0 -1 -1 -2 0 0 -1 0 -2 -1 -2 -1 -2 -1 -1 -2 -2 -2 -1 -2 -2 -2
-0.598071604940311 -1.67980889910342 1.28723292880069 0.798151446161139 0.151507845066082 -1 1 2 2 1 1 1 2 2 0 1 2 2 1 2 2 0 2 1 1 2 2 0 2 2 1 1 0 0 1 1 -1 -2 -2 -1 -1 -1 -2 -2 0 -1 -2 -2 -1 -2 -2 0 -2 -1 -1 -2 -2 0 -2 -2 -1 -1 0 0 -1 -1
0.0873506736025651 0.104929511919377 0.190411545277765 0.688782000770036 1.26046297226153 -1 2 2 1 2 2 1 2 0 0 2 0 2 1 2 2 1 2 1 0 1 2 0 1 2 1 0 0 2 2 2 -2 -2 -1 -2 -2 -1 -2 0 0 -2 0 -2 -1 -2 -2 -1 -2 -1 0 -1 -2 0 -1 -2 -1 0 0 -2 -2 -2
-1.43589699749504 0.308250080607471 -0.501071743224846 -0.676730121714427 0.484177753143361 -1 2 2 2 0 1 1 2 2 1 2 1 2 0 1 2 0 1 1 1 2 2 2 2 2 2 1 0 0 1 1 -2 -2 -2 0 -1 -1 -2 -2 -1 -2 -1 -2 0 -1 -2 0 -1 -1 -1 -2 -2 -2 -2 -2 -2 -1 0 0 -1 -1
-0.795013805489308 1.131551480177 1.92436686018597 -0.0328235697637533 -1.14444629785952 1 2 2 2 2 2 1 2 2 0 1 2 2 0 0 2 0 1 1 0 1 2 1 1 2 2 1 0 1 2 1 2 2 2 2 2 1 2 2 0 1 2 2 0 0 2 0 1 1 0 1 2 1 1 2 2 1 0 1 2 1
0.569239335585532 1.03993358039374 1.37178447491967 -1.39308378014209 0.370669578563872 1 2 2 2 1 2 1 2 1 0 0 0 2 1 2 2 0 2 0 1 1 2 0 0 2 1 1 0 0 0 1 2 2 2 1 2 1 2 1 0 0 0 2 1 2 2 0 2 0 1 1 2 0 0 2 1 1 0 0 0 1
0.406035789137618 -1.21677560901445 -1.10907000569493 1.36068830014447 -0.0880816764739601 1 1 2 1 0 1 1 2 2 0 0 1 2 0 2 2 1 2 0 1 0 2 0 1 2 2 1 0 1 2 2 1 2 1 0 1 1 2 2 0 0 1 2 0 2 2 1 2 0 1 0 2 0 1 2 2 1 0 1 2 2
-0.114110894510479 -1.54604408072968 0.731571066159186 0.7562687205287 -0.121926291128134 -1 1 2 2 1 1 1 2 1 0 1 1 2 0 0 2 0 1 0 0 2 2 0 1 2 1 2 0 0 1 1 -1 -2 -2 -1 -1 -1 -2 -1 0 -1 -1 -2 0 0 -2 0 -1 0 0 -2 -2 0 -1 -2 -1 -2 0 0 -1 -1
0.819813115265193 -0.0144305394194548 -1.76008973072616 -0.195304256666617 0.70592772270256 1 1 2 2 2 2 1 2 2 0 1 1 2 0 2 2 0 1 1 0 1 2 1 1 2 1 2 2 1 0 1 1 2 2 2 2 1 2 2 0 1 1 2 0 2 2 0 1 1 0 1 2 1 1 2 1 2 2 1 0 1
0.417718773831168 -1.50609030182671 1.74791769609565 0.0483182473891108 0.86993877226351 1 1 2 1 1 2 1 2 2 0 1 0 2 0 1 2 0 1 1 1 1 2 0 0 1 1 1 0 0 0 1 1 2 1 1 2 1 2 2 0 1 0 2 0 1 2 0 1 1 1 1 2 0 0 1 1 1 0 0 0 1
-1.66967969238056 -1.24267078463879 -0.98290868776147 0.0979662835112387 -0.741495197554161 1 1 2 2 1 0 0 2 1 0 0 1 2 0 1 1 0 2 1 1 2 2 0 1 2 2 2 0 1 2 1 1 2 2 1 0 0 2 1 0 0 1 2 0 1 1 0 2 1 1 2 2 0 1 2 2 2 0 1 2 1
-1.10524287427716 2.07639077651028 -0.520466184520746 1.25814310661033 1.26676122961096 1 1 2 1 1 0 0 2 2 0 2 2 2 0 1 2 0 2 1 0 1 2 0 1 2 2 2 1 1 1 1 1 2 1 1 0 0 2 2 0 2 2 2 0 1 2 0 2 1 0 1 2 0 1 2 2 2 1 1 1 1
-0.0635301697013236 0.463651647607661 -0.697273732308014 0.298209847648822 0.206103912868049 -1 1 1 1 0 0 0 1 2 1 2 2 2 0 1 2 0 1 1 0 1 2 1 0 1 1 1 0 1 2 2 -1 -1 -1 0 0 0 -1 -2 -1 -2 -2 -2 0 -1 -2 0 -1 -1 0 -1 -2 -1 0 -1 -1 -1 0 -1 -2 -2
-0.429243431514726 -2.1295752574636 0.266783149272271 -0.570905450533194 1.20495844240488 1 0 1 1 2 2 1 2 2 0 2 1 2 0 1 1 0 2 1 0 0 1 0 1 1 1 2 1 0 2 1 0 1 1 2 2 1 2 2 0 2 1 2 0 1 1 0 2 1 0 0 1 0 1 1 1 2 1 0 2 1
-0.828284937839455 -0.0742276338627839 -0.505227636455475 1.00960586875307 0.43863345934709 -1 0 1 1 1 1 0 2 1 0 0 1 2 0 0 1 0 1 1 1 1 2 1 1 2 2 2 1 1 1 2 0 -1 -1 -1 -1 0 -2 -1 0 0 -1 -2 0 0 -1 0 -1 -1 -1 -1 -2 -1 -1 -2 -2 -2 -1 -1 -1 -2
0.0703301505173851 -1.31077525287713 -0.498275734417679 -2.48715716495634 0.676939136296289 1 2 2 1 1 2 1 2 1 0 1 1 2 0 1 2 0 2 1 0 0 1 0 1 2 2 2 1 1 2 2 2 2 1 1 2 1 2 1 0 1 1 2 0 1 2 0 2 1 0 0 1 0 1 2 2 2 1 1 2 2
0.896372792911606 0.726278305516288 -0.700714553090566 -0.660998275640143 0.157368030261213 -1 2 2 2 1 1 1 2 1 0 1 0 2 0 2 2 0 1 2 2 2 2 1 1 2 1 2 1 1 2 2 -2 -2 -2 -1 -1 -1 -2 -1 0 -1 0 -2 0 -2 -2 0 -1 -2 -2 -2 -2 -1 -1 -2 -1 -2 -1 -1 -2 -2
1.0358557234371 0.780976433504416 -1.19362646058861 -0.909955198788971 0.911226367850712 -1 1 1 1 0 0 0 2 2 0 2 1 2 0 0 0 0 1 1 2 2 2 2 2 2 2 1 0 1 1 2 -1 -1 -1 0 0 0 -2 -2 0 -2 -1 -2 0 0 0 0 -1 -1 -2 -2 -2 -2 -2 -2 -2 -1 0 -1 -1 -2
1.13267006455509 1.05522400558173 0.11349624954978 0.129297851621255 -1.22858723984735 -1 0 1 0 0 2 2 2 1 0 1 1 2 0 0 2 1 2 1 0 0 1 0 0 1 2 1 0 0 1 1 0 -1 0 0 -2 -2 -2 -1 0 -1 -1 -2 0 0 -2 -1 -2 -1 0 0 -1 0 0 -1 -2 -1 0 0 -1 -1
-1.42494291685818 -0.95370623654917 -0.134477071249727 0.904677789172946 -0.674345128078065 -1 0 1 1 2 2 1 2 2 0 2 2 2 1 1 2 0 1 1 1 1 2 0 2 2 2 2 1 1 2 0 0 -1 -1 -2 -2 -1 -2 -2 0 -2 -2 -2 -1 -1 -2 0 -1 -1 -1 -1 -2 0 -2 -2 -2 -2 -1 -1 -2 0
0.221876608572367 0.114181519625683 1.34382505831322 1.97386840605398 2.04096570772623 -1 1 2 2 1 1 0 2 2 0 2 2 2 0 0 1 0 2 1 0 1 1 0 0 1 1 1 0 0 1 2 -1 -2 -2 -1 -1 0 -2 -2 0 -2 -2 -2 0 0 -1 0 -2 -1 0 -1 -1 0 0 -1 -1 -1 0 0 -1 -2
-0.915781792027323 0.626207424895567 0.985734298914714 -0.0118813064833804 1.59369888769401 -1 1 2 1 2 2 2 2 2 1 2 1 2 0 1 2 0 2 1 1 2 2 0 0 2 2 2 1 1 2 2 -1 -2 -1 -2 -2 -2 -2 -2 -1 -2 -1 -2 0 -1 -2 0 -2 -1 -1 -2 -2 0 0 -2 -2 -2 -1 -1 -2 -2
0.0355919950289952 0.141002561518714 -1.39710580483514 -0.183570534514244 0.532554915667534 1 0 2 2 0 0 0 2 1 0 1 2 2 0 1 2 1 2 0 0 2 2 0 1 2 1 1 0 2 2 2 0 2 2 0 0 0 2 1 0 1 2 2 0 1 2 1 2 0 0 2 2 0 1 2 1 1 0 2 2 2
1.67476852196747 2.22689002683421 -0.543875341901292 0.663043054268467 0.948231222309595 -1 0 2 1 0 1 1 2 2 0 1 0 2 0 1 2 0 1 2 2 1 2 1 2 2 2 2 1 2 2 2 0 -2 -1 0 -1 -1 -2 -2 0 -1 0 -2 0 -1 -2 0 -1 -2 -2 -1 -2 -1 -2 -2 -2 -2 -1 -2 -2 -2
0.608525605706493 -0.277794704065155 -0.147010840841385 -1.10808233819806 0.339053749628461 1 2 2 2 1 1 2 2 2 0 2 2 2 0 1 1 0 2 2 2 2 2 2 1 1 1 1 0 1 2 2 2 2 2 1 1 2 2 2 0 2 2 2 0 1 1 0 2 2 2 2 2 2 1 1 1 1 0 1 2 2
0.75841603594267 0.247851406689142 -1.59372559447599 -1.07131763313068 0.615732728352978 -1 1 2 1 1 0 0 2 2 0 1 2 2 0 1 1 0 1 1 1 1 2 1 1 2 2 2 0 0 1 1 -1 -2 -1 -1 0 0 -2 -2 0 -1 -2 -2 0 -1 -1 0 -1 -1 -1 -1 -2 -1 -1 -2 -2 -2 0 0 -1 -1
0.124402053307024 1.35375557196279 -1.68952836837028 1.29303486799506 1.67173892935901 1 1 2 2 0 1 1 2 2 0 1 1 2 0 1 2 0 2 1 1 2 2 0 1 2 2 1 0 1 0 0 1 2 2 0 1 1 2 2 0 1 1 2 0 1 2 0 2 1 1 2 2 0 1 2 2 1 0 1 0 0
-0.7965116802617 -0.898958861734222 0.59155703965521 -0.0486057660234737 2.62019497370617 -1 2 2 2 2 2 1 2 2 0 2 2 2 0 0 0 0 2 1 1 1 2 0 0 0 1 2 1 1 1 1 -2 -2 -2 -2 -2 -1 -2 -2 0 -2 -2 -2 0 0 0 0 -2 -1 -1 -1 -2 0 0 0 -1 -2 -1 -1 -1 -1
-1.25644447864232 1.51350104518687 0.667924361890574 0.799062647519039 -0.271246119643765 -1 0 1 2 1 1 1 2 1 0 2 1 2 0 0 1 0 1 0 1 1 2 0 1 2 2 1 1 2 1 0 0 -1 -2 -1 -1 -1 -2 -1 0 -2 -1 -2 0 0 -1 0 -1 0 -1 -1 -2 0 -1 -2 -2 -1 -1 -2 -1 0
-0.7813032986539 -0.185210056530468 -0.169889984515642 1.66711613481637 -1.80327407325357 -1 1 2 2 1 2 2 2 2 0 0 2 2 1 2 2 0 2 1 0 1 2 1 1 1 2 1 0 1 2 1 -1 -2 -2 -1 -2 -2 -2 -2 0 0 -2 -2 -1 -2 -2 0 -2 -1 0 -1 -2 -1 -1 -1 -2 -1 0 -1 -2 -1
0.679326678877186 0.32325681444367 1.46398371906528 -0.181553725687742 1.35778513067691 1 0 2 2 2 2 1 2 2 1 2 2 2 0 1 2 0 2 2 0 1 2 1 0 1 1 1 1 2 2 2 0 2 2 2 2 1 2 2 1 2 2 2 0 1 2 0 2 2 0 1 2 1 0 1 1 1 1 2 2 2
0.391986622471532 1.17561750880497 -1.30991679000173 1.13111527014073 0.849710075345385 -1 2 2 2 2 1 0 2 2 0 2 2 2 0 1 1 1 2 1 0 1 2 2 1 2 2 1 1 1 2 2 -2 -2 -2 -2 -1 0 -2 -2 0 -2 -2 -2 0 -1 -1 -1 -2 -1 0 -1 -2 -2 -1 -2 -2 -1 -1 -1 -2 -2
1.49027184883118 -0.367003187903388 -1.29521851070605 1.93071703794553 0.674372495637147 -1 2 2 1 1 0 0 2 2 0 0 1 2 0 1 1 0 2 2 0 1 2 1 1 1 1 1 0 0 2 2 -2 -2 -1 -1 0 0 -2 -2 0 0 -1 -2 0 -1 -1 0 -2 -2 0 -1 -2 -1 -1 -1 -1 -1 0 0 -2 -2
1.27490288466228 -1.00182790044483 -1.14163563567545 2.16146721150105 -1.44476327973092 1 1 2 0 0 1 0 2 2 0 2 2 2 0 1 2 0 1 1 0 1 2 0 1 2 1 1 0 0 1 1 1 2 0 0 1 0 2 2 0 2 2 2 0 1 2 0 1 1 0 1 2 0 1 2 1 1 0 0 1 1
0.412072957931749 -0.566461834838507 0.251804956363404 -2.21364894997097 1.26913857941017 1 0 1 0 0 0 1 2 2 0 2 1 2 0 2 2 0 2 0 2 2 2 0 1 2 2 2 0 1 2 2 0 1 0 0 0 1 2 2 0 2 1 2 0 2 2 0 2 0 2 2 2 0 1 2 2 2 0 1 2 2
-0.32628837158391 -0.939158325427027 -0.104631207215967 -0.433979454334084 1.11024036464343 1 1 2 2 2 2 1 2 2 0 1 1 2 0 0 0 0 1 1 1 1 2 1 1 2 1 1 1 1 2 1 1 2 2 2 2 1 2 2 0 1 1 2 0 0 0 0 1 1 1 1 2 1 1 2 1 1 1 1 2 1
-0.187914699040781 0.0195799410847834 0.401055740271189 -0.926574090713835 -0.425809223501469 1 2 2 1 1 0 0 2 2 0 1 2 2 0 0 1 0 2 0 1 1 1 0 1 2 2 1 0 0 0 0 2 2 1 1 0 0 2 2 0 1 2 2 0 0 1 0 2 0 1 1 1 0 1 2 2 1 0 0 0 0
-0.433762722898804 -0.538883410123031 0.391111108694877 0.316324186973794 0.305170760069898 -1 2 2 2 1 1 1 2 2 1 2 1 2 0 0 0 0 1 0 1 0 0 0 0 2 2 2 1 1 1 1 -2 -2 -2 -1 -1 -1 -2 -2 -1 -2 -1 -2 0 0 0 0 -1 0 -1 0 0 0 0 -2 -2 -2 -1 -1 -1 -1
-1.00224351247957 -0.236720037173895 -0.0603314217824051 -0.956490442712163 -0.490833961636783 1 1 2 2 1 1 0 2 2 0 1 2 2 0 1 1 0 2 1 1 1 2 0 1 1 0 2 0 0 1 2 1 2 2 1 1 0 2 2 0 1 2 2 0 1 1 0 2 1 1 1 2 0 1 1 0 2 0 0 1 2
0.817871942119627 0.916441700439527 0.0393500907814712 0.180372449781435 0.814239729028607 -1 0 2 2 1 1 1 2 2 0 1 1 2 1 2 2 0 2 2 1 1 2 1 1 1 1 1 0 1 1 2 0 -2 -2 -1 -1 -1 -2 -2 0 -1 -1 -2 -1 -2 -2 0 -2 -2 -1 -1 -2 -1 -1 -1 -1 -1 0 -1 -1 -2
0.587216901232914 -0.653726202759097 0.535159687831297 0.122276449584322 0.436717929506053 1 2 2 2 1 0 1 2 2 0 1 1 2 0 0 1 0 2 1 0 0 2 1 1 2 2 1 1 1 2 1 2 2 2 1 0 1 2 2 0 1 1 2 0 0 1 0 2 1 0 0 2 1 1 2 2 1 1 1 2 1
-1.45016885592116 -0.304158853008186 1.40865767643896 1.5697324292946 -0.24736722197715 -1 0 2 2 0 2 1 2 2 0 1 0 2 0 1 2 0 2 1 2 1 2 1 1 1 0 2 1 1 1 2 0 -2 -2 0 -2 -1 -2 -2 0 -1 0 -2 0 -1 -2 0 -2 -1 -2 -1 -2 -1 -1 -1 0 -2 -1 -1 -1 -2
-0.658219204764437 -0.10402580054674 -0.880881403681586 -0.129138254982911 1.71610794472124 1 0 2 2 2 2 2 2 1 0 1 1 2 1 2 1 0 1 0 1 1 2 1 1 2 1 2 0 0 1 1 0 2 2 2 2 2 2 1 0 1 1 2 1 2 1 0 1 0 1 1 2 1 1 2 1 2 0 0 1 1
-0.0720595885648814 -2.19475257407426 0.235448940424884 -1.60194528950338 -0.225351288586475 1 0 2 1 0 0 0 2 0 0 1 2 2 0 1 2 0 2 2 1 1 2 0 0 2 1 0 0 1 2 2 0 2 1 0 0 0 2 0 0 1 2 2 0 1 2 0 2 2 1 1 2 0 0 2 1 0 0 1 2 2
0.71742330902136 -0.221597681556026 0.165998819005353 1.0570368908078 0.0105430122221034 -1 1 2 2 1 1 1 2 1 0 1 2 2 0 1 1 0 1 1 0 1 1 0 0 2 2 1 0 1 2 2 -1 -2 -2 -1 -1 -1 -2 -1 0 -1 -2 -2 0 -1 -1 0 -1 -1 0 -1 -1 0 0 -2 -2 -1 0 -1 -2 -2
0.809160252814622 0.474995004763986 0.646745814536348 -1.10175429480491 -1.59195589986358 -1 2 2 2 1 1 0 2 1 0 1 1 2 0 1 2 0 2 1 0 2 2 1 1 2 1 1 1 1 1 1 -2 -2 -2 -1 -1 0 -2 -1 0 -1 -1 -2 0 -1 -2 0 -2 -1 0 -2 -2 -1 -1 -2 -1 -1 -1 -1 -1 -1
-0.991016580431243 -1.64450200862221 2.65279373820134 0.847143758553353 -0.572219697623875 -1 1 2 1 2 2 2 2 2 0 2 1 2 0 2 2 0 0 0 1 2 2 0 1 2 1 1 0 0 0 1 -1 -2 -1 -2 -2 -2 -2 -2 0 -2 -1 -2 0 -2 -2 0 0 0 -1 -2 -2 0 -1 -2 -1 -1 0 0 0 -1
-0.379884279178369 -0.207140028655339 2.02431533874617 1.141272980556 2.68035137960675 1 1 2 2 2 2 2 2 2 0 2 2 2 0 0 1 0 2 1 1 2 2 0 1 1 2 1 1 0 1 1 1 2 2 2 2 2 2 2 0 2 2 2 0 0 1 0 2 1 1 2 2 0 1 1 2 1 1 0 1 1
0.745214532236732 -1.48726255202991 -1.21157926722216 0.743509321621721 -1.03026000867053 -1 2 2 2 2 1 2 2 2 0 2 1 2 0 1 2 0 2 2 1 1 2 0 0 1 1 2 0 0 1 1 -2 -2 -2 -2 -1 -2 -2 -2 0 -2 -1 -2 0 -1 -2 0 -2 -2 -1 -1 -2 0 0 -1 -1 -2 0 0 -1 -1
0.336146626141684 0.00611065034650646 -0.637793399096929 -2.00377333683229 1.53033185497358 -1 1 2 2 1 1 0 2 2 0 2 1 2 0 1 2 0 2 2 1 1 2 0 1 2 2 1 0 0 2 1 -1 -2 -2 -1 -1 0 -2 -2 0 -2 -1 -2 0 -1 -2 0 -2 -2 -1 -1 -2 0 -1 -2 -2 -1 0 0 -2 -1
-2.00828391658154 0.515928208610385 -1.36655739753738 -0.612264062745094 -2.26013170929454 -1 1 2 2 0 2 1 2 2 0 2 1 2 0 0 1 0 1 1 1 2 2 1 2 2 1 1 0 1 2 2 -1 -2 -2 0 -2 -1 -2 -2 0 -2 -1 -2 0 0 -1 0 -1 -1 -1 -2 -2 -1 -2 -2 -1 -1 0 -1 -2 -2
-0.887673288854788 0.586884611335977 -1.03958387426886 1.49129423440279 -0.956578449547234 1 2 2 1 0 0 1 2 1 0 0 1 2 0 0 1 0 1 1 2 2 2 2 2 2 2 2 1 1 1 1 2 2 1 0 0 1 2 1 0 0 1 2 0 0 1 0 1 1 2 2 2 2 2 2 2 2 1 1 1 1
