0.778811277338304 1.34601273586729 -1.05887251640266 1.14833292668527 1.59892101953323 -1 0 2 2 2 1 0 1 2 2 0 1 2 1 2 2 2 2 1 2 0 0 0 1 2 1 0 2 2 0 2 0 -2 -2 -2 -1 0 -1 -2 -2 0 -1 -2 -1 -2 -2 -2 -2 -1 -2 0 0 0 -1 -2 -1 0 -2 -2 0 -2
-0.581100291501484 -0.38494973340248 0.428410227583588 -1.19264009980562 -0.108061332747843 1 1 2 1 1 0 0 2 2 2 0 1 1 0 2 1 1 1 1 2 1 1 1 2 2 1 0 2 2 0 2 1 2 1 1 0 0 2 2 2 0 1 1 0 2 1 1 1 1 2 1 1 1 2 2 1 0 2 2 0 2
-0.792393892422112 -0.194527114936582 -0.487279472390833 -0.934405135392356 0.702236281133334 -1 1 2 2 2 2 1 1 2 2 1 1 1 0 1 0 2 2 1 2 2 1 1 1 2 0 0 2 2 1 2 -1 -2 -2 -2 -2 -1 -1 -2 -2 -1 -1 -1 0 -1 0 -2 -2 -1 -2 -2 -1 -1 -1 -2 0 0 -2 -2 -1 -2
-0.175844015705685 0.448902224725617 1.59508416442131 0.121633131558199 -0.359460265673289 -1 0 1 0 1 0 2 1 2 2 1 1 2 0 1 1 1 2 0 1 1 1 1 1 2 1 0 2 2 0 2 0 -1 0 -1 0 -2 -1 -2 -2 -1 -1 -2 0 -1 -1 -1 -2 0 -1 -1 -1 -1 -1 -2 -1 0 -2 -2 0 -2
-2.13797363069551 0.833460513365112 0.971873755187608 0.543186722899821 0.49954653212491 -1 0 2 0 2 1 1 0 2 2 0 0 1 0 2 1 1 2 0 1 2 2 0 2 2 0 0 2 1 0 2 0 -2 0 -2 -1 -1 0 -2 -2 0 0 -1 0 -2 -1 -1 -2 0 -1 -2 -2 0 -2 -2 0 0 -2 -1 0 -2
0.487816050034849 -0.837141284206999 0.270545380873364 -1.24851891086455 0.101622843426099 1 2 2 2 2 1 0 1 2 2 1 1 2 1 2 1 1 2 1 2 0 1 0 1 2 1 0 2 1 0 2 2 2 2 2 1 0 1 2 2 1 1 2 1 2 1 1 2 1 2 0 1 0 1 2 1 0 2 1 0 2
0.183288007452553 0.944211630147382 -0.573452782119888 2.14344326895036 -0.264078330579573 1 1 2 2 2 1 0 0 1 2 0 1 2 0 2 1 2 2 1 2 1 2 1 2 2 1 1 2 2 0 1 1 2 2 2 1 0 0 1 2 0 1 2 0 2 1 2 2 1 2 1 2 1 2 2 1 1 2 2 0 1
-1.41136530138321 -1.3052803817615 -0.27582754771091 1.52727927822273 0.0418334946526723 -1 1 2 2 1 2 2 1 2 2 1 1 1 1 2 1 0 1 1 2 1 1 0 1 2 0 0 2 2 0 2 -1 -2 -2 -1 -2 -2 -1 -2 -2 -1 -1 -1 -1 -2 -1 0 -1 -1 -2 -1 -1 0 -1 -2 0 0 -2 -2 0 -2
0.420629263980775 0.440357367713119 0.231801742657274 -0.224621076394559 0.0555301718751187 1 2 2 2 2 2 2 1 2 2 2 1 1 0 1 0 1 2 0 2 0 1 1 2 2 2 1 1 1 0 2 2 2 2 2 2 2 1 2 2 2 1 1 0 1 0 1 2 0 2 0 1 1 2 2 2 1 1 1 0 2
-1.13945420642277 -0.88238564176233 -0.997058720823421 0.719688346707253 -1.61648005927354 -1 1 2 0 2 2 0 0 2 2 2 0 0 1 1 1 2 2 1 1 0 0 0 0 2 1 0 2 1 0 2 -1 -2 0 -2 -2 0 0 -2 -2 -2 0 0 -1 -1 -1 -2 -2 -1 -1 0 0 0 0 -2 -1 0 -2 -1 0 -2
0.519699415931586 0.737132376118308 -0.237047265378735 -0.531601366157774 -0.271555236224371 -1 1 2 2 1 1 1 0 2 1 1 0 0 0 1 1 1 1 1 2 2 1 0 1 2 1 0 2 2 1 2 -1 -2 -2 -1 -1 -1 0 -2 -1 -1 0 0 0 -1 -1 -1 -1 -1 -2 -2 -1 0 -1 -2 -1 0 -2 -2 -1 -2
-0.108742703318366 1.90030444876928 -0.214977521522335 0.259285761881951 -0.557008209074076 1 0 2 1 2 1 0 1 2 2 0 0 0 0 2 2 2 2 1 2 0 2 1 2 2 0 0 2 2 0 2 0 2 1 2 1 0 1 2 2 0 0 0 0 2 2 2 2 1 2 0 2 1 2 2 0 0 2 2 0 2
0.219179001207342 0.136447336096615 -1.4844386888432 -1.62963045535839 0.218082165051801 1 0 2 1 1 0 0 0 2 2 1 1 1 0 0 1 1 2 0 1 0 1 1 2 2 1 0 2 2 0 2 0 2 1 1 0 0 0 2 2 1 1 1 0 0 1 1 2 0 1 0 1 1 2 2 1 0 2 2 0 2
-1.39268421482261 -0.822475784746385 -0.942296498127485 -0.141452087414056 -0.0743673951190161 -1 0 2 2 1 1 0 0 2 1 1 1 2 0 2 0 2 2 1 2 1 1 0 2 2 2 0 2 0 0 1 0 -2 -2 -1 -1 0 0 -2 -1 -1 -1 -2 0 -2 0 -2 -2 -1 -2 -1 -1 0 -2 -2 -2 0 -2 0 0 -1
0.107741275232993 -1.28115041147205 0.0746161197175982 -1.73166654091159 -2.75299408128942 1 1 2 2 2 2 0 0 2 2 1 1 1 0 2 1 2 2 2 2 1 2 1 2 2 1 1 2 1 0 2 1 2 2 2 2 0 0 2 2 1 1 1 0 2 1 2 2 2 2 1 2 1 2 2 1 1 2 1 0 2
0.371218795016217 -0.239423567753244 0.221755312955438 0.343876244383784 -1.66649190453792 -1 0 2 0 1 1 2 1 2 2 1 0 0 0 1 1 2 2 1 2 2 0 0 1 2 2 0 2 2 0 2 0 -2 0 -1 -1 -2 -1 -2 -2 -1 0 0 0 -1 -1 -2 -2 -1 -2 -2 0 0 -1 -2 -2 0 -2 -2 0 -2
-2.35166183687115 -0.349634518330323 -0.12252040771251 0.904776588540375 -0.234380849621554 -1 1 2 1 2 1 1 1 1 2 0 0 1 0 0 0 2 2 2 2 1 1 0 2 2 0 0 2 1 0 2 -1 -2 -1 -2 -1 -1 -1 -1 -2 0 0 -1 0 0 0 -2 -2 -2 -2 -1 -1 0 -2 -2 0 0 -2 -1 0 -2
-0.290692690482293 -0.437653513972924 0.662949850069292 0.583388335514396 0.522094309959301 -1 2 2 2 2 1 0 0 2 2 2 1 1 0 1 1 2 1 1 2 2 2 0 2 2 1 0 2 2 0 2 -2 -2 -2 -2 -1 0 0 -2 -2 -2 -1 -1 0 -1 -1 -2 -1 -1 -2 -2 -2 0 -2 -2 -1 0 -2 -2 0 -2
-1.67037576320096 -0.842589270149873 -0.344620993522135 1.64445095503301 2.12952089409185 -1 1 2 1 2 0 0 0 1 2 1 1 2 0 2 1 1 1 1 0 0 1 0 0 2 2 0 2 2 0 2 -1 -2 -1 -2 0 0 0 -1 -2 -1 -1 -2 0 -2 -1 -1 -1 -1 0 0 -1 0 0 -2 -2 0 -2 -2 0 -2
-1.14699922743919 -1.52832621734046 0.190486594591699 -0.198999350478888 -1.15390623858375 -1 1 2 1 1 1 2 2 2 2 1 1 1 0 2 1 2 2 0 1 2 2 1 2 2 2 1 2 2 0 2 -1 -2 -1 -1 -1 -2 -2 -2 -2 -1 -1 -1 0 -2 -1 -2 -2 0 -1 -2 -2 -1 -2 -2 -2 -1 -2 -2 0 -2
-1.21098198974383 -0.0802312678840431 -0.468872202282359 0.674963002118622 0.240845215464346 1 0 2 1 2 1 0 0 1 2 1 1 0 0 1 1 2 2 0 2 2 0 0 1 2 1 0 2 1 0 2 0 2 1 2 1 0 0 1 2 1 1 0 0 1 1 2 2 0 2 2 0 0 1 2 1 0 2 1 0 2
-0.0722764709362698 -1.47574218858118 -0.949215458108369 -0.160620998039658 0.587335745663512 -1 1 2 2 2 1 0 0 2 2 0 0 0 0 0 1 2 2 0 2 2 1 0 1 2 0 0 2 2 0 2 -1 -2 -2 -2 -1 0 0 -2 -2 0 0 0 0 0 -1 -2 -2 0 -2 -2 -1 0 -1 -2 0 0 -2 -2 0 -2
0.241244526268867 -1.28320091652022 0.404180146265481 0.561895898174205 -0.671185179324269 -1 2 2 2 2 1 2 2 2 2 0 1 1 0 1 1 1 1 0 1 2 1 0 2 2 0 0 2 2 0 2 -2 -2 -2 -2 -1 -2 -2 -2 -2 0 -1 -1 0 -1 -1 -1 -1 0 -1 -2 -1 0 -2 -2 0 0 -2 -2 0 -2
0.890118299092577 0.0252574552839661 -0.182068068058028 -0.860388729090493 0.328406977619062 1 1 2 2 2 1 2 0 2 2 0 1 1 0 2 1 0 1 1 1 1 2 1 0 2 1 0 2 2 1 2 1 2 2 2 1 2 0 2 2 0 1 1 0 2 1 0 1 1 1 1 2 1 0 2 1 0 2 2 1 2
0.562471008620718 -0.532741614706032 -0.147738758828391 -1.26264235610569 -0.23327219619283 -1 1 2 0 0 1 2 0 1 2 1 1 2 1 2 2 1 1 0 2 1 1 0 0 2 0 0 2 1 0 2 -1 -2 0 0 -1 -2 0 -1 -2 -1 -1 -2 -1 -2 -2 -1 -1 0 -2 -1 -1 0 0 -2 0 0 -2 -1 0 -2
-0.252867548148689 0.859177132881501 0.392944019711515 0.725297121380114 -0.227603353321225 1 0 2 1 1 0 1 2 2 2 1 1 1 0 1 1 2 2 1 2 1 0 0 2 2 1 1 2 0 0 2 0 2 1 1 0 1 2 2 2 1 1 1 0 1 1 2 2 1 2 1 0 0 2 2 1 1 2 0 0 2
0.4592424576625 0.775226426617986 -0.541372915790892 0.108217957750669 0.205670102003183 1 0 2 2 2 1 1 1 2 2 0 0 1 0 1 0 1 0 1 2 1 1 0 1 2 0 0 2 1 0 2 0 2 2 2 1 1 1 2 2 0 0 1 0 1 0 1 0 1 2 1 1 0 1 2 0 0 2 1 0 2
-0.55305795995272 -0.34573837447066 -0.258541182871072 2.20971305907121 0.356680079872619 -1 1 2 2 2 2 1 1 2 2 0 2 2 0 2 1 0 1 0 2 1 1 0 2 2 0 1 2 1 0 2 -1 -2 -2 -2 -2 -1 -1 -2 -2 0 -2 -2 0 -2 -1 0 -1 0 -2 -1 -1 0 -2 -2 0 -1 -2 -1 0 -2
-0.494841471113138 0.335111116985953 -2.96120098392751 -1.06997726768336 1.14574531830436 -1 0 2 2 2 1 0 0 2 2 0 0 0 0 1 1 2 2 1 2 0 1 1 2 2 1 1 2 2 0 2 0 -2 -2 -2 -1 0 0 -2 -2 0 0 0 0 -1 -1 -2 -2 -1 -2 0 -1 -1 -2 -2 -1 -1 -2 -2 0 -2
1.69046272155592 1.48108149152387 -0.139965213497231 2.34783355915342 -0.752088238927273 -1 1 2 2 2 2 1 0 1 2 2 2 2 0 1 0 2 2 2 2 1 1 0 1 2 0 0 2 1 0 2 -1 -2 -2 -2 -2 -1 0 -1 -2 -2 -2 -2 0 -1 0 -2 -2 -2 -2 -1 -1 0 -1 -2 0 0 -2 -1 0 -2
0.470718318210267 -0.800506915876166 -1.69659324498023 -1.38504303286384 -0.680155313309422 -1 1 2 1 2 1 1 0 2 2 0 0 0 0 0 0 2 2 1 1 1 1 0 1 2 1 0 2 1 0 2 -1 -2 -1 -2 -1 -1 0 -2 -2 0 0 0 0 0 0 -2 -2 -1 -1 -1 -1 0 -1 -2 -1 0 -2 -1 0 -2
-0.751913554084334 0.63277039206262 -0.375629807254737 -0.942817125996591 0.263984869021546 -1 0 2 2 2 2 0 1 2 2 1 1 1 0 1 1 1 1 0 2 1 2 2 1 2 1 1 2 1 0 2 0 -2 -2 -2 -2 0 -1 -2 -2 -1 -1 -1 0 -1 -1 -1 -1 0 -2 -1 -2 -2 -1 -2 -1 -1 -2 -1 0 -2
0.749583984756461 0.384839530563298 0.819650893006101 -0.862117502074627 1.4254337776369 -1 0 2 1 2 2 1 0 2 2 1 1 2 0 0 0 1 2 2 2 2 1 0 1 2 0 0 1 1 0 2 0 -2 -1 -2 -2 -1 0 -2 -2 -1 -1 -2 0 0 0 -1 -2 -2 -2 -2 -1 0 -1 -2 0 0 -1 -1 0 -2
-0.263654020142929 0.989634835204044 0.900980102687861 1.05784761635881 -0.024187747678909 -1 0 2 1 2 1 1 0 2 2 1 1 2 1 2 2 2 2 0 2 2 1 0 2 2 1 0 1 1 0 2 0 -2 -1 -2 -1 -1 0 -2 -2 -1 -1 -2 -1 -2 -2 -2 -2 0 -2 -2 -1 0 -2 -2 -1 0 -1 -1 0 -2
1.2781955499222 1.50145514213002 0.595161816788712 -0.133881112865526 0.0187651838692562 -1 1 2 2 1 2 1 0 2 2 2 2 1 0 1 1 2 2 2 2 2 2 2 2 2 1 1 2 2 0 2 -1 -2 -2 -1 -2 -1 0 -2 -2 -2 -2 -1 0 -1 -1 -2 -2 -2 -2 -2 -2 -2 -2 -2 -1 -1 -2 -2 0 -2
0.24492100699615 -1.08358715762471 0.570380034919252 1.19959369948198 -0.128201392485133 1 0 2 0 1 0 1 1 2 2 1 1 2 0 2 1 1 1 0 1 0 1 2 2 2 2 1 2 2 0 1 0 2 0 1 0 1 1 2 2 1 1 2 0 2 1 1 1 0 1 0 1 2 2 2 2 1 2 2 0 1
-0.577039827211531 0.171680301511349 0.940097953385941 -0.693775283645031 0.0899170078481206 1 0 2 2 2 2 0 0 2 2 2 0 1 0 0 0 2 1 1 1 1 2 0 2 2 0 0 2 1 0 1 0 2 2 2 2 0 0 2 2 2 0 1 0 0 0 2 1 1 1 1 2 0 2 2 0 0 2 1 0 1
1.26395394712818 0.779695140955035 -1.26796010182376 0.613735577789314 -0.0569782412731059 -1 0 2 1 2 1 1 0 1 1 0 2 1 0 1 0 1 2 0 0 1 2 1 2 2 0 0 2 1 0 2 0 -2 -1 -2 -1 -1 0 -1 -1 0 -2 -1 0 -1 0 -1 -2 0 0 -1 -2 -1 -2 -2 0 0 -2 -1 0 -2
-0.58866342690619 -0.20304095782081 0.631331656991392 -0.10753036378134 0.325843603796912 1 1 2 2 2 2 1 1 2 2 1 1 1 0 2 1 0 1 1 0 0 1 0 1 2 0 0 2 2 0 2 1 2 2 2 2 1 1 2 2 1 1 1 0 2 1 0 1 1 0 0 1 0 1 2 0 0 2 2 0 2
0.133036738241062 -3.36735946554947 -0.824725177236411 0.0462906285834701 1.31712372616866 -1 1 2 1 2 2 0 0 2 2 1 2 1 0 2 0 0 0 0 2 1 2 1 2 2 1 0 2 2 0 2 -1 -2 -1 -2 -2 0 0 -2 -2 -1 -2 -1 0 -2 0 0 0 0 -2 -1 -2 -1 -2 -2 -1 0 -2 -2 0 -2
-0.730195195971911 0.415953447845418 -1.43493222072579 0.447671680976746 0.864820623643222 -1 1 2 2 2 1 2 1 2 2 1 0 0 0 1 0 2 2 1 2 1 1 0 1 2 0 0 2 2 1 2 -1 -2 -2 -2 -1 -2 -1 -2 -2 -1 0 0 0 -1 0 -2 -2 -1 -2 -1 -1 0 -1 -2 0 0 -2 -2 -1 -2
-0.70217565510847 1.08232760845127 -1.91482905758278 -0.341607843951787 0.75908652037012 -1 0 2 2 2 1 1 1 2 2 1 1 1 0 2 1 2 1 1 1 1 2 1 2 2 1 0 2 1 0 2 0 -2 -2 -2 -1 -1 -1 -2 -2 -1 -1 -1 0 -2 -1 -2 -1 -1 -1 -1 -2 -1 -2 -2 -1 0 -2 -1 0 -2
-0.0294742741986644 0.833741624023071 1.12900338832622 1.02702577874509 -0.332696491969406 -1 0 2 1 1 2 1 1 2 2 2 2 2 2 2 1 1 1 0 1 0 2 0 2 2 1 0 2 2 2 2 0 -2 -1 -1 -2 -1 -1 -2 -2 -2 -2 -2 -2 -2 -1 -1 -1 0 -1 0 -2 0 -2 -2 -1 0 -2 -2 -2 -2
1.3681307405915 -0.128300489253273 0.468660678941957 -1.89525813595855 0.172276773493876 1 0 2 2 2 1 1 1 2 2 1 1 1 1 2 0 2 2 1 2 2 2 0 2 2 0 0 2 2 0 2 0 2 2 2 1 1 1 2 2 1 1 1 1 2 0 2 2 1 2 2 2 0 2 2 0 0 2 2 0 2
-0.258126786571813 0.552721754459933 1.41539335809763 1.13156151039046 0.904549822027927 -1 1 2 2 1 1 0 0 2 2 1 1 1 0 1 1 2 1 0 2 1 0 0 2 2 1 0 2 1 1 2 -1 -2 -2 -1 -1 0 0 -2 -2 -1 -1 -1 0 -1 -1 -2 -1 0 -2 -1 0 0 -2 -2 -1 0 -2 -1 -1 -2
0.423965909224122 -0.288824359367677 1.00418133951265 0.48774788032907 -1.3537211467554 -1 0 2 2 2 1 1 0 2 2 2 2 2 0 1 1 2 2 2 2 1 2 1 1 2 1 1 2 2 0 2 0 -2 -2 -2 -1 -1 0 -2 -2 -2 -2 -2 0 -1 -1 -2 -2 -2 -2 -1 -2 -1 -1 -2 -1 -1 -2 -2 0 -2
-0.00687329411084734 -1.06261462978137 -1.08074151464744 -1.21734374745374 -0.0379685103112745 -1 2 2 2 2 2 0 0 2 2 1 0 2 1 2 2 2 1 0 1 2 2 1 2 2 0 0 2 1 0 2 -2 -2 -2 -2 -2 0 0 -2 -2 -1 0 -2 -1 -2 -2 -2 -1 0 -1 -2 -2 -1 -2 -2 0 0 -2 -1 0 -2
1.21788317999032 1.30847308873622 0.896447016938424 0.454474071464232 1.59768703525841 1 1 2 2 1 1 1 1 2 2 2 2 1 0 1 0 1 2 0 2 1 1 0 1 2 0 0 2 2 1 2 1 2 2 1 1 1 1 2 2 2 2 1 0 1 0 1 2 0 2 1 1 0 1 2 0 0 2 2 1 2
-0.519816205198289 0.157049695543248 -0.589011202025317 0.961388373120047 0.437642328365941 1 0 2 0 2 0 0 1 2 2 1 1 1 0 2 1 2 1 0 2 1 1 0 1 2 0 0 2 2 0 2 0 2 0 2 0 0 1 2 2 1 1 1 0 2 1 2 1 0 2 1 1 0 1 2 0 0 2 2 0 2
-0.262263586073555 -1.07422825918056 0.250734902268501 -1.15881066592268 0.353478345573322 1 0 2 2 2 0 0 0 2 2 1 1 2 1 2 2 1 0 0 1 1 2 0 2 2 2 0 2 1 0 2 0 2 2 2 0 0 0 2 2 1 1 2 1 2 2 1 0 0 1 1 2 0 2 2 2 0 2 1 0 2
-0.443544746940135 -0.825239384968654 -1.29268041379704 -0.597416404830374 1.14192812416997 -1 0 2 2 2 1 1 0 1 2 1 2 1 0 2 2 1 1 0 2 1 1 0 1 2 1 0 2 2 0 2 0 -2 -2 -2 -1 -1 0 -1 -2 -1 -2 -1 0 -2 -2 -1 -1 0 -2 -1 -1 0 -1 -2 -1 0 -2 -2 0 -2
1.39513625722888 -0.207912629230181 0.393033490872744 1.69333428695723 0.783565943368753 -1 0 2 1 1 1 1 1 2 2 1 0 0 1 2 0 2 2 2 0 0 2 1 2 2 1 1 2 1 0 2 0 -2 -1 -1 -1 -1 -1 -2 -2 -1 0 0 -1 -2 0 -2 -2 -2 0 0 -2 -1 -2 -2 -1 -1 -2 -1 0 -2
0.596002557898476 -0.63032564723195 0.139255609103239 -2.11884879926574 0.248570793184918 -1 0 2 1 0 0 0 0 2 2 0 2 1 0 2 2 2 0 0 1 0 2 2 2 2 1 0 1 2 0 2 0 -2 -1 0 0 0 0 -2 -2 0 -2 -1 0 -2 -2 -2 0 0 -1 0 -2 -2 -2 -2 -1 0 -1 -2 0 -2
-1.79913684309423 0.208538219317254 -0.432063024778598 -0.036345261226105 -1.839547727071 -1 0 2 1 2 1 1 0 1 2 0 2 1 0 1 0 1 1 1 1 1 2 1 2 2 1 0 2 1 0 2 0 -2 -1 -2 -1 -1 0 -1 -2 0 -2 -1 0 -1 0 -1 -1 -1 -1 -1 -2 -1 -2 -2 -1 0 -2 -1 0 -2
0.771524538324413 1.34976312924546 0.654892136464001 0.409557721318505 -0.12761802743395 1 0 2 0 1 0 0 0 2 2 2 2 2 1 2 0 2 2 0 2 0 1 1 2 2 0 0 2 2 1 2 0 2 0 1 0 0 0 2 2 2 2 2 1 2 0 2 2 0 2 0 1 1 2 2 0 0 2 2 1 2
0.286073325084251 0.0954636487648921 -1.9064048653563 0.91738338478579 0.0727202860135262 1 2 2 2 2 2 2 1 2 2 2 2 2 1 2 2 2 2 0 1 0 1 2 2 2 1 0 2 1 0 2 2 2 2 2 2 2 1 2 2 2 2 2 1 2 2 2 2 0 1 0 1 2 2 2 1 0 2 1 0 2
0.261940071272818 -0.354609240046482 -0.550348604883078 -0.162930873109802 -0.0277038209313311 1 0 2 2 2 2 1 0 2 2 0 0 1 0 2 1 1 2 1 1 2 0 0 1 2 0 0 2 1 0 2 0 2 2 2 2 1 0 2 2 0 0 1 0 2 1 1 2 1 1 2 0 0 1 2 0 0 2 1 0 2
0.550204336709979 0.207745765890498 -0.29983928422166 0.154802660179649 -0.428600849270139 -1 1 2 1 0 1 1 0 2 2 1 2 1 1 2 1 0 0 0 2 1 2 1 2 2 1 0 2 2 0 2 -1 -2 -1 0 -1 -1 0 -2 -2 -1 -2 -1 -1 -2 -1 0 0 0 -2 -1 -2 -1 -2 -2 -1 0 -2 -2 0 -2
-0.382172670915392 -0.400840029329675 0.42085117488263 -0.023588757525556 -0.702110942322299 1 0 2 1 2 1 0 0 2 2 1 1 2 1 2 1 2 2 2 2 1 2 1 2 2 1 0 2 2 0 2 0 2 1 2 1 0 0 2 2 1 1 2 1 2 1 2 2 2 2 1 2 1 2 2 1 0 2 2 0 2
0.611847763762085 0.961253195721076 -0.555770534620773 -1.89339414014525 1.78187272713136 1 0 2 1 2 1 0 0 2 2 1 0 0 0 2 1 2 2 1 2 1 2 0 2 2 1 1 1 2 1 2 0 2 1 2 1 0 0 2 2 1 0 0 0 2 1 2 2 1 2 1 2 0 2 2 1 1 1 2 1 2
2.75254475750285 -0.194462851961086 0.951338275455308 -0.527317834832542 0.766343512381083 -1 2 2 2 2 2 1 1 2 2 0 1 1 1 2 1 1 1 0 0 0 2 0 1 2 1 0 2 1 0 2 -2 -2 -2 -2 -2 -1 -1 -2 -2 0 -1 -1 -1 -2 -1 -1 -1 0 0 0 -2 0 -1 -2 -1 0 -2 -1 0 -2
-0.337101550601959 -0.79809491861464 0.827979727866595 1.33766194827273 -0.135358070736543 -1 0 2 2 2 2 1 1 2 2 1 0 0 0 2 1 2 1 2 1 1 1 1 2 2 2 1 1 2 0 2 0 -2 -2 -2 -2 -1 -1 -2 -2 -1 0 0 0 -2 -1 -2 -1 -2 -1 -1 -1 -1 -2 -2 -2 -1 -1 -2 0 -2
-0.829022416716316 -0.412236108826415 0.702335351904704 -2.07647396773206 2.39291067329786 1 1 2 2 2 2 1 1 2 2 1 2 2 0 2 1 2 2 1 1 0 1 1 1 2 0 0 2 2 0 2 1 2 2 2 2 1 1 2 2 1 2 2 0 2 1 2 2 1 1 0 1 1 1 2 0 0 2 2 0 2
-0.736715182288541 -0.438702614648631 0.155873567588771 0.387147484889063 0.0896656105611044 1 2 2 2 2 2 1 0 1 1 1 0 1 0 1 0 2 2 0 1 0 1 0 2 2 2 1 2 2 0 2 2 2 2 2 2 1 0 1 1 1 0 1 0 1 0 2 2 0 1 0 1 0 2 2 2 1 2 2 0 2
-0.660080169254035 -1.76874720410987 0.815988312465316 -0.0185807482268759 -0.330562075234413 -1 0 2 1 1 0 1 1 2 2 1 1 1 0 1 1 1 1 0 2 1 1 0 1 2 1 0 2 2 0 2 0 -2 -1 -1 0 -1 -1 -2 -2 -1 -1 -1 0 -1 -1 -1 -1 0 -2 -1 -1 0 -1 -2 -1 0 -2 -2 0 -2
1.68574851548332 -0.21131849470797 0.0271482626416131 -1.29625469474635 -0.342775310159972 1 2 2 2 2 2 0 0 2 2 0 2 1 0 1 0 1 1 1 1 1 2 1 1 2 1 0 2 2 0 2 2 2 2 2 2 0 0 2 2 0 2 1 0 1 0 1 1 1 1 1 2 1 1 2 1 0 2 2 0 2
0.99426698332322 -0.0259399455861833 -0.701173720210238 -0.168680305468212 1.87669058465253 -1 1 2 2 2 2 0 1 2 2 0 0 2 0 2 1 2 2 0 1 2 1 0 1 2 1 0 2 2 0 2 -1 -2 -2 -2 -2 0 -1 -2 -2 0 0 -2 0 -2 -1 -2 -2 0 -1 -2 -1 0 -1 -2 -1 0 -2 -2 0 -2
-0.670003308515494 -1.49590394400242 -1.32788238266397 -0.713680912719953 0.353235115353819 -1 0 2 1 2 2 1 0 2 2 1 0 1 0 1 1 2 1 1 2 0 1 0 1 2 0 0 2 1 0 2 0 -2 -1 -2 -2 -1 0 -2 -2 -1 0 -1 0 -1 -1 -2 -1 -1 -2 0 -1 0 -1 -2 0 0 -2 -1 0 -2
0.294831969747103 0.433198226811376 -0.526047374549612 -2.2410341068421 -0.227806379726817 1 1 2 1 1 1 1 0 2 2 2 1 1 1 2 1 2 2 1 2 2 2 1 0 2 0 0 2 2 0 2 1 2 1 1 1 1 0 2 2 2 1 1 1 2 1 2 2 1 2 2 2 1 0 2 0 0 2 2 0 2
-0.370466711647366 0.66734054660686 0.460294417269795 0.399288610057685 0.589694963858163 -1 1 2 1 1 1 1 1 2 2 0 0 0 0 2 0 1 0 0 1 0 1 0 1 2 0 0 2 2 0 2 -1 -2 -1 -1 -1 -1 -1 -2 -2 0 0 0 0 -2 0 -1 0 0 -1 0 -1 0 -1 -2 0 0 -2 -2 0 -2
0.760031950530527 0.792277361752624 0.794876674972765 -1.04261153886095 -0.14074557222757 1 1 2 1 2 1 0 0 2 1 0 0 2 0 2 1 2 1 1 2 1 2 1 2 2 1 0 2 1 0 2 1 2 1 2 1 0 0 2 1 0 0 2 0 2 1 2 1 1 2 1 2 1 2 2 1 0 2 1 0 2
0.697679697557245 1.09554466448392 -0.282708286832938 0.349555129328252 0.00926626904644847 -1 0 2 1 0 0 1 0 1 2 0 0 1 0 1 1 2 2 1 1 1 1 1 2 2 1 1 2 2 2 2 0 -2 -1 0 0 -1 0 -1 -2 0 0 -1 0 -1 -1 -2 -2 -1 -1 -1 -1 -1 -2 -2 -1 -1 -2 -2 -2 -2
0.890576003402821 -1.4476541414127 1.29569507974864 -0.385336794236377 0.38828253638249 1 1 2 1 2 2 1 2 2 2 1 1 2 0 2 2 2 2 1 1 0 2 0 1 2 1 0 2 1 0 2 1 2 1 2 2 1 2 2 2 1 1 2 0 2 2 2 2 1 1 0 2 0 1 2 1 0 2 1 0 2
0.746416102682839 -0.522360735947311 -1.581708459996 -0.0405667903331268 -1.1997563873394 -1 1 2 1 1 1 1 0 2 2 1 0 0 0 2 1 2 1 1 2 1 2 1 2 2 1 0 2 0 0 2 -1 -2 -1 -1 -1 -1 0 -2 -2 -1 0 0 0 -2 -1 -2 -1 -1 -2 -1 -2 -1 -2 -2 -1 0 -2 0 0 -2
-1.03270638097825 0.768535078048602 0.196360421322286 -0.0675797870837272 0.307323623495191 1 1 2 2 2 1 1 0 2 2 2 2 0 1 2 1 2 2 0 2 0 2 1 2 2 0 0 2 2 0 2 1 2 2 2 1 1 0 2 2 2 2 0 1 2 1 2 2 0 2 0 2 1 2 2 0 0 2 2 0 2
-0.422734572643001 -0.249314226795705 0.428027259646006 -0.191038697124704 0.123303544053065 -1 1 2 2 2 0 0 0 2 2 0 1 2 0 2 0 1 2 1 1 1 2 1 2 2 0 0 2 1 0 2 -1 -2 -2 -2 0 0 0 -2 -2 0 -1 -2 0 -2 0 -1 -2 -1 -1 -1 -2 -1 -2 -2 0 0 -2 -1 0 -2
0.428297599698892 1.42827113618104 -0.396513083673889 -0.260478440527245 -0.68154054119244 -1 0 1 0 1 0 0 1 2 2 1 1 1 0 0 0 2 2 1 1 0 2 0 1 2 1 1 2 2 0 2 0 -1 0 -1 0 0 -1 -2 -2 -1 -1 -1 0 0 0 -2 -2 -1 -1 0 -2 0 -1 -2 -1 -1 -2 -2 0 -2
-0.255209868242453 0.876185422336241 -0.835702447503365 0.879985167593533 1.72198681155261 -1 0 2 1 2 2 1 1 2 2 0 1 1 0 2 0 1 1 1 2 0 2 1 2 2 0 0 2 2 0 2 0 -2 -1 -2 -2 -1 -1 -2 -2 0 -1 -1 0 -2 0 -1 -1 -1 -2 0 -2 -1 -2 -2 0 0 -2 -2 0 -2
1.93722630813795 0.973685965296855 -1.94043950064868 -0.855686659832873 0.202704560079031 1 0 2 1 2 1 1 2 2 2 0 2 2 1 1 1 1 1 2 2 1 2 0 1 2 1 0 2 2 0 2 0 2 1 2 1 1 2 2 2 0 2 2 1 1 1 1 1 2 2 1 2 0 1 2 1 0 2 2 0 2
1.05044045513674 0.0990553465581655 0.519370122154043 -1.66485598926484 1.38615863915376 -1 1 2 2 2 2 0 1 2 2 1 2 1 0 2 2 2 2 1 2 0 1 0 1 2 0 0 2 1 0 2 -1 -2 -2 -2 -2 0 -1 -2 -2 -1 -2 -1 0 -2 -2 -2 -2 -1 -2 0 -1 0 -1 -2 0 0 -2 -1 0 -2
-0.179282157448075 -1.69733002113218 0.046210240917912 -0.659446394804651 -1.11876834207965 1 0 2 2 1 1 1 0 2 2 1 0 0 0 1 1 2 1 0 1 0 1 0 1 2 2 1 2 1 0 2 0 2 2 1 1 1 0 2 2 1 0 0 0 1 1 2 1 0 1 0 1 0 1 2 2 1 2 1 0 2
-0.77566148202143 -0.649907124986864 0.0477553042285211 0.518636360788808 0.651645010933724 -1 1 2 1 1 2 1 1 2 2 0 0 2 1 2 2 2 2 1 2 1 2 1 2 2 1 0 2 2 0 2 -1 -2 -1 -1 -2 -1 -1 -2 -2 0 0 -2 -1 -2 -2 -2 -2 -1 -2 -1 -2 -1 -2 -2 -1 0 -2 -2 0 -2
-0.163915616894878 1.26874656589003 -0.789415025108413 -0.350523879829392 -1.81912464973095 1 1 2 2 2 2 1 0 2 2 2 1 1 0 1 1 1 1 0 1 1 1 1 2 2 0 0 2 1 0 2 1 2 2 2 2 1 0 2 2 2 1 1 0 1 1 1 1 0 1 1 1 1 2 2 0 0 2 1 0 2
-0.388157538639576 1.48919708962257 -0.208146317626964 -0.0250717440130488 0.789259600520987 -1 0 2 2 2 1 0 0 2 2 1 1 2 0 2 1 1 1 1 2 0 1 1 1 2 0 0 2 1 0 2 0 -2 -2 -2 -1 0 0 -2 -2 -1 -1 -2 0 -2 -1 -1 -1 -1 -2 0 -1 -1 -1 -2 0 0 -2 -1 0 -2
1.79327152277157 0.351562531741154 0.428812950566311 -0.122865242091745 -0.457923078289326 -1 1 2 2 2 1 0 0 2 1 0 1 1 0 2 1 2 2 2 1 1 0 0 0 2 1 0 2 1 0 2 -1 -2 -2 -2 -1 0 0 -2 -1 0 -1 -1 0 -2 -1 -2 -2 -2 -1 -1 0 0 0 -2 -1 0 -2 -1 0 -2
-0.912519389217428 -2.02482239054945 1.74494653105193 -0.495293739453484 0.559241006327162 -1 1 2 1 2 1 1 0 2 2 1 0 1 0 1 1 2 2 0 2 2 1 1 1 2 1 0 2 2 0 2 -1 -2 -1 -2 -1 -1 0 -2 -2 -1 0 -1 0 -1 -1 -2 -2 0 -2 -2 -1 -1 -1 -2 -1 0 -2 -2 0 -2
0.224123321394903 0.33731481326832 -0.297658147620788 -1.20051435527032 0.356263871974329 -1 1 2 1 0 1 0 0 2 2 1 1 2 0 1 0 2 2 1 2 0 1 1 2 2 1 0 2 2 2 2 -1 -2 -1 0 -1 0 0 -2 -2 -1 -1 -2 0 -1 0 -2 -2 -1 -2 0 -1 -1 -2 -2 -1 0 -2 -2 -2 -2
0.412702339771111 1.17585875673637 -0.26949362349975 -0.678066115987499 -1.53643104102064 1 0 2 2 1 1 0 0 2 2 0 1 1 1 2 2 2 2 0 1 1 1 0 2 2 0 0 2 1 0 2 0 2 2 1 1 0 0 2 2 0 1 1 1 2 2 2 2 0 1 1 1 0 2 2 0 0 2 1 0 2
0.0459893342605531 -0.690972833263649 -1.02631834875167 -1.23610069771801 0.0635257978741512 1 1 2 2 2 0 1 1 2 2 2 0 0 0 1 1 2 0 0 1 0 0 0 0 2 0 0 2 2 1 2 1 2 2 2 0 1 1 2 2 2 0 0 0 1 1 2 0 0 1 0 0 0 0 2 0 0 2 2 1 2
0.298443267518494 -0.359829405092937 -0.666789591718754 -0.533961692408334 0.626437427844952 1 1 2 2 2 0 0 0 2 1 0 1 1 0 2 1 2 2 2 2 1 2 0 1 2 1 0 2 2 0 2 1 2 2 2 0 0 0 2 1 0 1 1 0 2 1 2 2 2 2 1 2 0 1 2 1 0 2 2 0 2
-1.13080622468257 -0.287559476709394 -0.501343596949583 -1.6697497312392 -0.0531074274535583 1 1 2 2 2 1 1 1 2 2 0 1 0 0 0 0 2 0 0 1 1 2 0 2 2 0 0 2 2 0 2 1 2 2 2 1 1 1 2 2 0 1 0 0 0 0 2 0 0 1 1 2 0 2 2 0 0 2 2 0 2
0.119111931894999 -1.16275560015642 -0.234274663271367 -1.07052689853419 -1.02059379758738 -1 1 2 0 2 1 1 1 2 2 1 1 0 0 1 1 2 2 2 2 1 1 0 1 2 1 0 2 2 0 2 -1 -2 0 -2 -1 -1 -1 -2 -2 -1 -1 0 0 -1 -1 -2 -2 -2 -2 -1 -1 0 -1 -2 -1 0 -2 -2 0 -2
1.49865041486467 0.059243500559986 0.364748982869532 0.957280803042757 -0.230674289336021 1 1 2 2 2 1 2 2 2 2 1 2 2 1 1 1 1 2 0 1 0 1 1 2 2 1 0 2 2 0 2 1 2 2 2 1 2 2 2 2 1 2 2 1 1 1 1 2 0 1 0 1 1 2 2 1 0 2 2 0 2
-1.00640538416664 1.41892389257827 2.19734747110301 0.61834298266032 -0.754313147500709 -1 2 2 2 2 1 1 1 2 1 0 1 1 1 1 0 2 2 1 2 1 1 1 2 2 1 1 2 2 1 2 -2 -2 -2 -2 -1 -1 -1 -2 -1 0 -1 -1 -1 -1 0 -2 -2 -1 -2 -1 -1 -1 -2 -2 -1 -1 -2 -2 -1 -2
-1.02416249234965 0.86856428133548 1.72354389183696 -1.94845874373938 -0.931124441945048 1 1 2 1 2 1 1 0 2 2 1 0 0 0 1 0 2 2 0 1 0 2 1 2 2 2 0 2 2 0 2 1 2 1 2 1 1 0 2 2 1 0 0 0 1 0 2 2 0 1 0 2 1 2 2 2 0 2 2 0 2
1.98195576142944 0.441887757763421 0.024011011245387 -0.352849744130796 -0.586272951184675 1 0 2 2 2 1 0 1 2 2 1 1 2 1 1 0 2 2 0 1 1 2 1 2 2 0 0 2 1 0 2 0 2 2 2 1 0 1 2 2 1 1 2 1 1 0 2 2 0 1 1 2 1 2 2 0 0 2 1 0 2
1.15251462501302 0.577386860915259 -0.175833014390793 -0.776791650932835 -2.94782151127598 -1 0 2 1 1 2 1 2 2 2 1 1 1 1 2 1 2 2 1 1 0 2 2 2 2 2 0 2 2 0 2 0 -2 -1 -1 -2 -1 -2 -2 -2 -1 -1 -1 -1 -2 -1 -2 -2 -1 -1 0 -2 -2 -2 -2 -2 0 -2 -2 0 -2
-1.46923572567625 0.392549595551624 -0.443990802579399 1.70302969085316 0.0315894872476744 -1 1 2 0 2 2 0 0 2 2 1 0 0 0 0 0 2 2 1 1 1 1 1 2 2 1 0 2 1 0 2 -1 -2 0 -2 -2 0 0 -2 -2 -1 0 0 0 0 0 -2 -2 -1 -1 -1 -1 -1 -2 -2 -1 0 -2 -1 0 -2
1.00581649910659 -0.408473832985921 -0.914288484355702 2.73917428675228 -0.24473840392389 -1 1 2 2 2 2 0 0 1 2 0 1 0 0 2 1 2 2 1 2 1 2 1 2 2 1 1 2 1 0 2 -1 -2 -2 -2 -2 0 0 -1 -2 0 -1 0 0 -2 -1 -2 -2 -1 -2 -1 -2 -1 -2 -2 -1 -1 -2 -1 0 -2
0.49243410788475 0.0679560162034006 -0.988361968430621 -0.305347486923003 0.715405286700597 1 2 2 1 2 1 0 1 2 2 0 1 1 0 2 0 1 1 0 1 0 0 0 2 2 0 0 2 2 0 2 2 2 1 2 1 0 1 2 2 0 1 1 0 2 0 1 1 0 1 0 0 0 2 2 0 0 2 2 0 2
