-1.6747170998007 0.442296302071679 0.511248938851233 0.851873808049264 -0.284005262554682 -1 2 2 1 1 0 0 1 0 0 2 0 1 2 1 0 2 1 2 2 2 2 2 2 1 1 0 2 2 1 0 -2 -2 -1 -1 0 0 -1 0 0 -2 0 -1 -2 -1 0 -2 -1 -2 -2 -2 -2 -2 -2 -1 -1 0 -2 -2 -1 0
0.957549239643186 1.76429253699109 0.940986546390069 -0.199801108920984 -1.06225206735246 -1 2 2 0 0 1 1 2 0 0 1 0 1 2 1 0 2 0 1 1 1 1 2 2 1 1 1 2 2 1 0 -2 -2 0 0 -1 -1 -2 0 0 -1 0 -1 -2 -1 0 -2 0 -1 -1 -1 -1 -2 -2 -1 -1 -1 -2 -2 -1 0
0.772439889515181 -2.75925693160349 -0.736225697567468 -0.477346806023636 -1.19701573743852 -1 2 2 0 1 1 0 1 2 0 2 0 1 1 0 0 1 1 2 1 2 2 2 2 2 1 1 2 2 2 0 -2 -2 0 -1 -1 0 -1 -2 0 -2 0 -1 -1 0 0 -1 -1 -2 -1 -2 -2 -2 -2 -2 -1 -1 -2 -2 -2 0
1.22836859104561 -0.717553815410179 0.77489619437279 2.71769210485056 -1.05414817663544 1 2 2 1 1 0 1 2 1 0 2 0 1 2 0 0 1 0 2 1 2 2 2 2 0 0 0 1 2 1 0 2 2 1 1 0 1 2 1 0 2 0 1 2 0 0 1 0 2 1 2 2 2 2 0 0 0 1 2 1 0
-0.655442832808331 1.45097606958959 0.348359145089557 2.02555666036242 1.01612041873061 1 2 2 0 0 0 0 0 0 0 2 0 1 1 0 0 2 1 2 1 2 2 2 2 0 1 1 2 2 2 0 2 2 0 0 0 0 0 0 0 2 0 1 1 0 0 2 1 2 1 2 2 2 2 0 1 1 2 2 2 0
-0.33979729039642 -1.8704600459179 0.842242570735823 -0.0829503663385629 0.845200685527611 -1 2 1 1 0 1 1 1 1 0 2 1 1 2 1 0 2 2 2 2 2 2 2 2 0 1 0 2 2 1 0 -2 -1 -1 0 -1 -1 -1 -1 0 -2 -1 -1 -2 -1 0 -2 -2 -2 -2 -2 -2 -2 -2 0 -1 0 -2 -2 -1 0
0.624726894161703 0.561990387657553 1.38638094961098 2.1809449808259 1.44620734721939 1 2 0 1 1 1 0 1 2 1 2 0 0 2 0 0 2 1 2 0 1 2 1 2 2 0 1 1 2 1 0 2 0 1 1 1 0 1 2 1 2 0 0 2 0 0 2 1 2 0 1 2 1 2 2 0 1 1 2 1 0
-0.79519336511147 0.514570590960194 0.731736683902631 -0.989585655392189 1.62985822717953 -1 2 2 1 1 1 0 1 1 1 2 1 2 2 1 0 2 1 2 1 2 2 1 1 0 0 0 2 2 0 0 -2 -2 -1 -1 -1 0 -1 -1 -1 -2 -1 -2 -2 -1 0 -2 -1 -2 -1 -2 -2 -1 -1 0 0 0 -2 -2 0 0
-0.0885271715145362 1.51457057931346 -1.09181167342129 0.988164312863332 -0.89786891250709 1 2 2 0 2 1 1 1 1 0 2 0 0 1 1 0 1 0 1 0 2 2 2 2 0 2 1 2 2 0 0 2 2 0 2 1 1 1 1 0 2 0 0 1 1 0 1 0 1 0 2 2 2 2 0 2 1 2 2 0 0
-1.55777349900004 0.340649778144392 0.516061777283988 0.05262317808002 0.48389230664535 -1 2 2 2 1 2 0 1 2 0 2 0 1 1 0 0 2 1 2 0 1 2 2 2 2 2 2 1 2 1 0 -2 -2 -2 -1 -2 0 -1 -2 0 -2 0 -1 -1 0 0 -2 -1 -2 0 -1 -2 -2 -2 -2 -2 -2 -1 -2 -1 0
-0.46823373166928 -1.65865881051543 0.370123924172971 -1.46353233906041 -0.130741763334414 -1 2 1 1 0 2 0 1 1 0 2 1 0 2 0 0 2 0 1 0 1 2 1 2 1 0 0 1 2 2 1 -2 -1 -1 0 -2 0 -1 -1 0 -2 -1 0 -2 0 0 -2 0 -1 0 -1 -2 -1 -2 -1 0 0 -1 -2 -2 -1
-1.22533437955695 0.182444293686642 0.131349018336239 -1.59464987079053 0.0131075194516567 -1 2 2 0 1 2 1 2 1 0 2 1 2 2 0 0 1 0 2 1 2 2 2 2 0 1 0 1 2 2 0 -2 -2 0 -1 -2 -1 -2 -1 0 -2 -1 -2 -2 0 0 -1 0 -2 -1 -2 -2 -2 -2 0 -1 0 -1 -2 -2 0
1.52632548600434 -0.302240214228446 1.11677800018916 -0.0927262469749267 0.772066642874611 1 2 2 1 1 2 1 2 1 0 2 0 2 2 0 0 1 0 1 0 1 1 2 2 0 1 0 1 2 0 0 2 2 1 1 2 1 2 1 0 2 0 2 2 0 0 1 0 1 0 1 1 2 2 0 1 0 1 2 0 0
0.870357787893583 -1.5828903723079 1.71110501157102 -0.0500522032937291 0.324801010566641 -1 2 2 0 0 0 0 0 1 0 2 1 1 2 0 0 2 0 1 0 2 2 1 2 0 0 1 1 2 2 0 -2 -2 0 0 0 0 0 -1 0 -2 -1 -1 -2 0 0 -2 0 -1 0 -2 -2 -1 -2 0 0 -1 -1 -2 -2 0
1.03768138571147 -0.196433691727381 -1.13662568509024 -0.0717210726340279 -0.0631357183011655 -1 2 2 1 0 1 0 1 1 0 2 0 0 2 0 0 2 0 2 1 2 2 2 2 1 2 2 1 2 1 0 -2 -2 -1 0 -1 0 -1 -1 0 -2 0 0 -2 0 0 -2 0 -2 -1 -2 -2 -2 -2 -1 -2 -2 -1 -2 -1 0
0.999571479485825 0.288615743818787 2.26064206907131 0.754481909605674 1.93010738424014 1 2 2 0 0 1 0 1 2 0 2 0 0 1 0 0 1 0 1 0 1 1 2 2 0 1 0 1 2 2 0 2 2 0 0 1 0 1 2 0 2 0 0 1 0 0 1 0 1 0 1 1 2 2 0 1 0 1 2 2 0
0.266780409318701 2.32765886558307 2.27730292722124 0.0363783439541408 -0.190099968454786 1 2 2 1 0 0 0 0 1 1 2 1 2 2 1 0 1 1 2 1 2 2 1 2 1 1 1 2 2 1 0 2 2 1 0 0 0 0 1 1 2 1 2 2 1 0 1 1 2 1 2 2 1 2 1 1 1 2 2 1 0
0.215857871765946 0.997087285862526 -1.16852000228857 0.845762025400813 -1.18910123613409 -1 2 1 1 2 1 0 2 1 0 2 0 1 2 1 0 1 0 1 1 2 2 2 2 0 1 1 1 2 2 0 -2 -1 -1 -2 -1 0 -2 -1 0 -2 0 -1 -2 -1 0 -1 0 -1 -1 -2 -2 -2 -2 0 -1 -1 -1 -2 -2 0
-1.23079206133547 -1.94794162796631 -1.2698105867953 -0.973584872894461 -0.653443427638639 1 2 1 0 0 1 0 0 1 0 2 0 1 1 0 0 2 1 2 0 1 1 2 2 0 0 0 0 2 1 0 2 1 0 0 1 0 0 1 0 2 0 1 1 0 0 2 1 2 0 1 1 2 2 0 0 0 0 2 1 0
0.297454131985115 -1.72682923135889 -1.23069773239197 1.83670931634039 1.59110993724522 -1 2 1 0 0 1 1 1 2 0 2 0 1 2 0 0 1 0 2 2 2 2 2 2 1 1 1 2 2 2 0 -2 -1 0 0 -1 -1 -1 -2 0 -2 0 -1 -2 0 0 -1 0 -2 -2 -2 -2 -2 -2 -1 -1 -1 -2 -2 -2 0
0.609700783950654 -0.849429191818733 -0.077405661192788 -4.35302391491438 -2.08384533040548 1 2 2 0 1 1 0 2 1 0 2 0 1 2 2 0 2 0 1 1 2 2 2 2 1 1 1 2 2 1 0 2 2 0 1 1 0 2 1 0 2 0 1 2 2 0 2 0 1 1 2 2 2 2 1 1 1 2 2 1 0
-0.586285717109511 -0.0857199553529099 -0.165189734861694 -1.23283300160535 0.0859688388667996 1 2 1 0 0 1 0 1 0 0 2 0 0 1 0 0 1 0 1 0 2 2 1 2 0 0 0 1 2 0 0 2 1 0 0 1 0 1 0 0 2 0 0 1 0 0 1 0 1 0 2 2 1 2 0 0 0 1 2 0 0
0.349115707717655 0.491900862463092 -0.423666878437696 0.894312543366294 -0.458911761521469 -1 2 1 1 2 1 1 2 2 1 2 0 1 1 0 0 2 2 2 0 1 2 1 2 1 1 1 2 2 0 0 -2 -1 -1 -2 -1 -1 -2 -2 -1 -2 0 -1 -1 0 0 -2 -2 -2 0 -1 -2 -1 -2 -1 -1 -1 -2 -2 0 0
0.81825205379301 1.09384857996033 -1.217647867628 -1.24919245442249 0.0533262379771861 -1 2 1 1 2 1 1 1 2 0 2 0 1 1 1 0 1 0 1 0 2 2 1 2 1 1 2 2 2 1 0 -2 -1 -1 -2 -1 -1 -1 -2 0 -2 0 -1 -1 -1 0 -1 0 -1 0 -2 -2 -1 -2 -1 -1 -2 -2 -2 -1 0
0.0476809436526442 0.256470114510162 -0.332059404772317 0.261158278381338 -0.284893135628199 1 2 1 1 0 0 0 0 1 0 2 0 1 1 0 0 2 1 2 0 1 2 2 2 1 2 0 2 2 2 1 2 1 1 0 0 0 0 1 0 2 0 1 1 0 0 2 1 2 0 1 2 2 2 1 2 0 2 2 2 1
-0.785831041289757 -0.332242252187905 -0.082808283620342 -0.522198326285262 1.41122725419828 1 2 2 1 1 2 1 2 1 0 2 0 2 1 0 0 1 0 2 1 2 2 1 2 1 1 0 1 2 1 0 2 2 1 1 2 1 2 1 0 2 0 2 1 0 0 1 0 2 1 2 2 1 2 1 1 0 1 2 1 0
-0.580079711721867 -0.87539391030377 -0.695431384298715 1.91910335939058 -0.72433232946756 1 2 1 1 0 2 0 1 1 0 2 0 2 2 0 0 2 1 2 2 2 2 1 2 0 0 0 1 2 0 0 2 1 1 0 2 0 1 1 0 2 0 2 2 0 0 2 1 2 2 2 2 1 2 0 0 0 1 2 0 0
0.0280994291781863 -1.06056885154743 1.15481434382178 -0.530413225926651 0.3325819644827 1 2 2 1 1 2 1 1 0 0 2 0 0 1 0 0 1 0 2 1 2 2 2 2 1 0 0 1 2 1 0 2 2 1 1 2 1 1 0 0 2 0 0 1 0 0 1 0 2 1 2 2 2 2 1 0 0 1 2 1 0
0.711116355144456 0.286870259132489 2.23981110645796 0.131210323771054 0.192249646218129 1 2 2 1 1 2 1 2 2 0 2 1 2 2 1 0 2 1 1 0 2 2 2 2 0 0 0 1 2 2 0 2 2 1 1 2 1 2 2 0 2 1 2 2 1 0 2 1 1 0 2 2 2 2 0 0 0 1 2 2 0
0.197670974548819 -0.277827703285672 -0.475585287267557 -0.075813740653524 -1.16950773528328 -1 2 2 0 1 0 0 0 1 1 2 1 1 2 1 0 2 1 2 0 1 2 1 2 0 1 1 1 2 0 0 -2 -2 0 -1 0 0 0 -1 -1 -2 -1 -1 -2 -1 0 -2 -1 -2 0 -1 -2 -1 -2 0 -1 -1 -1 -2 0 0
0.912913740373231 -1.43573655269613 -1.00209290727447 -0.12839454765073 0.788236392539917 -1 2 2 0 2 1 0 1 1 0 2 1 2 2 1 0 2 1 2 1 2 2 2 2 0 1 0 1 2 1 0 -2 -2 0 -2 -1 0 -1 -1 0 -2 -1 -2 -2 -1 0 -2 -1 -2 -1 -2 -2 -2 -2 0 -1 0 -1 -2 -1 0
0.309870403995214 -0.408341144476486 1.09260398354561 -1.01686408891792 -1.15459150904043 -1 2 2 2 1 2 0 1 1 0 2 0 1 2 0 0 2 1 2 1 2 2 2 1 0 0 0 0 2 1 0 -2 -2 -2 -1 -2 0 -1 -1 0 -2 0 -1 -2 0 0 -2 -1 -2 -1 -2 -2 -2 -1 0 0 0 0 -2 -1 0
-0.287098081055501 -0.0786888974554442 -0.643284688738806 0.893593578686764 0.633397225618334 -1 2 2 2 0 2 0 2 0 0 2 0 1 2 0 0 0 0 1 0 1 2 2 2 1 0 0 1 2 1 0 -2 -2 -2 0 -2 0 -2 0 0 -2 0 -1 -2 0 0 0 0 -1 0 -1 -2 -2 -2 -1 0 0 -1 -2 -1 0
-1.18376052477331 0.528641756128765 -0.867739310419374 0.000183710363250878 -1.13203459847595 1 2 1 0 1 1 1 2 1 0 2 0 0 1 0 0 2 1 2 1 2 2 2 2 0 0 0 1 2 1 0 2 1 0 1 1 1 2 1 0 2 0 0 1 0 0 2 1 2 1 2 2 2 2 0 0 0 1 2 1 0
-0.504149758137013 -1.26889307775996 -1.94835435163882 0.809888842725079 -1.07102365423419 -1 2 1 0 0 1 1 2 1 2 2 0 1 2 1 0 2 0 1 0 2 2 2 2 1 0 0 1 2 1 0 -2 -1 0 0 -1 -1 -2 -1 -2 -2 0 -1 -2 -1 0 -2 0 -1 0 -2 -2 -2 -2 -1 0 0 -1 -2 -1 0
0.225387614925762 0.542167174344859 0.123842460675899 0.753626535113678 -1.3441278502738 1 2 2 0 0 0 0 1 1 1 2 1 2 2 2 1 1 2 2 1 1 2 2 2 2 2 2 2 2 1 0 2 2 0 0 0 0 1 1 1 2 1 2 2 2 1 1 2 2 1 1 2 2 2 2 2 2 2 2 1 0
-0.357238891586776 -0.713818164303072 -1.62066150684612 -0.0643376500413199 0.261933737858097 1 2 2 1 1 1 1 2 2 0 1 0 0 1 0 0 2 1 2 1 1 2 1 2 0 2 1 1 2 0 0 2 2 1 1 1 1 2 2 0 1 0 0 1 0 0 2 1 2 1 1 2 1 2 0 2 1 1 2 0 0
-1.03426713151219 -0.899967384427043 1.57862096098679 -0.785886938369205 0.337957599162753 1 2 2 1 0 1 1 1 0 0 2 0 1 2 1 0 2 0 0 0 2 2 1 2 0 0 0 1 2 2 0 2 2 1 0 1 1 1 0 0 2 0 1 2 1 0 2 0 0 0 2 2 1 2 0 0 0 1 2 2 0
0.62749971630317 0.644734081872452 -0.126041227624901 1.36983665421064 0.840489735788777 1 2 2 1 1 2 1 2 2 0 2 0 2 2 0 0 2 1 1 1 2 2 2 2 0 1 0 2 2 2 0 2 2 1 1 2 1 2 2 0 2 0 2 2 0 0 2 1 1 1 2 2 2 2 0 1 0 2 2 2 0
-0.1343557826835 0.784679792168662 1.81224698415158 -0.355657197342749 1.29373560192611 1 2 1 0 0 0 0 0 0 0 2 0 2 2 1 1 2 0 1 1 2 2 2 2 2 0 2 2 2 0 0 2 1 0 0 0 0 0 0 0 2 0 2 2 1 1 2 0 1 1 2 2 2 2 2 0 2 2 2 0 0
-1.71413325211344 0.485273437843731 0.631986993194027 -1.60983605608994 -0.114633424346954 -1 2 2 0 0 2 0 2 1 0 2 0 2 2 1 0 2 0 1 0 2 2 1 2 2 0 0 2 2 1 0 -2 -2 0 0 -2 0 -2 -1 0 -2 0 -2 -2 -1 0 -2 0 -1 0 -2 -2 -1 -2 -2 0 0 -2 -2 -1 0
-0.0247852575274835 -1.07970755372908 -0.868766415532974 -0.393417805177998 0.223249184372882 -1 2 2 0 0 1 0 1 1 0 2 1 2 2 0 0 2 2 2 2 2 2 2 2 1 2 1 2 2 1 0 -2 -2 0 0 -1 0 -1 -1 0 -2 -1 -2 -2 0 0 -2 -2 -2 -2 -2 -2 -2 -2 -1 -2 -1 -2 -2 -1 0
0.685654893089066 0.525022220831029 -0.155683093787099 1.94220727329238 0.674586070867547 1 2 2 0 0 1 1 2 1 1 2 0 1 1 0 0 2 2 2 0 2 2 2 2 0 1 0 2 2 2 0 2 2 0 0 1 1 2 1 1 2 0 1 1 0 0 2 2 2 0 2 2 2 2 0 1 0 2 2 2 0
-1.95322408439625 0.957723376136376 0.246079732211641 -0.419051050985371 0.783000569922315 1 2 2 2 1 1 0 2 0 0 2 0 1 2 2 1 1 0 1 0 1 2 2 2 1 0 0 1 2 0 0 2 2 2 1 1 0 2 0 0 2 0 1 2 2 1 1 0 1 0 1 2 2 2 1 0 0 1 2 0 0
0.221885072446991 -1.23398552317835 0.302257812084668 1.23372000365405 -0.292437121357046 1 2 1 1 0 0 0 1 1 0 2 0 0 1 0 0 1 0 1 0 1 1 2 2 2 2 2 2 2 2 0 2 1 1 0 0 0 1 1 0 2 0 0 1 0 0 1 0 1 0 1 1 2 2 2 2 2 2 2 2 0
0.132954418071346 -0.901367609617415 -0.910156412269667 0.705794633397545 0.472833560050909 -1 2 1 1 1 2 1 1 1 0 2 0 1 2 0 0 1 0 1 0 1 2 2 2 1 1 0 2 2 2 0 -2 -1 -1 -1 -2 -1 -1 -1 0 -2 0 -1 -2 0 0 -1 0 -1 0 -1 -2 -2 -2 -1 -1 0 -2 -2 -2 0
-0.0908002065753646 0.229780629050406 0.230885976039386 -0.126947004143824 0.830552124235907 1 2 1 0 1 1 0 1 0 0 1 0 1 2 0 0 2 1 2 1 2 2 2 1 0 2 1 2 2 1 0 2 1 0 1 1 0 1 0 0 1 0 1 2 0 0 2 1 2 1 2 2 2 1 0 2 1 2 2 1 0
-0.126033597309841 -0.00281744191296336 -0.983303542914608 -0.748480079739929 0.66098051351961 1 2 1 1 1 1 0 1 1 0 2 0 1 2 0 0 1 0 1 0 2 2 2 2 1 1 1 2 2 1 0 2 1 1 1 1 0 1 1 0 2 0 1 2 0 0 1 0 1 0 2 2 2 2 1 1 1 2 2 1 0
-1.91274681369523 -1.16008652681437 -1.07306236564345 1.31601824260416 -0.884001007989776 1 2 1 0 0 0 0 1 2 0 2 0 2 2 1 0 1 0 1 1 2 2 0 1 0 1 1 1 2 1 0 2 1 0 0 0 0 1 2 0 2 0 2 2 1 0 1 0 1 1 2 2 0 1 0 1 1 1 2 1 0
1.337050583678 -0.195754485607881 -0.278618999130903 -0.384532176718278 -0.0794975131517884 -1 2 2 0 1 1 1 2 1 0 1 0 0 2 0 0 2 0 2 0 1 1 2 2 1 1 1 1 2 1 0 -2 -2 0 -1 -1 -1 -2 -1 0 -1 0 0 -2 0 0 -2 0 -2 0 -1 -1 -2 -2 -1 -1 -1 -1 -2 -1 0
-0.762405108973774 1.19074286034878 -0.898116519847704 1.49278208559904 -1.77613106126819 1 2 2 1 1 1 0 1 1 1 2 0 2 2 1 0 2 0 1 1 2 2 1 1 0 0 0 2 2 0 0 2 2 1 1 1 0 1 1 1 2 0 2 2 1 0 2 0 1 1 2 2 1 1 0 0 0 2 2 0 0
0.354960739097579 0.691738936356029 0.191114934081134 -0.227189001048099 -1.41796126323155 1 2 1 1 0 2 0 1 1 0 1 0 1 2 0 0 0 0 1 0 1 2 2 2 1 0 0 2 2 2 0 2 1 1 0 2 0 1 1 0 1 0 1 2 0 0 0 0 1 0 1 2 2 2 1 0 0 2 2 2 0
0.293917090330795 0.605171974109298 -0.0660373371759481 0.176385485781297 0.239531351054169 1 2 2 0 1 1 1 2 2 0 2 0 2 2 0 0 2 1 1 1 2 2 2 2 0 0 1 2 2 1 0 2 2 0 1 1 1 2 2 0 2 0 2 2 0 0 2 1 1 1 2 2 2 2 0 0 1 2 2 1 0
-0.0584628129502557 0.0481905047317252 1.99378890909599 1.53058323790061 -0.935219737510395 1 2 2 0 1 1 0 1 2 0 2 1 2 2 0 0 2 0 1 0 1 1 2 2 1 0 0 2 2 2 0 2 2 0 1 1 0 1 2 0 2 1 2 2 0 0 2 0 1 0 1 1 2 2 1 0 0 2 2 2 0
1.59514119555449 -0.574006657032395 -1.03388818333853 1.9186018453682 -0.21350552390222 1 2 2 1 0 0 0 2 2 1 2 0 2 2 1 0 1 0 2 1 2 2 2 2 1 1 0 1 2 1 0 2 2 1 0 0 0 2 2 1 2 0 2 2 1 0 1 0 2 1 2 2 2 2 1 1 0 1 2 1 0
-0.926249950376774 -0.570546138037602 -0.428801145583771 -0.0360595835182844 0.569797272377761 -1 2 0 0 1 0 0 1 0 1 2 1 1 2 1 0 1 1 2 1 2 2 2 2 1 1 1 2 2 1 0 -2 0 0 -1 0 0 -1 0 -1 -2 -1 -1 -2 -1 0 -1 -1 -2 -1 -2 -2 -2 -2 -1 -1 -1 -2 -2 -1 0
-0.372395558329544 0.295009072348623 -0.215411810997758 0.50928995631141 -1.04308994658446 1 2 2 1 2 2 0 2 2 1 2 0 2 2 0 0 1 0 2 1 2 2 2 2 0 1 2 2 2 2 0 2 2 1 2 2 0 2 2 1 2 0 2 2 0 0 1 0 2 1 2 2 2 2 0 1 2 2 2 2 0
-2.11073948272799 -0.11849921807382 1.23239239285184 -0.528353832945023 0.153744609023697 1 2 1 0 0 0 0 2 1 0 2 0 1 2 0 0 2 2 2 2 2 2 2 2 0 1 0 2 2 1 0 2 1 0 0 0 0 2 1 0 2 0 1 2 0 0 2 2 2 2 2 2 2 2 0 1 0 2 2 1 0
-0.752173109269427 -0.239931872367149 0.919447114696247 -2.0737974211178 -0.27467635677493 -1 2 2 2 1 2 2 1 2 0 1 0 0 1 0 0 2 0 2 0 1 2 2 1 0 1 0 2 2 0 0 -2 -2 -2 -1 -2 -2 -1 -2 0 -1 0 0 -1 0 0 -2 0 -2 0 -1 -2 -2 -1 0 -1 0 -2 -2 0 0
-0.00851936657884582 -0.141764456226113 -0.527935418405822 0.00104135426114503 -0.657533856355926 -1 2 2 0 1 2 0 1 1 0 2 0 0 2 0 0 1 0 1 0 1 2 2 2 1 1 0 2 2 1 0 -2 -2 0 -1 -2 0 -1 -1 0 -2 0 0 -2 0 0 -1 0 -1 0 -1 -2 -2 -2 -1 -1 0 -2 -2 -1 0
0.979818462605544 -0.382116365588043 -0.0698929917591622 1.95571873336984 1.68553261955819 1 2 1 0 1 2 1 2 1 1 2 0 1 2 1 0 2 1 2 1 2 2 2 2 0 1 0 1 2 0 0 2 1 0 1 2 1 2 1 1 2 0 1 2 1 0 2 1 2 1 2 2 2 2 0 1 0 1 2 0 0
2.42674751962016 -1.49760521316595 1.01262386400974 0.292977207050561 0.384055034676556 1 2 2 1 1 1 0 1 0 0 2 0 2 2 0 0 1 0 2 1 2 2 2 2 0 1 0 2 2 0 0 2 2 1 1 1 0 1 0 0 2 0 2 2 0 0 1 0 2 1 2 2 2 2 0 1 0 2 2 0 0
-1.81872932787408 -0.570739519222606 -0.479161496771631 -0.0911178794445447 0.668576731472909 1 1 1 0 0 1 0 1 0 0 1 0 2 2 0 0 2 0 1 0 1 2 2 2 0 2 2 2 2 2 0 1 1 0 0 1 0 1 0 0 1 0 2 2 0 0 2 0 1 0 1 2 2 2 0 2 2 2 2 2 0
-1.15383774318571 0.978330019182977 0.970971092003139 -0.87408773664973 -0.561743808365661 1 2 2 0 0 0 0 1 0 0 2 1 2 2 1 0 2 0 1 2 2 2 1 2 0 2 2 2 2 0 0 2 2 0 0 0 0 1 0 0 2 1 2 2 1 0 2 0 1 2 2 2 1 2 0 2 2 2 2 0 0
0.035270723953855 1.55183735720786 -0.398920354136539 0.739179376693001 -0.552013704806812 -1 2 1 1 1 1 0 0 0 0 2 1 2 2 0 0 1 0 2 0 2 2 2 2 1 1 0 1 2 2 0 -2 -1 -1 -1 -1 0 0 0 0 -2 -1 -2 -2 0 0 -1 0 -2 0 -2 -2 -2 -2 -1 -1 0 -1 -2 -2 0
-0.0546638443211371 2.54865816910206 1.23632728549135 -0.302542794637574 1.32403233286282 -1 2 1 0 0 0 0 0 0 0 2 0 2 1 0 0 0 0 1 0 2 2 2 2 0 1 0 1 2 2 0 -2 -1 0 0 0 0 0 0 0 -2 0 -2 -1 0 0 0 0 -1 0 -2 -2 -2 -2 0 -1 0 -1 -2 -2 0
2.13636025876667 0.954686255908363 -0.920280835320112 1.69862062428847 0.327085535586828 -1 2 1 0 1 0 0 2 0 1 2 0 1 2 1 0 2 1 2 0 2 2 2 2 1 1 1 1 2 1 0 -2 -1 0 -1 0 0 -2 0 -1 -2 0 -1 -2 -1 0 -2 -1 -2 0 -2 -2 -2 -2 -1 -1 -1 -1 -2 -1 0
0.498475100466647 -0.74371903638507 0.965891429274778 -1.18263269506143 0.166532610398538 1 2 2 0 2 2 1 2 2 0 2 0 1 2 0 0 1 0 2 1 2 2 2 2 0 1 1 1 2 0 0 2 2 0 2 2 1 2 2 0 2 0 1 2 0 0 1 0 2 1 2 2 2 2 0 1 1 1 2 0 0
1.05937346408216 0.560985046731672 -1.07219346268233 -0.215786516113367 0.891108053048446 -1 2 1 0 0 1 0 0 0 0 2 0 1 2 0 0 2 0 1 0 2 2 2 2 1 1 0 1 2 0 0 -2 -1 0 0 -1 0 0 0 0 -2 0 -1 -2 0 0 -2 0 -1 0 -2 -2 -2 -2 -1 -1 0 -1 -2 0 0
0.129377275661143 -0.805951904772766 1.96519201775107 0.444987172916862 2.38932657005759 -1 2 1 1 2 2 1 1 1 0 2 0 1 2 0 0 2 0 1 0 2 1 2 2 2 0 1 2 2 1 0 -2 -1 -1 -2 -2 -1 -1 -1 0 -2 0 -1 -2 0 0 -2 0 -1 0 -2 -1 -2 -2 -2 0 -1 -2 -2 -1 0
-1.90074206198269 0.472180342818325 -0.328525476972354 -0.155719884788888 0.479624878145265 1 2 2 1 1 2 1 2 1 1 2 0 1 1 0 0 2 0 2 1 2 2 2 2 1 0 0 0 2 1 0 2 2 1 1 2 1 2 1 1 2 0 1 1 0 0 2 0 2 1 2 2 2 2 1 0 0 0 2 1 0
-0.0717525929326562 -0.753132575179995 -0.66746008756257 0.284120824805128 -0.0489955574063383 1 2 2 0 0 0 1 1 1 1 2 0 1 2 1 0 2 0 1 0 1 2 1 2 1 1 0 2 2 1 0 2 2 0 0 0 1 1 1 1 2 0 1 2 1 0 2 0 1 0 1 2 1 2 1 1 0 2 2 1 0
1.27416725894135 -0.653786024930492 -1.92995169592319 0.171017087095202 1.46525152831215 1 2 2 0 0 0 0 0 1 1 2 0 1 2 1 0 2 1 2 0 2 2 2 2 1 2 2 2 2 1 0 2 2 0 0 0 0 0 1 1 2 0 1 2 1 0 2 1 2 0 2 2 2 2 1 2 2 2 2 1 0
-0.366868665054764 -0.655018420285304 -0.498710237318255 -1.50960972068929 0.0623362514734653 1 2 2 2 1 2 1 0 1 0 2 1 1 1 0 0 2 0 2 2 2 2 2 2 0 1 1 2 2 1 0 2 2 2 1 2 1 0 1 0 2 1 1 1 0 0 2 0 2 2 2 2 2 2 0 1 1 2 2 1 0
-0.241271500329044 -0.410115938626067 -1.42965806416628 0.652995574745366 -0.793476461013011 -1 2 1 0 0 1 0 1 1 0 2 1 2 2 1 0 0 0 1 1 2 2 2 2 2 0 0 0 2 0 0 -2 -1 0 0 -1 0 -1 -1 0 -2 -1 -2 -2 -1 0 0 0 -1 -1 -2 -2 -2 -2 -2 0 0 0 -2 0 0
0.146771842611398 -0.987570097925423 -1.23804911439745 -1.66493633522933 -1.1160481749904 -1 2 2 1 1 1 0 1 1 0 2 0 1 2 0 0 2 1 2 1 2 2 1 2 0 2 2 2 2 2 0 -2 -2 -1 -1 -1 0 -1 -1 0 -2 0 -1 -2 0 0 -2 -1 -2 -1 -2 -2 -1 -2 0 -2 -2 -2 -2 -2 0
1.26674396249385 -0.523826611951544 1.03545911718928 -2.29394224848903 -0.646870342051393 -1 2 2 1 0 2 0 1 1 1 2 0 2 1 0 0 2 1 2 1 2 2 2 2 1 2 2 2 2 2 1 -2 -2 -1 0 -2 0 -1 -1 -1 -2 0 -2 -1 0 0 -2 -1 -2 -1 -2 -2 -2 -2 -1 -2 -2 -2 -2 -2 -1
-1.23821676191338 -2.16062966853534 0.2247102519619 0.39303733365748 -1.85594177413761 1 2 1 1 1 1 1 1 1 0 2 0 1 2 0 0 1 0 1 2 1 2 2 2 0 1 2 2 2 2 1 2 1 1 1 1 1 1 1 0 2 0 1 2 0 0 1 0 1 2 1 2 2 2 0 1 2 2 2 2 1
-0.967470401886008 -1.25363248882285 0.364072307152305 -1.21151839293595 -0.481272362990239 -1 2 2 1 1 1 0 1 1 0 2 0 2 2 0 0 2 1 1 1 2 2 2 2 0 1 0 1 2 1 0 -2 -2 -1 -1 -1 0 -1 -1 0 -2 0 -2 -2 0 0 -2 -1 -1 -1 -2 -2 -2 -2 0 -1 0 -1 -2 -1 0
1.84878834365963 0.320322374159475 -0.425683490054372 0.0319710024358358 -0.198653068311536 -1 2 1 0 0 1 1 1 0 1 2 0 2 1 0 0 2 0 2 1 2 2 2 2 0 1 1 1 2 1 0 -2 -1 0 0 -1 -1 -1 0 -1 -2 0 -2 -1 0 0 -2 0 -2 -1 -2 -2 -2 -2 0 -1 -1 -1 -2 -1 0
0.201906659293343 -0.834269061343355 -0.209359484263756 0.228254711469553 0.0397708794980078 -1 2 1 0 0 0 1 0 0 1 2 0 1 1 0 0 1 0 1 0 2 2 2 2 0 1 0 1 2 1 0 -2 -1 0 0 0 -1 0 0 -1 -2 0 -1 -1 0 0 -1 0 -1 0 -2 -2 -2 -2 0 -1 0 -1 -2 -1 0
-0.127508449610176 0.137767167659876 -1.263283604918 -0.895222755367282 -0.397733348291863 -1 2 1 0 0 1 0 1 1 0 2 0 1 1 0 0 1 1 2 1 2 2 2 2 0 1 2 2 2 1 0 -2 -1 0 0 -1 0 -1 -1 0 -2 0 -1 -1 0 0 -1 -1 -2 -1 -2 -2 -2 -2 0 -1 -2 -2 -2 -1 0
-0.916709390973016 -1.35167857669194 1.75053105388854 -1.295909492946 -0.634978817559933 1 2 1 0 0 2 0 1 1 0 2 1 2 2 0 0 2 1 2 2 2 2 2 2 1 0 0 2 2 1 0 2 1 0 0 2 0 1 1 0 2 1 2 2 0 0 2 1 2 2 2 2 2 2 1 0 0 2 2 1 0
0.193388219088936 0.468810975422238 -2.16573424358812 -1.05098122325107 -1.41996128545346 -1 2 2 1 1 2 1 1 1 1 2 0 2 2 1 0 2 0 2 2 2 2 2 2 0 1 1 2 2 1 0 -2 -2 -1 -1 -2 -1 -1 -1 -1 -2 0 -2 -2 -1 0 -2 0 -2 -2 -2 -2 -2 -2 0 -1 -1 -2 -2 -1 0
-1.75323448489901 1.7038394629072 -0.137451487173289 -1.35041436029445 -0.301174805184638 -1 2 2 1 1 1 0 0 0 1 2 0 1 1 0 0 1 0 1 0 2 2 2 2 1 1 1 0 2 1 0 -2 -2 -1 -1 -1 0 0 0 -1 -2 0 -1 -1 0 0 -1 0 -1 0 -2 -2 -2 -2 -1 -1 -1 0 -2 -1 0
0.615798399410717 -0.0523105786429063 0.979353912028072 0.1430510542457 0.302719973218753 -1 2 2 0 0 1 1 2 2 1 2 0 1 0 0 0 2 1 2 0 1 2 1 1 0 2 0 2 2 0 0 -2 -2 0 0 -1 -1 -2 -2 -1 -2 0 -1 0 0 0 -2 -1 -2 0 -1 -2 -1 -1 0 -2 0 -2 -2 0 0
-1.76347169451353 -1.23070116669316 -0.631849659501741 -0.546425047036002 -0.272793334387461 -1 2 2 1 0 0 0 1 1 0 1 0 1 1 0 0 2 0 2 0 2 2 1 2 1 0 0 2 2 1 0 -2 -2 -1 0 0 0 -1 -1 0 -1 0 -1 -1 0 0 -2 0 -2 0 -2 -2 -1 -2 -1 0 0 -2 -2 -1 0
-1.0796308979735 -1.43244691267526 0.184343851406653 1.18939314316473 0.128686718885383 -1 2 1 0 1 2 2 2 2 1 2 0 1 2 0 0 1 1 1 1 2 2 1 1 0 1 0 1 2 1 0 -2 -1 0 -1 -2 -2 -2 -2 -1 -2 0 -1 -2 0 0 -1 -1 -1 -1 -2 -2 -1 -1 0 -1 0 -1 -2 -1 0
-0.299756610332188 0.101644908941315 -0.610525721643075 1.2315673987717 -0.70555423297279 1 2 0 0 0 2 0 1 1 1 2 0 1 2 0 0 1 0 2 0 2 2 2 2 1 0 1 1 2 0 0 2 0 0 0 2 0 1 1 1 2 0 1 2 0 0 1 0 2 0 2 2 2 2 1 0 1 1 2 0 0
0.555042179436644 -0.234679906726176 -2.07637561014696 -1.37369916112195 0.741086354524291 1 2 2 0 0 0 0 1 1 0 2 0 1 2 0 0 2 1 2 0 2 2 2 2 0 1 0 2 2 1 0 2 2 0 0 0 0 1 1 0 2 0 1 2 0 0 2 1 2 0 2 2 2 2 0 1 0 2 2 1 0
-2.14624853398479 0.43761731359505 -1.74877179577053 2.5609691554509 1.69999710706311 1 2 2 0 1 1 0 1 2 0 2 0 1 2 0 0 1 0 1 1 2 2 2 1 0 1 1 2 2 1 0 2 2 0 1 1 0 1 2 0 2 0 1 2 0 0 1 0 1 1 2 2 2 1 0 1 1 2 2 1 0
0.348716679432457 -1.96923745877468 -0.191181023002635 0.2735309548674 0.78858979470058 -1 2 2 1 2 1 0 2 1 1 2 0 1 2 1 0 2 1 2 1 2 2 2 2 0 0 0 1 2 0 0 -2 -2 -1 -2 -1 0 -2 -1 -1 -2 0 -1 -2 -1 0 -2 -1 -2 -1 -2 -2 -2 -2 0 0 0 -1 -2 0 0
-2.30382001656404 0.371674514712392 0.750766209610733 1.29080002204686 1.47240886894811 1 2 2 0 0 1 0 0 0 0 1 0 1 2 0 0 1 0 2 1 1 2 2 2 0 2 2 1 2 1 0 2 2 0 0 1 0 0 0 0 1 0 1 2 0 0 1 0 2 1 1 2 2 2 0 2 2 1 2 1 0
0.541764490203367 -0.121486257971438 -1.51375839417531 -1.12983343425354 -0.442697510380018 -1 2 2 2 2 2 1 1 2 0 2 0 0 2 0 0 2 2 2 2 2 2 2 1 0 0 0 2 2 0 0 -2 -2 -2 -2 -2 -1 -1 -2 0 -2 0 0 -2 0 0 -2 -2 -2 -2 -2 -2 -2 -1 0 0 0 -2 -2 0 0
-0.513007748945949 0.627221774512644 1.43151002310033 -0.595460685833532 -0.793016598484723 -1 2 1 0 0 0 0 1 1 1 2 2 2 2 1 0 2 1 2 1 2 2 2 2 1 1 1 2 2 1 0 -2 -1 0 0 0 0 -1 -1 -1 -2 -2 -2 -2 -1 0 -2 -1 -2 -1 -2 -2 -2 -2 -1 -1 -1 -2 -2 -1 0
1.21802209305938 1.63630720715324 0.999444954317555 -0.117360069955605 0.554241276477698 1 2 2 1 0 0 0 1 0 0 1 0 1 2 1 0 2 1 2 0 2 2 0 2 1 1 1 2 2 0 0 2 2 1 0 0 0 1 0 0 1 0 1 2 1 0 2 1 2 0 2 2 0 2 1 1 1 2 2 0 0
0.258648281357485 0.692142478391361 -0.401586952047607 -2.21051318264961 0.853584383746946 1 2 1 1 1 1 1 1 0 2 2 1 2 2 1 0 2 0 2 0 1 1 2 2 0 1 0 0 2 2 0 2 1 1 1 1 1 1 0 2 2 1 2 2 1 0 2 0 2 0 1 1 2 2 0 1 0 0 2 2 0
-0.786633161559673 -0.78425507922231 -1.11494734268992 -0.215260706916802 1.4870272718505 1 2 2 1 2 2 2 2 2 0 2 1 1 2 0 0 2 1 1 0 1 2 2 2 0 0 1 1 2 0 0 2 2 1 2 2 2 2 2 0 2 1 1 2 0 0 2 1 1 0 1 2 2 2 0 0 1 1 2 0 0
1.14171300396866 0.313281897757169 1.3507366221586 0.820098756411394 -0.230779521328868 1 2 0 0 2 2 0 1 0 0 2 0 0 1 1 0 1 1 2 1 2 2 2 2 1 0 1 2 2 1 0 2 0 0 2 2 0 1 0 0 2 0 0 1 1 0 1 1 2 1 2 2 2 2 1 0 1 2 2 1 0
-1.46452806442266 -0.721885871088921 -0.315199575059982 -0.748729059747309 0.714167648340095 1 2 1 0 0 1 0 1 2 1 2 2 2 2 0 0 2 0 2 1 2 2 2 2 0 1 1 2 2 1 0 2 1 0 0 1 0 1 2 1 2 2 2 2 0 0 2 0 2 1 2 2 2 2 0 1 1 2 2 1 0
