-0.156746906789927 0.429282596438332 -1.04214222358602 -0.553875546693963 0.498174649026745 -1 2 0 1 1 1 0 1 0 2 2 2 1 1 1 1 0 0 0 0 1 0 2 0 0 0 1 0 1 1 1 -2 0 -1 -1 -1 0 -1 0 -2 -2 -2 -1 -1 -1 -1 0 0 0 0 -1 0 -2 0 0 0 -1 0 -1 -1 -1
0.362745284897088 0.569816108793761 2.55372131657872 0.349123378638898 -1.88379049891143 -1 2 1 0 2 2 0 0 0 2 2 2 1 1 0 0 1 1 0 1 2 0 2 0 0 0 0 0 2 2 0 -2 -1 0 -2 -2 0 0 0 -2 -2 -2 -1 -1 0 0 -1 -1 0 -1 -2 0 -2 0 0 0 0 0 -2 -2 0
-0.81115252727487 -0.04366052196494 -0.780416754145131 -0.0702698918667481 -0.598947148063158 -1 2 0 0 2 2 0 1 0 1 1 0 1 0 1 2 1 0 0 1 1 2 2 0 1 0 1 0 1 2 0 -2 0 0 -2 -2 0 -1 0 -1 -1 0 -1 0 -1 -2 -1 0 0 -1 -1 -2 -2 0 -1 0 -1 0 -1 -2 0
0.692382759080488 0.164903284669364 -0.914059454214309 0.842033000027946 1.4688248166605 -1 2 0 0 0 2 0 1 0 2 1 1 0 0 1 1 1 1 0 1 2 1 2 2 2 0 2 1 2 2 1 -2 0 0 0 -2 0 -1 0 -2 -1 -1 0 0 -1 -1 -1 -1 0 -1 -2 -1 -2 -2 -2 0 -2 -1 -2 -2 -1
-0.616259108280655 -0.189671107246683 1.40281105835721 0.429653458481551 1.16155311413056 1 2 1 1 1 2 0 1 0 2 2 1 1 0 0 1 0 2 1 1 2 2 2 1 1 1 2 0 2 2 1 2 1 1 1 2 0 1 0 2 2 1 1 0 0 1 0 2 1 1 2 2 2 1 1 1 2 0 2 2 1
-0.438691968705253 -0.229906975793979 1.55683863735574 1.27159446785277 -1.12142691510293 -1 2 1 0 2 2 0 1 0 1 1 1 0 0 1 2 1 1 1 2 2 1 2 0 0 0 1 1 2 1 0 -2 -1 0 -2 -2 0 -1 0 -1 -1 -1 0 0 -1 -2 -1 -1 -1 -2 -2 -1 -2 0 0 0 -1 -1 -2 -1 0
0.000582045833279326 0.00617207999184543 0.594071083833191 -0.251214837400389 -1.28304761430413 -1 2 0 0 1 2 0 2 0 2 2 2 1 2 2 1 1 1 0 0 2 1 2 0 0 0 2 0 1 0 0 -2 0 0 -1 -2 0 -2 0 -2 -2 -2 -1 -2 -2 -1 -1 -1 0 0 -2 -1 -2 0 0 0 -2 0 -1 0 0
-0.455702600774078 1.89608770204229 0.563995038022004 -1.20362347715197 -0.78294589540153 -1 2 0 0 2 2 0 1 0 1 2 1 0 0 2 2 1 1 0 2 2 1 2 0 1 0 1 0 2 2 2 -2 0 0 -2 -2 0 -1 0 -1 -2 -1 0 0 -2 -2 -1 -1 0 -2 -2 -1 -2 0 -1 0 -1 0 -2 -2 -2
1.47647194197184 1.243773136833 -0.676191944421195 1.52196109101682 -0.238693956796531 1 2 0 0 0 2 0 1 0 1 2 0 0 1 1 1 1 2 0 1 2 1 2 0 0 0 2 0 1 2 1 2 0 0 0 2 0 1 0 1 2 0 0 1 1 1 1 2 0 1 2 1 2 0 0 0 2 0 1 2 1
0.545688666401509 1.13895045717048 1.34230341729997 -0.620203815276864 -0.194817479891852 1 2 0 1 2 2 0 0 0 1 2 1 1 0 0 0 0 0 1 0 1 1 2 0 1 2 2 0 1 0 0 2 0 1 2 2 0 0 0 1 2 1 1 0 0 0 0 0 1 0 1 1 2 0 1 2 2 0 1 0 0
-1.31904398922652 -0.234390284556427 1.0768160061491 1.07780707344501 0.50690183735919 -1 2 0 0 1 2 0 1 0 2 2 0 0 0 0 1 0 0 0 0 0 0 2 0 1 0 2 0 2 2 1 -2 0 0 -1 -2 0 -1 0 -2 -2 0 0 0 0 -1 0 0 0 0 0 0 -2 0 -1 0 -2 0 -2 -2 -1
0.521918627324146 0.0877464764348152 -0.0704070424980153 -1.08527254464109 -1.87719683311708 1 2 1 0 2 2 0 0 0 2 2 1 0 0 0 1 0 0 0 0 2 0 2 0 0 0 1 1 2 2 1 2 1 0 2 2 0 0 0 2 2 1 0 0 0 1 0 0 0 0 2 0 2 0 0 0 1 1 2 2 1
-0.522408199922741 0.477749255900603 -0.50900425380755 1.23015598891295 0.448321347224688 -1 2 1 0 1 2 0 0 0 1 2 1 1 1 1 2 0 2 2 1 1 0 2 0 0 0 1 1 2 2 1 -2 -1 0 -1 -2 0 0 0 -1 -2 -1 -1 -1 -1 -2 0 -2 -2 -1 -1 0 -2 0 0 0 -1 -1 -2 -2 -1
-0.0484430929564067 0.792825762059392 1.4829920051324 -1.68093603540404 0.507292970243131 -1 2 0 0 0 2 0 1 0 2 2 2 2 1 1 2 1 1 0 2 2 1 2 0 1 1 2 0 1 1 0 -2 0 0 0 -2 0 -1 0 -2 -2 -2 -2 -1 -1 -2 -1 -1 0 -2 -2 -1 -2 0 -1 -1 -2 0 -1 -1 0
1.55162830449516 -0.647079280354437 -1.21947437255675 -0.00982309153233916 1.74796913062683 1 2 1 0 0 2 0 0 0 1 2 1 0 0 0 0 1 0 0 0 2 0 2 0 0 0 0 0 1 2 0 2 1 0 0 2 0 0 0 1 2 1 0 0 0 0 1 0 0 0 2 0 2 0 0 0 0 0 1 2 0
-0.536832440214962 1.62939480038463 0.488765350971923 0.0662959397892007 0.872204834784476 -1 2 1 1 1 2 0 1 0 2 2 2 1 0 0 1 0 1 0 0 1 0 2 0 0 0 0 1 1 2 0 -2 -1 -1 -1 -2 0 -1 0 -2 -2 -2 -1 0 0 -1 0 -1 0 0 -1 0 -2 0 0 0 0 -1 -1 -2 0
-0.523577081052005 -0.735356341875701 0.533482987034269 0.207044313472709 -0.316319267612981 -1 2 0 0 0 2 0 0 0 2 1 2 2 1 2 2 2 1 0 0 1 2 2 0 0 1 1 0 2 1 0 -2 0 0 0 -2 0 0 0 -2 -1 -2 -2 -1 -2 -2 -2 -1 0 0 -1 -2 -2 0 0 -1 -1 0 -2 -1 0
-0.446803959812338 0.656815821442016 -0.340098688505301 0.423387910262973 1.58730049887816 -1 2 0 0 1 2 0 2 0 1 2 2 1 1 1 1 0 0 0 0 1 1 2 0 1 1 1 0 2 2 0 -2 0 0 -1 -2 0 -2 0 -1 -2 -2 -1 -1 -1 -1 0 0 0 0 -1 -1 -2 0 -1 -1 -1 0 -2 -2 0
0.354794198833549 0.960040213816456 1.88223514592123 0.428416316825129 -2.05246547956089 1 2 0 0 2 2 0 2 0 1 2 1 1 2 1 1 1 2 0 1 2 1 2 0 1 1 1 0 1 2 0 2 0 0 2 2 0 2 0 1 2 1 1 2 1 1 1 2 0 1 2 1 2 0 1 1 1 0 1 2 0
-2.50652641694236 0.709806276106322 -0.498196240134037 -0.467064749380572 -1.03503473483436 1 2 1 1 2 2 0 1 0 1 2 2 1 1 1 0 1 2 2 1 2 2 2 1 0 0 1 0 2 2 1 2 1 1 2 2 0 1 0 1 2 2 1 1 1 0 1 2 2 1 2 2 2 1 0 0 1 0 2 2 1
0.876996760165805 0.416234738813695 0.270937706790113 -1.03003645163681 -1.33835670658512 1 2 0 0 0 2 1 2 0 1 2 0 0 0 0 1 2 2 0 1 2 1 2 1 1 1 2 0 2 2 1 2 0 0 0 2 1 2 0 1 2 0 0 0 0 1 2 2 0 1 2 1 2 1 1 1 2 0 2 2 1
0.738279850304464 0.536272066856316 -0.679294338601065 -1.08247276825944 -1.45123109683554 -1 2 1 1 1 2 0 1 0 2 1 2 0 0 0 0 0 1 0 1 1 1 2 0 2 2 2 1 2 2 1 -2 -1 -1 -1 -2 0 -1 0 -2 -1 -2 0 0 0 0 0 -1 0 -1 -1 -1 -2 0 -2 -2 -2 -1 -2 -2 -1
0.871981270992066 -0.481947590953875 1.09899170667843 -0.36491200468529 -1.44219030987652 -1 2 0 0 1 2 0 0 0 0 2 0 0 0 1 1 1 2 1 2 2 1 2 0 0 0 0 0 1 2 0 -2 0 0 -1 -2 0 0 0 0 -2 0 0 0 -1 -1 -1 -2 -1 -2 -2 -1 -2 0 0 0 0 0 -1 -2 0
0.596763187922832 -0.859830040951431 0.438061232388331 -0.183325986705838 0.290499726249503 1 2 1 1 1 2 0 1 0 2 2 0 1 1 0 1 0 1 1 1 2 0 2 0 0 0 2 0 2 1 0 2 1 1 1 2 0 1 0 2 2 0 1 1 0 1 0 1 1 1 2 0 2 0 0 0 2 0 2 1 0
1.10624638161629 -1.38297107862691 0.471088760328767 -0.24338958663075 0.231268836217245 1 2 0 0 2 2 0 1 0 1 2 2 1 1 2 2 1 2 1 1 2 1 2 0 1 0 0 0 0 2 1 2 0 0 2 2 0 1 0 1 2 2 1 1 2 2 1 2 1 1 2 1 2 0 1 0 0 0 0 2 1
-0.0338058754491348 -0.618833701204538 0.654575538307043 -1.20093827496219 -2.05968784422543 -1 2 0 0 1 2 0 1 0 1 2 0 0 0 0 2 1 1 0 1 2 0 2 0 0 0 1 1 2 2 1 -2 0 0 -1 -2 0 -1 0 -1 -2 0 0 0 0 -2 -1 -1 0 -1 -2 0 -2 0 0 0 -1 -1 -2 -2 -1
-0.198442512931297 -0.231747530030884 2.68216978780453 -1.69827594491 -0.804846552988204 -1 2 0 0 2 2 0 1 0 2 2 2 2 0 1 1 1 0 0 0 1 0 2 0 1 0 1 0 1 1 1 -2 0 0 -2 -2 0 -1 0 -2 -2 -2 -2 0 -1 -1 -1 0 0 0 -1 0 -2 0 -1 0 -1 0 -1 -1 -1
0.268125635263112 -0.935421506882021 -0.0381532731143341 0.618012802690644 -0.245802333120723 1 2 1 1 2 2 0 1 0 1 1 1 0 0 2 1 1 2 2 2 2 2 2 0 0 0 1 0 2 2 1 2 1 1 2 2 0 1 0 1 1 1 0 0 2 1 1 2 2 2 2 2 2 0 0 0 1 0 2 2 1
-0.297946919944865 0.116593857761146 0.88863672015395 1.33090919055675 -0.600402549155803 1 2 2 0 1 2 0 1 0 0 2 1 0 0 0 1 0 2 1 1 1 1 2 0 0 0 1 0 0 1 0 2 2 0 1 2 0 1 0 0 2 1 0 0 0 1 0 2 1 1 1 1 2 0 0 0 1 0 0 1 0
1.55997653697474 0.341047481444993 -0.336248964778139 2.89143045772378 -1.00886108264254 1 2 0 0 2 2 0 0 0 1 2 1 1 1 2 2 2 2 1 1 2 0 2 0 1 0 1 0 2 2 0 2 0 0 2 2 0 0 0 1 2 1 1 1 2 2 2 2 1 1 2 0 2 0 1 0 1 0 2 2 0
1.06601161504244 0.539826760654224 -1.36011861124518 -0.463410147084842 -0.631255108788068 -1 1 0 0 0 2 0 2 0 0 0 1 0 1 0 1 0 1 1 1 1 2 2 0 0 0 1 0 1 2 0 -1 0 0 0 -2 0 -2 0 0 0 -1 0 -1 0 -1 0 -1 -1 -1 -1 -2 -2 0 0 0 -1 0 -1 -2 0
0.906569085910534 0.320521425032624 1.59944956088226 0.645018525000942 0.629834231433924 -1 2 0 0 2 2 0 2 0 1 2 1 0 1 1 2 2 1 0 2 1 0 2 0 2 0 1 0 1 2 1 -2 0 0 -2 -2 0 -2 0 -1 -2 -1 0 -1 -1 -2 -2 -1 0 -2 -1 0 -2 0 -2 0 -1 0 -1 -2 -1
-0.901922939283172 2.09369457690375 -0.542596618046397 0.0557693708017014 -0.571329880553539 1 2 2 0 0 2 0 1 0 2 2 1 0 0 0 1 2 2 0 0 2 0 2 0 0 0 1 0 1 1 0 2 2 0 0 2 0 1 0 2 2 1 0 0 0 1 2 2 0 0 2 0 2 0 0 0 1 0 1 1 0
-0.831020784162949 0.0230912591228439 -0.162685874471851 -0.631798914932434 0.351946297053413 1 2 0 0 2 2 1 2 0 1 2 0 0 1 1 1 1 2 1 1 2 1 2 1 1 1 2 0 2 2 2 2 0 0 2 2 1 2 0 1 2 0 0 1 1 1 1 2 1 1 2 1 2 1 1 1 2 0 2 2 2
-0.342902919770493 0.65992805765176 0.772705685887766 0.668911933917634 -1.61635479236598 1 2 0 0 1 2 0 1 0 1 2 1 1 2 1 2 2 2 1 2 2 2 2 0 0 0 2 0 2 2 1 2 0 0 1 2 0 1 0 1 2 1 1 2 1 2 2 2 1 2 2 2 2 0 0 0 2 0 2 2 1
-0.560477100424936 0.981796822341997 0.119993962520355 -1.27771989912341 -0.973174414954102 1 2 1 2 2 1 0 2 0 1 1 1 1 1 0 0 0 0 0 0 2 2 2 0 1 0 1 0 2 2 0 2 1 2 2 1 0 2 0 1 1 1 1 1 0 0 0 0 0 0 2 2 2 0 1 0 1 0 2 2 0
-0.112332883879692 -0.439869468357763 -0.696642957376372 -0.808480441970211 -1.09813277166936 1 1 0 0 1 2 0 2 0 1 2 1 0 0 0 0 0 1 0 2 2 0 2 0 0 0 1 0 0 0 0 1 0 0 1 2 0 2 0 1 2 1 0 0 0 0 0 1 0 2 2 0 2 0 0 0 1 0 0 0 0
0.107041371755743 2.77511611606692 0.144802836011922 -0.294063972318818 -0.371577506612442 1 2 0 0 1 2 0 0 0 1 2 2 0 0 0 0 0 2 0 1 2 1 2 0 0 1 2 0 0 0 0 2 0 0 1 2 0 0 0 1 2 2 0 0 0 0 0 2 0 1 2 1 2 0 0 1 2 0 0 0 0
1.0084982096298 0.833320295792262 -1.22178761198759 -0.285647758604871 -0.938435693376332 1 2 0 0 1 2 0 0 0 1 1 1 1 0 2 1 1 2 1 1 2 1 2 0 0 0 0 0 2 2 0 2 0 0 1 2 0 0 0 1 1 1 1 0 2 1 1 2 1 1 2 1 2 0 0 0 0 0 2 2 0
-0.247451170262958 -0.805051530737508 -1.03684604080202 -0.985097363367788 0.273161271095044 -1 1 0 0 1 2 0 1 0 1 2 2 2 1 2 2 1 2 1 1 1 0 1 0 0 0 1 0 2 2 1 -1 0 0 -1 -2 0 -1 0 -1 -2 -2 -2 -1 -2 -2 -1 -2 -1 -1 -1 0 -1 0 0 0 -1 0 -2 -2 -1
0.792387430639604 0.295084709937057 1.25793849261056 -0.203155276270739 0.264204609297129 1 2 0 1 1 2 0 1 0 1 1 1 2 1 1 2 1 2 1 1 1 0 2 0 0 0 1 0 2 1 0 2 0 1 1 2 0 1 0 1 1 1 2 1 1 2 1 2 1 1 1 0 2 0 0 0 1 0 2 1 0
-0.0403739372186823 0.660084247204069 -0.2822518843777 0.763416556366646 -0.248883847001956 1 2 0 0 0 1 0 1 0 1 2 2 1 0 0 1 2 1 1 2 1 1 2 0 1 0 0 0 2 2 0 2 0 0 0 1 0 1 0 1 2 2 1 0 0 1 2 1 1 2 1 1 2 0 1 0 0 0 2 2 0
0.394156956245789 -0.835266279767875 1.30415494496907 0.16296612596624 -0.217541902745246 -1 1 0 0 0 2 0 1 0 1 2 2 2 2 1 0 1 2 1 1 1 1 2 0 0 0 2 0 2 2 0 -1 0 0 0 -2 0 -1 0 -1 -2 -2 -2 -2 -1 0 -1 -2 -1 -1 -1 -1 -2 0 0 0 -2 0 -2 -2 0
-0.646777917510786 2.88223639871638 -0.728309297254185 1.1210190990532 0.0156438155854718 1 2 1 0 0 2 0 2 0 1 2 0 0 0 1 2 1 0 0 1 1 1 2 0 1 0 0 0 1 1 0 2 1 0 0 2 0 2 0 1 2 0 0 0 1 2 1 0 0 1 1 1 2 0 1 0 0 0 1 1 0
-0.124080808167099 -0.217896555554618 1.06356051432757 -0.789871921945007 0.150289313589967 1 2 1 0 1 2 0 2 1 2 2 2 0 1 2 2 1 1 1 2 2 2 2 1 1 0 1 0 1 1 1 2 1 0 1 2 0 2 1 2 2 2 0 1 2 2 1 1 1 2 2 2 2 1 1 0 1 0 1 1 1
0.745178646715563 -1.65506913995735 0.259044594567303 -0.840313224104877 -0.914439458462676 1 2 0 0 1 2 0 0 0 0 1 1 1 2 2 0 2 2 0 1 2 1 2 1 0 0 2 0 2 2 0 2 0 0 1 2 0 0 0 0 1 1 1 2 2 0 2 2 0 1 2 1 2 1 0 0 2 0 2 2 0
0.661799450335294 1.17721469221911 -1.4807346407201 -0.0284635983167049 0.876919975497434 -1 2 1 0 1 2 0 1 0 1 2 0 0 1 0 0 1 1 1 2 2 0 2 1 1 0 1 0 2 2 1 -2 -1 0 -1 -2 0 -1 0 -1 -2 0 0 -1 0 0 -1 -1 -1 -2 -2 0 -2 -1 -1 0 -1 0 -2 -2 -1
-0.719402471830937 -0.112068442102353 -0.899831148362901 -0.0335148994455767 -1.41328879954109 1 2 0 0 1 2 0 1 1 2 2 2 1 0 0 1 1 1 0 1 2 1 2 1 1 0 1 0 2 2 1 2 0 0 1 2 0 1 1 2 2 2 1 0 0 1 1 1 0 1 2 1 2 1 1 0 1 0 2 2 1
-0.168908493611619 1.07799247360004 -0.158727710251461 0.208895238634744 -0.817310801797106 1 2 0 0 0 2 0 2 0 1 2 1 1 1 1 1 1 2 1 1 2 1 2 0 2 0 1 0 0 2 0 2 0 0 0 2 0 2 0 1 2 1 1 1 1 1 1 2 1 1 2 1 2 0 2 0 1 0 0 2 0
-0.743022233830098 0.240022840316253 0.528803163745354 -0.322578735266817 -0.445269227125283 1 2 1 0 0 2 0 1 0 2 2 1 2 0 2 2 1 1 0 1 1 2 2 0 0 0 1 0 2 2 1 2 1 0 0 2 0 1 0 2 2 1 2 0 2 2 1 1 0 1 1 2 2 0 0 0 1 0 2 2 1
-0.357644452589357 -1.6088857802027 1.33388309392922 2.44228969684961 -0.126305011932732 1 2 0 0 0 2 0 1 0 1 2 0 0 0 0 0 1 2 1 0 1 0 2 0 0 0 1 0 1 1 0 2 0 0 0 2 0 1 0 1 2 0 0 0 0 0 1 2 1 0 1 0 2 0 0 0 1 0 1 1 0
-0.384753654310937 0.241507259347308 1.00429853281295 1.02497416415993 -0.17727369507391 1 2 0 0 2 2 0 1 0 1 2 1 1 1 0 0 0 1 0 1 2 1 2 0 0 0 2 0 2 2 0 2 0 0 2 2 0 1 0 1 2 1 1 1 0 0 0 1 0 1 2 1 2 0 0 0 2 0 2 2 0
0.146499964073411 0.280745357998802 -0.316444972257704 0.480498475197757 0.633593455502795 -1 2 2 0 0 2 0 2 0 1 2 2 0 1 1 1 0 1 0 1 2 1 2 0 0 0 1 0 2 1 0 -2 -2 0 0 -2 0 -2 0 -1 -2 -2 0 -1 -1 -1 0 -1 0 -1 -2 -1 -2 0 0 0 -1 0 -2 -1 0
0.232739622383644 -0.518126641418036 0.112567366259583 -0.697963762901711 1.01924121575308 -1 2 1 1 0 2 0 1 0 2 1 0 1 0 0 0 1 2 2 1 2 1 2 0 0 0 0 0 2 2 1 -2 -1 -1 0 -2 0 -1 0 -2 -1 0 -1 0 0 0 -1 -2 -2 -1 -2 -1 -2 0 0 0 0 0 -2 -2 -1
0.589689998694583 0.782874511406651 -0.26296584668491 -1.49225094634382 0.0709202798587026 1 2 0 0 0 1 0 0 1 2 2 2 1 0 1 0 1 0 0 0 1 2 2 0 0 1 2 1 2 2 1 2 0 0 0 1 0 0 1 2 2 2 1 0 1 0 1 0 0 0 1 2 2 0 0 1 2 1 2 2 1
-1.34828836675139 0.154751828020938 -0.330295000841681 -0.0748728978974445 0.887670661368885 -1 2 0 0 1 2 0 1 0 1 1 2 1 1 1 0 2 2 0 1 2 1 1 0 1 0 1 0 2 2 2 -2 0 0 -1 -2 0 -1 0 -1 -1 -2 -1 -1 -1 0 -2 -2 0 -1 -2 -1 -1 0 -1 0 -1 0 -2 -2 -2
-0.734835845648875 -1.09455657044096 1.20453611326569 1.69388572812553 1.05035771247286 1 2 0 1 2 2 0 2 0 2 2 1 1 1 0 0 1 2 0 0 1 1 2 0 0 0 1 0 1 1 0 2 0 1 2 2 0 2 0 2 2 1 1 1 0 0 1 2 0 0 1 1 2 0 0 0 1 0 1 1 0
1.22457217636259 -2.78133640897351 -1.02228269654611 0.96840276876798 1.37834603533155 1 2 1 0 1 2 0 2 1 2 0 1 0 0 0 1 1 1 1 1 2 0 2 0 0 0 0 0 2 2 2 2 1 0 1 2 0 2 1 2 0 1 0 0 0 1 1 1 1 1 2 0 2 0 0 0 0 0 2 2 2
-0.66803023013431 -0.111716481279527 -0.359281028711724 0.00531848835092204 0.558124456715813 1 1 0 0 0 1 0 1 0 1 1 0 0 0 1 2 0 0 0 0 0 1 2 1 0 0 1 0 2 2 0 1 0 0 0 1 0 1 0 1 1 0 0 0 1 2 0 0 0 0 0 1 2 1 0 0 1 0 2 2 0
0.871115297289343 -2.32791012555847 1.29828684890291 -0.31952219512881 -1.08675842739666 -1 2 1 0 1 2 0 2 0 2 2 1 0 1 2 2 1 1 2 2 2 2 2 1 1 0 1 0 1 2 1 -2 -1 0 -1 -2 0 -2 0 -2 -2 -1 0 -1 -2 -2 -1 -1 -2 -2 -2 -2 -2 -1 -1 0 -1 0 -1 -2 -1
-1.20894934559568 -0.554234408015974 -0.372429799829161 0.0177006114616539 -1.793220126057 -1 2 0 0 2 2 0 2 0 1 2 2 1 2 2 2 1 0 0 1 2 1 2 0 1 0 2 0 1 2 1 -2 0 0 -2 -2 0 -2 0 -1 -2 -2 -1 -2 -2 -2 -1 0 0 -1 -2 -1 -2 0 -1 0 -2 0 -1 -2 -1
-1.29630937912086 -0.508229550749126 -0.756942679784751 -0.231154219696146 0.800722663323441 1 2 0 0 1 2 0 1 0 1 1 2 0 1 1 2 0 2 1 1 2 1 2 0 0 0 1 0 1 1 0 2 0 0 1 2 0 1 0 1 1 2 0 1 1 2 0 2 1 1 2 1 2 0 0 0 1 0 1 1 0
0.0910687006166158 -1.23954940782546 -1.70845077949489 -0.0742985359242407 -1.95004022404398 1 2 1 1 2 2 0 1 0 2 2 1 1 1 1 2 0 2 1 1 1 1 2 0 0 0 1 0 1 2 0 2 1 1 2 2 0 1 0 2 2 1 1 1 1 2 0 2 1 1 1 1 2 0 0 0 1 0 1 2 0
0.24113775908343 0.351879558949998 0.205316776802583 0.841976313019515 0.900880555948965 1 2 1 0 0 2 0 0 0 0 1 2 1 2 1 2 0 1 1 1 1 0 2 0 1 1 2 0 2 2 1 2 1 0 0 2 0 0 0 0 1 2 1 2 1 2 0 1 1 1 1 0 2 0 1 1 2 0 2 2 1
1.40553665486874 -0.343234075785426 1.17339976085748 -0.103960766128756 -0.41387885816372 1 2 1 1 2 2 0 2 0 1 2 1 0 0 1 1 1 1 0 0 1 0 2 0 1 0 1 1 2 2 1 2 1 1 2 2 0 2 0 1 2 1 0 0 1 1 1 1 0 0 1 0 2 0 1 0 1 1 2 2 1
0.268488194750153 -1.05508735335977 -1.03229385401284 0.317936277992782 -0.418797285652934 -1 2 0 0 1 2 0 1 0 1 2 1 0 0 1 0 1 1 0 2 2 1 2 0 0 0 1 0 1 2 0 -2 0 0 -1 -2 0 -1 0 -1 -2 -1 0 0 -1 0 -1 -1 0 -2 -2 -1 -2 0 0 0 -1 0 -1 -2 0
-0.710328658966399 -2.50606666606542 -0.0474377877177212 -0.919185693720044 0.098277398865687 1 2 0 1 1 2 0 1 0 1 0 1 1 0 0 1 0 0 0 0 1 2 2 0 1 0 0 0 2 2 1 2 0 1 1 2 0 1 0 1 0 1 1 0 0 1 0 0 0 0 1 2 2 0 1 0 0 0 2 2 1
0.467046899258383 -0.142579255064962 0.141889287519992 -0.127405907111581 -0.419503370511732 -1 1 0 0 0 2 0 1 1 2 2 1 1 0 0 1 1 1 0 0 0 1 2 0 1 0 2 0 1 2 1 -1 0 0 0 -2 0 -1 -1 -2 -2 -1 -1 0 0 -1 -1 -1 0 0 0 -1 -2 0 -1 0 -2 0 -1 -2 -1
1.8472967477616 0.131295677883875 -0.262100215058963 0.173280183535033 -0.190683813726044 1 2 2 0 0 2 0 1 0 0 1 2 1 0 1 2 1 1 0 2 2 0 2 0 1 1 1 0 2 2 0 2 2 0 0 2 0 1 0 0 1 2 1 0 1 2 1 1 0 2 2 0 2 0 1 1 1 0 2 2 0
0.0704253794544834 -2.62924413639107 -0.225544246459172 0.670073250659226 -0.805388677074581 -1 2 0 0 1 2 0 1 0 1 2 1 0 1 1 0 2 2 1 1 2 1 1 0 0 0 1 0 2 1 0 -2 0 0 -1 -2 0 -1 0 -1 -2 -1 0 -1 -1 0 -2 -2 -1 -1 -2 -1 -1 0 0 0 -1 0 -2 -1 0
-1.17887257163874 -0.717159823409331 0.691535651602883 1.16583540633515 -1.41452609841261 -1 2 0 0 1 2 0 0 0 1 1 0 1 0 1 1 1 1 1 2 2 1 2 0 0 0 1 1 2 2 1 -2 0 0 -1 -2 0 0 0 -1 -1 0 -1 0 -1 -1 -1 -1 -1 -2 -2 -1 -2 0 0 0 -1 -1 -2 -2 -1
-1.50657273088147 0.280993786130842 -0.186198581839481 0.00859389902443629 0.517428187687188 -1 2 1 0 0 1 0 1 0 2 1 1 1 0 2 1 1 0 0 0 1 1 2 0 1 1 2 0 2 0 0 -2 -1 0 0 -1 0 -1 0 -2 -1 -1 -1 0 -2 -1 -1 0 0 0 -1 -1 -2 0 -1 -1 -2 0 -2 0 0
0.22988115215714 1.21373989966886 -0.377500557740934 -1.48946144802117 -0.120430221568605 -1 2 0 1 1 2 0 1 0 1 2 2 1 1 1 0 1 1 1 1 2 0 2 0 0 0 1 0 2 2 1 -2 0 -1 -1 -2 0 -1 0 -1 -2 -2 -1 -1 -1 0 -1 -1 -1 -1 -2 0 -2 0 0 0 -1 0 -2 -2 -1
1.19698193167793 0.348374808220125 -0.135930032938915 0.524026568933311 0.549012692796935 1 2 0 0 2 2 0 2 0 1 2 1 0 1 1 2 2 1 0 1 2 1 2 1 1 0 1 0 2 2 1 2 0 0 2 2 0 2 0 1 2 1 0 1 1 2 2 1 0 1 2 1 2 1 1 0 1 0 2 2 1
1.37027030947009 -1.27735446135354 0.639066935111926 -0.148557442965108 3.2574408797679 -1 2 1 1 2 2 0 2 0 1 2 1 1 0 1 0 1 2 0 1 2 1 2 0 0 0 2 0 2 2 0 -2 -1 -1 -2 -2 0 -2 0 -1 -2 -1 -1 0 -1 0 -1 -2 0 -1 -2 -1 -2 0 0 0 -2 0 -2 -2 0
0.332794418552952 -0.032254345492617 -1.30537118503432 0.731759854861747 1.28291456153837 1 2 0 0 0 2 0 1 0 2 2 2 1 1 1 2 0 2 0 0 1 0 2 0 0 0 1 0 1 1 0 2 0 0 0 2 0 1 0 2 2 2 1 1 1 2 0 2 0 0 1 0 2 0 0 0 1 0 1 1 0
0.622665258883691 0.953676352581522 -1.53684549467978 -0.770418546245515 -0.938871120883428 -1 2 0 1 1 2 0 1 0 1 1 1 1 2 2 2 2 1 0 0 2 0 1 0 0 0 2 0 1 2 0 -2 0 -1 -1 -2 0 -1 0 -1 -1 -1 -1 -2 -2 -2 -2 -1 0 0 -2 0 -1 0 0 0 -2 0 -1 -2 0
0.696685317526499 -1.32278886379334 1.65703746621532 0.312765798253165 1.31263659763465 1 2 1 1 1 2 0 2 0 2 2 0 0 1 2 1 2 1 0 2 2 1 2 0 1 0 1 0 2 2 0 2 1 1 1 2 0 2 0 2 2 0 0 1 2 1 2 1 0 2 2 1 2 0 1 0 1 0 2 2 0
-0.634307898229085 0.830034824817769 0.801457465030727 -1.61747086118639 0.880420207882956 1 2 0 0 2 2 0 1 0 1 2 2 2 2 2 2 2 1 0 1 1 1 2 0 0 1 2 0 1 2 0 2 0 0 2 2 0 1 0 1 2 2 2 2 2 2 2 1 0 1 1 1 2 0 0 1 2 0 1 2 0
-0.89221860702018 0.4733997907266 1.05620731798219 -0.285042951796565 -0.363352203603245 -1 2 1 1 1 2 0 2 0 0 1 2 1 0 2 1 0 0 0 0 1 1 2 0 0 0 1 0 2 2 0 -2 -1 -1 -1 -2 0 -2 0 0 -1 -2 -1 0 -2 -1 0 0 0 0 -1 -1 -2 0 0 0 -1 0 -2 -2 0
-0.616721736080924 -0.981228100342208 -1.32971156555341 1.04705012369545 -1.18650265794899 -1 1 0 0 1 2 0 0 0 1 1 2 1 0 0 0 2 2 0 0 2 1 2 0 0 0 1 0 2 1 0 -1 0 0 -1 -2 0 0 0 -1 -1 -2 -1 0 0 0 -2 -2 0 0 -2 -1 -2 0 0 0 -1 0 -2 -1 0
1.4440987922477 -0.956473463160968 -0.327573988283619 0.891882307160993 -0.883541145161118 -1 2 0 0 2 2 0 2 0 2 2 1 1 1 1 2 1 2 1 1 2 0 2 0 1 0 2 0 2 2 0 -2 0 0 -2 -2 0 -2 0 -2 -2 -1 -1 -1 -1 -2 -1 -2 -1 -1 -2 0 -2 0 -1 0 -2 0 -2 -2 0
-0.326014679118725 0.98272173959121 0.928759586950974 -0.544834281785854 -0.264068740801745 -1 2 1 0 2 2 0 2 0 1 2 2 2 1 0 1 1 1 0 0 2 0 2 0 1 0 2 0 1 2 0 -2 -1 0 -2 -2 0 -2 0 -1 -2 -2 -2 -1 0 -1 -1 -1 0 0 -2 0 -2 0 -1 0 -2 0 -1 -2 0
-0.435748821259498 -0.277437985816543 0.00870589858213924 -0.217356865765752 -0.75269279479103 -1 2 0 0 1 2 0 2 0 1 2 0 0 0 0 0 0 1 0 1 1 0 2 1 1 0 0 0 1 2 0 -2 0 0 -1 -2 0 -2 0 -1 -2 0 0 0 0 0 0 -1 0 -1 -1 0 -2 -1 -1 0 0 0 -1 -2 0
-0.597185515311026 1.65788831687599 0.377237333543865 -0.0700562542763912 1.69472296580754 1 2 0 0 0 2 0 1 0 2 2 0 0 1 1 1 1 1 0 1 2 1 2 1 1 0 0 0 2 1 0 2 0 0 0 2 0 1 0 2 2 0 0 1 1 1 1 1 0 1 2 1 2 1 1 0 0 0 2 1 0
-0.000810032904736205 0.484989493836087 1.24683092695535 -0.281938565807312 0.1135391517054 1 2 1 0 1 1 0 2 1 2 2 2 2 1 2 2 1 2 0 0 2 0 2 0 0 0 1 0 2 2 1 2 1 0 1 1 0 2 1 2 2 2 2 1 2 2 1 2 0 0 2 0 2 0 0 0 1 0 2 2 1
0.43186848011484 0.991118884213812 -0.988125102222908 -0.47857050066798 0.376495200908459 -1 2 0 0 1 2 0 2 0 0 1 2 0 0 0 1 1 2 0 1 2 0 2 0 0 0 1 0 2 2 1 -2 0 0 -1 -2 0 -2 0 0 -1 -2 0 0 0 -1 -1 -2 0 -1 -2 0 -2 0 0 0 -1 0 -2 -2 -1
-1.32366503983053 0.184982338045388 -1.14265655530264 1.08000473368869 0.823384166431254 1 2 0 0 1 2 0 2 0 1 2 2 2 2 1 1 0 1 1 2 2 0 2 0 0 0 1 0 0 2 1 2 0 0 1 2 0 2 0 1 2 2 2 2 1 1 0 1 1 2 2 0 2 0 0 0 1 0 0 2 1
-0.346795340478503 0.6213322566012 -0.335757987354454 -1.45161757183343 -1.17677841787477 1 2 0 0 1 2 0 1 0 2 2 2 1 2 2 2 1 2 0 0 1 0 2 2 2 1 2 0 2 1 1 2 0 0 1 2 0 1 0 2 2 2 1 2 2 2 1 2 0 0 1 0 2 2 2 1 2 0 2 1 1
-1.08900354543723 0.258830710346568 0.490799691811533 -0.560009227544843 1.54242386399041 -1 2 1 0 1 2 0 0 0 0 2 1 1 1 1 1 2 1 0 0 0 0 2 0 1 0 1 0 1 1 1 -2 -1 0 -1 -2 0 0 0 0 -2 -1 -1 -1 -1 -1 -2 -1 0 0 0 0 -2 0 -1 0 -1 0 -1 -1 -1
1.00426786152838 0.729812343250182 -0.379491050028475 -0.318789666062041 0.880982205773751 -1 2 1 1 1 2 0 1 0 1 1 1 0 1 0 0 1 1 0 0 2 0 2 0 1 0 2 0 1 2 0 -2 -1 -1 -1 -2 0 -1 0 -1 -1 -1 0 -1 0 0 -1 -1 0 0 -2 0 -2 0 -1 0 -2 0 -1 -2 0
-1.24858633715858 0.547358447627478 2.24884093776814 0.0460375800829643 -0.39337971091067 -1 2 1 0 1 1 0 2 0 0 2 2 2 2 0 1 0 0 0 0 0 1 2 0 0 0 0 0 2 2 1 -2 -1 0 -1 -1 0 -2 0 0 -2 -2 -2 -2 0 -1 0 0 0 0 0 -1 -2 0 0 0 0 0 -2 -2 -1
-0.106509936867266 1.2327487439191 -1.5349710565559 0.418257213782397 0.682245056937933 -1 2 0 0 0 2 0 2 0 2 2 1 1 1 2 1 2 1 0 2 2 2 2 1 0 0 1 0 2 2 0 -2 0 0 0 -2 0 -2 0 -2 -2 -1 -1 -1 -2 -1 -2 -1 0 -2 -2 -2 -2 -1 0 0 -1 0 -2 -2 0
1.48303134418653 -0.56598716087396 0.62927848505637 0.510209829143393 -0.553064129546813 1 2 0 1 1 2 0 0 0 1 2 1 1 2 2 2 1 2 0 1 2 0 2 0 1 0 2 0 1 1 0 2 0 1 1 2 0 0 0 1 2 1 1 2 2 2 1 2 0 1 2 0 2 0 1 0 2 0 1 1 0
-1.92629134664094 -1.8911413330486 -0.911885994217404 -0.107837407436062 -0.56030789296713 -1 2 0 0 0 1 0 1 0 1 1 1 1 1 1 2 1 2 0 0 1 1 2 0 0 0 1 0 2 2 2 -2 0 0 0 -1 0 -1 0 -1 -1 -1 -1 -1 -1 -2 -1 -2 0 0 -1 -1 -2 0 0 0 -1 0 -2 -2 -2
0.88766578327623 0.307920335762554 -0.349347486725509 0.981552137971305 2.45850363595346 1 2 1 1 0 2 0 1 1 2 2 2 2 2 1 1 0 0 0 1 2 1 2 0 0 0 1 0 2 2 1 2 1 1 0 2 0 1 1 2 2 2 2 2 1 1 0 0 0 1 2 1 2 0 0 0 1 0 2 2 1
-1.21197123487487 0.460372276900876 0.609562649160643 0.199025621869019 0.985758248843761 -1 2 0 0 0 1 0 0 0 1 2 1 1 1 1 1 2 2 0 1 2 0 2 0 1 1 2 0 2 2 0 -2 0 0 0 -1 0 0 0 -1 -2 -1 -1 -1 -1 -1 -2 -2 0 -1 -2 0 -2 0 -1 -1 -2 0 -2 -2 0
0.900391370297509 -0.0299654285356802 0.179540908988947 1.56691894904657 -0.0864635284659298 -1 1 0 0 2 2 0 0 0 0 1 0 0 1 1 2 2 2 0 1 2 0 2 0 0 0 1 0 2 2 1 -1 0 0 -2 -2 0 0 0 0 -1 0 0 -1 -1 -2 -2 -2 0 -1 -2 0 -2 0 0 0 -1 0 -2 -2 -1
-0.0264375281455141 -0.314776579997234 -0.171638238848766 1.4761764209016 -0.559470111549425 -1 2 0 0 1 2 0 1 0 1 2 1 0 0 1 1 0 0 0 0 2 1 2 0 0 1 2 0 2 2 1 -2 0 0 -1 -2 0 -1 0 -1 -2 -1 0 0 -1 -1 0 0 0 0 -2 -1 -2 0 0 -1 -2 0 -2 -2 -1
-1.54198582818484 -0.505642081786112 0.725947157989778 0.889773495221731 -1.47779968232428 1 2 0 0 0 1 0 1 0 2 2 0 0 1 1 2 0 1 0 1 1 1 2 0 1 0 1 0 2 2 0 2 0 0 0 1 0 1 0 2 2 0 0 1 1 2 0 1 0 1 1 1 2 0 1 0 1 0 2 2 0
