0.247065558567528 0.316135619555933 0.275617878088115 -0.691056814683316 0.719795636056644 1 1 2 2 2 1 2 2 1 1 2 2 1 1 2 2 2 2 0 0 0 2 0 0 1 0 2 0 2 1 2 1 2 2 2 1 2 2 1 1 2 2 1 1 2 2 2 2 0 0 0 2 0 0 1 0 2 0 2 1 2
-0.728942575787168 0.808643712308122 0.00207361279701435 1.23429663377547 -0.502390421519943 1 2 2 2 1 0 2 1 0 0 1 1 1 2 2 2 2 2 1 0 1 2 0 1 1 1 2 0 2 0 2 2 2 2 1 0 2 1 0 0 1 1 1 2 2 2 2 2 1 0 1 2 0 1 1 1 2 0 2 0 2
0.943708883973212 -0.993414319560579 0.0153801569044594 -0.662286901905603 -1.94003079343968 -1 1 2 2 0 0 1 1 0 0 2 2 2 2 1 2 2 1 0 0 0 2 0 0 0 0 2 0 2 0 1 -1 -2 -2 0 0 -1 -1 0 0 -2 -2 -2 -2 -1 -2 -2 -1 0 0 0 -2 0 0 0 0 -2 0 -2 0 -1
-0.497107503671659 0.194249551066784 0.110582683499323 -1.24441869043941 0.240592974442778 -1 2 1 1 0 0 2 0 0 0 1 2 1 0 1 2 2 2 1 0 0 2 0 2 0 0 2 0 2 0 2 -2 -1 -1 0 0 -2 0 0 0 -1 -2 -1 0 -1 -2 -2 -2 -1 0 0 -2 0 -2 0 0 -2 0 -2 0 -2
-0.465207340783583 -0.436357547744902 2.34175308637183 -0.753368802245834 0.986681200913801 -1 2 2 1 0 0 2 2 1 2 2 2 2 2 2 2 1 1 0 0 0 2 0 0 2 1 2 0 2 1 2 -2 -2 -1 0 0 -2 -2 -1 -2 -2 -2 -2 -2 -2 -2 -1 -1 0 0 0 -2 0 0 -2 -1 -2 0 -2 -1 -2
-0.0509808354178355 1.45041415797699 -0.147839197040306 0.104738920848238 -2.65201661882475 1 1 2 1 0 0 2 2 1 1 2 2 1 1 1 1 2 0 0 0 0 2 1 1 1 1 2 1 2 0 1 1 2 1 0 0 2 2 1 1 2 2 1 1 1 1 2 0 0 0 0 2 1 1 1 1 2 1 2 0 1
-1.23688942997641 -0.991173352532602 -1.38095750142333 -1.60548625440266 1.00791739743382 1 2 2 1 0 1 2 1 1 1 2 2 1 2 2 2 2 1 0 0 1 2 1 1 0 0 1 0 2 1 2 2 2 1 0 1 2 1 1 1 2 2 1 2 2 2 2 1 0 0 1 2 1 1 0 0 1 0 2 1 2
-0.538476041825161 1.18553738166201 0.142705704449594 -0.527404415872614 2.37999425098177 1 2 2 1 0 0 2 2 0 0 2 2 0 0 0 2 2 2 0 0 0 2 2 2 2 0 1 1 2 0 1 2 2 1 0 0 2 2 0 0 2 2 0 0 0 2 2 2 0 0 0 2 2 2 2 0 1 1 2 0 1
0.0584651075864236 -0.449167190844187 0.351745232175683 0.374155748222597 -0.45855663621887 -1 2 2 2 0 0 2 0 0 1 2 2 0 1 1 2 1 2 1 0 0 2 0 0 1 0 2 0 2 0 1 -2 -2 -2 0 0 -2 0 0 -1 -2 -2 0 -1 -1 -2 -1 -2 -1 0 0 -2 0 0 -1 0 -2 0 -2 0 -1
-0.589261624241531 0.349867847257742 -0.294805199724207 -0.0381637254875818 -0.67295819371858 -1 2 2 0 0 1 1 0 0 0 1 1 0 0 2 2 2 2 0 0 1 2 1 0 1 0 2 0 2 0 1 -2 -2 0 0 -1 -1 0 0 0 -1 -1 0 0 -2 -2 -2 -2 0 0 -1 -2 -1 0 -1 0 -2 0 -2 0 -1
-1.54228594041552 -0.319720653005397 1.21201377457133 2.90301850573147 1.01814836103126 -1 2 2 0 2 2 1 1 0 0 1 1 0 0 2 2 2 1 1 0 0 2 0 1 1 0 1 0 2 0 1 -2 -2 0 -2 -2 -1 -1 0 0 -1 -1 0 0 -2 -2 -2 -1 -1 0 0 -2 0 -1 -1 0 -1 0 -2 0 -1
-1.16918845201414 -0.75860482554896 0.0892716563044252 0.808565852329805 0.26137714677426 -1 2 2 0 0 0 1 1 0 0 1 1 1 2 1 1 2 2 0 1 0 2 0 0 0 1 2 0 2 1 2 -2 -2 0 0 0 -1 -1 0 0 -1 -1 -1 -2 -1 -1 -2 -2 0 -1 0 -2 0 0 0 -1 -2 0 -2 -1 -2
-0.935093400343058 0.616068427425551 -1.57593856021652 1.06351021778388 -0.12755231006405 1 2 2 2 0 1 2 1 1 1 2 2 2 2 2 2 2 2 0 0 0 2 1 2 1 0 1 0 2 0 1 2 2 2 0 1 2 1 1 1 2 2 2 2 2 2 2 2 0 0 0 2 1 2 1 0 1 0 2 0 1
-0.0423219305559622 -0.541248880647939 0.276863260726106 0.093040997478893 0.530012339938562 -1 2 2 2 0 0 1 0 0 0 1 2 1 0 2 2 2 1 0 0 0 2 0 0 1 1 2 0 2 0 1 -2 -2 -2 0 0 -1 0 0 0 -1 -2 -1 0 -2 -2 -2 -1 0 0 0 -2 0 0 -1 -1 -2 0 -2 0 -1
0.0645031889559519 -0.25398122217576 -1.37954532816175 0.246024592453157 1.10513699880161 1 2 2 1 1 0 2 1 1 1 1 2 0 1 2 2 2 1 0 0 0 2 0 1 2 2 2 0 2 0 1 2 2 1 1 0 2 1 1 1 1 2 0 1 2 2 2 1 0 0 0 2 0 1 2 2 2 0 2 0 1
0.907200575198861 -1.19881638355278 -0.467828798889982 0.484216059807531 -1.14009457551352 -1 1 2 2 1 0 1 2 0 0 1 2 1 0 1 2 2 1 0 0 0 1 1 0 1 0 2 0 2 1 2 -1 -2 -2 -1 0 -1 -2 0 0 -1 -2 -1 0 -1 -2 -2 -1 0 0 0 -1 -1 0 -1 0 -2 0 -2 -1 -2
1.50552904270187 -2.46534184602341 -1.00515309169119 1.23172305364361 0.377467127801405 -1 2 2 1 0 2 1 1 0 1 2 1 1 1 2 2 2 1 0 0 0 2 1 1 1 1 2 0 1 0 1 -2 -2 -1 0 -2 -1 -1 0 -1 -2 -1 -1 -1 -2 -2 -2 -1 0 0 0 -2 -1 -1 -1 -1 -2 0 -1 0 -1
1.51339571717816 0.02946108708619 0.54838005497106 -1.71842523217093 -0.544185579641201 1 2 2 1 1 1 2 1 0 1 2 2 2 1 2 2 2 2 0 0 0 2 1 1 1 0 1 0 2 0 1 2 2 1 1 1 2 1 0 1 2 2 2 1 2 2 2 2 0 0 0 2 1 1 1 0 1 0 2 0 1
-1.02395539300754 0.875503637356665 0.201713165014417 0.568104042669725 -0.115576245918889 -1 2 2 0 0 1 2 2 1 1 1 2 1 2 1 1 2 1 0 0 1 2 1 1 0 0 2 0 2 0 0 -2 -2 0 0 -1 -2 -2 -1 -1 -1 -2 -1 -2 -1 -1 -2 -1 0 0 -1 -2 -1 -1 0 0 -2 0 -2 0 0
0.750922881433789 0.834758109360483 -1.66417280793648 -0.193421803070551 1.30207496638159 1 1 2 0 1 0 1 0 0 0 1 2 0 2 1 2 2 2 1 0 0 2 2 1 1 2 2 0 2 0 1 1 2 0 1 0 1 0 0 0 1 2 0 2 1 2 2 2 1 0 0 2 2 1 1 2 2 0 2 0 1
0.947799155308571 0.881816237198912 0.659271245384588 -0.175047151715923 0.664777189752337 -1 1 2 1 0 0 2 2 2 2 2 2 1 2 1 1 2 2 0 0 0 2 1 2 2 2 2 0 2 1 2 -1 -2 -1 0 0 -2 -2 -2 -2 -2 -2 -1 -2 -1 -1 -2 -2 0 0 0 -2 -1 -2 -2 -2 -2 0 -2 -1 -2
-1.50007293797854 0.173861963098958 0.782802110003478 0.546127078966059 0.278228962226929 -1 0 2 1 0 0 2 2 0 0 2 2 0 1 2 1 2 2 0 0 0 2 2 1 1 0 2 0 2 0 2 0 -2 -1 0 0 -2 -2 0 0 -2 -2 0 -1 -2 -1 -2 -2 0 0 0 -2 -2 -1 -1 0 -2 0 -2 0 -2
-1.18619258740883 0.176749722443334 -0.182351210186285 -0.873486359949183 -1.10362511609724 -1 2 2 1 0 0 2 2 0 1 2 2 2 2 0 1 1 2 0 0 0 2 0 0 2 2 2 0 2 0 1 -2 -2 -1 0 0 -2 -2 0 -1 -2 -2 -2 -2 0 -1 -1 -2 0 0 0 -2 0 0 -2 -2 -2 0 -2 0 -1
0.291935845677902 -1.12400084083092 2.41948621695095 -0.236515282710452 0.632329313248919 -1 2 2 1 0 0 2 0 0 1 2 2 0 2 0 2 2 2 1 0 0 1 0 1 2 1 1 0 2 0 2 -2 -2 -1 0 0 -2 0 0 -1 -2 -2 0 -2 0 -2 -2 -2 -1 0 0 -1 0 -1 -2 -1 -1 0 -2 0 -2
-2.02006003937188 1.17034639388978 1.00902055021258 2.20930266109185 0.163700046847758 -1 2 2 1 0 1 2 1 0 1 2 2 1 1 2 2 2 1 0 0 0 2 0 0 2 1 2 0 2 0 1 -2 -2 -1 0 -1 -2 -1 0 -1 -2 -2 -1 -1 -2 -2 -2 -1 0 0 0 -2 0 0 -2 -1 -2 0 -2 0 -1
0.558377310459388 -0.501279611914582 0.53362559949382 -0.609434005003236 1.48960730260395 1 2 2 2 1 1 2 1 0 1 2 2 0 1 1 2 2 1 2 0 0 2 0 1 1 1 2 0 2 0 2 2 2 2 1 1 2 1 0 1 2 2 0 1 1 2 2 1 2 0 0 2 0 1 1 1 2 0 2 0 2
-0.962669681343373 1.62262549965616 -0.711549597340871 -0.871107199847705 -2.3538970098166 1 2 2 1 0 1 0 0 0 0 1 2 1 1 1 2 2 2 0 0 0 2 0 0 1 0 0 0 2 0 1 2 2 1 0 1 0 0 0 0 1 2 1 1 1 2 2 2 0 0 0 2 0 0 1 0 0 0 2 0 1
1.09527276689513 0.691675082980137 1.27222163612222 -0.840387520043519 1.46218125022785 1 1 2 1 0 0 2 2 0 0 2 2 1 1 0 2 2 2 0 1 0 2 0 1 2 1 2 1 2 1 2 1 2 1 0 0 2 2 0 0 2 2 1 1 0 2 2 2 0 1 0 2 0 1 2 1 2 1 2 1 2
-0.408079747243106 1.4373531800204 -0.468525424268926 1.9695722863148 -0.420335036875575 -1 2 2 2 0 1 2 1 0 0 2 2 0 1 2 2 2 2 1 0 0 2 0 1 1 0 2 0 2 0 1 -2 -2 -2 0 -1 -2 -1 0 0 -2 -2 0 -1 -2 -2 -2 -2 -1 0 0 -2 0 -1 -1 0 -2 0 -2 0 -1
-1.84397354050159 0.0300995787268408 1.19446742028397 0.643669903465867 -1.277157134223 -1 2 2 0 0 0 2 1 0 0 2 2 0 1 1 1 1 2 0 0 1 2 2 2 2 1 1 0 2 2 2 -2 -2 0 0 0 -2 -1 0 0 -2 -2 0 -1 -1 -1 -1 -2 0 0 -1 -2 -2 -2 -2 -1 -1 0 -2 -2 -2
-2.31997784594828 -0.609924942769753 -0.174451581340478 -0.658630744485322 0.249395787488562 -1 1 2 0 0 1 2 1 1 1 2 2 2 2 2 2 2 0 0 0 0 2 0 0 2 1 2 0 2 0 2 -1 -2 0 0 -1 -2 -1 -1 -1 -2 -2 -2 -2 -2 -2 -2 0 0 0 0 -2 0 0 -2 -1 -2 0 -2 0 -2
-1.31397103629513 0.799243793706249 -1.66244932936707 0.82516375495666 -0.536876379641874 -1 2 2 2 0 0 2 2 0 0 1 1 0 1 2 2 2 1 1 0 0 2 0 0 2 2 2 0 2 1 2 -2 -2 -2 0 0 -2 -2 0 0 -1 -1 0 -1 -2 -2 -2 -1 -1 0 0 -2 0 0 -2 -2 -2 0 -2 -1 -2
-1.16592850684615 -0.440465321403155 0.850664580485119 -1.70020379719275 -0.485182515194954 -1 2 2 0 0 0 1 1 0 1 2 2 0 1 2 2 1 1 0 0 0 2 1 2 1 0 1 0 2 0 2 -2 -2 0 0 0 -1 -1 0 -1 -2 -2 0 -1 -2 -2 -1 -1 0 0 0 -2 -1 -2 -1 0 -1 0 -2 0 -2
0.543132776903579 0.362779347489117 -1.03299656636258 0.963877494254105 0.916923986536312 1 0 2 1 1 1 1 0 0 0 1 2 0 1 1 2 2 2 1 0 1 2 1 1 1 1 2 1 2 2 2 0 2 1 1 1 1 0 0 0 1 2 0 1 1 2 2 2 1 0 1 2 1 1 1 1 2 1 2 2 2
-0.920095489488 -0.418347383387232 2.49419023966422 -0.668979421643285 0.771615525342614 -1 1 2 1 0 0 1 1 0 2 1 2 1 2 0 1 1 2 0 0 0 2 2 2 1 1 2 0 2 1 2 -1 -2 -1 0 0 -1 -1 0 -2 -1 -2 -1 -2 0 -1 -1 -2 0 0 0 -2 -2 -2 -1 -1 -2 0 -2 -1 -2
-0.936489324113878 2.2388510587386 0.649883070589755 -1.06050942202659 0.737502777587008 1 1 2 0 0 0 2 2 0 1 2 2 1 2 0 1 1 2 1 0 0 2 1 2 1 1 2 0 2 1 2 1 2 0 0 0 2 2 0 1 2 2 1 2 0 1 1 2 1 0 0 2 1 2 1 1 2 0 2 1 2
-1.08861202102922 -0.807222181587525 1.45547476394933 1.25930983103645 0.969200716216884 1 2 2 2 0 1 2 2 0 1 2 2 1 1 2 2 2 1 0 0 0 2 1 1 1 0 1 0 2 0 1 2 2 2 0 1 2 2 0 1 2 2 1 1 2 2 2 1 0 0 0 2 1 1 1 0 1 0 2 0 1
-0.604593464836165 -0.715401377477084 1.04107619450436 0.117865133881117 -1.67027015104562 -1 1 1 0 0 0 2 2 0 1 2 2 0 1 2 2 2 2 1 0 1 2 0 1 1 1 1 0 2 0 1 -1 -1 0 0 0 -2 -2 0 -1 -2 -2 0 -1 -2 -2 -2 -2 -1 0 -1 -2 0 -1 -1 -1 -1 0 -2 0 -1
-0.48325505972855 -1.4270017461264 0.978738373824858 -0.85969426384494 0.0232791963279483 1 2 2 2 1 1 2 1 0 1 1 2 1 1 2 1 1 2 0 0 0 2 1 2 1 1 1 0 2 0 0 2 2 2 1 1 2 1 0 1 1 2 1 1 2 1 1 2 0 0 0 2 1 2 1 1 1 0 2 0 0
-1.54741602712442 -0.934878165631852 -0.398781952080527 -0.998865977606249 -2.25382844091026 -1 2 2 2 1 1 2 1 0 0 2 2 0 1 0 2 2 2 1 0 0 2 1 1 1 1 2 0 2 1 1 -2 -2 -2 -1 -1 -2 -1 0 0 -2 -2 0 -1 0 -2 -2 -2 -1 0 0 -2 -1 -1 -1 -1 -2 0 -2 -1 -1
-0.0262427603068533 0.396083150077201 -0.0835115536741745 -0.345605407646605 0.375052060424875 1 2 2 1 1 1 2 1 0 1 2 2 0 1 2 2 2 1 0 0 0 2 1 1 2 0 2 0 2 0 1 2 2 1 1 1 2 1 0 1 2 2 0 1 2 2 2 1 0 0 0 2 1 1 2 0 2 0 2 0 1
-0.193367518709484 1.09241462111799 0.602643891118391 0.0810461305282405 -1.30143549998191 1 2 2 1 1 2 2 1 0 0 2 2 0 1 1 2 1 1 0 0 0 2 1 0 1 0 2 1 2 0 2 2 2 1 1 2 2 1 0 0 2 2 0 1 1 2 1 1 0 0 0 2 1 0 1 0 2 1 2 0 2
-0.685037722305869 -1.27466632390232 -0.903475734918204 0.123751426595216 0.570255081246852 1 1 2 1 0 1 2 1 0 1 1 2 1 1 1 2 2 1 0 0 0 2 0 1 1 1 2 1 2 0 2 1 2 1 0 1 2 1 0 1 1 2 1 1 1 2 2 1 0 0 0 2 0 1 1 1 2 1 2 0 2
-0.281802878192562 -0.443526311922492 -2.31311958422889 -0.558730752036651 0.861935051721384 1 2 2 2 0 1 2 1 0 0 1 2 1 1 1 2 2 1 0 0 0 2 1 1 2 1 2 1 2 0 1 2 2 2 0 1 2 1 0 0 1 2 1 1 1 2 2 1 0 0 0 2 1 1 2 1 2 1 2 0 1
0.559709892600387 0.273673273601195 0.236676557036818 -0.509102901025087 -0.199953408443393 1 2 2 1 0 1 1 1 0 0 2 2 2 1 1 1 2 2 0 0 0 1 0 0 2 0 2 0 2 1 2 2 2 1 0 1 1 1 0 0 2 2 2 1 1 1 2 2 0 0 0 1 0 0 2 0 2 0 2 1 2
1.22647416953511 0.131781329318902 0.201918409174324 0.671194480750862 0.439920239896787 1 2 2 1 0 0 2 1 0 0 2 2 0 0 1 2 2 1 0 0 0 2 0 1 2 1 2 0 2 0 1 2 2 1 0 0 2 1 0 0 2 2 0 0 1 2 2 1 0 0 0 2 0 1 2 1 2 0 2 0 1
0.110771972252097 0.23953721166531 0.269397242735111 0.786689876654403 0.0799952031416541 1 2 2 2 0 0 2 1 0 0 1 1 0 1 2 2 2 1 0 0 0 2 2 1 1 1 2 0 2 0 1 2 2 2 0 0 2 1 0 0 1 1 0 1 2 2 2 1 0 0 0 2 2 1 1 1 2 0 2 0 1
-0.836668066201932 1.6316680984016 1.6546463986316 -1.16404247474066 -1.03165006537936 1 2 2 0 0 0 1 1 1 1 1 0 0 1 2 2 2 2 2 2 1 2 1 2 2 1 2 1 2 1 2 2 2 0 0 0 1 1 1 1 1 0 0 1 2 2 2 2 2 2 1 2 1 2 2 1 2 1 2 1 2
1.46978465847638 -0.357663279948178 1.68916762559146 -0.843996693117437 1.48596717390151 -1 1 2 2 0 1 2 2 0 1 2 2 0 2 1 2 2 2 1 0 0 2 1 2 2 1 2 0 2 0 1 -1 -2 -2 0 -1 -2 -2 0 -1 -2 -2 0 -2 -1 -2 -2 -2 -1 0 0 -2 -1 -2 -2 -1 -2 0 -2 0 -1
2.78424236207805 0.0232845107469892 -0.257619259481282 0.916489512187049 2.74658580310921 1 2 2 2 2 2 2 1 0 1 1 2 0 1 0 1 2 2 1 1 1 2 1 0 2 0 2 0 2 1 2 2 2 2 2 2 2 1 0 1 1 2 0 1 0 1 2 2 1 1 1 2 1 0 2 0 2 0 2 1 2
0.67437918344648 2.59513751437307 0.514524958432682 -0.335052393329225 0.85251244407416 1 1 2 1 0 1 2 1 0 0 0 2 0 1 1 2 1 1 0 0 0 1 0 1 2 2 2 1 2 1 2 1 2 1 0 1 2 1 0 0 0 2 0 1 1 2 1 1 0 0 0 1 0 1 2 2 2 1 2 1 2
0.383675838713851 0.367798649623531 -1.31012163798476 -0.299198172862526 -0.544028360155639 -1 2 2 1 1 1 1 0 0 0 1 2 0 0 1 0 1 1 0 0 0 2 0 0 0 0 2 0 1 0 2 -2 -2 -1 -1 -1 -1 0 0 0 -1 -2 0 0 -1 0 -1 -1 0 0 0 -2 0 0 0 0 -2 0 -1 0 -2
0.831305946732628 -0.359056427548589 1.93132736552759 -1.2393201859087 1.13598805010657 1 2 2 1 0 1 2 1 1 1 2 2 0 2 2 2 2 2 1 0 2 2 1 2 1 2 2 0 2 0 1 2 2 1 0 1 2 1 1 1 2 2 0 2 2 2 2 2 1 0 2 2 1 2 1 2 2 0 2 0 1
-0.004293835392564 -0.625285009138223 2.36385018302785 1.0423352325316 -0.0839414026949056 1 2 2 1 1 0 2 2 1 2 1 2 1 2 0 1 2 2 0 0 0 2 1 1 1 0 0 0 2 1 0 2 2 1 1 0 2 2 1 2 1 2 1 2 0 1 2 2 0 0 0 2 1 1 1 0 0 0 2 1 0
1.41100820901395 -1.17140830974065 1.73142127493701 -0.5961672583487 -0.964201400032407 1 1 2 0 0 0 2 1 0 0 1 1 0 1 0 1 2 1 1 0 0 2 1 1 0 0 1 0 2 0 1 1 2 0 0 0 2 1 0 0 1 1 0 1 0 1 2 1 1 0 0 2 1 1 0 0 1 0 2 0 1
-0.00757755645836557 1.88273387453854 -1.15941842535279 0.743616897881603 0.32766846402082 1 2 2 2 0 0 2 2 1 2 2 2 1 1 0 1 2 1 0 0 0 2 1 1 2 1 1 0 2 2 2 2 2 2 0 0 2 2 1 2 2 2 1 1 0 1 2 1 0 0 0 2 1 1 2 1 1 0 2 2 2
0.373482146631305 0.134099982995656 1.79818344003929 1.29715990985197 0.93843467721392 1 2 2 1 1 1 1 1 0 0 2 2 0 1 1 2 2 2 0 0 0 2 2 2 2 1 1 0 2 1 1 2 2 1 1 1 1 1 0 0 2 2 0 1 1 2 2 2 0 0 0 2 2 2 2 1 1 0 2 1 1
0.959134854120222 -0.187113101806649 2.03493803612088 0.297058334686405 0.484797047321761 1 2 2 1 0 0 2 1 0 0 2 1 0 1 1 2 2 2 0 0 0 2 1 1 2 1 2 0 2 0 1 2 2 1 0 0 2 1 0 0 2 1 0 1 1 2 2 2 0 0 0 2 1 1 2 1 2 0 2 0 1
1.34762447828985 0.380543443676684 0.598805640382805 -0.106236839309781 -0.781495504685966 -1 2 2 2 1 1 2 1 0 0 2 2 2 1 1 2 2 1 0 0 0 2 1 2 1 1 2 0 2 2 2 -2 -2 -2 -1 -1 -2 -1 0 0 -2 -2 -2 -1 -1 -2 -2 -1 0 0 0 -2 -1 -2 -1 -1 -2 0 -2 -2 -2
-0.647742679805201 0.733740973686481 -0.659629058074821 -1.43127231439968 -0.463308842786145 1 2 2 2 1 1 1 0 0 0 1 1 0 2 1 2 2 2 1 0 0 2 1 1 0 0 1 0 1 0 1 2 2 2 1 1 1 0 0 0 1 1 0 2 1 2 2 2 1 0 0 2 1 1 0 0 1 0 1 0 1
0.159648934652365 0.0145499333893006 0.632214121167981 -2.61001000880949 -0.337118748202693 1 1 2 1 1 2 2 2 0 0 1 1 0 1 0 1 1 2 0 0 0 2 2 1 1 0 1 0 1 0 0 1 2 1 1 2 2 2 0 0 1 1 0 1 0 1 1 2 0 0 0 2 2 1 1 0 1 0 1 0 0
0.830133807284892 0.145977167862229 1.08557564961946 0.276207200755366 0.401674594630863 -1 1 2 0 1 1 1 1 0 0 1 2 0 0 0 1 2 1 0 0 0 2 0 1 1 0 2 0 2 1 2 -1 -2 0 -1 -1 -1 -1 0 0 -1 -2 0 0 0 -1 -2 -1 0 0 0 -2 0 -1 -1 0 -2 0 -2 -1 -2
0.530279197313808 -0.128133706165117 -0.486911906714616 0.487248721460423 0.657620994721719 1 1 2 1 1 0 2 1 0 1 2 2 1 2 2 1 1 2 0 0 0 2 0 0 0 0 1 0 2 0 0 1 2 1 1 0 2 1 0 1 2 2 1 2 2 1 1 2 0 0 0 2 0 0 0 0 1 0 2 0 0
1.22466256565612 0.919302988549661 -0.624143909738222 0.768341107662473 0.590909624190341 1 2 2 1 0 2 2 1 0 0 1 2 1 1 1 2 2 2 1 0 1 2 1 1 1 1 2 0 2 0 2 2 2 1 0 2 2 1 0 0 1 2 1 1 1 2 2 2 1 0 1 2 1 1 1 1 2 0 2 0 2
-1.02526624321457 0.28713281821632 1.02097877820598 -2.1383292887571 0.137422500595633 -1 2 2 2 0 0 2 0 0 1 2 2 2 1 2 2 2 2 1 0 0 2 0 1 1 1 2 1 2 0 2 -2 -2 -2 0 0 -2 0 0 -1 -2 -2 -2 -1 -2 -2 -2 -2 -1 0 0 -2 0 -1 -1 -1 -2 -1 -2 0 -2
-1.46602382068928 -0.809850019202318 -1.33046826288857 0.850579164451464 -1.76479092172371 1 2 2 2 1 2 1 1 0 0 1 2 0 0 1 2 1 1 0 0 0 2 2 1 1 1 2 0 2 0 2 2 2 2 1 2 1 1 0 0 1 2 0 0 1 2 1 1 0 0 0 2 2 1 1 1 2 0 2 0 2
0.0352438138819711 0.448383387251488 0.697232419340986 1.0568774821644 0.123115030351642 -1 2 2 0 1 1 2 2 1 1 2 2 0 2 2 2 2 2 1 0 0 2 1 1 0 0 2 0 2 1 1 -2 -2 0 -1 -1 -2 -2 -1 -1 -2 -2 0 -2 -2 -2 -2 -2 -1 0 0 -2 -1 -1 0 0 -2 0 -2 -1 -1
0.291434661855784 -2.13996651810931 -0.995789050378994 1.67211560044313 0.321292231396041 1 1 2 1 0 1 2 2 0 0 2 2 1 1 1 1 2 1 0 0 0 2 1 1 2 1 2 0 2 0 1 1 2 1 0 1 2 2 0 0 2 2 1 1 1 1 2 1 0 0 0 2 1 1 2 1 2 0 2 0 1
-2.19143468823113 0.711155589818632 -1.51298178115392 1.81853928808677 -0.786305303537088 1 2 2 2 1 0 2 1 0 1 2 2 1 2 1 2 2 2 1 0 0 2 1 1 1 1 2 0 2 0 2 2 2 2 1 0 2 1 0 1 2 2 1 2 1 2 2 2 1 0 0 2 1 1 1 1 2 0 2 0 2
1.61692024335064 0.0174548880479367 0.220050545775428 1.28712137816175 -1.01248104607731 1 2 2 1 1 1 2 0 0 0 2 2 1 0 1 1 2 2 1 0 1 2 1 1 1 1 2 0 2 0 2 2 2 1 1 1 2 0 0 0 2 2 1 0 1 1 2 2 1 0 1 2 1 1 1 1 2 0 2 0 2
0.32940550379405 -0.230612621151365 0.17850530998042 1.82989211187113 -0.671475811368584 1 2 2 1 0 1 2 2 0 1 2 2 2 2 1 1 1 2 0 0 1 2 1 1 1 2 2 1 2 0 1 2 2 1 0 1 2 2 0 1 2 2 2 2 1 1 1 2 0 0 1 2 1 1 1 2 2 1 2 0 1
0.040009470854251 0.00375341751854225 0.734691079353115 1.12501269488083 -0.416472406900957 -1 2 2 1 0 1 2 1 0 1 2 2 0 1 0 1 2 2 1 1 0 2 0 1 2 0 2 0 2 0 2 -2 -2 -1 0 -1 -2 -1 0 -1 -2 -2 0 -1 0 -1 -2 -2 -1 -1 0 -2 0 -1 -2 0 -2 0 -2 0 -2
2.42157338054604 0.553763777861792 0.0240545112014376 -1.66470424162251 -0.150918678945793 1 2 2 2 0 0 2 2 1 0 2 2 1 2 2 1 2 1 0 0 0 2 0 0 1 0 2 0 2 0 1 2 2 2 0 0 2 2 1 0 2 2 1 2 2 1 2 1 0 0 0 2 0 0 1 0 2 0 2 0 1
0.202153439824648 0.669972264623635 -1.84561066933025 -0.0534265238141669 -0.546004306735482 -1 2 2 1 0 0 2 1 0 1 1 2 1 2 2 2 2 1 0 0 0 2 2 1 0 1 1 0 2 1 2 -2 -2 -1 0 0 -2 -1 0 -1 -1 -2 -1 -2 -2 -2 -2 -1 0 0 0 -2 -2 -1 0 -1 -1 0 -2 -1 -2
0.382944621109709 -1.39359806754897 -1.425842138314 -0.0910432964197221 0.446504678508159 -1 2 2 2 1 0 2 1 0 2 2 2 0 0 0 1 1 1 0 0 0 2 0 0 1 0 2 1 2 0 2 -2 -2 -2 -1 0 -2 -1 0 -2 -2 -2 0 0 0 -1 -1 -1 0 0 0 -2 0 0 -1 0 -2 -1 -2 0 -2
-0.162678127539372 -0.265457561856003 -0.206786930452816 1.51784408290363 -0.953450426514331 1 2 2 1 0 1 2 1 0 0 0 2 1 2 2 2 2 1 1 0 0 2 1 1 1 0 1 0 2 1 1 2 2 1 0 1 2 1 0 0 0 2 1 2 2 2 2 1 1 0 0 2 1 1 1 0 1 0 2 1 1
0.252236800443969 -0.36479463090366 1.12898087939625 0.976959111673662 0.879285067756751 1 1 2 1 0 1 2 2 2 1 2 2 1 2 2 2 2 1 0 0 1 2 1 2 0 0 2 0 2 0 1 1 2 1 0 1 2 2 2 1 2 2 1 2 2 2 2 1 0 0 1 2 1 2 0 0 2 0 2 0 1
-0.520472303488507 2.48211064186478 -0.22495318897345 1.39032756932534 0.486559405909579 -1 2 2 2 0 1 2 2 1 1 1 1 0 0 0 1 2 1 0 0 0 2 0 1 2 1 2 0 2 0 1 -2 -2 -2 0 -1 -2 -2 -1 -1 -1 -1 0 0 0 -1 -2 -1 0 0 0 -2 0 -1 -2 -1 -2 0 -2 0 -1
0.98516108891819 -0.806997000466756 1.00580927852514 -0.969492929333749 0.121734597929903 1 2 2 1 1 1 2 2 0 0 1 2 0 1 0 2 2 1 0 0 0 2 1 2 2 2 2 0 2 0 0 2 2 1 1 1 2 2 0 0 1 2 0 1 0 2 2 1 0 0 0 2 1 2 2 2 2 0 2 0 0
-0.152240888411429 0.697363085937539 0.41730191668407 0.787625159034807 -0.11837049272362 -1 2 2 1 0 0 2 2 2 1 2 2 2 2 0 0 1 1 1 0 0 2 2 1 0 1 1 0 2 0 1 -2 -2 -1 0 0 -2 -2 -2 -1 -2 -2 -2 -2 0 0 -1 -1 -1 0 0 -2 -2 -1 0 -1 -1 0 -2 0 -1
2.27952641899728 0.0524448795349269 0.751223728968065 -0.778821237909637 0.213326975094251 -1 2 2 2 0 0 2 1 0 0 2 2 1 1 1 0 1 2 1 0 0 2 1 1 1 0 2 0 2 1 2 -2 -2 -2 0 0 -2 -1 0 0 -2 -2 -1 -1 -1 0 -1 -2 -1 0 0 -2 -1 -1 -1 0 -2 0 -2 -1 -2
-0.30280033916823 -1.19123728052208 -0.722688033189504 0.173438034062919 -1.01520944991196 1 1 2 2 1 1 2 1 0 0 2 2 0 0 0 0 1 2 0 0 0 2 0 0 1 0 1 0 2 0 2 1 2 2 1 1 2 1 0 0 2 2 0 0 0 0 1 2 0 0 0 2 0 0 1 0 1 0 2 0 2
0.32724719033508 -1.45753595586517 -0.392570927763288 -1.37588188068095 -1.24743958598845 -1 2 2 1 0 0 2 1 0 1 2 2 1 2 2 2 2 2 0 0 0 2 2 2 1 2 2 0 2 0 2 -2 -2 -1 0 0 -2 -1 0 -1 -2 -2 -1 -2 -2 -2 -2 -2 0 0 0 -2 -2 -2 -1 -2 -2 0 -2 0 -2
-0.51380578493893 1.37642450273994 -0.474250490081613 -0.275811798095315 -0.962281592681585 -1 2 2 1 0 1 2 1 0 0 0 2 0 2 2 2 2 2 1 0 1 2 0 1 1 0 2 0 2 0 1 -2 -2 -1 0 -1 -2 -1 0 0 0 -2 0 -2 -2 -2 -2 -2 -1 0 -1 -2 0 -1 -1 0 -2 0 -2 0 -1
0.0856694841733041 0.351815583186009 -2.9418827640331 -0.160308220462714 -0.693954920457662 -1 2 2 0 0 2 2 1 0 1 2 2 0 1 1 1 1 0 0 0 0 2 1 1 1 0 2 0 2 1 2 -2 -2 0 0 -2 -2 -1 0 -1 -2 -2 0 -1 -1 -1 -1 0 0 0 0 -2 -1 -1 -1 0 -2 0 -2 -1 -2
0.263744602985989 -0.766435091684031 -0.0473581807672386 -1.55666830748896 0.950524653649629 1 2 2 0 0 0 2 2 0 0 0 2 0 0 1 2 1 1 0 0 0 2 0 1 2 0 2 0 2 0 2 2 2 0 0 0 2 2 0 0 0 2 0 0 1 2 1 1 0 0 0 2 0 1 2 0 2 0 2 0 2
-0.530300261875747 0.798851282031335 -0.67074358125713 0.10485698379066 0.496454559039713 1 2 2 2 1 0 2 1 1 2 2 2 0 2 2 2 2 2 0 1 0 2 1 1 1 1 2 0 2 1 2 2 2 2 1 0 2 1 1 2 2 2 0 2 2 2 2 2 0 1 0 2 1 1 1 1 2 0 2 1 2
0.178281709355981 -0.628365847173129 -2.37473494442561 2.62616586815876 -0.0683504717351454 1 2 2 0 0 2 1 0 0 0 1 2 1 2 1 2 2 1 0 0 0 2 1 1 2 1 2 0 2 2 2 2 2 0 0 2 1 0 0 0 1 2 1 2 1 2 2 1 0 0 0 2 1 1 2 1 2 0 2 2 2
-1.20039520061136 -0.158795382057967 -0.270576960626611 0.114231618418627 -0.85114323130995 -1 1 2 2 0 2 2 2 1 2 2 2 1 2 1 2 2 0 0 0 1 2 2 1 0 0 1 0 2 0 0 -1 -2 -2 0 -2 -2 -2 -1 -2 -2 -2 -1 -2 -1 -2 -2 0 0 0 -1 -2 -2 -1 0 0 -1 0 -2 0 0
-0.499814847315705 0.986179230890968 2.21449626326126 -0.18819085548722 -0.817309116168263 1 2 2 1 0 1 1 1 0 0 2 2 0 1 1 1 2 2 1 0 0 2 0 1 1 1 2 0 2 1 2 2 2 1 0 1 1 1 0 0 2 2 0 1 1 1 2 2 1 0 0 2 0 1 1 1 2 0 2 1 2
0.601414062709455 1.3389155205332 -0.684444620417335 1.48665224943074 -0.127612052605236 1 2 2 1 0 1 1 2 1 1 1 1 1 1 1 2 2 2 1 0 0 2 0 1 1 2 2 0 2 1 2 2 2 1 0 1 1 2 1 1 1 1 1 1 1 2 2 2 1 0 0 2 0 1 1 2 2 0 2 1 2
1.04945057258402 0.392961049441154 -1.51362428194732 -0.667708686723699 1.05855543468617 1 1 2 1 0 1 2 0 0 0 1 2 0 1 2 2 2 2 0 0 0 2 1 0 0 0 2 0 2 0 2 1 2 1 0 1 2 0 0 0 1 2 0 1 2 2 2 2 0 0 0 2 1 0 0 0 2 0 2 0 2
-0.0415442228824899 0.735980113138673 0.368861590430084 0.55759480282173 -0.449914475813254 -1 2 2 2 0 1 2 2 1 1 2 2 2 2 1 2 2 1 0 0 0 2 0 1 0 0 2 0 2 1 2 -2 -2 -2 0 -1 -2 -2 -1 -1 -2 -2 -2 -2 -1 -2 -2 -1 0 0 0 -2 0 -1 0 0 -2 0 -2 -1 -2
1.022780759278 0.262513358155161 -0.631668262239357 -0.515949049056542 0.585363692968822 1 2 2 1 0 1 1 2 1 0 2 2 0 0 2 2 2 2 0 1 0 2 1 2 1 1 1 0 2 1 2 2 2 1 0 1 1 2 1 0 2 2 0 0 2 2 2 2 0 1 0 2 1 2 1 1 1 0 2 1 2
-2.42540120043199 -0.55514251070407 0.391732473253862 -0.30610089049882 0.15431826891742 -1 2 2 2 0 0 2 1 0 1 2 2 2 2 2 1 1 2 1 0 0 2 1 2 1 1 2 0 2 0 1 -2 -2 -2 0 0 -2 -1 0 -1 -2 -2 -2 -2 -2 -1 -1 -2 -1 0 0 -2 -1 -2 -1 -1 -2 0 -2 0 -1
2.83803228983461 0.0301284300521521 0.325653263134536 2.29612720318974 0.30806519064428 1 2 2 1 1 1 2 1 1 1 2 2 2 2 1 2 2 2 1 0 0 2 1 0 1 1 2 0 2 0 1 2 2 1 1 1 2 1 1 1 2 2 2 2 1 2 2 2 1 0 0 2 1 0 1 1 2 0 2 0 1
-0.964470512120334 1.72088627297642 -0.545448533090176 -0.758854845259239 -0.229747840553431 1 1 2 1 0 0 2 1 0 0 1 2 0 0 2 2 1 1 0 0 0 2 1 2 2 1 2 1 2 0 1 1 2 1 0 0 2 1 0 0 1 2 0 0 2 2 1 1 0 0 0 2 1 2 2 1 2 1 2 0 1
0.362322387721428 -2.87747171354609 -0.355737978196905 0.702295693976526 0.239845838925519 1 1 2 1 1 0 2 2 0 0 1 2 2 2 0 2 2 1 0 0 0 2 1 0 1 2 2 0 2 0 1 1 2 1 1 0 2 2 0 0 1 2 2 2 0 2 2 1 0 0 0 2 1 0 1 2 2 0 2 0 1
0.656297546721857 -0.159084114265686 -0.576198469875064 -0.180281029909403 -2.19783595251077 -1 1 2 1 0 0 1 2 1 2 2 2 0 1 1 2 2 0 0 0 0 2 0 1 1 1 2 1 2 1 2 -1 -2 -1 0 0 -1 -2 -1 -2 -2 -2 0 -1 -1 -2 -2 0 0 0 0 -2 0 -1 -1 -1 -2 -1 -2 -1 -2
-0.67001847079177 -0.330056289216534 -0.203791381891217 0.333035913096468 1.39493117883489 -1 2 2 2 0 0 2 0 0 1 1 1 0 2 2 2 2 2 2 0 0 2 1 1 2 2 2 1 2 0 0 -2 -2 -2 0 0 -2 0 0 -1 -1 -1 0 -2 -2 -2 -2 -2 -2 0 0 -2 -1 -1 -2 -2 -2 -1 -2 0 0
