0.174671380603628 0.163167716507942 0.272859083312965 -1.7101249652935 -0.131236234403498 1 0 2 0 0 0 1 1 0 1 0 1 2 2 2 2 2 2 0 1 0 2 0 1 0 2 1 1 2 2 2 0 2 0 0 0 1 1 0 1 0 1 2 2 2 2 2 2 0 1 0 2 0 1 0 2 1 1 2 2 2
-0.424879555062601 1.83103353148213 1.63160523934519 -0.536153501385511 1.04121422124268 1 0 0 0 0 1 2 1 0 1 0 0 0 2 2 2 2 1 0 1 1 1 1 2 0 2 0 2 2 2 1 0 0 0 0 1 2 1 0 1 0 0 0 2 2 2 2 1 0 1 1 1 1 2 0 2 0 2 2 2 1
-1.68841399496921 -2.18163389157352 1.38123145698282 -0.458588564342009 -1.21229194025534 1 0 1 0 0 0 0 0 0 0 0 0 1 2 0 2 2 1 1 0 0 2 1 2 1 2 0 2 2 2 0 0 1 0 0 0 0 0 0 0 0 0 1 2 0 2 2 1 1 0 0 2 1 2 1 2 0 2 2 2 0
-0.043634189079866 1.54858651877806 1.64156535287811 0.0968365328523979 0.715509827303957 1 0 2 0 0 0 1 1 0 1 0 1 1 1 2 2 1 0 0 0 0 1 0 2 1 2 0 2 2 1 1 0 2 0 0 0 1 1 0 1 0 1 1 1 2 2 1 0 0 0 0 1 0 2 1 2 0 2 2 1 1
0.341972773019672 -0.814547212880487 1.21463408139803 -1.12606020880551 -1.49054337388547 -1 0 1 0 0 0 2 1 1 1 0 2 2 2 2 2 2 2 0 1 1 2 1 1 1 2 1 2 2 1 1 0 -1 0 0 0 -2 -1 -1 -1 0 -2 -2 -2 -2 -2 -2 -2 0 -1 -1 -2 -1 -1 -1 -2 -1 -2 -2 -1 -1
0.166963795412447 -0.188900350750339 -1.07047467285003 -0.28018423703971 0.457958103522062 -1 1 2 1 0 1 2 2 0 1 0 1 1 1 1 1 1 0 1 0 1 2 1 2 1 1 0 1 1 1 0 -1 -2 -1 0 -1 -2 -2 0 -1 0 -1 -1 -1 -1 -1 -1 0 -1 0 -1 -2 -1 -2 -1 -1 0 -1 -1 -1 0
0.318788660877789 0.203439443350048 -1.07574534989414 -0.0758095311995504 0.289903154436747 -1 0 1 0 0 0 2 2 2 1 0 2 1 2 0 1 1 0 0 0 0 2 1 1 0 1 0 1 2 2 1 0 -1 0 0 0 -2 -2 -2 -1 0 -2 -1 -2 0 -1 -1 0 0 0 0 -2 -1 -1 0 -1 0 -1 -2 -2 -1
0.250932582370731 0.020128813472537 -1.04083612871766 0.897318322346304 1.67396307385112 1 0 1 0 1 0 0 0 1 2 0 1 2 2 2 2 2 2 1 1 0 2 0 2 0 2 0 2 2 2 0 0 1 0 1 0 0 0 1 2 0 1 2 2 2 2 2 2 1 1 0 2 0 2 0 2 0 2 2 2 0
-1.25718189786881 0.947634061550348 -0.380012510883256 0.102445320213213 -1.43743105939464 1 0 0 0 0 0 2 2 1 1 0 1 1 2 1 1 1 2 2 1 0 1 0 2 0 1 0 2 2 0 1 0 0 0 0 0 2 2 1 1 0 1 1 2 1 1 1 2 2 1 0 1 0 2 0 1 0 2 2 0 1
-0.0134714362795847 1.60055094492775 0.745362468028702 -1.16067237711163 -1.4729122361389 1 0 0 0 0 1 2 2 0 0 0 0 1 2 0 0 1 1 0 1 0 2 0 2 1 1 2 2 2 1 0 0 0 0 0 1 2 2 0 0 0 0 1 2 0 0 1 1 0 1 0 2 0 2 1 1 2 2 2 1 0
0.303578168032969 -0.785579161074277 -0.421884782240048 0.472349230067528 0.144633966496193 -1 0 1 0 0 1 2 2 2 2 1 2 1 2 2 1 2 1 1 1 1 2 1 2 1 1 0 1 1 2 0 0 -1 0 0 -1 -2 -2 -2 -2 -1 -2 -1 -2 -2 -1 -2 -1 -1 -1 -1 -2 -1 -2 -1 -1 0 -1 -1 -2 0
1.15203040156282 -1.5053369521563 0.0756709269809671 1.54234010963522 -1.00062909846265 -1 0 2 0 0 0 1 1 2 0 0 0 0 0 2 2 2 1 1 1 1 2 2 2 1 1 1 2 1 0 0 0 -2 0 0 0 -1 -1 -2 0 0 0 0 0 -2 -2 -2 -1 -1 -1 -1 -2 -2 -2 -1 -1 -1 -2 -1 0 0
1.79462681533615 0.248007263288816 -2.09542598530212 0.581024884713564 0.0281458954697362 -1 0 0 0 0 0 2 1 1 0 0 1 1 2 2 0 1 0 0 1 0 2 0 2 1 2 1 2 2 2 2 0 0 0 0 0 -2 -1 -1 0 0 -1 -1 -2 -2 0 -1 0 0 -1 0 -2 0 -2 -1 -2 -1 -2 -2 -2 -2
0.542309834417328 0.00888997858921466 -1.66655467784794 -0.443145573239563 -1.27971011858841 -1 0 1 0 0 0 2 1 0 0 0 0 1 2 2 2 2 1 1 0 0 2 1 2 0 1 1 2 2 2 2 0 -1 0 0 0 -2 -1 0 0 0 0 -1 -2 -2 -2 -2 -1 -1 0 0 -2 -1 -2 0 -1 -1 -2 -2 -2 -2
0.270568151848494 -1.89360914680394 -1.37580326026602 -0.505806036997528 -1.68018310328407 1 1 2 0 0 0 2 1 0 0 0 1 2 2 2 1 2 0 1 0 0 2 1 2 0 2 2 2 2 2 1 1 2 0 0 0 2 1 0 0 0 1 2 2 2 1 2 0 1 0 0 2 1 2 0 2 2 2 2 2 1
0.0803211832418726 0.967468897768966 0.404232932311928 0.93203528292947 -0.823133538227356 -1 0 2 1 0 0 1 2 1 1 0 2 1 2 2 0 2 1 0 0 0 1 0 2 1 1 1 2 2 1 1 0 -2 -1 0 0 -1 -2 -1 -1 0 -2 -1 -2 -2 0 -2 -1 0 0 0 -1 0 -2 -1 -1 -1 -2 -2 -1 -1
0.869641929111099 0.469844197845803 0.420281084149551 0.316961036035953 -1.49839779649586 -1 0 0 0 0 0 2 1 1 0 0 2 2 2 1 2 2 1 2 0 0 2 0 1 1 1 0 1 1 1 1 0 0 0 0 0 -2 -1 -1 0 0 -2 -2 -2 -1 -2 -2 -1 -2 0 0 -2 0 -1 -1 -1 0 -1 -1 -1 -1
1.39552734599513 -0.634126202610608 -0.568992706693137 1.41702013459609 0.423840914273467 1 0 2 1 1 1 2 1 1 0 0 1 1 2 1 2 1 1 1 0 0 2 0 0 0 1 1 2 2 0 0 0 2 1 1 1 2 1 1 0 0 1 1 2 1 2 1 1 1 0 0 2 0 0 0 1 1 2 2 0 0
-1.30307606835829 0.657109245515741 0.588928972902063 0.0689638866433162 -0.43100331388458 1 0 1 1 1 0 0 0 0 0 0 0 0 2 2 0 2 0 1 0 0 1 0 1 1 2 1 2 1 2 1 0 1 1 1 0 0 0 0 0 0 0 0 2 2 0 2 0 1 0 0 1 0 1 1 2 1 2 1 2 1
0.28759557344842 -0.693894137110678 0.959678832180775 -0.099907476361611 -0.284166861093579 -1 0 1 0 0 1 1 1 0 1 0 0 0 2 1 1 2 0 1 2 2 1 1 2 1 2 0 2 2 1 1 0 -1 0 0 -1 -1 -1 0 -1 0 0 0 -2 -1 -1 -2 0 -1 -2 -2 -1 -1 -2 -1 -2 0 -2 -2 -1 -1
-1.1508608603179 -0.657190203201087 -0.748417016635827 0.223170129544659 -0.880855946260411 -1 0 1 1 0 0 1 2 1 0 0 2 1 2 1 1 2 1 1 0 0 2 1 2 2 1 1 1 1 1 0 0 -1 -1 0 0 -1 -2 -1 0 0 -2 -1 -2 -1 -1 -2 -1 -1 0 0 -2 -1 -2 -2 -1 -1 -1 -1 -1 0
0.929010148041658 -0.268744334661362 0.339421280172371 -1.36205931206374 0.492033688147017 1 0 2 0 0 0 1 1 1 1 0 0 1 2 2 2 2 0 0 0 1 2 0 2 1 1 0 2 2 1 2 0 2 0 0 0 1 1 1 1 0 0 1 2 2 2 2 0 0 0 1 2 0 2 1 1 0 2 2 1 2
0.714462175117376 -0.67618605874614 1.28262122456902 1.0506926796486 -1.19920490814777 -1 1 1 1 0 0 1 2 1 0 0 2 2 2 1 1 2 0 0 0 0 2 1 2 1 2 1 2 1 1 1 -1 -1 -1 0 0 -1 -2 -1 0 0 -2 -2 -2 -1 -1 -2 0 0 0 0 -2 -1 -2 -1 -2 -1 -2 -1 -1 -1
-0.882765481707834 0.083448529000251 0.126044405152003 -0.839573457910923 0.0682249502766376 -1 0 0 0 0 0 1 1 0 1 0 2 1 1 2 2 2 0 1 0 0 2 2 2 1 1 1 1 2 2 1 0 0 0 0 0 -1 -1 0 -1 0 -2 -1 -1 -2 -2 -2 0 -1 0 0 -2 -2 -2 -1 -1 -1 -1 -2 -2 -1
-0.103444265717417 0.209155185621646 -1.82207019321802 0.358029127608575 -1.05739031483099 1 0 2 0 0 1 2 2 0 0 0 1 1 2 1 2 2 2 1 0 0 2 1 2 0 1 0 1 1 1 0 0 2 0 0 1 2 2 0 0 0 1 1 2 1 2 2 2 1 0 0 2 1 2 0 1 0 1 1 1 0
-1.52689563268984 -1.24028624224828 -0.499155894508493 1.31431808084797 -1.15261145244332 -1 0 1 0 0 1 2 2 1 0 0 1 2 2 1 1 2 2 1 1 0 2 2 2 1 2 1 2 2 1 0 0 -1 0 0 -1 -2 -2 -1 0 0 -1 -2 -2 -1 -1 -2 -2 -1 -1 0 -2 -2 -2 -1 -2 -1 -2 -2 -1 0
-1.34132477673687 -0.563781242472798 0.423548558353148 0.0750614683342419 0.844181868508863 -1 0 1 2 0 1 2 1 1 0 0 1 1 2 1 1 1 0 1 0 0 2 1 2 2 1 0 2 2 2 1 0 -1 -2 0 -1 -2 -1 -1 0 0 -1 -1 -2 -1 -1 -1 0 -1 0 0 -2 -1 -2 -2 -1 0 -2 -2 -2 -1
0.792817837341913 0.42722673210956 -0.0986509976345233 0.95731708976849 -0.370738368536237 1 0 0 0 0 0 2 2 2 2 1 1 1 2 2 2 2 1 1 0 0 1 0 2 0 1 0 2 1 1 0 0 0 0 0 0 2 2 2 2 1 1 1 2 2 2 2 1 1 0 0 1 0 2 0 1 0 2 1 1 0
-2.95062594896725 -0.0172633119015363 1.22253005129328 -1.07478417731417 -0.589604061230189 -1 0 2 0 0 0 2 0 0 0 0 2 1 2 1 0 1 1 0 2 2 2 0 2 0 2 0 1 1 1 0 0 -2 0 0 0 -2 0 0 0 0 -2 -1 -2 -1 0 -1 -1 0 -2 -2 -2 0 -2 0 -2 0 -1 -1 -1 0
-1.76950956272781 -1.30611293691472 -0.152620146954603 0.534905802673299 0.951465551991799 -1 0 1 0 1 0 1 1 1 2 0 1 1 2 1 1 2 2 0 1 2 2 0 1 0 1 0 2 2 2 0 0 -1 0 -1 0 -1 -1 -1 -2 0 -1 -1 -2 -1 -1 -2 -2 0 -1 -2 -2 0 -1 0 -1 0 -2 -2 -2 0
0.310655108246214 -1.26227781602264 0.255680282684181 0.233720536410111 -1.56419826956354 1 0 2 0 0 0 1 1 0 0 0 1 1 2 0 1 1 0 0 1 0 2 0 2 1 2 2 2 2 2 2 0 2 0 0 0 1 1 0 0 0 1 1 2 0 1 1 0 0 1 0 2 0 2 1 2 2 2 2 2 2
-0.720537160742516 -0.642409668389823 -0.952300454118467 -1.48787811936188 0.216671178690353 1 0 0 1 0 0 1 1 0 0 0 0 2 2 2 2 2 1 0 0 0 1 0 2 1 1 1 2 1 2 1 0 0 1 0 0 1 1 0 0 0 0 2 2 2 2 2 1 0 0 0 1 0 2 1 1 1 2 1 2 1
0.225921763976109 0.238300473335682 0.423457158604148 -0.71840990984657 -0.21125373417195 1 1 2 0 0 1 1 2 1 0 0 1 1 2 1 1 2 1 1 1 1 2 2 2 1 2 0 2 1 1 1 1 2 0 0 1 1 2 1 0 0 1 1 2 1 1 2 1 1 1 1 2 2 2 1 2 0 2 1 1 1
1.11909436061272 2.34268169654553 0.562190108301894 1.74293468086388 0.213219530260464 1 0 1 1 0 0 1 2 0 0 0 1 0 2 2 2 2 0 1 2 1 2 1 2 0 2 1 2 1 1 0 0 1 1 0 0 1 2 0 0 0 1 0 2 2 2 2 0 1 2 1 2 1 2 0 2 1 2 1 1 0
-0.0305924608027305 1.29314446554003 1.18153853193541 1.36358088840608 2.4055988967632 1 0 0 0 0 1 2 1 2 1 0 1 1 2 0 0 1 0 0 2 0 1 0 1 1 1 0 2 2 1 0 0 0 0 0 1 2 1 2 1 0 1 1 2 0 0 1 0 0 2 0 1 0 1 1 1 0 2 2 1 0
-0.870606577135193 -1.07619137432771 -0.00541458082087636 -0.431406642287692 0.488334190273886 -1 0 1 1 1 0 2 2 2 1 0 1 2 2 2 2 2 0 1 1 1 2 1 2 1 2 2 2 2 1 0 0 -1 -1 -1 0 -2 -2 -2 -1 0 -1 -2 -2 -2 -2 -2 0 -1 -1 -1 -2 -1 -2 -1 -2 -2 -2 -2 -1 0
0.775441813668828 -0.439250067836495 -0.46320908265818 1.17387349799832 0.330943063053221 -1 0 1 0 0 1 2 1 2 1 0 0 1 2 2 1 1 0 0 1 1 1 1 2 1 2 0 2 2 2 0 0 -1 0 0 -1 -2 -1 -2 -1 0 0 -1 -2 -2 -1 -1 0 0 -1 -1 -1 -1 -2 -1 -2 0 -2 -2 -2 0
-0.306919757238119 -0.12402239608735 0.809527996735637 1.91540887112704 -1.22894837061558 1 0 0 0 0 0 2 2 0 0 0 1 1 2 2 2 2 1 1 0 0 1 1 2 0 1 1 2 2 2 1 0 0 0 0 0 2 2 0 0 0 1 1 2 2 2 2 1 1 0 0 1 1 2 0 1 1 2 2 2 1
-0.986272081672772 1.07905353119632 -1.39671740112268 -0.141040686484506 0.459550850280106 -1 0 0 1 0 0 0 0 0 1 0 0 1 2 2 2 2 2 2 1 0 2 1 1 1 1 1 2 2 1 0 0 0 -1 0 0 0 0 0 -1 0 0 -1 -2 -2 -2 -2 -2 -2 -1 0 -2 -1 -1 -1 -1 -1 -2 -2 -1 0
1.21672993415171 0.517100329974809 0.658332750207605 1.67570956824163 1.19300717540062 -1 0 1 0 0 0 2 2 1 2 1 1 0 1 2 2 2 2 1 0 0 2 0 2 0 1 1 2 1 2 1 0 -1 0 0 0 -2 -2 -1 -2 -1 -1 0 -1 -2 -2 -2 -2 -1 0 0 -2 0 -2 0 -1 -1 -2 -1 -2 -1
1.15612330120721 -0.0309915559478735 -1.91108618296657 -0.198476771695548 0.210291962155381 -1 0 1 0 0 1 2 1 2 0 0 0 2 2 2 1 1 1 1 1 0 2 1 2 1 1 0 2 2 2 1 0 -1 0 0 -1 -2 -1 -2 0 0 0 -2 -2 -2 -1 -1 -1 -1 -1 0 -2 -1 -2 -1 -1 0 -2 -2 -2 -1
0.481578080683636 0.815375397885001 -0.0825720182925095 -1.25229250726275 0.373350225791846 1 0 2 1 0 1 1 2 2 1 0 1 1 1 1 1 2 1 1 0 0 2 0 2 0 0 0 2 1 1 0 0 2 1 0 1 1 2 2 1 0 1 1 1 1 1 2 1 1 0 0 2 0 2 0 0 0 2 1 1 0
0.332902313539013 -0.612507335260243 -2.19011357740612 0.747856010666344 -1.24600575086433 1 0 2 1 0 0 1 1 1 1 1 1 1 2 1 2 2 0 0 1 0 2 2 2 1 0 0 2 2 1 0 0 2 1 0 0 1 1 1 1 1 1 1 2 1 2 2 0 0 1 0 2 2 2 1 0 0 2 2 1 0
1.31767278054254 0.160418149614372 -0.487230987845535 -1.64534731252559 0.196585698034191 1 0 0 1 1 0 0 1 1 1 0 1 1 2 2 1 2 1 0 0 1 2 1 2 1 1 0 2 2 2 0 0 0 1 1 0 0 1 1 1 0 1 1 2 2 1 2 1 0 0 1 2 1 2 1 1 0 2 2 2 0
0.247443313817704 0.705873816406488 0.119696404526155 2.31774929338451 -0.320719562991558 1 0 1 0 0 1 2 2 2 2 1 1 2 2 1 2 1 0 0 0 0 1 0 2 0 1 1 2 2 0 0 0 1 0 0 1 2 2 2 2 1 1 2 2 1 2 1 0 0 0 0 1 0 2 0 1 1 2 2 0 0
-0.723924152466754 1.41327278783197 -0.267486541695234 0.633216172775686 -0.627463394638058 1 0 0 0 0 0 2 2 2 2 0 2 1 2 1 2 2 0 1 0 0 2 2 2 1 1 0 2 2 2 0 0 0 0 0 0 2 2 2 2 0 2 1 2 1 2 2 0 1 0 0 2 2 2 1 1 0 2 2 2 0
-0.978191065274422 -0.127293137291811 -0.356376350529493 0.927507163135733 1.45679247663019 1 0 0 0 0 0 1 0 0 0 0 1 2 2 1 1 2 1 1 2 1 2 0 2 1 1 1 2 2 1 1 0 0 0 0 0 1 0 0 0 0 1 2 2 1 1 2 1 1 2 1 2 0 2 1 1 1 2 2 1 1
-0.882457197377635 -1.17908315319648 -0.576264942951876 0.0778905755452396 0.666764678411374 -1 0 1 0 0 0 2 1 0 1 0 1 2 2 2 1 1 0 1 1 0 2 2 2 0 2 0 2 1 1 1 0 -1 0 0 0 -2 -1 0 -1 0 -1 -2 -2 -2 -1 -1 0 -1 -1 0 -2 -2 -2 0 -2 0 -2 -1 -1 -1
-0.4201691105257 -1.47803842468596 1.38088168171992 0.873282902617514 0.406047820378006 1 0 0 1 0 1 2 2 1 0 0 1 2 2 2 1 2 1 0 0 0 2 0 2 2 2 0 2 2 2 1 0 0 1 0 1 2 2 1 0 0 1 2 2 2 1 2 1 0 0 0 2 0 2 2 2 0 2 2 2 1
-0.772657259695122 -1.00974689483633 0.852550530065746 -0.183182423245659 -0.922587014966663 1 0 0 0 0 1 2 2 1 0 0 2 2 2 2 2 2 0 1 0 1 2 0 2 1 1 0 2 2 1 1 0 0 0 0 1 2 2 1 0 0 2 2 2 2 2 2 0 1 0 1 2 0 2 1 1 0 2 2 1 1
0.707963661938275 -0.451164491221082 0.248404826709492 -0.800254516415518 -0.218700277533784 -1 0 2 0 0 0 2 2 0 2 0 1 1 2 2 2 1 0 1 2 2 2 1 2 1 2 0 2 2 2 1 0 -2 0 0 0 -2 -2 0 -2 0 -1 -1 -2 -2 -2 -1 0 -1 -2 -2 -2 -1 -2 -1 -2 0 -2 -2 -2 -1
-1.45859871125034 0.825383428166118 -0.970713180823585 -0.169581052927399 0.446128892856155 1 0 1 0 0 1 2 2 1 0 0 1 1 2 0 0 1 0 0 0 0 2 2 2 1 1 1 2 2 2 0 0 1 0 0 1 2 2 1 0 0 1 1 2 0 0 1 0 0 0 0 2 2 2 1 1 1 2 2 2 0
0.40008334851802 0.187142877612624 0.174899086397901 -0.161149340181476 -0.750829150608526 -1 0 2 1 0 1 2 2 1 0 1 2 1 2 1 2 2 2 1 1 0 2 0 1 0 2 0 1 1 1 0 0 -2 -1 0 -1 -2 -2 -1 0 -1 -2 -1 -2 -1 -2 -2 -2 -1 -1 0 -2 0 -1 0 -2 0 -1 -1 -1 0
-0.248986261975625 -1.10617064075787 -1.05744442036304 0.0913097983505456 -0.921578742870046 -1 0 1 0 0 1 2 2 1 1 0 1 0 2 1 0 1 1 0 1 0 1 0 2 1 2 0 2 2 0 1 0 -1 0 0 -1 -2 -2 -1 -1 0 -1 0 -2 -1 0 -1 -1 0 -1 0 -1 0 -2 -1 -2 0 -2 -2 0 -1
0.0173032703585982 0.896957065526946 -0.313858817909673 0.0874220641590758 0.272785428713682 -1 0 0 0 0 0 2 2 1 0 0 1 2 2 2 2 2 2 1 0 0 1 0 2 1 2 1 1 2 1 0 0 0 0 0 0 -2 -2 -1 0 0 -1 -2 -2 -2 -2 -2 -2 -1 0 0 -1 0 -2 -1 -2 -1 -1 -2 -1 0
-0.642403930954879 0.596134805324577 -0.522774056217393 0.366299673293756 1.11327364011279 -1 0 0 0 2 1 1 2 1 1 0 0 1 2 1 1 2 2 1 1 1 0 0 1 0 2 1 2 1 1 0 0 0 0 -2 -1 -1 -2 -1 -1 0 0 -1 -2 -1 -1 -2 -2 -1 -1 -1 0 0 -1 0 -2 -1 -2 -1 -1 0
-0.280532300428853 0.925893746275963 0.0867143446068632 -1.28467759639537 -0.588773490543209 1 1 2 0 0 0 1 1 1 1 0 0 0 2 1 1 0 0 1 0 1 2 0 2 1 1 1 2 1 1 1 1 2 0 0 0 1 1 1 1 0 0 0 2 1 1 0 0 1 0 1 2 0 2 1 1 1 2 1 1 1
1.10132730743647 -0.0761565953655134 -0.406195519022496 -0.20470353946654 -0.245786948181031 1 0 1 0 0 0 1 1 0 0 0 0 0 2 2 2 2 1 1 1 0 1 0 1 1 1 0 1 1 1 1 0 1 0 0 0 1 1 0 0 0 0 0 2 2 2 2 1 1 1 0 1 0 1 1 1 0 1 1 1 1
1.8416521345037 0.641790549870678 -0.602368216147242 -1.29634424678356 0.0330111396021145 1 0 1 0 0 1 2 1 1 1 0 0 1 2 2 2 2 2 2 2 1 2 1 2 1 2 2 2 2 0 1 0 1 0 0 1 2 1 1 1 0 0 1 2 2 2 2 2 2 2 1 2 1 2 1 2 2 2 2 0 1
-0.302834169249007 1.07858012828903 -0.242895864569805 -0.365897388211395 -0.503406621287874 -1 0 1 0 0 0 1 1 1 0 0 1 1 1 2 2 2 1 0 1 1 1 0 1 0 0 1 2 2 1 0 0 -1 0 0 0 -1 -1 -1 0 0 -1 -1 -1 -2 -2 -2 -1 0 -1 -1 -1 0 -1 0 0 -1 -2 -2 -1 0
0.198282696794669 -0.00153784593338805 0.343765064651956 0.0687060852597287 -0.352636824760351 1 0 2 0 0 0 2 2 2 2 0 2 2 2 1 2 1 0 0 1 0 2 0 2 1 0 0 1 1 0 0 0 2 0 0 0 2 2 2 2 0 2 2 2 1 2 1 0 0 1 0 2 0 2 1 0 0 1 1 0 0
-0.0528802053490183 -0.754556016678362 0.679920027676288 0.00760912626311679 -0.904265876232694 -1 0 0 0 0 2 2 2 1 0 0 1 2 2 1 1 0 0 0 0 0 2 1 2 0 1 1 2 2 1 0 0 0 0 0 -2 -2 -2 -1 0 0 -1 -2 -2 -1 -1 0 0 0 0 0 -2 -1 -2 0 -1 -1 -2 -2 -1 0
0.993389835916015 0.597579685423212 0.382425888973687 0.813923860823486 -0.758778288637484 1 1 1 0 0 1 2 2 1 0 0 1 1 2 2 1 2 2 0 1 0 1 0 2 1 1 0 2 2 2 1 1 1 0 0 1 2 2 1 0 0 1 1 2 2 1 2 2 0 1 0 1 0 2 1 1 0 2 2 2 1
-1.44755596875397 -0.212268608284991 -2.51063475204018 2.08001005429835 0.103109602067447 1 1 1 0 0 0 2 1 0 0 0 0 1 2 2 2 2 1 1 0 0 2 0 2 0 2 0 2 2 2 1 1 1 0 0 0 2 1 0 0 0 0 1 2 2 2 2 1 1 0 0 2 0 2 0 2 0 2 2 2 1
-1.70886603353516 -0.256530271402162 1.51410226643841 0.0661570228059165 -1.33371057812244 -1 0 1 1 0 0 1 0 1 1 0 1 1 2 0 0 1 1 0 2 2 1 0 1 0 1 0 2 2 2 1 0 -1 -1 0 0 -1 0 -1 -1 0 -1 -1 -2 0 0 -1 -1 0 -2 -2 -1 0 -1 0 -1 0 -2 -2 -2 -1
-0.246163819706931 1.86116794789217 -1.71175092230078 -1.22616317653385 -0.658970662853012 1 0 2 0 0 0 1 1 1 1 0 2 2 2 2 1 1 1 1 1 0 2 2 2 2 2 0 2 2 1 1 0 2 0 0 0 1 1 1 1 0 2 2 2 2 1 1 1 1 1 0 2 2 2 2 2 0 2 2 1 1
-0.351020601711814 0.518606566195573 -1.47388385675748 1.36926045311467 -0.566835155601778 1 0 1 0 0 0 1 0 1 2 0 1 2 2 1 2 2 1 1 0 0 2 0 2 1 2 0 2 2 2 2 0 1 0 0 0 1 0 1 2 0 1 2 2 1 2 2 1 1 0 0 2 0 2 1 2 0 2 2 2 2
2.09209430221984 -1.45716236351077 0.00618098530639945 1.16073202783201 0.0834932302036605 -1 0 1 0 0 1 1 2 1 1 0 1 1 2 2 1 2 1 0 0 0 2 0 1 0 2 0 1 1 1 0 0 -1 0 0 -1 -1 -2 -1 -1 0 -1 -1 -2 -2 -1 -2 -1 0 0 0 -2 0 -1 0 -2 0 -1 -1 -1 0
2.32651597573932 1.19702840801162 -0.15695941166739 -0.259897873669992 -0.925977088352765 -1 0 1 1 0 1 1 2 1 1 0 0 2 2 2 2 2 1 1 1 1 2 1 1 1 2 1 2 2 2 2 0 -1 -1 0 -1 -1 -2 -1 -1 0 0 -2 -2 -2 -2 -2 -1 -1 -1 -1 -2 -1 -1 -1 -2 -1 -2 -2 -2 -2
-0.922245660961045 -0.239285414523201 -0.156190019454437 0.349266840561942 0.682663694343719 -1 0 0 0 0 0 1 1 1 0 0 0 0 1 1 1 1 0 1 1 2 2 1 2 1 2 1 2 1 0 0 0 0 0 0 0 -1 -1 -1 0 0 0 0 -1 -1 -1 -1 0 -1 -1 -2 -2 -1 -2 -1 -2 -1 -2 -1 0 0
-2.65198096417747 -0.742006069771999 0.485940483876743 -1.28246026653486 -0.578372557111493 1 0 1 0 0 0 1 1 1 1 1 2 2 2 1 2 2 1 1 0 0 2 0 2 1 2 1 1 2 1 1 0 1 0 0 0 1 1 1 1 1 2 2 2 1 2 2 1 1 0 0 2 0 2 1 2 1 1 2 1 1
-0.225117847530215 0.367314832226893 -0.312500880807456 -0.206971279122575 2.47888909331374 1 0 0 0 0 1 2 2 0 1 1 1 2 2 0 1 1 1 1 0 0 2 1 2 1 1 0 1 1 1 1 0 0 0 0 1 2 2 0 1 1 1 2 2 0 1 1 1 1 0 0 2 1 2 1 1 0 1 1 1 1
0.0703195216910888 -0.892753558883243 0.381735332504224 0.341283478656152 -0.0541224268237672 -1 0 1 1 0 0 0 1 0 0 0 1 2 2 2 2 2 2 1 1 1 2 2 2 2 2 1 2 2 2 2 0 -1 -1 0 0 0 -1 0 0 0 -1 -2 -2 -2 -2 -2 -2 -1 -1 -1 -2 -2 -2 -2 -2 -1 -2 -2 -2 -2
1.20104604918342 -0.771558682994261 0.0325005228818423 0.548364676761492 -0.298877263592877 -1 0 2 0 0 2 2 2 1 1 0 0 0 2 1 1 2 1 1 0 0 2 0 1 1 1 1 2 2 1 0 0 -2 0 0 -2 -2 -2 -1 -1 0 0 0 -2 -1 -1 -2 -1 -1 0 0 -2 0 -1 -1 -1 -1 -2 -2 -1 0
0.464745707793872 -2.27188560486784 -0.354853203097697 0.662599856609182 0.246608691251068 -1 0 1 1 0 0 2 2 0 1 0 1 0 1 1 2 2 2 0 0 0 2 1 2 2 2 1 2 2 2 1 0 -1 -1 0 0 -2 -2 0 -1 0 -1 0 -1 -1 -2 -2 -2 0 0 0 -2 -1 -2 -2 -2 -1 -2 -2 -2 -1
1.72671633236869 -0.0892549311021947 -0.0473462242908988 -1.00078172146681 -0.102671591822061 1 0 1 0 0 2 2 2 1 1 0 0 1 2 1 1 2 1 1 0 2 2 2 2 0 2 1 1 2 2 0 0 1 0 0 2 2 2 1 1 0 0 1 2 1 1 2 1 1 0 2 2 2 2 0 2 1 1 2 2 0
0.866946930755587 0.178238685577485 1.34891610004733 0.249403514945492 -0.122508783784022 1 0 0 0 0 1 2 2 2 1 0 2 2 2 2 2 2 2 1 1 0 2 1 2 0 2 1 2 1 1 1 0 0 0 0 1 2 2 2 1 0 2 2 2 2 2 2 2 1 1 0 2 1 2 0 2 1 2 1 1 1
0.558339708772925 -0.384426971390273 2.17069134989071 -0.0300266669212082 -1.69855261161136 1 0 1 0 1 1 2 2 0 1 0 0 2 2 2 1 1 0 0 1 1 1 1 2 0 2 2 2 2 2 1 0 1 0 1 1 2 2 0 1 0 0 2 2 2 1 1 0 0 1 1 1 1 2 0 2 2 2 2 2 1
-0.219227955461381 0.258751774352808 -1.24570904952594 -1.93994624413649 0.218543526298709 1 1 1 1 0 2 2 2 1 1 0 1 1 2 1 1 2 1 1 2 1 2 2 2 1 1 0 2 2 2 0 1 1 1 0 2 2 2 1 1 0 1 1 2 1 1 2 1 1 2 1 2 2 2 1 1 0 2 2 2 0
0.0841796774844387 0.473754218116976 1.78248357578005 -1.00278407466171 -0.339184129603076 1 0 1 1 0 0 0 1 1 0 0 0 1 2 1 1 2 1 1 1 0 2 0 2 1 2 0 2 2 2 0 0 1 1 0 0 0 1 1 0 0 0 1 2 1 1 2 1 1 1 0 2 0 2 1 2 0 2 2 2 0
0.0422212012023366 0.696129643583455 0.260436175506009 0.677546077287494 -0.854375628503099 1 0 2 0 0 1 0 0 0 0 0 0 1 2 1 0 1 0 0 0 1 2 1 2 0 1 1 2 2 1 1 0 2 0 0 1 0 0 0 0 0 0 1 2 1 0 1 0 0 0 1 2 1 2 0 1 1 2 2 1 1
-1.10255813862387 -1.14475860284699 -0.00908359697446222 0.683846004934008 -1.59071361589783 -1 0 1 0 0 1 2 0 0 0 0 0 0 2 1 1 2 1 0 1 1 2 1 2 0 2 1 2 2 2 1 0 -1 0 0 -1 -2 0 0 0 0 0 0 -2 -1 -1 -2 -1 0 -1 -1 -2 -1 -2 0 -2 -1 -2 -2 -2 -1
-0.726357133599378 0.166148047643765 1.45000335217191 -0.817767574678354 1.3543729859583 1 0 1 2 0 0 1 1 1 0 1 1 1 2 2 2 2 0 0 1 0 2 0 1 0 2 0 2 2 1 1 0 1 2 0 0 1 1 1 0 1 1 1 2 2 2 2 0 0 1 0 2 0 1 0 2 0 2 2 1 1
0.586339227100388 -0.586697532674485 -0.771162100516595 0.940508979684689 0.868581088055937 -1 0 1 0 0 2 2 2 2 2 0 2 2 2 2 2 1 2 0 0 0 2 0 2 2 2 1 1 2 2 0 0 -1 0 0 -2 -2 -2 -2 -2 0 -2 -2 -2 -2 -2 -1 -2 0 0 0 -2 0 -2 -2 -2 -1 -1 -2 -2 0
-1.63825305486358 -0.543537157121697 -0.501281072362935 0.057289752365394 0.372078851768946 -1 0 2 1 0 1 1 1 1 2 0 1 1 2 2 2 2 2 1 0 0 2 0 2 1 1 0 1 1 0 0 0 -2 -1 0 -1 -1 -1 -1 -2 0 -1 -1 -2 -2 -2 -2 -2 -1 0 0 -2 0 -2 -1 -1 0 -1 -1 0 0
-1.16529229582843 -0.249637424967717 0.133774191050902 0.244415150966451 -1.18313255509567 -1 0 1 0 0 1 2 2 1 1 0 1 1 2 0 1 1 1 0 0 1 2 1 2 1 1 0 1 1 0 0 0 -1 0 0 -1 -2 -2 -1 -1 0 -1 -1 -2 0 -1 -1 -1 0 0 -1 -2 -1 -2 -1 -1 0 -1 -1 0 0
-0.510952138313738 -0.157562457085083 -1.12436204652411 1.62881064580742 0.586700419513696 -1 0 1 0 1 0 1 0 0 0 0 1 1 2 1 1 1 0 1 1 1 2 0 2 0 2 2 2 2 2 0 0 -1 0 -1 0 -1 0 0 0 0 -1 -1 -2 -1 -1 -1 0 -1 -1 -1 -2 0 -2 0 -2 -2 -2 -2 -2 0
1.35663031240247 -0.363624291802043 1.77229935611311 -1.52631223183557 0.73618414163503 1 0 0 0 0 0 1 2 0 1 0 1 1 2 2 2 2 1 1 0 0 2 0 2 1 1 0 2 2 1 0 0 0 0 0 0 1 2 0 1 0 1 1 2 2 2 2 1 1 0 0 2 0 2 1 1 0 2 2 1 0
-1.57444053660939 -0.856660751325114 -0.0744654758441114 -0.126099624201947 1.2224147748823 1 0 0 0 0 2 2 2 2 2 0 1 0 2 2 1 1 1 1 0 1 2 0 2 1 1 1 1 2 1 1 0 0 0 0 2 2 2 2 2 0 1 0 2 2 1 1 1 1 0 1 2 0 2 1 1 1 1 2 1 1
2.80263493550253 1.25562837794906 -0.456509514326098 -1.40583962090757 -0.449945131270912 -1 0 0 0 0 1 2 2 2 2 0 2 2 2 2 2 2 1 1 0 0 1 0 2 0 1 0 1 1 0 0 0 0 0 0 -1 -2 -2 -2 -2 0 -2 -2 -2 -2 -2 -2 -1 -1 0 0 -1 0 -2 0 -1 0 -1 -1 0 0
-0.648297905697901 -0.466452731256105 -0.246632383975988 -0.854808791028234 -2.45758018301139 1 0 1 0 0 0 2 2 1 1 0 1 2 2 1 2 2 0 0 0 1 2 0 2 0 2 1 1 1 1 1 0 1 0 0 0 2 2 1 1 0 1 2 2 1 2 2 0 0 0 1 2 0 2 0 2 1 1 1 1 1
2.28025273446165 -1.98923837844142 -0.826154920067834 -1.55598589430397 -0.604170962943624 1 0 1 0 0 1 2 2 0 1 0 1 2 2 0 0 1 0 0 1 1 2 0 1 0 1 0 0 1 1 0 0 1 0 0 1 2 2 0 1 0 1 2 2 0 0 1 0 0 1 1 2 0 1 0 1 0 0 1 1 0
-1.2152799582828 -0.0340773241973949 -1.69707657119502 0.568391871697522 -1.14417000634217 1 0 1 2 2 0 1 1 0 0 0 0 1 2 1 2 2 1 1 0 0 2 1 1 0 1 0 2 2 1 0 0 1 2 2 0 1 1 0 0 0 0 1 2 1 2 2 1 1 0 0 2 1 1 0 1 0 2 2 1 0
0.0839971488937928 0.789742069308307 1.10023261394798 0.454407543568569 -0.735944579691326 1 0 1 0 0 0 0 0 0 0 0 1 1 2 2 2 2 1 0 0 0 2 0 1 0 1 0 1 1 0 0 0 1 0 0 0 0 0 0 0 0 1 1 2 2 2 2 1 0 0 0 2 0 1 0 1 0 1 1 0 0
1.44651024136702 0.468685524288708 1.93044782308585 1.68385720355711 -0.271223762642067 -1 0 2 0 0 0 1 1 0 0 0 1 1 2 2 2 2 1 2 0 0 2 1 2 1 2 0 2 2 1 1 0 -2 0 0 0 -1 -1 0 0 0 -1 -1 -2 -2 -2 -2 -1 -2 0 0 -2 -1 -2 -1 -2 0 -2 -2 -1 -1
-1.29964057264823 -0.21859514455942 3.0626390972145 -1.21330759505122 -0.403739343812935 -1 1 1 0 0 2 2 2 1 1 0 0 2 2 2 1 1 0 0 0 0 1 0 2 2 2 1 2 2 1 2 -1 -1 0 0 -2 -2 -2 -1 -1 0 0 -2 -2 -2 -1 -1 0 0 0 0 -1 0 -2 -2 -2 -1 -2 -2 -1 -2
0.117757029833432 -0.559138348569627 0.758519421840121 0.896174541945156 2.40670847514983 -1 0 1 0 0 0 2 0 0 1 0 1 2 2 1 1 2 1 0 0 0 2 2 2 0 1 1 2 2 1 1 0 -1 0 0 0 -2 0 0 -1 0 -1 -2 -2 -1 -1 -2 -1 0 0 0 -2 -2 -2 0 -1 -1 -2 -2 -1 -1
-0.731731423845765 -0.346938138432518 1.03522945588359 -0.810873855423219 -0.183231137731762 -1 0 2 0 0 2 2 2 2 2 0 0 2 2 1 1 2 1 0 0 0 2 0 2 0 1 0 1 2 1 1 0 -2 0 0 -2 -2 -2 -2 -2 0 0 -2 -2 -1 -1 -2 -1 0 0 0 -2 0 -2 0 -1 0 -1 -2 -1 -1
-0.567967542879273 0.294305642424998 -1.16229842160307 -1.70298132154332 0.96794503075015 1 0 2 1 0 1 1 1 0 0 0 0 0 1 2 1 2 2 1 0 0 2 1 2 0 1 1 2 2 2 1 0 2 1 0 1 1 1 0 0 0 0 0 1 2 1 2 2 1 0 0 2 1 2 0 1 1 2 2 2 1
0.132942024022402 0.880964753355674 1.53231626283704 2.69576408173613 -1.80974268406363 1 0 1 0 0 2 2 2 1 1 0 2 2 2 2 2 2 2 1 0 0 2 1 2 1 2 0 2 2 2 1 0 1 0 0 2 2 2 1 1 0 2 2 2 2 2 2 2 1 0 0 2 1 2 1 2 0 2 2 2 1
