0.430716102052775 1.31760473681802 0.30989726638042 -0.146935698052583 -0.79473342042153 1 1 1 0 0 1 1 2 1 0 2 1 1 0 0 2 0 1 0 2 0 0 2 1 0 1 0 1 0 0 0 1 1 0 0 1 1 2 1 0 2 1 1 0 0 2 0 1 0 2 0 0 2 1 0 1 0 1 0 0 0
1.97348618287869 -0.778781418779329 1.92698475339008 0.129377304861768 -1.59289023834325 -1 0 1 0 1 2 2 2 1 0 2 2 1 1 1 2 1 1 1 2 0 0 1 0 0 0 0 2 2 0 0 0 -1 0 -1 -2 -2 -2 -1 0 -2 -2 -1 -1 -1 -2 -1 -1 -1 -2 0 0 -1 0 0 0 0 -2 -2 0 0
-3.37723154670397 0.463333395315727 -1.47017364375332 -0.526845662067266 0.0200578327104551 -1 0 1 0 1 2 1 2 1 0 2 2 2 1 2 2 0 0 0 1 0 0 1 0 0 1 0 2 1 1 0 0 -1 0 -1 -2 -1 -2 -1 0 -2 -2 -2 -1 -2 -2 0 0 0 -1 0 0 -1 0 0 -1 0 -2 -1 -1 0
0.321377649942377 0.635819552657115 -0.947469601794428 0.512819731569959 -0.417780371769459 1 1 2 1 1 2 0 1 1 1 2 2 2 1 2 2 1 1 0 1 0 0 2 1 0 0 0 2 2 1 1 1 2 1 1 2 0 1 1 1 2 2 2 1 2 2 1 1 0 1 0 0 2 1 0 0 0 2 2 1 1
0.0587754726534362 0.746660701142689 -1.9479213426607 -1.15754177611843 -1.83854644036147 -1 1 2 0 0 1 1 2 1 1 2 1 0 0 1 1 1 1 0 1 0 0 2 0 0 1 1 1 0 0 0 -1 -2 0 0 -1 -1 -2 -1 -1 -2 -1 0 0 -1 -1 -1 -1 0 -1 0 0 -2 0 0 -1 -1 -1 0 0 0
0.975243003998366 -0.101196663428563 1.14331044311865 -0.478173959748421 1.60570972611307 1 1 1 0 1 2 0 1 1 0 1 0 0 0 1 1 0 0 1 2 0 0 1 0 1 2 2 1 1 2 0 1 1 0 1 2 0 1 1 0 1 0 0 0 1 1 0 0 1 2 0 0 1 0 1 2 2 1 1 2 0
-0.257710715360336 -0.327478994750713 0.649844231020738 0.860686457676332 -0.505404249685508 1 1 2 0 1 2 0 1 0 1 2 2 2 2 2 2 0 0 1 1 0 0 2 1 0 2 2 1 1 0 0 1 2 0 1 2 0 1 0 1 2 2 2 2 2 2 0 0 1 1 0 0 2 1 0 2 2 1 1 0 0
0.548735072552063 0.39343551546442 -1.62299576090835 -0.355805685518215 -0.293860546065878 -1 1 1 0 1 2 0 2 1 1 2 2 1 0 1 2 1 2 0 1 0 0 2 2 2 2 2 1 0 0 0 -1 -1 0 -1 -2 0 -2 -1 -1 -2 -2 -1 0 -1 -2 -1 -2 0 -1 0 0 -2 -2 -2 -2 -2 -1 0 0 0
-0.814924584084399 0.661783598906857 -0.393187372369297 0.657871548982363 0.975734030091829 1 1 2 1 1 2 1 2 2 1 2 1 1 1 2 0 0 0 0 0 0 0 2 1 0 0 0 1 1 1 0 1 2 1 1 2 1 2 2 1 2 1 1 1 2 0 0 0 0 0 0 0 2 1 0 0 0 1 1 1 0
0.88058674136297 -0.392976765259933 -0.239956496903759 1.75890575575742 1.08376146429399 -1 0 2 0 1 1 0 0 1 0 1 2 1 1 1 1 0 0 0 2 0 0 2 1 1 2 0 1 0 1 1 0 -2 0 -1 -1 0 0 -1 0 -1 -2 -1 -1 -1 -1 0 0 0 -2 0 0 -2 -1 -1 -2 0 -1 0 -1 -1
1.82502977479641 1.24864052110657 1.30037978766995 1.95120495765107 0.816643764972402 -1 2 2 1 1 2 0 1 2 1 1 2 2 1 2 1 1 1 0 1 0 0 2 1 1 2 0 1 1 0 0 -2 -2 -1 -1 -2 0 -1 -2 -1 -1 -2 -2 -1 -2 -1 -1 -1 0 -1 0 0 -2 -1 -1 -2 0 -1 -1 0 0
0.14171541644888 -0.930532655367339 -0.90181034826449 -1.29966769854862 1.67641134800922 -1 1 2 0 2 2 0 1 1 0 2 0 0 0 1 1 1 1 2 1 0 0 1 1 0 0 0 1 0 0 0 -1 -2 0 -2 -2 0 -1 -1 0 -2 0 0 0 -1 -1 -1 -1 -2 -1 0 0 -1 -1 0 0 0 -1 0 0 0
-0.795859759838094 0.424161370236101 -0.249858388158908 0.402169795781272 -0.887838020352289 -1 1 2 1 2 2 0 1 0 0 2 1 0 0 1 2 1 1 1 0 0 0 2 2 1 2 0 1 0 0 0 -1 -2 -1 -2 -2 0 -1 0 0 -2 -1 0 0 -1 -2 -1 -1 -1 0 0 0 -2 -2 -1 -2 0 -1 0 0 0
-0.0571918008541233 3.1166422606743 -0.180576378780206 0.869039122334727 -0.794613264022078 1 1 2 0 0 2 1 1 1 1 2 1 0 0 0 1 0 0 0 2 0 0 2 1 0 1 1 0 1 1 1 1 2 0 0 2 1 1 1 1 2 1 0 0 0 1 0 0 0 2 0 0 2 1 0 1 1 0 1 1 1
0.0744838870879024 -0.79065890570841 0.556653727774647 -0.552685768802114 -2.05427388642703 1 1 2 0 2 2 1 1 1 1 1 2 2 1 1 1 1 1 0 1 0 0 1 0 0 1 0 2 1 2 1 1 2 0 2 2 1 1 1 1 1 2 2 1 1 1 1 1 0 1 0 0 1 0 0 1 0 2 1 2 1
0.534458448082244 -0.750232250571792 0.753809134236383 0.704115816699879 0.427194969885006 -1 2 2 0 2 2 1 2 2 1 2 1 1 0 1 2 1 1 1 2 0 0 1 0 0 1 1 1 0 1 0 -2 -2 0 -2 -2 -1 -2 -2 -1 -2 -1 -1 0 -1 -2 -1 -1 -1 -2 0 0 -1 0 0 -1 -1 -1 0 -1 0
0.126170581659897 -2.26640401791995 -1.13063180271519 0.0816341733458835 -0.232297971037827 -1 2 1 0 1 2 1 2 1 0 2 1 1 0 1 1 1 2 2 1 0 0 2 1 1 1 1 0 0 2 0 -2 -1 0 -1 -2 -1 -2 -1 0 -2 -1 -1 0 -1 -1 -1 -2 -2 -1 0 0 -2 -1 -1 -1 -1 0 0 -2 0
-1.58097666233149 -0.4310601227372 0.253898923132503 1.87027670847815 -0.424499054105709 1 0 2 1 1 2 1 2 2 1 2 2 2 2 2 2 2 2 1 2 0 0 2 2 1 2 1 1 1 1 0 0 2 1 1 2 1 2 2 1 2 2 2 2 2 2 2 2 1 2 0 0 2 2 1 2 1 1 1 1 0
1.07983018406891 -1.72895111942947 -1.84129115941216 1.08440377802592 -0.667889738370788 -1 2 2 1 0 1 1 2 1 0 2 1 1 0 1 1 0 0 0 0 0 0 2 0 0 1 0 1 0 2 0 -2 -2 -1 0 -1 -1 -2 -1 0 -2 -1 -1 0 -1 -1 0 0 0 0 0 0 -2 0 0 -1 0 -1 0 -2 0
-0.0912651823003504 0.602434204643759 0.349701283254869 0.831051039115449 -1.36492992095193 1 0 1 1 1 1 0 1 1 1 2 1 1 1 2 2 2 1 1 1 0 0 2 1 1 1 0 1 1 2 1 0 1 1 1 1 0 1 1 1 2 1 1 1 2 2 2 1 1 1 0 0 2 1 1 1 0 1 1 2 1
1.41450209818065 -0.489312194118866 0.906516767605576 -0.621177735961712 -0.142601780605429 -1 1 1 0 0 2 1 1 1 0 2 2 1 0 2 2 1 2 0 2 1 0 2 2 1 2 0 1 1 1 0 -1 -1 0 0 -2 -1 -1 -1 0 -2 -2 -1 0 -2 -2 -1 -2 0 -2 -1 0 -2 -2 -1 -2 0 -1 -1 -1 0
-0.99427237375567 -0.738483206307393 -1.54746213453298 -0.809986494166023 0.171436596434488 1 1 1 0 1 2 1 2 0 0 2 1 2 2 2 1 1 2 1 0 0 0 0 0 0 2 2 0 0 1 0 1 1 0 1 2 1 2 0 0 2 1 2 2 2 1 1 2 1 0 0 0 0 0 0 2 2 0 0 1 0
-1.33460821872972 0.232108745096975 0.311475875915989 0.560531865400104 0.174164007940462 1 1 2 1 2 2 0 0 0 0 2 2 2 1 2 1 1 1 0 1 0 0 2 1 0 1 0 1 1 1 0 1 2 1 2 2 0 0 0 0 2 2 2 1 2 1 1 1 0 1 0 0 2 1 0 1 0 1 1 1 0
0.351865726040805 1.11880911174859 2.00498170402352 1.14677827887448 -0.671180022602984 -1 0 1 0 1 2 0 1 0 0 2 2 2 1 1 2 1 1 0 2 0 0 2 1 0 2 2 0 0 1 0 0 -1 0 -1 -2 0 -1 0 0 -2 -2 -2 -1 -1 -2 -1 -1 0 -2 0 0 -2 -1 0 -2 -2 0 0 -1 0
1.93866976545178 0.931973196073082 0.502069279400955 -0.061912552129045 0.887429637312734 -1 1 2 0 1 1 0 2 2 1 2 2 2 1 2 1 2 2 0 2 0 0 2 1 1 1 0 1 0 1 0 -1 -2 0 -1 -1 0 -2 -2 -1 -2 -2 -2 -1 -2 -1 -2 -2 0 -2 0 0 -2 -1 -1 -1 0 -1 0 -1 0
-1.5506234663007 0.598234476407105 -0.164640158708827 -0.306976976263725 2.33063083217307 -1 2 2 1 1 2 0 1 0 0 2 2 1 1 1 0 0 1 0 0 0 0 2 1 0 2 0 1 0 0 0 -2 -2 -1 -1 -2 0 -1 0 0 -2 -2 -1 -1 -1 0 0 -1 0 0 0 0 -2 -1 0 -2 0 -1 0 0 0
0.910396395393862 -0.433833016452814 0.171192866584174 -1.39812758144159 -0.493827397907976 -1 1 1 0 2 2 2 2 1 0 1 1 2 2 2 2 1 1 0 1 0 0 2 1 0 2 1 1 0 0 1 -1 -1 0 -2 -2 -2 -2 -1 0 -1 -1 -2 -2 -2 -2 -1 -1 0 -1 0 0 -2 -1 0 -2 -1 -1 0 0 -1
-0.881591032147867 0.261678040117267 -1.28652240453054 -1.40750724924944 0.659695219054071 -1 2 1 0 1 2 0 0 0 0 1 2 2 2 1 1 1 1 2 2 0 0 2 0 0 1 0 1 0 1 0 -2 -1 0 -1 -2 0 0 0 0 -1 -2 -2 -2 -1 -1 -1 -1 -2 -2 0 0 -2 0 0 -1 0 -1 0 -1 0
-0.548290891971293 0.58794379786395 -0.744036971401924 -1.80522709294535 0.732434875051649 -1 0 1 0 2 2 0 2 2 1 2 1 1 2 2 2 1 1 1 1 0 0 2 0 0 1 0 1 0 0 0 0 -1 0 -2 -2 0 -2 -2 -1 -2 -1 -1 -2 -2 -2 -1 -1 -1 -1 0 0 -2 0 0 -1 0 -1 0 0 0
1.06788869922131 -2.31155291182419 -2.36039320206686 -0.962982910679215 -0.116062149793791 1 1 2 0 2 2 1 2 1 0 2 2 1 0 1 1 0 1 1 1 0 0 2 1 1 2 1 1 1 1 0 1 2 0 2 2 1 2 1 0 2 2 1 0 1 1 0 1 1 1 0 0 2 1 1 2 1 1 1 1 0
0.865445597793913 0.448453262495784 -0.227833664667137 0.00400230546758695 0.52376800138848 -1 2 2 1 2 2 1 1 2 1 2 2 1 1 1 2 1 0 0 1 0 0 2 1 0 0 0 1 1 1 0 -2 -2 -1 -2 -2 -1 -1 -2 -1 -2 -2 -1 -1 -1 -2 -1 0 0 -1 0 0 -2 -1 0 0 0 -1 -1 -1 0
1.80197287278953 0.0544952432646945 1.13970411991506 0.161599731219121 -0.819706108287701 -1 1 2 0 1 2 0 0 0 0 2 2 2 0 1 0 0 0 0 2 0 0 2 0 0 1 0 2 0 0 0 -1 -2 0 -1 -2 0 0 0 0 -2 -2 -2 0 -1 0 0 0 0 -2 0 0 -2 0 0 -1 0 -2 0 0 0
-0.327326495075241 -0.639439242328652 -0.533660109146465 0.316016670279892 1.56407481879501 1 0 1 0 1 2 0 0 0 1 2 2 1 1 2 1 0 0 0 0 0 0 0 0 0 1 0 2 0 0 0 0 1 0 1 2 0 0 0 1 2 2 1 1 2 1 0 0 0 0 0 0 0 0 0 1 0 2 0 0 0
-0.330761728727212 -0.0626201754642082 -0.664810486996215 -1.34192343787503 -0.990229765410287 1 2 2 1 2 2 1 2 2 1 2 2 1 1 1 1 0 1 0 2 0 0 2 1 0 0 0 2 0 1 0 2 2 1 2 2 1 2 2 1 2 2 1 1 1 1 0 1 0 2 0 0 2 1 0 0 0 2 0 1 0
-2.92341991224229 -0.620459621630897 -0.913625930707316 -0.885226564470226 -1.52040513889703 -1 1 1 0 1 2 0 2 2 0 2 1 1 0 0 1 0 1 1 1 0 0 2 2 1 2 1 1 1 1 0 -1 -1 0 -1 -2 0 -2 -2 0 -2 -1 -1 0 0 -1 0 -1 -1 -1 0 0 -2 -2 -1 -2 -1 -1 -1 -1 0
-0.00174116622589416 0.78083367626028 1.33979171699141 -0.414532650152935 0.692316407375378 1 1 2 0 0 2 0 1 1 1 2 2 1 1 2 2 0 1 1 1 0 0 2 0 0 0 0 1 1 1 0 1 2 0 0 2 0 1 1 1 2 2 1 1 2 2 0 1 1 1 0 0 2 0 0 0 0 1 1 1 0
-0.199246083126357 -0.7581985258048 -1.71065240143926 -0.819941091431025 0.350560244372477 1 1 1 0 2 2 1 2 2 1 2 2 2 1 1 2 0 0 0 1 0 0 2 1 2 2 0 0 0 0 0 1 1 0 2 2 1 2 2 1 2 2 2 1 1 2 0 0 0 1 0 0 2 1 2 2 0 0 0 0 0
0.192481594637176 1.99610963630019 0.809452196859829 0.243269027034638 -1.46883240738145 -1 2 2 0 1 2 0 1 1 1 2 2 2 2 2 2 0 1 1 1 0 0 1 0 0 0 0 0 1 1 0 -2 -2 0 -1 -2 0 -1 -1 -1 -2 -2 -2 -2 -2 -2 0 -1 -1 -1 0 0 -1 0 0 0 0 0 -1 -1 0
-1.35184625145038 0.475433967535097 -1.08523268781807 0.621902048240124 0.221600555076226 -1 2 2 0 2 2 0 1 0 0 1 2 2 1 1 2 1 1 0 0 0 0 2 1 0 1 0 1 1 0 0 -2 -2 0 -2 -2 0 -1 0 0 -1 -2 -2 -1 -1 -2 -1 -1 0 0 0 0 -2 -1 0 -1 0 -1 -1 0 0
0.510998060923376 -0.895192183868114 -0.685436116283891 -0.274938632609056 -0.662848708203252 -1 0 1 0 1 2 0 2 2 0 2 2 1 1 2 2 0 1 0 2 0 0 2 1 2 1 1 0 0 0 0 0 -1 0 -1 -2 0 -2 -2 0 -2 -2 -1 -1 -2 -2 0 -1 0 -2 0 0 -2 -1 -2 -1 -1 0 0 0 0
-0.558197464878237 -0.861142781508353 1.63426118903576 1.58529873779884 0.0979316375551313 -1 2 2 0 1 2 1 2 2 1 2 0 0 1 2 2 1 1 0 2 0 0 2 1 1 0 0 2 0 1 0 -2 -2 0 -1 -2 -1 -2 -2 -1 -2 0 0 -1 -2 -2 -1 -1 0 -2 0 0 -2 -1 -1 0 0 -2 0 -1 0
-1.5083320601139 0.0552947080683279 -0.123282587648263 -0.773490315445189 -1.77980662277583 1 0 1 0 1 2 0 2 1 0 1 2 2 1 1 1 0 0 1 1 0 0 2 2 1 2 1 0 0 0 0 0 1 0 1 2 0 2 1 0 1 2 2 1 1 1 0 0 1 1 0 0 2 2 1 2 1 0 0 0 0
0.874478364229024 0.0910703423225552 -1.30642682711801 -0.755592720884672 -0.285482552037608 1 1 2 0 2 2 1 1 0 0 2 2 2 0 1 1 1 2 1 1 0 0 2 1 1 1 0 0 0 1 0 1 2 0 2 2 1 1 0 0 2 2 2 0 1 1 1 2 1 1 0 0 2 1 1 1 0 0 0 1 0
-1.12573596081411 -0.160487605214501 -0.340038404297156 0.29096570176237 -0.231460751130809 1 1 2 0 0 2 0 1 0 1 2 2 1 0 0 1 0 1 2 2 0 0 2 2 1 1 0 0 1 0 0 1 2 0 0 2 0 1 0 1 2 2 1 0 0 1 0 1 2 2 0 0 2 2 1 1 0 0 1 0 0
0.777561147215304 0.703837707086095 0.549685419458861 -0.902759730716327 -0.556759867541441 -1 2 1 0 1 2 0 0 0 0 2 1 1 1 1 2 0 0 0 2 0 0 2 2 1 2 0 2 2 2 0 -2 -1 0 -1 -2 0 0 0 0 -2 -1 -1 -1 -1 -2 0 0 0 -2 0 0 -2 -2 -1 -2 0 -2 -2 -2 0
1.48587740000441 -1.08860882492949 0.12189561608053 -0.592235912391628 2.86218202214815 -1 2 2 0 2 1 0 2 1 0 1 2 0 1 1 1 0 0 0 1 0 0 2 1 1 2 0 2 1 0 0 -2 -2 0 -2 -1 0 -2 -1 0 -1 -2 0 -1 -1 -1 0 0 0 -1 0 0 -2 -1 -1 -2 0 -2 -1 0 0
-0.638227126271907 1.55501792097222 -1.18419870742299 0.143630120739454 -0.278269595861018 -1 1 1 0 0 1 0 2 1 1 2 2 1 0 1 1 0 2 1 1 0 0 2 1 0 0 0 1 0 0 0 -1 -1 0 0 -1 0 -2 -1 -1 -2 -2 -1 0 -1 -1 0 -2 -1 -1 0 0 -2 -1 0 0 0 -1 0 0 0
-0.164321508730371 0.360054380555992 -0.0924371817582342 -0.24249197444574 -0.063042659818117 1 1 2 1 2 2 1 1 1 0 2 2 1 1 2 1 0 1 0 2 0 0 2 1 1 1 1 0 0 0 0 1 2 1 2 2 1 1 1 0 2 2 1 1 2 1 0 1 0 2 0 0 2 1 1 1 1 0 0 0 0
-0.342298205472779 -0.985813099205406 0.146709288321479 -0.474061842965956 -2.88879206432755 -1 2 2 0 1 2 0 2 2 0 2 1 1 1 2 1 0 0 0 2 0 0 2 0 1 2 1 1 0 0 0 -2 -2 0 -1 -2 0 -2 -2 0 -2 -1 -1 -1 -2 -1 0 0 0 -2 0 0 -2 0 -1 -2 -1 -1 0 0 0
2.23191925444655 0.817820783380762 -2.62850637142951 0.420819187521346 1.18022231667645 -1 2 2 0 2 2 0 0 0 0 2 2 1 0 2 2 0 1 0 1 0 0 2 0 0 2 1 2 1 2 0 -2 -2 0 -2 -2 0 0 0 0 -2 -2 -1 0 -2 -2 0 -1 0 -1 0 0 -2 0 0 -2 -1 -2 -1 -2 0
-0.614296660845457 1.11455814004088 0.259690826387849 0.708373591135684 -0.322257443128436 1 2 2 0 1 2 2 2 2 1 2 2 2 2 2 2 2 1 0 1 0 0 2 1 1 1 0 1 0 1 0 2 2 0 1 2 2 2 2 1 2 2 2 2 2 2 2 1 0 1 0 0 2 1 1 1 0 1 0 1 0
-1.11352539262954 -0.674363465441737 -0.332564017334262 -0.525326140510494 -1.09727051799453 -1 2 2 1 2 2 1 2 1 0 2 2 1 0 1 2 0 1 0 2 0 0 2 1 0 2 1 0 0 1 0 -2 -2 -1 -2 -2 -1 -2 -1 0 -2 -2 -1 0 -1 -2 0 -1 0 -2 0 0 -2 -1 0 -2 -1 0 0 -1 0
0.0785601142552618 0.391471533056643 -1.26453730041562 -0.736377989911737 -0.129450681427447 -1 1 2 0 1 2 1 2 1 0 2 2 0 1 1 1 0 0 0 1 0 0 2 1 0 1 0 1 0 0 0 -1 -2 0 -1 -2 -1 -2 -1 0 -2 -2 0 -1 -1 -1 0 0 0 -1 0 0 -2 -1 0 -1 0 -1 0 0 0
-0.489500696687007 -0.148385783150665 0.616049246375498 -0.984548961627418 1.65255709533908 1 0 0 0 1 2 1 2 2 1 2 2 2 2 2 2 1 2 1 1 0 0 2 1 1 2 0 2 2 2 1 0 0 0 1 2 1 2 2 1 2 2 2 2 2 2 1 2 1 1 0 0 2 1 1 2 0 2 2 2 1
-1.15265122780033 0.713991508240272 -0.893322697218722 0.965946185503996 0.614296580182451 1 0 1 0 1 2 1 2 1 0 2 2 2 2 2 2 1 1 0 0 0 0 2 2 1 1 0 2 0 1 0 0 1 0 1 2 1 2 1 0 2 2 2 2 2 2 1 1 0 0 0 0 2 2 1 1 0 2 0 1 0
0.95036798746227 0.579993929080578 -0.0510384760296288 -0.208808533809401 -0.745855870592467 1 1 2 0 2 2 1 2 2 2 2 2 1 0 0 1 0 0 0 2 0 0 2 1 0 1 0 1 0 0 0 1 2 0 2 2 1 2 2 2 2 2 1 0 0 1 0 0 0 2 0 0 2 1 0 1 0 1 0 0 0
-0.609636851333577 -0.253936894482783 -1.08714435462206 0.715399461298869 -0.118645079887716 1 2 2 2 2 2 1 2 1 0 2 2 0 0 1 2 0 2 1 2 0 0 1 0 0 1 0 1 2 1 1 2 2 2 2 2 1 2 1 0 2 2 0 0 1 2 0 2 1 2 0 0 1 0 0 1 0 1 2 1 1
-1.60207898939306 -0.500723943714718 0.397535638078211 1.03406206132462 -0.377353666017664 -1 2 1 0 1 1 0 1 0 0 1 1 2 1 1 2 0 0 0 0 0 0 2 2 0 1 0 0 0 0 0 -2 -1 0 -1 -1 0 -1 0 0 -1 -1 -2 -1 -1 -2 0 0 0 0 0 0 -2 -2 0 -1 0 0 0 0 0
0.749988407073749 -0.460664045639741 -1.2343180108325 -1.82672924256359 -0.410164288559042 1 2 2 1 2 2 0 2 2 1 2 1 1 0 1 2 1 1 0 2 0 0 2 1 1 2 1 1 1 1 0 2 2 1 2 2 0 2 2 1 2 1 1 0 1 2 1 1 0 2 0 0 2 1 1 2 1 1 1 1 0
0.400909120440305 -0.350317872656548 1.26450491854099 -1.76421458996391 -1.127164527871 -1 1 1 0 1 2 1 1 0 0 2 1 1 1 2 1 0 0 0 1 0 0 2 2 2 2 1 2 2 1 1 -1 -1 0 -1 -2 -1 -1 0 0 -2 -1 -1 -1 -2 -1 0 0 0 -1 0 0 -2 -2 -2 -2 -1 -2 -2 -1 -1
-0.344351884026594 -1.15471498775625 -2.20153607463814 -1.39439937072697 -0.638034143337683 -1 2 2 0 2 2 1 2 2 1 2 1 1 0 2 2 0 0 0 2 0 0 2 2 0 0 0 0 0 1 0 -2 -2 0 -2 -2 -1 -2 -2 -1 -2 -1 -1 0 -2 -2 0 0 0 -2 0 0 -2 -2 0 0 0 0 0 -1 0
0.0569411255483473 -0.204010611050625 1.12731867723132 -0.117684888284285 0.955572762542169 1 2 2 0 2 2 1 2 1 0 2 1 0 0 2 1 0 1 1 2 0 0 2 0 0 1 1 1 1 1 0 2 2 0 2 2 1 2 1 0 2 1 0 0 2 1 0 1 1 2 0 0 2 0 0 1 1 1 1 1 0
1.19566921293453 1.41117507053521 1.31518628977072 -1.22259259989457 0.0974318422381564 1 1 1 0 0 2 0 2 0 1 2 1 0 0 2 2 0 0 0 1 0 0 2 1 0 1 1 0 0 0 0 1 1 0 0 2 0 2 0 1 2 1 0 0 2 2 0 0 0 1 0 0 2 1 0 1 1 0 0 0 0
1.1889809485972 0.847103055102869 -0.521204525751883 -1.76097190553442 2.39486817522414 1 1 1 0 2 2 0 2 1 1 2 2 2 0 1 1 0 1 1 2 0 0 2 1 1 1 0 2 1 0 0 1 1 0 2 2 0 2 1 1 2 2 2 0 1 1 0 1 1 2 0 0 2 1 1 1 0 2 1 0 0
-0.231596895731891 0.699777284639219 -1.10685811230528 -0.0224412277844727 -1.26140900486506 1 0 2 1 1 2 1 1 1 1 2 1 1 0 2 2 0 2 1 1 0 0 2 1 1 1 0 1 1 1 0 0 2 1 1 2 1 1 1 1 2 1 1 0 2 2 0 2 1 1 0 0 2 1 1 1 0 1 1 1 0
-1.39201017006249 0.620594991136752 0.966383600986584 -0.541058670388875 -0.667577487341156 -1 1 2 1 2 2 0 2 2 1 2 1 2 1 2 2 0 1 0 1 0 0 2 2 1 2 0 0 0 2 0 -1 -2 -1 -2 -2 0 -2 -2 -1 -2 -1 -2 -1 -2 -2 0 -1 0 -1 0 0 -2 -2 -1 -2 0 0 0 -2 0
0.908453208446714 0.197892735010782 -0.237928583756877 0.378124298708315 -1.53697490212192 1 0 1 0 1 2 0 2 1 0 2 2 1 0 2 2 1 1 0 2 0 0 1 0 1 1 0 0 0 0 0 0 1 0 1 2 0 2 1 0 2 2 1 0 2 2 1 1 0 2 0 0 1 0 1 1 0 0 0 0 0
-1.43130005780723 -1.0998711016197 0.188612662050696 -0.476177112888834 -0.0359472784322543 1 0 2 0 0 2 2 2 1 1 2 2 2 2 1 1 0 0 0 1 0 0 2 0 0 1 0 2 1 2 0 0 2 0 0 2 2 2 1 1 2 2 2 2 1 1 0 0 0 1 0 0 2 0 0 1 0 2 1 2 0
0.253296769398444 0.256152360444437 0.100768695774566 -0.250583971129855 -1.24532917795252 1 2 2 0 2 2 0 0 1 1 2 2 1 1 2 2 1 1 1 2 0 0 2 1 0 1 0 2 1 0 0 2 2 0 2 2 0 0 1 1 2 2 1 1 2 2 1 1 1 2 0 0 2 1 0 1 0 2 1 0 0
0.599671921637874 -0.0474180049590643 -2.00172464178754 -1.23626849177548 0.140085671036212 1 1 2 1 2 2 1 1 0 1 2 1 2 2 2 2 1 1 0 0 0 0 2 1 0 0 0 0 1 1 1 1 2 1 2 2 1 1 0 1 2 1 2 2 2 2 1 1 0 0 0 0 2 1 0 0 0 0 1 1 1
0.229521153648658 -1.39251457891587 0.774422686510737 -0.0675056261653921 -0.0964516724206269 1 1 1 0 1 1 0 1 1 0 2 2 0 1 2 2 1 1 0 2 0 0 1 0 0 1 1 1 1 0 0 1 1 0 1 1 0 1 1 0 2 2 0 1 2 2 1 1 0 2 0 0 1 0 0 1 1 1 1 0 0
-1.35318109702453 1.87438298195513 1.82767617522734 0.794315899798376 0.155224586165572 1 2 2 2 1 2 1 1 2 1 2 1 1 0 1 1 0 1 0 2 0 0 2 1 1 1 0 2 1 1 0 2 2 2 1 2 1 1 2 1 2 1 1 0 1 1 0 1 0 2 0 0 2 1 1 1 0 2 1 1 0
0.706748590742214 0.0746111671318653 -1.42828150924096 -0.596134456020501 -2.3054522680085 -1 2 2 0 1 2 1 1 0 0 1 0 1 0 1 1 1 1 1 0 0 0 2 1 1 2 1 1 0 0 0 -2 -2 0 -1 -2 -1 -1 0 0 -1 0 -1 0 -1 -1 -1 -1 -1 0 0 0 -2 -1 -1 -2 -1 -1 0 0 0
-0.57114384210294 2.33537444504994 -1.01372675152697 1.55328252388233 -0.54135196848929 1 1 2 0 1 2 1 1 1 1 2 2 2 1 2 1 1 1 0 0 0 0 1 0 0 1 1 2 1 0 0 1 2 0 1 2 1 1 1 1 2 2 2 1 2 1 1 1 0 0 0 0 1 0 0 1 1 2 1 0 0
0.297274803077888 -0.994759839307803 0.685761603857748 0.787070486799506 -0.575257846196166 1 1 2 1 2 2 0 1 1 0 2 2 2 1 2 2 1 1 1 0 0 0 2 0 0 1 0 1 0 1 1 1 2 1 2 2 0 1 1 0 2 2 2 1 2 2 1 1 1 0 0 0 2 0 0 1 0 1 0 1 1
-1.24836198975135 -1.40600371152718 0.225682529553255 0.32791611749212 -0.258019184489161 1 1 2 0 1 2 0 1 1 0 2 2 2 2 1 1 0 1 1 0 0 0 1 2 0 2 0 0 0 0 0 1 2 0 1 2 0 1 1 0 2 2 2 2 1 1 0 1 1 0 0 0 1 2 0 2 0 0 0 0 0
-0.849422025649306 0.107174672029373 0.871280107115312 1.96951874626813 0.0650190988465822 -1 1 2 0 1 2 0 2 1 2 2 2 1 1 2 2 1 2 0 1 0 0 2 1 0 1 0 2 2 2 0 -1 -2 0 -1 -2 0 -2 -1 -2 -2 -2 -1 -1 -2 -2 -1 -2 0 -1 0 0 -2 -1 0 -1 0 -2 -2 -2 0
0.250435707565704 0.567008137929494 1.15235790925684 -2.2527398011828 -1.03440064978991 1 2 2 1 2 2 0 2 2 1 2 2 1 1 2 2 2 0 0 1 0 0 2 1 0 1 1 1 1 2 0 2 2 1 2 2 0 2 2 1 2 2 1 1 2 2 2 0 0 1 0 0 2 1 0 1 1 1 1 2 0
-0.806145329722113 -0.814484138991751 -1.09796515128308 -0.201915236364227 1.31806631442858 -1 1 2 0 1 2 1 1 2 2 2 2 1 0 1 1 0 1 0 2 0 0 2 1 1 2 1 2 1 1 0 -1 -2 0 -1 -2 -1 -1 -2 -2 -2 -2 -1 0 -1 -1 0 -1 0 -2 0 0 -2 -1 -1 -2 -1 -2 -1 -1 0
0.32549238035446 0.227915859636765 -0.278742481974562 -1.08052322415139 -0.206378116435937 1 1 2 0 1 2 1 2 0 0 1 2 2 1 2 2 0 0 1 1 0 0 2 1 1 2 0 2 1 0 0 1 2 0 1 2 1 2 0 0 1 2 2 1 2 2 0 0 1 1 0 0 2 1 1 2 0 2 1 0 0
-1.20505094636461 -0.477881272581389 0.552225915571676 0.402887673857105 0.0494498909453667 -1 1 1 0 1 2 1 1 1 2 2 2 2 1 2 2 0 1 2 2 0 0 2 1 1 2 1 1 0 1 0 -1 -1 0 -1 -2 -1 -1 -1 -2 -2 -2 -2 -1 -2 -2 0 -1 -2 -2 0 0 -2 -1 -1 -2 -1 -1 0 -1 0
1.18378164555122 0.538565627312163 0.782836577902533 0.807270472187569 1.14386553044501 1 2 2 0 2 2 0 0 0 0 2 1 2 1 2 2 1 1 0 1 0 0 2 2 2 2 1 0 0 1 0 2 2 0 2 2 0 0 0 0 2 1 2 1 2 2 1 1 0 1 0 0 2 2 2 2 1 0 0 1 0
-0.64833725581183 -0.382672663083987 -0.95707199064586 0.0101700355158151 -0.248144397768528 1 0 1 0 1 2 1 1 1 1 2 2 1 1 1 2 0 0 0 2 0 0 1 0 0 1 0 0 0 0 0 0 1 0 1 2 1 1 1 1 2 2 1 1 1 2 0 0 0 2 0 0 1 0 0 1 0 0 0 0 0
-1.35188778279627 -0.000888777062810576 0.205225327033229 0.678018401150307 -0.198136295622224 1 2 2 1 1 2 1 2 0 1 2 2 1 0 2 1 0 0 1 1 0 0 2 1 0 0 0 2 1 1 0 2 2 1 1 2 1 2 0 1 2 2 1 0 2 1 0 0 1 1 0 0 2 1 0 0 0 2 1 1 0
2.14697093112442 0.405416219286156 1.31071184389274 -0.134047364754275 -1.17039200464631 1 0 2 0 1 2 1 1 1 0 2 1 1 0 1 2 0 0 1 1 0 0 2 1 0 2 1 1 0 0 0 0 2 0 1 2 1 1 1 0 2 1 1 0 1 2 0 0 1 1 0 0 2 1 0 2 1 1 0 0 0
1.01242603029486 -0.119854915046388 0.504969595298786 0.116729411419136 1.79083616410485 -1 1 1 0 1 2 0 2 0 0 2 1 1 1 2 2 0 1 1 2 0 0 2 2 1 2 0 2 0 1 0 -1 -1 0 -1 -2 0 -2 0 0 -2 -1 -1 -1 -2 -2 0 -1 -1 -2 0 0 -2 -2 -1 -2 0 -2 0 -1 0
0.782805935174963 0.303915651253041 0.31638117777249 0.342398435945562 -0.671853017327787 -1 0 2 0 1 1 0 1 1 0 1 2 2 1 1 2 1 2 2 0 0 0 2 1 0 2 0 0 0 0 0 0 -2 0 -1 -1 0 -1 -1 0 -1 -2 -2 -1 -1 -2 -1 -2 -2 0 0 0 -2 -1 0 -2 0 0 0 0 0
0.281912380121761 -0.488155733820473 0.262955487297304 -0.421554993476804 -0.78471961218844 -1 2 2 1 2 2 1 2 2 1 2 1 2 0 1 2 1 1 2 2 1 0 2 1 1 2 0 1 0 0 0 -2 -2 -1 -2 -2 -1 -2 -2 -1 -2 -1 -2 0 -1 -2 -1 -1 -2 -2 -1 0 -2 -1 -1 -2 0 -1 0 0 0
-0.819857376567867 -0.122652925988505 -0.59800676516763 0.0423100893063605 -1.78601615957502 1 1 2 0 2 2 0 2 1 1 2 1 1 0 1 2 1 2 2 2 0 0 2 2 1 2 0 1 1 0 0 1 2 0 2 2 0 2 1 1 2 1 1 0 1 2 1 2 2 2 0 0 2 2 1 2 0 1 1 0 0
-1.94366198505694 -0.890440125036046 -1.91231886215282 0.666733752488857 0.331524524117499 -1 2 2 1 2 2 0 2 1 0 2 2 2 1 2 2 0 0 0 1 0 0 2 0 0 1 1 0 0 1 0 -2 -2 -1 -2 -2 0 -2 -1 0 -2 -2 -2 -1 -2 -2 0 0 0 -1 0 0 -2 0 0 -1 -1 0 0 -1 0
-0.334578556004228 -0.0736715065001451 -0.926169692523475 0.280251371534931 0.937130407581914 -1 1 2 0 1 2 0 2 2 1 2 2 1 0 2 2 0 0 0 1 0 0 1 0 1 2 1 1 0 1 0 -1 -2 0 -1 -2 0 -2 -2 -1 -2 -2 -1 0 -2 -2 0 0 0 -1 0 0 -1 0 -1 -2 -1 -1 0 -1 0
-1.04740212825062 0.524748051660691 -0.688050656015336 -0.550884714894417 0.549848858444683 -1 2 2 0 1 2 2 1 0 0 1 2 1 1 1 2 0 1 2 1 0 0 1 1 0 1 1 1 1 1 0 -2 -2 0 -1 -2 -2 -1 0 0 -1 -2 -1 -1 -1 -2 0 -1 -2 -1 0 0 -1 -1 0 -1 -1 -1 -1 -1 0
-1.29867626645227 -0.175846889897582 -0.454314048604042 1.17704190700315 -0.945799693449097 1 1 2 0 2 2 0 1 1 0 1 2 1 0 0 1 0 1 0 1 0 0 2 1 1 2 1 0 0 0 1 1 2 0 2 2 0 1 1 0 1 2 1 0 0 1 0 1 0 1 0 0 2 1 1 2 1 0 0 0 1
-0.548981748312952 -0.569511197797496 0.354398543549969 -0.0682335158440041 1.31504033396661 1 1 1 0 1 2 0 1 1 1 2 2 1 0 1 2 1 1 1 2 0 0 2 0 0 1 1 2 0 1 0 1 1 0 1 2 0 1 1 1 2 2 1 0 1 2 1 1 1 2 0 0 2 0 0 1 1 2 0 1 0
0.493411697936987 -0.639390465431705 0.67811482917987 0.214671888780882 -0.608042676272259 -1 0 2 0 1 2 0 1 1 0 1 1 2 0 2 1 0 0 0 1 0 0 2 0 0 2 1 1 0 0 0 0 -2 0 -1 -2 0 -1 -1 0 -1 -1 -2 0 -2 -1 0 0 0 -1 0 0 -2 0 0 -2 -1 -1 0 0 0
0.143222494240789 -1.53699998204164 0.701527162537586 1.12924092421439 0.0705764932633612 1 1 2 0 2 2 1 0 0 0 2 2 1 1 1 1 1 1 1 2 0 0 2 1 0 2 1 2 2 2 1 1 2 0 2 2 1 0 0 0 2 2 1 1 1 1 1 1 1 2 0 0 2 1 0 2 1 2 2 2 1
0.389034682562002 -0.609821208919054 -0.875488478395041 -0.296319081719758 -0.985702403713833 -1 2 2 0 2 2 0 2 0 0 2 2 2 0 1 1 1 0 1 0 0 0 2 1 0 2 0 1 0 0 0 -2 -2 0 -2 -2 0 -2 0 0 -2 -2 -2 0 -1 -1 -1 0 -1 0 0 0 -2 -1 0 -2 0 -1 0 0 0
0.0715807490144522 1.7848839588609 -0.41847222940917 0.813716629008119 0.639255341368481 -1 0 2 0 1 2 1 2 2 1 2 1 1 1 2 2 1 1 1 1 0 0 2 1 0 0 0 2 1 1 0 0 -2 0 -1 -2 -1 -2 -2 -1 -2 -1 -1 -1 -2 -2 -1 -1 -1 -1 0 0 -2 -1 0 0 0 -2 -1 -1 0
-1.10196753534591 0.880954403112384 -1.22644633222708 -0.419870286496315 -0.063030325229035 1 1 2 1 1 2 0 1 0 0 2 0 0 1 2 2 0 0 0 2 0 0 2 0 0 1 1 2 0 0 0 1 2 1 1 2 0 1 0 0 2 0 0 1 2 2 0 0 0 2 0 0 2 0 0 1 1 2 0 0 0
0.956377421858714 0.132942517874212 -1.56711857546476 -0.266661226565081 0.473339682998274 -1 1 1 0 1 1 1 2 2 1 1 2 1 2 2 2 1 0 0 2 0 0 2 1 0 1 0 2 0 1 0 -1 -1 0 -1 -1 -1 -2 -2 -1 -1 -2 -1 -2 -2 -2 -1 0 0 -2 0 0 -2 -1 0 -1 0 -2 0 -1 0
