1.42793828289518 -0.0964092715628589 -0.769886935856146 -0.352158510566501 0.403099862088632 -1 0 0 2 1 2 1 0 2 1 0 0 0 2 1 2 0 1 0 0 0 0 1 2 1 2 2 2 1 0 2 0 0 -2 -1 -2 -1 0 -2 -1 0 0 0 -2 -1 -2 0 -1 0 0 0 0 -1 -2 -1 -2 -2 -2 -1 0 -2
0.047788872001591 0.908293009602339 -0.58065127961416 0.293511537691684 -0.703817691096073 1 1 0 2 1 2 0 0 2 1 0 0 0 2 2 1 0 0 0 0 0 0 0 1 0 1 2 1 0 0 1 1 0 2 1 2 0 0 2 1 0 0 0 2 2 1 0 0 0 0 0 0 0 1 0 1 2 1 0 0 1
-1.57965945607859 0.723482586431538 -0.375553883699172 -1.61731415943115 -1.9013418267251 1 2 0 2 2 2 1 1 2 2 1 0 1 2 2 2 0 0 0 0 2 1 2 1 1 2 2 1 1 0 2 2 0 2 2 2 1 1 2 2 1 0 1 2 2 2 0 0 0 0 2 1 2 1 1 2 2 1 1 0 2
0.0715847843723157 0.491714224772904 -1.1965764359074 1.02332396925139 -1.17729666403282 1 1 0 2 1 2 0 0 2 0 0 0 0 1 2 1 0 0 0 0 1 0 0 0 0 1 2 1 2 2 2 1 0 2 1 2 0 0 2 0 0 0 0 1 2 1 0 0 0 0 1 0 0 0 0 1 2 1 2 2 2
-0.46500067368052 0.0345254745496181 0.02864974126683 -0.9856536093541 0.0212295029725847 -1 2 1 2 2 2 1 1 2 2 2 0 0 1 1 1 0 1 1 1 2 0 2 1 0 1 1 2 1 0 1 -2 -1 -2 -2 -2 -1 -1 -2 -2 -2 0 0 -1 -1 -1 0 -1 -1 -1 -2 0 -2 -1 0 -1 -1 -2 -1 0 -1
-0.536569328484391 -0.0203134631591389 0.254052723271764 -1.51745798623087 -1.29906381193238 -1 0 0 2 1 2 2 0 2 1 0 0 0 2 2 1 0 2 1 0 1 0 1 2 1 2 2 2 1 1 2 0 0 -2 -1 -2 -2 0 -2 -1 0 0 0 -2 -2 -1 0 -2 -1 0 -1 0 -1 -2 -1 -2 -2 -2 -1 -1 -2
0.767762203540366 0.199348761377381 -0.969970841545042 0.0618703572328201 -0.876049222745735 1 0 0 2 1 1 1 0 2 0 0 0 0 2 2 1 0 0 0 0 2 0 1 2 1 1 2 0 0 0 2 0 0 2 1 1 1 0 2 0 0 0 0 2 2 1 0 0 0 0 2 0 1 2 1 1 2 0 0 0 2
-0.5189779544714 0.384909311016436 0.0460722093208766 -2.1756475586051 0.320972141788371 1 2 0 2 1 2 1 0 2 1 0 0 0 1 1 1 0 1 1 1 2 0 2 2 0 2 2 2 2 0 2 2 0 2 1 2 1 0 2 1 0 0 0 1 1 1 0 1 1 1 2 0 2 2 0 2 2 2 2 0 2
-1.29850758674231 -1.80771288980472 0.859928781230212 -0.0372892621308959 -0.0576858028350906 -1 2 1 2 2 2 0 0 2 1 0 0 0 2 2 1 0 1 1 1 2 0 1 1 1 2 2 2 2 0 2 -2 -1 -2 -2 -2 0 0 -2 -1 0 0 0 -2 -2 -1 0 -1 -1 -1 -2 0 -1 -1 -1 -2 -2 -2 -2 0 -2
1.18952512859325 0.878637809119823 0.202323826660892 1.06881610190633 1.27087597743384 1 0 0 1 0 1 0 0 2 1 0 0 0 2 2 1 0 1 1 0 2 0 2 2 0 1 1 1 0 0 2 0 0 1 0 1 0 0 2 1 0 0 0 2 2 1 0 1 1 0 2 0 2 2 0 1 1 1 0 0 2
-1.32920515715149 0.784924001063411 -0.176855421181751 -1.73282649860071 -0.560448043316692 -1 0 1 1 1 2 1 0 1 1 1 1 0 2 1 2 0 2 2 1 2 0 1 1 1 2 2 2 1 0 2 0 -1 -1 -1 -2 -1 0 -1 -1 -1 -1 0 -2 -1 -2 0 -2 -2 -1 -2 0 -1 -1 -1 -2 -2 -2 -1 0 -2
1.1035496061385 0.387474343343489 -2.59431296422468 -1.74330993734153 1.8450452334302 -1 1 0 2 1 1 1 0 2 1 0 1 1 2 2 2 0 0 1 0 2 0 0 0 0 0 2 2 1 0 1 -1 0 -2 -1 -1 -1 0 -2 -1 0 -1 -1 -2 -2 -2 0 0 -1 0 -2 0 0 0 0 0 -2 -2 -1 0 -1
0.182598717852368 0.698644019197859 0.212727699630011 1.32839893928297 0.0693967609882503 1 1 0 2 1 1 2 0 2 1 0 0 1 1 1 1 0 1 0 0 1 0 0 0 0 1 2 2 1 1 2 1 0 2 1 1 2 0 2 1 0 0 1 1 1 1 0 1 0 0 1 0 0 0 0 1 2 2 1 1 2
-0.65992795342121 -0.98361876501565 -0.503312642803678 -1.13730020217724 0.632060612800726 -1 0 1 2 2 2 1 0 2 1 0 0 0 1 2 2 0 1 0 0 0 0 0 1 1 1 2 2 1 0 2 0 -1 -2 -2 -2 -1 0 -2 -1 0 0 0 -1 -2 -2 0 -1 0 0 0 0 0 -1 -1 -1 -2 -2 -1 0 -2
1.00451736244584 -1.42679146749942 -0.71458132395507 0.213959280150287 0.637388608793783 1 0 0 1 1 2 1 0 2 1 0 0 0 2 2 2 1 2 2 0 2 0 2 1 1 2 2 2 2 1 2 0 0 1 1 2 1 0 2 1 0 0 0 2 2 2 1 2 2 0 2 0 2 1 1 2 2 2 2 1 2
0.859989249864293 0.724326565104694 0.0430021826181643 -1.82131717136163 -0.238465058982035 -1 0 0 2 1 2 1 0 2 1 0 0 0 0 0 1 0 1 1 0 2 0 1 1 0 0 2 1 0 0 1 0 0 -2 -1 -2 -1 0 -2 -1 0 0 0 0 0 -1 0 -1 -1 0 -2 0 -1 -1 0 0 -2 -1 0 0 -1
-0.450687326188335 1.41251938259486 -2.28430195953398 0.400131056382775 -0.12976666430626 -1 0 0 2 1 2 0 0 2 2 0 0 1 1 2 2 0 2 0 0 1 0 2 1 0 2 2 2 1 0 2 0 0 -2 -1 -2 0 0 -2 -2 0 0 -1 -1 -2 -2 0 -2 0 0 -1 0 -2 -1 0 -2 -2 -2 -1 0 -2
0.334628750831514 -1.54029265781696 0.746782246935147 -0.0533866525224719 -0.804359915977949 1 0 0 2 1 2 1 2 2 2 1 1 1 1 1 1 0 2 0 0 2 0 1 0 0 0 2 2 0 0 2 0 0 2 1 2 1 2 2 2 1 1 1 1 1 1 0 2 0 0 2 0 1 0 0 0 2 2 0 0 2
0.0399845663138029 -0.57817798372157 -0.803322626814609 0.466717688125244 2.02403084795015 1 0 0 2 2 1 1 0 2 2 0 0 0 2 1 1 0 2 1 1 2 0 1 2 0 1 2 2 0 0 1 0 0 2 2 1 1 0 2 2 0 0 0 2 1 1 0 2 1 1 2 0 1 2 0 1 2 2 0 0 1
1.32160121756213 -0.828136807844758 -0.0240347969625001 0.228222638388134 -1.10370731598971 -1 2 0 2 1 1 2 0 2 0 0 0 0 2 1 1 0 1 1 0 1 0 0 0 0 1 2 2 0 1 2 -2 0 -2 -1 -1 -2 0 -2 0 0 0 0 -2 -1 -1 0 -1 -1 0 -1 0 0 0 0 -1 -2 -2 0 -1 -2
-1.78539878405524 -0.0292906065881562 -0.540782122334581 -1.16585804495952 -0.898370880134776 1 0 0 2 1 2 0 0 2 0 0 0 0 1 1 1 0 1 2 0 1 0 1 1 0 0 1 0 0 0 2 0 0 2 1 2 0 0 2 0 0 0 0 1 1 1 0 1 2 0 1 0 1 1 0 0 1 0 0 0 2
0.413479998150453 -0.921413092355159 0.805291619198111 -1.69233348955946 1.85489750169949 -1 1 0 2 0 2 0 0 1 1 0 0 0 2 0 1 0 0 1 0 2 0 1 0 1 2 1 1 1 0 2 -1 0 -2 0 -2 0 0 -1 -1 0 0 0 -2 0 -1 0 0 -1 0 -2 0 -1 0 -1 -2 -1 -1 -1 0 -2
-0.588704453652534 0.344326785636744 0.828706480652908 1.01002481739092 -1.22947349451731 1 0 0 2 2 2 1 1 2 1 1 0 1 2 2 2 0 0 0 1 2 0 1 1 0 1 2 1 1 0 2 0 0 2 2 2 1 1 2 1 1 0 1 2 2 2 0 0 0 1 2 0 1 1 0 1 2 1 1 0 2
-1.35007517240526 0.267732751935491 -0.52613100914984 -2.37846021970577 -0.493383497109282 1 1 0 2 1 2 1 0 2 1 0 0 0 2 1 1 0 1 0 0 2 0 0 0 0 2 2 2 2 0 1 1 0 2 1 2 1 0 2 1 0 0 0 2 1 1 0 1 0 0 2 0 0 0 0 2 2 2 2 0 1
-0.80399723659827 0.792131900776741 0.337500384343915 1.07494616511767 1.77769011629497 1 2 1 2 1 2 0 0 2 1 0 0 0 2 2 2 0 2 1 0 1 0 1 1 1 1 2 2 1 1 2 2 1 2 1 2 0 0 2 1 0 0 0 2 2 2 0 2 1 0 1 0 1 1 1 1 2 2 1 1 2
0.833102911726701 0.378699631387436 0.15528369728281 -0.493174882891448 -1.24954304578484 1 2 0 2 1 2 0 0 2 2 1 0 0 2 2 1 0 0 0 1 2 0 1 2 1 2 1 1 1 0 2 2 0 2 1 2 0 0 2 2 1 0 0 2 2 1 0 0 0 1 2 0 1 2 1 2 1 1 1 0 2
-0.553111919665869 0.208122999900077 -1.40228774724456 0.486491460913623 0.156123560307738 -1 0 0 1 2 2 1 0 2 0 0 0 1 2 1 0 0 1 1 0 2 0 1 1 0 1 2 1 1 1 2 0 0 -1 -2 -2 -1 0 -2 0 0 0 -1 -2 -1 0 0 -1 -1 0 -2 0 -1 -1 0 -1 -2 -1 -1 -1 -2
-0.496929896660811 1.16708264445241 -1.0213956839358 -1.0562350664161 -0.58879684717893 1 0 0 2 1 2 1 0 2 2 0 0 0 1 2 2 1 2 2 1 2 0 1 1 0 1 2 1 0 1 2 0 0 2 1 2 1 0 2 2 0 0 0 1 2 2 1 2 2 1 2 0 1 1 0 1 2 1 0 1 2
1.34920738760198 0.747672422472291 0.455060598911363 1.187930163421 1.72940619983958 -1 0 0 2 1 2 1 0 2 2 1 0 0 2 2 1 0 2 0 0 1 0 2 1 0 0 2 2 0 0 2 0 0 -2 -1 -2 -1 0 -2 -2 -1 0 0 -2 -2 -1 0 -2 0 0 -1 0 -2 -1 0 0 -2 -2 0 0 -2
1.00967476431608 1.70937492970792 -0.449159430932441 1.09088803339587 -1.38345234668464 1 0 0 2 2 2 1 0 2 1 0 0 0 2 2 1 0 2 1 0 1 0 1 1 0 0 1 2 0 0 1 0 0 2 2 2 1 0 2 1 0 0 0 2 2 1 0 2 1 0 1 0 1 1 0 0 1 2 0 0 1
0.595378468741034 -1.04860057131605 0.521966214468313 0.152300252874193 0.856022586713897 1 0 0 2 1 2 1 0 2 1 1 0 1 2 2 1 0 0 1 0 2 0 0 0 0 2 2 1 1 0 2 0 0 2 1 2 1 0 2 1 1 0 1 2 2 1 0 0 1 0 2 0 0 0 0 2 2 1 1 0 2
-0.433197114823579 0.694806946953555 -1.18215724350906 -1.24898237881525 1.66341407228598 -1 1 0 2 2 1 0 0 1 1 1 1 1 1 0 0 0 0 0 0 1 0 0 1 0 1 2 2 1 2 2 -1 0 -2 -2 -1 0 0 -1 -1 -1 -1 -1 -1 0 0 0 0 0 0 -1 0 0 -1 0 -1 -2 -2 -1 -2 -2
-0.00796485397534278 -2.77977765681174 -0.531431034986647 -1.24470287887027 0.104638803929555 -1 1 0 2 1 2 2 0 2 2 0 0 0 2 2 1 0 2 0 1 2 0 0 0 1 1 2 2 1 0 1 -1 0 -2 -1 -2 -2 0 -2 -2 0 0 0 -2 -2 -1 0 -2 0 -1 -2 0 0 0 -1 -1 -2 -2 -1 0 -1
-1.08233413485683 -0.467005469137394 0.236388559324316 0.0800800006668131 0.287888411815455 -1 0 0 2 2 1 0 0 2 1 0 0 0 1 1 1 0 1 1 0 2 0 1 1 1 2 2 1 2 0 2 0 0 -2 -2 -1 0 0 -2 -1 0 0 0 -1 -1 -1 0 -1 -1 0 -2 0 -1 -1 -1 -2 -2 -1 -2 0 -2
1.07980727662481 0.829358262898527 0.133743926372106 -0.182023558203884 -0.0984729285841918 1 1 0 2 1 2 1 0 2 2 1 0 0 2 2 2 0 2 0 0 1 0 2 2 0 2 2 1 1 1 2 1 0 2 1 2 1 0 2 2 1 0 0 2 2 2 0 2 0 0 1 0 2 2 0 2 2 1 1 1 2
-0.331204522945862 0.572878100843724 -1.06873098275609 0.048587777394065 -0.472617877890334 -1 0 0 2 1 2 1 1 2 1 0 0 0 1 1 1 0 1 1 2 1 0 1 2 0 0 2 2 2 1 2 0 0 -2 -1 -2 -1 -1 -2 -1 0 0 0 -1 -1 -1 0 -1 -1 -2 -1 0 -1 -2 0 0 -2 -2 -2 -1 -2
-3.16079377827447 1.11797044188451 1.16183443828349 -1.33771933209001 -0.554042121177656 -1 0 0 2 1 2 0 0 2 2 0 0 0 2 1 2 0 1 1 1 1 0 0 1 1 1 2 1 2 0 2 0 0 -2 -1 -2 0 0 -2 -2 0 0 0 -2 -1 -2 0 -1 -1 -1 -1 0 0 -1 -1 -1 -2 -1 -2 0 -2
-0.365411836448904 0.970651469493176 1.12541269606157 2.27842178242407 -1.06627371162625 1 0 0 2 1 1 1 0 2 1 0 0 1 2 2 1 0 2 0 0 2 0 1 1 0 1 2 1 1 0 1 0 0 2 1 1 1 0 2 1 0 0 1 2 2 1 0 2 0 0 2 0 1 1 0 1 2 1 1 0 1
0.477910239520878 0.662009903394668 -2.14251838852487 -1.35125541141597 0.156699341987129 -1 1 0 2 1 2 1 0 2 1 0 0 0 1 1 1 0 2 0 0 2 0 1 2 0 1 2 2 1 0 2 -1 0 -2 -1 -2 -1 0 -2 -1 0 0 0 -1 -1 -1 0 -2 0 0 -2 0 -1 -2 0 -1 -2 -2 -1 0 -2
0.442038002429082 2.11805462582311 -0.198270024176687 -1.49518249063768 0.156051712594294 -1 1 0 2 2 1 1 0 1 1 1 0 0 1 2 2 0 1 0 1 2 0 1 1 1 2 2 2 2 2 2 -1 0 -2 -2 -1 -1 0 -1 -1 -1 0 0 -1 -2 -2 0 -1 0 -1 -2 0 -1 -1 -1 -2 -2 -2 -2 -2 -2
-0.925045007878876 1.45029929680373 0.508846079379856 0.431997639634429 0.0343154956291196 1 0 0 2 2 2 1 0 2 1 0 0 1 2 1 1 0 1 0 0 2 0 2 1 0 0 2 1 1 1 2 0 0 2 2 2 1 0 2 1 0 0 1 2 1 1 0 1 0 0 2 0 2 1 0 0 2 1 1 1 2
-0.460783739275318 1.93086104167683 2.05292084963518 -0.279110808258151 2.52584982715339 1 0 0 2 1 2 0 0 2 0 0 0 0 2 2 1 0 2 1 0 1 0 1 0 0 1 2 1 0 0 2 0 0 2 1 2 0 0 2 0 0 0 0 2 2 1 0 2 1 0 1 0 1 0 0 1 2 1 0 0 2
-0.174276899488586 -0.447572968682572 -0.836033162970689 -0.487911295811442 -0.0967965862240607 -1 2 0 2 1 2 2 0 2 1 0 0 0 2 1 1 0 2 2 0 2 0 1 1 0 2 1 1 1 0 1 -2 0 -2 -1 -2 -2 0 -2 -1 0 0 0 -2 -1 -1 0 -2 -2 0 -2 0 -1 -1 0 -2 -1 -1 -1 0 -1
0.781920936584864 -0.618706482602178 0.494417102720986 -0.583717553449593 -0.114561047434417 1 1 0 2 1 2 2 0 2 2 2 0 0 2 2 2 1 2 0 1 2 1 2 1 0 2 2 2 1 0 2 1 0 2 1 2 2 0 2 2 2 0 0 2 2 2 1 2 0 1 2 1 2 1 0 2 2 2 1 0 2
0.237573377165453 -0.0886860314770949 -1.32227741656982 -0.898908476929599 1.18604592776655 1 1 0 2 1 2 0 0 2 1 1 0 0 1 2 2 0 1 0 0 2 0 1 1 0 1 1 2 2 0 2 1 0 2 1 2 0 0 2 1 1 0 0 1 2 2 0 1 0 0 2 0 1 1 0 1 1 2 2 0 2
0.620391122879618 0.299001589627842 -0.428464957919991 -0.19918369468244 0.557185038551532 -1 1 1 2 2 2 1 0 2 1 0 0 0 2 2 1 0 2 0 0 0 0 0 1 1 1 2 1 1 0 2 -1 -1 -2 -2 -2 -1 0 -2 -1 0 0 0 -2 -2 -1 0 -2 0 0 0 0 0 -1 -1 -1 -2 -1 -1 0 -2
-0.958457718889599 1.1701594240101 -2.27983411614633 -1.23315303108054 -1.18378153020809 1 1 0 2 2 2 1 0 2 1 0 0 0 2 0 1 0 0 1 0 1 0 0 1 0 1 2 2 1 0 2 1 0 2 2 2 1 0 2 1 0 0 0 2 0 1 0 0 1 0 1 0 0 1 0 1 2 2 1 0 2
-0.201243066414676 1.97146709085878 0.0649170191362708 -0.460430115125809 -0.421737768571416 1 0 1 2 2 2 1 0 2 2 1 0 1 2 2 1 0 0 1 1 2 1 2 2 0 1 2 2 1 0 2 0 1 2 2 2 1 0 2 2 1 0 1 2 2 1 0 0 1 1 2 1 2 2 0 1 2 2 1 0 2
0.625421526690531 -0.369507049432788 -1.45260272035561 1.47347753948525 0.170282458582122 -1 2 0 2 1 2 0 1 2 1 0 0 0 2 2 2 0 2 1 1 2 0 2 1 1 1 1 1 1 1 2 -2 0 -2 -1 -2 0 -1 -2 -1 0 0 0 -2 -2 -2 0 -2 -1 -1 -2 0 -2 -1 -1 -1 -1 -1 -1 -1 -2
-2.00252948800408 0.356152099814131 0.167779818517414 0.566543044875594 1.97768782896996 1 1 0 2 2 1 2 0 2 2 1 0 0 2 2 1 0 2 1 1 2 0 1 1 1 1 1 1 1 0 2 1 0 2 2 1 2 0 2 2 1 0 0 2 2 1 0 2 1 1 2 0 1 1 1 1 1 1 1 0 2
-0.31800433251555 -0.413681631587041 -0.574278391949529 0.181768877501883 -1.24754142583478 1 0 0 2 1 0 1 0 2 1 0 0 0 2 1 0 0 0 0 0 2 0 2 0 1 2 2 2 0 0 2 0 0 2 1 0 1 0 2 1 0 0 0 2 1 0 0 0 0 0 2 0 2 0 1 2 2 2 0 0 2
-1.03281017301095 0.357710952307285 -0.388358142131545 1.17359723873232 -2.93175184792564 -1 1 0 2 1 1 0 0 2 1 1 0 0 2 1 1 0 1 0 0 2 0 1 1 0 2 2 1 0 0 2 -1 0 -2 -1 -1 0 0 -2 -1 -1 0 0 -2 -1 -1 0 -1 0 0 -2 0 -1 -1 0 -2 -2 -1 0 0 -2
0.446528386936758 -0.153456190643134 0.778048199427289 -1.02364842079719 1.9416517090553 -1 1 1 2 1 2 1 0 2 2 0 0 0 2 1 2 0 1 0 1 2 0 1 1 0 1 2 2 1 0 2 -1 -1 -2 -1 -2 -1 0 -2 -2 0 0 0 -2 -1 -2 0 -1 0 -1 -2 0 -1 -1 0 -1 -2 -2 -1 0 -2
0.133093183085435 -0.770985211047764 1.95415600866737 -1.08823121719487 2.15992281744134 1 1 1 2 0 2 0 0 2 1 0 0 0 1 0 0 0 2 1 2 2 0 0 1 0 1 2 1 1 1 2 1 1 2 0 2 0 0 2 1 0 0 0 1 0 0 0 2 1 2 2 0 0 1 0 1 2 1 1 1 2
-0.20005418810343 0.221470098311948 -0.459213798936316 0.334947596193543 1.61923893856211 -1 0 1 1 0 1 0 0 2 1 0 0 0 2 1 1 0 0 1 1 2 0 1 1 1 2 2 2 2 2 2 0 -1 -1 0 -1 0 0 -2 -1 0 0 0 -2 -1 -1 0 0 -1 -1 -2 0 -1 -1 -1 -2 -2 -2 -2 -2 -2
-2.01722132171826 -0.0214536801510294 -0.66644138975139 0.916473543684438 -0.40695321610861 -1 0 0 2 0 1 0 0 1 1 0 0 0 2 2 1 0 1 0 1 2 0 2 1 0 1 2 1 1 1 2 0 0 -2 0 -1 0 0 -1 -1 0 0 0 -2 -2 -1 0 -1 0 -1 -2 0 -2 -1 0 -1 -2 -1 -1 -1 -2
0.265679017961411 -1.1079942367028 -0.0546126051404121 0.53183427761642 -1.00982251026407 1 1 0 2 1 2 1 0 2 2 2 0 0 2 1 2 0 2 0 1 2 0 1 2 0 1 2 2 2 0 2 1 0 2 1 2 1 0 2 2 2 0 0 2 1 2 0 2 0 1 2 0 1 2 0 1 2 2 2 0 2
1.25147714536589 0.632272582899849 -1.08713252669507 0.842912691233174 0.713265618370763 -1 0 0 2 0 2 0 0 2 1 0 0 1 2 2 2 0 1 1 1 2 0 1 1 0 2 1 0 0 1 2 0 0 -2 0 -2 0 0 -2 -1 0 0 -1 -2 -2 -2 0 -1 -1 -1 -2 0 -1 -1 0 -2 -1 0 0 -1 -2
-0.0775441442321791 -0.0149049374225066 1.15257666697454 -2.19937072244226 -0.579872548319762 -1 1 1 2 2 2 2 0 2 1 0 0 0 2 2 1 0 1 0 1 2 0 1 0 1 1 2 1 1 1 2 -1 -1 -2 -2 -2 -2 0 -2 -1 0 0 0 -2 -2 -1 0 -1 0 -1 -2 0 -1 0 -1 -1 -2 -1 -1 -1 -2
0.558092181991052 -0.465621591148074 -0.751929938296719 0.638252378395022 -1.27732987302316 1 2 0 2 1 2 0 0 2 1 1 0 0 2 2 1 0 1 0 1 1 0 1 1 0 0 1 1 1 1 2 2 0 2 1 2 0 0 2 1 1 0 0 2 2 1 0 1 0 1 1 0 1 1 0 0 1 1 1 1 2
-1.28190387836565 0.428962933834906 0.474669904408923 -0.0171401478352784 -1.20103592461797 1 2 1 2 2 2 1 0 2 2 0 0 0 2 2 1 0 1 0 0 1 0 2 1 0 2 2 2 1 0 2 2 1 2 2 2 1 0 2 2 0 0 0 2 2 1 0 1 0 0 1 0 2 1 0 2 2 2 1 0 2
-1.79750057683176 0.547628958737937 0.338901195492931 0.187957366903691 0.707944998447595 1 0 0 2 0 0 0 0 2 1 0 0 0 2 2 2 0 2 1 1 1 0 1 1 0 2 2 2 1 1 2 0 0 2 0 0 0 0 2 1 0 0 0 2 2 2 0 2 1 1 1 0 1 1 0 2 2 2 1 1 2
0.112144011892617 -1.22667018145769 0.165612597784516 0.274851060205086 -1.44070345138334 1 1 1 2 1 1 2 0 2 1 1 0 0 2 1 0 0 2 0 1 2 0 1 2 0 0 2 2 2 1 2 1 1 2 1 1 2 0 2 1 1 0 0 2 1 0 0 2 0 1 2 0 1 2 0 0 2 2 2 1 2
-1.15553056704426 -0.800656635094589 0.209889267619011 0.102024767433592 -1.06088575126517 -1 1 0 2 2 1 1 0 1 1 1 0 0 2 2 2 0 0 0 0 1 0 0 1 0 1 2 2 1 1 2 -1 0 -2 -2 -1 -1 0 -1 -1 -1 0 0 -2 -2 -2 0 0 0 0 -1 0 0 -1 0 -1 -2 -2 -1 -1 -2
-1.93590923910732 0.346520893696663 -1.83727163785913 -1.70980260030231 -1.07737539831783 -1 0 0 2 2 2 1 0 2 1 0 0 0 2 1 1 0 1 0 1 2 0 2 2 0 1 2 2 0 0 2 0 0 -2 -2 -2 -1 0 -2 -1 0 0 0 -2 -1 -1 0 -1 0 -1 -2 0 -2 -2 0 -1 -2 -2 0 0 -2
0.704906441394684 -0.224564956163826 -1.20674829243294 -0.0555087230480414 -0.710415715184805 1 1 0 2 0 2 2 0 2 1 1 0 0 1 0 0 0 1 1 1 2 0 1 1 0 2 2 2 1 1 1 1 0 2 0 2 2 0 2 1 1 0 0 1 0 0 0 1 1 1 2 0 1 1 0 2 2 2 1 1 1
-1.22269377846476 -0.782833275284793 -1.53330478712382 2.55769025334693 -0.230107505409267 -1 1 0 2 1 1 1 0 2 1 1 0 0 2 1 0 0 2 0 1 2 0 2 0 0 1 2 2 2 1 2 -1 0 -2 -1 -1 -1 0 -2 -1 -1 0 0 -2 -1 0 0 -2 0 -1 -2 0 -2 0 0 -1 -2 -2 -2 -1 -2
-0.445281005835824 0.267839182515202 0.216640921984682 -1.3477798883091 0.66112206356021 1 1 0 2 2 2 2 0 2 2 0 0 0 2 2 2 0 0 0 0 2 0 2 0 0 1 2 2 1 0 2 1 0 2 2 2 2 0 2 2 0 0 0 2 2 2 0 0 0 0 2 0 2 0 0 1 2 2 1 0 2
-1.222692735078 0.460044189427319 2.1770479480638 0.540401764120714 0.625361043681237 -1 0 0 2 1 1 2 0 2 0 0 0 0 2 1 0 0 0 1 1 2 0 1 2 1 2 2 1 1 1 2 0 0 -2 -1 -1 -2 0 -2 0 0 0 0 -2 -1 0 0 0 -1 -1 -2 0 -1 -2 -1 -2 -2 -1 -1 -1 -2
1.02609924673073 0.988683039964557 1.02866236415024 0.572350895375271 0.367995314164279 1 1 0 2 1 1 0 0 2 1 0 0 0 1 1 1 0 1 0 0 2 0 1 1 0 1 2 2 1 0 2 1 0 2 1 1 0 0 2 1 0 0 0 1 1 1 0 1 0 0 2 0 1 1 0 1 2 2 1 0 2
0.912994208425628 -0.720808221952047 0.0582361004833477 -0.220525008259734 1.97775385733431 1 1 0 2 1 1 1 1 2 2 2 1 0 2 1 0 0 1 0 0 2 0 0 1 0 1 2 2 2 0 2 1 0 2 1 1 1 1 2 2 2 1 0 2 1 0 0 1 0 0 2 0 0 1 0 1 2 2 2 0 2
-1.51417769656948 0.166561766298102 -0.532473863110438 0.179976473978519 0.588861191778198 1 0 0 2 2 2 0 0 2 2 2 0 0 2 1 1 0 2 2 0 2 0 2 1 0 2 2 2 1 0 2 0 0 2 2 2 0 0 2 2 2 0 0 2 1 1 0 2 2 0 2 0 2 1 0 2 2 2 1 0 2
0.187741171334655 -0.101655932936226 -0.0198809301869742 0.996662036188976 0.615744872213015 1 1 0 2 0 2 1 0 1 0 0 0 0 2 2 2 0 1 1 0 2 0 2 1 0 2 2 2 2 0 2 1 0 2 0 2 1 0 1 0 0 0 0 2 2 2 0 1 1 0 2 0 2 1 0 2 2 2 2 0 2
1.03331925168338 -0.829733042895353 -1.44598191024264 0.0277652370637486 -0.636132321988332 -1 1 0 2 0 1 1 0 2 1 0 0 0 2 2 1 0 1 1 0 2 0 1 2 0 0 1 1 0 0 2 -1 0 -2 0 -1 -1 0 -2 -1 0 0 0 -2 -2 -1 0 -1 -1 0 -2 0 -1 -2 0 0 -1 -1 0 0 -2
-1.69009623254949 1.88273591862005 -0.913009233665392 1.1431993812805 0.72685195432303 -1 2 1 2 1 1 2 1 2 2 1 0 1 2 2 2 0 1 1 1 2 0 1 0 1 2 2 2 2 1 2 -2 -1 -2 -1 -1 -2 -1 -2 -2 -1 0 -1 -2 -2 -2 0 -1 -1 -1 -2 0 -1 0 -1 -2 -2 -2 -2 -1 -2
0.855655718927533 -0.714599839622283 -0.196945629945594 -0.221990046336777 -0.898836648010192 -1 1 0 2 1 2 0 0 2 2 0 0 0 2 2 2 0 2 1 0 2 0 1 0 0 0 2 1 2 2 2 -1 0 -2 -1 -2 0 0 -2 -2 0 0 0 -2 -2 -2 0 -2 -1 0 -2 0 -1 0 0 0 -2 -1 -2 -2 -2
0.63002865009101 -2.51209095927873 0.305124810433521 -1.02292838427198 0.412881955618326 -1 0 0 1 0 1 1 0 2 2 1 0 0 2 1 2 0 2 0 0 2 0 1 0 1 1 2 1 2 1 2 0 0 -1 0 -1 -1 0 -2 -2 -1 0 0 -2 -1 -2 0 -2 0 0 -2 0 -1 0 -1 -1 -2 -1 -2 -1 -2
-0.555017544010254 0.665829371626075 0.800776201543288 1.624847848824 -0.174306682292868 1 1 0 2 1 2 0 0 2 2 0 0 0 2 1 1 0 1 0 0 1 0 2 2 1 2 2 1 1 0 1 1 0 2 1 2 0 0 2 2 0 0 0 2 1 1 0 1 0 0 1 0 2 2 1 2 2 1 1 0 1
-0.929676383479873 -0.278658628893739 -0.359821638223346 -0.0767776584869252 -0.936399361602441 -1 0 0 2 2 2 0 0 2 2 0 0 0 2 2 1 0 1 1 1 2 2 2 2 0 1 2 0 0 0 1 0 0 -2 -2 -2 0 0 -2 -2 0 0 0 -2 -2 -1 0 -1 -1 -1 -2 -2 -2 -2 0 -1 -2 0 0 0 -1
-0.577933397771549 0.758778663739545 0.385447678145486 -1.68156655485304 1.18851959012801 -1 0 0 2 0 1 0 0 1 1 1 0 0 1 1 2 0 1 0 0 1 0 2 2 1 1 2 2 0 1 2 0 0 -2 0 -1 0 0 -1 -1 -1 0 0 -1 -1 -2 0 -1 0 0 -1 0 -2 -2 -1 -1 -2 -2 0 -1 -2
0.59844196741206 0.71301525914777 0.330353658971693 0.152028098917553 0.848313349104901 1 1 0 2 1 2 1 0 2 2 0 0 0 2 1 1 0 1 0 1 2 0 1 2 0 1 2 2 1 0 2 1 0 2 1 2 1 0 2 2 0 0 0 2 1 1 0 1 0 1 2 0 1 2 0 1 2 2 1 0 2
1.38590128725971 -0.121864908266335 1.03109331705328 2.81824351836752 -1.17859690299213 1 2 0 2 1 2 1 0 2 1 1 0 0 1 2 2 0 2 0 0 1 0 1 1 1 2 2 2 2 1 2 2 0 2 1 2 1 0 2 1 1 0 0 1 2 2 0 2 0 0 1 0 1 1 1 2 2 2 2 1 2
0.102866779222615 0.178444348176845 1.22818072016108 -0.351640718801211 -0.0719725934784893 1 1 0 1 1 1 1 0 2 1 1 0 0 2 1 2 0 0 0 0 2 0 1 2 1 1 2 2 1 0 2 1 0 1 1 1 1 0 2 1 1 0 0 2 1 2 0 0 0 0 2 0 1 2 1 1 2 2 1 0 2
0.627680527745032 -0.534649985029956 0.262071947337796 0.608750855187752 1.41545154242385 1 2 0 2 1 0 1 0 2 2 0 0 0 1 2 1 0 1 0 0 2 0 2 1 0 0 2 1 1 0 1 2 0 2 1 0 1 0 2 2 0 0 0 1 2 1 0 1 0 0 2 0 2 1 0 0 2 1 1 0 1
-1.44999342200669 -0.447084681496118 1.44617119988357 0.300565650831911 -0.153469142122108 -1 1 2 2 2 2 1 0 2 1 1 0 0 2 2 1 0 2 0 0 1 0 1 1 1 0 2 2 2 0 2 -1 -2 -2 -2 -2 -1 0 -2 -1 -1 0 0 -2 -2 -1 0 -2 0 0 -1 0 -1 -1 -1 0 -2 -2 -2 0 -2
1.05621566964933 -0.99503813547443 0.210836374483269 -0.434229969098578 -0.874525725814333 -1 1 0 2 2 2 0 0 2 2 1 0 0 2 2 0 0 2 0 0 2 0 2 1 0 0 2 2 1 0 1 -1 0 -2 -2 -2 0 0 -2 -2 -1 0 0 -2 -2 0 0 -2 0 0 -2 0 -2 -1 0 0 -2 -2 -1 0 -1
0.0579277207721812 -0.499647855854128 -0.0956532026659696 -0.224899589637296 1.13994112735622 1 0 0 2 1 1 0 0 2 0 0 0 0 1 1 0 0 1 1 0 2 1 2 0 1 2 2 1 0 0 2 0 0 2 1 1 0 0 2 0 0 0 0 1 1 0 0 1 1 0 2 1 2 0 1 2 2 1 0 0 2
-0.158931972580836 -0.0672870952162858 -0.194485256654602 -0.171294148519964 -1.06557971242851 -1 0 0 1 0 1 1 1 2 2 2 0 0 2 2 2 0 2 1 0 2 0 0 1 0 1 2 0 2 1 2 0 0 -1 0 -1 -1 -1 -2 -2 -2 0 0 -2 -2 -2 0 -2 -1 0 -2 0 0 -1 0 -1 -2 0 -2 -1 -2
-0.755106530003206 -1.22264747289612 -0.0932820580367996 0.472392690839766 1.12374294392872 -1 0 0 2 1 2 1 0 2 1 0 0 0 2 1 1 0 2 1 1 2 0 1 1 0 0 1 1 1 0 2 0 0 -2 -1 -2 -1 0 -2 -1 0 0 0 -2 -1 -1 0 -2 -1 -1 -2 0 -1 -1 0 0 -1 -1 -1 0 -2
-0.381899320393929 0.0703308534869677 -0.0851567188158788 1.02802275233311 -0.999797162615902 1 1 1 2 0 1 1 0 2 2 1 0 0 2 2 0 0 1 1 0 2 0 1 0 0 1 2 1 0 0 2 1 1 2 0 1 1 0 2 2 1 0 0 2 2 0 0 1 1 0 2 0 1 0 0 1 2 1 0 0 2
1.9329072204312 1.02650650801331 -0.523765247848974 -1.68938312485906 -0.0961034496128871 1 1 0 2 1 1 1 0 2 1 0 0 0 2 2 1 0 1 0 0 2 0 1 1 0 2 2 1 1 1 2 1 0 2 1 1 1 0 2 1 0 0 0 2 2 1 0 1 0 0 2 0 1 1 0 2 2 1 1 1 2
1.15846156130325 -1.13725477049755 1.55586980611352 0.696485485908673 -0.340055725931042 1 0 0 2 1 1 2 0 2 2 1 0 0 2 2 1 0 1 0 0 2 0 2 2 0 1 2 2 2 0 2 0 0 2 1 1 2 0 2 2 1 0 0 2 2 1 0 1 0 0 2 0 2 2 0 1 2 2 2 0 2
-0.131314835260252 -0.998685094369674 0.665417677098738 -0.569232735025588 -0.77124067479892 1 2 0 2 1 2 0 0 2 1 1 0 1 2 2 2 1 2 0 1 2 0 1 2 0 1 1 1 1 1 2 2 0 2 1 2 0 0 2 1 1 0 1 2 2 2 1 2 0 1 2 0 1 2 0 1 1 1 1 1 2
0.195599139656486 -1.13192197385151 0.782406895972287 -0.414990589044409 0.746940858507709 -1 1 0 2 1 1 0 0 1 1 0 0 0 2 2 2 1 2 0 0 1 0 2 0 0 1 2 2 1 0 1 -1 0 -2 -1 -1 0 0 -1 -1 0 0 0 -2 -2 -2 -1 -2 0 0 -1 0 -2 0 0 -1 -2 -2 -1 0 -1
-0.575433984777131 -0.112893251550736 -1.22764829028499 -0.840036057799748 -0.110586792670127 -1 2 0 2 1 2 1 0 2 1 1 0 0 2 2 1 0 2 2 2 2 0 2 2 0 1 2 1 1 1 2 -2 0 -2 -1 -2 -1 0 -2 -1 -1 0 0 -2 -2 -1 0 -2 -2 -2 -2 0 -2 -2 0 -1 -2 -1 -1 -1 -2
-1.02006835223002 0.615950936995598 0.0858371931481385 -0.552362532082722 0.769769677411139 -1 1 2 2 1 2 2 0 2 1 0 0 0 2 2 2 0 0 1 1 2 1 1 1 1 0 2 1 1 1 2 -1 -2 -2 -1 -2 -2 0 -2 -1 0 0 0 -2 -2 -2 0 0 -1 -1 -2 -1 -1 -1 -1 0 -2 -1 -1 -1 -2
1.54055757035224 -0.207653785443566 1.54535480847009 1.33260424639826 0.906405804023107 1 1 0 2 0 1 0 0 2 1 1 1 0 1 2 2 0 2 2 0 2 0 0 2 0 0 1 1 2 0 2 1 0 2 0 1 0 0 2 1 1 1 0 1 2 2 0 2 2 0 2 0 0 2 0 0 1 1 2 0 2
-0.654768228656626 -0.0392216583388375 1.84148098008009 -0.460476950017373 0.578997654877679 1 1 1 2 2 2 1 2 2 2 0 0 0 1 1 1 0 2 1 0 0 0 1 2 0 1 2 2 1 0 1 1 1 2 2 2 1 2 2 2 0 0 0 1 1 1 0 2 1 0 0 0 1 2 0 1 2 2 1 0 1
-1.30677849370951 -0.474403740965031 -0.492929955597175 0.987322604671458 -0.303176352886502 1 1 1 2 1 2 0 0 1 1 0 0 0 1 2 2 0 0 0 1 2 0 2 2 0 1 2 1 0 0 2 1 1 2 1 2 0 0 1 1 0 0 0 1 2 2 0 0 0 1 2 0 2 2 0 1 2 1 0 0 2
-0.596619296374173 -0.477034674081016 1.03876628125827 -0.0548901054558211 -0.943793342780065 1 1 0 1 2 2 0 0 1 2 2 1 2 2 1 1 0 2 0 0 0 0 0 0 1 1 2 1 1 0 2 1 0 1 2 2 0 0 1 2 2 1 2 2 1 1 0 2 0 0 0 0 0 0 1 1 2 1 1 0 2
