-1.57422888730908 -2.60018374235666 0.654027545865132 0.400122108247616 0.334216232236086 1 1 0 1 2 2 2 1 1 0 0 1 1 1 2 0 0 1 1 1 2 1 1 2 0 0 2 1 1 2 0 1 0 1 2 2 2 1 1 0 0 1 1 1 2 0 0 1 1 1 2 1 1 2 0 0 2 1 1 2 0
-0.0246221573780586 -1.12288813480736 -0.738925557631676 2.01936844930023 0.461582916725105 -1 2 2 2 2 1 2 2 1 0 2 1 2 1 2 1 1 2 2 2 2 1 2 2 0 0 1 1 0 2 0 -2 -2 -2 -2 -1 -2 -2 -1 0 -2 -1 -2 -1 -2 -1 -1 -2 -2 -2 -2 -1 -2 -2 0 0 -1 -1 0 -2 0
1.02264005033832 0.24949393821689 0.390775855408253 -1.13554851350988 1.23395476774684 1 1 0 0 1 1 2 0 0 0 1 1 0 0 2 0 0 1 0 0 0 0 0 1 0 0 1 2 1 1 0 1 0 0 1 1 2 0 0 0 1 1 0 0 2 0 0 1 0 0 0 0 0 1 0 0 1 2 1 1 0
0.643953641810433 -2.15603706854628 -0.144610235701582 0.301585085719504 1.24643430487205 1 0 0 0 2 1 2 1 1 1 2 1 2 1 2 0 0 2 0 0 1 0 1 2 0 0 2 2 1 2 0 0 0 0 2 1 2 1 1 1 2 1 2 1 2 0 0 2 0 0 1 0 1 2 0 0 2 2 1 2 0
-0.502062561131827 0.750929671784271 0.711295587914383 -1.13361793763081 -1.70467054627526 -1 2 0 1 1 1 2 1 1 0 1 1 0 0 2 0 1 1 0 1 2 1 1 1 0 0 2 2 1 2 0 -2 0 -1 -1 -1 -2 -1 -1 0 -1 -1 0 0 -2 0 -1 -1 0 -1 -2 -1 -1 -1 0 0 -2 -2 -1 -2 0
-0.334475121273657 -1.11347044638348 -0.292790417133543 -1.29001158596262 -1.8425154378141 1 0 0 2 1 1 2 0 0 0 1 1 1 1 2 0 0 0 0 0 1 1 1 2 0 0 1 2 1 2 1 0 0 2 1 1 2 0 0 0 1 1 1 1 2 0 0 0 0 0 1 1 1 2 0 0 1 2 1 2 1
-1.06144974729604 0.110590358112106 0.29396011484424 -0.173075231739404 0.332073682187577 -1 2 1 2 2 1 2 0 0 0 0 1 1 0 2 0 0 2 0 1 2 2 2 2 0 0 1 1 0 0 0 -2 -1 -2 -2 -1 -2 0 0 0 0 -1 -1 0 -2 0 0 -2 0 -1 -2 -2 -2 -2 0 0 -1 -1 0 0 0
1.08438523302254 1.24342704463071 -1.5430843250227 -0.683981897613045 -2.17155442557731 -1 1 1 2 2 2 2 1 2 0 0 1 2 1 2 0 1 1 1 0 2 2 2 2 0 0 1 2 0 1 0 -1 -1 -2 -2 -2 -2 -1 -2 0 0 -1 -2 -1 -2 0 -1 -1 -1 0 -2 -2 -2 -2 0 0 -1 -2 0 -1 0
-0.134062151000667 1.36547705306209 -1.00799404847122 0.146142102548712 1.16364529177262 -1 0 0 1 2 0 2 1 0 0 1 1 1 0 2 0 0 1 0 0 1 1 1 2 0 0 1 1 1 2 0 0 0 -1 -2 0 -2 -1 0 0 -1 -1 -1 0 -2 0 0 -1 0 0 -1 -1 -1 -2 0 0 -1 -1 -1 -2 0
-0.038432818396386 -1.02569573416283 -0.272874067829101 0.911577836245596 -0.108263923085317 -1 1 0 2 2 2 2 0 1 0 1 0 2 1 2 0 0 2 1 1 2 2 2 2 1 0 1 1 0 2 0 -1 0 -2 -2 -2 -2 0 -1 0 -1 0 -2 -1 -2 0 0 -2 -1 -1 -2 -2 -2 -2 -1 0 -1 -1 0 -2 0
2.14888419091198 -0.311270071115601 -1.32424846579403 0.125910468416161 1.26076350409083 1 2 0 2 2 1 2 1 1 0 1 1 1 1 2 0 1 2 0 0 2 1 2 2 1 0 1 0 0 0 0 2 0 2 2 1 2 1 1 0 1 1 1 1 2 0 1 2 0 0 2 1 2 2 1 0 1 0 0 0 0
-1.82839801099486 -2.68571234805812 0.687215530227179 -1.38887720569587 -1.30196777339053 -1 0 0 1 1 1 2 1 0 0 1 2 1 1 2 0 0 1 0 0 0 1 1 1 0 0 1 1 1 2 0 0 0 -1 -1 -1 -2 -1 0 0 -1 -2 -1 -1 -2 0 0 -1 0 0 0 -1 -1 -1 0 0 -1 -1 -1 -2 0
-0.969347607775754 0.621438841298284 -0.975476989352113 1.19230416164439 1.25901189647798 1 2 0 2 2 1 2 1 2 0 1 1 2 1 2 0 0 0 0 1 2 0 0 2 0 0 1 1 0 1 0 2 0 2 2 1 2 1 2 0 1 1 2 1 2 0 0 0 0 1 2 0 0 2 0 0 1 1 0 1 0
0.66000656427758 -1.78038305321297 0.317120928704651 1.26963441432507 -1.55565979696375 -1 1 0 2 2 0 1 0 0 0 1 1 1 0 2 0 0 2 0 0 1 1 1 1 0 0 1 2 2 1 1 -1 0 -2 -2 0 -1 0 0 0 -1 -1 -1 0 -2 0 0 -2 0 0 -1 -1 -1 -1 0 0 -1 -2 -2 -1 -1
-1.40615650966879 -1.03879446528688 1.23087012502773 -0.109240257734902 1.75963743092629 -1 1 0 1 2 1 2 0 1 0 2 2 1 1 2 0 1 1 1 0 0 0 0 1 0 0 2 1 1 2 0 -1 0 -1 -2 -1 -2 0 -1 0 -2 -2 -1 -1 -2 0 -1 -1 -1 0 0 0 0 -1 0 0 -2 -1 -1 -2 0
0.791245793236131 -0.135111180767665 -0.696123718966421 -1.3007625551045 1.85607076580066 -1 2 0 1 2 2 2 1 1 0 2 1 0 0 2 0 0 1 0 0 1 1 1 2 1 0 0 0 0 2 0 -2 0 -1 -2 -2 -2 -1 -1 0 -2 -1 0 0 -2 0 0 -1 0 0 -1 -1 -1 -2 -1 0 0 0 0 -2 0
-0.00669662902920863 0.414846161443707 -0.774352763684361 -0.651376539440022 0.269200802538331 1 2 0 2 2 1 2 2 1 0 1 2 2 1 2 0 0 1 0 0 1 1 1 2 0 0 2 0 0 1 0 2 0 2 2 1 2 2 1 0 1 2 2 1 2 0 0 1 0 0 1 1 1 2 0 0 2 0 0 1 0
-1.29453668287954 -1.37732243363862 -0.162248436288928 0.220381851552966 -0.570322260193006 1 1 0 1 2 2 1 0 0 0 0 2 2 1 2 1 0 1 0 0 2 1 1 2 0 0 1 0 1 2 1 1 0 1 2 2 1 0 0 0 0 2 2 1 2 1 0 1 0 0 2 1 1 2 0 0 1 0 1 2 1
0.128884019420402 -0.159048069794379 -3.37956965774123 -0.457140578651854 -0.841457438897554 -1 2 2 2 2 1 2 1 2 0 1 1 1 1 2 1 1 2 1 1 1 1 1 2 1 1 1 1 0 2 0 -2 -2 -2 -2 -1 -2 -1 -2 0 -1 -1 -1 -1 -2 -1 -1 -2 -1 -1 -1 -1 -1 -2 -1 -1 -1 -1 0 -2 0
-1.47151808737861 0.21203809800946 -0.897434032374576 -1.75113821225514 0.979927949318477 -1 2 0 2 2 2 2 1 2 0 1 0 0 0 2 0 0 1 0 0 2 0 0 2 2 0 2 1 0 2 0 -2 0 -2 -2 -2 -2 -1 -2 0 -1 0 0 0 -2 0 0 -1 0 0 -2 0 0 -2 -2 0 -2 -1 0 -2 0
0.651188425901268 0.989864430201559 -0.167953426465892 0.634061085934415 0.527585389398502 1 1 0 2 2 2 2 1 1 0 2 1 2 1 2 0 1 2 0 1 2 2 1 2 1 0 1 0 0 1 1 1 0 2 2 2 2 1 1 0 2 1 2 1 2 0 1 2 0 1 2 2 1 2 1 0 1 0 0 1 1
1.81538360368326 -1.61245106372783 0.469229541603215 -0.0424981331885912 0.30273039386858 1 2 1 2 2 1 2 0 1 0 1 2 1 0 2 1 0 1 1 1 2 1 2 1 0 0 1 1 0 1 0 2 1 2 2 1 2 0 1 0 1 2 1 0 2 1 0 1 1 1 2 1 2 1 0 0 1 1 0 1 0
-1.01243879932372 0.622688877748844 0.779280506709772 -1.08969122319948 -0.126712998635473 1 1 0 0 2 1 2 0 1 0 0 0 1 0 1 0 1 2 0 0 1 0 1 2 1 0 1 1 1 2 1 1 0 0 2 1 2 0 1 0 0 0 1 0 1 0 1 2 0 0 1 0 1 2 1 0 1 1 1 2 1
0.295882994734792 0.0270640160496151 1.38303985484872 -3.10374442111869 0.549972223790804 1 1 0 2 2 1 1 0 0 0 2 1 1 0 2 1 1 2 1 0 2 1 1 2 0 0 2 1 0 1 0 1 0 2 2 1 1 0 0 0 2 1 1 0 2 1 1 2 1 0 2 1 1 2 0 0 2 1 0 1 0
0.181939535671266 -0.17485047726544 0.106535252541858 0.39413105547337 -0.732673415484056 -1 1 0 2 2 1 2 1 1 0 1 2 2 1 2 0 0 2 0 1 2 0 1 2 0 0 1 2 0 1 0 -1 0 -2 -2 -1 -2 -1 -1 0 -1 -2 -2 -1 -2 0 0 -2 0 -1 -2 0 -1 -2 0 0 -1 -2 0 -1 0
1.16161340976216 0.672754641318437 0.331097214588392 -0.121130966922933 -1.7969559535845 -1 2 0 1 2 1 2 0 0 0 1 2 2 1 2 0 0 0 0 0 1 0 0 2 0 0 2 1 0 2 0 -2 0 -1 -2 -1 -2 0 0 0 -1 -2 -2 -1 -2 0 0 0 0 0 -1 0 0 -2 0 0 -2 -1 0 -2 0
2.06826041084668 0.679541498453405 2.06359561673681 -1.64871835095343 -0.25710038750985 1 1 1 2 2 1 2 1 0 0 0 2 2 1 2 0 0 0 0 0 2 2 2 2 0 0 0 1 0 1 0 1 1 2 2 1 2 1 0 0 0 2 2 1 2 0 0 0 0 0 2 2 2 2 0 0 0 1 0 1 0
0.921511964759863 0.598857389580327 -1.57913117576688 0.274844162590075 -0.285369493145361 1 2 1 2 2 2 2 0 1 0 2 1 2 1 2 0 1 1 0 1 1 0 1 2 1 0 1 1 0 2 0 2 1 2 2 2 2 0 1 0 2 1 2 1 2 0 1 1 0 1 1 0 1 2 1 0 1 1 0 2 0
0.33244419043301 -0.535819166423594 1.16077436528473 -0.659624244126689 -2.24337387561021 1 1 0 2 2 1 2 1 1 0 0 0 0 1 2 0 0 1 1 0 0 0 1 2 1 0 1 2 0 1 0 1 0 2 2 1 2 1 1 0 0 0 0 1 2 0 0 1 1 0 0 0 1 2 1 0 1 2 0 1 0
0.382441138941143 0.548877839073205 2.56453223555473 -0.539396841262102 0.638040544557474 -1 1 0 1 1 1 2 1 1 0 0 2 2 2 2 0 2 1 0 0 0 0 0 2 0 0 1 1 1 2 0 -1 0 -1 -1 -1 -2 -1 -1 0 0 -2 -2 -2 -2 0 -2 -1 0 0 0 0 0 -2 0 0 -1 -1 -1 -2 0
-0.409525780193185 1.17297467842252 0.688365386003214 0.886104958936124 0.669331300825056 1 2 2 2 2 2 1 0 1 1 2 0 1 1 2 0 0 1 0 0 1 0 1 2 0 0 1 2 0 1 0 2 2 2 2 2 1 0 1 1 2 0 1 1 2 0 0 1 0 0 1 0 1 2 0 0 1 2 0 1 0
0.413263095879049 -0.292167806306304 0.382689548382934 0.449182896371034 -0.492167675961565 -1 1 0 2 2 2 1 0 0 0 1 1 1 0 2 0 0 1 0 0 0 0 0 2 0 0 1 1 0 0 0 -1 0 -2 -2 -2 -1 0 0 0 -1 -1 -1 0 -2 0 0 -1 0 0 0 0 0 -2 0 0 -1 -1 0 0 0
-0.165041090174383 1.13766121913755 -0.704370035912177 1.80342231344825 0.024766573472284 -1 2 0 2 2 2 2 0 1 0 1 2 1 1 2 0 0 0 0 0 0 1 0 2 1 1 2 2 0 0 0 -2 0 -2 -2 -2 -2 0 -1 0 -1 -2 -1 -1 -2 0 0 0 0 0 0 -1 0 -2 -1 -1 -2 -2 0 0 0
0.368715568797526 0.535119228865874 -1.25067622454415 -1.74239659665796 -2.54142231831769 -1 2 1 2 2 2 2 0 1 0 1 2 1 0 2 1 1 0 0 0 1 1 1 2 0 0 1 2 2 2 0 -2 -1 -2 -2 -2 -2 0 -1 0 -1 -2 -1 0 -2 -1 -1 0 0 0 -1 -1 -1 -2 0 0 -1 -2 -2 -2 0
0.29899346420341 -2.6121366599136 -1.2713143888233 2.10242237742324 -0.668590303914167 -1 2 2 2 2 2 1 0 0 0 0 0 0 0 1 0 0 2 0 0 2 2 2 2 1 0 1 2 2 2 0 -2 -2 -2 -2 -2 -1 0 0 0 0 0 0 0 -1 0 0 -2 0 0 -2 -2 -2 -2 -1 0 -1 -2 -2 -2 0
-1.02614079218946 1.84896470856036 -0.710677494419763 0.426757145975453 -0.257540664640379 -1 0 0 1 1 1 2 0 1 0 0 1 2 2 2 0 0 0 0 0 2 1 2 2 0 0 1 0 0 1 0 0 0 -1 -1 -1 -2 0 -1 0 0 -1 -2 -2 -2 0 0 0 0 0 -2 -1 -2 -2 0 0 -1 0 0 -1 0
0.46613282756875 1.02292956272322 0.0853699679863319 0.939010322921343 -2.01372319215281 1 1 1 2 2 2 1 0 1 0 1 2 2 2 2 0 1 1 0 0 2 1 1 1 0 0 2 2 0 1 1 1 1 2 2 2 1 0 1 0 1 2 2 2 2 0 1 1 0 0 2 1 1 1 0 0 2 2 0 1 1
0.513005508685951 -0.648729021924691 0.0622048150508833 -0.112127242976548 3.09071948631602 1 1 0 2 2 2 1 0 0 0 1 2 2 2 2 0 0 2 0 0 1 2 2 2 0 0 1 0 0 1 0 1 0 2 2 2 1 0 0 0 1 2 2 2 2 0 0 2 0 0 1 2 2 2 0 0 1 0 0 1 0
-0.319065341023445 -1.17725626359714 2.21281715230383 1.54206550812929 -0.221214277253294 1 2 1 2 2 2 2 1 1 0 1 1 2 0 2 0 2 1 1 0 0 0 1 2 2 0 0 0 0 1 0 2 1 2 2 2 2 1 1 0 1 1 2 0 2 0 2 1 1 0 0 0 1 2 2 0 0 0 0 1 0
-0.527219621679881 -0.672223615292456 0.752215118230196 -0.60074177485894 -0.0015140335949858 -1 2 0 2 2 1 2 0 1 0 0 1 2 1 2 1 1 1 0 0 1 1 0 1 0 0 1 0 1 2 0 -2 0 -2 -2 -1 -2 0 -1 0 0 -1 -2 -1 -2 -1 -1 -1 0 0 -1 -1 0 -1 0 0 -1 0 -1 -2 0
-0.608026327212955 -0.243309893740137 -0.348742406552492 2.58188884344912 -2.91963772193179 1 1 1 2 2 1 2 1 1 0 1 2 1 1 2 0 0 2 0 0 1 0 0 1 0 0 1 2 1 1 0 1 1 2 2 1 2 1 1 0 1 2 1 1 2 0 0 2 0 0 1 0 0 1 0 0 1 2 1 1 0
0.389784836637447 -0.637361461102572 -0.0756962568609839 0.425665388217245 0.970475364091231 1 1 0 1 2 2 2 0 1 0 0 2 2 0 2 0 1 2 0 0 1 2 2 1 0 1 2 1 0 2 0 1 0 1 2 2 2 0 1 0 0 2 2 0 2 0 1 2 0 0 1 2 2 1 0 1 2 1 0 2 0
0.989527726183988 -0.217988504791743 -0.638189569968348 -0.913313353130534 -1.25377523667925 1 1 1 2 2 1 2 0 0 0 2 1 2 0 2 0 0 1 1 0 1 1 2 2 0 0 2 2 2 2 0 1 1 2 2 1 2 0 0 0 2 1 2 0 2 0 0 1 1 0 1 1 2 2 0 0 2 2 2 2 0
-0.00603963904807726 0.841707699721439 0.789518516056362 0.0224866903290518 -0.18633392966937 -1 0 0 2 2 1 2 0 0 0 0 2 1 0 2 0 0 0 0 0 2 2 2 2 0 0 2 2 1 2 0 0 0 -2 -2 -1 -2 0 0 0 0 -2 -1 0 -2 0 0 0 0 0 -2 -2 -2 -2 0 0 -2 -2 -1 -2 0
-2.03491411444928 -0.271880830470066 0.17751679407766 -0.734297890216353 0.265209219365786 -1 0 0 1 2 2 1 0 0 0 1 2 1 0 2 0 0 1 0 0 0 1 2 2 0 0 1 1 0 1 0 0 0 -1 -2 -2 -1 0 0 0 -1 -2 -1 0 -2 0 0 -1 0 0 0 -1 -2 -2 0 0 -1 -1 0 -1 0
0.0637004714072609 1.62271216499537 0.0861244406483115 0.0272574538002064 0.083710548127614 1 2 0 1 1 1 1 0 0 0 1 2 1 1 2 0 0 1 1 0 1 1 2 2 0 0 1 1 0 1 0 2 0 1 1 1 1 0 0 0 1 2 1 1 2 0 0 1 1 0 1 1 2 2 0 0 1 1 0 1 0
-1.18705042579606 1.21314891966208 1.410990949862 0.825376799689932 -1.52454575169338 1 1 0 2 2 2 1 0 0 0 1 0 1 0 2 0 0 1 1 1 2 1 1 2 0 0 2 1 1 0 0 1 0 2 2 2 1 0 0 0 1 0 1 0 2 0 0 1 1 1 2 1 1 2 0 0 2 1 1 0 0
0.319354865560839 0.288098174882152 -0.612193492868857 -2.1255925677405 0.538716429356246 -1 1 0 2 2 2 2 2 2 1 1 2 1 0 1 0 0 1 0 0 2 1 1 2 1 0 1 1 2 2 0 -1 0 -2 -2 -2 -2 -2 -2 -1 -1 -2 -1 0 -1 0 0 -1 0 0 -2 -1 -1 -2 -1 0 -1 -1 -2 -2 0
0.0478713132782297 0.0903761232816706 0.211605597114598 1.8079227159701 -0.00385927175699327 -1 1 1 2 2 2 2 1 1 1 1 1 1 0 2 0 1 1 0 0 1 0 1 2 0 0 1 0 0 0 0 -1 -1 -2 -2 -2 -2 -1 -1 -1 -1 -1 -1 0 -2 0 -1 -1 0 0 -1 0 -1 -2 0 0 -1 0 0 0 0
0.381486099511099 0.183275805830752 -0.944233586801747 -0.111051856323514 0.244424989776107 1 0 1 2 2 2 2 0 1 0 0 2 1 2 2 1 0 1 2 1 2 1 0 2 0 0 2 1 1 1 0 0 1 2 2 2 2 0 1 0 0 2 1 2 2 1 0 1 2 1 2 1 0 2 0 0 2 1 1 1 0
-0.169176249556264 0.502108548940551 1.30457070972991 1.71723629732733 1.72618182067462 1 1 0 1 1 0 2 1 0 0 2 1 1 1 2 0 0 0 0 0 0 0 0 1 0 0 0 1 0 2 0 1 0 1 1 0 2 1 0 0 2 1 1 1 2 0 0 0 0 0 0 0 0 1 0 0 0 1 0 2 0
0.626824138483867 -0.422759428113759 0.167938805330813 -1.44511457620881 -1.57237048527215 -1 1 0 2 2 1 2 0 0 0 1 1 1 0 2 0 0 1 0 1 1 2 1 2 2 1 1 1 0 2 0 -1 0 -2 -2 -1 -2 0 0 0 -1 -1 -1 0 -2 0 0 -1 0 -1 -1 -2 -1 -2 -2 -1 -1 -1 0 -2 0
-0.993469643327067 0.800180613507101 0.393035283580846 -0.507139688182994 -1.06209185981767 1 2 1 1 2 2 2 1 1 0 1 1 2 1 2 0 0 1 0 1 1 0 0 1 0 0 0 1 0 0 0 2 1 1 2 2 2 1 1 0 1 1 2 1 2 0 0 1 0 1 1 0 0 1 0 0 0 1 0 0 0
-1.40633083681905 -0.323441698571468 2.16897944377721 0.0136961796310647 0.50648450680299 -1 2 0 2 2 1 2 0 1 1 2 2 1 0 2 0 0 1 0 0 0 0 1 2 1 0 1 2 1 2 0 -2 0 -2 -2 -1 -2 0 -1 -1 -2 -2 -1 0 -2 0 0 -1 0 0 0 0 -1 -2 -1 0 -1 -2 -1 -2 0
0.554011912667567 1.08570937005446 -2.36886148638314 -1.57444400020677 1.26876035102653 -1 0 1 2 2 2 2 0 1 0 0 2 1 1 2 2 1 1 0 0 2 1 1 2 0 0 2 2 0 0 0 0 -1 -2 -2 -2 -2 0 -1 0 0 -2 -1 -1 -2 -2 -1 -1 0 0 -2 -1 -1 -2 0 0 -2 -2 0 0 0
-0.455775364623598 -0.842991606480999 -1.26014560107008 0.366814012710789 0.555203087175777 -1 2 1 2 2 2 2 1 0 0 2 1 1 0 2 0 0 0 0 0 1 1 0 1 0 0 1 1 1 0 0 -2 -1 -2 -2 -2 -2 -1 0 0 -2 -1 -1 0 -2 0 0 0 0 0 -1 -1 0 -1 0 0 -1 -1 -1 0 0
0.879203890472725 1.29400986568801 -0.310977722894993 -0.248488005058549 0.697366132089164 -1 0 0 2 2 1 2 0 1 1 2 2 1 1 2 0 0 0 0 0 1 0 2 1 0 0 1 0 0 2 0 0 0 -2 -2 -1 -2 0 -1 -1 -2 -2 -1 -1 -2 0 0 0 0 0 -1 0 -2 -1 0 0 -1 0 0 -2 0
-0.572195346375856 1.17533503588566 0.140212639730951 -0.323314245434132 -1.180492838101 -1 2 2 2 2 1 2 1 1 0 2 1 1 0 1 0 0 0 0 0 0 0 0 2 0 0 1 1 0 0 0 -2 -2 -2 -2 -1 -2 -1 -1 0 -2 -1 -1 0 -1 0 0 0 0 0 0 0 0 -2 0 0 -1 -1 0 0 0
-0.874666682199143 -0.804638483207836 -0.770019691206078 -0.169588292108213 0.0604016640075728 1 2 1 2 2 2 2 2 1 0 2 0 1 1 2 0 0 0 0 0 1 0 1 1 0 0 2 1 0 1 0 2 1 2 2 2 2 2 1 0 2 0 1 1 2 0 0 0 0 0 1 0 1 1 0 0 2 1 0 1 0
-0.106398026950003 -0.14264792380567 -0.0243080184824153 -1.02698219838971 -1.14470634903457 1 2 1 2 2 1 2 2 2 0 2 1 1 1 2 0 0 1 0 0 1 0 0 2 0 0 2 2 1 2 0 2 1 2 2 1 2 2 2 0 2 1 1 1 2 0 0 1 0 0 1 0 0 2 0 0 2 2 1 2 0
-0.0736065057769506 2.02446002725181 -0.362608877026599 -0.914384626472998 -0.638299672958205 -1 2 1 2 2 1 2 0 1 0 0 2 2 2 2 0 1 2 0 0 1 1 1 2 0 0 1 2 0 2 0 -2 -1 -2 -2 -1 -2 0 -1 0 0 -2 -2 -2 -2 0 -1 -2 0 0 -1 -1 -1 -2 0 0 -1 -2 0 -2 0
1.06001534804807 0.796497059415282 -0.947057296184834 0.779683752254285 -0.443386232112489 -1 1 0 1 2 1 2 2 2 0 1 2 2 0 2 0 1 2 1 1 1 1 2 2 0 0 1 2 1 2 0 -1 0 -1 -2 -1 -2 -2 -2 0 -1 -2 -2 0 -2 0 -1 -2 -1 -1 -1 -1 -2 -2 0 0 -1 -2 -1 -2 0
0.168587581003539 -0.985390799186445 0.203417278896298 1.56715565653529 0.511903034317422 1 2 1 2 2 2 1 0 0 0 0 2 1 0 2 0 0 1 0 0 2 1 1 2 0 0 0 0 0 2 0 2 1 2 2 2 1 0 0 0 0 2 1 0 2 0 0 1 0 0 2 1 1 2 0 0 0 0 0 2 0
-1.58144939941558 -0.0667383151575847 -1.48566380323502 -0.740512623709982 -1.52677355606899 -1 1 0 1 2 2 2 0 0 0 0 0 2 0 2 0 0 0 0 0 1 0 1 2 1 0 1 1 0 2 0 -1 0 -1 -2 -2 -2 0 0 0 0 0 -2 0 -2 0 0 0 0 0 -1 0 -1 -2 -1 0 -1 -1 0 -2 0
-0.1151821790147 -0.171602006874179 1.00023573922705 -1.20024877470768 -1.11062788564505 -1 2 0 0 2 1 2 0 2 0 1 1 1 0 2 0 0 1 0 0 0 0 0 1 0 0 1 1 1 2 0 -2 0 0 -2 -1 -2 0 -2 0 -1 -1 -1 0 -2 0 0 -1 0 0 0 0 0 -1 0 0 -1 -1 -1 -2 0
-0.155862403001491 1.95444242791906 0.0946496975828187 -1.23760353281987 0.558998103669657 1 1 0 1 2 1 2 1 2 0 0 2 2 1 2 0 0 2 1 0 2 2 2 2 1 0 0 0 0 1 0 1 0 1 2 1 2 1 2 0 0 2 2 1 2 0 0 2 1 0 2 2 2 2 1 0 0 0 0 1 0
0.122482729122261 -0.448867102861427 0.0617543339732863 1.13064401842191 0.740404388453771 -1 1 0 2 2 2 2 0 0 0 1 1 0 0 2 0 0 1 0 0 2 0 1 2 0 0 1 2 2 2 0 -1 0 -2 -2 -2 -2 0 0 0 -1 -1 0 0 -2 0 0 -1 0 0 -2 0 -1 -2 0 0 -1 -2 -2 -2 0
-1.05336510164368 1.1365928831526 1.85539581563675 -0.171325300052257 -0.10625026323406 -1 2 1 1 1 1 1 0 0 0 1 2 2 2 2 1 1 2 0 0 1 1 1 2 0 0 2 1 0 2 1 -2 -1 -1 -1 -1 -1 0 0 0 -1 -2 -2 -2 -2 -1 -1 -2 0 0 -1 -1 -1 -2 0 0 -2 -1 0 -2 -1
0.480972192240869 0.934668022021217 0.722672211234427 -0.0561247715599436 -0.494321159683908 -1 2 1 2 2 2 2 0 0 0 0 2 1 0 2 0 0 2 0 0 1 0 1 2 0 0 2 2 1 2 1 -2 -1 -2 -2 -2 -2 0 0 0 0 -2 -1 0 -2 0 0 -2 0 0 -1 0 -1 -2 0 0 -2 -2 -1 -2 -1
1.12223803659129 -0.889692014625168 -1.87316712477869 0.44852040665051 0.723616835817046 -1 2 0 2 2 2 2 1 1 0 1 2 2 0 2 0 0 2 0 0 1 0 2 2 0 0 1 2 1 1 0 -2 0 -2 -2 -2 -2 -1 -1 0 -1 -2 -2 0 -2 0 0 -2 0 0 -1 0 -2 -2 0 0 -1 -2 -1 -1 0
-0.652410111399951 -0.279602768486486 -0.889336376436062 0.73120296770004 -0.929508190455542 -1 2 0 1 2 0 2 0 0 0 2 2 2 1 2 0 1 1 0 0 0 2 1 2 0 0 0 1 0 0 0 -2 0 -1 -2 0 -2 0 0 0 -2 -2 -2 -1 -2 0 -1 -1 0 0 0 -2 -1 -2 0 0 0 -1 0 0 0
2.09399594944619 0.720697955966253 1.00770455285426 -1.36294530363905 -1.97434088979507 -1 1 0 2 2 2 2 1 0 0 1 1 1 1 2 0 0 1 0 0 1 1 1 2 1 0 2 2 1 2 0 -1 0 -2 -2 -2 -2 -1 0 0 -1 -1 -1 -1 -2 0 0 -1 0 0 -1 -1 -1 -2 -1 0 -2 -2 -1 -2 0
-1.78233795028484 1.38546569570336 0.387714489145967 -1.04833479863337 1.49519533252537 1 2 1 2 2 2 2 1 1 1 1 2 1 0 2 0 1 1 0 0 1 2 1 2 1 0 2 2 0 2 0 2 1 2 2 2 2 1 1 1 1 2 1 0 2 0 1 1 0 0 1 2 1 2 1 0 2 2 0 2 0
-0.318453472844439 1.64075713381137 2.70648614373168 -0.807129401981342 0.180453750330624 1 1 0 2 2 1 2 0 1 0 1 2 2 1 2 0 0 1 0 0 1 0 2 1 0 0 1 0 0 2 0 1 0 2 2 1 2 0 1 0 1 2 2 1 2 0 0 1 0 0 1 0 2 1 0 0 1 0 0 2 0
0.0457622205647891 0.220332026615528 -0.923658252551368 -0.0700698486987004 -0.115768164495605 -1 0 0 2 2 1 0 0 0 0 0 2 2 0 2 0 1 1 0 1 2 2 2 2 0 0 2 1 0 1 0 0 0 -2 -2 -1 0 0 0 0 0 -2 -2 0 -2 0 -1 -1 0 -1 -2 -2 -2 -2 0 0 -2 -1 0 -1 0
0.119546501838704 -0.278008039187271 1.04757194787839 0.399819851323359 -1.40459812498516 -1 0 1 2 2 1 2 0 0 0 1 1 2 1 2 0 0 1 1 1 2 2 2 2 0 0 0 1 0 2 0 0 -1 -2 -2 -1 -2 0 0 0 -1 -1 -2 -1 -2 0 0 -1 -1 -1 -2 -2 -2 -2 0 0 0 -1 0 -2 0
-1.61974945215467 -1.94750135310268 -1.56363522460397 0.542431604681345 -0.716731541716259 -1 1 1 2 2 1 2 0 0 0 0 1 1 1 1 0 0 0 0 1 2 2 1 2 0 0 1 2 0 1 0 -1 -1 -2 -2 -1 -2 0 0 0 0 -1 -1 -1 -1 0 0 0 0 -1 -2 -2 -1 -2 0 0 -1 -2 0 -1 0
-1.29570540747178 0.393171485278093 -1.48709791407241 -1.88952769889212 2.02977294288546 -1 1 1 2 2 2 2 1 0 0 0 0 1 0 2 0 0 0 0 0 1 0 0 2 0 0 0 0 0 2 0 -1 -1 -2 -2 -2 -2 -1 0 0 0 0 -1 0 -2 0 0 0 0 0 -1 0 0 -2 0 0 0 0 0 -2 0
-0.418261550770751 0.846543375728295 -0.12872343032949 0.348136301281668 -0.105513089410397 1 1 0 1 2 2 2 0 1 0 0 1 2 1 2 0 0 1 0 1 2 1 1 2 0 0 2 2 1 2 0 1 0 1 2 2 2 0 1 0 0 1 2 1 2 0 0 1 0 1 2 1 1 2 0 0 2 2 1 2 0
0.628930297931072 -1.42984276209295 0.355010822376863 0.397467011958519 0.692259218676575 -1 1 1 2 2 2 2 1 1 0 0 2 2 1 2 0 1 2 1 1 2 1 1 2 0 0 2 1 1 2 0 -1 -1 -2 -2 -2 -2 -1 -1 0 0 -2 -2 -1 -2 0 -1 -2 -1 -1 -2 -1 -1 -2 0 0 -2 -1 -1 -2 0
0.368470382510645 -1.06867283192147 -0.547256218728403 0.292874005098932 0.275294573409378 1 2 0 2 2 1 2 1 1 0 1 0 0 0 1 0 0 1 0 0 0 0 1 2 1 0 2 2 1 2 1 2 0 2 2 1 2 1 1 0 1 0 0 0 1 0 0 1 0 0 0 0 1 2 1 0 2 2 1 2 1
0.350427071816838 1.57915694521382 -1.01918859568725 0.0357865454792261 1.12015889114362 -1 2 1 2 2 2 2 2 2 1 2 0 0 0 2 1 0 0 0 0 1 1 1 2 0 0 1 0 0 2 0 -2 -1 -2 -2 -2 -2 -2 -2 -1 -2 0 0 0 -2 -1 0 0 0 0 -1 -1 -1 -2 0 0 -1 0 0 -2 0
-0.487544798854529 -1.12157201871385 0.901189517688125 0.631327592588362 -1.16173714356264 1 2 1 2 2 2 2 1 1 1 2 1 2 2 2 0 0 2 1 0 1 1 2 1 0 0 0 1 0 1 0 2 1 2 2 2 2 1 1 1 2 1 2 2 2 0 0 2 1 0 1 1 2 1 0 0 0 1 0 1 0
0.700312565073226 1.3022877538869 -0.732108812113013 2.01047796865512 -0.825540217450433 -1 2 0 1 1 1 2 1 1 0 1 1 0 1 2 0 0 1 0 0 1 0 1 2 0 0 0 2 1 2 0 -2 0 -1 -1 -1 -2 -1 -1 0 -1 -1 0 -1 -2 0 0 -1 0 0 -1 0 -1 -2 0 0 0 -2 -1 -2 0
-1.00525116928475 1.02640587214633 0.213190394553777 0.992213537833762 0.379908114667105 -1 1 1 2 1 1 2 1 1 0 0 1 2 1 2 0 0 1 0 0 1 1 1 2 2 0 0 2 1 2 0 -1 -1 -2 -1 -1 -2 -1 -1 0 0 -1 -2 -1 -2 0 0 -1 0 0 -1 -1 -1 -2 -2 0 0 -2 -1 -2 0
0.11341832852655 0.0280733521715814 0.203393935046079 0.0737401255987045 2.19527115639976 -1 1 0 1 1 0 2 0 0 0 0 0 0 0 2 0 1 2 1 0 1 1 1 2 1 0 2 2 1 1 0 -1 0 -1 -1 0 -2 0 0 0 0 0 0 0 -2 0 -1 -2 -1 0 -1 -1 -1 -2 -1 0 -2 -2 -1 -1 0
1.06336406185663 0.407555813456876 -0.0782653730466469 -0.981734896574118 -1.99328348288638 -1 1 0 2 2 2 2 0 2 1 2 2 1 1 2 0 0 0 0 0 1 0 2 0 0 0 1 2 2 2 0 -1 0 -2 -2 -2 -2 0 -2 -1 -2 -2 -1 -1 -2 0 0 0 0 0 -1 0 -2 0 0 0 -1 -2 -2 -2 0
0.140762342255616 -0.218300675336755 -0.0944830019085491 -0.181090790247422 1.63886965526651 1 1 1 2 2 2 2 1 1 1 1 1 1 0 2 0 0 0 0 0 0 0 1 2 0 0 2 2 0 2 0 1 1 2 2 2 2 1 1 1 1 1 1 0 2 0 0 0 0 0 0 0 1 2 0 0 2 2 0 2 0
1.32466051127815 0.486473921907483 -1.22446433833182 0.0798281252571979 -0.649791009268057 1 0 0 2 2 0 2 0 1 0 0 2 0 0 1 0 0 1 0 0 2 1 1 2 0 0 1 1 0 2 0 0 0 2 2 0 2 0 1 0 0 2 0 0 1 0 0 1 0 0 2 1 1 2 0 0 1 1 0 2 0
0.856740684344768 1.7217503899217 1.70920108323904 0.262451260407955 1.02685544957179 -1 1 0 1 2 2 1 0 0 0 1 1 2 1 2 0 0 0 0 0 2 2 1 2 0 0 2 1 0 2 0 -1 0 -1 -2 -2 -1 0 0 0 -1 -1 -2 -1 -2 0 0 0 0 0 -2 -2 -1 -2 0 0 -2 -1 0 -2 0
-1.77155841878791 0.579075149547219 0.0353366566622725 0.572902779571737 -1.44448161024524 1 1 2 2 2 1 2 0 1 0 0 2 2 1 2 1 0 1 0 0 1 1 2 1 0 0 1 1 1 1 0 1 2 2 2 1 2 0 1 0 0 2 2 1 2 1 0 1 0 0 1 1 2 1 0 0 1 1 1 1 0
-0.599290895324868 0.90836248686004 0.0266884580839477 0.350229841348228 0.0011347325135813 -1 2 2 2 2 2 2 1 1 0 2 0 0 0 2 0 1 1 1 0 2 2 1 2 1 0 1 1 0 1 0 -2 -2 -2 -2 -2 -2 -1 -1 0 -2 0 0 0 -2 0 -1 -1 -1 0 -2 -2 -1 -2 -1 0 -1 -1 0 -1 0
-1.46514123351108 -0.2997568649863 -1.30846320784461 -1.76444173332624 0.402339175106426 1 2 2 2 2 2 2 0 0 0 1 1 2 1 2 0 1 2 1 0 1 0 2 2 1 1 1 0 0 2 0 2 2 2 2 2 2 0 0 0 1 1 2 1 2 0 1 2 1 0 1 0 2 2 1 1 1 0 0 2 0
0.431180450653807 -0.0395609193096611 -1.0907097664062 0.992153845970657 0.486378728171504 1 2 0 2 2 1 2 1 1 1 0 1 2 1 2 0 0 1 1 0 1 1 0 2 0 0 1 2 1 1 0 2 0 2 2 1 2 1 1 1 0 1 2 1 2 0 0 1 1 0 1 1 0 2 0 0 1 2 1 1 0
0.445873495991869 0.25941542048608 -0.998452484209323 0.10731343815678 -0.768351175172999 -1 2 0 2 2 2 2 0 1 1 0 2 1 0 2 0 0 1 0 0 1 1 2 2 1 0 2 2 1 2 0 -2 0 -2 -2 -2 -2 0 -1 -1 0 -2 -1 0 -2 0 0 -1 0 0 -1 -1 -2 -2 -1 0 -2 -2 -1 -2 0
-2.63967663361446 -0.221951046426681 1.11444223093899 -0.384134100294522 -1.234692739811 -1 1 0 2 2 1 2 1 1 0 1 2 2 1 2 0 0 2 0 0 1 1 0 2 0 0 2 2 1 2 0 -1 0 -2 -2 -1 -2 -1 -1 0 -1 -2 -2 -1 -2 0 0 -2 0 0 -1 -1 0 -2 0 0 -2 -2 -1 -2 0
-0.372388662911261 -0.978508593262299 -2.19185823718882 0.186420596629103 -0.0686388785290018 -1 0 0 1 2 0 2 1 2 1 1 2 2 0 1 0 0 1 0 0 0 0 1 2 1 0 1 1 0 2 0 0 0 -1 -2 0 -2 -1 -2 -1 -1 -2 -2 0 -1 0 0 -1 0 0 0 0 -1 -2 -1 0 -1 -1 0 -2 0
-0.590950735753221 1.11627650743831 -0.0530256308746686 -0.11279400334755 -0.745629852962205 1 1 0 1 2 2 2 0 0 1 2 1 0 1 2 0 1 2 1 1 2 1 1 2 0 0 2 2 2 2 0 1 0 1 2 2 2 0 0 1 2 1 0 1 2 0 1 2 1 1 2 1 1 2 0 0 2 2 2 2 0
0.276643783658803 0.289158030297711 0.903770001036767 -0.475554905749353 1.50568208298171 1 1 0 1 2 1 1 0 0 0 0 1 1 1 2 0 0 0 0 0 2 0 2 2 0 0 0 1 1 2 0 1 0 1 2 1 1 0 0 0 0 1 1 1 2 0 0 0 0 0 2 0 2 2 0 0 0 1 1 2 0
-0.383568957004111 0.0941099111957971 -1.2540845202256 -1.07842924051528 -0.784075265274935 1 2 1 2 2 1 2 1 1 0 1 0 0 0 2 0 0 1 0 0 0 1 1 2 1 0 1 1 0 2 1 2 1 2 2 1 2 1 1 0 1 0 0 0 2 0 0 1 0 0 0 1 1 2 1 0 1 1 0 2 1
