0.855221763735222 -1.77070546766574 -1.22705085497398 -0.725908754369775 -0.597741165312786 1 2 0 0 2 2 2 1 1 0 2 2 1 2 2 1 0 2 2 1 1 0 0 1 0 0 0 1 2 2 1 2 0 0 2 2 2 1 1 0 2 2 1 2 2 1 0 2 2 1 1 0 0 1 0 0 0 1 2 2 1
-0.261370031393744 -0.775754523376948 1.74238766932887 0.194363081820621 0.28546510961113 -1 2 1 0 2 2 1 2 0 0 0 0 0 2 1 2 0 2 2 2 2 0 0 2 0 0 0 1 2 2 2 -2 -1 0 -2 -2 -1 -2 0 0 0 0 0 -2 -1 -2 0 -2 -2 -2 -2 0 0 -2 0 0 0 -1 -2 -2 -2
-0.848227099608836 2.22949949669332 0.0684950193099553 0.229560329023282 -0.887215064779845 1 2 2 2 2 2 0 0 1 1 2 2 1 2 1 1 0 0 2 1 1 0 0 0 0 0 1 2 2 1 0 2 2 2 2 2 0 0 1 1 2 2 1 2 1 1 0 0 2 1 1 0 0 0 0 0 1 2 2 1 0
-0.213201437063165 -1.44868585428638 1.18604986240685 0.124162011650201 1.61877030144369 1 2 1 0 2 2 1 1 0 0 1 1 0 1 1 0 0 2 2 1 0 1 0 1 0 0 1 2 2 2 1 2 1 0 2 2 1 1 0 0 1 1 0 1 1 0 0 2 2 1 0 1 0 1 0 0 1 2 2 2 1
0.0435187863090247 0.448197068936508 2.52245424695247 0.151090113760216 -0.0930224919687804 -1 2 1 1 2 2 1 0 0 0 2 2 0 2 2 1 0 0 2 0 2 1 1 1 1 0 0 1 1 1 0 -2 -1 -1 -2 -2 -1 0 0 0 -2 -2 0 -2 -2 -1 0 0 -2 0 -2 -1 -1 -1 -1 0 0 -1 -1 -1 0
0.122769382285639 0.0954489033702333 1.43969737892796 -2.23221909927721 1.95632306213843 1 2 1 1 2 2 2 0 0 0 1 2 0 2 2 1 1 1 2 1 2 1 0 1 1 2 1 2 2 2 2 2 1 1 2 2 2 0 0 0 1 2 0 2 2 1 1 1 2 1 2 1 0 1 1 2 1 2 2 2 2
-0.306786868785822 0.157745538811325 0.733097876367895 0.534894735005188 0.486670383967059 1 2 2 2 2 2 2 0 1 0 2 2 1 2 1 0 0 0 2 2 2 1 1 2 0 0 1 2 1 2 2 2 2 2 2 2 2 0 1 0 2 2 1 2 1 0 0 0 2 2 2 1 1 2 0 0 1 2 1 2 2
2.13042050085594 0.916333147275501 1.77161694709678 -0.845427273736373 0.915296237683648 1 2 1 1 2 2 1 0 1 0 1 1 1 2 0 0 0 0 2 2 2 0 1 1 1 0 0 2 2 2 1 2 1 1 2 2 1 0 1 0 1 1 1 2 0 0 0 0 2 2 2 0 1 1 1 0 0 2 2 2 1
0.843343400992608 0.589488364547315 -1.8995938962488 0.151573788897102 -0.503520444332772 -1 1 0 0 1 2 2 0 0 0 1 1 0 1 2 0 0 1 2 0 2 1 0 1 0 0 0 2 2 2 1 -1 0 0 -1 -2 -2 0 0 0 -1 -1 0 -1 -2 0 0 -1 -2 0 -2 -1 0 -1 0 0 0 -2 -2 -2 -1
-0.141153818540397 -0.344449378382263 -0.343684139108327 1.40377178534518 0.815309641165426 -1 2 1 0 1 2 2 1 1 0 2 1 0 2 2 2 1 0 2 1 2 1 0 1 1 0 0 0 0 0 1 -2 -1 0 -1 -2 -2 -1 -1 0 -2 -1 0 -2 -2 -2 -1 0 -2 -1 -2 -1 0 -1 -1 0 0 0 0 0 -1
-0.849181100836803 0.0664552643881426 -0.00884992190583256 -1.09552927295906 -0.128719336810827 -1 2 2 1 2 2 1 0 0 0 2 2 0 2 1 0 1 1 2 1 2 0 0 1 1 0 0 2 2 2 2 -2 -2 -1 -2 -2 -1 0 0 0 -2 -2 0 -2 -1 0 -1 -1 -2 -1 -2 0 0 -1 -1 0 0 -2 -2 -2 -2
2.15717870740495 -1.12827996277804 1.38313454366431 -0.661940200197245 2.05439280212818 -1 2 1 1 1 2 2 1 2 0 2 1 1 1 2 0 0 0 1 0 1 0 0 0 0 0 0 2 1 2 1 -2 -1 -1 -1 -2 -2 -1 -2 0 -2 -1 -1 -1 -2 0 0 0 -1 0 -1 0 0 0 0 0 0 -2 -1 -2 -1
-0.0418186703894162 -1.70945731705872 -0.963482185980423 -0.429315530140216 1.35365231815329 1 1 1 1 2 1 0 0 1 0 2 2 1 1 1 1 0 1 1 1 1 0 0 1 2 1 0 1 2 2 2 1 1 1 2 1 0 0 1 0 2 2 1 1 1 1 0 1 1 1 1 0 0 1 2 1 0 1 2 2 2
-0.103973346055636 -0.30261679921177 -1.22336740394819 -1.04602057063959 -0.830994162729583 -1 2 2 1 2 2 1 1 1 1 1 2 0 2 1 1 1 0 2 2 2 1 0 1 2 1 1 1 1 1 2 -2 -2 -1 -2 -2 -1 -1 -1 -1 -1 -2 0 -2 -1 -1 -1 0 -2 -2 -2 -1 0 -1 -2 -1 -1 -1 -1 -1 -2
-0.661759886162277 -0.607273009020302 -1.30212747562913 -0.0501287181758634 0.710657485794828 1 2 2 1 2 2 2 0 0 1 2 2 0 2 1 1 0 0 1 1 2 2 0 2 1 0 2 2 2 2 0 2 2 1 2 2 2 0 0 1 2 2 0 2 1 1 0 0 1 1 2 2 0 2 1 0 2 2 2 2 0
0.557103866960847 0.468785960561378 -1.34005194428376 0.436887782481749 -0.125229204595809 1 2 0 1 2 2 2 1 0 0 1 2 0 1 1 1 0 1 2 2 2 1 0 1 0 0 2 1 2 2 2 2 0 1 2 2 2 1 0 0 1 2 0 1 1 1 0 1 2 2 2 1 0 1 0 0 2 1 2 2 2
-1.95980105939111 0.276356088617788 -0.252093890764425 -0.543624486078616 0.542390829561594 1 1 1 0 2 2 2 1 1 0 1 2 0 1 1 1 1 1 2 1 1 0 0 1 0 0 1 1 1 1 1 1 1 0 2 2 2 1 1 0 1 2 0 1 1 1 1 1 2 1 1 0 0 1 0 0 1 1 1 1 1
0.00210543898097582 -0.745873969142181 -0.0819437195419306 -1.75645215172758 -0.144371805854958 1 1 0 0 1 2 2 0 0 0 2 1 0 1 2 0 0 1 2 2 2 0 0 1 0 0 1 1 1 2 0 1 0 0 1 2 2 0 0 0 2 1 0 1 2 0 0 1 2 2 2 0 0 1 0 0 1 1 1 2 0
-0.615221937862732 1.52352505020607 -1.91121058711317 1.40081914335175 -0.78013988704512 -1 1 1 1 2 2 1 0 0 0 2 2 0 2 1 0 0 1 2 1 2 1 0 0 1 0 2 2 2 2 1 -1 -1 -1 -2 -2 -1 0 0 0 -2 -2 0 -2 -1 0 0 -1 -2 -1 -2 -1 0 0 -1 0 -2 -2 -2 -2 -1
0.150592144281933 0.661531949103744 0.170318860825823 -1.07682330941742 1.12581809674415 1 2 2 1 2 2 1 0 0 0 2 2 1 1 1 1 0 0 1 0 2 0 0 2 0 1 0 2 2 1 1 2 2 1 2 2 1 0 0 0 2 2 1 1 1 1 0 0 1 0 2 0 0 2 0 1 0 2 2 1 1
0.359884782478477 -3.05936529380178 0.237701090744653 -0.00278889913009888 0.528768436048673 1 2 2 1 1 2 1 0 0 0 1 2 0 1 1 0 0 0 2 2 2 2 1 1 0 0 0 1 2 2 1 2 2 1 1 2 1 0 0 0 1 2 0 1 1 0 0 0 2 2 2 2 1 1 0 0 0 1 2 2 1
1.06234828722396 -0.460345863778303 0.161180340225748 1.7850193829205 -0.544257010629228 1 2 1 0 2 2 1 0 0 0 2 2 0 2 2 1 0 2 2 1 2 1 0 1 0 0 0 1 2 2 1 2 1 0 2 2 1 0 0 0 2 2 0 2 2 1 0 2 2 1 2 1 0 1 0 0 0 1 2 2 1
1.9386503399239 0.250308935837413 1.56698214663455 -0.146527878479881 -0.130510672613313 1 2 2 0 2 2 2 0 0 0 1 1 0 2 2 1 0 0 2 1 2 0 0 0 0 0 2 2 2 2 0 2 2 0 2 2 2 0 0 0 1 1 0 2 2 1 0 0 2 1 2 0 0 0 0 0 2 2 2 2 0
0.815319273443428 0.541750653643015 -2.11591252159097 0.809493583101414 0.872366823372208 -1 2 0 1 2 2 1 1 1 0 1 2 1 2 2 1 2 1 2 1 2 1 0 1 0 0 2 2 2 2 2 -2 0 -1 -2 -2 -1 -1 -1 0 -1 -2 -1 -2 -2 -1 -2 -1 -2 -1 -2 -1 0 -1 0 0 -2 -2 -2 -2 -2
0.730725823942649 0.345009719181952 0.12039234469164 1.07876766165632 0.593858080031825 1 2 2 0 2 2 1 0 1 0 0 2 0 1 1 0 0 0 2 1 1 0 0 0 1 0 0 1 2 2 2 2 2 0 2 2 1 0 1 0 0 2 0 1 1 0 0 0 2 1 1 0 0 0 1 0 0 1 2 2 2
0.403292763643037 0.724332349266345 -0.295350417479015 -1.12931629972006 -0.0592697338967827 -1 1 1 0 2 2 1 2 0 1 2 2 0 2 2 2 1 1 1 2 1 0 0 1 1 0 2 1 1 1 0 -1 -1 0 -2 -2 -1 -2 0 -1 -2 -2 0 -2 -2 -2 -1 -1 -1 -2 -1 0 0 -1 -1 0 -2 -1 -1 -1 0
0.270280476103792 0.241178578895857 1.32500682543705 1.00965841667562 -1.53323579961385 -1 1 0 0 2 2 2 1 1 1 2 2 1 2 2 2 0 0 2 1 2 0 0 0 1 1 1 0 2 2 2 -1 0 0 -2 -2 -2 -1 -1 -1 -2 -2 -1 -2 -2 -2 0 0 -2 -1 -2 0 0 0 -1 -1 -1 0 -2 -2 -2
-2.79884567252398 -0.0757819566807981 -0.408106028005923 -1.70852995832909 -0.280495868682831 1 2 1 1 1 2 1 0 1 0 1 1 0 1 0 0 0 0 1 1 2 0 0 1 1 1 1 2 2 2 2 2 1 1 1 2 1 0 1 0 1 1 0 1 0 0 0 0 1 1 2 0 0 1 1 1 1 2 2 2 2
0.328749137296049 0.223760913521254 0.107521234969979 0.274637763383576 -0.268061458439079 1 2 2 1 2 1 1 0 0 0 2 2 0 2 2 1 0 1 2 1 1 1 0 1 1 0 1 1 1 2 2 2 2 1 2 1 1 0 0 0 2 2 0 2 2 1 0 1 2 1 1 1 0 1 1 0 1 1 1 2 2
-0.266893327978718 -1.69052644055119 -0.0307403319562777 0.339919081720614 2.34298098772534 1 2 0 1 1 1 0 0 0 0 2 2 1 2 2 2 1 2 2 2 2 2 1 1 0 0 0 1 1 2 2 2 0 1 1 1 0 0 0 0 2 2 1 2 2 2 1 2 2 2 2 2 1 1 0 0 0 1 1 2 2
0.98135873998346 -0.604114121389712 0.602428657371768 0.3405982084861 0.962307007980368 1 2 1 1 2 2 1 1 0 0 1 1 0 1 1 1 1 0 1 2 2 1 0 2 1 0 1 1 2 1 2 2 1 1 2 2 1 1 0 0 1 1 0 1 1 1 1 0 1 2 2 1 0 2 1 0 1 1 2 1 2
-0.691576389337487 -0.197236345208365 0.199032537733654 0.452100902976049 0.701321714036427 1 2 0 1 2 2 2 2 2 1 2 2 1 2 2 1 0 1 2 2 2 1 0 0 1 1 1 2 2 2 2 2 0 1 2 2 2 2 2 1 2 2 1 2 2 1 0 1 2 2 2 1 0 0 1 1 1 2 2 2 2
1.00364440789354 -0.00549771948057911 1.1929738190951 0.0389634712342727 -1.46641457334348 -1 1 0 0 2 2 2 1 1 0 2 2 0 1 0 1 0 0 1 1 2 1 1 2 0 0 0 0 0 1 1 -1 0 0 -2 -2 -2 -1 -1 0 -2 -2 0 -1 0 -1 0 0 -1 -1 -2 -1 -1 -2 0 0 0 0 0 -1 -1
0.435662893854065 0.0324976896695672 -1.71580118587881 0.963828309896928 -1.38045093458416 -1 2 2 1 2 2 0 0 0 0 2 2 0 2 1 0 0 0 1 0 1 0 0 2 0 0 1 1 2 0 0 -2 -2 -1 -2 -2 0 0 0 0 -2 -2 0 -2 -1 0 0 0 -1 0 -1 0 0 -2 0 0 -1 -1 -2 0 0
-0.210839625651334 2.27260286475548 -1.12846868686108 0.625890399743598 -1.36218876297975 1 1 1 0 2 2 2 0 1 0 2 2 0 2 2 1 0 2 2 2 2 0 1 1 0 0 0 1 1 2 1 1 1 0 2 2 2 0 1 0 2 2 0 2 2 1 0 2 2 2 2 0 1 1 0 0 0 1 1 2 1
-0.258442685066397 0.753488102741306 1.37156543571988 -0.243087326307064 0.809894344199533 -1 1 1 0 1 2 1 0 0 0 2 1 0 2 2 1 0 1 2 1 1 0 0 0 0 0 0 1 1 2 1 -1 -1 0 -1 -2 -1 0 0 0 -2 -1 0 -2 -2 -1 0 -1 -2 -1 -1 0 0 0 0 0 0 -1 -1 -2 -1
1.4041839209065 0.975917575479724 1.46949223809935 1.80967235813792 0.923001522872945 -1 2 2 1 2 2 2 1 1 0 2 2 1 2 1 2 0 0 2 2 2 1 1 2 0 0 1 1 2 1 0 -2 -2 -1 -2 -2 -2 -1 -1 0 -2 -2 -1 -2 -1 -2 0 0 -2 -2 -2 -1 -1 -2 0 0 -1 -1 -2 -1 0
-0.820739622539955 0.433713953994305 -1.09502365360323 -0.445552655741299 -0.465308846692799 1 2 2 0 2 2 1 1 0 0 1 2 1 1 1 1 0 1 2 2 2 1 0 1 0 0 1 2 2 1 1 2 2 0 2 2 1 1 0 0 1 2 1 1 1 1 0 1 2 2 2 1 0 1 0 0 1 2 2 1 1
-0.368558633947526 -0.439017065009892 1.1374293026883 -0.0299151304888058 -0.401967783063247 1 2 0 1 1 2 1 0 0 0 0 1 0 2 2 1 0 1 2 0 1 0 0 1 0 0 0 2 1 2 1 2 0 1 1 2 1 0 0 0 0 1 0 2 2 1 0 1 2 0 1 0 0 1 0 0 0 2 1 2 1
-0.563044305780631 0.522345677968698 -1.20729807980495 -1.17007472309088 -2.70744003015915 -1 2 0 0 1 2 1 0 0 0 2 1 0 2 1 0 0 1 2 2 2 0 0 0 0 0 1 1 2 2 1 -2 0 0 -1 -2 -1 0 0 0 -2 -1 0 -2 -1 0 0 -1 -2 -2 -2 0 0 0 0 0 -1 -1 -2 -2 -1
1.0471159267793 0.663550598759825 -1.08916714336819 -2.61217417076489 0.495868634693072 -1 1 1 1 2 2 2 0 0 1 2 2 0 1 1 1 0 2 2 1 2 1 1 2 1 0 2 1 2 1 0 -1 -1 -1 -2 -2 -2 0 0 -1 -2 -2 0 -1 -1 -1 0 -2 -2 -1 -2 -1 -1 -2 -1 0 -2 -1 -2 -1 0
0.925610107177838 -0.194656857407664 1.49015140452026 -0.792746917077865 0.114880785859376 1 1 0 2 2 2 0 0 0 0 1 1 0 2 1 1 1 1 2 1 2 0 0 1 2 1 2 1 2 2 2 1 0 2 2 2 0 0 0 0 1 1 0 2 1 1 1 1 2 1 2 0 0 1 2 1 2 1 2 2 2
0.388841982833508 0.476107454341427 0.799879602701395 -0.13297744683157 -0.524174673564713 -1 2 0 0 2 1 1 0 0 0 1 0 0 2 1 1 0 2 2 2 2 0 0 1 1 0 1 1 2 2 2 -2 0 0 -2 -1 -1 0 0 0 -1 0 0 -2 -1 -1 0 -2 -2 -2 -2 0 0 -1 -1 0 -1 -1 -2 -2 -2
0.362155145783637 0.755065711790248 0.202158887907081 -0.203571980118704 -0.0327555544722706 -1 2 1 1 2 2 2 2 2 2 2 2 0 2 2 2 1 1 2 1 1 0 0 0 1 0 0 1 2 1 0 -2 -1 -1 -2 -2 -2 -2 -2 -2 -2 -2 0 -2 -2 -2 -1 -1 -2 -1 -1 0 0 0 -1 0 0 -1 -2 -1 0
-1.11753472734133 1.33284549092454 1.31139842344854 0.407314680151201 -1.71762994949419 1 2 1 1 2 2 2 1 0 0 1 1 0 1 2 0 0 0 2 2 2 0 0 2 0 0 0 0 1 1 1 2 1 1 2 2 2 1 0 0 1 1 0 1 2 0 0 0 2 2 2 0 0 2 0 0 0 0 1 1 1
-0.330172158864893 1.10040571838947 1.22631898396302 -1.30316369785362 -1.28931691156653 -1 1 0 0 1 1 0 0 0 0 2 2 0 1 2 1 0 1 2 2 2 1 0 1 1 0 0 2 2 2 2 -1 0 0 -1 -1 0 0 0 0 -2 -2 0 -1 -2 -1 0 -1 -2 -2 -2 -1 0 -1 -1 0 0 -2 -2 -2 -2
0.816466466967305 0.547383572094759 1.16023268473538 -2.23051582959665 -1.36166062889962 1 2 1 1 2 2 2 1 1 0 2 0 0 0 1 0 0 2 2 1 2 0 0 1 1 0 1 1 1 1 0 2 1 1 2 2 2 1 1 0 2 0 0 0 1 0 0 2 2 1 2 0 0 1 1 0 1 1 1 1 0
0.776114634793825 -1.19700398502542 1.13475491092089 1.35480360718787 -1.96079137915731 1 2 1 2 1 1 2 1 1 0 2 2 0 2 2 2 0 2 2 1 2 0 0 2 1 0 2 2 1 2 1 2 1 2 1 1 2 1 1 0 2 2 0 2 2 2 0 2 2 1 2 0 0 2 1 0 2 2 1 2 1
-0.335682668129264 1.2271041155081 -1.39101250776721 0.204792489240261 1.21796479065346 1 2 2 1 1 2 1 0 0 0 2 1 1 2 1 1 0 0 1 2 2 0 0 0 1 0 1 1 2 2 2 2 2 1 1 2 1 0 0 0 2 1 1 2 1 1 0 0 1 2 2 0 0 0 1 0 1 1 2 2 2
-1.11632377879565 0.685923968272613 -1.77588677680767 -0.208911247512985 0.243473979214786 -1 2 1 1 1 1 0 1 1 0 0 1 0 2 2 2 1 0 2 1 2 0 0 0 0 0 2 2 1 2 2 -2 -1 -1 -1 -1 0 -1 -1 0 0 -1 0 -2 -2 -2 -1 0 -2 -1 -2 0 0 0 0 0 -2 -2 -1 -2 -2
-1.95896973077805 -1.64049943611793 -0.65238422175154 0.879902802831052 -0.335955233751201 -1 2 1 0 2 2 1 0 0 0 2 2 1 2 2 1 1 0 1 1 2 1 0 0 0 0 0 1 1 1 2 -2 -1 0 -2 -2 -1 0 0 0 -2 -2 -1 -2 -2 -1 -1 0 -1 -1 -2 -1 0 0 0 0 0 -1 -1 -1 -2
0.976922205315747 0.16861112890092 0.679093999833776 -0.11900412745895 2.41442669450047 -1 2 1 0 1 2 1 0 0 0 0 1 1 1 2 0 0 0 2 1 1 1 0 1 1 0 1 1 2 1 1 -2 -1 0 -1 -2 -1 0 0 0 0 -1 -1 -1 -2 0 0 0 -2 -1 -1 -1 0 -1 -1 0 -1 -1 -2 -1 -1
0.643563021920273 -0.0979367185382543 -2.03764561864827 -0.500465992382235 -0.338774092116071 1 2 1 0 2 2 1 1 1 0 2 1 0 1 1 0 0 0 1 1 1 0 0 1 1 0 0 1 1 1 0 2 1 0 2 2 1 1 1 0 2 1 0 1 1 0 0 0 1 1 1 0 0 1 1 0 0 1 1 1 0
-0.192198519894093 0.813175127058519 -1.13330196456368 -0.148173774529636 0.135065378938711 1 2 0 0 2 2 1 0 0 0 2 2 0 2 1 0 0 0 2 1 1 0 0 0 1 1 1 2 2 1 1 2 0 0 2 2 1 0 0 0 2 2 0 2 1 0 0 0 2 1 1 0 0 0 1 1 1 2 2 1 1
1.99400417472504 -1.06082949649794 -1.61050407210613 -0.83552609553924 0.0297215555439059 -1 2 1 1 2 2 0 0 0 0 2 2 0 1 1 1 0 0 2 2 1 0 0 1 2 2 1 2 2 2 2 -2 -1 -1 -2 -2 0 0 0 0 -2 -2 0 -1 -1 -1 0 0 -2 -2 -1 0 0 -1 -2 -2 -1 -2 -2 -2 -2
1.45346671680157 -2.72643036475336 0.449779763929847 0.243939569039161 -0.594607685972024 1 2 1 1 2 2 1 0 0 0 2 2 1 2 1 1 0 0 1 1 2 0 0 0 0 0 0 1 2 1 1 2 1 1 2 2 1 0 0 0 2 2 1 2 1 1 0 0 1 1 2 0 0 0 0 0 0 1 2 1 1
-0.926112540709049 -0.363678183674337 0.407268643306746 0.12463206574366 -0.114836806728061 -1 1 0 0 2 2 1 0 1 0 2 1 0 2 1 2 1 0 2 1 2 0 0 1 1 0 0 0 2 1 0 -1 0 0 -2 -2 -1 0 -1 0 -2 -1 0 -2 -1 -2 -1 0 -2 -1 -2 0 0 -1 -1 0 0 0 -2 -1 0
-0.886874156116324 -0.201047667915537 0.867555113659032 0.531274156426178 0.0290818129683512 1 2 2 1 2 2 0 0 0 0 2 2 0 2 2 1 1 2 2 2 2 1 1 1 1 0 1 2 2 2 1 2 2 1 2 2 0 0 0 0 2 2 0 2 2 1 1 2 2 2 2 1 1 1 1 0 1 2 2 2 1
0.456493986350741 -1.33505251141883 1.39572231970966 0.479359062410883 2.67937364067487 1 2 1 0 2 2 1 0 0 0 1 0 0 1 1 0 0 0 2 2 2 0 0 0 0 1 2 2 2 2 2 2 1 0 2 2 1 0 0 0 1 0 0 1 1 0 0 0 2 2 2 0 0 0 0 1 2 2 2 2 2
0.4017626411003 0.57912365689694 -0.840621756605361 0.228390553295925 0.742423494545409 -1 2 1 1 1 1 0 0 1 1 2 2 1 2 0 0 0 1 2 2 1 0 0 0 2 1 1 1 1 2 1 -2 -1 -1 -1 -1 0 0 -1 -1 -2 -2 -1 -2 0 0 0 -1 -2 -2 -1 0 0 0 -2 -1 -1 -1 -1 -2 -1
0.341473224227369 -0.970608492437441 0.411066902992523 1.62112273034438 2.46942856121452 1 2 0 0 1 2 2 0 1 0 2 2 1 2 2 2 0 1 2 2 2 1 0 0 1 0 1 1 1 2 2 2 0 0 1 2 2 0 1 0 2 2 1 2 2 2 0 1 2 2 2 1 0 0 1 0 1 1 1 2 2
-0.180489193959579 -0.897075418529228 -0.0270768264764502 -0.688669275720927 0.168478924763968 1 2 0 0 2 2 2 0 1 1 1 2 2 1 1 0 0 2 2 1 2 0 0 0 1 1 1 1 2 1 1 2 0 0 2 2 2 0 1 1 1 2 2 1 1 0 0 2 2 1 2 0 0 0 1 1 1 1 2 1 1
-0.0993943951914322 1.62478052684684 -0.848846706792152 0.296538914000129 0.947645524614599 1 2 2 1 1 2 1 1 1 0 2 2 1 2 1 2 1 0 2 1 2 0 1 2 1 0 0 0 1 2 1 2 2 1 1 2 1 1 1 0 2 2 1 2 1 2 1 0 2 1 2 0 1 2 1 0 0 0 1 2 1
-0.176567826663549 -1.1559975899272 0.345366157729342 -0.507358171252727 -1.43811134445396 1 2 1 0 2 2 2 2 2 2 2 2 1 2 2 1 0 1 2 0 2 1 0 0 1 0 0 2 2 2 1 2 1 0 2 2 2 2 2 2 2 2 1 2 2 1 0 1 2 0 2 1 0 0 1 0 0 2 2 2 1
0.0262764792593621 -0.132217152094721 0.224421437635916 -1.24343856020191 0.555360515612893 -1 2 0 0 2 2 2 0 0 0 2 2 1 2 1 0 0 2 2 1 2 2 0 1 0 0 1 1 1 1 0 -2 0 0 -2 -2 -2 0 0 0 -2 -2 -1 -2 -1 0 0 -2 -2 -1 -2 -2 0 -1 0 0 -1 -1 -1 -1 0
-1.96263668788702 -0.783455040510935 0.227724450461855 -1.45154973554238 -0.792952191401287 -1 2 1 0 2 2 1 1 1 0 1 2 1 1 1 0 0 0 2 2 1 0 0 0 0 0 0 1 1 2 2 -2 -1 0 -2 -2 -1 -1 -1 0 -1 -2 -1 -1 -1 0 0 0 -2 -2 -1 0 0 0 0 0 0 -1 -1 -2 -2
-2.7256201583245 -1.14019952305705 1.0009707175138 -0.353465962225637 0.428437215159672 -1 2 2 1 2 2 2 1 0 0 2 2 0 2 2 1 0 1 2 2 2 2 0 0 1 0 1 1 1 2 2 -2 -2 -1 -2 -2 -2 -1 0 0 -2 -2 0 -2 -2 -1 0 -1 -2 -2 -2 -2 0 0 -1 0 -1 -1 -1 -2 -2
-0.176571138118322 -0.0550158940298962 0.316554233073539 -1.22106503281787 -1.0588933311536 1 0 0 2 2 2 2 0 1 0 1 1 0 1 0 0 0 1 2 1 2 0 0 1 0 0 0 0 2 2 2 0 0 2 2 2 2 0 1 0 1 1 0 1 0 0 0 1 2 1 2 0 0 1 0 0 0 0 2 2 2
0.525115101284491 -1.15310173187239 -1.16325319512953 1.06819541248779 -0.0337379401390257 1 2 0 0 1 2 1 1 0 0 1 0 0 2 1 1 0 1 2 2 2 1 0 1 0 0 0 1 2 2 2 2 0 0 1 2 1 1 0 0 1 0 0 2 1 1 0 1 2 2 2 1 0 1 0 0 0 1 2 2 2
-0.362871450575901 -0.317013528998908 0.400056561280337 0.80767765265062 -0.16074590604668 -1 2 2 1 2 2 2 1 0 1 2 2 1 1 1 1 0 1 2 0 2 0 0 1 0 0 1 2 1 1 1 -2 -2 -1 -2 -2 -2 -1 0 -1 -2 -2 -1 -1 -1 -1 0 -1 -2 0 -2 0 0 -1 0 0 -1 -2 -1 -1 -1
0.996924280027006 -1.00407160687636 -1.1271361335952 0.115966187759274 -0.327678109653372 -1 1 0 0 2 2 2 0 0 0 1 0 0 2 2 2 2 0 2 2 2 0 0 1 1 1 1 0 0 1 1 -1 0 0 -2 -2 -2 0 0 0 -1 0 0 -2 -2 -2 -2 0 -2 -2 -2 0 0 -1 -1 -1 -1 0 0 -1 -1
1.17932129613805 -0.490137593594387 0.97940174440008 1.46683450094698 0.143405409775757 1 2 0 1 2 2 0 0 0 0 1 1 0 1 1 1 0 0 1 1 2 0 0 1 0 1 1 1 2 2 1 2 0 1 2 2 0 0 0 0 1 1 0 1 1 1 0 0 1 1 2 0 0 1 0 1 1 1 2 2 1
-1.22463480054279 0.829067843720545 -1.31451122378939 0.753140928157607 -0.723629801816639 1 2 1 1 2 2 2 0 1 0 0 0 0 1 2 1 0 2 2 2 2 1 1 2 0 0 1 1 2 0 0 2 1 1 2 2 2 0 1 0 0 0 0 1 2 1 0 2 2 2 2 1 1 2 0 0 1 1 2 0 0
-0.107053463422227 -1.21347607864314 0.401619326621724 -0.259303724724952 -0.78289028802531 1 2 0 0 2 2 1 1 1 1 2 1 1 2 2 1 0 2 2 0 2 1 0 1 0 0 1 1 1 1 1 2 0 0 2 2 1 1 1 1 2 1 1 2 2 1 0 2 2 0 2 1 0 1 0 0 1 1 1 1 1
-1.55899929107897 -0.844220635395779 1.00062575569576 0.581927442089497 -1.62920941784414 1 1 1 0 1 2 0 0 1 0 2 1 0 2 2 1 0 1 2 2 2 1 0 1 0 1 2 2 1 2 1 1 1 0 1 2 0 0 1 0 2 1 0 2 2 1 0 1 2 2 2 1 0 1 0 1 2 2 1 2 1
0.632815046747328 0.120176089240866 0.357724765538806 -0.303981065801733 -1.25576374284619 -1 2 2 1 2 1 1 0 0 0 1 1 0 1 1 0 0 1 2 2 2 2 0 1 0 0 1 2 2 2 1 -2 -2 -1 -2 -1 -1 0 0 0 -1 -1 0 -1 -1 0 0 -1 -2 -2 -2 -2 0 -1 0 0 -1 -2 -2 -2 -1
-0.761047377010059 -1.7568263260531 -1.20537648863653 0.0799802910691805 2.01396562920304 1 2 1 0 2 2 1 0 2 1 1 1 0 1 1 0 0 2 2 2 2 1 0 2 0 0 1 2 2 2 1 2 1 0 2 2 1 0 2 1 1 1 0 1 1 0 0 2 2 2 2 1 0 2 0 0 1 2 2 2 1
0.886915621466202 0.768315176159863 -0.22019739070148 -1.50277333477139 -0.220093824007756 1 1 0 1 2 2 1 0 0 0 2 1 0 2 2 1 0 1 1 1 2 0 1 1 0 0 0 1 1 2 2 1 0 1 2 2 1 0 0 0 2 1 0 2 2 1 0 1 1 1 2 0 1 1 0 0 0 1 1 2 2
-0.497848723900479 1.19267308550958 -0.306517376043792 -0.446295243157301 -0.561181092727785 1 2 0 0 2 2 1 0 0 0 2 2 0 2 2 2 1 0 2 1 2 1 2 2 2 1 2 2 1 2 2 2 0 0 2 2 1 0 0 0 2 2 0 2 2 2 1 0 2 1 2 1 2 2 2 1 2 2 1 2 2
0.806306689233405 0.842780551644147 1.33860032860693 1.64663189627822 -0.0152515320398061 1 2 1 0 2 2 1 1 0 0 2 2 0 1 2 2 2 1 2 1 1 0 0 0 1 0 1 1 2 2 2 2 1 0 2 2 1 1 0 0 2 2 0 1 2 2 2 1 2 1 1 0 0 0 1 0 1 1 2 2 2
-1.17937267967481 1.13725083811773 0.424855917873805 -0.942930872382534 1.21155543629216 1 2 2 1 2 2 2 0 0 0 2 2 1 2 2 2 0 2 2 1 2 0 0 0 1 0 1 0 0 2 2 2 2 1 2 2 2 0 0 0 2 2 1 2 2 2 0 2 2 1 2 0 0 0 1 0 1 0 0 2 2
-0.424468853823013 0.0082708853270039 0.769659956843568 -0.70036374359964 1.09204758294933 1 2 2 2 2 2 2 1 2 1 2 1 1 2 2 2 1 0 2 1 1 0 0 1 0 0 0 1 2 2 2 2 2 2 2 2 2 1 2 1 2 1 1 2 2 2 1 0 2 1 1 0 0 1 0 0 0 1 2 2 2
2.04514480892455 1.51121444886467 0.597444774805221 -0.418815582295829 0.26883403687508 1 2 2 1 0 1 0 0 0 0 2 2 0 2 0 0 0 1 2 2 0 0 0 0 0 0 1 1 1 2 1 2 2 1 0 1 0 0 0 0 2 2 0 2 0 0 0 1 2 2 0 0 0 0 0 0 1 1 1 2 1
-1.11595586766467 -0.0285553391403725 -0.241434152079335 -0.591370279436063 2.09525646462498 -1 2 1 0 2 2 1 0 0 0 2 2 1 2 1 0 0 0 2 2 2 0 0 1 0 0 0 0 2 2 1 -2 -1 0 -2 -2 -1 0 0 0 -2 -2 -1 -2 -1 0 0 0 -2 -2 -2 0 0 -1 0 0 0 0 -2 -2 -1
-1.2950488454701 -0.476774779662897 -1.07153183759352 0.432275395231503 1.57769438914231 1 2 0 1 2 2 2 1 0 0 1 2 0 0 0 1 0 0 2 2 2 1 0 0 0 0 1 0 1 2 1 2 0 1 2 2 2 1 0 0 1 2 0 0 0 1 0 0 2 2 2 1 0 0 0 0 1 0 1 2 1
-0.233293175846556 0.854846967692231 -0.602798435401412 -0.224750766911595 0.0749390227232785 -1 2 1 1 2 2 2 0 0 0 2 2 1 2 2 1 0 1 2 2 2 0 1 1 1 0 2 2 2 2 2 -2 -1 -1 -2 -2 -2 0 0 0 -2 -2 -1 -2 -2 -1 0 -1 -2 -2 -2 0 -1 -1 -1 0 -2 -2 -2 -2 -2
1.38101261313798 -0.414822982975908 0.321875291635083 0.833563453571735 -0.0832072144543048 1 2 1 1 2 2 0 0 0 0 2 2 1 2 1 1 0 0 1 1 2 0 0 0 2 0 0 1 2 2 0 2 1 1 2 2 0 0 0 0 2 2 1 2 1 1 0 0 1 1 2 0 0 0 2 0 0 1 2 2 0
-0.483716137282128 -0.093652439453996 0.407906833132997 -0.332334577395263 0.44999203343867 1 2 2 1 2 2 0 0 0 0 1 1 0 1 0 0 1 1 2 2 2 1 0 1 0 0 0 0 2 2 1 2 2 1 2 2 0 0 0 0 1 1 0 1 0 0 1 1 2 2 2 1 0 1 0 0 0 0 2 2 1
0.869998962802707 -1.29603814508964 -1.20241960948086 -0.423915502521849 -0.533761825912761 -1 2 1 0 2 2 1 1 0 0 0 1 0 1 1 0 0 0 2 1 1 1 1 2 0 1 1 1 1 0 0 -2 -1 0 -2 -2 -1 -1 0 0 0 -1 0 -1 -1 0 0 0 -2 -1 -1 -1 -1 -2 0 -1 -1 -1 -1 0 0
0.99819153527097 0.233341284368936 -1.23122458354799 -0.447523428659629 0.31636767818507 1 1 1 0 2 2 2 0 0 0 0 2 1 2 1 2 0 2 2 2 2 1 0 1 1 0 1 2 1 1 1 1 1 0 2 2 2 0 0 0 0 2 1 2 1 2 0 2 2 2 2 1 0 1 1 0 1 2 1 1 1
0.116026321708772 -1.74388917774321 -0.205811550151772 -0.178994866135246 1.35935799681871 1 2 2 2 2 2 2 1 1 0 1 1 0 2 2 1 0 1 1 2 2 0 0 1 1 0 1 2 2 2 2 2 2 2 2 2 2 1 1 0 1 1 0 2 2 1 0 1 1 2 2 0 0 1 1 0 1 2 2 2 2
-0.9744522264505 -1.31753325460284 -0.503734447883906 -0.917782163902873 -1.00000039547306 -1 2 2 1 2 2 2 1 0 0 0 0 0 1 1 0 0 0 2 1 1 1 0 2 2 2 2 2 2 2 2 -2 -2 -1 -2 -2 -2 -1 0 0 0 0 0 -1 -1 0 0 0 -2 -1 -1 -1 0 -2 -2 -2 -2 -2 -2 -2 -2
0.327772331370374 1.35533751053613 -1.19904051298159 -0.534526270727734 -2.15337867330713 1 1 2 1 2 2 0 0 1 1 2 1 0 1 1 0 0 0 2 1 2 1 0 1 1 0 0 0 0 2 2 1 2 1 2 2 0 0 1 1 2 1 0 1 1 0 0 0 2 1 2 1 0 1 1 0 0 0 0 2 2
0.516815497810741 0.372672981454112 -1.39634705178383 -0.258767172011899 -0.73798468963875 1 1 1 2 2 2 0 0 0 0 1 2 1 2 1 1 0 1 2 1 2 1 0 2 0 0 1 2 1 2 1 1 1 2 2 2 0 0 0 0 1 2 1 2 1 1 0 1 2 1 2 1 0 2 0 0 1 2 1 2 1
1.65079713713575 -0.104135510067608 -0.641955892176484 -1.36275257920231 0.672433286209588 -1 1 0 0 2 2 1 1 0 0 0 2 1 1 1 1 0 1 2 1 2 2 0 2 1 0 0 1 2 2 2 -1 0 0 -2 -2 -1 -1 0 0 0 -2 -1 -1 -1 -1 0 -1 -2 -1 -2 -2 0 -2 -1 0 0 -1 -2 -2 -2
0.762617401447478 -1.82513254532344 0.629996521027056 0.0684576696364766 0.443753358115086 1 2 1 1 1 2 1 0 1 0 1 2 0 1 0 0 0 1 2 2 2 2 0 2 0 0 1 0 2 2 1 2 1 1 1 2 1 0 1 0 1 2 0 1 0 0 0 1 2 2 2 2 0 2 0 0 1 0 2 2 1
0.597251415987091 -0.294769982756664 0.510308797208117 1.02949168575387 0.83463542658178 -1 2 1 0 2 2 2 1 0 0 1 2 0 2 2 0 0 0 2 2 2 0 0 1 0 1 2 2 2 2 2 -2 -1 0 -2 -2 -2 -1 0 0 -1 -2 0 -2 -2 0 0 0 -2 -2 -2 0 0 -1 0 -1 -2 -2 -2 -2 -2
0.227769520369918 1.40503615600733 -1.36720517945611 0.106299016457517 0.479510639764846 -1 2 1 1 1 2 2 0 0 1 2 1 1 1 1 0 0 0 2 2 2 0 0 0 0 0 2 2 1 2 1 -2 -1 -1 -1 -2 -2 0 0 -1 -2 -1 -1 -1 -1 0 0 0 -2 -2 -2 0 0 0 0 0 -2 -2 -1 -2 -1
0.0905448648463919 -1.47002030009936 -1.50602190746541 0.852011511823656 -0.85533067118497 -1 1 0 0 2 2 0 0 0 0 2 2 0 1 1 0 1 0 2 1 2 0 0 1 1 0 0 0 1 2 1 -1 0 0 -2 -2 0 0 0 0 -2 -2 0 -1 -1 0 -1 0 -2 -1 -2 0 0 -1 -1 0 0 0 -1 -2 -1
-1.22616568291998 -0.590796837084968 0.140874546852931 0.987896700551078 -0.93433345941053 -1 2 1 2 1 2 1 0 1 0 2 2 0 2 1 0 0 2 2 2 2 1 1 2 1 1 0 1 2 2 2 -2 -1 -2 -1 -2 -1 0 -1 0 -2 -2 0 -2 -1 0 0 -2 -2 -2 -2 -1 -1 -2 -1 -1 0 -1 -2 -2 -2
