-0.0435681702342581 -0.884284542778321 0.222364962565258 0.42056721125699 0.791190760078557 -1 1 2 0 1 1 2 1 2 2 1 2 2 1 2 2 1 1 0 1 1 2 0 1 0 1 0 2 1 1 0 -1 -2 0 -1 -1 -2 -1 -2 -2 -1 -2 -2 -1 -2 -2 -1 -1 0 -1 -1 -2 0 -1 0 -1 0 -2 -1 -1 0
0.19323546311677 0.913223549669903 0.413546165086055 -0.446203019284002 -0.171688609100667 1 1 2 2 2 2 2 2 2 2 2 2 0 0 1 0 2 2 0 2 1 2 0 2 0 0 1 2 1 1 0 1 2 2 2 2 2 2 2 2 2 2 0 0 1 0 2 2 0 2 1 2 0 2 0 0 1 2 1 1 0
-1.31721363881933 1.45423528995432 -1.26128187358184 -0.342188767218336 -0.546454880286304 1 2 2 1 1 1 1 1 1 0 1 1 0 0 0 1 1 1 0 1 2 2 1 2 1 1 2 2 1 1 0 2 2 1 1 1 1 1 1 0 1 1 0 0 0 1 1 1 0 1 2 2 1 2 1 1 2 2 1 1 0
1.17011513751007 -0.318959695971502 0.323698328657882 -1.51514681330486 -0.424315495605926 1 2 2 1 1 2 2 0 1 1 1 2 1 0 2 2 2 2 1 2 2 2 0 2 1 1 0 2 1 2 0 2 2 1 1 2 2 0 1 1 1 2 1 0 2 2 2 2 1 2 2 2 0 2 1 1 0 2 1 2 0
-1.55374381675615 0.102507268644541 -0.795047710810908 0.16241253507661 1.60533215672771 -1 2 2 2 2 1 2 0 2 1 1 2 1 0 2 2 2 1 0 2 1 2 0 2 1 1 1 2 0 0 0 -2 -2 -2 -2 -1 -2 0 -2 -1 -1 -2 -1 0 -2 -2 -2 -1 0 -2 -1 -2 0 -2 -1 -1 -1 -2 0 0 0
-1.30516382790989 0.183007161574695 -0.306409984946622 -1.45719329739541 -0.323469009486399 -1 0 1 1 1 1 2 1 1 1 1 2 0 0 1 1 2 2 0 1 2 2 0 2 2 1 1 2 0 2 0 0 -1 -1 -1 -1 -2 -1 -1 -1 -1 -2 0 0 -1 -1 -2 -2 0 -1 -2 -2 0 -2 -2 -1 -1 -2 0 -2 0
0.311999320137907 -0.85524578176981 0.762699809117801 -0.896115505311261 -0.651087335981885 -1 1 1 1 1 0 2 2 2 2 1 2 1 0 0 1 2 0 0 0 0 1 2 2 2 2 0 2 1 2 1 -1 -1 -1 -1 0 -2 -2 -2 -2 -1 -2 -1 0 0 -1 -2 0 0 0 0 -1 -2 -2 -2 -2 0 -2 -1 -2 -1
1.06684058533397 -0.397323729964166 -1.6029048018306 -0.57409796068371 1.0005940676779 1 1 2 1 1 0 2 1 2 0 1 2 2 1 2 2 2 1 0 2 2 2 1 2 1 2 1 2 1 2 1 1 2 1 1 0 2 1 2 0 1 2 2 1 2 2 2 1 0 2 2 2 1 2 1 2 1 2 1 2 1
-0.519065284691617 1.8226387524422 1.26062162571324 1.69316244593268 0.78141067744236 -1 1 2 1 1 2 2 0 1 2 2 2 0 0 2 2 2 1 1 2 2 1 1 2 1 1 1 0 0 1 0 -1 -2 -1 -1 -2 -2 0 -1 -2 -2 -2 0 0 -2 -2 -2 -1 -1 -2 -2 -1 -1 -2 -1 -1 -1 0 0 -1 0
-1.60335450126494 -1.50113810871684 -0.749296343894407 -0.348751701238721 1.29641777261769 -1 1 2 1 1 1 2 2 2 1 0 2 0 0 1 1 2 2 0 2 2 2 1 1 0 0 0 0 0 2 2 -1 -2 -1 -1 -1 -2 -2 -2 -1 0 -2 0 0 -1 -1 -2 -2 0 -2 -2 -2 -1 -1 0 0 0 0 0 -2 -2
-0.171568864169526 -0.675298770915954 -0.5691342849034 -0.0368396896272128 0.412621067843156 1 2 2 1 2 2 2 1 2 1 1 2 1 0 2 2 2 2 0 2 0 2 1 2 1 1 1 1 1 2 0 2 2 1 2 2 2 1 2 1 1 2 1 0 2 2 2 2 0 2 0 2 1 2 1 1 1 1 1 2 0
-0.0864896847720492 -0.860252157905331 0.468092206445578 -1.49572188890112 -1.21364565158881 -1 0 1 0 2 2 2 1 2 2 1 2 0 0 2 2 2 2 0 1 1 1 1 1 1 2 1 0 0 2 0 0 -1 0 -2 -2 -2 -1 -2 -2 -1 -2 0 0 -2 -2 -2 -2 0 -1 -1 -1 -1 -1 -1 -2 -1 0 0 -2 0
0.377287710543448 -0.698250801413137 -0.086776899649336 1.58531363001315 -2.35281488435665 1 2 2 1 2 2 2 1 2 1 1 2 0 0 2 2 2 2 0 1 1 1 0 2 2 1 0 1 2 2 0 2 2 1 2 2 2 1 2 1 1 2 0 0 2 2 2 2 0 1 1 1 0 2 2 1 0 1 2 2 0
-0.897904518442495 0.469994869127206 -1.27361306912801 0.150018546048391 0.824377974595874 1 2 2 2 1 2 2 1 2 1 1 2 0 0 2 2 1 2 1 2 1 2 1 2 0 1 1 1 0 1 0 2 2 2 1 2 2 1 2 1 1 2 0 0 2 2 1 2 1 2 1 2 1 2 0 1 1 1 0 1 0
-0.96686490741184 0.612510454803082 -0.613930469079408 -1.2313021219372 2.13911532029057 1 2 2 2 2 2 2 1 2 2 2 2 1 0 2 2 2 2 0 1 1 2 1 2 1 1 1 2 1 1 0 2 2 2 2 2 2 1 2 2 2 2 1 0 2 2 2 2 0 1 1 2 1 2 1 1 1 2 1 1 0
-0.422090368614941 -1.40197970366637 0.850903693723079 0.874161444853724 -1.36758833517585 -1 1 2 2 2 2 2 1 2 2 2 2 0 0 1 1 2 1 1 2 1 2 2 2 2 0 0 1 2 2 1 -1 -2 -2 -2 -2 -2 -1 -2 -2 -2 -2 0 0 -1 -1 -2 -1 -1 -2 -1 -2 -2 -2 -2 0 0 -1 -2 -2 -1
1.34758741243342 -1.50896853506911 -0.296658666973138 0.442455117776494 -0.39494409971451 -1 1 2 2 2 2 2 1 2 2 1 1 0 0 1 1 2 2 0 2 1 0 0 1 0 0 2 2 1 1 0 -1 -2 -2 -2 -2 -2 -1 -2 -2 -1 -1 0 0 -1 -1 -2 -2 0 -2 -1 0 0 -1 0 0 -2 -2 -1 -1 0
0.168074668117235 -0.16141282533967 0.632913177843631 1.77086641750929 0.680442738846618 -1 1 2 1 2 1 2 0 2 2 0 1 0 0 1 2 2 2 1 2 1 2 1 2 2 1 1 1 1 0 0 -1 -2 -1 -2 -1 -2 0 -2 -2 0 -1 0 0 -1 -2 -2 -2 -1 -2 -1 -2 -1 -2 -2 -1 -1 -1 -1 0 0
-2.12841016379093 1.17557775853759 -0.803681854397821 -0.0725417589370541 2.09251715943367 -1 1 2 2 1 2 2 2 2 2 1 1 1 0 2 2 2 2 1 2 2 1 0 2 1 0 0 0 0 2 0 -1 -2 -2 -1 -2 -2 -2 -2 -2 -1 -1 -1 0 -2 -2 -2 -2 -1 -2 -2 -1 0 -2 -1 0 0 0 0 -2 0
1.09799941574428 -0.356370766365485 -2.20462748425515 -1.12611454607814 0.774523058119674 1 2 2 1 1 1 2 0 1 1 1 2 0 0 1 2 2 2 1 2 1 1 0 1 1 0 0 0 2 1 0 2 2 1 1 1 2 0 1 1 1 2 0 0 1 2 2 2 1 2 1 1 0 1 1 0 0 0 2 1 0
0.479541504058657 0.285156518845659 0.819728676269271 -0.15450164391317 -0.977144049582917 -1 1 2 2 2 2 2 2 2 2 2 2 1 0 0 1 2 1 0 2 1 1 1 1 1 0 1 2 1 0 1 -1 -2 -2 -2 -2 -2 -2 -2 -2 -2 -2 -1 0 0 -1 -2 -1 0 -2 -1 -1 -1 -1 -1 0 -1 -2 -1 0 -1
-1.9577462525201 1.59390708826786 -0.471045926476623 0.936210431740091 -1.46068813918662 1 1 2 0 1 1 2 0 2 1 1 1 0 0 1 1 2 1 0 2 1 2 1 2 1 1 1 2 0 2 0 1 2 0 1 1 2 0 2 1 1 1 0 0 1 1 2 1 0 2 1 2 1 2 1 1 1 2 0 2 0
1.76663748195622 -0.641667520731994 1.03343429383211 -0.584273413303753 -0.232984886178188 -1 1 2 0 2 2 2 2 2 1 1 2 1 0 1 1 2 1 0 2 2 0 0 2 2 2 0 1 2 2 1 -1 -2 0 -2 -2 -2 -2 -2 -1 -1 -2 -1 0 -1 -1 -2 -1 0 -2 -2 0 0 -2 -2 -2 0 -1 -2 -2 -1
1.45251250510767 0.363368729733275 -0.0803924523372008 1.06986723264849 -0.571070734803036 1 2 2 2 1 2 2 1 1 2 1 2 1 0 1 0 2 2 1 2 2 2 1 1 0 0 0 1 0 1 0 2 2 2 1 2 2 1 1 2 1 2 1 0 1 0 2 2 1 2 2 2 1 1 0 0 0 1 0 1 0
0.132933110886003 0.664056985797239 0.32318148174857 -1.29644833544444 0.466800582204083 1 2 2 1 1 1 2 1 2 1 2 2 1 0 2 2 2 1 0 2 1 1 1 2 1 1 0 2 2 1 1 2 2 1 1 1 2 1 2 1 2 2 1 0 2 2 2 1 0 2 1 1 1 2 1 1 0 2 2 1 1
-0.991692157730401 -0.114886424802676 -0.338349087953977 -0.23395364396137 1.18458943228698 1 1 2 2 2 1 2 1 1 2 2 2 0 0 2 2 2 2 0 1 0 2 1 1 1 1 2 2 1 2 1 1 2 2 2 1 2 1 1 2 2 2 0 0 2 2 2 2 0 1 0 2 1 1 1 1 2 2 1 2 1
-2.09837468546886 -1.22524033950203 0.152536994928442 -0.272929752910601 -2.0438151711562 1 2 2 2 1 2 2 1 2 1 1 0 0 0 1 1 2 1 2 2 2 1 1 2 0 0 1 2 2 0 0 2 2 2 1 2 2 1 2 1 1 0 0 0 1 1 2 1 2 2 2 1 1 2 0 0 1 2 2 0 0
-0.571867603490212 -0.858708873407067 -0.420054068534038 1.60879991366815 -0.0960741790346681 -1 1 2 2 2 2 2 2 2 2 1 2 1 0 1 2 2 2 0 2 2 1 2 1 0 1 1 1 1 2 0 -1 -2 -2 -2 -2 -2 -2 -2 -2 -1 -2 -1 0 -1 -2 -2 -2 0 -2 -2 -1 -2 -1 0 -1 -1 -1 -1 -2 0
-0.16419153477009 -0.205338543290902 0.115991675499376 -0.00429302094462284 0.582733049861182 -1 1 1 0 2 2 2 1 2 1 0 1 1 0 0 0 2 2 0 2 1 2 1 2 0 1 1 2 1 1 0 -1 -1 0 -2 -2 -2 -1 -2 -1 0 -1 -1 0 0 0 -2 -2 0 -2 -1 -2 -1 -2 0 -1 -1 -2 -1 -1 0
0.265511475110464 0.634635038011264 -0.851226812535037 -0.0923135331010859 -0.391826438601257 -1 0 0 0 1 1 2 1 1 2 2 2 1 0 0 0 2 2 0 2 2 2 1 1 0 1 0 1 1 1 0 0 0 0 -1 -1 -2 -1 -1 -2 -2 -2 -1 0 0 0 -2 -2 0 -2 -2 -2 -1 -1 0 -1 0 -1 -1 -1 0
-1.31409416092761 -1.69261722924833 -0.779146210654681 1.3971740236293 0.944376483539065 1 2 2 2 1 2 2 1 2 2 2 2 1 0 2 2 2 2 0 1 2 2 2 2 1 1 2 1 0 0 0 2 2 2 1 2 2 1 2 2 2 2 1 0 2 2 2 2 0 1 2 2 2 2 1 1 2 1 0 0 0
0.921800359864351 -0.921758082127626 -0.0641046014317682 0.936034011284016 0.189590609307646 1 2 1 1 0 0 2 1 2 1 1 2 1 0 2 2 2 1 1 1 1 2 0 1 0 0 1 2 1 1 0 2 1 1 0 0 2 1 2 1 1 2 1 0 2 2 2 1 1 1 1 2 0 1 0 0 1 2 1 1 0
-0.672335383977983 -1.5515336226259 -0.533258104035387 2.22678062874294 0.838964483218517 1 2 2 1 1 1 2 1 2 1 1 2 0 0 2 1 2 1 1 2 1 1 0 2 1 0 1 2 0 0 0 2 2 1 1 1 2 1 2 1 1 2 0 0 2 1 2 1 1 2 1 1 0 2 1 0 1 2 0 0 0
0.755871841759681 0.273814976761572 -1.52856104848038 -0.390696082306961 -0.852758745252359 1 2 2 2 1 2 2 1 2 1 2 2 0 0 0 0 2 2 0 2 2 2 1 2 1 2 1 2 1 2 0 2 2 2 1 2 2 1 2 1 2 2 0 0 0 0 2 2 0 2 2 2 1 2 1 2 1 2 1 2 0
0.55563117926072 -0.0588997716728183 -0.067634403262677 -0.266423999477968 -0.185966395605186 -1 1 2 1 1 2 1 1 0 1 1 2 0 0 0 1 2 2 0 2 1 2 1 2 2 2 1 1 0 1 0 -1 -2 -1 -1 -2 -1 -1 0 -1 -1 -2 0 0 0 -1 -2 -2 0 -2 -1 -2 -1 -2 -2 -2 -1 -1 0 -1 0
0.806316874945772 1.30971241547221 1.40096495531609 -2.65651886835592 0.323119571341742 1 2 2 2 2 1 2 2 2 1 0 2 0 0 0 0 2 1 0 2 0 2 2 2 1 0 0 2 1 2 1 2 2 2 2 1 2 2 2 1 0 2 0 0 0 0 2 1 0 2 0 2 2 2 1 0 0 2 1 2 1
1.33737299155244 1.49893731052459 -0.345381946499341 0.590320573475741 -1.24126555569311 1 1 2 2 2 2 2 1 2 1 1 2 1 0 2 2 2 2 1 2 0 2 1 2 1 0 0 1 1 1 0 1 2 2 2 2 2 1 2 1 1 2 1 0 2 2 2 2 1 2 0 2 1 2 1 0 0 1 1 1 0
0.948538632863534 0.426404297674941 -0.216828863759261 -2.41278346569184 -0.999837109054672 -1 2 2 2 2 1 2 2 2 1 1 2 1 0 2 2 2 2 0 1 0 1 1 2 1 1 2 2 1 2 0 -2 -2 -2 -2 -1 -2 -2 -2 -1 -1 -2 -1 0 -2 -2 -2 -2 0 -1 0 -1 -1 -2 -1 -1 -2 -2 -1 -2 0
-0.428586806711117 -1.41541521135113 -0.679675227157248 -1.83757370948101 -0.837623679600174 -1 1 1 1 1 1 2 1 0 0 1 2 1 1 2 1 2 2 0 2 2 2 0 2 1 2 2 2 1 2 2 -1 -1 -1 -1 -1 -2 -1 0 0 -1 -2 -1 -1 -2 -1 -2 -2 0 -2 -2 -2 0 -2 -1 -2 -2 -2 -1 -2 -2
0.172671411271527 -0.310997872865954 0.0737292259558669 1.45501702619419 -0.0698776310939349 -1 1 0 1 1 1 1 0 2 2 1 2 0 0 1 1 2 1 0 2 0 1 0 1 0 0 1 1 2 2 0 -1 0 -1 -1 -1 -1 0 -2 -2 -1 -2 0 0 -1 -1 -2 -1 0 -2 0 -1 0 -1 0 0 -1 -1 -2 -2 0
-2.05797065891624 -0.115231363698874 -1.50282996254762 0.646586808147572 -0.0575719005998848 -1 2 2 1 2 2 2 1 2 2 2 2 0 0 0 2 2 0 0 1 1 2 0 1 0 1 2 2 2 2 1 -2 -2 -1 -2 -2 -2 -1 -2 -2 -2 -2 0 0 0 -2 -2 0 0 -1 -1 -2 0 -1 0 -1 -2 -2 -2 -2 -1
-0.525901036235759 1.27391662620545 -0.55979351818605 -0.321388215893407 -1.90670259886898 1 1 1 1 2 1 2 1 2 1 1 2 0 0 1 1 2 2 0 2 1 2 1 2 2 2 1 2 1 0 0 1 1 1 2 1 2 1 2 1 1 2 0 0 1 1 2 2 0 2 1 2 1 2 2 2 1 2 1 0 0
-0.399658312184008 -0.281907203390359 -0.400299192815169 1.22281452526467 -1.55290434132742 -1 2 2 2 1 2 2 1 2 2 2 2 1 0 2 1 2 2 1 2 2 2 2 2 1 2 1 1 1 2 1 -2 -2 -2 -1 -2 -2 -1 -2 -2 -2 -2 -1 0 -2 -1 -2 -2 -1 -2 -2 -2 -2 -2 -1 -2 -1 -1 -1 -2 -1
0.0626406222918675 -0.0596427296668299 -0.786158140792017 1.66887858146984 1.77467256078827 1 1 2 2 2 2 2 2 2 2 2 2 1 1 2 2 2 2 0 2 0 1 1 2 0 0 0 0 0 1 1 1 2 2 2 2 2 2 2 2 2 2 1 1 2 2 2 2 0 2 0 1 1 2 0 0 0 0 0 1 1
-1.26443188158089 0.8336729732652 0.0334456658109332 0.130288253042713 2.16786276340842 -1 2 1 0 1 0 1 1 2 0 0 2 1 0 2 1 2 1 1 2 1 1 0 2 1 1 1 2 1 1 0 -2 -1 0 -1 0 -1 -1 -2 0 0 -2 -1 0 -2 -1 -2 -1 -1 -2 -1 -1 0 -2 -1 -1 -1 -2 -1 -1 0
-1.02551196320737 -0.937889915677426 0.41328771122647 -0.433140174585753 -0.277942134088558 1 2 2 1 0 1 2 1 1 1 0 2 1 0 2 2 2 2 1 2 1 2 2 2 1 1 1 1 1 1 0 2 2 1 0 1 2 1 1 1 0 2 1 0 2 2 2 2 1 2 1 2 2 2 1 1 1 1 1 1 0
0.133121786272598 -0.22348513290638 0.167622392678497 -0.664118722320458 0.152363280011996 1 2 2 1 1 2 2 0 2 0 0 1 0 0 2 2 1 1 0 2 1 2 0 2 1 0 2 0 0 1 1 2 2 1 1 2 2 0 2 0 0 1 0 0 2 2 1 1 0 2 1 2 0 2 1 0 2 0 0 1 1
0.827384083829903 1.42403350227003 0.447113481332442 0.100690387237783 1.03371459866979 1 0 2 2 2 2 2 2 2 2 2 2 0 0 1 2 2 2 1 2 2 2 0 1 0 0 0 2 1 1 0 0 2 2 2 2 2 2 2 2 2 2 0 0 1 2 2 2 1 2 2 2 0 1 0 0 0 2 1 1 0
1.27608661369697 0.225284253758289 0.0112601705280463 -0.241490023902053 0.0866503742565486 -1 2 2 1 0 1 2 1 2 2 2 2 1 0 2 1 2 0 0 1 2 2 0 1 1 2 1 1 1 2 0 -2 -2 -1 0 -1 -2 -1 -2 -2 -2 -2 -1 0 -2 -1 -2 0 0 -1 -2 -2 0 -1 -1 -2 -1 -1 -1 -2 0
1.0751230404621 -0.827641304222668 -0.641498814849367 0.907911443805555 0.222555321191533 1 1 1 1 1 2 2 2 2 2 1 1 0 1 2 2 2 2 1 2 2 1 2 2 0 1 1 1 1 1 0 1 1 1 1 2 2 2 2 2 1 1 0 1 2 2 2 2 1 2 2 1 2 2 0 1 1 1 1 1 0
1.79552425607083 -0.636136628835618 0.526379107857818 -0.288687895517893 0.32057595714647 -1 2 2 2 1 1 2 2 2 2 1 2 1 1 2 2 1 0 0 0 0 2 0 2 1 1 1 2 1 2 1 -2 -2 -2 -1 -1 -2 -2 -2 -2 -1 -2 -1 -1 -2 -2 -1 0 0 0 0 -2 0 -2 -1 -1 -1 -2 -1 -2 -1
1.58646031275184 -1.50087471312726 1.85626619515952 0.816542139450739 0.910966576289699 -1 1 2 2 0 1 2 1 2 2 2 1 1 1 2 1 2 1 0 2 1 2 1 2 0 1 0 1 2 2 0 -1 -2 -2 0 -1 -2 -1 -2 -2 -2 -1 -1 -1 -2 -1 -2 -1 0 -2 -1 -2 -1 -2 0 -1 0 -1 -2 -2 0
-0.277921520235488 0.477960519581141 0.33468729198223 -0.381938287164528 -0.253058849896556 1 2 2 2 1 1 2 1 1 2 1 2 1 0 2 2 2 1 1 2 2 1 0 1 0 1 1 2 1 2 0 2 2 2 1 1 2 1 1 2 1 2 1 0 2 2 2 1 1 2 2 1 0 1 0 1 1 2 1 2 0
-0.601194732012912 -2.03004426248434 0.341935806342879 -1.27944916188591 0.418840314227412 -1 1 2 1 1 1 2 2 2 1 1 1 1 0 2 1 2 1 0 2 1 1 2 2 1 1 0 1 1 2 0 -1 -2 -1 -1 -1 -2 -2 -2 -1 -1 -1 -1 0 -2 -1 -2 -1 0 -2 -1 -1 -2 -2 -1 -1 0 -1 -1 -2 0
-1.32801334455307 -0.105830912133362 1.65706612549544 -1.17786267068463 -0.725961497935525 1 0 1 1 2 1 2 1 2 2 1 2 0 0 1 1 2 1 0 2 1 2 2 2 1 0 0 1 0 2 0 0 1 1 2 1 2 1 2 2 1 2 0 0 1 1 2 1 0 2 1 2 2 2 1 0 0 1 0 2 0
0.4531682814109 1.12972629998742 0.701939186154638 0.938987098388642 0.881702182251562 -1 1 1 1 1 1 2 2 2 1 2 2 1 0 2 1 2 2 1 2 1 2 1 2 1 0 0 2 0 2 2 -1 -1 -1 -1 -1 -2 -2 -2 -1 -2 -2 -1 0 -2 -1 -2 -2 -1 -2 -1 -2 -1 -2 -1 0 0 -2 0 -2 -2
0.170488285945877 1.70357425587218 0.96506483416216 0.501173336573607 -1.1827743656401 1 2 2 2 1 1 2 0 1 1 1 1 0 0 1 1 2 2 0 2 2 2 1 2 0 0 0 1 0 0 0 2 2 2 1 1 2 0 1 1 1 1 0 0 1 1 2 2 0 2 2 2 1 2 0 0 0 1 0 0 0
1.72172960128835 0.139537873435396 0.75703534803294 -0.357750021444953 1.30278193782737 1 1 2 1 0 1 1 1 1 0 2 1 0 0 1 2 2 0 0 2 1 2 1 2 1 0 0 0 0 0 0 1 2 1 0 1 1 1 1 0 2 1 0 0 1 2 2 0 0 2 1 2 1 2 1 0 0 0 0 0 0
-0.787511082880849 -0.191767176700741 -0.362096620935176 2.49950946030233 -0.884686118028538 -1 1 2 1 0 1 2 1 2 1 0 2 0 0 2 2 2 2 0 2 2 1 0 0 0 1 0 0 1 0 0 -1 -2 -1 0 -1 -2 -1 -2 -1 0 -2 0 0 -2 -2 -2 -2 0 -2 -2 -1 0 0 0 -1 0 0 -1 0 0
-0.617808381178917 -0.882094683331106 0.363074971154207 -0.222888719359797 0.65904730421163 -1 1 2 1 1 2 2 1 2 2 2 2 1 0 2 2 2 1 0 2 2 2 1 2 1 1 1 1 2 1 1 -1 -2 -1 -1 -2 -2 -1 -2 -2 -2 -2 -1 0 -2 -2 -2 -1 0 -2 -2 -2 -1 -2 -1 -1 -1 -1 -2 -1 -1
-1.27005053148084 1.83508892305813 1.32364023864966 -0.16241378884014 -0.0494023841430298 1 1 2 1 2 2 2 2 2 1 2 2 0 0 1 1 2 1 0 1 1 2 1 2 1 1 0 1 1 1 0 1 2 1 2 2 2 2 2 1 2 2 0 0 1 1 2 1 0 1 1 2 1 2 1 1 0 1 1 1 0
0.682981860951121 -0.182255569387595 -0.405220487668783 -1.23204878987154 -0.130397396607546 -1 1 1 1 2 2 2 2 1 2 2 2 2 0 2 1 2 2 0 2 1 2 1 2 1 1 0 0 0 0 0 -1 -1 -1 -2 -2 -2 -2 -1 -2 -2 -2 -2 0 -2 -1 -2 -2 0 -2 -1 -2 -1 -2 -1 -1 0 0 0 0 0
-0.639671038695972 0.353302177198603 -0.117342699442529 0.650880087324997 -1.16974193112117 -1 2 2 1 1 1 2 2 2 2 2 2 2 0 2 2 1 1 0 2 1 1 1 1 1 1 0 1 0 1 1 -2 -2 -1 -1 -1 -2 -2 -2 -2 -2 -2 -2 0 -2 -2 -1 -1 0 -2 -1 -1 -1 -1 -1 -1 0 -1 0 -1 -1
-0.431148682224828 0.110785083445194 -0.11305618739377 0.254706252785832 1.05345305448576 -1 1 1 1 1 2 2 2 2 2 1 1 0 0 1 0 2 2 1 2 2 2 1 2 1 1 0 1 0 1 0 -1 -1 -1 -1 -2 -2 -2 -2 -2 -1 -1 0 0 -1 0 -2 -2 -1 -2 -2 -2 -1 -2 -1 -1 0 -1 0 -1 0
-0.533607379474006 -0.0958207608260444 0.272725859271213 0.289888711486412 -0.733440795481086 1 0 2 2 0 0 2 2 2 1 2 2 1 0 2 2 2 2 1 2 1 2 1 2 1 2 1 1 1 1 0 0 2 2 0 0 2 2 2 1 2 2 1 0 2 2 2 2 1 2 1 2 1 2 1 2 1 1 1 1 0
1.47926507214727 0.308984196915043 -1.113263812236 -0.791807622674396 -0.422889517630862 -1 0 2 1 2 2 2 2 2 2 1 2 1 0 1 1 2 1 0 2 2 1 2 2 2 1 1 2 1 2 0 0 -2 -1 -2 -2 -2 -2 -2 -2 -1 -2 -1 0 -1 -1 -2 -1 0 -2 -2 -1 -2 -2 -2 -1 -1 -2 -1 -2 0
-1.26913540835898 -0.533328829463368 0.611001983836076 -0.403990427539668 -0.587614493095455 1 2 2 1 2 2 2 1 1 1 1 2 0 0 1 1 2 2 0 0 1 1 0 2 0 1 0 0 0 1 0 2 2 1 2 2 2 1 1 1 1 2 0 0 1 1 2 2 0 0 1 1 0 2 0 1 0 0 0 1 0
0.200275196675233 0.977714926225104 0.973659471321298 -0.342656725837214 -0.569953295719845 -1 2 2 2 1 2 2 0 1 1 0 2 0 0 2 2 2 2 0 2 2 2 1 2 0 1 1 1 1 0 0 -2 -2 -2 -1 -2 -2 0 -1 -1 0 -2 0 0 -2 -2 -2 -2 0 -2 -2 -2 -1 -2 0 -1 -1 -1 -1 0 0
-0.294622804203855 0.60731446039617 -0.284499794834315 0.394748003994589 -0.550294245428607 1 1 1 0 2 1 2 1 1 1 1 2 1 1 2 2 2 2 0 1 1 2 1 2 0 0 0 2 0 1 0 1 1 0 2 1 2 1 1 1 1 2 1 1 2 2 2 2 0 1 1 2 1 2 0 0 0 2 0 1 0
-0.869087397701042 2.04019219284579 0.786657888151065 0.111711011899349 -0.0524180423941727 1 1 1 1 1 1 2 2 2 1 0 1 2 0 1 2 2 2 0 2 1 1 1 1 0 0 0 1 0 1 0 1 1 1 1 1 2 2 2 1 0 1 2 0 1 2 2 2 0 2 1 1 1 1 0 0 0 1 0 1 0
-0.706279146254152 0.171359674499686 -0.16752932896577 -1.07595783948022 1.49216131849585 1 2 1 1 2 2 2 2 2 2 1 2 1 0 1 2 1 2 1 2 2 2 1 2 2 2 2 2 1 2 0 2 1 1 2 2 2 2 2 2 1 2 1 0 1 2 1 2 1 2 2 2 1 2 2 2 2 2 1 2 0
-1.54515734709735 -0.329181125881588 -0.068603351583828 0.526565314266263 0.700557208409193 1 1 2 0 1 2 2 1 1 1 0 1 0 0 2 1 2 2 1 2 1 2 2 2 2 1 1 1 1 2 1 1 2 0 1 2 2 1 1 1 0 1 0 0 2 1 2 2 1 2 1 2 2 2 2 1 1 1 1 2 1
-1.73879864942165 1.80234877441698 1.56873808912537 0.439725457623875 0.317427161641864 1 2 2 2 2 2 2 2 2 1 1 2 1 1 2 2 2 2 0 2 1 2 1 2 2 1 2 1 0 1 0 2 2 2 2 2 2 2 2 1 1 2 1 1 2 2 2 2 0 2 1 2 1 2 2 1 2 1 0 1 0
0.488273336078849 -0.678510373025661 -0.0286064246399858 1.08779640434286 2.72102011767867 1 1 2 1 1 1 2 1 1 1 2 2 0 1 2 2 2 2 1 2 1 1 0 2 1 1 1 2 1 2 1 1 2 1 1 1 2 1 1 1 2 2 0 1 2 2 2 2 1 2 1 1 0 2 1 1 1 2 1 2 1
0.537842279955018 1.30984086314285 -1.58484048294153 0.869133944768193 -0.816207440511079 -1 1 2 0 2 2 2 2 2 2 1 1 0 0 2 1 2 2 0 2 2 1 1 2 1 1 0 1 0 2 0 -1 -2 0 -2 -2 -2 -2 -2 -2 -1 -1 0 0 -2 -1 -2 -2 0 -2 -2 -1 -1 -2 -1 -1 0 -1 0 -2 0
-1.31950664272586 1.54727457443394 0.147390346472712 -1.4419528198183 -1.37626121952982 -1 2 2 1 1 1 2 0 2 1 1 1 2 0 2 2 2 2 0 2 2 2 1 2 1 1 1 2 1 1 1 -2 -2 -1 -1 -1 -2 0 -2 -1 -1 -1 -2 0 -2 -2 -2 -2 0 -2 -2 -2 -1 -2 -1 -1 -1 -2 -1 -1 -1
1.50885920186891 1.80496715349309 0.110716226602957 0.527416291848037 -1.17612441972866 -1 2 2 1 2 2 2 2 1 1 2 2 0 0 1 1 1 2 1 2 1 2 0 1 1 2 1 2 1 2 2 -2 -2 -1 -2 -2 -2 -2 -1 -1 -2 -2 0 0 -1 -1 -1 -2 -1 -2 -1 -2 0 -1 -1 -2 -1 -2 -1 -2 -2
-0.31921331670346 -0.472337616904474 -2.21718630660438 -2.34652287300726 0.86322983525808 1 1 2 1 1 2 2 1 1 1 1 1 1 0 1 2 2 1 0 1 1 2 1 2 0 2 1 1 0 2 0 1 2 1 1 2 2 1 1 1 1 1 1 0 1 2 2 1 0 1 1 2 1 2 0 2 1 1 0 2 0
-0.348404172715335 -0.139652385791929 -0.05424353367141 0.650564355686988 -0.8686796443242 -1 0 1 0 2 2 2 0 2 1 1 2 0 0 1 1 2 2 0 2 2 1 0 2 1 1 0 2 0 1 0 0 -1 0 -2 -2 -2 0 -2 -1 -1 -2 0 0 -1 -1 -2 -2 0 -2 -2 -1 0 -2 -1 -1 0 -2 0 -1 0
0.564557108963512 -0.484429814447109 0.25812251334553 0.353959018941762 -0.749941358228578 -1 1 2 1 1 2 2 2 2 1 1 2 1 0 2 1 2 1 1 2 2 1 1 2 1 0 0 0 0 0 0 -1 -2 -1 -1 -2 -2 -2 -2 -1 -1 -2 -1 0 -2 -1 -2 -1 -1 -2 -2 -1 -1 -2 -1 0 0 0 0 0 0
-0.297379122328643 -0.678012042207695 2.75813657114348 -0.754773457226804 1.30012151825565 -1 2 2 1 1 1 2 0 1 0 1 2 1 0 0 1 2 2 2 2 2 2 1 2 0 0 0 0 1 2 1 -2 -2 -1 -1 -1 -2 0 -1 0 -1 -2 -1 0 0 -1 -2 -2 -2 -2 -2 -2 -1 -2 0 0 0 0 -1 -2 -1
0.358711699483305 -1.98375422568166 -0.769425843853995 0.150661767081591 -0.0995079946989949 1 2 1 0 2 1 2 1 2 0 0 2 0 1 2 2 2 2 0 2 1 2 1 2 0 2 1 2 2 1 0 2 1 0 2 1 2 1 2 0 0 2 0 1 2 2 2 2 0 2 1 2 1 2 0 2 1 2 2 1 0
1.57577771596036 -0.0606782067312224 0.0283093103323854 -0.433478119724994 0.483220264255325 1 2 2 2 1 1 2 1 1 1 0 2 1 0 1 2 2 1 0 2 2 2 1 1 1 1 0 1 1 1 0 2 2 2 1 1 2 1 1 1 0 2 1 0 1 2 2 1 0 2 2 2 1 1 1 1 0 1 1 1 0
-0.347691662812672 2.12483184323387 0.939944765366168 1.89572955934935 -0.295684132239628 -1 1 2 1 2 2 2 0 2 2 1 2 1 0 1 1 2 1 0 2 2 2 1 2 0 1 0 1 1 2 1 -1 -2 -1 -2 -2 -2 0 -2 -2 -1 -2 -1 0 -1 -1 -2 -1 0 -2 -2 -2 -1 -2 0 -1 0 -1 -1 -2 -1
-0.524726745173869 0.654894350732749 -0.366932247192918 0.494219806714561 -1.08324410649746 1 2 2 1 1 1 2 1 2 2 2 2 0 0 2 2 2 2 0 1 1 1 0 2 0 0 0 1 0 1 0 2 2 1 1 1 2 1 2 2 2 2 0 0 2 2 2 2 0 1 1 1 0 2 0 0 0 1 0 1 0
0.329971932581701 0.108388334411074 -0.282619296093357 1.52687286904536 0.00395494001504986 -1 1 2 2 2 2 1 1 2 2 1 1 0 0 1 1 2 2 1 2 1 2 2 2 2 2 1 0 0 1 0 -1 -2 -2 -2 -2 -1 -1 -2 -2 -1 -1 0 0 -1 -1 -2 -2 -1 -2 -1 -2 -2 -2 -2 -2 -1 0 0 -1 0
-0.969014455723857 0.185281243210533 -1.10086101287659 -1.17539426024157 -1.08047934422106 1 0 1 0 1 1 2 2 2 1 1 2 1 1 2 1 2 1 0 2 1 2 1 2 1 1 2 2 1 1 0 0 1 0 1 1 2 2 2 1 1 2 1 1 2 1 2 1 0 2 1 2 1 2 1 1 2 2 1 1 0
-0.86528299670845 -0.755229344870502 -0.268541698659565 -0.227480813652262 1.05288443330523 -1 1 1 0 1 1 2 1 1 1 2 2 0 0 2 1 2 2 1 2 1 2 1 2 1 1 1 1 1 2 0 -1 -1 0 -1 -1 -2 -1 -1 -1 -2 -2 0 0 -2 -1 -2 -2 -1 -2 -1 -2 -1 -2 -1 -1 -1 -1 -1 -2 0
-1.4549700660807 -1.04186366067623 -0.467205538196248 1.80207589390825 0.420475952148239 -1 2 1 1 1 2 2 2 2 2 1 1 0 0 1 2 2 2 0 2 1 2 2 2 1 0 2 2 2 2 0 -2 -1 -1 -1 -2 -2 -2 -2 -2 -1 -1 0 0 -1 -2 -2 -2 0 -2 -1 -2 -2 -2 -1 0 -2 -2 -2 -2 0
0.426803524029267 -1.5424662134849 1.34436353590856 -0.504846794527254 0.612515766772419 -1 2 2 1 2 2 2 2 2 2 2 2 1 1 1 1 2 2 1 2 1 2 2 2 0 1 1 2 2 2 0 -2 -2 -1 -2 -2 -2 -2 -2 -2 -2 -2 -1 -1 -1 -1 -2 -2 -1 -2 -1 -2 -2 -2 0 -1 -1 -2 -2 -2 0
0.0553789453200118 0.879684591738406 -1.3805772416853 -0.336452739849513 1.10437029133372 -1 0 1 0 1 2 2 2 2 1 1 2 1 0 1 0 2 1 1 2 1 2 1 2 1 2 1 1 1 0 0 0 -1 0 -1 -2 -2 -2 -2 -1 -1 -2 -1 0 -1 0 -2 -1 -1 -2 -1 -2 -1 -2 -1 -2 -1 -1 -1 0 0
0.495871095899881 -0.0894427272546235 -1.37489258170284 -0.64593042264474 -1.02946813338377 -1 2 2 0 1 2 2 1 1 2 1 1 0 0 2 1 2 2 1 2 2 2 1 2 1 1 0 1 0 0 0 -2 -2 0 -1 -2 -2 -1 -1 -2 -1 -1 0 0 -2 -1 -2 -2 -1 -2 -2 -2 -1 -2 -1 -1 0 -1 0 0 0
0.158587012817874 -0.800088288617833 -1.7079282593684 0.907839137535339 -0.56042613389006 -1 2 2 0 2 1 2 0 1 1 0 2 0 0 1 1 2 2 0 1 1 2 0 1 0 0 1 1 0 1 0 -2 -2 0 -2 -1 -2 0 -1 -1 0 -2 0 0 -1 -1 -2 -2 0 -1 -1 -2 0 -1 0 0 -1 -1 0 -1 0
-1.11612736710119 -0.127095952973437 -0.631673513928847 -0.631015431888749 -1.36758407322159 -1 2 1 1 1 2 2 1 1 0 0 2 0 0 1 2 2 2 0 2 2 1 1 2 0 0 2 2 2 1 1 -2 -1 -1 -1 -2 -2 -1 -1 0 0 -2 0 0 -1 -2 -2 -2 0 -2 -2 -1 -1 -2 0 0 -2 -2 -2 -1 -1
-1.05417106393233 -1.23553855968578 -1.17880266506543 0.271457298196368 -1.0461513153335 -1 2 2 2 2 2 2 2 2 1 1 2 1 0 0 1 2 1 0 1 1 2 2 2 0 0 0 2 1 2 1 -2 -2 -2 -2 -2 -2 -2 -2 -1 -1 -2 -1 0 0 -1 -2 -1 0 -1 -1 -2 -2 -2 0 0 0 -2 -1 -2 -1
-0.825608781876251 2.14279275043791 0.103795416663131 0.139465085883811 1.01200647401731 1 1 1 1 1 2 2 0 1 0 1 2 0 0 2 2 2 0 0 0 2 2 1 2 1 1 1 1 1 1 2 1 1 1 1 2 2 0 1 0 1 2 0 0 2 2 2 0 0 0 2 2 1 2 1 1 1 1 1 1 2
-1.32585305461581 -0.758992373009448 -0.525938060551807 -0.678661769794511 -0.155487682662292 1 1 2 1 1 2 2 1 1 2 1 2 0 0 2 1 2 1 0 1 1 1 0 1 1 2 1 1 0 0 0 1 2 1 1 2 2 1 1 2 1 2 0 0 2 1 2 1 0 1 1 1 0 1 1 2 1 1 0 0 0
-0.928740125134175 -0.652189610885525 -0.20790720251324 0.27515101597489 0.465836965351901 1 2 2 1 0 1 2 2 2 1 0 1 1 0 2 2 2 1 0 2 1 2 1 1 1 1 1 2 2 2 0 2 2 1 0 1 2 2 2 1 0 1 1 0 2 2 2 1 0 2 1 2 1 1 1 1 1 2 2 2 0
1.32801246624989 0.846534082188102 -0.157729708461302 1.01847537596563 0.0875308824396068 -1 0 2 1 2 2 2 1 2 1 0 0 1 0 2 2 2 2 0 1 0 1 2 2 1 1 2 2 2 2 2 0 -2 -1 -2 -2 -2 -1 -2 -1 0 0 -1 0 -2 -2 -2 -2 0 -1 0 -1 -2 -2 -1 -1 -2 -2 -2 -2 -2
0.573534920849941 -2.1105911151031 -0.934441095850906 -0.367793305069511 -0.519214694185429 -1 2 1 1 1 2 2 2 2 2 1 2 0 0 1 2 2 1 0 2 1 2 1 2 1 2 1 1 2 2 1 -2 -1 -1 -1 -2 -2 -2 -2 -2 -1 -2 0 0 -1 -2 -2 -1 0 -2 -1 -2 -1 -2 -1 -2 -1 -1 -2 -2 -1
