1.62648235398744 -0.218621390494857 0.283201423522501 0.493862177648747 0.775768205592618 -1 2 0 2 0 1 2 1 0 1 1 1 1 1 0 1 1 0 0 2 2 2 0 0 1 1 0 0 2 2 1 -2 0 -2 0 -1 -2 -1 0 -1 -1 -1 -1 -1 0 -1 -1 0 0 -2 -2 -2 0 0 -1 -1 0 0 -2 -2 -1
-1.09832863145381 -0.138390419383996 -0.976179970390921 -0.00904531491957935 -2.02054420395894 1 2 0 2 0 0 2 2 1 1 2 0 0 2 0 1 0 0 0 1 0 2 0 0 1 1 0 0 2 1 0 2 0 2 0 0 2 2 1 1 2 0 0 2 0 1 0 0 0 1 0 2 0 0 1 1 0 0 2 1 0
0.877454760392897 -0.324761319723288 -2.59559475956149 0.325570229001038 -1.32746658460003 -1 2 2 2 0 0 2 2 1 1 1 0 1 1 0 2 1 0 0 2 1 2 0 1 1 2 2 1 2 1 0 -2 -2 -2 0 0 -2 -2 -1 -1 -1 0 -1 -1 0 -2 -1 0 0 -2 -1 -2 0 -1 -1 -2 -2 -1 -2 -1 0
2.77673425286453 0.609938020110912 -0.438864607499057 0.0895844399603046 -0.255986567775585 1 2 0 2 1 2 2 2 2 2 1 0 1 2 1 2 2 2 0 2 1 1 0 0 0 1 0 0 1 1 1 2 0 2 1 2 2 2 2 2 1 0 1 2 1 2 2 2 0 2 1 1 0 0 0 1 0 0 1 1 1
0.972033919730291 0.521342450221065 -0.556616264238863 0.496018394781289 -0.219244303787442 1 2 1 2 1 2 1 2 2 2 1 1 1 2 1 1 1 1 0 2 1 1 0 0 1 1 0 0 2 2 0 2 1 2 1 2 1 2 2 2 1 1 1 2 1 1 1 1 0 2 1 1 0 0 1 1 0 0 2 2 0
-0.013358079713588 0.492194666538092 -0.235824863796396 -0.344099643411078 0.709263189522767 -1 2 1 2 1 1 1 2 1 2 1 1 1 1 0 2 2 1 0 2 1 2 0 0 0 2 1 0 2 2 0 -2 -1 -2 -1 -1 -1 -2 -1 -2 -1 -1 -1 -1 0 -2 -2 -1 0 -2 -1 -2 0 0 0 -2 -1 0 -2 -2 0
1.39575577050184 0.0118546525101627 0.748059908713607 -0.141356477787123 -1.10943911113491 1 2 0 2 1 1 1 2 1 2 1 1 2 2 1 2 1 1 0 1 1 2 1 2 2 2 2 0 2 2 2 2 0 2 1 1 1 2 1 2 1 1 2 2 1 2 1 1 0 1 1 2 1 2 2 2 2 0 2 2 2
-0.0415841747134808 -0.822955959066443 0.711699579356631 0.650409333183932 0.321442852790706 -1 2 1 2 1 2 1 1 0 2 2 1 2 2 2 2 1 0 0 1 1 2 0 0 1 0 0 0 2 2 0 -2 -1 -2 -1 -2 -1 -1 0 -2 -2 -1 -2 -2 -2 -2 -1 0 0 -1 -1 -2 0 0 -1 0 0 0 -2 -2 0
0.460487229244428 0.805056883460818 1.42736085087288 0.536394527302172 0.202082836319227 -1 2 1 2 2 1 1 0 0 1 2 1 0 2 1 2 1 1 0 2 2 2 0 1 2 2 1 0 2 0 0 -2 -1 -2 -2 -1 -1 0 0 -1 -2 -1 0 -2 -1 -2 -1 -1 0 -2 -2 -2 0 -1 -2 -2 -1 0 -2 0 0
-1.7230671196386 0.650586495781863 0.472206031786185 1.19328435383095 -0.139360606832528 1 2 0 2 2 1 2 1 0 1 1 0 1 1 0 2 1 2 0 2 1 2 0 0 0 1 1 0 2 2 1 2 0 2 2 1 2 1 0 1 1 0 1 1 0 2 1 2 0 2 1 2 0 0 0 1 1 0 2 2 1
-0.0258267098862064 1.40407236736669 -1.99562341768844 -0.526622592727538 -1.33599740560782 1 2 1 2 0 1 2 2 1 2 2 1 2 2 1 2 2 1 0 2 2 2 1 0 0 2 1 0 2 2 1 2 1 2 0 1 2 2 1 2 2 1 2 2 1 2 2 1 0 2 2 2 1 0 0 2 1 0 2 2 1
0.288121487099829 0.434006647357535 0.718371940957154 -1.38742870213992 -0.28578311307984 1 2 0 2 1 0 1 1 0 0 1 0 1 2 1 2 0 0 0 1 1 2 0 0 1 2 1 0 1 1 1 2 0 2 1 0 1 1 0 0 1 0 1 2 1 2 0 0 0 1 1 2 0 0 1 2 1 0 1 1 1
0.0255652787467135 1.02404117064442 -0.499075268824269 0.604500584471974 0.854844435154949 -1 2 1 2 1 2 2 2 0 1 1 0 1 2 0 2 1 1 0 2 1 1 0 1 1 1 1 0 1 1 0 -2 -1 -2 -1 -2 -2 -2 0 -1 -1 0 -1 -2 0 -2 -1 -1 0 -2 -1 -1 0 -1 -1 -1 -1 0 -1 -1 0
-0.593254922952947 -0.296339964862949 -0.400770876123147 0.530139568026727 1.37977220796087 1 2 1 2 1 1 1 1 0 1 1 0 0 1 0 1 1 1 0 2 2 2 0 0 0 0 1 0 2 2 0 2 1 2 1 1 1 1 0 1 1 0 0 1 0 1 1 1 0 2 2 2 0 0 0 0 1 0 2 2 0
-1.66963879817916 1.60445020934996 2.94366187950797 0.317091687948184 -1.39938974504115 1 2 0 2 2 1 2 2 0 2 1 0 1 2 1 2 1 1 0 2 2 2 0 0 2 1 0 1 2 2 1 2 0 2 2 1 2 2 0 2 1 0 1 2 1 2 1 1 0 2 2 2 0 0 2 1 0 1 2 2 1
-1.24958012335184 -0.504244708266558 -0.715247371776512 0.711955827145741 -1.77406198242235 -1 1 1 2 2 2 2 1 1 2 1 1 2 2 0 2 0 1 0 1 1 1 0 0 0 1 0 1 2 2 2 -1 -1 -2 -2 -2 -2 -1 -1 -2 -1 -1 -2 -2 0 -2 0 -1 0 -1 -1 -1 0 0 0 -1 0 -1 -2 -2 -2
-1.44623192120718 1.12553830328073 1.49155409393521 1.22599541740886 -1.68450473167024 1 2 0 2 0 0 0 2 1 1 2 2 2 2 0 2 0 1 0 2 1 1 0 0 0 2 0 1 2 2 2 2 0 2 0 0 0 2 1 1 2 2 2 2 0 2 0 1 0 2 1 1 0 0 0 2 0 1 2 2 2
1.67795365105154 -0.176427567371991 -1.22525780301029 1.01767505695717 1.0084623511416 -1 2 0 2 1 0 1 1 0 1 1 0 1 2 0 1 0 1 0 2 2 2 0 0 0 1 1 0 2 2 1 -2 0 -2 -1 0 -1 -1 0 -1 -1 0 -1 -2 0 -1 0 -1 0 -2 -2 -2 0 0 0 -1 -1 0 -2 -2 -1
0.182876402106725 -0.612142164653409 -0.630455953349858 -1.06546397890538 -1.1780425321966 -1 2 1 2 2 2 1 1 0 0 0 0 0 1 0 2 1 0 0 0 0 1 0 0 1 1 0 1 2 2 1 -2 -1 -2 -2 -2 -1 -1 0 0 0 0 0 -1 0 -2 -1 0 0 0 0 -1 0 0 -1 -1 0 -1 -2 -2 -1
-1.26518643837776 0.27583110341555 -0.117335422359861 0.299552634120393 0.840300622724108 1 2 2 2 1 1 1 2 2 1 1 0 1 2 0 2 1 1 0 2 1 2 0 1 2 1 1 0 2 1 1 2 2 2 1 1 1 2 2 1 1 0 1 2 0 2 1 1 0 2 1 2 0 1 2 1 1 0 2 1 1
0.553590030658319 -1.00448459923051 -1.47237270131891 -1.55795404671295 1.05283470642257 -1 2 1 2 2 2 2 2 1 2 1 0 1 2 0 1 1 1 0 2 1 2 1 2 1 0 1 0 2 2 0 -2 -1 -2 -2 -2 -2 -2 -1 -2 -1 0 -1 -2 0 -1 -1 -1 0 -2 -1 -2 -1 -2 -1 0 -1 0 -2 -2 0
-0.539349820357159 1.22057226961357 -0.0044376356270811 -0.0549808974551148 -0.772560894413402 -1 2 1 2 1 1 2 1 1 2 0 0 2 2 2 2 1 2 0 2 2 2 0 1 1 2 0 0 2 2 1 -2 -1 -2 -1 -1 -2 -1 -1 -2 0 0 -2 -2 -2 -2 -1 -2 0 -2 -2 -2 0 -1 -1 -2 0 0 -2 -2 -1
-0.864033866200693 1.37458841952011 -0.173028711871872 -0.877339816790285 1.12761777008948 1 1 1 2 0 0 2 1 0 2 2 1 2 2 1 2 2 1 0 1 2 2 0 1 1 1 1 0 2 2 0 1 1 2 0 0 2 1 0 2 2 1 2 2 1 2 2 1 0 1 2 2 0 1 1 1 1 0 2 2 0
-1.13921202188348 -0.469098398855792 0.745364807524955 1.34687701280678 -0.554276293761947 -1 2 1 2 1 2 2 2 1 2 1 2 2 2 2 2 1 1 0 2 2 2 0 0 0 1 0 0 2 2 2 -2 -1 -2 -1 -2 -2 -2 -1 -2 -1 -2 -2 -2 -2 -2 -1 -1 0 -2 -2 -2 0 0 0 -1 0 0 -2 -2 -2
-0.501886349577547 -0.330045758197565 0.111253584820202 0.659967558088112 -0.444721003250534 -1 2 0 2 2 1 1 1 0 1 1 1 0 1 0 2 0 1 0 1 1 2 0 1 2 2 2 1 2 2 0 -2 0 -2 -2 -1 -1 -1 0 -1 -1 -1 0 -1 0 -2 0 -1 0 -1 -1 -2 0 -1 -2 -2 -2 -1 -2 -2 0
-0.453505126983727 0.904942367352734 0.0707869306019015 1.50222126720179 2.04428359586812 -1 2 1 2 1 1 2 2 1 2 1 1 1 2 1 2 0 0 0 2 1 2 0 1 0 1 0 0 2 1 0 -2 -1 -2 -1 -1 -2 -2 -1 -2 -1 -1 -1 -2 -1 -2 0 0 0 -2 -1 -2 0 -1 0 -1 0 0 -2 -1 0
-0.739138834692923 0.289805643667593 -0.485541518037331 1.21797713187983 1.77864219192009 -1 1 0 2 1 1 1 0 0 1 1 0 1 2 1 2 0 0 0 2 2 2 0 0 0 0 0 0 2 2 1 -1 0 -2 -1 -1 -1 0 0 -1 -1 0 -1 -2 -1 -2 0 0 0 -2 -2 -2 0 0 0 0 0 0 -2 -2 -1
0.139236859131251 0.221889494892431 -1.58072853718986 0.0262672219693296 -1.12671775744514 -1 1 0 2 0 2 1 2 0 1 0 0 1 2 0 2 0 0 0 0 0 2 0 0 0 1 0 0 2 2 0 -1 0 -2 0 -2 -1 -2 0 -1 0 0 -1 -2 0 -2 0 0 0 0 0 -2 0 0 0 -1 0 0 -2 -2 0
-0.283121179217054 0.840062822586698 0.356360086175659 -0.602018201092612 0.330175676709273 -1 1 1 2 1 1 1 1 0 2 1 0 1 1 0 2 1 1 0 2 2 2 0 1 1 1 1 1 2 2 0 -1 -1 -2 -1 -1 -1 -1 0 -2 -1 0 -1 -1 0 -2 -1 -1 0 -2 -2 -2 0 -1 -1 -1 -1 -1 -2 -2 0
2.13540098010354 0.220489786042972 2.30795797850653 -0.074736428620614 -0.163765690992118 -1 2 1 2 1 0 2 2 2 2 2 0 1 2 0 2 0 0 0 2 1 1 0 0 1 1 2 0 2 2 1 -2 -1 -2 -1 0 -2 -2 -2 -2 -2 0 -1 -2 0 -2 0 0 0 -2 -1 -1 0 0 -1 -1 -2 0 -2 -2 -1
-1.03268306419764 -0.84328648343869 0.597536019623846 0.395089060915147 -0.917216419159859 1 2 0 2 2 2 1 2 0 1 0 0 1 1 0 2 1 2 0 1 2 2 0 1 0 1 0 0 2 2 0 2 0 2 2 2 1 2 0 1 0 0 1 1 0 2 1 2 0 1 2 2 0 1 0 1 0 0 2 2 0
1.23992921067363 -1.91728888904462 0.433483935356738 -0.342416689034675 0.0507544106055534 1 1 1 2 1 2 2 1 1 2 2 1 2 2 1 2 0 1 0 1 2 2 0 1 1 2 1 0 2 2 1 1 1 2 1 2 2 1 1 2 2 1 2 2 1 2 0 1 0 1 2 2 0 1 1 2 1 0 2 2 1
0.56785446776806 -0.221389730714738 -0.292451802537165 0.353040302815323 -0.680449752895327 -1 2 0 2 1 0 1 1 0 1 0 1 1 2 1 2 1 0 0 1 2 2 0 1 1 1 0 1 2 2 1 -2 0 -2 -1 0 -1 -1 0 -1 0 -1 -1 -2 -1 -2 -1 0 0 -1 -2 -2 0 -1 -1 -1 0 -1 -2 -2 -1
0.70392108036387 0.829570773590534 0.959632470580432 -0.171175575286562 0.901206628765129 -1 2 2 2 0 0 2 2 2 2 1 1 1 2 2 2 0 0 0 1 1 2 0 0 1 1 0 0 2 2 1 -2 -2 -2 0 0 -2 -2 -2 -2 -1 -1 -1 -2 -2 -2 0 0 0 -1 -1 -2 0 0 -1 -1 0 0 -2 -2 -1
-0.231255036214459 -0.996436854159478 -0.587921970678351 0.214585967474906 0.23867422955081 -1 2 1 2 0 1 2 2 2 2 0 0 0 1 0 2 0 0 0 2 2 2 0 0 0 0 0 0 1 2 1 -2 -1 -2 0 -1 -2 -2 -2 -2 0 0 0 -1 0 -2 0 0 0 -2 -2 -2 0 0 0 0 0 0 -1 -2 -1
-0.0257301842358587 0.643462125653152 0.641393948544643 0.0778603673459919 -0.47746728232798 1 2 1 2 1 2 1 2 0 2 0 1 0 2 1 1 0 2 0 1 1 2 0 0 1 1 2 0 1 2 0 2 1 2 1 2 1 2 0 2 0 1 0 2 1 1 0 2 0 1 1 2 0 0 1 1 2 0 1 2 0
0.247843073261688 -1.110840998574 -2.97302269218597 1.45639752605407 -1.52066484968121 1 2 0 2 0 1 1 2 1 1 0 0 0 1 0 1 1 1 0 2 2 1 0 0 2 2 1 0 1 1 0 2 0 2 0 1 1 2 1 1 0 0 0 1 0 1 1 1 0 2 2 1 0 0 2 2 1 0 1 1 0
0.381606562805775 0.286048199694834 0.549409903223382 0.230745562660698 0.108754203802531 1 2 1 2 1 1 1 1 1 1 0 0 1 1 1 1 1 0 0 1 1 2 0 0 0 1 1 0 2 2 1 2 1 2 1 1 1 1 1 1 0 0 1 1 1 1 1 0 0 1 1 2 0 0 0 1 1 0 2 2 1
-0.846557278540391 0.221017455700476 0.440867213046573 -1.70823284048085 -0.0236320110035672 1 2 2 2 1 2 1 1 0 0 0 0 1 2 1 1 0 2 0 2 2 2 0 1 1 2 2 0 2 2 0 2 2 2 1 2 1 1 0 0 0 0 1 2 1 1 0 2 0 2 2 2 0 1 1 2 2 0 2 2 0
0.211659848716943 0.71588968006439 1.35897510022339 0.356421660021082 0.706927045856475 -1 2 2 2 1 2 2 2 0 1 0 0 1 1 0 1 0 1 0 2 2 2 0 1 1 1 1 0 2 0 0 -2 -2 -2 -1 -2 -2 -2 0 -1 0 0 -1 -1 0 -1 0 -1 0 -2 -2 -2 0 -1 -1 -1 -1 0 -2 0 0
0.926046804317787 -0.377071878300291 -1.83464833739159 0.248878818290562 0.0390072255852462 -1 2 1 2 2 2 2 1 0 1 2 0 2 2 1 2 2 1 0 2 1 1 0 0 2 2 2 1 2 2 1 -2 -1 -2 -2 -2 -2 -1 0 -1 -2 0 -2 -2 -1 -2 -2 -1 0 -2 -1 -1 0 0 -2 -2 -2 -1 -2 -2 -1
-1.20256004829565 -0.485297685713644 0.265519209802059 -0.4150389963202 -0.987821787878196 -1 2 1 2 2 0 1 1 1 0 1 0 1 1 0 2 1 2 0 2 2 2 0 0 1 1 0 0 2 2 0 -2 -1 -2 -2 0 -1 -1 -1 0 -1 0 -1 -1 0 -2 -1 -2 0 -2 -2 -2 0 0 -1 -1 0 0 -2 -2 0
-1.62667305903989 -1.89184493325255 0.48399186492128 -0.580841286306748 1.23336488373313 1 2 0 2 0 1 2 1 0 1 1 1 0 0 1 2 0 0 0 2 2 2 2 1 1 2 1 2 2 2 1 2 0 2 0 1 2 1 0 1 1 1 0 0 1 2 0 0 0 2 2 2 2 1 1 2 1 2 2 2 1
-0.393040198989696 -0.89180115811454 -0.611730316784864 -0.154736984352259 -2.12001147625693 1 2 1 2 1 1 2 2 2 2 2 2 2 2 1 1 0 0 0 2 1 2 0 0 2 1 1 1 1 1 0 2 1 2 1 1 2 2 2 2 2 2 2 2 1 1 0 0 0 2 1 2 0 0 2 1 1 1 1 1 0
0.950306289004561 0.954587645128456 0.368658445089215 1.76295113549408 -0.240365689310526 1 1 0 2 1 0 2 1 0 1 0 0 2 1 2 1 0 0 0 1 2 2 0 2 2 2 1 0 2 2 0 1 0 2 1 0 2 1 0 1 0 0 2 1 2 1 0 0 0 1 2 2 0 2 2 2 1 0 2 2 0
-0.766216603339348 0.439085420624877 -0.675835293771052 0.253638234625663 1.19359975010485 -1 1 1 2 1 2 1 1 0 1 0 0 2 1 0 2 2 1 0 2 2 2 0 0 0 1 1 1 2 1 1 -1 -1 -2 -1 -2 -1 -1 0 -1 0 0 -2 -1 0 -2 -2 -1 0 -2 -2 -2 0 0 0 -1 -1 -1 -2 -1 -1
0.926376415259615 0.158882706255715 0.75609090567334 -1.18930910393941 1.42901676671102 1 2 1 2 2 2 2 1 1 1 1 0 1 2 1 2 1 0 0 1 0 2 0 0 0 1 0 0 2 1 0 2 1 2 2 2 2 1 1 1 1 0 1 2 1 2 1 0 0 1 0 2 0 0 0 1 0 0 2 1 0
0.786529758562207 0.896964384431685 0.29465128897728 -1.14124472036718 0.702798430742133 -1 2 1 2 1 1 2 2 2 2 2 1 2 2 2 2 0 0 0 1 2 2 0 0 1 1 1 0 2 2 0 -2 -1 -2 -1 -1 -2 -2 -2 -2 -2 -1 -2 -2 -2 -2 0 0 0 -1 -2 -2 0 0 -1 -1 -1 0 -2 -2 0
0.948950646036002 -1.19913859490649 0.0231328300913503 0.364268797666764 1.52558592538957 -1 2 1 2 2 2 1 2 0 1 2 0 1 1 0 2 2 1 0 2 1 0 0 0 0 2 1 1 2 2 1 -2 -1 -2 -2 -2 -1 -2 0 -1 -2 0 -1 -1 0 -2 -2 -1 0 -2 -1 0 0 0 0 -2 -1 -1 -2 -2 -1
1.13775997486662 0.545788702859903 -0.777513735329442 -0.160234813364919 -0.8103133243188 -1 1 0 2 0 0 2 2 2 2 1 0 1 2 1 2 2 0 0 1 1 2 0 1 1 0 1 0 2 2 1 -1 0 -2 0 0 -2 -2 -2 -2 -1 0 -1 -2 -1 -2 -2 0 0 -1 -1 -2 0 -1 -1 0 -1 0 -2 -2 -1
-1.15172529496489 -0.730751923697075 -1.10530938242197 -0.606305822530279 -0.776529649731791 -1 2 0 2 0 0 1 1 0 1 0 0 0 1 0 2 1 1 0 2 2 1 0 0 0 1 0 0 2 1 0 -2 0 -2 0 0 -1 -1 0 -1 0 0 0 -1 0 -2 -1 -1 0 -2 -2 -1 0 0 0 -1 0 0 -2 -1 0
-0.421087521691862 -1.28624249653981 1.7787461738259 0.41990480656198 0.478878442438636 -1 2 0 2 1 1 2 2 0 1 1 1 2 2 1 2 0 1 0 2 0 2 0 0 1 1 0 1 2 0 0 -2 0 -2 -1 -1 -2 -2 0 -1 -1 -1 -2 -2 -1 -2 0 -1 0 -2 0 -2 0 0 -1 -1 0 -1 -2 0 0
-0.447805080793627 -0.0523237507256134 0.590939054028744 -1.12507515890409 -0.315706016220314 -1 2 0 2 2 1 1 2 1 2 2 1 1 2 1 2 1 1 0 1 2 2 0 1 2 2 0 0 1 1 1 -2 0 -2 -2 -1 -1 -2 -1 -2 -2 -1 -1 -2 -1 -2 -1 -1 0 -1 -2 -2 0 -1 -2 -2 0 0 -1 -1 -1
0.176695861744718 -0.87460868435185 0.588516635244389 1.21453785003243 0.519105140009419 -1 1 0 2 0 2 2 2 0 1 1 0 0 0 0 0 0 0 0 2 0 1 0 1 1 0 0 1 2 2 2 -1 0 -2 0 -2 -2 -2 0 -1 -1 0 0 0 0 0 0 0 0 -2 0 -1 0 -1 -1 0 0 -1 -2 -2 -2
0.372803405926858 0.381184840437996 -0.149819836374609 -0.247913882702927 1.27940682746641 1 2 0 1 0 1 2 2 2 2 1 0 0 2 1 1 1 2 0 1 1 2 0 0 2 2 2 0 2 2 2 2 0 1 0 1 2 2 2 2 1 0 0 2 1 1 1 2 0 1 1 2 0 0 2 2 2 0 2 2 2
0.474364080980546 -1.38020056914657 -2.27032258240618 -0.562524365798335 0.482364866903923 1 2 1 2 2 2 2 2 1 1 2 2 1 2 0 2 0 0 0 1 2 2 0 1 1 2 1 0 2 1 1 2 1 2 2 2 2 2 1 1 2 2 1 2 0 2 0 0 0 1 2 2 0 1 1 2 1 0 2 1 1
0.642304091253028 1.16403241513662 0.358795126823653 2.4014796594919 0.112835322029567 1 1 0 2 1 2 1 1 1 2 1 1 1 2 1 1 1 2 1 2 2 2 0 0 2 0 1 1 2 2 1 1 0 2 1 2 1 1 1 2 1 1 1 2 1 1 1 2 1 2 2 2 0 0 2 0 1 1 2 2 1
0.893261526607557 0.559917469579998 0.153702139824718 -0.861163992801089 -0.0208662034845566 1 1 0 2 1 2 2 1 1 2 2 1 0 1 1 2 1 1 0 1 0 2 1 1 1 1 1 0 2 1 1 1 0 2 1 2 2 1 1 2 2 1 0 1 1 2 1 1 0 1 0 2 1 1 1 1 1 0 2 1 1
0.893447600806587 -1.82747629088115 -0.495864336970021 -0.56853849039417 0.0770453250219068 1 2 0 2 1 1 2 2 2 2 2 2 2 2 1 1 1 1 1 2 1 1 0 0 1 1 1 1 2 1 0 2 0 2 1 1 2 2 2 2 2 2 2 2 1 1 1 1 1 2 1 1 0 0 1 1 1 1 2 1 0
0.758166211566608 -0.861745985021848 0.757812863473504 1.01041309433642 -1.31426430200539 -1 2 1 2 1 2 1 1 0 1 1 0 1 0 1 2 1 1 0 2 1 2 0 1 0 1 0 1 2 2 0 -2 -1 -2 -1 -2 -1 -1 0 -1 -1 0 -1 0 -1 -2 -1 -1 0 -2 -1 -2 0 -1 0 -1 0 -1 -2 -2 0
0.0707782289640767 -1.20557303006891 -0.15732453586164 0.212792416296848 0.612382111174526 -1 2 0 2 1 2 2 2 2 2 0 0 1 2 0 2 0 0 0 1 0 1 0 0 0 0 0 0 2 2 0 -2 0 -2 -1 -2 -2 -2 -2 -2 0 0 -1 -2 0 -2 0 0 0 -1 0 -1 0 0 0 0 0 0 -2 -2 0
-1.88896249828054 -1.5439741341619 0.621598390195589 0.319598848636323 -0.463319817360449 -1 2 0 2 0 0 1 2 0 1 1 0 1 2 2 2 0 0 0 2 2 1 0 1 1 2 1 0 2 1 0 -2 0 -2 0 0 -1 -2 0 -1 -1 0 -1 -2 -2 -2 0 0 0 -2 -2 -1 0 -1 -1 -2 -1 0 -2 -1 0
-0.510256312881796 2.31470726751293 0.412758134101048 1.1170917083906 0.186188619143697 1 2 0 2 2 2 1 2 1 2 0 1 1 2 1 2 1 0 0 2 1 1 0 0 0 1 1 0 2 2 0 2 0 2 2 2 1 2 1 2 0 1 1 2 1 2 1 0 0 2 1 1 0 0 0 1 1 0 2 2 0
0.559814883639933 -0.167897348962171 -0.194043742845012 -0.478980999918293 -1.4329615749777 -1 2 0 2 2 2 2 2 1 1 1 0 1 2 1 2 1 2 0 1 1 2 0 0 1 1 1 0 1 2 0 -2 0 -2 -2 -2 -2 -2 -1 -1 -1 0 -1 -2 -1 -2 -1 -2 0 -1 -1 -2 0 0 -1 -1 -1 0 -1 -2 0
-1.54547956726617 0.263124279066336 0.394379326642656 0.608387150528491 0.294133560378451 -1 2 1 2 1 0 1 0 0 2 1 0 0 2 2 2 1 1 0 2 0 2 0 0 0 1 1 1 2 2 1 -2 -1 -2 -1 0 -1 0 0 -2 -1 0 0 -2 -2 -2 -1 -1 0 -2 0 -2 0 0 0 -1 -1 -1 -2 -2 -1
0.347854247101997 -0.210219575281498 -2.38577990290059 -0.00688247084384392 0.0911268949874221 1 2 1 2 0 1 2 1 1 2 2 1 2 2 1 2 0 1 0 1 2 2 0 0 1 1 0 0 2 2 0 2 1 2 0 1 2 1 1 2 2 1 2 2 1 2 0 1 0 1 2 2 0 0 1 1 0 0 2 2 0
-1.40781324060965 -0.12403453184464 0.947611998238853 0.43753962167203 1.13364247978918 1 2 2 2 1 0 2 2 0 1 1 1 1 1 1 2 0 1 0 1 0 2 0 1 0 1 1 0 2 2 1 2 2 2 1 0 2 2 0 1 1 1 1 1 1 2 0 1 0 1 0 2 0 1 0 1 1 0 2 2 1
-1.05422284535946 1.56012151782752 -0.0217034674505652 -0.188121012871027 0.564119776573638 -1 1 0 2 1 2 1 2 0 1 0 0 0 1 1 2 0 2 0 1 1 2 0 1 1 1 0 0 2 2 1 -1 0 -2 -1 -2 -1 -2 0 -1 0 0 0 -1 -1 -2 0 -2 0 -1 -1 -2 0 -1 -1 -1 0 0 -2 -2 -1
-0.0194343277902939 0.736287971739278 0.14578422062169 -0.153032174720268 -1.02183520801377 1 1 0 2 1 2 2 2 1 2 0 1 0 2 0 2 1 1 0 1 2 1 0 0 1 1 0 0 2 2 2 1 0 2 1 2 2 2 1 2 0 1 0 2 0 2 1 1 0 1 2 1 0 0 1 1 0 0 2 2 2
-0.182410149579418 0.257201011299277 0.0812322821916532 -0.567644853636656 -0.861471344639142 -1 2 1 2 1 2 2 2 2 2 2 0 1 1 0 1 0 0 0 2 2 2 0 0 0 1 1 0 2 1 0 -2 -1 -2 -1 -2 -2 -2 -2 -2 -2 0 -1 -1 0 -1 0 0 0 -2 -2 -2 0 0 0 -1 -1 0 -2 -1 0
-0.462752674098327 -0.972069170603942 -0.253930377476356 -0.637621329669939 -1.32261296077879 -1 2 0 2 0 1 2 1 0 1 0 0 2 2 0 2 1 2 0 2 2 1 0 1 1 1 1 0 2 2 0 -2 0 -2 0 -1 -2 -1 0 -1 0 0 -2 -2 0 -2 -1 -2 0 -2 -2 -1 0 -1 -1 -1 -1 0 -2 -2 0
-0.678656031637696 0.280094243145761 1.41437974992749 -0.928195848806321 -1.26936690216894 -1 2 1 2 1 1 2 2 0 2 2 1 1 0 0 2 1 2 0 1 1 2 0 0 1 1 2 1 2 2 0 -2 -1 -2 -1 -1 -2 -2 0 -2 -2 -1 -1 0 0 -2 -1 -2 0 -1 -1 -2 0 0 -1 -1 -2 -1 -2 -2 0
-1.05252545070202 -0.25170319565313 -0.765292190008996 0.973277694073397 0.25422398952964 -1 1 0 2 2 1 2 2 1 2 2 1 1 2 0 2 1 1 0 2 1 2 0 0 1 1 1 1 2 2 0 -1 0 -2 -2 -1 -2 -2 -1 -2 -2 -1 -1 -2 0 -2 -1 -1 0 -2 -1 -2 0 0 -1 -1 -1 -1 -2 -2 0
0.337183292575537 0.53472872228335 2.13316330513579 -1.56582353978736 -0.253360353723534 1 1 0 2 1 1 1 0 0 1 1 1 2 2 1 2 0 1 0 2 2 1 0 1 1 1 0 0 2 2 1 1 0 2 1 1 1 0 0 1 1 1 2 2 1 2 0 1 0 2 2 1 0 1 1 1 0 0 2 2 1
-1.49238711311409 -1.80540939021375 -0.478429410715582 -1.48371908861315 1.04187993692571 -1 2 1 2 0 0 2 2 0 2 2 1 1 2 1 2 1 2 0 2 2 2 0 0 0 1 0 0 2 2 0 -2 -1 -2 0 0 -2 -2 0 -2 -2 -1 -1 -2 -1 -2 -1 -2 0 -2 -2 -2 0 0 0 -1 0 0 -2 -2 0
3.00716995708451 1.39742479189581 0.405870297654023 1.21188472575491 0.801654237437083 -1 2 0 2 2 2 2 1 0 1 1 1 2 2 0 2 1 1 0 1 1 2 0 1 1 2 1 2 2 2 1 -2 0 -2 -2 -2 -2 -1 0 -1 -1 -1 -2 -2 0 -2 -1 -1 0 -1 -1 -2 0 -1 -1 -2 -1 -2 -2 -2 -1
-1.65353345047085 -0.214736451742583 0.0922313516208973 1.08169503572547 0.153630871390229 -1 2 0 2 1 1 2 2 1 2 1 0 0 2 0 2 1 0 0 2 2 1 0 0 0 2 0 0 2 1 0 -2 0 -2 -1 -1 -2 -2 -1 -2 -1 0 0 -2 0 -2 -1 0 0 -2 -2 -1 0 0 0 -2 0 0 -2 -1 0
-1.63348718618474 0.243777182844606 -1.75340189613518 -0.321120706194353 0.765171933112811 1 0 0 2 2 2 1 1 0 2 1 0 1 2 0 2 1 1 0 2 0 2 0 0 0 1 0 0 2 2 0 0 0 2 2 2 1 1 0 2 1 0 1 2 0 2 1 1 0 2 0 2 0 0 0 1 0 0 2 2 0
-0.227785337632881 -1.43827151186973 0.145825682121458 -0.60143504539032 -1.03657641687653 -1 2 1 2 2 1 1 2 1 2 1 0 1 1 0 2 0 0 0 0 0 2 0 0 1 2 0 0 2 1 1 -2 -1 -2 -2 -1 -1 -2 -1 -2 -1 0 -1 -1 0 -2 0 0 0 0 0 -2 0 0 -1 -2 0 0 -2 -1 -1
-0.731087025042587 -0.960689419456253 -0.963685715191302 -0.718706526865502 -0.744182331977386 -1 2 0 2 2 1 2 2 0 2 2 0 2 1 0 2 2 2 1 2 1 2 0 0 0 1 0 1 2 2 1 -2 0 -2 -2 -1 -2 -2 0 -2 -2 0 -2 -1 0 -2 -2 -2 -1 -2 -1 -2 0 0 0 -1 0 -1 -2 -2 -1
1.05561305834878 -0.766743458542143 0.859040154386164 0.598480470970303 1.14918287145699 1 2 1 2 0 1 2 2 1 2 2 2 1 1 1 1 0 1 0 1 1 1 0 0 0 1 0 0 1 1 0 2 1 2 0 1 2 2 1 2 2 2 1 1 1 1 0 1 0 1 1 1 0 0 0 1 0 0 1 1 0
0.668457748624423 -0.357019363059789 -0.611765095021407 -0.896277985522214 -1.29001118291219 -1 2 1 2 1 1 2 2 1 2 1 1 2 2 1 2 1 1 0 2 1 1 0 0 0 0 0 0 2 2 1 -2 -1 -2 -1 -1 -2 -2 -1 -2 -1 -1 -2 -2 -1 -2 -1 -1 0 -2 -1 -1 0 0 0 0 0 0 -2 -2 -1
0.710204709834655 1.10211664946255 0.48459632078076 -1.90333980130545 -0.728708337708251 -1 2 0 2 1 2 1 0 0 1 1 1 0 1 0 2 0 0 0 1 0 1 0 0 1 1 0 0 2 1 0 -2 0 -2 -1 -2 -1 0 0 -1 -1 -1 0 -1 0 -2 0 0 0 -1 0 -1 0 0 -1 -1 0 0 -2 -1 0
0.972820385538696 1.82746135830416 -0.106494922940799 0.396363853177423 1.99276948325095 1 2 1 2 1 2 2 1 0 1 1 0 0 2 1 2 1 1 0 2 0 1 0 0 1 1 0 0 2 2 1 2 1 2 1 2 2 1 0 1 1 0 0 2 1 2 1 1 0 2 0 1 0 0 1 1 0 0 2 2 1
0.844365897248408 -0.555178491118673 -0.553822439270495 -2.11419565125717 -0.304338311490423 -1 2 1 2 1 1 1 2 0 2 1 0 2 2 0 1 2 2 1 1 1 1 0 0 1 1 0 0 2 2 0 -2 -1 -2 -1 -1 -1 -2 0 -2 -1 0 -2 -2 0 -1 -2 -2 -1 -1 -1 -1 0 0 -1 -1 0 0 -2 -2 0
0.449878357254059 0.363816737667629 0.190774803989513 -0.0810777175816804 0.405127917176671 -1 2 0 2 1 0 2 2 0 1 1 0 0 2 1 2 0 0 0 2 2 2 1 1 1 2 0 0 2 2 1 -2 0 -2 -1 0 -2 -2 0 -1 -1 0 0 -2 -1 -2 0 0 0 -2 -2 -2 -1 -1 -1 -2 0 0 -2 -2 -1
0.377467310251783 -2.62855066122875 -2.35089530305089 -0.319636019448458 -1.71125599997868 -1 2 0 2 1 1 2 2 0 2 2 1 2 2 2 2 1 1 0 2 1 2 0 0 1 1 1 0 1 2 0 -2 0 -2 -1 -1 -2 -2 0 -2 -2 -1 -2 -2 -2 -2 -1 -1 0 -2 -1 -2 0 0 -1 -1 -1 0 -1 -2 0
1.17475413741716 -0.0554835870950142 0.291935340431862 0.397291368923752 2.86493682685681 1 2 1 2 1 0 2 2 2 2 1 0 0 2 1 2 0 1 0 1 1 1 0 0 1 1 0 0 2 1 0 2 1 2 1 0 2 2 2 2 1 0 0 2 1 2 0 1 0 1 1 1 0 0 1 1 0 0 2 1 0
-1.35673238121538 0.0229497842476392 0.345816210845496 1.11054500352404 1.23033218602542 1 2 1 2 1 1 1 2 0 1 1 1 1 1 0 1 1 1 0 1 1 2 0 1 0 1 1 0 2 2 2 2 1 2 1 1 1 2 0 1 1 1 1 1 0 1 1 1 0 1 1 2 0 1 0 1 1 0 2 2 2
-2.5052488035709 1.00838199147894 -1.08917052650531 -0.518627749999412 0.495729709941694 1 2 0 2 1 2 2 1 0 2 2 1 0 2 0 2 1 1 0 1 1 2 0 1 1 2 1 0 2 2 0 2 0 2 1 2 2 1 0 2 2 1 0 2 0 2 1 1 0 1 1 2 0 1 1 2 1 0 2 2 0
-0.207124555873607 0.814886434374503 0.478585747339743 -0.889633138208334 0.084829978075014 1 2 1 2 1 0 2 1 0 1 0 0 1 2 1 2 1 1 0 2 2 2 0 0 1 1 1 0 2 2 0 2 1 2 1 0 2 1 0 1 0 0 1 2 1 2 1 1 0 2 2 2 0 0 1 1 1 0 2 2 0
-1.24176249126741 1.77094959236486 1.79867588684025 -1.17655769599113 0.951285028936224 1 2 1 2 1 0 2 1 0 1 0 0 1 2 0 1 0 0 0 2 1 2 0 1 1 1 0 0 1 2 0 2 1 2 1 0 2 1 0 1 0 0 1 2 0 1 0 0 0 2 1 2 0 1 1 1 0 0 1 2 0
-0.0575974939825561 -0.76084140545971 -0.0809595063337481 -0.648828260264868 0.3460316647381 -1 2 1 2 1 2 1 2 0 1 1 1 1 2 1 2 1 1 1 2 2 2 0 0 0 1 1 0 2 2 1 -2 -1 -2 -1 -2 -1 -2 0 -1 -1 -1 -1 -2 -1 -2 -1 -1 -1 -2 -2 -2 0 0 0 -1 -1 0 -2 -2 -1
-2.17329274166196 -1.08427855624777 0.395800592580864 0.0710947034650554 -1.5360737978246 1 2 0 2 2 1 2 1 1 2 1 1 1 2 1 1 1 1 0 2 2 2 0 0 2 2 1 0 2 2 0 2 0 2 2 1 2 1 1 2 1 1 1 2 1 1 1 1 0 2 2 2 0 0 2 2 1 0 2 2 0
1.87842008989062 0.411444744583123 -1.05693992199565 -0.142783152300027 -1.82743297644262 1 2 0 2 2 2 2 1 0 2 0 1 2 2 0 1 1 1 0 1 0 2 0 0 0 1 0 0 2 2 1 2 0 2 2 2 2 1 0 2 0 1 2 2 0 1 1 1 0 1 0 2 0 0 0 1 0 0 2 2 1
-1.1466267932672 -0.59334154127627 0.273255325665884 0.198576275424308 0.837524404554964 1 2 1 2 1 1 1 2 1 2 2 0 2 2 1 2 1 1 0 1 1 2 0 0 2 1 1 0 2 2 0 2 1 2 1 1 1 2 1 2 2 0 2 2 1 2 1 1 0 1 1 2 0 0 2 1 1 0 2 2 0
0.784554265754732 -0.184971066608079 0.820797096477193 0.232358076878084 -0.863380459071399 -1 2 0 2 1 2 2 1 1 2 1 0 0 1 0 2 1 1 0 2 1 2 0 0 1 2 1 0 1 2 0 -2 0 -2 -1 -2 -2 -1 -1 -2 -1 0 0 -1 0 -2 -1 -1 0 -2 -1 -2 0 0 -1 -2 -1 0 -1 -2 0
-1.03005738307405 -0.188583817775284 -1.48941538586645 -0.341085491098977 1.48714425084477 -1 1 1 2 0 1 2 1 0 1 1 1 1 1 0 2 2 1 0 2 2 2 0 1 2 2 2 0 2 2 1 -1 -1 -2 0 -1 -2 -1 0 -1 -1 -1 -1 -1 0 -2 -2 -1 0 -2 -2 -2 0 -1 -2 -2 -2 0 -2 -2 -1
0.446617198928184 0.0451080220064603 0.583316733602727 -0.341066373374509 1.21421893422285 1 2 1 2 1 2 2 1 0 0 1 0 1 2 1 1 0 0 0 2 1 2 0 0 0 1 1 1 2 2 0 2 1 2 1 2 2 1 0 0 1 0 1 2 1 1 0 0 0 2 1 2 0 0 0 1 1 1 2 2 0
1.15894149052218 -0.913959023579197 -0.680086703551791 -1.28824120994226 0.506709970582129 1 2 1 2 0 1 1 2 0 2 2 0 0 1 0 2 0 1 0 2 1 2 0 0 0 0 0 1 2 2 1 2 1 2 0 1 1 2 0 2 2 0 0 1 0 2 0 1 0 2 1 2 0 0 0 0 0 1 2 2 1
