-0.201558293550643 0.196447457088767 -2.4347531826986 -0.249436940339665 -1.0071175946455 -1 1 2 0 2 2 0 1 0 0 2 1 1 2 2 1 2 2 2 2 2 1 1 0 0 0 0 1 0 2 1 -1 -2 0 -2 -2 0 -1 0 0 -2 -1 -1 -2 -2 -1 -2 -2 -2 -2 -2 -1 -1 0 0 0 0 -1 0 -2 -1
-0.791699594210223 0.1349311684886 0.0787253980674154 -0.910363203076929 -0.17255791800601 1 1 1 0 0 1 0 0 0 0 0 0 0 1 1 0 1 2 2 0 2 2 2 0 1 1 0 1 0 0 1 1 1 0 0 1 0 0 0 0 0 0 0 1 1 0 1 2 2 0 2 2 2 0 1 1 0 1 0 0 1
-0.760732873743256 0.232906501298656 -0.402275126579887 -0.100945784396235 -0.0160077250995021 -1 1 1 0 1 1 0 0 0 1 2 0 2 1 2 1 2 2 2 0 2 1 0 0 0 0 0 0 1 1 1 -1 -1 0 -1 -1 0 0 0 -1 -2 0 -2 -1 -2 -1 -2 -2 -2 0 -2 -1 0 0 0 0 0 0 -1 -1 -1
0.50295743476419 -0.270078817194004 -1.04806748544922 -1.1078819537412 0.229933425943258 1 0 1 0 1 2 0 0 0 0 0 0 1 2 2 0 1 2 1 0 2 1 2 0 1 1 0 1 1 1 1 0 1 0 1 2 0 0 0 0 0 0 1 2 2 0 1 2 1 0 2 1 2 0 1 1 0 1 1 1 1
-0.0246212320286292 -1.03873359641372 0.782568934180704 1.41772510370771 -1.28518892889895 -1 1 0 0 2 2 0 0 0 0 1 1 0 2 2 2 2 2 2 1 2 2 2 0 1 1 0 1 1 1 2 -1 0 0 -2 -2 0 0 0 0 -1 -1 0 -2 -2 -2 -2 -2 -2 -1 -2 -2 -2 0 -1 -1 0 -1 -1 -1 -2
-0.801210986074572 -0.794088947036651 -0.569187697010332 0.349809905481114 1.3922811573871 1 2 2 0 1 1 0 0 0 1 1 0 1 2 2 0 2 2 2 1 2 1 1 0 1 0 0 1 1 1 1 2 2 0 1 1 0 0 0 1 1 0 1 2 2 0 2 2 2 1 2 1 1 0 1 0 0 1 1 1 1
-0.476859761199439 0.924906245336115 1.63037682681605 1.54196258083918 -0.423883479720716 1 1 0 0 2 2 0 0 1 0 1 1 0 2 2 1 2 2 2 0 1 2 2 0 2 1 0 1 2 2 2 1 0 0 2 2 0 0 1 0 1 1 0 2 2 1 2 2 2 0 1 2 2 0 2 1 0 1 2 2 2
-0.922527315765185 0.474309792728038 -1.31000229812319 -0.652584815529559 0.205188384927606 -1 1 1 0 2 1 0 0 0 1 2 0 2 2 2 0 2 2 2 1 2 0 1 0 0 0 0 0 1 2 2 -1 -1 0 -2 -1 0 0 0 -1 -2 0 -2 -2 -2 0 -2 -2 -2 -1 -2 0 -1 0 0 0 0 0 -1 -2 -2
0.915885872307491 0.678459790473317 -0.705050828292886 -1.21666844647907 -1.57845992074006 -1 1 2 0 2 2 0 1 1 0 1 0 1 2 2 2 1 2 2 0 2 2 2 1 2 2 1 1 1 1 1 -1 -2 0 -2 -2 0 -1 -1 0 -1 0 -1 -2 -2 -2 -1 -2 -2 0 -2 -2 -2 -1 -2 -2 -1 -1 -1 -1 -1
0.392626627522497 -2.6754797285941 -2.20462346110052 0.209513262299312 -1.96000634979267 -1 1 1 1 1 2 0 0 0 0 0 0 2 2 2 1 2 2 2 1 2 2 1 0 0 0 0 0 0 2 2 -1 -1 -1 -1 -2 0 0 0 0 0 0 -2 -2 -2 -1 -2 -2 -2 -1 -2 -2 -1 0 0 0 0 0 0 -2 -2
0.192936216984417 -0.727569841511405 -2.18535851739749 0.0968904796040614 0.0756576024224729 1 2 1 1 2 2 0 0 0 1 1 1 2 2 2 1 2 2 2 0 2 2 2 1 2 1 0 1 2 1 0 2 1 1 2 2 0 0 0 1 1 1 2 2 2 1 2 2 2 0 2 2 2 1 2 1 0 1 2 1 0
-0.124962131159219 -1.85002589462984 0.00025740839765265 1.30930024465723 -0.720208417521014 1 1 1 1 2 2 0 1 0 1 1 1 1 2 2 1 1 2 1 0 2 1 2 0 0 1 1 1 1 2 2 1 1 1 2 2 0 1 0 1 1 1 1 2 2 1 1 2 1 0 2 1 2 0 0 1 1 1 1 2 2
0.477692516931634 -0.429726974050008 -0.43084784267115 1.64155869529724 -1.29046588547353 -1 2 2 1 2 2 0 0 1 0 1 0 1 2 2 1 1 1 2 0 2 1 1 0 0 0 0 0 1 1 0 -2 -2 -1 -2 -2 0 0 -1 0 -1 0 -1 -2 -2 -1 -1 -1 -2 0 -2 -1 -1 0 0 0 0 0 -1 -1 0
-0.250836179266915 -0.724143143170544 0.334341602366492 -0.178598785675123 -1.31073278125019 -1 0 0 0 1 2 0 0 0 2 1 1 2 2 1 1 2 2 2 0 2 2 2 0 1 0 1 1 2 1 1 0 0 0 -1 -2 0 0 0 -2 -1 -1 -2 -2 -1 -1 -2 -2 -2 0 -2 -2 -2 0 -1 0 -1 -1 -2 -1 -1
-0.583674616589835 0.0580445298493794 1.09816385282049 0.385740713874374 -1.71688294121334 1 0 1 1 1 2 0 0 1 0 2 2 2 2 2 2 1 0 2 0 2 2 2 1 2 1 2 2 2 2 2 0 1 1 1 2 0 0 1 0 2 2 2 2 2 2 1 0 2 0 2 2 2 1 2 1 2 2 2 2 2
1.57010026484387 0.275761538415441 -0.315275301426972 -0.897015990570127 -0.456530659919852 1 0 1 0 1 2 0 0 1 1 1 0 2 2 1 0 2 1 2 1 2 1 0 0 1 0 0 0 2 0 1 0 1 0 1 2 0 0 1 1 1 0 2 2 1 0 2 1 2 1 2 1 0 0 1 0 0 0 2 0 1
0.23883796174756 0.826187894128059 0.339851195924171 0.0501664404715983 0.0726831697341713 -1 0 0 0 2 2 0 0 1 1 0 0 0 1 2 1 2 2 2 1 2 1 0 0 2 1 2 0 1 2 1 0 0 0 -2 -2 0 0 -1 -1 0 0 0 -1 -2 -1 -2 -2 -2 -1 -2 -1 0 0 -2 -1 -2 0 -1 -2 -1
0.573840992471263 -0.804954296419486 -0.12052071052346 -0.714767862659858 0.81214962983521 -1 2 1 0 1 1 0 0 0 0 0 0 0 1 1 1 2 2 2 0 2 2 2 0 1 1 1 1 2 2 1 -2 -1 0 -1 -1 0 0 0 0 0 0 0 -1 -1 -1 -2 -2 -2 0 -2 -2 -2 0 -1 -1 -1 -1 -2 -2 -1
2.76908502669127 -2.54751106564794 0.582980331174654 -1.13804507100424 0.0970808529152349 1 1 1 0 1 2 0 0 0 2 2 1 1 1 1 2 2 2 2 1 2 0 1 0 1 1 0 2 1 2 2 1 1 0 1 2 0 0 0 2 2 1 1 1 1 2 2 2 2 1 2 0 1 0 1 1 0 2 1 2 2
1.62210361220534 -0.293130770858097 -0.433116770567816 -0.109224056546978 -0.718735821719458 1 1 2 0 1 2 0 0 0 0 0 0 2 2 1 0 2 1 1 0 2 2 1 0 2 2 1 2 2 2 1 1 2 0 1 2 0 0 0 0 0 0 2 2 1 0 2 1 1 0 2 2 1 0 2 2 1 2 2 2 1
-1.5793882959819 -1.31376678776578 -0.290741097329859 -0.383146356703766 0.886336854451406 -1 0 1 0 2 2 0 1 1 0 0 0 1 2 2 1 2 2 2 1 2 2 1 0 1 0 0 1 2 2 0 0 -1 0 -2 -2 0 -1 -1 0 0 0 -1 -2 -2 -1 -2 -2 -2 -1 -2 -2 -1 0 -1 0 0 -1 -2 -2 0
1.13044103109786 0.957334193599677 -0.402906263794294 -1.4424610758606 -1.40896506115765 1 2 2 1 2 2 0 0 0 0 0 0 1 2 2 2 2 1 2 0 2 2 2 0 1 1 2 1 1 2 1 2 2 1 2 2 0 0 0 0 0 0 1 2 2 2 2 1 2 0 2 2 2 0 1 1 2 1 1 2 1
1.02938926642373 0.507553565530706 0.631176196840988 -0.218781360898019 -0.382157735385891 1 0 2 0 0 1 0 0 2 0 1 1 1 1 1 1 2 2 2 1 2 2 2 0 2 1 0 1 2 0 0 0 2 0 0 1 0 0 2 0 1 1 1 1 1 1 2 2 2 1 2 2 2 0 2 1 0 1 2 0 0
-0.234930881032525 -0.949645995057215 1.04864365150205 -0.634109036869581 0.884366857142861 1 1 1 0 2 2 0 0 1 0 2 1 1 2 1 1 2 2 2 1 2 2 1 0 0 1 0 2 2 1 1 1 1 0 2 2 0 0 1 0 2 1 1 2 1 1 2 2 2 1 2 2 1 0 0 1 0 2 2 1 1
-0.0693236025382262 0.302630413583214 0.562809234812796 -0.970933073974676 -0.665725846517714 -1 2 2 1 1 1 0 1 1 0 1 0 1 2 1 0 1 1 2 1 2 0 0 0 1 1 0 0 1 1 1 -2 -2 -1 -1 -1 0 -1 -1 0 -1 0 -1 -2 -1 0 -1 -1 -2 -1 -2 0 0 0 -1 -1 0 0 -1 -1 -1
-0.0824394913627034 0.486949398494194 -1.8165147873969 0.896040056278603 -0.202706989349089 -1 1 1 0 2 2 0 0 0 1 1 0 1 2 2 1 2 2 2 0 2 1 2 0 1 1 1 2 1 1 1 -1 -1 0 -2 -2 0 0 0 -1 -1 0 -1 -2 -2 -1 -2 -2 -2 0 -2 -1 -2 0 -1 -1 -1 -2 -1 -1 -1
-1.23660764457409 -0.127523217298526 0.418103889305485 0.740844699957437 1.66114105766253 -1 2 1 0 1 1 0 0 0 1 0 0 1 2 2 1 1 1 2 1 2 1 2 0 2 1 1 1 2 2 0 -2 -1 0 -1 -1 0 0 0 -1 0 0 -1 -2 -2 -1 -1 -1 -2 -1 -2 -1 -2 0 -2 -1 -1 -1 -2 -2 0
0.916823510661861 2.3203024829342 -0.36273365121672 0.766508857462469 -1.00210910270128 -1 1 1 1 2 2 0 1 0 2 2 2 2 2 2 1 1 1 2 1 2 2 2 0 2 2 1 2 2 1 1 -1 -1 -1 -2 -2 0 -1 0 -2 -2 -2 -2 -2 -2 -1 -1 -1 -2 -1 -2 -2 -2 0 -2 -2 -1 -2 -2 -1 -1
-1.39822800549231 -0.568514600642905 -1.62704937750487 -0.790030130771326 0.0437113420560535 -1 2 0 0 2 2 0 0 0 1 1 1 1 2 2 1 1 2 2 0 2 1 0 0 1 1 1 1 2 1 1 -2 0 0 -2 -2 0 0 0 -1 -1 -1 -1 -2 -2 -1 -1 -2 -2 0 -2 -1 0 0 -1 -1 -1 -1 -2 -1 -1
1.64358718940174 -1.13722414139482 -0.992029272029189 0.294996376201867 -2.44533000150433 1 1 1 0 2 2 0 0 0 1 2 1 1 2 2 0 1 1 2 0 2 2 1 0 1 0 0 0 1 1 1 1 1 0 2 2 0 0 0 1 2 1 1 2 2 0 1 1 2 0 2 2 1 0 1 0 0 0 1 1 1
2.25394505209561 -0.417377607063507 0.432330991587488 1.21706508713786 0.0577217588649354 1 1 1 1 2 2 0 0 0 0 1 2 1 2 2 1 2 2 2 1 1 1 1 0 0 0 0 0 1 1 1 1 1 1 2 2 0 0 0 0 1 2 1 2 2 1 2 2 2 1 1 1 1 0 0 0 0 0 1 1 1
2.29989739696772 1.08279436224096 -0.670236724375674 0.110336750132158 1.07245438137122 -1 1 2 2 0 1 0 0 0 1 1 0 1 2 2 1 1 1 2 1 2 1 1 0 0 0 0 0 1 1 1 -1 -2 -2 0 -1 0 0 0 -1 -1 0 -1 -2 -2 -1 -1 -1 -2 -1 -2 -1 -1 0 0 0 0 0 -1 -1 -1
-1.31919560494138 -0.799371983850069 0.0835649909192753 0.821105976025118 -1.66855016312361 1 2 2 0 2 2 0 0 0 1 1 0 1 2 2 0 2 1 1 0 2 2 2 0 1 0 0 1 1 2 2 2 2 0 2 2 0 0 0 1 1 0 1 2 2 0 2 1 1 0 2 2 2 0 1 0 0 1 1 2 2
-0.0767109645710558 0.741721479375943 0.449730579697336 0.271979795801631 -0.338089236822795 -1 2 2 0 2 2 0 1 1 1 1 0 0 1 2 0 1 1 1 0 2 2 2 0 0 0 0 1 1 2 1 -2 -2 0 -2 -2 0 -1 -1 -1 -1 0 0 -1 -2 0 -1 -1 -1 0 -2 -2 -2 0 0 0 0 -1 -1 -2 -1
0.209683005799822 0.205879229262306 -0.852731307283852 0.322328495104808 0.832188470818907 -1 1 0 0 1 2 0 0 1 0 2 0 1 2 2 1 2 2 2 1 2 1 0 0 0 1 1 0 2 2 2 -1 0 0 -1 -2 0 0 -1 0 -2 0 -1 -2 -2 -1 -2 -2 -2 -1 -2 -1 0 0 0 -1 -1 0 -2 -2 -2
-0.393584457210477 1.06473790209558 1.10638802365128 0.445157322997691 -0.962935407762416 -1 0 1 0 2 2 1 0 0 2 2 1 1 2 2 1 2 2 2 2 2 2 1 0 0 1 0 0 1 1 1 0 -1 0 -2 -2 -1 0 0 -2 -2 -1 -1 -2 -2 -1 -2 -2 -2 -2 -2 -2 -1 0 0 -1 0 0 -1 -1 -1
-1.06437250616676 0.800765088539835 0.677882497823242 0.0462042378220509 0.0214892067227842 1 1 1 1 2 1 0 1 0 1 1 1 1 2 1 0 0 1 2 0 2 2 2 0 1 2 1 1 2 2 1 1 1 1 2 1 0 1 0 1 1 1 1 2 1 0 0 1 2 0 2 2 2 0 1 2 1 1 2 2 1
-0.211163326002071 -0.630567196348328 -2.2884183664064 0.00914406139178845 0.0329453331114006 -1 1 1 1 2 2 0 0 1 0 0 0 0 1 2 0 0 1 2 1 2 2 2 0 2 2 2 1 2 2 2 -1 -1 -1 -2 -2 0 0 -1 0 0 0 0 -1 -2 0 0 -1 -2 -1 -2 -2 -2 0 -2 -2 -2 -1 -2 -2 -2
2.76102336245451 0.340165855940863 -1.32038294475609 0.526011664815133 0.676028911762207 -1 1 0 1 1 2 0 0 0 0 1 0 2 2 1 0 2 2 2 0 2 1 2 1 2 1 1 1 2 2 2 -1 0 -1 -1 -2 0 0 0 0 -1 0 -2 -2 -1 0 -2 -2 -2 0 -2 -1 -2 -1 -2 -1 -1 -1 -2 -2 -2
-0.250805661624771 0.526414792788197 -0.871337410966724 -1.26209424341418 -0.0187602387830776 -1 1 2 1 2 2 0 0 0 0 0 0 0 2 2 1 1 2 2 0 2 1 0 0 1 0 1 1 2 2 2 -1 -2 -1 -2 -2 0 0 0 0 0 0 0 -2 -2 -1 -1 -2 -2 0 -2 -1 0 0 -1 0 -1 -1 -2 -2 -2
0.847406330847221 -0.896822595664329 0.867580485076541 0.135203584801072 0.400481856691921 1 1 0 0 0 1 0 1 0 0 1 0 0 1 2 1 2 2 2 0 2 1 0 0 1 1 0 1 2 0 1 1 0 0 0 1 0 1 0 0 1 0 0 1 2 1 2 2 2 0 2 1 0 0 1 1 0 1 2 0 1
0.360666773163441 -0.166708398645146 -1.273406795039 0.571286629303143 0.174639575254994 1 0 1 0 1 2 0 0 0 0 0 0 1 2 1 1 1 2 2 1 1 1 0 0 1 1 0 0 2 1 1 0 1 0 1 2 0 0 0 0 0 0 1 2 1 1 1 2 2 1 1 1 0 0 1 1 0 0 2 1 1
-0.942537895324806 0.296338778609935 -0.109226493666704 0.318514587709329 -1.06134171671148 1 0 1 1 2 2 0 0 0 1 1 0 1 2 2 1 2 1 2 1 2 1 1 0 1 0 0 1 2 1 2 0 1 1 2 2 0 0 0 1 1 0 1 2 2 1 2 1 2 1 2 1 1 0 1 0 0 1 2 1 2
-0.271307891149281 0.978952161976243 -0.0489789906894529 -0.503950132057971 -1.85685662242259 1 0 1 0 2 2 0 0 0 2 2 1 1 2 1 0 1 1 1 0 2 1 1 0 1 1 0 0 0 2 2 0 1 0 2 2 0 0 0 2 2 1 1 2 1 0 1 1 1 0 2 1 1 0 1 1 0 0 0 2 2
-0.609941295243218 0.73185815517273 0.101177687650996 1.21397921212236 -0.118735634112458 -1 0 0 0 1 2 0 0 0 1 2 2 2 2 2 1 1 2 2 2 2 1 2 0 1 1 0 0 0 0 0 0 0 0 -1 -2 0 0 0 -1 -2 -2 -2 -2 -2 -1 -1 -2 -2 -2 -2 -1 -2 0 -1 -1 0 0 0 0 0
-0.490823689540163 0.14360174453937 1.4498057224846 0.126997711241378 -0.476410309226188 -1 1 2 1 2 2 0 0 0 0 0 0 1 2 2 1 2 2 2 1 2 2 2 0 2 0 0 0 0 2 1 -1 -2 -1 -2 -2 0 0 0 0 0 0 -1 -2 -2 -1 -2 -2 -2 -1 -2 -2 -2 0 -2 0 0 0 0 -2 -1
-1.74296290688149 -1.08821361332183 -0.26105858149344 -0.339319912405975 0.800944515124492 -1 1 2 1 0 1 0 0 0 1 1 1 1 2 2 2 2 1 2 0 2 2 1 0 0 0 0 0 2 2 1 -1 -2 -1 0 -1 0 0 0 -1 -1 -1 -1 -2 -2 -2 -2 -1 -2 0 -2 -2 -1 0 0 0 0 0 -2 -2 -1
1.85979823769643 0.0132699992202839 -0.599593972893022 0.401322272550366 0.810619392504577 1 0 0 1 2 2 0 1 0 1 1 0 0 1 1 0 1 1 2 0 2 2 2 0 1 1 0 1 2 2 2 0 0 1 2 2 0 1 0 1 1 0 0 1 1 0 1 1 2 0 2 2 2 0 1 1 0 1 2 2 2
-1.68785877277224 -1.17030300896158 -1.66806087456211 1.5227248690343 0.204997871154478 -1 0 1 1 2 2 0 1 1 0 0 0 1 2 2 1 1 1 2 0 2 1 1 0 1 1 0 0 2 1 0 0 -1 -1 -2 -2 0 -1 -1 0 0 0 -1 -2 -2 -1 -1 -1 -2 0 -2 -1 -1 0 -1 -1 0 0 -2 -1 0
-1.46166388253642 1.22389660396841 0.122087030494914 1.11564976322856 -0.00286382046122426 -1 2 1 1 1 2 0 0 0 0 1 0 1 1 1 0 0 1 2 1 2 1 2 1 1 1 0 2 2 2 2 -2 -1 -1 -1 -2 0 0 0 0 -1 0 -1 -1 -1 0 0 -1 -2 -1 -2 -1 -2 -1 -1 -1 0 -2 -2 -2 -2
-1.93629380591601 0.58454238413043 -0.433411971833209 -1.01052621590525 -0.419289888811143 -1 1 2 0 2 2 0 1 1 1 2 2 2 2 2 1 1 1 1 0 2 2 2 1 1 1 0 1 2 2 2 -1 -2 0 -2 -2 0 -1 -1 -1 -2 -2 -2 -2 -2 -1 -1 -1 -1 0 -2 -2 -2 -1 -1 -1 0 -1 -2 -2 -2
1.01461550198307 1.29588870565625 0.451310383881113 -0.929205575962305 0.745653056485786 -1 1 0 1 2 1 0 0 0 0 0 0 1 2 2 1 2 2 2 0 2 2 2 1 2 2 2 2 2 1 1 -1 0 -1 -2 -1 0 0 0 0 0 0 -1 -2 -2 -1 -2 -2 -2 0 -2 -2 -2 -1 -2 -2 -2 -2 -2 -1 -1
-1.55423542148992 2.12399007986138 1.55091286629021 0.280677263108203 -0.876596639525813 1 1 2 0 2 2 0 0 0 1 1 0 1 2 1 1 1 0 0 0 2 2 2 0 0 0 0 0 2 2 2 1 2 0 2 2 0 0 0 1 1 0 1 2 1 1 1 0 0 0 2 2 2 0 0 0 0 0 2 2 2
0.382206847943243 -1.91559858442369 0.61842357940478 -0.693018900776898 0.756226821089816 -1 0 1 0 2 2 0 0 0 0 0 0 0 1 2 1 2 2 2 0 2 1 2 0 1 1 0 1 1 1 2 0 -1 0 -2 -2 0 0 0 0 0 0 0 -1 -2 -1 -2 -2 -2 0 -2 -1 -2 0 -1 -1 0 -1 -1 -1 -2
0.240284513551827 -1.01227966004115 -0.536099548729343 0.213731941543687 -0.311479139425137 1 0 0 0 2 2 0 0 1 1 1 0 1 1 1 1 2 2 2 0 2 1 2 0 1 1 0 1 2 2 1 0 0 0 2 2 0 0 1 1 1 0 1 1 1 1 2 2 2 0 2 1 2 0 1 1 0 1 2 2 1
1.46907020155835 1.86099148017118 -0.271566314433698 -2.05802237708722 -0.954363213989899 -1 0 1 1 2 2 0 0 0 1 2 0 0 2 2 1 2 1 1 1 2 1 0 0 2 0 0 2 2 0 1 0 -1 -1 -2 -2 0 0 0 -1 -2 0 0 -2 -2 -1 -2 -1 -1 -1 -2 -1 0 0 -2 0 0 -2 -2 0 -1
0.147974138362175 -0.827434899248781 0.0587394911232053 1.35639997475888 -0.0128852926094241 -1 0 0 1 2 2 0 1 0 1 1 2 2 2 2 2 2 2 2 2 2 1 1 0 1 1 0 0 2 1 1 0 0 -1 -2 -2 0 -1 0 -1 -1 -2 -2 -2 -2 -2 -2 -2 -2 -2 -2 -1 -1 0 -1 -1 0 0 -2 -1 -1
1.22886112228806 0.14853229154152 0.618355645136702 2.11618494970296 1.90822535290521 -1 0 1 1 2 2 0 0 0 1 2 1 1 2 2 1 1 2 2 1 2 2 2 0 2 1 1 0 1 0 1 0 -1 -1 -2 -2 0 0 0 -1 -2 -1 -1 -2 -2 -1 -1 -2 -2 -1 -2 -2 -2 0 -2 -1 -1 0 -1 0 -1
1.52887395232999 -0.562683367925367 -1.24709124542858 0.889085905426564 -3.15301500248839 -1 1 1 1 1 2 0 0 1 1 0 0 1 2 2 2 2 2 2 1 2 2 1 0 1 1 0 1 1 1 2 -1 -1 -1 -1 -2 0 0 -1 -1 0 0 -1 -2 -2 -2 -2 -2 -2 -1 -2 -2 -1 0 -1 -1 0 -1 -1 -1 -2
0.818967419219189 1.68714930343634 1.01567946047446 0.62869425596942 -0.792188816243598 1 1 1 1 1 2 0 0 0 1 1 1 2 2 1 0 1 2 2 1 2 1 2 0 0 0 0 2 2 0 0 1 1 1 1 2 0 0 0 1 1 1 2 2 1 0 1 2 2 1 2 1 2 0 0 0 0 2 2 0 0
-0.0654827284401483 0.71589283276228 1.57490790033823 0.191567353662608 -0.795511864907811 1 1 1 2 2 2 0 0 0 1 1 0 1 2 2 1 1 2 1 0 2 0 1 0 0 0 0 1 1 2 1 1 1 2 2 2 0 0 0 1 1 0 1 2 2 1 1 2 1 0 2 0 1 0 0 0 0 1 1 2 1
0.218331167111292 1.45997852776299 -0.58185368888507 1.32521090242904 0.247150112847749 1 1 2 1 2 2 0 1 1 1 1 2 1 1 1 2 2 2 2 0 2 2 2 0 2 2 1 0 1 2 2 1 2 1 2 2 0 1 1 1 1 2 1 1 1 2 2 2 2 0 2 2 2 0 2 2 1 0 1 2 2
-1.94209128142005 2.92033400068136 0.186256036889044 -1.03070521424882 1.13736205760988 -1 1 2 1 1 2 0 1 0 0 2 1 1 2 1 0 1 1 2 2 2 0 1 0 0 0 1 2 2 1 1 -1 -2 -1 -1 -2 0 -1 0 0 -2 -1 -1 -2 -1 0 -1 -1 -2 -2 -2 0 -1 0 0 0 -1 -2 -2 -1 -1
-0.761229697089709 -1.54162002495663 1.12106793969972 0.591563080847232 -1.42259214735648 1 0 1 1 1 2 0 0 0 1 2 0 1 1 0 1 2 1 2 0 2 2 2 1 2 0 0 0 1 2 2 0 1 1 1 2 0 0 0 1 2 0 1 1 0 1 2 1 2 0 2 2 2 1 2 0 0 0 1 2 2
0.473587078513241 0.028626903559209 -0.115888499935036 -0.345946730539722 0.775741012801599 -1 1 2 1 2 2 0 0 0 1 1 1 2 2 2 1 1 1 2 1 1 1 1 0 2 2 1 0 1 2 2 -1 -2 -1 -2 -2 0 0 0 -1 -1 -1 -2 -2 -2 -1 -1 -1 -2 -1 -1 -1 -1 0 -2 -2 -1 0 -1 -2 -2
1.62487070467589 -0.425839308911241 0.611070722327871 2.94917826810774 0.07891066400527 -1 0 0 0 2 2 0 0 1 0 0 0 0 2 1 0 1 1 1 0 2 1 2 0 1 1 1 1 2 1 0 0 0 0 -2 -2 0 0 -1 0 0 0 0 -2 -1 0 -1 -1 -1 0 -2 -1 -2 0 -1 -1 -1 -1 -2 -1 0
-0.697728536211559 1.42359609105223 1.43764971247534 -0.653488907465106 -0.331084340865906 1 1 1 2 2 2 0 0 1 1 1 1 1 1 1 1 2 2 2 1 2 1 2 0 1 1 1 0 1 2 1 1 1 2 2 2 0 0 1 1 1 1 1 1 1 1 2 2 2 1 2 1 2 0 1 1 1 0 1 2 1
0.32097007038905 0.123988343897479 1.10030720867889 1.18781628895297 -0.524636828916428 -1 1 1 1 2 2 0 1 0 2 1 1 1 2 2 2 2 2 2 0 2 1 1 0 2 0 0 0 0 2 2 -1 -1 -1 -2 -2 0 -1 0 -2 -1 -1 -1 -2 -2 -2 -2 -2 -2 0 -2 -1 -1 0 -2 0 0 0 0 -2 -2
-0.90864236419073 -0.0165515601280518 0.088245449523007 -0.152079016208237 -1.15249756318233 -1 1 1 0 2 2 0 0 0 1 1 0 2 2 1 1 2 1 2 0 1 1 1 0 2 1 0 1 2 1 0 -1 -1 0 -2 -2 0 0 0 -1 -1 0 -2 -2 -1 -1 -2 -1 -2 0 -1 -1 -1 0 -2 -1 0 -1 -2 -1 0
0.0671741656241682 1.1919316910744 0.919731814652066 -0.655186773445093 -0.702911241348091 1 1 1 0 2 2 0 0 0 1 2 1 2 2 2 1 2 2 2 1 2 1 0 0 1 1 0 0 2 2 1 1 1 0 2 2 0 0 0 1 2 1 2 2 2 1 2 2 2 1 2 1 0 0 1 1 0 0 2 2 1
1.28969339708642 1.01765785888596 -0.911129302022995 -0.699488896965008 -0.207611333977205 -1 1 2 0 0 1 0 0 0 0 0 0 2 1 2 1 1 2 2 0 2 1 2 1 2 1 0 2 2 0 0 -1 -2 0 0 -1 0 0 0 0 0 0 -2 -1 -2 -1 -1 -2 -2 0 -2 -1 -2 -1 -2 -1 0 -2 -2 0 0
-0.727796838255596 0.678758936129857 -1.06114607076921 -1.36387806328967 1.13175825852696 1 0 0 0 2 2 0 1 1 0 1 2 2 2 1 0 1 2 2 0 2 2 1 0 2 1 0 1 2 0 1 0 0 0 2 2 0 1 1 0 1 2 2 2 1 0 1 2 2 0 2 2 1 0 2 1 0 1 2 0 1
-2.02646216412255 -0.734956358713124 0.146283849152602 -1.70358131375203 1.49738841904948 1 1 2 0 2 2 0 1 0 1 1 1 1 2 2 2 2 2 2 0 2 2 2 0 0 0 0 1 2 1 0 1 2 0 2 2 0 1 0 1 1 1 1 2 2 2 2 2 2 0 2 2 2 0 0 0 0 1 2 1 0
-0.0291251042010964 1.87797485448492 -0.418210857813491 -0.732248056516249 0.267788751873246 1 2 2 1 0 1 0 0 1 1 0 0 0 0 1 0 2 2 2 1 2 1 1 0 1 0 0 1 1 0 0 2 2 1 0 1 0 0 1 1 0 0 0 0 1 0 2 2 2 1 2 1 1 0 1 0 0 1 1 0 0
0.209133820896864 -0.702722352486638 0.75481248824819 0.560532209897995 -0.0136750458473871 -1 1 1 0 1 2 0 0 0 0 1 1 1 1 2 2 2 2 2 1 2 1 0 0 0 1 1 1 2 0 0 -1 -1 0 -1 -2 0 0 0 0 -1 -1 -1 -1 -2 -2 -2 -2 -2 -1 -2 -1 0 0 0 -1 -1 -1 -2 0 0
-1.44832948059432 1.07262741603372 0.684324992768915 -0.0619999764946021 -0.756059567026047 -1 1 1 1 1 1 0 1 1 0 1 1 1 2 2 2 2 2 2 1 2 2 2 0 1 1 0 2 1 1 2 -1 -1 -1 -1 -1 0 -1 -1 0 -1 -1 -1 -2 -2 -2 -2 -2 -2 -1 -2 -2 -2 0 -1 -1 0 -2 -1 -1 -2
1.14082870338675 -0.29897995172156 0.265056447254312 -0.494467049504374 -0.0304340309032029 1 1 1 0 1 1 0 0 0 0 2 2 2 2 2 0 2 1 2 0 2 2 2 0 1 0 0 1 1 0 1 1 1 0 1 1 0 0 0 0 2 2 2 2 2 0 2 1 2 0 2 2 2 0 1 0 0 1 1 0 1
0.449539175902026 1.31635483288647 0.205926812677223 -0.131078254092416 0.573352616967016 -1 2 2 0 0 1 0 0 0 0 2 1 2 2 1 1 2 2 2 0 2 0 1 0 0 1 0 1 0 1 2 -2 -2 0 0 -1 0 0 0 0 -2 -1 -2 -2 -1 -1 -2 -2 -2 0 -2 0 -1 0 0 -1 0 -1 0 -1 -2
1.44865153272325 0.0422347268632528 0.114994322090039 0.388354276546781 0.56782672308429 -1 0 2 1 2 2 0 0 0 1 1 1 2 2 2 0 1 1 2 1 2 1 0 0 2 1 1 2 2 2 1 0 -2 -1 -2 -2 0 0 0 -1 -1 -1 -2 -2 -2 0 -1 -1 -2 -1 -2 -1 0 0 -2 -1 -1 -2 -2 -2 -1
-1.5867767760676 -1.20360219941732 1.54641406712838 -0.335268128370047 1.74853519217786 1 2 2 1 1 1 0 0 0 2 2 0 0 2 1 0 1 1 0 1 2 1 2 0 2 1 2 1 2 1 1 2 2 1 1 1 0 0 0 2 2 0 0 2 1 0 1 1 0 1 2 1 2 0 2 1 2 1 2 1 1
-1.23771971106375 -0.953421697571622 0.0177294814932432 0.173103516496926 1.00906528557757 -1 1 1 1 1 2 0 0 0 1 0 0 1 2 2 1 2 2 2 0 2 0 1 0 1 1 1 1 2 2 2 -1 -1 -1 -1 -2 0 0 0 -1 0 0 -1 -2 -2 -1 -2 -2 -2 0 -2 0 -1 0 -1 -1 -1 -1 -2 -2 -2
-0.137975497104883 -0.734779374530249 -0.491341518331134 0.481277508843422 0.0183378748521605 -1 1 0 0 1 2 0 0 0 1 1 0 2 2 2 2 1 1 2 1 2 2 2 0 2 1 0 0 1 2 2 -1 0 0 -1 -2 0 0 0 -1 -1 0 -2 -2 -2 -2 -1 -1 -2 -1 -2 -2 -2 0 -2 -1 0 0 -1 -2 -2
0.246463534357708 -0.0206837349553402 -0.377413109104505 0.0368336783025007 0.167919335931908 1 1 0 0 2 1 0 0 0 2 1 1 2 2 2 1 2 2 2 1 2 2 2 1 2 1 0 0 1 2 2 1 0 0 2 1 0 0 0 2 1 1 2 2 2 1 2 2 2 1 2 2 2 1 2 1 0 0 1 2 2
-3.59242467605721 -1.34945612254831 -0.850681650120889 0.149684994529003 1.50618055624182 1 2 2 1 2 1 0 0 0 1 1 1 2 2 2 2 2 1 1 0 2 2 2 0 2 1 1 2 1 2 2 2 2 1 2 1 0 0 0 1 1 1 2 2 2 2 2 1 1 0 2 2 2 0 2 1 1 2 1 2 2
0.212919355656473 -1.31442400651016 1.64410393265283 -0.615957731067395 1.50988389158694 1 1 1 1 2 1 0 1 1 0 1 1 2 2 2 1 2 1 1 0 2 2 2 0 1 0 0 0 2 2 1 1 1 1 2 1 0 1 1 0 1 1 2 2 2 1 2 1 1 0 2 2 2 0 1 0 0 0 2 2 1
0.80528021851534 0.941123787365684 -0.522610097701395 1.46741539432931 0.355044492246755 1 2 1 0 1 2 0 0 1 2 2 1 1 2 2 2 1 2 2 1 2 1 1 0 0 0 0 1 2 1 2 2 1 0 1 2 0 0 1 2 2 1 1 2 2 2 1 2 2 1 2 1 1 0 0 0 0 1 2 1 2
-0.805478458771798 0.855430750316569 -0.638891287360877 -2.5809805122094 -0.838676068409361 -1 1 2 0 2 2 0 0 0 1 0 0 0 2 1 0 0 1 2 0 2 2 1 0 1 1 0 0 2 1 2 -1 -2 0 -2 -2 0 0 0 -1 0 0 0 -2 -1 0 0 -1 -2 0 -2 -2 -1 0 -1 -1 0 0 -2 -1 -2
2.18072343072428 -1.16556423476194 -0.62471785676904 -0.923544534799374 -0.507481798974107 1 0 1 0 1 2 0 0 0 1 1 1 1 1 0 0 1 1 2 1 2 1 0 0 2 1 0 0 0 1 2 0 1 0 1 2 0 0 0 1 1 1 1 1 0 0 1 1 2 1 2 1 0 0 2 1 0 0 0 1 2
-0.275546317817466 0.205981425503962 -0.0264687520916555 -0.260569112794455 0.644897365152011 1 0 1 0 2 2 1 1 0 1 1 1 1 1 1 1 1 2 2 0 2 0 2 0 1 1 0 1 1 2 1 0 1 0 2 2 1 1 0 1 1 1 1 1 1 1 1 2 2 0 2 0 2 0 1 1 0 1 1 2 1
1.89182926961316 -1.85702792227014 -2.60652640675571 0.0557023344587372 1.82679642921259 -1 2 1 1 1 2 0 0 0 1 1 1 1 1 1 2 2 1 2 2 2 1 2 0 2 2 1 2 2 1 1 -2 -1 -1 -1 -2 0 0 0 -1 -1 -1 -1 -1 -1 -2 -2 -1 -2 -2 -2 -1 -2 0 -2 -2 -1 -2 -2 -1 -1
-2.42377964438956 1.3243421407401 0.767812508996034 -0.807294838283027 2.20115144768015 1 1 0 0 2 2 0 0 0 2 2 0 2 2 2 2 2 2 2 2 2 0 1 0 2 1 0 0 2 1 2 1 0 0 2 2 0 0 0 2 2 0 2 2 2 2 2 2 2 2 2 0 1 0 2 1 0 0 2 1 2
-1.71247153649031 -0.974935518628306 0.357529707204391 0.130224983291867 1.11369904295103 -1 0 1 1 2 2 0 0 0 0 0 0 1 2 2 2 2 2 1 1 2 1 2 0 0 0 0 2 2 1 1 0 -1 -1 -2 -2 0 0 0 0 0 0 -1 -2 -2 -2 -2 -2 -1 -1 -2 -1 -2 0 0 0 0 -2 -2 -1 -1
-1.13906141630454 -0.624118524806428 -2.49222447938785 -0.371396653049115 1.13800090862328 1 1 0 0 2 2 0 0 0 0 2 1 2 2 2 1 1 2 2 0 2 2 2 0 1 1 1 2 2 0 0 1 0 0 2 2 0 0 0 0 2 1 2 2 2 1 1 2 2 0 2 2 2 0 1 1 1 2 2 0 0
-1.23956873517171 -0.751235767614263 0.810556642720435 -0.559311464193628 0.0461124334649674 1 2 2 2 2 2 0 1 0 1 1 1 1 1 2 2 2 2 2 0 2 2 2 0 2 1 0 0 2 0 1 2 2 2 2 2 0 1 0 1 1 1 1 1 2 2 2 2 2 0 2 2 2 0 2 1 0 0 2 0 1
-0.591684777058622 0.498338336022843 -0.751417981650318 0.543687053745171 0.694184097647785 -1 0 1 1 2 2 0 0 0 1 2 1 1 2 1 0 2 1 1 0 2 1 1 0 2 0 1 1 2 2 1 0 -1 -1 -2 -2 0 0 0 -1 -2 -1 -1 -2 -1 0 -2 -1 -1 0 -2 -1 -1 0 -2 0 -1 -1 -2 -2 -1
0.00466006553968472 -0.583764612880208 -0.0735127613533854 -0.0658273292770132 1.14224774270319 -1 0 2 0 2 2 0 0 0 0 1 1 1 2 1 0 2 2 1 0 2 1 1 0 2 1 0 0 1 1 1 0 -2 0 -2 -2 0 0 0 0 -1 -1 -1 -2 -1 0 -2 -2 -1 0 -2 -1 -1 0 -2 -1 0 0 -1 -1 -1
2.39601046318424 -1.0428524085951 0.161871483496087 -0.0261735341309748 0.62053140409203 -1 1 0 0 2 2 0 0 0 0 0 0 0 1 1 0 1 2 2 0 2 2 1 0 2 1 0 0 1 2 2 -1 0 0 -2 -2 0 0 0 0 0 0 0 -1 -1 0 -1 -2 -2 0 -2 -2 -1 0 -2 -1 0 0 -1 -2 -2
2.13742123698276 -0.546506748743846 -0.622563318659232 -0.0543202993641413 0.658322873149444 -1 1 1 1 2 2 0 0 1 0 1 0 0 1 1 0 2 2 2 1 2 0 0 0 1 1 1 0 0 1 1 -1 -1 -1 -2 -2 0 0 -1 0 -1 0 0 -1 -1 0 -2 -2 -2 -1 -2 0 0 0 -1 -1 -1 0 0 -1 -1
-0.152711939012692 1.57660398164042 -0.863204523141576 0.283950132415941 -2.35446883242979 -1 0 0 0 2 2 0 1 1 1 1 0 0 2 2 0 0 0 2 2 2 1 1 0 1 0 1 0 2 1 1 0 0 0 -2 -2 0 -1 -1 -1 -1 0 0 -2 -2 0 0 0 -2 -2 -2 -1 -1 0 -1 0 -1 0 -2 -1 -1
0.114173790596691 0.443099556903938 1.26400523074692 0.809160943721598 -0.578791660406679 1 1 1 1 2 2 0 0 0 1 2 2 1 2 2 0 1 2 2 1 2 1 2 0 1 1 0 1 2 1 2 1 1 1 2 2 0 0 0 1 2 2 1 2 2 0 1 2 2 1 2 1 2 0 1 1 0 1 2 1 2
