1.50937704947981 -0.251784145792312 -2.12965036570589 0.117629191070008 2.90046865377796 1 0 0 2 0 1 1 0 2 2 0 0 2 2 0 2 0 2 1 1 2 1 1 0 0 1 2 2 0 2 1 0 0 2 0 1 1 0 2 2 0 0 2 2 0 2 0 2 1 1 2 1 1 0 0 1 2 2 0 2 1
-2.17976059599616 -0.196880009164584 1.08842233794904 -0.294916933554658 -0.0768967131492841 -1 0 0 2 0 0 1 1 1 1 0 0 0 0 0 1 0 2 0 1 0 0 2 2 2 2 2 1 0 2 1 0 0 -2 0 0 -1 -1 -1 -1 0 0 0 0 0 -1 0 -2 0 -1 0 0 -2 -2 -2 -2 -2 -1 0 -2 -1
1.02212595398955 1.04903512386694 0.0810255858814927 -0.0541272603777016 1.328660274492 -1 0 2 2 1 1 2 2 2 2 0 0 1 1 0 2 1 2 1 0 0 0 2 2 0 1 1 0 0 2 1 0 -2 -2 -1 -1 -2 -2 -2 -2 0 0 -1 -1 0 -2 -1 -2 -1 0 0 0 -2 -2 0 -1 -1 0 0 -2 -1
-0.203519587701907 0.231974325766339 -0.564351882528164 -0.441043434291405 0.427404740221156 -1 0 0 2 1 0 1 1 2 0 0 0 0 1 0 0 0 0 0 0 1 1 1 0 1 2 2 1 0 2 1 0 0 -2 -1 0 -1 -1 -2 0 0 0 0 -1 0 0 0 0 0 0 -1 -1 -1 0 -1 -2 -2 -1 0 -2 -1
0.837932919013899 0.107099228581429 -1.45184049114284 -0.0902915999915264 1.5898031103998 -1 0 0 2 0 0 1 1 2 0 0 0 1 0 0 2 1 2 0 0 0 1 2 2 0 2 2 1 0 1 0 0 0 -2 0 0 -1 -1 -2 0 0 0 -1 0 0 -2 -1 -2 0 0 0 -1 -2 -2 0 -2 -2 -1 0 -1 0
-0.140719774761774 -0.839130881673726 0.467765255505661 -0.949716625740278 0.628116998187634 1 0 1 2 0 0 1 0 2 1 0 0 0 1 0 2 1 2 1 1 1 1 1 1 0 0 1 1 0 2 1 0 1 2 0 0 1 0 2 1 0 0 0 1 0 2 1 2 1 1 1 1 1 1 0 0 1 1 0 2 1
0.544318817358331 0.533777644055609 -0.98932463863685 -0.617485616634642 0.381146429744581 -1 0 0 2 0 0 1 1 2 0 0 0 0 1 2 2 2 2 0 1 1 0 2 2 2 2 2 1 0 2 2 0 0 -2 0 0 -1 -1 -2 0 0 0 0 -1 -2 -2 -2 -2 0 -1 -1 0 -2 -2 -2 -2 -2 -1 0 -2 -2
0.176894630764805 0.977178136411129 1.36982361263328 -1.0983452477452 0.911171147243304 -1 1 1 2 0 1 2 1 2 1 0 0 1 1 0 2 1 1 0 2 1 1 2 2 1 1 1 0 0 1 1 -1 -1 -2 0 -1 -2 -1 -2 -1 0 0 -1 -1 0 -2 -1 -1 0 -2 -1 -1 -2 -2 -1 -1 -1 0 0 -1 -1
-0.568628785201094 0.294419741493122 0.116787501060769 -1.7129502262405 0.487553445492153 1 1 1 2 0 0 1 2 2 1 0 0 0 0 0 1 1 1 0 0 1 2 2 1 0 2 1 2 0 2 2 1 1 2 0 0 1 2 2 1 0 0 0 0 0 1 1 1 0 0 1 2 2 1 0 2 1 2 0 2 2
-0.161086413693021 1.72396211257587 -1.30642743208037 -0.236557500994048 1.49604587778662 1 0 1 2 1 1 1 2 2 0 0 0 1 1 0 2 2 2 1 1 1 0 2 2 0 1 1 0 0 1 0 0 1 2 1 1 1 2 2 0 0 0 1 1 0 2 2 2 1 1 1 0 2 2 0 1 1 0 0 1 0
-1.17765011694662 0.0871719832886269 -1.76018877157531 -0.856891906913659 0.227722934902902 1 0 0 2 0 0 1 1 2 1 0 0 0 0 0 2 1 2 1 1 1 1 2 1 0 1 2 1 0 2 2 0 0 2 0 0 1 1 2 1 0 0 0 0 0 2 1 2 1 1 1 1 2 1 0 1 2 1 0 2 2
-0.401494356069814 0.127474261472215 0.524323436966798 -0.375936952414458 -0.304716375210159 -1 0 0 2 1 1 2 1 2 0 0 0 1 1 0 1 0 2 0 1 1 1 2 1 2 1 2 1 0 2 1 0 0 -2 -1 -1 -2 -1 -2 0 0 0 -1 -1 0 -1 0 -2 0 -1 -1 -1 -2 -1 -2 -1 -2 -1 0 -2 -1
-0.0464254232145526 -1.12574969098884 0.538696084282997 -0.868506230611856 -0.975565541015185 -1 0 0 2 0 0 1 1 2 2 0 0 2 2 1 2 2 2 1 1 2 1 2 1 0 0 2 1 0 1 0 0 0 -2 0 0 -1 -1 -2 -2 0 0 -2 -2 -1 -2 -2 -2 -1 -1 -2 -1 -2 -1 0 0 -2 -1 0 -1 0
1.16458179634901 -1.11834432095252 0.310539390212003 -0.969760900461961 -0.0591482508316998 1 0 0 1 0 0 0 1 2 0 0 0 1 1 0 2 1 2 0 0 0 1 2 2 0 1 1 0 0 0 0 0 0 1 0 0 0 1 2 0 0 0 1 1 0 2 1 2 0 0 0 1 2 2 0 1 1 0 0 0 0
0.339387343193608 1.08648651680419 0.135638423781674 -0.973875077146246 0.0587840935265942 -1 0 1 2 2 2 1 2 2 0 0 0 1 1 1 2 1 2 2 1 0 0 2 2 2 2 2 1 1 2 2 0 -1 -2 -2 -2 -1 -2 -2 0 0 0 -1 -1 -1 -2 -1 -2 -2 -1 0 0 -2 -2 -2 -2 -2 -1 -1 -2 -2
0.557565337452764 -0.372048392883463 -0.283186182892437 0.894224629942309 -1.46401035250964 1 0 0 2 1 1 0 0 2 2 0 0 1 1 0 2 1 1 0 1 1 1 2 2 1 1 1 0 0 1 0 0 0 2 1 1 0 0 2 2 0 0 1 1 0 2 1 1 0 1 1 1 2 2 1 1 1 0 0 1 0
1.93213053521536 -0.135939533161604 -2.00041025209304 0.0460518785296619 -0.094921418958661 1 0 0 2 0 0 1 1 2 1 0 0 1 2 1 2 0 1 0 2 1 0 1 2 0 1 2 1 0 2 1 0 0 2 0 0 1 1 2 1 0 0 1 2 1 2 0 1 0 2 1 0 1 2 0 1 2 1 0 2 1
-0.410789058151048 0.53206460186875 0.246464759846807 -1.38405272302543 -1.50432421271509 1 0 1 2 0 0 1 0 2 1 0 0 1 1 0 2 1 2 1 2 1 1 2 1 1 0 1 0 0 1 0 0 1 2 0 0 1 0 2 1 0 0 1 1 0 2 1 2 1 2 1 1 2 1 1 0 1 0 0 1 0
0.476399989134289 -0.215978622979129 -0.459075875396769 -0.692983024425947 -0.418244827612372 -1 0 0 2 2 2 1 1 2 1 0 0 1 1 0 2 1 1 0 1 0 0 2 2 2 2 2 1 0 2 1 0 0 -2 -2 -2 -1 -1 -2 -1 0 0 -1 -1 0 -2 -1 -1 0 -1 0 0 -2 -2 -2 -2 -2 -1 0 -2 -1
0.136660093325831 -0.0787640302278017 -0.0593159134277026 1.3097288157017 0.200019593165033 -1 0 0 2 0 1 1 2 2 1 0 0 1 1 0 1 0 1 0 1 1 1 2 1 0 2 2 0 0 2 1 0 0 -2 0 -1 -1 -2 -2 -1 0 0 -1 -1 0 -1 0 -1 0 -1 -1 -1 -2 -1 0 -2 -2 0 0 -2 -1
-1.11482753377492 -0.751229375583834 -0.974046712350114 -0.195831335198363 -0.537339223714679 -1 0 0 2 0 0 1 2 2 2 1 0 1 1 0 2 1 2 2 1 0 0 1 0 0 1 1 0 0 0 0 0 0 -2 0 0 -1 -2 -2 -2 -1 0 -1 -1 0 -2 -1 -2 -2 -1 0 0 -1 0 0 -1 -1 0 0 0 0
0.592368608132517 -0.641359942772829 1.33804510353969 -0.721476471598774 0.938710056995784 -1 0 0 2 0 1 0 0 2 2 0 0 0 0 0 2 0 1 0 1 1 0 2 2 1 1 2 1 0 2 0 0 0 -2 0 -1 0 0 -2 -2 0 0 0 0 0 -2 0 -1 0 -1 -1 0 -2 -2 -1 -1 -2 -1 0 -2 0
0.297724509766365 0.0238981691261166 -0.0641349624325094 -1.02670554333687 -1.13874865984304 -1 0 0 2 0 1 2 2 2 1 0 0 2 1 1 2 0 2 1 2 1 1 2 2 0 1 2 1 0 1 0 0 0 -2 0 -1 -2 -2 -2 -1 0 0 -2 -1 -1 -2 0 -2 -1 -2 -1 -1 -2 -2 0 -1 -2 -1 0 -1 0
0.0583397272587859 0.569998901129162 -0.114121611736458 0.51506209936941 0.212362544131845 -1 0 0 1 0 0 1 1 2 0 0 0 0 1 0 1 0 1 0 1 1 1 2 2 2 2 2 0 0 2 2 0 0 -1 0 0 -1 -1 -2 0 0 0 0 -1 0 -1 0 -1 0 -1 -1 -1 -2 -2 -2 -2 -2 0 0 -2 -2
1.32968975035583 -0.716794117734506 1.87231385692536 -0.0849992727491723 -0.188836739379227 1 0 1 2 0 0 0 1 2 1 0 0 0 1 1 2 1 2 0 0 0 1 2 2 2 1 2 1 0 1 1 0 1 2 0 0 0 1 2 1 0 0 0 1 1 2 1 2 0 0 0 1 2 2 2 1 2 1 0 1 1
1.55696184154714 0.989589266134878 -0.924477412545859 -0.701745749895761 -1.28398609589006 -1 0 0 2 0 0 0 0 2 2 0 0 0 1 0 1 0 2 0 2 0 0 1 1 0 1 1 1 0 1 0 0 0 -2 0 0 0 0 -2 -2 0 0 0 -1 0 -1 0 -2 0 -2 0 0 -1 -1 0 -1 -1 -1 0 -1 0
0.0347269240282745 0.651570193297847 1.20813470102276 -0.779244216033681 0.43688624894405 1 0 1 2 1 2 2 0 2 0 0 0 0 0 0 1 0 1 1 1 0 0 2 2 2 2 2 0 0 1 1 0 1 2 1 2 2 0 2 0 0 0 0 0 0 1 0 1 1 1 0 0 2 2 2 2 2 0 0 1 1
1.62109371388339 -0.547602722526257 -0.14593715327927 0.0264198298417295 0.991785132261702 -1 0 0 2 0 1 0 0 2 2 0 0 1 1 0 1 1 2 1 0 2 1 2 1 2 1 2 1 0 2 1 0 0 -2 0 -1 0 0 -2 -2 0 0 -1 -1 0 -1 -1 -2 -1 0 -2 -1 -2 -1 -2 -1 -2 -1 0 -2 -1
0.826651845097179 -1.07738705194825 1.39926459451795 0.148584705440161 -0.0592973786062508 1 0 0 2 0 0 1 0 2 1 0 0 2 1 0 1 0 2 0 0 0 0 1 1 1 2 2 2 0 2 1 0 0 2 0 0 1 0 2 1 0 0 2 1 0 1 0 2 0 0 0 0 1 1 1 2 2 2 0 2 1
0.967456872791759 -1.29819807708602 0.0263288339779383 0.562768784819666 0.023286084699063 -1 0 0 2 1 1 2 2 2 1 0 0 0 1 0 0 0 2 1 1 0 0 2 1 0 0 1 0 0 2 1 0 0 -2 -1 -1 -2 -2 -2 -1 0 0 0 -1 0 0 0 -2 -1 -1 0 0 -2 -1 0 0 -1 0 0 -2 -1
0.163068101162934 -2.03115704722549 -1.02579686207754 0.156809787853477 0.0262448435663765 1 0 0 2 0 0 1 0 2 2 0 0 1 1 0 1 1 2 0 1 0 0 2 2 1 2 2 2 0 2 1 0 0 2 0 0 1 0 2 2 0 0 1 1 0 1 1 2 0 1 0 0 2 2 1 2 2 2 0 2 1
-0.209300854292907 -1.64036884068618 1.88069354081984 -1.87900685571331 -0.769793516184069 -1 0 0 2 0 1 1 1 2 0 0 0 1 2 0 2 1 2 1 0 0 1 2 1 1 0 2 1 0 1 1 0 0 -2 0 -1 -1 -1 -2 0 0 0 -1 -2 0 -2 -1 -2 -1 0 0 -1 -2 -1 -1 0 -2 -1 0 -1 -1
-0.0850478686645738 -0.117094339041889 -2.9933231739852 1.84813615102164 -0.500626280723208 1 0 0 2 1 1 2 2 2 1 0 0 0 1 0 2 1 2 0 0 2 1 2 2 1 1 2 1 1 2 1 0 0 2 1 1 2 2 2 1 0 0 0 1 0 2 1 2 0 0 2 1 2 2 1 1 2 1 1 2 1
1.4031469558013 0.133118328867319 1.09747788859393 -0.253635400197405 -0.261435329571956 -1 0 1 2 1 0 1 2 2 0 0 0 1 0 1 2 0 1 0 0 0 0 2 1 0 2 2 2 0 2 0 0 -1 -2 -1 0 -1 -2 -2 0 0 0 -1 0 -1 -2 0 -1 0 0 0 0 -2 -1 0 -2 -2 -2 0 -2 0
-0.336128626889121 0.17796068564355 -1.47475169834814 -1.93058592779145 0.518124362686752 1 0 0 2 1 2 1 1 2 2 0 0 0 0 0 2 1 2 1 1 1 1 2 1 0 1 2 2 0 2 2 0 0 2 1 2 1 1 2 2 0 0 0 0 0 2 1 2 1 1 1 1 2 1 0 1 2 2 0 2 2
0.362431921525437 0.884160608799818 -1.39445751214217 -1.41239592280604 -0.112641845813393 -1 0 1 2 1 1 1 2 2 1 0 0 0 0 0 1 0 1 0 0 0 0 2 2 0 1 2 1 0 2 1 0 -1 -2 -1 -1 -1 -2 -2 -1 0 0 0 0 0 -1 0 -1 0 0 0 0 -2 -2 0 -1 -2 -1 0 -2 -1
-0.850868068405389 -0.527629486681696 0.163303158472598 -0.385345792431796 -0.490460323535335 1 0 0 2 0 1 0 1 2 2 0 0 1 1 0 2 1 2 1 1 2 1 2 2 1 0 1 0 0 1 0 0 0 2 0 1 0 1 2 2 0 0 1 1 0 2 1 2 1 1 2 1 2 2 1 0 1 0 0 1 0
0.364114551634411 0.0011148475789857 0.774206392483975 -0.0832688863314296 0.49954713721928 1 1 0 2 0 0 2 1 2 0 0 0 1 0 1 1 1 2 1 1 1 1 2 1 0 1 2 1 0 2 0 1 0 2 0 0 2 1 2 0 0 0 1 0 1 1 1 2 1 1 1 1 2 1 0 1 2 1 0 2 0
-3.04801726054191 0.674100728266007 1.36198290176344 2.00249881292623 0.448647306185658 -1 0 0 2 0 1 2 1 2 1 0 0 1 1 1 1 1 2 2 1 2 2 2 0 0 2 2 1 0 2 1 0 0 -2 0 -1 -2 -1 -2 -1 0 0 -1 -1 -1 -1 -1 -2 -2 -1 -2 -2 -2 0 0 -2 -2 -1 0 -2 -1
-1.04309994586068 1.49029749659622 -0.120805135366141 0.653535434360316 0.235630116336654 1 0 0 2 0 0 0 0 2 1 0 0 1 1 0 0 0 2 1 2 0 1 2 1 0 2 2 1 0 2 0 0 0 2 0 0 0 0 2 1 0 0 1 1 0 0 0 2 1 2 0 1 2 1 0 2 2 1 0 2 0
-1.41262513068762 0.399195470940716 -2.01883669931125 0.0309061652086387 -0.193217994702137 -1 0 0 1 0 0 2 1 2 1 0 0 1 2 1 1 0 2 0 1 2 0 2 2 1 1 2 1 0 2 2 0 0 -1 0 0 -2 -1 -2 -1 0 0 -1 -2 -1 -1 0 -2 0 -1 -2 0 -2 -2 -1 -1 -2 -1 0 -2 -2
0.328900699343822 -0.658550379915975 0.774818372071298 1.83730496514425 -2.57677768388681 1 0 0 2 1 1 0 0 2 1 0 0 2 2 0 2 2 2 1 0 1 1 2 1 0 2 2 2 0 2 1 0 0 2 1 1 0 0 2 1 0 0 2 2 0 2 2 2 1 0 1 1 2 1 0 2 2 2 0 2 1
0.0209744749326331 1.80383737927519 -0.739476343157128 -0.746199748558436 -1.78095201808852 1 1 1 2 0 1 2 1 2 0 0 0 0 1 0 1 1 2 0 1 1 1 2 2 2 2 2 0 0 2 2 1 1 2 0 1 2 1 2 0 0 0 0 1 0 1 1 2 0 1 1 1 2 2 2 2 2 0 0 2 2
1.2673516749802 1.05949109844524 -2.73746525764656 -0.449133178979108 -1.3848465739336 -1 0 0 2 0 1 1 0 2 2 0 0 1 1 0 2 1 2 0 0 0 0 1 1 1 2 2 0 0 2 2 0 0 -2 0 -1 -1 0 -2 -2 0 0 -1 -1 0 -2 -1 -2 0 0 0 0 -1 -1 -1 -2 -2 0 0 -2 -2
0.67882185942003 0.451356350090002 1.8079880974667 0.115508148505277 -0.637825917160829 1 0 1 2 1 2 2 2 2 1 0 0 1 0 0 2 1 2 1 0 0 1 2 2 1 0 1 2 0 0 0 0 1 2 1 2 2 2 2 1 0 0 1 0 0 2 1 2 1 0 0 1 2 2 1 0 1 2 0 0 0
0.848689164194335 -1.01031100108972 -1.934699692616 0.178436495283922 -1.66011520535066 -1 0 0 2 0 0 0 1 2 1 0 0 1 1 0 2 1 1 1 0 0 0 2 1 0 1 2 1 0 2 1 0 0 -2 0 0 0 -1 -2 -1 0 0 -1 -1 0 -2 -1 -1 -1 0 0 0 -2 -1 0 -1 -2 -1 0 -2 -1
0.40959187583263 -0.0222707386837583 0.832379008476258 0.905343563454311 -0.708906277454577 1 0 1 2 0 0 0 1 2 0 0 0 2 0 0 2 0 1 0 1 1 1 2 2 0 2 1 0 0 2 0 0 1 2 0 0 0 1 2 0 0 0 2 0 0 2 0 1 0 1 1 1 2 2 0 2 1 0 0 2 0
-0.114374683833885 0.0563371402131183 -0.464516447428853 -0.708412705262308 -1.29671105581008 -1 0 0 2 0 0 2 0 2 1 0 0 0 0 2 2 1 2 0 1 2 1 2 2 1 0 1 0 0 2 0 0 0 -2 0 0 -2 0 -2 -1 0 0 0 0 -2 -2 -1 -2 0 -1 -2 -1 -2 -2 -1 0 -1 0 0 -2 0
-0.784341315921574 0.150364946709989 -0.998406758080012 1.08542265183426 0.318997944605241 1 0 1 2 1 1 0 0 2 1 0 0 1 2 1 2 1 1 0 1 1 0 2 1 0 1 2 1 0 2 2 0 1 2 1 1 0 0 2 1 0 0 1 2 1 2 1 1 0 1 1 0 2 1 0 1 2 1 0 2 2
-0.970677421570672 0.254848624579133 0.616212609386092 -0.237663117526085 -0.983820910773295 1 0 0 2 0 0 1 1 2 1 0 0 0 1 0 0 0 2 0 0 1 1 2 2 1 2 2 1 0 1 0 0 0 2 0 0 1 1 2 1 0 0 0 1 0 0 0 2 0 0 1 1 2 2 1 2 2 1 0 1 0
-1.06614512897763 -1.24452771644462 -0.7566462196865 -1.04808144252317 -0.618925695201506 1 0 1 2 0 0 0 1 2 2 0 1 1 0 0 1 0 2 0 1 1 1 2 2 2 2 2 1 0 2 1 0 1 2 0 0 0 1 2 2 0 1 1 0 0 1 0 2 0 1 1 1 2 2 2 2 2 1 0 2 1
0.633696578442186 -0.618129784971509 -0.692931015075168 0.977847888815404 -1.31794338766248 1 0 0 2 0 0 1 1 2 2 0 0 1 1 0 2 0 2 1 0 0 1 2 2 0 0 1 0 0 1 0 0 0 2 0 0 1 1 2 2 0 0 1 1 0 2 0 2 1 0 0 1 2 2 0 0 1 0 0 1 0
0.166562023297509 0.683574375679588 -0.0203746178487617 -1.43162049700766 -0.568177729956184 -1 0 1 2 1 2 2 2 2 1 0 0 2 1 0 2 1 2 1 0 1 1 2 1 0 0 1 0 0 2 0 0 -1 -2 -1 -2 -2 -2 -2 -1 0 0 -2 -1 0 -2 -1 -2 -1 0 -1 -1 -2 -1 0 0 -1 0 0 -2 0
0.534785915385707 -0.534598193936899 -1.42955224705625 0.311741909136451 -0.203719733435356 -1 0 0 2 0 1 1 1 2 2 1 2 2 0 0 1 1 2 1 1 1 1 2 2 0 1 2 1 0 2 1 0 0 -2 0 -1 -1 -1 -2 -2 -1 -2 -2 0 0 -1 -1 -2 -1 -1 -1 -1 -2 -2 0 -1 -2 -1 0 -2 -1
-1.04612191832461 0.321994240843623 -1.12786614881276 -1.13244902648283 -2.57089081220619 1 0 0 2 0 0 0 1 2 1 0 0 2 0 0 1 1 2 0 1 0 0 2 2 0 1 2 0 0 2 1 0 0 2 0 0 0 1 2 1 0 0 2 0 0 1 1 2 0 1 0 0 2 2 0 1 2 0 0 2 1
1.32339319762709 0.0590290909121132 2.77762498195695 0.825438679108876 -0.139932800799459 1 0 0 2 0 1 1 1 2 2 0 0 1 1 0 2 1 2 1 0 0 0 2 1 0 1 1 1 0 2 1 0 0 2 0 1 1 1 2 2 0 0 1 1 0 2 1 2 1 0 0 0 2 1 0 1 1 1 0 2 1
-1.97375446021535 -0.425827786343704 1.35632648361369 0.0922347151086505 0.243358449229506 1 0 0 2 0 0 1 1 2 1 0 0 0 1 0 2 0 2 1 1 0 0 2 1 1 2 2 1 0 1 1 0 0 2 0 0 1 1 2 1 0 0 0 1 0 2 0 2 1 1 0 0 2 1 1 2 2 1 0 1 1
-1.80232601208011 0.118545773651462 0.568239402778198 0.213275375494285 -1.26743421018111 -1 0 0 2 1 1 2 1 2 1 0 0 1 0 0 2 1 2 0 0 0 1 0 1 0 1 2 1 0 2 1 0 0 -2 -1 -1 -2 -1 -2 -1 0 0 -1 0 0 -2 -1 -2 0 0 0 -1 0 -1 0 -1 -2 -1 0 -2 -1
-0.68572143237022 -2.12417748335932 3.66902256475773 -0.0639979911730624 0.790848441028034 -1 0 0 2 0 0 0 1 2 2 0 0 0 0 1 2 2 2 2 0 0 0 2 2 2 0 1 1 0 2 0 0 0 -2 0 0 0 -1 -2 -2 0 0 0 0 -1 -2 -2 -2 -2 0 0 0 -2 -2 -2 0 -1 -1 0 -2 0
0.238923164803088 -0.26277210533275 1.12966101255281 -1.1407284814444 -0.848853013132392 -1 0 0 2 1 2 1 2 2 1 0 0 1 2 0 2 1 1 0 0 0 1 2 2 0 2 2 1 0 2 0 0 0 -2 -1 -2 -1 -2 -2 -1 0 0 -1 -2 0 -2 -1 -1 0 0 0 -1 -2 -2 0 -2 -2 -1 0 -2 0
0.589823669541992 1.34463925579749 0.616779978421908 0.128332480718593 1.17619478631056 1 0 1 2 0 1 2 2 2 2 0 0 0 0 0 2 1 2 0 1 1 2 2 2 1 2 1 1 0 2 1 0 1 2 0 1 2 2 2 2 0 0 0 0 0 2 1 2 0 1 1 2 2 2 1 2 1 1 0 2 1
-0.24845682572263 -0.432026042009361 -0.934527593480196 1.4796801034252 0.364252458524062 1 0 0 2 0 1 1 0 2 2 0 0 1 0 0 2 2 2 0 0 0 1 1 2 1 2 2 2 1 2 1 0 0 2 0 1 1 0 2 2 0 0 1 0 0 2 2 2 0 0 0 1 1 2 1 2 2 2 1 2 1
0.436397059432748 1.55185128333267 0.160466875049521 0.599017957760575 0.79442392914619 1 0 0 2 0 1 2 2 2 1 0 0 1 0 0 1 0 2 0 1 1 1 2 2 0 2 2 2 0 1 1 0 0 2 0 1 2 2 2 1 0 0 1 0 0 1 0 2 0 1 1 1 2 2 0 2 2 2 0 1 1
-0.28361416793337 -1.04150694577503 -0.148290819508696 -0.84915294331313 1.61254084317839 1 0 0 2 0 0 0 1 2 2 0 0 1 0 0 1 0 2 1 0 0 0 2 1 0 0 0 0 0 2 0 0 0 2 0 0 0 1 2 2 0 0 1 0 0 1 0 2 1 0 0 0 2 1 0 0 0 0 0 2 0
1.3784817602344 0.167441829515219 0.696930474616101 -0.0551349557724595 0.592675234043366 1 0 1 2 1 0 0 1 2 1 0 0 1 2 0 2 1 2 0 2 0 2 1 1 1 1 2 1 0 2 2 0 1 2 1 0 0 1 2 1 0 0 1 2 0 2 1 2 0 2 0 2 1 1 1 1 2 1 0 2 2
-0.544477769662523 1.74603542067287 1.54746460277595 -0.847996618311503 -1.01093844755798 1 0 0 1 0 0 0 0 2 1 0 0 1 0 0 1 1 2 1 0 0 1 1 1 1 1 1 0 0 1 0 0 0 1 0 0 0 0 2 1 0 0 1 0 0 1 1 2 1 0 0 1 1 1 1 1 1 0 0 1 0
-0.0803443103095523 -0.48870961920541 0.622480258960988 0.883255689780014 -0.517383891823191 1 0 0 2 0 0 1 2 2 0 0 0 0 1 0 2 0 2 1 1 1 1 2 2 1 1 1 1 0 2 1 0 0 2 0 0 1 2 2 0 0 0 0 1 0 2 0 2 1 1 1 1 2 2 1 1 1 1 0 2 1
-0.44117038159057 -0.588304627246428 -1.50452739595421 -0.637071155012337 -1.84845217858001 1 0 0 2 0 1 1 0 2 2 0 0 0 1 0 2 0 2 0 0 0 0 2 2 1 1 2 0 0 2 0 0 0 2 0 1 1 0 2 2 0 0 0 1 0 2 0 2 0 0 0 0 2 2 1 1 2 0 0 2 0
0.607798038697512 -0.849545459633416 0.61469160074212 0.201130990493885 1.34515965362178 -1 0 0 2 0 1 1 1 2 2 0 0 1 1 0 2 0 1 0 2 1 0 2 2 1 1 2 1 0 1 0 0 0 -2 0 -1 -1 -1 -2 -2 0 0 -1 -1 0 -2 0 -1 0 -2 -1 0 -2 -2 -1 -1 -2 -1 0 -1 0
0.395212165102208 1.1108154968086 -0.487945015641166 -1.15893488134494 -0.527309770025114 1 0 0 1 0 0 0 0 2 1 0 0 0 0 0 1 0 0 0 0 0 2 2 2 1 1 1 0 0 1 1 0 0 1 0 0 0 0 2 1 0 0 0 0 0 1 0 0 0 0 0 2 2 2 1 1 1 0 0 1 1
-0.714710645637519 -0.489347115481732 2.30472851926978 0.719986153620733 -1.20244788359821 -1 0 0 2 0 0 0 0 2 0 0 0 1 1 0 2 1 2 1 1 0 0 1 1 1 1 1 0 0 1 1 0 0 -2 0 0 0 0 -2 0 0 0 -1 -1 0 -2 -1 -2 -1 -1 0 0 -1 -1 -1 -1 -1 0 0 -1 -1
0.0304094264998893 0.470926215801344 -1.71439332474974 0.630140705570029 -1.53219345660508 -1 0 0 2 0 2 1 1 2 2 0 0 0 2 1 2 1 2 1 1 1 1 2 2 2 2 2 1 0 2 1 0 0 -2 0 -2 -1 -1 -2 -2 0 0 0 -2 -1 -2 -1 -2 -1 -1 -1 -1 -2 -2 -2 -2 -2 -1 0 -2 -1
0.482376721437129 0.816828721771028 0.726255802109657 2.4614426196731 -0.77818554077823 -1 0 0 1 0 0 1 0 2 1 0 0 1 2 0 2 1 2 1 0 0 1 2 1 1 1 1 0 0 0 0 0 0 -1 0 0 -1 0 -2 -1 0 0 -1 -2 0 -2 -1 -2 -1 0 0 -1 -2 -1 -1 -1 -1 0 0 0 0
-0.0488791626933575 1.7489220719075 -0.160784423078385 -0.225471951031594 -0.376414287738421 -1 0 0 2 1 1 2 2 2 2 0 0 1 1 0 1 1 2 0 1 1 1 2 1 0 2 2 1 0 2 1 0 0 -2 -1 -1 -2 -2 -2 -2 0 0 -1 -1 0 -1 -1 -2 0 -1 -1 -1 -2 -1 0 -2 -2 -1 0 -2 -1
0.804501348492485 -0.494663385121228 1.87651449678008 -0.198500143095316 -1.42464617331552 1 0 0 1 0 1 1 0 1 1 0 0 1 1 0 2 1 2 1 2 2 1 1 1 1 1 1 0 0 1 0 0 0 1 0 1 1 0 1 1 0 0 1 1 0 2 1 2 1 2 2 1 1 1 1 1 1 0 0 1 0
0.280547216310939 0.283893687822587 0.839553807698675 -0.942594242443564 -0.888979975084198 1 0 0 1 0 1 1 1 2 2 0 0 0 1 0 2 2 2 1 0 0 0 2 2 1 2 2 1 0 2 1 0 0 1 0 1 1 1 2 2 0 0 0 1 0 2 2 2 1 0 0 0 2 2 1 2 2 1 0 2 1
0.377056512197344 0.622555618880049 -1.23713313728968 0.346293165756581 0.260837704468071 1 0 0 2 0 1 0 1 2 1 0 0 1 2 0 1 0 2 1 2 1 2 2 2 1 2 2 1 0 2 2 0 0 2 0 1 0 1 2 1 0 0 1 2 0 1 0 2 1 2 1 2 2 2 1 2 2 1 0 2 2
0.417559252229369 0.291645231087157 -0.2823179908574 0.0751032145204411 1.32259373579303 1 0 0 2 0 0 0 1 2 1 0 0 2 1 0 0 0 2 1 2 2 2 2 2 1 1 1 1 0 2 1 0 0 2 0 0 0 1 2 1 0 0 2 1 0 0 0 2 1 2 2 2 2 2 1 1 1 1 0 2 1
1.7592724973788 -0.621441848654247 1.46716162916148 -1.73981299145396 1.30666851056486 -1 0 0 2 0 2 2 2 2 1 0 0 2 0 0 2 0 2 1 1 1 0 2 2 0 0 2 1 0 1 0 0 0 -2 0 -2 -2 -2 -2 -1 0 0 -2 0 0 -2 0 -2 -1 -1 -1 0 -2 -2 0 0 -2 -1 0 -1 0
0.907683744422817 1.05851803093807 1.07408493952946 -0.814116898895945 0.613121589146111 -1 0 0 2 0 1 1 1 2 1 0 0 2 0 0 2 0 2 0 1 0 0 2 2 0 2 2 2 0 2 0 0 0 -2 0 -1 -1 -1 -2 -1 0 0 -2 0 0 -2 0 -2 0 -1 0 0 -2 -2 0 -2 -2 -2 0 -2 0
0.505451504262466 -0.837672226457404 2.01106093802228 -0.78306956846104 0.873250861881812 1 0 0 2 0 2 1 1 2 1 0 0 2 1 1 2 1 2 0 1 0 1 1 2 2 2 2 1 0 2 2 0 0 2 0 2 1 1 2 1 0 0 2 1 1 2 1 2 0 1 0 1 1 2 2 2 2 1 0 2 2
-0.457343495948435 -0.958494107073127 -0.167384610628285 -0.449802150077627 -0.915905899085398 -1 0 0 2 0 1 0 1 2 1 0 0 1 0 1 2 2 2 0 0 0 1 2 1 1 1 1 0 0 2 1 0 0 -2 0 -1 0 -1 -2 -1 0 0 -1 0 -1 -2 -2 -2 0 0 0 -1 -2 -1 -1 -1 -1 0 0 -2 -1
0.682437461785255 0.345127065918232 1.18498940530036 0.327813878647136 2.25190796604226 1 0 1 2 0 1 2 2 2 1 0 0 1 2 0 2 0 1 1 1 0 2 2 2 0 1 2 0 0 1 0 0 1 2 0 1 2 2 2 1 0 0 1 2 0 2 0 1 1 1 0 2 2 2 0 1 2 0 0 1 0
-0.570217123817829 -0.938782360566846 -0.0022678700716618 -0.321567123827544 -0.316700380457366 1 0 0 2 0 0 1 0 2 1 0 0 0 0 2 1 1 1 1 1 1 0 2 1 1 0 1 0 0 1 0 0 0 2 0 0 1 0 2 1 0 0 0 0 2 1 1 1 1 1 1 0 2 1 1 0 1 0 0 1 0
0.401378001772855 0.516774198655638 0.77750151104682 -3.24520326187135 -0.761754951719323 1 0 0 2 0 0 1 1 2 1 0 0 1 1 0 2 0 2 0 0 0 0 2 0 0 1 2 0 0 1 0 0 0 2 0 0 1 1 2 1 0 0 1 1 0 2 0 2 0 0 0 0 2 0 0 1 2 0 0 1 0
-1.45571375175061 -0.870734593635705 1.07323728047995 0.476640714600858 -0.517245934434622 -1 0 0 2 0 1 1 1 2 1 0 0 1 1 1 2 0 1 0 1 1 1 2 2 1 1 2 1 0 2 2 0 0 -2 0 -1 -1 -1 -2 -1 0 0 -1 -1 -1 -2 0 -1 0 -1 -1 -1 -2 -2 -1 -1 -2 -1 0 -2 -2
0.984775399667911 -0.0317265568390006 -0.573836990588059 0.775672625362323 1.17209465257594 1 0 0 2 0 2 2 1 2 1 0 0 1 0 0 2 1 2 1 2 2 1 2 2 1 2 2 2 1 2 2 0 0 2 0 2 2 1 2 1 0 0 1 0 0 2 1 2 1 2 2 1 2 2 1 2 2 2 1 2 2
0.354941535190525 -0.475308192040033 0.68235650887497 1.18011836599332 0.175022167952321 1 0 0 2 1 1 1 2 2 2 0 0 0 1 0 2 2 2 1 0 0 0 2 2 0 0 2 1 0 2 2 0 0 2 1 1 1 2 2 2 0 0 0 1 0 2 2 2 1 0 0 0 2 2 0 0 2 1 0 2 2
-0.157774258425374 -0.363382201394625 -1.21651745187084 2.94706680955552 0.709535422230256 -1 0 0 2 0 0 0 0 2 2 0 0 1 1 1 2 0 2 0 1 0 0 2 2 0 2 2 1 0 1 1 0 0 -2 0 0 0 0 -2 -2 0 0 -1 -1 -1 -2 0 -2 0 -1 0 0 -2 -2 0 -2 -2 -1 0 -1 -1
0.431750439746245 -0.0650283580232773 1.52481502267956 1.90155587068725 -2.04474603799606 -1 0 1 2 0 0 0 1 2 1 0 0 0 0 1 2 1 2 0 1 1 1 2 2 0 0 2 1 0 2 0 0 -1 -2 0 0 0 -1 -2 -1 0 0 0 0 -1 -2 -1 -2 0 -1 -1 -1 -2 -2 0 0 -2 -1 0 -2 0
1.43757571915347 0.025626429366237 0.62859450644301 0.267251464095442 1.53076455635293 -1 1 1 2 0 0 0 0 2 1 0 0 1 1 0 2 1 2 1 2 0 1 2 1 1 1 2 1 0 1 0 -1 -1 -2 0 0 0 0 -2 -1 0 0 -1 -1 0 -2 -1 -2 -1 -2 0 -1 -2 -1 -1 -1 -2 -1 0 -1 0
-0.366961869820961 1.09809516525558 -0.844763182165466 -0.108841178548244 0.644625783968713 -1 0 0 2 0 0 1 0 1 1 0 0 0 0 0 1 0 2 0 0 1 2 2 0 0 0 1 1 0 2 2 0 0 -2 0 0 -1 0 -1 -1 0 0 0 0 0 -1 0 -2 0 0 -1 -2 -2 0 0 0 -1 -1 0 -2 -2
-0.388710233981872 -1.29854271347328 -0.535305509289003 0.577541710935838 0.886445221599563 -1 0 0 2 0 0 1 2 2 1 0 0 2 1 0 2 1 2 0 0 0 0 2 1 0 2 2 1 0 2 0 0 0 -2 0 0 -1 -2 -2 -1 0 0 -2 -1 0 -2 -1 -2 0 0 0 0 -2 -1 0 -2 -2 -1 0 -2 0
-0.395372242730274 -0.32016425170766 -0.72619260557651 -2.83330300661987 -0.038383626831403 -1 1 0 2 0 1 1 0 2 2 0 0 1 2 1 2 0 1 0 1 0 0 2 2 1 1 2 1 0 0 0 -1 0 -2 0 -1 -1 0 -2 -2 0 0 -1 -2 -1 -2 0 -1 0 -1 0 0 -2 -2 -1 -1 -2 -1 0 0 0
-0.0558002131244681 -1.78761679672234 -0.207922671506095 0.374123138275335 -1.61357233601284 -1 0 0 2 0 0 1 2 2 1 0 0 2 1 0 2 1 1 1 0 0 1 2 2 1 1 2 1 0 2 0 0 0 -2 0 0 -1 -2 -2 -1 0 0 -2 -1 0 -2 -1 -1 -1 0 0 -1 -2 -2 -1 -1 -2 -1 0 -2 0
-1.07406512354434 -1.84266182618046 0.514076793989665 -1.2752947373436 0.610424074417029 1 0 0 2 1 0 1 1 2 0 0 0 1 1 1 2 2 2 1 0 1 1 1 1 0 2 2 1 0 2 1 0 0 2 1 0 1 1 2 0 0 0 1 1 1 2 2 2 1 0 1 1 1 1 0 2 2 1 0 2 1
1.64219704017494 0.499470255041314 1.10658680414521 0.686720215531078 0.190917036591009 -1 1 1 2 2 2 1 0 2 1 0 0 0 1 0 1 1 2 0 1 0 1 2 2 2 2 2 1 0 2 1 -1 -1 -2 -2 -2 -1 0 -2 -1 0 0 0 -1 0 -1 -1 -2 0 -1 0 -1 -2 -2 -2 -2 -2 -1 0 -2 -1
2.17213092300826 -1.49298574964743 -0.163103426408347 -0.0939649790699111 -0.775259434080482 -1 0 1 2 1 1 1 1 2 1 0 0 2 1 1 2 2 2 0 2 2 2 2 2 1 0 1 0 0 2 1 0 -1 -2 -1 -1 -1 -1 -2 -1 0 0 -2 -1 -1 -2 -2 -2 0 -2 -2 -2 -2 -2 -1 0 -1 0 0 -2 -1
1.29181183083305 1.78572683389654 0.268582829759445 0.825421221755573 1.76479769266954 -1 0 0 1 0 0 1 2 2 0 0 1 1 1 0 1 0 2 0 0 0 1 2 1 1 1 2 1 0 1 1 0 0 -1 0 0 -1 -2 -2 0 0 -1 -1 -1 0 -1 0 -2 0 0 0 -1 -2 -1 -1 -1 -2 -1 0 -1 -1
0.317472334514425 -0.767034230795451 -2.7799634916513 -0.25803069853774 -0.374330563733691 1 0 0 2 0 1 1 0 2 1 0 0 2 1 0 1 1 2 1 0 1 1 2 1 1 1 2 2 0 1 0 0 0 2 0 1 1 0 2 1 0 0 2 1 0 1 1 2 1 0 1 1 2 1 1 1 2 2 0 1 0
