-2.20117031184097 0.898807548643281 -0.167264451261045 -0.285097745953379 -0.655587613292104 1 1 0 0 0 0 0 0 0 2 2 0 1 1 1 1 1 1 0 1 0 0 2 0 1 2 2 1 2 1 1 1 0 0 0 0 0 0 0 2 2 0 1 1 1 1 1 1 0 1 0 0 2 0 1 2 2 1 2 1 1
-0.217672328770873 -1.12575224462542 0.784287201761478 -1.52546824147409 0.671136803920883 -1 0 0 0 0 0 0 1 1 2 2 0 1 1 2 1 1 2 2 1 0 0 2 0 1 1 2 2 1 1 1 0 0 0 0 0 0 -1 -1 -2 -2 0 -1 -1 -2 -1 -1 -2 -2 -1 0 0 -2 0 -1 -1 -2 -2 -1 -1 -1
-1.02965674536416 1.35612697056854 -0.00977031952725158 -0.615528219888024 -0.316657031160941 -1 0 0 0 1 0 0 1 1 2 2 0 0 1 1 2 0 2 1 2 0 1 2 0 1 1 1 2 2 2 2 0 0 0 -1 0 0 -1 -1 -2 -2 0 0 -1 -1 -2 0 -2 -1 -2 0 -1 -2 0 -1 -1 -1 -2 -2 -2 -2
1.92515587170751 1.51411402440805 0.756960167922972 -0.11376115909247 1.00848549749336 -1 1 0 0 1 0 0 2 1 0 1 1 0 0 2 2 2 2 1 1 0 0 2 1 0 2 2 2 2 2 2 -1 0 0 -1 0 0 -2 -1 0 -1 -1 0 0 -2 -2 -2 -2 -1 -1 0 0 -2 -1 0 -2 -2 -2 -2 -2 -2
-0.021765969441786 -0.39009422621825 -0.732588415456829 1.80683623873873 -1.15433946516499 -1 1 0 0 0 0 0 2 0 2 2 0 0 1 1 2 1 1 1 1 1 0 2 0 0 1 1 1 1 1 2 -1 0 0 0 0 0 -2 0 -2 -2 0 0 -1 -1 -2 -1 -1 -1 -1 -1 0 -2 0 0 -1 -1 -1 -1 -1 -2
-0.0294303716253952 0.606576961273215 -0.13990117114588 -1.15906158728966 0.0798334879751959 1 1 0 0 0 0 0 1 1 2 1 1 0 0 1 1 1 1 1 0 0 0 2 0 2 2 2 1 2 1 1 1 0 0 0 0 0 1 1 2 1 1 0 0 1 1 1 1 1 0 0 0 2 0 2 2 2 1 2 1 1
0.459033504214165 0.667718898630724 -1.03975832709789 -0.437623140560872 0.112680040935129 1 2 0 1 0 0 0 2 0 2 1 1 0 0 1 1 2 1 1 2 1 1 2 0 1 1 2 2 2 2 2 2 0 1 0 0 0 2 0 2 1 1 0 0 1 1 2 1 1 2 1 1 2 0 1 1 2 2 2 2 2
-0.50511722246293 -0.331258584923286 -0.238916095864642 -0.963088716260711 -1.25341504573516 1 2 0 0 1 0 0 2 1 2 2 1 1 2 2 1 2 2 1 1 0 1 2 1 0 0 0 0 1 0 2 2 0 0 1 0 0 2 1 2 2 1 1 2 2 1 2 2 1 1 0 1 2 1 0 0 0 0 1 0 2
-0.942261781996558 -1.60860779520156 0.496679168968044 0.189569090049787 0.528658829768664 -1 2 1 1 0 0 0 1 1 2 2 1 0 1 2 2 2 2 1 1 0 0 2 0 0 1 2 2 2 2 2 -2 -1 -1 0 0 0 -1 -1 -2 -2 -1 0 -1 -2 -2 -2 -2 -1 -1 0 0 -2 0 0 -1 -2 -2 -2 -2 -2
-1.24849484133773 -1.1110600476571 0.65051481007573 -1.99695636223868 1.05571148954326 -1 0 0 2 1 0 0 1 0 2 1 0 1 0 0 1 2 1 2 1 0 0 2 0 0 1 1 0 2 0 1 0 0 -2 -1 0 0 -1 0 -2 -1 0 -1 0 0 -1 -2 -1 -2 -1 0 0 -2 0 0 -1 -1 0 -2 0 -1
1.175809301704 0.414778176021855 0.444824418678811 0.0329167251813998 -0.771036490635897 -1 1 0 1 2 0 0 2 1 1 2 1 1 1 2 2 1 2 1 2 1 0 2 0 1 2 2 2 2 2 2 -1 0 -1 -2 0 0 -2 -1 -1 -2 -1 -1 -1 -2 -2 -1 -2 -1 -2 -1 0 -2 0 -1 -2 -2 -2 -2 -2 -2
-0.54100705627639 1.18013789486632 1.13862653589753 1.93594491258515 -1.700917072333 1 0 0 0 1 0 0 1 0 2 2 0 0 1 2 2 1 1 1 1 1 0 2 0 0 1 1 2 1 0 2 0 0 0 1 0 0 1 0 2 2 0 0 1 2 2 1 1 1 1 1 0 2 0 0 1 1 2 1 0 2
-0.402223118274883 -1.04792286645763 -0.58353359089923 -2.22954971333439 1.27526991389919 -1 1 0 0 0 0 0 2 2 2 2 1 1 1 2 2 2 2 1 1 1 1 2 0 1 0 2 1 1 0 1 -1 0 0 0 0 0 -2 -2 -2 -2 -1 -1 -1 -2 -2 -2 -2 -1 -1 -1 -1 -2 0 -1 0 -2 -1 -1 0 -1
0.546786622370955 0.404473010768052 -0.345399248721072 0.13991656755144 -0.194243267259688 1 1 1 1 0 0 0 2 1 2 2 2 2 1 1 1 2 1 2 2 0 0 2 1 2 1 1 1 2 0 1 1 1 1 0 0 0 2 1 2 2 2 2 1 1 1 2 1 2 2 0 0 2 1 2 1 1 1 2 0 1
-0.0977642443907263 2.51599505971154 -0.352704779782177 0.607915198760607 0.096134791526631 -1 1 0 1 0 0 0 1 0 2 1 1 0 2 2 2 1 2 1 0 0 0 2 0 0 0 1 1 1 1 2 -1 0 -1 0 0 0 -1 0 -2 -1 -1 0 -2 -2 -2 -1 -2 -1 0 0 0 -2 0 0 0 -1 -1 -1 -1 -2
-0.042972081387081 -0.905070775191255 1.97932402782873 0.214504948433376 -1.10728357465454 -1 1 1 1 1 0 0 2 0 2 2 0 0 0 2 1 2 2 1 1 0 1 2 0 0 1 2 2 2 2 2 -1 -1 -1 -1 0 0 -2 0 -2 -2 0 0 0 -2 -1 -2 -2 -1 -1 0 -1 -2 0 0 -1 -2 -2 -2 -2 -2
-0.0285401205634391 0.0684660294008587 -0.0795628482086273 0.716736213046768 -0.218990492029997 1 2 1 2 1 0 0 1 1 2 2 1 0 1 1 1 1 2 1 1 0 0 2 0 0 1 1 1 2 1 1 2 1 2 1 0 0 1 1 2 2 1 0 1 1 1 1 2 1 1 0 0 2 0 0 1 1 1 2 1 1
-0.805594094675147 1.91154750776504 1.39467451082171 0.0532032740793426 0.367216701117228 1 0 0 0 0 0 0 1 0 2 1 0 0 0 1 0 1 1 2 2 0 1 2 0 0 0 0 1 2 1 1 0 0 0 0 0 0 1 0 2 1 0 0 0 1 0 1 1 2 2 0 1 2 0 0 0 0 1 2 1 1
0.123482097222141 -0.566256912620414 -0.705585788909146 -0.828910266571457 -0.661597026531815 -1 2 1 0 1 0 0 1 0 2 2 1 1 1 2 1 2 2 2 2 1 0 2 0 1 1 2 2 2 1 2 -2 -1 0 -1 0 0 -1 0 -2 -2 -1 -1 -1 -2 -1 -2 -2 -2 -2 -1 0 -2 0 -1 -1 -2 -2 -2 -1 -2
-1.0735268393561 -0.725036707451212 -0.236920125411045 -0.795923539250978 -2.49077816616656 -1 0 0 0 0 0 0 1 0 1 2 0 0 0 1 0 1 1 1 1 0 0 2 0 0 2 2 2 2 0 2 0 0 0 0 0 0 -1 0 -1 -2 0 0 0 -1 0 -1 -1 -1 -1 0 0 -2 0 0 -2 -2 -2 -2 0 -2
1.49329546519116 -1.2459639964637 1.3681677435069 0.569821506480172 0.784641887641693 1 1 1 1 1 0 0 2 1 2 2 1 1 1 1 1 1 2 1 0 0 0 2 1 1 1 2 0 1 0 2 1 1 1 1 0 0 2 1 2 2 1 1 1 1 1 1 2 1 0 0 0 2 1 1 1 2 0 1 0 2
-0.156211830409107 -0.319478500216951 -0.796971226960982 0.891476640879139 0.0801168531307507 1 2 0 2 1 0 0 2 1 2 2 0 1 0 2 2 2 2 1 0 0 0 2 0 1 2 2 1 2 0 2 2 0 2 1 0 0 2 1 2 2 0 1 0 2 2 2 2 1 0 0 0 2 0 1 2 2 1 2 0 2
0.294170039193558 0.208456370296219 1.81093922908274 1.62654617664453 -1.42482933465681 1 1 0 1 0 0 0 2 0 0 1 1 2 0 1 1 2 2 2 0 1 0 2 0 1 1 2 1 2 2 1 1 0 1 0 0 0 2 0 0 1 1 2 0 1 1 2 2 2 0 1 0 2 0 1 1 2 1 2 2 1
0.343003151201478 -1.68920273357479 0.00714062214522963 -0.179786277531934 -1.05126849801147 1 0 0 0 0 0 0 2 0 2 1 0 1 1 2 2 1 2 2 2 1 2 2 1 1 1 2 2 2 1 1 0 0 0 0 0 0 2 0 2 1 0 1 1 2 2 1 2 2 2 1 2 2 1 1 1 2 2 2 1 1
-0.238060963647176 -1.78825585834272 1.3822252296738 1.45806552609075 0.0241763495879393 -1 0 0 0 0 0 0 2 2 2 2 0 0 0 1 2 2 2 2 1 1 1 2 1 0 1 1 0 1 0 1 0 0 0 0 0 0 -2 -2 -2 -2 0 0 0 -1 -2 -2 -2 -2 -1 -1 -1 -2 -1 0 -1 -1 0 -1 0 -1
0.391314342430748 0.283472256603653 0.826997089987149 0.54319014364237 -0.457445532911075 -1 0 0 0 1 0 0 2 0 2 2 2 1 0 1 2 2 2 2 2 0 1 2 0 2 1 1 2 2 1 2 0 0 0 -1 0 0 -2 0 -2 -2 -2 -1 0 -1 -2 -2 -2 -2 -2 0 -1 -2 0 -2 -1 -1 -2 -2 -1 -2
1.08118149352837 -0.458598744766266 -1.21741868317587 0.501164283029509 -0.444514039821932 -1 2 0 1 2 1 0 2 0 2 2 0 1 1 2 2 2 2 2 0 0 0 2 1 1 1 2 1 2 1 2 -2 0 -1 -2 -1 0 -2 0 -2 -2 0 -1 -1 -2 -2 -2 -2 -2 0 0 0 -2 -1 -1 -1 -2 -1 -2 -1 -2
-1.371468290213 -1.5304339008104 0.324690706459465 0.0901079238162719 -0.17274127220179 1 1 0 1 1 0 0 1 0 1 1 2 1 0 1 1 1 1 1 1 0 0 2 0 1 2 2 1 2 0 1 1 0 1 1 0 0 1 0 1 1 2 1 0 1 1 1 1 1 1 0 0 2 0 1 2 2 1 2 0 1
0.841481099761862 0.389081646100802 0.314018239042055 1.3546210804174 -0.308545471336629 1 0 0 0 1 0 0 2 0 2 2 0 0 0 2 1 2 2 2 1 0 0 2 0 0 1 1 1 2 2 2 0 0 0 1 0 0 2 0 2 2 0 0 0 2 1 2 2 2 1 0 0 2 0 0 1 1 1 2 2 2
1.3907095772123 -0.12602038991347 0.091003213997452 0.572274146366059 -0.0959860495570685 1 1 0 0 1 0 0 2 1 2 2 1 1 1 2 1 1 1 0 1 0 1 2 0 1 2 2 1 2 0 2 1 0 0 1 0 0 2 1 2 2 1 1 1 2 1 1 1 0 1 0 1 2 0 1 2 2 1 2 0 2
-1.08554777105762 -1.49315701502632 -0.389786767143158 0.0153817917384316 2.55643796314212 1 1 0 0 1 0 0 1 1 1 1 0 0 2 1 0 1 2 2 0 0 1 2 0 0 1 1 1 1 0 1 1 0 0 1 0 0 1 1 1 1 0 0 2 1 0 1 2 2 0 0 1 2 0 0 1 1 1 1 0 1
-0.835122766819542 1.70990558067141 0.0201367863662378 -0.0772689652098953 0.0378017174592894 1 1 0 0 0 0 0 2 0 2 0 0 1 0 1 0 0 1 1 0 0 1 2 0 1 1 1 1 1 1 1 1 0 0 0 0 0 2 0 2 0 0 1 0 1 0 0 1 1 0 0 1 2 0 1 1 1 1 1 1 1
0.163843486961079 -0.430240005298617 -0.914700967182963 0.253172257900079 -1.41744714780251 -1 1 0 0 0 0 0 1 0 1 2 0 1 0 2 1 1 1 1 2 0 1 2 1 0 1 2 2 2 0 0 -1 0 0 0 0 0 -1 0 -1 -2 0 -1 0 -2 -1 -1 -1 -1 -2 0 -1 -2 -1 0 -1 -2 -2 -2 0 0
-0.305631488436159 -0.430028353246623 -0.152241235659269 1.37141183409113 0.408693218907031 -1 2 0 0 1 0 0 0 0 1 2 1 1 0 1 2 1 2 2 1 0 0 2 0 0 1 1 1 1 0 1 -2 0 0 -1 0 0 0 0 -1 -2 -1 -1 0 -1 -2 -1 -2 -2 -1 0 0 -2 0 0 -1 -1 -1 -1 0 -1
0.0357303957645283 -0.788273527713267 0.0521135030253866 0.958429047957748 -1.46494726060389 1 1 0 0 0 0 0 1 0 2 2 0 0 2 1 0 1 0 1 2 1 1 2 0 1 0 2 2 1 0 2 1 0 0 0 0 0 1 0 2 2 0 0 2 1 0 1 0 1 2 1 1 2 0 1 0 2 2 1 0 2
0.411319347412462 -0.709022310177139 -0.431510628486092 -0.0325594738476856 0.556911560648008 1 2 1 0 0 0 0 1 0 2 1 0 0 1 2 2 2 2 2 2 2 1 2 0 0 1 2 2 1 0 2 2 1 0 0 0 0 1 0 2 1 0 0 1 2 2 2 2 2 2 2 1 2 0 0 1 2 2 1 0 2
0.486901363457535 1.2526810248604 -0.259627268409654 -0.974308382178605 -0.922249829822077 1 2 0 0 0 0 0 2 0 2 2 0 1 1 0 0 2 2 2 2 2 0 2 0 0 0 2 2 2 0 2 2 0 0 0 0 0 2 0 2 2 0 1 1 0 0 2 2 2 2 2 0 2 0 0 0 2 2 2 0 2
1.58955129294723 -0.854253410997014 0.637352974181659 0.78323647598333 1.06675511493786 1 2 0 0 2 0 0 1 1 2 2 0 0 1 1 2 2 2 1 1 0 0 2 1 1 2 2 2 2 1 0 2 0 0 2 0 0 1 1 2 2 0 0 1 1 2 2 2 1 1 0 0 2 1 1 2 2 2 2 1 0
0.676544260355071 -0.740306927052712 1.24063289509921 1.38874164806775 0.357869811196731 -1 2 0 1 1 0 0 1 1 2 2 0 0 0 1 1 2 2 1 0 1 1 2 0 2 2 1 1 2 0 1 -2 0 -1 -1 0 0 -1 -1 -2 -2 0 0 0 -1 -1 -2 -2 -1 0 -1 -1 -2 0 -2 -2 -1 -1 -2 0 -1
-0.270332722547807 0.342003999360097 -1.19103415496654 -0.622684670440145 1.25897704998207 1 2 0 1 1 0 0 2 1 2 2 0 0 1 2 1 2 2 1 0 1 0 2 0 1 1 2 2 2 1 2 2 0 1 1 0 0 2 1 2 2 0 0 1 2 1 2 2 1 0 1 0 2 0 1 1 2 2 2 1 2
0.551278891858398 -0.256877514983988 0.629579655123291 -0.525478371283712 0.203845304736261 1 1 0 0 1 0 0 2 1 2 2 0 1 0 0 2 2 2 1 1 0 0 2 0 1 0 2 2 1 0 1 1 0 0 1 0 0 2 1 2 2 0 1 0 0 2 2 2 1 1 0 0 2 0 1 0 2 2 1 0 1
0.498797316471545 -1.19517372818937 -0.936357073174218 0.179561981789128 -0.135039229816893 1 1 0 1 1 0 0 1 1 2 2 1 0 0 1 1 1 1 0 0 0 1 2 0 1 1 2 2 2 1 2 1 0 1 1 0 0 1 1 2 2 1 0 0 1 1 1 1 0 0 0 1 2 0 1 1 2 2 2 1 2
0.781027368562423 0.114788424218885 0.584481267728592 0.872921952784206 0.718170143356945 -1 0 0 0 0 0 0 2 0 1 1 0 0 0 0 2 2 2 1 1 1 0 2 1 2 2 2 2 2 1 2 0 0 0 0 0 0 -2 0 -1 -1 0 0 0 0 -2 -2 -2 -1 -1 -1 0 -2 -1 -2 -2 -2 -2 -2 -1 -2
0.600647378505884 -1.05159793932591 -1.63658986634499 -1.15666285778228 1.24364019286029 1 2 0 0 0 0 0 1 1 2 2 0 1 0 2 2 2 2 1 1 1 0 2 0 1 1 2 2 2 1 2 2 0 0 0 0 0 1 1 2 2 0 1 0 2 2 2 2 1 1 1 0 2 0 1 1 2 2 2 1 2
0.134968141397666 -0.0526802726612959 0.830845360372732 0.268608135069593 1.5979633711078 -1 1 0 1 1 0 0 0 0 0 1 0 1 1 2 2 1 2 2 1 0 0 2 0 0 1 1 1 2 1 2 -1 0 -1 -1 0 0 0 0 0 -1 0 -1 -1 -2 -2 -1 -2 -2 -1 0 0 -2 0 0 -1 -1 -1 -2 -1 -2
-1.01377597866634 0.516198384614522 0.981622645841709 0.93996517299835 0.344410253856759 -1 0 0 1 1 0 0 2 2 2 2 0 0 0 2 2 2 2 1 1 1 1 2 0 0 0 1 1 2 1 2 0 0 -1 -1 0 0 -2 -2 -2 -2 0 0 0 -2 -2 -2 -2 -1 -1 -1 -1 -2 0 0 0 -1 -1 -2 -1 -2
0.747506764167298 0.790416226176864 2.84436987914286 -0.372763196187171 1.50642060893305 1 0 0 1 1 0 0 1 0 1 1 0 0 0 2 2 2 1 2 1 0 0 2 0 0 2 2 2 1 1 2 0 0 1 1 0 0 1 0 1 1 0 0 0 2 2 2 1 2 1 0 0 2 0 0 2 2 2 1 1 2
0.0438580490764644 -0.110566692952446 1.94344949841489 0.0503766820474642 1.22397482244042 -1 1 0 0 0 0 0 1 0 2 2 1 1 1 2 2 2 2 1 1 0 0 2 0 0 1 2 2 0 0 1 -1 0 0 0 0 0 -1 0 -2 -2 -1 -1 -1 -2 -2 -2 -2 -1 -1 0 0 -2 0 0 -1 -2 -2 0 0 -1
-0.205122061590336 0.475514930314591 -0.11137788452604 -1.00171278022453 -0.0352480941846844 -1 0 0 0 0 0 0 2 2 2 2 1 0 1 2 2 2 2 2 2 0 0 2 0 0 2 2 1 2 2 2 0 0 0 0 0 0 -2 -2 -2 -2 -1 0 -1 -2 -2 -2 -2 -2 -2 0 0 -2 0 0 -2 -2 -1 -2 -2 -2
-0.254198339956436 -1.27462480380467 -0.742315542744826 -1.04410095332899 0.443107732567831 -1 2 1 1 1 0 0 1 0 1 2 0 0 1 2 2 2 2 0 2 1 1 2 0 1 0 2 1 2 0 1 -2 -1 -1 -1 0 0 -1 0 -1 -2 0 0 -1 -2 -2 -2 -2 0 -2 -1 -1 -2 0 -1 0 -2 -1 -2 0 -1
-1.20759665306157 -0.148858217066993 -0.625079946304706 -0.235469078203466 2.2610774566678 1 2 0 0 0 0 0 2 1 2 2 0 0 0 2 2 2 2 2 2 2 1 2 0 0 1 2 2 2 1 1 2 0 0 0 0 0 2 1 2 2 0 0 0 2 2 2 2 2 2 2 1 2 0 0 1 2 2 2 1 1
-2.24342948356983 0.780125355611511 0.0209803200167513 -0.0986573803334661 2.19154331691365 -1 1 1 0 1 0 0 1 1 2 2 1 0 0 2 2 1 0 2 2 1 2 2 1 0 0 2 0 1 0 2 -1 -1 0 -1 0 0 -1 -1 -2 -2 -1 0 0 -2 -2 -1 0 -2 -2 -1 -2 -2 -1 0 0 -2 0 -1 0 -2
0.155660589437058 0.692883388894229 0.314160737990094 -1.77560100883345 0.864230033966578 -1 2 0 0 1 0 0 2 2 2 2 0 0 1 2 2 2 2 1 1 1 1 2 1 1 1 1 1 1 0 2 -2 0 0 -1 0 0 -2 -2 -2 -2 0 0 -1 -2 -2 -2 -2 -1 -1 -1 -1 -2 -1 -1 -1 -1 -1 -1 0 -2
0.0344066078226656 -0.0314192995484565 0.258347536373903 0.774767959592397 -0.834052592258756 1 1 0 1 0 0 0 0 0 2 2 1 0 1 2 2 2 2 2 2 1 0 2 0 1 1 1 2 2 0 2 1 0 1 0 0 0 0 0 2 2 1 0 1 2 2 2 2 2 2 1 0 2 0 1 1 1 2 2 0 2
0.274895023789622 0.516074960847709 -0.806647741941922 1.10269012822888 -0.00137827935276428 1 0 0 0 0 0 0 1 1 2 2 0 0 0 0 0 2 1 0 0 0 0 2 0 1 1 2 1 2 0 2 0 0 0 0 0 0 1 1 2 2 0 0 0 0 0 2 1 0 0 0 0 2 0 1 1 2 1 2 0 2
-0.44534807436633 -2.03293034879105 -0.291250350147283 -0.0603057499457595 -0.0448844280896744 -1 1 0 0 0 0 0 1 1 2 2 0 0 1 1 2 2 2 2 2 0 0 2 0 2 1 2 2 2 2 2 -1 0 0 0 0 0 -1 -1 -2 -2 0 0 -1 -1 -2 -2 -2 -2 -2 0 0 -2 0 -2 -1 -2 -2 -2 -2 -2
-0.0757689363460494 1.55486729961501 0.352751534037084 0.233045345787276 -2.28733642425209 -1 2 1 0 2 0 0 1 0 2 1 0 0 0 2 2 1 2 2 1 1 1 2 0 1 1 1 1 2 2 2 -2 -1 0 -2 0 0 -1 0 -2 -1 0 0 0 -2 -2 -1 -2 -2 -1 -1 -1 -2 0 -1 -1 -1 -1 -2 -2 -2
0.444677010016376 -0.043271503284925 -0.681430109439831 1.18925045584543 0.0292450813157124 1 1 0 1 1 0 0 1 0 2 2 0 1 1 1 1 1 2 2 0 0 0 2 0 0 0 1 0 1 0 0 1 0 1 1 0 0 1 0 2 2 0 1 1 1 1 1 2 2 0 0 0 2 0 0 0 1 0 1 0 0
0.310574782283637 -1.23936380752495 0.89344487884694 -0.151967509018322 1.23410149151362 -1 1 0 0 0 0 0 0 0 2 2 0 1 0 1 1 2 2 2 2 1 1 2 0 0 0 1 0 1 0 2 -1 0 0 0 0 0 0 0 -2 -2 0 -1 0 -1 -1 -2 -2 -2 -2 -1 -1 -2 0 0 0 -1 0 -1 0 -2
0.933851025862735 0.622403177707347 -0.529634910617243 -0.624099019798433 0.0961918511094924 -1 1 0 1 1 0 0 2 1 2 2 1 1 0 1 2 2 2 2 1 0 0 2 0 0 0 2 1 2 2 2 -1 0 -1 -1 0 0 -2 -1 -2 -2 -1 -1 0 -1 -2 -2 -2 -2 -1 0 0 -2 0 0 0 -2 -1 -2 -2 -2
0.669105619797784 -1.86600274107753 -1.14628570303713 0.331517223759702 1.23601236765371 -1 2 0 0 0 0 0 0 0 2 2 0 1 1 2 2 2 2 2 1 1 0 2 0 1 2 2 2 2 2 2 -2 0 0 0 0 0 0 0 -2 -2 0 -1 -1 -2 -2 -2 -2 -2 -1 -1 0 -2 0 -1 -2 -2 -2 -2 -2 -2
-0.62953257291002 0.0508220638125803 0.183744380401506 2.01757449282315 -0.187390073190461 -1 2 0 0 0 0 0 2 1 1 2 0 0 1 2 2 2 2 2 2 1 0 2 0 1 2 2 0 0 1 2 -2 0 0 0 0 0 -2 -1 -1 -2 0 0 -1 -2 -2 -2 -2 -2 -2 -1 0 -2 0 -1 -2 -2 0 0 -1 -2
0.672457222341586 -1.30470216354415 0.326130089980663 0.845205189978143 1.1407508914451 -1 2 0 1 1 0 0 2 1 2 2 0 1 0 0 2 2 2 2 1 0 0 2 0 1 1 2 1 2 1 2 -2 0 -1 -1 0 0 -2 -1 -2 -2 0 -1 0 0 -2 -2 -2 -2 -1 0 0 -2 0 -1 -1 -2 -1 -2 -1 -2
-2.19418372407309 1.02628840082738 -0.105649354037251 0.0510075296761335 1.25114926115205 1 0 0 0 0 0 0 1 0 2 2 1 1 0 0 0 1 2 1 1 0 1 2 0 0 1 2 1 1 0 1 0 0 0 0 0 0 1 0 2 2 1 1 0 0 0 1 2 1 1 0 1 2 0 0 1 2 1 1 0 1
-1.05707400236514 1.62189463715389 -1.23453427943148 -1.45651021913833 0.0973788070841196 -1 1 0 0 1 0 0 0 0 1 2 1 0 0 2 2 2 2 1 2 1 0 2 0 1 0 1 2 2 2 2 -1 0 0 -1 0 0 0 0 -1 -2 -1 0 0 -2 -2 -2 -2 -1 -2 -1 0 -2 0 -1 0 -1 -2 -2 -2 -2
0.739499333718607 0.632639060751479 0.350950795014502 1.54170000716632 -0.103976781406768 1 0 0 0 0 0 0 2 1 1 2 0 1 1 2 2 2 2 2 2 1 1 2 1 1 1 2 2 1 0 2 0 0 0 0 0 0 2 1 1 2 0 1 1 2 2 2 2 2 2 1 1 2 1 1 1 2 2 1 0 2
-0.353523279514445 1.13070615707605 -1.95965718822925 -1.14259610944091 -0.1220280980603 1 1 0 1 0 0 0 2 0 2 2 1 1 1 1 1 2 1 1 1 1 0 2 0 0 1 2 2 2 0 0 1 0 1 0 0 0 2 0 2 2 1 1 1 1 1 2 1 1 1 1 0 2 0 0 1 2 2 2 0 0
0.22412776983031 -1.25075489832381 1.20753654945699 -0.464932195575336 1.34464700708793 -1 2 1 1 1 0 0 2 1 2 2 0 0 0 0 1 1 2 1 0 0 0 2 0 1 1 2 1 1 0 1 -2 -1 -1 -1 0 0 -2 -1 -2 -2 0 0 0 0 -1 -1 -2 -1 0 0 0 -2 0 -1 -1 -2 -1 -1 0 -1
-1.65764611483793 1.52825042622223 1.10655424451306 1.33428879676883 -0.989434871932894 -1 2 1 1 1 0 0 2 2 2 2 1 1 0 1 1 1 2 1 1 0 0 2 0 0 1 2 2 2 1 1 -2 -1 -1 -1 0 0 -2 -2 -2 -2 -1 -1 0 -1 -1 -1 -2 -1 -1 0 0 -2 0 0 -1 -2 -2 -2 -1 -1
-0.0437621719179968 -0.481455814941825 -2.24340125297823 -0.510682515728292 0.389333866945344 1 1 0 0 1 0 0 1 1 2 1 1 0 1 1 2 2 2 1 1 2 0 2 0 0 0 1 2 2 0 2 1 0 0 1 0 0 1 1 2 1 1 0 1 1 2 2 2 1 1 2 0 2 0 0 0 1 2 2 0 2
-0.391421162484697 -0.327499487495733 -0.994467835245749 -0.050510091022883 -1.92952176427833 1 1 0 0 1 1 0 2 0 2 2 0 0 0 1 2 2 2 2 2 0 0 2 0 1 0 1 1 0 0 1 1 0 0 1 1 0 2 0 2 2 0 0 0 1 2 2 2 2 2 0 0 2 0 1 0 1 1 0 0 1
0.631484894481501 -0.444440050384535 -0.262206930729584 0.459488450872995 -0.125697741728435 -1 1 0 1 1 0 0 1 0 2 2 0 0 1 1 2 1 1 1 1 0 0 2 0 0 0 0 1 1 0 0 -1 0 -1 -1 0 0 -1 0 -2 -2 0 0 -1 -1 -2 -1 -1 -1 -1 0 0 -2 0 0 0 0 -1 -1 0 0
0.399402214397911 -0.650046698630094 -0.0227359980137054 -0.583298186482076 -0.224071268733168 1 1 0 0 1 0 0 1 0 2 1 1 0 0 1 1 2 2 2 2 0 0 2 1 2 1 2 2 2 1 2 1 0 0 1 0 0 1 0 2 1 1 0 0 1 1 2 2 2 2 0 0 2 1 2 1 2 2 2 1 2
0.437674047930695 1.1113438282503 -0.145428826848102 0.897575023652014 0.19788734038206 -1 1 0 1 0 0 0 2 0 2 2 0 0 1 2 0 2 2 1 1 1 0 2 1 2 1 2 2 2 1 1 -1 0 -1 0 0 0 -2 0 -2 -2 0 0 -1 -2 0 -2 -2 -1 -1 -1 0 -2 -1 -2 -1 -2 -2 -2 -1 -1
0.791053942721089 -0.0792229530195876 0.173682759833813 1.1718346098358 1.60018244909851 1 2 0 1 1 0 0 2 2 2 2 1 1 0 1 1 2 2 1 0 0 0 2 0 1 1 1 1 2 2 1 2 0 1 1 0 0 2 2 2 2 1 1 0 1 1 2 2 1 0 0 0 2 0 1 1 1 1 2 2 1
-0.5098205236771 0.601799809329035 -0.293829048629797 -0.870038164375289 -0.05575963468372 1 1 0 0 1 0 0 2 1 2 2 1 1 1 1 1 2 1 2 2 1 0 2 0 0 0 2 1 1 1 1 1 0 0 1 0 0 2 1 2 2 1 1 1 1 1 2 1 2 2 1 0 2 0 0 0 2 1 1 1 1
-1.57469247415482 -1.12904919989091 -1.63868814001821 -0.341798975996307 -0.699963722690299 1 0 0 0 1 0 0 2 1 2 1 0 0 1 2 2 1 2 1 1 0 0 2 0 1 1 2 2 2 1 2 0 0 0 1 0 0 2 1 2 1 0 0 1 2 2 1 2 1 1 0 0 2 0 1 1 2 2 2 1 2
-1.48204962451171 0.668617067549286 0.464943008654966 -0.938557493987984 0.243704187061417 1 0 0 1 1 0 0 0 0 2 2 1 0 1 1 2 1 2 2 2 0 1 2 1 2 2 2 2 2 1 1 0 0 1 1 0 0 0 0 2 2 1 0 1 1 2 1 2 2 2 0 1 2 1 2 2 2 2 2 1 1
1.45824866288721 0.549789869011403 -0.690531613013722 0.40781646999006 1.18343770955803 1 2 0 0 0 0 0 2 1 1 1 0 1 0 0 1 0 1 2 2 0 0 2 0 0 1 1 1 1 0 1 2 0 0 0 0 0 2 1 1 1 0 1 0 0 1 0 1 2 2 0 0 2 0 0 1 1 1 1 0 1
0.79502407221893 0.26708263426797 1.85989171468437 -0.961924745994613 -1.82918488618473 -1 0 0 1 1 0 0 1 0 2 2 0 0 0 1 1 1 2 2 2 0 1 2 0 1 2 2 2 2 0 2 0 0 -1 -1 0 0 -1 0 -2 -2 0 0 0 -1 -1 -1 -2 -2 -2 0 -1 -2 0 -1 -2 -2 -2 -2 0 -2
-1.19204181881411 -0.298044438219204 0.45924375996595 0.618354647295554 -1.99089073852745 -1 1 1 0 0 0 0 2 1 2 2 0 0 1 2 2 2 2 2 2 1 1 2 0 1 1 2 0 0 0 0 -1 -1 0 0 0 0 -2 -1 -2 -2 0 0 -1 -2 -2 -2 -2 -2 -2 -1 -1 -2 0 -1 -1 -2 0 0 0 0
-0.760854993919326 -1.66055796113681 -0.0780160597557188 -0.133813506335948 0.423005968182564 -1 1 0 1 0 0 0 2 0 2 1 1 0 0 2 1 2 2 1 1 0 0 2 1 2 2 2 2 2 1 2 -1 0 -1 0 0 0 -2 0 -2 -1 -1 0 0 -2 -1 -2 -2 -1 -1 0 0 -2 -1 -2 -2 -2 -2 -2 -1 -2
-0.648547077387765 -0.933994942588455 1.21160996906877 0.71926924560508 -0.537676464108739 1 0 0 0 0 0 0 2 0 2 2 1 1 1 2 2 1 2 1 2 0 0 2 0 1 1 2 1 1 0 1 0 0 0 0 0 0 2 0 2 2 1 1 1 2 2 1 2 1 2 0 0 2 0 1 1 2 1 1 0 1
-1.04058984729254 -0.221602706455056 -1.07327242674514 1.52564207447522 -0.669955380894232 1 1 0 1 1 0 0 2 2 2 2 0 1 2 2 2 2 2 2 2 0 0 2 1 1 1 2 2 2 1 1 1 0 1 1 0 0 2 2 2 2 0 1 2 2 2 2 2 2 2 0 0 2 1 1 1 2 2 2 1 1
0.76102054024619 -0.634104614508809 1.85754138094912 1.08220922069266 0.310074075310579 -1 0 0 0 1 0 0 2 1 2 2 1 1 1 2 2 2 1 1 1 0 0 2 0 0 1 2 2 2 2 2 0 0 0 -1 0 0 -2 -1 -2 -2 -1 -1 -1 -2 -2 -2 -1 -1 -1 0 0 -2 0 0 -1 -2 -2 -2 -2 -2
0.0421356439467371 -2.14760414954415 1.30839362686489 -0.0752313469697961 1.68789606520208 -1 2 0 1 1 0 0 2 0 1 2 1 0 1 2 1 2 2 2 1 1 1 2 0 1 2 2 2 2 1 2 -2 0 -1 -1 0 0 -2 0 -1 -2 -1 0 -1 -2 -1 -2 -2 -2 -1 -1 -1 -2 0 -1 -2 -2 -2 -2 -1 -2
0.291691057529226 -1.82145080943389 -0.240448516024355 0.0140596720509113 -0.36148114670095 -1 1 0 0 0 0 0 2 2 2 2 0 0 0 1 1 2 1 0 1 0 0 2 0 0 1 2 1 2 2 2 -1 0 0 0 0 0 -2 -2 -2 -2 0 0 0 -1 -1 -2 -1 0 -1 0 0 -2 0 0 -1 -2 -1 -2 -2 -2
0.891235519027227 -0.403840647309443 0.730028666289034 0.951155279682649 -0.179274059548432 -1 0 0 0 0 0 0 2 0 1 2 0 0 2 2 1 2 2 1 2 1 1 2 0 0 0 1 2 1 1 2 0 0 0 0 0 0 -2 0 -1 -2 0 0 -2 -2 -1 -2 -2 -1 -2 -1 -1 -2 0 0 0 -1 -2 -1 -1 -2
-0.849760274124058 -1.89543161478513 0.544565776136383 -1.45502682100421 -0.652381854467686 -1 1 0 1 1 0 1 2 1 2 2 0 1 1 1 2 2 2 1 2 0 0 2 0 0 0 2 2 2 1 2 -1 0 -1 -1 0 -1 -2 -1 -2 -2 0 -1 -1 -1 -2 -2 -2 -1 -2 0 0 -2 0 0 0 -2 -2 -2 -1 -2
-0.965661957061829 0.47426238254352 -1.87757281912571 0.562320345149134 -1.19071366997354 -1 2 0 2 1 1 0 2 0 2 1 1 0 1 2 2 2 2 1 1 0 0 2 0 1 1 2 2 2 2 2 -2 0 -2 -1 -1 0 -2 0 -2 -1 -1 0 -1 -2 -2 -2 -2 -1 -1 0 0 -2 0 -1 -1 -2 -2 -2 -2 -2
-0.544958696062507 -0.753322224079258 -0.50943359935339 1.70817070378702 0.729041802222549 -1 1 0 1 1 0 0 1 1 2 2 1 1 0 0 1 2 2 2 1 1 1 2 0 0 1 2 1 2 0 2 -1 0 -1 -1 0 0 -1 -1 -2 -2 -1 -1 0 0 -1 -2 -2 -2 -1 -1 -1 -2 0 0 -1 -2 -1 -2 0 -2
0.711880762036068 -1.9753267393889 1.61263950799415 -0.899216289151227 -0.461110143001471 -1 2 0 0 0 0 0 2 1 2 1 1 1 0 2 1 2 1 1 1 1 1 2 0 1 2 2 2 2 1 1 -2 0 0 0 0 0 -2 -1 -2 -1 -1 -1 0 -2 -1 -2 -1 -1 -1 -1 -1 -2 0 -1 -2 -2 -2 -2 -1 -1
-1.32543416287403 -0.891380791134642 0.471902291931869 1.22137611176206 -1.50064433344081 1 0 0 0 1 0 0 2 1 2 2 1 0 1 2 2 2 2 2 2 0 1 2 0 1 2 2 1 2 1 0 0 0 0 1 0 0 2 1 2 2 1 0 1 2 2 2 2 2 2 0 1 2 0 1 2 2 1 2 1 0
-1.04084253655104 0.073264957002849 -0.12162115140409 -1.5111972333265 -0.485682515622835 -1 2 0 1 1 0 0 1 0 2 2 1 0 1 2 2 2 2 1 2 0 1 2 0 1 1 2 2 2 0 1 -2 0 -1 -1 0 0 -1 0 -2 -2 -1 0 -1 -2 -2 -2 -2 -1 -2 0 -1 -2 0 -1 -1 -2 -2 -2 0 -1
-0.189625973164876 0.0962482490711525 -2.61599943666163 1.24773661804887 0.298935802563107 1 2 0 0 1 1 0 2 1 2 2 0 1 1 2 2 2 2 2 1 1 1 2 0 0 1 1 0 0 0 1 2 0 0 1 1 0 2 1 2 2 0 1 1 2 2 2 2 2 1 1 1 2 0 0 1 1 0 0 0 1
-0.869117682363949 0.737476946918226 -0.0328903973057759 -2.35749027395816 -1.22029180513394 1 2 0 1 1 0 0 2 1 2 2 0 0 0 2 2 1 2 1 1 0 0 2 1 0 0 2 2 2 0 1 2 0 1 1 0 0 2 1 2 2 0 0 0 2 2 1 2 1 1 0 0 2 1 0 0 2 2 2 0 1
0.0291430981283473 0.419985815591229 1.44589601548252 -0.717129518402534 0.728640252279499 1 1 0 1 0 0 0 1 0 1 1 0 1 1 2 2 2 2 2 2 0 0 2 0 1 1 1 1 2 1 1 1 0 1 0 0 0 1 0 1 1 0 1 1 2 2 2 2 2 2 0 0 2 0 1 1 1 1 2 1 1
1.0291554527548 1.36218738397191 -1.40398840772776 0.247035877413035 1.11871636540768 -1 1 0 0 0 0 0 1 1 2 1 0 0 0 1 2 2 2 1 1 0 0 2 0 1 1 1 1 2 1 2 -1 0 0 0 0 0 -1 -1 -2 -1 0 0 0 -1 -2 -2 -2 -1 -1 0 0 -2 0 -1 -1 -1 -1 -2 -1 -2
0.391904487473763 -0.177688169886664 -0.744536366864308 -1.78558636802141 0.71282436123847 1 0 0 0 0 0 0 1 0 2 2 0 0 0 1 2 2 1 1 1 0 1 2 0 0 1 2 2 2 2 2 0 0 0 0 0 0 1 0 2 2 0 0 0 1 2 2 1 1 1 0 1 2 0 0 1 2 2 2 2 2
-0.837155161823043 -1.39708496349845 0.689429630059708 -0.994167987695427 -0.344516334354824 1 0 0 0 0 0 0 1 0 2 2 1 1 1 1 2 2 2 2 2 0 0 2 0 1 0 2 2 2 1 2 0 0 0 0 0 0 1 0 2 2 1 1 1 1 2 2 2 2 2 0 0 2 0 1 0 2 2 2 1 2
