0.248468634580724 0.648445620396894 0.116188062242855 0.883522769289509 -0.134749548998079 -1 2 1 0 2 0 1 0 0 1 1 0 0 2 2 2 2 0 2 1 2 1 1 2 0 1 2 0 1 2 1 -2 -1 0 -2 0 -1 0 0 -1 -1 0 0 -2 -2 -2 -2 0 -2 -1 -2 -1 -1 -2 0 -1 -2 0 -1 -2 -1
-0.756036382306149 -0.316022676868002 0.661270942084397 -0.966484921189072 -0.482369898914943 1 1 0 0 2 0 2 0 2 2 1 0 1 2 1 2 2 0 1 0 2 0 1 1 0 0 2 2 2 1 0 1 0 0 2 0 2 0 2 2 1 0 1 2 1 2 2 0 1 0 2 0 1 1 0 0 2 2 2 1 0
0.151511459261609 -0.605586705675346 -0.497760490266262 -0.22130641554056 0.409625247822613 1 2 2 1 2 0 0 0 0 1 1 0 1 2 2 2 2 1 2 2 2 1 0 2 0 0 2 0 2 2 0 2 2 1 2 0 0 0 0 1 1 0 1 2 2 2 2 1 2 2 2 1 0 2 0 0 2 0 2 2 0
-0.688716527759506 -0.894993447430091 -0.117639113064635 0.866253259785367 -0.60826645636378 1 2 1 0 2 0 2 0 2 2 1 0 1 2 2 2 2 0 2 2 2 1 1 1 0 0 2 0 1 1 0 2 1 0 2 0 2 0 2 2 1 0 1 2 2 2 2 0 2 2 2 1 1 1 0 0 2 0 1 1 0
-1.4796675837306 0.578790265505939 -0.390170573210264 0.350002122757809 -0.78214259475141 -1 2 2 1 2 1 2 1 1 2 2 0 1 2 2 2 2 0 2 1 2 1 1 2 0 1 2 0 2 2 0 -2 -2 -1 -2 -1 -2 -1 -1 -2 -2 0 -1 -2 -2 -2 -2 0 -2 -1 -2 -1 -1 -2 0 -1 -2 0 -2 -2 0
0.715512830198331 0.778272129646889 -0.0139227147903294 0.966599116870708 -0.363270675900669 1 2 1 1 2 0 2 0 2 2 0 0 1 1 2 2 2 0 2 0 2 2 1 2 0 0 2 1 1 1 0 2 1 1 2 0 2 0 2 2 0 0 1 1 2 2 2 0 2 0 2 2 1 2 0 0 2 1 1 1 0
-0.104027908456948 -2.90907607393145 0.556735227163501 -0.86711057531513 0.536813757284268 1 2 2 1 2 1 2 2 2 2 1 0 1 2 2 2 2 1 1 1 2 1 1 2 0 0 2 0 2 2 1 2 2 1 2 1 2 2 2 2 1 0 1 2 2 2 2 1 1 1 2 1 1 2 0 0 2 0 2 2 1
-0.175412949593957 -0.0811138668942602 -0.0243368370053393 1.27044728896659 2.24422876785986 1 2 1 0 2 0 1 0 1 1 0 0 0 2 1 1 2 0 1 1 2 0 1 2 0 0 2 0 1 1 1 2 1 0 2 0 1 0 1 1 0 0 0 2 1 1 2 0 1 1 2 0 1 2 0 0 2 0 1 1 1
0.851640282857022 0.12753047635667 -1.12914639989114 0.516299160914674 0.830218777947402 -1 2 1 0 2 0 2 0 1 1 1 1 2 2 1 2 2 2 2 2 2 1 1 2 0 0 2 0 1 1 0 -2 -1 0 -2 0 -2 0 -1 -1 -1 -1 -2 -2 -1 -2 -2 -2 -2 -2 -2 -1 -1 -2 0 0 -2 0 -1 -1 0
-0.0494230417227265 0.0304196462268686 0.484230111600675 -1.91382031481303 0.438104028508635 1 2 0 0 2 0 1 1 1 2 0 0 1 2 1 1 2 1 2 1 1 0 0 1 0 0 2 0 1 2 1 2 0 0 2 0 1 1 1 2 0 0 1 2 1 1 2 1 2 1 1 0 0 1 0 0 2 0 1 2 1
1.05220360176156 -0.842235679771087 -0.553543358381722 1.31847001662454 -2.28009804930132 1 2 1 1 2 1 2 0 1 2 0 0 2 1 0 1 1 0 2 1 2 0 1 2 0 0 2 0 2 1 0 2 1 1 2 1 2 0 1 2 0 0 2 1 0 1 1 0 2 1 2 0 1 2 0 0 2 0 2 1 0
1.12033414419936 0.163112838757988 -0.225602907208586 1.64750997435595 -0.294958171611964 -1 2 2 1 2 0 1 0 1 1 1 0 1 2 2 2 2 0 1 2 2 1 2 2 0 0 2 0 0 2 0 -2 -2 -1 -2 0 -1 0 -1 -1 -1 0 -1 -2 -2 -2 -2 0 -1 -2 -2 -1 -2 -2 0 0 -2 0 0 -2 0
-0.00697181731520154 -0.618077502908434 -0.615959963303596 -0.0103547992911076 -0.364456403950948 1 2 1 0 2 0 2 0 1 1 0 0 1 2 1 2 2 0 1 1 2 2 1 1 0 0 2 0 1 2 1 2 1 0 2 0 2 0 1 1 0 0 1 2 1 2 2 0 1 1 2 2 1 1 0 0 2 0 1 2 1
-0.325079323494276 -0.326231601924772 0.910567639509935 -0.903555618985332 -1.54629880211196 -1 2 2 1 2 0 2 1 2 2 1 0 0 1 2 2 2 0 1 1 2 1 2 2 0 0 2 0 1 2 1 -2 -2 -1 -2 0 -2 -1 -2 -2 -1 0 0 -1 -2 -2 -2 0 -1 -1 -2 -1 -2 -2 0 0 -2 0 -1 -2 -1
1.50048121490374 -0.543702192202088 -1.10125903567856 -0.47568042296477 0.71225166977593 -1 2 2 1 2 0 1 0 0 2 1 0 2 1 2 2 2 0 1 1 2 1 2 2 0 0 2 0 2 2 0 -2 -2 -1 -2 0 -1 0 0 -2 -1 0 -2 -1 -2 -2 -2 0 -1 -1 -2 -1 -2 -2 0 0 -2 0 -2 -2 0
-0.677149712929183 0.113394127702556 0.217421386055871 -0.697658819416 -1.07266741119446 -1 2 1 0 2 0 2 0 0 1 1 0 1 2 2 2 2 1 2 1 2 1 1 2 0 0 2 0 2 2 1 -2 -1 0 -2 0 -2 0 0 -1 -1 0 -1 -2 -2 -2 -2 -1 -2 -1 -2 -1 -1 -2 0 0 -2 0 -2 -2 -1
-1.06280113105758 0.411380780084696 -2.24517579868118 1.14165657189166 -0.150269758481029 -1 2 1 0 2 1 2 0 1 2 2 1 2 2 1 2 2 1 2 2 2 2 2 2 0 1 2 1 2 2 0 -2 -1 0 -2 -1 -2 0 -1 -2 -2 -1 -2 -2 -1 -2 -2 -1 -2 -2 -2 -2 -2 -2 0 -1 -2 -1 -2 -2 0
-1.82643281294769 -0.774887865546413 -1.5445693651557 0.225681223263733 -0.999726257223268 1 1 0 0 2 0 1 1 1 2 2 0 0 2 2 2 2 0 1 1 2 0 0 2 0 0 2 0 2 2 1 1 0 0 2 0 1 1 1 2 2 0 0 2 2 2 2 0 1 1 2 0 0 2 0 0 2 0 2 2 1
0.68446004353112 0.505700153137694 1.09819899406379 0.183703345710841 -0.0720597692245942 1 2 1 1 2 0 2 0 1 2 1 0 1 0 2 2 2 1 2 1 1 1 1 2 0 1 2 0 2 2 1 2 1 1 2 0 2 0 1 2 1 0 1 0 2 2 2 1 2 1 1 1 1 2 0 1 2 0 2 2 1
0.435909414299258 0.511206470130796 -0.573483422563811 0.552221508426921 0.516733576313746 1 1 0 0 2 0 1 0 1 2 0 0 2 2 1 2 2 0 2 1 2 2 2 2 0 1 2 0 2 2 0 1 0 0 2 0 1 0 1 2 0 0 2 2 1 2 2 0 2 1 2 2 2 2 0 1 2 0 2 2 0
-0.0726236721267412 -3.14639761270253 -1.16521334894296 -0.029827707097221 -0.280424316860773 -1 2 2 1 1 0 1 0 0 1 1 0 1 2 1 2 1 0 2 1 2 1 1 2 0 0 2 0 1 1 0 -2 -2 -1 -1 0 -1 0 0 -1 -1 0 -1 -2 -1 -2 -1 0 -2 -1 -2 -1 -1 -2 0 0 -2 0 -1 -1 0
1.51310672181636 0.976856271728672 0.149650277797134 1.13000811942737 1.16251613556534 -1 2 0 0 2 1 1 1 1 2 2 1 2 2 2 2 2 1 2 1 2 1 1 2 0 0 2 1 2 2 1 -2 0 0 -2 -1 -1 -1 -1 -2 -2 -1 -2 -2 -2 -2 -2 -1 -2 -1 -2 -1 -1 -2 0 0 -2 -1 -2 -2 -1
0.010880722894726 0.856907466244899 0.413319828786253 0.960156985952189 -0.216643816585799 -1 2 0 0 2 0 2 1 1 2 1 0 0 1 2 2 2 0 1 1 2 1 1 2 0 0 2 1 1 1 0 -2 0 0 -2 0 -2 -1 -1 -2 -1 0 0 -1 -2 -2 -2 0 -1 -1 -2 -1 -1 -2 0 0 -2 -1 -1 -1 0
-0.448772074909094 1.14758793802866 0.256638381079509 0.786259862322548 1.25734416588074 1 2 2 1 2 0 1 1 2 1 1 0 1 2 1 1 1 0 2 1 2 1 1 2 0 0 2 0 1 2 0 2 2 1 2 0 1 1 2 1 1 0 1 2 1 1 1 0 2 1 2 1 1 2 0 0 2 0 1 2 0
-0.311872284300399 -0.528017775429916 1.33702196437535 -0.761694446266211 -0.0802178459620995 -1 2 2 0 2 1 2 0 2 2 1 1 1 1 1 2 2 0 2 0 1 1 1 2 0 1 2 2 1 1 1 -2 -2 0 -2 -1 -2 0 -2 -2 -1 -1 -1 -1 -1 -2 -2 0 -2 0 -1 -1 -1 -2 0 -1 -2 -2 -1 -1 -1
0.326893960228957 -1.47416009211381 -1.12376349826443 0.905245901269657 -0.0943095534207984 -1 1 1 1 2 0 1 0 0 2 0 0 0 2 2 2 2 0 2 1 2 1 1 2 0 0 2 1 1 2 1 -1 -1 -1 -2 0 -1 0 0 -2 0 0 0 -2 -2 -2 -2 0 -2 -1 -2 -1 -1 -2 0 0 -2 -1 -1 -2 -1
0.93236491393237 -0.29594555629092 -0.382026299449027 -0.0399044290791451 -0.705488036058733 1 2 2 1 2 0 1 0 1 1 0 0 1 2 2 2 2 1 2 2 2 2 2 2 0 0 2 0 2 1 0 2 2 1 2 0 1 0 1 1 0 0 1 2 2 2 2 1 2 2 2 2 2 2 0 0 2 0 2 1 0
1.21423709080425 -0.821667020340307 0.146518808533786 0.23666712904922 0.259300600306566 1 2 1 0 2 0 1 0 1 2 1 0 1 2 2 2 2 1 2 1 1 1 0 2 0 0 2 0 2 2 1 2 1 0 2 0 1 0 1 2 1 0 1 2 2 2 2 1 2 1 1 1 0 2 0 0 2 0 2 2 1
0.611131462416543 0.276428975398653 -0.014706287399761 -1.12207961409955 -0.0332400086868873 -1 2 1 0 2 0 1 0 1 1 1 0 0 2 1 2 2 0 2 1 1 0 2 2 0 0 2 0 2 2 1 -2 -1 0 -2 0 -1 0 -1 -1 -1 0 0 -2 -1 -2 -2 0 -2 -1 -1 0 -2 -2 0 0 -2 0 -2 -2 -1
-0.315737340701639 -1.58356316691158 1.01207387185517 -0.679345934139373 0.184868502331746 -1 2 1 1 2 1 1 0 0 2 1 0 1 2 2 2 2 0 1 2 2 0 2 2 0 1 2 1 2 1 1 -2 -1 -1 -2 -1 -1 0 0 -2 -1 0 -1 -2 -2 -2 -2 0 -1 -2 -2 0 -2 -2 0 -1 -2 -1 -2 -1 -1
-0.37127428267813 0.134215029226324 -0.178774202611697 1.60110810526058 -1.7599541881421 -1 2 0 0 2 0 2 0 2 2 1 1 1 2 2 2 2 1 2 2 2 1 1 2 0 0 1 0 1 1 1 -2 0 0 -2 0 -2 0 -2 -2 -1 -1 -1 -2 -2 -2 -2 -1 -2 -2 -2 -1 -1 -2 0 0 -1 0 -1 -1 -1
0.0443159063612954 -1.32193637583172 0.0181014958316666 0.673198592765251 -0.290591303077576 -1 2 1 1 2 1 1 1 0 1 1 0 0 2 0 2 2 0 0 1 2 0 1 2 0 0 2 0 2 2 0 -2 -1 -1 -2 -1 -1 -1 0 -1 -1 0 0 -2 0 -2 -2 0 0 -1 -2 0 -1 -2 0 0 -2 0 -2 -2 0
-0.879087576009348 -0.0516470315263046 2.34226328682896 -0.180356710337546 0.91935850798279 -1 2 2 2 2 0 2 1 1 2 1 0 0 2 1 2 2 0 2 1 2 1 0 2 0 0 2 1 2 1 1 -2 -2 -2 -2 0 -2 -1 -1 -2 -1 0 0 -2 -1 -2 -2 0 -2 -1 -2 -1 0 -2 0 0 -2 -1 -2 -1 -1
-1.27551438204887 0.0842494072658253 -1.88129046186665 -0.00335442176958664 0.422540672754215 1 2 2 0 2 0 0 0 1 2 0 0 0 1 1 2 2 0 1 0 2 1 2 2 0 1 2 1 2 2 0 2 2 0 2 0 0 0 1 2 0 0 0 1 1 2 2 0 1 0 2 1 2 2 0 1 2 1 2 2 0
1.4689863978326 -1.09511104644852 0.325132353404037 -1.53191900351887 0.856515887732911 -1 2 2 2 2 1 2 1 1 2 0 0 0 1 0 2 2 0 1 0 2 1 2 2 0 0 2 0 1 1 0 -2 -2 -2 -2 -1 -2 -1 -1 -2 0 0 0 -1 0 -2 -2 0 -1 0 -2 -1 -2 -2 0 0 -2 0 -1 -1 0
-0.727096786876864 0.498854745280711 -1.16894495364579 0.642430815285326 1.42028679470141 1 2 1 1 2 2 1 0 1 2 0 0 1 1 2 2 2 1 2 2 2 1 0 2 0 0 1 0 2 2 1 2 1 1 2 2 1 0 1 2 0 0 1 1 2 2 2 1 2 2 2 1 0 2 0 0 1 0 2 2 1
-1.34249922991374 0.311982236750275 -0.648150806570706 0.0793614533254057 -0.123369224289174 -1 2 2 1 2 0 1 0 1 2 2 0 2 2 2 2 2 1 2 0 1 0 1 2 1 0 2 0 1 2 1 -2 -2 -1 -2 0 -1 0 -1 -2 -2 0 -2 -2 -2 -2 -2 -1 -2 0 -1 0 -1 -2 -1 0 -2 0 -1 -2 -1
-0.0769330150511587 0.432527957503857 -2.40122422105816 -0.171366619321912 -1.90325861322359 -1 1 1 0 2 0 1 0 1 2 1 0 0 1 1 2 2 0 1 2 2 1 2 2 0 0 2 1 2 2 0 -1 -1 0 -2 0 -1 0 -1 -2 -1 0 0 -1 -1 -2 -2 0 -1 -2 -2 -1 -2 -2 0 0 -2 -1 -2 -2 0
0.777717335355517 -1.29101957293874 -1.41981209508113 0.346342368988351 1.13767035818859 1 2 1 1 2 1 2 0 1 2 1 1 1 2 2 2 2 1 2 2 2 0 0 1 0 0 2 0 2 2 0 2 1 1 2 1 2 0 1 2 1 1 1 2 2 2 2 1 2 2 2 0 0 1 0 0 2 0 2 2 0
1.20630628558989 0.184623837565138 -0.538887530685808 -1.46941812392975 -0.525270443949298 1 2 1 0 2 0 2 0 0 0 0 0 1 2 1 2 2 0 2 2 2 2 1 2 0 0 2 0 1 0 0 2 1 0 2 0 2 0 0 0 0 0 1 2 1 2 2 0 2 2 2 2 1 2 0 0 2 0 1 0 0
1.3188515197908 0.0120192960990936 0.290557766061136 0.95998458291715 -2.71595778380447 -1 2 1 0 2 1 2 0 0 2 1 0 1 2 1 2 2 1 1 1 2 0 1 1 0 0 2 1 2 2 2 -2 -1 0 -2 -1 -2 0 0 -2 -1 0 -1 -2 -1 -2 -2 -1 -1 -1 -2 0 -1 -1 0 0 -2 -1 -2 -2 -2
0.955877165958848 0.81229652296903 0.488310614705213 -0.608101799550487 0.0417455270684689 1 1 2 1 2 0 0 0 1 1 0 0 1 2 2 2 2 0 1 0 2 0 0 2 0 1 1 0 2 1 1 1 2 1 2 0 0 0 1 1 0 0 1 2 2 2 2 0 1 0 2 0 0 2 0 1 1 0 2 1 1
1.00926637969715 -1.58335256380494 -0.652351031144098 -0.217055113123196 -0.708535741763226 1 2 2 0 2 0 0 0 0 2 1 1 2 2 1 2 2 0 1 1 1 1 1 2 0 0 2 0 1 2 1 2 2 0 2 0 0 0 0 2 1 1 2 2 1 2 2 0 1 1 1 1 1 2 0 0 2 0 1 2 1
-0.384415380968516 0.348777186382572 -1.42972140896282 -1.28242338010355 0.0534058616318663 1 2 1 1 2 0 2 0 1 1 1 0 0 2 2 2 2 1 1 2 2 2 2 2 0 1 2 1 2 2 1 2 1 1 2 0 2 0 1 1 1 0 0 2 2 2 2 1 1 2 2 2 2 2 0 1 2 1 2 2 1
-1.55586140850922 -0.0874826027570973 1.8644708073114 1.3531391434637 -1.70038547059199 -1 2 0 0 2 0 2 1 2 2 2 0 1 2 1 2 2 1 1 1 2 1 1 2 0 0 2 0 2 2 1 -2 0 0 -2 0 -2 -1 -2 -2 -2 0 -1 -2 -1 -2 -2 -1 -1 -1 -2 -1 -1 -2 0 0 -2 0 -2 -2 -1
-0.71125340187988 1.31430615472706 0.925072666175548 -0.746098589775953 -1.2903264063068 -1 1 2 1 2 1 2 0 1 1 1 0 2 2 2 2 2 1 1 1 2 1 1 2 0 0 2 1 2 2 1 -1 -2 -1 -2 -1 -2 0 -1 -1 -1 0 -2 -2 -2 -2 -2 -1 -1 -1 -2 -1 -1 -2 0 0 -2 -1 -2 -2 -1
-1.05709510628998 -0.581066647766259 -0.328203708791105 -0.145618563983949 -0.42938089293185 -1 2 2 1 2 0 1 0 0 1 1 0 0 1 2 2 2 0 2 1 1 0 1 2 0 0 2 0 2 2 2 -2 -2 -1 -2 0 -1 0 0 -1 -1 0 0 -1 -2 -2 -2 0 -2 -1 -1 0 -1 -2 0 0 -2 0 -2 -2 -2
0.897343582690815 -0.118041099400818 1.33376238343958 -1.43572923563354 -0.761889083743403 -1 1 1 0 2 0 1 0 1 2 2 1 1 1 2 2 2 0 1 1 2 1 1 2 0 0 2 0 1 2 0 -1 -1 0 -2 0 -1 0 -1 -2 -2 -1 -1 -1 -2 -2 -2 0 -1 -1 -2 -1 -1 -2 0 0 -2 0 -1 -2 0
-0.384898498961652 1.55396389565013 0.60936356675936 -0.753792615540246 -0.211600774558182 -1 2 1 0 2 0 2 0 2 2 2 0 2 2 2 2 2 0 2 2 2 1 1 2 0 0 2 1 2 2 2 -2 -1 0 -2 0 -2 0 -2 -2 -2 0 -2 -2 -2 -2 -2 0 -2 -2 -2 -1 -1 -2 0 0 -2 -1 -2 -2 -2
1.96801580084625 1.66683463897746 0.0784247645096856 -0.357395221602533 -2.44858138051911 1 2 1 1 2 0 1 0 1 2 1 0 1 2 1 2 2 0 1 1 2 1 2 2 0 0 2 1 2 2 0 2 1 1 2 0 1 0 1 2 1 0 1 2 1 2 2 0 1 1 2 1 2 2 0 0 2 1 2 2 0
-0.729417799932531 0.460809094670618 -0.653240332876717 -0.391898801615394 0.609109050025036 -1 2 2 1 2 2 2 1 2 2 1 0 0 2 2 2 2 0 1 1 1 1 1 2 0 0 2 0 2 2 0 -2 -2 -1 -2 -2 -2 -1 -2 -2 -1 0 0 -2 -2 -2 -2 0 -1 -1 -1 -1 -1 -2 0 0 -2 0 -2 -2 0
-1.71273005907614 0.69722414406422 -0.326398496190768 -0.421585195082821 -0.200780325780179 1 2 2 1 2 0 0 0 1 2 0 0 0 2 1 0 1 0 2 2 2 0 1 2 0 0 2 0 2 1 1 2 2 1 2 0 0 0 1 2 0 0 0 2 1 0 1 0 2 2 2 0 1 2 0 0 2 0 2 1 1
-0.00612660372160715 1.32036616593737 -0.822290786366335 -0.0307525059893574 -0.213277145125912 -1 2 2 0 2 0 0 0 0 0 0 0 1 2 1 2 2 0 1 0 2 0 2 2 0 0 2 0 1 1 0 -2 -2 0 -2 0 0 0 0 0 0 0 -1 -2 -1 -2 -2 0 -1 0 -2 0 -2 -2 0 0 -2 0 -1 -1 0
-0.48189866319623 -2.3746639765344 -1.10636051969881 -1.23739517308962 -0.887365309311648 1 2 1 0 2 0 2 0 2 2 2 0 0 1 0 2 1 0 1 0 1 0 1 2 0 0 2 0 2 2 1 2 1 0 2 0 2 0 2 2 2 0 0 1 0 2 1 0 1 0 1 0 1 2 0 0 2 0 2 2 1
-0.0964631639744579 0.680556726750377 0.846843187949925 0.533405592126437 0.987107974480338 -1 2 2 0 2 0 2 1 2 2 2 0 1 2 1 2 2 1 2 2 2 2 2 2 0 0 2 0 2 2 1 -2 -2 0 -2 0 -2 -1 -2 -2 -2 0 -1 -2 -1 -2 -2 -1 -2 -2 -2 -2 -2 -2 0 0 -2 0 -2 -2 -1
0.151749792370722 0.555761774740944 0.909383877898918 -1.0805214702089 0.315126587030753 -1 2 1 0 2 0 2 1 2 2 1 1 1 1 1 2 2 1 2 2 2 0 1 2 0 0 2 0 1 2 0 -2 -1 0 -2 0 -2 -1 -2 -2 -1 -1 -1 -1 -1 -2 -2 -1 -2 -2 -2 0 -1 -2 0 0 -2 0 -1 -2 0
1.29710581975946 0.716744269868946 0.0503531779952924 1.9844432952886 0.483474224618818 -1 2 1 2 2 1 2 0 2 2 2 1 2 2 2 2 2 1 1 1 2 0 0 2 0 0 2 0 2 2 1 -2 -1 -2 -2 -1 -2 0 -2 -2 -2 -1 -2 -2 -2 -2 -2 -1 -1 -1 -2 0 0 -2 0 0 -2 0 -2 -2 -1
-0.915229120611002 0.775604582909605 0.279049650845109 0.717436259807842 -0.179615219092881 -1 2 1 0 2 0 2 1 2 2 0 0 1 2 2 2 2 0 1 0 2 0 1 2 0 0 2 0 1 0 0 -2 -1 0 -2 0 -2 -1 -2 -2 0 0 -1 -2 -2 -2 -2 0 -1 0 -2 0 -1 -2 0 0 -2 0 -1 0 0
-1.43985230459628 0.577845064106754 -0.491744159198557 -1.30630545903993 -0.47882346737598 1 2 1 0 2 0 1 0 0 2 1 0 0 1 2 2 2 1 2 1 1 0 2 2 0 0 2 1 2 1 0 2 1 0 2 0 1 0 0 2 1 0 0 1 2 2 2 1 2 1 1 0 2 2 0 0 2 1 2 1 0
0.435875568186191 -1.42274778384444 -1.18924782594111 -1.25796423014803 -0.558392963166742 -1 2 1 0 2 2 2 0 2 2 1 0 0 1 2 2 2 1 2 2 2 1 2 2 0 0 2 0 2 1 1 -2 -1 0 -2 -2 -2 0 -2 -2 -1 0 0 -1 -2 -2 -2 -1 -2 -2 -2 -1 -2 -2 0 0 -2 0 -2 -1 -1
-1.4674458550995 -0.802927485012969 -1.43132602737584 -0.470168375638379 1.78145106915954 1 2 1 1 2 1 2 1 1 1 0 0 0 1 0 2 2 0 1 0 2 1 1 2 0 0 2 0 2 1 1 2 1 1 2 1 2 1 1 1 0 0 0 1 0 2 2 0 1 0 2 1 1 2 0 0 2 0 2 1 1
-0.476154271791164 -0.257019194778252 -0.844110667601949 -0.717768413820896 0.399049213524501 -1 1 0 0 2 2 2 0 0 2 1 1 1 1 2 2 2 0 1 1 2 0 1 2 0 0 1 0 1 1 0 -1 0 0 -2 -2 -2 0 0 -2 -1 -1 -1 -1 -2 -2 -2 0 -1 -1 -2 0 -1 -2 0 0 -1 0 -1 -1 0
0.316300886131188 -0.185065086796748 1.88567483663302 -0.451649817268814 0.421772468649882 1 2 2 0 2 1 1 0 1 2 1 0 0 2 2 2 2 1 2 2 2 1 2 2 0 1 2 0 1 2 1 2 2 0 2 1 1 0 1 2 1 0 0 2 2 2 2 1 2 2 2 1 2 2 0 1 2 0 1 2 1
-0.372545012321854 -1.24297589769918 -0.587845354979938 -0.179449831334275 -0.141402157561596 -1 2 2 0 2 2 2 0 0 2 1 0 0 1 2 2 2 0 2 1 2 1 1 2 0 0 2 0 2 1 0 -2 -2 0 -2 -2 -2 0 0 -2 -1 0 0 -1 -2 -2 -2 0 -2 -1 -2 -1 -1 -2 0 0 -2 0 -2 -1 0
1.14473508472037 -0.327664517617729 0.835073865179241 0.782836634724986 -1.16229207712058 -1 2 1 1 2 1 1 1 1 2 0 0 0 2 2 2 2 0 1 1 1 0 0 2 0 0 2 0 1 1 0 -2 -1 -1 -2 -1 -1 -1 -1 -2 0 0 0 -2 -2 -2 -2 0 -1 -1 -1 0 0 -2 0 0 -2 0 -1 -1 0
0.319547771983646 0.696440041399826 -0.0638248598557258 0.35618165939411 0.152284954869481 -1 2 2 0 2 0 0 0 1 2 0 0 0 1 2 2 2 2 2 2 2 1 2 2 0 0 2 0 1 2 0 -2 -2 0 -2 0 0 0 -1 -2 0 0 0 -1 -2 -2 -2 -2 -2 -2 -2 -1 -2 -2 0 0 -2 0 -1 -2 0
0.258533397591846 -0.931206914274596 0.0273330155073126 0.654271297996528 -1.71701218339798 1 2 2 0 2 1 1 0 1 2 1 0 1 2 0 1 1 0 1 1 2 0 0 2 1 0 2 0 1 2 0 2 2 0 2 1 1 0 1 2 1 0 1 2 0 1 1 0 1 1 2 0 0 2 1 0 2 0 1 2 0
0.262396988933418 -0.283870737404465 0.629159954414024 -0.648996028080516 -0.757677588326295 1 2 1 0 2 1 2 1 1 2 1 0 2 2 1 2 2 1 2 0 2 1 1 2 0 1 2 0 2 2 2 2 1 0 2 1 2 1 1 2 1 0 2 2 1 2 2 1 2 0 2 1 1 2 0 1 2 0 2 2 2
-1.28949955771891 1.02181458224963 -0.743690538060519 0.0755655019955201 0.395340988739025 1 2 2 1 2 0 2 0 0 1 0 0 0 0 2 2 2 0 2 1 2 0 0 2 0 0 2 0 2 1 0 2 2 1 2 0 2 0 0 1 0 0 0 0 2 2 2 0 2 1 2 0 0 2 0 0 2 0 2 1 0
1.04987201954738 0.731283123577021 0.959932041874137 0.47727789955255 2.01392655409576 1 2 1 0 2 0 2 1 2 2 1 0 0 2 2 2 2 0 2 1 2 1 1 2 0 0 2 1 2 2 2 2 1 0 2 0 2 1 2 2 1 0 0 2 2 2 2 0 2 1 2 1 1 2 0 0 2 1 2 2 2
-0.128245231909067 -1.45037388716879 -0.45974302828145 -0.826116065964268 1.56282928116394 1 2 2 1 2 0 2 0 0 2 1 1 1 2 2 2 2 0 1 1 1 0 1 2 0 0 2 0 2 1 0 2 2 1 2 0 2 0 0 2 1 1 1 2 2 2 2 0 1 1 1 0 1 2 0 0 2 0 2 1 0
0.567968817770831 -0.830855579434891 -1.00950939167901 -0.191123136275828 -0.393157318975745 -1 2 1 2 2 2 2 1 2 2 1 1 2 2 2 2 1 1 2 1 1 0 1 2 0 0 2 0 2 2 0 -2 -1 -2 -2 -2 -2 -1 -2 -2 -1 -1 -2 -2 -2 -2 -1 -1 -2 -1 -1 0 -1 -2 0 0 -2 0 -2 -2 0
0.260908709385358 0.0929331866303677 -2.07245603200906 0.561981468956259 0.134890540506681 -1 2 1 0 2 0 1 0 0 1 0 0 0 1 2 2 2 1 1 0 2 0 1 2 0 0 2 0 2 2 1 -2 -1 0 -2 0 -1 0 0 -1 0 0 0 -1 -2 -2 -2 -1 -1 0 -2 0 -1 -2 0 0 -2 0 -2 -2 -1
1.59477122789767 -1.59287615485238 0.308721561529749 0.634315780738903 1.08421426836773 -1 2 1 1 1 1 1 0 1 2 1 0 2 2 2 2 2 1 2 1 1 0 0 2 0 1 2 0 2 2 1 -2 -1 -1 -1 -1 -1 0 -1 -2 -1 0 -2 -2 -2 -2 -2 -1 -2 -1 -1 0 0 -2 0 -1 -2 0 -2 -2 -1
-0.697613148945167 -0.0678347847726138 -0.936500165409529 -0.551681273269477 0.518716973392738 1 2 1 1 2 0 1 0 0 1 0 0 1 1 1 2 2 1 2 1 2 0 2 2 0 0 2 0 1 1 0 2 1 1 2 0 1 0 0 1 0 0 1 1 1 2 2 1 2 1 2 0 2 2 0 0 2 0 1 1 0
0.500063048003016 -1.11998896938703 0.880549865808453 0.515972458124689 -0.178764421593548 -1 2 1 0 2 1 1 0 0 2 2 0 1 2 1 2 2 1 2 1 2 0 2 2 0 0 2 0 0 0 0 -2 -1 0 -2 -1 -1 0 0 -2 -2 0 -1 -2 -1 -2 -2 -1 -2 -1 -2 0 -2 -2 0 0 -2 0 0 0 0
-0.00697974774480062 -0.469905005839091 -0.594147713443827 -2.02688195038757 0.876705250051383 1 1 0 0 2 0 2 0 0 0 0 0 1 2 2 2 2 0 2 2 2 2 2 2 1 1 2 0 2 2 0 1 0 0 2 0 2 0 0 0 0 0 1 2 2 2 2 0 2 2 2 2 2 2 1 1 2 0 2 2 0
-0.457705762638262 0.844858685129316 -0.534136010141844 -0.239494898517075 -1.85753360458476 1 2 1 1 2 1 2 1 1 2 1 0 2 2 2 2 2 0 2 1 2 2 1 2 1 0 2 0 2 2 0 2 1 1 2 1 2 1 1 2 1 0 2 2 2 2 2 0 2 1 2 2 1 2 1 0 2 0 2 2 0
1.6619200456091 0.610292258797909 -0.390763017163296 1.43719346293588 0.862612326428232 -1 1 1 1 2 0 0 1 2 2 1 0 1 0 1 2 2 1 2 2 2 1 1 2 0 0 1 0 1 2 0 -1 -1 -1 -2 0 0 -1 -2 -2 -1 0 -1 0 -1 -2 -2 -1 -2 -2 -2 -1 -1 -2 0 0 -1 0 -1 -2 0
1.21628467829501 2.12241683633067 0.168579207068652 0.466982715813857 -1.81512554396527 -1 2 0 0 2 1 2 0 2 2 0 0 2 1 2 2 2 0 1 1 2 1 1 1 0 0 2 0 2 1 0 -2 0 0 -2 -1 -2 0 -2 -2 0 0 -2 -1 -2 -2 -2 0 -1 -1 -2 -1 -1 -1 0 0 -2 0 -2 -1 0
1.1530191897047 -1.8242987674974 -1.14091122891384 0.365862360848935 0.532181669927454 1 2 2 0 2 0 1 0 2 2 0 0 1 1 2 2 2 1 2 1 1 0 0 1 0 0 2 1 2 2 1 2 2 0 2 0 1 0 2 2 0 0 1 1 2 2 2 1 2 1 1 0 0 1 0 0 2 1 2 2 1
-1.95933091281901 -0.998570269018794 -0.0473479131402775 0.400422170840845 -0.566674167981673 -1 2 0 0 2 0 2 0 1 2 1 0 1 1 2 2 2 0 1 1 2 1 1 2 0 1 2 0 1 2 1 -2 0 0 -2 0 -2 0 -1 -2 -1 0 -1 -1 -2 -2 -2 0 -1 -1 -2 -1 -1 -2 0 -1 -2 0 -1 -2 -1
1.05833846155193 1.48412489414509 0.7725181768674 0.501836982316559 0.251268652907029 1 2 1 1 2 0 2 0 1 2 0 0 2 2 1 2 2 0 2 1 2 1 1 2 0 0 2 1 2 2 0 2 1 1 2 0 2 0 1 2 0 0 2 2 1 2 2 0 2 1 2 1 1 2 0 0 2 1 2 2 0
-0.622105749438894 0.0350741222391111 1.69805643598486 1.26684898912482 0.96371363709889 -1 2 1 0 2 0 1 0 1 2 1 0 2 2 2 2 2 0 2 1 2 0 1 2 0 0 2 0 2 1 1 -2 -1 0 -2 0 -1 0 -1 -2 -1 0 -2 -2 -2 -2 -2 0 -2 -1 -2 0 -1 -2 0 0 -2 0 -2 -1 -1
-0.0459871455042356 1.40755592412741 -0.129179242556899 -1.90361526666508 -0.199857290753274 -1 2 1 1 2 0 2 1 2 1 0 0 1 1 2 2 2 2 2 2 2 0 1 2 1 2 2 0 1 2 0 -2 -1 -1 -2 0 -2 -1 -2 -1 0 0 -1 -1 -2 -2 -2 -2 -2 -2 -2 0 -1 -2 -1 -2 -2 0 -1 -2 0
0.26693434709029 1.64330544625696 -1.17286644221153 -0.319099504898828 -1.47034051081749 -1 2 1 0 2 0 0 0 1 1 1 0 2 2 2 2 2 1 2 1 1 1 1 2 1 1 2 0 2 2 1 -2 -1 0 -2 0 0 0 -1 -1 -1 0 -2 -2 -2 -2 -2 -1 -2 -1 -1 -1 -1 -2 -1 -1 -2 0 -2 -2 -1
2.33545076263877 -0.24950064931098 0.715527346823982 -0.880902090253458 -0.75284660279843 1 2 2 1 2 0 1 1 2 2 0 0 2 1 2 2 2 2 2 1 2 1 2 1 0 0 2 0 1 2 0 2 2 1 2 0 1 1 2 2 0 0 2 1 2 2 2 2 2 1 2 1 2 1 0 0 2 0 1 2 0
0.416295499494126 -2.53021158167953 0.754852418120587 -0.00390962816694178 -1.40582799744336 1 1 1 0 2 0 1 0 0 2 2 0 0 1 2 2 2 0 0 0 2 0 1 2 0 0 2 0 2 2 1 1 1 0 2 0 1 0 0 2 2 0 0 1 2 2 2 0 0 0 2 0 1 2 0 0 2 0 2 2 1
0.583192940521517 0.959923208048382 -0.130980353303597 0.988808702803663 -2.48253492293814 1 2 2 2 2 0 2 1 2 2 2 0 0 2 2 2 2 1 1 1 2 0 0 2 0 0 2 0 1 2 0 2 2 2 2 0 2 1 2 2 2 0 0 2 2 2 2 1 1 1 2 0 0 2 0 0 2 0 1 2 0
-0.289287510082822 0.655220245738441 -1.4472775217741 0.253059945613095 -1.50128895439882 1 2 1 0 2 0 0 0 0 0 0 0 1 2 2 2 2 1 2 0 2 1 1 2 0 0 2 0 2 2 1 2 1 0 2 0 0 0 0 0 0 0 1 2 2 2 2 1 2 0 2 1 1 2 0 0 2 0 2 2 1
-0.441273826546327 -0.813293159551459 -1.08439682314735 2.05434441839809 0.165408839029117 -1 2 2 1 2 0 2 0 1 1 1 0 1 2 2 2 2 0 1 0 2 1 2 2 0 0 2 0 2 2 0 -2 -2 -1 -2 0 -2 0 -1 -1 -1 0 -1 -2 -2 -2 -2 0 -1 0 -2 -1 -2 -2 0 0 -2 0 -2 -2 0
0.0418835735229063 -1.16863579668366 1.20053583761901 -0.940826339325758 -2.08301359683287 -1 2 1 0 2 1 2 0 1 2 0 0 0 2 2 2 2 1 2 2 2 1 0 1 0 1 2 0 1 2 1 -2 -1 0 -2 -1 -2 0 -1 -2 0 0 0 -2 -2 -2 -2 -1 -2 -2 -2 -1 0 -1 0 -1 -2 0 -1 -2 -1
2.44168445112532 1.15113229692722 1.55638102212479 -1.08891647250969 -1.21839646934969 -1 2 1 0 2 0 1 0 0 1 0 0 0 2 1 2 2 0 1 1 2 1 2 2 0 0 2 0 2 2 1 -2 -1 0 -2 0 -1 0 0 -1 0 0 0 -2 -1 -2 -2 0 -1 -1 -2 -1 -2 -2 0 0 -2 0 -2 -2 -1
0.351965896694441 -3.13185042627246 -1.82903290845705 0.58114379302512 0.0256056143357579 1 1 0 0 2 0 1 0 1 2 0 0 0 1 1 2 2 0 2 1 1 0 0 1 0 0 2 0 1 1 0 1 0 0 2 0 1 0 1 2 0 0 0 1 1 2 2 0 2 1 1 0 0 1 0 0 2 0 1 1 0
-1.29909799053819 1.32647170508684 0.160741619676202 0.346224511076956 0.0502142916962741 -1 2 1 0 2 0 2 2 1 1 0 0 1 2 0 2 2 0 2 2 2 1 2 1 0 0 2 0 1 0 0 -2 -1 0 -2 0 -2 -2 -1 -1 0 0 -1 -2 0 -2 -2 0 -2 -2 -2 -1 -2 -1 0 0 -2 0 -1 0 0
0.0874259438504786 -0.339530615926147 -0.338949635319697 -0.732581500162527 1.09167179820618 -1 2 0 1 2 0 1 0 1 1 0 0 0 1 2 2 2 1 2 1 2 1 1 2 2 1 2 0 1 2 2 -2 0 -1 -2 0 -1 0 -1 -1 0 0 0 -1 -2 -2 -2 -1 -2 -1 -2 -1 -1 -2 -2 -1 -2 0 -1 -2 -2
-2.841646810913 0.709338721143695 -1.46085004245054 0.564720862509659 1.04426597621334 1 1 0 0 2 1 2 0 2 2 1 1 2 1 1 2 2 0 0 0 1 0 1 2 0 0 0 0 2 2 1 1 0 0 2 1 2 0 2 2 1 1 2 1 1 2 2 0 0 0 1 0 1 2 0 0 0 0 2 2 1
-0.451257993911101 0.0218116214486838 0.23910607403525 -0.74524330850503 1.82787326265924 -1 1 0 0 2 0 1 0 1 2 0 0 1 2 1 2 2 1 2 2 1 0 2 2 0 0 2 0 1 2 1 -1 0 0 -2 0 -1 0 -1 -2 0 0 -1 -2 -1 -2 -2 -1 -2 -2 -1 0 -2 -2 0 0 -2 0 -1 -2 -1
-1.34092445049608 1.89764338028034 -0.147892824005716 0.167628031101299 0.438096348849218 -1 1 1 0 2 0 1 0 1 1 1 0 1 2 1 2 2 0 2 1 2 0 0 2 0 0 2 1 2 2 0 -1 -1 0 -2 0 -1 0 -1 -1 -1 0 -1 -2 -1 -2 -2 0 -2 -1 -2 0 0 -2 0 0 -2 -1 -2 -2 0
0.102992547433859 0.900363534360786 -0.259760549052619 -1.70483325245115 1.71538055590548 1 2 2 2 2 0 1 1 2 2 1 1 1 2 0 1 2 1 2 1 2 1 2 2 0 2 2 0 1 2 1 2 2 2 2 0 1 1 2 2 1 1 1 2 0 1 2 1 2 1 2 1 2 2 0 2 2 0 1 2 1
