-1.26758170655283 1.26045423691704 -1.8554547378346 -0.651596069517961 0.770833050541356 -1 2 2 2 0 0 0 0 0 2 2 0 1 2 0 0 1 0 1 0 1 0 2 2 1 2 2 1 2 2 1 -2 -2 -2 0 0 0 0 0 -2 -2 0 -1 -2 0 0 -1 0 -1 0 -1 0 -2 -2 -1 -2 -2 -1 -2 -2 -1
0.682931381320406 0.133226483365853 1.03891632599904 -1.6104180051369 -1.03619294209947 -1 0 2 2 0 0 0 1 1 2 2 1 2 2 0 0 2 0 1 0 2 0 2 2 0 0 2 2 2 2 0 0 -2 -2 0 0 0 -1 -1 -2 -2 -1 -2 -2 0 0 -2 0 -1 0 -2 0 -2 -2 0 0 -2 -2 -2 -2 0
-0.254749294585519 0.433021579224839 0.0831279839035164 1.46907363418192 0.185336625843489 -1 1 2 2 0 1 0 1 2 2 2 2 2 2 2 1 1 1 1 1 2 0 2 2 2 2 2 2 2 2 1 -1 -2 -2 0 -1 0 -1 -2 -2 -2 -2 -2 -2 -2 -1 -1 -1 -1 -1 -2 0 -2 -2 -2 -2 -2 -2 -2 -2 -1
-0.402791474045729 0.815810250923334 -1.59574874242194 0.227581176151792 1.25782606011131 -1 1 2 2 0 1 1 2 1 2 2 2 1 2 0 0 2 1 2 1 1 0 2 2 1 2 2 2 2 1 1 -1 -2 -2 0 -1 -1 -2 -1 -2 -2 -2 -1 -2 0 0 -2 -1 -2 -1 -1 0 -2 -2 -1 -2 -2 -2 -2 -1 -1
0.976572710686735 1.86798347970637 -0.289709604042864 -0.785524098854406 1.30835034213785 1 1 2 2 0 1 0 1 2 2 2 2 1 2 0 0 2 1 1 1 2 0 2 2 1 1 2 1 2 2 0 1 2 2 0 1 0 1 2 2 2 2 1 2 0 0 2 1 1 1 2 0 2 2 1 1 2 1 2 2 0
-0.496663818115489 -1.50756304859765 0.00389279615292943 -1.24580996739665 -1.55825188140517 1 2 2 2 0 0 1 0 2 2 2 1 2 2 0 0 1 1 1 0 1 0 2 2 1 2 2 2 2 2 1 2 2 2 0 0 1 0 2 2 2 1 2 2 0 0 1 1 1 0 1 0 2 2 1 2 2 2 2 2 1
-1.01121746474957 0.423916154733377 -0.235807441157783 -0.0314750112812024 0.00778803521613575 -1 2 2 2 1 0 1 2 1 2 2 1 2 2 0 0 1 0 2 1 1 0 2 2 1 1 2 2 2 2 1 -2 -2 -2 -1 0 -1 -2 -1 -2 -2 -1 -2 -2 0 0 -1 0 -2 -1 -1 0 -2 -2 -1 -1 -2 -2 -2 -2 -1
-0.365376857139824 -1.42073492854098 0.960064360231211 0.122325090870982 -0.219284414175853 -1 0 1 2 0 0 1 1 0 1 2 1 2 2 0 1 2 0 2 1 1 0 2 2 2 2 2 1 2 2 0 0 -1 -2 0 0 -1 -1 0 -1 -2 -1 -2 -2 0 -1 -2 0 -2 -1 -1 0 -2 -2 -2 -2 -2 -1 -2 -2 0
0.10949859121077 -0.702316090626641 -1.00237255324939 -0.223743325714166 -0.703714997083078 -1 1 2 2 0 0 0 1 0 0 2 1 1 2 0 0 2 0 1 2 1 0 2 2 2 2 2 2 2 0 0 -1 -2 -2 0 0 0 -1 0 0 -2 -1 -1 -2 0 0 -2 0 -1 -2 -1 0 -2 -2 -2 -2 -2 -2 -2 0 0
-0.789693760234848 0.53455067412977 0.636881351690692 0.816227133482302 0.770152529505162 -1 2 2 2 1 1 0 1 1 1 2 1 2 2 0 0 1 0 0 1 2 0 2 2 1 1 2 2 2 2 0 -2 -2 -2 -1 -1 0 -1 -1 -1 -2 -1 -2 -2 0 0 -1 0 0 -1 -2 0 -2 -2 -1 -1 -2 -2 -2 -2 0
-0.182556191324341 -0.0915892847583649 -0.361629718255901 0.698605226895548 0.874625448812851 -1 0 1 2 0 0 0 0 0 0 2 2 2 2 1 0 1 0 0 0 1 0 0 2 2 1 2 2 2 2 2 0 -1 -2 0 0 0 0 0 0 -2 -2 -2 -2 -1 0 -1 0 0 0 -1 0 0 -2 -2 -1 -2 -2 -2 -2 -2
0.049922595847447 0.547920740465415 -0.407548551193962 0.397667056160594 -1.08675656868745 -1 1 2 2 0 0 1 1 1 2 1 0 2 2 0 0 2 1 1 1 2 0 2 2 2 2 1 1 2 2 1 -1 -2 -2 0 0 -1 -1 -1 -2 -1 0 -2 -2 0 0 -2 -1 -1 -1 -2 0 -2 -2 -2 -2 -1 -1 -2 -2 -1
0.804235463605086 -0.318279927259535 0.422679667642585 -0.953300036582115 0.439164330796395 -1 2 2 2 2 2 2 2 1 2 1 2 1 2 1 1 1 0 1 0 1 0 1 2 1 1 1 0 1 2 1 -2 -2 -2 -2 -2 -2 -2 -1 -2 -1 -2 -1 -2 -1 -1 -1 0 -1 0 -1 0 -1 -2 -1 -1 -1 0 -1 -2 -1
0.809343485381851 -1.88818159839849 0.540020473910552 -0.747715138411384 1.08435649040594 -1 1 1 2 0 0 2 1 2 2 1 1 1 2 1 0 2 0 1 1 1 0 0 2 2 2 2 1 2 1 0 -1 -1 -2 0 0 -2 -1 -2 -2 -1 -1 -1 -2 -1 0 -2 0 -1 -1 -1 0 0 -2 -2 -2 -2 -1 -2 -1 0
1.25387900534115 1.1169084785947 -0.202566596323604 -0.781331443435966 0.928926031398326 1 1 2 2 0 0 0 1 1 2 2 2 1 2 2 1 2 1 1 1 2 0 2 2 2 2 2 1 2 1 0 1 2 2 0 0 0 1 1 2 2 2 1 2 2 1 2 1 1 1 2 0 2 2 2 2 2 1 2 1 0
-0.508757512841262 0.924022639729424 -0.818708110702316 0.236176725182043 -0.111121912662516 -1 1 1 2 1 2 1 1 1 2 1 0 1 2 0 1 1 0 1 1 2 0 2 2 2 2 2 2 2 2 1 -1 -1 -2 -1 -2 -1 -1 -1 -2 -1 0 -1 -2 0 -1 -1 0 -1 -1 -2 0 -2 -2 -2 -2 -2 -2 -2 -2 -1
1.21103057954769 1.82232447359059 0.908963101371669 0.00873817640253865 1.06936809498771 -1 1 2 2 1 0 0 0 1 2 2 2 2 2 1 0 2 0 1 1 2 0 1 2 2 1 2 1 2 2 0 -1 -2 -2 -1 0 0 0 -1 -2 -2 -2 -2 -2 -1 0 -2 0 -1 -1 -2 0 -1 -2 -2 -1 -2 -1 -2 -2 0
1.02658649784588 1.14670161894328 2.19336044274329 0.805300148092558 0.0840487159014656 1 1 2 2 0 0 0 1 0 2 2 2 2 2 2 1 1 0 1 1 2 0 2 2 1 2 2 0 1 0 0 1 2 2 0 0 0 1 0 2 2 2 2 2 2 1 1 0 1 1 2 0 2 2 1 2 2 0 1 0 0
0.567050577620202 -1.07344627060479 0.164217278408271 1.1994418822092 -0.931410588425253 -1 2 2 2 1 1 0 0 0 2 2 2 2 2 0 0 1 0 1 0 0 0 0 2 1 2 2 1 2 2 0 -2 -2 -2 -1 -1 0 0 0 -2 -2 -2 -2 -2 0 0 -1 0 -1 0 0 0 0 -2 -1 -2 -2 -1 -2 -2 0
-0.854469747972082 0.312731481553222 -0.542511966271336 -0.809755317639875 -0.191146728536204 1 2 2 2 0 0 0 1 0 2 2 2 2 2 1 0 2 0 0 0 2 0 2 2 2 1 1 0 1 1 0 2 2 2 0 0 0 1 0 2 2 2 2 2 1 0 2 0 0 0 2 0 2 2 2 1 1 0 1 1 0
0.900632291182674 0.274435972231223 -0.764240901999334 -1.01790653530097 0.165719857140349 -1 2 2 2 0 1 2 2 0 2 2 2 1 2 1 1 2 1 2 2 2 0 2 2 2 2 1 2 2 2 0 -2 -2 -2 0 -1 -2 -2 0 -2 -2 -2 -1 -2 -1 -1 -2 -1 -2 -2 -2 0 -2 -2 -2 -2 -1 -2 -2 -2 0
-0.967273942526919 -1.70907629528374 -0.332375223451735 -0.680489026395952 -1.60693826141949 1 2 2 2 0 0 2 1 1 2 2 2 2 2 0 0 0 0 1 0 0 0 2 2 1 1 1 1 2 2 0 2 2 2 0 0 2 1 1 2 2 2 2 2 0 0 0 0 1 0 0 0 2 2 1 1 1 1 2 2 0
0.545491930348448 1.63706734957144 0.246039215879049 -0.131401701898929 -1.32701041802019 -1 0 1 2 0 0 0 0 1 1 2 1 1 2 0 0 2 1 1 0 2 0 1 1 2 2 2 0 1 1 0 0 -1 -2 0 0 0 0 -1 -1 -2 -1 -1 -2 0 0 -2 -1 -1 0 -2 0 -1 -1 -2 -2 -2 0 -1 -1 0
0.79406075231296 1.35414408873705 -0.485521744071491 -1.20457139677322 1.04305888176152 1 2 2 2 1 2 2 2 2 2 2 2 1 2 1 0 0 0 2 2 2 0 2 2 1 1 1 1 2 1 0 2 2 2 1 2 2 2 2 2 2 2 1 2 1 0 0 0 2 2 2 0 2 2 1 1 1 1 2 1 0
-1.01692145484669 1.0197628500779 -0.624768767572701 -0.895068751704732 1.30481880102202 -1 2 2 2 0 1 1 2 2 2 2 2 2 2 2 1 1 1 1 0 2 0 2 2 1 2 1 0 0 1 0 -2 -2 -2 0 -1 -1 -2 -2 -2 -2 -2 -2 -2 -2 -1 -1 -1 -1 0 -2 0 -2 -2 -1 -2 -1 0 0 -1 0
0.614187826596783 -1.37936024382573 1.0113915945186 -0.761618659163241 0.411453207125891 -1 1 2 2 1 0 1 2 1 2 2 2 0 2 0 0 2 0 1 0 1 0 2 2 2 2 2 2 2 1 1 -1 -2 -2 -1 0 -1 -2 -1 -2 -2 -2 0 -2 0 0 -2 0 -1 0 -1 0 -2 -2 -2 -2 -2 -2 -2 -1 -1
-0.279268627221531 0.174470049243876 2.34291329038942 1.13916808689947 -0.669396935169538 -1 2 2 2 0 1 0 1 1 1 2 2 1 2 1 1 1 0 1 0 2 0 2 2 2 2 1 0 1 1 0 -2 -2 -2 0 -1 0 -1 -1 -1 -2 -2 -1 -2 -1 -1 -1 0 -1 0 -2 0 -2 -2 -2 -2 -1 0 -1 -1 0
0.628079967634294 0.220737281791283 0.13119150924677 1.09674590500031 -0.913869763747352 -1 2 1 2 0 0 0 1 1 2 2 2 0 2 1 0 2 0 1 0 1 0 2 2 2 2 2 1 2 1 0 -2 -1 -2 0 0 0 -1 -1 -2 -2 -2 0 -2 -1 0 -2 0 -1 0 -1 0 -2 -2 -2 -2 -2 -1 -2 -1 0
-0.146405686154712 -0.937137325540857 1.61791962494288 0.892075443817007 -0.515184140403973 -1 1 1 2 0 0 0 0 0 1 2 2 2 2 0 0 0 0 1 0 1 0 2 2 1 2 2 1 2 2 1 -1 -1 -2 0 0 0 0 0 -1 -2 -2 -2 -2 0 0 0 0 -1 0 -1 0 -2 -2 -1 -2 -2 -1 -2 -2 -1
2.42709514734654 -0.170349584273553 -0.560115229868922 0.568039462387873 -1.54483289556479 -1 2 2 2 1 0 0 0 1 2 2 2 2 2 0 1 1 0 1 0 2 0 2 2 1 2 2 0 1 0 1 -2 -2 -2 -1 0 0 0 -1 -2 -2 -2 -2 -2 0 -1 -1 0 -1 0 -2 0 -2 -2 -1 -2 -2 0 -1 0 -1
1.0663573747617 1.70615811714259 -0.540972195727803 -0.498791636083664 -0.644056725332089 1 1 1 2 0 0 1 2 1 2 1 0 1 1 0 0 2 0 2 2 2 0 2 2 2 2 2 1 2 1 0 1 1 2 0 0 1 2 1 2 1 0 1 1 0 0 2 0 2 2 2 0 2 2 2 2 2 1 2 1 0
-0.399942488363038 -0.872988766999015 -0.527826874626854 -0.170511049240516 -0.441935780208834 1 0 2 2 0 1 0 1 0 2 2 1 1 2 1 0 2 0 0 1 2 0 2 2 1 1 1 1 1 2 0 0 2 2 0 1 0 1 0 2 2 1 1 2 1 0 2 0 0 1 2 0 2 2 1 1 1 1 1 2 0
1.42099457388959 0.79870722479026 -1.27784490178513 -0.592877084622611 0.555253617464474 -1 2 2 2 0 1 1 1 1 2 2 0 1 2 0 0 2 1 2 0 2 0 2 2 2 1 2 1 1 0 0 -2 -2 -2 0 -1 -1 -1 -1 -2 -2 0 -1 -2 0 0 -2 -1 -2 0 -2 0 -2 -2 -2 -1 -2 -1 -1 0 0
-0.551791551683354 0.407661584415711 0.684566966831055 1.35632978890072 0.331803945075239 1 1 2 2 0 0 1 1 1 2 2 2 1 2 0 0 2 1 2 1 2 0 2 2 1 2 0 1 2 2 0 1 2 2 0 0 1 1 1 2 2 2 1 2 0 0 2 1 2 1 2 0 2 2 1 2 0 1 2 2 0
1.56671679626318 -0.858953015208679 -0.182400432906865 1.32728908026588 -0.25853013392036 -1 2 2 2 1 1 1 0 0 2 2 2 2 2 1 1 1 0 2 2 2 0 1 2 2 2 1 1 2 1 0 -2 -2 -2 -1 -1 -1 0 0 -2 -2 -2 -2 -2 -1 -1 -1 0 -2 -2 -2 0 -1 -2 -2 -2 -1 -1 -2 -1 0
0.820197354551902 0.757747707830278 -0.438939323910861 -1.15644229591267 -0.115725905219186 -1 2 2 2 0 1 0 0 0 2 2 2 2 2 1 1 2 1 2 2 2 0 2 2 2 2 2 1 2 2 1 -2 -2 -2 0 -1 0 0 0 -2 -2 -2 -2 -2 -1 -1 -2 -1 -2 -2 -2 0 -2 -2 -2 -2 -2 -1 -2 -2 -1
-0.658872444004321 0.909662592541614 -0.403589305983017 0.377045186162589 -1.16138706234849 -1 1 2 2 1 1 1 2 2 1 2 2 2 2 2 1 2 0 1 2 2 0 1 2 0 2 2 0 2 1 1 -1 -2 -2 -1 -1 -1 -2 -2 -1 -2 -2 -2 -2 -2 -1 -2 0 -1 -2 -2 0 -1 -2 0 -2 -2 0 -2 -1 -1
-0.786605984930416 0.704169421834988 0.0716411758915249 0.667590057720969 -1.55278772490549 -1 2 2 2 1 1 1 1 1 1 2 1 1 1 1 0 2 0 1 0 1 1 2 2 2 2 2 2 2 2 1 -2 -2 -2 -1 -1 -1 -1 -1 -1 -2 -1 -1 -1 -1 0 -2 0 -1 0 -1 -1 -2 -2 -2 -2 -2 -2 -2 -2 -1
0.412339068721349 -1.91341613429648 0.650587932394681 0.974205343840286 0.150921198169069 -1 2 2 2 0 2 1 2 1 2 1 2 2 2 2 0 2 0 1 1 1 0 1 2 1 2 2 0 2 2 0 -2 -2 -2 0 -2 -1 -2 -1 -2 -1 -2 -2 -2 -2 0 -2 0 -1 -1 -1 0 -1 -2 -1 -2 -2 0 -2 -2 0
-0.472474993511389 -0.553409171032797 -0.574783717010535 -1.11565275434658 2.13155499375442 1 2 2 2 0 1 0 1 1 0 2 1 2 2 0 0 1 0 1 0 2 0 2 2 2 2 2 0 2 1 1 2 2 2 0 1 0 1 1 0 2 1 2 2 0 0 1 0 1 0 2 0 2 2 2 2 2 0 2 1 1
-0.345540517957457 -0.720876375025833 0.75794332230869 -0.999674387457937 0.777312493762711 -1 2 2 2 0 1 0 1 1 2 2 2 2 2 1 0 1 0 1 0 2 1 2 2 2 2 1 0 0 1 0 -2 -2 -2 0 -1 0 -1 -1 -2 -2 -2 -2 -2 -1 0 -1 0 -1 0 -2 -1 -2 -2 -2 -2 -1 0 0 -1 0
-0.800391771727308 -0.353183971248238 0.296942949354482 -1.62664202967535 0.218855274956691 -1 0 2 2 0 0 1 1 1 2 2 2 2 2 1 1 0 0 1 1 2 0 1 2 1 2 2 1 2 2 1 0 -2 -2 0 0 -1 -1 -1 -2 -2 -2 -2 -2 -1 -1 0 0 -1 -1 -2 0 -1 -2 -1 -2 -2 -1 -2 -2 -1
0.190184362935993 0.379468757181398 1.39155608959288 0.452700538965589 -0.273252940756475 -1 2 2 2 1 2 2 2 1 2 2 2 2 2 1 1 2 0 1 0 0 0 2 2 2 1 2 1 2 1 0 -2 -2 -2 -1 -2 -2 -2 -1 -2 -2 -2 -2 -2 -1 -1 -2 0 -1 0 0 0 -2 -2 -2 -1 -2 -1 -2 -1 0
-1.28945450228268 -1.32476138744904 -0.728229900854537 0.171527434811149 0.79005482383597 1 2 2 2 0 0 1 2 1 2 2 1 1 2 2 2 2 0 0 1 2 0 2 2 1 2 1 1 2 2 1 2 2 2 0 0 1 2 1 2 2 1 1 2 2 2 2 0 0 1 2 0 2 2 1 2 1 1 2 2 1
-1.07848345672637 0.244319159330858 0.208338775041362 -0.384882537752193 -0.352000862575044 1 1 0 2 1 0 0 0 0 1 2 2 1 2 2 1 2 0 1 2 2 0 2 2 1 2 1 0 2 1 0 1 0 2 1 0 0 0 0 1 2 2 1 2 2 1 2 0 1 2 2 0 2 2 1 2 1 0 2 1 0
-0.26241072017453 -0.241181339038908 -0.933473005450351 1.79826901687893 1.00888308020448 -1 0 2 2 0 0 1 2 1 2 2 0 1 2 1 0 0 0 0 1 0 0 1 1 2 2 1 1 2 1 0 0 -2 -2 0 0 -1 -2 -1 -2 -2 0 -1 -2 -1 0 0 0 0 -1 0 0 -1 -1 -2 -2 -1 -1 -2 -1 0
-1.37223503638904 0.588514449943196 0.154443159262466 -1.10526944146369 -2.61295113481379 -1 2 2 2 0 1 0 1 1 1 2 2 2 2 0 1 2 0 1 0 2 0 2 2 1 2 2 1 2 2 0 -2 -2 -2 0 -1 0 -1 -1 -1 -2 -2 -2 -2 0 -1 -2 0 -1 0 -2 0 -2 -2 -1 -2 -2 -1 -2 -2 0
0.555862587357214 -0.802815296129501 -0.401436598625581 0.185691936957637 0.135920025499472 1 2 2 2 1 0 0 1 1 2 2 2 2 2 1 0 2 2 2 2 1 0 2 2 1 2 2 0 1 1 0 2 2 2 1 0 0 1 1 2 2 2 2 2 1 0 2 2 2 2 1 0 2 2 1 2 2 0 1 1 0
1.77934956189603 -1.30127890214948 -0.259472358756749 0.248493440559553 -1.07932838271727 1 2 2 2 0 1 1 0 1 2 2 2 2 2 1 1 1 0 1 0 1 0 2 2 1 2 2 1 1 2 0 2 2 2 0 1 1 0 1 2 2 2 2 2 1 1 1 0 1 0 1 0 2 2 1 2 2 1 1 2 0
0.918925407946393 -0.583916859666777 0.218613548813666 -0.0395604666760982 0.453956057490334 -1 1 1 2 1 0 0 1 1 2 2 2 2 2 1 0 1 0 1 0 1 0 1 2 1 2 2 2 2 1 0 -1 -1 -2 -1 0 0 -1 -1 -2 -2 -2 -2 -2 -1 0 -1 0 -1 0 -1 0 -1 -2 -1 -2 -2 -2 -2 -1 0
-0.0133350052454061 1.73321873998216 -0.99715084853977 0.3681772709164 0.0842235036398262 -1 1 2 2 1 1 0 1 0 1 2 2 1 2 0 1 1 0 1 1 2 0 2 2 1 2 1 0 1 1 0 -1 -2 -2 -1 -1 0 -1 0 -1 -2 -2 -1 -2 0 -1 -1 0 -1 -1 -2 0 -2 -2 -1 -2 -1 0 -1 -1 0
0.419333941835646 -0.115460693702479 -0.983524796112257 1.29416490666053 0.0655787553189922 1 1 1 2 0 1 0 0 0 1 2 1 1 2 2 1 2 1 2 0 0 0 2 2 2 1 2 1 2 2 0 1 1 2 0 1 0 0 0 1 2 1 1 2 2 1 2 1 2 0 0 0 2 2 2 1 2 1 2 2 0
-0.591005675275046 0.867402628991765 0.85112889307563 -0.978011814230071 -0.439413034349223 -1 2 2 2 0 0 0 1 2 2 2 2 1 2 1 1 2 0 1 1 1 0 2 2 2 2 2 0 1 2 1 -2 -2 -2 0 0 0 -1 -2 -2 -2 -2 -1 -2 -1 -1 -2 0 -1 -1 -1 0 -2 -2 -2 -2 -2 0 -1 -2 -1
-0.724048964514724 1.38308769600927 0.541525473074762 -3.23254543734303 -1.40608087792237 1 1 2 2 0 1 1 0 1 1 2 0 2 2 1 0 2 0 1 0 1 0 2 2 1 2 2 0 2 2 0 1 2 2 0 1 1 0 1 1 2 0 2 2 1 0 2 0 1 0 1 0 2 2 1 2 2 0 2 2 0
-0.619573558357972 -1.04549644144521 -1.55683404837726 -0.0299278126458566 1.81161559297216 1 1 1 2 0 0 1 2 1 2 2 2 2 2 1 0 2 0 1 0 2 0 2 2 1 1 2 0 2 2 0 1 1 2 0 0 1 2 1 2 2 2 2 2 1 0 2 0 1 0 2 0 2 2 1 1 2 0 2 2 0
0.234834210810382 -0.0587078729780076 -0.656272943499765 0.39256075701648 1.46987772202752 -1 2 2 2 1 1 2 1 1 2 2 1 1 2 0 0 2 0 1 1 1 0 1 2 1 2 2 1 1 2 0 -2 -2 -2 -1 -1 -2 -1 -1 -2 -2 -1 -1 -2 0 0 -2 0 -1 -1 -1 0 -1 -2 -1 -2 -2 -1 -1 -2 0
-0.25391984765763 0.963040865205136 -0.250202152456071 -1.51293375797797 -0.247402381932026 -1 1 1 2 1 1 0 0 0 1 1 1 2 2 0 0 0 1 2 0 2 0 2 2 2 2 1 0 2 2 0 -1 -1 -2 -1 -1 0 0 0 -1 -1 -1 -2 -2 0 0 0 -1 -2 0 -2 0 -2 -2 -2 -2 -1 0 -2 -2 0
-1.29954035859652 -1.96315497915476 0.428842031967876 -1.55071222380019 0.951862225963033 1 2 2 2 0 0 1 1 2 2 2 2 2 2 2 1 2 0 1 0 2 0 2 2 1 2 2 1 2 2 0 2 2 2 0 0 1 1 2 2 2 2 2 2 2 1 2 0 1 0 2 0 2 2 1 2 2 1 2 2 0
1.38205526243493 0.47243434132643 0.325002252748909 -1.02107052717421 -1.82517478537077 1 2 0 2 0 0 1 1 0 1 1 1 2 2 1 0 2 0 2 1 1 0 1 2 2 2 1 1 1 2 0 2 0 2 0 0 1 1 0 1 1 1 2 2 1 0 2 0 2 1 1 0 1 2 2 2 1 1 1 2 0
-0.665526169435745 -0.443189463678574 0.0318478562017785 0.252764346473404 -1.56788677429521 -1 1 2 2 1 2 1 2 2 1 2 1 2 2 1 0 0 0 0 0 0 0 2 2 2 2 2 1 2 2 1 -1 -2 -2 -1 -2 -1 -2 -2 -1 -2 -1 -2 -2 -1 0 0 0 0 0 0 0 -2 -2 -2 -2 -2 -1 -2 -2 -1
0.666568963779929 0.580518934682468 0.562330720578073 -0.523128779255911 0.212326402613475 -1 0 2 2 0 0 1 0 0 1 2 1 2 2 2 1 2 1 2 1 1 0 1 2 1 2 2 1 1 1 0 0 -2 -2 0 0 -1 0 0 -1 -2 -1 -2 -2 -2 -1 -2 -1 -2 -1 -1 0 -1 -2 -1 -2 -2 -1 -1 -1 0
-1.03184066299226 -0.657529698414993 -1.05479388153456 -0.407699690131813 0.172202353829319 1 2 1 2 1 0 0 2 2 2 2 1 1 2 1 1 2 2 2 0 1 0 2 2 1 2 2 2 2 2 0 2 1 2 1 0 0 2 2 2 2 1 1 2 1 1 2 2 2 0 1 0 2 2 1 2 2 2 2 2 0
1.22636637982256 -1.55808345182612 -0.615439097230574 0.407110868971585 1.14001973105649 1 2 2 2 0 0 1 2 2 1 2 2 2 2 0 0 1 0 2 1 2 0 2 2 2 2 1 0 1 2 0 2 2 2 0 0 1 2 2 1 2 2 2 2 0 0 1 0 2 1 2 0 2 2 2 2 1 0 1 2 0
1.28077004218734 -0.223305747751555 1.44284639952579 0.873626976126946 0.21299686262422 1 1 2 2 0 1 1 1 1 1 2 1 2 2 1 0 2 0 0 0 0 0 2 2 1 2 2 1 2 2 1 1 2 2 0 1 1 1 1 1 2 1 2 2 1 0 2 0 0 0 0 0 2 2 1 2 2 1 2 2 1
0.147414667013768 0.238322048566731 0.504746441332283 0.450556117317482 -0.522139207208653 1 1 1 2 0 1 1 1 1 1 2 1 1 2 0 1 1 0 1 1 2 0 2 2 1 2 1 0 1 2 0 1 1 2 0 1 1 1 1 1 2 1 1 2 0 1 1 0 1 1 2 0 2 2 1 2 1 0 1 2 0
-0.360169424912833 -0.182691974744141 0.176185426475998 -0.687565351559088 0.173685314238673 1 2 1 2 0 0 0 0 0 2 2 1 1 2 1 0 1 1 1 1 2 0 2 2 0 2 2 2 2 1 0 2 1 2 0 0 0 0 0 2 2 1 1 2 1 0 1 1 1 1 2 0 2 2 0 2 2 2 2 1 0
-0.448839807040228 0.654730395515597 -1.01570329610219 0.0513316916851914 1.59663713707202 -1 0 0 2 0 0 0 1 1 1 2 2 2 2 1 0 1 0 2 1 1 0 2 2 1 2 2 2 2 2 0 0 0 -2 0 0 0 -1 -1 -1 -2 -2 -2 -2 -1 0 -1 0 -2 -1 -1 0 -2 -2 -1 -2 -2 -2 -2 -2 0
-0.300466415435841 -0.540241163202307 -0.562434315372253 -0.824171205582926 -0.679526751874711 1 2 2 2 1 1 0 1 1 2 2 0 1 2 0 2 1 0 2 1 2 0 2 2 1 2 2 0 2 1 1 2 2 2 1 1 0 1 1 2 2 0 1 2 0 2 1 0 2 1 2 0 2 2 1 2 2 0 2 1 1
0.911169226825678 0.98673352304154 0.0844893458325326 -1.6199105747223 1.00958248734604 -1 1 2 2 1 0 1 1 0 1 2 2 1 2 1 1 1 0 1 1 2 0 2 2 2 1 2 0 2 2 1 -1 -2 -2 -1 0 -1 -1 0 -1 -2 -2 -1 -2 -1 -1 -1 0 -1 -1 -2 0 -2 -2 -2 -1 -2 0 -2 -2 -1
-1.14351093332214 0.211465742020261 0.8021648005831 -0.475232414706552 0.181416609474255 1 2 2 2 1 1 2 2 2 2 2 1 1 2 0 0 1 0 2 0 2 0 2 2 1 2 1 2 2 2 1 2 2 2 1 1 2 2 2 2 2 1 1 2 0 0 1 0 2 0 2 0 2 2 1 2 1 2 2 2 1
0.0117801113958402 1.52844472173297 -0.11663480556776 0.721155494584983 -1.03118631680665 1 2 2 2 0 0 0 1 0 2 2 1 1 2 0 0 2 0 1 0 2 0 2 2 2 2 1 0 2 2 0 2 2 2 0 0 0 1 0 2 2 1 1 2 0 0 2 0 1 0 2 0 2 2 2 2 1 0 2 2 0
-1.34920396894202 0.706186261772801 -0.698000445679902 -0.251752204128621 1.58811855818349 1 2 2 2 0 1 1 1 1 2 2 2 1 2 1 2 2 0 2 1 1 0 2 2 1 2 2 1 2 1 1 2 2 2 0 1 1 1 1 2 2 2 1 2 1 2 2 0 2 1 1 0 2 2 1 2 2 1 2 1 1
-0.0959808788597285 0.349544642929476 0.80914581798345 -1.60248970796268 -0.681014590199967 1 1 2 2 0 0 1 2 2 2 0 1 1 2 1 0 2 1 2 1 1 0 2 2 1 2 2 1 2 1 0 1 2 2 0 0 1 2 2 2 0 1 1 2 1 0 2 1 2 1 1 0 2 2 1 2 2 1 2 1 0
0.737412624357612 1.75253351406839 0.494432990549537 -0.0924705081221048 0.166332035085143 1 1 2 2 1 0 1 0 1 2 2 1 2 2 0 0 2 0 2 0 1 0 2 2 1 2 0 0 2 2 1 1 2 2 1 0 1 0 1 2 2 1 2 2 0 0 2 0 2 0 1 0 2 2 1 2 0 0 2 2 1
0.0839273766101449 -0.654419110095051 0.354078064843632 -1.06653237996181 -0.137373298473487 -1 1 2 2 0 0 1 2 2 2 2 2 2 2 0 0 2 0 1 1 1 0 1 1 2 2 2 2 2 2 0 -1 -2 -2 0 0 -1 -2 -2 -2 -2 -2 -2 -2 0 0 -2 0 -1 -1 -1 0 -1 -1 -2 -2 -2 -2 -2 -2 0
-0.0409309106248216 1.19859126788098 2.04324881544708 -0.307546036726451 1.85434337610097 -1 1 2 2 0 0 1 1 2 2 2 1 2 2 2 1 2 1 1 0 2 0 1 2 2 2 2 1 1 0 0 -1 -2 -2 0 0 -1 -1 -2 -2 -2 -1 -2 -2 -2 -1 -2 -1 -1 0 -2 0 -1 -2 -2 -2 -2 -1 -1 0 0
0.0900636529929213 -1.16561192630353 -0.491254056088185 0.413909947418679 -0.602659699160182 -1 0 1 2 0 0 1 1 1 2 2 1 0 1 0 1 1 1 1 0 1 0 2 2 1 2 1 1 2 1 0 0 -1 -2 0 0 -1 -1 -1 -2 -2 -1 0 -1 0 -1 -1 -1 -1 0 -1 0 -2 -2 -1 -2 -1 -1 -2 -1 0
-0.0958195218705427 -0.507373896731288 -0.772169179961647 -1.87890626852549 -1.10759387332816 1 2 2 2 2 1 1 1 0 2 2 0 0 2 1 0 2 0 1 2 2 0 2 2 1 2 2 1 2 2 0 2 2 2 2 1 1 1 0 2 2 0 0 2 1 0 2 0 1 2 2 0 2 2 1 2 2 1 2 2 0
-0.598946438719691 -0.526491151652083 -1.89292485846512 -0.737558529493771 -1.30673074521003 -1 2 2 2 0 0 2 1 1 2 2 2 1 1 0 0 2 1 1 0 2 0 2 2 1 2 2 0 2 2 1 -2 -2 -2 0 0 -2 -1 -1 -2 -2 -2 -1 -1 0 0 -2 -1 -1 0 -2 0 -2 -2 -1 -2 -2 0 -2 -2 -1
-0.464219325975398 0.0521879330531909 -0.117232005153036 1.38774784373436 -3.50335058387734 -1 0 2 1 0 0 1 2 2 2 2 2 2 2 1 1 2 0 1 1 2 0 2 2 0 2 2 1 2 2 1 0 -2 -1 0 0 -1 -2 -2 -2 -2 -2 -2 -2 -1 -1 -2 0 -1 -1 -2 0 -2 -2 0 -2 -2 -1 -2 -2 -1
1.21127894935753 0.902281250001924 0.280006529676313 0.422914209038793 -0.247292293304731 1 2 2 2 1 0 0 1 1 2 2 2 2 2 1 1 2 0 0 1 0 0 0 2 2 2 2 0 2 2 0 2 2 2 1 0 0 1 1 2 2 2 2 2 1 1 2 0 0 1 0 0 0 2 2 2 2 0 2 2 0
0.580680779291311 -1.68554254690372 -0.663932920788755 0.363748658071573 -1.4547500434679 1 1 1 2 2 1 2 1 2 2 1 0 1 2 0 0 1 1 1 0 0 0 1 2 1 2 1 0 1 0 0 1 1 2 2 1 2 1 2 2 1 0 1 2 0 0 1 1 1 0 0 0 1 2 1 2 1 0 1 0 0
1.55104557795319 -0.51870477116524 2.05869494162358 -0.276179123051929 -1.28518784365543 -1 2 2 2 1 1 1 2 1 2 2 2 2 2 1 1 2 1 2 2 2 0 2 2 1 2 2 1 2 2 2 -2 -2 -2 -1 -1 -1 -2 -1 -2 -2 -2 -2 -2 -1 -1 -2 -1 -2 -2 -2 0 -2 -2 -1 -2 -2 -1 -2 -2 -2
-0.522972585814158 0.294816859051963 -1.35751380430172 -0.610628353776634 -1.09184027259475 -1 2 2 2 2 2 1 0 1 2 1 1 2 2 1 1 1 0 2 0 1 0 2 2 2 2 2 0 1 2 1 -2 -2 -2 -2 -2 -1 0 -1 -2 -1 -1 -2 -2 -1 -1 -1 0 -2 0 -1 0 -2 -2 -2 -2 -2 0 -1 -2 -1
-0.119914516982371 0.237155566286188 -0.329756676014113 -1.3841189405666 -0.65118397596984 1 2 2 2 1 0 1 2 2 2 2 2 2 2 2 1 0 0 2 1 2 0 1 0 0 2 2 1 2 2 0 2 2 2 1 0 1 2 2 2 2 2 2 2 2 1 0 0 2 1 2 0 1 0 0 2 2 1 2 2 0
0.598987286710227 -1.14410037636385 0.974035332514586 1.42848360397143 -0.641128066396671 -1 1 1 2 0 0 0 0 1 1 2 2 2 2 0 1 2 0 2 0 1 0 2 2 2 2 2 1 2 2 1 -1 -1 -2 0 0 0 0 -1 -1 -2 -2 -2 -2 0 -1 -2 0 -2 0 -1 0 -2 -2 -2 -2 -2 -1 -2 -2 -1
0.435641178476429 -0.244251851185643 0.53395258014954 0.715581256488463 -0.932942025228346 -1 2 2 2 1 0 1 2 1 2 2 2 2 2 2 0 2 0 1 1 2 0 2 2 2 2 0 0 2 1 0 -2 -2 -2 -1 0 -1 -2 -1 -2 -2 -2 -2 -2 -2 0 -2 0 -1 -1 -2 0 -2 -2 -2 -2 0 0 -2 -1 0
0.379551906861186 0.0256872122854465 0.024814796561138 -1.75384741095983 -0.136324628892111 1 1 2 2 0 0 0 0 0 1 1 0 0 1 0 0 1 0 1 2 2 0 2 2 2 2 0 1 2 1 0 1 2 2 0 0 0 0 0 1 1 0 0 1 0 0 1 0 1 2 2 0 2 2 2 2 0 1 2 1 0
-0.157297888899691 1.14871057929442 -1.65427273407779 -1.24600340368777 -0.773970209063263 -1 1 2 2 0 0 0 1 1 2 1 1 1 2 0 0 2 0 1 1 2 0 1 2 2 2 2 2 2 2 0 -1 -2 -2 0 0 0 -1 -1 -2 -1 -1 -1 -2 0 0 -2 0 -1 -1 -2 0 -1 -2 -2 -2 -2 -2 -2 -2 0
-0.0554516526086128 0.181605171778145 -1.52577260195174 -0.788765224761947 0.213962942290211 -1 2 2 2 1 0 0 0 0 1 2 2 2 2 2 1 2 0 1 1 2 0 1 1 0 1 2 1 2 2 0 -2 -2 -2 -1 0 0 0 0 -1 -2 -2 -2 -2 -2 -1 -2 0 -1 -1 -2 0 -1 -1 0 -1 -2 -1 -2 -2 0
1.34732263653126 0.279512752290447 0.215487382266133 -0.16131017068402 -0.738458681618253 1 2 2 2 0 0 1 2 1 0 2 2 2 2 0 0 2 1 1 0 1 0 2 2 2 2 2 2 2 2 1 2 2 2 0 0 1 2 1 0 2 2 2 2 0 0 2 1 1 0 1 0 2 2 2 2 2 2 2 2 1
-0.0607134991683314 0.168149022719012 0.252577726124888 0.308948240096742 0.452200939179283 -1 2 2 2 0 1 1 2 0 1 2 1 1 2 1 1 1 0 0 1 2 0 1 2 2 2 2 1 2 2 0 -2 -2 -2 0 -1 -1 -2 0 -1 -2 -1 -1 -2 -1 -1 -1 0 0 -1 -2 0 -1 -2 -2 -2 -2 -1 -2 -2 0
0.866502855442162 0.260830815010679 -0.109677380916884 -1.29020437343097 -0.866991021220361 1 0 1 2 1 1 1 1 0 1 2 2 2 2 1 2 1 0 1 1 2 0 1 2 1 2 1 0 2 1 0 0 1 2 1 1 1 1 0 1 2 2 2 2 1 2 1 0 1 1 2 0 1 2 1 2 1 0 2 1 0
0.0956300047517855 0.58810326172397 0.737480339490194 0.947847719684547 0.286041531706139 1 2 2 2 0 0 1 1 1 1 2 1 2 2 1 0 2 1 2 1 2 0 1 2 0 1 1 0 2 2 0 2 2 2 0 0 1 1 1 1 2 1 2 2 1 0 2 1 2 1 2 0 1 2 0 1 1 0 2 2 0
-1.53508653634619 1.6154417754558 -0.21214214544339 0.897375696787551 0.496583381533982 -1 0 1 2 1 1 1 1 1 2 2 2 2 2 1 0 2 0 1 1 2 0 1 2 2 2 2 1 2 1 0 0 -1 -2 -1 -1 -1 -1 -1 -2 -2 -2 -2 -2 -1 0 -2 0 -1 -1 -2 0 -1 -2 -2 -2 -2 -1 -2 -1 0
-0.636932628511895 1.37064014280071 -0.461462304182277 0.407217641716716 -1.08137347191182 -1 1 2 2 0 1 1 2 1 2 2 1 2 2 2 2 2 1 2 1 2 0 2 2 2 2 2 2 2 2 0 -1 -2 -2 0 -1 -1 -2 -1 -2 -2 -1 -2 -2 -2 -2 -2 -1 -2 -1 -2 0 -2 -2 -2 -2 -2 -2 -2 -2 0
-1.00789704036165 1.22535522837219 -1.60272249512332 1.68802574802187 -0.328962261070523 1 2 2 2 0 0 0 1 0 1 2 1 1 2 0 0 1 0 0 0 2 0 2 2 0 2 1 1 2 2 0 2 2 2 0 0 0 1 0 1 2 1 1 2 0 0 1 0 0 0 2 0 2 2 0 2 1 1 2 2 0
-1.31164318440111 -1.59604836735005 1.6815665547273 0.3984512444451 -1.27463765438126 -1 1 1 2 1 1 1 1 2 1 2 0 2 2 1 1 2 1 2 0 1 0 2 2 2 2 2 2 2 2 1 -1 -1 -2 -1 -1 -1 -1 -2 -1 -2 0 -2 -2 -1 -1 -2 -1 -2 0 -1 0 -2 -2 -2 -2 -2 -2 -2 -2 -1
0.0327076016805645 1.22850941127868 -1.97654135884047 -0.794209067419249 0.425255145085028 1 1 2 2 0 0 1 2 1 2 2 1 1 2 0 1 2 0 1 2 2 0 2 1 1 2 2 1 2 2 0 1 2 2 0 0 1 2 1 2 2 1 1 2 0 1 2 0 1 2 2 0 2 1 1 2 2 1 2 2 0
0.146642887048979 0.673397236152644 1.5836873316229 -1.09092263617479 0.885776857564991 1 1 2 2 1 0 0 1 1 2 2 2 2 2 1 1 2 0 2 1 2 0 2 2 2 2 2 0 2 2 1 1 2 2 1 0 0 1 1 2 2 2 2 2 1 1 2 0 2 1 2 0 2 2 2 2 2 0 2 2 1
