-0.718068502608715 -0.776549228157678 -1.36128165056084 -0.880363992352303 0.374818007936363 1 1 1 2 1 1 0 1 0 1 0 2 0 1 2 1 0 0 0 2 2 0 2 1 0 2 1 1 0 2 1 1 1 2 1 1 0 1 0 1 0 2 0 1 2 1 0 0 0 2 2 0 2 1 0 2 1 1 0 2 1
-0.543105519664457 -0.0424532302970965 -1.23550803538869 0.343100208129019 -1.3304027548771 1 0 0 2 2 0 0 0 1 1 1 2 0 0 0 0 0 0 0 0 1 0 1 0 0 2 1 1 1 2 0 0 0 2 2 0 0 0 1 1 1 2 0 0 0 0 0 0 0 0 1 0 1 0 0 2 1 1 1 2 0
-1.08987262588502 1.51493731476611 -0.814692179594155 -0.761481489298564 0.296199776918523 1 0 0 2 2 0 0 2 1 2 0 2 1 1 1 1 0 1 0 1 2 1 1 0 0 1 0 0 0 2 0 0 0 2 2 0 0 2 1 2 0 2 1 1 1 1 0 1 0 1 2 1 1 0 0 1 0 0 0 2 0
0.865318735958261 -0.290160179898326 -1.66343262739789 -0.909215253992591 -0.711106446697322 -1 1 1 2 1 1 0 1 0 1 1 2 0 2 1 1 0 0 0 0 2 1 0 0 0 1 1 1 0 1 1 -1 -1 -2 -1 -1 0 -1 0 -1 -1 -2 0 -2 -1 -1 0 0 0 0 -2 -1 0 0 0 -1 -1 -1 0 -1 -1
-0.147548619899878 -1.81844182230175 0.193622745413814 -2.24521445385684 -0.669787804676379 1 1 2 2 2 0 0 2 1 1 0 2 0 0 1 2 0 1 0 1 2 2 0 0 0 2 0 1 0 1 0 1 2 2 2 0 0 2 1 1 0 2 0 0 1 2 0 1 0 1 2 2 0 0 0 2 0 1 0 1 0
0.87900967882092 0.896146081375377 -0.4653826371727 -0.31918846854944 0.783546891814899 -1 0 0 2 2 0 0 2 1 2 0 2 1 1 1 0 0 0 0 0 2 1 2 0 0 1 1 0 0 2 1 0 0 -2 -2 0 0 -2 -1 -2 0 -2 -1 -1 -1 0 0 0 0 0 -2 -1 -2 0 0 -1 -1 0 0 -2 -1
1.33020366916729 -0.692150135068564 -1.18179134495275 -0.10627184642311 0.473504349167187 -1 0 1 2 2 0 0 1 1 1 0 1 0 1 1 1 0 0 0 1 2 1 2 1 0 2 2 1 1 2 1 0 -1 -2 -2 0 0 -1 -1 -1 0 -1 0 -1 -1 -1 0 0 0 -1 -2 -1 -2 -1 0 -2 -2 -1 -1 -2 -1
-0.979380096070764 -1.43188251918366 1.1681455849931 -0.318589663711431 0.0410242269959985 1 0 1 2 1 0 0 1 2 2 1 2 0 0 2 2 0 0 1 2 2 0 2 0 0 2 2 1 0 2 2 0 1 2 1 0 0 1 2 2 1 2 0 0 2 2 0 0 1 2 2 0 2 0 0 2 2 1 0 2 2
-0.910692590649928 -0.320567632027936 0.196450512556052 0.415453560641409 0.750659373730467 1 2 2 2 2 1 0 2 1 1 0 2 0 1 0 1 0 0 0 1 2 1 1 0 0 1 1 1 0 2 1 2 2 2 2 1 0 2 1 1 0 2 0 1 0 1 0 0 0 1 2 1 1 0 0 1 1 1 0 2 1
-0.982498793031131 -0.508286159232518 -1.15220282440819 2.06126643158318 0.859361058633302 -1 0 0 2 1 0 0 1 1 2 0 1 0 1 1 1 0 0 0 1 2 0 1 1 1 2 2 2 1 2 2 0 0 -2 -1 0 0 -1 -1 -2 0 -1 0 -1 -1 -1 0 0 0 -1 -2 0 -1 -1 -1 -2 -2 -2 -1 -2 -2
-0.920812211005364 0.297434263831323 2.30566441156248 -0.0343861127211142 0.0141503727395746 -1 1 1 2 2 1 0 2 2 1 0 2 0 1 2 1 0 0 0 1 2 0 1 0 0 1 1 1 1 2 1 -1 -1 -2 -2 -1 0 -2 -2 -1 0 -2 0 -1 -2 -1 0 0 0 -1 -2 0 -1 0 0 -1 -1 -1 -1 -2 -1
-0.126111769231333 0.429915787113506 0.399288610294747 0.298028625314736 -1.22905854104084 -1 1 2 2 2 1 0 0 0 0 0 2 0 1 1 2 0 0 0 1 2 2 1 0 0 1 0 1 0 1 0 -1 -2 -2 -2 -1 0 0 0 0 0 -2 0 -1 -1 -2 0 0 0 -1 -2 -2 -1 0 0 -1 0 -1 0 -1 0
-0.353676074827864 -1.82359141931639 2.11557141515756 -0.256894539631734 1.14990346213377 1 0 0 2 2 0 0 1 0 0 1 2 0 1 1 1 0 0 1 0 1 0 2 1 1 2 2 2 0 2 1 0 0 2 2 0 0 1 0 0 1 2 0 1 1 1 0 0 1 0 1 0 2 1 1 2 2 2 0 2 1
0.450663125437105 -0.00597968998936836 -0.772575945462587 0.583545288944701 -2.16171504161195 -1 1 2 2 2 0 0 0 0 0 0 1 0 1 1 2 0 0 0 0 2 0 0 0 0 1 2 2 0 2 1 -1 -2 -2 -2 0 0 0 0 0 0 -1 0 -1 -1 -2 0 0 0 0 -2 0 0 0 0 -1 -2 -2 0 -2 -1
-0.242615305020182 0.603376044541169 -0.740111088459539 -1.65733481109439 1.73569756883556 1 0 1 2 2 0 0 0 0 2 1 2 1 1 1 1 0 0 0 1 2 2 2 0 0 1 1 1 0 0 0 0 1 2 2 0 0 0 0 2 1 2 1 1 1 1 0 0 0 1 2 2 2 0 0 1 1 1 0 0 0
-0.863439917922936 1.08553240849069 0.0163804734068219 0.398673199507579 -0.205569537388437 1 0 1 2 2 1 0 1 2 2 0 1 0 1 1 2 0 0 1 0 2 1 2 0 0 1 2 2 0 2 1 0 1 2 2 1 0 1 2 2 0 1 0 1 1 2 0 0 1 0 2 1 2 0 0 1 2 2 0 2 1
0.384914461941033 -0.416610185256504 -0.402248329653882 -0.518053714746015 -0.27655311612541 -1 2 2 2 1 0 0 1 1 1 0 1 0 2 2 2 0 0 0 1 2 1 1 0 0 0 0 1 0 2 1 -2 -2 -2 -1 0 0 -1 -1 -1 0 -1 0 -2 -2 -2 0 0 0 -1 -2 -1 -1 0 0 0 0 -1 0 -2 -1
1.19088886524326 1.48904299314275 0.919819024765805 -0.870785225094992 1.00084931579228 1 0 2 2 2 0 0 2 2 1 0 2 1 2 2 2 0 0 0 1 2 1 2 1 0 2 2 2 2 2 1 0 2 2 2 0 0 2 2 1 0 2 1 2 2 2 0 0 0 1 2 1 2 1 0 2 2 2 2 2 1
-1.49119437958934 0.889631307548036 -0.00471069342861001 2.23104511376446 -0.013205194508169 1 0 1 2 2 1 0 1 1 1 0 2 0 1 1 1 0 0 0 2 2 0 2 0 0 0 0 1 1 2 0 0 1 2 2 1 0 1 1 1 0 2 0 1 1 1 0 0 0 2 2 0 2 0 0 0 0 1 1 2 0
-0.599831407394661 -1.30828924200709 0.363233199956806 0.175419631425045 0.708658008362039 -1 1 2 2 2 0 0 1 0 0 0 2 0 1 2 2 0 0 0 2 2 1 0 0 0 2 2 1 0 2 0 -1 -2 -2 -2 0 0 -1 0 0 0 -2 0 -1 -2 -2 0 0 0 -2 -2 -1 0 0 0 -2 -2 -1 0 -2 0
0.773381510159185 -1.82519620213058 1.127852079556 0.0927135703502199 1.09234348054362 -1 1 1 2 2 1 0 1 2 0 1 2 1 1 1 1 0 0 0 1 2 1 2 0 0 2 2 1 0 2 0 -1 -1 -2 -2 -1 0 -1 -2 0 -1 -2 -1 -1 -1 -1 0 0 0 -1 -2 -1 -2 0 0 -2 -2 -1 0 -2 0
-1.2887208133019 -1.10024441550774 0.445801907084264 1.93398250640844 0.0522784093853464 1 0 0 2 2 0 1 2 0 2 1 2 0 1 2 1 1 0 0 0 2 1 2 0 1 2 1 1 1 2 1 0 0 2 2 0 1 2 0 2 1 2 0 1 2 1 1 0 0 0 2 1 2 0 1 2 1 1 1 2 1
0.948548315230285 -0.573633237525554 0.347285303332131 1.65560784836325 -0.115816047610378 1 0 1 2 2 0 0 2 0 0 0 2 1 1 2 2 0 1 0 0 2 1 2 0 0 2 2 1 0 2 1 0 1 2 2 0 0 2 0 0 0 2 1 1 2 2 0 1 0 0 2 1 2 0 0 2 2 1 0 2 1
1.38790700007235 0.898724819981079 -0.823099547503222 -1.35970578785101 0.52032434406464 1 2 1 2 2 0 0 0 0 2 0 2 1 2 2 2 1 0 1 1 2 0 1 0 0 1 0 1 0 2 1 2 1 2 2 0 0 0 0 2 0 2 1 2 2 2 1 0 1 1 2 0 1 0 0 1 0 1 0 2 1
-0.174829864820378 -0.779559004135567 -0.979423022735103 0.185672144028455 0.410623046532652 -1 1 1 2 2 1 0 1 0 1 1 2 0 0 2 2 1 1 0 1 2 0 1 0 0 2 1 2 0 2 1 -1 -1 -2 -2 -1 0 -1 0 -1 -1 -2 0 0 -2 -2 -1 -1 0 -1 -2 0 -1 0 0 -2 -1 -2 0 -2 -1
-0.480012991018288 0.966863686552653 -0.744547466958505 -2.19217194489764 -0.822745345279588 1 0 2 2 2 2 1 0 1 1 0 2 0 0 1 2 0 0 0 1 2 0 2 1 0 1 0 0 0 2 0 0 2 2 2 2 1 0 1 1 0 2 0 0 1 2 0 0 0 1 2 0 2 1 0 1 0 0 0 2 0
0.827910323087852 1.39641391021221 -0.175191386202851 1.76566821133613 0.840527813265422 1 1 0 2 2 0 0 0 0 0 2 2 0 1 1 2 0 1 0 1 2 2 2 1 0 2 2 1 0 2 1 1 0 2 2 0 0 0 0 0 2 2 0 1 1 2 0 1 0 1 2 2 2 1 0 2 2 1 0 2 1
0.425345772781419 0.718261770923564 -0.0791746892286567 -1.03305142184341 -0.738830196288051 1 1 1 2 2 0 0 0 1 0 1 2 0 0 2 2 0 0 0 0 1 0 1 0 0 2 1 2 1 2 0 1 1 2 2 0 0 0 1 0 1 2 0 0 2 2 0 0 0 0 1 0 1 0 0 2 1 2 1 2 0
-1.24486608610311 -0.19912414108692 1.46084282886529 -0.112177565173166 -1.42997849882882 -1 1 2 2 2 0 0 0 1 1 0 2 0 1 1 2 0 0 1 1 2 1 1 1 0 2 1 1 1 2 0 -1 -2 -2 -2 0 0 0 -1 -1 0 -2 0 -1 -1 -2 0 0 -1 -1 -2 -1 -1 -1 0 -2 -1 -1 -1 -2 0
0.87376273844558 0.419673489812606 -0.0331753892418946 -1.26651050166618 -0.319078236725884 1 0 0 2 1 0 0 2 1 1 0 2 0 1 1 1 0 0 0 0 1 0 1 1 1 2 1 2 1 2 0 0 0 2 1 0 0 2 1 1 0 2 0 1 1 1 0 0 0 0 1 0 1 1 1 2 1 2 1 2 0
-2.52681904276398 -0.613897314691298 1.18742772047073 0.256469836355855 -0.835677626342609 -1 1 1 2 2 1 0 2 1 0 0 1 0 0 1 0 0 0 0 1 2 0 2 0 0 2 1 1 1 2 1 -1 -1 -2 -2 -1 0 -2 -1 0 0 -1 0 0 -1 0 0 0 0 -1 -2 0 -2 0 0 -2 -1 -1 -1 -2 -1
-1.80533430606277 -0.670694335499643 0.336808920393628 -0.651091519858233 -0.166745908575529 -1 0 0 2 2 0 0 0 0 2 0 2 0 0 1 0 0 0 0 0 2 1 1 0 0 2 1 1 0 2 0 0 0 -2 -2 0 0 0 0 -2 0 -2 0 0 -1 0 0 0 0 0 -2 -1 -1 0 0 -2 -1 -1 0 -2 0
1.08746062386736 0.946226729470918 0.84385805692964 0.93018472367742 1.00799539157772 -1 0 0 2 1 1 0 1 0 2 1 2 0 1 1 1 0 1 0 0 2 1 2 1 0 2 1 2 1 2 0 0 0 -2 -1 -1 0 -1 0 -2 -1 -2 0 -1 -1 -1 0 -1 0 0 -2 -1 -2 -1 0 -2 -1 -2 -1 -2 0
-1.79060631071291 -0.547871679194276 1.56086767120215 -0.926603191945631 0.785575168925014 1 0 0 2 1 0 1 1 0 0 1 2 0 1 2 2 0 0 0 2 2 2 2 0 1 2 1 0 1 2 2 0 0 2 1 0 1 1 0 0 1 2 0 1 2 2 0 0 0 2 2 2 2 0 1 2 1 0 1 2 2
1.06901139563922 2.07776879182273 0.323092316530109 2.20025863297403 0.911353011117019 1 0 0 2 2 2 0 2 1 1 1 2 0 1 1 1 1 1 0 0 2 2 1 1 0 2 2 1 0 2 0 0 0 2 2 2 0 2 1 1 1 2 0 1 1 1 1 1 0 0 2 2 1 1 0 2 2 1 0 2 0
0.0977097791701471 0.844367959031172 -0.425719245729314 0.430977570507218 1.0940674239581 1 1 0 2 2 0 0 1 0 2 1 2 0 1 2 1 1 0 0 2 2 1 2 1 0 1 1 1 0 2 1 1 0 2 2 0 0 1 0 2 1 2 0 1 2 1 1 0 0 2 2 1 2 1 0 1 1 1 0 2 1
0.396188125081133 -1.01224805873759 -0.350860920861122 -0.571674267082123 0.687680737959854 1 0 2 2 2 0 0 1 0 1 0 2 0 1 1 2 1 0 2 2 2 2 0 0 0 1 1 2 1 2 1 0 2 2 2 0 0 1 0 1 0 2 0 1 1 2 1 0 2 2 2 2 0 0 0 1 1 2 1 2 1
0.319649065364517 -0.291232909146592 -1.6681447269247 -0.295739143201102 0.516881726354965 -1 1 1 2 2 1 0 2 1 1 0 2 1 0 1 1 1 1 0 2 2 0 1 1 0 1 0 1 2 2 1 -1 -1 -2 -2 -1 0 -2 -1 -1 0 -2 -1 0 -1 -1 -1 -1 0 -2 -2 0 -1 -1 0 -1 0 -1 -2 -2 -1
0.423653084284203 0.514185612089488 0.172177786917546 1.53985923003054 -1.32194805812794 -1 1 0 2 2 0 0 0 0 0 1 2 0 1 1 1 0 0 0 1 1 1 2 0 0 2 1 1 1 2 1 -1 0 -2 -2 0 0 0 0 0 -1 -2 0 -1 -1 -1 0 0 0 -1 -1 -1 -2 0 0 -2 -1 -1 -1 -2 -1
0.708834009329097 0.379688569485702 0.98649304851691 -0.311774801100407 -0.720167617717734 -1 1 1 2 1 0 0 2 1 0 0 1 0 0 1 1 0 0 0 0 1 0 0 0 0 1 2 1 0 2 0 -1 -1 -2 -1 0 0 -2 -1 0 0 -1 0 0 -1 -1 0 0 0 0 -1 0 0 0 0 -1 -2 -1 0 -2 0
-0.281259061717837 2.47548021844473 1.91129207462492 -1.01023923866736 0.56104466516355 -1 1 2 2 1 0 0 1 0 1 0 1 0 1 1 0 0 0 1 0 1 0 2 0 0 2 1 2 2 2 1 -1 -2 -2 -1 0 0 -1 0 -1 0 -1 0 -1 -1 0 0 0 -1 0 -1 0 -2 0 0 -2 -1 -2 -2 -2 -1
0.0375711826571482 -0.750161228220707 0.697400158537979 0.150990020167349 -1.01310435709241 -1 2 2 2 2 2 0 1 0 0 0 2 0 1 1 2 1 0 0 1 2 1 1 0 0 1 1 1 2 2 0 -2 -2 -2 -2 -2 0 -1 0 0 0 -2 0 -1 -1 -2 -1 0 0 -1 -2 -1 -1 0 0 -1 -1 -1 -2 -2 0
-0.208713026703186 0.215325608910851 1.21115235729041 0.0746503251600779 -0.0325121257035805 -1 0 1 2 2 1 0 2 1 0 2 2 2 2 2 2 0 0 1 0 1 1 1 0 0 2 1 1 1 2 0 0 -1 -2 -2 -1 0 -2 -1 0 -2 -2 -2 -2 -2 -2 0 0 -1 0 -1 -1 -1 0 0 -2 -1 -1 -1 -2 0
-0.44834337061268 -0.0545667994091159 -0.476955876794529 -0.247124916612417 -0.0749287327018803 1 1 1 2 2 1 1 2 1 0 0 2 1 2 1 2 0 0 0 0 2 1 0 0 0 1 1 1 0 2 0 1 1 2 2 1 1 2 1 0 0 2 1 2 1 2 0 0 0 0 2 1 0 0 0 1 1 1 0 2 0
-0.147422179131118 -0.202447933491508 -0.224214283543281 0.972936168058631 2.07360363565471 1 1 2 2 2 0 0 2 1 0 1 2 2 2 1 1 0 0 0 0 2 0 1 0 0 1 1 0 0 2 0 1 2 2 2 0 0 2 1 0 1 2 2 2 1 1 0 0 0 0 2 0 1 0 0 1 1 0 0 2 0
0.215120865242262 0.0695251683454584 -1.12472853254466 0.378389851985044 -0.908568797859746 -1 0 1 2 2 0 0 1 0 2 0 2 0 0 2 1 0 0 0 1 2 0 1 0 0 0 0 1 0 2 1 0 -1 -2 -2 0 0 -1 0 -2 0 -2 0 0 -2 -1 0 0 0 -1 -2 0 -1 0 0 0 0 -1 0 -2 -1
-0.756329826033176 -0.663929133331028 1.05926622727319 -0.629968965190028 0.981022300324117 1 1 2 2 2 1 1 2 1 1 0 1 0 0 0 1 0 0 0 1 2 2 1 0 0 1 1 1 0 1 0 1 2 2 2 1 1 2 1 1 0 1 0 0 0 1 0 0 0 1 2 2 1 0 0 1 1 1 0 1 0
-1.38784998463718 -0.565521469421041 -0.905514240734663 1.08688501932327 1.01292503747381 -1 1 0 2 2 1 0 2 1 1 0 2 0 1 1 2 1 0 0 0 2 1 1 0 0 2 2 2 0 2 0 -1 0 -2 -2 -1 0 -2 -1 -1 0 -2 0 -1 -1 -2 -1 0 0 0 -2 -1 -1 0 0 -2 -2 -2 0 -2 0
-0.636022307418777 0.539287507967353 -0.536361070560108 -0.534127355298591 -0.523841834450907 1 0 1 2 2 0 0 1 0 1 1 2 0 1 1 2 1 0 0 2 2 1 2 0 0 2 0 2 0 2 1 0 1 2 2 0 0 1 0 1 1 2 0 1 1 2 1 0 0 2 2 1 2 0 0 2 0 2 0 2 1
-1.53193148343291 1.37709249617216 0.172036072710088 0.411396285940852 -0.735780527172675 -1 1 1 2 2 0 0 0 0 0 0 2 0 2 2 2 0 0 0 1 2 0 1 0 0 0 0 1 0 1 0 -1 -1 -2 -2 0 0 0 0 0 0 -2 0 -2 -2 -2 0 0 0 -1 -2 0 -1 0 0 0 0 -1 0 -1 0
0.396154545617241 -0.445898948535795 -1.30607567749298 0.72391799885223 1.27028366599126 -1 0 0 2 0 0 0 1 1 2 0 2 0 2 2 2 0 0 0 0 2 1 1 0 1 2 2 1 1 2 2 0 0 -2 0 0 0 -1 -1 -2 0 -2 0 -2 -2 -2 0 0 0 0 -2 -1 -1 0 -1 -2 -2 -1 -1 -2 -2
-0.769904718893571 0.220021952257703 1.25674302950698 0.867516031215383 0.324503234158923 -1 0 1 2 2 0 0 1 1 1 2 2 0 1 2 2 0 0 0 0 2 1 0 0 0 1 1 1 0 2 0 0 -1 -2 -2 0 0 -1 -1 -1 -2 -2 0 -1 -2 -2 0 0 0 0 -2 -1 0 0 0 -1 -1 -1 0 -2 0
-0.893010561965862 -0.512898209824499 -0.836284432308883 1.19223384032033 0.603449912369803 -1 0 2 2 2 0 0 1 1 2 1 2 0 1 2 2 1 0 1 2 2 1 2 1 0 2 1 2 1 2 1 0 -2 -2 -2 0 0 -1 -1 -2 -1 -2 0 -1 -2 -2 -1 0 -1 -2 -2 -1 -2 -1 0 -2 -1 -2 -1 -2 -1
-1.54880574549066 0.558119084389188 -0.203286249720762 0.0445552428233149 -1.88386805747655 -1 1 1 2 2 1 0 1 0 1 1 2 1 2 1 1 1 0 0 1 2 1 2 1 1 2 1 2 0 2 2 -1 -1 -2 -2 -1 0 -1 0 -1 -1 -2 -1 -2 -1 -1 -1 0 0 -1 -2 -1 -2 -1 -1 -2 -1 -2 0 -2 -2
1.11075469002666 -1.45458935827982 1.19706629930172 1.14691728500068 1.47579717414368 1 1 0 2 2 1 1 2 0 1 1 2 0 2 2 2 1 0 1 0 2 1 2 1 1 2 1 1 0 2 1 1 0 2 2 1 1 2 0 1 1 2 0 2 2 2 1 0 1 0 2 1 2 1 1 2 1 1 0 2 1
0.0448072922846361 -0.245212216598249 -0.821617495185916 1.40848467153069 1.80918069654803 1 0 1 2 1 1 0 1 2 2 0 2 0 0 0 0 0 0 0 1 2 0 1 1 0 1 0 0 0 2 0 0 1 2 1 1 0 1 2 2 0 2 0 0 0 0 0 0 0 1 2 0 1 1 0 1 0 0 0 2 0
2.00894829003912 -1.24903167966632 -0.940733124515573 -0.258344743417354 -0.979532705300791 -1 1 2 2 2 1 0 0 1 1 0 2 0 0 2 2 0 2 0 1 2 1 2 0 0 1 2 2 1 2 1 -1 -2 -2 -2 -1 0 0 -1 -1 0 -2 0 0 -2 -2 0 -2 0 -1 -2 -1 -2 0 0 -1 -2 -2 -1 -2 -1
-0.077266233734211 0.583137747453185 0.729464839918048 1.21245109497081 -1.38580576318309 1 0 0 2 2 1 0 1 0 1 0 1 0 1 1 1 0 0 1 1 1 0 2 0 0 1 0 1 1 2 0 0 0 2 2 1 0 1 0 1 0 1 0 1 1 1 0 0 1 1 1 0 2 0 0 1 0 1 1 2 0
-0.256277637098239 0.912057975208654 0.401594122004126 -0.765719581224297 -1.1104797404535 1 1 2 2 2 1 0 2 2 2 1 2 0 1 1 1 0 1 1 2 2 0 1 0 0 1 0 0 0 2 0 1 2 2 2 1 0 2 2 2 1 2 0 1 1 1 0 1 1 2 2 0 1 0 0 1 0 0 0 2 0
-0.84847997792353 1.13799712358086 0.176516839030002 0.575206808583675 0.00475189315981681 1 1 1 2 2 0 0 0 0 0 0 1 0 1 1 1 1 1 0 0 2 0 1 0 0 1 0 1 0 2 1 1 1 2 2 0 0 0 0 0 0 1 0 1 1 1 1 1 0 0 2 0 1 0 0 1 0 1 0 2 1
0.525697102263575 -0.436780499427894 1.0820467168151 -0.331849552601039 1.60570562149153 1 1 1 2 2 1 0 1 1 1 0 2 0 1 0 1 1 0 0 0 2 1 2 1 0 2 1 1 0 2 1 1 1 2 2 1 0 1 1 1 0 2 0 1 0 1 1 0 0 0 2 1 2 1 0 2 1 1 0 2 1
-0.738449208184204 -1.32677492430888 -2.42267944781136 -0.0496870722705703 -0.593088764944037 1 2 1 2 2 1 0 1 0 0 1 2 0 1 2 2 0 0 0 1 2 1 1 0 0 1 1 2 1 2 0 2 1 2 2 1 0 1 0 0 1 2 0 1 2 2 0 0 0 1 2 1 1 0 0 1 1 2 1 2 0
0.342743906393051 0.415045408983402 -0.3192046916493 -0.498342735066581 0.456803230856279 1 0 1 2 1 1 0 0 0 0 0 2 0 0 1 1 0 0 0 0 1 1 2 0 0 2 2 2 1 2 0 0 1 2 1 1 0 0 0 0 0 2 0 0 1 1 0 0 0 0 1 1 2 0 0 2 2 2 1 2 0
1.84100772491976 -2.12544804964823 1.06754677932296 1.0787275840218 1.10467108538498 -1 1 1 2 2 1 0 2 1 2 1 2 0 1 1 1 1 1 0 1 2 0 0 0 0 2 2 2 1 2 0 -1 -1 -2 -2 -1 0 -2 -1 -2 -1 -2 0 -1 -1 -1 -1 -1 0 -1 -2 0 0 0 0 -2 -2 -2 -1 -2 0
1.14258215745935 0.902086813497308 -0.448903297241102 0.172636591739008 0.351267321602168 1 0 0 2 1 0 0 0 0 0 2 2 1 1 1 2 1 1 0 1 2 0 2 0 1 2 2 2 0 2 1 0 0 2 1 0 0 0 0 0 2 2 1 1 1 2 1 1 0 1 2 0 2 0 1 2 2 2 0 2 1
-0.502066190908902 0.361752837893618 -0.281711112900564 0.441451832033384 -1.09316973940924 -1 0 0 2 2 1 0 0 2 2 1 2 0 0 1 2 1 1 0 1 2 0 2 0 0 2 1 2 2 2 0 0 0 -2 -2 -1 0 0 -2 -2 -1 -2 0 0 -1 -2 -1 -1 0 -1 -2 0 -2 0 0 -2 -1 -2 -2 -2 0
-1.0307392077415 1.82294262867787 0.809692477101942 0.225254623378489 -0.167896809286622 1 1 1 2 1 1 0 1 0 1 0 2 0 0 0 1 0 1 0 0 2 0 2 1 0 2 2 2 1 2 2 1 1 2 1 1 0 1 0 1 0 2 0 0 0 1 0 1 0 0 2 0 2 1 0 2 2 2 1 2 2
0.824634106126757 -0.188808988634747 0.182066975407072 -1.70119881230128 -0.868595770311609 -1 1 1 2 2 0 0 1 0 0 0 2 1 2 1 2 0 0 1 1 2 2 1 0 0 1 1 2 1 2 0 -1 -1 -2 -2 0 0 -1 0 0 0 -2 -1 -2 -1 -2 0 0 -1 -1 -2 -2 -1 0 0 -1 -1 -2 -1 -2 0
-0.885869320982775 1.74460338022298 1.49641222726702 0.116585964258083 -0.772877006349237 1 0 1 2 2 1 0 2 0 0 0 2 0 1 2 2 0 1 0 1 2 0 2 0 0 2 2 2 0 2 0 0 1 2 2 1 0 2 0 0 0 2 0 1 2 2 0 1 0 1 2 0 2 0 0 2 2 2 0 2 0
1.19670190497586 -0.396989192981856 1.28458244893167 0.250825180372797 -0.803090907771217 1 1 2 2 2 1 0 2 0 1 0 1 0 0 2 2 1 1 0 2 2 2 0 0 0 1 0 0 0 2 1 1 2 2 2 1 0 2 0 1 0 1 0 0 2 2 1 1 0 2 2 2 0 0 0 1 0 0 0 2 1
-0.442323782072339 -0.110948402743504 -0.194712752948339 1.19670276297481 0.462154169306963 -1 0 1 2 2 1 0 0 1 0 1 2 0 0 0 2 1 0 1 1 2 1 2 0 0 1 1 1 0 2 0 0 -1 -2 -2 -1 0 0 -1 0 -1 -2 0 0 0 -2 -1 0 -1 -1 -2 -1 -2 0 0 -1 -1 -1 0 -2 0
-0.826015724637977 -1.3780905710141 1.35160644783021 -0.823618024930263 1.18075592437674 -1 1 0 2 2 0 0 1 0 2 1 2 1 2 2 2 0 1 1 2 2 2 2 1 0 2 2 2 1 2 1 -1 0 -2 -2 0 0 -1 0 -2 -1 -2 -1 -2 -2 -2 0 -1 -1 -2 -2 -2 -2 -1 0 -2 -2 -2 -1 -2 -1
0.587443534482883 0.595156728769622 0.0712120463212867 0.559795399887128 0.167578993526622 1 0 0 2 0 1 0 1 0 1 0 1 0 1 1 1 0 0 1 1 2 2 2 1 0 2 2 1 0 2 1 0 0 2 0 1 0 1 0 1 0 1 0 1 1 1 0 0 1 1 2 2 2 1 0 2 2 1 0 2 1
0.163994532193209 1.05898378740829 0.985620273286427 0.139592509016537 -0.771959634031356 1 1 1 2 2 1 1 1 0 0 0 2 0 1 2 2 1 1 0 1 2 2 2 1 1 2 1 2 1 2 1 1 1 2 2 1 1 1 0 0 0 2 0 1 2 2 1 1 0 1 2 2 2 1 1 2 1 2 1 2 1
-1.94151354627886 -0.0516638045958172 1.07071841872654 0.741381552166403 -0.654749840084019 -1 2 1 2 2 1 0 0 1 1 0 2 0 1 1 2 1 1 0 0 2 0 2 1 1 2 2 2 0 2 1 -2 -1 -2 -2 -1 0 0 -1 -1 0 -2 0 -1 -1 -2 -1 -1 0 0 -2 0 -2 -1 -1 -2 -2 -2 0 -2 -1
0.193301303241006 -0.487475832477909 -1.52910535279223 1.15594452484579 0.952084545704982 1 1 0 2 1 1 0 1 0 1 1 2 0 0 1 1 0 0 1 2 2 1 2 0 0 2 2 2 1 2 1 1 0 2 1 1 0 1 0 1 1 2 0 0 1 1 0 0 1 2 2 1 2 0 0 2 2 2 1 2 1
0.278303225552291 -1.74644323674896 -0.0838139809893193 -0.0192455969154247 -0.222833587044032 -1 2 1 2 2 0 0 0 0 0 0 2 0 1 2 1 0 0 0 1 2 0 1 0 0 1 0 0 0 1 1 -2 -1 -2 -2 0 0 0 0 0 0 -2 0 -1 -2 -1 0 0 0 -1 -2 0 -1 0 0 -1 0 0 0 -1 -1
0.23813839266898 -0.114563894560372 -0.109806035465691 0.720953363177699 -0.0124857630983034 -1 1 1 2 2 0 0 2 0 0 1 2 1 2 2 2 0 0 0 1 2 0 2 0 0 2 1 2 1 1 0 -1 -1 -2 -2 0 0 -2 0 0 -1 -2 -1 -2 -2 -2 0 0 0 -1 -2 0 -2 0 0 -2 -1 -2 -1 -1 0
-0.642720981012597 0.922892533504016 0.626069886464174 -1.17396511381286 -0.972675471381933 1 1 1 2 2 0 0 1 0 1 1 2 0 1 1 2 2 0 0 1 2 1 2 0 0 2 2 1 1 2 1 1 1 2 2 0 0 1 0 1 1 2 0 1 1 2 2 0 0 1 2 1 2 0 0 2 2 1 1 2 1
-0.056603577165092 0.205513184103462 1.21255210745605 -2.16877996779783 0.527024283992898 1 1 1 2 2 0 1 2 0 0 0 2 0 1 2 2 0 0 1 1 2 0 2 1 0 2 2 2 0 2 0 1 1 2 2 0 1 2 0 0 0 2 0 1 2 2 0 0 1 1 2 0 2 1 0 2 2 2 0 2 0
0.0810774466305815 -0.408913551151371 0.996804894990598 0.580605997796644 0.994810520788397 1 0 0 2 2 0 1 1 0 0 1 2 1 1 1 2 0 0 0 2 2 2 2 2 1 2 1 1 0 2 1 0 0 2 2 0 1 1 0 0 1 2 1 1 1 2 0 0 0 2 2 2 2 2 1 2 1 1 0 2 1
1.27730259777885 0.461416820351529 0.790973276036862 -0.477386250064962 -0.104985513315502 1 0 1 2 1 0 0 0 0 1 1 2 0 0 0 1 0 0 1 0 2 1 2 1 0 1 0 0 0 2 1 0 1 2 1 0 0 0 0 1 1 2 0 0 0 1 0 0 1 0 2 1 2 1 0 1 0 0 0 2 1
-0.683618369430979 -0.682436361469685 -0.656369888510389 -0.69897820055712 0.683551883346068 1 0 2 2 2 1 0 1 0 0 0 2 0 2 1 0 0 0 0 1 2 0 2 0 0 1 1 1 0 2 0 0 2 2 2 1 0 1 0 0 0 2 0 2 1 0 0 0 0 1 2 0 2 0 0 1 1 1 0 2 0
0.555933456576976 -0.807053391040928 0.278777820256705 -0.275934691393647 0.427484729072443 -1 0 1 2 2 1 0 0 0 0 1 2 1 2 1 2 0 0 0 0 2 1 1 1 0 2 0 1 1 2 2 0 -1 -2 -2 -1 0 0 0 0 -1 -2 -1 -2 -1 -2 0 0 0 0 -2 -1 -1 -1 0 -2 0 -1 -1 -2 -2
0.499663094382115 0.847018759372733 -0.394373681536249 1.92626027992919 -1.43846061387868 1 0 0 2 2 0 0 1 1 1 1 2 1 2 2 1 1 0 0 0 2 0 2 0 0 2 2 1 0 1 0 0 0 2 2 0 0 1 1 1 1 2 1 2 2 1 1 0 0 0 2 0 2 0 0 2 2 1 0 1 0
0.721074271142249 -1.04430596879366 -0.371329234042958 1.00488077950183 0.53327602727516 1 1 1 2 1 1 0 0 0 1 1 2 0 1 1 2 1 1 0 0 2 2 1 1 0 2 2 1 0 2 1 1 1 2 1 1 0 0 0 1 1 2 0 1 1 2 1 1 0 0 2 2 1 1 0 2 2 1 0 2 1
-1.48407519751342 -0.173264565047386 0.968509769888031 0.216480839744216 0.46659015349717 1 1 1 2 2 1 0 0 0 1 0 1 0 0 1 2 0 0 0 0 2 1 1 0 0 2 1 1 1 2 1 1 1 2 2 1 0 0 0 1 0 1 0 0 1 2 0 0 0 0 2 1 1 0 0 2 1 1 1 2 1
-1.14051548512474 2.03165449573038 1.35481364583551 -0.217925893685559 -1.15345580375881 1 0 0 2 2 0 0 0 1 2 1 2 0 1 0 2 0 0 0 0 2 1 1 0 0 1 1 0 0 2 1 0 0 2 2 0 0 0 1 2 1 2 0 1 0 2 0 0 0 0 2 1 1 0 0 1 1 0 0 2 1
-1.58689857613022 -0.789547310624579 -0.35322006844152 -1.14033750208446 -1.58149558878232 1 0 1 2 2 1 0 1 0 0 0 2 0 1 2 2 1 0 0 1 2 1 2 2 1 2 1 1 0 2 2 0 1 2 2 1 0 1 0 0 0 2 0 1 2 2 1 0 0 1 2 1 2 2 1 2 1 1 0 2 2
0.622156676141444 1.48858627029631 -2.76526276776556 -0.399485169421724 -1.41736615428822 1 0 2 2 2 1 0 1 0 0 0 2 0 0 0 1 0 0 1 2 2 0 1 0 0 2 2 1 0 1 0 0 2 2 2 1 0 1 0 0 0 2 0 0 0 1 0 0 1 2 2 0 1 0 0 2 2 1 0 1 0
-0.746206677567136 0.369052348286223 0.5758423652444 -1.78468453066644 0.540555965157917 1 0 1 2 2 1 1 2 0 1 0 2 1 0 0 0 0 0 0 1 2 0 2 2 0 2 2 2 1 2 0 0 1 2 2 1 1 2 0 1 0 2 1 0 0 0 0 0 0 1 2 0 2 2 0 2 2 2 1 2 0
-0.0193436570482127 0.972843596874988 0.172563681641652 -0.0373899104421527 -0.134042648728969 1 1 2 2 2 0 0 0 1 0 0 2 0 2 2 2 0 1 1 1 2 1 2 0 0 2 1 2 0 1 0 1 2 2 2 0 0 0 1 0 0 2 0 2 2 2 0 1 1 1 2 1 2 0 0 2 1 2 0 1 0
-0.89331119871311 0.567211598911245 -1.37960317991968 -0.324057726709015 0.71618329808407 1 1 2 2 2 0 0 2 1 1 1 2 2 2 1 0 0 0 0 1 2 0 1 0 0 1 2 2 1 2 1 1 2 2 2 0 0 2 1 1 1 2 2 2 1 0 0 0 0 1 2 0 1 0 0 1 2 2 1 2 1
-1.02202651956267 -0.78339706831481 0.743402758209586 1.55036364934479 0.0929005278199456 1 1 2 2 2 1 0 0 0 1 0 2 0 1 2 1 1 0 0 1 2 2 2 0 0 1 1 1 1 2 1 1 2 2 2 1 0 0 0 1 0 2 0 1 2 1 1 0 0 1 2 2 2 0 0 1 1 1 1 2 1
-0.104186699453341 -0.953884583810754 -0.754132095294236 0.513409118186298 -0.185806065111696 -1 1 1 2 2 2 0 0 0 0 1 2 0 2 2 2 1 0 1 2 2 2 1 0 0 1 1 2 0 2 1 -1 -1 -2 -2 -2 0 0 0 0 -1 -2 0 -2 -2 -2 -1 0 -1 -2 -2 -2 -1 0 0 -1 -1 -2 0 -2 -1
2.04438898739948 -1.44236969020794 1.03970687244275 0.228253472179417 0.957994666225422 -1 1 2 2 1 1 0 1 0 1 0 2 0 0 0 0 0 0 0 1 2 0 1 0 0 2 1 1 1 2 1 -1 -2 -2 -1 -1 0 -1 0 -1 0 -2 0 0 0 0 0 0 0 -1 -2 0 -1 0 0 -2 -1 -1 -1 -2 -1
0.176007025358336 -1.57966210481272 -0.635371756034364 -0.194237784132442 0.726919210321152 -1 0 0 2 2 1 0 1 0 0 1 2 0 1 1 1 0 0 0 1 2 1 1 0 0 1 1 1 0 2 0 0 0 -2 -2 -1 0 -1 0 0 -1 -2 0 -1 -1 -1 0 0 0 -1 -2 -1 -1 0 0 -1 -1 -1 0 -2 0
-1.37203474955757 0.809454045781917 0.0871903405935436 -1.44580651149543 0.511876625336871 -1 0 1 2 2 0 1 2 1 1 1 2 0 1 1 0 0 0 0 1 2 1 2 0 0 2 2 1 0 2 0 0 -1 -2 -2 0 -1 -2 -1 -1 -1 -2 0 -1 -1 0 0 0 0 -1 -2 -1 -2 0 0 -2 -2 -1 0 -2 0
-0.703337364741187 0.504683023207721 -0.869694583679332 -0.103491647396005 -0.270249204178063 1 0 0 2 2 0 0 2 1 0 1 2 0 1 1 1 1 0 0 0 2 0 1 0 0 1 0 2 1 2 0 0 0 2 2 0 0 2 1 0 1 2 0 1 1 1 1 0 0 0 2 0 1 0 0 1 0 2 1 2 0
-0.78509482491473 -1.15729613495089 -3.01345840759379 0.102172502734997 0.128261787596207 -1 2 2 2 2 0 0 2 1 2 1 2 0 0 1 1 0 0 0 1 2 1 1 0 0 2 2 2 1 2 1 -2 -2 -2 -2 0 0 -2 -1 -2 -1 -2 0 0 -1 -1 0 0 0 -1 -2 -1 -1 0 0 -2 -2 -2 -1 -2 -1
