1.71843637444697 -0.469022524064941 0.722946632876524 -0.404266380729614 1.52467195749367 -1 2 1 2 2 0 1 1 0 1 2 0 0 1 0 1 0 0 2 2 2 1 2 0 2 2 0 2 0 2 0 -2 -1 -2 -2 0 -1 -1 0 -1 -2 0 0 -1 0 -1 0 0 -2 -2 -2 -1 -2 0 -2 -2 0 -2 0 -2 0
0.318600005541022 -1.54197502083163 -0.090002337555083 -1.76200334195474 1.67967457485636 1 2 2 2 2 0 1 0 0 1 2 1 1 1 0 0 1 1 2 2 1 1 2 0 2 2 1 1 0 2 1 2 2 2 2 0 1 0 0 1 2 1 1 1 0 0 1 1 2 2 1 1 2 0 2 2 1 1 0 2 1
-0.42538096625414 0.843665881414665 -0.792147478813449 0.00226332770733607 -0.474458917420888 -1 2 1 1 2 0 0 0 1 2 2 1 0 1 0 0 1 0 1 1 1 0 2 0 2 2 1 0 0 1 1 -2 -1 -1 -2 0 0 0 -1 -2 -2 -1 0 -1 0 0 -1 0 -1 -1 -1 0 -2 0 -2 -2 -1 0 0 -1 -1
-0.55755227460447 0.581643201136921 0.926726086839233 1.21054903010044 0.37460788668085 -1 2 0 1 2 0 1 1 0 2 2 1 0 0 0 0 2 0 2 2 1 1 2 0 2 2 2 2 0 1 0 -2 0 -1 -2 0 -1 -1 0 -2 -2 -1 0 0 0 0 -2 0 -2 -2 -1 -1 -2 0 -2 -2 -2 -2 0 -1 0
0.331822597516287 -0.150132411064786 -1.06503171535111 0.182284042189532 0.289144445694955 1 2 0 0 2 0 2 2 1 1 2 0 0 0 0 0 0 0 2 2 1 1 2 0 0 0 0 1 0 1 0 2 0 0 2 0 2 2 1 1 2 0 0 0 0 0 0 0 2 2 1 1 2 0 0 0 0 1 0 1 0
-0.700038742824237 -2.23257960635149 0.0989797233016822 -2.22174617655172 -1.20481723618535 -1 2 0 1 2 0 2 2 1 1 1 0 0 1 1 1 2 0 1 2 1 0 2 0 1 2 2 2 0 1 1 -2 0 -1 -2 0 -2 -2 -1 -1 -1 0 0 -1 -1 -1 -2 0 -1 -2 -1 0 -2 0 -1 -2 -2 -2 0 -1 -1
0.753670672165346 0.583259833250491 2.54652584719755 -0.210587887654299 0.553340704463926 -1 2 2 2 2 0 1 2 0 0 1 1 0 2 0 0 2 0 1 2 1 1 2 0 2 2 1 0 0 2 1 -2 -2 -2 -2 0 -1 -2 0 0 -1 -1 0 -2 0 0 -2 0 -1 -2 -1 -1 -2 0 -2 -2 -1 0 0 -2 -1
-1.63354144451792 2.02608123256979 0.184550439021738 -0.197306192766908 -1.28331000682518 -1 2 2 1 2 0 1 2 2 1 2 0 0 0 0 1 1 0 0 0 1 0 1 0 1 2 1 1 0 2 0 -2 -2 -1 -2 0 -1 -2 -2 -1 -2 0 0 0 0 -1 -1 0 0 0 -1 0 -1 0 -1 -2 -1 -1 0 -2 0
0.768872688408912 1.50774319758879 0.136219983250907 2.41321314372334 -0.906773681454864 -1 2 0 1 2 0 0 1 0 1 1 0 0 2 0 0 1 0 1 2 1 1 2 0 1 1 1 1 0 2 1 -2 0 -1 -2 0 0 -1 0 -1 -1 0 0 -2 0 0 -1 0 -1 -2 -1 -1 -2 0 -1 -1 -1 -1 0 -2 -1
-1.78098397419559 0.909183688343693 -0.448031747418127 0.100681212264109 0.199456625960307 1 2 1 0 2 1 1 1 1 0 1 0 0 0 0 0 1 0 0 1 1 0 2 0 2 2 1 1 0 2 1 2 1 0 2 1 1 1 1 0 1 0 0 0 0 0 1 0 0 1 1 0 2 0 2 2 1 1 0 2 1
0.866825291527683 -1.63514947404778 -1.24567620618853 -0.674169857428545 0.929982230093296 1 2 1 2 2 1 2 2 2 1 2 2 0 0 0 0 1 0 0 2 2 1 2 0 2 2 1 1 0 0 1 2 1 2 2 1 2 2 2 1 2 2 0 0 0 0 1 0 0 2 2 1 2 0 2 2 1 1 0 0 1
-0.737541587016808 0.77295329838788 -0.220331320730145 0.987559743435963 0.541837941860608 -1 1 0 0 2 0 0 0 0 2 2 1 0 0 0 0 2 0 1 2 1 1 2 0 0 1 0 2 0 2 0 -1 0 0 -2 0 0 0 0 -2 -2 -1 0 0 0 0 -2 0 -1 -2 -1 -1 -2 0 0 -1 0 -2 0 -2 0
-2.03863350152274 0.85272657215591 0.162674014537003 0.685141435880257 0.100495251438227 -1 2 2 2 2 2 2 2 2 2 2 1 0 1 0 0 2 0 0 1 1 0 2 0 1 1 0 0 0 1 1 -2 -2 -2 -2 -2 -2 -2 -2 -2 -2 -1 0 -1 0 0 -2 0 0 -1 -1 0 -2 0 -1 -1 0 0 0 -1 -1
-0.337825734708769 -2.10542589656984 0.523439886084488 -0.436129526104591 -1.06573155204323 1 2 2 1 2 0 1 2 2 1 2 2 0 1 0 2 0 0 2 2 0 0 1 0 1 2 0 0 0 2 0 2 2 1 2 0 1 2 2 1 2 2 0 1 0 2 0 0 2 2 0 0 1 0 1 2 0 0 0 2 0
-0.917501685340397 0.127602637864695 -0.0597844798819708 -0.573805113598242 -1.59734549664154 1 2 1 0 2 0 1 1 0 0 2 1 0 2 0 0 2 0 1 2 1 0 1 0 1 2 1 0 0 1 0 2 1 0 2 0 1 1 0 0 2 1 0 2 0 0 2 0 1 2 1 0 1 0 1 2 1 0 0 1 0
0.156566708919618 0.0765134106495112 1.06826519438199 0.58895988006526 1.71475777611633 -1 2 1 0 2 0 1 2 2 0 0 0 0 1 0 0 1 0 1 2 2 0 2 0 2 2 1 2 1 2 1 -2 -1 0 -2 0 -1 -2 -2 0 0 0 0 -1 0 0 -1 0 -1 -2 -2 0 -2 0 -2 -2 -1 -2 -1 -2 -1
-2.05750281465841 -0.248476387854547 0.13841114598846 -0.769721874578268 0.997301959917257 1 2 1 1 2 1 2 2 2 1 2 0 0 1 0 1 2 0 1 2 2 1 2 0 2 2 0 1 0 2 1 2 1 1 2 1 2 2 2 1 2 0 0 1 0 1 2 0 1 2 2 1 2 0 2 2 0 1 0 2 1
1.06408907936323 1.08069115578591 0.740828697864994 -0.383225233980789 -0.409383566511981 1 2 1 1 2 1 2 2 1 0 2 1 1 2 0 0 2 0 1 1 0 0 2 0 0 1 0 0 0 2 0 2 1 1 2 1 2 2 1 0 2 1 1 2 0 0 2 0 1 1 0 0 2 0 0 1 0 0 0 2 0
-0.790087760486225 1.50079449196683 1.60479471230237 0.811949240478039 -0.580849305023328 -1 2 0 2 2 0 2 2 2 1 2 1 0 1 0 0 1 0 0 1 0 0 1 0 0 1 1 1 0 1 2 -2 0 -2 -2 0 -2 -2 -2 -1 -2 -1 0 -1 0 0 -1 0 0 -1 0 0 -1 0 0 -1 -1 -1 0 -1 -2
-0.311281263412881 -0.246492759631315 1.04081115251426 0.350280961687275 -0.384305540516551 -1 2 2 2 2 0 2 2 1 0 2 1 0 0 0 0 1 0 2 2 1 0 2 1 2 2 0 1 0 2 1 -2 -2 -2 -2 0 -2 -2 -1 0 -2 -1 0 0 0 0 -1 0 -2 -2 -1 0 -2 -1 -2 -2 0 -1 0 -2 -1
0.68240649211197 1.05718047224915 -0.95540886297026 -0.788200122321267 -0.388535088864288 -1 2 0 0 2 1 2 2 1 1 2 2 1 1 1 1 1 0 1 2 2 1 2 0 1 2 0 1 0 1 0 -2 0 0 -2 -1 -2 -2 -1 -1 -2 -2 -1 -1 -1 -1 -1 0 -1 -2 -2 -1 -2 0 -1 -2 0 -1 0 -1 0
-0.558240308931263 0.950102221028894 -1.79181674721228 0.606538522627437 -0.672832504001461 -1 2 1 0 2 1 2 1 0 1 2 2 0 0 0 0 1 0 1 1 0 1 2 0 2 2 2 2 0 2 2 -2 -1 0 -2 -1 -2 -1 0 -1 -2 -2 0 0 0 0 -1 0 -1 -1 0 -1 -2 0 -2 -2 -2 -2 0 -2 -2
-2.00220049611805 0.505299062038053 -0.725175594468158 0.377043864239407 -0.443882365484436 1 2 0 0 2 0 1 1 0 1 2 2 0 1 1 1 2 0 0 1 0 0 1 0 0 2 0 1 0 0 0 2 0 0 2 0 1 1 0 1 2 2 0 1 1 1 2 0 0 1 0 0 1 0 0 2 0 1 0 0 0
0.265868083397053 0.31151114521037 1.02917313778984 -0.22746228952837 0.21557629080195 -1 2 1 1 2 1 1 2 1 2 2 1 0 0 0 0 0 0 1 2 1 0 2 0 2 2 0 1 0 2 2 -2 -1 -1 -2 -1 -1 -2 -1 -2 -2 -1 0 0 0 0 0 0 -1 -2 -1 0 -2 0 -2 -2 0 -1 0 -2 -2
1.20152913651021 -0.229773565724186 -0.630255933841749 0.475287824377064 0.290945327314564 -1 2 0 0 2 0 1 1 0 0 1 1 0 0 0 0 2 0 2 2 2 1 2 0 1 2 1 1 0 0 0 -2 0 0 -2 0 -1 -1 0 0 -1 -1 0 0 0 0 -2 0 -2 -2 -2 -1 -2 0 -1 -2 -1 -1 0 0 0
-0.565922062977135 -2.68091806150947 -2.19496735170964 -2.38080393188652 0.0682015968669459 1 1 0 1 2 0 0 1 0 0 1 2 0 1 0 0 1 0 2 2 1 1 2 0 2 2 0 0 0 2 1 1 0 1 2 0 0 1 0 0 1 2 0 1 0 0 1 0 2 2 1 1 2 0 2 2 0 0 0 2 1
-0.658572472317975 -0.877580629426536 0.229122735097145 -0.134171419777646 -1.07136337271444 1 2 0 0 2 0 0 2 1 0 2 2 0 2 1 1 2 1 1 2 2 0 2 0 1 1 0 0 0 1 0 2 0 0 2 0 0 2 1 0 2 2 0 2 1 1 2 1 1 2 2 0 2 0 1 1 0 0 0 1 0
-1.52766059097142 1.9577210378647 -0.846680647358315 0.584270572250453 -0.836754386339946 -1 2 1 1 2 1 2 1 1 1 1 1 0 1 0 0 1 0 0 1 1 0 2 0 2 2 1 0 0 1 0 -2 -1 -1 -2 -1 -2 -1 -1 -1 -1 -1 0 -1 0 0 -1 0 0 -1 -1 0 -2 0 -2 -2 -1 0 0 -1 0
1.37939718501042 0.252206668876215 1.29367582849191 0.150654236114667 -1.15523084258886 1 2 2 0 2 1 2 2 1 2 1 2 0 0 0 0 0 0 0 2 1 0 2 0 1 2 0 0 0 2 2 2 2 0 2 1 2 2 1 2 1 2 0 0 0 0 0 0 0 2 1 0 2 0 1 2 0 0 0 2 2
0.0517357134034233 -0.63258724698824 -0.0193407843228847 0.995458969332573 -0.163979485740054 1 2 2 2 2 0 2 2 1 1 1 1 1 2 0 2 1 0 1 2 1 0 2 0 1 2 1 0 0 1 1 2 2 2 2 0 2 2 1 1 1 1 1 2 0 2 1 0 1 2 1 0 2 0 1 2 1 0 0 1 1
-0.0187963377633692 -0.34092140616572 1.47108324417195 -0.447405957886858 0.729812248741989 -1 2 1 1 2 0 0 1 1 1 2 2 0 1 0 0 1 0 0 0 0 0 2 0 1 2 1 1 0 2 1 -2 -1 -1 -2 0 0 -1 -1 -1 -2 -2 0 -1 0 0 -1 0 0 0 0 0 -2 0 -1 -2 -1 -1 0 -2 -1
0.458689874730122 -0.217239176048744 -0.0725859793811391 0.598438199362487 -0.0960006196382869 1 2 0 1 2 0 1 2 1 1 2 1 0 2 0 1 2 0 0 1 1 0 2 0 2 2 2 1 0 2 0 2 0 1 2 0 1 2 1 1 2 1 0 2 0 1 2 0 0 1 1 0 2 0 2 2 2 1 0 2 0
0.659390697120283 -0.344612948996256 -1.37983823486228 -1.27936670599116 -0.919720652149373 1 2 0 0 2 0 0 1 2 1 1 1 0 0 0 0 2 0 1 1 1 0 2 0 0 1 1 2 0 1 0 2 0 0 2 0 0 1 2 1 1 1 0 0 0 0 2 0 1 1 1 0 2 0 0 1 1 2 0 1 0
-0.374292580547774 0.19516321123761 -0.78301852381696 0.744190852531397 1.14335848418598 1 2 0 1 2 1 2 1 1 1 2 0 0 2 0 1 1 0 0 2 1 0 2 0 1 1 0 1 0 1 1 2 0 1 2 1 2 1 1 1 2 0 0 2 0 1 1 0 0 2 1 0 2 0 1 1 0 1 0 1 1
1.48799562819005 0.85864356128952 -0.213632282069865 0.288488679909357 0.0232525690590974 1 2 1 1 2 0 2 1 1 0 2 1 0 2 1 1 0 0 1 2 1 0 2 0 2 2 2 1 0 1 0 2 1 1 2 0 2 1 1 0 2 1 0 2 1 1 0 0 1 2 1 0 2 0 2 2 2 1 0 1 0
0.134318454761748 -0.578375898140691 0.121532996486302 -0.556433062035703 0.38465630062189 -1 2 0 2 2 0 0 1 0 0 1 1 0 0 0 1 1 0 1 2 2 1 2 0 1 2 0 0 0 1 1 -2 0 -2 -2 0 0 -1 0 0 -1 -1 0 0 0 -1 -1 0 -1 -2 -2 -1 -2 0 -1 -2 0 0 0 -1 -1
-1.19692359272397 0.237848762523972 1.52852750731379 -0.56611841399288 0.812571877564216 1 2 0 0 2 2 2 2 1 1 2 0 0 0 0 0 2 0 1 1 0 0 2 0 2 2 1 1 0 1 0 2 0 0 2 2 2 2 1 1 2 0 0 0 0 0 2 0 1 1 0 0 2 0 2 2 1 1 0 1 0
1.40096849329271 0.183602797097228 -0.190789051999642 1.69357017755769 -0.629641608379247 1 2 0 0 2 0 1 1 1 2 2 1 0 2 0 0 0 0 1 2 1 1 0 0 2 2 1 0 0 2 2 2 0 0 2 0 1 1 1 2 2 1 0 2 0 0 0 0 1 2 1 1 0 0 2 2 1 0 0 2 2
0.939446396240498 -0.995611150477325 -0.263707024624892 0.859418961843218 0.490186066193728 1 2 1 1 2 0 1 1 1 2 2 2 0 1 1 1 0 0 0 1 0 0 1 0 0 0 0 1 0 2 1 2 1 1 2 0 1 1 1 2 2 2 0 1 1 1 0 0 0 1 0 0 1 0 0 0 0 1 0 2 1
-0.778296900415357 1.71075654558136 0.249726133408522 0.224749129674105 -3.28302215597028 1 1 1 1 2 0 1 2 1 1 2 2 0 1 0 0 1 0 1 2 0 0 1 0 2 2 2 1 0 2 1 1 1 1 2 0 1 2 1 1 2 2 0 1 0 0 1 0 1 2 0 0 1 0 2 2 2 1 0 2 1
0.320594915274875 1.5068471914249 0.856113868714496 0.109557828971676 -0.162117578547092 1 1 1 1 2 1 1 2 1 0 1 1 0 1 1 1 0 0 1 0 0 0 2 0 2 1 0 2 0 1 0 1 1 1 2 1 1 2 1 0 1 1 0 1 1 1 0 0 1 0 0 0 2 0 2 1 0 2 0 1 0
-0.857963666467372 -0.585373990229143 -0.607581026470019 -0.765521442242047 0.0635064428193874 1 2 2 1 2 0 0 1 1 2 2 2 0 1 0 1 1 0 1 2 1 0 2 0 1 1 0 0 0 2 2 2 2 1 2 0 0 1 1 2 2 2 0 1 0 1 1 0 1 2 1 0 2 0 1 1 0 0 0 2 2
-0.192462428652727 -1.40210798282831 0.831446370840758 -0.0106390711573753 -2.32527423090595 -1 1 0 0 2 0 1 1 2 2 2 1 0 0 0 0 1 0 0 2 1 0 2 0 2 2 1 0 0 2 0 -1 0 0 -2 0 -1 -1 -2 -2 -2 -1 0 0 0 0 -1 0 0 -2 -1 0 -2 0 -2 -2 -1 0 0 -2 0
-0.0512928772757095 1.32679531195003 0.103536017744705 1.09086064492438 0.952089956535908 1 2 1 1 2 0 1 1 0 2 2 2 0 2 1 1 1 0 1 1 0 0 1 0 1 1 0 0 0 2 0 2 1 1 2 0 1 1 0 2 2 2 0 2 1 1 1 0 1 1 0 0 1 0 1 1 0 0 0 2 0
0.960155008614245 0.853303132909924 -0.807639334285682 0.57182844225067 -0.907727449042341 1 1 0 0 2 1 1 2 1 0 1 1 0 0 0 0 2 0 1 2 1 0 2 0 2 2 1 1 0 1 0 1 0 0 2 1 1 2 1 0 1 1 0 0 0 0 2 0 1 2 1 0 2 0 2 2 1 1 0 1 0
-1.44316398279534 1.80045054946769 1.18849921432841 0.343525523312275 0.662317407218111 -1 2 1 1 2 0 2 1 1 0 0 0 0 0 0 1 1 0 0 0 0 0 2 0 2 2 2 2 0 1 1 -2 -1 -1 -2 0 -2 -1 -1 0 0 0 0 0 0 -1 -1 0 0 0 0 0 -2 0 -2 -2 -2 -2 0 -1 -1
-0.516399648287425 1.24423238151268 1.05602028858112 -0.276162314727479 0.415827266998754 -1 2 2 1 2 0 0 2 0 1 2 1 0 0 0 0 1 0 1 1 1 1 2 0 1 2 1 0 0 1 0 -2 -2 -1 -2 0 0 -2 0 -1 -2 -1 0 0 0 0 -1 0 -1 -1 -1 -1 -2 0 -1 -2 -1 0 0 -1 0
-0.539020997849098 1.43387350944811 -1.0960479057045 0.502814920979096 -2.2978735396028 1 2 1 1 2 0 0 1 0 1 1 1 0 1 0 0 0 0 1 1 1 0 1 0 1 2 2 1 0 1 0 2 1 1 2 0 0 1 0 1 1 1 0 1 0 0 0 0 1 1 1 0 1 0 1 2 2 1 0 1 0
-0.52335150726857 -0.611422060801388 -1.10165563706472 0.248937681725815 -0.726257197325558 -1 2 1 0 2 0 0 1 0 1 2 2 1 1 0 0 2 0 1 2 2 2 2 0 1 1 1 0 0 2 1 -2 -1 0 -2 0 0 -1 0 -1 -2 -2 -1 -1 0 0 -2 0 -1 -2 -2 -2 -2 0 -1 -1 -1 0 0 -2 -1
-1.34691347765811 0.541561832099714 -1.37454863119036 -0.381506082025456 1.79093160661761 1 1 0 1 2 0 1 0 1 2 2 1 0 1 0 0 2 0 1 2 2 0 2 0 2 2 2 1 0 1 1 1 0 1 2 0 1 0 1 2 2 1 0 1 0 0 2 0 1 2 2 0 2 0 2 2 2 1 0 1 1
-0.538957651938242 -0.528376855148368 -0.0670840871260519 -0.957308900954803 0.403497746996058 -1 2 1 1 2 0 1 2 1 2 2 1 0 1 0 1 1 0 1 1 1 1 2 0 2 2 2 2 0 2 1 -2 -1 -1 -2 0 -1 -2 -1 -2 -2 -1 0 -1 0 -1 -1 0 -1 -1 -1 -1 -2 0 -2 -2 -2 -2 0 -2 -1
-0.993329845525889 0.416835315446935 0.417747615095645 -0.152951584968778 -0.195379957083878 -1 1 0 1 2 0 1 1 0 1 2 2 1 1 0 0 1 0 0 2 1 0 1 0 1 1 0 1 0 0 1 -1 0 -1 -2 0 -1 -1 0 -1 -2 -2 -1 -1 0 0 -1 0 0 -2 -1 0 -1 0 -1 -1 0 -1 0 0 -1
-1.06282789752544 -0.651525588735015 -2.27377199980162 -0.12280697561881 0.180106288974917 -1 2 0 0 2 0 0 1 0 1 2 1 1 1 0 0 2 0 2 2 1 0 2 0 2 2 1 2 0 2 2 -2 0 0 -2 0 0 -1 0 -1 -2 -1 -1 -1 0 0 -2 0 -2 -2 -1 0 -2 0 -2 -2 -1 -2 0 -2 -2
0.802695859105098 2.01886370974079 0.882299479678122 -0.786818127016782 -1.09059540498874 1 2 2 1 2 1 1 1 0 2 2 1 0 2 0 1 1 0 0 1 1 0 2 0 2 2 1 1 1 2 1 2 2 1 2 1 1 1 0 2 2 1 0 2 0 1 1 0 0 1 1 0 2 0 2 2 1 1 1 2 1
-0.480674030450165 0.420587940262433 -0.411862295154904 -0.275518734820075 0.445232244885383 1 2 0 0 2 0 0 2 2 2 2 1 0 0 0 0 1 0 2 1 2 0 1 0 1 2 1 0 0 2 2 2 0 0 2 0 0 2 2 2 2 1 0 0 0 0 1 0 2 1 2 0 1 0 1 2 1 0 0 2 2
-1.0525168328082 -0.122694127262709 -0.707936297264513 -1.06294504201308 -0.0276685815992098 1 2 0 1 2 1 1 2 1 0 2 1 0 0 0 0 2 0 1 2 2 1 2 0 2 2 2 0 0 1 1 2 0 1 2 1 1 2 1 0 2 1 0 0 0 0 2 0 1 2 2 1 2 0 2 2 2 0 0 1 1
1.72275706911759 0.065906375949056 -1.44942822202031 -0.149229459785376 0.158678704218023 -1 2 2 2 2 1 1 1 1 1 1 1 0 2 1 1 1 0 0 1 0 1 2 0 1 2 1 1 0 1 1 -2 -2 -2 -2 -1 -1 -1 -1 -1 -1 -1 0 -2 -1 -1 -1 0 0 -1 0 -1 -2 0 -1 -2 -1 -1 0 -1 -1
0.0463715336521717 -0.0553580283266258 -0.435178349435525 -0.360697518675078 -1.36451674459598 -1 2 1 1 2 1 2 1 1 1 2 2 0 1 0 0 2 0 1 2 1 0 1 0 1 2 1 0 0 0 0 -2 -1 -1 -2 -1 -2 -1 -1 -1 -2 -2 0 -1 0 0 -2 0 -1 -2 -1 0 -1 0 -1 -2 -1 0 0 0 0
0.105732910721413 -0.573764132407776 -1.34336270034676 -1.72149971294429 -2.54675873631632 -1 2 1 0 2 0 2 1 1 1 2 1 0 1 0 1 0 0 0 0 0 0 2 0 1 2 1 1 0 2 1 -2 -1 0 -2 0 -2 -1 -1 -1 -2 -1 0 -1 0 -1 0 0 0 0 0 0 -2 0 -1 -2 -1 -1 0 -2 -1
-0.580669724910826 -0.493027663176534 -0.221002474246332 2.29677523006073 1.48991441178985 1 2 1 1 2 0 1 1 1 0 2 1 1 2 1 1 1 0 1 2 2 1 2 0 2 2 2 1 0 2 0 2 1 1 2 0 1 1 1 0 2 1 1 2 1 1 1 0 1 2 2 1 2 0 2 2 2 1 0 2 0
-1.08391415971393 -1.57446587881443 -0.209351141379433 0.511107581523515 -2.17673806555161 -1 2 1 2 2 0 2 2 1 2 2 1 0 2 0 0 2 0 1 1 1 0 2 0 1 1 0 0 0 1 0 -2 -1 -2 -2 0 -2 -2 -1 -2 -2 -1 0 -2 0 0 -2 0 -1 -1 -1 0 -2 0 -1 -1 0 0 0 -1 0
0.00457012174397479 -0.593252544017509 1.34292001469223 1.30575166275026 -0.139197908151672 1 2 2 1 2 1 2 2 1 0 2 1 0 1 1 1 1 0 2 2 0 1 1 0 2 2 1 2 0 1 1 2 2 1 2 1 2 2 1 0 2 1 0 1 1 1 1 0 2 2 0 1 1 0 2 2 1 2 0 1 1
0.0763091741816165 -0.203641604392643 -0.147688454088532 -0.267233791433713 0.622731061929671 1 2 0 1 2 0 1 2 1 0 1 1 0 1 0 0 2 0 1 2 2 2 2 0 2 2 0 1 0 1 0 2 0 1 2 0 1 2 1 0 1 1 0 1 0 0 2 0 1 2 2 2 2 0 2 2 0 1 0 1 0
0.105781395816339 0.442684233518273 0.178246412370318 1.03208351621577 0.0543097193020182 1 2 2 1 2 0 1 2 2 2 2 2 0 1 0 0 0 0 0 0 1 0 1 0 2 2 0 2 0 1 2 2 2 1 2 0 1 2 2 2 2 2 0 1 0 0 0 0 0 0 1 0 1 0 2 2 0 2 0 1 2
-0.228558920457426 -0.544706122613399 0.379218332193738 0.842800086230937 -0.375980063223562 1 2 1 1 2 0 2 1 0 2 2 2 0 0 0 1 0 0 0 2 2 1 2 0 1 1 1 1 0 1 0 2 1 1 2 0 2 1 0 2 2 2 0 0 0 1 0 0 0 2 2 1 2 0 1 1 1 1 0 1 0
-0.925215033927611 -1.47571860864543 0.152464367862971 2.7528970789789 -0.494356485570437 -1 2 1 1 2 0 0 0 0 2 2 0 0 2 0 0 2 0 1 1 1 1 2 0 2 2 1 1 0 0 0 -2 -1 -1 -2 0 0 0 0 -2 -2 0 0 -2 0 0 -2 0 -1 -1 -1 -1 -2 0 -2 -2 -1 -1 0 0 0
-0.874067359774356 -0.576033981919764 -0.274600286771154 1.8856063627944 0.616324980151081 1 2 0 0 2 0 0 1 0 1 2 2 0 0 0 0 2 1 2 2 2 1 2 0 2 2 2 2 0 2 1 2 0 0 2 0 0 1 0 1 2 2 0 0 0 0 2 1 2 2 2 1 2 0 2 2 2 2 0 2 1
-0.111230464017856 0.113685871125723 -0.0761398688567536 -1.11538121027234 -0.878347357721431 -1 2 2 1 2 1 2 2 2 0 2 2 0 2 0 1 2 1 2 1 0 0 2 0 2 2 1 1 0 1 0 -2 -2 -1 -2 -1 -2 -2 -2 0 -2 -2 0 -2 0 -1 -2 -1 -2 -1 0 0 -2 0 -2 -2 -1 -1 0 -1 0
0.35024932895615 0.207129787946153 1.43233147717201 0.836714181816072 -0.587652834238811 -1 2 1 0 2 0 0 2 1 0 1 0 0 1 0 0 0 0 0 2 0 0 2 0 0 1 1 2 0 1 1 -2 -1 0 -2 0 0 -2 -1 0 -1 0 0 -1 0 0 0 0 0 -2 0 0 -2 0 0 -1 -1 -2 0 -1 -1
-0.0850349476024713 -0.180563596007386 -1.90329523807517 0.673974492905451 -0.812689862897848 -1 2 2 1 2 0 1 1 1 0 2 1 0 0 0 0 1 0 1 2 1 1 2 0 2 2 1 1 0 2 1 -2 -2 -1 -2 0 -1 -1 -1 0 -2 -1 0 0 0 0 -1 0 -1 -2 -1 -1 -2 0 -2 -2 -1 -1 0 -2 -1
1.25585525870319 -0.093208039361937 0.423915912307588 0.404793512204027 0.824472902941517 1 2 0 1 2 1 2 2 2 0 0 0 1 2 1 1 1 0 1 1 2 1 2 0 2 2 0 0 0 2 0 2 0 1 2 1 2 2 2 0 0 0 1 2 1 1 1 0 1 1 2 1 2 0 2 2 0 0 0 2 0
0.971100513585798 -0.166437723082915 -2.2720789978669 0.0232516598248711 0.904481177345987 -1 2 0 0 2 1 2 2 2 1 2 2 1 0 0 1 2 1 2 2 2 1 2 0 2 2 1 0 0 1 0 -2 0 0 -2 -1 -2 -2 -2 -1 -2 -2 -1 0 0 -1 -2 -1 -2 -2 -2 -1 -2 0 -2 -2 -1 0 0 -1 0
-0.394078018549286 -1.04192919724077 0.975787849378425 -1.33201286334709 -0.209007714012348 1 2 1 1 2 0 0 1 0 0 1 0 0 1 0 0 1 0 1 1 2 0 2 0 1 2 2 1 0 0 0 2 1 1 2 0 0 1 0 0 1 0 0 1 0 0 1 0 1 1 2 0 2 0 1 2 2 1 0 0 0
-0.466760581499046 0.219314072261939 1.60925932912461 -1.43292119604467 0.156211198995171 -1 2 0 0 2 0 1 1 2 0 2 1 0 1 0 0 0 0 0 1 1 0 1 0 2 1 1 2 0 2 0 -2 0 0 -2 0 -1 -1 -2 0 -2 -1 0 -1 0 0 0 0 0 -1 -1 0 -1 0 -2 -1 -1 -2 0 -2 0
0.252916520703019 0.867694984519794 -0.992374689442377 -0.219642796644386 1.45609287078605 1 2 2 1 2 0 2 2 0 2 2 2 0 0 0 0 1 0 0 0 0 0 2 0 2 2 0 0 0 2 1 2 2 1 2 0 2 2 0 2 2 2 0 0 0 0 1 0 0 0 0 0 2 0 2 2 0 0 0 2 1
-0.138051119976625 -0.0563146578800014 -1.90038863537827 0.353006890690848 0.548506548144445 1 2 1 1 1 0 0 1 0 2 2 2 0 1 0 0 0 0 0 1 1 0 2 0 1 2 1 0 0 2 0 2 1 1 1 0 0 1 0 2 2 2 0 1 0 0 0 0 0 1 1 0 2 0 1 2 1 0 0 2 0
-2.49116294480715 -1.05529646712898 -0.338117056503997 1.49983774784442 -0.503436895858043 -1 2 1 1 2 0 2 2 2 1 2 1 1 1 0 0 0 0 0 2 2 0 2 0 2 2 2 2 0 1 1 -2 -1 -1 -2 0 -2 -2 -2 -1 -2 -1 -1 -1 0 0 0 0 0 -2 -2 0 -2 0 -2 -2 -2 -2 0 -1 -1
-0.734667305299433 0.127922983714182 1.14808182378102 -1.9641737430203 -2.41414025838058 1 2 1 2 2 0 0 2 1 0 1 1 0 1 0 1 2 0 2 2 0 0 2 0 2 2 2 2 0 2 1 2 1 2 2 0 0 2 1 0 1 1 0 1 0 1 2 0 2 2 0 0 2 0 2 2 2 2 0 2 1
-0.478750681462395 -0.158916012330815 1.18908739567626 -0.642852746015614 0.648465656328411 1 2 0 1 2 0 1 1 1 1 2 1 0 0 0 0 1 0 1 1 0 0 2 0 1 2 1 0 0 1 0 2 0 1 2 0 1 1 1 1 2 1 0 0 0 0 1 0 1 1 0 0 2 0 1 2 1 0 0 1 0
0.167928647439534 -0.640349192719605 1.06758575799325 -0.931420793592198 -0.801837621763259 1 2 0 0 2 0 2 1 0 1 2 0 0 0 0 0 1 0 0 1 0 0 2 0 2 2 2 1 0 1 1 2 0 0 2 0 2 1 0 1 2 0 0 0 0 0 1 0 0 1 0 0 2 0 2 2 2 1 0 1 1
0.724907532974338 -1.06621233132384 0.226185997934276 1.37205613190334 0.310560717944642 1 2 2 1 2 1 2 1 1 1 1 1 0 1 0 2 2 0 2 2 1 1 2 0 2 2 1 2 0 2 1 2 2 1 2 1 2 1 1 1 1 1 0 1 0 2 2 0 2 2 1 1 2 0 2 2 1 2 0 2 1
0.341838934301636 -1.71121132968041 1.0283292350423 -0.424199687831211 1.88114899547853 1 2 0 0 2 0 1 1 1 0 2 1 0 1 1 2 2 0 0 2 0 0 0 0 1 2 1 2 0 1 0 2 0 0 2 0 1 1 1 0 2 1 0 1 1 2 2 0 0 2 0 0 0 0 1 2 1 2 0 1 0
-1.42480003694422 -0.0358695936166006 -0.21003162042803 0.639021142985852 -0.978187981516796 1 2 1 1 2 0 1 1 1 1 2 1 0 0 0 0 1 0 1 2 1 0 1 0 1 2 1 1 0 2 1 2 1 1 2 0 1 1 1 1 2 1 0 0 0 0 1 0 1 2 1 0 1 0 1 2 1 1 0 2 1
0.164882999620848 -1.85653736959592 0.862270592454592 -0.461493649262393 0.893936610454076 1 2 2 2 2 0 1 0 0 0 1 1 0 2 0 0 2 1 2 2 2 0 2 0 2 1 1 0 0 1 1 2 2 2 2 0 1 0 0 0 1 1 0 2 0 0 2 1 2 2 2 0 2 0 2 1 1 0 0 1 1
0.74164964576535 1.35810306630439 -0.0487701753123289 -2.12687150157098 -0.546968037949644 1 2 2 2 2 0 2 1 1 0 1 1 0 2 0 2 1 0 0 1 1 0 2 0 1 1 0 0 0 0 0 2 2 2 2 0 2 1 1 0 1 1 0 2 0 2 1 0 0 1 1 0 2 0 1 1 0 0 0 0 0
0.0647912901234907 1.27557082321661 -0.423952826775931 -0.0203962113068894 0.586341023180937 -1 2 1 1 2 1 1 2 0 1 2 2 0 2 0 1 2 0 1 2 1 1 2 2 2 2 2 2 0 1 1 -2 -1 -1 -2 -1 -1 -2 0 -1 -2 -2 0 -2 0 -1 -2 0 -1 -2 -1 -1 -2 -2 -2 -2 -2 -2 0 -1 -1
-0.000724417501379162 1.70843754334894 -0.613449207265629 0.751305028521222 -0.830017252867701 1 2 1 1 2 0 1 2 2 2 2 1 1 2 1 0 0 0 0 2 1 1 2 0 2 2 1 0 0 1 0 2 1 1 2 0 1 2 2 2 2 1 1 2 1 0 0 0 0 2 1 1 2 0 2 2 1 0 0 1 0
-0.405281901350956 0.62153336265352 0.0437418691405969 1.26195058590818 1.35919674540639 -1 2 2 2 2 1 1 1 1 1 2 2 0 2 0 1 1 0 0 1 2 1 2 0 0 1 1 2 0 1 1 -2 -2 -2 -2 -1 -1 -1 -1 -1 -2 -2 0 -2 0 -1 -1 0 0 -1 -2 -1 -2 0 0 -1 -1 -2 0 -1 -1
0.0456142797085991 0.242344045554612 -0.169751749128027 -0.935326149798581 0.0792542322610242 1 2 1 0 2 0 0 1 0 2 2 1 1 2 0 1 2 0 1 2 1 0 2 0 0 1 0 1 0 2 0 2 1 0 2 0 0 1 0 2 2 1 1 2 0 1 2 0 1 2 1 0 2 0 0 1 0 1 0 2 0
-0.570474733085956 1.68067077048541 -1.40258820746927 -1.24754360415812 0.49880096689034 -1 2 0 0 2 0 1 1 0 0 2 1 0 0 0 0 1 0 0 2 2 0 2 0 1 2 0 1 0 0 1 -2 0 0 -2 0 -1 -1 0 0 -2 -1 0 0 0 0 -1 0 0 -2 -2 0 -2 0 -1 -2 0 -1 0 0 -1
0.394165056612154 -0.275359834953954 1.06993979651561 0.384432319687558 -0.506194731990741 -1 2 1 1 2 0 0 1 2 0 1 0 0 0 0 0 1 0 1 2 1 0 0 0 1 2 2 2 0 2 1 -2 -1 -1 -2 0 0 -1 -2 0 -1 0 0 0 0 0 -1 0 -1 -2 -1 0 0 0 -1 -2 -2 -2 0 -2 -1
1.34053198198249 -0.194869089105605 -0.2149638465797 -0.58946573453163 -1.00474603127128 1 2 0 1 2 0 0 1 1 2 2 1 0 1 0 0 0 0 1 2 0 1 2 1 2 2 2 0 0 2 0 2 0 1 2 0 0 1 1 2 2 1 0 1 0 0 0 0 1 2 0 1 2 1 2 2 2 0 0 2 0
1.57848665196351 0.930562905432617 1.03880913633174 2.17810574926795 1.18928524564123 -1 2 0 1 2 1 1 2 1 0 2 2 0 1 0 0 1 0 0 1 2 0 1 0 2 2 0 0 0 0 0 -2 0 -1 -2 -1 -1 -2 -1 0 -2 -2 0 -1 0 0 -1 0 0 -1 -2 0 -1 0 -2 -2 0 0 0 0 0
0.150281084358183 -0.721952502596033 -0.227502118375471 2.08293785160886 0.21813114745863 1 2 1 0 2 0 2 2 1 1 2 0 0 0 0 0 2 0 1 1 1 1 2 0 2 2 1 2 0 2 0 2 1 0 2 0 2 2 1 1 2 0 0 0 0 0 2 0 1 1 1 1 2 0 2 2 1 2 0 2 0
0.679218066672608 0.59700045139834 -1.05388815066592 0.395208519236171 -0.698846889628248 -1 2 2 2 2 0 1 2 1 1 2 2 0 1 1 2 0 0 1 1 1 1 2 0 2 2 1 1 0 1 0 -2 -2 -2 -2 0 -1 -2 -1 -1 -2 -2 0 -1 -1 -2 0 0 -1 -1 -1 -1 -2 0 -2 -2 -1 -1 0 -1 0
1.40370580082699 -1.37976383015601 -0.967190523929599 -0.708351552302021 -0.3080064728305 -1 2 1 1 2 0 1 2 1 1 2 2 0 1 1 1 2 0 0 2 0 0 2 0 1 1 1 0 0 2 1 -2 -1 -1 -2 0 -1 -2 -1 -1 -2 -2 0 -1 -1 -1 -2 0 0 -2 0 0 -2 0 -1 -1 -1 0 0 -2 -1
2.81124654456515 0.505904879567042 1.16007242402892 -1.34654013549561 1.67280815079946 1 2 0 1 2 0 2 1 1 2 2 2 0 2 0 1 1 0 0 2 1 0 2 0 2 2 2 2 0 2 1 2 0 1 2 0 2 1 1 2 2 2 0 2 0 1 1 0 0 2 1 0 2 0 2 2 2 2 0 2 1
-1.36296461748268 0.664102044212659 -1.87147964462447 -2.96626331823772 0.388931984589885 -1 2 0 0 2 0 2 1 1 0 2 2 1 2 1 1 1 0 1 2 2 0 2 0 0 0 1 0 1 2 1 -2 0 0 -2 0 -2 -1 -1 0 -2 -2 -1 -2 -1 -1 -1 0 -1 -2 -2 0 -2 0 0 0 -1 0 -1 -2 -1
0.911310093326532 0.844432370357273 0.0848387170277422 0.772572936007883 1.65094935679917 1 2 1 0 2 0 1 2 2 1 2 1 1 0 0 1 0 0 0 2 2 0 2 0 2 2 1 1 0 1 0 2 1 0 2 0 1 2 2 1 2 1 1 0 0 1 0 0 0 2 2 0 2 0 2 2 1 1 0 1 0
-0.93899619356688 0.095120648437207 -0.0712051663807563 0.98300517224227 1.57520774925569 -1 2 2 1 2 0 0 0 1 1 2 1 0 0 0 0 2 1 1 1 1 1 2 0 2 2 1 1 0 0 0 -2 -2 -1 -2 0 0 0 -1 -1 -2 -1 0 0 0 0 -2 -1 -1 -1 -1 -1 -2 0 -2 -2 -1 -1 0 0 0
