-1.25659896144084 -0.915071844408652 -3.0744210656722 -0.0738838515797368 0.726412161286933 1 0 0 0 0 2 1 1 0 2 1 0 0 1 1 2 2 2 0 1 0 0 0 0 1 0 2 1 2 0 2 0 0 0 0 2 1 1 0 2 1 0 0 1 1 2 2 2 0 1 0 0 0 0 1 0 2 1 2 0 2
-1.59741134461453 0.38722031770849 -2.19537404631448 1.76859522794718 -0.51787531471189 -1 1 0 2 2 2 2 1 1 2 1 1 1 2 0 2 2 2 0 0 0 0 0 0 1 1 2 1 2 1 2 -1 0 -2 -2 -2 -2 -1 -1 -2 -1 -1 -1 -2 0 -2 -2 -2 0 0 0 0 0 0 -1 -1 -2 -1 -2 -1 -2
0.346388353480644 -0.30207321004789 -1.17289578913238 -0.371383662943567 -0.862834255292652 -1 0 0 2 1 2 2 1 0 2 1 1 1 1 2 2 1 2 0 2 0 0 0 0 1 0 2 0 0 0 1 0 0 -2 -1 -2 -2 -1 0 -2 -1 -1 -1 -1 -2 -2 -1 -2 0 -2 0 0 0 0 -1 0 -2 0 0 0 -1
-0.571072320423201 -0.156325875795021 0.887356150711677 1.01087879361874 -0.200079873833617 -1 1 0 1 1 2 0 1 0 2 2 0 2 2 2 2 0 2 0 1 0 0 0 0 0 1 2 2 2 0 0 -1 0 -1 -1 -2 0 -1 0 -2 -2 0 -2 -2 -2 -2 0 -2 0 -1 0 0 0 0 0 -1 -2 -2 -2 0 0
3.0437087182374 -0.750231348949825 0.540907868429174 0.0435269657322113 -1.16786913256562 1 1 0 1 0 2 0 1 1 2 2 1 1 2 1 1 2 2 0 1 0 0 0 0 1 1 2 0 2 1 1 1 0 1 0 2 0 1 1 2 2 1 1 2 1 1 2 2 0 1 0 0 0 0 1 1 2 0 2 1 1
-0.635630901317784 0.0290890458342563 -1.83552301905433 -1.057672145067 -0.839119153505766 -1 0 0 0 0 2 1 0 1 2 2 1 2 2 2 2 0 2 0 1 0 0 0 0 1 1 2 1 2 1 2 0 0 0 0 -2 -1 0 -1 -2 -2 -1 -2 -2 -2 -2 0 -2 0 -1 0 0 0 0 -1 -1 -2 -1 -2 -1 -2
-0.601451363533863 -0.566987714901972 0.0522444865503125 0.782581703167549 0.639628424322954 1 1 0 1 0 1 0 0 0 2 0 0 0 2 1 2 1 2 0 2 1 0 0 0 2 1 2 0 1 0 2 1 0 1 0 1 0 0 0 2 0 0 0 2 1 2 1 2 0 2 1 0 0 0 2 1 2 0 1 0 2
-2.20419055317626 -2.16676464045839 -0.0269161529434427 1.37680050875929 -1.08741308033135 1 0 0 1 1 2 2 2 0 2 2 0 0 2 2 2 2 2 0 2 2 1 0 0 1 1 2 0 1 0 1 0 0 1 1 2 2 2 0 2 2 0 0 2 2 2 2 2 0 2 2 1 0 0 1 1 2 0 1 0 1
-1.03071771199561 -0.0939257514634037 -1.05114100207724 -0.130077371967051 1.52086950140909 -1 2 0 2 0 2 2 1 1 2 0 0 1 2 2 2 1 2 0 1 0 1 0 0 1 0 1 0 1 0 1 -2 0 -2 0 -2 -2 -1 -1 -2 0 0 -1 -2 -2 -2 -1 -2 0 -1 0 -1 0 0 -1 0 -1 0 -1 0 -1
0.559772708943254 -0.445557083342738 -1.66714289412501 -0.630236607898262 1.09990015663151 -1 1 0 1 0 0 1 0 1 2 1 2 2 2 2 2 2 2 0 1 0 1 1 0 0 1 2 1 1 0 0 -1 0 -1 0 0 -1 0 -1 -2 -1 -2 -2 -2 -2 -2 -2 -2 0 -1 0 -1 -1 0 0 -1 -2 -1 -1 0 0
-0.0507976811197026 -0.876927392595159 0.225203017606333 -0.374819820111195 -0.862345109343702 -1 1 0 0 0 1 1 1 0 2 1 0 2 2 2 2 1 1 0 1 0 1 0 0 1 0 1 0 2 0 1 -1 0 0 0 -1 -1 -1 0 -2 -1 0 -2 -2 -2 -2 -1 -1 0 -1 0 -1 0 0 -1 0 -1 0 -2 0 -1
2.86514857852992 -1.8112309444006 -1.26832940605299 0.779773433756016 1.81786453035371 -1 0 0 0 1 2 0 0 1 2 1 1 1 1 1 1 1 2 1 2 0 0 0 0 0 0 2 2 2 0 0 0 0 0 -1 -2 0 0 -1 -2 -1 -1 -1 -1 -1 -1 -1 -2 -1 -2 0 0 0 0 0 0 -2 -2 -2 0 0
1.89235173775366 0.150353191932026 0.233948718893153 0.166685411699261 1.02879329348053 1 1 0 1 0 1 1 0 1 2 0 0 1 2 1 2 2 2 0 2 1 0 0 0 0 0 2 0 2 0 1 1 0 1 0 1 1 0 1 2 0 0 1 2 1 2 2 2 0 2 1 0 0 0 0 0 2 0 2 0 1
0.716049658868858 -0.142212400898117 -0.563303297348036 0.880749380370659 1.4975197015575 -1 0 0 0 0 2 1 2 1 2 0 0 1 1 1 2 2 2 0 2 0 1 0 0 0 0 0 0 1 0 0 0 0 0 0 -2 -1 -2 -1 -2 0 0 -1 -1 -1 -2 -2 -2 0 -2 0 -1 0 0 0 0 0 0 -1 0 0
2.08132033264238 0.868589728964061 0.401559769989773 1.72075057579332 -1.39418909052834 1 1 0 2 1 2 1 1 1 2 1 1 1 2 1 1 0 2 0 0 0 0 0 0 1 0 2 0 2 0 2 1 0 2 1 2 1 1 1 2 1 1 1 2 1 1 0 2 0 0 0 0 0 0 1 0 2 0 2 0 2
-1.22558516673653 1.49682982990307 -0.0775483078314024 -2.05615540279219 -2.19001841808042 1 1 0 1 0 2 2 2 0 2 1 1 2 2 1 1 1 2 0 1 0 0 0 0 1 0 2 0 1 0 1 1 0 1 0 2 2 2 0 2 1 1 2 2 1 1 1 2 0 1 0 0 0 0 1 0 2 0 1 0 1
0.489921113514003 0.379644972586181 -0.530630284039538 1.89583112927071 -1.0184542042555 -1 2 0 2 1 2 1 2 0 2 1 1 2 2 2 2 1 2 0 0 1 1 0 0 1 1 2 1 2 1 2 -2 0 -2 -1 -2 -1 -2 0 -2 -1 -1 -2 -2 -2 -2 -1 -2 0 0 -1 -1 0 0 -1 -1 -2 -1 -2 -1 -2
1.1536592708428 -0.297918341187172 -0.464569311001657 -0.238703015719529 -0.54452162708114 1 0 0 2 1 2 1 1 0 1 0 0 0 1 0 1 0 2 0 2 0 1 0 0 1 0 2 1 2 0 0 0 0 2 1 2 1 1 0 1 0 0 0 1 0 1 0 2 0 2 0 1 0 0 1 0 2 1 2 0 0
1.15055835527425 0.30476408736838 -1.05598271757839 -1.02353955078491 -0.155222014577122 -1 1 0 1 1 2 2 2 0 2 1 0 1 2 2 2 0 2 0 0 0 0 0 0 0 0 2 2 2 0 0 -1 0 -1 -1 -2 -2 -2 0 -2 -1 0 -1 -2 -2 -2 0 -2 0 0 0 0 0 0 0 0 -2 -2 -2 0 0
-1.44780667981768 -0.714696201062286 0.0167496037163579 1.74771644377184 1.01183351458224 1 0 0 2 1 2 1 0 0 2 0 1 2 2 2 2 1 1 0 2 1 1 0 1 2 1 1 0 1 0 2 0 0 2 1 2 1 0 0 2 0 1 2 2 2 2 1 1 0 2 1 1 0 1 2 1 1 0 1 0 2
0.402250647892051 -0.48937315250278 1.44032126634957 1.3816462927537 -0.538454185031698 1 2 0 1 0 1 0 0 0 2 0 0 0 1 0 1 0 2 0 2 0 0 0 0 1 1 2 1 2 0 2 2 0 1 0 1 0 0 0 2 0 0 0 1 0 1 0 2 0 2 0 0 0 0 1 1 2 1 2 0 2
-1.52509739978375 -1.5812971327624 -0.661407668669418 -1.29229359143827 -1.86742257908208 1 2 0 1 0 2 1 1 1 2 1 1 1 2 2 2 2 2 0 2 0 0 0 0 0 1 1 0 2 0 1 2 0 1 0 2 1 1 1 2 1 1 1 2 2 2 2 2 0 2 0 0 0 0 0 1 1 0 2 0 1
-1.04324521901165 0.745115732516398 -0.256588570719806 1.30553131574109 -0.907709267075792 -1 1 0 2 1 2 1 1 1 2 1 1 1 1 2 2 1 2 0 1 0 0 1 0 1 0 1 0 1 0 1 -1 0 -2 -1 -2 -1 -1 -1 -2 -1 -1 -1 -1 -2 -2 -1 -2 0 -1 0 0 -1 0 -1 0 -1 0 -1 0 -1
-1.17738581016668 0.702864880493542 -1.18810628516851 -0.376707883578147 0.0038135865786377 1 1 0 0 0 2 1 1 0 2 1 1 1 2 1 2 0 1 0 2 0 0 0 0 2 0 1 0 1 0 1 1 0 0 0 2 1 1 0 2 1 1 1 2 1 2 0 1 0 2 0 0 0 0 2 0 1 0 1 0 1
0.884051032472828 -0.648371250492129 0.000952804464872508 -0.219835137999681 -1.19863640457084 -1 1 0 1 1 2 2 1 1 2 1 0 0 2 2 1 1 2 0 0 0 1 0 0 2 0 2 0 2 0 0 -1 0 -1 -1 -2 -2 -1 -1 -2 -1 0 0 -2 -2 -1 -1 -2 0 0 0 -1 0 0 -2 0 -2 0 -2 0 0
1.0933754597869 0.0144929817132359 -0.0762439025695488 0.364639485417291 1.31036609801063 1 1 0 2 0 1 0 0 1 2 1 0 0 2 2 2 2 2 0 1 0 1 0 0 0 0 2 0 2 0 0 1 0 2 0 1 0 0 1 2 1 0 0 2 2 2 2 2 0 1 0 1 0 0 0 0 2 0 2 0 0
1.7333295783655 -1.10163159653116 -0.402500057227292 -3.02775440962133 0.763937208318001 1 2 0 2 1 2 2 1 0 2 2 1 0 1 1 2 1 1 0 0 0 0 0 0 1 0 0 0 2 2 2 2 0 2 1 2 2 1 0 2 2 1 0 1 1 2 1 1 0 0 0 0 0 0 1 0 0 0 2 2 2
1.17233811132847 -1.31620297346077 0.421074941281337 -0.400221767515173 0.205293862263662 -1 0 0 2 1 1 0 0 2 2 0 1 0 2 0 2 0 0 0 1 0 0 0 0 1 1 1 0 2 0 1 0 0 -2 -1 -1 0 0 -2 -2 0 -1 0 -2 0 -2 0 0 0 -1 0 0 0 0 -1 -1 -1 0 -2 0 -1
0.905024098001361 -1.37532297085582 0.84209334984823 0.328390603712927 2.77601572771164 1 0 0 2 1 2 1 0 0 2 0 1 2 2 2 1 0 1 0 2 0 1 0 0 2 0 2 0 2 1 1 0 0 2 1 2 1 0 0 2 0 1 2 2 2 1 0 1 0 2 0 1 0 0 2 0 2 0 2 1 1
0.59931154938346 -0.48352151948252 -2.19671413028157 -1.33942074287644 0.339758595238235 1 1 0 0 0 1 1 1 2 2 0 1 1 2 1 2 0 1 0 2 0 0 0 0 2 1 2 0 2 0 1 1 0 0 0 1 1 1 2 2 0 1 1 2 1 2 0 1 0 2 0 0 0 0 2 1 2 0 2 0 1
-1.36816498438751 -0.0292743000218443 1.08096872336105 0.3145657137615 -0.479592638200359 1 2 0 2 1 1 1 2 0 1 0 0 0 0 2 2 2 2 0 1 0 0 0 0 1 0 2 0 1 1 2 2 0 2 1 1 1 2 0 1 0 0 0 0 2 2 2 2 0 1 0 0 0 0 1 0 2 0 1 1 2
1.30067274049304 1.0933929106227 0.84557854313547 -0.806173697869589 -1.1882403673778 1 1 0 2 2 1 1 1 1 2 0 0 0 1 0 2 2 2 0 2 0 1 1 1 1 1 1 0 1 0 1 1 0 2 2 1 1 1 1 2 0 0 0 1 0 2 2 2 0 2 0 1 1 1 1 1 1 0 1 0 1
-1.25922336570488 0.568260745263863 -0.976130119364685 1.07301377493603 0.684607090335548 -1 1 0 2 1 2 2 2 1 2 0 0 1 2 1 2 1 2 0 2 1 1 0 0 1 0 2 0 2 1 2 -1 0 -2 -1 -2 -2 -2 -1 -2 0 0 -1 -2 -1 -2 -1 -2 0 -2 -1 -1 0 0 -1 0 -2 0 -2 -1 -2
-0.28321907503291 0.0123821112343054 0.775971551280925 -1.61047346296793 -0.0198349462319874 1 2 0 1 0 2 1 1 0 1 0 0 1 2 1 2 1 2 0 0 0 0 0 0 0 0 1 0 1 0 0 2 0 1 0 2 1 1 0 1 0 0 1 2 1 2 1 2 0 0 0 0 0 0 0 0 1 0 1 0 0
-0.758916895313218 1.01128057365278 1.5362303540064 0.984813556118805 -0.481395304097821 -1 1 0 0 0 2 2 1 1 2 0 0 0 2 1 2 1 2 1 2 1 0 0 0 2 1 2 1 2 1 2 -1 0 0 0 -2 -2 -1 -1 -2 0 0 0 -2 -1 -2 -1 -2 -1 -2 -1 0 0 0 -2 -1 -2 -1 -2 -1 -2
-1.09659488743434 -0.447139894329277 1.17291894970882 -0.534542103802966 1.72184828451506 -1 1 0 1 0 1 1 1 1 2 0 0 1 2 2 2 0 1 0 0 0 0 0 0 1 0 1 0 2 1 2 -1 0 -1 0 -1 -1 -1 -1 -2 0 0 -1 -2 -2 -2 0 -1 0 0 0 0 0 0 -1 0 -1 0 -2 -1 -2
-0.649389224255928 0.660061720820709 0.745379198018695 0.832553139157775 1.27051746443968 -1 2 0 2 2 2 1 2 0 2 0 0 0 2 1 1 1 2 0 1 0 0 0 0 0 0 2 1 2 0 2 -2 0 -2 -2 -2 -1 -2 0 -2 0 0 0 -2 -1 -1 -1 -2 0 -1 0 0 0 0 0 0 -2 -1 -2 0 -2
0.713697581782662 -1.27855555861169 0.194173664050165 -1.76804253552157 1.99595316652751 1 1 0 1 0 2 1 0 0 2 0 0 0 2 2 2 1 2 0 2 1 0 0 0 0 0 2 0 2 0 0 1 0 1 0 2 1 0 0 2 0 0 0 2 2 2 1 2 0 2 1 0 0 0 0 0 2 0 2 0 0
0.99921276262864 0.170629429962636 -0.380006185415788 -0.000701487025466256 0.439459521736791 -1 0 0 2 1 2 2 1 0 2 1 0 0 1 1 2 2 1 0 2 1 1 0 0 0 0 1 1 1 0 2 0 0 -2 -1 -2 -2 -1 0 -2 -1 0 0 -1 -1 -2 -2 -1 0 -2 -1 -1 0 0 0 0 -1 -1 -1 0 -2
0.385497288506011 1.05079542940312 2.30397442992333 -1.16573883382121 0.409597901484057 -1 0 0 0 0 2 1 1 0 2 0 0 0 1 1 1 1 0 0 1 0 1 1 1 2 0 1 0 1 0 1 0 0 0 0 -2 -1 -1 0 -2 0 0 0 -1 -1 -1 -1 0 0 -1 0 -1 -1 -1 -2 0 -1 0 -1 0 -1
-0.333639964847049 -0.470276981232678 0.48543018267795 -0.0769548191877712 0.656902960056885 -1 0 0 2 0 1 1 1 1 2 1 1 1 0 1 1 2 2 0 2 0 0 0 0 1 1 2 0 1 0 1 0 0 -2 0 -1 -1 -1 -1 -2 -1 -1 -1 0 -1 -1 -2 -2 0 -2 0 0 0 0 -1 -1 -2 0 -1 0 -1
-0.120315048761453 -0.189888114383612 -0.554775554917482 -1.04814439364888 -1.08316605617409 -1 1 0 2 2 2 1 1 1 2 2 1 1 1 2 2 1 2 0 1 0 0 0 0 0 0 2 0 2 1 1 -1 0 -2 -2 -2 -1 -1 -1 -2 -2 -1 -1 -1 -2 -2 -1 -2 0 -1 0 0 0 0 0 0 -2 0 -2 -1 -1
-0.831478787802592 -0.66273767309576 -1.31287064059181 -0.586078418857309 3.46376073879408 1 2 0 2 1 2 2 1 0 1 0 0 1 2 1 2 2 2 0 1 0 0 0 1 1 0 1 0 2 0 1 2 0 2 1 2 2 1 0 1 0 0 1 2 1 2 2 2 0 1 0 0 0 1 1 0 1 0 2 0 1
-1.97966188373721 -0.628047468149115 0.979722649467084 -0.404294913722999 0.909767526280518 -1 1 0 2 1 2 2 1 1 2 0 0 1 2 1 2 1 2 0 1 0 0 1 1 1 1 2 2 2 0 1 -1 0 -2 -1 -2 -2 -1 -1 -2 0 0 -1 -2 -1 -2 -1 -2 0 -1 0 0 -1 -1 -1 -1 -2 -2 -2 0 -1
-0.364276306592324 -0.0449290386230585 -0.0218061729067198 -1.82092038837932 1.92675445494232 1 1 0 2 2 2 1 1 0 2 0 0 0 2 1 2 1 2 0 1 0 1 1 1 2 0 2 2 1 0 1 1 0 2 2 2 1 1 0 2 0 0 0 2 1 2 1 2 0 1 0 1 1 1 2 0 2 2 1 0 1
0.660326943519081 0.546167208122875 0.879392546774046 -0.214416287091717 0.848667427102938 -1 0 0 2 0 1 1 2 1 2 0 0 1 2 1 0 1 2 0 2 1 1 1 1 1 0 2 1 2 1 2 0 0 -2 0 -1 -1 -2 -1 -2 0 0 -1 -2 -1 0 -1 -2 0 -2 -1 -1 -1 -1 -1 0 -2 -1 -2 -1 -2
-0.933185204861226 -1.58550668240292 0.353704849096408 -1.24047169448955 0.343504885797181 -1 0 0 1 0 1 0 0 0 2 0 0 0 2 1 2 1 2 0 2 1 2 0 0 1 1 1 0 1 0 1 0 0 -1 0 -1 0 0 0 -2 0 0 0 -2 -1 -2 -1 -2 0 -2 -1 -2 0 0 -1 -1 -1 0 -1 0 -1
-0.136846482391955 -0.166064713651776 -0.763018205877023 0.443860597135634 1.6115835478949 -1 2 0 1 1 2 1 1 0 2 2 0 0 2 0 1 1 2 0 1 1 0 0 0 0 0 2 0 1 1 2 -2 0 -1 -1 -2 -1 -1 0 -2 -2 0 0 -2 0 -1 -1 -2 0 -1 -1 0 0 0 0 0 -2 0 -1 -1 -2
-0.899924365893134 -2.68908560602573 -0.402796521448504 -0.36399718349798 -1.17316369068115 -1 1 0 2 1 2 2 2 2 2 0 0 1 2 2 2 1 1 0 1 0 0 0 1 2 1 2 0 1 0 0 -1 0 -2 -1 -2 -2 -2 -2 -2 0 0 -1 -2 -2 -2 -1 -1 0 -1 0 0 0 -1 -2 -1 -2 0 -1 0 0
-0.603924730884833 -0.00313873571590572 -0.351017185777962 -1.31962944284453 -0.678156678991151 1 2 0 1 0 2 1 0 1 2 0 0 1 2 2 2 1 2 0 0 0 0 0 0 0 0 2 0 1 0 0 2 0 1 0 2 1 0 1 2 0 0 1 2 2 2 1 2 0 0 0 0 0 0 0 0 2 0 1 0 0
1.15301938308277 -0.570142890169812 -0.190222748398887 -0.916324985160309 -0.500992744734158 1 0 0 1 0 1 2 1 0 2 1 0 0 1 0 1 1 2 0 1 1 2 0 0 1 0 1 0 1 1 1 0 0 1 0 1 2 1 0 2 1 0 0 1 0 1 1 2 0 1 1 2 0 0 1 0 1 0 1 1 1
-1.83939197682136 0.5511627427533 -0.837060684948344 0.691890005398237 -1.60552947288981 -1 1 0 2 1 2 1 0 1 2 1 1 2 2 2 2 2 2 0 2 1 1 0 0 0 1 2 1 2 0 0 -1 0 -2 -1 -2 -1 0 -1 -2 -1 -1 -2 -2 -2 -2 -2 -2 0 -2 -1 -1 0 0 0 -1 -2 -1 -2 0 0
-0.515754192630537 -2.1013724949003 -1.13164565237518 -1.58282402732973 0.0710488081082221 -1 2 0 2 2 2 0 1 2 2 2 2 2 2 2 2 0 2 0 1 0 0 0 0 1 1 2 1 2 1 1 -2 0 -2 -2 -2 0 -1 -2 -2 -2 -2 -2 -2 -2 -2 0 -2 0 -1 0 0 0 0 -1 -1 -2 -1 -2 -1 -1
-1.19695495682228 -2.10781555533621 0.143072223236585 1.31940054947862 2.23621872003333 -1 2 0 1 0 1 2 1 2 2 1 1 2 2 1 2 1 2 0 1 0 1 0 0 0 0 1 1 1 0 1 -2 0 -1 0 -1 -2 -1 -2 -2 -1 -1 -2 -2 -1 -2 -1 -2 0 -1 0 -1 0 0 0 0 -1 -1 -1 0 -1
-0.731079726534036 1.86504479350432 0.389064241765191 -0.576671193986954 1.36877846316093 -1 0 0 2 0 0 0 1 0 2 0 0 1 2 0 1 0 2 1 2 1 1 0 0 2 1 2 1 1 0 0 0 0 -2 0 0 0 -1 0 -2 0 0 -1 -2 0 -1 0 -2 -1 -2 -1 -1 0 0 -2 -1 -2 -1 -1 0 0
-0.448943884517308 0.888707401801223 -0.118403179939075 1.70671591019142 1.62402585694736 -1 0 0 1 0 1 0 0 0 2 1 0 1 1 1 1 0 1 0 1 0 0 0 1 2 0 2 0 1 0 1 0 0 -1 0 -1 0 0 0 -2 -1 0 -1 -1 -1 -1 0 -1 0 -1 0 0 0 -1 -2 0 -2 0 -1 0 -1
0.185033688417936 1.36932808559491 0.0500603259340188 0.351065662593522 1.25079276968425 1 1 0 1 2 2 1 0 1 2 1 1 2 2 2 2 1 2 0 1 0 0 0 0 0 0 2 1 2 0 1 1 0 1 2 2 1 0 1 2 1 1 2 2 2 2 1 2 0 1 0 0 0 0 0 0 2 1 2 0 1
-0.0763850578650149 -0.592146992859536 -0.408312582876184 1.45094663197049 0.694459908675039 1 1 0 2 0 2 1 0 0 2 0 0 2 2 1 2 1 2 0 2 2 1 0 0 1 1 2 1 2 1 2 1 0 2 0 2 1 0 0 2 0 0 2 2 1 2 1 2 0 2 2 1 0 0 1 1 2 1 2 1 2
0.635630259535025 1.06523154659444 0.0541565138875769 -0.587541832175997 -1.26097332201734 -1 1 0 2 0 2 1 1 0 1 1 0 1 2 1 2 1 2 0 1 0 0 0 0 1 0 2 1 2 2 2 -1 0 -2 0 -2 -1 -1 0 -1 -1 0 -1 -2 -1 -2 -1 -2 0 -1 0 0 0 0 -1 0 -2 -1 -2 -2 -2
-0.379209553047895 0.811737711865311 0.696999266558395 2.41712743009157 -0.1960442076869 1 1 0 1 0 2 1 0 0 2 1 1 1 2 2 2 1 0 0 2 1 1 0 1 1 0 2 0 1 0 2 1 0 1 0 2 1 0 0 2 1 1 1 2 2 2 1 0 0 2 1 1 0 1 1 0 2 0 1 0 2
1.27796064232179 1.58852225888855 -0.738100814062758 2.04021655971977 0.913043499659768 -1 1 0 1 1 2 1 1 0 2 1 1 0 2 1 2 1 1 0 1 0 0 0 0 1 0 2 0 1 0 2 -1 0 -1 -1 -2 -1 -1 0 -2 -1 -1 0 -2 -1 -2 -1 -1 0 -1 0 0 0 0 -1 0 -2 0 -1 0 -2
-0.621554420506438 -0.409849099289637 -0.178203549324272 -0.70956926153074 -0.178067281861164 1 1 0 2 1 0 2 2 1 2 2 2 2 2 2 2 1 2 0 1 1 0 0 0 0 0 1 0 1 0 1 1 0 2 1 0 2 2 1 2 2 2 2 2 2 2 1 2 0 1 1 0 0 0 0 0 1 0 1 0 1
-0.297085580697397 1.47161957050142 1.4636133508313 0.361315052505471 -0.214287690704343 -1 1 0 1 1 2 2 1 0 1 1 0 0 1 1 1 0 1 0 2 1 1 1 0 1 1 1 0 2 0 1 -1 0 -1 -1 -2 -2 -1 0 -1 -1 0 0 -1 -1 -1 0 -1 0 -2 -1 -1 -1 0 -1 -1 -1 0 -2 0 -1
-0.0499426199432515 0.304970459821399 -1.34387194919681 -1.37644978136673 -0.377662614123574 1 2 0 1 0 2 1 0 2 2 0 0 2 1 2 2 1 2 0 0 0 0 0 1 1 0 1 0 2 1 1 2 0 1 0 2 1 0 2 2 0 0 2 1 2 2 1 2 0 0 0 0 0 1 1 0 1 0 2 1 1
0.0719473878500267 -0.644221487486297 -0.241967395339042 0.252410424964351 1.20131743694214 1 0 0 1 0 2 2 1 1 2 2 0 1 2 2 1 0 2 0 1 0 0 0 0 0 0 1 1 1 0 1 0 0 1 0 2 2 1 1 2 2 0 1 2 2 1 0 2 0 1 0 0 0 0 0 0 1 1 1 0 1
0.155129274196094 0.536037810524184 0.377207659999226 -0.012487019496608 -0.303651308771789 -1 0 0 2 0 2 0 1 0 2 0 0 1 2 0 2 1 2 0 1 0 0 0 0 1 1 2 0 2 1 0 0 0 -2 0 -2 0 -1 0 -2 0 0 -1 -2 0 -2 -1 -2 0 -1 0 0 0 0 -1 -1 -2 0 -2 -1 0
-1.75367599163664 -2.5868490345041 0.997750695947309 0.175172896679731 0.769652665394743 1 1 0 1 0 2 2 1 1 2 1 2 1 2 2 2 1 1 0 1 0 0 0 0 0 0 2 0 1 0 0 1 0 1 0 2 2 1 1 2 1 2 1 2 2 2 1 1 0 1 0 0 0 0 0 0 2 0 1 0 0
-0.935719517010421 0.298545499065411 1.60058524697617 1.27370003157953 -0.792776558271584 -1 0 0 2 1 2 1 1 1 2 2 1 1 1 1 2 2 2 0 2 0 1 1 1 0 1 1 0 2 1 1 0 0 -2 -1 -2 -1 -1 -1 -2 -2 -1 -1 -1 -1 -2 -2 -2 0 -2 0 -1 -1 -1 0 -1 -1 0 -2 -1 -1
-0.0124734334717664 0.80130609664146 0.616188100106994 -1.94601391412405 0.117418765256877 -1 1 0 1 0 1 2 1 0 2 0 0 0 2 2 2 1 2 0 2 0 0 0 0 1 1 2 1 2 0 1 -1 0 -1 0 -1 -2 -1 0 -2 0 0 0 -2 -2 -2 -1 -2 0 -2 0 0 0 0 -1 -1 -2 -1 -2 0 -1
0.640856065282754 0.641415395446222 -1.45915712489009 0.0411290156881612 -0.0532695835802396 -1 1 0 2 2 2 2 1 1 2 1 1 2 2 2 2 1 2 0 1 0 1 0 0 2 0 1 0 1 0 1 -1 0 -2 -2 -2 -2 -1 -1 -2 -1 -1 -2 -2 -2 -2 -1 -2 0 -1 0 -1 0 0 -2 0 -1 0 -1 0 -1
-0.723458309529704 -0.355683430119062 -0.0884264829635608 -0.291632410415712 -0.865169789872704 1 2 0 2 0 2 1 2 1 2 1 1 1 2 2 2 2 2 0 1 0 0 0 0 1 1 2 1 2 1 2 2 0 2 0 2 1 2 1 2 1 1 1 2 2 2 2 2 0 1 0 0 0 0 1 1 2 1 2 1 2
0.286676988903955 -1.09055123632404 0.504430173137427 -0.369452133618672 -0.160401144076518 1 0 0 2 0 2 2 2 0 2 0 0 1 2 2 2 1 1 0 1 0 0 0 0 1 0 1 1 2 1 2 0 0 2 0 2 2 2 0 2 0 0 1 2 2 2 1 1 0 1 0 0 0 0 1 0 1 1 2 1 2
0.247673201039891 -1.11085602501531 -0.931765728708531 0.411586469497825 -0.463507673402066 1 1 0 2 1 2 2 0 1 2 0 0 1 2 1 2 1 2 0 2 1 1 0 0 2 0 0 0 1 0 2 1 0 2 1 2 2 0 1 2 0 0 1 2 1 2 1 2 0 2 1 1 0 0 2 0 0 0 1 0 2
0.705205069026424 2.12272080500886 -1.55233904748628 -0.394835978426081 -1.95491479875206 -1 2 0 2 1 2 1 0 1 2 1 1 2 2 1 2 2 2 0 1 0 0 0 0 0 0 2 0 2 1 2 -2 0 -2 -1 -2 -1 0 -1 -2 -1 -1 -2 -2 -1 -2 -2 -2 0 -1 0 0 0 0 0 0 -2 0 -2 -1 -2
0.643858268071984 -0.71543471072695 -0.027236053492941 1.84469358070057 -1.42012681706164 1 0 0 2 1 2 1 1 0 2 0 0 1 2 2 1 2 2 0 0 0 0 0 0 0 1 1 0 1 0 2 0 0 2 1 2 1 1 0 2 0 0 1 2 2 1 2 2 0 0 0 0 0 0 0 1 1 0 1 0 2
-0.185608928675683 -1.14382398069746 -0.634098305937046 -1.23651402677622 0.141435574881225 1 1 0 1 0 2 0 1 2 2 1 1 2 2 2 2 1 1 0 0 0 0 0 0 0 0 2 0 1 0 0 1 0 1 0 2 0 1 2 2 1 1 2 2 2 2 1 1 0 0 0 0 0 0 0 0 2 0 1 0 0
-0.454703149276166 -0.0347425726689761 0.215685960918567 -0.244745237830108 -0.539541497149156 -1 1 0 1 1 2 1 0 0 2 1 1 1 2 2 2 1 2 0 2 1 1 1 0 2 1 2 2 2 1 2 -1 0 -1 -1 -2 -1 0 0 -2 -1 -1 -1 -2 -2 -2 -1 -2 0 -2 -1 -1 -1 0 -2 -1 -2 -2 -2 -1 -2
0.302602948925679 -0.596090433412383 0.0871991022981331 0.846781354548448 1.10950347393466 -1 1 0 2 1 2 1 1 0 2 0 0 2 2 2 2 2 2 0 2 1 1 0 0 1 1 2 0 2 0 1 -1 0 -2 -1 -2 -1 -1 0 -2 0 0 -2 -2 -2 -2 -2 -2 0 -2 -1 -1 0 0 -1 -1 -2 0 -2 0 -1
-0.595950723975316 -2.31120306794329 0.518449935699644 0.3326361027497 -1.06228891908324 1 1 0 2 0 2 1 1 1 2 2 1 0 1 1 2 1 1 0 1 0 0 0 0 1 0 2 1 2 1 2 1 0 2 0 2 1 1 1 2 2 1 0 1 1 2 1 1 0 1 0 0 0 0 1 0 2 1 2 1 2
-0.213041209808392 -0.457462044999552 -0.819179596322082 0.721145996308389 0.448653668224831 -1 0 0 1 1 2 1 2 0 2 0 0 1 2 0 2 2 2 0 2 1 0 0 0 0 0 1 0 2 0 0 0 0 -1 -1 -2 -1 -2 0 -2 0 0 -1 -2 0 -2 -2 -2 0 -2 -1 0 0 0 0 0 -1 0 -2 0 0
-0.507798850323517 -1.30278211800799 0.195349192109845 0.573976530603691 -1.38211694172587 1 2 0 2 0 1 0 1 1 2 0 1 1 2 1 2 1 2 0 2 1 0 0 0 1 1 2 1 2 1 1 2 0 2 0 1 0 1 1 2 0 1 1 2 1 2 1 2 0 2 1 0 0 0 1 1 2 1 2 1 1
0.0123987970657717 -0.172247031262992 -0.122558473126457 1.24552230000358 0.82202348513762 1 1 0 1 0 1 1 1 0 1 0 0 0 2 2 2 1 2 0 2 2 1 0 0 1 0 2 1 2 0 0 1 0 1 0 1 1 1 0 1 0 0 0 2 2 2 1 2 0 2 2 1 0 0 1 0 2 1 2 0 0
-0.151671054734874 -0.0947840714210064 -0.305356370780281 0.35799071598688 -0.180116260812064 1 0 0 2 0 1 0 1 1 2 2 1 1 2 1 2 1 2 0 1 0 1 0 1 1 0 0 0 1 0 1 0 0 2 0 1 0 1 1 2 2 1 1 2 1 2 1 2 0 1 0 1 0 1 1 0 0 0 1 0 1
0.103248659656057 -0.281669842644714 0.33136130297318 -0.529675960460218 -0.103155958778822 -1 0 0 1 0 1 1 2 0 1 0 0 1 2 2 2 0 1 0 2 2 0 0 0 1 0 1 1 2 0 2 0 0 -1 0 -1 -1 -2 0 -1 0 0 -1 -2 -2 -2 0 -1 0 -2 -2 0 0 0 -1 0 -1 -1 -2 0 -2
0.57529392964301 0.83048349126728 0.309605275256748 -1.75377090335713 -2.36905066373081 -1 1 0 1 0 2 0 1 1 2 1 0 1 2 2 2 2 2 0 2 0 0 0 1 1 2 1 0 2 1 2 -1 0 -1 0 -2 0 -1 -1 -2 -1 0 -1 -2 -2 -2 -2 -2 0 -2 0 0 0 -1 -1 -2 -1 0 -2 -1 -2
0.0235709702884907 0.475742012693188 -0.815449585827967 0.487729292845452 0.0110608133670478 -1 0 0 0 0 1 0 0 0 2 2 1 2 2 2 2 2 1 0 0 0 0 0 0 0 0 1 0 0 0 1 0 0 0 0 -1 0 0 0 -2 -2 -1 -2 -2 -2 -2 -2 -1 0 0 0 0 0 0 0 0 -1 0 0 0 -1
-0.606540808302209 -0.228875388034708 0.737204963538813 -0.498963363552639 0.323004871931254 -1 2 0 1 0 1 0 0 1 2 0 1 1 2 2 2 1 1 0 1 0 1 0 1 1 0 2 0 2 1 1 -2 0 -1 0 -1 0 0 -1 -2 0 -1 -1 -2 -2 -2 -1 -1 0 -1 0 -1 0 -1 -1 0 -2 0 -2 -1 -1
0.996378866881021 0.880080018204692 0.0359300722848379 -0.136821885763363 0.842010135061448 1 1 0 2 1 2 1 1 1 2 1 2 2 2 1 2 1 2 0 0 0 0 0 0 1 0 2 1 2 0 2 1 0 2 1 2 1 1 1 2 1 2 2 2 1 2 1 2 0 0 0 0 0 0 1 0 2 1 2 0 2
-0.91200409552073 -0.262150405516522 -0.340848140860998 1.4804692245316 1.47425107747851 1 1 0 2 1 2 2 0 0 2 0 0 1 2 2 2 1 2 0 1 0 0 0 1 1 0 1 1 2 0 1 1 0 2 1 2 2 0 0 2 0 0 1 2 2 2 1 2 0 1 0 0 0 1 1 0 1 1 2 0 1
0.301015177934403 -0.686711088073314 -0.0724063694050433 0.710329252510655 0.540201422632182 1 1 0 2 1 2 1 2 1 2 1 0 0 1 1 2 1 1 0 1 0 0 0 0 0 0 2 0 1 0 1 1 0 2 1 2 1 2 1 2 1 0 0 1 1 2 1 1 0 1 0 0 0 0 0 0 2 0 1 0 1
-0.330697965770309 0.583487737265061 1.13518647340221 1.28051518757798 -0.689708316897162 1 0 0 1 0 1 0 1 0 2 1 1 2 2 1 2 1 2 0 2 1 2 0 0 0 1 1 0 2 0 2 0 0 1 0 1 0 1 0 2 1 1 2 2 1 2 1 2 0 2 1 2 0 0 0 1 1 0 2 0 2
1.65250514569533 -1.04723994575866 -0.69311177026256 -0.822672495060581 -0.17634058299351 -1 0 0 0 1 2 1 1 0 2 1 0 1 1 1 2 1 2 0 2 0 1 0 0 1 0 2 1 2 0 2 0 0 0 -1 -2 -1 -1 0 -2 -1 0 -1 -1 -1 -2 -1 -2 0 -2 0 -1 0 0 -1 0 -2 -1 -2 0 -2
2.19547865922201 0.550818709590773 0.0194443172743384 -0.895728048133557 3.29828262708848 1 2 0 1 0 2 2 2 1 2 1 0 0 1 1 2 1 2 0 2 1 0 0 0 1 1 2 1 2 0 1 2 0 1 0 2 2 2 1 2 1 0 0 1 1 2 1 2 0 2 1 0 0 0 1 1 2 1 2 0 1
0.0399098506413107 0.0314420151811167 1.07366514430586 0.496938084275662 -1.22862980423475 -1 1 0 2 0 1 0 0 1 2 2 1 2 2 1 2 0 2 0 2 0 0 0 0 1 0 0 0 0 0 1 -1 0 -2 0 -1 0 0 -1 -2 -2 -1 -2 -2 -1 -2 0 -2 0 -2 0 0 0 0 -1 0 0 0 0 0 -1
-1.59259719531951 -0.515460330421229 -0.871055496063367 -0.495314603351981 -0.0491784114223927 -1 0 0 1 0 2 0 1 1 2 2 1 1 2 2 2 2 2 0 2 1 0 0 0 0 0 2 0 1 1 1 0 0 -1 0 -2 0 -1 -1 -2 -2 -1 -1 -2 -2 -2 -2 -2 0 -2 -1 0 0 0 0 0 -2 0 -1 -1 -1
-0.510892793093994 -0.673308817617174 0.254660358669007 -1.18604531379001 0.0117481250922506 -1 1 0 2 1 1 2 2 1 2 1 0 1 2 1 2 1 2 0 0 0 0 0 0 0 0 2 0 0 0 1 -1 0 -2 -1 -1 -2 -2 -1 -2 -1 0 -1 -2 -1 -2 -1 -2 0 0 0 0 0 0 0 0 -2 0 0 0 -1
-0.271620244656585 1.08861504921075 -1.22000694450934 -0.380537662455118 1.57680907354941 -1 0 0 2 1 2 1 1 0 2 2 1 1 2 1 2 1 2 0 1 0 0 0 0 1 0 2 1 2 0 2 0 0 -2 -1 -2 -1 -1 0 -2 -2 -1 -1 -2 -1 -2 -1 -2 0 -1 0 0 0 0 -1 0 -2 -1 -2 0 -2
-0.474927473048912 -0.854712811883186 1.89009536391438 -0.0244068303072895 -0.541197876827594 -1 0 0 0 0 2 0 0 0 2 1 0 0 1 0 2 1 2 0 1 0 1 0 1 1 0 2 2 1 0 1 0 0 0 0 -2 0 0 0 -2 -1 0 0 -1 0 -2 -1 -2 0 -1 0 -1 0 -1 -1 0 -2 -2 -1 0 -1
-0.056861974371399 -1.43733690717843 0.120997459229395 -0.181096346044352 2.52792895285817 -1 0 0 2 0 1 0 0 0 2 1 0 0 2 2 2 0 1 0 2 1 1 0 0 0 0 2 1 1 0 1 0 0 -2 0 -1 0 0 0 -2 -1 0 0 -2 -2 -2 0 -1 0 -2 -1 -1 0 0 0 0 -2 -1 -1 0 -1
-0.47308591891759 -1.23777673379802 -1.42049663560057 1.65277459774711 -0.410540667742876 1 0 0 2 1 2 2 1 0 2 2 1 1 2 1 2 1 2 0 2 1 1 0 1 1 0 2 1 2 1 2 0 0 2 1 2 2 1 0 2 2 1 1 2 1 2 1 2 0 2 1 1 0 1 1 0 2 1 2 1 2
