-1.56088686946231 0.417356232051866 -1.05910423664827 1.003423446302 0.283176562495037 1 2 1 2 1 0 2 1 1 0 2 0 0 0 1 1 1 2 0 1 1 1 0 0 1 0 1 1 0 2 2 2 1 2 1 0 2 1 1 0 2 0 0 0 1 1 1 2 0 1 1 1 0 0 1 0 1 1 0 2 2
1.0387867780969 0.151414354875183 1.86911037464666 2.06544998869123 -3.02543161387263 1 2 0 1 1 0 0 2 0 0 0 0 1 2 0 1 2 2 0 2 0 1 0 0 0 0 1 0 0 2 2 2 0 1 1 0 0 2 0 0 0 0 1 2 0 1 2 2 0 2 0 1 0 0 0 0 1 0 0 2 2
0.702476315305884 -1.50027073588173 -0.643150717637112 -0.775900426749085 -0.676545559199655 -1 2 1 2 1 0 2 0 0 0 0 0 0 0 0 2 1 2 1 2 1 2 0 0 1 0 0 0 0 2 2 -2 -1 -2 -1 0 -2 0 0 0 0 0 0 0 0 -2 -1 -2 -1 -2 -1 -2 0 0 -1 0 0 0 0 -2 -2
-0.243462741032551 0.59697856844527 -2.1909571329856 0.819911593338284 0.428097170067079 1 2 2 2 1 1 2 0 0 0 0 0 0 1 0 2 2 2 0 0 1 1 0 0 1 0 1 0 0 2 2 2 2 2 1 1 2 0 0 0 0 0 0 1 0 2 2 2 0 0 1 1 0 0 1 0 1 0 0 2 2
-1.96165299980961 1.08465030290547 0.585564828337366 0.056126419987396 0.436035972801866 1 2 1 2 2 1 2 2 1 0 2 0 0 1 1 1 1 2 1 1 1 0 0 0 0 0 1 0 0 2 2 2 1 2 2 1 2 2 1 0 2 0 0 1 1 1 1 2 1 1 1 0 0 0 0 0 1 0 0 2 2
-0.764243428742818 -0.619575340208555 0.815354082912718 -0.796172255515468 1.27022504405437 -1 2 2 2 1 0 1 1 2 0 2 1 1 2 0 0 1 2 1 1 0 1 0 0 0 0 1 0 0 2 2 -2 -2 -2 -1 0 -1 -1 -2 0 -2 -1 -1 -2 0 0 -1 -2 -1 -1 0 -1 0 0 0 0 -1 0 0 -2 -2
-1.16525456145566 2.78996815545095 -1.4206053305082 0.609768857221252 1.98955557288805 -1 2 1 2 2 0 2 2 0 0 2 0 0 0 2 2 1 2 2 2 1 1 0 2 0 0 2 0 1 2 2 -2 -1 -2 -2 0 -2 -2 0 0 -2 0 0 0 -2 -2 -1 -2 -2 -2 -1 -1 0 -2 0 0 -2 0 -1 -2 -2
0.497175114584611 1.53071046319496 -0.405816027965678 0.20908987667649 0.645272068669717 -1 2 0 2 2 0 2 0 0 0 1 0 0 0 1 1 1 2 1 1 1 1 0 0 1 0 1 0 0 2 2 -2 0 -2 -2 0 -2 0 0 0 -1 0 0 0 -1 -1 -1 -2 -1 -1 -1 -1 0 0 -1 0 -1 0 0 -2 -2
1.063844823912 -1.65589965573527 -1.23700245134233 0.0996841437852327 0.64239381115813 -1 2 2 2 1 0 2 0 1 0 0 0 0 0 0 2 2 2 0 0 0 1 0 1 0 1 1 0 0 2 2 -2 -2 -2 -1 0 -2 0 -1 0 0 0 0 0 0 -2 -2 -2 0 0 0 -1 0 -1 0 -1 -1 0 0 -2 -2
1.57058762074214 -0.0788499561856441 -2.16793629886842 -0.328647412068524 0.0505996615707065 1 2 1 2 0 0 2 1 0 0 1 0 0 0 1 2 2 2 2 2 2 1 0 0 1 0 1 0 0 2 2 2 1 2 0 0 2 1 0 0 1 0 0 0 1 2 2 2 2 2 2 1 0 0 1 0 1 0 0 2 2
0.964641218612529 0.836589617877045 0.644021097664437 0.356931824623134 -1.48639529610092 1 2 2 2 2 1 2 2 1 0 2 0 1 1 0 1 1 2 0 1 1 1 0 0 0 0 0 0 0 2 2 2 2 2 2 1 2 2 1 0 2 0 1 1 0 1 1 2 0 1 1 1 0 0 0 0 0 0 0 2 2
-0.258194046897999 -0.271303019145866 -0.598501615798128 1.85504296475417 -1.12172808778046 1 2 1 2 1 0 2 2 0 0 1 0 1 1 0 2 2 2 2 2 2 0 0 1 0 0 2 1 2 2 2 2 1 2 1 0 2 2 0 0 1 0 1 1 0 2 2 2 2 2 2 0 0 1 0 0 2 1 2 2 2
-0.445892043385456 1.07624957079872 0.0794184625002635 1.03111305258779 0.22254815201984 1 2 2 2 1 0 1 2 0 0 1 0 0 0 1 2 1 2 1 1 0 1 0 1 0 0 1 0 0 2 2 2 2 2 1 0 1 2 0 0 1 0 0 0 1 2 1 2 1 1 0 1 0 1 0 0 1 0 0 2 2
-0.880502651236773 0.356716162596171 -1.36422187232927 0.487164279451077 -1.51382843699708 1 2 1 2 2 0 1 1 0 0 0 0 0 1 0 2 2 2 1 1 0 0 0 1 0 0 0 0 1 2 2 2 1 2 2 0 1 1 0 0 0 0 0 1 0 2 2 2 1 1 0 0 0 1 0 0 0 0 1 2 2
-0.258006338245889 -0.561079120147391 0.786588469675653 1.97185505278917 -0.211219847025719 -1 2 0 2 1 0 2 1 0 0 2 0 1 0 1 2 1 2 0 1 0 0 0 0 0 1 1 0 0 2 2 -2 0 -2 -1 0 -2 -1 0 0 -2 0 -1 0 -1 -2 -1 -2 0 -1 0 0 0 0 0 -1 -1 0 0 -2 -2
-1.12254954760713 0.672689431158223 -0.0155772024556248 1.44420553135067 1.48802421097869 -1 2 1 2 2 1 2 1 1 0 2 0 0 0 0 2 0 2 0 1 2 0 0 1 1 0 2 0 0 1 2 -2 -1 -2 -2 -1 -2 -1 -1 0 -2 0 0 0 0 -2 0 -2 0 -1 -2 0 0 -1 -1 0 -2 0 0 -1 -2
0.135030026366042 -0.686937419719203 0.606705297918407 0.783755870443995 1.22120196056389 1 2 1 2 1 1 2 1 1 0 2 2 1 1 0 1 1 2 0 1 1 1 0 1 0 0 0 0 0 2 2 2 1 2 1 1 2 1 1 0 2 2 1 1 0 1 1 2 0 1 1 1 0 1 0 0 0 0 0 2 2
1.62210330779466 0.285908778877738 0.511024271045454 -0.472922796331035 -0.536416670667392 1 2 1 2 1 0 2 2 0 0 1 1 2 2 1 1 1 2 0 1 1 1 0 2 0 0 0 0 0 2 2 2 1 2 1 0 2 2 0 0 1 1 2 2 1 1 1 2 0 1 1 1 0 2 0 0 0 0 0 2 2
0.123129467225377 0.659379143560644 -0.50799152883592 0.0834615137005985 0.817476768796246 -1 2 1 2 2 1 2 2 1 0 0 0 1 1 0 1 2 2 1 1 0 1 0 0 0 0 0 0 1 2 2 -2 -1 -2 -2 -1 -2 -2 -1 0 0 0 -1 -1 0 -1 -2 -2 -1 -1 0 -1 0 0 0 0 0 0 -1 -2 -2
-1.04678406910957 1.47372145784022 0.149397648015552 -1.40996750922732 0.820587330595687 -1 2 2 2 2 0 1 1 1 0 0 0 0 1 1 2 2 2 0 2 1 1 0 0 0 0 1 0 0 2 2 -2 -2 -2 -2 0 -1 -1 -1 0 0 0 0 -1 -1 -2 -2 -2 0 -2 -1 -1 0 0 0 0 -1 0 0 -2 -2
0.388095921470734 -0.753235419660413 0.509399060467611 -1.28261797476858 -0.20375147658785 -1 2 1 2 2 0 2 1 0 0 1 0 1 0 1 1 2 2 1 0 0 1 0 0 0 0 0 0 1 2 2 -2 -1 -2 -2 0 -2 -1 0 0 -1 0 -1 0 -1 -1 -2 -2 -1 0 0 -1 0 0 0 0 0 0 -1 -2 -2
0.0832400911069215 -0.0578132996519104 1.75330226595867 0.152803527492817 1.26525128536017 1 2 2 2 2 0 2 2 1 0 2 1 1 0 0 2 2 2 2 2 2 1 0 2 0 0 2 0 0 2 2 2 2 2 2 0 2 2 1 0 2 1 1 0 0 2 2 2 2 2 2 1 0 2 0 0 2 0 0 2 2
-0.818658676821203 -0.443396054569791 2.07008222806406 -0.361476035709095 0.256792096057715 -1 2 2 2 2 1 2 2 1 0 0 0 1 1 1 2 2 2 0 0 0 1 0 0 0 0 2 0 0 2 2 -2 -2 -2 -2 -1 -2 -2 -1 0 0 0 -1 -1 -1 -2 -2 -2 0 0 0 -1 0 0 0 0 -2 0 0 -2 -2
-1.00362374688139 0.562596961592581 0.144451854157212 0.0796642389180842 -1.98263276652226 -1 2 1 2 1 0 2 2 0 0 1 0 1 0 1 1 1 2 1 1 0 0 0 0 0 0 0 0 1 2 2 -2 -1 -2 -1 0 -2 -2 0 0 -1 0 -1 0 -1 -1 -1 -2 -1 -1 0 0 0 0 0 0 0 0 -1 -2 -2
-0.838771683171997 0.847802292357602 -1.03249922967352 -0.909324717486149 -0.944655019275319 -1 2 2 2 2 0 1 1 1 0 1 0 0 0 0 1 0 2 0 2 1 1 0 0 0 0 0 0 0 2 2 -2 -2 -2 -2 0 -1 -1 -1 0 -1 0 0 0 0 -1 0 -2 0 -2 -1 -1 0 0 0 0 0 0 0 -2 -2
-0.675630322032759 -0.786425986939073 -0.167357132282712 -0.815034855738865 -0.937769126995916 -1 2 1 2 1 0 1 1 0 0 1 2 1 1 0 0 1 2 0 1 0 1 0 0 0 0 0 0 0 2 2 -2 -1 -2 -1 0 -1 -1 0 0 -1 -2 -1 -1 0 0 -1 -2 0 -1 0 -1 0 0 0 0 0 0 0 -2 -2
-0.441521766003443 0.85881965622109 0.195885277054036 0.629986297367765 -0.0822529562056013 1 2 2 2 1 0 1 1 1 0 2 1 1 1 0 1 1 2 0 2 1 1 0 1 0 0 0 0 0 2 2 2 2 2 1 0 1 1 1 0 2 1 1 1 0 1 1 2 0 2 1 1 0 1 0 0 0 0 0 2 2
2.08002065863335 0.870139863987699 -2.22148628823655 1.50748311640961 -0.341067094783872 -1 2 2 2 2 0 2 2 1 0 1 0 1 1 1 1 1 2 1 2 1 1 0 0 0 0 1 0 0 2 2 -2 -2 -2 -2 0 -2 -2 -1 0 -1 0 -1 -1 -1 -1 -1 -2 -1 -2 -1 -1 0 0 0 0 -1 0 0 -2 -2
-0.365344609972297 0.0761432800980181 -0.387117345276791 1.35460500062869 -0.892210794536704 -1 2 2 2 1 0 2 0 0 0 0 0 0 2 1 1 1 2 0 1 0 0 0 0 0 0 0 0 0 2 2 -2 -2 -2 -1 0 -2 0 0 0 0 0 0 -2 -1 -1 -1 -2 0 -1 0 0 0 0 0 0 0 0 0 -2 -2
-0.107353477932001 -0.207345203517591 1.3061082945789 -1.32000193538757 -0.241095934044843 -1 2 1 2 1 0 2 1 0 0 0 0 0 0 1 2 0 2 1 1 0 1 0 0 0 0 0 0 0 2 2 -2 -1 -2 -1 0 -2 -1 0 0 0 0 0 0 -1 -2 0 -2 -1 -1 0 -1 0 0 0 0 0 0 0 -2 -2
-0.463980072334546 1.06506011668443 -0.51934309550608 0.93740863895354 -1.73705494085129 1 2 0 1 1 0 1 2 1 0 1 0 0 0 0 0 0 2 1 1 1 0 0 0 0 0 0 0 0 2 2 2 0 1 1 0 1 2 1 0 1 0 0 0 0 0 0 2 1 1 1 0 0 0 0 0 0 0 0 2 2
-1.03881690089616 0.125499725559344 0.105325311377204 -0.738520067249678 -0.7712608107615 -1 2 2 2 1 0 1 2 0 0 1 0 0 0 2 2 1 2 1 2 2 1 0 1 0 0 0 0 0 2 2 -2 -2 -2 -1 0 -1 -2 0 0 -1 0 0 0 -2 -2 -1 -2 -1 -2 -2 -1 0 -1 0 0 0 0 0 -2 -2
0.936252190893233 -1.34742403247215 0.336236600219931 1.08582061888232 -1.41235324169255 1 2 0 2 1 1 2 0 0 0 1 0 0 1 0 1 1 2 1 2 2 1 0 0 1 1 0 0 0 2 2 2 0 2 1 1 2 0 0 0 1 0 0 1 0 1 1 2 1 2 2 1 0 0 1 1 0 0 0 2 2
-0.727788843057766 1.67950277178337 3.48668305837274 -0.268479338952972 0.561942094715126 -1 2 1 2 2 1 0 0 0 0 0 0 0 0 2 2 2 2 1 2 2 2 1 1 0 0 1 0 1 2 2 -2 -1 -2 -2 -1 0 0 0 0 0 0 0 0 -2 -2 -2 -2 -1 -2 -2 -2 -1 -1 0 0 -1 0 -1 -2 -2
-0.461712904620273 -0.19365623996259 -1.63323378418913 0.0627012581700047 0.931736812956803 1 1 1 1 2 0 0 1 0 0 1 0 1 1 1 2 1 2 1 1 0 1 1 1 0 0 0 0 1 2 2 1 1 1 2 0 0 1 0 0 1 0 1 1 1 2 1 2 1 1 0 1 1 1 0 0 0 0 1 2 2
-0.0451313754738893 -1.77639936625794 -0.0352364224391205 0.310599474838271 0.622697375780207 1 2 1 2 1 0 2 2 1 0 1 1 1 1 0 1 0 2 1 1 0 2 0 0 0 0 0 0 0 2 2 2 1 2 1 0 2 2 1 0 1 1 1 1 0 1 0 2 1 1 0 2 0 0 0 0 0 0 0 2 2
0.868084143132608 1.34331718214695 -0.229160509045631 1.08126313936831 0.27744024965078 -1 2 1 2 1 0 2 0 0 0 1 0 1 0 1 1 2 2 1 2 1 0 0 0 0 0 1 0 1 2 2 -2 -1 -2 -1 0 -2 0 0 0 -1 0 -1 0 -1 -1 -2 -2 -1 -2 -1 0 0 0 0 0 -1 0 -1 -2 -2
-2.29470281071547 1.39091757541164 1.52072186921345 -0.632463055759552 1.11803798736318 1 2 1 1 1 0 2 0 0 0 1 1 1 0 0 2 2 2 0 1 1 1 0 1 1 0 1 0 0 2 2 2 1 1 1 0 2 0 0 0 1 1 1 0 0 2 2 2 0 1 1 1 0 1 1 0 1 0 0 2 2
0.631489207436413 0.336927362069498 -2.10815740630575 1.23091185152022 -1.70825879820463 1 2 1 2 1 1 2 1 0 0 0 1 1 2 0 1 2 2 1 0 0 0 0 0 0 0 0 0 0 2 2 2 1 2 1 1 2 1 0 0 0 1 1 2 0 1 2 2 1 0 0 0 0 0 0 0 0 0 0 2 2
2.14458243491302 1.07390213923759 -0.308254084636648 0.599941573890921 -2.26765652870466 1 2 2 2 2 0 2 1 0 0 0 0 1 2 0 1 0 1 0 1 0 2 1 1 0 0 0 1 1 2 2 2 2 2 2 0 2 1 0 0 0 0 1 2 0 1 0 1 0 1 0 2 1 1 0 0 0 1 1 2 2
0.828263257370782 0.740259119354311 1.04228833256289 -0.0767710540822807 0.723692544375025 1 2 2 2 2 0 1 2 0 0 0 0 0 0 1 2 1 2 1 2 0 0 0 0 0 0 0 0 0 2 2 2 2 2 2 0 1 2 0 0 0 0 0 0 1 2 1 2 1 2 0 0 0 0 0 0 0 0 0 2 2
-1.19235309285196 -0.313144328076973 0.076460275775235 -1.29493201022031 -3.26311982983229 -1 2 2 2 1 0 1 2 1 0 1 1 1 2 2 2 1 2 2 2 1 2 0 1 0 0 1 0 0 2 2 -2 -2 -2 -1 0 -1 -2 -1 0 -1 -1 -1 -2 -2 -2 -1 -2 -2 -2 -1 -2 0 -1 0 0 -1 0 0 -2 -2
-0.00490778896876818 1.13792094465027 1.05152106373411 0.123136616922244 -0.776745862114586 1 2 2 2 2 0 1 1 0 0 0 0 0 0 1 1 1 2 0 1 0 0 0 0 0 0 1 0 0 2 2 2 2 2 2 0 1 1 0 0 0 0 0 0 1 1 1 2 0 1 0 0 0 0 0 0 1 0 0 2 2
1.54285991342882 -0.108566043864525 0.5846136091233 0.411441474725442 1.09673572211859 -1 2 0 1 1 0 2 1 0 0 0 0 0 1 0 2 2 2 0 2 0 2 0 0 0 0 1 0 0 2 2 -2 0 -1 -1 0 -2 -1 0 0 0 0 0 -1 0 -2 -2 -2 0 -2 0 -2 0 0 0 0 -1 0 0 -2 -2
-0.343365115012735 -1.15878280871914 -0.669179178745858 0.382944604733217 -1.28123158176721 1 2 1 2 1 0 1 2 2 0 1 1 0 1 0 2 1 2 0 1 0 1 0 0 0 0 1 0 0 2 2 2 1 2 1 0 1 2 2 0 1 1 0 1 0 2 1 2 0 1 0 1 0 0 0 0 1 0 0 2 2
-0.889676719866239 -0.806222585825488 -0.688986716636611 -0.139732382254609 -0.287577347924841 -1 2 0 1 1 0 1 1 1 0 2 1 0 1 0 1 1 2 0 1 1 0 0 0 0 0 0 0 0 2 2 -2 0 -1 -1 0 -1 -1 -1 0 -2 -1 0 -1 0 -1 -1 -2 0 -1 -1 0 0 0 0 0 0 0 0 -2 -2
-0.854098449488004 0.985410210002023 -0.896040897014454 -0.118835752340113 1.61467136176054 -1 2 1 2 2 0 1 1 0 0 0 0 0 0 1 2 1 2 1 1 1 1 0 1 0 0 0 0 0 2 2 -2 -1 -2 -2 0 -1 -1 0 0 0 0 0 0 -1 -2 -1 -2 -1 -1 -1 -1 0 -1 0 0 0 0 0 -2 -2
0.287824315237578 0.258920883626712 -0.247078081490337 -1.69264840295511 1.42466058252784 -1 2 2 2 1 1 2 1 0 0 1 1 0 0 0 0 0 2 1 2 1 1 0 1 0 1 0 0 0 2 2 -2 -2 -2 -1 -1 -2 -1 0 0 -1 -1 0 0 0 0 0 -2 -1 -2 -1 -1 0 -1 0 -1 0 0 0 -2 -2
0.408755804492577 -1.22654157744975 0.916816726856813 -0.919394315451231 0.100331252437387 1 2 1 2 2 1 2 0 1 0 2 0 0 0 0 2 2 2 0 2 2 1 0 1 0 0 0 0 1 2 2 2 1 2 2 1 2 0 1 0 2 0 0 0 0 2 2 2 0 2 2 1 0 1 0 0 0 0 1 2 2
-0.227637321323576 1.2175457437735 1.1768526474128 -0.0943522357313215 -1.11772895625621 -1 2 1 1 1 0 2 1 1 0 1 1 1 0 0 2 2 2 1 1 0 1 0 0 0 0 0 0 0 2 2 -2 -1 -1 -1 0 -2 -1 -1 0 -1 -1 -1 0 0 -2 -2 -2 -1 -1 0 -1 0 0 0 0 0 0 0 -2 -2
-0.139241195184085 -0.324812829159221 -0.704567387524694 -1.11754695847989 -0.600876483579229 1 2 1 0 1 0 1 2 1 0 1 1 1 2 0 1 0 2 0 1 0 1 0 1 0 0 2 0 0 2 2 2 1 0 1 0 1 2 1 0 1 1 1 2 0 1 0 2 0 1 0 1 0 1 0 0 2 0 0 2 2
-1.00349643706903 -0.483561736995047 -0.557282374175666 0.500351075988344 0.970163702794538 -1 2 2 2 1 0 2 1 0 0 1 0 0 0 0 1 1 2 1 2 1 0 0 0 0 0 1 0 2 2 2 -2 -2 -2 -1 0 -2 -1 0 0 -1 0 0 0 0 -1 -1 -2 -1 -2 -1 0 0 0 0 0 -1 0 -2 -2 -2
-0.258628066935903 1.35879209787317 -0.0667699540606817 -0.0346559195399085 -2.07673462525894 -1 2 1 2 2 0 1 1 1 0 1 1 1 0 0 2 0 2 1 2 1 1 0 0 0 0 2 0 1 2 2 -2 -1 -2 -2 0 -1 -1 -1 0 -1 -1 -1 0 0 -2 0 -2 -1 -2 -1 -1 0 0 0 0 -2 0 -1 -2 -2
-2.06035756660707 -1.40212357101043 1.88128211724353 0.136554352251428 0.372457324821064 1 2 1 2 1 0 1 2 0 0 1 0 1 1 1 2 2 2 0 0 0 2 0 0 0 0 0 0 0 2 2 2 1 2 1 0 1 2 0 0 1 0 1 1 1 2 2 2 0 0 0 2 0 0 0 0 0 0 0 2 2
-0.832650229802742 -0.792836638133276 1.79300524250047 -0.10330557470097 -0.179586630018651 -1 2 1 2 1 0 2 1 0 0 2 1 2 2 0 2 1 2 1 2 0 1 0 0 0 0 1 0 0 2 2 -2 -1 -2 -1 0 -2 -1 0 0 -2 -1 -2 -2 0 -2 -1 -2 -1 -2 0 -1 0 0 0 0 -1 0 0 -2 -2
0.101396013615473 -0.147507642853051 -0.837247524684162 0.245646567454969 0.568810982210633 -1 2 1 2 1 0 1 1 0 0 0 0 0 1 1 1 1 2 0 0 0 0 0 0 0 1 0 0 0 2 2 -2 -1 -2 -1 0 -1 -1 0 0 0 0 0 -1 -1 -1 -1 -2 0 0 0 0 0 0 0 -1 0 0 0 -2 -2
0.913238854938806 0.407557517203533 -0.369415866526185 -0.758894687583793 0.387119950412797 -1 2 2 2 2 2 2 1 1 0 1 0 1 1 0 1 1 2 0 0 0 2 1 2 0 0 0 0 0 2 2 -2 -2 -2 -2 -2 -2 -1 -1 0 -1 0 -1 -1 0 -1 -1 -2 0 0 0 -2 -1 -2 0 0 0 0 0 -2 -2
-1.21209572936933 0.51860103078985 1.28696776097657 -2.13907288485889 -1.09632135661637 1 2 1 2 2 0 2 2 0 0 1 0 0 0 0 1 0 2 0 1 0 1 0 1 1 1 1 0 0 2 2 2 1 2 2 0 2 2 0 0 1 0 0 0 0 1 0 2 0 1 0 1 0 1 1 1 1 0 0 2 2
0.609445604673249 0.852877862102125 1.55658406428301 0.638505923792905 0.712055173064972 1 2 1 2 2 0 2 1 1 0 2 1 1 2 0 2 2 2 1 2 0 1 0 0 0 0 0 0 0 2 2 2 1 2 2 0 2 1 1 0 2 1 1 2 0 2 2 2 1 2 0 1 0 0 0 0 0 0 0 2 2
1.67212926434508 0.0121279935475356 -1.52150210657523 -0.713872280848583 0.376678161127153 -1 2 1 1 1 0 0 1 1 0 0 0 0 0 0 1 1 1 0 1 0 1 0 0 0 0 0 0 1 2 2 -2 -1 -1 -1 0 0 -1 -1 0 0 0 0 0 0 -1 -1 -1 0 -1 0 -1 0 0 0 0 0 0 -1 -2 -2
-2.15612513445479 1.16347208531741 0.511828116967687 -1.12809820110422 0.321521427925198 -1 2 1 2 2 0 2 1 0 0 1 1 0 0 1 2 1 2 1 2 1 1 0 1 0 0 1 0 0 2 2 -2 -1 -2 -2 0 -2 -1 0 0 -1 -1 0 0 -1 -2 -1 -2 -1 -2 -1 -1 0 -1 0 0 -1 0 0 -2 -2
-1.07508231310127 -1.12030152828602 -0.39054137754242 -0.0536774379578522 0.473076944622972 1 2 2 2 2 1 2 1 0 0 1 0 0 1 0 1 0 2 0 1 1 2 0 1 0 0 1 0 0 2 2 2 2 2 2 1 2 1 0 0 1 0 0 1 0 1 0 2 0 1 1 2 0 1 0 0 1 0 0 2 2
-0.497089564060594 -0.142649071003966 -2.05547874173664 1.26468828638694 0.886899899573007 -1 2 2 2 2 1 2 0 1 0 0 0 1 0 0 2 1 2 0 2 1 2 0 0 0 0 1 0 0 2 2 -2 -2 -2 -2 -1 -2 0 -1 0 0 0 -1 0 0 -2 -1 -2 0 -2 -1 -2 0 0 0 0 -1 0 0 -2 -2
0.565989779071104 1.289875357287 -1.4234131974678 -1.17217840687799 -1.9014045605331 1 2 2 2 1 0 2 2 1 0 1 0 0 0 1 2 1 2 0 1 1 2 0 0 0 0 2 0 0 2 2 2 2 2 1 0 2 2 1 0 1 0 0 0 1 2 1 2 0 1 1 2 0 0 0 0 2 0 0 2 2
2.3367343011382 -0.491629096414803 1.44872367209156 0.447517915140669 0.637741619802218 -1 2 1 2 1 0 1 0 0 0 1 1 0 0 1 2 1 2 1 2 1 0 0 1 1 0 2 0 0 2 2 -2 -1 -2 -1 0 -1 0 0 0 -1 -1 0 0 -1 -2 -1 -2 -1 -2 -1 0 0 -1 -1 0 -2 0 0 -2 -2
-0.240376983615131 -1.21618283426733 -0.582219568417022 -0.431591670165727 0.178775220507834 1 2 1 2 1 0 2 1 0 0 0 0 0 0 0 1 1 2 0 1 1 2 0 2 1 1 1 0 0 2 2 2 1 2 1 0 2 1 0 0 0 0 0 0 0 1 1 2 0 1 1 2 0 2 1 1 1 0 0 2 2
-0.204475837066188 -0.197678312651493 -0.523028623631149 0.267581972950612 -1.28168893629754 -1 2 0 2 1 0 2 0 0 0 1 0 0 1 1 1 0 1 0 2 0 2 0 1 0 0 2 0 0 2 2 -2 0 -2 -1 0 -2 0 0 0 -1 0 0 -1 -1 -1 0 -1 0 -2 0 -2 0 -1 0 0 -2 0 0 -2 -2
0.831018858301761 -1.45213684119197 -0.597081982688302 -1.29287918506849 0.73950046915799 1 2 2 2 0 0 1 1 0 0 1 1 1 0 0 1 1 2 1 2 1 1 0 2 1 0 1 0 0 2 2 2 2 2 0 0 1 1 0 0 1 1 1 0 0 1 1 2 1 2 1 1 0 2 1 0 1 0 0 2 2
-0.140708531806682 0.354925044494813 0.0883094266259028 1.56186501256061 -1.28109558715182 -1 2 0 2 1 1 2 2 0 0 0 0 2 2 0 0 1 2 0 1 1 2 0 1 0 0 0 0 0 2 2 -2 0 -2 -1 -1 -2 -2 0 0 0 0 -2 -2 0 0 -1 -2 0 -1 -1 -2 0 -1 0 0 0 0 0 -2 -2
0.922889237134975 0.9585820031932 0.800268225390816 -0.678559451385338 -0.449653900738587 -1 2 1 2 2 0 2 1 1 0 0 0 0 1 1 1 1 2 0 0 0 1 0 1 1 1 0 0 0 2 2 -2 -1 -2 -2 0 -2 -1 -1 0 0 0 0 -1 -1 -1 -1 -2 0 0 0 -1 0 -1 -1 -1 0 0 0 -2 -2
0.143020670967916 0.744864521698878 -0.386472968095979 -1.27999890041988 -1.56115331680384 1 2 2 2 1 0 2 2 0 0 1 0 0 1 1 1 0 2 1 1 1 1 0 0 0 0 0 0 0 2 2 2 2 2 1 0 2 2 0 0 1 0 0 1 1 1 0 2 1 1 1 1 0 0 0 0 0 0 0 2 2
1.75607101665941 1.84328974421404 -1.15717723834534 1.15073277725054 0.476871151605398 -1 2 0 2 1 0 2 1 0 0 0 0 1 1 0 1 1 2 0 1 0 2 0 1 0 0 0 0 0 2 2 -2 0 -2 -1 0 -2 -1 0 0 0 0 -1 -1 0 -1 -1 -2 0 -1 0 -2 0 -1 0 0 0 0 0 -2 -2
0.478731179685194 -2.18195474053822 -0.306743360675123 0.551583938609354 -0.34349400760928 1 2 1 2 2 0 2 1 1 0 1 0 0 1 0 2 1 2 1 2 2 0 0 0 0 0 1 0 0 2 2 2 1 2 2 0 2 1 1 0 1 0 0 1 0 2 1 2 1 2 2 0 0 0 0 0 1 0 0 2 2
-1.78883558205125 -0.811928696548578 -1.34332751668538 0.409927924038494 -0.991809031984624 1 2 2 1 1 0 2 2 1 0 1 1 0 0 2 2 2 2 0 1 0 2 0 0 1 0 1 0 0 2 2 2 2 1 1 0 2 2 1 0 1 1 0 0 2 2 2 2 0 1 0 2 0 0 1 0 1 0 0 2 2
0.0228177176878965 -0.531100712296549 -0.619849948298898 1.3883491322663 -0.325820291981333 1 2 1 2 2 1 2 2 1 0 0 0 1 1 1 2 2 2 0 1 2 1 0 1 1 0 0 0 0 2 2 2 1 2 2 1 2 2 1 0 0 0 1 1 1 2 2 2 0 1 2 1 0 1 1 0 0 0 0 2 2
0.236059182085215 -0.0700828241563209 0.0794347387367535 -1.70419152099181 0.552603228032297 1 2 2 2 1 0 1 2 1 0 0 0 0 0 1 1 1 2 1 1 0 1 0 0 0 0 1 0 0 2 2 2 2 2 1 0 1 2 1 0 0 0 0 0 1 1 1 2 1 1 0 1 0 0 0 0 1 0 0 2 2
-0.634258941169355 -0.854429361055008 0.251740071684265 1.99646324300702 -0.48917660564495 -1 2 1 1 1 0 1 0 0 0 0 0 0 0 1 2 2 2 1 1 1 1 0 0 0 0 1 0 0 2 2 -2 -1 -1 -1 0 -1 0 0 0 0 0 0 0 -1 -2 -2 -2 -1 -1 -1 -1 0 0 0 0 -1 0 0 -2 -2
1.19289259838135 1.00738302753586 -1.02143011465749 1.11537381455756 -0.825023275159932 1 2 2 2 1 0 2 1 0 0 0 1 1 0 1 1 1 2 1 0 0 2 0 2 0 1 0 0 0 2 2 2 2 2 1 0 2 1 0 0 0 1 1 0 1 1 1 2 1 0 0 2 0 2 0 1 0 0 0 2 2
-2.06340374202679 -1.62709063411796 -0.292751125024755 1.09208400734188 -0.455365016344044 1 2 1 2 2 0 2 1 0 0 0 0 0 0 1 2 1 2 0 0 0 1 0 1 0 0 2 1 1 1 2 2 1 2 2 0 2 1 0 0 0 0 0 0 1 2 1 2 0 0 0 1 0 1 0 0 2 1 1 1 2
0.648970281921691 -1.18018404474545 0.410036831798552 -0.79245641140731 0.101947258012795 1 2 0 2 1 0 0 2 0 0 0 0 0 0 0 2 2 2 2 2 2 1 0 0 0 0 0 0 0 2 2 2 0 2 1 0 0 2 0 0 0 0 0 0 0 2 2 2 2 2 2 1 0 0 0 0 0 0 0 2 2
0.405213472614457 -0.488574197317052 -0.242496573275845 -1.49531649319576 0.272946171656868 -1 2 1 2 0 0 1 1 0 0 2 1 0 0 1 2 1 2 1 1 0 1 0 1 0 0 1 0 0 2 2 -2 -1 -2 0 0 -1 -1 0 0 -2 -1 0 0 -1 -2 -1 -2 -1 -1 0 -1 0 -1 0 0 -1 0 0 -2 -2
-0.767313829179585 1.58847219101 0.416411930840994 -0.814002957390458 -0.0861592882709611 1 2 2 2 1 0 2 1 1 0 1 1 1 0 0 2 2 2 1 2 1 1 0 0 1 1 1 0 1 2 2 2 2 2 1 0 2 1 1 0 1 1 1 0 0 2 2 2 1 2 1 1 0 0 1 1 1 0 1 2 2
0.346234471039053 0.972186588161177 1.27157026832103 0.791383711994954 0.279751453119032 -1 2 1 1 1 0 2 1 1 0 1 0 1 1 1 2 2 2 1 1 0 1 0 0 0 1 2 0 1 2 2 -2 -1 -1 -1 0 -2 -1 -1 0 -1 0 -1 -1 -1 -2 -2 -2 -1 -1 0 -1 0 0 0 -1 -2 0 -1 -2 -2
0.576541899188002 -0.615947635157351 -0.158429445819971 0.0300877963510445 1.20327981543352 -1 2 2 2 2 0 2 1 1 0 2 1 1 1 0 1 1 2 1 0 0 1 0 1 1 0 1 0 0 2 2 -2 -2 -2 -2 0 -2 -1 -1 0 -2 -1 -1 -1 0 -1 -1 -2 -1 0 0 -1 0 -1 -1 0 -1 0 0 -2 -2
-0.91197026197075 0.00347684388483047 -0.280446037015196 0.148926320526406 0.958241228517702 1 2 2 2 1 0 1 0 0 0 1 0 0 1 1 2 1 2 1 1 1 0 0 0 0 0 0 0 0 2 2 2 2 2 1 0 1 0 0 0 1 0 0 1 1 2 1 2 1 1 1 0 0 0 0 0 0 0 0 2 2
0.0448284594635649 1.2024233275747 -0.730937096462134 0.28312928437364 -0.707042977325417 1 2 1 1 1 1 2 0 0 0 0 0 0 0 0 2 2 2 0 1 1 2 0 0 0 1 0 0 0 2 2 2 1 1 1 1 2 0 0 0 0 0 0 0 0 2 2 2 0 1 1 2 0 0 0 1 0 0 0 2 2
0.606692421686889 -1.25977367016462 0.254245635576298 -0.612708828374014 1.1834872531693 -1 2 0 1 1 0 2 1 0 0 2 1 1 0 0 2 2 2 1 1 1 2 0 1 0 0 0 0 0 2 2 -2 0 -1 -1 0 -2 -1 0 0 -2 -1 -1 0 0 -2 -2 -2 -1 -1 -1 -2 0 -1 0 0 0 0 0 -2 -2
0.128248638618965 0.58940249606236 -0.442692984482104 -0.327103194772679 0.573668935147865 1 1 0 0 0 0 0 0 0 0 1 0 1 1 0 2 1 2 1 2 0 2 0 0 0 1 1 0 0 2 2 1 0 0 0 0 0 0 0 0 1 0 1 1 0 2 1 2 1 2 0 2 0 0 0 1 1 0 0 2 2
-0.345750303639935 -1.65252163084416 -0.0216708685977329 0.462076534103771 0.72054649725292 -1 2 0 0 0 0 1 2 0 0 2 1 1 2 0 0 0 2 1 1 1 2 0 0 0 0 1 1 0 2 2 -2 0 0 0 0 -1 -2 0 0 -2 -1 -1 -2 0 0 0 -2 -1 -1 -1 -2 0 0 0 0 -1 -1 0 -2 -2
1.40006199517167 1.56622819634367 1.06510065246669 -0.975252023513526 0.05763666143804 -1 2 1 2 0 0 1 1 1 0 0 0 1 2 2 2 2 2 1 2 1 2 1 0 0 0 0 0 1 2 2 -2 -1 -2 0 0 -1 -1 -1 0 0 0 -1 -2 -2 -2 -2 -2 -1 -2 -1 -2 -1 0 0 0 0 0 -1 -2 -2
-1.59210565052679 -0.639882239402711 0.206782127016197 1.87364684640098 -0.338075459993632 1 2 0 2 1 0 0 2 0 0 0 0 0 0 1 2 2 2 0 1 0 1 0 0 0 1 1 0 0 2 2 2 0 2 1 0 0 2 0 0 0 0 0 0 1 2 2 2 0 1 0 1 0 0 0 1 1 0 0 2 2
-1.55915671383093 2.02759149182857 1.5457327981262 2.18112591100247 -2.64158141731199 -1 1 0 1 0 0 1 2 2 0 2 1 1 1 0 2 2 2 1 1 1 0 0 0 0 0 1 0 0 2 2 -1 0 -1 0 0 -1 -2 -2 0 -2 -1 -1 -1 0 -2 -2 -2 -1 -1 -1 0 0 0 0 0 -1 0 0 -2 -2
1.22939311443837 -0.410625729181247 -0.125463271311217 0.455768888537731 0.126190324762775 -1 2 1 2 0 0 2 0 0 0 2 1 1 1 2 1 0 2 1 1 0 1 0 0 0 0 0 0 0 2 2 -2 -1 -2 0 0 -2 0 0 0 -2 -1 -1 -1 -2 -1 0 -2 -1 -1 0 -1 0 0 0 0 0 0 0 -2 -2
0.750282415450691 -0.787417949516407 0.506424275893795 -1.27665711634161 0.025841342836106 -1 2 1 1 1 0 1 0 0 0 0 0 0 0 0 0 1 2 1 2 2 2 0 1 0 1 1 0 1 2 2 -2 -1 -1 -1 0 -1 0 0 0 0 0 0 0 0 0 -1 -2 -1 -2 -2 -2 0 -1 0 -1 -1 0 -1 -2 -2
-1.57461241687275 -1.89594708854415 -0.0249903180583474 -0.747552182854067 -1.30543475606419 -1 2 0 1 1 0 1 1 0 0 1 1 0 0 1 1 1 2 1 0 0 0 0 0 0 0 0 0 0 2 2 -2 0 -1 -1 0 -1 -1 0 0 -1 -1 0 0 -1 -1 -1 -2 -1 0 0 0 0 0 0 0 0 0 0 -2 -2
0.132708714032104 -0.837733993835094 -1.63480292767752 1.59358766020752 0.261461077084122 -1 2 2 2 2 0 1 2 1 0 1 0 0 0 1 2 1 2 0 1 0 1 0 1 0 0 0 0 0 2 2 -2 -2 -2 -2 0 -1 -2 -1 0 -1 0 0 0 -1 -2 -1 -2 0 -1 0 -1 0 -1 0 0 0 0 0 -2 -2
0.952206267518027 0.824699100548375 1.10313089193328 -1.60442229629426 -0.284796281335293 1 2 2 2 2 1 2 1 1 0 1 0 0 1 1 2 1 2 1 1 1 1 0 0 0 0 1 0 0 2 2 2 2 2 2 1 2 1 1 0 1 0 0 1 1 2 1 2 1 1 1 1 0 0 0 0 1 0 0 2 2
-1.19048590554491 -0.639633257861214 -1.11312999121273 -0.955215744001548 -0.218890213935744 -1 2 1 2 2 0 1 0 0 0 0 0 1 2 0 2 2 2 2 2 1 0 0 0 0 0 1 0 0 2 2 -2 -1 -2 -2 0 -1 0 0 0 0 0 -1 -2 0 -2 -2 -2 -2 -2 -1 0 0 0 0 0 -1 0 0 -2 -2
-1.2735770316083 0.238412887048821 -1.58987044268219 0.672129425318519 -1.39679900752621 1 2 1 1 0 0 1 0 0 0 2 0 0 1 1 2 2 2 0 2 1 1 0 0 0 0 2 0 0 2 2 2 1 1 0 0 1 0 0 0 2 0 0 1 1 2 2 2 0 2 1 1 0 0 0 0 2 0 0 2 2
1.30428996021048 0.029758561278311 -0.147588902268782 0.700240626965143 1.3994129061686 -1 2 0 1 2 0 2 0 0 0 2 0 0 0 1 1 1 2 0 0 0 2 0 0 0 0 0 0 0 2 2 -2 0 -1 -2 0 -2 0 0 0 -2 0 0 0 -1 -1 -1 -2 0 0 0 -2 0 0 0 0 0 0 0 -2 -2
