-0.164166255085608 -0.195289743921916 0.35223461887311 -0.787619332053523 -0.375470043160722 1 0 1 2 0 0 2 0 2 2 0 1 1 1 0 1 2 1 0 0 1 2 1 1 0 0 0 0 1 0 0 0 1 2 0 0 2 0 2 2 0 1 1 1 0 1 2 1 0 0 1 2 1 1 0 0 0 0 1 0 0
-0.405126544480402 0.414514199619623 -0.549432978872713 -0.1398367265968 0.583957331071493 -1 1 0 2 1 0 1 1 1 2 0 0 0 0 0 2 1 1 2 0 2 1 1 2 1 1 1 0 2 2 0 -1 0 -2 -1 0 -1 -1 -1 -2 0 0 0 0 0 -2 -1 -1 -2 0 -2 -1 -1 -2 -1 -1 -1 0 -2 -2 0
-0.617344223992915 -1.01758186813881 0.90360851834346 0.880041434309514 0.319741152481984 1 1 0 2 0 1 2 0 1 2 1 2 1 1 0 2 1 1 1 0 2 2 2 2 0 1 1 0 2 1 0 1 0 2 0 1 2 0 1 2 1 2 1 1 0 2 1 1 1 0 2 2 2 2 0 1 1 0 2 1 0
0.42768609140088 0.297189291839847 1.32003197091465 0.302624736071743 0.0639143609732916 -1 1 1 2 0 0 1 1 2 2 1 2 1 2 0 2 1 0 2 0 1 1 2 2 1 0 0 0 1 0 0 -1 -1 -2 0 0 -1 -1 -2 -2 -1 -2 -1 -2 0 -2 -1 0 -2 0 -1 -1 -2 -2 -1 0 0 0 -1 0 0
0.0118673775518274 0.108413825407176 0.980228521042678 1.21133586314726 -0.90578542646408 1 1 0 2 0 0 2 0 1 1 0 0 0 1 0 2 1 1 1 0 1 2 2 2 1 0 2 0 1 0 0 1 0 2 0 0 2 0 1 1 0 0 0 1 0 2 1 1 1 0 1 2 2 2 1 0 2 0 1 0 0
-2.22299713363304 0.85384493139148 0.114149843447648 -0.420643639634986 -1.09096884539259 -1 1 1 2 1 1 2 0 2 2 0 0 1 1 0 2 1 0 2 0 2 0 0 1 1 1 2 0 2 1 0 -1 -1 -2 -1 -1 -2 0 -2 -2 0 0 -1 -1 0 -2 -1 0 -2 0 -2 0 0 -1 -1 -1 -2 0 -2 -1 0
-0.694090198647718 0.0479632190821442 1.69684387064928 -1.85281274236705 -0.921485600675892 -1 0 0 2 0 0 2 1 2 2 0 2 0 0 0 2 2 1 1 0 1 0 1 1 0 0 0 0 1 0 0 0 0 -2 0 0 -2 -1 -2 -2 0 -2 0 0 0 -2 -2 -1 -1 0 -1 0 -1 -1 0 0 0 0 -1 0 0
-2.39413876530395 -0.687750797176652 0.540098078489877 -0.899439692514671 -0.185439799659871 -1 1 0 1 0 0 2 1 2 1 0 1 0 1 0 2 2 1 2 1 2 1 1 2 1 1 2 0 1 0 0 -1 0 -1 0 0 -2 -1 -2 -1 0 -1 0 -1 0 -2 -2 -1 -2 -1 -2 -1 -1 -2 -1 -1 -2 0 -1 0 0
1.54683744294165 -1.50379324851655 -0.479135694005663 0.571387556879324 -0.536721694485162 1 0 1 2 1 0 1 0 1 1 0 1 1 2 0 2 2 1 2 0 0 0 1 2 1 1 2 0 2 0 0 0 1 2 1 0 1 0 1 1 0 1 1 2 0 2 2 1 2 0 0 0 1 2 1 1 2 0 2 0 0
1.98411406133849 -0.283587616351548 -0.473371635091321 0.257639602563758 -0.680208944457544 -1 0 0 2 0 0 1 1 2 2 2 2 2 1 0 1 1 0 0 0 1 1 1 2 2 0 1 0 1 0 0 0 0 -2 0 0 -1 -1 -2 -2 -2 -2 -2 -1 0 -1 -1 0 0 0 -1 -1 -1 -2 -2 0 -1 0 -1 0 0
1.13501902739681 1.23010646169652 -0.985200021925219 0.505908990977557 0.0142044101858383 1 0 0 2 1 0 1 1 2 2 0 2 0 1 0 2 2 2 2 0 1 1 2 2 0 0 1 0 1 0 0 0 0 2 1 0 1 1 2 2 0 2 0 1 0 2 2 2 2 0 1 1 2 2 0 0 1 0 1 0 0
0.0304465605549143 -0.306233636124446 0.431284004968035 -0.184973688304703 -0.967127499764039 1 0 0 1 1 1 2 0 2 1 0 2 1 1 0 2 1 1 1 0 1 1 1 2 1 1 1 0 1 0 0 0 0 1 1 1 2 0 2 1 0 2 1 1 0 2 1 1 1 0 1 1 1 2 1 1 1 0 1 0 0
-0.250287896170765 0.973764828834431 0.373424963631118 0.587056390275007 -2.00078874069935 1 0 0 2 1 1 2 0 1 2 1 1 0 2 0 2 1 0 1 0 2 1 1 2 1 1 1 0 2 1 0 0 0 2 1 1 2 0 1 2 1 1 0 2 0 2 1 0 1 0 2 1 1 2 1 1 1 0 2 1 0
-0.372857775901016 -0.0493071322943698 1.65787043065903 -0.0570267027670424 -1.44170016782622 1 0 0 2 0 0 2 1 2 2 0 0 1 2 0 2 2 1 1 0 2 1 2 2 0 1 1 0 2 0 0 0 0 2 0 0 2 1 2 2 0 0 1 2 0 2 2 1 1 0 2 1 2 2 0 1 1 0 2 0 0
3.08794438002041 -1.21335340303902 0.341889005109414 -0.0538807981972052 2.07906720866916 1 1 0 2 2 2 2 1 1 1 0 1 0 1 0 1 0 1 1 0 0 1 1 2 1 0 0 0 1 1 0 1 0 2 2 2 2 1 1 1 0 1 0 1 0 1 0 1 1 0 0 1 1 2 1 0 0 0 1 1 0
1.25781971668416 0.548247869528036 -1.46707465412516 0.657087100681056 -1.14586380390402 1 1 0 2 1 1 2 2 2 2 0 1 0 1 0 2 1 0 0 0 1 0 1 1 1 1 1 0 2 0 0 1 0 2 1 1 2 2 2 2 0 1 0 1 0 2 1 0 0 0 1 0 1 1 1 1 1 0 2 0 0
1.97647660545013 -1.49486176785247 0.894398557560887 0.687888610670353 -0.71306793979562 -1 1 0 2 0 0 2 1 1 1 0 0 0 1 0 2 1 2 1 0 2 1 1 2 2 1 2 0 2 1 0 -1 0 -2 0 0 -2 -1 -1 -1 0 0 0 -1 0 -2 -1 -2 -1 0 -2 -1 -1 -2 -2 -1 -2 0 -2 -1 0
-0.182731644290711 -1.14098288262053 0.0438926909317098 -0.716473561066292 1.11287312795245 1 1 0 2 0 0 2 0 1 0 0 0 0 1 0 2 1 0 0 0 2 1 2 2 2 1 1 0 1 0 0 1 0 2 0 0 2 0 1 0 0 0 0 1 0 2 1 0 0 0 2 1 2 2 2 1 1 0 1 0 0
-0.0505032369326459 0.0336672368264832 0.514414509370984 -0.506323225775526 1.12789965628314 1 0 0 2 0 0 2 0 1 1 0 0 1 2 0 2 1 2 2 0 2 2 2 2 0 1 1 0 0 0 0 0 0 2 0 0 2 0 1 1 0 0 1 2 0 2 1 2 2 0 2 2 2 2 0 1 1 0 0 0 0
1.30152389865037 1.09196933154185 -0.418347340277622 0.948626816832173 -0.151103018053914 1 0 1 2 0 0 1 2 2 1 0 0 0 0 0 2 2 1 1 0 1 0 1 1 1 1 1 0 1 0 0 0 1 2 0 0 1 2 2 1 0 0 0 0 0 2 2 1 1 0 1 0 1 1 1 1 1 0 1 0 0
1.79961080928884 -0.513397155474757 0.655051436049734 1.75360263602439 -0.369900341759374 -1 1 0 2 1 0 2 1 1 1 0 0 0 1 0 2 2 0 1 0 2 1 0 1 1 1 2 0 1 1 0 -1 0 -2 -1 0 -2 -1 -1 -1 0 0 0 -1 0 -2 -2 0 -1 0 -2 -1 0 -1 -1 -1 -2 0 -1 -1 0
0.734017691273005 0.18551987894442 1.3455370903131 1.07180834058875 0.220487594052591 -1 1 0 2 0 0 2 0 2 2 0 1 0 0 0 2 2 1 2 0 0 1 1 2 0 0 2 0 2 1 0 -1 0 -2 0 0 -2 0 -2 -2 0 -1 0 0 0 -2 -2 -1 -2 0 0 -1 -1 -2 0 0 -2 0 -2 -1 0
-0.721094309381644 -1.16424321520346 -0.884848688776811 -0.450443875668228 -0.781693859612481 -1 1 1 2 1 1 1 1 2 1 0 1 1 2 0 2 1 0 1 0 1 1 1 2 0 0 1 0 1 0 0 -1 -1 -2 -1 -1 -1 -1 -2 -1 0 -1 -1 -2 0 -2 -1 0 -1 0 -1 -1 -1 -2 0 0 -1 0 -1 0 0
1.31340288840687 0.179491149950982 0.441649999294253 0.808631585051991 0.0937687480775074 -1 0 0 2 0 0 2 1 2 2 0 0 0 1 0 2 1 0 1 0 2 0 1 2 0 0 0 0 1 0 0 0 0 -2 0 0 -2 -1 -2 -2 0 0 0 -1 0 -2 -1 0 -1 0 -2 0 -1 -2 0 0 0 0 -1 0 0
-1.00503122595793 -0.0416025525795048 -1.31512902016856 -0.109681106594934 -0.994950038790491 -1 0 0 2 0 0 2 1 2 2 0 2 1 1 0 2 2 1 1 0 1 0 0 1 1 2 2 0 2 1 0 0 0 -2 0 0 -2 -1 -2 -2 0 -2 -1 -1 0 -2 -2 -1 -1 0 -1 0 0 -1 -1 -2 -2 0 -2 -1 0
0.673107670044411 -0.747063916719558 0.928393502435819 1.22851367670871 -0.648628411254173 1 0 0 2 2 2 2 0 1 1 0 1 1 1 0 2 2 1 1 0 2 2 2 2 1 1 1 0 1 0 0 0 0 2 2 2 2 0 1 1 0 1 1 1 0 2 2 1 1 0 2 2 2 2 1 1 1 0 1 0 0
1.27978339387779 0.712882315718887 0.616813882169948 -0.271885398511164 1.70020283014831 -1 1 1 2 0 0 2 1 2 1 0 0 0 1 1 2 2 1 2 0 2 2 2 2 1 0 2 0 2 1 0 -1 -1 -2 0 0 -2 -1 -2 -1 0 0 0 -1 -1 -2 -2 -1 -2 0 -2 -2 -2 -2 -1 0 -2 0 -2 -1 0
-0.649335957896264 1.40207794204256 1.44593689514452 -1.61827488619693 -0.323448067343436 1 0 0 2 0 0 2 1 2 2 0 1 1 1 0 2 0 0 1 0 0 1 2 2 0 0 1 0 2 1 0 0 0 2 0 0 2 1 2 2 0 1 1 1 0 2 0 0 1 0 0 1 2 2 0 0 1 0 2 1 0
-0.85316648025882 -1.0844134300382 1.48589560896515 1.28631821785557 1.21373574014305 -1 0 0 2 1 0 2 2 2 1 0 2 2 2 0 2 2 1 1 0 1 0 2 2 1 2 2 0 1 1 0 0 0 -2 -1 0 -2 -2 -2 -1 0 -2 -2 -2 0 -2 -2 -1 -1 0 -1 0 -2 -2 -1 -2 -2 0 -1 -1 0
-0.454433195044414 -0.352170300908537 -0.831799724903543 1.20964625957565 -0.657947073326656 1 1 0 2 0 0 1 1 0 0 0 0 0 0 0 2 2 1 1 0 0 0 0 2 2 1 2 1 2 0 0 1 0 2 0 0 1 1 0 0 0 0 0 0 0 2 2 1 1 0 0 0 0 2 2 1 2 1 2 0 0
-0.424163037796369 1.5526994214665 -0.0914424279239328 1.79190160597168 0.359730721611052 -1 1 1 1 0 0 2 0 1 2 1 2 0 1 0 2 1 1 0 0 1 0 1 2 0 0 0 0 2 0 0 -1 -1 -1 0 0 -2 0 -1 -2 -1 -2 0 -1 0 -2 -1 -1 0 0 -1 0 -1 -2 0 0 0 0 -2 0 0
-0.437863515270299 0.380212632781314 -1.22761656304453 1.52402981330807 1.33194732061617 -1 0 0 2 0 0 2 0 2 1 0 0 0 0 0 2 2 2 0 0 2 1 2 2 0 0 0 0 1 2 0 0 0 -2 0 0 -2 0 -2 -1 0 0 0 0 0 -2 -2 -2 0 0 -2 -1 -2 -2 0 0 0 0 -1 -2 0
0.74151536453354 0.19141261029968 0.701705531335797 0.2767631243648 -1.4237819152095 1 0 2 2 1 0 2 2 2 2 0 2 1 1 0 2 2 1 2 0 1 1 1 2 1 0 2 0 0 0 0 0 2 2 1 0 2 2 2 2 0 2 1 1 0 2 2 1 2 0 1 1 1 2 1 0 2 0 0 0 0
0.228632679581551 -1.04558273676466 0.313194825797973 -0.020802266595475 -1.3852880993405 -1 1 0 2 0 0 2 0 1 2 0 1 1 1 0 2 2 1 1 0 2 2 2 2 0 0 1 0 2 0 0 -1 0 -2 0 0 -2 0 -1 -2 0 -1 -1 -1 0 -2 -2 -1 -1 0 -2 -2 -2 -2 0 0 -1 0 -2 0 0
-1.055386276862 0.524106798915902 0.909031202110173 0.731826832489836 0.446618122172626 -1 1 1 1 0 1 2 1 2 1 0 1 0 0 0 2 2 0 1 0 2 1 1 2 1 1 2 0 1 0 0 -1 -1 -1 0 -1 -2 -1 -2 -1 0 -1 0 0 0 -2 -2 0 -1 0 -2 -1 -1 -2 -1 -1 -2 0 -1 0 0
-0.374584464802584 0.751207244921737 0.674762941055481 -0.833362512172204 0.627600813102376 -1 0 0 2 2 0 2 1 2 2 0 0 0 1 0 2 2 2 1 0 1 0 1 2 2 1 1 0 2 0 0 0 0 -2 -2 0 -2 -1 -2 -2 0 0 0 -1 0 -2 -2 -2 -1 0 -1 0 -1 -2 -2 -1 -1 0 -2 0 0
0.122556621109936 1.8677364353473 0.975219247427792 -1.04265657195845 -0.999424416632816 1 0 0 2 2 0 2 1 2 2 1 0 0 1 0 1 1 2 2 1 2 2 2 2 2 1 1 0 2 0 0 0 0 2 2 0 2 1 2 2 1 0 0 1 0 1 1 2 2 1 2 2 2 2 2 1 1 0 2 0 0
-0.147213981430465 -0.896155063588181 0.0606627496455546 -1.09827934011684 -0.438135086603551 1 0 0 2 0 0 2 0 2 2 0 0 0 0 0 2 2 1 1 0 2 2 2 2 2 1 1 0 2 1 0 0 0 2 0 0 2 0 2 2 0 0 0 0 0 2 2 1 1 0 2 2 2 2 2 1 1 0 2 1 0
1.82896959624138 -0.449410830202892 0.936743286977117 -0.642414103751661 0.55089462990217 -1 0 0 2 0 0 1 1 2 2 0 2 0 1 0 2 2 0 0 0 2 2 2 2 1 2 2 0 2 1 0 0 0 -2 0 0 -1 -1 -2 -2 0 -2 0 -1 0 -2 -2 0 0 0 -2 -2 -2 -2 -1 -2 -2 0 -2 -1 0
-0.109264818786063 -1.14968916118935 0.377697437762427 -2.0113789584444 0.186132434397486 1 1 1 2 1 0 2 0 1 1 0 1 1 1 0 1 1 0 1 0 2 1 1 2 0 0 2 0 1 0 0 1 1 2 1 0 2 0 1 1 0 1 1 1 0 1 1 0 1 0 2 1 1 2 0 0 2 0 1 0 0
0.782818089654174 1.76644512868133 0.644191383203967 -1.66755140952538 -1.70145687806847 1 0 0 2 0 0 2 0 1 1 0 1 1 1 0 2 0 0 0 0 1 0 2 2 1 0 2 0 2 2 0 0 0 2 0 0 2 0 1 1 0 1 1 1 0 2 0 0 0 0 1 0 2 2 1 0 2 0 2 2 0
-0.138227965845861 1.16670064656657 1.02528719572947 0.709202510899655 0.423391440687091 -1 0 1 2 0 0 2 1 2 1 1 2 1 1 0 1 1 1 2 0 2 1 2 2 0 0 1 0 1 1 0 0 -1 -2 0 0 -2 -1 -2 -1 -1 -2 -1 -1 0 -1 -1 -1 -2 0 -2 -1 -2 -2 0 0 -1 0 -1 -1 0
-0.757059195786535 -1.15909530147964 0.882308991918663 -2.792129171375 -0.590620118212028 1 1 0 2 0 0 2 2 1 1 0 1 2 2 0 2 2 0 1 0 1 2 2 2 0 0 1 0 1 1 0 1 0 2 0 0 2 2 1 1 0 1 2 2 0 2 2 0 1 0 1 2 2 2 0 0 1 0 1 1 0
-1.17614926915842 -0.106383601690062 -0.055845267212501 -0.889905600809934 -0.361259414007509 -1 1 0 2 1 1 2 1 1 0 0 0 0 1 0 1 1 1 0 0 1 1 2 2 2 0 1 0 2 0 0 -1 0 -2 -1 -1 -2 -1 -1 0 0 0 0 -1 0 -1 -1 -1 0 0 -1 -1 -2 -2 -2 0 -1 0 -2 0 0
-0.572227593798766 -0.494661643914247 1.03899427690277 0.998187339664458 -0.372768422038396 1 1 0 2 0 0 2 1 0 1 0 0 0 1 0 2 2 2 2 0 1 1 2 1 0 1 2 0 2 2 1 1 0 2 0 0 2 1 0 1 0 0 0 1 0 2 2 2 2 0 1 1 2 1 0 1 2 0 2 2 1
-0.750046808466403 -0.327877103884123 -1.50628037022879 -1.01895442589981 -1.60944599966335 1 0 0 2 1 1 2 1 2 2 0 0 0 0 0 2 1 1 1 0 2 1 0 2 1 0 2 0 1 0 0 0 0 2 1 1 2 1 2 2 0 0 0 0 0 2 1 1 1 0 2 1 0 2 1 0 2 0 1 0 0
0.238581230663341 1.20596538279612 -1.90465953058884 -1.11804162281081 -0.736504945065277 1 0 0 2 0 0 2 2 2 1 0 0 0 0 0 2 1 0 1 0 2 2 2 2 0 0 2 0 2 0 0 0 0 2 0 0 2 2 2 1 0 0 0 0 0 2 1 0 1 0 2 2 2 2 0 0 2 0 2 0 0
-0.288308963874208 0.570452055435756 -1.55394891799573 1.24240059652449 -0.7423572859621 1 0 0 2 0 1 2 0 2 1 0 0 0 0 0 2 2 1 2 0 1 1 2 2 2 2 1 0 1 0 0 0 0 2 0 1 2 0 2 1 0 0 0 0 0 2 2 1 2 0 1 1 2 2 2 2 1 0 1 0 0
0.310621539249522 0.645789039387615 1.03403961124049 -0.894785503167333 2.61403964342821 1 1 1 2 1 0 2 0 2 2 0 1 0 0 0 2 1 0 2 0 1 0 1 2 1 0 1 0 1 1 0 1 1 2 1 0 2 0 2 2 0 1 0 0 0 2 1 0 2 0 1 0 1 2 1 0 1 0 1 1 0
-0.83713975220028 0.214463950597455 0.0331557834714772 -0.540187561281393 0.608876181276609 1 1 1 2 0 0 1 0 2 1 0 0 0 1 0 2 2 1 2 0 1 0 1 2 1 1 0 0 2 1 0 1 1 2 0 0 1 0 2 1 0 0 0 1 0 2 2 1 2 0 1 0 1 2 1 1 0 0 2 1 0
0.163880273942729 2.05589659790243 -1.87335051957798 -0.378076528030321 0.378780094659576 -1 1 1 2 0 0 2 0 1 0 0 0 0 1 0 1 0 1 2 0 2 2 0 2 0 2 2 0 2 2 0 -1 -1 -2 0 0 -2 0 -1 0 0 0 0 -1 0 -1 0 -1 -2 0 -2 -2 0 -2 0 -2 -2 0 -2 -2 0
-0.180300715127415 0.52338729828932 -0.07992627120815 -0.374905236715534 -0.708567703993796 1 1 0 2 0 0 2 1 1 2 0 1 0 1 0 2 2 2 2 0 2 0 2 2 1 1 2 0 2 2 0 1 0 2 0 0 2 1 1 2 0 1 0 1 0 2 2 2 2 0 2 0 2 2 1 1 2 0 2 2 0
-0.128398497613263 1.22849229880683 0.231672816766536 0.889229371192904 1.01941633232673 -1 0 0 2 1 0 2 0 2 1 1 2 2 1 0 2 1 0 1 0 1 1 1 2 0 0 1 0 2 0 0 0 0 -2 -1 0 -2 0 -2 -1 -1 -2 -2 -1 0 -2 -1 0 -1 0 -1 -1 -1 -2 0 0 -1 0 -2 0 0
0.493375465447991 -0.553958247019363 -0.864592432989498 1.39839752562707 -1.11045274480546 1 0 0 2 0 1 2 1 2 2 0 0 0 1 0 2 2 1 1 0 0 1 2 2 0 0 1 0 2 0 0 0 0 2 0 1 2 1 2 2 0 0 0 1 0 2 2 1 1 0 0 1 2 2 0 0 1 0 2 0 0
-1.74393061345337 -0.347762151475724 -0.543499354090431 -0.839010164473579 -0.103581641767132 1 0 0 1 0 0 1 0 1 1 0 1 1 2 0 2 2 2 1 0 1 2 2 2 1 0 1 0 2 2 0 0 0 1 0 0 1 0 1 1 0 1 1 2 0 2 2 2 1 0 1 2 2 2 1 0 1 0 2 2 0
-0.916498947293692 0.652695852469901 -0.00679998534772783 1.23386428480702 -1.72495473244577 -1 2 1 2 1 1 2 0 1 1 0 0 0 1 0 2 2 2 2 0 1 1 0 2 1 0 2 0 2 1 0 -2 -1 -2 -1 -1 -2 0 -1 -1 0 0 0 -1 0 -2 -2 -2 -2 0 -1 -1 0 -2 -1 0 -2 0 -2 -1 0
-0.0606222514547047 -0.319081670121059 1.59352087350009 0.816618469727032 0.079975720294856 1 1 0 2 2 2 2 1 1 1 0 1 0 2 0 2 1 2 1 0 1 1 1 2 0 1 1 0 2 2 0 1 0 2 2 2 2 1 1 1 0 1 0 2 0 2 1 2 1 0 1 1 1 2 0 1 1 0 2 2 0
0.272094170243575 -0.450165126065744 0.341730437681698 -0.0385526314502179 -0.556675488544572 -1 1 1 2 1 0 2 1 2 2 1 1 0 2 0 2 1 0 0 0 2 2 1 2 1 1 2 0 2 1 0 -1 -1 -2 -1 0 -2 -1 -2 -2 -1 -1 0 -2 0 -2 -1 0 0 0 -2 -2 -1 -2 -1 -1 -2 0 -2 -1 0
0.497225230657856 1.20484955490405 -1.22525126558727 -0.916929999299484 0.846658615516244 -1 0 0 2 0 0 2 2 2 2 1 1 0 1 0 2 1 2 2 0 2 2 2 2 0 1 1 0 0 0 0 0 0 -2 0 0 -2 -2 -2 -2 -1 -1 0 -1 0 -2 -1 -2 -2 0 -2 -2 -2 -2 0 -1 -1 0 0 0 0
1.62183022906087 -0.457786673279999 -0.410582620082968 0.109594597719117 0.490736252147012 1 0 0 2 0 0 2 1 1 1 0 1 1 0 0 2 2 1 2 0 1 1 1 2 2 0 1 0 2 1 0 0 0 2 0 0 2 1 1 1 0 1 1 0 0 2 2 1 2 0 1 1 1 2 2 0 1 0 2 1 0
0.391848559133374 -0.786508738041092 -1.38273710869153 -0.808415500745529 -2.63239737402987 -1 0 0 2 0 0 1 1 1 1 0 1 0 1 1 2 2 2 1 0 2 1 1 1 1 0 1 0 0 0 0 0 0 -2 0 0 -1 -1 -1 -1 0 -1 0 -1 -1 -2 -2 -2 -1 0 -2 -1 -1 -1 -1 0 -1 0 0 0 0
-0.628691038772571 -0.0944338644715419 1.5473056964171 -0.20307869313527 1.26155487324051 1 0 0 1 0 1 2 1 1 1 1 1 1 0 0 2 2 1 0 0 1 1 0 2 1 1 2 0 2 1 0 0 0 1 0 1 2 1 1 1 1 1 1 0 0 2 2 1 0 0 1 1 0 2 1 1 2 0 2 1 0
-1.16159668517758 0.168807414331333 2.38367171119824 0.351512901701109 -0.777273725922595 -1 0 0 2 1 0 2 0 2 1 1 1 0 1 0 2 0 0 1 0 2 1 1 2 0 0 2 0 2 0 0 0 0 -2 -1 0 -2 0 -2 -1 -1 -1 0 -1 0 -2 0 0 -1 0 -2 -1 -1 -2 0 0 -2 0 -2 0 0
-0.717686365217151 1.18216271622027 -0.240649377606976 -0.101747019727288 -1.90575513089698 1 1 0 2 1 0 2 0 2 2 2 0 0 1 0 2 2 2 2 0 0 1 1 2 1 0 1 0 2 1 0 1 0 2 1 0 2 0 2 2 2 0 0 1 0 2 2 2 2 0 0 1 1 2 1 0 1 0 2 1 0
0.842718066477715 -0.834544150672728 -0.278549834638158 0.278566790482649 -0.455117860175888 -1 1 1 2 1 0 2 0 1 1 0 0 0 1 0 2 2 1 0 0 1 1 1 2 0 0 2 0 2 0 0 -1 -1 -2 -1 0 -2 0 -1 -1 0 0 0 -1 0 -2 -2 -1 0 0 -1 -1 -1 -2 0 0 -2 0 -2 0 0
-0.289457574324045 -0.327417769529432 -1.39351681905365 -0.136590130448628 0.673858711284894 1 1 0 2 0 0 1 1 2 2 1 2 0 2 0 2 2 2 2 0 2 1 1 2 0 0 1 0 2 0 0 1 0 2 0 0 1 1 2 2 1 2 0 2 0 2 2 2 2 0 2 1 1 2 0 0 1 0 2 0 0
-0.475416105390374 -0.66350969319802 0.401694709607103 0.244722345294718 -1.3149060595147 -1 0 0 2 0 0 1 0 1 1 1 1 0 1 0 2 2 0 1 0 2 1 1 1 1 1 2 0 1 1 0 0 0 -2 0 0 -1 0 -1 -1 -1 -1 0 -1 0 -2 -2 0 -1 0 -2 -1 -1 -1 -1 -1 -2 0 -1 -1 0
-0.85668609856376 -0.318572156741689 0.316678816703153 -0.113755180886047 -0.519876451427084 1 1 1 2 0 0 2 0 1 1 0 0 0 1 0 2 1 2 2 1 2 0 0 2 0 1 1 0 1 0 0 1 1 2 0 0 2 0 1 1 0 0 0 1 0 2 1 2 2 1 2 0 0 2 0 1 1 0 1 0 0
0.404333301131408 -0.222624116167671 0.124014609837487 -0.23319829560265 1.15578745782339 1 1 1 2 1 1 2 1 2 0 0 1 0 1 0 1 1 0 1 0 2 1 2 2 0 1 2 0 2 0 0 1 1 2 1 1 2 1 2 0 0 1 0 1 0 1 1 0 1 0 2 1 2 2 0 1 2 0 2 0 0
1.57056292404113 -0.414432072525547 0.330096387705984 0.217821898023939 0.663255289040756 -1 0 0 2 0 0 2 0 0 1 0 0 0 0 0 2 1 0 0 0 2 1 1 2 2 1 1 0 0 0 0 0 0 -2 0 0 -2 0 0 -1 0 0 0 0 0 -2 -1 0 0 0 -2 -1 -1 -2 -2 -1 -1 0 0 0 0
-0.0283527962593523 -0.663991694091907 0.707326867707726 -0.3602801133718 -0.161367911910236 -1 1 1 2 2 1 2 1 1 1 0 1 0 0 1 2 2 1 2 0 1 0 0 1 1 2 1 0 1 0 0 -1 -1 -2 -2 -1 -2 -1 -1 -1 0 -1 0 0 -1 -2 -2 -1 -2 0 -1 0 0 -1 -1 -2 -1 0 -1 0 0
-0.115424080842049 -0.616689372395076 1.71223936803453 0.288514192809349 -1.84180315464819 -1 0 0 1 0 0 1 0 2 1 0 1 1 1 0 2 1 1 1 0 1 0 1 2 0 0 0 0 0 0 0 0 0 -1 0 0 -1 0 -2 -1 0 -1 -1 -1 0 -2 -1 -1 -1 0 -1 0 -1 -2 0 0 0 0 0 0 0
-1.14026049164647 0.48971156788694 1.48178303261627 -0.8151233405522 0.584615464117427 -1 0 0 2 0 0 2 0 1 1 0 1 0 0 1 2 1 0 1 0 2 2 2 2 0 2 2 0 1 2 0 0 0 -2 0 0 -2 0 -1 -1 0 -1 0 0 -1 -2 -1 0 -1 0 -2 -2 -2 -2 0 -2 -2 0 -1 -2 0
1.46068559613282 -1.83055552089058 0.156568522902603 -1.32096858734521 -0.432036664705641 -1 1 1 2 1 0 2 0 2 2 0 1 1 2 0 2 1 1 2 1 2 2 2 2 0 0 0 0 1 0 0 -1 -1 -2 -1 0 -2 0 -2 -2 0 -1 -1 -2 0 -2 -1 -1 -2 -1 -2 -2 -2 -2 0 0 0 0 -1 0 0
0.892573081921607 -1.21554426908121 -0.970962067199856 0.130666606623559 -0.0695655447699002 -1 0 0 2 0 0 2 1 1 2 1 0 0 0 2 2 2 1 0 0 2 1 2 2 1 0 1 0 1 1 0 0 0 -2 0 0 -2 -1 -1 -2 -1 0 0 0 -2 -2 -2 -1 0 0 -2 -1 -2 -2 -1 0 -1 0 -1 -1 0
0.309706363336623 1.5354916147971 -1.44919385265362 0.258350715166574 0.0910167287674453 -1 1 0 2 0 0 2 1 2 1 0 2 0 1 0 2 2 1 0 0 1 0 1 1 0 0 1 0 2 1 0 -1 0 -2 0 0 -2 -1 -2 -1 0 -2 0 -1 0 -2 -2 -1 0 0 -1 0 -1 -1 0 0 -1 0 -2 -1 0
1.06618487734537 0.737590826065612 1.05223419025601 1.0443706917965 0.463755751499343 1 1 0 2 0 0 2 1 2 2 1 1 1 2 0 1 1 2 2 0 1 2 2 2 1 0 2 0 2 1 0 1 0 2 0 0 2 1 2 2 1 1 1 2 0 1 1 2 2 0 1 2 2 2 1 0 2 0 2 1 0
-0.314381536867664 -1.88360281091554 -0.423469589552395 -1.82553605769748 0.117384280307033 -1 0 0 2 0 0 2 1 1 2 0 1 0 2 0 2 0 1 2 0 1 0 0 2 1 1 1 0 2 1 0 0 0 -2 0 0 -2 -1 -1 -2 0 -1 0 -2 0 -2 0 -1 -2 0 -1 0 0 -2 -1 -1 -1 0 -2 -1 0
0.172340597049496 0.624909825756076 0.76149144931014 0.105329461167037 1.32280475567407 1 0 0 1 0 1 2 0 1 1 0 1 0 0 0 2 1 0 1 0 1 2 1 2 1 0 1 0 1 1 0 0 0 1 0 1 2 0 1 1 0 1 0 0 0 2 1 0 1 0 1 2 1 2 1 0 1 0 1 1 0
0.0336816017071624 -0.528565700029828 -0.839475079791414 1.23891452100774 0.493559729815092 1 0 0 2 1 1 2 0 1 2 0 0 0 0 0 1 1 0 1 0 0 2 2 2 1 0 0 0 1 0 0 0 0 2 1 1 2 0 1 2 0 0 0 0 0 1 1 0 1 0 0 2 2 2 1 0 0 0 1 0 0
-0.799847100880337 1.18614732452325 0.306492779856135 1.47527481818582 0.339423904809648 -1 0 1 2 0 0 2 0 2 1 0 2 0 1 0 2 1 0 1 0 1 1 2 2 0 0 1 0 1 1 0 0 -1 -2 0 0 -2 0 -2 -1 0 -2 0 -1 0 -2 -1 0 -1 0 -1 -1 -2 -2 0 0 -1 0 -1 -1 0
0.209892632411961 0.580434746982505 1.97390427524386 0.246708456675271 0.319803446236756 1 0 0 2 0 0 2 0 0 2 0 1 0 1 0 2 2 1 1 0 2 1 1 2 0 1 1 0 0 0 0 0 0 2 0 0 2 0 0 2 0 1 0 1 0 2 2 1 1 0 2 1 1 2 0 1 1 0 0 0 0
-0.535931850833853 -0.235495959450324 -0.548129082987012 -0.892316381551394 0.579979246846663 1 0 0 2 0 0 2 1 2 1 0 0 0 2 0 2 2 1 2 0 2 1 1 2 0 0 2 0 2 1 0 0 0 2 0 0 2 1 2 1 0 0 0 2 0 2 2 1 2 0 2 1 1 2 0 0 2 0 2 1 0
-2.03769895297975 1.30389954401758 0.744966980105948 1.42793696095713 -0.235696255958578 1 0 0 2 2 1 2 1 2 1 0 2 1 0 0 2 1 1 2 0 1 0 1 1 0 1 2 0 1 1 0 0 0 2 2 1 2 1 2 1 0 2 1 0 0 2 1 1 2 0 1 0 1 1 0 1 2 0 1 1 0
1.18709740549134 1.36244107204546 0.0641358447412883 1.26530109300538 1.15335206984745 1 0 0 2 0 0 2 0 2 2 1 2 1 0 0 2 2 2 1 0 2 1 1 2 0 0 0 0 2 1 0 0 0 2 0 0 2 0 2 2 1 2 1 0 0 2 2 2 1 0 2 1 1 2 0 0 0 0 2 1 0
0.96557738292377 0.479491693155368 0.450234575527825 -0.371500171067308 2.36767938934546 1 2 1 2 2 1 2 0 2 1 0 1 1 1 0 2 2 2 2 0 2 2 2 2 0 1 1 0 1 1 0 2 1 2 2 1 2 0 2 1 0 1 1 1 0 2 2 2 2 0 2 2 2 2 0 1 1 0 1 1 0
-1.72740576871245 0.336543570105112 -0.47084649008274 -0.346620706074158 -0.949862455330052 1 0 0 2 0 0 2 1 1 2 1 1 0 0 0 1 0 0 1 0 2 1 1 2 0 1 2 0 1 0 0 0 0 2 0 0 2 1 1 2 1 1 0 0 0 1 0 0 1 0 2 1 1 2 0 1 2 0 1 0 0
-0.418267304779968 0.258291678797837 0.499405600745471 0.0573358739956135 0.452094271189437 1 0 1 2 1 0 2 2 2 1 0 0 0 1 0 2 0 0 1 0 0 1 1 2 1 0 0 0 2 1 0 0 1 2 1 0 2 2 2 1 0 0 0 1 0 2 0 0 1 0 0 1 1 2 1 0 0 0 2 1 0
-0.423956410557225 1.90387359306412 2.36980613850872 1.05848501784348 1.83528895106909 1 1 0 2 0 1 2 0 1 1 0 1 0 0 0 2 1 1 2 0 2 1 1 2 1 1 1 0 2 1 0 1 0 2 0 1 2 0 1 1 0 1 0 0 0 2 1 1 2 0 2 1 1 2 1 1 1 0 2 1 0
-0.719670833336279 -0.747407032384816 1.13031238487844 0.507849745161302 -0.660444154911439 -1 0 0 2 0 0 1 1 1 1 0 1 1 2 0 2 1 0 1 0 2 1 2 2 0 1 2 0 2 1 0 0 0 -2 0 0 -1 -1 -1 -1 0 -1 -1 -2 0 -2 -1 0 -1 0 -2 -1 -2 -2 0 -1 -2 0 -2 -1 0
-1.01337193526249 -1.11088839040436 -0.785573599918156 -0.663423226379238 -0.0214417330125271 1 0 0 2 2 0 1 1 1 1 0 1 2 1 1 2 1 1 1 0 1 0 2 2 0 1 2 0 2 0 0 0 0 2 2 0 1 1 1 1 0 1 2 1 1 2 1 1 1 0 1 0 2 2 0 1 2 0 2 0 0
-0.229621240490728 -0.741329635942594 -0.739090537975528 -0.621515616286955 -1.57519359443014 1 0 0 2 0 0 2 2 2 1 0 0 1 2 0 2 2 1 2 0 2 2 2 2 1 1 2 0 2 1 0 0 0 2 0 0 2 2 2 1 0 0 1 2 0 2 2 1 2 0 2 2 2 2 1 1 2 0 2 1 0
-0.0424283883392068 1.56108005498745 2.04280195515035 -0.0805204628247412 -0.187536096890231 1 0 0 2 0 0 2 2 2 2 0 1 1 0 0 2 2 2 1 0 2 2 2 2 2 1 2 0 1 0 0 0 0 2 0 0 2 2 2 2 0 1 1 0 0 2 2 2 1 0 2 2 2 2 2 1 2 0 1 0 0
-0.564463539775467 0.313894179021946 0.447516713829482 -1.39549519835882 -1.39463311385631 1 0 0 2 1 1 2 0 0 2 0 0 0 1 0 2 1 1 2 0 1 1 1 2 2 1 2 0 1 1 0 0 0 2 1 1 2 0 0 2 0 0 0 1 0 2 1 1 2 0 1 1 1 2 2 1 2 0 1 1 0
-0.542536468170669 -1.9349843977223 -0.350215443074257 2.66234585976246 -1.34499942308385 1 0 0 2 0 1 2 1 1 2 0 1 0 0 0 2 2 2 2 0 1 2 1 2 1 1 1 0 1 0 0 0 0 2 0 1 2 1 1 2 0 1 0 0 0 2 2 2 2 0 1 2 1 2 1 1 1 0 1 0 0
0.90422262560438 0.298015718083511 0.698541949001948 -1.36119158824839 0.611080211286865 -1 1 2 2 1 0 1 0 0 1 0 1 1 2 0 2 1 1 1 0 0 0 1 2 2 1 1 0 2 2 0 -1 -2 -2 -1 0 -1 0 0 -1 0 -1 -1 -2 0 -2 -1 -1 -1 0 0 0 -1 -2 -2 -1 -1 0 -2 -2 0
-0.593243460445808 0.0865157088774523 -0.0354283077733333 -0.783271838532476 0.824344701586729 -1 1 2 2 1 0 2 1 2 2 1 2 1 2 0 2 1 1 1 0 1 0 1 2 0 0 1 0 1 0 0 -1 -2 -2 -1 0 -2 -1 -2 -2 -1 -2 -1 -2 0 -2 -1 -1 -1 0 -1 0 -1 -2 0 0 -1 0 -1 0 0
-0.747066906156681 -1.88529282047285 -0.0231175780300404 -0.442712406940798 -1.89430278881095 -1 1 0 2 1 1 2 0 2 2 0 1 1 2 0 2 1 0 2 0 0 0 1 2 2 1 1 0 1 0 0 -1 0 -2 -1 -1 -2 0 -2 -2 0 -1 -1 -2 0 -2 -1 0 -2 0 0 0 -1 -2 -2 -1 -1 0 -1 0 0
-1.42900426746629 -1.5197099922482 -1.82295332012331 0.13487005683372 -1.18332892370347 1 0 0 2 1 0 2 1 2 1 0 0 0 1 0 2 1 1 0 0 2 2 2 2 1 0 1 0 2 0 0 0 0 2 1 0 2 1 2 1 0 0 0 1 0 2 1 1 0 0 2 2 2 2 1 0 1 0 2 0 0
-0.57074694891043 -1.01595217152618 -0.464839367482999 -1.12106009067014 -0.145244688411757 -1 0 0 2 0 0 2 1 2 2 1 1 0 1 0 1 0 1 1 0 1 1 0 2 1 1 1 0 1 0 0 0 0 -2 0 0 -2 -1 -2 -2 -1 -1 0 -1 0 -1 0 -1 -1 0 -1 -1 0 -2 -1 -1 -1 0 -1 0 0
