-1.240391085046 -1.3193862268156 0.698912738541943 0.214094329145215 0.713764899732369 1 0 1 2 1 0 0 1 2 1 0 1 1 0 0 0 1 0 0 1 0 0 2 0 1 2 0 1 1 0 1 0 1 2 1 0 0 1 2 1 0 1 1 0 0 0 1 0 0 1 0 0 2 0 1 2 0 1 1 0 1
0.418495780423138 0.132296516108083 0.685126483391715 1.39512688539909 1.56856370016547 -1 0 1 2 1 1 0 1 2 1 0 0 2 0 1 1 2 0 1 2 0 2 2 1 0 1 0 0 2 1 2 0 -1 -2 -1 -1 0 -1 -2 -1 0 0 -2 0 -1 -1 -2 0 -1 -2 0 -2 -2 -1 0 -1 0 0 -2 -1 -2
0.494926252241404 -0.920122039513673 -0.121247603153893 1.1870908447957 -2.38594978508647 -1 2 2 2 1 0 0 2 2 2 0 0 1 0 0 1 1 0 0 2 0 2 1 1 1 2 1 1 2 2 2 -2 -2 -2 -1 0 0 -2 -2 -2 0 0 -1 0 0 -1 -1 0 0 -2 0 -2 -1 -1 -1 -2 -1 -1 -2 -2 -2
-0.281837737337783 -0.366760178682488 -0.0476852041176229 -0.253131621612245 -0.75061510805312 1 1 2 2 1 0 1 0 2 2 0 1 2 1 0 2 2 1 0 2 0 2 2 2 2 2 0 0 1 0 1 1 2 2 1 0 1 0 2 2 0 1 2 1 0 2 2 1 0 2 0 2 2 2 2 2 0 0 1 0 1
1.0245115990818 1.65094505581189 -1.23774793860954 0.269767384957425 0.417083279495495 -1 0 2 2 2 1 0 1 2 1 0 2 2 2 2 0 2 0 0 2 0 1 2 2 2 2 1 2 2 1 2 0 -2 -2 -2 -1 0 -1 -2 -1 0 -2 -2 -2 -2 0 -2 0 0 -2 0 -1 -2 -2 -2 -2 -1 -2 -2 -1 -2
1.61918167607702 -0.0964460809629665 -1.80351128807363 -0.918759647031964 2.36653342038761 -1 1 1 2 1 0 0 2 2 1 0 1 1 0 0 1 1 0 1 2 0 2 2 1 1 1 1 1 2 1 2 -1 -1 -2 -1 0 0 -2 -2 -1 0 -1 -1 0 0 -1 -1 0 -1 -2 0 -2 -2 -1 -1 -1 -1 -1 -2 -1 -2
-2.48348356009471 0.552399343798798 -1.09492021247391 -0.0626348584569473 -2.30273661607636 -1 2 2 2 1 2 0 2 2 0 0 1 1 0 1 0 2 1 2 2 0 2 2 1 1 2 0 1 2 0 2 -2 -2 -2 -1 -2 0 -2 -2 0 0 -1 -1 0 -1 0 -2 -1 -2 -2 0 -2 -2 -1 -1 -2 0 -1 -2 0 -2
-1.42526801083599 0.83247182778122 1.33733022205065 -0.83838243270728 -0.301129350528821 1 1 2 2 2 2 2 2 2 2 0 0 0 0 1 0 2 0 1 2 0 2 2 2 1 2 0 0 1 0 2 1 2 2 2 2 2 2 2 2 0 0 0 0 1 0 2 0 1 2 0 2 2 2 1 2 0 0 1 0 2
-1.64595702029803 0.0530770960001495 1.57955885985869 -0.669567040405489 0.44437526742842 -1 2 2 2 1 1 0 1 2 1 2 2 2 2 2 0 1 0 0 2 0 2 2 2 2 2 0 1 2 0 1 -2 -2 -2 -1 -1 0 -1 -2 -1 -2 -2 -2 -2 -2 0 -1 0 0 -2 0 -2 -2 -2 -2 -2 0 -1 -2 0 -1
0.242228804804463 -2.94919564535966 -0.35318509641421 -1.69132209596999 -0.530542151833743 1 2 2 2 2 1 1 2 2 1 0 0 1 0 0 0 2 1 0 2 0 2 2 0 0 2 0 1 1 0 1 2 2 2 2 1 1 2 2 1 0 0 1 0 0 0 2 1 0 2 0 2 2 0 0 2 0 1 1 0 1
0.175406722264874 -0.656201186602181 -0.902441507651385 2.30520340882733 0.138535925828831 -1 1 2 2 1 0 0 1 2 0 0 2 1 1 1 0 1 0 0 2 0 2 2 1 2 2 1 1 1 1 2 -1 -2 -2 -1 0 0 -1 -2 0 0 -2 -1 -1 -1 0 -1 0 0 -2 0 -2 -2 -1 -2 -2 -1 -1 -1 -1 -2
-2.39878174895231 -1.22191822601341 1.35712215986943 0.153694855972265 -0.576769197215623 -1 1 2 2 1 1 1 1 2 2 0 1 2 0 1 1 1 0 1 2 1 2 2 2 2 2 0 2 2 1 2 -1 -2 -2 -1 -1 -1 -1 -2 -2 0 -1 -2 0 -1 -1 -1 0 -1 -2 -1 -2 -2 -2 -2 -2 0 -2 -2 -1 -2
1.3455119210876 0.607383888486141 2.18082964209673 -0.802912738358466 -1.78903284303901 -1 0 1 2 2 1 0 1 2 1 0 0 0 0 2 0 2 1 2 2 0 2 2 1 2 2 0 2 2 1 1 0 -1 -2 -2 -1 0 -1 -2 -1 0 0 0 0 -2 0 -2 -1 -2 -2 0 -2 -2 -1 -2 -2 0 -2 -2 -1 -1
0.578272714125047 1.78165754291408 1.20894856377784 0.479193141061873 -1.25800089871007 1 0 2 2 2 1 0 1 2 2 0 0 1 0 1 1 1 0 0 2 0 1 2 2 2 2 0 1 1 1 2 0 2 2 2 1 0 1 2 2 0 0 1 0 1 1 1 0 0 2 0 1 2 2 2 2 0 1 1 1 2
0.722628281752204 -0.634630332948184 0.954136804410688 -1.12859478960082 -1.14589614273842 -1 0 1 2 2 2 1 1 2 2 0 0 1 1 0 2 2 0 1 2 0 2 2 2 2 1 0 1 2 1 2 0 -1 -2 -2 -2 -1 -1 -2 -2 0 0 -1 -1 0 -2 -2 0 -1 -2 0 -2 -2 -2 -2 -1 0 -1 -2 -1 -2
0.181220670600046 0.382726969830445 1.38694284643224 -1.2473811603882 -0.0435908574798129 1 1 1 2 2 1 0 2 2 2 1 2 2 1 2 1 2 0 0 2 0 2 2 1 2 2 0 1 2 1 1 1 1 2 2 1 0 2 2 2 1 2 2 1 2 1 2 0 0 2 0 2 2 1 2 2 0 1 2 1 1
0.0432709406407934 0.272500016101909 0.122018991892999 -0.79835243336255 1.18502762628927 -1 0 2 2 1 1 0 1 2 2 1 2 2 0 0 2 2 1 1 1 0 2 2 1 2 1 0 1 2 0 0 0 -2 -2 -1 -1 0 -1 -2 -2 -1 -2 -2 0 0 -2 -2 -1 -1 -1 0 -2 -2 -1 -2 -1 0 -1 -2 0 0
-0.351117834200284 0.588075831558007 -0.0289154761333475 0.398067234150817 -1.21799229831994 1 2 2 2 1 0 0 0 1 1 1 2 2 0 0 1 2 0 1 2 0 2 2 1 0 1 0 1 2 2 2 2 2 2 1 0 0 0 1 1 1 2 2 0 0 1 2 0 1 2 0 2 2 1 0 1 0 1 2 2 2
-0.132483201142002 0.243979820065672 -1.66640175964956 0.0144194747030982 -0.179829074634436 1 1 2 2 1 0 1 2 2 2 0 1 2 1 1 0 2 0 0 2 0 2 0 1 0 1 0 0 1 1 2 1 2 2 1 0 1 2 2 2 0 1 2 1 1 0 2 0 0 2 0 2 0 1 0 1 0 0 1 1 2
1.24210950424301 1.40024632655655 -1.44303774439116 -0.569691839409968 0.96369328594431 -1 1 1 2 1 1 0 0 1 1 0 0 0 0 1 0 1 0 1 1 0 2 2 1 0 2 0 0 1 0 2 -1 -1 -2 -1 -1 0 0 -1 -1 0 0 0 0 -1 0 -1 0 -1 -1 0 -2 -2 -1 0 -2 0 0 -1 0 -2
0.434530530889845 0.438166383565106 -1.23302496292538 -1.04836039735432 0.0781768705690522 1 1 2 2 0 1 0 1 1 1 0 1 1 1 0 0 2 0 1 2 0 2 2 0 0 2 0 0 1 0 1 1 2 2 0 1 0 1 1 1 0 1 1 1 0 0 2 0 1 2 0 2 2 0 0 2 0 0 1 0 1
1.14988417861291 -1.93898740132232 1.19154294062031 0.833491298474276 -0.100779743714667 -1 0 0 2 0 1 0 1 2 2 0 0 1 0 1 0 1 0 1 2 0 2 2 2 1 1 0 1 0 0 1 0 0 -2 0 -1 0 -1 -2 -2 0 0 -1 0 -1 0 -1 0 -1 -2 0 -2 -2 -2 -1 -1 0 -1 0 0 -1
-2.71647970800287 1.50968908541268 -1.85728580827349 0.0346843468475217 0.407223888381019 1 2 2 2 2 2 1 2 2 1 0 2 2 1 1 1 2 0 1 2 0 2 1 1 1 1 0 0 0 1 2 2 2 2 2 2 1 2 2 1 0 2 2 1 1 1 2 0 1 2 0 2 1 1 1 1 0 0 0 1 2
-0.703753118662489 0.489287856543121 0.460839563653337 1.62297972193167 0.723113855379113 1 0 1 2 1 1 0 2 2 0 0 1 1 1 1 0 1 0 0 1 0 2 2 1 1 2 0 1 2 1 2 0 1 2 1 1 0 2 2 0 0 1 1 1 1 0 1 0 0 1 0 2 2 1 1 2 0 1 2 1 2
-0.214821598795942 -0.702263102059992 0.153196353504054 1.15160405925931 0.405714828210198 -1 0 2 2 1 1 0 2 2 1 2 2 2 1 2 1 2 2 1 2 0 2 1 0 0 2 0 1 2 2 2 0 -2 -2 -1 -1 0 -2 -2 -1 -2 -2 -2 -1 -2 -1 -2 -2 -1 -2 0 -2 -1 0 0 -2 0 -1 -2 -2 -2
0.293176925367157 -0.224309659640117 0.473488927718061 0.506848065288921 -0.326054136485517 1 0 1 1 1 0 0 1 2 1 0 1 1 0 0 0 1 0 0 2 0 2 2 1 0 1 0 1 2 1 2 0 1 1 1 0 0 1 2 1 0 1 1 0 0 0 1 0 0 2 0 2 2 1 0 1 0 1 2 1 2
-0.666351047670384 -0.522328969737188 0.718220763875281 0.0857385110272002 -0.78456684288682 1 0 2 2 1 1 0 2 2 1 0 0 1 0 1 2 2 1 0 2 0 2 2 1 0 0 0 0 1 0 2 0 2 2 1 1 0 2 2 1 0 0 1 0 1 2 2 1 0 2 0 2 2 1 0 0 0 0 1 0 2
-0.156618564705662 -0.0576566799028826 0.829419562216201 0.651444881994808 0.458941474085636 -1 0 2 2 1 0 0 0 2 0 0 0 1 0 0 1 2 1 1 2 1 2 2 1 1 2 1 1 2 0 2 0 -2 -2 -1 0 0 0 -2 0 0 0 -1 0 0 -1 -2 -1 -1 -2 -1 -2 -2 -1 -1 -2 -1 -1 -2 0 -2
1.18146080580851 -1.90457971807123 1.03861144218027 -0.832410569135225 0.0698242337223405 -1 1 2 2 1 2 1 1 2 1 1 1 2 1 1 1 1 1 1 2 0 2 2 1 1 2 0 1 2 1 2 -1 -2 -2 -1 -2 -1 -1 -2 -1 -1 -1 -2 -1 -1 -1 -1 -1 -1 -2 0 -2 -2 -1 -1 -2 0 -1 -2 -1 -2
-1.2547653553218 1.21065811203417 -0.347053662756099 1.23840642779004 -0.395681953810308 1 1 2 2 1 2 0 2 2 1 0 1 2 1 2 1 2 1 1 2 0 2 2 2 2 1 1 1 2 0 2 1 2 2 1 2 0 2 2 1 0 1 2 1 2 1 2 1 1 2 0 2 2 2 2 1 1 1 2 0 2
-0.536355233388147 -0.848275579392744 0.504608324302774 0.878579875815547 1.42747505763712 -1 1 2 2 1 0 0 1 2 1 1 1 2 1 1 1 2 1 0 2 0 1 2 1 1 2 0 0 0 0 1 -1 -2 -2 -1 0 0 -1 -2 -1 -1 -1 -2 -1 -1 -1 -2 -1 0 -2 0 -1 -2 -1 -1 -2 0 0 0 0 -1
0.571366417567012 -0.619219076365321 1.3267793852646 -2.03954081893058 0.250954862820625 -1 1 2 2 2 1 0 0 1 0 0 1 2 1 2 2 2 2 0 2 0 1 1 1 0 1 0 0 1 1 2 -1 -2 -2 -2 -1 0 0 -1 0 0 -1 -2 -1 -2 -2 -2 -2 0 -2 0 -1 -1 -1 0 -1 0 0 -1 -1 -2
0.17141949706682 -0.479844666633627 -2.07579032381615 -0.433204476372399 2.50589982506595 1 0 2 2 1 0 1 0 1 1 1 0 0 0 1 0 2 1 1 2 1 2 1 0 1 1 0 0 1 2 2 0 2 2 1 0 1 0 1 1 1 0 0 0 1 0 2 1 1 2 1 2 1 0 1 1 0 0 1 2 2
-0.418887456942908 -1.11194669019589 -0.452767297545422 0.334456981275309 -0.65971582542854 1 1 2 2 2 1 0 2 2 1 0 2 2 0 1 2 2 1 1 2 1 1 1 1 0 0 0 0 1 1 2 1 2 2 2 1 0 2 2 1 0 2 2 0 1 2 2 1 1 2 1 1 1 1 0 0 0 0 1 1 2
-0.584820977939864 -0.588559294361762 0.41247093346956 -1.10484080224812 -0.318841407175451 -1 0 0 2 2 1 0 0 2 1 0 0 1 1 1 1 2 0 0 2 0 2 2 1 0 2 0 0 1 1 2 0 0 -2 -2 -1 0 0 -2 -1 0 0 -1 -1 -1 -1 -2 0 0 -2 0 -2 -2 -1 0 -2 0 0 -1 -1 -2
-0.271859514018721 0.445809882466801 -0.284157788685366 0.406482927276347 -0.817240675458829 -1 0 1 2 1 1 0 2 2 1 2 2 2 0 0 0 2 1 1 2 0 2 2 1 0 1 0 1 2 0 2 0 -1 -2 -1 -1 0 -2 -2 -1 -2 -2 -2 0 0 0 -2 -1 -1 -2 0 -2 -2 -1 0 -1 0 -1 -2 0 -2
-0.569313514006877 0.180443264948017 1.62789788500911 1.4716345092026 1.47442686304603 1 1 2 2 1 0 0 0 1 1 1 2 2 1 1 2 2 0 0 2 0 2 1 0 1 0 0 1 1 2 2 1 2 2 1 0 0 0 1 1 1 2 2 1 1 2 2 0 0 2 0 2 1 0 1 0 0 1 1 2 2
0.62014645386634 1.03547414748361 0.760314594839092 0.0211354294515804 -2.28858789858092 -1 1 2 2 2 1 0 1 2 1 0 2 2 0 1 1 1 0 0 0 0 1 1 0 0 1 1 0 2 1 1 -1 -2 -2 -2 -1 0 -1 -2 -1 0 -2 -2 0 -1 -1 -1 0 0 0 0 -1 -1 0 0 -1 -1 0 -2 -1 -1
2.38557207665382 0.755388608765439 0.441705056677915 -0.178057974391313 -0.537659531064484 1 1 0 2 1 2 0 0 2 2 0 0 1 1 1 2 2 2 2 2 0 2 1 0 0 1 1 0 2 0 1 1 0 2 1 2 0 0 2 2 0 0 1 1 1 2 2 2 2 2 0 2 1 0 0 1 1 0 2 0 1
1.23683467753779 -0.637224960020268 -1.16364921422089 -0.0839833812388433 0.617496608429716 -1 0 1 2 2 1 0 1 2 1 0 1 2 1 2 2 2 0 0 2 0 2 2 1 1 2 0 0 0 0 1 0 -1 -2 -2 -1 0 -1 -2 -1 0 -1 -2 -1 -2 -2 -2 0 0 -2 0 -2 -2 -1 -1 -2 0 0 0 0 -1
0.41745074197511 -0.984353003060549 -1.9143800394958 0.275901748262597 -0.554434418355489 -1 1 2 2 2 1 0 0 2 1 0 0 2 2 2 0 2 0 1 2 0 1 2 2 2 2 1 1 2 1 2 -1 -2 -2 -2 -1 0 0 -2 -1 0 0 -2 -2 -2 0 -2 0 -1 -2 0 -1 -2 -2 -2 -2 -1 -1 -2 -1 -2
0.820104470333796 -2.0947754348788 -0.0431845781223422 0.802427270451349 -0.28544173884171 1 0 1 2 1 1 0 1 2 2 0 1 2 2 1 1 2 2 2 2 0 2 1 1 1 1 0 0 2 1 2 0 1 2 1 1 0 1 2 2 0 1 2 2 1 1 2 2 2 2 0 2 1 1 1 1 0 0 2 1 2
1.46373191523604 0.232989384011684 -0.410409170565142 0.110774368344651 -0.688099162053322 1 2 2 1 1 0 0 0 1 1 0 0 0 0 0 0 2 0 0 1 0 2 2 2 1 1 0 1 2 1 2 2 2 1 1 0 0 0 1 1 0 0 0 0 0 0 2 0 0 1 0 2 2 2 1 1 0 1 2 1 2
-1.76208579681732 0.508782863391332 0.969637449064806 -0.623055371226092 -1.23863481078102 -1 1 2 2 2 1 0 1 2 2 0 1 1 0 1 0 2 0 1 2 0 1 2 1 1 1 0 1 1 1 2 -1 -2 -2 -2 -1 0 -1 -2 -2 0 -1 -1 0 -1 0 -2 0 -1 -2 0 -1 -2 -1 -1 -1 0 -1 -1 -1 -2
2.7528493955266 0.0589966816836282 -0.227592651411075 0.691411001730744 0.569211054699261 1 1 1 2 2 1 0 1 2 0 0 0 2 1 1 1 1 0 1 2 0 2 2 1 2 2 1 2 2 1 2 1 1 2 2 1 0 1 2 0 0 0 2 1 1 1 1 0 1 2 0 2 2 1 2 2 1 2 2 1 2
0.884253808359705 -0.941168766220257 0.122083576258872 -1.4517289820824 -0.293929930368155 1 1 2 2 1 1 0 1 2 2 0 0 2 1 1 2 2 0 1 2 0 2 2 2 1 2 1 2 2 1 2 1 2 2 1 1 0 1 2 2 0 0 2 1 1 2 2 0 1 2 0 2 2 2 1 2 1 2 2 1 2
0.130106541298583 -0.845998671797925 0.695033355244388 0.960469720803706 0.228453067029564 1 2 2 2 1 1 0 1 2 0 0 1 2 0 0 1 2 0 0 2 0 1 1 0 2 2 0 1 2 1 2 2 2 2 1 1 0 1 2 0 0 1 2 0 0 1 2 0 0 2 0 1 1 0 2 2 0 1 2 1 2
-0.364053136600329 -1.33307840298163 -2.05994932150033 -2.49087037134646 0.725995712513844 -1 2 2 2 2 1 1 1 2 1 0 0 1 0 1 1 2 0 1 2 0 1 1 2 1 1 0 0 1 0 2 -2 -2 -2 -2 -1 -1 -1 -2 -1 0 0 -1 0 -1 -1 -2 0 -1 -2 0 -1 -1 -2 -1 -1 0 0 -1 0 -2
0.472139677806293 -1.80527068755512 -0.0999279947193122 -0.667315924523007 0.454703292830807 -1 2 1 2 2 1 0 0 1 2 0 0 2 0 0 1 2 2 1 2 0 2 1 0 0 0 0 1 2 1 1 -2 -1 -2 -2 -1 0 0 -1 -2 0 0 -2 0 0 -1 -2 -2 -1 -2 0 -2 -1 0 0 0 0 -1 -2 -1 -1
-1.40372853615005 -1.47705173004568 -0.227926482536925 1.89796362354273 0.792593485486098 -1 2 2 2 2 1 0 1 2 2 1 1 2 0 0 1 2 1 1 2 0 2 1 1 0 0 0 1 2 1 2 -2 -2 -2 -2 -1 0 -1 -2 -2 -1 -1 -2 0 0 -1 -2 -1 -1 -2 0 -2 -1 -1 0 0 0 -1 -2 -1 -2
0.0191506387228735 -0.812787174741208 0.285360609089357 -0.374825183256606 0.150568256098796 -1 2 2 2 1 2 0 1 2 1 0 0 1 0 1 0 2 1 1 2 0 2 2 2 1 0 0 1 2 1 2 -2 -2 -2 -1 -2 0 -1 -2 -1 0 0 -1 0 -1 0 -2 -1 -1 -2 0 -2 -2 -2 -1 0 0 -1 -2 -1 -2
-0.432937016021112 -0.435531813672697 -0.264994616702553 0.231096883297411 0.717092429990745 1 0 2 2 2 1 1 1 2 1 1 0 2 0 2 0 2 0 0 2 0 2 2 0 0 2 0 1 2 1 2 0 2 2 2 1 1 1 2 1 1 0 2 0 2 0 2 0 0 2 0 2 2 0 0 2 0 1 2 1 2
-0.703003653248307 1.32643211639956 -0.770439146845969 1.17429684336695 0.091631685474658 1 0 1 2 2 2 1 2 2 2 1 1 2 1 2 1 2 1 1 2 0 1 2 0 1 2 1 1 1 1 2 0 1 2 2 2 1 2 2 2 1 1 2 1 2 1 2 1 1 2 0 1 2 0 1 2 1 1 1 1 2
-0.686487948650435 -1.15127748813759 -0.251503337445715 -0.19893932798639 -2.56112196805189 1 1 2 2 1 2 2 2 2 1 0 0 1 0 0 0 2 0 0 2 0 2 2 1 2 1 0 2 2 1 2 1 2 2 1 2 2 2 2 1 0 0 1 0 0 0 2 0 0 2 0 2 2 1 2 1 0 2 2 1 2
-0.0044367749339128 -0.248729575590604 0.592546008836637 -0.939808069880784 -2.08955378219426 -1 1 0 2 1 1 0 2 2 2 0 1 2 0 0 0 1 0 0 1 0 2 2 0 2 2 0 2 2 1 1 -1 0 -2 -1 -1 0 -2 -2 -2 0 -1 -2 0 0 0 -1 0 0 -1 0 -2 -2 0 -2 -2 0 -2 -2 -1 -1
-0.818227099318238 0.879552044054979 1.14205258295688 -1.81202683568686 1.45224786359461 -1 1 2 2 2 1 0 1 2 1 0 0 2 1 2 0 2 1 2 2 0 2 2 0 2 2 1 0 2 1 2 -1 -2 -2 -2 -1 0 -1 -2 -1 0 0 -2 -1 -2 0 -2 -1 -2 -2 0 -2 -2 0 -2 -2 -1 0 -2 -1 -2
0.148386818012226 0.0124866346595694 0.951319342632977 -0.445808081768879 0.120792482090675 -1 1 1 2 2 0 0 1 1 0 0 0 2 2 2 1 1 0 1 1 0 2 1 0 0 1 0 1 2 1 2 -1 -1 -2 -2 0 0 -1 -1 0 0 0 -2 -2 -2 -1 -1 0 -1 -1 0 -2 -1 0 0 -1 0 -1 -2 -1 -2
1.41770316419589 0.299468828853524 0.505436309349999 -0.742916397369885 0.442927709308628 1 1 2 2 1 1 0 1 2 1 1 1 1 1 1 1 2 1 1 2 0 2 1 0 0 0 1 0 0 0 1 1 2 2 1 1 0 1 2 1 1 1 1 1 1 1 2 1 1 2 0 2 1 0 0 0 1 0 0 0 1
0.821406342703864 0.0686113210323972 -0.172407646862638 -0.421715658856573 0.703062166686541 1 0 2 2 2 2 1 0 1 1 0 1 1 0 1 0 2 1 0 1 0 1 2 1 1 2 1 2 2 0 2 0 2 2 2 2 1 0 1 1 0 1 1 0 1 0 2 1 0 1 0 1 2 1 1 2 1 2 2 0 2
0.63255697405567 -0.82628440891763 1.51028122675309 -0.826044170579422 1.42132771668396 1 1 2 2 1 2 1 1 2 2 0 1 1 0 1 1 2 0 0 2 0 1 2 1 0 2 1 1 2 0 2 1 2 2 1 2 1 1 2 2 0 1 1 0 1 1 2 0 0 2 0 1 2 1 0 2 1 1 2 0 2
-1.01667485641373 -0.737210739731358 -0.0990961859862716 -2.22739082181785 -0.871915216611558 -1 1 2 2 2 2 2 2 2 2 0 0 1 0 0 1 1 0 1 2 0 2 1 0 0 1 0 1 2 1 2 -1 -2 -2 -2 -2 -2 -2 -2 -2 0 0 -1 0 0 -1 -1 0 -1 -2 0 -2 -1 0 0 -1 0 -1 -2 -1 -2
-0.917675652734993 1.30691459887946 2.26368280906717 0.154217811365373 2.57095723272523 1 0 2 2 1 0 0 0 1 0 0 2 2 0 2 1 2 2 1 2 0 2 1 1 0 2 0 0 2 1 1 0 2 2 1 0 0 0 1 0 0 2 2 0 2 1 2 2 1 2 0 2 1 1 0 2 0 0 2 1 1
0.392548301457697 -2.45404560352651 0.434972612840418 1.46552723237115 2.2013912826215 1 1 1 2 1 2 0 1 2 1 0 1 2 1 1 1 1 0 1 2 0 2 1 0 1 1 0 2 2 0 2 1 1 2 1 2 0 1 2 1 0 1 2 1 1 1 1 0 1 2 0 2 1 0 1 1 0 2 2 0 2
-0.0197076110953636 0.611701147522878 0.657496669911724 -0.442209603274938 0.112065831738248 -1 2 2 2 1 2 0 0 2 2 0 0 2 0 0 0 2 0 0 2 0 0 2 1 1 2 0 2 2 1 2 -2 -2 -2 -1 -2 0 0 -2 -2 0 0 -2 0 0 0 -2 0 0 -2 0 0 -2 -1 -1 -2 0 -2 -2 -1 -2
0.913585166246768 0.152055080067814 1.05643970918551 -0.892363300683785 0.796903558026936 1 0 2 2 2 1 0 0 1 0 2 1 2 0 1 0 2 1 1 2 0 2 1 0 1 2 0 2 2 1 2 0 2 2 2 1 0 0 1 0 2 1 2 0 1 0 2 1 1 2 0 2 1 0 1 2 0 2 2 1 2
2.79361496998336 -0.544675775556532 -0.928519316684713 0.859859321880732 -0.362058054177423 1 1 1 2 0 2 0 2 2 1 0 0 1 0 1 1 2 0 0 2 0 2 1 1 1 1 0 2 2 1 1 1 1 2 0 2 0 2 2 1 0 0 1 0 1 1 2 0 0 2 0 2 1 1 1 1 0 2 2 1 1
0.778546437208645 -1.01056610954931 -1.06978475614991 -0.410132998496289 -0.195411975762287 1 1 2 2 1 1 0 1 2 2 0 0 2 1 1 0 1 0 0 1 0 0 1 1 1 2 1 2 2 2 2 1 2 2 1 1 0 1 2 2 0 0 2 1 1 0 1 0 0 1 0 0 1 1 1 2 1 2 2 2 2
-1.87213430936719 -0.659748347781928 -1.88070205554557 -0.853487398142501 -0.58782411651719 -1 1 2 2 2 0 0 0 1 1 0 0 1 1 0 0 2 1 1 1 0 2 2 1 2 2 0 1 2 1 2 -1 -2 -2 -2 0 0 0 -1 -1 0 0 -1 -1 0 0 -2 -1 -1 -1 0 -2 -2 -1 -2 -2 0 -1 -2 -1 -2
0.636425017136761 -0.00593639431849455 -1.18214196629436 -0.544479035792786 2.38086167205858 -1 0 2 2 2 1 0 2 2 1 0 0 2 1 2 1 1 0 0 2 0 2 1 0 0 2 0 0 2 0 2 0 -2 -2 -2 -1 0 -2 -2 -1 0 0 -2 -1 -2 -1 -1 0 0 -2 0 -2 -1 0 0 -2 0 0 -2 0 -2
-1.37390998381191 1.11167407134978 0.733167632612604 0.0665430107257303 0.519930017238743 1 1 2 2 2 0 0 0 2 1 0 0 2 0 1 1 2 1 1 2 0 2 2 1 1 1 1 1 2 1 2 1 2 2 2 0 0 0 2 1 0 0 2 0 1 1 2 1 1 2 0 2 2 1 1 1 1 1 2 1 2
0.696986792449635 -1.32033830880419 -0.848838325475176 -1.22708566785974 0.854840903317182 1 2 2 2 2 2 1 2 2 0 0 1 2 1 1 0 2 0 1 2 0 2 2 1 1 1 0 1 1 2 2 2 2 2 2 2 1 2 2 0 0 1 2 1 1 0 2 0 1 2 0 2 2 1 1 1 0 1 1 2 2
-1.3609624488585 1.57661443525376 -0.322702485830037 -0.201633246241959 0.158770898484031 1 1 2 2 2 1 2 2 2 1 1 2 2 2 1 0 2 1 1 1 0 2 2 1 1 2 0 0 1 0 2 1 2 2 2 1 2 2 2 1 1 2 2 2 1 0 2 1 1 1 0 2 2 1 1 2 0 0 1 0 2
0.4474439660073 0.0907604529342036 -0.330342374830945 0.770846610698334 -0.325816356771465 1 1 1 2 1 0 0 1 2 1 0 0 1 0 0 1 2 0 0 2 0 2 2 1 0 0 0 1 2 0 1 1 1 2 1 0 0 1 2 1 0 0 1 0 0 1 2 0 0 2 0 2 2 1 0 0 0 1 2 0 1
-0.0237166997916 -0.328329362251972 0.574241906831971 0.199758958567121 -0.108794028232516 1 1 1 1 1 1 1 2 2 0 0 2 2 0 1 1 1 0 1 2 0 1 2 1 1 1 1 2 1 1 2 1 1 1 1 1 1 2 2 0 0 2 2 0 1 1 1 0 1 2 0 1 2 1 1 1 1 2 1 1 2
2.22524564316954 -1.08742004209157 0.648004409794558 1.24105323750594 -0.817087169575758 -1 0 2 2 1 2 0 2 2 2 0 1 2 1 1 0 2 0 1 2 0 2 1 1 1 2 0 1 1 1 2 0 -2 -2 -1 -2 0 -2 -2 -2 0 -1 -2 -1 -1 0 -2 0 -1 -2 0 -2 -1 -1 -1 -2 0 -1 -1 -1 -2
-2.28618139885462 -0.591229094189391 0.365706050581219 -0.697238573921834 0.00556845754607579 1 1 2 2 2 0 0 0 1 1 0 1 2 0 2 0 1 0 1 2 0 1 2 1 0 2 1 0 1 1 1 1 2 2 2 0 0 0 1 1 0 1 2 0 2 0 1 0 1 2 0 1 2 1 0 2 1 0 1 1 1
0.599712748753765 -0.0735609268157256 0.786244154541369 -0.334564644382816 -0.727062705673121 1 2 2 2 2 2 1 1 2 1 0 0 1 1 1 1 2 1 1 2 0 2 2 0 1 1 0 0 2 0 1 2 2 2 2 2 1 1 2 1 0 0 1 1 1 1 2 1 1 2 0 2 2 0 1 1 0 0 2 0 1
0.507308087285159 -1.11329918990779 -0.963094301154883 0.773129784478384 -0.857227654023013 -1 1 2 2 2 0 0 1 1 1 2 2 1 1 2 0 1 0 0 2 0 2 2 0 1 2 0 0 0 1 2 -1 -2 -2 -2 0 0 -1 -1 -1 -2 -2 -1 -1 -2 0 -1 0 0 -2 0 -2 -2 0 -1 -2 0 0 0 -1 -2
0.182019241733363 -1.41787272913538 -0.161285148744743 0.295065286316644 1.68222904390962 1 2 2 2 2 1 2 2 2 1 0 1 1 0 0 0 1 0 0 2 0 2 2 1 1 2 0 0 1 1 2 2 2 2 2 1 2 2 2 1 0 1 1 0 0 0 1 0 0 2 0 2 2 1 1 2 0 0 1 1 2
-1.38131834398196 -0.128678228236235 0.0747704208662536 1.38582979194017 2.01718669212773 -1 2 2 2 1 1 0 1 2 1 1 2 2 1 2 1 1 0 1 2 0 2 2 1 1 2 0 0 2 1 2 -2 -2 -2 -1 -1 0 -1 -2 -1 -1 -2 -2 -1 -2 -1 -1 0 -1 -2 0 -2 -2 -1 -1 -2 0 0 -2 -1 -2
-1.23096922706755 0.660294807745008 0.26813169872883 -0.0384031672750263 -0.188123218086632 -1 1 2 2 1 1 0 1 2 1 1 2 2 2 2 1 1 0 1 2 0 1 2 2 1 2 0 1 1 1 1 -1 -2 -2 -1 -1 0 -1 -2 -1 -1 -2 -2 -2 -2 -1 -1 0 -1 -2 0 -1 -2 -2 -1 -2 0 -1 -1 -1 -1
-0.57046764109469 2.17391472039937 0.17321003738305 -1.36011741622581 0.0809585089634997 -1 0 2 2 1 2 1 1 2 1 1 2 2 1 2 0 2 0 2 2 0 2 1 0 0 0 0 0 0 0 1 0 -2 -2 -1 -2 -1 -1 -2 -1 -1 -2 -2 -1 -2 0 -2 0 -2 -2 0 -2 -1 0 0 0 0 0 0 0 -1
-1.01652120852098 1.7218134541577 -1.75521107132095 0.861971107537653 -0.0785101043355583 -1 1 2 2 0 1 0 0 2 0 1 1 2 1 2 1 1 1 1 2 0 2 2 0 0 0 0 0 2 0 1 -1 -2 -2 0 -1 0 0 -2 0 -1 -1 -2 -1 -2 -1 -1 -1 -1 -2 0 -2 -2 0 0 0 0 0 -2 0 -1
-1.86744171261707 -1.09452095895901 0.711066992535786 -1.08744741070739 1.22568385430063 -1 1 2 2 2 0 0 0 1 2 0 0 1 0 0 2 2 2 2 2 1 2 2 1 1 2 0 1 2 1 2 -1 -2 -2 -2 0 0 0 -1 -2 0 0 -1 0 0 -2 -2 -2 -2 -2 -1 -2 -2 -1 -1 -2 0 -1 -2 -1 -2
0.492981311472802 1.8000644306053 0.490078839670604 -2.03061525594799 1.20963668529368 1 0 2 2 2 1 1 2 2 1 0 0 2 1 0 1 2 2 1 2 0 2 2 1 0 2 1 1 2 1 2 0 2 2 2 1 1 2 2 1 0 0 2 1 0 1 2 2 1 2 0 2 2 1 0 2 1 1 2 1 2
-0.254590313051086 2.47383162812767 0.293603285272054 1.20926985324842 -0.703600422083415 -1 1 2 2 1 0 0 1 2 1 0 0 0 0 1 1 2 0 1 2 0 2 1 0 1 2 1 1 2 0 2 -1 -2 -2 -1 0 0 -1 -2 -1 0 0 0 0 -1 -1 -2 0 -1 -2 0 -2 -1 0 -1 -2 -1 -1 -2 0 -2
-0.907904760798384 0.045590791524506 -0.718919081023749 0.956199055107745 1.98648111532093 -1 0 1 2 1 1 1 1 1 1 0 0 2 1 0 0 2 1 0 2 0 2 1 1 2 2 1 2 2 0 1 0 -1 -2 -1 -1 -1 -1 -1 -1 0 0 -2 -1 0 0 -2 -1 0 -2 0 -2 -1 -1 -2 -2 -1 -2 -2 0 -1
0.493534759879357 2.0139154015053 1.53762371451015 -0.140850513718226 0.154587116352505 -1 0 2 2 2 0 1 2 2 2 1 1 2 1 1 0 1 0 0 1 0 2 2 2 1 1 0 2 2 1 2 0 -2 -2 -2 0 -1 -2 -2 -2 -1 -1 -2 -1 -1 0 -1 0 0 -1 0 -2 -2 -2 -1 -1 0 -2 -2 -1 -2
0.72610026688103 1.03460865753791 0.452479089371833 0.281572586316154 -0.110650999786266 -1 2 2 2 2 0 0 0 2 0 1 1 2 2 2 1 2 0 0 2 0 1 1 0 0 1 0 1 1 0 1 -2 -2 -2 -2 0 0 0 -2 0 -1 -1 -2 -2 -2 -1 -2 0 0 -2 0 -1 -1 0 0 -1 0 -1 -1 0 -1
-0.128112020532564 0.955316166535919 0.21979277284332 0.558725360882319 2.42741094768918 -1 1 2 1 0 1 0 2 2 2 0 1 2 2 2 1 2 0 0 1 0 2 2 2 1 1 0 1 2 0 2 -1 -2 -1 0 -1 0 -2 -2 -2 0 -1 -2 -2 -2 -1 -2 0 0 -1 0 -2 -2 -2 -1 -1 0 -1 -2 0 -2
1.2762574985364 -0.414150512890418 -1.87174016978821 -1.01388366392564 -0.161745965566516 -1 2 2 2 2 2 0 1 2 1 0 1 2 1 2 1 2 1 0 2 0 2 2 0 0 0 0 1 0 0 2 -2 -2 -2 -2 -2 0 -1 -2 -1 0 -1 -2 -1 -2 -1 -2 -1 0 -2 0 -2 -2 0 0 0 0 -1 0 0 -2
0.784482409964379 -1.87322286679612 0.239278827794191 -0.591871399986483 -0.508581729935437 1 1 1 2 1 0 0 0 1 1 0 1 2 0 1 1 1 0 0 2 0 2 2 1 0 0 0 2 2 1 2 1 1 2 1 0 0 0 1 1 0 1 2 0 1 1 1 0 0 2 0 2 2 1 0 0 0 2 2 1 2
-0.744882368646673 -0.0936944563387686 0.154580762076938 0.205002522869053 0.154904002229548 1 2 2 2 2 0 0 0 2 1 1 2 2 2 2 1 2 2 2 2 0 1 2 1 2 2 1 1 1 0 1 2 2 2 2 0 0 0 2 1 1 2 2 2 2 1 2 2 2 2 0 1 2 1 2 2 1 1 1 0 1
-0.0526344499242982 -0.24886393385395 2.73905577842114 1.67993867292622 0.157305725653254 -1 0 2 2 0 2 0 1 2 1 0 1 2 1 1 1 2 1 1 2 0 2 2 2 2 2 0 2 2 1 2 0 -2 -2 0 -2 0 -1 -2 -1 0 -1 -2 -1 -1 -1 -2 -1 -1 -2 0 -2 -2 -2 -2 -2 0 -2 -2 -1 -2
0.097513982563362 2.48664818354962 0.508664292450558 1.72182939616551 0.753973825455385 -1 2 1 2 1 0 0 1 2 1 0 1 1 0 2 0 1 0 0 2 0 1 2 1 0 1 0 1 2 2 2 -2 -1 -2 -1 0 0 -1 -2 -1 0 -1 -1 0 -2 0 -1 0 0 -2 0 -1 -2 -1 0 -1 0 -1 -2 -2 -2
-0.32821997671325 -1.79444240358965 -0.761828360192929 -0.440179146901557 0.558928518494923 -1 1 2 2 1 1 1 1 2 2 0 1 1 0 1 2 2 0 0 1 0 0 1 0 0 1 0 0 1 1 2 -1 -2 -2 -1 -1 -1 -1 -2 -2 0 -1 -1 0 -1 -2 -2 0 0 -1 0 0 -1 0 0 -1 0 0 -1 -1 -2
0.725053956426781 -1.26714311219524 0.0426922622016004 -0.453970725539419 1.97509752253591 -1 1 2 2 2 2 0 1 2 2 0 0 1 0 0 1 2 1 1 2 0 2 2 1 1 2 0 0 1 0 2 -1 -2 -2 -2 -2 0 -1 -2 -2 0 0 -1 0 0 -1 -2 -1 -1 -2 0 -2 -2 -1 -1 -2 0 0 -1 0 -2
0.552455577394239 0.490752838688242 1.44330632925481 -1.04697544054528 -1.36101230369463 -1 2 2 2 2 1 0 2 2 2 0 0 2 0 1 1 2 0 1 2 0 2 2 0 1 0 0 0 0 0 0 -2 -2 -2 -2 -1 0 -2 -2 -2 0 0 -2 0 -1 -1 -2 0 -1 -2 0 -2 -2 0 -1 0 0 0 0 0 0
-1.10513363508584 2.21459009551926 0.73607329978663 0.143767599706889 0.113306621501992 -1 1 2 2 2 1 1 1 1 0 0 1 2 1 1 0 2 1 0 1 0 2 2 1 2 2 0 2 2 0 1 -1 -2 -2 -2 -1 -1 -1 -1 0 0 -1 -2 -1 -1 0 -2 -1 0 -1 0 -2 -2 -1 -2 -2 0 -2 -2 0 -1
-0.851510843265856 -0.595136726619207 -0.799180417096881 -1.33336554316202 0.990870231425705 1 0 1 2 1 2 2 2 1 2 0 0 2 0 0 1 2 0 1 2 0 2 2 1 1 1 1 1 2 2 2 0 1 2 1 2 2 2 1 2 0 0 2 0 0 1 2 0 1 2 0 2 2 1 1 1 1 1 2 2 2
