-1.28754609708803 -0.890523490428367 0.753910297482268 -0.440680560901504 2.63888358979844 -1 0 1 0 2 0 2 0 0 0 0 2 0 1 1 2 2 1 2 2 2 1 1 0 0 1 2 0 1 0 0 0 -1 0 -2 0 -2 0 0 0 0 -2 0 -1 -1 -2 -2 -1 -2 -2 -2 -1 -1 0 0 -1 -2 0 -1 0 0
1.38776487825003 -0.671209666555992 0.477264325816548 -0.589728672542515 -0.857270336512799 1 0 0 0 2 0 2 0 0 1 0 2 0 0 0 0 1 0 0 2 2 1 2 0 0 1 2 1 1 0 1 0 0 0 2 0 2 0 0 1 0 2 0 0 0 0 1 0 0 2 2 1 2 0 0 1 2 1 1 0 1
0.643525685431901 -1.17950043292636 0.706316413692845 0.529198117347964 -1.00279876192314 1 1 2 0 2 0 1 0 0 2 0 2 0 0 0 1 1 0 0 1 2 0 1 0 1 1 2 1 2 0 0 1 2 0 2 0 1 0 0 2 0 2 0 0 0 1 1 0 0 1 2 0 1 0 1 1 2 1 2 0 0
-0.368468089051636 0.8631838804158 0.579492097389762 1.40450673479914 1.14250951060886 1 0 0 0 2 0 0 0 0 0 0 2 0 0 1 1 1 0 1 2 2 0 0 0 0 1 2 0 0 0 1 0 0 0 2 0 0 0 0 0 0 2 0 0 1 1 1 0 1 2 2 0 0 0 0 1 2 0 0 0 1
-0.770678415923084 -1.35073436615901 -0.0261248886069131 2.67093831361969 0.310593767202172 -1 0 2 1 2 0 2 0 0 1 0 2 0 0 0 1 1 0 0 0 2 1 1 0 1 1 0 0 1 0 0 0 -2 -1 -2 0 -2 0 0 -1 0 -2 0 0 0 -1 -1 0 0 0 -2 -1 -1 0 -1 -1 0 0 -1 0 0
-0.935744904026263 -0.720455847008821 0.694350612398532 -2.09494464460254 0.641900380507207 1 0 2 1 2 0 1 0 0 1 0 1 0 0 0 0 2 0 0 2 2 0 1 0 0 0 1 0 2 0 1 0 2 1 2 0 1 0 0 1 0 1 0 0 0 0 2 0 0 2 2 0 1 0 0 0 1 0 2 0 1
1.57416946077014 -0.111129537330778 -0.184162984096505 2.2558037674676 -0.381785179132642 1 0 2 0 1 0 0 0 1 0 0 2 0 1 1 1 2 0 0 2 2 1 2 0 0 0 2 0 2 0 0 0 2 0 1 0 0 0 1 0 0 2 0 1 1 1 2 0 0 2 2 1 2 0 0 0 2 0 2 0 0
-2.16836706652735 -0.11973362164762 -0.991934339926566 -0.829662720590387 0.472395754161573 -1 0 1 1 2 1 1 0 0 0 0 2 0 0 0 1 2 0 1 2 2 2 2 0 0 0 1 0 2 0 1 0 -1 -1 -2 -1 -1 0 0 0 0 -2 0 0 0 -1 -2 0 -1 -2 -2 -2 -2 0 0 0 -1 0 -2 0 -1
0.0143234321562535 -2.30937134583636 -0.844048365061213 -0.318011674024104 -0.138051008317718 -1 2 2 1 2 0 2 0 0 1 0 1 0 0 0 0 1 0 1 2 2 1 1 1 1 1 2 0 1 0 0 -2 -2 -1 -2 0 -2 0 0 -1 0 -1 0 0 0 0 -1 0 -1 -2 -2 -1 -1 -1 -1 -1 -2 0 -1 0 0
0.613816409221874 0.847550149655058 -0.899704885092029 -0.780436384079902 0.548635599496945 1 0 0 0 2 0 2 0 0 2 2 2 0 0 0 1 1 0 1 2 2 2 1 1 1 0 2 0 1 0 1 0 0 0 2 0 2 0 0 2 2 2 0 0 0 1 1 0 1 2 2 2 1 1 1 0 2 0 1 0 1
0.0184018892057969 0.601120891509504 -1.0679063227474 -0.274717907442455 0.0463583154679188 -1 0 1 0 2 1 2 0 0 1 1 2 0 0 0 1 1 0 0 2 2 1 2 0 0 0 1 0 0 0 0 0 -1 0 -2 -1 -2 0 0 -1 -1 -2 0 0 0 -1 -1 0 0 -2 -2 -1 -2 0 0 0 -1 0 0 0 0
-0.885182340961741 -1.57315950356877 0.0569091744906063 2.08920244794115 0.881405472670692 -1 0 2 1 2 0 1 0 0 2 0 2 0 1 0 0 2 0 0 2 2 0 2 0 0 0 2 0 0 1 1 0 -2 -1 -2 0 -1 0 0 -2 0 -2 0 -1 0 0 -2 0 0 -2 -2 0 -2 0 0 0 -2 0 0 -1 -1
-0.461920297479335 -1.161805288822 0.434750243593257 0.660159768393496 -0.0706487474670387 -1 0 2 0 2 0 1 0 0 1 1 2 0 1 0 1 1 0 0 1 2 2 1 0 0 0 0 0 1 1 2 0 -2 0 -2 0 -1 0 0 -1 -1 -2 0 -1 0 -1 -1 0 0 -1 -2 -2 -1 0 0 0 0 0 -1 -1 -2
0.183706947862529 0.6538428431599 -0.918480975331488 -0.236918529952989 -1.38010022308386 1 0 2 1 2 0 1 0 0 0 0 2 0 0 0 1 1 1 0 1 2 1 0 0 0 0 1 0 1 0 1 0 2 1 2 0 1 0 0 0 0 2 0 0 0 1 1 1 0 1 2 1 0 0 0 0 1 0 1 0 1
0.00591856653073429 0.0743726715816703 0.814101316767705 1.07079762206351 -0.245689629868415 1 1 2 0 2 0 2 0 0 1 0 2 0 0 0 1 2 0 0 2 2 1 0 0 0 0 0 0 0 0 0 1 2 0 2 0 2 0 0 1 0 2 0 0 0 1 2 0 0 2 2 1 0 0 0 0 0 0 0 0 0
-0.00424540935919373 -0.108875659521918 -0.649090938883289 0.509799359620017 1.50548927379909 1 1 2 1 2 0 1 1 1 1 0 2 0 0 0 0 1 0 1 2 2 0 1 0 0 0 1 1 1 0 1 1 2 1 2 0 1 1 1 1 0 2 0 0 0 0 1 0 1 2 2 0 1 0 0 0 1 1 1 0 1
0.85444204588924 -0.239947117754103 -1.45864011766852 0.976008901671775 -1.03526159921948 -1 0 2 1 2 0 1 0 0 1 0 2 0 0 0 0 1 0 2 0 2 1 1 0 0 0 2 0 1 0 1 0 -2 -1 -2 0 -1 0 0 -1 0 -2 0 0 0 0 -1 0 -2 0 -2 -1 -1 0 0 0 -2 0 -1 0 -1
0.283570583563311 0.100026095516325 -0.681682094074482 0.0203589673995681 2.50526137974478 1 0 2 1 2 1 2 0 0 0 0 2 0 0 0 0 2 0 2 2 2 1 2 1 0 0 2 0 2 0 2 0 2 1 2 1 2 0 0 0 0 2 0 0 0 0 2 0 2 2 2 1 2 1 0 0 2 0 2 0 2
-0.618339827655952 -0.93180343673227 1.5531332674096 -0.265844700198093 0.525573749467696 1 0 2 0 1 1 2 0 1 0 0 2 0 0 0 0 1 1 1 2 2 1 0 0 1 0 2 1 1 0 1 0 2 0 1 1 2 0 1 0 0 2 0 0 0 0 1 1 1 2 2 1 0 0 1 0 2 1 1 0 1
-1.64730310406132 -0.847892289912162 -0.31372491772112 -0.938253786488839 -1.14965328522196 1 0 1 0 2 0 0 0 0 0 0 1 0 1 0 0 2 0 1 2 2 0 1 0 1 0 2 1 2 0 1 0 1 0 2 0 0 0 0 0 0 1 0 1 0 0 2 0 1 2 2 0 1 0 1 0 2 1 2 0 1
-0.218363250000243 0.416563472581427 -0.597089574849484 1.66447951151702 1.23218755776985 1 0 2 1 2 0 2 0 1 1 0 2 0 1 0 0 1 0 1 2 2 0 0 0 0 0 2 2 2 0 0 0 2 1 2 0 2 0 1 1 0 2 0 1 0 0 1 0 1 2 2 0 0 0 0 0 2 2 2 0 0
-0.833860295140672 -0.523623903280972 -0.183719823213279 0.723084005716234 0.781129521884811 -1 0 2 0 2 0 1 1 1 0 1 2 0 0 0 0 1 0 1 2 2 0 2 1 0 0 1 0 1 0 1 0 -2 0 -2 0 -1 -1 -1 0 -1 -2 0 0 0 0 -1 0 -1 -2 -2 0 -2 -1 0 0 -1 0 -1 0 -1
0.0680189171234568 0.0587837269681062 -1.32874271481305 0.604304579575844 -0.0541451110638563 -1 0 1 0 2 1 2 0 0 1 1 2 0 0 0 0 2 0 1 2 2 2 2 1 0 0 0 0 2 0 0 0 -1 0 -2 -1 -2 0 0 -1 -1 -2 0 0 0 0 -2 0 -1 -2 -2 -2 -2 -1 0 0 0 0 -2 0 0
1.5613393197561 1.07108103929415 1.11767549630087 -1.14573744780943 -2.38882354702821 -1 0 2 2 1 0 1 0 0 1 1 2 0 0 0 1 2 0 1 2 2 0 2 0 1 1 2 0 1 0 1 0 -2 -2 -1 0 -1 0 0 -1 -1 -2 0 0 0 -1 -2 0 -1 -2 -2 0 -2 0 -1 -1 -2 0 -1 0 -1
-0.299930338531275 -0.787960762655781 0.925690277893381 1.58534491605023 1.10389707700109 1 1 2 1 1 1 2 0 0 1 1 2 0 0 0 1 2 0 1 2 2 2 2 1 0 0 1 1 2 0 0 1 2 1 1 1 2 0 0 1 1 2 0 0 0 1 2 0 1 2 2 2 2 1 0 0 1 1 2 0 0
-1.89285901776103 1.3187432210261 1.04216708405435 2.16926576113283 -0.382618895874991 1 0 2 0 2 1 1 0 0 0 0 2 0 0 0 1 2 0 0 1 2 1 2 0 0 0 1 0 0 0 1 0 2 0 2 1 1 0 0 0 0 2 0 0 0 1 2 0 0 1 2 1 2 0 0 0 1 0 0 0 1
1.82323489779139 0.0526681787296372 -1.09953699026662 -2.32015310305487 -0.911440635541883 1 0 1 0 2 0 1 1 0 0 0 2 0 1 0 0 0 0 1 2 2 1 1 0 0 0 1 0 0 0 1 0 1 0 2 0 1 1 0 0 0 2 0 1 0 0 0 0 1 2 2 1 1 0 0 0 1 0 0 0 1
0.0307402984498925 0.301062992945142 -1.1561488678752 -1.84297889873363 1.04439566882381 -1 1 2 1 2 0 1 0 0 0 0 2 0 0 0 0 1 0 1 2 2 2 1 0 0 0 1 0 1 0 1 -1 -2 -1 -2 0 -1 0 0 0 0 -2 0 0 0 0 -1 0 -1 -2 -2 -2 -1 0 0 0 -1 0 -1 0 -1
-0.523583100574592 -0.249645128741249 2.42988076370417 1.26942557755252 -0.307175990729691 -1 0 1 0 0 0 1 0 1 0 0 2 0 0 0 1 1 0 0 2 2 1 1 0 0 0 1 0 1 0 2 0 -1 0 0 0 -1 0 -1 0 0 -2 0 0 0 -1 -1 0 0 -2 -2 -1 -1 0 0 0 -1 0 -1 0 -2
-1.3971397041447 -0.25534832793339 0.0990487756956086 -0.403558573003202 -0.126700777269759 1 0 1 0 2 2 1 0 1 1 0 2 0 0 0 2 1 0 0 2 1 0 2 0 0 0 1 0 2 0 0 0 1 0 2 2 1 0 1 1 0 2 0 0 0 2 1 0 0 2 1 0 2 0 0 0 1 0 2 0 0
2.77194286560088 -0.69623624373052 -1.55365834714793 -1.09089634194785 -0.547728139171015 -1 0 1 0 2 1 2 1 1 0 0 2 0 0 0 1 2 0 1 2 2 1 1 0 0 0 2 0 1 0 0 0 -1 0 -2 -1 -2 -1 -1 0 0 -2 0 0 0 -1 -2 0 -1 -2 -2 -1 -1 0 0 0 -2 0 -1 0 0
1.63695082703782 -1.06002923648445 -1.00610780008433 -0.726169245397551 0.185734187786171 1 0 2 1 2 0 1 1 1 0 1 2 0 0 0 0 1 0 0 2 2 1 1 0 0 0 2 0 2 0 1 0 2 1 2 0 1 1 1 0 1 2 0 0 0 0 1 0 0 2 2 1 1 0 0 0 2 0 2 0 1
1.84001250103233 1.66350636071333 -0.235744915058145 -1.22924198357604 -2.3515338738386 1 0 1 0 2 1 2 1 1 1 0 2 0 1 0 1 2 0 2 2 2 0 2 0 0 0 2 0 1 1 2 0 1 0 2 1 2 1 1 1 0 2 0 1 0 1 2 0 2 2 2 0 2 0 0 0 2 0 1 1 2
-0.614025610672412 1.83012886253236 2.14218818830609 -0.68276094101728 0.631852408826227 -1 0 1 1 2 0 2 0 0 0 1 2 0 0 0 1 2 0 1 2 2 2 2 0 0 1 2 1 2 0 2 0 -1 -1 -2 0 -2 0 0 0 -1 -2 0 0 0 -1 -2 0 -1 -2 -2 -2 -2 0 0 -1 -2 -1 -2 0 -2
-2.529162175054 -0.749587092733669 0.512763334347386 -0.523818331888159 -0.458100956317647 -1 1 2 0 2 0 1 0 0 0 0 2 0 1 0 1 2 0 0 2 2 2 2 0 1 0 2 1 2 0 0 -1 -2 0 -2 0 -1 0 0 0 0 -2 0 -1 0 -1 -2 0 0 -2 -2 -2 -2 0 -1 0 -2 -1 -2 0 0
0.115147071825383 0.606983486534247 -1.3527914908742 0.551651781458549 -1.46796298257896 -1 0 1 1 2 0 1 0 0 1 1 2 0 1 0 1 2 1 2 2 2 2 1 0 1 0 1 1 2 1 2 0 -1 -1 -2 0 -1 0 0 -1 -1 -2 0 -1 0 -1 -2 -1 -2 -2 -2 -2 -1 0 -1 0 -1 -1 -2 -1 -2
0.0924415224065259 0.457370732883661 -0.445179356548464 -0.932283662455771 -0.566302276979317 -1 0 2 0 2 2 2 1 0 0 1 2 0 0 0 0 1 0 2 2 2 1 2 1 1 0 2 0 1 0 1 0 -2 0 -2 -2 -2 -1 0 0 -1 -2 0 0 0 0 -1 0 -2 -2 -2 -1 -2 -1 -1 0 -2 0 -1 0 -1
0.15875746820472 -0.274587198092504 -0.758159263391952 -0.392279275684329 0.229135580268633 1 0 1 0 2 0 0 0 0 0 0 1 0 0 1 1 2 0 0 1 2 0 2 0 0 0 2 1 1 0 1 0 1 0 2 0 0 0 0 0 0 1 0 0 1 1 2 0 0 1 2 0 2 0 0 0 2 1 1 0 1
-0.993099905858696 0.72683072432063 0.699669274378632 1.29528964356708 1.27347916796815 1 0 2 1 2 1 2 0 0 0 0 2 0 0 0 0 1 0 0 1 2 1 2 1 1 0 1 0 1 1 2 0 2 1 2 1 2 0 0 0 0 2 0 0 0 0 1 0 0 1 2 1 2 1 1 0 1 0 1 1 2
-0.101841883037861 0.989177913905095 -0.369438968230477 -0.937134935821796 1.509009819051 -1 0 2 0 2 0 1 0 0 0 0 2 0 0 0 0 2 0 0 2 2 0 2 1 1 0 2 1 2 0 0 0 -2 0 -2 0 -1 0 0 0 0 -2 0 0 0 0 -2 0 0 -2 -2 0 -2 -1 -1 0 -2 -1 -2 0 0
0.714199021909523 0.0210868453552097 1.13935342413294 2.49873562964182 -0.0150049501120061 1 0 2 1 2 1 1 0 1 1 1 2 0 1 0 1 2 0 1 2 2 0 2 0 0 0 1 0 1 0 1 0 2 1 2 1 1 0 1 1 1 2 0 1 0 1 2 0 1 2 2 0 2 0 0 0 1 0 1 0 1
-0.0248235114762594 -0.766106273546257 0.283786480364415 -1.60807946678481 -0.155332998798673 1 1 2 0 2 0 2 0 1 0 0 2 0 0 0 0 1 0 2 2 2 1 0 0 1 0 2 1 2 0 2 1 2 0 2 0 2 0 1 0 0 2 0 0 0 0 1 0 2 2 2 1 0 0 1 0 2 1 2 0 2
2.88919931848084 1.36236913829292 0.152310786970646 0.374889329031044 1.82648783638813 1 1 2 1 2 0 0 0 1 1 1 2 0 0 0 1 2 0 0 2 2 0 2 0 1 0 2 1 1 0 1 1 2 1 2 0 0 0 1 1 1 2 0 0 0 1 2 0 0 2 2 0 2 0 1 0 2 1 1 0 1
-0.767078523594074 -0.717868432957252 -0.220197215465174 -0.499467853063825 0.181691030996697 1 0 1 0 2 1 1 0 0 0 0 2 0 0 0 1 2 0 0 2 2 1 2 0 0 0 1 0 1 0 0 0 1 0 2 1 1 0 0 0 0 2 0 0 0 1 2 0 0 2 2 1 2 0 0 0 1 0 1 0 0
1.17500301251546 -0.0134277976140899 0.52925729296713 -0.798329925990041 1.79387713643938 -1 0 2 2 2 2 2 0 0 0 0 2 0 0 0 0 1 0 1 2 2 1 0 0 0 0 1 0 1 0 1 0 -2 -2 -2 -2 -2 0 0 0 0 -2 0 0 0 0 -1 0 -1 -2 -2 -1 0 0 0 0 -1 0 -1 0 -1
1.11786443114647 -1.97553861391064 0.654376774935167 1.76328352661222 -0.741208750904945 -1 0 2 0 2 1 2 0 1 1 1 2 0 0 0 1 2 0 0 1 2 1 1 0 0 0 2 0 1 1 2 0 -2 0 -2 -1 -2 0 -1 -1 -1 -2 0 0 0 -1 -2 0 0 -1 -2 -1 -1 0 0 0 -2 0 -1 -1 -2
-1.63178255475141 -0.9236643296588 -0.446286162041528 0.146434551396402 0.968313734204745 1 0 2 0 2 2 2 0 0 1 1 2 0 0 0 0 1 0 1 2 1 0 1 0 0 0 2 0 1 0 1 0 2 0 2 2 2 0 0 1 1 2 0 0 0 0 1 0 1 2 1 0 1 0 0 0 2 0 1 0 1
-0.768206629925421 -1.97347708466402 0.0236933412126735 2.3821735247958 -0.723093623928375 1 1 1 0 2 0 2 1 0 1 0 2 0 0 0 0 2 0 1 2 2 0 1 1 1 1 2 1 1 1 1 1 1 0 2 0 2 1 0 1 0 2 0 0 0 0 2 0 1 2 2 0 1 1 1 1 2 1 1 1 1
0.653614195113829 -1.03917106353751 0.518116124691728 -0.560539247663899 -0.0724602156109554 1 1 1 0 2 1 2 0 0 1 1 2 0 1 0 0 2 0 1 2 2 2 2 1 0 0 2 0 2 0 0 1 1 0 2 1 2 0 0 1 1 2 0 1 0 0 2 0 1 2 2 2 2 1 0 0 2 0 2 0 0
1.41030594114843 2.60387237522594 -0.4597908294074 -0.273833914136597 0.543309693291666 -1 1 2 1 2 2 2 0 0 1 1 2 0 0 0 1 1 0 1 2 1 0 1 0 0 0 1 0 0 0 0 -1 -2 -1 -2 -2 -2 0 0 -1 -1 -2 0 0 0 -1 -1 0 -1 -2 -1 0 -1 0 0 0 -1 0 0 0 0
0.0513977895979898 -1.39362098022129 -0.898612280910837 0.371210329104803 -1.03242907093753 -1 1 2 1 2 1 2 1 0 1 1 2 0 0 0 0 1 0 1 2 2 1 2 0 0 1 1 0 1 0 0 -1 -2 -1 -2 -1 -2 -1 0 -1 -1 -2 0 0 0 0 -1 0 -1 -2 -2 -1 -2 0 0 -1 -1 0 -1 0 0
-0.130452987741827 0.327133924634914 1.2974088583228 0.369944972282806 -1.62273037141646 -1 0 2 0 1 0 0 0 0 0 0 2 0 1 1 1 2 0 0 2 2 0 0 0 0 0 2 0 1 0 0 0 -2 0 -1 0 0 0 0 0 0 -2 0 -1 -1 -1 -2 0 0 -2 -2 0 0 0 0 0 -2 0 -1 0 0
0.981664241447605 0.42396043035554 0.599966631529293 -0.339339942289195 -1.46067753729587 -1 1 2 1 2 0 2 0 0 0 1 2 0 0 0 0 0 0 1 2 2 0 2 0 0 0 2 1 2 0 1 -1 -2 -1 -2 0 -2 0 0 0 -1 -2 0 0 0 0 0 0 -1 -2 -2 0 -2 0 0 0 -2 -1 -2 0 -1
-0.442251876069248 0.675326548606705 1.03734689611183 -1.3957478822091 1.40654145466649 1 0 1 0 2 0 1 0 0 0 0 2 0 0 0 1 2 0 0 2 2 1 0 0 0 0 2 0 2 1 2 0 1 0 2 0 1 0 0 0 0 2 0 0 0 1 2 0 0 2 2 1 0 0 0 0 2 0 2 1 2
0.941732850859423 -0.411235125418433 1.01856051200942 0.476011254783894 1.47866151171561 1 1 2 1 2 1 1 0 0 0 0 2 0 0 1 2 2 0 0 2 2 2 2 0 0 0 2 1 2 0 1 1 2 1 2 1 1 0 0 0 0 2 0 0 1 2 2 0 0 2 2 2 2 0 0 0 2 1 2 0 1
-1.40339232893458 -0.26296434754269 -0.911521281691274 2.22969478735814 0.740246994455969 1 1 2 1 2 0 2 0 0 0 0 2 0 1 0 0 1 0 1 2 2 1 1 0 0 0 2 1 2 0 0 1 2 1 2 0 2 0 0 0 0 2 0 1 0 0 1 0 1 2 2 1 1 0 0 0 2 1 2 0 0
-0.463731674390387 1.40376395085068 1.09317073498113 -0.160553984986257 -1.08771551920979 1 0 2 1 2 0 2 0 0 0 0 2 0 0 0 0 1 0 0 2 2 1 1 0 0 0 0 0 1 0 0 0 2 1 2 0 2 0 0 0 0 2 0 0 0 0 1 0 0 2 2 1 1 0 0 0 0 0 1 0 0
0.356569592408156 -0.332136579966258 0.044948960149406 -0.0719663366343589 3.20450760278861 1 1 2 0 2 0 2 0 0 0 0 2 0 0 0 0 1 0 1 2 2 1 1 0 0 0 2 0 1 0 1 1 2 0 2 0 2 0 0 0 0 2 0 0 0 0 1 0 1 2 2 1 1 0 0 0 2 0 1 0 1
-0.46508978240533 -0.932302565526233 -1.02827100935473 0.417527098926329 3.18191347191767 -1 1 2 2 1 0 2 1 0 0 0 2 0 0 0 1 2 0 0 2 2 1 0 0 0 0 1 0 0 0 1 -1 -2 -2 -1 0 -2 -1 0 0 0 -2 0 0 0 -1 -2 0 0 -2 -2 -1 0 0 0 0 -1 0 0 0 -1
1.44393152056891 -1.4858418513762 0.249163199568799 0.140903953364894 0.70942519985626 1 1 2 1 1 0 1 0 0 0 0 2 0 0 0 0 0 0 2 2 2 2 2 0 0 0 1 0 2 0 2 1 2 1 1 0 1 0 0 0 0 2 0 0 0 0 0 0 2 2 2 2 2 0 0 0 1 0 2 0 2
0.629346808462808 0.899134578352846 1.29042476191096 -1.45800557387321 0.551089057962327 1 0 2 0 2 1 1 0 0 1 1 2 0 1 0 1 2 0 0 2 1 0 1 0 0 0 2 1 0 0 1 0 2 0 2 1 1 0 0 1 1 2 0 1 0 1 2 0 0 2 1 0 1 0 0 0 2 1 0 0 1
1.89441780780113 -1.57099754067914 1.25538534833582 0.569339173297517 1.0389723363771 -1 1 2 0 2 0 1 0 0 0 0 2 0 1 0 0 1 0 0 1 2 0 0 0 0 0 2 0 1 0 1 -1 -2 0 -2 0 -1 0 0 0 0 -2 0 -1 0 0 -1 0 0 -1 -2 0 0 0 0 0 -2 0 -1 0 -1
-1.13990623211619 -0.293199463912344 0.406124340267763 -0.489363627119719 0.32533319202542 -1 0 0 0 2 0 1 0 0 0 0 2 1 1 0 0 1 0 1 2 2 1 1 0 1 0 1 1 2 0 1 0 0 0 -2 0 -1 0 0 0 0 -2 -1 -1 0 0 -1 0 -1 -2 -2 -1 -1 0 -1 0 -1 -1 -2 0 -1
-1.08169054487418 0.611021749983088 -0.126073565424375 -0.347505757123258 0.771337818810168 1 1 2 0 2 1 2 0 0 1 1 2 0 1 0 1 1 0 1 2 2 1 2 0 0 0 0 0 1 0 1 1 2 0 2 1 2 0 0 1 1 2 0 1 0 1 1 0 1 2 2 1 2 0 0 0 0 0 1 0 1
-0.606991573636487 0.780879892618164 0.497613947311754 -0.0319273627309481 1.03106558173879 -1 1 1 0 2 1 2 0 0 1 1 2 0 0 0 1 1 0 0 2 2 2 0 0 0 0 1 0 2 0 2 -1 -1 0 -2 -1 -2 0 0 -1 -1 -2 0 0 0 -1 -1 0 0 -2 -2 -2 0 0 0 0 -1 0 -2 0 -2
1.78030091116121 -0.994101108181979 0.771392506038317 0.300271806924555 1.61468650872514 1 0 2 1 2 0 2 2 1 0 1 2 0 0 1 1 2 0 0 2 2 1 0 0 0 0 0 0 1 0 1 0 2 1 2 0 2 2 1 0 1 2 0 0 1 1 2 0 0 2 2 1 0 0 0 0 0 0 1 0 1
-1.43983053171067 0.576617512033262 0.0464017381257941 -0.180469220271608 -0.268095644849699 -1 1 2 0 2 1 2 0 0 1 1 2 0 0 0 0 1 0 0 2 2 1 1 0 0 0 2 1 2 0 2 -1 -2 0 -2 -1 -2 0 0 -1 -1 -2 0 0 0 0 -1 0 0 -2 -2 -1 -1 0 0 0 -2 -1 -2 0 -2
-0.389978704889228 0.206282458001602 0.0710785418883977 -0.703886585741274 2.40232116225971 -1 1 2 0 2 0 2 1 1 0 1 1 0 0 0 0 1 1 2 2 2 2 2 0 1 0 1 0 0 0 1 -1 -2 0 -2 0 -2 -1 -1 0 -1 -1 0 0 0 0 -1 -1 -2 -2 -2 -2 -2 0 -1 0 -1 0 0 0 -1
-0.446625865141902 0.88931230813347 -2.04962411135249 -0.214798157995933 0.42057509826299 1 0 1 0 2 2 2 0 1 1 0 1 0 0 0 1 1 0 2 2 2 2 1 0 1 0 1 0 2 0 0 0 1 0 2 2 2 0 1 1 0 1 0 0 0 1 1 0 2 2 2 2 1 0 1 0 1 0 2 0 0
0.508717276758716 -0.457851276966499 -0.405876465259738 -0.438030676267536 -0.301319442987799 -1 0 1 0 2 2 2 0 0 1 1 2 0 1 0 1 2 0 0 2 2 2 2 0 0 0 1 0 1 0 0 0 -1 0 -2 -2 -2 0 0 -1 -1 -2 0 -1 0 -1 -2 0 0 -2 -2 -2 -2 0 0 0 -1 0 -1 0 0
0.678893539040138 1.34429129951027 -1.6040446031303 2.35467293725417 -0.530370547603739 -1 0 2 0 2 0 1 0 0 1 1 2 0 1 1 2 2 0 1 2 2 1 1 0 0 0 1 0 1 0 1 0 -2 0 -2 0 -1 0 0 -1 -1 -2 0 -1 -1 -2 -2 0 -1 -2 -2 -1 -1 0 0 0 -1 0 -1 0 -1
0.310474968580207 0.690164424293472 1.60597322369766 -0.762512858754159 -0.562907453555308 -1 0 1 0 2 1 1 0 1 0 0 2 0 1 0 1 0 0 1 2 2 2 1 0 0 0 0 0 1 0 2 0 -1 0 -2 -1 -1 0 -1 0 0 -2 0 -1 0 -1 0 0 -1 -2 -2 -2 -1 0 0 0 0 0 -1 0 -2
-0.757257391058908 0.266989405420173 -0.351055432301435 -0.680697958899544 -0.779487824061095 -1 0 2 0 2 2 2 0 0 0 0 2 0 1 0 1 2 0 2 2 2 1 1 0 0 0 1 0 2 0 0 0 -2 0 -2 -2 -2 0 0 0 0 -2 0 -1 0 -1 -2 0 -2 -2 -2 -1 -1 0 0 0 -1 0 -2 0 0
-1.07515785928813 -0.236186082981328 -1.10332139407401 -2.10898937311869 -0.422073575157427 -1 0 2 1 2 1 2 0 0 2 1 2 1 2 0 0 2 0 0 2 1 1 0 0 0 0 0 0 1 0 1 0 -2 -1 -2 -1 -2 0 0 -2 -1 -2 -1 -2 0 0 -2 0 0 -2 -1 -1 0 0 0 0 0 0 -1 0 -1
1.22398325296031 1.50128166701637 -0.796145814873903 0.33271125005257 -0.34059068554456 -1 0 1 0 2 0 1 0 0 0 1 2 0 0 0 1 2 0 0 2 2 0 2 1 1 1 2 2 2 0 1 0 -1 0 -2 0 -1 0 0 0 -1 -2 0 0 0 -1 -2 0 0 -2 -2 0 -2 -1 -1 -1 -2 -2 -2 0 -1
-1.19403243499744 0.458935736386215 0.312896048982636 0.00392453645020355 -0.781062643025329 1 0 1 1 2 0 1 0 0 0 0 2 0 0 0 0 0 0 0 1 1 0 2 0 0 1 2 0 2 1 1 0 1 1 2 0 1 0 0 0 0 2 0 0 0 0 0 0 0 1 1 0 2 0 0 1 2 0 2 1 1
-0.74026676591073 1.30168262001704 -0.252245513923741 -0.145144404037224 -1.39594776277258 1 0 1 0 2 1 2 1 0 1 1 2 0 1 0 0 1 0 0 2 2 0 1 0 0 0 1 1 2 0 1 0 1 0 2 1 2 1 0 1 1 2 0 1 0 0 1 0 0 2 2 0 1 0 0 0 1 1 2 0 1
-1.52294749927181 -0.755976071215028 -0.0269837792663232 0.612265812084457 0.211115893411116 -1 0 2 0 2 1 1 0 0 0 0 1 0 0 0 0 1 0 0 2 2 0 1 1 0 0 0 0 1 0 0 0 -2 0 -2 -1 -1 0 0 0 0 -1 0 0 0 0 -1 0 0 -2 -2 0 -1 -1 0 0 0 0 -1 0 0
0.101688588467819 0.565624763003919 -0.422302050687723 1.30172515061603 1.45461319530751 -1 0 1 0 2 1 2 0 0 2 0 2 0 0 0 2 2 0 1 2 2 0 1 0 0 1 1 0 2 0 1 0 -1 0 -2 -1 -2 0 0 -2 0 -2 0 0 0 -2 -2 0 -1 -2 -2 0 -1 0 0 -1 -1 0 -2 0 -1
0.145943381853954 -0.167436191769725 1.41532152398117 -0.282514214871062 -1.32643281583494 -1 0 0 0 2 2 2 1 0 0 0 2 0 1 0 0 1 0 0 2 2 1 2 0 0 0 0 0 1 0 0 0 0 0 -2 -2 -2 -1 0 0 0 -2 0 -1 0 0 -1 0 0 -2 -2 -1 -2 0 0 0 0 0 -1 0 0
0.343226353273507 -0.231404910199523 0.281255176941316 -2.40485816319051 -0.167934407765115 -1 0 2 0 2 1 1 0 0 0 1 2 0 0 0 1 1 0 0 2 2 1 2 1 0 0 1 1 2 0 0 0 -2 0 -2 -1 -1 0 0 0 -1 -2 0 0 0 -1 -1 0 0 -2 -2 -1 -2 -1 0 0 -1 -1 -2 0 0
-0.397115965629599 -0.578358836458842 -0.614017633167006 0.030775497471608 -0.105458357514921 1 0 1 1 2 0 1 0 0 1 0 2 0 0 0 1 1 0 1 2 2 2 0 0 0 0 2 1 0 0 0 0 1 1 2 0 1 0 0 1 0 2 0 0 0 1 1 0 1 2 2 2 0 0 0 0 2 1 0 0 0
-0.0993314584077335 1.42199187721577 -1.08857162096649 -0.384215328276631 0.727867949688308 -1 1 2 1 2 1 2 1 1 0 0 2 0 0 0 0 1 0 0 1 1 1 1 0 0 0 2 1 2 0 2 -1 -2 -1 -2 -1 -2 -1 -1 0 0 -2 0 0 0 0 -1 0 0 -1 -1 -1 -1 0 0 0 -2 -1 -2 0 -2
-0.810117771715239 1.56511798554521 -0.157030011480245 0.341714692186297 0.55587492009432 -1 0 1 0 2 0 1 1 1 1 0 2 0 2 1 1 2 0 1 2 2 2 2 0 0 1 2 0 1 0 1 0 -1 0 -2 0 -1 -1 -1 -1 0 -2 0 -2 -1 -1 -2 0 -1 -2 -2 -2 -2 0 0 -1 -2 0 -1 0 -1
-0.496788032750986 -0.738788646690271 -0.311696382235533 -0.105548482927693 0.597600746866568 1 0 1 1 2 2 2 0 0 1 0 2 0 0 0 1 2 0 0 2 2 1 0 0 0 0 0 0 1 0 1 0 1 1 2 2 2 0 0 1 0 2 0 0 0 1 2 0 0 2 2 1 0 0 0 0 0 0 1 0 1
-1.34508002733129 0.579079567525691 -0.949475486666344 1.4512766011254 1.37765259323701 1 0 1 0 2 0 2 0 0 0 0 2 0 0 0 0 2 1 0 2 2 1 1 0 0 1 2 1 2 1 2 0 1 0 2 0 2 0 0 0 0 2 0 0 0 0 2 1 0 2 2 1 1 0 0 1 2 1 2 1 2
-1.21524199548251 -0.465201408971619 0.551537054543707 -1.306675557919 -2.14197447925021 -1 0 2 1 2 0 2 1 1 1 0 2 0 0 0 0 1 0 1 2 2 2 1 0 0 0 0 0 2 0 0 0 -2 -1 -2 0 -2 -1 -1 -1 0 -2 0 0 0 0 -1 0 -1 -2 -2 -2 -1 0 0 0 0 0 -2 0 0
-0.140672271881366 -1.64326438437705 -0.511746102241155 0.0319309980951579 0.122624034513813 -1 0 2 1 2 0 2 0 0 0 1 2 0 0 0 1 2 0 1 2 2 1 2 0 0 1 2 1 2 0 2 0 -2 -1 -2 0 -2 0 0 0 -1 -2 0 0 0 -1 -2 0 -1 -2 -2 -1 -2 0 0 -1 -2 -1 -2 0 -2
-2.48945642311696 0.142589083024106 -0.748385120888038 0.087830169359727 0.568307895986757 -1 0 2 0 2 1 2 0 0 2 2 2 0 1 0 0 2 1 1 2 1 0 2 0 0 0 2 1 2 0 1 0 -2 0 -2 -1 -2 0 0 -2 -2 -2 0 -1 0 0 -2 -1 -1 -2 -1 0 -2 0 0 0 -2 -1 -2 0 -1
0.513705151304501 -0.217904282026454 0.135933533371861 0.444969883673229 0.430455600947767 1 0 2 0 2 1 1 1 0 2 2 2 0 0 0 0 1 0 1 2 2 1 2 0 0 1 1 0 1 1 1 0 2 0 2 1 1 1 0 2 2 2 0 0 0 0 1 0 1 2 2 1 2 0 0 1 1 0 1 1 1
-2.18473326667422 0.742174675182922 0.702943537008594 0.200074452989508 -0.320341074498308 1 0 2 1 2 1 2 0 1 1 0 2 0 1 1 2 2 0 1 2 2 1 1 0 0 0 1 0 0 0 1 0 2 1 2 1 2 0 1 1 0 2 0 1 1 2 2 0 1 2 2 1 1 0 0 0 1 0 0 0 1
-0.3656418104028 -1.08987720990405 1.19657465053817 1.47389096718965 -0.748751258241608 -1 0 2 0 2 1 2 1 1 0 0 2 0 0 0 1 1 0 1 2 2 0 0 0 0 0 1 0 1 0 1 0 -2 0 -2 -1 -2 -1 -1 0 0 -2 0 0 0 -1 -1 0 -1 -2 -2 0 0 0 0 0 -1 0 -1 0 -1
1.26739190418236 -0.645357047116821 1.69281484573817 1.60871152042978 -0.354954130311506 -1 0 2 0 2 1 1 0 1 1 0 2 0 1 1 1 2 0 2 2 2 0 1 0 0 0 2 0 1 0 0 0 -2 0 -2 -1 -1 0 -1 -1 0 -2 0 -1 -1 -1 -2 0 -2 -2 -2 0 -1 0 0 0 -2 0 -1 0 0
-0.113679680886323 -0.576216171806802 0.0418046697800515 1.34487846963636 0.108413322412223 1 1 1 0 2 2 2 0 0 1 1 2 0 0 0 0 2 0 1 2 2 1 2 0 1 0 2 1 2 0 0 1 1 0 2 2 2 0 0 1 1 2 0 0 0 0 2 0 1 2 2 1 2 0 1 0 2 1 2 0 0
2.66358727100153 0.445446365294166 2.30099151216529 -0.1650140927999 -1.82524977895786 1 0 2 0 2 1 2 1 0 1 1 2 0 2 0 1 2 1 2 2 2 1 2 1 0 0 2 0 1 0 0 0 2 0 2 1 2 1 0 1 1 2 0 2 0 1 2 1 2 2 2 1 2 1 0 0 2 0 1 0 0
0.693935265103895 0.736072255411016 0.613392093079853 -0.220122219724473 2.55996628856737 1 0 2 0 2 2 2 0 1 2 1 2 0 1 0 1 1 0 0 2 2 0 2 0 0 0 2 0 2 1 2 0 2 0 2 2 2 0 1 2 1 2 0 1 0 1 1 0 0 2 2 0 2 0 0 0 2 0 2 1 2
0.677442413526805 -1.92896755617865 1.09909592649928 1.869417801988 0.139841201804369 -1 0 0 0 2 1 1 0 1 0 0 2 0 0 0 1 2 0 2 2 2 2 2 1 0 0 1 0 1 0 1 0 0 0 -2 -1 -1 0 -1 0 0 -2 0 0 0 -1 -2 0 -2 -2 -2 -2 -2 -1 0 0 -1 0 -1 0 -1
0.895611472682818 0.0794328591911347 1.89910501032142 0.238328409486606 -0.745630252295783 1 0 1 0 2 1 2 1 0 1 1 2 0 0 0 1 2 0 1 2 2 1 1 0 0 0 2 0 0 0 1 0 1 0 2 1 2 1 0 1 1 2 0 0 0 1 2 0 1 2 2 1 1 0 0 0 2 0 0 0 1
2.03695810097581 -0.153582681018363 -0.449600199200604 -0.878650143898522 -1.38971824338358 1 0 1 1 2 0 1 0 0 0 1 2 0 0 0 0 1 0 1 2 2 1 2 0 0 0 1 0 1 0 0 0 1 1 2 0 1 0 0 0 1 2 0 0 0 0 1 0 1 2 2 1 2 0 0 0 1 0 1 0 0
0.470910872912194 1.19448741274018 0.307593830632007 -0.415630672382376 -0.631949686904777 -1 1 1 1 2 1 2 1 0 2 2 2 0 2 1 2 2 1 2 2 2 1 1 0 0 0 2 1 1 0 1 -1 -1 -1 -2 -1 -2 -1 0 -2 -2 -2 0 -2 -1 -2 -2 -1 -2 -2 -2 -1 -1 0 0 0 -2 -1 -1 0 -1
