-0.282279766718456 -0.410844272728545 1.37287765360374 0.163132756270036 0.314760295247096 -1 2 2 1 1 1 0 1 0 0 1 1 1 0 0 2 2 2 0 0 1 1 1 2 2 0 0 1 2 1 2 -2 -2 -1 -1 -1 0 -1 0 0 -1 -1 -1 0 0 -2 -2 -2 0 0 -1 -1 -1 -2 -2 0 0 -1 -2 -1 -2
0.289424636453207 0.815629071330404 -0.728469817284047 -0.948003240064692 -0.796704016740603 -1 2 2 2 2 0 2 1 1 0 0 0 0 0 0 1 2 1 0 0 1 0 1 2 0 0 1 1 2 2 2 -2 -2 -2 -2 0 -2 -1 -1 0 0 0 0 0 0 -1 -2 -1 0 0 -1 0 -1 -2 0 0 -1 -1 -2 -2 -2
0.648755345983316 0.2374251563856 -1.32245280637345 -1.19107591510487 0.564730367005946 -1 2 2 2 2 1 2 2 1 0 1 1 1 1 0 1 1 0 0 1 2 1 2 2 2 2 2 1 2 2 2 -2 -2 -2 -2 -1 -2 -2 -1 0 -1 -1 -1 -1 0 -1 -1 0 0 -1 -2 -1 -2 -2 -2 -2 -2 -1 -2 -2 -2
-0.519399615788281 -0.700003470814378 -0.611227457188094 -1.39475765574703 -0.0071742076288926 -1 2 1 2 2 1 1 2 0 0 1 1 1 1 0 1 1 1 0 1 1 1 2 2 1 0 2 1 1 0 0 -2 -1 -2 -2 -1 -1 -2 0 0 -1 -1 -1 -1 0 -1 -1 -1 0 -1 -1 -1 -2 -2 -1 0 -2 -1 -1 0 0
-0.282141789110172 0.349389158086356 1.42645452507447 1.78931951070684 0.362364459556152 -1 1 0 2 2 0 1 1 2 0 2 0 0 1 1 2 2 2 0 0 1 1 1 2 2 2 2 1 1 1 2 -1 0 -2 -2 0 -1 -1 -2 0 -2 0 0 -1 -1 -2 -2 -2 0 0 -1 -1 -1 -2 -2 -2 -2 -1 -1 -1 -2
-0.645591259297381 -1.28573345515074 0.171358262505779 0.722751152666283 -0.231777381677093 1 2 2 0 1 1 2 2 1 0 1 0 0 0 1 2 2 2 0 0 1 1 1 2 2 0 0 0 0 1 0 2 2 0 1 1 2 2 1 0 1 0 0 0 1 2 2 2 0 0 1 1 1 2 2 0 0 0 0 1 0
-1.43226189550248 -0.872538377885994 0.229042964900942 2.32298437153813 -0.471373808167442 1 2 1 2 2 1 2 2 2 0 2 0 0 0 1 0 0 1 0 0 2 2 1 2 2 1 2 0 1 2 2 2 1 2 2 1 2 2 2 0 2 0 0 0 1 0 0 1 0 0 2 2 1 2 2 1 2 0 1 2 2
1.61858402242363 0.221378711987324 1.22894474358479 -0.440620418431289 0.677221671311159 1 2 2 1 1 1 2 2 2 0 1 1 1 1 1 2 1 1 0 0 2 0 1 2 2 0 1 0 1 2 2 2 2 1 1 1 2 2 2 0 1 1 1 1 1 2 1 1 0 0 2 0 1 2 2 0 1 0 1 2 2
1.69336179719301 1.37115948447213 -1.71075964834581 -0.365437899837891 -0.769211862608237 -1 2 2 2 2 0 2 2 0 0 0 1 0 1 0 1 2 2 0 0 2 1 1 2 2 0 2 0 0 1 1 -2 -2 -2 -2 0 -2 -2 0 0 0 -1 0 -1 0 -1 -2 -2 0 0 -2 -1 -1 -2 -2 0 -2 0 0 -1 -1
1.23010041046453 -1.26200277270676 0.337035475713291 1.28462093914781 -0.252960144915313 -1 2 2 2 2 1 1 2 1 0 2 0 1 1 2 2 2 2 0 1 1 0 1 2 2 1 1 0 1 1 1 -2 -2 -2 -2 -1 -1 -2 -1 0 -2 0 -1 -1 -2 -2 -2 -2 0 -1 -1 0 -1 -2 -2 -1 -1 0 -1 -1 -1
0.142448833755817 -0.776445516463495 1.24258782801485 -0.555311382684912 0.0984724325525199 1 2 2 1 1 2 2 1 1 0 0 0 0 0 1 2 2 1 0 0 2 0 0 2 2 0 0 0 0 1 1 2 2 1 1 2 2 1 1 0 0 0 0 0 1 2 2 1 0 0 2 0 0 2 2 0 0 0 0 1 1
-1.3577967346884 0.97515062542043 -0.188175260945257 0.131342626507636 -0.962374160689933 1 2 2 2 1 2 2 2 2 0 1 0 0 0 1 2 2 1 0 1 2 1 2 2 2 1 1 1 2 2 2 2 2 2 1 2 2 2 2 0 1 0 0 0 1 2 2 1 0 1 2 1 2 2 2 1 1 1 2 2 2
0.298246678769373 0.0633212190400166 0.387360683602701 -0.656408541352781 -0.241664156825243 1 2 2 2 0 0 2 1 2 0 1 0 0 0 1 2 2 2 1 1 2 2 2 2 2 0 0 0 1 1 2 2 2 2 0 0 2 1 2 0 1 0 0 0 1 2 2 2 1 1 2 2 2 2 2 0 0 0 1 1 2
1.73986008278435 0.777085566258905 0.375940439743765 0.791433315573444 0.246837021938816 -1 2 2 0 0 0 2 2 1 0 2 0 1 2 1 1 2 1 0 2 1 1 1 2 2 0 1 0 1 1 1 -2 -2 0 0 0 -2 -2 -1 0 -2 0 -1 -2 -1 -1 -2 -1 0 -2 -1 -1 -1 -2 -2 0 -1 0 -1 -1 -1
-0.193995271631919 -0.260837672419868 -1.33108985879014 1.3439123371386 0.507898698875888 1 1 0 1 1 2 2 2 2 0 2 0 1 0 0 2 1 2 1 1 1 0 0 2 2 0 0 0 1 2 2 1 0 1 1 2 2 2 2 0 2 0 1 0 0 2 1 2 1 1 1 0 0 2 2 0 0 0 1 2 2
1.69899995528721 0.183366568599185 -1.17961144796016 -0.873930510646964 0.216375891266726 1 2 2 1 0 0 1 1 1 0 1 2 1 1 1 2 2 1 0 1 1 0 1 2 2 0 1 0 0 1 2 2 2 1 0 0 1 1 1 0 1 2 1 1 1 2 2 1 0 1 1 0 1 2 2 0 1 0 0 1 2
-0.579462057309276 -0.441835103353852 0.576118675449305 -0.560732328487278 -0.631931263999877 1 2 2 2 2 1 2 2 2 0 2 0 0 0 0 1 2 2 0 1 2 0 1 2 2 0 0 0 0 1 2 2 2 2 2 1 2 2 2 0 2 0 0 0 0 1 2 2 0 1 2 0 1 2 2 0 0 0 0 1 2
1.30754289003491 0.0375998271916803 -0.226355700149543 0.684446186689979 0.879659501534006 -1 2 2 2 1 1 1 2 1 0 2 0 0 0 0 1 2 1 0 1 1 0 2 2 2 0 1 0 0 2 2 -2 -2 -2 -1 -1 -1 -2 -1 0 -2 0 0 0 0 -1 -2 -1 0 -1 -1 0 -2 -2 -2 0 -1 0 0 -2 -2
-0.813819978565473 1.37280828805293 -0.375485980743168 -1.00014743299385 1.72881372816749 1 2 2 1 0 0 2 1 1 0 2 0 1 1 1 1 2 1 0 0 2 1 1 2 2 0 1 0 1 2 2 2 2 1 0 0 2 1 1 0 2 0 1 1 1 1 2 1 0 0 2 1 1 2 2 0 1 0 1 2 2
1.32944927802466 -0.272293192461699 0.355420729269609 0.722909846005151 -0.317678503862734 1 2 2 2 1 1 1 1 2 0 1 0 0 0 0 1 1 1 0 0 2 0 1 2 2 0 1 0 2 1 1 2 2 2 1 1 1 1 2 0 1 0 0 0 0 1 1 1 0 0 2 0 1 2 2 0 1 0 2 1 1
0.0550097551172139 -0.793858384439223 0.715638536505829 0.0631019473532081 0.511582528454247 1 2 1 1 0 1 1 1 1 0 1 0 0 1 0 1 1 1 0 0 1 0 1 2 2 1 1 0 0 0 0 2 1 1 0 1 1 1 1 0 1 0 0 1 0 1 1 1 0 0 1 0 1 2 2 1 1 0 0 0 0
-0.183863756665045 -0.32792780646411 -1.38775545932931 -0.590351489838666 -0.164268431804821 1 2 2 0 0 0 1 2 2 0 2 1 0 0 0 1 2 2 0 0 1 1 1 2 2 0 2 0 1 1 1 2 2 0 0 0 1 2 2 0 2 1 0 0 0 1 2 2 0 0 1 1 1 2 2 0 2 0 1 1 1
0.330811486966674 0.36824474991904 0.816140725083175 -0.709958559552279 -1.23783485939676 -1 2 2 2 2 1 2 2 0 0 0 0 0 0 1 2 2 2 0 1 2 2 1 2 2 1 2 1 1 1 2 -2 -2 -2 -2 -1 -2 -2 0 0 0 0 0 0 -1 -2 -2 -2 0 -1 -2 -2 -1 -2 -2 -1 -2 -1 -1 -1 -2
0.961147593315309 -0.586343608616757 3.25914915003087 3.0384618847527 1.37682515789345 1 2 2 1 0 1 2 1 2 0 1 0 0 1 0 1 2 2 0 0 1 0 1 2 1 1 1 0 2 1 1 2 2 1 0 1 2 1 2 0 1 0 0 1 0 1 2 2 0 0 1 0 1 2 1 1 1 0 2 1 1
0.9477353931928 -0.887168906604627 -0.826207731061177 -0.0857719328313229 -0.419444016343629 1 2 1 2 0 1 0 2 2 0 1 0 0 0 0 1 2 2 1 2 2 1 2 2 2 0 0 0 0 2 2 2 1 2 0 1 0 2 2 0 1 0 0 0 0 1 2 2 1 2 2 1 2 2 2 0 0 0 0 2 2
0.755799703235566 -0.187132429334589 -1.04789293321073 0.766024639372154 -1.6075412338913 -1 2 2 0 0 1 1 1 0 0 2 0 1 1 1 2 2 2 0 0 1 0 2 2 1 0 1 1 1 1 2 -2 -2 0 0 -1 -1 -1 0 0 -2 0 -1 -1 -1 -2 -2 -2 0 0 -1 0 -2 -2 -1 0 -1 -1 -1 -1 -2
1.7198906266107 1.14053660780559 -0.250581452031749 -0.373390732451083 -0.0590311546842882 -1 2 1 1 1 0 0 1 0 0 0 0 0 0 1 2 2 1 0 1 1 1 1 2 2 0 2 1 0 0 1 -2 -1 -1 -1 0 0 -1 0 0 0 0 0 0 -1 -2 -2 -1 0 -1 -1 -1 -1 -2 -2 0 -2 -1 0 0 -1
-0.302030309673084 -0.312630691381978 0.767363264082419 -0.943540375364191 -0.754711488596145 -1 2 2 2 1 0 1 1 1 0 1 1 0 0 0 2 2 2 0 0 0 0 0 1 1 0 0 1 2 2 2 -2 -2 -2 -1 0 -1 -1 -1 0 -1 -1 0 0 0 -2 -2 -2 0 0 0 0 0 -1 -1 0 0 -1 -2 -2 -2
0.0489090460857385 0.926446785639697 0.616876162730709 0.184850146490682 -1.76842988067191 1 2 2 1 0 2 1 1 2 0 1 0 0 0 0 2 2 2 0 1 1 0 1 2 1 0 0 0 2 2 2 2 2 1 0 2 1 1 2 0 1 0 0 0 0 2 2 2 0 1 1 0 1 2 1 0 0 0 2 2 2
0.384068247937213 -0.237552477791267 0.154820083779399 0.252191651320073 -1.18217213611935 -1 2 2 2 1 0 1 2 1 0 2 0 0 0 0 0 1 1 0 0 1 1 1 2 2 2 2 1 2 1 1 -2 -2 -2 -1 0 -1 -2 -1 0 -2 0 0 0 0 0 -1 -1 0 0 -1 -1 -1 -2 -2 -2 -2 -1 -2 -1 -1
-0.576233711212946 -0.642839109728851 1.86720406843605 -0.619928423103922 -0.769600796353627 1 2 1 1 1 0 1 1 2 0 0 0 0 0 1 2 1 1 0 1 1 0 0 1 2 0 2 0 0 1 2 2 1 1 1 0 1 1 2 0 0 0 0 0 1 2 1 1 0 1 1 0 0 1 2 0 2 0 0 1 2
-2.26280120622883 0.271492129277974 0.349319640293833 -1.24057365840745 -0.330969279210911 1 2 1 0 0 0 1 1 1 0 1 0 0 1 2 2 2 2 0 1 1 0 1 2 2 1 1 0 1 1 2 2 1 0 0 0 1 1 1 0 1 0 0 1 2 2 2 2 0 1 1 0 1 2 2 1 1 0 1 1 2
0.0195914101224302 0.823315076361773 -0.297003201452841 -0.145354677279047 -0.44090139075917 -1 2 2 2 2 1 2 2 2 0 2 1 0 0 1 2 2 1 1 1 0 0 2 2 2 1 1 1 2 1 1 -2 -2 -2 -2 -1 -2 -2 -2 0 -2 -1 0 0 -1 -2 -2 -1 -1 -1 0 0 -2 -2 -2 -1 -1 -1 -2 -1 -1
-0.462072570900638 1.19885147475721 0.125784760009929 0.892227587931753 -0.475342525657554 1 2 1 1 0 0 2 1 0 0 2 0 0 0 1 1 0 1 0 1 0 1 2 2 2 1 1 0 0 0 1 2 1 1 0 0 2 1 0 0 2 0 0 0 1 1 0 1 0 1 0 1 2 2 2 1 1 0 0 0 1
-0.559018739381748 -0.246426320317994 -0.0440411427926485 -1.45283582636129 0.31720445121023 -1 2 2 1 1 1 1 2 1 0 1 0 0 0 1 2 2 1 0 1 1 1 1 2 2 0 0 0 0 1 0 -2 -2 -1 -1 -1 -1 -2 -1 0 -1 0 0 0 -1 -2 -2 -1 0 -1 -1 -1 -1 -2 -2 0 0 0 0 -1 0
-0.293811507890907 1.02213918384136 1.49103415433125 -0.579649380954404 -0.386601398056931 -1 2 1 2 1 2 2 0 1 0 1 0 0 1 0 2 2 2 1 1 2 1 1 2 2 0 1 0 0 1 1 -2 -1 -2 -1 -2 -2 0 -1 0 -1 0 0 -1 0 -2 -2 -2 -1 -1 -2 -1 -1 -2 -2 0 -1 0 0 -1 -1
-0.00322909300507736 -1.14380420424651 0.466619468426412 1.34773056557319 0.65428193307358 -1 2 2 1 0 1 2 2 2 1 2 0 0 0 1 2 2 2 0 2 2 1 1 2 1 0 2 1 1 1 2 -2 -2 -1 0 -1 -2 -2 -2 -1 -2 0 0 0 -1 -2 -2 -2 0 -2 -2 -1 -1 -2 -1 0 -2 -1 -1 -1 -2
0.889777340148213 0.844987694289931 -1.03272442340546 -0.794121131403241 1.2706897777208 -1 2 2 2 2 1 2 2 2 0 2 0 0 1 0 2 1 1 0 2 1 1 2 2 2 0 2 0 1 1 1 -2 -2 -2 -2 -1 -2 -2 -2 0 -2 0 0 -1 0 -2 -1 -1 0 -2 -1 -1 -2 -2 -2 0 -2 0 -1 -1 -1
-0.881612222560377 1.79278651304869 -0.0315337793560995 -0.295488162298554 0.944220698001264 -1 2 2 2 2 1 1 1 1 0 1 0 0 0 0 0 1 2 0 0 0 0 1 1 1 0 0 1 1 0 2 -2 -2 -2 -2 -1 -1 -1 -1 0 -1 0 0 0 0 0 -1 -2 0 0 0 0 -1 -1 -1 0 0 -1 -1 0 -2
-0.492011209084056 -0.559532116096056 0.614772594186682 0.325524116348353 -2.24441433167594 -1 2 1 1 1 1 2 2 1 1 1 1 0 1 0 1 2 0 0 0 1 1 2 2 2 0 1 1 2 2 2 -2 -1 -1 -1 -1 -2 -2 -1 -1 -1 -1 0 -1 0 -1 -2 0 0 0 -1 -1 -2 -2 -2 0 -1 -1 -2 -2 -2
0.948599608004215 -1.40776997069562 -0.418995509559659 -1.11297929012599 -0.898443586024244 -1 2 1 1 1 2 2 2 2 0 1 0 1 1 1 2 2 1 0 1 0 0 0 2 2 0 1 0 2 1 2 -2 -1 -1 -1 -2 -2 -2 -2 0 -1 0 -1 -1 -1 -2 -2 -1 0 -1 0 0 0 -2 -2 0 -1 0 -2 -1 -2
-0.416212606889506 0.27604517477483 0.52329065142709 0.411846746969573 -0.0759805987930421 1 2 1 1 1 1 1 1 1 0 1 0 1 1 0 1 2 1 0 0 0 1 0 1 2 0 2 1 2 2 2 2 1 1 1 1 1 1 1 0 1 0 1 1 0 1 2 1 0 0 0 1 0 1 2 0 2 1 2 2 2
0.928836069364685 1.20423256063161 0.359215057893359 -1.10696322995672 1.51157290301658 1 2 1 2 1 0 2 1 1 0 2 0 1 0 0 1 1 2 0 0 2 1 2 2 2 1 1 1 1 0 1 2 1 2 1 0 2 1 1 0 2 0 1 0 0 1 1 2 0 0 2 1 2 2 2 1 1 1 1 0 1
-0.269647560974403 -1.01944211917279 0.708359575980944 1.24581722016292 0.254319688686934 1 2 1 2 2 2 2 1 0 0 0 0 0 0 0 2 2 2 0 0 1 0 0 2 2 1 1 0 0 1 2 2 1 2 2 2 2 1 0 0 0 0 0 0 0 2 2 2 0 0 1 0 0 2 2 1 1 0 0 1 2
-0.751709782447171 -1.56273008904972 -1.70758857556408 0.744211781996245 -0.658537340208162 1 2 1 2 1 1 2 2 2 1 2 2 1 2 2 2 2 2 0 1 0 1 2 2 2 1 1 1 2 1 2 2 1 2 1 1 2 2 2 1 2 2 1 2 2 2 2 2 0 1 0 1 2 2 2 1 1 1 2 1 2
0.279104849999293 -0.343930843410429 -0.347205517185051 1.1313943086432 -1.08043121282776 1 2 2 1 1 1 1 2 1 0 1 0 0 0 1 2 2 2 0 2 2 0 2 2 2 1 0 1 2 1 2 2 2 1 1 1 1 2 1 0 1 0 0 0 1 2 2 2 0 2 2 0 2 2 2 1 0 1 2 1 2
-0.952343117901481 -1.33109094222555 -0.203641716657678 -0.776425982766803 -1.04284402229564 1 2 2 1 1 1 2 1 1 0 2 0 0 0 1 2 2 1 0 1 1 1 1 2 1 1 0 0 0 2 2 2 2 1 1 1 2 1 1 0 2 0 0 0 1 2 2 1 0 1 1 1 1 2 1 1 0 0 0 2 2
0.0671731343522879 0.0891125360552554 -0.0694206521377266 -0.425548354976377 0.883351246975615 -1 2 2 1 0 1 1 1 0 0 1 0 0 1 0 2 2 1 0 1 2 0 0 2 2 0 1 1 1 2 2 -2 -2 -1 0 -1 -1 -1 0 0 -1 0 0 -1 0 -2 -2 -1 0 -1 -2 0 0 -2 -2 0 -1 -1 -1 -2 -2
1.91100831398602 1.330029232118 -0.657803528473951 0.0143355377915722 1.31095611156839 1 2 2 2 1 0 0 2 2 0 1 0 0 0 0 1 2 2 1 2 2 1 1 2 2 1 2 1 2 1 1 2 2 2 1 0 0 2 2 0 1 0 0 0 0 1 2 2 1 2 2 1 1 2 2 1 2 1 2 1 1
-0.913593049023284 0.692259766636489 -0.785531136749058 0.200125127421819 0.341813370346218 -1 2 2 2 1 2 2 1 0 0 1 1 1 0 1 2 2 2 0 0 0 1 1 2 1 0 0 0 1 1 2 -2 -2 -2 -1 -2 -2 -1 0 0 -1 -1 -1 0 -1 -2 -2 -2 0 0 0 -1 -1 -2 -1 0 0 0 -1 -1 -2
0.617223176717769 -1.66382900022835 0.0702670589188284 1.11432819088181 -0.493121786698621 1 2 2 1 1 0 1 2 2 1 2 0 0 0 1 2 2 2 0 0 0 0 0 2 2 0 1 0 1 2 2 2 2 1 1 0 1 2 2 1 2 0 0 0 1 2 2 2 0 0 0 0 0 2 2 0 1 0 1 2 2
1.08033158584906 -2.46963632218903 1.0693534197669 -0.747302562996192 -0.79392172265848 1 2 1 2 2 1 2 2 2 1 2 1 0 1 1 2 2 2 0 0 0 0 2 2 1 0 0 0 2 1 1 2 1 2 2 1 2 2 2 1 2 1 0 1 1 2 2 2 0 0 0 0 2 2 1 0 0 0 2 1 1
0.393314256333152 0.356457992254736 -2.04376878332662 -0.240653552971074 0.341168557129705 1 2 2 2 1 1 2 1 0 0 0 1 0 0 0 0 2 1 0 0 1 0 2 2 2 1 1 0 0 0 1 2 2 2 1 1 2 1 0 0 0 1 0 0 0 0 2 1 0 0 1 0 2 2 2 1 1 0 0 0 1
-0.226847108200278 -1.16633358007311 1.06291741156047 1.086214137361 -1.38787260001861 -1 2 1 2 1 0 2 2 0 0 1 1 1 1 1 2 2 2 0 0 1 1 1 2 2 0 0 0 0 0 2 -2 -1 -2 -1 0 -2 -2 0 0 -1 -1 -1 -1 -1 -2 -2 -2 0 0 -1 -1 -1 -2 -2 0 0 0 0 0 -2
-1.05593360520811 0.962479186933841 0.914452836019551 -0.433420189256807 -0.297842421284064 -1 2 2 2 2 2 2 2 2 0 0 1 0 0 1 2 2 2 0 1 2 1 2 2 2 1 0 1 0 0 1 -2 -2 -2 -2 -2 -2 -2 -2 0 0 -1 0 0 -1 -2 -2 -2 0 -1 -2 -1 -2 -2 -2 -1 0 -1 0 0 -1
0.296343314342781 -0.917276307349487 -0.45457805203286 0.356147606457283 0.317731562965435 -1 2 2 1 0 2 2 2 1 0 2 0 0 0 0 1 2 2 1 2 2 2 1 2 2 0 1 0 1 1 2 -2 -2 -1 0 -2 -2 -2 -1 0 -2 0 0 0 0 -1 -2 -2 -1 -2 -2 -2 -1 -2 -2 0 -1 0 -1 -1 -2
-0.272737548882467 -1.59672843929044 0.996218294915789 1.49822500945697 -0.722574530004493 -1 2 2 1 1 1 2 2 1 0 1 1 1 1 0 2 2 2 0 0 2 1 1 2 2 1 2 0 0 0 2 -2 -2 -1 -1 -1 -2 -2 -1 0 -1 -1 -1 -1 0 -2 -2 -2 0 0 -2 -1 -1 -2 -2 -1 -2 0 0 0 -2
1.50750358630644 1.48148722184148 -9.64654023165825e-05 0.568822932045649 1.5200320106802 1 2 1 1 1 0 0 0 1 0 1 0 0 0 0 2 2 2 1 1 1 0 1 2 2 1 2 0 1 2 2 2 1 1 1 0 0 0 1 0 1 0 0 0 0 2 2 2 1 1 1 0 1 2 2 1 2 0 1 2 2
-1.42249972795667 -0.201507591501476 -0.412661294956463 -0.453637550430199 0.517023899146139 -1 2 1 1 2 1 1 1 1 0 1 0 0 0 0 1 2 2 0 0 1 0 0 2 2 0 0 0 0 0 2 -2 -1 -1 -2 -1 -1 -1 -1 0 -1 0 0 0 0 -1 -2 -2 0 0 -1 0 0 -2 -2 0 0 0 0 0 -2
-0.858253744859019 1.42376398797637 -0.0813416162832413 0.286944702997864 -0.706883676977437 1 2 1 0 1 0 2 2 1 0 1 0 0 0 1 1 1 2 0 2 2 0 1 2 2 0 1 0 1 1 1 2 1 0 1 0 2 2 1 0 1 0 0 0 1 1 1 2 0 2 2 0 1 2 2 0 1 0 1 1 1
0.0776128985717748 -0.0432878150580154 -0.603810417020252 0.871992736834995 1.39557591818542 1 2 2 1 0 0 1 1 1 0 1 0 0 0 1 2 2 2 0 0 0 0 2 2 2 0 1 1 1 2 1 2 2 1 0 0 1 1 1 0 1 0 0 0 1 2 2 2 0 0 0 0 2 2 2 0 1 1 1 2 1
-1.05617823765151 -0.0118279304923869 0.244651450373942 -1.28016277771398 0.222219448286466 1 2 2 1 0 0 1 1 0 0 0 0 0 0 1 1 2 2 0 1 0 0 0 2 1 0 0 0 0 1 1 2 2 1 0 0 1 1 0 0 0 0 0 0 1 1 2 2 0 1 0 0 0 2 1 0 0 0 0 1 1
0.488678197415033 -0.768386364107137 1.53363454271776 1.06254122139869 -2.19106561247453 -1 2 2 1 1 1 1 2 1 0 2 0 0 1 1 2 2 2 0 0 1 0 2 2 2 0 1 0 1 1 1 -2 -2 -1 -1 -1 -1 -2 -1 0 -2 0 0 -1 -1 -2 -2 -2 0 0 -1 0 -2 -2 -2 0 -1 0 -1 -1 -1
-0.0408837274353662 0.635751741828964 -1.32253553975746 0.71611163963236 0.274017646526981 1 2 2 0 1 2 2 2 1 0 2 0 0 0 0 2 2 2 0 0 0 1 2 2 2 0 1 1 1 0 1 2 2 0 1 2 2 2 1 0 2 0 0 0 0 2 2 2 0 0 0 1 2 2 2 0 1 1 1 0 1
-0.0401940447230779 -0.361289467007448 1.39790396382629 -0.657244140616461 -0.456748242283768 -1 2 2 1 1 2 2 2 0 0 1 0 0 0 1 2 2 2 0 1 2 0 0 2 1 0 1 0 0 1 2 -2 -2 -1 -1 -2 -2 -2 0 0 -1 0 0 0 -1 -2 -2 -2 0 -1 -2 0 0 -2 -1 0 -1 0 0 -1 -2
-0.80475198439761 -0.737803376189975 -0.786619197035512 -0.638950673785148 0.290048315343939 -1 2 2 2 1 2 1 2 1 0 2 2 2 1 1 2 2 2 0 2 2 1 1 2 2 0 1 0 1 1 2 -2 -2 -2 -1 -2 -1 -2 -1 0 -2 -2 -2 -1 -1 -2 -2 -2 0 -2 -2 -1 -1 -2 -2 0 -1 0 -1 -1 -2
-0.943093383399125 1.00840651724706 -0.0472688924943961 -1.33577165973057 0.796523077980014 1 2 0 1 0 0 1 1 0 0 1 2 2 1 0 2 1 1 0 1 1 0 2 2 1 0 2 0 2 2 2 2 0 1 0 0 1 1 0 0 1 2 2 1 0 2 1 1 0 1 1 0 2 2 1 0 2 0 2 2 2
0.583759221173765 1.00099134444157 -1.17957074956969 -0.565787154872933 -0.598958795790445 1 2 2 0 2 2 2 2 1 0 2 0 0 0 1 2 2 0 0 0 2 0 1 2 1 1 0 0 1 2 2 2 2 0 2 2 2 2 1 0 2 0 0 0 1 2 2 0 0 0 2 0 1 2 1 1 0 0 1 2 2
0.961065706853291 0.217389148475643 1.37840000174709 -0.142594220518007 -0.358650051564322 1 2 2 0 0 0 0 1 0 0 1 1 0 1 0 1 2 2 0 1 0 0 0 2 2 0 1 0 1 2 2 2 2 0 0 0 0 1 0 0 1 1 0 1 0 1 2 2 0 1 0 0 0 2 2 0 1 0 1 2 2
-1.81667753763705 -0.645021501307574 2.14277599281062 0.224067487413365 -0.704614371984909 1 2 2 1 0 1 1 2 1 0 1 1 0 0 1 1 2 1 0 0 2 0 1 2 2 0 1 0 1 1 1 2 2 1 0 1 1 2 1 0 1 1 0 0 1 1 2 1 0 0 2 0 1 2 2 0 1 0 1 1 1
0.0501030835371617 -1.61652793761338 0.988321444030028 1.18870262421304 2.07839155611407 1 2 1 1 0 0 1 1 0 0 2 0 1 0 1 1 2 1 0 0 0 0 1 2 2 1 2 0 0 1 2 2 1 1 0 0 1 1 0 0 2 0 1 0 1 1 2 1 0 0 0 0 1 2 2 1 2 0 0 1 2
0.64190673479319 0.0374662668221584 0.414408582090788 -0.533937389696352 -1.37711822905351 -1 2 1 1 1 0 0 0 1 0 0 0 0 0 0 1 2 1 0 1 2 0 0 2 2 0 0 0 0 0 2 -2 -1 -1 -1 0 0 0 -1 0 0 0 0 0 0 -1 -2 -1 0 -1 -2 0 0 -2 -2 0 0 0 0 0 -2
-1.29376059417018 -0.750102162398001 -0.15570869070697 -1.20932195515371 -0.204855795489412 -1 2 2 1 1 0 2 2 1 0 2 0 0 0 1 1 1 1 0 1 1 0 0 2 1 0 2 0 1 2 1 -2 -2 -1 -1 0 -2 -2 -1 0 -2 0 0 0 -1 -1 -1 -1 0 -1 -1 0 0 -2 -1 0 -2 0 -1 -2 -1
-0.520049388908995 -1.11920897613276 0.85602668333097 0.357780696082111 -0.112359935384571 1 2 1 1 2 1 2 2 1 0 1 0 0 0 0 0 1 0 0 0 1 0 1 2 2 0 2 0 0 0 1 2 1 1 2 1 2 2 1 0 1 0 0 0 0 0 1 0 0 0 1 0 1 2 2 0 2 0 0 0 1
-0.263209065641068 -0.977953737353033 -0.477092779812554 0.017873815827828 -1.11572153200814 -1 2 2 2 2 1 2 2 2 0 2 0 0 0 0 2 2 2 0 1 0 1 2 2 2 1 1 1 1 1 0 -2 -2 -2 -2 -1 -2 -2 -2 0 -2 0 0 0 0 -2 -2 -2 0 -1 0 -1 -2 -2 -2 -1 -1 -1 -1 -1 0
-0.260362551769651 -0.847498730887493 -1.42480659707104 0.306239824664796 0.0714360312600188 -1 2 2 2 1 1 2 2 2 0 0 0 1 1 2 2 2 2 0 1 2 0 2 2 2 0 1 1 1 1 1 -2 -2 -2 -1 -1 -2 -2 -2 0 0 0 -1 -1 -2 -2 -2 -2 0 -1 -2 0 -2 -2 -2 0 -1 -1 -1 -1 -1
-0.335241403710282 1.87703597448269 -1.7353161695282 1.38883049605095 -0.25092719378721 1 2 2 2 2 1 2 2 1 0 1 1 1 1 0 2 2 2 0 0 1 1 1 2 2 0 2 1 0 2 2 2 2 2 2 1 2 2 1 0 1 1 1 1 0 2 2 2 0 0 1 1 1 2 2 0 2 1 0 2 2
-0.130351276499837 -1.07805105090907 0.361140149125955 -1.48920391921554 0.0616530178408455 -1 2 1 1 0 0 2 2 2 0 2 0 0 0 0 2 2 1 0 1 1 0 2 2 2 1 1 0 1 2 2 -2 -1 -1 0 0 -2 -2 -2 0 -2 0 0 0 0 -2 -2 -1 0 -1 -1 0 -2 -2 -2 -1 -1 0 -1 -2 -2
-0.293628350597371 1.09143089645147 1.7247943888978 0.61239968285849 1.05029439026071 1 2 2 0 0 2 1 2 1 0 2 0 0 0 1 2 2 1 0 0 1 1 2 2 2 0 1 0 0 1 2 2 2 0 0 2 1 2 1 0 2 0 0 0 1 2 2 1 0 0 1 1 2 2 2 0 1 0 0 1 2
-2.11287127056432 0.571412382446737 -0.638079828845061 -0.242593647067826 -1.16973866014543 -1 2 2 2 1 1 2 2 1 0 1 0 0 0 0 1 1 1 0 0 1 0 1 2 2 0 1 1 1 1 2 -2 -2 -2 -1 -1 -2 -2 -1 0 -1 0 0 0 0 -1 -1 -1 0 0 -1 0 -1 -2 -2 0 -1 -1 -1 -1 -2
-0.747724191993485 -0.208429247091562 -1.69847355278677 1.58048064258457 -0.350521100551032 1 2 1 1 1 1 1 2 1 0 2 0 0 0 0 2 2 1 0 1 1 0 0 2 2 0 1 0 0 2 2 2 1 1 1 1 1 2 1 0 2 0 0 0 0 2 2 1 0 1 1 0 0 2 2 0 1 0 0 2 2
-0.551455610554211 -0.0133295127334852 -1.08705821701271 -2.01800909107128 2.00015898665404 1 2 2 2 1 1 1 2 2 0 1 1 0 0 1 2 2 2 0 0 1 1 0 2 2 0 2 0 1 2 2 2 2 2 1 1 1 2 2 0 1 1 0 0 1 2 2 2 0 0 1 1 0 2 2 0 2 0 1 2 2
-1.02023580833348 1.52939668677703 0.698837344260461 0.399195205257074 -1.69664940170453 -1 2 1 0 1 0 1 2 1 0 1 0 0 0 0 2 2 1 0 1 1 1 1 2 2 1 2 0 1 1 1 -2 -1 0 -1 0 -1 -2 -1 0 -1 0 0 0 0 -2 -2 -1 0 -1 -1 -1 -1 -2 -2 -1 -2 0 -1 -1 -1
0.46794555828969 -1.19460235196787 -1.57182905240896 -0.601187879691486 1.44249727009972 -1 2 2 2 2 1 2 1 1 0 1 0 0 0 0 1 1 1 0 0 0 0 2 2 2 1 1 1 1 1 2 -2 -2 -2 -2 -1 -2 -1 -1 0 -1 0 0 0 0 -1 -1 -1 0 0 0 0 -2 -2 -2 -1 -1 -1 -1 -1 -2
0.0610048927515261 -0.0373641661122123 -0.328862394640194 -0.144450856125424 0.641073666866019 -1 2 2 1 0 1 2 1 1 0 2 0 1 0 0 2 2 2 0 0 2 0 1 2 2 0 1 0 1 0 2 -2 -2 -1 0 -1 -2 -1 -1 0 -2 0 -1 0 0 -2 -2 -2 0 0 -2 0 -1 -2 -2 0 -1 0 -1 0 -2
-0.093225627707848 -1.23214796127014 -1.03484261686956 0.0557535514431982 0.312707006556436 1 2 2 2 2 2 1 2 2 0 1 0 0 0 0 0 1 1 0 0 0 1 1 2 2 0 1 0 1 1 1 2 2 2 2 2 1 2 2 0 1 0 0 0 0 0 1 1 0 0 0 1 1 2 2 0 1 0 1 1 1
1.06386410559151 1.22199586137285 0.30731161678417 1.27497583433666 -0.405145960662922 1 2 2 1 0 0 1 0 0 0 0 1 1 1 1 2 2 2 0 1 2 0 1 2 2 0 2 2 2 2 2 2 2 1 0 0 1 0 0 0 0 1 1 1 1 2 2 2 0 1 2 0 1 2 2 0 2 2 2 2 2
-0.128561885774218 -0.00456552462702597 -0.622164051710862 0.89390975278927 1.95379762968131 1 2 2 2 2 2 2 2 1 0 1 1 0 0 0 2 2 2 1 2 2 0 0 2 2 0 1 1 2 1 2 2 2 2 2 2 2 2 1 0 1 1 0 0 0 2 2 2 1 2 2 0 0 2 2 0 1 1 2 1 2
-0.833874903998036 -1.41149870119128 1.39207860540561 1.2717252999742 -1.03527224931433 1 2 2 0 0 1 2 1 0 0 2 0 1 1 1 2 2 2 0 1 1 1 1 2 2 1 2 1 1 1 2 2 2 0 0 1 2 1 0 0 2 0 1 1 1 2 2 2 0 1 1 1 1 2 2 1 2 1 1 1 2
-2.23813231539655 1.0881674388516 -0.757970105735689 -0.230576146722841 0.269533361962406 -1 2 1 2 2 1 1 0 0 0 1 2 0 0 0 2 2 1 0 1 0 0 0 2 2 1 2 0 1 1 1 -2 -1 -2 -2 -1 -1 0 0 0 -1 -2 0 0 0 -2 -2 -1 0 -1 0 0 0 -2 -2 -1 -2 0 -1 -1 -1
-0.906417797573937 -0.214942978510344 -2.39950118890108 -1.36947696213414 1.36244367074031 -1 2 2 1 0 1 1 1 1 0 2 1 1 1 0 2 2 2 0 1 1 0 1 2 1 0 0 0 1 2 1 -2 -2 -1 0 -1 -1 -1 -1 0 -2 -1 -1 -1 0 -2 -2 -2 0 -1 -1 0 -1 -2 -1 0 0 0 -1 -2 -1
-1.07499187250888 1.03725981929407 -3.02843848266659 -2.02873561142979 0.115062550199971 -1 2 2 2 2 2 2 2 2 1 2 0 0 0 1 2 2 2 0 0 1 0 2 2 2 1 1 0 0 1 2 -2 -2 -2 -2 -2 -2 -2 -2 -1 -2 0 0 0 -1 -2 -2 -2 0 0 -1 0 -2 -2 -2 -1 -1 0 0 -1 -2
0.272642018976889 -0.158167305066571 2.19060747142081 1.17550358121517 -0.387321917227615 1 2 1 0 1 0 0 1 2 0 1 0 0 0 0 1 1 2 0 0 0 0 0 1 1 0 2 0 1 2 2 2 1 0 1 0 0 1 2 0 1 0 0 0 0 1 1 2 0 0 0 0 0 1 1 0 2 0 1 2 2
2.92617887058098 0.067738663478178 -0.0748020613106718 -1.37714849884986 0.31565000625777 1 2 2 1 2 2 2 2 2 0 1 0 0 0 0 1 1 2 0 0 0 0 0 2 2 0 1 1 1 2 2 2 2 1 2 2 2 2 2 0 1 0 0 0 0 1 1 2 0 0 0 0 0 2 2 0 1 1 1 2 2
0.043819174571044 0.154901586659548 -0.571578642151169 0.136895814000738 -0.162272996308306 1 2 2 2 1 1 2 1 1 0 2 0 0 0 0 2 2 1 0 0 0 0 2 2 2 0 0 0 2 2 2 2 2 2 1 1 2 1 1 0 2 0 0 0 0 2 2 1 0 0 0 0 2 2 2 0 0 0 2 2 2
0.863042954603071 -0.931884005739384 -0.0477653005539561 -0.11393862037356 -1.83920527249722 -1 2 1 2 2 2 2 1 1 0 2 0 0 0 1 2 2 2 0 0 1 1 1 2 2 0 0 0 1 1 2 -2 -1 -2 -2 -2 -2 -1 -1 0 -2 0 0 0 -1 -2 -2 -2 0 0 -1 -1 -1 -2 -2 0 0 0 -1 -1 -2
-0.682069929499168 -1.02481715280062 -0.395240340706276 0.957915144094739 -1.84673003603615 -1 2 2 2 1 1 1 1 2 0 1 0 0 0 1 1 2 2 0 2 1 0 2 2 2 1 1 0 0 0 0 -2 -2 -2 -1 -1 -1 -1 -2 0 -1 0 0 0 -1 -1 -2 -2 0 -2 -1 0 -2 -2 -2 -1 -1 0 0 0 0
1.40207798700336 -0.915439893257953 -0.346946132471079 0.73650855663942 -0.380580034879106 1 2 2 2 1 1 2 1 1 0 2 1 0 0 0 2 1 2 0 0 1 0 1 2 2 0 1 0 0 1 2 2 2 2 1 1 2 1 1 0 2 1 0 0 0 2 1 2 0 0 1 0 1 2 2 0 1 0 0 1 2
-0.502810079326506 0.416452474128065 -0.142105841981128 0.0957531448650389 0.620649514433037 -1 2 1 2 2 1 2 2 2 0 2 0 0 0 0 2 0 1 0 1 1 0 0 2 1 0 1 0 1 2 2 -2 -1 -2 -2 -1 -2 -2 -2 0 -2 0 0 0 0 -2 0 -1 0 -1 -1 0 0 -2 -1 0 -1 0 -1 -2 -2
-0.816284827295097 0.687084376690888 -2.80954445373355 0.917479388451124 -2.2512491346647 -1 2 2 1 0 1 1 1 1 0 1 0 1 0 0 2 2 2 0 1 0 0 2 2 0 0 1 0 0 0 1 -2 -2 -1 0 -1 -1 -1 -1 0 -1 0 -1 0 0 -2 -2 -2 0 -1 0 0 -2 -2 0 0 -1 0 0 0 -1
