0.328818609805791 -0.344884870667977 -1.38401164548184 -1.46170757470701 1.03002906950913 1 0 2 2 2 0 2 2 0 0 1 0 0 2 1 2 2 1 0 1 0 0 2 2 1 2 0 1 0 1 0 0 2 2 2 0 2 2 0 0 1 0 0 2 1 2 2 1 0 1 0 0 2 2 1 2 0 1 0 1 0
-0.117277424376738 -0.891142378092662 -0.414326405240747 0.00290476646041749 1.48336021589642 1 1 1 2 2 0 2 2 0 2 2 0 2 1 0 2 0 1 0 0 0 0 2 1 1 2 0 2 0 0 1 1 1 2 2 0 2 2 0 2 2 0 2 1 0 2 0 1 0 0 0 0 2 1 1 2 0 2 0 0 1
-0.857115941631608 0.146432485036369 1.9957306882349 -0.608892962917569 0.280707148879529 1 1 2 2 2 0 2 2 0 1 0 0 1 2 0 2 2 2 0 1 0 0 2 2 1 2 1 2 1 1 2 1 2 2 2 0 2 2 0 1 0 0 1 2 0 2 2 2 0 1 0 0 2 2 1 2 1 2 1 1 2
1.0765687532205 -1.30426494268578 -0.474991105313598 1.7526364914328 -0.314241386057739 -1 0 0 1 2 0 2 1 0 0 0 0 2 2 1 2 2 2 1 1 0 0 2 2 1 0 0 1 0 0 2 0 0 -1 -2 0 -2 -1 0 0 0 0 -2 -2 -1 -2 -2 -2 -1 -1 0 0 -2 -2 -1 0 0 -1 0 0 -2
-0.184658950679196 -1.14247930418474 0.0158881127711865 -0.418024185849673 -0.705938635080162 -1 1 0 0 1 0 2 2 0 0 2 0 2 2 0 2 0 0 0 1 0 0 2 1 1 2 0 2 1 2 2 -1 0 0 -1 0 -2 -2 0 0 -2 0 -2 -2 0 -2 0 0 0 -1 0 0 -2 -1 -1 -2 0 -2 -1 -2 -2
-1.97998084031099 0.282539668317037 0.565167712561297 0.659364464474892 -0.467569970706863 -1 0 0 1 2 0 0 1 0 0 1 1 2 1 0 2 2 1 1 1 0 0 2 1 1 2 2 2 0 0 2 0 0 -1 -2 0 0 -1 0 0 -1 -1 -2 -1 0 -2 -2 -1 -1 -1 0 0 -2 -1 -1 -2 -2 -2 0 0 -2
0.496300208642044 0.34351940146692 -0.276064721566315 -0.24728141250132 -0.669839705441065 1 1 1 1 1 0 2 2 0 1 2 0 2 2 0 1 2 2 1 0 0 0 2 1 0 1 0 2 2 2 2 1 1 1 1 0 2 2 0 1 2 0 2 2 0 1 2 2 1 0 0 0 2 1 0 1 0 2 2 2 2
-0.288031725866563 -0.308788593638912 -0.138502855266421 -0.897030324496067 0.787887594804192 1 1 1 2 2 1 2 2 0 0 1 0 2 2 2 2 2 2 1 2 0 0 2 2 0 2 0 1 1 0 0 1 1 2 2 1 2 2 0 0 1 0 2 2 2 2 2 2 1 2 0 0 2 2 0 2 0 1 1 0 0
-1.12472113527743 0.10892445171723 0.962992317842852 2.66944589190576 1.84753654160221 -1 1 1 1 1 0 1 1 0 1 2 0 1 1 0 1 2 1 0 2 1 0 2 1 1 2 0 2 1 1 2 -1 -1 -1 -1 0 -1 -1 0 -1 -2 0 -1 -1 0 -1 -2 -1 0 -2 -1 0 -2 -1 -1 -2 0 -2 -1 -1 -2
0.208220435964987 2.13974070876306 0.957641708717025 1.21885338113011 0.35577243479072 -1 0 1 2 2 0 0 1 0 0 2 0 1 2 0 2 2 2 1 1 0 2 2 2 0 2 0 1 0 0 0 0 -1 -2 -2 0 0 -1 0 0 -2 0 -1 -2 0 -2 -2 -2 -1 -1 0 -2 -2 -2 0 -2 0 -1 0 0 0
-1.35964528838776 2.01189467453384 0.537527895665938 0.223297488877166 1.15363511343058 -1 0 0 2 2 0 2 2 0 0 2 0 2 2 0 2 2 1 0 1 1 1 2 2 1 1 0 0 1 0 1 0 0 -2 -2 0 -2 -2 0 0 -2 0 -2 -2 0 -2 -2 -1 0 -1 -1 -1 -2 -2 -1 -1 0 0 -1 0 -1
-1.14391105350914 -0.238406427097798 1.75560689795376 0.72464841388437 -0.830813381345074 1 0 1 2 2 0 1 1 0 0 0 0 2 2 0 2 2 2 0 1 1 0 2 2 1 2 1 2 1 0 1 0 1 2 2 0 1 1 0 0 0 0 2 2 0 2 2 2 0 1 1 0 2 2 1 2 1 2 1 0 1
1.15144762367602 -0.3145783261545 1.3371623894249 -0.204892685527192 -0.0449791095496688 1 0 0 1 2 0 2 2 0 1 2 1 2 2 0 2 1 2 1 1 0 0 2 2 1 2 0 1 0 0 1 0 0 1 2 0 2 2 0 1 2 1 2 2 0 2 1 2 1 1 0 0 2 2 1 2 0 1 0 0 1
-0.00445789175325495 -0.397080476798428 -0.300591128222358 0.567727675523061 0.119777897451693 -1 0 1 1 1 0 2 2 0 0 1 0 2 2 1 1 1 1 1 1 0 0 2 2 1 2 1 2 1 2 2 0 -1 -1 -1 0 -2 -2 0 0 -1 0 -2 -2 -1 -1 -1 -1 -1 -1 0 0 -2 -2 -1 -2 -1 -2 -1 -2 -2
1.51861685962513 0.791826658834618 1.18316538535952 -0.0946062671137693 1.62155827691486 1 1 1 2 2 1 2 2 0 2 1 0 1 2 0 2 2 2 0 0 0 0 2 2 0 2 1 2 0 0 1 1 1 2 2 1 2 2 0 2 1 0 1 2 0 2 2 2 0 0 0 0 2 2 0 2 1 2 0 0 1
-0.522052552732669 -0.492955287941758 0.476109319421339 0.212894507895323 -1.85542952104663 -1 1 1 2 2 0 1 1 0 1 1 0 2 2 0 1 2 0 1 1 0 0 2 2 2 2 0 2 0 1 2 -1 -1 -2 -2 0 -1 -1 0 -1 -1 0 -2 -2 0 -1 -2 0 -1 -1 0 0 -2 -2 -2 -2 0 -2 0 -1 -2
0.603802228346812 1.00858940089915 -0.684573381965488 -0.776519296909796 0.886020350195377 1 1 2 2 2 0 2 2 0 1 2 1 1 2 0 2 1 1 0 0 0 0 1 1 0 2 1 2 2 1 1 1 2 2 2 0 2 2 0 1 2 1 1 2 0 2 1 1 0 0 0 0 1 1 0 2 1 2 2 1 1
-0.118798322484883 -0.673857954428892 0.904676104704286 -0.393020204779228 0.448034576729465 1 0 0 2 2 0 2 2 0 1 2 0 1 1 0 1 2 2 2 1 1 1 2 2 0 2 1 2 1 1 2 0 0 2 2 0 2 2 0 1 2 0 1 1 0 1 2 2 2 1 1 1 2 2 0 2 1 2 1 1 2
-0.91152830743459 -0.0198215698392404 1.37055896606552 0.658439259518411 1.19559375480673 1 1 2 2 2 0 1 2 0 0 1 0 1 2 1 1 2 1 2 1 0 1 2 1 1 2 0 1 0 2 1 1 2 2 2 0 1 2 0 0 1 0 1 2 1 1 2 1 2 1 0 1 2 1 1 2 0 1 0 2 1
0.597584399758445 0.396613423737712 0.731728596824769 -0.0287105372964615 0.302634910735235 -1 1 0 1 2 0 2 2 0 0 1 0 2 2 0 2 2 2 2 1 0 0 2 1 0 2 0 2 0 0 0 -1 0 -1 -2 0 -2 -2 0 0 -1 0 -2 -2 0 -2 -2 -2 -2 -1 0 0 -2 -1 0 -2 0 -2 0 0 0
-0.112383427675763 1.22128001536435 -0.211793639073659 1.3471603039458 -1.86010886092712 -1 1 1 2 2 0 1 2 0 0 1 0 2 2 0 1 1 1 1 1 0 0 2 2 2 2 0 2 0 1 2 -1 -1 -2 -2 0 -1 -2 0 0 -1 0 -2 -2 0 -1 -1 -1 -1 -1 0 0 -2 -2 -2 -2 0 -2 0 -1 -2
0.333317740663091 0.724892830501484 -0.187540316235811 0.964172564930809 -1.00304099794801 -1 0 0 0 0 0 2 2 0 0 2 0 2 2 0 2 2 2 1 2 1 0 2 2 1 2 0 2 1 2 2 0 0 0 0 0 -2 -2 0 0 -2 0 -2 -2 0 -2 -2 -2 -1 -2 -1 0 -2 -2 -1 -2 0 -2 -1 -2 -2
2.00549355478399 -0.460933218605687 0.362135506526922 0.500929187970799 0.627846107665695 -1 0 0 2 1 0 2 2 1 1 1 0 1 1 0 2 2 2 2 2 0 0 2 2 1 2 0 2 1 1 2 0 0 -2 -1 0 -2 -2 -1 -1 -1 0 -1 -1 0 -2 -2 -2 -2 -2 0 0 -2 -2 -1 -2 0 -2 -1 -1 -2
0.143101247610392 1.97884246036516 -0.304554951460345 1.08271663634245 -1.47425312684578 -1 1 1 2 2 0 1 2 0 1 2 0 1 2 0 2 2 2 1 2 0 0 2 2 1 2 0 2 0 1 2 -1 -1 -2 -2 0 -1 -2 0 -1 -2 0 -1 -2 0 -2 -2 -2 -1 -2 0 0 -2 -2 -1 -2 0 -2 0 -1 -2
1.42365461664653 -0.698011468485168 0.434316437975342 -0.158127820151749 0.65805495980802 1 0 0 1 2 0 2 2 0 0 1 0 2 2 0 2 2 1 1 2 0 0 1 1 0 1 0 2 0 0 2 0 0 1 2 0 2 2 0 0 1 0 2 2 0 2 2 1 1 2 0 0 1 1 0 1 0 2 0 0 2
1.76046088460637 0.858629502068722 1.75001913851387 -0.703838701605661 0.952044526735265 -1 1 0 2 2 0 0 2 1 0 1 0 2 2 0 2 2 2 0 0 0 0 2 1 0 2 0 1 0 1 2 -1 0 -2 -2 0 0 -2 -1 0 -1 0 -2 -2 0 -2 -2 -2 0 0 0 0 -2 -1 0 -2 0 -1 0 -1 -2
2.24293287913999 -0.937585962685596 -0.412962582032386 0.551827426858459 -0.696951334580664 1 1 1 2 2 0 2 2 0 1 2 1 1 1 0 2 2 2 1 1 0 0 2 1 0 1 0 2 0 1 1 1 1 2 2 0 2 2 0 1 2 1 1 1 0 2 2 2 1 1 0 0 2 1 0 1 0 2 0 1 1
-1.62589831590911 0.437175517976965 -0.598079343553464 -0.477029141119682 2.11004774879736 -1 1 1 2 2 0 2 2 0 0 2 1 1 2 0 1 2 2 1 2 0 0 2 2 1 2 1 1 0 0 2 -1 -1 -2 -2 0 -2 -2 0 0 -2 -1 -1 -2 0 -1 -2 -2 -1 -2 0 0 -2 -2 -1 -2 -1 -1 0 0 -2
1.44922080813328 0.933068100729711 0.0128460112032024 -1.63777845189489 1.13157675749473 1 1 1 1 2 0 1 1 0 0 1 0 1 1 0 1 2 2 2 1 0 0 2 1 0 1 0 1 0 0 1 1 1 1 2 0 1 1 0 0 1 0 1 1 0 1 2 2 2 1 0 0 2 1 0 1 0 1 0 0 1
0.268491693108056 -0.561596064613848 -1.02021654304521 0.421076439641621 0.291732713292422 -1 0 1 2 2 0 2 2 0 0 2 1 2 2 0 2 2 2 0 1 0 0 2 1 1 2 0 2 1 1 2 0 -1 -2 -2 0 -2 -2 0 0 -2 -1 -2 -2 0 -2 -2 -2 0 -1 0 0 -2 -1 -1 -2 0 -2 -1 -1 -2
1.87878839166721 0.629397114642131 1.06285248416548 0.188785907890876 -1.20200171230203 -1 2 2 1 1 0 2 2 1 1 2 2 2 1 0 1 2 2 0 1 0 0 2 2 0 1 0 1 0 1 2 -2 -2 -1 -1 0 -2 -2 -1 -1 -2 -2 -2 -1 0 -1 -2 -2 0 -1 0 0 -2 -2 0 -1 0 -1 0 -1 -2
0.166726892297589 -1.38865184317984 -0.35903153711776 1.56326415008526 0.403694557889827 -1 0 1 2 2 0 2 2 0 0 1 0 2 1 0 1 2 2 1 1 0 0 2 2 1 2 0 1 0 0 1 0 -1 -2 -2 0 -2 -2 0 0 -1 0 -2 -1 0 -1 -2 -2 -1 -1 0 0 -2 -2 -1 -2 0 -1 0 0 -1
-2.03163404473642 -0.121313986438346 0.245150942800299 -0.484010481187137 -1.31237556685665 1 0 0 0 1 0 2 2 0 1 1 0 1 2 0 2 2 2 0 1 0 0 2 2 1 2 0 2 0 1 2 0 0 0 1 0 2 2 0 1 1 0 1 2 0 2 2 2 0 1 0 0 2 2 1 2 0 2 0 1 2
0.181704833797473 0.931572605269003 0.922432902814861 2.06447360662788 1.28622896902922 1 0 1 1 2 0 2 2 0 0 2 1 1 2 0 2 2 2 1 2 0 0 2 1 1 2 0 2 1 2 2 0 1 1 2 0 2 2 0 0 2 1 1 2 0 2 2 2 1 2 0 0 2 1 1 2 0 2 1 2 2
-1.42918444434162 0.261912770934742 -0.589952925818401 -0.128094927926749 0.605654659638025 -1 1 1 1 1 0 2 2 0 1 2 0 1 2 0 2 2 1 0 2 0 0 2 1 2 2 2 2 1 2 1 -1 -1 -1 -1 0 -2 -2 0 -1 -2 0 -1 -2 0 -2 -2 -1 0 -2 0 0 -2 -1 -2 -2 -2 -2 -1 -2 -1
1.01084363357548 0.530197603325776 0.149098542730901 0.893345096827886 -0.944600880356185 1 0 2 2 2 0 1 2 0 0 1 0 2 2 0 1 1 2 0 0 0 0 2 2 2 2 1 2 0 0 2 0 2 2 2 0 1 2 0 0 1 0 2 2 0 1 1 2 0 0 0 0 2 2 2 2 1 2 0 0 2
-0.705722842522914 -0.847826204539246 0.279099252911374 0.794052549294083 -2.60204064127718 -1 1 2 2 2 1 2 2 0 0 2 1 2 2 0 2 2 2 1 2 0 0 2 2 0 2 0 2 1 1 1 -1 -2 -2 -2 -1 -2 -2 0 0 -2 -1 -2 -2 0 -2 -2 -2 -1 -2 0 0 -2 -2 0 -2 0 -2 -1 -1 -1
0.350907601283439 0.801633405714585 0.4411568259262 0.0510171912338455 0.904123347808949 -1 0 0 1 1 0 2 2 0 0 1 0 2 2 0 2 2 2 1 1 0 0 2 2 1 2 0 2 1 0 2 0 0 -1 -1 0 -2 -2 0 0 -1 0 -2 -2 0 -2 -2 -2 -1 -1 0 0 -2 -2 -1 -2 0 -2 -1 0 -2
-0.675144713055714 0.61419452673354 0.654293725323445 -0.610066388605313 -0.00908315574060382 1 2 1 2 2 0 2 2 1 1 2 1 1 2 1 2 2 2 1 2 0 1 2 2 1 2 0 0 0 0 1 2 1 2 2 0 2 2 1 1 2 1 1 2 1 2 2 2 1 2 0 1 2 2 1 2 0 0 0 0 1
-2.03211257904164 0.685467022752168 0.0497027621604103 -0.218704653668581 -1.02368246185589 1 2 1 2 2 0 2 2 0 1 2 1 1 2 0 2 1 1 0 1 0 0 2 1 0 2 0 1 0 1 2 2 1 2 2 0 2 2 0 1 2 1 1 2 0 2 1 1 0 1 0 0 2 1 0 2 0 1 0 1 2
-1.49008043909933 -0.12117065317503 0.47490719419332 0.646217029434252 0.578858105049801 -1 1 1 2 2 0 1 1 0 0 2 0 2 2 0 1 1 1 0 2 0 0 2 2 0 2 0 2 1 1 2 -1 -1 -2 -2 0 -1 -1 0 0 -2 0 -2 -2 0 -1 -1 -1 0 -2 0 0 -2 -2 0 -2 0 -2 -1 -1 -2
0.0072147582363909 0.662684250638166 -2.10308376886011 0.25296592007413 1.64312768758664 -1 1 1 1 2 0 2 2 0 0 0 0 2 2 0 1 2 1 1 1 0 0 2 2 1 2 0 2 0 0 2 -1 -1 -1 -2 0 -2 -2 0 0 0 0 -2 -2 0 -1 -2 -1 -1 -1 0 0 -2 -2 -1 -2 0 -2 0 0 -2
-0.490559849156778 -1.10509663405023 0.449743866532346 0.221288163419178 0.423805345047223 1 1 2 1 1 0 1 2 0 0 2 1 1 1 0 2 1 2 1 1 0 0 2 1 0 1 0 1 0 1 1 1 2 1 1 0 1 2 0 0 2 1 1 1 0 2 1 2 1 1 0 0 2 1 0 1 0 1 0 1 1
-2.3457947611507 -1.06478149991159 -0.147015042287698 1.80672135274085 0.372364567742085 -1 1 1 1 1 0 1 2 0 0 1 0 1 2 0 2 2 1 1 1 0 0 2 1 2 2 0 2 1 1 2 -1 -1 -1 -1 0 -1 -2 0 0 -1 0 -1 -2 0 -2 -2 -1 -1 -1 0 0 -2 -1 -2 -2 0 -2 -1 -1 -2
-0.868754668766164 0.356182392171967 -0.12410953761872 1.94721441929079 -0.645724526923007 -1 0 1 1 2 0 2 1 0 0 1 0 2 2 0 1 1 0 1 1 0 0 2 2 1 2 0 2 1 0 1 0 -1 -1 -2 0 -2 -1 0 0 -1 0 -2 -2 0 -1 -1 0 -1 -1 0 0 -2 -2 -1 -2 0 -2 -1 0 -1
0.200598207711577 0.310903109133545 -0.762480195494803 -0.137675024799219 -0.547158765382251 -1 1 1 1 2 0 2 2 0 1 1 0 1 2 1 2 1 2 0 0 0 0 2 2 1 1 0 2 0 1 2 -1 -1 -1 -2 0 -2 -2 0 -1 -1 0 -1 -2 -1 -2 -1 -2 0 0 0 0 -2 -2 -1 -1 0 -2 0 -1 -2
-0.0249837898073647 1.55192293116681 -0.210154050471848 0.179064301445542 1.32935150383622 -1 1 1 2 2 1 2 1 0 1 1 0 1 2 0 1 2 2 1 1 0 0 2 2 0 2 0 1 1 2 1 -1 -1 -2 -2 -1 -2 -1 0 -1 -1 0 -1 -2 0 -1 -2 -2 -1 -1 0 0 -2 -2 0 -2 0 -1 -1 -2 -1
0.305161578702083 -0.747551625076641 -0.608380166900632 -2.22952332151967 -2.44096984196476 -1 2 1 2 1 0 2 2 0 1 1 0 1 0 0 2 2 2 0 1 0 0 2 1 1 2 0 2 0 1 2 -2 -1 -2 -1 0 -2 -2 0 -1 -1 0 -1 0 0 -2 -2 -2 0 -1 0 0 -2 -1 -1 -2 0 -2 0 -1 -2
-0.00559950632175401 -0.63704686915098 -0.131318188286674 1.34259149552894 0.37685545247888 1 0 1 1 2 0 2 2 0 0 2 2 1 1 0 2 2 2 1 1 0 1 2 2 0 2 0 2 0 1 2 0 1 1 2 0 2 2 0 0 2 2 1 1 0 2 2 2 1 1 0 1 2 2 0 2 0 2 0 1 2
-1.26286544745402 -1.16673899686161 0.582576641035891 -0.502140623975745 -0.764604427562587 1 0 1 2 2 0 1 2 0 0 2 0 1 1 0 2 1 2 2 2 1 0 2 2 0 1 0 2 1 1 2 0 1 2 2 0 1 2 0 0 2 0 1 1 0 2 1 2 2 2 1 0 2 2 0 1 0 2 1 1 2
1.64491805417187 0.202272367084658 -1.24927164500378 -2.30879035956356 0.675115815086194 -1 0 1 1 1 0 2 2 0 1 2 1 2 2 0 1 2 0 0 1 0 0 2 2 2 2 0 2 0 2 2 0 -1 -1 -1 0 -2 -2 0 -1 -2 -1 -2 -2 0 -1 -2 0 0 -1 0 0 -2 -2 -2 -2 0 -2 0 -2 -2
-0.807605951073216 -1.94817637191842 1.55007446847583 0.495239996867653 0.349835649780407 1 2 2 2 2 0 2 1 0 0 1 0 2 2 1 2 2 1 1 0 0 0 2 2 1 1 0 2 1 0 2 2 2 2 2 0 2 1 0 0 1 0 2 2 1 2 2 1 1 0 0 0 2 2 1 1 0 2 1 0 2
-0.926296705153213 1.37778475681795 -0.58299517614573 0.320105145681909 0.0796877910038005 1 0 2 2 2 0 0 2 0 1 1 1 2 1 0 2 2 2 0 2 1 0 2 2 0 1 0 1 0 0 0 0 2 2 2 0 0 2 0 1 1 1 2 1 0 2 2 2 0 2 1 0 2 2 0 1 0 1 0 0 0
-0.66678519894051 0.524273956602135 -0.996704625953086 -0.359500352027734 -1.12413028319063 -1 0 0 0 1 0 2 2 0 1 2 0 1 1 0 1 2 1 1 1 0 0 2 0 2 2 0 2 1 1 2 0 0 0 -1 0 -2 -2 0 -1 -2 0 -1 -1 0 -1 -2 -1 -1 -1 0 0 -2 0 -2 -2 0 -2 -1 -1 -2
-2.96551879585532 -0.335481341002478 -0.637877071437579 -1.47642484614635 0.0596075167698279 1 1 1 1 2 0 2 1 0 0 2 0 1 2 0 2 2 2 1 2 0 1 2 2 0 2 0 2 1 1 2 1 1 1 2 0 2 1 0 0 2 0 1 2 0 2 2 2 1 2 0 1 2 2 0 2 0 2 1 1 2
1.55038989999149 1.79549596066283 -0.651583379795536 1.13102389082344 1.41381036407531 1 2 2 2 2 0 2 1 0 0 1 0 1 2 0 2 2 1 1 0 0 0 2 1 0 2 0 2 1 1 1 2 2 2 2 0 2 1 0 0 1 0 1 2 0 2 2 1 1 0 0 0 2 1 0 2 0 2 1 1 1
0.213259458292263 -1.16723650624926 -0.137730529187124 -0.633894494727895 1.68512957034748 1 0 0 1 1 0 1 2 0 0 1 0 2 2 0 2 2 1 0 0 0 0 2 1 0 2 0 0 0 0 1 0 0 1 1 0 1 2 0 0 1 0 2 2 0 2 2 1 0 0 0 0 2 1 0 2 0 0 0 0 1
0.122902926585589 0.41516047180505 -0.219341636473365 0.0454507320199474 0.153116166606257 -1 1 1 2 2 0 2 2 0 2 2 1 0 2 0 2 2 2 1 1 0 0 2 2 2 2 0 2 0 0 1 -1 -1 -2 -2 0 -2 -2 0 -2 -2 -1 0 -2 0 -2 -2 -2 -1 -1 0 0 -2 -2 -2 -2 0 -2 0 0 -1
-0.15062986888452 -1.91076757628328 0.533579374019654 -0.349456355184673 0.455288586813629 -1 2 1 2 2 0 2 2 0 0 1 1 2 2 0 2 2 1 0 1 0 1 2 1 1 2 1 2 0 0 1 -2 -1 -2 -2 0 -2 -2 0 0 -1 -1 -2 -2 0 -2 -2 -1 0 -1 0 -1 -2 -1 -1 -2 -1 -2 0 0 -1
-0.186473181658924 0.0572404728898709 0.852582586039979 0.193817465546705 -0.0228171640439746 1 0 0 1 1 0 2 2 1 0 0 0 1 2 0 1 1 1 1 1 0 0 2 2 2 2 0 2 0 1 1 0 0 1 1 0 2 2 1 0 0 0 1 2 0 1 1 1 1 1 0 0 2 2 2 2 0 2 0 1 1
-1.60884908673095 1.00173929276654 0.799775254682962 1.30181413746469 2.13526746216799 -1 0 1 2 2 0 2 1 0 2 2 1 2 2 0 2 2 1 1 0 0 0 2 2 1 2 1 2 0 0 1 0 -1 -2 -2 0 -2 -1 0 -2 -2 -1 -2 -2 0 -2 -2 -1 -1 0 0 0 -2 -2 -1 -2 -1 -2 0 0 -1
-1.32417502942861 -0.774801611741409 -1.28586309181695 0.567274259269498 -0.704013919651684 1 2 1 1 1 0 2 2 0 0 0 0 1 2 0 2 2 2 1 0 1 0 2 2 0 2 0 2 0 0 0 2 1 1 1 0 2 2 0 0 0 0 1 2 0 2 2 2 1 0 1 0 2 2 0 2 0 2 0 0 0
1.00129342756165 1.00015672559013 -2.46813279379726 -0.225897437573251 2.15782831688404 1 1 2 2 2 0 1 2 0 1 2 2 2 2 1 1 2 1 0 0 0 0 2 2 1 2 0 2 1 1 2 1 2 2 2 0 1 2 0 1 2 2 2 2 1 1 2 1 0 0 0 0 2 2 1 2 0 2 1 1 2
-1.33422795765936 0.764679093317265 -0.4100815233564 0.437327387834734 0.267501294873513 -1 1 0 1 0 0 1 2 0 2 2 0 1 2 0 1 2 1 0 1 0 1 2 2 0 1 0 1 0 0 0 -1 0 -1 0 0 -1 -2 0 -2 -2 0 -1 -2 0 -1 -2 -1 0 -1 0 -1 -2 -2 0 -1 0 -1 0 0 0
-0.587901849588148 0.168780123124952 1.29027039065441 0.212725706490711 -0.758102880659166 1 1 0 1 1 0 2 2 0 0 2 0 1 2 0 2 2 2 2 1 0 0 2 2 0 2 1 2 2 1 1 1 0 1 1 0 2 2 0 0 2 0 1 2 0 2 2 2 2 1 0 0 2 2 0 2 1 2 2 1 1
-0.686895976889666 0.854116621307607 2.33938934708079 0.456211391460374 -0.346579212937595 1 0 1 1 2 1 2 2 0 0 0 0 2 2 0 2 2 1 1 2 0 1 2 1 1 2 0 1 0 1 1 0 1 1 2 1 2 2 0 0 0 0 2 2 0 2 2 1 1 2 0 1 2 1 1 2 0 1 0 1 1
-0.113760052667749 -0.205554838319084 0.15673351576206 -0.0999053943968396 1.01615004967843 1 1 2 2 2 0 2 2 1 1 1 0 2 1 0 2 2 2 2 2 0 0 2 2 0 1 0 2 1 1 2 1 2 2 2 0 2 2 1 1 1 0 2 1 0 2 2 2 2 2 0 0 2 2 0 1 0 2 1 1 2
-0.0863069824595583 1.83615635494772 -0.963651442618078 0.519255847541088 -0.602757367689569 1 0 0 1 2 0 2 2 0 0 2 0 0 0 0 0 1 1 0 0 0 0 2 2 1 2 0 2 2 1 2 0 0 1 2 0 2 2 0 0 2 0 0 0 0 0 1 1 0 0 0 0 2 2 1 2 0 2 2 1 2
1.89979984212399 -0.760291289665687 1.2179943830985 -1.22453971145727 -2.06804264649875 -1 0 0 0 1 0 1 1 0 0 2 1 2 2 0 2 2 2 1 2 0 0 2 2 1 2 0 2 1 2 2 0 0 0 -1 0 -1 -1 0 0 -2 -1 -2 -2 0 -2 -2 -2 -1 -2 0 0 -2 -2 -1 -2 0 -2 -1 -2 -2
0.878480628808336 0.360974075859318 -0.814825986581382 -1.25701849592048 0.324908362751637 -1 1 2 1 2 1 1 2 0 1 1 0 2 2 0 2 2 1 0 1 0 1 2 2 0 2 0 2 1 1 2 -1 -2 -1 -2 -1 -1 -2 0 -1 -1 0 -2 -2 0 -2 -2 -1 0 -1 0 -1 -2 -2 0 -2 0 -2 -1 -1 -2
0.212694019016494 -0.366691844095644 -0.175628312034071 -1.03773925358291 -2.77723656947022 -1 1 1 1 2 0 2 2 0 0 1 1 1 2 0 2 2 1 1 1 1 1 2 2 1 2 0 2 1 0 1 -1 -1 -1 -2 0 -2 -2 0 0 -1 -1 -1 -2 0 -2 -2 -1 -1 -1 -1 -1 -2 -2 -1 -2 0 -2 -1 0 -1
-0.398100246287173 0.310676972496258 1.05170341685454 -1.30194392587905 0.10002586430155 1 2 1 2 2 1 2 1 0 0 1 0 2 2 0 2 2 2 1 2 1 1 2 1 1 2 1 2 1 1 1 2 1 2 2 1 2 1 0 0 1 0 2 2 0 2 2 2 1 2 1 1 2 1 1 2 1 2 1 1 1
-0.263495436370284 0.358718448878225 -0.295276910977496 1.00536284744837 -0.396745663680831 1 1 2 2 2 0 2 2 1 1 1 0 2 2 0 2 2 1 0 0 0 0 1 1 2 2 1 2 1 1 2 1 2 2 2 0 2 2 1 1 1 0 2 2 0 2 2 1 0 0 0 0 1 1 2 2 1 2 1 1 2
1.70042543927672 0.175752201580019 -0.702494447567371 1.02938532563393 -1.0891308525285 -1 1 2 1 1 0 2 1 0 1 2 1 1 2 1 2 2 1 1 1 0 1 2 1 1 2 1 2 1 2 2 -1 -2 -1 -1 0 -2 -1 0 -1 -2 -1 -1 -2 -1 -2 -2 -1 -1 -1 0 -1 -2 -1 -1 -2 -1 -2 -1 -2 -2
-0.473052271848287 -0.782217243645729 0.722911219886502 -0.5536100409575 -0.761345841374633 -1 0 1 1 1 0 2 2 0 1 1 1 1 2 0 1 2 1 1 2 0 0 2 1 1 2 0 2 0 1 2 0 -1 -1 -1 0 -2 -2 0 -1 -1 -1 -1 -2 0 -1 -2 -1 -1 -2 0 0 -2 -1 -1 -2 0 -2 0 -1 -2
0.156900194866652 0.082579921999873 0.194108001503225 1.41543245423822 0.19175108761303 -1 1 2 1 2 1 2 2 1 0 2 0 1 2 1 1 2 1 0 1 0 0 2 1 1 2 1 2 0 2 2 -1 -2 -1 -2 -1 -2 -2 -1 0 -2 0 -1 -2 -1 -1 -2 -1 0 -1 0 0 -2 -1 -1 -2 -1 -2 0 -2 -2
1.30010290618798 0.068071716994337 0.132750640038476 0.14264108789453 1.56153182710393 -1 2 1 2 2 0 1 2 1 1 2 2 2 1 0 2 1 1 1 1 1 0 2 1 1 2 1 2 2 2 2 -2 -1 -2 -2 0 -1 -2 -1 -1 -2 -2 -2 -1 0 -2 -1 -1 -1 -1 -1 0 -2 -1 -1 -2 -1 -2 -2 -2 -2
-1.19978099641368 -0.221531042071831 0.312848954842148 0.290477804500913 -1.19526806093527 -1 1 1 2 2 0 2 2 0 0 1 0 2 2 1 1 2 2 2 2 0 0 2 2 1 2 0 2 0 0 1 -1 -1 -2 -2 0 -2 -2 0 0 -1 0 -2 -2 -1 -1 -2 -2 -2 -2 0 0 -2 -2 -1 -2 0 -2 0 0 -1
-0.0751713574652778 0.658250930530842 -0.614713260773685 0.215425320137231 -1.95550642780183 1 1 2 2 2 1 2 2 0 0 1 1 1 1 0 2 2 1 1 0 0 0 2 1 0 2 0 2 1 0 1 1 2 2 2 1 2 2 0 0 1 1 1 1 0 2 2 1 1 0 0 0 2 1 0 2 0 2 1 0 1
0.857517222850176 -0.17331287104996 0.741382689922943 -0.509687586824706 0.955459187107078 1 0 1 1 2 0 2 2 1 1 2 1 2 2 1 1 1 0 0 0 0 0 2 1 1 2 0 2 0 1 1 0 1 1 2 0 2 2 1 1 2 1 2 2 1 1 1 0 0 0 0 0 2 1 1 2 0 2 0 1 1
0.0795388282087657 2.02504961307213 -0.481044821546614 0.932936134573213 -0.642646245858216 -1 1 1 2 2 0 2 2 0 0 2 2 2 2 0 2 1 1 0 0 0 0 2 2 1 2 0 2 0 1 2 -1 -1 -2 -2 0 -2 -2 0 0 -2 -2 -2 -2 0 -2 -1 -1 0 0 0 0 -2 -2 -1 -2 0 -2 0 -1 -2
-1.14923909579593 -0.780398892884651 1.30676634944304 0.349683238660349 -0.952368875112505 -1 1 1 2 2 0 2 2 0 1 2 1 1 2 0 2 2 2 1 0 1 2 2 2 2 2 2 2 0 0 1 -1 -1 -2 -2 0 -2 -2 0 -1 -2 -1 -1 -2 0 -2 -2 -2 -1 0 -1 -2 -2 -2 -2 -2 -2 -2 0 0 -1
-0.100224287347088 -0.160526104387539 -1.65876233600209 0.580996446106156 -0.745399595728522 -1 1 1 1 2 0 2 2 0 0 1 1 2 2 0 2 1 0 0 1 0 0 2 1 0 2 1 2 1 1 2 -1 -1 -1 -2 0 -2 -2 0 0 -1 -1 -2 -2 0 -2 -1 0 0 -1 0 0 -2 -1 0 -2 -1 -2 -1 -1 -2
-1.44967991045847 -0.13487231744747 0.610509483480552 0.52090502065072 -0.174949842327089 1 0 1 1 1 0 2 2 0 1 2 0 2 2 1 2 2 2 0 0 0 0 2 2 0 2 0 2 1 1 0 0 1 1 1 0 2 2 0 1 2 0 2 2 1 2 2 2 0 0 0 0 2 2 0 2 0 2 1 1 0
1.13359788309552 0.181615902123778 0.585126287789355 -0.414972835660625 -0.0358221558131085 -1 0 0 1 2 0 1 2 0 0 1 0 2 1 0 2 2 2 1 1 0 0 2 2 0 1 0 2 1 1 1 0 0 -1 -2 0 -1 -2 0 0 -1 0 -2 -1 0 -2 -2 -2 -1 -1 0 0 -2 -2 0 -1 0 -2 -1 -1 -1
0.132456782959243 -1.05400789635058 -0.0662878987378368 0.89007434018266 -1.19486107290372 -1 2 1 1 1 0 2 2 0 1 1 0 2 2 0 2 1 2 1 0 0 1 2 2 0 1 0 1 0 1 2 -2 -1 -1 -1 0 -2 -2 0 -1 -1 0 -2 -2 0 -2 -1 -2 -1 0 0 -1 -2 -2 0 -1 0 -1 0 -1 -2
0.790174310860989 -0.715180112697286 0.145220577849281 -0.107215740119445 1.81306345806777 1 1 1 1 2 0 1 2 0 0 2 1 2 2 0 2 2 2 0 1 0 0 2 2 0 0 0 1 1 1 1 1 1 1 2 0 1 2 0 0 2 1 2 2 0 2 2 2 0 1 0 0 2 2 0 0 0 1 1 1 1
-0.189661315816185 -0.143825597794818 -1.02511587520954 -0.785055623048765 -2.18413550712971 -1 2 1 1 2 0 1 1 1 2 2 1 1 2 0 2 1 1 1 0 0 0 2 2 0 2 0 2 1 1 2 -2 -1 -1 -2 0 -1 -1 -1 -2 -2 -1 -1 -2 0 -2 -1 -1 -1 0 0 0 -2 -2 0 -2 0 -2 -1 -1 -2
1.33720428814958 -0.786338391715884 0.576330486398433 0.841935174728217 -0.0551581693340654 1 1 1 2 2 2 2 1 0 0 1 0 2 2 1 2 2 2 0 1 0 0 2 2 1 2 0 2 1 1 2 1 1 2 2 2 2 1 0 0 1 0 2 2 1 2 2 2 0 1 0 0 2 2 1 2 0 2 1 1 2
-0.914943402769589 1.1407298084972 0.913691239500445 0.00703106889401242 0.771722330217745 -1 0 1 1 2 0 0 1 0 0 2 0 2 1 0 2 2 2 2 2 0 0 2 1 0 2 1 1 0 1 2 0 -1 -1 -2 0 0 -1 0 0 -2 0 -2 -1 0 -2 -2 -2 -2 -2 0 0 -2 -1 0 -2 -1 -1 0 -1 -2
-0.177487667487144 -0.131033458408318 1.60893621961979 0.650146137493116 0.441386270501399 1 0 0 2 2 0 2 2 0 0 2 0 2 1 0 2 2 2 1 0 0 2 2 2 2 2 0 2 1 1 1 0 0 2 2 0 2 2 0 0 2 0 2 1 0 2 2 2 1 0 0 2 2 2 2 2 0 2 1 1 1
-1.2221253671579 0.914743405091319 -0.508908673700867 -0.37627983043958 -1.9614524649555 1 0 1 1 2 0 1 2 0 0 1 0 1 2 0 2 2 2 1 0 0 0 2 2 0 1 0 2 0 0 1 0 1 1 2 0 1 2 0 0 1 0 1 2 0 2 2 2 1 0 0 0 2 2 0 1 0 2 0 0 1
0.711515826699795 -1.60230635509638 0.916406924983778 -1.1531083955036 1.37134984095019 -1 1 1 1 2 0 2 2 1 2 2 2 2 2 0 2 1 1 0 0 0 0 2 2 0 1 0 1 0 0 2 -1 -1 -1 -2 0 -2 -2 -1 -2 -2 -2 -2 -2 0 -2 -1 -1 0 0 0 0 -2 -2 0 -1 0 -1 0 0 -2
-0.443864913038512 0.0968362371178389 -0.436980890558014 0.438446993933619 -0.820977032727203 1 0 0 2 2 0 2 1 0 0 1 0 1 1 0 1 1 0 0 1 0 0 2 1 2 2 0 2 1 2 1 0 0 2 2 0 2 1 0 0 1 0 1 1 0 1 1 0 0 1 0 0 2 1 2 2 0 2 1 2 1
0.00999321798467861 0.0852245460401433 -0.27111456166145 0.298392123173632 -0.993837933737099 1 2 2 2 2 0 2 2 0 0 2 0 2 2 0 2 1 2 1 2 0 1 2 2 2 2 1 2 1 0 1 2 2 2 2 0 2 2 0 0 2 0 2 2 0 2 1 2 1 2 0 1 2 2 2 2 1 2 1 0 1
-0.892536939180569 -0.679826674982024 -0.341550263071167 0.522686201810071 1.28175273954502 1 0 0 1 0 0 2 2 0 0 0 0 1 2 0 2 2 1 1 1 0 0 2 0 1 2 1 2 0 1 2 0 0 1 0 0 2 2 0 0 0 0 1 2 0 2 2 1 1 1 0 0 2 0 1 2 1 2 0 1 2
1.01292139622259 1.65254928141623 -1.03447947332632 0.878119359518931 -0.550922959172511 -1 1 1 2 2 0 2 2 0 0 2 2 2 2 1 2 2 1 1 1 1 0 2 2 0 1 0 2 1 0 2 -1 -1 -2 -2 0 -2 -2 0 0 -2 -2 -2 -2 -1 -2 -2 -1 -1 -1 -1 0 -2 -2 0 -1 0 -2 -1 0 -2
1.27180527003851 0.923795136040005 -0.456722576052448 -0.367705828986814 0.194121972940808 -1 1 1 1 2 0 2 2 0 0 1 0 2 2 1 2 2 2 1 0 0 1 2 2 0 1 0 2 1 1 2 -1 -1 -1 -2 0 -2 -2 0 0 -1 0 -2 -2 -1 -2 -2 -2 -1 0 0 -1 -2 -2 0 -1 0 -2 -1 -1 -2
-0.560232259931641 -1.25169552206934 1.38759975265653 0.598921143615434 0.173637522245035 1 1 1 2 2 0 1 1 0 0 2 1 1 2 0 1 1 2 2 2 1 1 2 2 0 1 1 2 0 1 2 1 1 2 2 0 1 1 0 0 2 1 1 2 0 1 1 2 2 2 1 1 2 2 0 1 1 2 0 1 2
-1.37271786447808 1.61298659737916 1.18112678388463 -0.586678849795467 0.467503997207935 1 1 2 2 2 0 1 2 0 0 2 1 1 2 0 2 2 2 1 2 1 1 2 2 0 2 0 1 1 2 2 1 2 2 2 0 1 2 0 0 2 1 1 2 0 2 2 2 1 2 1 1 2 2 0 2 0 1 1 2 2
