0.17912951690164 0.533796548614679 0.0992753038897653 -0.616993674422447 0.0504984012445703 1 0 1 1 1 1 1 0 0 1 1 1 1 1 1 2 1 2 2 2 2 2 2 1 1 0 1 1 2 1 0 0 1 1 1 1 1 0 0 1 1 1 1 1 1 2 1 2 2 2 2 2 2 1 1 0 1 1 2 1 0
0.759493237811512 0.722506379952672 -0.882687362768519 -1.04290602377288 -0.154017042606111 -1 2 2 2 2 2 2 0 1 2 1 1 1 2 2 1 0 2 2 1 2 2 2 0 0 1 2 1 2 1 0 -2 -2 -2 -2 -2 -2 0 -1 -2 -1 -1 -1 -2 -2 -1 0 -2 -2 -1 -2 -2 -2 0 0 -1 -2 -1 -2 -1 0
-0.419304889027011 0.356194590422483 -0.256118013889137 -1.22240410520098 -1.62858083573359 1 2 2 2 1 1 2 0 0 1 0 1 1 2 2 2 0 2 2 1 2 2 2 0 0 0 2 1 2 2 0 2 2 2 1 1 2 0 0 1 0 1 1 2 2 2 0 2 2 1 2 2 2 0 0 0 2 1 2 2 0
-0.291665542708018 0.443853794169207 -0.737052830221182 0.473730222310072 -0.44098555685954 -1 0 2 1 1 2 2 1 0 1 1 1 1 1 2 2 0 2 0 1 1 2 1 0 0 0 2 1 2 1 0 0 -2 -1 -1 -2 -2 -1 0 -1 -1 -1 -1 -1 -2 -2 0 -2 0 -1 -1 -2 -1 0 0 0 -2 -1 -2 -1 0
-0.441952600299787 -0.168535839747841 -1.04862424561857 1.36932453989917 0.361992996195748 -1 0 1 2 1 0 0 0 0 1 0 2 2 1 2 2 0 2 0 0 2 2 2 1 0 0 2 1 1 1 0 0 -1 -2 -1 0 0 0 0 -1 0 -2 -2 -1 -2 -2 0 -2 0 0 -2 -2 -2 -1 0 0 -2 -1 -1 -1 0
0.328604813965744 0.343421179622971 -0.147296672673206 -0.854223942557243 1.07392379986665 1 2 2 2 2 2 1 0 1 2 0 1 1 2 2 2 0 2 1 2 2 2 2 1 0 0 2 2 2 1 0 2 2 2 2 2 1 0 1 2 0 1 1 2 2 2 0 2 1 2 2 2 2 1 0 0 2 2 2 1 0
-0.120440726811399 1.4102996957021 1.09312735609436 1.79379739467215 -1.09344815297514 1 1 1 1 1 1 1 0 0 2 2 2 2 1 2 2 2 2 0 1 2 2 2 0 1 0 2 0 1 0 0 1 1 1 1 1 1 0 0 2 2 2 2 1 2 2 2 2 0 1 2 2 2 0 1 0 2 0 1 0 0
-0.817192427016137 0.105747089025716 1.25864295903578 -0.53772202901666 -0.94218239076068 -1 0 1 1 0 0 1 0 1 1 1 1 1 1 2 2 0 2 0 0 1 2 1 1 1 0 2 1 2 1 0 0 -1 -1 0 0 -1 0 -1 -1 -1 -1 -1 -1 -2 -2 0 -2 0 0 -1 -2 -1 -1 -1 0 -2 -1 -2 -1 0
1.75847110282546 -0.331303849073808 0.477456610437876 -0.156766618363231 -0.661261088486871 1 2 2 1 2 2 2 0 0 1 1 1 0 1 2 2 0 2 1 2 2 2 2 2 1 0 2 2 1 0 0 2 2 1 2 2 2 0 0 1 1 1 0 1 2 2 0 2 1 2 2 2 2 2 1 0 2 2 1 0 0
0.36681060701597 -0.92270020407648 -2.41845800896744 0.170403703018285 -1.19275847192024 1 0 1 1 1 2 1 0 0 2 1 1 2 2 2 2 2 2 1 0 2 2 2 1 0 0 2 1 2 2 0 0 1 1 1 2 1 0 0 2 1 1 2 2 2 2 2 2 1 0 2 2 2 1 0 0 2 1 2 2 0
0.458830192443674 -0.152776405175763 0.649124357821283 -0.670890519973644 -1.14012088980878 -1 1 2 2 2 2 2 0 0 2 2 1 0 1 2 2 0 2 0 1 2 2 2 0 0 0 2 1 1 1 0 -1 -2 -2 -2 -2 -2 0 0 -2 -2 -1 0 -1 -2 -2 0 -2 0 -1 -2 -2 -2 0 0 0 -2 -1 -1 -1 0
-1.95675632130677 0.282035015088418 0.201778558633645 1.74711588269425 1.10169030310013 1 1 2 2 2 1 2 0 0 2 0 1 1 2 2 2 1 2 1 1 2 2 2 0 0 0 1 1 2 1 0 1 2 2 2 1 2 0 0 2 0 1 1 2 2 2 1 2 1 1 2 2 2 0 0 0 1 1 2 1 0
-0.02369947698791 0.433464713171739 -2.01245898419443 -0.202555701653039 -1.41112636158403 -1 0 1 1 1 0 1 0 0 2 1 1 1 1 2 2 1 2 2 2 2 2 2 0 1 0 2 0 1 1 0 0 -1 -1 -1 0 -1 0 0 -2 -1 -1 -1 -1 -2 -2 -1 -2 -2 -2 -2 -2 -2 0 -1 0 -2 0 -1 -1 0
-0.614195671294514 0.28594560902183 1.5282831205614 0.136524130567089 -1.51420410872084 1 0 1 2 2 2 2 0 1 2 0 2 1 1 2 1 0 2 0 0 2 2 2 0 1 1 1 1 2 1 0 0 1 2 2 2 2 0 1 2 0 2 1 1 2 1 0 2 0 0 2 2 2 0 1 1 1 1 2 1 0
-0.337648900408242 -0.0827290264095421 1.22188200355507 0.19151105369329 0.693268276833042 1 0 2 2 1 1 2 0 0 2 1 2 2 1 1 2 0 2 0 1 2 2 2 1 0 0 1 0 2 0 0 0 2 2 1 1 2 0 0 2 1 2 2 1 1 2 0 2 0 1 2 2 2 1 0 0 1 0 2 0 0
-0.398459506681195 0.0397071280094747 1.34194992874308 0.823652769153628 -1.78774332555569 -1 1 2 2 1 2 2 0 0 2 0 1 0 0 1 2 1 2 0 0 1 2 2 2 1 0 2 1 2 2 0 -1 -2 -2 -1 -2 -2 0 0 -2 0 -1 0 0 -1 -2 -1 -2 0 0 -1 -2 -2 -2 -1 0 -2 -1 -2 -2 0
-0.136279726351558 -0.0646396101833754 1.49176554428232 0.265329514919498 0.238726085852253 -1 2 2 2 2 2 2 0 0 2 0 0 0 2 2 2 0 2 1 1 2 2 1 1 1 1 2 2 2 2 1 -2 -2 -2 -2 -2 -2 0 0 -2 0 0 0 -2 -2 -2 0 -2 -1 -1 -2 -2 -1 -1 -1 -1 -2 -2 -2 -2 -1
1.26783373513928 0.409047980080746 0.0327361340624288 1.24578576735 -1.04571337436144 -1 2 2 2 1 1 1 0 0 2 0 1 1 1 1 2 0 2 1 2 1 2 2 1 0 0 2 0 1 0 0 -2 -2 -2 -1 -1 -1 0 0 -2 0 -1 -1 -1 -1 -2 0 -2 -1 -2 -1 -2 -2 -1 0 0 -2 0 -1 0 0
0.876337536742128 0.217939228817633 2.02399478034964 1.62377758958503 -1.2178134518062 -1 1 1 1 2 0 0 0 0 1 0 0 1 2 2 2 1 2 1 1 2 2 2 0 0 0 1 1 2 2 0 -1 -1 -1 -2 0 0 0 0 -1 0 0 -1 -2 -2 -2 -1 -2 -1 -1 -2 -2 -2 0 0 0 -1 -1 -2 -2 0
0.948436473166019 0.044496526258357 0.702496702762549 0.588063512169039 -1.02984566826726 1 1 2 2 1 2 2 1 0 1 0 2 1 1 2 2 0 2 0 1 2 2 2 1 0 0 2 0 2 0 0 1 2 2 1 2 2 1 0 1 0 2 1 1 2 2 0 2 0 1 2 2 2 1 0 0 2 0 2 0 0
0.925382423892223 -0.11313111781321 -0.703864372163581 -0.172293275266273 0.620148524671434 1 0 1 1 1 1 1 0 0 0 0 1 1 1 1 2 0 2 1 1 2 2 2 1 0 0 2 1 2 1 0 0 1 1 1 1 1 0 0 0 0 1 1 1 1 2 0 2 1 1 2 2 2 1 0 0 2 1 2 1 0
1.33084488204897 0.480350030454055 0.647052263339022 2.23787888043348 -0.18457370703472 1 2 2 2 1 0 2 0 1 2 2 1 1 1 1 2 0 2 0 1 2 2 2 1 0 1 2 2 2 1 0 2 2 2 1 0 2 0 1 2 2 1 1 1 1 2 0 2 0 1 2 2 2 1 0 1 2 2 2 1 0
-0.10312203288617 -0.0893147464918617 -0.614837054635428 3.11460886313093 -0.382715466956743 1 1 2 2 1 1 0 0 0 2 0 0 0 0 2 2 1 2 2 2 2 2 2 2 0 0 2 1 2 2 0 1 2 2 1 1 0 0 0 2 0 0 0 0 2 2 1 2 2 2 2 2 2 2 0 0 2 1 2 2 0
-0.324398674087867 0.75055468464806 -0.50339031005271 0.583849397436803 -1.36455586339318 -1 0 1 1 2 1 1 0 0 2 1 2 2 1 1 2 0 2 2 2 2 2 1 0 0 0 2 2 2 0 0 0 -1 -1 -2 -1 -1 0 0 -2 -1 -2 -2 -1 -1 -2 0 -2 -2 -2 -2 -2 -1 0 0 0 -2 -2 -2 0 0
-0.700454319773994 0.807026817043935 -1.04609679859052 -1.44941192605371 0.33432325245165 -1 2 1 1 1 0 1 0 0 2 1 1 1 1 1 0 0 2 0 1 2 2 2 2 2 1 2 1 2 1 0 -2 -1 -1 -1 0 -1 0 0 -2 -1 -1 -1 -1 -1 0 0 -2 0 -1 -2 -2 -2 -2 -2 -1 -2 -1 -2 -1 0
-1.46666886305718 -0.200106195577947 -0.422025917943183 1.40707429828843 -0.590830295246371 -1 2 2 2 2 2 2 0 0 2 1 0 0 0 1 1 0 2 0 1 2 2 2 1 2 1 2 1 2 2 0 -2 -2 -2 -2 -2 -2 0 0 -2 -1 0 0 0 -1 -1 0 -2 0 -1 -2 -2 -2 -1 -2 -1 -2 -1 -2 -2 0
0.598557621784946 -0.0234624641286494 0.36266762096977 0.479174604455379 -1.1820739342059 -1 0 2 2 1 2 1 0 1 2 2 0 0 0 2 1 0 2 0 1 2 2 2 1 1 0 2 1 2 2 0 0 -2 -2 -1 -2 -1 0 -1 -2 -2 0 0 0 -2 -1 0 -2 0 -1 -2 -2 -2 -1 -1 0 -2 -1 -2 -2 0
-1.47087929138916 -0.80350718233335 -1.11562791579955 0.828986803731767 -0.0874132271602294 1 2 2 2 2 2 2 0 0 2 1 0 0 0 1 1 0 2 0 1 2 2 2 1 0 0 2 1 2 1 0 2 2 2 2 2 2 0 0 2 1 0 0 0 1 1 0 2 0 1 2 2 2 1 0 0 2 1 2 1 0
0.755585943407149 1.09047780335985 -0.720513625157943 -1.9821764139564 1.41233045807511 1 1 1 2 1 2 2 0 0 2 0 0 0 1 2 2 0 2 0 1 2 2 2 0 0 0 1 2 2 1 0 1 1 2 1 2 2 0 0 2 0 0 0 1 2 2 0 2 0 1 2 2 2 0 0 0 1 2 2 1 0
-0.70543780119348 0.183645145169045 -0.595999358263633 -0.059213314992028 -1.00302659484705 1 1 2 2 2 2 2 1 0 1 1 1 0 1 2 1 0 2 1 2 2 2 2 0 0 0 2 1 2 2 0 1 2 2 2 2 2 1 0 1 1 1 0 1 2 1 0 2 1 2 2 2 2 0 0 0 2 1 2 2 0
-0.512016304862877 1.14814685609747 -0.516873090406744 0.204971943943088 1.23677499632365 1 0 1 1 1 1 1 0 0 2 1 0 1 1 2 2 1 2 1 2 2 2 1 0 0 0 2 1 2 1 0 0 1 1 1 1 1 0 0 2 1 0 1 1 2 2 1 2 1 2 2 2 1 0 0 0 2 1 2 1 0
-0.929931064092424 1.13688964307451 -1.74392142575334 0.331066054652783 0.0061084775673687 -1 0 2 2 1 0 2 0 0 2 1 1 1 1 2 2 0 2 0 2 1 2 2 2 2 1 2 1 2 1 0 0 -2 -2 -1 0 -2 0 0 -2 -1 -1 -1 -1 -2 -2 0 -2 0 -2 -1 -2 -2 -2 -2 -1 -2 -1 -2 -1 0
-0.81574534245963 0.872078577166866 -0.409771334208861 0.673218987024891 -0.114968584441992 1 2 2 2 2 1 2 0 1 2 1 1 2 2 2 1 0 2 1 1 2 2 2 1 0 0 2 2 2 2 0 2 2 2 2 1 2 0 1 2 1 1 2 2 2 1 0 2 1 1 2 2 2 1 0 0 2 2 2 2 0
-0.127215313953749 1.70216852814084 -1.19034264005765 -0.263207291307355 0.92525101578772 1 0 2 2 2 1 1 0 0 1 0 0 1 1 2 2 0 2 0 2 2 2 2 0 0 0 1 1 2 1 0 0 2 2 2 1 1 0 0 1 0 0 1 1 2 2 0 2 0 2 2 2 2 0 0 0 1 1 2 1 0
2.61806135074965 -0.619084191098888 0.266859587650492 -0.590558258574364 1.30706024058664 -1 0 1 2 2 2 2 0 0 2 1 2 2 2 1 2 1 2 1 2 2 2 1 0 0 0 2 2 2 2 0 0 -1 -2 -2 -2 -2 0 0 -2 -1 -2 -2 -2 -1 -2 -1 -2 -1 -2 -2 -2 -1 0 0 0 -2 -2 -2 -2 0
0.431771865688178 1.16566652550215 -0.499976805783582 -0.66626788485506 -0.136495345762953 1 1 2 2 2 2 2 0 0 2 1 2 2 2 2 2 0 2 0 1 2 2 2 1 1 1 2 0 2 1 0 1 2 2 2 2 2 0 0 2 1 2 2 2 2 2 0 2 0 1 2 2 2 1 1 1 2 0 2 1 0
-0.191586882762966 -2.06198593044217 0.490587757568603 -0.704506194392007 0.702383439405951 1 2 2 2 1 2 2 0 0 2 1 0 0 1 2 2 0 2 2 1 2 2 1 0 0 0 2 1 2 1 0 2 2 2 1 2 2 0 0 2 1 0 0 1 2 2 0 2 2 1 2 2 1 0 0 0 2 1 2 1 0
1.50337648160486 -0.353044296185458 -0.296485137625532 -1.33193099321059 0.506363928478286 -1 1 2 2 2 1 1 0 0 2 1 1 2 1 2 2 1 2 1 1 2 2 1 0 0 0 2 2 2 2 0 -1 -2 -2 -2 -1 -1 0 0 -2 -1 -1 -2 -1 -2 -2 -1 -2 -1 -1 -2 -2 -1 0 0 0 -2 -2 -2 -2 0
0.522225137669211 0.404013470226591 1.93950990677597 -0.782529724718092 1.01826562564079 1 0 2 1 2 1 1 0 0 1 1 2 1 1 2 2 0 2 1 2 2 2 2 2 2 1 2 0 2 1 0 0 2 1 2 1 1 0 0 1 1 2 1 1 2 2 0 2 1 2 2 2 2 2 2 1 2 0 2 1 0
0.988096241911561 0.128814597426768 -0.844713505936785 0.645560584936404 -0.549821412184906 -1 0 0 1 2 2 0 0 0 1 1 1 0 1 1 1 0 2 0 1 2 2 2 1 1 1 2 0 2 1 0 0 0 -1 -2 -2 0 0 0 -1 -1 -1 0 -1 -1 -1 0 -2 0 -1 -2 -2 -2 -1 -1 -1 -2 0 -2 -1 0
-1.31818739680282 2.00041930293755 0.269461930957146 0.212765123131193 -0.137465519157714 1 1 2 1 1 2 2 0 0 1 2 0 1 2 2 2 0 2 1 1 2 2 2 1 1 0 2 1 2 2 0 1 2 1 1 2 2 0 0 1 2 0 1 2 2 2 0 2 1 1 2 2 2 1 1 0 2 1 2 2 0
-1.11657927229773 0.064680409443014 -1.34194570992028 -2.05246607973966 -0.174127149810033 -1 1 2 2 2 1 2 0 0 2 2 0 1 1 1 2 0 2 0 0 2 2 1 1 0 0 1 2 2 2 0 -1 -2 -2 -2 -1 -2 0 0 -2 -2 0 -1 -1 -1 -2 0 -2 0 0 -2 -2 -1 -1 0 0 -1 -2 -2 -2 0
0.0584869019806302 1.20745451985148 0.867707436257727 0.411765291672959 0.740534799418219 -1 1 2 2 2 2 2 0 0 2 1 0 0 1 1 1 0 2 0 1 2 2 2 1 1 1 2 2 2 2 0 -1 -2 -2 -2 -2 -2 0 0 -2 -1 0 0 -1 -1 -1 0 -2 0 -1 -2 -2 -2 -1 -1 -1 -2 -2 -2 -2 0
-1.09840866183609 0.549702506243296 0.539643285497322 0.650078713814461 1.05108339387504 -1 0 1 1 1 0 1 0 0 2 1 0 0 1 1 1 0 2 2 2 2 2 1 0 0 0 2 2 2 1 0 0 -1 -1 -1 0 -1 0 0 -2 -1 0 0 -1 -1 -1 0 -2 -2 -2 -2 -2 -1 0 0 0 -2 -2 -2 -1 0
-0.181711562455829 0.871406376615392 -1.74745090641296 0.256723292382762 -0.884398554798942 1 1 2 2 2 2 2 0 0 1 1 0 0 1 2 2 0 2 0 1 2 2 2 1 1 0 2 2 2 2 0 1 2 2 2 2 2 0 0 1 1 0 0 1 2 2 0 2 0 1 2 2 2 1 1 0 2 2 2 2 0
-1.66573501846315 -1.74011270629443 -0.325121147291377 -0.616300626396144 -1.05760711526691 1 0 2 1 0 1 1 0 0 0 0 2 2 2 2 2 0 2 1 2 2 2 1 0 0 0 1 1 2 1 0 0 2 1 0 1 1 0 0 0 0 2 2 2 2 2 0 2 1 2 2 2 1 0 0 0 1 1 2 1 0
0.865727099171345 0.522593303310247 -0.0177448569824303 1.30919960600791 1.0577562742757 1 1 2 2 1 1 1 0 0 1 0 1 1 2 2 1 0 2 1 0 2 2 2 0 0 0 1 0 2 0 0 1 2 2 1 1 1 0 0 1 0 1 1 2 2 1 0 2 1 0 2 2 2 0 0 0 1 0 2 0 0
3.22740205524152 -2.13698025386371 -0.592228122094619 0.454425802822691 -0.519741192238837 1 2 1 1 0 1 1 0 0 1 0 1 1 0 1 2 1 2 1 2 2 2 2 0 0 0 1 2 2 2 0 2 1 1 0 1 1 0 0 1 0 1 1 0 1 2 1 2 1 2 2 2 2 0 0 0 1 2 2 2 0
1.0082519619516 1.03881449314215 -0.0608037852522436 -0.274109584167693 1.30707446850316 -1 1 2 2 2 1 1 0 0 2 1 1 0 1 1 2 0 2 0 0 2 2 1 0 1 0 1 1 2 1 0 -1 -2 -2 -2 -1 -1 0 0 -2 -1 -1 0 -1 -1 -2 0 -2 0 0 -2 -2 -1 0 -1 0 -1 -1 -2 -1 0
3.07658043808954 -0.539862835375365 -0.698900878876284 1.202888993718 2.33757680794156 -1 0 2 2 1 1 2 0 0 2 2 0 1 1 1 2 0 2 0 0 2 2 2 1 0 0 2 1 2 1 0 0 -2 -2 -1 -1 -2 0 0 -2 -2 0 -1 -1 -1 -2 0 -2 0 0 -2 -2 -2 -1 0 0 -2 -1 -2 -1 0
-2.38004544242709 0.246047541382886 2.31764624940396 -0.919391084830294 0.468759224991287 1 2 2 2 2 2 2 0 0 2 1 0 1 2 2 2 1 2 1 1 2 2 2 1 0 0 1 1 2 2 0 2 2 2 2 2 2 0 0 2 1 0 1 2 2 2 1 2 1 1 2 2 2 1 0 0 1 1 2 2 0
-0.477785893696419 0.0903280191073318 1.01080175672799 0.863500714410838 -0.266188540758739 1 0 2 2 1 2 1 0 0 2 0 1 1 1 1 1 0 2 1 0 2 2 2 2 1 1 2 1 2 2 0 0 2 2 1 2 1 0 0 2 0 1 1 1 1 1 0 2 1 0 2 2 2 2 1 1 2 1 2 2 0
0.438054373907701 -1.15387585404609 0.0458781581133047 -0.177734721461914 -1.38312268367723 1 2 2 2 2 2 2 0 0 1 0 1 1 0 0 2 0 2 1 2 2 2 2 1 2 1 2 2 2 2 0 2 2 2 2 2 2 0 0 1 0 1 1 0 0 2 0 2 1 2 2 2 2 1 2 1 2 2 2 2 0
1.07096899168803 1.00641061361324 -0.888574616534357 1.71703958261071 0.443063514246897 -1 0 2 2 2 0 1 0 0 2 0 0 0 1 1 2 1 1 0 1 1 2 1 0 0 0 1 0 2 0 0 0 -2 -2 -2 0 -1 0 0 -2 0 0 0 -1 -1 -2 -1 -1 0 -1 -1 -2 -1 0 0 0 -1 0 -2 0 0
-0.641219530715784 0.247286503531192 1.33374704447696 -0.269867338333103 -1.78156481953237 1 2 2 2 2 2 2 0 0 2 1 0 1 2 2 1 0 2 1 0 2 2 2 2 1 0 1 1 2 1 0 2 2 2 2 2 2 0 0 2 1 0 1 2 2 1 0 2 1 0 2 2 2 2 1 0 1 1 2 1 0
-1.09859583744836 0.669410768482928 -0.194690523583565 -0.371590727298585 1.70378895756538 1 2 2 1 1 1 1 0 0 2 2 1 2 2 2 2 2 2 0 1 2 2 2 1 0 0 2 1 2 1 0 2 2 1 1 1 1 0 0 2 2 1 2 2 2 2 2 2 0 1 2 2 2 1 0 0 2 1 2 1 0
1.25836683381377 1.70016759002546 0.676173192874921 1.14220793796799 -0.267328734004559 -1 1 2 1 1 1 2 0 0 2 2 1 1 2 2 2 1 1 0 0 1 2 1 0 0 0 2 1 2 0 0 -1 -2 -1 -1 -1 -2 0 0 -2 -2 -1 -1 -2 -2 -2 -1 -1 0 0 -1 -2 -1 0 0 0 -2 -1 -2 0 0
-1.15004920224393 -0.107975491801103 2.48493818224794 0.210084582110242 -1.07995085444726 1 2 2 2 2 1 2 0 0 2 2 2 1 1 2 2 0 2 1 2 2 2 2 1 1 0 2 2 2 2 0 2 2 2 2 1 2 0 0 2 2 2 1 1 2 2 0 2 1 2 2 2 2 1 1 0 2 2 2 2 0
-0.927691594453791 -0.783172855067102 -0.376869243603387 -0.491141347649405 -0.492261994377909 1 2 2 2 2 2 1 0 0 1 1 0 1 1 2 1 1 2 0 1 2 2 1 0 0 0 1 1 2 1 0 2 2 2 2 2 1 0 0 1 1 0 1 1 2 1 1 2 0 1 2 2 1 0 0 0 1 1 2 1 0
-0.439173859924192 -0.635995422341523 -0.990819606087886 0.899245429496394 -0.388993885752969 -1 1 1 2 1 1 2 0 0 1 0 2 1 1 2 1 0 2 1 1 2 2 2 0 1 0 2 2 2 1 0 -1 -1 -2 -1 -1 -2 0 0 -1 0 -2 -1 -1 -2 -1 0 -2 -1 -1 -2 -2 -2 0 -1 0 -2 -2 -2 -1 0
-0.866165661112337 -0.431107890767178 1.16465056074621 -0.956468303455184 -0.491118091420913 1 0 1 1 1 1 0 0 1 2 1 0 1 2 1 2 0 2 0 1 2 2 2 1 1 0 1 1 2 2 0 0 1 1 1 1 0 0 1 2 1 0 1 2 1 2 0 2 0 1 2 2 2 1 1 0 1 1 2 2 0
-0.602967281612558 0.414693837234347 0.406748894757369 1.15083243780215 -0.105464309899126 1 1 1 1 2 2 2 0 0 2 1 0 0 0 1 2 1 2 1 2 2 2 2 1 1 0 2 2 2 1 0 1 1 1 2 2 2 0 0 2 1 0 0 0 1 2 1 2 1 2 2 2 2 1 1 0 2 2 2 1 0
-0.6278471792538 -0.1138894614336 0.419744899893888 -1.14359433104792 -1.66445372378566 1 1 2 2 1 2 2 0 1 2 1 0 1 1 1 1 1 1 0 1 2 2 2 2 2 1 2 0 2 1 0 1 2 2 1 2 2 0 1 2 1 0 1 1 1 1 1 1 0 1 2 2 2 2 2 1 2 0 2 1 0
-1.11852024834158 0.622916903628677 0.624176333035577 0.610569981909277 -0.661725604355367 -1 1 2 2 1 1 2 0 1 2 2 1 1 2 2 2 0 2 1 2 2 2 2 0 0 0 2 0 2 1 0 -1 -2 -2 -1 -1 -2 0 -1 -2 -2 -1 -1 -2 -2 -2 0 -2 -1 -2 -2 -2 -2 0 0 0 -2 0 -2 -1 0
0.700496487410632 -0.862452540459227 0.819366260383515 -1.40239045552488 0.121283960460792 1 0 2 2 2 2 1 0 0 2 1 1 1 2 1 2 0 2 0 1 2 2 2 1 0 0 1 0 2 1 0 0 2 2 2 2 1 0 0 2 1 1 1 2 1 2 0 2 0 1 2 2 2 1 0 0 1 0 2 1 0
-0.0449551155278283 -0.150732047798857 0.68742181358112 -0.818551482276659 0.905129776925473 1 2 2 2 2 2 2 0 0 2 2 0 0 1 2 1 0 2 1 1 2 2 2 0 1 0 2 1 2 0 0 2 2 2 2 2 2 0 0 2 2 0 0 1 2 1 0 2 1 1 2 2 2 0 1 0 2 1 2 0 0
1.00147204657377 -1.11880513271408 3.14521858482771 -0.431698507132951 1.67447647733642 1 0 2 2 2 2 2 0 0 1 1 0 1 1 1 2 1 2 1 2 2 2 1 0 0 0 1 2 2 1 0 0 2 2 2 2 2 0 0 1 1 0 1 1 1 2 1 2 1 2 2 2 1 0 0 0 1 2 2 1 0
-1.03922806384902 -1.24991304498369 0.593841926747491 2.90244625197893 0.353250649989083 -1 2 2 2 2 2 2 1 0 2 1 2 1 1 2 2 0 2 2 2 2 2 2 1 0 0 2 1 2 2 0 -2 -2 -2 -2 -2 -2 -1 0 -2 -1 -2 -1 -1 -2 -2 0 -2 -2 -2 -2 -2 -2 -1 0 0 -2 -1 -2 -2 0
0.721312727162862 -0.518128620832758 -0.853496490707955 1.12976318262281 0.264093244755701 -1 2 2 2 1 1 2 0 0 2 1 0 1 1 2 1 0 2 0 1 2 2 2 1 1 1 2 1 2 1 0 -2 -2 -2 -1 -1 -2 0 0 -2 -1 0 -1 -1 -2 -1 0 -2 0 -1 -2 -2 -2 -1 -1 -1 -2 -1 -2 -1 0
2.34107470689357 0.846225302581758 0.598138301959207 0.611225789073201 0.838585681666859 1 1 1 2 1 1 2 0 0 1 0 1 0 1 1 2 0 2 1 2 2 2 2 0 0 0 1 1 2 1 0 1 1 2 1 1 2 0 0 1 0 1 0 1 1 2 0 2 1 2 2 2 2 0 0 0 1 1 2 1 0
-1.03438387753442 -0.604436447795384 -0.655984267293583 -2.53462210052041 -0.964454205316683 -1 1 2 1 2 2 2 0 0 2 2 1 1 0 2 2 1 2 0 1 2 2 1 0 0 0 1 1 2 2 0 -1 -2 -1 -2 -2 -2 0 0 -2 -2 -1 -1 0 -2 -2 -1 -2 0 -1 -2 -2 -1 0 0 0 -1 -1 -2 -2 0
2.03313364236987 -1.3243764846979 -0.750072839211263 -0.325780549850822 -0.276630070235303 -1 1 1 2 2 2 1 0 0 1 0 1 2 2 2 2 1 2 0 1 2 2 2 1 0 0 2 0 2 1 0 -1 -1 -2 -2 -2 -1 0 0 -1 0 -1 -2 -2 -2 -2 -1 -2 0 -1 -2 -2 -2 -1 0 0 -2 0 -2 -1 0
-0.280524761586529 -1.43989216144398 -0.56118217561834 -1.95898912170894 0.482796730182623 -1 0 1 1 2 2 2 0 0 2 2 1 1 2 1 2 0 2 0 1 2 2 2 1 1 0 2 0 2 1 0 0 -1 -1 -2 -2 -2 0 0 -2 -2 -1 -1 -2 -1 -2 0 -2 0 -1 -2 -2 -2 -1 -1 0 -2 0 -2 -1 0
1.24401290924963 1.02382927245555 -0.423655089448566 1.58859975392756 -0.820726599038005 1 1 2 2 1 2 1 0 0 2 0 2 2 2 2 2 0 2 0 0 2 2 2 0 0 0 2 0 2 1 0 1 2 2 1 2 1 0 0 2 0 2 2 2 2 2 0 2 0 0 2 2 2 0 0 0 2 0 2 1 0
1.30511666930039 1.53880986241894 0.12011858972429 -2.85321652327131 -0.495768006400523 -1 0 1 2 1 1 2 0 0 1 1 0 2 2 2 2 0 2 1 2 2 2 2 0 2 1 1 1 2 2 0 0 -1 -2 -1 -1 -2 0 0 -1 -1 0 -2 -2 -2 -2 0 -2 -1 -2 -2 -2 -2 0 -2 -1 -1 -1 -2 -2 0
-0.170564544645268 1.52619436634616 3.19332169469468 -1.22085824112836 0.851896649885163 1 2 2 2 2 2 2 0 0 2 2 2 2 2 2 2 0 2 0 1 2 2 2 0 0 0 2 1 2 2 0 2 2 2 2 2 2 0 0 2 2 2 2 2 2 2 0 2 0 1 2 2 2 0 0 0 2 1 2 2 0
-0.279111012684819 0.565654095295978 -0.442343464577648 -0.820060184064533 1.08786897119104 1 2 2 2 2 0 2 0 0 2 1 1 1 1 1 2 0 2 1 1 2 2 2 0 0 0 2 2 2 2 0 2 2 2 2 0 2 0 0 2 1 1 1 1 1 2 0 2 1 1 2 2 2 0 0 0 2 2 2 2 0
0.129080091742984 -0.932409049780768 -0.797365346925468 -0.383115349993934 0.915970772710523 -1 0 2 2 0 2 2 0 0 2 1 2 0 1 2 2 0 2 0 1 2 2 2 1 1 0 1 1 2 1 0 0 -2 -2 0 -2 -2 0 0 -2 -1 -2 0 -1 -2 -2 0 -2 0 -1 -2 -2 -2 -1 -1 0 -1 -1 -2 -1 0
0.20323580495274 1.12314664222452 -2.25641777705563 -0.740074029183902 -0.822652349355806 1 1 0 2 1 0 0 0 0 1 1 0 1 1 2 0 0 2 0 1 2 2 2 1 0 0 2 1 2 0 0 1 0 2 1 0 0 0 0 1 1 0 1 1 2 0 0 2 0 1 2 2 2 1 0 0 2 1 2 0 0
0.460036969746535 -0.608738428831238 0.406678625838359 -0.788903249557069 0.559745002848164 1 0 2 2 2 2 2 0 0 1 0 0 0 0 1 1 0 2 2 2 2 2 2 2 1 0 2 0 2 2 0 0 2 2 2 2 2 0 0 1 0 0 0 0 1 1 0 2 2 2 2 2 2 2 1 0 2 0 2 2 0
0.0865515813306739 -0.761792929944865 0.200685380622127 0.596809860859072 -2.00033395920679 1 1 2 1 2 2 2 0 0 2 2 2 1 2 2 1 0 2 1 1 2 2 2 0 1 1 2 2 2 2 0 1 2 1 2 2 2 0 0 2 2 2 1 2 2 1 0 2 1 1 2 2 2 0 1 1 2 2 2 2 0
-0.817354244613384 0.0499575304826399 0.577654238124695 1.29514202821292 -0.698863248080225 -1 2 2 2 2 2 2 0 0 2 2 1 1 1 2 1 0 2 1 2 2 2 1 0 0 0 2 2 2 2 1 -2 -2 -2 -2 -2 -2 0 0 -2 -2 -1 -1 -1 -2 -1 0 -2 -1 -2 -2 -2 -1 0 0 0 -2 -2 -2 -2 -1
-0.321927351567639 -0.154958708329952 0.32493151991686 0.829121112937326 0.0347371035436929 -1 0 1 1 0 1 2 0 0 1 1 2 1 2 2 2 0 2 1 1 2 2 1 2 1 0 1 0 2 1 0 0 -1 -1 0 -1 -2 0 0 -1 -1 -2 -1 -2 -2 -2 0 -2 -1 -1 -2 -2 -1 -2 -1 0 -1 0 -2 -1 0
1.01048981373176 -0.250395503762304 0.263787119795332 0.587177270971055 1.8302061330306 -1 2 1 1 2 2 2 0 1 2 2 1 1 1 1 1 0 2 0 2 2 2 1 2 2 1 2 1 2 1 0 -2 -1 -1 -2 -2 -2 0 -1 -2 -2 -1 -1 -1 -1 -1 0 -2 0 -2 -2 -2 -1 -2 -2 -1 -2 -1 -2 -1 0
1.2485246833346 0.495339022638613 0.344531056981022 0.286816215838323 -0.964563915649963 -1 0 2 2 1 1 1 0 0 2 0 0 2 2 2 2 1 2 1 1 2 2 2 1 2 0 2 1 2 0 0 0 -2 -2 -1 -1 -1 0 0 -2 0 0 -2 -2 -2 -2 -1 -2 -1 -1 -2 -2 -2 -1 -2 0 -2 -1 -2 0 0
-0.24315102045861 -1.11924666848891 -1.69863734690138 -0.965212407292123 -0.67315324324076 1 2 2 2 2 2 2 0 0 2 2 1 0 1 1 1 1 2 1 1 2 2 1 0 1 1 2 1 2 2 0 2 2 2 2 2 2 0 0 2 2 1 0 1 1 1 1 2 1 1 2 2 1 0 1 1 2 1 2 2 0
-1.68743237001915 1.21751036289448 -0.223117265464379 -0.686362998777667 -1.52322089217076 1 0 1 1 0 0 1 0 1 2 1 0 1 2 2 1 0 2 1 1 2 2 2 1 0 0 1 1 2 2 0 0 1 1 0 0 1 0 1 2 1 0 1 2 2 1 0 2 1 1 2 2 2 1 0 0 1 1 2 2 0
-0.754186935778234 0.269222728271057 0.795388649028645 -0.993681621427208 0.899058498925082 -1 1 2 2 1 1 2 0 0 2 1 1 0 0 1 1 0 2 1 1 2 2 2 0 0 0 2 1 2 0 0 -1 -2 -2 -1 -1 -2 0 0 -2 -1 -1 0 0 -1 -1 0 -2 -1 -1 -2 -2 -2 0 0 0 -2 -1 -2 0 0
0.451046855847238 0.511226691099947 0.890432351324274 0.228590926683018 0.647113622745342 -1 1 1 2 1 1 1 0 0 1 0 2 1 1 2 2 1 2 0 0 2 2 2 1 0 0 0 2 2 1 0 -1 -1 -2 -1 -1 -1 0 0 -1 0 -2 -1 -1 -2 -2 -1 -2 0 0 -2 -2 -2 -1 0 0 0 -2 -2 -1 0
1.11538840057012 0.134621836525794 -0.644212072172871 2.10213609372693 -0.469013916708242 -1 1 2 2 2 1 2 0 0 1 1 1 1 2 2 2 0 2 0 1 2 2 2 1 1 0 1 0 2 2 0 -1 -2 -2 -2 -1 -2 0 0 -1 -1 -1 -1 -2 -2 -2 0 -2 0 -1 -2 -2 -2 -1 -1 0 -1 0 -2 -2 0
0.0479835741867127 -0.207649160152074 0.183280326725289 0.561525347303251 -0.173407167392852 -1 2 2 2 2 1 0 0 0 1 0 0 1 2 2 2 1 2 2 2 2 2 2 1 1 0 2 1 2 1 0 -2 -2 -2 -2 -1 0 0 0 -1 0 0 -1 -2 -2 -2 -1 -2 -2 -2 -2 -2 -2 -1 -1 0 -2 -1 -2 -1 0
0.389812280482883 0.716844401269514 -0.386942347295449 0.430671596896621 0.640366855400399 1 2 2 2 2 2 2 0 0 2 2 2 1 1 2 1 0 2 2 2 2 2 2 1 1 0 2 2 2 1 0 2 2 2 2 2 2 0 0 2 2 2 1 1 2 1 0 2 2 2 2 2 2 1 1 0 2 2 2 1 0
0.320849262338635 -0.865212132243142 -1.64732158973263 0.0368471844601394 0.607615240667266 -1 1 2 1 1 2 2 0 1 2 1 1 1 1 2 2 0 2 1 1 2 2 2 2 0 0 2 1 2 2 0 -1 -2 -1 -1 -2 -2 0 -1 -2 -1 -1 -1 -1 -2 -2 0 -2 -1 -1 -2 -2 -2 -2 0 0 -2 -1 -2 -2 0
1.15995316591505 0.551130611111285 0.0605504641110274 0.509055628123037 0.576786748828723 1 2 2 2 1 2 1 0 0 1 1 2 2 1 0 1 0 2 2 2 2 2 1 0 1 0 2 2 2 2 0 2 2 2 1 2 1 0 0 1 1 2 2 1 0 1 0 2 2 2 2 2 1 0 1 0 2 2 2 2 0
-1.45076468502912 -0.0658080938247594 0.702368578759983 0.554911331960191 -0.318530837167051 -1 1 2 2 2 2 2 0 1 2 1 0 0 0 2 1 0 2 1 2 2 2 2 1 1 1 2 1 2 2 1 -1 -2 -2 -2 -2 -2 0 -1 -2 -1 0 0 0 -2 -1 0 -2 -1 -2 -2 -2 -2 -1 -1 -1 -2 -1 -2 -2 -1
-0.670989684284122 0.741403969728945 1.05035043822324 0.54249960582182 -0.968134802707511 1 2 2 2 2 1 1 0 0 2 1 2 1 1 1 1 0 2 1 2 2 2 2 1 1 0 2 1 2 2 0 2 2 2 2 1 1 0 0 2 1 2 1 1 1 1 0 2 1 2 2 2 2 1 1 0 2 1 2 2 0
0.564275908635489 -2.72735045025477 -1.90849374108829 0.36070420376657 0.253219082438356 -1 1 2 2 1 0 1 0 1 2 1 1 2 2 2 1 0 2 0 0 2 2 1 0 1 1 2 2 2 1 0 -1 -2 -2 -1 0 -1 0 -1 -2 -1 -1 -2 -2 -2 -1 0 -2 0 0 -2 -2 -1 0 -1 -1 -2 -2 -2 -1 0
1.38154842130969 -0.577412992161103 -0.883155024874719 -0.972107497251046 0.135986784090304 1 0 1 1 1 2 0 0 0 1 1 1 2 2 2 2 0 2 1 2 2 2 2 0 1 0 2 1 2 2 0 0 1 1 1 2 0 0 0 1 1 1 2 2 2 2 0 2 1 2 2 2 2 0 1 0 2 1 2 2 0
0.32031591291649 0.290070656924169 -0.0224298623447965 0.148751676827272 0.30920263184109 -1 0 2 0 0 0 1 0 0 1 1 1 1 2 2 2 1 2 2 2 2 2 2 2 2 1 2 1 2 2 0 0 -2 0 0 0 -1 0 0 -1 -1 -1 -1 -2 -2 -2 -1 -2 -2 -2 -2 -2 -2 -2 -2 -1 -2 -1 -2 -2 0
-1.31879384038587 0.0181140526569364 0.92961786747872 0.0602035380024455 -2.26448806688592 1 2 2 2 2 2 2 0 0 2 1 0 0 1 2 1 0 2 1 1 2 2 2 0 0 0 1 0 2 2 0 2 2 2 2 2 2 0 0 2 1 0 0 1 2 1 0 2 1 1 2 2 2 0 0 0 1 0 2 2 0
