-0.170029930977351 -0.118294713356276 1.12207148379173 -1.00020620988523 0.809462817032899 -1 0 0 0 1 1 2 1 2 2 2 2 1 1 2 0 2 2 0 0 1 0 2 1 1 1 0 1 2 1 0 0 0 0 -1 -1 -2 -1 -2 -2 -2 -2 -1 -1 -2 0 -2 -2 0 0 -1 0 -2 -1 -1 -1 0 -1 -2 -1 0
-0.382438410181651 -0.0231762082879732 -1.15576916391444 -0.775774181501709 -0.431369323496288 -1 0 2 0 1 2 1 1 2 2 2 2 0 0 1 0 2 2 0 0 1 0 1 2 2 1 2 2 2 1 0 0 -2 0 -1 -2 -1 -1 -2 -2 -2 -2 0 0 -1 0 -2 -2 0 0 -1 0 -1 -2 -2 -1 -2 -2 -2 -1 0
0.344361645514792 0.941770335808397 1.73349746717879 0.142063150333838 -0.00125551017043589 -1 0 2 0 1 1 2 0 2 1 1 2 1 1 2 0 2 2 2 0 1 0 1 2 2 2 1 2 2 0 0 0 -2 0 -1 -1 -2 0 -2 -1 -1 -2 -1 -1 -2 0 -2 -2 -2 0 -1 0 -1 -2 -2 -2 -1 -2 -2 0 0
1.7695519058245 -1.61074803944797 0.977546948901172 -0.241116128697382 0.950098373020791 1 0 1 1 2 2 1 1 2 2 1 2 1 1 2 0 2 2 0 0 0 0 1 1 1 2 2 2 2 1 0 0 1 1 2 2 1 1 2 2 1 2 1 1 2 0 2 2 0 0 0 0 1 1 1 2 2 2 2 1 0
1.64293735859791 0.697255607117777 0.801590690221116 -2.0515040687974 -0.953351050889792 -1 0 0 0 1 1 1 0 1 2 2 2 1 2 2 0 2 2 2 0 1 1 2 2 2 2 2 0 2 0 0 0 0 0 -1 -1 -1 0 -1 -2 -2 -2 -1 -2 -2 0 -2 -2 -2 0 -1 -1 -2 -2 -2 -2 -2 0 -2 0 0
0.547766231503634 -0.967708904687853 0.749516152262551 0.340009684151013 -0.262612411553647 -1 0 2 0 1 1 1 0 2 1 1 2 2 0 2 0 1 1 0 0 1 0 1 1 1 2 0 1 2 0 0 0 -2 0 -1 -1 -1 0 -2 -1 -1 -2 -2 0 -2 0 -1 -1 0 0 -1 0 -1 -1 -1 -2 0 -1 -2 0 0
0.469873005373895 -0.166388722618576 -0.708897967801006 0.603658364338631 0.71241230351693 1 0 2 0 1 0 1 0 2 1 0 1 1 0 0 0 2 1 1 0 1 1 2 1 1 0 0 1 2 1 0 0 2 0 1 0 1 0 2 1 0 1 1 0 0 0 2 1 1 0 1 1 2 1 1 0 0 1 2 1 0
0.821683823354314 0.554676590176285 -1.43505769396714 0.121560928159411 -0.740280753096363 -1 1 2 1 2 1 1 1 2 2 2 2 2 0 2 0 1 1 0 0 1 0 1 2 2 2 1 2 2 0 1 -1 -2 -1 -2 -1 -1 -1 -2 -2 -2 -2 -2 0 -2 0 -1 -1 0 0 -1 0 -1 -2 -2 -2 -1 -2 -2 0 -1
-0.812687501990928 0.136404416679824 1.03290883215767 1.02889411419551 1.85540869666434 1 0 1 0 1 2 2 0 2 2 2 2 1 1 2 0 2 2 0 0 0 0 2 1 1 1 0 1 2 0 0 0 1 0 1 2 2 0 2 2 2 2 1 1 2 0 2 2 0 0 0 0 2 1 1 1 0 1 2 0 0
0.324354681147646 0.0264683569264384 1.54656874397875 -0.854581714942021 -0.904015853365729 -1 0 0 0 1 0 1 0 2 2 1 2 1 0 2 0 2 2 0 0 1 0 2 1 1 1 0 0 2 0 0 0 0 0 -1 0 -1 0 -2 -2 -1 -2 -1 0 -2 0 -2 -2 0 0 -1 0 -2 -1 -1 -1 0 0 -2 0 0
0.425904332814586 0.0693344234855725 0.744657991661097 -1.88348975073394 0.596127943113051 -1 0 1 0 1 1 1 1 2 1 1 2 2 2 2 0 2 2 2 0 2 1 1 1 2 2 0 1 2 0 0 0 -1 0 -1 -1 -1 -1 -2 -1 -1 -2 -2 -2 -2 0 -2 -2 -2 0 -2 -1 -1 -1 -2 -2 0 -1 -2 0 0
0.536003822866506 1.07414797644574 0.328362496879979 -0.571221524368574 -0.853420551239167 -1 0 2 0 2 2 2 1 2 2 2 2 1 0 2 0 2 2 1 1 2 0 2 2 2 2 0 1 2 0 0 0 -2 0 -2 -2 -2 -1 -2 -2 -2 -2 -1 0 -2 0 -2 -2 -1 -1 -2 0 -2 -2 -2 -2 0 -1 -2 0 0
0.855110206234585 -2.03257170942923 -0.64091578132771 0.908814963469074 -1.93680416321431 1 0 1 1 0 0 1 1 2 2 1 2 1 1 1 0 2 1 1 0 2 2 2 2 2 2 1 0 2 0 0 0 1 1 0 0 1 1 2 2 1 2 1 1 1 0 2 1 1 0 2 2 2 2 2 2 1 0 2 0 0
0.0164097822563353 -1.73346142682929 -0.896985270136428 0.274636446296292 -0.399468927672815 -1 0 1 0 1 0 1 0 2 0 2 2 1 1 2 0 2 2 2 0 2 0 1 2 2 2 1 2 2 0 0 0 -1 0 -1 0 -1 0 -2 0 -2 -2 -1 -1 -2 0 -2 -2 -2 0 -2 0 -1 -2 -2 -2 -1 -2 -2 0 0
-0.225041318909371 -0.33062197383494 -1.29802425702511 0.22709298806237 -0.636762393323735 1 0 0 0 1 1 1 0 2 1 1 2 1 0 2 0 2 2 1 0 1 0 0 1 2 1 1 2 2 0 0 0 0 0 1 1 1 0 2 1 1 2 1 0 2 0 2 2 1 0 1 0 0 1 2 1 1 2 2 0 0
-1.35196015481318 0.436370143083876 -0.171289550183813 0.490987387648449 0.990759018138962 -1 0 2 0 1 0 0 0 2 1 1 1 0 1 1 0 1 2 0 0 1 0 2 2 1 2 1 2 2 0 0 0 -2 0 -1 0 0 0 -2 -1 -1 -1 0 -1 -1 0 -1 -2 0 0 -1 0 -2 -2 -1 -2 -1 -2 -2 0 0
1.2890238669487 -0.396970673104744 0.512168507358868 -0.322028250894181 0.534982458059696 1 0 1 0 1 0 1 1 2 1 0 2 2 1 2 0 2 2 1 0 1 0 1 1 1 2 1 1 2 0 0 0 1 0 1 0 1 1 2 1 0 2 2 1 2 0 2 2 1 0 1 0 1 1 1 2 1 1 2 0 0
-0.11817114815793 1.11007195502448 -0.886062576737304 0.75879240077964 -0.625099585504279 -1 0 1 0 0 0 0 1 2 2 1 2 1 1 2 0 2 2 0 0 1 1 2 2 2 2 0 2 2 1 0 0 -1 0 0 0 0 -1 -2 -2 -1 -2 -1 -1 -2 0 -2 -2 0 0 -1 -1 -2 -2 -2 -2 0 -2 -2 -1 0
0.0261139230205944 -0.365163210763974 0.00624760377933023 1.09342497204527 -0.594688209026318 -1 0 2 0 1 1 2 1 2 2 1 2 1 0 2 0 2 1 1 0 0 0 0 1 0 0 0 2 2 0 0 0 -2 0 -1 -1 -2 -1 -2 -2 -1 -2 -1 0 -2 0 -2 -1 -1 0 0 0 0 -1 0 0 0 -2 -2 0 0
0.928606137185185 0.648660029807559 0.553825705759439 -0.34279427495499 -1.27407528474009 -1 0 1 0 1 0 1 0 2 2 1 2 1 2 2 0 2 2 2 0 2 1 2 1 2 2 1 1 2 0 0 0 -1 0 -1 0 -1 0 -2 -2 -1 -2 -1 -2 -2 0 -2 -2 -2 0 -2 -1 -2 -1 -2 -2 -1 -1 -2 0 0
-0.0580868579369729 -1.15194497325604 -0.706957413212926 1.11342185374724 -0.403668495459416 -1 0 2 1 2 1 2 0 2 2 1 2 2 1 2 0 2 2 0 0 1 0 2 2 2 2 1 2 2 1 0 0 -2 -1 -2 -1 -2 0 -2 -2 -1 -2 -2 -1 -2 0 -2 -2 0 0 -1 0 -2 -2 -2 -2 -1 -2 -2 -1 0
-1.96848940593546 -1.25581435392001 -0.856712593775207 0.614598162642514 0.0961768541480167 -1 0 2 1 2 1 1 1 2 1 2 2 1 0 2 0 2 2 1 0 2 1 2 2 2 2 1 2 2 0 0 0 -2 -1 -2 -1 -1 -1 -2 -1 -2 -2 -1 0 -2 0 -2 -2 -1 0 -2 -1 -2 -2 -2 -2 -1 -2 -2 0 0
0.490036030064875 0.337088304591941 -2.04888271271918 0.275333906361359 -0.0470013212576708 1 0 2 0 1 1 0 0 2 0 0 2 1 2 2 0 2 2 0 0 2 1 1 2 2 2 1 1 2 1 0 0 2 0 1 1 0 0 2 0 0 2 1 2 2 0 2 2 0 0 2 1 1 2 2 2 1 1 2 1 0
-0.392522721304102 0.459999284866895 0.7832138349211 -1.38817760710894 -1.2220415835213 1 0 1 0 2 2 2 0 2 2 0 1 0 1 2 0 2 2 2 0 2 1 2 2 2 2 2 2 2 0 0 0 1 0 2 2 2 0 2 2 0 1 0 1 2 0 2 2 2 0 2 1 2 2 2 2 2 2 2 0 0
-0.73375146288326 -1.40117112670024 -1.75869009404264 -1.26231860369768 -0.987521513522914 -1 0 0 0 1 1 2 0 2 1 0 2 1 0 0 0 2 1 0 0 1 0 1 1 2 2 2 2 2 0 0 0 0 0 -1 -1 -2 0 -2 -1 0 -2 -1 0 0 0 -2 -1 0 0 -1 0 -1 -1 -2 -2 -2 -2 -2 0 0
-1.29921548579613 0.765697780439553 -2.82152059088081 -1.72148103709348 -0.608427655360526 1 0 1 0 2 1 1 0 2 2 1 2 2 1 1 0 2 2 2 0 2 0 1 2 2 2 0 1 2 0 0 0 1 0 2 1 1 0 2 2 1 2 2 1 1 0 2 2 2 0 2 0 1 2 2 2 0 1 2 0 0
0.677102471306979 2.48435020215295 -0.531264291629698 -1.26163604613764 -0.124884965088975 -1 0 2 2 2 1 2 0 2 2 1 2 2 0 2 0 2 2 2 0 2 1 1 2 2 2 1 2 2 0 0 0 -2 -2 -2 -1 -2 0 -2 -2 -1 -2 -2 0 -2 0 -2 -2 -2 0 -2 -1 -1 -2 -2 -2 -1 -2 -2 0 0
-0.112962796142784 0.313192901235808 0.233612436522753 -0.366717039873718 0.0325809213328618 1 0 1 0 2 2 2 1 2 2 2 2 2 0 2 0 2 2 1 0 2 1 1 1 1 1 0 1 2 1 0 0 1 0 2 2 2 1 2 2 2 2 2 0 2 0 2 2 1 0 2 1 1 1 1 1 0 1 2 1 0
0.20598152031374 -0.86194060035621 -0.635827976904338 -2.80158485966549 -0.709891569903815 1 0 1 0 1 1 1 0 2 0 0 2 0 1 2 0 2 2 1 0 1 0 2 2 1 2 1 2 2 1 0 0 1 0 1 1 1 0 2 0 0 2 0 1 2 0 2 2 1 0 1 0 2 2 1 2 1 2 2 1 0
0.447776635147024 -0.401469272626199 0.795277301204237 1.80807859771741 -1.21502591053378 1 0 2 0 2 0 1 0 2 2 1 2 1 0 2 0 2 1 0 0 2 1 2 2 2 2 0 1 2 0 0 0 2 0 2 0 1 0 2 2 1 2 1 0 2 0 2 1 0 0 2 1 2 2 2 2 0 1 2 0 0
1.29215650245149 -0.523218659814431 -1.36429210943418 1.72772503473148 -0.228307629503823 -1 0 2 0 2 2 2 1 2 2 2 2 2 0 1 0 2 2 1 0 1 0 1 2 1 2 1 2 2 0 0 0 -2 0 -2 -2 -2 -1 -2 -2 -2 -2 -2 0 -1 0 -2 -2 -1 0 -1 0 -1 -2 -1 -2 -1 -2 -2 0 0
0.469433092131481 0.688813857284443 0.622993054187109 0.335933358739368 1.72465749415741 -1 0 0 0 2 2 1 0 2 2 0 1 0 1 2 0 2 2 2 0 0 0 0 2 2 2 2 1 2 1 0 0 0 0 -2 -2 -1 0 -2 -2 0 -1 0 -1 -2 0 -2 -2 -2 0 0 0 0 -2 -2 -2 -2 -1 -2 -1 0
0.483038908641826 -0.361547967007106 -0.480870573570969 0.929130794539562 -0.974720081738159 -1 0 2 1 2 1 2 0 2 2 1 1 1 1 2 0 2 2 0 0 2 1 1 0 1 2 1 1 2 0 0 0 -2 -1 -2 -1 -2 0 -2 -2 -1 -1 -1 -1 -2 0 -2 -2 0 0 -2 -1 -1 0 -1 -2 -1 -1 -2 0 0
0.0406841851973646 1.87113377440494 0.0144039480892157 0.835437556999788 0.689064070834231 -1 0 0 0 2 0 0 0 2 2 1 2 1 0 2 0 2 1 0 1 1 1 2 2 2 2 1 2 2 0 1 0 0 0 -2 0 0 0 -2 -2 -1 -2 -1 0 -2 0 -2 -1 0 -1 -1 -1 -2 -2 -2 -2 -1 -2 -2 0 -1
1.05576340577186 -0.0996062446439475 0.991420094328135 1.263468741101 0.968550041602964 -1 0 1 0 2 2 2 1 2 1 1 2 1 2 2 0 2 2 2 0 2 1 2 2 2 2 1 1 2 0 0 0 -1 0 -2 -2 -2 -1 -2 -1 -1 -2 -1 -2 -2 0 -2 -2 -2 0 -2 -1 -2 -2 -2 -2 -1 -1 -2 0 0
-0.805549731783157 -0.0380331330002224 -2.00489113383349 -1.64213605030689 0.324087930889271 -1 0 1 1 2 0 1 0 2 1 0 2 1 0 2 0 2 2 1 0 1 0 1 1 2 2 2 2 2 1 0 0 -1 -1 -2 0 -1 0 -2 -1 0 -2 -1 0 -2 0 -2 -2 -1 0 -1 0 -1 -1 -2 -2 -2 -2 -2 -1 0
-1.09531481759737 0.766186987930661 0.338017458395917 -2.24654025115308 0.666674895077151 -1 0 0 0 2 1 1 0 2 1 0 1 0 1 2 0 2 2 1 1 2 0 0 0 0 1 0 0 2 0 0 0 0 0 -2 -1 -1 0 -2 -1 0 -1 0 -1 -2 0 -2 -2 -1 -1 -2 0 0 0 0 -1 0 0 -2 0 0
1.67821121451185 -1.26423805869639 0.254951749638088 0.341144566057459 1.81141508730991 -1 0 1 0 1 0 1 0 2 2 2 2 1 0 2 0 2 1 1 1 2 0 1 1 1 1 1 1 2 1 0 0 -1 0 -1 0 -1 0 -2 -2 -2 -2 -1 0 -2 0 -2 -1 -1 -1 -2 0 -1 -1 -1 -1 -1 -1 -2 -1 0
-0.215135201728251 -0.0522490281893394 -2.08287105625719 -1.55704853543221 -1.91029411609657 1 0 1 0 2 0 1 0 2 0 1 2 1 1 2 0 2 2 1 0 2 0 1 2 2 2 1 2 2 0 0 0 1 0 2 0 1 0 2 0 1 2 1 1 2 0 2 2 1 0 2 0 1 2 2 2 1 2 2 0 0
-0.118138829737793 1.1923303540666 -0.667976440865996 0.719135101318498 0.160081043473405 -1 0 1 0 2 1 2 1 2 1 1 2 0 1 1 0 2 1 2 1 2 2 2 2 2 2 1 1 2 0 0 0 -1 0 -2 -1 -2 -1 -2 -1 -1 -2 0 -1 -1 0 -2 -1 -2 -1 -2 -2 -2 -2 -2 -2 -1 -1 -2 0 0
0.985904391854866 1.07514138725293 0.281873231681169 0.708270009636909 0.243024710506799 1 0 1 0 1 1 1 0 2 2 1 2 0 1 2 0 2 1 0 0 1 0 1 1 2 2 2 1 2 0 0 0 1 0 1 1 1 0 2 2 1 2 0 1 2 0 2 1 0 0 1 0 1 1 2 2 2 1 2 0 0
0.204983872175727 -0.724468818148546 0.728873105411025 -0.491028982300575 0.125708620768146 1 0 2 1 1 0 0 0 2 1 1 2 2 2 2 0 2 2 1 1 1 0 2 2 1 1 1 1 2 0 0 0 2 1 1 0 0 0 2 1 1 2 2 2 2 0 2 2 1 1 1 0 2 2 1 1 1 1 2 0 0
-0.363182311064422 1.44240398303964 -0.121862471589509 -0.872657030263861 -0.297416029299461 1 0 1 0 2 1 2 0 2 1 1 2 2 0 2 0 2 2 2 0 1 0 0 0 1 2 0 2 2 0 0 0 1 0 2 1 2 0 2 1 1 2 2 0 2 0 2 2 2 0 1 0 0 0 1 2 0 2 2 0 0
-0.899666941694469 -0.457304299601747 -0.113166862849459 0.122935859531745 -0.232190699377014 -1 0 1 1 2 2 1 0 2 0 0 2 1 2 2 0 2 1 1 0 2 1 2 1 2 1 1 1 2 0 0 0 -1 -1 -2 -2 -1 0 -2 0 0 -2 -1 -2 -2 0 -2 -1 -1 0 -2 -1 -2 -1 -2 -1 -1 -1 -2 0 0
-3.05601766387708 -0.115049643465935 0.479136001246906 0.40631087771357 -0.271884988377597 -1 0 2 0 1 0 2 0 2 2 2 2 2 1 2 0 2 2 1 0 1 0 1 2 1 1 1 1 2 1 2 0 -2 0 -1 0 -2 0 -2 -2 -2 -2 -2 -1 -2 0 -2 -2 -1 0 -1 0 -1 -2 -1 -1 -1 -1 -2 -1 -2
1.29482467927939 -0.315734907745199 -2.17667085265155 0.590880984671761 -0.317818328675632 -1 0 1 0 1 1 2 0 2 1 0 1 1 1 2 0 2 2 2 1 2 0 2 1 2 2 1 2 2 1 1 0 -1 0 -1 -1 -2 0 -2 -1 0 -1 -1 -1 -2 0 -2 -2 -2 -1 -2 0 -2 -1 -2 -2 -1 -2 -2 -1 -1
1.41185571388961 -0.384617454063159 0.71202322622397 2.80749639829584 1.11417491755539 -1 0 1 0 2 0 1 1 2 0 1 2 1 0 1 0 1 2 1 0 1 1 2 2 2 1 0 1 2 1 0 0 -1 0 -2 0 -1 -1 -2 0 -1 -2 -1 0 -1 0 -1 -2 -1 0 -1 -1 -2 -2 -2 -1 0 -1 -2 -1 0
0.00307497943714372 1.49196915795651 1.7747336526878 -0.558566960987785 0.252890742266959 -1 0 1 0 2 0 0 0 2 2 0 1 1 1 2 0 2 1 0 0 2 1 2 2 2 1 1 2 2 0 1 0 -1 0 -2 0 0 0 -2 -2 0 -1 -1 -1 -2 0 -2 -1 0 0 -2 -1 -2 -2 -2 -1 -1 -2 -2 0 -1
0.361798866923702 0.41673462399556 0.548551013034185 0.0115009006364294 1.17229462523491 1 0 0 0 2 1 1 1 2 1 1 2 2 1 1 0 2 2 1 0 2 1 1 2 1 1 0 1 2 0 0 0 0 0 2 1 1 1 2 1 1 2 2 1 1 0 2 2 1 0 2 1 1 2 1 1 0 1 2 0 0
-0.325047070885472 0.824807440088018 -1.98540811447949 -0.759242940447368 0.247253949918753 1 0 1 0 2 0 2 0 2 1 1 2 1 0 1 0 2 1 0 0 1 0 1 2 2 1 1 1 2 1 0 0 1 0 2 0 2 0 2 1 1 2 1 0 1 0 2 1 0 0 1 0 1 2 2 1 1 1 2 1 0
0.8064376040839 0.101676478691477 0.741491322811526 0.6790400072906 0.564114653934058 1 0 2 1 2 1 1 0 2 2 2 2 0 0 2 0 2 1 0 0 2 1 2 1 2 2 1 1 2 1 0 0 2 1 2 1 1 0 2 2 2 2 0 0 2 0 2 1 0 0 2 1 2 1 2 2 1 1 2 1 0
0.662693672314982 -1.0818644494675 1.48917282730083 1.57372247793636 0.536703650505289 -1 0 1 0 2 2 2 0 2 2 1 2 0 0 1 0 2 2 1 0 1 0 0 0 2 2 0 1 2 0 0 0 -1 0 -2 -2 -2 0 -2 -2 -1 -2 0 0 -1 0 -2 -2 -1 0 -1 0 0 0 -2 -2 0 -1 -2 0 0
-0.356096183404299 0.205819184696306 0.885985581772965 -1.43381894435896 -1.46406524359026 -1 0 2 0 2 1 2 0 2 2 1 2 1 1 2 0 2 2 1 1 2 0 2 2 2 1 1 1 2 1 0 0 -2 0 -2 -1 -2 0 -2 -2 -1 -2 -1 -1 -2 0 -2 -2 -1 -1 -2 0 -2 -2 -2 -1 -1 -1 -2 -1 0
-0.0840350779161075 -1.02349603805371 -0.428040469993706 0.374216918048089 0.255911176654136 1 0 1 0 2 0 2 0 2 1 1 2 1 0 2 0 2 2 0 0 2 0 2 2 2 2 0 2 2 1 0 0 1 0 2 0 2 0 2 1 1 2 1 0 2 0 2 2 0 0 2 0 2 2 2 2 0 2 2 1 0
-0.590920657410313 0.176326291419315 0.0343435253166129 0.737484783391763 -0.403443685648285 1 0 2 0 2 1 2 2 2 1 1 2 0 2 2 0 2 2 1 0 2 1 2 1 1 2 2 1 2 0 0 0 2 0 2 1 2 2 2 1 1 2 0 2 2 0 2 2 1 0 2 1 2 1 1 2 2 1 2 0 0
0.0551341134253471 1.66672820678943 0.240130051808934 -1.75962701872096 -0.626433811272609 -1 0 1 0 1 0 1 0 1 0 1 2 2 1 2 0 2 2 1 0 2 0 1 1 2 1 2 2 2 0 0 0 -1 0 -1 0 -1 0 -1 0 -1 -2 -2 -1 -2 0 -2 -2 -1 0 -2 0 -1 -1 -2 -1 -2 -2 -2 0 0
0.569050612341793 -0.918647929472589 2.34587776721045 0.318935999762422 -1.23862485062234 1 0 1 0 1 1 2 1 2 2 0 1 1 0 2 0 2 2 1 0 1 1 1 1 1 1 0 1 2 1 0 0 1 0 1 1 2 1 2 2 0 1 1 0 2 0 2 2 1 0 1 1 1 1 1 1 0 1 2 1 0
-1.07810258152826 0.91873232047223 2.21976946648541 -0.62055016906827 -0.16538561294214 1 0 1 0 1 1 0 0 2 2 1 2 1 0 1 0 1 2 2 0 2 2 2 1 2 2 1 1 2 0 0 0 1 0 1 1 0 0 2 2 1 2 1 0 1 0 1 2 2 0 2 2 2 1 2 2 1 1 2 0 0
1.33535950374288 1.11676191281902 -0.457695978828981 0.0600896253112452 0.00794957251303167 -1 0 1 0 1 1 2 1 2 2 1 1 0 2 2 0 2 2 2 1 2 1 2 2 1 1 0 1 2 0 1 0 -1 0 -1 -1 -2 -1 -2 -2 -1 -1 0 -2 -2 0 -2 -2 -2 -1 -2 -1 -2 -2 -1 -1 0 -1 -2 0 -1
-1.56566317493968 -0.743484121173651 0.064063574724827 -1.12551383160926 0.368101605370789 1 1 2 1 2 1 2 1 2 1 1 2 1 1 2 0 2 2 0 0 1 0 2 2 2 2 1 2 2 0 0 1 2 1 2 1 2 1 2 1 1 2 1 1 2 0 2 2 0 0 1 0 2 2 2 2 1 2 2 0 0
-0.545661379047631 0.150796258468612 -0.16057145795286 0.262842646751568 -0.248895282859086 -1 0 2 0 1 1 1 0 2 2 1 2 1 0 1 0 2 1 0 0 1 0 2 1 2 1 0 1 2 1 1 0 -2 0 -1 -1 -1 0 -2 -2 -1 -2 -1 0 -1 0 -2 -1 0 0 -1 0 -2 -1 -2 -1 0 -1 -2 -1 -1
0.154207650671525 -0.690798145839493 1.02488853635936 -1.08357597400882 2.58086922240255 1 0 1 0 1 1 1 0 2 1 1 2 0 0 1 0 1 2 2 1 2 1 2 2 2 1 0 2 2 0 1 0 1 0 1 1 1 0 2 1 1 2 0 0 1 0 1 2 2 1 2 1 2 2 2 1 0 2 2 0 1
0.2907138081842 0.940688468583336 1.4890185950591 -1.26541914526363 2.10755139688257 -1 0 1 0 2 2 2 0 2 2 1 1 0 1 2 0 2 0 0 0 2 0 1 2 2 2 1 1 2 0 0 0 -1 0 -2 -2 -2 0 -2 -2 -1 -1 0 -1 -2 0 -2 0 0 0 -2 0 -1 -2 -2 -2 -1 -1 -2 0 0
-1.49871322380371 0.466308917915993 0.221919513203505 -1.28220691342211 -0.149431506878113 -1 0 2 1 1 1 1 1 2 2 2 2 0 2 2 1 2 1 1 1 2 1 1 1 2 2 1 2 2 0 1 0 -2 -1 -1 -1 -1 -1 -2 -2 -2 -2 0 -2 -2 -1 -2 -1 -1 -1 -2 -1 -1 -1 -2 -2 -1 -2 -2 0 -1
0.532664419042333 -0.957508562769639 0.877933523731961 0.210186606715295 -0.924777096102227 -1 0 1 1 2 1 2 2 2 2 2 2 0 0 1 0 2 1 1 0 2 1 2 2 2 2 1 0 2 1 1 0 -1 -1 -2 -1 -2 -2 -2 -2 -2 -2 0 0 -1 0 -2 -1 -1 0 -2 -1 -2 -2 -2 -2 -1 0 -2 -1 -1
0.229178152563229 -1.24739551072693 1.54369122092097 -1.00035004671813 -1.34729447573905 1 0 2 0 2 1 1 0 2 2 2 2 2 1 2 0 2 2 1 0 0 0 2 2 2 1 0 0 2 0 0 0 2 0 2 1 1 0 2 2 2 2 2 1 2 0 2 2 1 0 0 0 2 2 2 1 0 0 2 0 0
0.501091032755079 -0.263910719164374 0.00764989509400569 0.589958075161129 0.258150992616697 1 0 1 0 1 0 1 0 2 0 0 2 0 1 1 0 2 2 1 0 1 0 0 1 1 2 2 1 2 0 0 0 1 0 1 0 1 0 2 0 0 2 0 1 1 0 2 2 1 0 1 0 0 1 1 2 2 1 2 0 0
1.30573265330648 0.852206753052609 1.55493520334839 1.12407534879883 0.112173450592264 -1 0 0 0 1 0 1 0 2 0 1 2 1 1 2 0 2 2 0 0 2 0 1 1 1 2 0 1 2 0 0 0 0 0 -1 0 -1 0 -2 0 -1 -2 -1 -1 -2 0 -2 -2 0 0 -2 0 -1 -1 -1 -2 0 -1 -2 0 0
0.50833696340227 0.484002175719168 -0.424421775432507 -0.190654862828851 -0.960800086788066 1 0 0 0 2 1 2 0 2 1 1 2 1 1 2 0 2 2 1 0 2 0 2 2 2 2 0 0 2 0 0 0 0 0 2 1 2 0 2 1 1 2 1 1 2 0 2 2 1 0 2 0 2 2 2 2 0 0 2 0 0
-0.0913120352745052 1.3890926470084 1.65655771083566 -1.20977376192043 0.103318441665553 1 0 2 0 2 0 2 0 2 2 0 1 0 0 2 0 2 2 0 1 2 1 1 2 2 2 0 2 2 0 1 0 2 0 2 0 2 0 2 2 0 1 0 0 2 0 2 2 0 1 2 1 1 2 2 2 0 2 2 0 1
0.278076589151669 1.90183898593082 0.427203833837654 0.00578801560439426 -0.364280247327198 1 0 1 0 1 1 2 1 2 2 1 2 1 1 2 0 2 2 1 0 1 0 1 1 2 1 0 2 2 0 0 0 1 0 1 1 2 1 2 2 1 2 1 1 2 0 2 2 1 0 1 0 1 1 2 1 0 2 2 0 0
0.846221660539464 -1.41049316401648 -1.21783123699094 -1.0851521201352 0.160711126843225 -1 0 2 0 1 0 2 0 2 1 1 1 0 1 1 0 2 2 2 0 2 1 2 2 2 2 0 1 2 1 0 0 -2 0 -1 0 -2 0 -2 -1 -1 -1 0 -1 -1 0 -2 -2 -2 0 -2 -1 -2 -2 -2 -2 0 -1 -2 -1 0
-1.01273699234695 -0.206706721903411 -0.874092397858441 -1.42172835227068 0.00387756517434015 1 0 0 0 0 1 2 1 2 1 0 2 1 0 1 0 2 2 2 0 2 0 2 2 2 2 1 2 2 0 0 0 0 0 0 1 2 1 2 1 0 2 1 0 1 0 2 2 2 0 2 0 2 2 2 2 1 2 2 0 0
0.94706171868682 0.094967214431891 -1.56017989134478 -0.0370916026457061 -2.37267566052788 1 0 0 0 2 2 1 0 2 1 2 2 2 0 1 0 2 2 1 0 1 0 2 1 2 2 1 2 2 0 0 0 0 0 2 2 1 0 2 1 2 2 2 0 1 0 2 2 1 0 1 0 2 1 2 2 1 2 2 0 0
-1.1664885394298 -0.561447132117233 1.94455862411148 0.209373789907955 1.40523178847233 1 0 1 0 2 2 1 1 2 2 2 2 1 1 1 0 2 1 1 0 0 0 0 1 2 2 0 1 2 1 0 0 1 0 2 2 1 1 2 2 2 2 1 1 1 0 2 1 1 0 0 0 0 1 2 2 0 1 2 1 0
-0.805021368866047 -0.854509248108334 -1.17605848426295 -0.0100666228136158 -2.28356448779487 1 0 1 0 2 1 2 1 2 2 1 1 1 1 2 0 2 2 1 0 1 0 1 2 2 2 1 2 2 2 1 0 1 0 2 1 2 1 2 2 1 1 1 1 2 0 2 2 1 0 1 0 1 2 2 2 1 2 2 2 1
-1.87351162264612 1.73293245743133 0.87484957180633 -0.0490381397707637 -0.390734194692746 -1 0 1 0 2 1 2 0 2 0 0 2 2 0 1 0 1 2 1 0 1 0 1 2 1 2 0 0 2 0 0 0 -1 0 -2 -1 -2 0 -2 0 0 -2 -2 0 -1 0 -1 -2 -1 0 -1 0 -1 -2 -1 -2 0 0 -2 0 0
1.24893028452065 0.843862425799447 1.27491882102878 -0.633180880539555 -0.409844009901756 -1 1 2 1 1 1 1 0 2 1 1 1 0 0 1 0 2 1 0 0 1 0 1 1 2 2 0 1 2 2 1 -1 -2 -1 -1 -1 -1 0 -2 -1 -1 -1 0 0 -1 0 -2 -1 0 0 -1 0 -1 -1 -2 -2 0 -1 -2 -2 -1
-1.11209245611664 -0.858448683580173 0.535271802477917 0.565926061184959 -0.435216499310546 1 0 1 0 0 0 0 0 2 1 0 1 0 1 2 0 2 2 2 0 0 0 2 2 2 1 1 1 2 0 0 0 1 0 0 0 0 0 2 1 0 1 0 1 2 0 2 2 2 0 0 0 2 2 2 1 1 1 2 0 0
2.17490547007483 0.00537445367620539 -0.200507189224971 1.23208389030997 -0.281114095589764 1 0 1 0 1 2 1 0 2 2 0 1 1 1 2 0 2 2 1 0 1 0 2 2 1 0 0 1 2 1 0 0 1 0 1 2 1 0 2 2 0 1 1 1 2 0 2 2 1 0 1 0 2 2 1 0 0 1 2 1 0
0.827342377242696 1.90795158692763 1.0749410295127 -0.799553086627628 -1.23831207879091 -1 0 0 0 1 1 0 1 2 2 1 2 0 1 2 0 2 2 0 0 1 1 2 2 2 2 1 0 2 0 0 0 0 0 -1 -1 0 -1 -2 -2 -1 -2 0 -1 -2 0 -2 -2 0 0 -1 -1 -2 -2 -2 -2 -1 0 -2 0 0
-0.653917773385684 2.31724447266188 -1.47810239884163 0.918496170333561 1.25113803104504 -1 0 1 0 2 2 2 1 2 1 0 2 0 1 2 0 2 1 0 1 2 1 1 2 2 2 0 2 2 0 0 0 -1 0 -2 -2 -2 -1 -2 -1 0 -2 0 -1 -2 0 -2 -1 0 -1 -2 -1 -1 -2 -2 -2 0 -2 -2 0 0
-0.553448845939216 -0.103583886389509 1.25271137964172 0.826922577996364 0.834978611819089 1 0 2 1 1 1 1 1 2 1 1 2 0 0 2 0 2 2 1 0 1 1 2 2 2 2 1 1 2 0 0 0 2 1 1 1 1 1 2 1 1 2 0 0 2 0 2 2 1 0 1 1 2 2 2 2 1 1 2 0 0
-0.505924535274626 -1.45993274604749 1.84155595790333 -1.2461272205724 1.30046031354383 -1 0 0 0 0 0 1 0 2 2 0 2 1 1 2 0 2 2 2 0 1 0 1 2 1 2 1 0 2 0 1 0 0 0 0 0 -1 0 -2 -2 0 -2 -1 -1 -2 0 -2 -2 -2 0 -1 0 -1 -2 -1 -2 -1 0 -2 0 -1
-0.0871286020369646 -0.085668079914347 -0.927050051241055 -1.56919411836462 -1.45851385803111 -1 0 1 0 1 0 0 0 2 1 0 2 1 1 2 0 2 2 1 0 1 0 2 2 2 2 0 1 2 1 1 0 -1 0 -1 0 0 0 -2 -1 0 -2 -1 -1 -2 0 -2 -2 -1 0 -1 0 -2 -2 -2 -2 0 -1 -2 -1 -1
0.247971083358575 -1.41572857922202 1.65359007393978 0.939341376827055 1.14291397021968 1 0 0 0 2 1 0 0 2 1 1 2 2 0 0 0 1 0 1 0 2 1 2 1 1 2 1 2 2 0 0 0 0 0 2 1 0 0 2 1 1 2 2 0 0 0 1 0 1 0 2 1 2 1 1 2 1 2 2 0 0
2.76587087953498 -0.0585727645035885 -0.491435805549576 -0.455731099905916 -0.739312195569055 1 0 2 0 2 2 2 2 2 2 2 2 2 2 2 0 2 2 0 0 2 0 1 2 1 1 1 1 2 0 0 0 2 0 2 2 2 2 2 2 2 2 2 2 2 0 2 2 0 0 2 0 1 2 1 1 1 1 2 0 0
-0.416287544492598 1.71682160101803 -0.825637931610364 0.230746539258482 -1.11685432299362 -1 0 1 0 2 1 1 0 2 0 1 2 0 0 2 0 1 0 1 0 1 0 1 1 2 2 1 1 2 1 0 0 -1 0 -2 -1 -1 0 -2 0 -1 -2 0 0 -2 0 -1 0 -1 0 -1 0 -1 -1 -2 -2 -1 -1 -2 -1 0
-0.933918561338826 1.22913366570755 1.0828171743718 -0.718407954625331 0.527854205077386 1 0 1 1 1 0 2 2 2 2 1 2 2 1 2 0 2 2 1 0 1 0 2 2 2 1 2 2 2 1 0 0 1 1 1 0 2 2 2 2 1 2 2 1 2 0 2 2 1 0 1 0 2 2 2 1 2 2 2 1 0
1.58749536013387 -0.035742162268268 0.648014368769994 -0.461195493642 -1.52050235168951 1 0 1 0 2 2 1 0 2 1 1 2 1 1 2 0 2 1 1 0 0 0 0 1 2 2 0 1 2 0 0 0 1 0 2 2 1 0 2 1 1 2 1 1 2 0 2 1 1 0 0 0 0 1 2 2 0 1 2 0 0
0.394430935958655 -1.3845344517435 -2.26329186653545 -1.64287285121059 0.0400545353530769 -1 1 1 1 0 1 1 0 2 2 1 2 0 1 2 0 2 2 1 0 1 0 0 1 2 2 0 1 2 0 0 -1 -1 -1 0 -1 -1 0 -2 -2 -1 -2 0 -1 -2 0 -2 -2 -1 0 -1 0 0 -1 -2 -2 0 -1 -2 0 0
-1.91509402528385 0.706597950699096 -0.867025611979869 -0.103343548003057 0.576698216556632 -1 0 1 0 2 2 1 1 2 1 1 2 1 0 2 0 2 2 1 0 2 1 2 2 2 2 1 1 2 1 0 0 -1 0 -2 -2 -1 -1 -2 -1 -1 -2 -1 0 -2 0 -2 -2 -1 0 -2 -1 -2 -2 -2 -2 -1 -1 -2 -1 0
0.357933327504516 0.177141299702284 0.895852424824458 -0.581255731133122 -0.133638449314723 1 0 1 0 2 0 0 0 2 1 2 2 1 0 2 0 2 2 0 0 1 1 2 2 2 2 0 1 2 0 0 0 1 0 2 0 0 0 2 1 2 2 1 0 2 0 2 2 0 0 1 1 2 2 2 2 0 1 2 0 0
-1.38977946082343 0.554414010563221 1.66110070052102 1.87068991768931 -0.652335929492817 1 0 1 0 1 0 1 1 2 2 1 2 1 1 2 0 2 2 2 0 2 0 2 2 2 2 2 2 2 0 0 0 1 0 1 0 1 1 2 2 1 2 1 1 2 0 2 2 2 0 2 0 2 2 2 2 2 2 2 0 0
0.7896487327134 -1.55787154162235 -0.122120658624271 -0.726853303598365 -1.2860118816459 1 0 2 0 1 0 1 0 2 0 0 2 1 2 2 0 2 1 0 0 2 1 2 1 1 1 2 2 2 0 1 0 2 0 1 0 1 0 2 0 0 2 1 2 2 0 2 1 0 0 2 1 2 1 1 1 2 2 2 0 1
-0.402785626264288 -0.70798941305583 -1.5874765861638 0.0447845790769211 -0.363702712651094 1 0 1 0 2 1 0 1 2 2 0 2 1 1 2 1 2 2 2 0 2 0 0 0 0 1 1 1 2 0 0 0 1 0 2 1 0 1 2 2 0 2 1 1 2 1 2 2 2 0 2 0 0 0 0 1 1 1 2 0 0
0.648250709074505 -0.116325454599867 -0.975690916089975 -0.00874482603034528 -0.125116095864868 1 0 1 0 0 0 1 1 2 2 1 2 1 0 2 0 2 2 1 0 2 1 1 1 2 2 1 1 2 0 1 0 1 0 0 0 1 1 2 2 1 2 1 0 2 0 2 2 1 0 2 1 1 1 2 2 1 1 2 0 1
0.120493849831812 -0.929278838269942 0.700685189383773 0.360569595461328 -0.426242412969151 -1 0 0 0 1 2 2 1 2 2 1 2 1 0 2 0 1 1 1 0 2 0 1 2 2 2 1 1 2 0 0 0 0 0 -1 -2 -2 -1 -2 -2 -1 -2 -1 0 -2 0 -1 -1 -1 0 -2 0 -1 -2 -2 -2 -1 -1 -2 0 0
-1.11074608889066 -0.237882163747788 -0.749342406369439 0.443520382714069 -1.27056225113863 1 0 2 0 2 1 1 0 2 2 2 2 1 0 2 0 2 2 0 1 2 0 0 2 1 2 0 0 2 0 0 0 2 0 2 1 1 0 2 2 2 2 1 0 2 0 2 2 0 1 2 0 0 2 1 2 0 0 2 0 0
-0.271961750313564 0.552340977951886 0.599138414086891 -0.125552014319616 0.853250830142028 1 0 0 0 1 0 0 1 2 1 0 2 1 1 2 0 2 2 1 0 1 1 2 2 2 2 0 1 2 0 0 0 0 0 1 0 0 1 2 1 0 2 1 1 2 0 2 2 1 0 1 1 2 2 2 2 0 1 2 0 0
