-1.13811155073887 -0.934328371459048 -0.0566666676671134 -0.126091359176924 0.672519948736218 1 1 1 0 1 1 0 0 1 0 0 1 2 1 1 2 1 2 1 1 0 1 2 0 2 2 1 2 1 1 2 1 1 0 1 1 0 0 1 0 0 1 2 1 1 2 1 2 1 1 0 1 2 0 2 2 1 2 1 1 2
-0.964549882578917 -1.69212679445541 -0.826441592576554 -0.119639078320362 0.269383860051791 -1 0 1 1 2 2 2 2 2 0 1 1 1 0 1 1 1 0 0 0 2 2 2 0 2 2 2 1 1 2 1 0 -1 -1 -2 -2 -2 -2 -2 0 -1 -1 -1 0 -1 -1 -1 0 0 0 -2 -2 -2 0 -2 -2 -2 -1 -1 -2 -1
-0.700648374816447 -0.955566952562853 -1.21920535228805 -0.413829176952563 0.527042906060976 1 0 2 1 1 2 1 0 0 0 0 0 0 0 0 1 0 0 0 0 0 1 2 1 1 2 1 2 1 2 2 0 2 1 1 2 1 0 0 0 0 0 0 0 0 1 0 0 0 0 0 1 2 1 1 2 1 2 1 2 2
0.32988574327566 1.46611872843754 1.73008442281843 0.299305639607589 -0.50200519669306 1 0 1 1 1 2 1 1 2 1 0 1 1 0 0 1 1 1 0 1 0 1 2 0 0 1 0 1 0 2 1 0 1 1 1 2 1 1 2 1 0 1 1 0 0 1 1 1 0 1 0 1 2 0 0 1 0 1 0 2 1
0.346434967927581 0.935916474124461 1.42220777257321 -0.636362796049353 -0.390980125326633 -1 0 0 1 1 1 1 1 2 0 0 1 1 0 0 1 1 2 2 2 1 2 2 1 1 2 1 1 0 1 2 0 0 -1 -1 -1 -1 -1 -2 0 0 -1 -1 0 0 -1 -1 -2 -2 -2 -1 -2 -2 -1 -1 -2 -1 -1 0 -1 -2
-1.207680716897 1.03063697627896 -0.990102689900822 2.11669052625349 0.0482719509085071 1 0 1 1 2 1 0 1 2 0 1 2 2 2 1 2 0 1 0 2 1 1 1 0 1 2 1 2 1 2 2 0 1 1 2 1 0 1 2 0 1 2 2 2 1 2 0 1 0 2 1 1 1 0 1 2 1 2 1 2 2
-0.0612434597564542 -0.36745234488591 -1.28980917809057 0.0979127169308917 0.509139151606347 1 1 1 2 1 1 1 2 2 0 0 1 0 1 1 2 1 1 1 0 1 2 2 2 2 2 0 1 0 1 1 1 1 2 1 1 1 2 2 0 0 1 0 1 1 2 1 1 1 0 1 2 2 2 2 2 0 1 0 1 1
0.125405814470139 0.0596357032786251 -0.898100892217717 -0.985177989007845 0.474916586149841 1 0 1 2 2 1 0 0 2 0 0 1 1 0 0 1 1 2 0 0 0 1 1 0 1 2 0 2 0 2 2 0 1 2 2 1 0 0 2 0 0 1 1 0 0 1 1 2 0 0 0 1 1 0 1 2 0 2 0 2 2
-0.248460415102415 1.4620142579231 -0.71306220488621 -1.4439423692042 0.152117114996554 1 0 2 2 1 1 0 0 2 1 1 1 1 0 1 2 1 1 1 1 0 2 2 2 2 1 1 2 0 2 1 0 2 2 1 1 0 0 2 1 1 1 1 0 1 2 1 1 1 1 0 2 2 2 2 1 1 2 0 2 1
-0.578715464908858 -0.95442003651322 0.0571342712677942 -0.868053465076371 1.0742503768466 -1 0 1 1 1 2 1 0 0 0 1 1 0 1 2 2 1 1 1 2 0 0 2 1 1 2 0 2 0 2 2 0 -1 -1 -1 -2 -1 0 0 0 -1 -1 0 -1 -2 -2 -1 -1 -1 -2 0 0 -2 -1 -1 -2 0 -2 0 -2 -2
-0.292143940076728 -1.20865462669066 0.348995135225276 -0.0636437981029036 0.336637581813265 -1 1 2 2 2 1 1 0 1 0 0 0 0 0 1 2 1 1 1 0 0 2 1 0 2 2 1 1 0 1 2 -1 -2 -2 -2 -1 -1 0 -1 0 0 0 0 0 -1 -2 -1 -1 -1 0 0 -2 -1 0 -2 -2 -1 -1 0 -1 -2
-1.25352134424566 0.683768339253345 -0.235098452263084 0.104324235981741 -0.511129310694537 -1 0 2 1 1 2 1 0 0 0 0 2 2 0 1 2 2 1 1 0 0 1 2 0 2 2 1 2 0 2 2 0 -2 -1 -1 -2 -1 0 0 0 0 -2 -2 0 -1 -2 -2 -1 -1 0 0 -1 -2 0 -2 -2 -1 -2 0 -2 -2
-1.05967169520336 -0.251914682217804 -0.0815503365832528 1.10149219802839 1.08252611186664 -1 0 1 2 1 1 0 0 0 0 0 1 1 0 2 2 2 2 1 2 0 2 1 1 2 2 1 2 0 2 2 0 -1 -2 -1 -1 0 0 0 0 0 -1 -1 0 -2 -2 -2 -2 -1 -2 0 -2 -1 -1 -2 -2 -1 -2 0 -2 -2
1.18258230085877 1.15707015910751 -2.26336695514814 -0.41123678835845 1.21612178715609 -1 0 0 1 1 2 0 0 2 0 1 1 1 0 1 2 1 0 1 1 0 1 2 0 1 1 0 2 0 2 2 0 0 -1 -1 -2 0 0 -2 0 -1 -1 -1 0 -1 -2 -1 0 -1 -1 0 -1 -2 0 -1 -1 0 -2 0 -2 -2
0.356364298058966 -0.260231618153647 -0.265108586527478 0.64235798721515 0.537717125080299 -1 0 1 0 1 1 1 0 2 0 0 0 2 1 1 1 1 0 1 1 0 0 1 0 1 2 0 0 0 1 1 0 -1 0 -1 -1 -1 0 -2 0 0 0 -2 -1 -1 -1 -1 0 -1 -1 0 0 -1 0 -1 -2 0 0 0 -1 -1
0.974870011931266 -0.254137398939222 -1.12337459534956 0.435838453597542 -1.44679934961359 1 0 1 0 1 1 1 0 2 0 0 0 1 0 1 2 1 1 1 0 0 2 2 2 2 1 0 2 0 1 0 0 1 0 1 1 1 0 2 0 0 0 1 0 1 2 1 1 1 0 0 2 2 2 2 1 0 2 0 1 0
-0.00891896608181987 0.0888816996218973 1.00421807620583 -0.446202683593153 1.27174407067232 -1 0 0 0 0 1 0 0 1 0 0 0 2 2 1 2 1 1 1 1 0 2 1 1 2 2 1 1 0 1 1 0 0 0 0 -1 0 0 -1 0 0 0 -2 -2 -1 -2 -1 -1 -1 -1 0 -2 -1 -1 -2 -2 -1 -1 0 -1 -1
1.10638693867926 -0.140261341774894 -0.484000384638805 0.338495184309593 0.572367880873459 1 0 1 2 2 1 0 0 2 0 0 1 2 1 2 2 0 0 0 0 1 1 1 1 2 2 0 2 0 2 2 0 1 2 2 1 0 0 2 0 0 1 2 1 2 2 0 0 0 0 1 1 1 1 2 2 0 2 0 2 2
-0.142678860911434 0.467556320156109 0.30335545712693 0.860577794468376 -1.0444745912377 -1 1 2 1 2 1 0 0 1 0 0 1 2 0 1 1 0 1 0 0 1 1 1 0 1 2 0 1 0 1 2 -1 -2 -1 -2 -1 0 0 -1 0 0 -1 -2 0 -1 -1 0 -1 0 0 -1 -1 -1 0 -1 -2 0 -1 0 -1 -2
1.7299879345562 -0.572965437597384 0.423417165519569 -0.968191818369522 -0.990380183784483 -1 1 2 2 2 1 0 1 2 0 1 1 1 0 1 2 0 0 0 0 1 2 2 2 1 2 0 2 0 0 2 -1 -2 -2 -2 -1 0 -1 -2 0 -1 -1 -1 0 -1 -2 0 0 0 0 -1 -2 -2 -2 -1 -2 0 -2 0 0 -2
0.157885350124674 -0.209798207891109 -0.704831389041704 1.80802004630705 -0.89565429737777 -1 1 1 1 1 1 1 0 1 0 0 0 1 0 2 2 2 1 0 0 0 1 2 1 2 2 1 2 1 2 2 -1 -1 -1 -1 -1 -1 0 -1 0 0 0 -1 0 -2 -2 -2 -1 0 0 0 -1 -2 -1 -2 -2 -1 -2 -1 -2 -2
-0.0732089937829382 0.485965953977945 -0.447539537047441 -2.82460346015479 -1.24300395102004 -1 0 0 1 1 1 0 0 1 0 0 2 1 0 0 1 0 0 1 0 0 2 2 1 2 2 0 2 2 2 2 0 0 -1 -1 -1 0 0 -1 0 0 -2 -1 0 0 -1 0 0 -1 0 0 -2 -2 -1 -2 -2 0 -2 -2 -2 -2
-0.777168903254836 0.038964069447784 -0.323139894059043 -1.47144041933662 1.25872823184734 -1 0 1 0 1 1 0 0 2 0 0 1 1 0 1 2 0 0 1 1 0 2 2 1 2 2 0 2 0 1 1 0 -1 0 -1 -1 0 0 -2 0 0 -1 -1 0 -1 -2 0 0 -1 -1 0 -2 -2 -1 -2 -2 0 -2 0 -1 -1
-1.17992460403983 -0.220722277082506 -0.213765152273065 1.94474156712465 1.02049123557739 1 1 1 0 1 1 0 0 1 0 1 1 1 0 1 2 1 1 1 1 1 2 2 0 2 2 0 2 0 2 1 1 1 0 1 1 0 0 1 0 1 1 1 0 1 2 1 1 1 1 1 2 2 0 2 2 0 2 0 2 1
1.50365208156153 -1.28693103808915 1.00222635671901 -0.98704252079512 0.795648730482745 -1 1 1 2 2 1 0 1 1 0 1 1 1 0 1 1 2 0 0 1 0 2 2 1 2 2 0 2 0 2 2 -1 -1 -2 -2 -1 0 -1 -1 0 -1 -1 -1 0 -1 -1 -2 0 0 -1 0 -2 -2 -1 -2 -2 0 -2 0 -2 -2
1.15133633651598 1.97537262645523 -1.10677934696671 -1.1102878644296 0.997948794240144 1 1 1 2 2 1 1 1 2 0 1 0 1 0 2 1 1 1 0 0 1 2 2 2 2 2 0 2 0 1 1 1 1 2 2 1 1 1 2 0 1 0 1 0 2 1 1 1 0 0 1 2 2 2 2 2 0 2 0 1 1
0.169048723306536 -0.9764837843567 0.518778500075482 0.637809953234347 -0.797893020443682 -1 0 0 0 1 2 1 0 1 0 0 0 0 0 0 2 1 0 1 0 1 2 2 1 2 2 2 2 0 2 2 0 0 0 -1 -2 -1 0 -1 0 0 0 0 0 0 -2 -1 0 -1 0 -1 -2 -2 -1 -2 -2 -2 -2 0 -2 -2
0.398690354872419 0.368276140736093 0.355070499724016 -1.3607087611077 -0.641272259655849 1 1 1 1 1 1 0 0 1 0 0 0 2 0 1 2 2 1 1 1 0 1 1 0 0 1 0 0 0 1 0 1 1 1 1 1 0 0 1 0 0 0 2 0 1 2 2 1 1 1 0 1 1 0 0 1 0 0 0 1 0
-1.89958878280807 0.28056531973217 1.12188420182135 -0.0470407753161087 -0.18801122040571 1 0 0 1 2 2 1 1 2 0 0 0 2 0 0 1 1 1 1 1 1 2 2 2 2 2 1 2 0 2 2 0 0 1 2 2 1 1 2 0 0 0 2 0 0 1 1 1 1 1 1 2 2 2 2 2 1 2 0 2 2
0.456664924082741 -0.760010692697749 -0.344373501410957 -0.307581458628588 0.132251346293079 -1 0 1 1 2 1 1 0 1 0 0 2 0 0 0 2 1 1 0 0 1 2 2 0 0 1 0 2 0 2 1 0 -1 -1 -2 -1 -1 0 -1 0 0 -2 0 0 0 -2 -1 -1 0 0 -1 -2 -2 0 0 -1 0 -2 0 -2 -1
-0.225269374830768 0.509856037203904 0.817090932974968 1.27565916351627 0.301564726599688 -1 0 1 1 2 2 1 1 2 0 1 2 1 0 2 2 1 1 2 1 1 2 2 1 2 2 2 2 0 1 1 0 -1 -1 -2 -2 -1 -1 -2 0 -1 -2 -1 0 -2 -2 -1 -1 -2 -1 -1 -2 -2 -1 -2 -2 -2 -2 0 -1 -1
-1.19440859172269 0.420179414222974 -0.105721004701278 -1.0060567328023 1.83741671403346 -1 0 1 0 0 1 1 2 2 0 0 0 2 2 2 2 0 1 0 0 0 2 1 0 2 2 0 2 0 2 2 0 -1 0 0 -1 -1 -2 -2 0 0 0 -2 -2 -2 -2 0 -1 0 0 0 -2 -1 0 -2 -2 0 -2 0 -2 -2
-0.493334624267018 -1.86640205823937 -0.148172460735211 -2.08304614829216 -0.383321221868213 -1 0 1 1 2 1 0 0 2 1 1 2 2 0 1 2 1 2 1 1 0 2 2 0 2 1 2 2 1 2 2 0 -1 -1 -2 -1 0 0 -2 -1 -1 -2 -2 0 -1 -2 -1 -2 -1 -1 0 -2 -2 0 -2 -1 -2 -2 -1 -2 -2
1.7217272634587 -0.696348835174581 0.359163642464615 -0.560095045968633 0.0160601100782593 -1 1 2 2 2 1 0 0 2 0 1 2 1 0 2 2 1 1 1 1 0 1 2 0 1 2 0 1 0 2 2 -1 -2 -2 -2 -1 0 0 -2 0 -1 -2 -1 0 -2 -2 -1 -1 -1 -1 0 -1 -2 0 -1 -2 0 -1 0 -2 -2
-0.102478923716379 1.3377015050619 -0.0869470924379421 1.17316956793726 -1.49661002348995 -1 0 1 2 2 0 0 0 1 0 0 0 2 0 2 2 1 2 2 1 2 2 2 1 2 2 1 2 0 1 2 0 -1 -2 -2 0 0 0 -1 0 0 0 -2 0 -2 -2 -1 -2 -2 -1 -2 -2 -2 -1 -2 -2 -1 -2 0 -1 -2
0.135051092211845 -1.31091517207191 -0.636282082542664 -0.928375394153922 -0.829235823731829 1 0 1 0 0 1 0 0 2 0 1 1 2 0 1 2 1 0 1 1 0 1 2 0 2 2 1 1 0 1 2 0 1 0 0 1 0 0 2 0 1 1 2 0 1 2 1 0 1 1 0 1 2 0 2 2 1 1 0 1 2
-0.327425608817891 0.49920755294534 -0.201589431681765 1.41047993028846 -0.905328170446675 1 0 1 1 2 1 0 0 1 0 0 1 2 0 1 2 1 2 1 0 1 1 2 0 2 2 0 2 0 2 1 0 1 1 2 1 0 0 1 0 0 1 2 0 1 2 1 2 1 0 1 1 2 0 2 2 0 2 0 2 1
-0.445168451438375 1.83397239128118 -0.88798557807795 1.29533733779759 2.00134801676231 1 1 2 2 2 2 0 0 1 0 1 2 2 1 2 2 1 1 0 0 1 2 2 1 2 1 1 1 0 2 2 1 2 2 2 2 0 0 1 0 1 2 2 1 2 2 1 1 0 0 1 2 2 1 2 1 1 1 0 2 2
0.570121842022714 -0.735527198703449 1.58878505334926 -1.44774093039725 0.852016219474336 1 1 2 1 1 2 1 1 2 0 0 0 1 1 0 1 1 1 0 1 2 2 2 1 2 2 2 2 1 2 2 1 2 1 1 2 1 1 2 0 0 0 1 1 0 1 1 1 0 1 2 2 2 1 2 2 2 2 1 2 2
-0.0457508112469111 -0.52745870606228 0.801566574575906 0.0928271289580678 -0.629545894785027 1 0 2 1 1 0 0 0 1 0 0 2 1 1 1 2 1 0 1 0 0 2 2 0 1 2 2 2 1 1 2 0 2 1 1 0 0 0 1 0 0 2 1 1 1 2 1 0 1 0 0 2 2 0 1 2 2 2 1 1 2
1.3237646858082 0.0475541521616929 -0.125320830635523 0.0397264939007661 0.0454742002940974 -1 1 1 2 1 1 0 0 2 0 0 0 0 0 1 1 0 0 1 0 0 2 2 2 2 2 1 1 0 1 1 -1 -1 -2 -1 -1 0 0 -2 0 0 0 0 0 -1 -1 0 0 -1 0 0 -2 -2 -2 -2 -2 -1 -1 0 -1 -1
-0.442906330532111 -1.00139581674684 0.786135097830742 0.20563496741747 -0.873752370995588 1 0 1 1 0 1 0 0 1 0 1 1 2 1 1 1 1 1 1 1 1 2 2 1 2 2 1 1 0 1 2 0 1 1 0 1 0 0 1 0 1 1 2 1 1 1 1 1 1 1 1 2 2 1 2 2 1 1 0 1 2
0.968223452814964 -1.40030062567397 -1.28530840628739 -0.430393028435796 0.0757544625140911 -1 1 1 0 2 2 1 1 2 0 1 1 1 1 1 1 0 1 1 0 1 1 2 2 2 2 0 2 1 2 2 -1 -1 0 -2 -2 -1 -1 -2 0 -1 -1 -1 -1 -1 -1 0 -1 -1 0 -1 -1 -2 -2 -2 -2 0 -2 -1 -2 -2
-0.149653638442249 0.411856700693685 0.391043427290525 0.439874947200405 -0.63926349488169 1 0 0 1 1 1 0 1 2 0 2 2 2 0 2 2 2 0 0 1 0 2 2 2 1 1 0 1 0 0 0 0 0 1 1 1 0 1 2 0 2 2 2 0 2 2 2 0 0 1 0 2 2 2 1 1 0 1 0 0 0
0.410478828699557 -0.330195318402054 0.354462998105225 -0.783881916921479 -0.467922710710623 1 0 0 1 1 1 0 0 1 0 0 0 2 0 0 2 0 0 0 0 0 1 2 1 1 2 1 2 0 2 0 0 0 1 1 1 0 0 1 0 0 0 2 0 0 2 0 0 0 0 0 1 2 1 1 2 1 2 0 2 0
-1.46420946951754 -0.606531867955889 2.14050463589682 0.843359063252313 -0.611118695857814 1 1 2 2 1 1 1 0 1 0 1 1 1 0 0 1 1 1 1 1 0 1 2 1 2 2 2 2 1 2 2 1 2 2 1 1 1 0 1 0 1 1 1 0 0 1 1 1 1 1 0 1 2 1 2 2 2 2 1 2 2
0.244179334533972 0.458171699242227 -0.739231355547835 -0.67805913112346 0.203201336020108 -1 0 1 2 1 1 1 2 2 0 0 0 1 1 1 2 1 1 1 1 0 1 2 0 0 2 0 1 0 1 1 0 -1 -2 -1 -1 -1 -2 -2 0 0 0 -1 -1 -1 -2 -1 -1 -1 -1 0 -1 -2 0 0 -2 0 -1 0 -1 -1
0.105598065588112 -0.435877009929815 0.361532396294937 1.50776941584902 -1.63748745997844 -1 1 2 1 2 1 1 1 2 0 0 0 0 0 1 2 2 1 1 1 0 2 2 2 2 2 2 2 0 2 2 -1 -2 -1 -2 -1 -1 -1 -2 0 0 0 0 0 -1 -2 -2 -1 -1 -1 0 -2 -2 -2 -2 -2 -2 -2 0 -2 -2
0.481169982931334 1.16519858691854 -0.344571074563509 -2.11152502922839 0.300360887554773 -1 0 2 1 1 2 1 2 2 0 1 1 2 0 0 1 1 2 1 0 0 2 2 0 2 2 0 1 0 0 0 0 -2 -1 -1 -2 -1 -2 -2 0 -1 -1 -2 0 0 -1 -1 -2 -1 0 0 -2 -2 0 -2 -2 0 -1 0 0 0
0.544523694841796 -0.337692212076902 -1.08252185929788 -0.536450280154408 0.00146560918624702 1 0 1 1 1 1 0 1 0 0 0 2 2 2 0 1 0 1 2 1 0 2 2 1 1 2 2 2 0 1 0 0 1 1 1 1 0 1 0 0 0 2 2 2 0 1 0 1 2 1 0 2 2 1 1 2 2 2 0 1 0
0.304520107615219 0.244686100885321 -0.381581247892426 -0.0137276992201372 -0.448971232356107 1 1 0 0 1 1 0 0 1 0 0 0 1 1 2 2 2 2 1 1 1 2 2 1 2 2 1 2 1 2 2 1 0 0 1 1 0 0 1 0 0 0 1 1 2 2 2 2 1 1 1 2 2 1 2 2 1 2 1 2 2
1.24430838213511 -0.87252496614617 -0.783003571749805 0.035095463853082 -0.440977630161087 -1 0 1 0 2 2 0 1 2 0 0 0 2 1 2 2 2 2 2 2 1 2 2 0 1 2 0 1 0 2 2 0 -1 0 -2 -2 0 -1 -2 0 0 0 -2 -1 -2 -2 -2 -2 -2 -2 -1 -2 -2 0 -1 -2 0 -1 0 -2 -2
-2.10516556245543 0.163147241525451 1.92954631223681 1.44273580599012 -0.652836701801804 1 0 1 1 0 1 0 0 1 0 1 1 1 0 0 2 2 1 1 0 1 2 2 1 2 2 2 2 0 1 2 0 1 1 0 1 0 0 1 0 1 1 1 0 0 2 2 1 1 0 1 2 2 1 2 2 2 2 0 1 2
-0.263033568222855 0.429433361244052 -0.264647568680906 0.786688906019374 1.45346265097765 1 0 1 2 2 1 0 0 1 0 0 0 1 0 1 2 0 1 2 1 0 0 1 0 0 1 1 2 0 1 2 0 1 2 2 1 0 0 1 0 0 0 1 0 1 2 0 1 2 1 0 0 1 0 0 1 1 2 0 1 2
0.02214926851936 1.79918170282278 0.164935455932124 0.0358652626063217 1.23236035291847 -1 0 1 0 1 0 0 1 2 0 2 2 1 1 1 2 1 2 2 1 0 1 1 0 1 2 0 0 0 1 1 0 -1 0 -1 0 0 -1 -2 0 -2 -2 -1 -1 -1 -2 -1 -2 -2 -1 0 -1 -1 0 -1 -2 0 0 0 -1 -1
-0.482237211417871 -0.253152728265613 0.981220434348467 -0.478308512076565 0.0196732695259277 -1 0 1 1 1 2 1 0 1 1 0 0 1 0 1 2 1 1 2 1 1 2 2 2 1 2 0 2 0 1 1 0 -1 -1 -1 -2 -1 0 -1 -1 0 0 -1 0 -1 -2 -1 -1 -2 -1 -1 -2 -2 -2 -1 -2 0 -2 0 -1 -1
-0.333893288734228 -0.2803714504935 -0.606685557801592 -0.962277339223095 1.14698047519132 -1 1 1 1 1 2 2 2 2 0 0 1 2 1 1 2 2 2 2 2 0 2 2 0 2 2 0 1 0 2 1 -1 -1 -1 -1 -2 -2 -2 -2 0 0 -1 -2 -1 -1 -2 -2 -2 -2 -2 0 -2 -2 0 -2 -2 0 -1 0 -2 -1
-0.590106192844445 2.30099577245538 0.460948094744495 -0.490435675777677 1.04859323072946 -1 0 2 2 2 2 1 1 1 0 1 1 1 0 1 2 1 2 1 1 1 1 1 0 0 2 0 2 0 2 1 0 -2 -2 -2 -2 -1 -1 -1 0 -1 -1 -1 0 -1 -2 -1 -2 -1 -1 -1 -1 -1 0 0 -2 0 -2 0 -2 -1
0.827447271711867 -1.02830233510149 1.29688456915603 1.73324286442857 -1.9184453053481 -1 0 1 2 2 2 0 1 2 0 1 0 1 1 2 2 1 1 1 0 1 2 2 2 2 2 0 2 2 2 1 0 -1 -2 -2 -2 0 -1 -2 0 -1 0 -1 -1 -2 -2 -1 -1 -1 0 -1 -2 -2 -2 -2 -2 0 -2 -2 -2 -1
1.4694778648085 0.307554455266073 1.9023209300372 0.658483341701507 0.308743757932138 -1 0 2 1 1 2 0 1 2 0 1 1 2 0 1 2 0 0 2 1 0 2 2 0 1 2 0 1 0 2 1 0 -2 -1 -1 -2 0 -1 -2 0 -1 -1 -2 0 -1 -2 0 0 -2 -1 0 -2 -2 0 -1 -2 0 -1 0 -2 -1
1.5685782197491 2.29692900553686 0.0944113581282166 -0.4480509571102 -1.598516489719 -1 0 2 2 2 2 0 0 1 0 0 1 1 0 1 1 1 1 1 1 0 1 2 0 1 2 0 2 1 2 1 0 -2 -2 -2 -2 0 0 -1 0 0 -1 -1 0 -1 -1 -1 -1 -1 -1 0 -1 -2 0 -1 -2 0 -2 -1 -2 -1
-1.49622311766121 -0.824379231065945 -0.751838681002163 -0.826568155136423 1.19911969937119 -1 1 1 2 1 2 1 0 1 0 0 1 2 1 1 2 1 1 1 1 0 2 2 0 1 1 1 2 0 1 2 -1 -1 -2 -1 -2 -1 0 -1 0 0 -1 -2 -1 -1 -2 -1 -1 -1 -1 0 -2 -2 0 -1 -1 -1 -2 0 -1 -2
1.24011366468413 -0.685206922741358 0.774729061125739 0.943159703177947 0.0206423307779531 -1 1 2 1 0 1 0 0 1 0 0 1 0 0 2 2 0 1 1 1 1 1 1 1 1 1 0 2 0 1 2 -1 -2 -1 0 -1 0 0 -1 0 0 -1 0 0 -2 -2 0 -1 -1 -1 -1 -1 -1 -1 -1 -1 0 -2 0 -1 -2
0.153183717687254 -0.000511965847200019 0.293059861376502 -1.83543746120008 -0.624381071301246 1 0 1 2 1 1 0 0 1 0 0 1 0 0 1 2 1 0 0 1 0 1 1 0 2 2 0 2 0 2 2 0 1 2 1 1 0 0 1 0 0 1 0 0 1 2 1 0 0 1 0 1 1 0 2 2 0 2 0 2 2
-0.474334299496166 -0.580302732935375 1.28846757379144 -2.24424341848286 0.83441321790301 1 1 2 2 1 2 0 1 2 1 1 1 1 0 1 2 1 1 1 1 1 1 1 0 2 2 1 2 0 1 1 1 2 2 1 2 0 1 2 1 1 1 1 0 1 2 1 1 1 1 1 1 1 0 2 2 1 2 0 1 1
1.38213834897846 0.244619670789708 0.0497824332393772 -0.832083654516355 0.87009434752223 -1 0 1 1 2 0 1 0 2 0 1 0 1 1 1 2 2 1 1 2 0 1 2 1 1 1 1 2 1 2 2 0 -1 -1 -2 0 -1 0 -2 0 -1 0 -1 -1 -1 -2 -2 -1 -1 -2 0 -1 -2 -1 -1 -1 -1 -2 -1 -2 -2
-1.21344199609743 -1.54424172069872 0.0829516146886802 0.186138808480764 -1.2831472885977 -1 0 1 0 0 2 1 0 2 0 1 1 1 1 1 2 0 0 0 0 1 1 2 0 1 1 0 2 0 2 2 0 -1 0 0 -2 -1 0 -2 0 -1 -1 -1 -1 -1 -2 0 0 0 0 -1 -1 -2 0 -1 -1 0 -2 0 -2 -2
2.4516795175309 -0.479508380373183 -1.10031245079048 -0.19340277869003 0.0475735093713036 -1 0 1 2 2 1 0 1 1 0 0 1 0 0 0 2 1 2 2 0 1 2 1 0 1 2 1 2 2 2 2 0 -1 -2 -2 -1 0 -1 -1 0 0 -1 0 0 0 -2 -1 -2 -2 0 -1 -2 -1 0 -1 -2 -1 -2 -2 -2 -2
1.25961612597376 -0.113166762848235 -1.66149073976239 -0.355179056388403 -2.35979073998584 1 0 1 0 2 2 2 1 2 0 0 1 1 1 2 2 2 1 0 1 1 2 2 0 2 1 2 2 2 1 1 0 1 0 2 2 2 1 2 0 0 1 1 1 2 2 2 1 0 1 1 2 2 0 2 1 2 2 2 1 1
-1.36497910596588 -0.180420211465042 0.450828851973636 -1.42547201717702 -1.19008920438804 1 0 1 1 2 2 1 1 2 0 2 2 2 0 0 2 0 1 0 0 1 2 1 0 0 0 0 0 0 0 1 0 1 1 2 2 1 1 2 0 2 2 2 0 0 2 0 1 0 0 1 2 1 0 0 0 0 0 0 0 1
0.995385312293713 -0.21230247040393 -0.0533972749282471 0.550587704449044 0.545916277550371 -1 2 2 1 1 1 0 0 1 0 0 1 0 0 1 1 0 2 1 1 0 1 2 1 2 2 0 2 0 2 2 -2 -2 -1 -1 -1 0 0 -1 0 0 -1 0 0 -1 -1 0 -2 -1 -1 0 -1 -2 -1 -2 -2 0 -2 0 -2 -2
-0.215138775767951 -1.32264298142751 1.37335712477703 -0.557872431734198 0.331123963496664 1 1 2 1 1 1 1 1 1 0 0 1 1 0 1 2 0 0 1 0 1 1 1 0 1 2 1 1 0 1 1 1 2 1 1 1 1 1 1 0 0 1 1 0 1 2 0 0 1 0 1 1 1 0 1 2 1 1 0 1 1
-0.060520680089418 0.955890029885899 0.422966041742461 -0.897274911208919 0.489663590330164 -1 0 2 1 1 1 0 0 2 0 0 1 2 0 0 1 0 1 1 1 0 1 2 2 2 1 0 2 1 1 2 0 -2 -1 -1 -1 0 0 -2 0 0 -1 -2 0 0 -1 0 -1 -1 -1 0 -1 -2 -2 -2 -1 0 -2 -1 -1 -2
-1.08321044508467 0.624438618725686 -0.262009430073412 -0.116451864971995 0.470035311645705 -1 0 1 0 1 2 1 0 0 0 2 2 1 1 1 1 0 1 2 2 0 1 2 1 1 2 1 2 1 2 1 0 -1 0 -1 -2 -1 0 0 0 -2 -2 -1 -1 -1 -1 0 -1 -2 -2 0 -1 -2 -1 -1 -2 -1 -2 -1 -2 -1
-0.430628572694138 -0.239119579063 0.438067807649455 0.509222899192535 -0.692335618528638 -1 1 2 1 2 2 1 1 2 0 1 1 2 0 1 1 1 1 0 0 1 2 2 1 2 2 1 2 0 1 2 -1 -2 -1 -2 -2 -1 -1 -2 0 -1 -1 -2 0 -1 -1 -1 -1 0 0 -1 -2 -2 -1 -2 -2 -1 -2 0 -1 -2
-0.979108483041795 -1.31168514855884 0.761150949427895 0.351836459300489 -0.237128241877344 1 1 2 1 2 2 1 0 0 0 0 2 1 0 1 2 1 1 1 1 0 2 2 2 2 2 1 2 0 1 1 1 2 1 2 2 1 0 0 0 0 2 1 0 1 2 1 1 1 1 0 2 2 2 2 2 1 2 0 1 1
-0.303618391848837 -0.883192336730653 0.243429929764931 0.453317216849716 -0.810670293092017 -1 0 2 1 2 1 0 0 1 0 0 0 1 1 1 2 2 1 0 0 1 1 2 0 1 2 1 2 1 0 1 0 -2 -1 -2 -1 0 0 -1 0 0 0 -1 -1 -1 -2 -2 -1 0 0 -1 -1 -2 0 -1 -2 -1 -2 -1 0 -1
0.351627987712388 -1.53794105511481 -0.486133016838604 -1.47731811947541 -1.50770859917355 -1 0 0 0 0 0 1 1 1 0 0 1 2 0 0 1 1 1 0 0 0 0 2 1 2 2 0 2 0 2 2 0 0 0 0 0 -1 -1 -1 0 0 -1 -2 0 0 -1 -1 -1 0 0 0 0 -2 -1 -2 -2 0 -2 0 -2 -2
-0.899790665726112 1.80450480332009 -1.10810025489868 1.42204908613471 1.13489147563082 -1 0 1 1 1 2 1 2 2 0 0 2 1 0 0 1 0 1 0 0 1 1 2 1 2 2 0 1 0 1 1 0 -1 -1 -1 -2 -1 -2 -2 0 0 -2 -1 0 0 -1 0 -1 0 0 -1 -1 -2 -1 -2 -2 0 -1 0 -1 -1
0.388440679662096 -0.352554611230432 -0.352857060536835 -0.384465993067209 -0.14252470736942 1 0 0 1 1 2 0 0 2 0 1 2 1 0 1 2 2 0 0 0 0 0 1 0 1 1 1 2 2 1 2 0 0 1 1 2 0 0 2 0 1 2 1 0 1 2 2 0 0 0 0 0 1 0 1 1 1 2 2 1 2
-0.152466287058185 -1.59940616965027 1.52750307884984 0.446443817968968 -0.550290762266479 -1 0 1 1 1 1 0 0 1 0 0 0 1 1 2 2 1 0 1 1 2 2 2 0 2 2 0 2 0 1 1 0 -1 -1 -1 -1 0 0 -1 0 0 0 -1 -1 -2 -2 -1 0 -1 -1 -2 -2 -2 0 -2 -2 0 -2 0 -1 -1
0.736377090892349 -0.17203799216763 0.387725513110972 -1.70131255940254 -1.03613567592074 1 1 2 1 1 2 0 0 1 0 0 1 2 1 2 2 2 1 1 1 0 1 2 0 2 2 0 1 0 2 2 1 2 1 1 2 0 0 1 0 0 1 2 1 2 2 2 1 1 1 0 1 2 0 2 2 0 1 0 2 2
-0.0241788776089071 1.01005547496234 -2.3961780716416 0.292315857430706 0.196455197668458 1 0 0 1 2 2 2 1 2 0 1 1 2 0 1 2 1 1 1 1 0 2 2 2 2 2 0 1 0 1 2 0 0 1 2 2 2 1 2 0 1 1 2 0 1 2 1 1 1 1 0 2 2 2 2 2 0 1 0 1 2
-0.00551620312561603 -1.48638446567368 -0.053678734841428 0.491118087603471 -0.0294256758458278 1 0 1 2 2 2 0 0 1 0 0 0 2 0 0 0 0 1 1 1 1 1 2 1 1 2 1 1 0 1 0 0 1 2 2 2 0 0 1 0 0 0 2 0 0 0 0 1 1 1 1 1 2 1 1 2 1 1 0 1 0
-0.681409169739067 0.0511006869791054 1.84399733156252 -1.61195342810914 -0.995369155501269 -1 0 2 1 1 2 1 0 1 0 0 0 1 0 0 2 0 1 1 1 0 2 2 0 2 2 2 2 2 2 2 0 -2 -1 -1 -2 -1 0 -1 0 0 0 -1 0 0 -2 0 -1 -1 -1 0 -2 -2 0 -2 -2 -2 -2 -2 -2 -2
-1.09863146692555 0.511049308458453 -0.345664473028923 1.51163569099811 -0.449122127827362 1 0 0 1 2 1 0 1 1 0 0 1 1 1 2 2 2 2 1 1 1 2 2 1 2 2 0 2 0 1 2 0 0 1 2 1 0 1 1 0 0 1 1 1 2 2 2 2 1 1 1 2 2 1 2 2 0 2 0 1 2
0.757400247775454 0.710032224400248 -0.098417942434858 -0.939654468245349 0.0928766066650726 1 0 2 1 2 1 0 0 1 0 1 1 1 0 1 1 1 1 1 2 0 0 1 0 1 1 2 2 2 2 2 0 2 1 2 1 0 0 1 0 1 1 1 0 1 1 1 1 1 2 0 0 1 0 1 1 2 2 2 2 2
0.623264577353832 0.0882228556024432 -0.354672606012039 -0.441750854129227 -0.665543075782028 -1 0 1 1 1 1 0 0 1 0 0 0 1 0 1 1 0 0 0 0 0 0 2 0 2 2 0 1 0 2 0 0 -1 -1 -1 -1 0 0 -1 0 0 0 -1 0 -1 -1 0 0 0 0 0 0 -2 0 -2 -2 0 -1 0 -2 0
-0.308241396786101 -0.582220941737388 -1.10523888818512 -0.15882155711742 0.216610613209086 1 1 1 1 2 2 1 0 1 0 1 1 1 0 1 2 2 1 2 2 1 2 2 0 2 2 1 1 0 2 1 1 1 1 2 2 1 0 1 0 1 1 1 0 1 2 2 1 2 2 1 2 2 0 2 2 1 1 0 2 1
0.692565497819698 -0.785755285221783 0.547951614560155 -1.42096297697083 -0.176547704997825 1 0 0 0 0 1 1 2 2 0 1 1 1 1 2 2 2 2 2 1 1 2 2 1 1 0 1 2 0 1 1 0 0 0 0 1 1 2 2 0 1 1 1 1 2 2 2 2 2 1 1 2 2 1 1 0 1 2 0 1 1
0.249125750937673 0.301233172037898 1.47376957584211 -0.657506344567027 1.44949024104318 -1 0 1 0 1 1 0 0 0 0 0 0 2 2 2 2 0 0 0 0 1 2 2 2 2 2 0 1 0 2 2 0 -1 0 -1 -1 0 0 0 0 0 0 -2 -2 -2 -2 0 0 0 0 -1 -2 -2 -2 -2 -2 0 -1 0 -2 -2
-0.216603262510622 2.05300275833129 0.187598288807422 1.09899587909647 0.0193644750608037 -1 0 2 2 2 1 1 1 2 0 1 1 1 0 1 1 0 0 0 0 1 2 1 0 1 1 0 1 0 1 2 0 -2 -2 -2 -1 -1 -1 -2 0 -1 -1 -1 0 -1 -1 0 0 0 0 -1 -2 -1 0 -1 -1 0 -1 0 -1 -2
0.222915480362518 -0.412532532499534 0.141769468022991 -0.457915798678011 -0.319993379361129 1 0 2 2 2 0 1 0 1 0 0 0 1 0 2 2 2 1 1 1 0 1 2 0 2 1 0 1 0 1 2 0 2 2 2 0 1 0 1 0 0 0 1 0 2 2 2 1 1 1 0 1 2 0 2 1 0 1 0 1 2
1.36274366484408 0.500815562896386 1.17651498609501 -2.01995350714613 1.880860445366 -1 0 1 2 2 2 1 1 2 0 0 1 1 0 2 1 0 0 1 0 0 1 1 0 1 2 1 2 0 1 2 0 -1 -2 -2 -2 -1 -1 -2 0 0 -1 -1 0 -2 -1 0 0 -1 0 0 -1 -1 0 -1 -2 -1 -2 0 -1 -2
0.342555101968768 -0.38196917797078 -0.926617211378551 -1.57684223654856 -0.00167553709469588 -1 1 0 1 1 0 0 0 1 0 0 1 2 1 2 2 0 0 0 1 1 2 1 0 2 2 0 1 1 2 1 -1 0 -1 -1 0 0 0 -1 0 0 -1 -2 -1 -2 -2 0 0 0 -1 -1 -2 -1 0 -2 -2 0 -1 -1 -2 -1
-0.263053043690961 0.540717251680812 -1.27463979601413 -0.703463558860106 -0.304928968407601 -1 1 1 1 0 2 2 1 2 0 1 2 0 0 0 2 1 1 0 0 0 1 2 1 1 2 1 2 0 2 2 -1 -1 -1 0 -2 -2 -1 -2 0 -1 -2 0 0 0 -2 -1 -1 0 0 0 -1 -2 -1 -1 -2 -1 -2 0 -2 -2
-0.733076212010937 1.06255180497138 -0.195100281037168 -0.946425466553898 1.4367484380016 1 0 2 2 2 2 1 1 2 0 0 0 1 0 0 1 1 1 2 1 0 1 2 1 2 2 0 2 0 1 1 0 2 2 2 2 1 1 2 0 0 0 1 0 0 1 1 1 2 1 0 1 2 1 2 2 0 2 0 1 1
0.454267076710268 -0.587016299132591 1.32139951040188 -0.830963164969391 1.63077255924905 1 0 2 2 1 1 1 0 1 0 0 0 1 1 1 1 0 0 0 0 1 1 2 0 2 2 2 2 1 2 2 0 2 2 1 1 1 0 1 0 0 0 1 1 1 1 0 0 0 0 1 1 2 0 2 2 2 2 1 2 2
0.606676176777347 -1.2405552767163 -1.33141724857121 -1.51892303256748 -1.64094107503213 -1 0 2 1 2 1 1 1 1 0 0 0 1 0 1 2 1 0 2 1 1 2 2 1 2 2 0 2 0 2 2 0 -2 -1 -2 -1 -1 -1 -1 0 0 0 -1 0 -1 -2 -1 0 -2 -1 -1 -2 -2 -1 -2 -2 0 -2 0 -2 -2
-0.862980073894307 -0.482874086680222 0.244896001035135 -0.491618125309107 0.02379039670381 1 1 2 2 2 2 0 0 2 1 0 2 1 0 1 2 2 0 0 1 0 1 1 1 1 2 0 2 0 1 1 1 2 2 2 2 0 0 2 1 0 2 1 0 1 2 2 0 0 1 0 1 1 1 1 2 0 2 0 1 1
