-0.592803548986494 0.959527810894642 0.691727197404491 -0.712960019784825 0.913722169478157 1 2 1 2 1 1 2 2 1 1 2 1 1 2 1 0 2 2 0 0 1 0 2 1 2 1 2 2 2 2 1 2 1 2 1 1 2 2 1 1 2 1 1 2 1 0 2 2 0 0 1 0 2 1 2 1 2 2 2 2 1
1.33735109707784 0.791744647440607 0.426693165504601 -1.78618842830257 -0.458490674479238 1 2 1 2 2 0 2 2 0 2 2 1 1 2 1 0 2 2 1 0 1 0 2 0 0 1 0 0 2 1 1 2 1 2 2 0 2 2 0 2 2 1 1 2 1 0 2 2 1 0 1 0 2 0 0 1 0 0 2 1 1
-1.49448233260891 -0.5610151409311 0.852692929986027 0.499415733241397 1.74872179627275 -1 1 0 2 1 2 2 1 0 1 2 1 1 2 1 1 2 2 0 0 1 0 1 0 1 2 2 1 1 0 0 -1 0 -2 -1 -2 -2 -1 0 -1 -2 -1 -1 -2 -1 -1 -2 -2 0 0 -1 0 -1 0 -1 -2 -2 -1 -1 0 0
-1.04779331787432 1.79368535651189 1.2163257953684 0.458954258699995 0.963835549436821 -1 1 0 2 1 1 1 1 0 1 2 0 0 1 1 2 2 2 0 0 1 0 2 1 2 2 0 0 1 2 1 -1 0 -2 -1 -1 -1 -1 0 -1 -2 0 0 -1 -1 -2 -2 -2 0 0 -1 0 -2 -1 -2 -2 0 0 -1 -2 -1
2.47718352944099 0.372670716383034 0.754679795336824 0.0709330304281166 0.946700541132603 -1 0 0 2 0 2 2 2 0 1 2 0 0 1 0 1 2 2 0 1 2 0 2 1 2 2 1 1 1 1 1 0 0 -2 0 -2 -2 -2 0 -1 -2 0 0 -1 0 -1 -2 -2 0 -1 -2 0 -2 -1 -2 -2 -1 -1 -1 -1 -1
-0.327599729433533 -1.01408237354447 -0.939994812588871 -0.365437375499897 0.724646723143335 -1 1 0 2 0 2 2 2 0 1 2 1 2 2 2 1 2 2 1 0 2 0 2 1 2 1 0 0 1 1 0 -1 0 -2 0 -2 -2 -2 0 -1 -2 -1 -2 -2 -2 -1 -2 -2 -1 0 -2 0 -2 -1 -2 -1 0 0 -1 -1 0
-1.03507494889921 -0.778452647992181 0.974676625797102 -0.608545677871311 1.38044757941985 1 2 0 2 0 1 2 1 1 1 2 0 0 2 1 1 2 2 0 0 1 0 1 1 1 2 2 1 2 1 1 2 0 2 0 1 2 1 1 1 2 0 0 2 1 1 2 2 0 0 1 0 1 1 1 2 2 1 2 1 1
-1.40149371006814 -0.320041941765388 -0.402574053416891 0.784749366324087 1.52497189158692 1 0 0 2 0 2 2 2 0 1 1 1 1 2 2 2 2 2 1 0 1 0 1 1 1 1 1 1 2 1 1 0 0 2 0 2 2 2 0 1 1 1 1 2 2 2 2 2 1 0 1 0 1 1 1 1 1 1 2 1 1
0.217323631600801 -0.129103602731352 0.0195780594124002 -0.00235509939938287 -0.241194271872963 1 2 1 2 1 2 2 0 1 2 2 0 1 2 2 2 2 2 1 1 2 1 2 0 2 2 1 0 1 1 1 2 1 2 1 2 2 0 1 2 2 0 1 2 2 2 2 2 1 1 2 1 2 0 2 2 1 0 1 1 1
0.862047719752165 -0.503603975010891 -0.578438504081073 -0.578029553542801 0.556767486429174 -1 2 1 2 0 2 2 0 0 2 2 2 1 2 2 0 1 2 0 0 2 0 2 1 1 2 1 0 2 2 1 -2 -1 -2 0 -2 -2 0 0 -2 -2 -2 -1 -2 -2 0 -1 -2 0 0 -2 0 -2 -1 -1 -2 -1 0 -2 -2 -1
-1.31829098797771 0.643204292401044 -0.0188802010324863 -0.402815024062479 1.8426891262757 -1 0 1 2 1 1 2 2 0 1 2 1 1 2 2 0 2 2 0 0 2 0 1 0 2 2 0 1 1 1 2 0 -1 -2 -1 -1 -2 -2 0 -1 -2 -1 -1 -2 -2 0 -2 -2 0 0 -2 0 -1 0 -2 -2 0 -1 -1 -1 -2
0.757087159079696 -0.622801600436294 -0.628919890986471 -0.329177362638623 0.129079848360169 -1 1 1 1 0 2 2 0 0 1 1 1 0 1 1 1 2 2 0 0 2 1 2 1 2 1 1 0 2 1 1 -1 -1 -1 0 -2 -2 0 0 -1 -1 -1 0 -1 -1 -1 -2 -2 0 0 -2 -1 -2 -1 -2 -1 -1 0 -2 -1 -1
1.18872181815289 -0.696288907779634 -1.81529863486067 -0.218842659768716 0.942184870844629 1 1 0 1 0 2 2 1 0 1 2 2 2 2 2 2 2 2 0 0 1 0 2 0 2 1 1 0 2 2 1 1 0 1 0 2 2 1 0 1 2 2 2 2 2 2 2 2 0 0 1 0 2 0 2 1 1 0 2 2 1
0.216770812692087 1.40408105731824 -0.0265883770067936 0.698199337098991 -0.0610028340712127 1 2 0 2 0 0 2 0 0 2 2 2 1 2 0 0 2 1 0 0 1 1 2 1 1 2 1 0 2 1 0 2 0 2 0 0 2 0 0 2 2 2 1 2 0 0 2 1 0 0 1 1 2 1 1 2 1 0 2 1 0
-0.907958732123351 0.247802665936876 -0.0494963528527997 -0.0747152164225825 1.31666520346478 -1 2 1 2 1 1 2 2 0 2 1 0 0 2 2 2 2 2 0 0 1 0 0 0 2 2 2 0 2 2 1 -2 -1 -2 -1 -1 -2 -2 0 -2 -1 0 0 -2 -2 -2 -2 -2 0 0 -1 0 0 0 -2 -2 -2 0 -2 -2 -1
-0.696072302030481 0.957739488669632 -0.79727362746902 -2.16010316172301 0.133738108222111 1 2 1 2 1 2 2 1 0 2 2 0 0 2 2 1 2 2 1 1 2 1 2 2 2 2 2 1 2 2 2 2 1 2 1 2 2 1 0 2 2 0 0 2 2 1 2 2 1 1 2 1 2 2 2 2 2 1 2 2 2
0.992269919258939 -0.982631584769314 0.70595737450579 0.993518233787963 0.199682112141238 -1 1 0 2 1 1 2 0 0 2 2 0 2 2 2 0 2 2 0 0 2 0 2 2 1 1 1 1 2 1 1 -1 0 -2 -1 -1 -2 0 0 -2 -2 0 -2 -2 -2 0 -2 -2 0 0 -2 0 -2 -2 -1 -1 -1 -1 -2 -1 -1
0.296652645768525 -0.551217400795351 0.243178860174009 0.2798427760991 -0.594247496370616 1 1 1 2 0 1 1 1 0 0 2 1 2 2 2 2 2 2 1 2 2 1 2 1 2 2 1 0 2 2 1 1 1 2 0 1 1 1 0 0 2 1 2 2 2 2 2 2 1 2 2 1 2 1 2 2 1 0 2 2 1
0.29727762697254 -1.63302839487233 -0.897756460302361 -0.254731922736386 0.328104526853552 -1 1 0 2 0 1 2 2 0 1 1 1 0 2 0 0 2 2 0 1 2 0 1 1 1 1 2 1 2 1 0 -1 0 -2 0 -1 -2 -2 0 -1 -1 -1 0 -2 0 0 -2 -2 0 -1 -2 0 -1 -1 -1 -1 -2 -1 -2 -1 0
-0.0322007203289346 -0.264950610853327 0.0209283240753435 -1.08194484769325 0.271923696100849 1 1 0 2 0 2 2 2 1 2 2 1 0 2 2 1 2 2 1 0 2 0 2 1 1 1 1 0 2 1 1 1 0 2 0 2 2 2 1 2 2 1 0 2 2 1 2 2 1 0 2 0 2 1 1 1 1 0 2 1 1
-0.960908349009389 -2.21513225632739 0.35713988164304 0.260718002484029 1.14574459080994 1 1 2 2 1 2 2 0 0 1 2 0 1 1 0 0 2 2 0 0 2 0 1 1 0 1 1 0 2 1 0 1 2 2 1 2 2 0 0 1 2 0 1 1 0 0 2 2 0 0 2 0 1 1 0 1 1 0 2 1 0
0.130474359703539 -0.0449679699891227 1.48310569757476 0.698391521309024 1.68684609473117 -1 1 0 2 0 0 0 0 0 0 1 1 1 2 2 2 2 2 0 1 1 0 2 1 2 0 0 0 1 1 0 -1 0 -2 0 0 0 0 0 0 -1 -1 -1 -2 -2 -2 -2 -2 0 -1 -1 0 -2 -1 -2 0 0 0 -1 -1 0
-0.247516558124839 0.434360851931235 -1.10376911302756 -0.617018456229404 -0.703717165128192 1 2 2 2 0 0 1 1 0 1 1 1 1 2 2 1 2 2 1 1 1 0 2 2 2 1 1 0 2 1 0 2 2 2 0 0 1 1 0 1 1 1 1 2 2 1 2 2 1 1 1 0 2 2 2 1 1 0 2 1 0
0.199659795152033 -0.284941983246677 0.0972641591141318 0.552460479769409 0.568998873620089 1 0 0 2 0 2 2 2 1 2 2 1 1 2 2 1 2 2 0 0 0 1 2 2 1 1 0 0 2 0 0 0 0 2 0 2 2 2 1 2 2 1 1 2 2 1 2 2 0 0 0 1 2 2 1 1 0 0 2 0 0
0.740117901453188 -3.545488419503 0.201188719564706 -1.41627450126967 -0.0265420349668646 1 1 0 2 0 1 2 2 1 2 2 0 0 2 0 2 2 2 0 0 1 0 1 1 2 1 1 0 2 2 0 1 0 2 0 1 2 2 1 2 2 0 0 2 0 2 2 2 0 0 1 0 1 1 2 1 1 0 2 2 0
-0.732188529471637 0.354987693707304 -1.27261609025789 0.379145658521467 1.51583217749853 -1 1 0 2 1 1 2 1 0 1 1 1 1 2 2 0 2 2 1 1 2 0 1 2 1 2 0 0 1 2 1 -1 0 -2 -1 -1 -2 -1 0 -1 -1 -1 -1 -2 -2 0 -2 -2 -1 -1 -2 0 -1 -2 -1 -2 0 0 -1 -2 -1
0.402858180493773 -0.925094890420646 0.645957610968114 -0.340897910713664 -0.185486404577556 -1 1 0 2 0 2 2 2 1 2 2 1 1 2 2 2 2 2 1 1 2 1 2 0 1 2 2 0 2 2 0 -1 0 -2 0 -2 -2 -2 -1 -2 -2 -1 -1 -2 -2 -2 -2 -2 -1 -1 -2 -1 -2 0 -1 -2 -2 0 -2 -2 0
-2.6646090826847 -1.53639957561219 0.359982639756476 -0.251110642660666 -0.124331852982888 -1 1 1 2 0 2 2 2 1 2 2 0 0 2 1 2 1 2 0 0 0 0 1 1 1 1 2 0 2 1 1 -1 -1 -2 0 -2 -2 -2 -1 -2 -2 0 0 -2 -1 -2 -1 -2 0 0 0 0 -1 -1 -1 -1 -2 0 -2 -1 -1
0.534797137967518 0.438233810260883 1.45638246582254 0.926146561331183 0.584540389118949 -1 1 1 2 0 2 2 1 0 2 2 1 1 2 1 1 2 1 0 0 0 0 2 1 0 0 1 0 2 2 2 -1 -1 -2 0 -2 -2 -1 0 -2 -2 -1 -1 -2 -1 -1 -2 -1 0 0 0 0 -2 -1 0 0 -1 0 -2 -2 -2
1.44202441117033 0.852291851495572 2.1252105436635 -0.99308340343622 -1.19912057218653 1 2 1 2 0 0 0 0 0 2 2 0 0 2 1 2 1 1 0 0 2 1 2 1 2 1 1 1 2 1 1 2 1 2 0 0 0 0 0 2 2 0 0 2 1 2 1 1 0 0 2 1 2 1 2 1 1 1 2 1 1
0.411713176783001 0.0556445079130741 0.552941650341111 0.500304572003248 0.078354714422417 -1 1 0 2 1 2 2 1 0 2 1 1 0 1 0 1 2 2 0 0 2 1 2 1 2 1 0 0 2 2 1 -1 0 -2 -1 -2 -2 -1 0 -2 -1 -1 0 -1 0 -1 -2 -2 0 0 -2 -1 -2 -1 -2 -1 0 0 -2 -2 -1
2.50798077546531 1.26840241933768 2.60733630223962 1.57420638657036 -0.932844689349024 1 2 1 2 0 2 1 0 0 1 1 1 1 2 1 0 2 2 0 0 2 1 1 1 0 1 0 0 2 2 1 2 1 2 0 2 1 0 0 1 1 1 1 2 1 0 2 2 0 0 2 1 1 1 0 1 0 0 2 2 1
-0.597061737854136 0.829947600166153 -1.30548430991527 -0.996561817849641 1.09770881918541 1 1 0 2 1 1 2 2 1 2 2 0 1 2 0 1 2 2 0 1 2 0 2 0 2 1 1 0 2 1 2 1 0 2 1 1 2 2 1 2 2 0 1 2 0 1 2 2 0 1 2 0 2 0 2 1 1 0 2 1 2
1.5233139452883 -0.0977541354477662 -1.11544672406937 2.05623699829128 -1.36111236457824 1 1 1 2 1 1 2 1 0 2 1 0 1 2 1 1 2 2 0 0 2 0 1 1 0 1 2 0 1 2 1 1 1 2 1 1 2 1 0 2 1 0 1 2 1 1 2 2 0 0 2 0 1 1 0 1 2 0 1 2 1
-1.2954251402455 0.399091124256579 0.832682856003871 -1.69161985375492 -2.06703897757571 1 2 2 2 1 0 2 1 0 0 1 0 1 2 0 0 2 2 0 0 2 0 2 1 2 2 1 0 2 1 2 2 2 2 1 0 2 1 0 0 1 0 1 2 0 0 2 2 0 0 2 0 2 1 2 2 1 0 2 1 2
-0.0925023532622174 0.230779016657102 -1.06689283469666 -0.371376967576074 0.726227950340217 1 2 0 2 1 2 1 0 0 0 1 0 0 2 2 1 1 2 0 0 2 0 0 1 2 2 2 2 2 1 1 2 0 2 1 2 1 0 0 0 1 0 0 2 2 1 1 2 0 0 2 0 0 1 2 2 2 2 2 1 1
-0.876275111250988 -0.0218143811448918 -0.446491951127293 0.438564159431603 1.20104907749317 1 2 1 2 0 0 1 2 0 1 1 1 2 2 1 1 1 2 0 1 2 0 2 2 1 1 1 0 2 1 1 2 1 2 0 0 1 2 0 1 1 1 2 2 1 1 1 2 0 1 2 0 2 2 1 1 1 0 2 1 1
0.0458326734575755 -2.23030976505712 -0.613146269087635 1.51521045234986 0.458259356306812 1 2 0 2 0 1 2 1 0 1 2 0 1 2 0 0 2 2 0 0 2 2 2 0 1 1 1 0 1 0 1 2 0 2 0 1 2 1 0 1 2 0 1 2 0 0 2 2 0 0 2 2 2 0 1 1 1 0 1 0 1
0.507811603015861 -0.603361642737808 -0.503260554651684 0.313192219336899 -0.470855714005316 -1 0 0 2 0 1 2 1 0 1 2 0 1 2 1 2 2 2 1 0 2 1 1 0 1 2 2 0 2 1 2 0 0 -2 0 -1 -2 -1 0 -1 -2 0 -1 -2 -1 -2 -2 -2 -1 0 -2 -1 -1 0 -1 -2 -2 0 -2 -1 -2
0.120079273983046 0.801569081065662 -1.22037837068347 -0.993418800435653 -0.220400351903256 1 2 2 2 1 2 2 1 0 2 2 1 1 2 2 2 1 2 1 0 1 0 1 1 2 2 2 0 1 1 2 2 2 2 1 2 2 1 0 2 2 1 1 2 2 2 1 2 1 0 1 0 1 1 2 2 2 0 1 1 2
-0.163755915907971 -0.219294932300129 0.446852075576381 -1.52309056738757 0.0153382709143015 1 0 0 2 0 2 2 1 0 1 1 0 1 2 1 2 2 2 1 1 2 0 2 2 2 2 2 1 2 0 1 0 0 2 0 2 2 1 0 1 1 0 1 2 1 2 2 2 1 1 2 0 2 2 2 2 2 1 2 0 1
-0.625757852226423 0.0621257329493961 1.28243469992127 0.986183590626216 1.29953774411367 1 1 0 2 0 2 2 2 0 2 2 2 1 2 1 1 2 2 0 1 2 0 1 1 1 2 1 0 2 1 1 1 0 2 0 2 2 2 0 2 2 2 1 2 1 1 2 2 0 1 2 0 1 1 1 2 1 0 2 1 1
1.10457963882891 -0.0420429872445904 1.37957992442189 -2.32942382577798 1.31061789465021 1 2 1 2 0 2 2 1 0 1 2 2 2 2 2 1 1 2 0 0 1 0 1 1 1 2 2 1 2 1 1 2 1 2 0 2 2 1 0 1 2 2 2 2 2 1 1 2 0 0 1 0 1 1 1 2 2 1 2 1 1
-0.368656986458158 -0.146390071545113 0.16162397565768 -0.141946254611352 0.529857136477124 1 1 0 2 0 2 2 1 0 2 2 0 2 2 1 1 2 2 0 1 2 1 2 2 2 1 1 0 2 1 1 1 0 2 0 2 2 1 0 2 2 0 2 2 1 1 2 2 0 1 2 1 2 2 2 1 1 0 2 1 1
-1.92662465752684 -1.00040095197713 -1.23418957097202 0.428556347284458 1.29386903790221 1 2 1 2 0 2 2 2 1 2 2 1 2 2 1 1 2 2 0 0 1 0 0 1 0 0 1 1 2 1 1 2 1 2 0 2 2 2 1 2 2 1 2 2 1 1 2 2 0 0 1 0 0 1 0 0 1 1 2 1 1
0.399916748801539 0.842028883549615 0.0869668537815277 -1.46050488127526 0.722740825912736 1 2 1 2 0 1 2 1 1 2 2 0 0 1 0 1 2 2 0 1 2 0 2 1 2 2 1 0 2 1 1 2 1 2 0 1 2 1 1 2 2 0 0 1 0 1 2 2 0 1 2 0 2 1 2 2 1 0 2 1 1
0.257828874920847 -0.22891355874858 0.564218714389104 0.596320890228884 0.43624592701907 -1 0 0 0 0 1 2 1 0 1 2 1 2 2 1 2 2 2 1 0 2 1 1 1 2 1 0 0 2 2 1 0 0 0 0 -1 -2 -1 0 -1 -2 -1 -2 -2 -1 -2 -2 -2 -1 0 -2 -1 -1 -1 -2 -1 0 0 -2 -2 -1
0.130387932656525 1.54188241650569 -0.201647602047592 -1.09009716015183 -0.570953901486815 1 2 0 2 0 2 1 1 0 1 1 1 1 2 1 1 2 2 0 0 2 1 1 0 2 2 2 1 2 0 0 2 0 2 0 2 1 1 0 1 1 1 1 2 1 1 2 2 0 0 2 1 1 0 2 2 2 1 2 0 0
-0.158643474990033 -0.539938268167815 1.07812792612363 0.0178146678378889 -0.280522761229858 1 2 0 2 2 1 1 0 0 1 2 0 0 2 0 1 2 2 0 0 2 0 0 0 1 1 1 0 2 2 0 2 0 2 2 1 1 0 0 1 2 0 0 2 0 1 2 2 0 0 2 0 0 0 1 1 1 0 2 2 0
0.201312552020638 1.37888584193919 -0.923891799419463 0.418809309632945 -0.00632960364382049 1 2 2 2 1 2 2 1 0 1 2 0 1 2 1 1 2 2 0 0 2 0 0 1 1 1 1 0 2 2 2 2 2 2 1 2 2 1 0 1 2 0 1 2 1 1 2 2 0 0 2 0 0 1 1 1 1 0 2 2 2
-0.701910722848528 -0.457026552100307 0.331394189202163 0.919481391696407 -1.66411766685945 1 2 1 2 1 1 1 1 0 1 1 1 0 2 2 2 0 2 0 0 1 1 2 1 1 2 1 0 1 1 1 2 1 2 1 1 1 1 0 1 1 1 0 2 2 2 0 2 0 0 1 1 2 1 1 2 1 0 1 1 1
1.22840768397158 0.609276327752955 -0.935176349596835 0.595743230109987 0.00977655479346318 -1 1 1 2 0 1 2 1 1 1 2 1 2 2 1 0 2 2 0 0 1 0 0 0 1 2 2 1 2 2 1 -1 -1 -2 0 -1 -2 -1 -1 -1 -2 -1 -2 -2 -1 0 -2 -2 0 0 -1 0 0 0 -1 -2 -2 -1 -2 -2 -1
-0.14060221534036 -0.128847556841357 -2.47340418293277 1.22541552491072 -0.686744491623206 1 1 0 2 0 2 2 2 0 2 2 1 2 2 2 1 2 2 0 1 2 1 2 2 1 1 1 1 2 1 1 1 0 2 0 2 2 2 0 2 2 1 2 2 2 1 2 2 0 1 2 1 2 2 1 1 1 1 2 1 1
0.151215399412795 1.33921781708558 -0.393888159802252 -0.467140412876311 1.6213637072744 -1 1 0 2 0 1 2 1 0 1 2 2 2 2 1 1 2 2 0 0 2 1 2 2 1 1 1 0 2 2 1 -1 0 -2 0 -1 -2 -1 0 -1 -2 -2 -2 -2 -1 -1 -2 -2 0 0 -2 -1 -2 -2 -1 -1 -1 0 -2 -2 -1
-0.256374444697805 0.392691910268489 -1.08875302842751 0.630000976716346 -0.126757468863649 1 2 1 2 1 2 2 2 0 1 2 1 1 2 2 1 2 2 0 0 1 0 1 0 1 1 2 0 1 1 1 2 1 2 1 2 2 2 0 1 2 1 1 2 2 1 2 2 0 0 1 0 1 0 1 1 2 0 1 1 1
-0.0226391831959802 -0.683057301941269 -0.164283558172504 3.16123941834351 -1.41240512694835 -1 2 0 1 0 1 2 2 0 1 2 1 1 2 1 1 1 2 0 0 1 1 2 2 2 2 2 1 2 2 1 -2 0 -1 0 -1 -2 -2 0 -1 -2 -1 -1 -2 -1 -1 -1 -2 0 0 -1 -1 -2 -2 -2 -2 -2 -1 -2 -2 -1
0.752814969664941 2.03757332930279 0.709350528381812 -0.709968383554729 0.530366578712319 1 1 0 2 0 2 2 2 0 2 2 2 2 2 2 1 2 2 0 0 2 0 2 2 2 2 1 0 2 2 1 1 0 2 0 2 2 2 0 2 2 2 2 2 2 1 2 2 0 0 2 0 2 2 2 2 1 0 2 2 1
0.0981025751873664 -0.193219688504769 0.408262373432649 1.23933062907606 0.264188281504793 -1 1 0 2 0 1 2 1 1 2 2 1 2 2 1 1 2 2 0 1 2 1 2 2 1 1 1 1 2 0 0 -1 0 -2 0 -1 -2 -1 -1 -2 -2 -1 -2 -2 -1 -1 -2 -2 0 -1 -2 -1 -2 -2 -1 -1 -1 -1 -2 0 0
-0.693698645715668 0.0608475207178452 0.421465894702212 0.902179045070426 -0.914052041264609 1 2 1 2 1 2 2 2 0 2 2 0 1 2 1 2 2 1 0 0 1 0 2 1 2 1 1 0 2 1 1 2 1 2 1 2 2 2 0 2 2 0 1 2 1 2 2 1 0 0 1 0 2 1 2 1 1 0 2 1 1
-1.07131171076203 1.30038388083117 -1.12680176867592 0.301893213564225 0.525136295374238 1 0 0 2 2 1 2 1 0 1 2 1 1 2 2 1 1 2 0 0 1 0 1 0 1 1 1 0 1 1 1 0 0 2 2 1 2 1 0 1 2 1 1 2 2 1 1 2 0 0 1 0 1 0 1 1 1 0 1 1 1
0.396482976691394 0.127769608561175 -1.06564597686501 1.94092546111972 0.777180611621413 1 1 0 1 0 0 1 0 0 2 2 0 0 2 1 2 2 2 1 0 2 1 2 2 1 1 1 0 1 0 0 1 0 1 0 0 1 0 0 2 2 0 0 2 1 2 2 2 1 0 2 1 2 2 1 1 1 0 1 0 0
-0.614487911468027 0.672501092570036 -0.655342008072357 -0.436748203055779 0.362588080944668 -1 1 1 2 2 2 2 2 0 1 1 1 1 2 2 2 2 2 0 0 2 0 1 1 1 1 2 0 2 2 1 -1 -1 -2 -2 -2 -2 -2 0 -1 -1 -1 -1 -2 -2 -2 -2 -2 0 0 -2 0 -1 -1 -1 -1 -2 0 -2 -2 -1
0.106984106013811 0.0200588865869452 1.84662508844402 1.17658961529661 1.21655400370119 -1 1 1 2 1 1 2 0 1 2 2 0 0 2 0 1 2 2 0 0 1 0 1 1 1 0 0 1 2 2 0 -1 -1 -2 -1 -1 -2 0 -1 -2 -2 0 0 -2 0 -1 -2 -2 0 0 -1 0 -1 -1 -1 0 0 -1 -2 -2 0
-0.412449545631315 0.0629896581927949 0.493443433640774 1.13818461174352 0.024805300037926 1 2 0 2 0 0 2 1 0 0 1 0 0 2 1 1 2 2 0 1 2 1 2 1 2 2 1 0 2 1 1 2 0 2 0 0 2 1 0 0 1 0 0 2 1 1 2 2 0 1 2 1 2 1 2 2 1 0 2 1 1
0.51800410408561 0.791881557203157 -0.556797859693114 1.55727932750894 -0.284498178018492 1 2 0 2 0 1 2 1 0 2 1 1 0 2 0 0 2 2 1 1 2 0 2 1 2 0 0 0 1 2 1 2 0 2 0 1 2 1 0 2 1 1 0 2 0 0 2 2 1 1 2 0 2 1 2 0 0 0 1 2 1
-0.0357334065414643 0.456188864084074 -1.40331334601764 -1.63254376497894 0.629996802337516 1 0 0 2 0 2 2 2 0 2 2 1 0 2 0 0 2 2 1 0 1 0 1 0 1 0 1 0 2 1 2 0 0 2 0 2 2 2 0 2 2 1 0 2 0 0 2 2 1 0 1 0 1 0 1 0 1 0 2 1 2
0.606058278061446 2.33752994006692 -1.44409729909751 0.143309731175774 0.900626968081532 -1 1 1 2 1 2 2 2 0 1 1 0 0 2 1 0 2 2 0 0 1 0 2 2 1 1 1 2 2 2 1 -1 -1 -2 -1 -2 -2 -2 0 -1 -1 0 0 -2 -1 0 -2 -2 0 0 -1 0 -2 -2 -1 -1 -1 -2 -2 -2 -1
0.499409738972696 -0.286460451602444 2.02858732481023 -0.530701019867286 -0.182278123783865 -1 1 1 2 0 2 2 1 1 2 2 1 1 2 2 2 2 2 0 0 1 0 1 0 1 1 1 0 1 1 0 -1 -1 -2 0 -2 -2 -1 -1 -2 -2 -1 -1 -2 -2 -2 -2 -2 0 0 -1 0 -1 0 -1 -1 -1 0 -1 -1 0
1.88008816378137 1.10611973664923 2.10369680744265 1.91553920346531 1.27004454912573 1 2 1 2 0 2 2 1 1 2 2 1 1 2 2 0 2 2 1 0 1 0 1 1 1 0 0 0 2 2 0 2 1 2 0 2 2 1 1 2 2 1 1 2 2 0 2 2 1 0 1 0 1 1 1 0 0 0 2 2 0
-0.307879935597303 0.621045649921717 1.2832908877968 -0.00654132907732988 -1.20627855462604 1 1 1 2 1 1 2 0 0 1 2 2 1 2 1 0 2 2 1 0 2 0 0 0 1 2 2 1 1 1 1 1 1 2 1 1 2 0 0 1 2 2 1 2 1 0 2 2 1 0 2 0 0 0 1 2 2 1 1 1 1
-0.346061810266186 -1.18145001786003 0.839904835336057 0.0931342044103071 0.245313637550198 1 1 0 2 1 2 2 2 0 1 2 0 1 2 2 1 1 2 0 0 2 0 0 0 2 1 1 0 2 2 0 1 0 2 1 2 2 2 0 1 2 0 1 2 2 1 1 2 0 0 2 0 0 0 2 1 1 0 2 2 0
-1.94283958030076 -0.853906053206371 -0.324222640018103 0.905069920861354 -0.596055728727261 -1 2 0 1 0 2 2 0 0 2 2 1 1 2 1 1 2 2 0 0 2 0 0 0 2 1 1 1 2 2 1 -2 0 -1 0 -2 -2 0 0 -2 -2 -1 -1 -2 -1 -1 -2 -2 0 0 -2 0 0 0 -2 -1 -1 -1 -2 -2 -1
0.669194753515046 -1.32503357665669 0.0134724079614537 0.96047729929466 1.85462525392689 -1 2 1 2 0 1 2 1 0 2 2 0 1 2 1 0 2 2 1 0 1 1 1 1 2 0 1 0 2 0 0 -2 -1 -2 0 -1 -2 -1 0 -2 -2 0 -1 -2 -1 0 -2 -2 -1 0 -1 -1 -1 -1 -2 0 -1 0 -2 0 0
1.72113081904873 -0.550620162518551 -0.247846537686083 -0.592923395820353 0.278159671980577 1 1 0 2 1 1 2 0 0 2 2 2 2 2 2 2 2 1 0 0 1 1 2 0 1 1 1 0 1 2 2 1 0 2 1 1 2 0 0 2 2 2 2 2 2 2 2 1 0 0 1 1 2 0 1 1 1 0 1 2 2
0.219858135371734 -1.45484448606618 0.680571957764978 -0.0641581340924323 0.307160647885718 1 2 1 2 1 0 2 0 1 2 2 0 1 2 1 1 2 2 0 1 2 0 1 0 2 1 2 1 1 1 1 2 1 2 1 0 2 0 1 2 2 0 1 2 1 1 2 2 0 1 2 0 1 0 2 1 2 1 1 1 1
-1.73928774530116 0.440307167202071 1.70307036531693 1.48307105090357 0.71864523902545 1 2 0 2 1 2 2 2 2 1 2 1 0 2 1 1 2 2 0 1 2 0 1 1 2 2 1 0 2 1 1 2 0 2 1 2 2 2 2 1 2 1 0 2 1 1 2 2 0 1 2 0 1 1 2 2 1 0 2 1 1
-1.09713235883461 -0.273532604338498 1.10693793948928 0.627816141280752 0.870958687515732 1 1 1 2 2 1 2 0 0 2 2 1 1 2 1 1 2 2 0 0 1 0 1 1 1 0 0 0 2 2 1 1 1 2 2 1 2 0 0 2 2 1 1 2 1 1 2 2 0 0 1 0 1 1 1 0 0 0 2 2 1
1.83326364699736 -0.0892988036550229 0.816322365711522 -0.657042247240796 -1.41950438360785 -1 1 0 1 0 1 2 2 1 2 2 1 2 2 2 1 2 2 1 0 2 1 2 2 2 2 2 0 1 1 0 -1 0 -1 0 -1 -2 -2 -1 -2 -2 -1 -2 -2 -2 -1 -2 -2 -1 0 -2 -1 -2 -2 -2 -2 -2 0 -1 -1 0
-1.86717899821176 -1.38232445518619 0.126049142753133 -0.197571538373873 2.97796175295145 1 1 0 2 1 2 2 2 0 2 2 0 0 2 1 1 2 2 0 0 1 0 2 0 1 2 1 0 2 2 0 1 0 2 1 2 2 2 0 2 2 0 0 2 1 1 2 2 0 0 1 0 2 0 1 2 1 0 2 2 0
-0.236446974070133 0.759553695262021 -0.224827345611752 -0.370684639096451 -1.33914816184161 -1 2 1 2 0 2 2 1 0 2 2 1 1 2 1 1 2 2 0 0 1 0 1 0 1 0 1 0 2 2 2 -2 -1 -2 0 -2 -2 -1 0 -2 -2 -1 -1 -2 -1 -1 -2 -2 0 0 -1 0 -1 0 -1 0 -1 0 -2 -2 -2
2.10381206372451 -0.302450447402872 1.6470095488416 -0.223295042932807 1.08581566056298 1 1 0 2 0 1 2 2 1 2 2 0 1 2 2 1 0 2 0 0 1 0 1 1 1 1 1 0 1 0 0 1 0 2 0 1 2 2 1 2 2 0 1 2 2 1 0 2 0 0 1 0 1 1 1 1 1 0 1 0 0
-0.792818518238129 0.825578097757165 1.15740413378373 -1.15876967544361 0.638095421322123 -1 1 0 2 0 1 2 1 0 1 2 1 2 2 1 2 2 2 1 0 1 0 1 0 1 2 1 1 2 1 0 -1 0 -2 0 -1 -2 -1 0 -1 -2 -1 -2 -2 -1 -2 -2 -2 -1 0 -1 0 -1 0 -1 -2 -1 -1 -2 -1 0
0.503473091893452 -0.445952978454342 -2.32269271558409 -1.14418317651131 -1.4632066066867 -1 2 0 2 1 2 2 1 0 1 2 0 1 2 2 2 2 2 1 0 0 0 1 1 2 2 0 0 2 1 1 -2 0 -2 -1 -2 -2 -1 0 -1 -2 0 -1 -2 -2 -2 -2 -2 -1 0 0 0 -1 -1 -2 -2 0 0 -2 -1 -1
-0.14361389503152 0.836168245669232 -1.64925193528971 -0.598165013386889 0.364762323013221 -1 1 1 2 0 1 1 1 0 1 2 1 2 2 2 2 2 2 0 0 2 1 2 2 0 1 1 0 2 2 2 -1 -1 -2 0 -1 -1 -1 0 -1 -2 -1 -2 -2 -2 -2 -2 -2 0 0 -2 -1 -2 -2 0 -1 -1 0 -2 -2 -2
1.01793213987931 -0.490449166748337 -1.84482332839607 -1.16311396383406 1.11119507958435 1 2 1 2 0 0 1 0 0 1 2 1 1 2 1 1 2 2 0 2 2 0 1 2 2 0 1 0 2 0 1 2 1 2 0 0 1 0 0 1 2 1 1 2 1 1 2 2 0 2 2 0 1 2 2 0 1 0 2 0 1
-1.70196646717525 1.42109564592572 -0.126202026107138 0.20122406859195 2.79928168508948 1 1 1 2 0 1 1 2 0 0 2 1 0 2 0 2 2 2 2 1 2 1 1 0 2 1 1 0 2 1 0 1 1 2 0 1 1 2 0 0 2 1 0 2 0 2 2 2 2 1 2 1 1 0 2 1 1 0 2 1 0
-2.27191653231692 0.623115542734917 0.312571930711003 0.812568821160967 -0.67383842722336 1 1 1 2 2 1 2 1 0 0 2 0 2 2 1 2 1 2 0 0 2 0 1 0 1 2 2 0 1 1 1 1 1 2 2 1 2 1 0 0 2 0 2 2 1 2 1 2 0 0 2 0 1 0 1 2 2 0 1 1 1
0.129960616906721 -2.16094179246746 0.290369019501567 -0.653798235444349 1.57277349762283 1 1 1 2 1 1 2 0 0 2 2 1 1 2 2 1 2 2 0 1 2 0 1 2 2 1 2 0 2 1 2 1 1 2 1 1 2 0 0 2 2 1 1 2 2 1 2 2 0 1 2 0 1 2 2 1 2 0 2 1 2
1.1151059166985 -0.176732401382649 0.515856033962919 -0.590753204702456 -0.700239313274387 1 1 1 2 2 2 1 0 0 0 2 1 2 2 1 2 2 2 1 0 2 0 0 0 1 0 0 0 1 1 1 1 1 2 2 2 1 0 0 0 2 1 2 2 1 2 2 2 1 0 2 0 0 0 1 0 0 0 1 1 1
-0.993241672382602 0.644382062223765 0.503507892203613 -0.00209707556430027 -0.631567899601606 -1 2 2 2 2 1 2 2 2 2 2 1 1 2 1 0 2 2 0 1 1 1 2 2 1 1 0 0 2 2 2 -2 -2 -2 -2 -1 -2 -2 -2 -2 -2 -1 -1 -2 -1 0 -2 -2 0 -1 -1 -1 -2 -2 -1 -1 0 0 -2 -2 -2
-0.259113627567221 0.367164991017373 -0.930291353049726 -0.593934857079131 0.695843574659008 -1 1 0 2 1 1 2 0 0 1 2 1 1 2 1 1 2 2 2 1 2 1 1 1 2 1 1 1 2 2 0 -1 0 -2 -1 -1 -2 0 0 -1 -2 -1 -1 -2 -1 -1 -2 -2 -2 -1 -2 -1 -1 -1 -2 -1 -1 -1 -2 -2 0
-1.40459900148285 1.29006772877654 0.152314428363859 0.472856876856099 -0.654096572745568 1 0 0 2 0 2 2 2 0 1 2 1 0 2 2 2 2 2 0 0 0 0 2 2 1 2 1 0 2 1 0 0 0 2 0 2 2 2 0 1 2 1 0 2 2 2 2 2 0 0 0 0 2 2 1 2 1 0 2 1 0
1.07721847472522 0.72384258131063 0.347754470642116 0.566900398798761 -0.179749463316048 -1 2 0 2 0 2 2 2 0 1 1 0 0 2 1 0 2 2 0 0 2 0 1 1 1 2 2 0 1 1 1 -2 0 -2 0 -2 -2 -2 0 -1 -1 0 0 -2 -1 0 -2 -2 0 0 -2 0 -1 -1 -1 -2 -2 0 -1 -1 -1
-0.91813196826454 -1.10963646119782 -0.448039849532265 0.73359379298233 -0.10678522505229 -1 1 0 2 1 1 2 2 0 1 1 0 1 2 1 0 2 2 0 0 1 0 1 1 1 0 0 0 1 0 0 -1 0 -2 -1 -1 -2 -2 0 -1 -1 0 -1 -2 -1 0 -2 -2 0 0 -1 0 -1 -1 -1 0 0 0 -1 0 0
-0.0380769454237616 0.277684742783549 -0.390598653982791 -0.677059593859686 0.00106253726770946 1 2 1 2 1 1 2 1 0 2 1 0 2 2 2 1 2 2 0 0 1 0 1 1 1 1 0 0 2 1 2 2 1 2 1 1 2 1 0 2 1 0 2 2 2 1 2 2 0 0 1 0 1 1 1 1 0 0 2 1 2
1.14171013283773 -1.16975047298986 -0.72037245194311 1.69783072120169 -1.18640387720164 1 2 1 2 2 2 1 0 0 2 2 1 1 2 2 1 2 2 0 1 2 0 2 2 2 1 0 0 2 2 1 2 1 2 2 2 1 0 0 2 2 1 1 2 2 1 2 2 0 1 2 0 2 2 2 1 0 0 2 2 1
-0.147384086461177 1.01937292600322 -0.640752835298008 -0.605573224438049 -2.063426283463 1 1 1 2 1 0 1 0 0 0 1 0 0 2 1 2 0 2 0 0 2 0 2 2 2 0 0 0 1 1 1 1 1 2 1 0 1 0 0 0 1 0 0 2 1 2 0 2 0 0 2 0 2 2 2 0 0 0 1 1 1
-1.21073691749894 -1.13345845788937 -1.05705905165975 0.588278357442514 0.401375786871509 1 1 2 2 0 2 2 2 1 1 2 1 1 2 2 1 2 2 1 0 1 0 0 0 1 2 1 0 2 1 1 1 2 2 0 2 2 2 1 1 2 1 1 2 2 1 2 2 1 0 1 0 0 0 1 2 1 0 2 1 1
0.997959863118766 -0.143171992718852 -1.75851848152003 -0.537207945014394 -0.114859496685714 1 2 0 1 0 2 2 1 0 0 2 0 0 2 1 2 2 2 2 1 2 0 2 2 0 0 1 0 1 1 1 2 0 1 0 2 2 1 0 0 2 0 0 2 1 2 2 2 2 1 2 0 2 2 0 0 1 0 1 1 1
-1.14671680434395 -0.476030634793879 -2.05792482594249 0.613140473453559 -0.321604634266099 1 2 0 2 1 1 2 1 0 2 1 2 2 2 0 1 1 2 2 1 2 2 2 1 0 0 1 0 2 1 1 2 0 2 1 1 2 1 0 2 1 2 2 2 0 1 1 2 2 1 2 2 2 1 0 0 1 0 2 1 1
