-1.4080594221703 -0.625510339994745 0.294672904152295 0.109748745847751 -0.16152067159998 1 0 2 0 0 1 0 0 1 0 1 1 1 0 1 1 2 2 2 0 0 1 2 2 1 2 1 2 2 1 1 0 2 0 0 1 0 0 1 0 1 1 1 0 1 1 2 2 2 0 0 1 2 2 1 2 1 2 2 1 1
-0.409231642059688 0.139480852466811 -0.428180979643474 -0.0946438513764563 0.411788723888475 -1 0 2 0 0 1 0 1 2 2 0 1 1 0 2 2 2 2 2 0 1 0 2 2 1 2 1 2 1 0 1 0 -2 0 0 -1 0 -1 -2 -2 0 -1 -1 0 -2 -2 -2 -2 -2 0 -1 0 -2 -2 -1 -2 -1 -2 -1 0 -1
1.75364219813266 0.360953007501107 2.3931454322292 -0.431847874069391 -1.50117382136729 1 0 2 0 0 0 0 1 0 1 0 0 0 0 1 0 2 2 2 0 0 0 2 2 1 2 2 2 2 0 0 0 2 0 0 0 0 1 0 1 0 0 0 0 1 0 2 2 2 0 0 0 2 2 1 2 2 2 2 0 0
1.27509099314556 -0.240973752093657 1.88667894920658 -0.147078689725399 -1.1306376324619 -1 0 2 1 2 2 0 0 2 2 0 0 0 1 2 2 2 1 2 0 0 1 1 2 0 1 0 2 2 0 0 0 -2 -1 -2 -2 0 0 -2 -2 0 0 0 -1 -2 -2 -2 -1 -2 0 0 -1 -1 -2 0 -1 0 -2 -2 0 0
-1.09491399318012 0.503129354143721 -0.437928340531029 0.567687305848564 1.26047842745203 1 0 2 0 0 1 0 1 2 2 0 0 1 0 2 1 0 2 2 1 2 0 2 2 0 1 2 2 1 1 0 0 2 0 0 1 0 1 2 2 0 0 1 0 2 1 0 2 2 1 2 0 2 2 0 1 2 2 1 1 0
-0.586052455743459 1.68764756919012 -1.23557093791521 0.24585621113489 -0.476987016302809 -1 0 2 1 2 1 0 0 1 0 0 1 1 0 1 1 2 2 2 0 1 0 1 0 1 1 1 2 2 1 0 0 -2 -1 -2 -1 0 0 -1 0 0 -1 -1 0 -1 -1 -2 -2 -2 0 -1 0 -1 0 -1 -1 -1 -2 -2 -1 0
1.36828634220499 0.849482566346629 -0.129250388201956 -0.244489438564026 0.445491136911111 1 0 2 1 1 1 0 1 0 1 2 1 1 0 2 2 1 1 1 0 1 1 1 1 1 1 1 2 1 0 2 0 2 1 1 1 0 1 0 1 2 1 1 0 2 2 1 1 1 0 1 1 1 1 1 1 1 2 1 0 2
0.576245342510119 0.513731757322669 -0.8089531566191 1.24752434786648 -0.245043763812266 1 0 2 0 0 1 0 0 2 2 0 0 1 1 1 1 1 1 1 0 0 0 2 2 1 2 0 1 1 1 1 0 2 0 0 1 0 0 2 2 0 0 1 1 1 1 1 1 1 0 0 0 2 2 1 2 0 1 1 1 1
-1.85834032233911 -0.27769517156514 -2.02807694594235 -1.61561124497955 -2.21433625931294 1 0 2 2 1 2 1 2 2 1 0 0 2 0 1 2 1 1 2 0 2 1 2 2 1 2 1 2 1 1 1 0 2 2 1 2 1 2 2 1 0 0 2 0 1 2 1 1 2 0 2 1 2 2 1 2 1 2 1 1 1
-1.08514634861683 0.110261956536878 1.38994718013242 -0.931003889137066 0.130212034094999 -1 0 2 0 0 1 0 1 2 2 0 1 1 1 1 1 2 2 2 0 1 1 1 2 1 2 2 2 2 1 2 0 -2 0 0 -1 0 -1 -2 -2 0 -1 -1 -1 -1 -1 -2 -2 -2 0 -1 -1 -1 -2 -1 -2 -2 -2 -2 -1 -2
1.37981269424848 -0.336306471256068 -0.269723844734112 -0.499206580713146 -0.314068526037958 1 0 2 1 1 2 0 1 2 2 1 1 2 0 2 2 2 2 2 0 1 1 2 2 2 2 2 2 1 0 1 0 2 1 1 2 0 1 2 2 1 1 2 0 2 2 2 2 2 0 1 1 2 2 2 2 2 2 1 0 1
0.700877873028615 -0.329949448939822 -0.337452440272637 -1.04670417541499 0.55287282876898 1 0 2 1 0 1 0 2 2 2 1 0 1 0 1 1 2 1 2 1 1 0 1 2 0 1 0 1 1 1 0 0 2 1 0 1 0 2 2 2 1 0 1 0 1 1 2 1 2 1 1 0 1 2 0 1 0 1 1 1 0
0.64698346019187 -2.23602517390412 -0.0533534104131201 -0.306602420679866 0.525730444439052 -1 0 2 0 0 1 0 1 1 2 0 0 0 0 1 2 2 2 2 0 0 0 2 1 1 2 1 2 2 1 0 0 -2 0 0 -1 0 -1 -1 -2 0 0 0 0 -1 -2 -2 -2 -2 0 0 0 -2 -1 -1 -2 -1 -2 -2 -1 0
0.319650624791912 -0.00347571925473966 2.45753562794073 -1.33916345447008 -0.506811062567407 -1 0 2 1 1 1 0 0 1 0 0 0 0 0 1 0 2 1 2 0 1 0 2 2 0 2 2 2 0 0 0 0 -2 -1 -1 -1 0 0 -1 0 0 0 0 0 -1 0 -2 -1 -2 0 -1 0 -2 -2 0 -2 -2 -2 0 0 0
-1.61075610401686 -0.14746265506239 0.759879204082478 1.26098326652883 -0.472162379324075 1 0 2 0 0 1 0 1 1 1 0 0 0 0 2 2 2 2 2 0 2 1 1 2 2 1 1 1 1 1 1 0 2 0 0 1 0 1 1 1 0 0 0 0 2 2 2 2 2 0 2 1 1 2 2 1 1 1 1 1 1
-0.996182826682646 0.272602951625224 -2.24451503830009 0.404409280856785 0.98536583698476 -1 0 2 0 0 1 0 0 2 1 1 0 0 0 1 2 2 2 2 0 0 0 1 2 1 1 2 2 1 1 1 0 -2 0 0 -1 0 0 -2 -1 -1 0 0 0 -1 -2 -2 -2 -2 0 0 0 -1 -2 -1 -1 -2 -2 -1 -1 -1
-0.890221305225411 1.11877644703071 1.65884619724524 0.811401569948315 -0.21244875409553 -1 0 2 0 0 0 0 1 1 1 2 1 0 1 2 1 1 2 2 0 1 0 2 2 0 1 1 2 1 1 0 0 -2 0 0 0 0 -1 -1 -1 -2 -1 0 -1 -2 -1 -1 -2 -2 0 -1 0 -2 -2 0 -1 -1 -2 -1 -1 0
1.39965075237613 -1.2445539205996 -0.146237336888953 -0.695514457052524 2.08042178844091 1 0 2 1 1 1 0 1 1 2 1 0 1 1 1 2 1 2 2 0 2 1 2 2 1 2 2 2 1 0 0 0 2 1 1 1 0 1 1 2 1 0 1 1 1 2 1 2 2 0 2 1 2 2 1 2 2 2 1 0 0
0.866989554909157 -0.803363404580478 1.84376239102962 -0.953086448358889 -0.603438629201379 -1 0 2 1 0 2 0 1 1 2 1 0 0 0 0 2 2 2 2 0 1 0 1 2 0 2 1 2 2 1 2 0 -2 -1 0 -2 0 -1 -1 -2 -1 0 0 0 0 -2 -2 -2 -2 0 -1 0 -1 -2 0 -2 -1 -2 -2 -1 -2
0.523802743453354 2.25697651921262 -0.495082333866514 -0.374062839576358 -0.650289014570548 1 0 2 2 0 0 0 1 2 1 1 0 1 0 2 2 2 2 2 0 1 1 2 2 0 2 1 2 2 1 1 0 2 2 0 0 0 1 2 1 1 0 1 0 2 2 2 2 2 0 1 1 2 2 0 2 1 2 2 1 1
1.46962810495236 0.476953072808274 0.765368785705773 -0.931391334540367 -0.796803594089195 1 0 2 1 2 2 0 1 2 2 0 1 0 1 1 1 2 2 2 0 1 0 2 2 0 0 1 2 2 2 1 0 2 1 2 2 0 1 2 2 0 1 0 1 1 1 2 2 2 0 1 0 2 2 0 0 1 2 2 2 1
0.497279631731656 1.06307863224375 0.364978741171649 -0.0920831021657541 -1.15774182691189 1 0 2 0 0 0 0 0 2 2 0 0 0 0 1 1 2 2 2 0 1 1 2 1 1 1 1 2 0 1 2 0 2 0 0 0 0 0 2 2 0 0 0 0 1 1 2 2 2 0 1 1 2 1 1 1 1 2 0 1 2
1.1421232581413 -0.402836408157797 -0.363901504177218 -0.8044588261559 -0.920297607143004 1 0 2 0 1 1 0 0 2 1 0 0 1 1 1 2 2 2 2 0 1 0 2 2 1 2 2 2 2 0 1 0 2 0 1 1 0 0 2 1 0 0 1 1 1 2 2 2 2 0 1 0 2 2 1 2 2 2 2 0 1
0.828269944445197 -0.221038942559732 1.4763976464691 0.920149058316979 -0.365445632647618 1 0 2 0 0 1 0 1 2 2 1 0 0 0 0 1 1 2 2 0 1 1 1 1 1 1 1 2 2 1 1 0 2 0 0 1 0 1 2 2 1 0 0 0 0 1 1 2 2 0 1 1 1 1 1 1 1 2 2 1 1
-0.310848069360624 0.218086511806869 0.96230079637915 0.169032780162754 0.0317269157169818 1 1 2 2 0 2 0 0 1 2 1 0 1 0 2 2 2 2 2 1 2 2 2 2 0 0 2 2 0 0 0 1 2 2 0 2 0 0 1 2 1 0 1 0 2 2 2 2 2 1 2 2 2 2 0 0 2 2 0 0 0
-1.11994190148491 -1.06345536001968 1.03498882580755 0.549038886127613 0.468621615922676 -1 0 2 0 1 1 0 1 2 2 0 0 1 0 1 1 1 2 2 0 0 0 0 2 0 1 2 2 2 0 0 0 -2 0 -1 -1 0 -1 -2 -2 0 0 -1 0 -1 -1 -1 -2 -2 0 0 0 0 -2 0 -1 -2 -2 -2 0 0
1.73201447856956 -1.3651892086521 -0.50477954130215 -0.0812424585114641 -0.680875877804391 1 0 2 2 2 1 0 1 1 1 1 1 1 0 2 1 2 2 2 0 1 0 2 2 1 1 1 2 1 0 2 0 2 2 2 1 0 1 1 1 1 1 1 0 2 1 2 2 2 0 1 0 2 2 1 1 1 2 1 0 2
-0.0014716937685179 0.795507905354404 -1.42595676310082 1.20013665450408 0.138448229682535 -1 0 2 1 1 1 0 1 2 2 0 0 0 0 2 1 1 2 2 0 0 0 1 1 0 2 2 2 2 2 1 0 -2 -1 -1 -1 0 -1 -2 -2 0 0 0 0 -2 -1 -1 -2 -2 0 0 0 -1 -1 0 -2 -2 -2 -2 -2 -1
1.76509335437815 2.40801223091998 -1.20802598733194 -1.32620167862111 -1.34323820247209 1 0 2 0 0 0 0 1 2 1 1 1 1 1 1 2 2 2 2 0 1 0 2 2 1 2 1 2 1 0 0 0 2 0 0 0 0 1 2 1 1 1 1 1 1 2 2 2 2 0 1 0 2 2 1 2 1 2 1 0 0
-1.86192167159787 -0.0706662062111894 1.2255154397617 0.115744467042479 1.52774468577568 -1 0 2 1 0 1 0 0 2 1 0 0 0 0 2 2 2 1 2 0 1 0 2 1 1 2 1 2 1 0 1 0 -2 -1 0 -1 0 0 -2 -1 0 0 0 0 -2 -2 -2 -1 -2 0 -1 0 -2 -1 -1 -2 -1 -2 -1 0 -1
-0.458258684238938 0.0702286857967984 0.559194620655226 -0.263081312376792 2.74614756486686 1 0 2 1 0 1 0 1 1 0 0 0 0 0 1 1 1 1 2 1 1 1 2 2 1 1 1 2 1 1 2 0 2 1 0 1 0 1 1 0 0 0 0 0 1 1 1 1 2 1 1 1 2 2 1 1 1 2 1 1 2
-0.0717774471157614 0.0713342673114784 0.79327542079258 0.89131336769227 -2.01136240770189 1 0 2 1 1 1 1 2 2 2 1 1 1 2 1 1 2 2 2 0 1 0 0 0 0 0 0 1 1 1 1 0 2 1 1 1 1 2 2 2 1 1 1 2 1 1 2 2 2 0 1 0 0 0 0 0 0 1 1 1 1
-1.46289662360307 0.395151753930836 0.51458463544485 -1.08046409522145 -1.25797085835017 1 0 2 1 1 1 0 1 2 2 0 0 1 0 2 2 2 2 2 1 2 1 2 2 2 1 1 1 0 1 2 0 2 1 1 1 0 1 2 2 0 0 1 0 2 2 2 2 2 1 2 1 2 2 2 1 1 1 0 1 2
0.627568374363218 1.56254338345655 -0.441188234459884 0.603996882501763 -2.41785573218662 -1 0 2 2 0 2 0 1 0 0 0 0 0 0 2 1 1 2 2 0 0 1 2 2 0 1 1 1 0 0 2 0 -2 -2 0 -2 0 -1 0 0 0 0 0 0 -2 -1 -1 -2 -2 0 0 -1 -2 -2 0 -1 -1 -1 0 0 -2
0.511099130280834 0.994179054454236 -1.48107545203713 1.77288662297059 0.114970371174152 1 0 2 1 0 2 0 1 2 2 0 0 0 0 0 1 1 1 2 0 2 1 1 2 1 0 1 2 1 0 0 0 2 1 0 2 0 1 2 2 0 0 0 0 0 1 1 1 2 0 2 1 1 2 1 0 1 2 1 0 0
-2.35872597340636 -0.401559852040402 -1.29028408328101 -1.88468102334743 -0.597690016375967 1 0 1 1 0 1 0 0 1 1 0 0 0 0 2 2 2 2 1 0 0 1 1 2 0 1 1 2 1 1 1 0 1 1 0 1 0 0 1 1 0 0 0 0 2 2 2 2 1 0 0 1 1 2 0 1 1 2 1 1 1
-0.228677771687596 -0.153068791539779 -0.326749577061725 1.21511683182888 -2.12604331793972 1 0 2 0 0 2 0 1 2 2 0 0 0 0 2 2 1 2 2 0 0 0 2 2 1 0 0 2 1 0 0 0 2 0 0 2 0 1 2 2 0 0 0 0 2 2 1 2 2 0 0 0 2 2 1 0 0 2 1 0 0
1.72270625280711 1.14429243635755 -0.118865602970048 1.54984674750727 -0.306004770646131 -1 0 2 0 0 1 0 1 1 0 1 0 0 0 1 2 2 1 2 0 1 0 2 1 1 2 2 2 1 0 2 0 -2 0 0 -1 0 -1 -1 0 -1 0 0 0 -1 -2 -2 -1 -2 0 -1 0 -2 -1 -1 -2 -2 -2 -1 0 -2
0.374877048761572 -2.27454536035081 1.62523953591432 -0.338046170738817 0.0343834752406292 -1 0 1 0 0 0 0 0 2 2 1 0 0 0 2 2 2 2 2 0 2 1 1 2 1 1 1 2 1 0 1 0 -1 0 0 0 0 0 -2 -2 -1 0 0 0 -2 -2 -2 -2 -2 0 -2 -1 -1 -2 -1 -1 -1 -2 -1 0 -1
-0.703773509433134 0.310833763428932 0.339602643332843 0.435330651723244 -0.141137062584566 1 0 2 1 0 1 0 0 1 2 0 0 1 0 0 0 2 2 2 2 2 1 1 1 1 1 2 2 2 0 0 0 2 1 0 1 0 0 1 2 0 0 1 0 0 0 2 2 2 2 2 1 1 1 1 1 2 2 2 0 0
0.388201880350996 -0.379802526257877 0.650312880045109 -0.369987997722902 -0.34694665716708 1 0 2 1 0 1 0 0 0 1 1 0 0 0 2 2 2 2 2 0 2 2 2 2 1 1 2 2 2 0 0 0 2 1 0 1 0 0 0 1 1 0 0 0 2 2 2 2 2 0 2 2 2 2 1 1 2 2 2 0 0
-0.632805916991685 0.576006897612191 0.974741672450531 0.803397099369711 0.537211497397878 1 0 2 0 0 0 0 0 2 1 0 0 0 0 2 1 0 0 2 0 0 0 2 2 1 1 1 2 1 0 1 0 2 0 0 0 0 0 2 1 0 0 0 0 2 1 0 0 2 0 0 0 2 2 1 1 1 2 1 0 1
-0.728007770786701 1.79253647319682 -0.737513041934502 0.000395370999909045 0.681939717108357 1 0 2 2 1 0 0 0 0 0 1 0 1 0 1 2 2 2 2 0 1 0 2 1 0 1 1 2 2 0 0 0 2 2 1 0 0 0 0 0 1 0 1 0 1 2 2 2 2 0 1 0 2 1 0 1 1 2 2 0 0
-0.854041657772663 -0.131265846075631 0.0666533741840603 0.578201219624235 -1.02515635379246 -1 0 2 1 1 2 0 1 1 1 1 2 0 0 0 2 2 2 2 0 2 1 2 2 0 1 2 2 1 0 0 0 -2 -1 -1 -2 0 -1 -1 -1 -1 -2 0 0 0 -2 -2 -2 -2 0 -2 -1 -2 -2 0 -1 -2 -2 -1 0 0
-0.536500533082664 0.743141474558853 0.222642153351476 -1.27406660754558 -0.152457090205619 1 0 2 1 0 2 0 0 1 2 1 2 1 0 0 1 2 1 2 0 1 1 2 2 0 2 2 2 1 1 2 0 2 1 0 2 0 0 1 2 1 2 1 0 0 1 2 1 2 0 1 1 2 2 0 2 2 2 1 1 2
0.805709007928753 0.863595957696466 0.226499115618251 0.236145555618751 -1.17262052552994 -1 1 2 0 0 2 0 0 1 1 0 0 0 0 1 1 2 2 2 1 2 0 2 1 0 1 1 2 1 0 0 -1 -2 0 0 -2 0 0 -1 -1 0 0 0 0 -1 -1 -2 -2 -2 -1 -2 0 -2 -1 0 -1 -1 -2 -1 0 0
-1.57283694858678 -1.44048262065141 0.544189980701074 -0.502151379884885 -0.804611625563516 1 0 2 1 1 1 0 1 1 2 2 1 0 1 2 1 0 1 2 0 0 1 2 2 2 2 1 1 0 0 0 0 2 1 1 1 0 1 1 2 2 1 0 1 2 1 0 1 2 0 0 1 2 2 2 2 1 1 0 0 0
-0.998719570091093 1.99503155438847 0.186174736281024 -1.35016244724573 -1.56510196312698 -1 0 2 0 0 0 0 0 1 1 0 0 0 0 2 2 2 2 2 0 2 1 2 2 1 2 1 2 1 0 0 0 -2 0 0 0 0 0 -1 -1 0 0 0 0 -2 -2 -2 -2 -2 0 -2 -1 -2 -2 -1 -2 -1 -2 -1 0 0
-0.0538624449492349 -0.672536892982638 -0.466188832874995 -1.2001059585024 1.91473777233657 1 0 2 1 1 1 0 0 2 2 1 1 1 0 0 0 0 1 1 0 2 1 1 1 0 1 1 2 1 1 0 0 2 1 1 1 0 0 2 2 1 1 1 0 0 0 0 1 1 0 2 1 1 1 0 1 1 2 1 1 0
0.597142809352253 -0.0671314308752725 1.43975680581854 -0.810233724012884 -0.162020176909773 -1 0 2 2 1 0 0 1 0 1 1 0 1 0 2 2 2 2 2 0 0 0 2 2 2 2 2 2 2 0 1 0 -2 -2 -1 0 0 -1 0 -1 -1 0 -1 0 -2 -2 -2 -2 -2 0 0 0 -2 -2 -2 -2 -2 -2 -2 0 -1
-0.770387400327569 -0.0221142684606596 0.0309915508558288 0.140475927310677 0.302393680191772 -1 0 2 1 0 0 0 1 2 2 0 1 0 0 1 2 2 1 2 0 1 1 1 2 0 1 2 2 1 2 2 0 -2 -1 0 0 0 -1 -2 -2 0 -1 0 0 -1 -2 -2 -1 -2 0 -1 -1 -1 -2 0 -1 -2 -2 -1 -2 -2
-1.12090510360599 0.723352618073129 -0.854279503447961 0.681813716869847 0.612202656736286 -1 0 2 0 1 2 0 0 1 2 0 0 1 1 2 1 1 1 2 0 1 0 2 2 0 0 0 2 2 2 1 0 -2 0 -1 -2 0 0 -1 -2 0 0 -1 -1 -2 -1 -1 -1 -2 0 -1 0 -2 -2 0 0 0 -2 -2 -2 -1
1.74473723995146 0.581684495019039 0.570129491695438 -0.428485204918616 1.15958043513509 -1 0 2 1 1 1 0 0 0 0 1 0 0 0 2 2 2 2 2 0 0 0 2 2 1 2 1 2 1 0 1 0 -2 -1 -1 -1 0 0 0 0 -1 0 0 0 -2 -2 -2 -2 -2 0 0 0 -2 -2 -1 -2 -1 -2 -1 0 -1
0.179289959750243 -1.49088412260235 -0.00570190692578207 -0.148338965500283 0.0243619455129752 -1 1 2 0 0 2 1 2 2 2 1 1 1 0 1 2 2 2 2 0 0 0 2 2 2 2 2 2 1 0 1 -1 -2 0 0 -2 -1 -2 -2 -2 -1 -1 -1 0 -1 -2 -2 -2 -2 0 0 0 -2 -2 -2 -2 -2 -2 -1 0 -1
-0.736613307198638 0.821711061614605 0.293207446115658 1.7448350221777 -0.196122772308095 1 0 2 0 0 1 0 0 2 1 0 0 0 0 2 2 2 2 2 0 1 0 1 1 0 1 0 2 2 1 0 0 2 0 0 1 0 0 2 1 0 0 0 0 2 2 2 2 2 0 1 0 1 1 0 1 0 2 2 1 0
0.844121509518074 -1.31312612807854 0.0846108140985306 -0.75768797617333 0.792819901324391 1 0 2 1 1 1 0 1 2 2 2 0 1 1 2 2 2 2 2 1 2 2 2 1 1 1 2 2 0 0 1 0 2 1 1 1 0 1 2 2 2 0 1 1 2 2 2 2 2 1 2 2 2 1 1 1 2 2 0 0 1
-0.0808089060881669 -0.423742243607489 -0.730149489419185 -0.422446687205699 0.815298618620262 1 0 2 0 1 2 0 1 2 2 2 1 0 1 1 1 2 1 2 0 1 0 2 2 1 1 1 2 2 0 2 0 2 0 1 2 0 1 2 2 2 1 0 1 1 1 2 1 2 0 1 0 2 2 1 1 1 2 2 0 2
-1.45451927027853 0.665864195182862 -0.381291719934851 -1.23583444121894 -0.283931341988428 -1 0 2 0 1 1 0 0 1 1 1 1 1 1 1 2 2 1 2 0 1 0 2 2 1 1 1 1 1 0 1 0 -2 0 -1 -1 0 0 -1 -1 -1 -1 -1 -1 -1 -2 -2 -1 -2 0 -1 0 -2 -2 -1 -1 -1 -1 -1 0 -1
-1.08134081015729 0.961698818422553 -0.102053285372523 -0.737998891114245 -0.102141400472574 1 0 2 0 0 1 0 0 2 2 0 0 1 1 1 1 1 2 2 0 1 1 2 2 1 2 1 2 1 0 1 0 2 0 0 1 0 0 2 2 0 0 1 1 1 1 1 2 2 0 1 1 2 2 1 2 1 2 1 0 1
1.17837417363656 1.17849477946091 0.441333124827756 -1.07557963725266 -0.192743324332929 1 0 2 1 0 1 0 0 0 1 2 0 1 2 0 0 2 2 2 1 1 0 2 2 0 1 1 2 0 0 0 0 2 1 0 1 0 0 0 1 2 0 1 2 0 0 2 2 2 1 1 0 2 2 0 1 1 2 0 0 0
1.3106706674953 -0.140099122061969 0.0600062260716445 0.0527248319179097 0.792227059105808 -1 0 2 0 0 1 0 0 0 1 1 0 1 1 1 1 2 2 2 0 0 0 2 2 2 1 2 2 1 1 1 0 -2 0 0 -1 0 0 0 -1 -1 0 -1 -1 -1 -1 -2 -2 -2 0 0 0 -2 -2 -2 -1 -2 -2 -1 -1 -1
-0.493764493153287 0.479515222217288 0.496302068606547 -0.747733131197747 -0.312152973314285 -1 0 2 0 0 1 0 2 2 2 0 0 2 0 2 0 0 1 2 0 0 0 1 1 1 1 1 2 2 0 0 0 -2 0 0 -1 0 -2 -2 -2 0 0 -2 0 -2 0 0 -1 -2 0 0 0 -1 -1 -1 -1 -1 -2 -2 0 0
1.08974483151745 0.849292197490388 -0.542918506114756 0.18458586510415 -0.884582768773857 -1 0 2 0 1 1 0 0 1 0 0 0 0 0 0 0 1 2 2 0 1 1 1 1 1 2 1 2 2 0 0 0 -2 0 -1 -1 0 0 -1 0 0 0 0 0 0 0 -1 -2 -2 0 -1 -1 -1 -1 -1 -2 -1 -2 -2 0 0
2.30881061569206 -0.890235635110019 0.432851706110003 -0.162205317333702 0.587795854428009 1 0 2 1 1 2 0 0 1 1 1 1 2 0 2 1 2 2 2 0 0 0 2 2 0 1 2 2 2 0 1 0 2 1 1 2 0 0 1 1 1 1 2 0 2 1 2 2 2 0 0 0 2 2 0 1 2 2 2 0 1
0.123134315496573 -1.15596158620311 1.87427632092722 -1.07243412680937 -0.646991175453541 1 0 2 0 1 1 0 0 1 1 0 0 1 0 2 1 2 2 2 0 0 1 1 1 0 0 0 1 0 2 2 0 2 0 1 1 0 0 1 1 0 0 1 0 2 1 2 2 2 0 0 1 1 1 0 0 0 1 0 2 2
-0.672628026815382 -0.69501579425227 -0.33521322308806 -1.06514091509935 -0.571969536791008 -1 0 2 2 1 1 0 1 2 1 0 1 1 0 2 2 2 2 2 0 2 0 1 1 0 1 2 2 2 0 0 0 -2 -2 -1 -1 0 -1 -2 -1 0 -1 -1 0 -2 -2 -2 -2 -2 0 -2 0 -1 -1 0 -1 -2 -2 -2 0 0
0.336124287346703 1.0541805055929 1.0157838202881 -0.100636282631024 0.323595622613277 1 0 2 0 0 1 0 0 1 1 1 0 1 0 2 2 2 2 2 0 1 0 1 2 1 2 2 2 2 0 1 0 2 0 0 1 0 0 1 1 1 0 1 0 2 2 2 2 2 0 1 0 1 2 1 2 2 2 2 0 1
-0.533012495735285 -1.5557286558437 -1.19201003215696 -0.0307484250491679 0.629299822626067 1 0 2 1 0 1 0 0 2 1 1 1 0 0 0 0 2 2 2 1 1 0 2 2 0 1 2 2 1 1 2 0 2 1 0 1 0 0 2 1 1 1 0 0 0 0 2 2 2 1 1 0 2 2 0 1 2 2 1 1 2
0.946961879053849 -0.186844562893326 -0.900122073550492 -0.507757793125324 0.282884354992388 -1 0 2 1 0 1 0 0 1 1 0 0 0 1 2 1 0 2 2 0 2 1 1 2 1 2 0 2 2 2 2 0 -2 -1 0 -1 0 0 -1 -1 0 0 0 -1 -2 -1 0 -2 -2 0 -2 -1 -1 -2 -1 -2 0 -2 -2 -2 -2
-0.442413510041683 0.359130247078796 -0.751354352912532 0.695122099100347 0.343006559611753 -1 0 2 1 2 1 0 1 1 2 1 0 1 0 1 2 2 2 2 0 1 1 2 2 1 1 0 1 1 0 0 0 -2 -1 -2 -1 0 -1 -1 -2 -1 0 -1 0 -1 -2 -2 -2 -2 0 -1 -1 -2 -2 -1 -1 0 -1 -1 0 0
0.737203225599964 0.0497750142472841 -1.81929158174861 1.7628235900069 1.3134619951611 -1 0 2 0 0 0 0 0 2 2 2 1 1 0 2 2 2 2 2 0 0 0 1 1 1 2 2 2 1 1 1 0 -2 0 0 0 0 0 -2 -2 -2 -1 -1 0 -2 -2 -2 -2 -2 0 0 0 -1 -1 -1 -2 -2 -2 -1 -1 -1
-0.707057064082123 -0.195633510191004 0.2314864008893 0.504706725417269 -1.56838311316734 -1 1 2 2 1 2 0 2 2 1 1 1 2 1 1 1 1 2 2 0 1 0 2 2 1 2 1 1 0 1 0 -1 -2 -2 -1 -2 0 -2 -2 -1 -1 -1 -2 -1 -1 -1 -1 -2 -2 0 -1 0 -2 -2 -1 -2 -1 -1 0 -1 0
2.17075956495278 -1.05031578650931 0.32570350944383 -0.110283818221326 -0.594086875631559 -1 0 2 1 0 2 0 1 1 1 2 1 1 1 0 0 1 2 2 0 0 0 2 2 1 2 0 1 1 2 2 0 -2 -1 0 -2 0 -1 -1 -1 -2 -1 -1 -1 0 0 -1 -2 -2 0 0 0 -2 -2 -1 -2 0 -1 -1 -2 -2
-0.381242425704595 -0.091448910765255 -0.727212721404053 -1.48468886627055 0.137180429425951 1 0 2 0 1 2 0 0 0 1 1 1 1 1 0 1 1 2 2 1 0 0 2 1 1 2 0 2 1 0 1 0 2 0 1 2 0 0 0 1 1 1 1 1 0 1 1 2 2 1 0 0 2 1 1 2 0 2 1 0 1
-1.76977434991207 -2.4402280111016 -0.930118380395087 0.444387491164783 -0.606182454924666 1 0 2 1 0 1 0 0 0 0 0 0 1 0 1 1 1 1 2 1 1 0 2 1 1 1 0 1 1 1 1 0 2 1 0 1 0 0 0 0 0 0 1 0 1 1 1 1 2 1 1 0 2 1 1 1 0 1 1 1 1
0.798190070259466 0.440702806921709 0.198536319783892 -0.828837572723298 0.976523429994392 1 0 2 1 1 1 0 1 2 2 1 0 1 0 1 1 2 1 2 0 0 0 2 2 0 0 2 2 0 1 2 0 2 1 1 1 0 1 2 2 1 0 1 0 1 1 2 1 2 0 0 0 2 2 0 0 2 2 0 1 2
-1.53977979804274 0.554313851348411 -0.130600046430687 0.306323167151834 -0.39498130205478 1 1 2 1 2 1 0 1 2 2 1 2 0 0 1 1 2 2 2 0 1 1 1 2 1 1 2 2 2 1 2 1 2 1 2 1 0 1 2 2 1 2 0 0 1 1 2 2 2 0 1 1 1 2 1 1 2 2 2 1 2
-0.553992452317202 -2.22968326693104 0.0610968301969551 -1.07626888726524 -0.792353999982751 -1 0 2 0 1 1 0 0 1 1 1 0 0 1 2 2 2 2 2 0 1 1 2 1 0 2 2 2 0 1 1 0 -2 0 -1 -1 0 0 -1 -1 -1 0 0 -1 -2 -2 -2 -2 -2 0 -1 -1 -2 -1 0 -2 -2 -2 0 -1 -1
0.155029248380252 -0.360344479757194 1.2243955749255 0.645372041714496 1.18415802846387 -1 0 2 1 1 1 0 1 1 2 1 0 1 0 0 1 2 2 2 0 1 1 2 2 0 2 0 2 1 0 1 0 -2 -1 -1 -1 0 -1 -1 -2 -1 0 -1 0 0 -1 -2 -2 -2 0 -1 -1 -2 -2 0 -2 0 -2 -1 0 -1
-1.85711162318218 -0.302546142560236 1.2511937834579 0.139341816608371 0.288644878797639 -1 0 2 1 1 2 0 1 2 1 1 1 2 2 0 1 2 2 2 0 1 0 2 2 0 0 1 2 2 2 1 0 -2 -1 -1 -2 0 -1 -2 -1 -1 -1 -2 -2 0 -1 -2 -2 -2 0 -1 0 -2 -2 0 0 -1 -2 -2 -2 -1
-0.869380508738985 -1.76034721170487 1.30755294461538 -0.0949601455984821 0.469516336347193 -1 0 2 0 0 0 0 0 1 1 1 1 0 0 1 1 2 2 2 0 1 1 2 1 0 0 1 1 0 1 1 0 -2 0 0 0 0 0 -1 -1 -1 -1 0 0 -1 -1 -2 -2 -2 0 -1 -1 -2 -1 0 0 -1 -1 0 -1 -1
-0.0415075210854511 -0.0179044960941627 0.841731896845731 -0.438274183102996 2.80169721560011 -1 0 2 0 0 2 0 0 0 1 1 1 0 0 1 1 2 2 2 0 1 0 2 2 0 1 2 2 1 0 0 0 -2 0 0 -2 0 0 0 -1 -1 -1 0 0 -1 -1 -2 -2 -2 0 -1 0 -2 -2 0 -1 -2 -2 -1 0 0
2.78858260465572 0.147608407767708 1.06895794959907 -0.817242412440071 0.557873724803314 -1 0 2 0 1 2 0 1 2 1 1 0 0 0 2 2 2 2 2 0 2 1 2 2 1 2 1 2 2 1 1 0 -2 0 -1 -2 0 -1 -2 -1 -1 0 0 0 -2 -2 -2 -2 -2 0 -2 -1 -2 -2 -1 -2 -1 -2 -2 -1 -1
0.0537522551078389 0.160470456421089 0.88092474600849 0.610760439432771 0.828274532178944 1 0 2 2 2 2 2 2 2 2 1 0 0 1 1 1 1 2 2 0 0 0 2 2 1 2 2 2 2 2 1 0 2 2 2 2 2 2 2 2 1 0 0 1 1 1 1 2 2 0 0 0 2 2 1 2 2 2 2 2 1
-2.51788615770375 0.146700927511434 -0.136275193177834 2.77551338802305 0.0111104005586008 -1 0 2 1 1 2 0 1 2 2 1 0 1 1 2 2 1 2 2 1 0 0 2 2 1 2 2 2 1 1 2 0 -2 -1 -1 -2 0 -1 -2 -2 -1 0 -1 -1 -2 -2 -1 -2 -2 -1 0 0 -2 -2 -1 -2 -2 -2 -1 -1 -2
0.513869385184427 -1.47789643232924 0.639749844292868 -0.55638062965928 0.282725416092143 -1 0 2 1 1 2 1 0 1 2 2 1 2 0 2 1 1 2 2 2 1 1 1 1 0 2 2 2 1 0 1 0 -2 -1 -1 -2 -1 0 -1 -2 -2 -1 -2 0 -2 -1 -1 -2 -2 -2 -1 -1 -1 -1 0 -2 -2 -2 -1 0 -1
1.39963929674224 -1.24185791455421 -0.89456187261184 1.81012334705234 1.58494581776513 -1 0 2 1 1 1 0 1 2 2 0 0 0 0 2 1 2 2 2 0 0 0 2 2 1 0 1 2 1 1 2 0 -2 -1 -1 -1 0 -1 -2 -2 0 0 0 0 -2 -1 -2 -2 -2 0 0 0 -2 -2 -1 0 -1 -2 -1 -1 -2
-0.991623314725899 -1.13420974046768 1.98658539063558 -0.289084837493032 -0.541824665343783 -1 0 2 0 1 1 0 0 1 2 1 1 0 0 1 1 1 1 2 0 0 0 2 2 1 1 1 2 1 0 1 0 -2 0 -1 -1 0 0 -1 -2 -1 -1 0 0 -1 -1 -1 -1 -2 0 0 0 -2 -2 -1 -1 -1 -2 -1 0 -1
-0.601014186329129 1.14232301691284 1.10536091565482 1.25241673837347 0.0105117024896018 -1 0 2 1 1 1 0 0 1 1 2 1 2 1 2 1 1 1 2 1 1 0 1 2 0 1 1 2 2 0 1 0 -2 -1 -1 -1 0 0 -1 -1 -2 -1 -2 -1 -2 -1 -1 -1 -2 -1 -1 0 -1 -2 0 -1 -1 -2 -2 0 -1
-1.48301010246731 -1.84315453112642 0.566186364994641 1.15892274191694 0.548131127189346 -1 0 2 0 1 1 0 1 1 1 1 0 0 0 1 2 2 2 2 0 0 0 1 2 1 1 1 2 2 0 2 0 -2 0 -1 -1 0 -1 -1 -1 -1 0 0 0 -1 -2 -2 -2 -2 0 0 0 -1 -2 -1 -1 -1 -2 -2 0 -2
1.92523295480303 -1.23243586014948 -1.34996346403259 -0.507375984876305 -0.462474937762379 1 0 2 2 1 1 0 1 1 0 2 1 1 1 1 0 1 2 2 0 2 2 1 2 1 1 0 0 0 0 1 0 2 2 1 1 0 1 1 0 2 1 1 1 1 0 1 2 2 0 2 2 1 2 1 1 0 0 0 0 1
-0.270352475258446 0.223992310547882 0.893600822725271 -0.886488120069475 1.03378590285007 -1 0 2 0 1 1 0 0 0 1 0 0 0 1 1 2 1 2 2 0 1 0 2 2 1 2 1 2 0 0 0 0 -2 0 -1 -1 0 0 0 -1 0 0 0 -1 -1 -2 -1 -2 -2 0 -1 0 -2 -2 -1 -2 -1 -2 0 0 0
0.286988157440168 -1.64114933500796 1.22690712566692 -0.533517039459406 -0.242781536344997 1 0 2 0 0 1 0 0 1 1 1 1 1 1 1 1 1 2 2 0 1 1 1 2 1 2 2 1 0 0 0 0 2 0 0 1 0 0 1 1 1 1 1 1 1 1 1 2 2 0 1 1 1 2 1 2 2 1 0 0 0
1.00933757225317 0.136308585724825 0.350387170501204 -0.499414061665415 0.50660140256473 -1 0 2 0 0 2 1 1 1 1 1 0 0 0 2 1 2 2 2 0 1 1 2 2 0 1 2 2 2 0 2 0 -2 0 0 -2 -1 -1 -1 -1 -1 0 0 0 -2 -1 -2 -2 -2 0 -1 -1 -2 -2 0 -1 -2 -2 -2 0 -2
1.43408217443175 0.62400634190844 0.499530798294475 1.75056165367749 0.468918392449642 1 0 2 1 2 1 0 1 1 1 1 0 0 0 2 2 2 2 2 1 1 2 2 2 1 2 1 2 1 1 1 0 2 1 2 1 0 1 1 1 1 0 0 0 2 2 2 2 2 1 1 2 2 2 1 2 1 2 1 1 1
0.524900421793854 0.115924824391215 -0.183469974073827 1.21683261847708 0.432069275274922 -1 0 2 1 1 2 0 2 1 0 1 0 1 1 1 2 2 2 2 0 0 1 2 2 0 1 1 2 2 0 1 0 -2 -1 -1 -2 0 -2 -1 0 -1 0 -1 -1 -1 -2 -2 -2 -2 0 0 -1 -2 -2 0 -1 -1 -2 -2 0 -1
-1.45371177184971 -0.125868239495429 0.223568500650119 -0.581313044934868 1.70181271192705 1 0 2 1 0 0 0 2 2 2 0 1 0 1 2 2 2 2 2 0 1 2 2 1 0 1 2 1 1 0 0 0 2 1 0 0 0 2 2 2 0 1 0 1 2 2 2 2 2 0 1 2 2 1 0 1 2 1 1 0 0
-0.665064145864559 -0.0777311785052716 -0.749568847399431 -0.896085913563045 -0.629679031626867 1 1 2 0 0 1 0 0 1 0 0 0 0 1 1 0 1 1 2 0 0 0 2 2 0 1 1 2 1 0 0 1 2 0 0 1 0 0 1 0 0 0 0 1 1 0 1 1 2 0 0 0 2 2 0 1 1 2 1 0 0
1.24831577660711 0.228673015893481 0.71904049359341 -0.454534589674462 0.0752370566242174 1 0 2 1 0 1 0 0 1 0 1 0 2 1 1 2 1 1 2 0 0 0 2 1 1 1 0 2 1 1 1 0 2 1 0 1 0 0 1 0 1 0 2 1 1 2 1 1 2 0 0 0 2 1 1 1 0 2 1 1 1
0.570402019202407 0.869464839959584 0.509602496075833 -1.01823776992286 -0.556082948112735 1 1 2 2 1 2 0 1 2 2 1 1 0 1 2 2 2 1 2 0 0 1 2 1 1 0 0 1 2 0 0 1 2 2 1 2 0 1 2 2 1 1 0 1 2 2 2 1 2 0 0 1 2 1 1 0 0 1 2 0 0
