0.0467550777966689 0.84107502952136 -0.211993094793493 0.564958251036845 0.190859914833073 1 2 2 1 1 1 1 1 1 1 0 1 2 1 0 0 1 0 0 0 0 1 0 0 2 2 1 2 1 2 2 2 2 1 1 1 1 1 1 1 0 1 2 1 0 0 1 0 0 0 0 1 0 0 2 2 1 2 1 2 2
-0.561266193901606 -1.66264269919752 0.321780372998386 -2.73442548580371 0.404218052481651 -1 1 1 0 0 2 0 2 1 2 0 2 2 0 0 1 2 1 0 2 0 2 1 1 0 1 1 2 2 2 1 -1 -1 0 0 -2 0 -2 -1 -2 0 -2 -2 0 0 -1 -2 -1 0 -2 0 -2 -1 -1 0 -1 -1 -2 -2 -2 -1
-0.12306872822583 0.358136910475298 -0.856519698456402 1.3606091527784 -0.29602458986336 1 0 2 1 1 2 1 0 1 2 0 0 1 0 1 1 0 0 1 1 0 1 1 1 2 2 2 2 0 2 1 0 2 1 1 2 1 0 1 2 0 0 1 0 1 1 0 0 1 1 0 1 1 1 2 2 2 2 0 2 1
0.291476947291179 0.100775149847873 -0.608941532502724 -1.17160816742707 -3.27214304633346 -1 1 2 0 0 1 0 1 1 2 0 2 2 1 1 0 1 1 0 1 0 1 1 2 0 2 2 2 2 2 2 -1 -2 0 0 -1 0 -1 -1 -2 0 -2 -2 -1 -1 0 -1 -1 0 -1 0 -1 -1 -2 0 -2 -2 -2 -2 -2 -2
0.822712167741157 -1.67852000259268 -1.86109535829073 -2.17986163986059 0.260536370669492 -1 2 2 1 0 0 0 1 1 2 0 1 0 1 1 1 2 0 0 0 0 0 1 0 1 0 1 1 1 2 2 -2 -2 -1 0 0 0 -1 -1 -2 0 -1 0 -1 -1 -1 -2 0 0 0 0 0 -1 0 -1 0 -1 -1 -1 -2 -2
-0.0508904890679164 -1.00876535926461 -0.826246298311394 0.381564646925626 0.333089014817775 -1 0 1 0 0 1 0 2 2 2 0 2 2 0 0 0 0 1 2 2 0 1 0 1 0 2 2 2 1 2 1 0 -1 0 0 -1 0 -2 -2 -2 0 -2 -2 0 0 0 0 -1 -2 -2 0 -1 0 -1 0 -2 -2 -2 -1 -2 -1
-1.49515367886631 -0.301620762456845 1.16759028753835 0.218776025817115 0.295025171666835 -1 1 1 0 0 1 1 1 2 2 2 2 2 0 1 1 1 1 2 0 0 1 0 0 1 2 1 2 1 2 1 -1 -1 0 0 -1 -1 -1 -2 -2 -2 -2 -2 0 -1 -1 -1 -1 -2 0 0 -1 0 0 -1 -2 -1 -2 -1 -2 -1
-0.172101189293966 -0.400221009003965 0.650643983649708 -0.400986114634494 -0.658753494628642 -1 1 2 0 1 1 1 2 2 2 2 2 2 2 1 1 2 1 1 1 0 2 1 2 2 2 1 2 1 2 2 -1 -2 0 -1 -1 -1 -2 -2 -2 -2 -2 -2 -2 -1 -1 -2 -1 -1 -1 0 -2 -1 -2 -2 -2 -1 -2 -1 -2 -2
-0.142967536566873 -1.74025098750043 0.72254272966637 -0.154944271213778 -0.79540571147951 1 2 2 0 0 1 2 1 1 1 0 2 2 0 1 0 1 1 1 2 0 2 0 0 0 2 2 2 2 2 2 2 2 0 0 1 2 1 1 1 0 2 2 0 1 0 1 1 1 2 0 2 0 0 0 2 2 2 2 2 2
1.33978997398614 0.845319132373686 1.6171112473256 -0.725749962676267 0.926359433183801 -1 1 2 0 0 1 0 1 1 1 0 1 1 1 0 0 1 1 1 2 1 2 1 0 0 1 1 2 1 2 2 -1 -2 0 0 -1 0 -1 -1 -1 0 -1 -1 -1 0 0 -1 -1 -1 -2 -1 -2 -1 0 0 -1 -1 -2 -1 -2 -2
0.470713334503345 0.397556902058587 -0.476841488858064 0.683877002704074 0.934742796270005 -1 1 1 0 0 1 0 1 1 2 0 0 1 0 1 0 1 0 0 0 0 1 1 1 0 2 2 2 2 2 1 -1 -1 0 0 -1 0 -1 -1 -2 0 0 -1 0 -1 0 -1 0 0 0 0 -1 -1 -1 0 -2 -2 -2 -2 -2 -1
1.28985111217022 0.235263715594246 1.0728605932488 -0.279845859852353 -0.0705442946731704 1 1 1 0 0 0 0 1 1 2 1 2 2 0 1 1 1 2 1 0 0 0 0 0 1 2 2 2 1 1 1 1 1 0 0 0 0 1 1 2 1 2 2 0 1 1 1 2 1 0 0 0 0 0 1 2 2 2 1 1 1
2.4243944997436 0.533457650287582 1.59225611070996 -0.32643816397376 -0.0538663084383667 -1 0 1 0 0 0 0 1 1 2 2 2 1 0 1 0 1 0 2 2 0 2 0 0 0 1 2 2 2 2 2 0 -1 0 0 0 0 -1 -1 -2 -2 -2 -1 0 -1 0 -1 0 -2 -2 0 -2 0 0 0 -1 -2 -2 -2 -2 -2
0.281595067620987 -0.0982680384154264 -0.959752554176527 -1.76217713065119 1.1836473791369 -1 2 2 0 1 1 1 1 1 2 1 1 1 0 0 0 1 2 2 2 0 1 1 1 1 2 1 2 2 2 2 -2 -2 0 -1 -1 -1 -1 -1 -2 -1 -1 -1 0 0 0 -1 -2 -2 -2 0 -1 -1 -1 -1 -2 -1 -2 -2 -2 -2
0.788429745334144 -0.774824492786591 -0.301189528343747 -1.46515341045073 1.13239440906548 -1 1 2 0 1 0 0 1 2 2 0 1 1 1 0 0 1 0 2 2 0 0 1 1 0 1 2 2 1 2 2 -1 -2 0 -1 0 0 -1 -2 -2 0 -1 -1 -1 0 0 -1 0 -2 -2 0 0 -1 -1 0 -1 -2 -2 -1 -2 -2
-0.0396043225388861 0.310934089774683 -0.368194711903248 -0.118492721932929 1.01417840197573 1 1 1 0 0 0 0 0 0 2 0 2 2 1 0 0 0 0 1 1 0 2 1 1 0 1 2 2 1 1 1 1 1 0 0 0 0 0 0 2 0 2 2 1 0 0 0 0 1 1 0 2 1 1 0 1 2 2 1 1 1
-0.352436723272044 0.198776645642195 1.10380859324938 0.824442361997647 0.371943954471196 -1 0 1 0 0 0 0 2 2 2 0 0 1 0 0 0 2 0 1 1 0 2 1 0 1 1 1 2 2 2 1 0 -1 0 0 0 0 -2 -2 -2 0 0 -1 0 0 0 -2 0 -1 -1 0 -2 -1 0 -1 -1 -1 -2 -2 -2 -1
-0.389304151877687 -1.42298649904696 0.841261817578634 0.422838099489752 0.116936968088302 1 0 1 0 0 0 0 2 2 2 1 2 2 0 1 0 0 0 1 2 0 1 1 0 0 0 0 1 0 2 2 0 1 0 0 0 0 2 2 2 1 2 2 0 1 0 0 0 1 2 0 1 1 0 0 0 0 1 0 2 2
-0.665829699520952 0.624198058762659 -1.4744222013504 0.0534457762321565 -1.63264433096878 1 0 2 0 0 0 0 2 2 2 2 2 2 2 0 0 0 0 1 1 0 1 0 0 0 1 2 2 1 2 2 0 2 0 0 0 0 2 2 2 2 2 2 2 0 0 0 0 1 1 0 1 0 0 0 1 2 2 1 2 2
0.414243715771016 -0.356876154932942 2.07254499965663 0.0941519388635766 -0.564723839128379 1 0 2 0 0 0 0 2 2 2 2 2 2 0 1 0 1 0 1 0 0 0 0 0 1 1 2 2 2 2 2 0 2 0 0 0 0 2 2 2 2 2 2 0 1 0 1 0 1 0 0 0 0 0 1 1 2 2 2 2 2
1.37370490640844 1.71243975564376 -1.40923680494818 0.208461034113814 -0.352692272580228 -1 0 2 0 0 1 0 0 1 2 0 1 2 1 1 0 1 1 1 1 0 0 0 0 2 2 1 2 0 2 2 0 -2 0 0 -1 0 0 -1 -2 0 -1 -2 -1 -1 0 -1 -1 -1 -1 0 0 0 0 -2 -2 -1 -2 0 -2 -2
0.402761026138771 -1.06845735362305 0.725605765486817 -1.26470472035099 0.2061811204585 -1 0 2 0 0 1 0 1 1 2 1 2 1 0 1 0 0 1 2 2 1 2 1 2 0 0 1 2 1 2 2 0 -2 0 0 -1 0 -1 -1 -2 -1 -2 -1 0 -1 0 0 -1 -2 -2 -1 -2 -1 -2 0 0 -1 -2 -1 -2 -2
-1.50554365370629 0.453867472530353 2.21194940145659 -2.81610647295357 0.56519363608275 1 0 2 0 0 1 0 1 0 1 0 2 2 1 2 0 1 0 1 0 0 1 1 1 1 1 1 2 1 2 2 0 2 0 0 1 0 1 0 1 0 2 2 1 2 0 1 0 1 0 0 1 1 1 1 1 1 2 1 2 2
0.503790080114838 1.17163787993771 -0.101189649867605 -0.225963518268202 1.03511000996367 1 0 0 0 0 1 0 1 0 2 0 2 2 1 0 0 1 0 1 1 0 2 1 1 1 2 2 2 2 2 2 0 0 0 0 1 0 1 0 2 0 2 2 1 0 0 1 0 1 1 0 2 1 1 1 2 2 2 2 2 2
0.904971338415474 0.971086108395878 0.308664632550495 -0.97199550969286 -0.2917895454774 1 1 2 0 0 2 0 1 0 2 1 0 1 1 1 1 0 2 0 0 1 2 1 1 0 1 2 2 1 2 2 1 2 0 0 2 0 1 0 2 1 0 1 1 1 1 0 2 0 0 1 2 1 1 0 1 2 2 1 2 2
0.666012398594843 0.122701810883654 1.33710605077101 0.555205401430953 0.547527501707197 -1 2 2 0 1 2 1 1 1 2 1 2 2 1 0 0 0 0 1 2 0 1 1 0 1 2 2 2 2 2 2 -2 -2 0 -1 -2 -1 -1 -1 -2 -1 -2 -2 -1 0 0 0 0 -1 -2 0 -1 -1 0 -1 -2 -2 -2 -2 -2 -2
0.528565402721697 -2.31430793154724 -0.727279354272618 0.53988220226652 0.92190116938454 -1 1 2 1 0 0 0 0 1 1 0 2 2 1 2 0 1 1 1 1 0 0 0 1 0 1 2 2 2 2 2 -1 -2 -1 0 0 0 0 -1 -1 0 -2 -2 -1 -2 0 -1 -1 -1 -1 0 0 0 -1 0 -1 -2 -2 -2 -2 -2
-0.684427609329 1.43983781632181 -0.21676644753833 -1.12513113607534 -1.26841794297 -1 1 2 0 0 0 0 1 1 2 0 2 1 0 0 0 1 1 1 1 0 2 2 0 0 2 2 2 1 1 2 -1 -2 0 0 0 0 -1 -1 -2 0 -2 -1 0 0 0 -1 -1 -1 -1 0 -2 -2 0 0 -2 -2 -2 -1 -1 -2
1.22980777080148 -1.517922469723 -0.18754094665471 1.91625087076795 -2.27300206000339 -1 1 2 1 1 1 0 1 2 2 1 2 2 1 2 0 1 1 2 1 1 2 1 1 0 2 2 2 1 2 2 -1 -2 -1 -1 -1 0 -1 -2 -2 -1 -2 -2 -1 -2 0 -1 -1 -2 -1 -1 -2 -1 -1 0 -2 -2 -2 -1 -2 -2
0.884551721540877 -1.55557770737329 0.3054350627775 -0.8413415680395 0.263334234025366 1 0 1 0 0 1 0 2 1 2 0 2 2 0 0 1 1 0 2 0 2 2 2 2 0 0 1 2 1 2 2 0 1 0 0 1 0 2 1 2 0 2 2 0 0 1 1 0 2 0 2 2 2 2 0 0 1 2 1 2 2
1.04058856128909 0.411483754830807 -1.33443736941647 0.856413441785004 0.265927777646388 -1 1 2 0 0 1 0 0 0 0 0 1 1 0 0 0 2 1 1 1 1 2 1 0 1 2 2 2 2 2 2 -1 -2 0 0 -1 0 0 0 0 0 -1 -1 0 0 0 -2 -1 -1 -1 -1 -2 -1 0 -1 -2 -2 -2 -2 -2 -2
-0.911645060350052 2.21792161344291 -1.51190649613832 -1.50265117069378 -0.188123404143898 -1 1 2 1 1 1 1 1 0 1 0 2 1 0 0 0 1 1 1 1 0 1 1 2 2 1 1 2 0 1 2 -1 -2 -1 -1 -1 -1 -1 0 -1 0 -2 -1 0 0 0 -1 -1 -1 -1 0 -1 -1 -2 -2 -1 -1 -2 0 -1 -2
-1.26819552001003 1.28826909275767 0.817060754908709 1.3150623179152 -1.35152765784154 -1 1 1 0 0 0 1 1 1 2 0 2 2 1 1 0 1 0 1 0 0 2 1 1 1 1 1 1 1 2 2 -1 -1 0 0 0 -1 -1 -1 -2 0 -2 -2 -1 -1 0 -1 0 -1 0 0 -2 -1 -1 -1 -1 -1 -1 -1 -2 -2
0.594638445769991 1.47857332113098 0.155157765564774 0.756848545391963 0.0572447804015625 -1 2 2 0 1 1 0 2 2 2 0 0 0 0 1 1 2 1 1 1 0 2 2 0 0 2 2 2 1 2 2 -2 -2 0 -1 -1 0 -2 -2 -2 0 0 0 0 -1 -1 -2 -1 -1 -1 0 -2 -2 0 0 -2 -2 -2 -1 -2 -2
-0.184594040831329 -0.0770340046946444 0.522141988044481 -0.475966781067099 0.432616120923895 -1 0 2 0 0 0 1 1 2 2 1 1 2 0 1 2 2 1 2 0 0 2 1 2 0 1 1 2 0 2 2 0 -2 0 0 0 -1 -1 -2 -2 -1 -1 -2 0 -1 -2 -2 -1 -2 0 0 -2 -1 -2 0 -1 -1 -2 0 -2 -2
-0.88566229309769 0.38519343872303 -0.674354496101522 1.65917965412592 0.825809453024572 1 1 2 0 0 0 0 2 1 2 0 0 0 0 1 0 1 0 0 0 0 2 2 2 0 1 2 2 1 2 2 1 2 0 0 0 0 2 1 2 0 0 0 0 1 0 1 0 0 0 0 2 2 2 0 1 2 2 1 2 2
-0.644158714203192 0.197435877619461 -0.0702534206568067 0.207555379537104 -0.612779444967365 -1 1 2 0 0 1 1 2 2 2 1 1 1 1 0 0 1 1 0 1 0 1 0 0 0 2 1 2 1 2 2 -1 -2 0 0 -1 -1 -2 -2 -2 -1 -1 -1 -1 0 0 -1 -1 0 -1 0 -1 0 0 0 -2 -1 -2 -1 -2 -2
1.34454634522293 1.18723794589205 0.0510490229529338 0.745235656050396 0.885614691640927 -1 1 0 0 1 0 0 1 2 2 0 1 1 1 1 1 2 2 2 1 0 1 1 1 2 2 2 2 2 2 2 -1 0 0 -1 0 0 -1 -2 -2 0 -1 -1 -1 -1 -1 -2 -2 -2 -1 0 -1 -1 -1 -2 -2 -2 -2 -2 -2 -2
-0.0501829268229045 0.616153084579277 1.23139204764124 0.487391373630695 -0.444694276734811 1 0 1 0 0 1 1 1 2 2 0 2 2 1 0 0 1 0 2 1 0 1 1 1 0 1 1 2 0 1 1 0 1 0 0 1 1 1 2 2 0 2 2 1 0 0 1 0 2 1 0 1 1 1 0 1 1 2 0 1 1
-1.28643322504849 1.05967686708074 -1.09388307049499 -0.0862241172141784 -0.866514948067833 -1 0 2 0 0 1 0 2 1 1 0 2 2 0 0 0 0 0 1 1 0 0 1 1 1 2 2 2 2 2 2 0 -2 0 0 -1 0 -2 -1 -1 0 -2 -2 0 0 0 0 0 -1 -1 0 0 -1 -1 -1 -2 -2 -2 -2 -2 -2
1.83262030697493 1.08339804588768 0.920874998966405 0.674208109485808 1.43381152549785 -1 0 2 0 0 0 0 1 1 2 1 2 2 0 0 1 0 0 1 1 0 2 1 1 0 2 2 2 1 2 1 0 -2 0 0 0 0 -1 -1 -2 -1 -2 -2 0 0 -1 0 0 -1 -1 0 -2 -1 -1 0 -2 -2 -2 -1 -2 -1
1.03778792486725 1.93850570374208 0.0840823658756109 -0.245355551836623 -0.1964052006316 1 1 2 0 0 1 0 0 0 2 1 2 1 1 0 0 1 1 1 0 2 2 1 0 1 1 1 2 2 2 1 1 2 0 0 1 0 0 0 2 1 2 1 1 0 0 1 1 1 0 2 2 1 0 1 1 1 2 2 2 1
-1.23988388838914 0.938414861384251 1.11495138598177 2.03090302999671 1.17222102939674 -1 2 2 0 1 1 2 2 1 1 1 2 2 1 0 0 0 2 1 1 0 2 0 1 1 2 2 2 1 2 2 -2 -2 0 -1 -1 -2 -2 -1 -1 -1 -2 -2 -1 0 0 0 -2 -1 -1 0 -2 0 -1 -1 -2 -2 -2 -1 -2 -2
1.5360177827148 0.235645116032703 -2.0483718731815 -1.96711994412736 0.531886218963322 -1 1 2 0 0 1 0 1 1 2 0 1 2 1 1 0 0 1 2 2 0 2 2 2 0 1 2 2 1 1 1 -1 -2 0 0 -1 0 -1 -1 -2 0 -1 -2 -1 -1 0 0 -1 -2 -2 0 -2 -2 -2 0 -1 -2 -2 -1 -1 -1
-0.329906291551665 0.705524613728705 -1.29111746527919 0.00766818751650203 -0.662884537515764 1 1 1 0 0 0 1 2 2 2 1 1 1 0 1 0 2 1 2 2 0 2 1 2 1 1 2 2 1 2 2 1 1 0 0 0 1 2 2 2 1 1 1 0 1 0 2 1 2 2 0 2 1 2 1 1 2 2 1 2 2
-1.34940264390131 0.401417513024577 0.415817263442961 -0.58618619341957 0.365136487546384 -1 0 2 0 0 1 0 2 2 2 1 2 2 1 1 0 1 0 0 0 0 2 2 1 0 1 1 2 1 2 2 0 -2 0 0 -1 0 -2 -2 -2 -1 -2 -2 -1 -1 0 -1 0 0 0 0 -2 -2 -1 0 -1 -1 -2 -1 -2 -2
0.484404458567172 2.17760140263082 1.00588259899671 0.158107967070447 1.42504748438387 1 1 2 0 0 0 0 1 1 1 0 2 1 0 0 0 0 1 1 1 0 2 1 1 1 1 1 2 0 2 2 1 2 0 0 0 0 1 1 1 0 2 1 0 0 0 0 1 1 1 0 2 1 1 1 1 1 2 0 2 2
-2.27187963861607 -0.431297659208689 -1.75250760129502 0.540484234918813 -1.56772206485159 1 0 0 0 0 0 0 2 2 2 0 1 1 0 1 0 0 0 1 1 0 2 2 1 1 2 2 2 2 2 1 0 0 0 0 0 0 2 2 2 0 1 1 0 1 0 0 0 1 1 0 2 2 1 1 2 2 2 2 2 1
-0.764146972914473 1.13251048208335 2.51717855274234 0.0804733699783543 -0.379842641996041 -1 0 1 0 0 1 1 2 0 2 0 2 1 0 1 0 0 1 0 2 0 2 2 2 1 1 1 2 2 2 1 0 -1 0 0 -1 -1 -2 0 -2 0 -2 -1 0 -1 0 0 -1 0 -2 0 -2 -2 -2 -1 -1 -1 -2 -2 -2 -1
-0.0803558741884978 -0.0210484090306519 0.974230750735814 -0.949200620588157 -1.78592068072597 1 0 1 0 0 1 0 1 2 2 1 2 2 2 0 0 1 1 1 1 0 2 1 1 1 2 1 2 1 2 2 0 1 0 0 1 0 1 2 2 1 2 2 2 0 0 1 1 1 1 0 2 1 1 1 2 1 2 1 2 2
0.274204629158952 1.69983429402092 -0.324896119325867 -0.359020705694709 -0.0721691043934376 1 1 2 0 0 0 0 1 2 1 0 2 1 0 0 0 1 0 1 1 0 2 1 1 1 0 2 2 2 2 2 1 2 0 0 0 0 1 2 1 0 2 1 0 0 0 1 0 1 1 0 2 1 1 1 0 2 2 2 2 2
1.16494859143941 -0.384443185028312 -0.564426641181436 0.387275660099437 0.637420741175845 -1 0 0 0 1 1 0 0 1 1 1 2 2 1 0 0 0 0 1 1 1 2 1 1 2 2 1 2 1 2 1 0 0 0 -1 -1 0 0 -1 -1 -1 -2 -2 -1 0 0 0 0 -1 -1 -1 -2 -1 -1 -2 -2 -1 -2 -1 -2 -1
0.600958011449748 1.23819552110985 -0.32856961931138 -0.58725540708339 0.81892229444467 1 2 2 0 0 0 0 0 1 2 0 2 2 0 1 0 0 2 1 0 1 2 0 0 2 2 2 2 2 2 1 2 2 0 0 0 0 0 1 2 0 2 2 0 1 0 0 2 1 0 1 2 0 0 2 2 2 2 2 2 1
-0.961203022436074 2.19755160982404 -0.809807760787191 0.109713385382246 -1.44451765543301 1 0 1 0 0 1 0 1 1 2 0 1 1 1 0 0 0 0 2 1 0 1 1 1 0 1 1 2 0 2 2 0 1 0 0 1 0 1 1 2 0 1 1 1 0 0 0 0 2 1 0 1 1 1 0 1 1 2 0 2 2
-0.600991967519077 -0.862110790422552 1.28708512028681 -1.93319684971351 1.91510349862349 1 1 1 0 0 1 0 2 1 1 0 2 1 1 1 1 0 0 2 1 0 1 0 0 1 2 2 2 1 2 2 1 1 0 0 1 0 2 1 1 0 2 1 1 1 1 0 0 2 1 0 1 0 0 1 2 2 2 1 2 2
-0.247329326517164 0.694924289987095 0.104193991888527 -1.26391897435876 -0.369785657860767 1 2 1 0 0 1 0 1 2 2 0 1 1 0 0 1 0 2 1 0 0 1 2 0 2 2 1 2 0 2 2 2 1 0 0 1 0 1 2 2 0 1 1 0 0 1 0 2 1 0 0 1 2 0 2 2 1 2 0 2 2
-0.948896923791195 2.05887360301236 0.178609810051089 1.21061364672711 1.24474569700341 1 1 1 0 1 0 0 1 2 2 1 2 2 2 1 0 1 1 1 1 0 2 2 1 0 1 1 2 1 1 0 1 1 0 1 0 0 1 2 2 1 2 2 2 1 0 1 1 1 1 0 2 2 1 0 1 1 2 1 1 0
0.11024399834428 0.00351404382039825 -0.100326452011725 0.118992810621965 1.35924453654888 1 1 2 0 0 0 0 0 0 1 0 2 1 0 0 0 1 2 2 1 0 1 1 1 1 2 2 2 2 2 2 1 2 0 0 0 0 0 0 1 0 2 1 0 0 0 1 2 2 1 0 1 1 1 1 2 2 2 2 2 2
-1.61169020994406 -0.276464015361581 0.150303265647698 2.0486233829674 0.575203425272291 1 1 1 0 0 0 0 2 1 2 2 2 2 0 2 1 2 2 2 0 0 1 2 1 1 2 1 2 2 2 2 1 1 0 0 0 0 2 1 2 2 2 2 0 2 1 2 2 2 0 0 1 2 1 1 2 1 2 2 2 2
-0.969519446218149 1.5298564903871 1.1025172678256 1.36674328858872 0.281834699507356 1 1 1 0 0 0 0 2 2 2 1 2 2 1 0 0 1 1 2 2 0 2 1 1 1 2 1 2 1 2 2 1 1 0 0 0 0 2 2 2 1 2 2 1 0 0 1 1 2 2 0 2 1 1 1 2 1 2 1 2 2
-0.0112080341918676 -1.38171112803959 -0.362412371838677 -1.70996496225074 -1.79821787178268 1 2 2 0 0 0 0 2 1 2 1 2 2 1 1 0 0 0 0 1 2 2 2 1 0 0 0 2 2 2 2 2 2 0 0 0 0 2 1 2 1 2 2 1 1 0 0 0 0 1 2 2 2 1 0 0 0 2 2 2 2
0.384952556461784 0.670842882342233 0.0278547617625379 0.999448453493571 -1.53355714773427 1 1 1 0 2 2 1 1 2 2 0 0 2 1 1 0 0 1 2 1 0 1 0 0 0 1 1 2 1 2 1 1 1 0 2 2 1 1 2 2 0 0 2 1 1 0 0 1 2 1 0 1 0 0 0 1 1 2 1 2 1
0.436230543698027 0.366571155496603 -0.39770151075203 0.0447416484582884 0.999473335079003 -1 1 0 0 0 1 0 1 2 2 0 1 2 1 0 0 0 0 1 1 0 1 0 0 0 1 2 2 0 2 2 -1 0 0 0 -1 0 -1 -2 -2 0 -1 -2 -1 0 0 0 0 -1 -1 0 -1 0 0 0 -1 -2 -2 0 -2 -2
-0.670315278225156 -0.102105318593699 1.52621494026525 -1.18445980581061 0.526127234634972 1 2 2 0 0 1 1 0 0 0 0 1 1 0 1 0 2 0 1 1 0 2 1 1 0 2 2 2 2 2 1 2 2 0 0 1 1 0 0 0 0 1 1 0 1 0 2 0 1 1 0 2 1 1 0 2 2 2 2 2 1
-1.43776497168417 0.604064246633879 -0.469086734458424 -2.0095154836673 2.20914017765372 1 1 2 0 0 1 0 1 2 2 0 1 2 0 1 0 1 1 1 1 0 2 1 1 0 2 2 2 1 2 1 1 2 0 0 1 0 1 2 2 0 1 2 0 1 0 1 1 1 1 0 2 1 1 0 2 2 2 1 2 1
0.0887295626691278 0.356408045844421 0.19607437106355 -0.240689444189937 -1.25369965182905 -1 1 2 0 0 0 1 1 1 1 1 2 1 0 1 0 1 1 2 1 1 2 2 1 1 2 1 2 1 2 2 -1 -2 0 0 0 -1 -1 -1 -1 -1 -2 -1 0 -1 0 -1 -1 -2 -1 -1 -2 -2 -1 -1 -2 -1 -2 -1 -2 -2
-0.826673398371037 0.616736370176689 0.150104432429449 0.0557900583175438 -0.0362235069648174 -1 1 2 0 0 0 0 2 2 2 1 1 1 1 0 0 0 0 0 0 0 1 1 1 1 0 2 2 0 2 2 -1 -2 0 0 0 0 -2 -2 -2 -1 -1 -1 -1 0 0 0 0 0 0 0 -1 -1 -1 -1 0 -2 -2 0 -2 -2
-0.409389152577701 -0.228871986173625 -0.19786205830227 0.65279457006987 -0.00228254854577039 1 2 1 0 0 0 0 0 1 2 1 2 2 1 0 0 1 0 2 2 0 1 1 2 1 2 2 2 2 2 2 2 1 0 0 0 0 0 1 2 1 2 2 1 0 0 1 0 2 2 0 1 1 2 1 2 2 2 2 2 2
0.379985023108123 -1.5322734474014 0.0399125009824535 -0.507583085260459 0.987412495640981 -1 2 2 0 0 0 0 0 1 2 1 2 2 0 0 0 1 1 2 2 0 1 0 0 1 2 2 2 2 2 2 -2 -2 0 0 0 0 0 -1 -2 -1 -2 -2 0 0 0 -1 -1 -2 -2 0 -1 0 0 -1 -2 -2 -2 -2 -2 -2
0.498784026243891 -0.0884426418811353 -0.834366899261654 0.155320694993896 0.375502438295656 -1 1 1 0 0 0 0 1 2 2 1 1 1 0 0 0 0 0 2 2 0 0 0 1 1 1 2 2 2 2 2 -1 -1 0 0 0 0 -1 -2 -2 -1 -1 -1 0 0 0 0 0 -2 -2 0 0 0 -1 -1 -1 -2 -2 -2 -2 -2
-0.376171612311683 1.51007003731747 -0.182475380504328 -0.282096918573243 -1.23804443041356 1 1 2 0 1 0 0 0 0 1 0 1 1 0 1 0 0 1 2 1 1 1 2 1 2 2 2 2 1 2 2 1 2 0 1 0 0 0 0 1 0 1 1 0 1 0 0 1 2 1 1 1 2 1 2 2 2 2 1 2 2
-0.0507394728453014 0.384007695482836 -1.00868740748981 -0.468038058004297 -0.116587592960753 1 0 1 0 0 0 0 2 1 2 1 2 2 2 0 0 1 0 2 2 2 2 1 1 0 1 2 2 2 2 2 0 1 0 0 0 0 2 1 2 1 2 2 2 0 0 1 0 2 2 2 2 1 1 0 1 2 2 2 2 2
-0.655820156067944 -0.698885713113424 -0.780134401686293 0.51213602039408 -0.426965952201256 -1 0 1 0 0 0 1 2 2 2 2 2 1 0 0 0 1 1 1 0 0 1 1 1 1 1 1 2 2 2 2 0 -1 0 0 0 -1 -2 -2 -2 -2 -2 -1 0 0 0 -1 -1 -1 0 0 -1 -1 -1 -1 -1 -1 -2 -2 -2 -2
1.35831324306007 -0.431038206253597 -1.78947091989091 -1.88726225596997 -0.429447710569712 1 2 2 0 0 0 1 1 1 2 1 2 1 0 2 0 2 2 2 2 2 2 2 1 0 1 0 2 0 2 2 2 2 0 0 0 1 1 1 2 1 2 1 0 2 0 2 2 2 2 2 2 2 1 0 1 0 2 0 2 2
0.274448852925436 0.791497257883834 -0.292002166821449 2.06751121414816 0.641204150330433 -1 1 2 0 1 2 0 2 2 2 1 2 2 0 1 1 1 0 1 0 1 2 1 0 1 2 1 2 1 2 2 -1 -2 0 -1 -2 0 -2 -2 -2 -1 -2 -2 0 -1 -1 -1 0 -1 0 -1 -2 -1 0 -1 -2 -1 -2 -1 -2 -2
0.595017386773411 1.54003832234141 0.125764348219075 0.920908026874917 0.259560400363464 1 1 2 0 0 1 2 1 1 2 0 2 0 0 0 0 1 1 1 2 1 2 1 0 1 1 1 2 1 2 2 1 2 0 0 1 2 1 1 2 0 2 0 0 0 0 1 1 1 2 1 2 1 0 1 1 1 2 1 2 2
-0.840368820333761 1.91711196084845 0.0877301084288239 -0.436281394994096 0.89968990671408 1 1 2 0 0 1 1 1 2 2 1 2 2 2 1 1 2 2 1 1 0 2 2 0 1 1 1 2 2 2 1 1 2 0 0 1 1 1 2 2 1 2 2 2 1 1 2 2 1 1 0 2 2 0 1 1 1 2 2 2 1
0.525652977961717 -1.73741205774915 -0.907110507642009 0.157672190274453 0.533961030002453 1 1 2 0 0 1 0 0 1 1 0 1 2 0 1 1 1 2 2 2 0 1 1 1 1 1 1 2 2 2 1 1 2 0 0 1 0 0 1 1 0 1 2 0 1 1 1 2 2 2 0 1 1 1 1 1 1 2 2 2 1
0.389901167155411 -0.499108046400629 1.39516427775989 -0.136430166832967 0.525945895437634 -1 1 1 0 0 0 0 2 2 2 1 1 2 0 1 0 2 1 1 0 1 2 1 0 0 0 0 2 0 2 2 -1 -1 0 0 0 0 -2 -2 -2 -1 -1 -2 0 -1 0 -2 -1 -1 0 -1 -2 -1 0 0 0 0 -2 0 -2 -2
2.37099390336028 1.75618017058929 1.48628934249863 -2.27775777154051 -0.391081809981729 1 2 2 0 0 0 0 0 1 2 0 1 2 1 1 1 1 2 2 2 0 1 0 0 1 2 2 2 1 2 2 2 2 0 0 0 0 0 1 2 0 1 2 1 1 1 1 2 2 2 0 1 0 0 1 2 2 2 1 2 2
-0.599793307243515 -1.63875972741729 -0.0927952500693153 1.35157782468166 0.651254451835393 1 1 0 0 0 1 0 2 2 2 2 2 2 1 0 0 0 0 0 0 0 1 0 0 1 2 2 2 2 2 2 1 0 0 0 1 0 2 2 2 2 2 2 1 0 0 0 0 0 0 0 1 0 0 1 2 2 2 2 2 2
-0.988150689660009 0.499471917802922 1.31585278164419 0.0431808778351338 1.00744404588621 1 1 2 0 0 0 0 1 1 2 1 2 2 0 0 1 0 0 2 1 0 2 1 1 2 1 1 2 0 0 1 1 2 0 0 0 0 1 1 2 1 2 2 0 0 1 0 0 2 1 0 2 1 1 2 1 1 2 0 0 1
-0.259258152878651 0.816815359379332 -0.676093576188758 -1.27758875362656 0.890160090076151 1 0 1 0 0 0 0 2 2 2 2 2 2 0 0 0 1 1 1 1 1 2 1 0 0 1 1 1 1 2 1 0 1 0 0 0 0 2 2 2 2 2 2 0 0 0 1 1 1 1 1 2 1 0 0 1 1 1 1 2 1
0.605948798722653 -2.12996568725845 0.50075647191298 -1.16662630793874 1.04889892894114 1 2 2 0 0 0 1 0 0 1 0 2 2 0 0 1 2 2 1 1 1 1 1 1 1 2 2 2 1 2 1 2 2 0 0 0 1 0 0 1 0 2 2 0 0 1 2 2 1 1 1 1 1 1 1 2 2 2 1 2 1
0.23659646558889 -0.560541764705282 -1.53849687617141 -0.872869840236555 0.20839726275889 -1 2 2 0 0 1 1 1 1 2 2 1 1 0 0 0 1 1 2 1 0 1 0 0 0 1 2 2 1 2 2 -2 -2 0 0 -1 -1 -1 -1 -2 -2 -1 -1 0 0 0 -1 -1 -2 -1 0 -1 0 0 0 -1 -2 -2 -1 -2 -2
0.0467574463122299 1.30180208422611 -0.504394521234952 1.67069390326958 -0.582625571945919 1 0 1 0 0 0 0 1 1 2 1 2 2 0 2 0 1 1 2 2 0 2 0 0 1 1 2 2 2 2 0 0 1 0 0 0 0 1 1 2 1 2 2 0 2 0 1 1 2 2 0 2 0 0 1 1 2 2 2 2 0
0.51146233275246 1.08226618352118 0.406526581258438 1.53329203443972 -1.89346659532969 1 0 1 0 0 1 1 0 1 1 0 2 1 1 0 0 0 0 0 0 0 1 0 0 1 2 1 1 1 2 2 0 1 0 0 1 1 0 1 1 0 2 1 1 0 0 0 0 0 0 0 1 0 0 1 2 1 1 1 2 2
-1.40467165513156 -1.36448796730275 -0.0665656558781679 0.411296877836526 0.0775488437987618 -1 0 1 0 0 0 0 2 1 2 1 1 1 0 0 0 0 0 1 0 0 2 1 0 1 2 2 2 2 2 1 0 -1 0 0 0 0 -2 -1 -2 -1 -1 -1 0 0 0 0 0 -1 0 0 -2 -1 0 -1 -2 -2 -2 -2 -2 -1
1.62728992615426 0.645383677106705 -0.752817326120309 -0.538371300408288 -1.1531571383378 -1 0 2 0 0 0 1 1 2 2 0 2 2 0 1 0 1 1 1 1 0 0 1 2 0 0 0 2 0 2 0 0 -2 0 0 0 -1 -1 -2 -2 0 -2 -2 0 -1 0 -1 -1 -1 -1 0 0 -1 -2 0 0 0 -2 0 -2 0
-1.39551161062502 -1.28455630396841 -1.43853218514578 1.95415410638897 -0.328886173553191 -1 1 2 1 0 2 0 2 2 2 1 2 2 1 0 0 0 1 1 2 0 1 1 1 1 1 1 2 0 2 2 -1 -2 -1 0 -2 0 -2 -2 -2 -1 -2 -2 -1 0 0 0 -1 -1 -2 0 -1 -1 -1 -1 -1 -1 -2 0 -2 -2
0.869991009702353 1.95937593367571 0.663376935363324 -0.481103075241414 -0.513808029434289 1 1 1 0 1 1 0 1 2 2 0 1 2 1 0 0 0 0 1 1 0 2 0 1 0 0 0 1 1 2 2 1 1 0 1 1 0 1 2 2 0 1 2 1 0 0 0 0 1 1 0 2 0 1 0 0 0 1 1 2 2
0.433942819730301 0.329607782190386 1.26212309908599 0.0529903894739251 -1.24987262305597 -1 1 2 0 0 0 0 1 2 2 2 2 2 1 0 0 1 1 2 1 0 1 2 1 1 1 1 1 1 2 2 -1 -2 0 0 0 0 -1 -2 -2 -2 -2 -2 -1 0 0 -1 -1 -2 -1 0 -1 -2 -1 -1 -1 -1 -1 -1 -2 -2
0.183222790859233 -0.260518280860048 0.440082854513651 0.703300027677019 1.27300528538686 1 1 1 0 0 0 0 2 1 2 0 1 1 0 1 0 1 1 1 0 0 1 1 0 1 1 2 2 1 2 0 1 1 0 0 0 0 2 1 2 0 1 1 0 1 0 1 1 1 0 0 1 1 0 1 1 2 2 1 2 0
1.21406724162196 -1.65343907718364 1.76515918424621 0.491738566554507 1.23083540068499 -1 1 2 0 1 1 1 1 1 1 0 2 0 0 1 0 0 1 0 0 1 2 1 1 1 1 1 2 1 2 2 -1 -2 0 -1 -1 -1 -1 -1 -1 0 -2 0 0 -1 0 0 -1 0 0 -1 -2 -1 -1 -1 -1 -1 -2 -1 -2 -2
-1.37591147105874 1.9017890699726 -2.16957563033968 1.05164971418585 0.584112182964423 -1 2 2 0 0 1 0 1 1 2 2 2 1 0 1 0 0 0 1 2 1 2 1 2 2 2 2 2 2 2 2 -2 -2 0 0 -1 0 -1 -1 -2 -2 -2 -1 0 -1 0 0 0 -1 -2 -1 -2 -1 -2 -2 -2 -2 -2 -2 -2 -2
-0.532755985546268 0.560266049380603 0.38325264228751 0.436061125889237 -0.728493692246055 1 2 1 0 0 1 1 0 1 1 2 2 2 1 2 0 1 1 1 2 0 2 1 1 0 2 2 2 1 1 1 2 1 0 0 1 1 0 1 1 2 2 2 1 2 0 1 1 1 2 0 2 1 1 0 2 2 2 1 1 1
-0.704254764069064 0.561737954704935 0.845974605384413 -0.969130673215918 1.83056483680232 1 0 1 0 1 0 1 2 2 2 1 2 1 0 1 0 1 1 2 0 1 2 1 0 1 2 2 2 0 2 2 0 1 0 1 0 1 2 2 2 1 2 1 0 1 0 1 1 2 0 1 2 1 0 1 2 2 2 0 2 2
0.792642172980788 1.10067263371804 1.01304511330853 0.559023168390061 -0.596825924680589 1 2 2 0 0 0 0 1 2 2 1 2 1 0 0 0 2 2 1 1 0 1 0 1 1 2 2 2 1 2 2 2 2 0 0 0 0 1 2 2 1 2 1 0 0 0 2 2 1 1 0 1 0 1 1 2 2 2 1 2 2
-1.16963297909568 -0.247806639344514 0.192109583750034 1.66517986758498 -0.54497002348652 -1 0 2 0 0 1 1 2 2 2 0 2 2 1 1 0 2 1 1 0 1 1 2 2 2 2 1 2 1 2 2 0 -2 0 0 -1 -1 -2 -2 -2 0 -2 -2 -1 -1 0 -2 -1 -1 0 -1 -1 -2 -2 -2 -2 -1 -2 -1 -2 -2
-1.39295691948535 0.536135780411991 1.27930740499895 -0.098376820244389 0.200092594651075 1 0 0 0 0 0 0 1 1 1 0 1 1 0 1 0 2 1 1 2 1 2 2 2 0 1 1 2 0 2 1 0 0 0 0 0 0 1 1 1 0 1 1 0 1 0 2 1 1 2 1 2 2 2 0 1 1 2 0 2 1
