-0.694769338838449 1.38130605498257 1.06504036543217 0.92866456768774 -0.00225840853355635 1 1 1 0 1 1 0 2 2 0 1 1 2 2 2 1 0 1 2 1 2 0 0 1 0 1 0 0 2 0 0 1 1 0 1 1 0 2 2 0 1 1 2 2 2 1 0 1 2 1 2 0 0 1 0 1 0 0 2 0 0
-0.980723689805486 -0.840854855359859 -0.122038000916849 1.28623736659182 0.694084211870099 1 2 1 0 0 2 0 1 1 0 1 1 1 0 2 1 0 0 2 1 2 0 0 1 1 1 0 0 1 2 0 2 1 0 0 2 0 1 1 0 1 1 1 0 2 1 0 0 2 1 2 0 0 1 1 1 0 0 1 2 0
0.321292304488558 -0.330295716049049 -0.727657081834241 0.668833037787847 0.44606153811459 1 1 1 1 0 1 1 1 0 0 0 0 2 1 2 0 2 0 2 0 1 0 0 2 2 2 1 1 2 2 2 1 1 1 0 1 1 1 0 0 0 0 2 1 2 0 2 0 2 0 1 0 0 2 2 2 1 1 2 2 2
-0.45162303570466 -1.84023233266528 -1.1450369846022 0.674717533298459 -1.54364553665026 1 2 2 1 1 0 0 2 1 0 1 1 2 0 2 0 0 0 2 1 2 2 0 0 0 1 1 1 1 1 0 2 2 1 1 0 0 2 1 0 1 1 2 0 2 0 0 0 2 1 2 2 0 0 0 1 1 1 1 1 0
-0.842793152615019 -2.20673692464041 -0.30201786318322 1.86958837866452 -0.478318555586925 -1 2 2 1 1 0 1 2 1 0 0 0 2 0 2 1 2 0 1 1 2 0 0 1 0 2 1 0 2 2 0 -2 -2 -1 -1 0 -1 -2 -1 0 0 0 -2 0 -2 -1 -2 0 -1 -1 -2 0 0 -1 0 -2 -1 0 -2 -2 0
-0.587656409013845 0.102500862474043 0.510915458196379 1.48749740329752 -0.496352611644261 1 2 2 0 1 0 0 2 1 0 0 2 2 1 2 0 2 1 2 0 1 0 0 1 0 2 1 0 2 1 0 2 2 0 1 0 0 2 1 0 0 2 2 1 2 0 2 1 2 0 1 0 0 1 0 2 1 0 2 1 0
-0.231373463339717 0.935599050547138 0.644092004393045 0.535179328325789 1.81938245346875 1 0 1 0 0 1 1 2 2 0 0 1 2 1 2 0 1 1 2 2 2 0 0 1 1 1 1 0 2 2 2 0 1 0 0 1 1 2 2 0 0 1 2 1 2 0 1 1 2 2 2 0 0 1 1 1 1 0 2 2 2
0.110502620367952 -0.940871397299946 -0.21287562017648 -1.24260441044342 -0.0932309845257619 1 1 1 1 1 1 0 1 1 0 2 2 2 0 2 2 2 1 2 1 2 0 0 0 0 0 0 0 1 1 0 1 1 1 1 1 0 1 1 0 2 2 2 0 2 2 2 1 2 1 2 0 0 0 0 0 0 0 1 1 0
0.0765881116971458 -0.347807788858663 0.563213308684967 0.133580379716684 -0.337676570765505 1 1 1 1 2 1 1 1 2 0 0 1 2 0 1 1 2 1 2 1 2 0 1 1 1 1 0 0 2 2 1 1 1 1 2 1 1 1 2 0 0 1 2 0 1 1 2 1 2 1 2 0 1 1 1 1 0 0 2 2 1
-0.782247458054792 3.04310592585167 1.68898354045414 0.93099177551165 0.635487399520647 -1 1 1 0 0 1 1 2 2 0 0 1 1 1 1 0 2 0 2 2 1 1 0 2 0 2 1 0 2 1 0 -1 -1 0 0 -1 -1 -2 -2 0 0 -1 -1 -1 -1 0 -2 0 -2 -2 -1 -1 0 -2 0 -2 -1 0 -2 -1 0
-0.837547741274124 -0.164560453630123 -0.46618051671452 0.867253141442487 -0.191898876926703 1 2 2 1 0 1 1 2 2 0 1 2 2 0 2 0 0 0 2 1 1 1 1 1 0 2 1 0 2 2 1 2 2 1 0 1 1 2 2 0 1 2 2 0 2 0 0 0 2 1 1 1 1 1 0 2 1 0 2 2 1
0.560155231557264 -0.0213405823911575 2.04616630470303 1.05523233789815 -0.383944157111181 -1 0 1 1 1 0 0 1 1 0 1 1 2 0 1 1 1 0 2 1 1 0 0 1 0 1 1 0 2 2 1 0 -1 -1 -1 0 0 -1 -1 0 -1 -1 -2 0 -1 -1 -1 0 -2 -1 -1 0 0 -1 0 -1 -1 0 -2 -2 -1
-1.7238633385258 -0.298235304768367 -0.489306435185679 -0.836113091708841 -0.0664421572756903 1 2 2 1 1 2 1 2 1 0 1 1 2 0 2 0 1 0 2 1 2 1 0 1 1 2 0 0 0 1 0 2 2 1 1 2 1 2 1 0 1 1 2 0 2 0 1 0 2 1 2 1 0 1 1 2 0 0 0 1 0
0.483303477513105 0.237812275852129 -0.801342690589655 -0.541752484094612 0.326987963870337 -1 1 2 2 1 1 2 2 2 0 0 0 1 0 2 1 1 0 2 1 2 0 1 1 0 2 0 1 2 2 0 -1 -2 -2 -1 -1 -2 -2 -2 0 0 0 -1 0 -2 -1 -1 0 -2 -1 -2 0 -1 -1 0 -2 0 -1 -2 -2 0
-0.981578483597657 0.791816634311107 1.36808907123852 -0.201376052311283 -0.294120799414089 -1 1 1 0 0 1 1 2 1 0 0 0 1 0 2 1 1 0 2 0 2 1 1 0 1 2 0 0 2 2 1 -1 -1 0 0 -1 -1 -2 -1 0 0 0 -1 0 -2 -1 -1 0 -2 0 -2 -1 -1 0 -1 -2 0 0 -2 -2 -1
0.536822683566494 -0.280956712060266 0.37747665155141 0.0115353980733381 0.977921332946224 1 2 1 0 1 1 1 2 2 0 1 2 2 0 2 0 2 0 2 0 1 0 0 1 0 1 0 1 2 2 0 2 1 0 1 1 1 2 2 0 1 2 2 0 2 0 2 0 2 0 1 0 0 1 0 1 0 1 2 2 0
-0.281991138701118 0.0441008216699626 -0.131984587148642 0.0367243055987265 0.652072391397137 -1 1 1 0 1 1 1 2 2 0 1 2 2 1 2 1 0 0 1 0 1 0 0 2 0 1 0 1 2 2 2 -1 -1 0 -1 -1 -1 -2 -2 0 -1 -2 -2 -1 -2 -1 0 0 -1 0 -1 0 0 -2 0 -1 0 -1 -2 -2 -2
-0.753101024425409 2.28673893606088 0.552887997315434 1.43780610442237 -0.491009062770783 1 2 2 0 1 1 2 2 2 0 2 2 2 2 2 1 1 0 2 0 2 0 0 2 2 2 2 1 2 2 0 2 2 0 1 1 2 2 2 0 2 2 2 2 2 1 1 0 2 0 2 0 0 2 2 2 2 1 2 2 0
2.1391013680746 0.776423706641538 2.23542463147538 -1.14099187285961 -0.939149321555835 1 2 1 0 1 2 0 1 0 0 0 1 2 0 2 0 1 0 2 2 2 0 0 2 1 2 1 1 2 2 1 2 1 0 1 2 0 1 0 0 0 1 2 0 2 0 1 0 2 2 2 0 0 2 1 2 1 1 2 2 1
0.149201937888383 -0.560863831872589 0.588177181241308 -1.95972307108133 -0.774413386515264 1 1 1 1 0 1 0 2 1 0 1 2 2 0 1 0 0 0 0 0 1 0 0 2 0 1 0 0 2 2 1 1 1 1 0 1 0 2 1 0 1 2 2 0 1 0 0 0 0 0 1 0 0 2 0 1 0 0 2 2 1
1.14330222774463 0.0446941301564108 -1.44634657487573 -0.769350636975165 0.495105231952653 -1 2 2 1 2 0 0 2 2 0 0 0 1 0 2 0 1 1 2 1 2 0 0 0 1 1 1 0 2 2 1 -2 -2 -1 -2 0 0 -2 -2 0 0 0 -1 0 -2 0 -1 -1 -2 -1 -2 0 0 0 -1 -1 -1 0 -2 -2 -1
-1.18841942525827 -0.0509301397546705 0.711624146290708 -0.621077901858094 -0.863804878290728 -1 1 2 0 1 2 2 2 1 0 1 1 2 1 2 2 1 0 2 1 2 0 0 1 1 2 1 1 2 1 1 -1 -2 0 -1 -2 -2 -2 -1 0 -1 -1 -2 -1 -2 -2 -1 0 -2 -1 -2 0 0 -1 -1 -2 -1 -1 -2 -1 -1
0.602566710482106 0.00893543503882525 0.848691785186494 -0.725725344917948 -0.139944263633034 -1 1 1 0 0 1 1 2 2 0 1 1 2 0 2 1 1 0 2 1 2 0 0 1 1 2 1 0 2 2 2 -1 -1 0 0 -1 -1 -2 -2 0 -1 -1 -2 0 -2 -1 -1 0 -2 -1 -2 0 0 -1 -1 -2 -1 0 -2 -2 -2
0.0619902681200214 -0.256440117605125 0.705141954418091 0.731170221303381 -0.613401281801603 1 1 2 1 2 0 1 2 2 0 0 0 1 0 2 0 2 2 2 0 1 1 1 2 0 2 1 1 1 2 1 1 2 1 2 0 1 2 2 0 0 0 1 0 2 0 2 2 2 0 1 1 1 2 0 2 1 1 1 2 1
-0.205350727439401 -0.358808436499068 0.910852442798224 -0.8089939335837 -0.337310521813277 1 1 1 1 0 0 0 2 1 0 1 2 1 0 2 0 2 1 1 0 0 0 0 2 1 2 1 1 2 1 0 1 1 1 0 0 0 2 1 0 1 2 1 0 2 0 2 1 1 0 0 0 0 2 1 2 1 1 2 1 0
-0.477398765314746 -0.285103363546446 1.49817527714303 -0.356392306922933 0.214485439461366 -1 0 1 0 1 1 0 2 1 0 2 2 2 1 2 2 2 0 2 0 0 0 1 0 2 2 2 0 2 2 1 0 -1 0 -1 -1 0 -2 -1 0 -2 -2 -2 -1 -2 -2 -2 0 -2 0 0 0 -1 0 -2 -2 -2 0 -2 -2 -1
-1.25889388494291 -0.592884731563598 -0.570043985287887 -2.49343650300451 -1.75759847819579 1 0 1 0 0 1 0 2 2 0 1 1 2 1 2 0 2 0 2 0 2 0 0 0 0 2 0 0 2 2 1 0 1 0 0 1 0 2 2 0 1 1 2 1 2 0 2 0 2 0 2 0 0 0 0 2 0 0 2 2 1
-0.759386939109392 0.696480314849948 0.166352660890538 -2.22501045868672 -1.8039540154831 1 2 1 1 1 0 1 2 1 0 2 1 2 1 2 1 1 0 2 1 1 1 0 2 2 2 2 1 2 1 1 2 1 1 1 0 1 2 1 0 2 1 2 1 2 1 1 0 2 1 1 1 0 2 2 2 2 1 2 1 1
0.500855255436166 -0.522200017853888 -1.53734845720908 0.0623362967033011 -0.454915664205639 -1 0 2 1 2 2 1 2 2 0 1 1 2 0 2 0 2 0 2 0 1 1 0 1 1 2 1 0 2 2 0 0 -2 -1 -2 -2 -1 -2 -2 0 -1 -1 -2 0 -2 0 -2 0 -2 0 -1 -1 0 -1 -1 -2 -1 0 -2 -2 0
1.0059832903158 0.0794783891827854 1.88568675184986 0.908375942497313 0.0853432533830472 -1 1 2 1 0 0 0 1 1 0 0 1 1 1 2 0 0 0 2 1 2 0 0 2 1 1 0 1 2 1 0 -1 -2 -1 0 0 0 -1 -1 0 0 -1 -1 -1 -2 0 0 0 -2 -1 -2 0 0 -2 -1 -1 0 -1 -2 -1 0
0.150114714447505 -1.52346717454763 -0.317658096483845 1.33250418909849 0.611100565753227 1 1 1 0 1 0 2 2 2 0 2 1 2 1 2 1 2 1 2 2 2 0 0 2 2 2 0 1 2 2 1 1 1 0 1 0 2 2 2 0 2 1 2 1 2 1 2 1 2 2 2 0 0 2 2 2 0 1 2 2 1
1.00588826073717 -1.1339357333406 0.0719055364489162 0.402154635421009 -0.386036793101807 -1 1 0 0 1 0 0 1 1 0 1 1 2 0 1 1 1 1 2 2 2 1 1 2 1 2 1 0 2 2 0 -1 0 0 -1 0 0 -1 -1 0 -1 -1 -2 0 -1 -1 -1 -1 -2 -2 -2 -1 -1 -2 -1 -2 -1 0 -2 -2 0
0.329037371416663 2.04096198824595 0.348334697427818 -0.108359770155257 0.309949183706732 -1 1 2 1 2 1 1 2 2 0 1 0 1 0 2 0 1 0 2 1 2 0 0 1 1 2 0 0 2 2 1 -1 -2 -1 -2 -1 -1 -2 -2 0 -1 0 -1 0 -2 0 -1 0 -2 -1 -2 0 0 -1 -1 -2 0 0 -2 -2 -1
-0.639335578726045 -0.58532502442255 2.22155815052067 0.204323344832208 -0.913564512222498 1 2 2 1 2 2 0 1 1 0 0 2 2 0 1 0 1 1 2 1 2 1 0 1 0 1 1 0 1 1 0 2 2 1 2 2 0 1 1 0 0 2 2 0 1 0 1 1 2 1 2 1 0 1 0 1 1 0 1 1 0
-0.941103751171487 -0.0232793128554717 1.04123705452724 -0.823309804336103 -0.187056423615274 -1 1 1 0 0 1 1 2 1 0 1 1 2 2 2 0 1 0 2 1 2 1 0 0 0 1 0 0 2 1 0 -1 -1 0 0 -1 -1 -2 -1 0 -1 -1 -2 -2 -2 0 -1 0 -2 -1 -2 -1 0 0 0 -1 0 0 -2 -1 0
-0.53003273586223 0.345511626738858 1.34380249912765 0.797464186259905 1.18615209849968 -1 2 2 1 2 2 1 2 1 0 0 2 2 1 2 1 1 1 2 1 2 1 0 2 0 1 0 0 2 1 0 -2 -2 -1 -2 -2 -1 -2 -1 0 0 -2 -2 -1 -2 -1 -1 -1 -2 -1 -2 -1 0 -2 0 -1 0 0 -2 -1 0
0.167856089042875 -1.75426672622191 1.10477541288726 -0.301166436172085 -0.125607833225399 -1 1 2 0 1 0 1 2 2 0 0 1 2 1 2 0 1 0 2 1 2 0 0 1 1 1 1 0 2 2 0 -1 -2 0 -1 0 -1 -2 -2 0 0 -1 -2 -1 -2 0 -1 0 -2 -1 -2 0 0 -1 -1 -1 -1 0 -2 -2 0
-0.408821546625983 -0.412948998474598 0.495819173984388 -0.718141302753195 -0.926642573530495 1 2 1 0 1 1 0 1 1 0 0 1 2 1 1 0 1 0 2 0 0 1 0 2 1 2 0 1 2 2 2 2 1 0 1 1 0 1 1 0 0 1 2 1 1 0 1 0 2 0 0 1 0 2 1 2 0 1 2 2 2
-0.142045256187059 -0.121676417747382 1.48298889594144 -0.153850779126668 0.904549316699622 1 2 2 1 1 1 0 2 0 0 0 1 2 1 2 0 1 1 2 2 2 2 0 2 2 2 1 0 2 2 1 2 2 1 1 1 0 2 0 0 0 1 2 1 2 0 1 1 2 2 2 2 0 2 2 2 1 0 2 2 1
0.320577999319091 -0.773119116766262 -0.42670952626038 -0.0772606592197606 -0.398176696292575 1 2 2 1 2 1 0 2 2 0 0 0 2 0 2 0 2 1 2 0 1 1 0 1 2 2 1 0 2 1 0 2 2 1 2 1 0 2 2 0 0 0 2 0 2 0 2 1 2 0 1 1 0 1 2 2 1 0 2 1 0
2.8383555302376 0.0543199637543641 0.697093699979923 1.68774238999336 -1.22464989434422 1 2 2 0 1 2 1 2 2 0 1 0 2 1 2 1 1 0 2 0 2 0 1 2 2 2 1 1 2 2 1 2 2 0 1 2 1 2 2 0 1 0 2 1 2 1 1 0 2 0 2 0 1 2 2 2 1 1 2 2 1
-0.168358976448392 0.209868847198585 0.273213455270367 -0.186057237638413 -1.17377993628188 1 1 1 1 2 0 1 2 2 0 2 2 2 1 2 0 2 2 2 1 2 0 0 2 2 2 2 0 2 2 1 1 1 1 2 0 1 2 2 0 2 2 2 1 2 0 2 2 2 1 2 0 0 2 2 2 2 0 2 2 1
0.801588770720819 -1.52818325582229 0.059932277140074 -0.120385955489155 -0.529891784479726 1 0 0 0 2 2 1 2 1 0 0 2 2 1 1 0 0 1 2 2 1 0 0 1 1 1 0 0 2 1 0 0 0 0 2 2 1 2 1 0 0 2 2 1 1 0 0 1 2 2 1 0 0 1 1 1 0 0 2 1 0
1.2633116752383 -0.15890012489289 0.148518186051483 1.6529043210305 0.543198238843146 1 0 1 0 0 1 1 2 2 0 1 2 2 1 2 0 0 0 1 0 1 0 0 2 1 2 1 0 2 1 0 0 1 0 0 1 1 2 2 0 1 2 2 1 2 0 0 0 1 0 1 0 0 2 1 2 1 0 2 1 0
-0.161218224171835 -1.14288246299101 0.886406910286668 -0.349984641298876 -0.500012853389388 1 2 2 1 1 1 0 2 2 0 0 0 2 2 2 0 1 0 2 2 2 2 0 0 0 2 1 0 1 1 0 2 2 1 1 1 0 2 2 0 0 0 2 2 2 0 1 0 2 2 2 2 0 0 0 2 1 0 1 1 0
2.74920450119363 2.20979919436666 2.20343770768396 0.700513210863804 -1.37980549129827 -1 2 2 0 1 1 1 2 2 0 2 1 2 0 1 0 1 1 2 0 2 0 0 2 2 2 0 1 2 2 1 -2 -2 0 -1 -1 -1 -2 -2 0 -2 -1 -2 0 -1 0 -1 -1 -2 0 -2 0 0 -2 -2 -2 0 -1 -2 -2 -1
-0.530392207274074 -0.440760777284257 -1.17110503077343 -0.329912533574364 -0.502071634103086 -1 0 1 0 0 1 1 2 1 0 0 2 2 1 2 1 1 1 2 2 2 0 1 1 1 2 1 0 2 1 0 0 -1 0 0 -1 -1 -2 -1 0 0 -2 -2 -1 -2 -1 -1 -1 -2 -2 -2 0 -1 -1 -1 -2 -1 0 -2 -1 0
-1.1794846134731 -1.58027503280722 1.28486463653175 1.02411232890534 1.31379293329832 1 2 1 1 1 1 1 2 2 0 2 1 2 0 2 0 0 0 2 0 1 0 0 0 0 2 1 0 2 2 0 2 1 1 1 1 1 2 2 0 2 1 2 0 2 0 0 0 2 0 1 0 0 0 0 2 1 0 2 2 0
-0.0167044994334312 0.570164344308513 -1.24990050804804 0.078363215013924 0.794624250249215 -1 2 1 1 1 0 1 2 2 0 2 1 2 1 2 0 2 1 1 1 2 0 0 0 1 2 0 0 2 1 1 -2 -1 -1 -1 0 -1 -2 -2 0 -2 -1 -2 -1 -2 0 -2 -1 -1 -1 -2 0 0 0 -1 -2 0 0 -2 -1 -1
1.07323617343047 -0.00531373875716321 1.67589953783494 -0.521537776669472 -1.20752430354179 1 1 2 1 1 1 0 1 1 0 0 1 2 1 2 0 1 1 2 2 2 0 0 0 1 2 1 2 2 1 1 1 2 1 1 1 0 1 1 0 0 1 2 1 2 0 1 1 2 2 2 0 0 0 1 2 1 2 2 1 1
-1.65061793621426 0.28802473081518 -0.612022322833233 -2.07805999191194 -0.644655984248126 -1 2 2 1 1 2 0 2 1 0 2 1 2 2 2 1 0 0 2 1 1 0 1 1 1 1 0 0 2 2 2 -2 -2 -1 -1 -2 0 -2 -1 0 -2 -1 -2 -2 -2 -1 0 0 -2 -1 -1 0 -1 -1 -1 -1 0 0 -2 -2 -2
-1.08431544904891 -1.40405211553068 1.09735992188233 -0.131364103266148 1.84055304480402 1 0 1 1 2 1 0 1 0 0 1 1 2 0 2 2 1 0 2 0 1 0 0 1 1 1 0 0 2 2 1 0 1 1 2 1 0 1 0 0 1 1 2 0 2 2 1 0 2 0 1 0 0 1 1 1 0 0 2 2 1
-0.112984302297639 0.271618934517417 -1.58337330857141 -0.167206392019334 1.03094250326823 1 1 1 1 2 2 0 2 2 0 0 1 2 0 0 0 1 0 2 0 2 0 0 1 1 2 2 1 2 2 1 1 1 1 2 2 0 2 2 0 0 1 2 0 0 0 1 0 2 0 2 0 0 1 1 2 2 1 2 2 1
1.29840400738061 1.15300009044004 0.682565496486105 -1.33753816191138 1.75587903245907 1 1 0 0 1 0 2 2 1 0 1 2 2 0 2 0 1 0 2 2 2 1 1 2 2 2 0 0 2 2 0 1 0 0 1 0 2 2 1 0 1 2 2 0 2 0 1 0 2 2 2 1 1 2 2 2 0 0 2 2 0
-0.097187451063031 -0.566388007956106 0.388208604370832 2.03120634885219 -0.253924518865566 -1 2 2 2 2 1 0 2 2 0 1 2 2 1 2 1 1 0 1 0 2 1 0 2 0 2 1 0 2 2 1 -2 -2 -2 -2 -1 0 -2 -2 0 -1 -2 -2 -1 -2 -1 -1 0 -1 0 -2 -1 0 -2 0 -2 -1 0 -2 -2 -1
-1.23183148167471 0.0750354601520546 -1.5306301726318 -0.351943222252408 -0.310412150165669 -1 2 1 0 1 1 1 2 2 0 1 2 1 0 1 0 1 1 2 0 1 1 0 2 1 2 1 0 2 2 0 -2 -1 0 -1 -1 -1 -2 -2 0 -1 -2 -1 0 -1 0 -1 -1 -2 0 -1 -1 0 -2 -1 -2 -1 0 -2 -2 0
1.81679484366014 -0.0357156691545572 -0.548161130043033 0.558477162426317 -0.238721229310677 1 2 0 0 0 0 2 2 2 0 1 1 2 0 1 0 1 0 2 0 1 0 0 1 1 2 1 1 2 1 1 2 0 0 0 0 2 2 2 0 1 1 2 0 1 0 1 0 2 0 1 0 0 1 1 2 1 1 2 1 1
2.54107405882879 0.659612554984141 -0.511726369044686 -0.160713308047043 1.23273958305658 -1 0 0 0 1 1 1 1 1 0 0 1 2 1 2 1 1 0 2 1 1 1 0 1 1 2 1 0 2 2 1 0 0 0 -1 -1 -1 -1 -1 0 0 -1 -2 -1 -2 -1 -1 0 -2 -1 -1 -1 0 -1 -1 -2 -1 0 -2 -2 -1
-0.159674354241171 -1.24118890076301 -0.90077427666313 -0.907038292982664 0.4800082971356 1 1 1 0 0 0 1 2 2 0 1 1 2 0 1 1 1 0 2 1 1 1 0 2 1 2 0 0 2 2 0 1 1 0 0 0 1 2 2 0 1 1 2 0 1 1 1 0 2 1 1 1 0 2 1 2 0 0 2 2 0
-0.618087254143117 -0.304036503051023 -0.498374477628617 -0.549588231921656 1.27297449000335 1 1 1 0 1 2 1 2 1 0 1 1 2 1 2 0 0 0 2 0 2 1 0 0 1 2 1 1 2 2 0 1 1 0 1 2 1 2 1 0 1 1 2 1 2 0 0 0 2 0 2 1 0 0 1 2 1 1 2 2 0
1.11453345810834 0.250337074371397 -0.209932452333101 -0.681394920954322 -0.0654135990872666 -1 1 2 1 1 0 0 2 2 0 1 1 2 0 0 0 0 0 2 0 2 0 0 2 1 1 1 0 1 1 0 -1 -2 -1 -1 0 0 -2 -2 0 -1 -1 -2 0 0 0 0 0 -2 0 -2 0 0 -2 -1 -1 -1 0 -1 -1 0
-0.160729900303662 -0.730366827585727 0.991257659643658 0.922264515870233 0.278365497831523 1 0 1 0 2 1 2 2 2 0 2 1 2 0 2 1 1 0 2 0 2 0 2 2 0 2 1 0 2 2 1 0 1 0 2 1 2 2 2 0 2 1 2 0 2 1 1 0 2 0 2 0 2 2 0 2 1 0 2 2 1
0.0167774474639475 1.4493974255726 -0.940114180731051 0.448295342966089 -0.282443085177926 1 1 1 1 2 0 2 2 1 0 2 1 2 0 2 1 2 0 2 0 1 0 0 0 1 2 0 0 2 1 0 1 1 1 2 0 2 2 1 0 2 1 2 0 2 1 2 0 2 0 1 0 0 0 1 2 0 0 2 1 0
0.396828428603731 0.703476146764187 -0.175410438472022 0.959132199235212 -0.205696735822957 1 0 2 2 2 0 1 1 1 0 1 1 0 0 2 0 1 1 2 1 2 0 0 1 1 1 1 0 2 2 1 0 2 2 2 0 1 1 1 0 1 1 0 0 2 0 1 1 2 1 2 0 0 1 1 1 1 0 2 2 1
0.2362919630649 0.885510976887973 1.22119562935334 0.881159361402614 1.0963888404087 -1 1 2 1 2 2 0 1 1 0 0 0 2 0 2 1 0 0 2 1 2 1 0 1 0 2 0 0 2 1 0 -1 -2 -1 -2 -2 0 -1 -1 0 0 0 -2 0 -2 -1 0 0 -2 -1 -2 -1 0 -1 0 -2 0 0 -2 -1 0
1.61580679403766 -1.2402632577477 -0.494611006529308 -0.445183201365366 -0.777522903815901 -1 2 2 2 1 1 1 1 1 0 0 2 1 0 2 1 1 0 2 1 2 0 1 1 1 2 1 0 1 1 0 -2 -2 -2 -1 -1 -1 -1 -1 0 0 -2 -1 0 -2 -1 -1 0 -2 -1 -2 0 -1 -1 -1 -2 -1 0 -1 -1 0
0.998993158580893 1.05909756900802 2.35349853902381 -1.0247669160503 1.39032697842273 1 0 2 1 1 0 1 2 2 0 0 0 2 0 2 0 1 0 2 1 2 1 0 1 1 1 0 1 2 1 0 0 2 1 1 0 1 2 2 0 0 0 2 0 2 0 1 0 2 1 2 1 0 1 1 1 0 1 2 1 0
-0.360381017344614 -0.162348864051955 -0.444030031564642 -0.292742512201369 1.59215684075093 -1 1 1 1 0 0 2 2 1 0 1 1 2 2 2 0 1 0 2 2 2 0 0 2 1 2 1 0 2 1 0 -1 -1 -1 0 0 -2 -2 -1 0 -1 -1 -2 -2 -2 0 -1 0 -2 -2 -2 0 0 -2 -1 -2 -1 0 -2 -1 0
-0.198397972941538 0.85547882506897 -0.769520657284466 -0.463274148571324 0.369578901049402 1 1 1 1 1 1 0 1 1 0 0 1 1 0 1 0 1 1 2 1 1 1 0 0 0 1 0 0 2 1 1 1 1 1 1 1 0 1 1 0 0 1 1 0 1 0 1 1 2 1 1 1 0 0 0 1 0 0 2 1 1
-0.0907310363680216 0.727276279701849 -0.744295399419473 0.715114784749031 0.676934424869453 1 1 1 1 0 1 1 2 2 0 2 2 1 0 2 0 1 0 2 1 1 0 1 2 1 2 2 0 2 2 2 1 1 1 0 1 1 2 2 0 2 2 1 0 2 0 1 0 2 1 1 0 1 2 1 2 2 0 2 2 2
-1.08392738226702 -0.76685051835273 -1.24767989935909 0.832605854038896 0.160605309288945 1 2 2 2 2 1 0 2 2 0 2 1 2 0 2 0 1 0 2 1 2 1 0 1 0 1 0 0 2 2 1 2 2 2 2 1 0 2 2 0 2 1 2 0 2 0 1 0 2 1 2 1 0 1 0 1 0 0 2 2 1
-1.00769875037681 -2.78107893775968 0.187200812168919 -0.31485234447228 0.430246980512743 1 2 2 2 1 1 0 1 2 0 1 1 1 0 2 0 2 0 2 1 1 0 0 1 0 1 1 0 1 2 1 2 2 2 1 1 0 1 2 0 1 1 1 0 2 0 2 0 2 1 1 0 0 1 0 1 1 0 1 2 1
-0.0486155829647908 1.16121563774285 0.256127684814493 0.187839572264595 -0.65475148374866 -1 1 2 1 1 1 1 2 2 0 1 1 2 0 2 0 2 1 2 0 1 0 0 1 0 2 1 0 2 2 0 -1 -2 -1 -1 -1 -1 -2 -2 0 -1 -1 -2 0 -2 0 -2 -1 -2 0 -1 0 0 -1 0 -2 -1 0 -2 -2 0
0.00610155097259369 0.0483660504504033 -1.9255578443199 0.224609098089691 0.389323314685464 -1 1 2 1 0 0 0 2 2 0 1 2 2 1 2 1 1 1 2 1 2 1 0 2 0 1 1 1 2 2 0 -1 -2 -1 0 0 0 -2 -2 0 -1 -2 -2 -1 -2 -1 -1 -1 -2 -1 -2 -1 0 -2 0 -1 -1 -1 -2 -2 0
0.452450216526778 -0.0697111130301185 0.676669253665935 0.922540958617154 1.74932486106516 1 1 1 0 1 1 2 2 1 0 0 1 1 0 2 0 1 0 2 0 2 0 0 1 2 2 0 0 2 1 0 1 1 0 1 1 2 2 1 0 0 1 1 0 2 0 1 0 2 0 2 0 0 1 2 2 0 0 2 1 0
-0.161448605230208 -1.23098875941573 0.90661078827344 1.57462258732861 0.707036310455699 -1 1 1 0 0 0 0 1 2 0 0 0 2 1 2 1 1 0 2 1 2 0 0 2 1 1 0 0 1 1 2 -1 -1 0 0 0 0 -1 -2 0 0 0 -2 -1 -2 -1 -1 0 -2 -1 -2 0 0 -2 -1 -1 0 0 -1 -1 -2
1.1548618926646 1.06432616216087 1.29244017670659 -0.724441716571206 -0.906168998603105 -1 2 2 0 1 2 1 2 1 0 0 0 2 0 2 0 2 0 1 1 2 0 0 2 1 2 1 0 2 2 1 -2 -2 0 -1 -2 -1 -2 -1 0 0 0 -2 0 -2 0 -2 0 -1 -1 -2 0 0 -2 -1 -2 -1 0 -2 -2 -1
0.735300656970362 -0.405051702720496 -0.563337002369836 0.298193536029651 -0.792905594678802 -1 1 2 1 0 1 1 2 1 0 1 2 2 0 2 0 2 0 2 1 1 1 1 2 1 2 2 0 2 1 1 -1 -2 -1 0 -1 -1 -2 -1 0 -1 -2 -2 0 -2 0 -2 0 -2 -1 -1 -1 -1 -2 -1 -2 -2 0 -2 -1 -1
-1.73151976816751 0.912252390248004 -0.0825248857924864 -2.07910726333639 -1.97959063657222 1 2 2 1 1 1 2 2 2 0 2 1 2 0 2 0 1 0 2 1 1 0 0 2 2 2 1 0 2 2 1 2 2 1 1 1 2 2 2 0 2 1 2 0 2 0 1 0 2 1 1 0 0 2 2 2 1 0 2 2 1
-1.21001587144773 1.78013595453191 0.798051240797085 -1.11682577776836 -1.38600789411563 1 1 1 1 2 2 0 2 2 0 2 2 2 2 2 0 1 0 2 2 2 0 0 1 1 2 1 0 2 1 1 1 1 1 2 2 0 2 2 0 2 2 2 2 2 0 1 0 2 2 2 0 0 1 1 2 1 0 2 1 1
0.633873826825754 -0.877716948670926 -0.0598612427907326 0.14385320107635 0.483248210499925 -1 1 2 1 1 0 0 2 2 0 2 1 2 1 2 0 2 1 2 1 1 1 1 1 1 1 2 0 2 2 0 -1 -2 -1 -1 0 0 -2 -2 0 -2 -1 -2 -1 -2 0 -2 -1 -2 -1 -1 -1 -1 -1 -1 -1 -2 0 -2 -2 0
-1.37168805386984 -0.52075811442151 0.702948761082716 0.877717267380421 0.720005695967744 1 1 1 0 0 1 1 2 2 0 2 2 2 1 2 1 1 0 2 1 1 1 0 1 0 2 0 0 2 0 1 1 1 0 0 1 1 2 2 0 2 2 2 1 2 1 1 0 2 1 1 1 0 1 0 2 0 0 2 0 1
0.394501943377281 0.101062952649026 -2.42643290994181 -1.81449938363799 1.75361237458828 -1 2 1 1 1 1 1 2 2 0 2 2 2 0 2 0 0 0 2 0 2 0 1 1 1 2 1 2 2 2 1 -2 -1 -1 -1 -1 -1 -2 -2 0 -2 -2 -2 0 -2 0 0 0 -2 0 -2 0 -1 -1 -1 -2 -1 -2 -2 -2 -1
1.52271435979623 0.213248183876817 1.24899294412308 -0.219813708185769 0.0689463443624731 -1 2 2 1 2 1 0 1 2 0 0 0 2 0 2 0 1 0 2 2 2 2 0 2 0 1 1 0 2 2 1 -2 -2 -1 -2 -1 0 -1 -2 0 0 0 -2 0 -2 0 -1 0 -2 -2 -2 -2 0 -2 0 -1 -1 0 -2 -2 -1
0.50006417693263 -0.838680115359749 -0.0693302155478162 -0.847289264216803 0.0381455074266089 -1 2 2 1 1 0 1 2 2 0 2 2 2 1 2 1 2 0 2 2 2 0 0 1 1 2 1 0 2 2 1 -2 -2 -1 -1 0 -1 -2 -2 0 -2 -2 -2 -1 -2 -1 -2 0 -2 -2 -2 0 0 -1 -1 -2 -1 0 -2 -2 -1
2.04050068823564 0.0488080337867638 1.46149128826671 -1.5752381825972 -0.430611213512031 -1 1 1 0 2 0 1 2 2 0 1 2 2 0 1 0 1 1 2 1 2 1 0 0 0 1 0 0 2 2 1 -1 -1 0 -2 0 -1 -2 -2 0 -1 -2 -2 0 -1 0 -1 -1 -2 -1 -2 -1 0 0 0 -1 0 0 -2 -2 -1
-1.61550811602316 0.21627574431387 0.807878518704376 0.0533965740152868 0.883956594428201 1 0 1 1 2 1 2 2 2 0 2 2 2 0 2 0 1 1 2 0 1 0 0 1 0 0 0 0 1 1 0 0 1 1 2 1 2 2 2 0 2 2 2 0 2 0 1 1 2 0 1 0 0 1 0 0 0 0 1 1 0
-1.09660911917141 1.3646250785576 0.627266998822856 -0.325851923045613 -0.553109037821463 1 1 2 1 1 1 0 2 1 0 1 1 2 1 2 0 2 1 2 1 2 1 0 1 0 2 1 0 2 1 2 1 2 1 1 1 0 2 1 0 1 1 2 1 2 0 2 1 2 1 2 1 0 1 0 2 1 0 2 1 2
-0.322201268631449 -1.81089902273944 0.295137654353427 0.555204423677949 1.97436955714688 1 1 2 1 1 2 2 2 2 0 1 2 2 0 2 1 1 0 1 0 1 1 0 1 0 1 0 0 2 2 1 1 2 1 1 2 2 2 2 0 1 2 2 0 2 1 1 0 1 0 1 1 0 1 0 1 0 0 2 2 1
-0.12410411832513 1.16875565453541 -1.36125790457532 0.0273106261706527 0.0570539806584837 1 0 1 0 0 1 0 2 2 0 0 0 2 0 2 1 2 1 2 1 2 0 0 0 0 2 0 0 1 1 1 0 1 0 0 1 0 2 2 0 0 0 2 0 2 1 2 1 2 1 2 0 0 0 0 2 0 0 1 1 1
0.310470313006085 -0.325980138166078 -1.77432631811538 -0.414789942775037 -0.158390661268938 -1 2 2 0 1 2 1 1 2 0 1 0 2 0 1 0 1 0 2 1 1 1 0 2 1 2 1 0 2 2 1 -2 -2 0 -1 -2 -1 -1 -2 0 -1 0 -2 0 -1 0 -1 0 -2 -1 -1 -1 0 -2 -1 -2 -1 0 -2 -2 -1
-0.484314538180818 1.40339224553229 -1.71261951150774 -0.17592213161364 -0.375579985674592 1 1 1 1 2 0 0 2 2 0 1 1 2 0 2 2 2 1 2 2 2 1 0 2 2 2 1 0 2 2 2 1 1 1 2 0 0 2 2 0 1 1 2 0 2 2 2 1 2 2 2 1 0 2 2 2 1 0 2 2 2
1.53136690292448 1.63809667606833 0.939517751272565 -0.472708067455871 -0.409236338455249 1 2 1 0 1 0 0 1 1 0 1 2 1 1 2 1 0 0 2 0 1 1 1 2 2 2 1 1 2 2 1 2 1 0 1 0 0 1 1 0 1 2 1 1 2 1 0 0 2 0 1 1 1 2 2 2 1 1 2 2 1
1.34397107369261 -0.55286717833272 -0.134827596970772 0.451526348156668 -1.50862314043642 1 2 1 1 1 1 0 1 1 0 0 1 1 1 2 2 0 1 2 1 2 1 0 2 1 2 1 2 2 2 1 2 1 1 1 1 0 1 1 0 0 1 1 1 2 2 0 1 2 1 2 1 0 2 1 2 1 2 2 2 1
0.731644643025353 0.779068246323571 -1.76373168044288 0.651298193802266 0.410147593508037 1 1 2 1 0 1 1 2 2 0 2 1 2 1 2 0 1 1 2 0 1 1 0 2 0 1 1 0 2 0 0 1 2 1 0 1 1 2 2 0 2 1 2 1 2 0 1 1 2 0 1 1 0 2 0 1 1 0 2 0 0
-1.24885614891716 -1.301428129457 1.93306872406349 -0.596733489175235 0.908277881381161 -1 2 2 0 1 0 1 2 2 0 0 0 1 1 2 0 2 1 2 1 1 0 0 1 2 2 2 2 2 2 2 -2 -2 0 -1 0 -1 -2 -2 0 0 0 -1 -1 -2 0 -2 -1 -2 -1 -1 0 0 -1 -2 -2 -2 -2 -2 -2 -2
0.256422700111518 0.561927165725947 0.865295715654643 0.507038290266018 -0.996833598099353 -1 2 1 0 1 0 1 1 1 0 1 1 2 1 2 0 2 1 2 2 2 2 0 1 0 2 1 0 2 1 0 -2 -1 0 -1 0 -1 -1 -1 0 -1 -1 -2 -1 -2 0 -2 -1 -2 -2 -2 -2 0 -1 0 -2 -1 0 -2 -1 0
-0.40432908541889 1.35849710466525 -1.34668495575818 2.17937720298217 1.14114887743505 -1 1 1 1 1 1 1 2 1 0 1 1 2 2 2 0 1 0 2 1 1 0 0 1 1 1 0 0 2 1 0 -1 -1 -1 -1 -1 -1 -2 -1 0 -1 -1 -2 -2 -2 0 -1 0 -2 -1 -1 0 0 -1 -1 -1 0 0 -2 -1 0
-1.30075054280854 -0.138449800891549 0.625303046007447 0.842345913568458 -0.698135689941107 1 1 1 0 1 0 0 2 2 0 0 0 2 0 2 1 0 0 2 0 2 1 1 0 0 1 0 0 2 2 1 1 1 0 1 0 0 2 2 0 0 0 2 0 2 1 0 0 2 0 2 1 1 0 0 1 0 0 2 2 1
-0.157273961942506 -0.748461930417241 1.08687618289457 0.564108209661026 0.423284096430342 -1 1 1 0 1 1 2 2 2 0 0 1 2 0 2 1 1 0 2 2 2 1 0 0 1 2 0 0 2 2 1 -1 -1 0 -1 -1 -2 -2 -2 0 0 -1 -2 0 -2 -1 -1 0 -2 -2 -2 -1 0 0 -1 -2 0 0 -2 -2 -1
