1.34754680900746 -1.71241727415632 -1.01867386203814 0.254590767071435 -1.48088551601205 1 1 1 1 1 0 1 1 0 1 2 0 2 2 1 2 0 2 1 0 2 2 2 1 1 0 1 0 0 2 1 1 1 1 1 0 1 1 0 1 2 0 2 2 1 2 0 2 1 0 2 2 2 1 1 0 1 0 0 2 1
0.709940485824418 0.991475844589841 -1.0668472592327 1.48666507436968 -0.77808803057321 -1 0 1 2 2 2 0 1 0 1 2 1 2 2 2 2 0 1 1 1 2 2 2 2 0 0 0 0 2 2 1 0 -1 -2 -2 -2 0 -1 0 -1 -2 -1 -2 -2 -2 -2 0 -1 -1 -1 -2 -2 -2 -2 0 0 0 0 -2 -2 -1
2.26650937572613 -0.863083373807146 -0.310103865343515 0.39132251116526 0.0223126965241194 -1 2 2 2 1 2 1 1 0 0 1 0 2 2 2 1 1 1 0 1 2 1 1 2 1 0 2 1 0 2 1 -2 -2 -2 -1 -2 -1 -1 0 0 -1 0 -2 -2 -2 -1 -1 -1 0 -1 -2 -1 -1 -2 -1 0 -2 -1 0 -2 -1
0.176506151900518 0.910997204870825 -1.10788642723097 -0.172307523779009 -2.79409525624913 1 0 0 0 1 1 1 2 1 2 1 0 2 2 1 1 0 1 0 1 2 2 2 1 0 0 2 0 1 2 1 0 0 0 1 1 1 2 1 2 1 0 2 2 1 1 0 1 0 1 2 2 2 1 0 0 2 0 1 2 1
-1.05389904316903 -0.0742159108757041 -2.7022396190402 1.01451812651889 1.52503351168286 1 2 2 2 1 2 1 2 0 1 2 0 2 2 2 2 2 2 2 1 2 2 2 2 0 0 2 0 0 2 0 2 2 2 1 2 1 2 0 1 2 0 2 2 2 2 2 2 2 1 2 2 2 2 0 0 2 0 0 2 0
-0.636444480139949 0.555560478095952 -0.010129077688306 -0.77013306989898 -1.61023096903645 -1 2 1 2 2 2 1 1 1 1 2 0 2 2 2 2 1 1 1 0 2 1 1 0 0 1 2 0 2 2 1 -2 -1 -2 -2 -2 -1 -1 -1 -1 -2 0 -2 -2 -2 -2 -1 -1 -1 0 -2 -1 -1 0 0 -1 -2 0 -2 -2 -1
1.87144892160691 -0.821790701648393 -0.635390185085217 0.455414239262025 -1.24405168479252 -1 1 2 2 1 1 1 1 1 2 2 1 2 2 2 1 2 2 2 1 2 2 2 1 0 0 1 0 0 2 1 -1 -2 -2 -1 -1 -1 -1 -1 -2 -2 -1 -2 -2 -2 -1 -2 -2 -2 -1 -2 -2 -2 -1 0 0 -1 0 0 -2 -1
0.587088971106496 -1.87431838308794 0.686253960874109 0.304020212922353 0.828301071499913 1 0 1 2 1 2 0 0 0 1 2 0 2 2 2 2 1 2 2 1 2 2 2 1 1 0 2 2 1 2 0 0 1 2 1 2 0 0 0 1 2 0 2 2 2 2 1 2 2 1 2 2 2 1 1 0 2 2 1 2 0
1.5741719058193 -0.487830919734038 -2.20704362068084 0.18938863024889 -2.13847312178697 1 2 2 2 2 2 1 2 1 2 2 0 2 2 2 0 1 2 1 0 1 2 1 2 2 0 2 1 0 2 0 2 2 2 2 2 1 2 1 2 2 0 2 2 2 0 1 2 1 0 1 2 1 2 2 0 2 1 0 2 0
0.823515646475161 -0.513290032394598 -0.864695727143541 -1.31896147204685 -1.01293902205567 -1 1 0 1 0 1 0 1 0 0 2 0 1 2 2 1 1 2 2 1 2 2 1 2 1 0 1 0 1 2 0 -1 0 -1 0 -1 0 -1 0 0 -2 0 -1 -2 -2 -1 -1 -2 -2 -1 -2 -2 -1 -2 -1 0 -1 0 -1 -2 0
-0.999036740952941 -0.101423043259059 -0.456801545145064 0.0292513454897966 -2.04956998062916 -1 2 2 2 2 1 1 2 0 0 2 1 2 2 2 2 2 1 1 0 2 2 1 1 0 0 2 1 0 2 0 -2 -2 -2 -2 -1 -1 -2 0 0 -2 -1 -2 -2 -2 -2 -2 -1 -1 0 -2 -2 -1 -1 0 0 -2 -1 0 -2 0
-1.2396191779472 -0.618392792586706 -1.22583505357412 1.97159775155239 0.669478265192928 -1 0 2 2 2 1 1 1 0 1 1 0 2 2 2 2 2 2 2 0 2 2 2 1 0 0 2 0 0 2 0 0 -2 -2 -2 -1 -1 -1 0 -1 -1 0 -2 -2 -2 -2 -2 -2 -2 0 -2 -2 -2 -1 0 0 -2 0 0 -2 0
2.10287804451591 0.360636647490298 0.517812109763164 -1.18689750944028 -1.89589905088022 1 1 0 1 1 1 0 1 0 2 1 0 2 2 2 2 1 2 2 1 2 2 1 1 0 0 1 1 0 1 1 1 0 1 1 1 0 1 0 2 1 0 2 2 2 2 1 2 2 1 2 2 1 1 0 0 1 1 0 1 1
0.861225856495168 -0.39762688750475 -0.109265066629575 0.060822739564529 -0.908587068983973 1 2 1 1 1 2 1 2 1 1 2 0 1 2 1 2 2 2 2 0 2 2 2 2 0 1 2 1 1 2 1 2 1 1 1 2 1 2 1 1 2 0 1 2 1 2 2 2 2 0 2 2 2 2 0 1 2 1 1 2 1
-0.364145358049669 0.333723741693282 0.824972334668621 0.890682688882012 0.404711940265691 -1 1 0 1 1 1 0 0 0 0 2 0 2 2 1 2 2 2 2 2 2 2 2 1 1 0 2 1 1 2 1 -1 0 -1 -1 -1 0 0 0 0 -2 0 -2 -2 -1 -2 -2 -2 -2 -2 -2 -2 -2 -1 -1 0 -2 -1 -1 -2 -1
-0.659108035260856 1.49367992194101 1.12161752643562 -0.219729626909077 1.04855596064018 -1 1 0 1 2 2 2 0 0 0 0 0 1 2 0 1 1 1 1 0 2 2 1 2 1 0 2 0 0 1 0 -1 0 -1 -2 -2 -2 0 0 0 0 0 -1 -2 0 -1 -1 -1 -1 0 -2 -2 -1 -2 -1 0 -2 0 0 -1 0
-2.47100398927211 2.02444061613333 -0.357837643004586 -0.46097596702715 -0.624243009468119 1 2 1 1 1 0 0 0 0 0 0 0 2 2 2 1 2 2 2 0 2 2 2 2 1 0 2 0 0 2 1 2 1 1 1 0 0 0 0 0 0 0 2 2 2 1 2 2 2 0 2 2 2 2 1 0 2 0 0 2 1
-0.422940841751668 0.175487730735364 -0.12455943424806 1.68880295648592 0.401842754997917 -1 2 1 2 2 2 1 0 0 0 1 1 2 2 2 1 1 1 0 0 1 1 2 1 1 0 2 0 1 2 1 -2 -1 -2 -2 -2 -1 0 0 0 -1 -1 -2 -2 -2 -1 -1 -1 0 0 -1 -1 -2 -1 -1 0 -2 0 -1 -2 -1
-0.292668473381993 -1.12226539642305 -0.307001516496631 -1.27800523822397 0.979495573646313 -1 1 1 1 2 2 1 1 1 1 1 0 2 2 2 1 1 1 2 1 2 2 2 2 1 1 2 1 1 2 1 -1 -1 -1 -2 -2 -1 -1 -1 -1 -1 0 -2 -2 -2 -1 -1 -1 -2 -1 -2 -2 -2 -2 -1 -1 -2 -1 -1 -2 -1
-0.629650107101104 -2.69628877697415 -0.354323246212217 -0.152057765881034 -1.75630347429213 -1 2 1 1 2 1 1 2 1 2 1 0 1 2 1 2 2 2 2 1 2 2 1 2 0 0 2 0 0 2 0 -2 -1 -1 -2 -1 -1 -2 -1 -2 -1 0 -1 -2 -1 -2 -2 -2 -2 -1 -2 -2 -1 -2 0 0 -2 0 0 -2 0
0.26848542168181 -0.932982197376899 0.600750555819876 -0.0398860423422787 -0.653505827610983 1 0 1 2 0 0 1 1 1 2 1 0 2 2 1 1 1 1 1 1 2 2 1 1 1 1 2 1 0 1 0 0 1 2 0 0 1 1 1 2 1 0 2 2 1 1 1 1 1 1 2 2 1 1 1 1 2 1 0 1 0
1.13634015505272 -0.348944214343625 -0.343444868764255 0.886720472022608 -0.348137984752581 -1 0 1 2 2 1 0 0 0 1 1 0 2 2 2 1 1 1 2 0 2 2 1 2 0 0 1 0 0 2 1 0 -1 -2 -2 -1 0 0 0 -1 -1 0 -2 -2 -2 -1 -1 -1 -2 0 -2 -2 -1 -2 0 0 -1 0 0 -2 -1
0.733683824087765 1.23936603293917 -0.774704270082535 1.14222847953841 -1.03068501851722 -1 1 2 2 1 0 1 1 1 1 1 0 1 2 2 2 2 2 2 2 2 2 1 1 0 1 2 0 0 2 1 -1 -2 -2 -1 0 -1 -1 -1 -1 -1 0 -1 -2 -2 -2 -2 -2 -2 -2 -2 -2 -1 -1 0 -1 -2 0 0 -2 -1
-0.755563299001549 -0.34671331507661 0.0905149404911833 -0.206586428726445 0.249291407896217 1 2 2 2 2 2 0 0 0 1 1 0 2 2 2 1 1 2 2 2 2 2 0 0 0 0 1 0 0 2 1 2 2 2 2 2 0 0 0 1 1 0 2 2 2 1 1 2 2 2 2 2 0 0 0 0 1 0 0 2 1
-0.55759961455078 1.00485435580006 0.430048556739067 -0.800116229825671 -0.694392036847488 -1 1 1 2 1 1 1 1 0 1 1 0 2 2 2 2 1 2 1 0 2 2 0 0 0 1 2 0 0 2 0 -1 -1 -2 -1 -1 -1 -1 0 -1 -1 0 -2 -2 -2 -2 -1 -2 -1 0 -2 -2 0 0 0 -1 -2 0 0 -2 0
-1.58186893086689 -0.497947323353913 -0.640119073839556 -0.323919694462039 -0.623467806555938 1 2 1 2 2 2 1 1 0 0 2 1 2 2 2 1 1 1 1 0 2 2 2 2 1 1 2 0 1 2 1 2 1 2 2 2 1 1 0 0 2 1 2 2 2 1 1 1 1 0 2 2 2 2 1 1 2 0 1 2 1
-2.61751551191359 0.520106943659538 1.01784484516759 -0.809572262864229 -0.897745311928898 1 1 2 2 1 2 1 1 0 0 2 1 2 2 2 2 2 2 2 0 2 2 1 1 1 0 2 1 1 2 1 1 2 2 1 2 1 1 0 0 2 1 2 2 2 2 2 2 2 0 2 2 1 1 1 0 2 1 1 2 1
-1.20889507080916 -1.46878004551724 0.653022888316766 -0.161435264209677 -0.963227043128615 -1 2 2 2 1 1 1 1 0 1 1 0 2 2 2 1 0 0 2 0 2 2 2 1 0 1 2 2 2 2 0 -2 -2 -2 -1 -1 -1 -1 0 -1 -1 0 -2 -2 -2 -1 0 0 -2 0 -2 -2 -2 -1 0 -1 -2 -2 -2 -2 0
-1.8191475795517 -0.461252778606996 -0.102329207561275 1.6412492093644 1.12872477910455 1 0 0 1 0 1 0 1 0 0 2 0 2 2 1 2 1 2 2 0 2 2 2 1 0 1 2 1 1 1 1 0 0 1 0 1 0 1 0 0 2 0 2 2 1 2 1 2 2 0 2 2 2 1 0 1 2 1 1 1 1
1.47279864618026 -1.40735684181977 -1.55851352738573 1.10942634414641 -1.43635990249892 -1 2 1 1 0 0 0 0 0 1 0 0 2 2 2 2 2 2 2 0 2 1 2 1 0 1 2 2 1 1 0 -2 -1 -1 0 0 0 0 0 -1 0 0 -2 -2 -2 -2 -2 -2 -2 0 -2 -1 -2 -1 0 -1 -2 -2 -1 -1 0
-0.637257138762018 -0.92011531606496 -0.596595983673196 -1.27758254970889 0.0958796424656568 1 1 1 2 1 2 1 1 1 2 1 0 2 2 2 1 2 2 2 0 2 2 2 2 0 0 2 2 1 2 0 1 1 2 1 2 1 1 1 2 1 0 2 2 2 1 2 2 2 0 2 2 2 2 0 0 2 2 1 2 0
1.70139576820199 -0.142127923464553 0.381652660088509 -0.293762456286761 1.30264226847095 1 1 1 1 0 0 0 1 0 1 2 0 2 2 2 2 2 2 2 1 2 2 2 1 0 0 2 1 1 2 1 1 1 1 0 0 0 1 0 1 2 0 2 2 2 2 2 2 2 1 2 2 2 1 0 0 2 1 1 2 1
0.106602423723534 1.39086216872866 1.32248143280305 0.100485822668459 0.00344156307745689 -1 1 2 2 2 2 1 2 1 2 1 0 2 2 2 0 0 1 1 0 2 2 1 1 1 0 2 1 0 2 0 -1 -2 -2 -2 -2 -1 -2 -1 -2 -1 0 -2 -2 -2 0 0 -1 -1 0 -2 -2 -1 -1 -1 0 -2 -1 0 -2 0
-0.912066960234599 -1.39984684806392 1.12598026307476 -0.128940524642789 0.870391598455914 1 2 1 2 2 2 2 1 0 2 2 0 1 2 1 2 1 2 2 2 2 2 0 0 0 2 2 1 1 1 0 2 1 2 2 2 2 1 0 2 2 0 1 2 1 2 1 2 2 2 2 2 0 0 0 2 2 1 1 1 0
-0.448205782494724 0.474359814866136 0.826879153962283 1.17385907613485 -2.41584392318236 1 1 2 2 1 1 1 1 0 1 1 1 2 2 2 1 0 0 2 0 2 1 2 1 0 0 2 0 1 2 1 1 2 2 1 1 1 1 0 1 1 1 2 2 2 1 0 0 2 0 2 1 2 1 0 0 2 0 1 2 1
-2.54454320553694 0.356326221484139 0.208592709590629 -0.323468241990347 1.17852876359022 1 1 0 1 1 1 1 0 0 0 2 0 2 2 2 1 1 2 1 0 2 2 1 0 0 2 2 2 1 2 1 1 0 1 1 1 1 0 0 0 2 0 2 2 2 1 1 2 1 0 2 2 1 0 0 2 2 2 1 2 1
-1.07924684331008 0.886828813060937 -0.123595299922841 -0.24294502828498 0.461663450385296 -1 2 2 2 1 1 2 1 1 1 1 0 2 2 2 1 1 1 1 0 2 2 2 2 1 0 2 1 1 2 2 -2 -2 -2 -1 -1 -2 -1 -1 -1 -1 0 -2 -2 -2 -1 -1 -1 -1 0 -2 -2 -2 -2 -1 0 -2 -1 -1 -2 -2
-1.10380943496211 0.0923635563905951 -0.0393587618697171 -0.477785175687993 1.28217542603903 -1 1 0 0 0 2 1 1 0 0 2 0 1 2 2 1 1 2 2 2 2 2 1 2 0 0 1 0 1 2 1 -1 0 0 0 -2 -1 -1 0 0 -2 0 -1 -2 -2 -1 -1 -2 -2 -2 -2 -2 -1 -2 0 0 -1 0 -1 -2 -1
0.173332269125101 -0.966659225285673 1.55524932231924 -0.906301667666222 0.842192904605742 1 2 2 2 2 2 1 1 0 1 2 1 2 2 1 2 1 2 2 1 2 2 2 2 1 0 1 0 0 1 0 2 2 2 2 2 1 1 0 1 2 1 2 2 1 2 1 2 2 1 2 2 2 2 1 0 1 0 0 1 0
0.4116951562669 -0.197860048697217 -0.252367611620275 -0.142447321519885 -0.688259471898568 -1 2 1 2 2 2 1 0 0 2 2 0 2 2 2 2 2 2 2 0 2 2 2 2 0 0 1 0 0 1 0 -2 -1 -2 -2 -2 -1 0 0 -2 -2 0 -2 -2 -2 -2 -2 -2 -2 0 -2 -2 -2 -2 0 0 -1 0 0 -1 0
-0.299542073261266 -0.0690109557477755 -0.484500799341284 0.153005904856114 -0.112912205876225 -1 1 1 1 0 1 1 1 1 2 2 0 2 2 2 1 1 2 2 1 2 2 2 2 2 0 2 0 0 2 2 -1 -1 -1 0 -1 -1 -1 -1 -2 -2 0 -2 -2 -2 -1 -1 -2 -2 -1 -2 -2 -2 -2 -2 0 -2 0 0 -2 -2
0.0040123647978045 0.390716794750844 -0.499953146776079 -0.15928795781506 -0.394236953412973 -1 2 1 1 0 1 0 0 0 1 2 0 2 2 2 1 0 1 1 1 2 2 2 2 0 0 2 0 0 2 0 -2 -1 -1 0 -1 0 0 0 -1 -2 0 -2 -2 -2 -1 0 -1 -1 -1 -2 -2 -2 -2 0 0 -2 0 0 -2 0
1.05159950358586 1.71535609092141 -0.93002114646583 -0.26970739198127 -1.21835538156257 -1 0 1 2 1 0 0 0 0 1 2 0 2 2 2 0 1 1 2 0 2 1 2 2 0 1 2 1 1 2 1 0 -1 -2 -1 0 0 0 0 -1 -2 0 -2 -2 -2 0 -1 -1 -2 0 -2 -1 -2 -2 0 -1 -2 -1 -1 -2 -1
-1.04345154517186 -0.824728189540598 0.284761746802172 -1.04996745210875 0.109317227856357 -1 2 2 0 0 0 0 0 0 1 2 0 1 2 2 1 2 2 2 1 2 2 1 1 0 1 2 0 0 1 0 -2 -2 0 0 0 0 0 0 -1 -2 0 -1 -2 -2 -1 -2 -2 -2 -1 -2 -2 -1 -1 0 -1 -2 0 0 -1 0
0.523291023913656 -1.77385769570751 -0.55835028376176 1.17850264208517 -0.87482983597903 1 2 1 2 1 1 1 1 0 2 2 0 2 2 1 2 1 2 1 0 2 2 2 2 0 1 2 1 0 2 1 2 1 2 1 1 1 1 0 2 2 0 2 2 1 2 1 2 1 0 2 2 2 2 0 1 2 1 0 2 1
-0.496933690742567 1.46272053239844 0.136539105141926 -1.21462034800155 1.48042580341551 1 2 2 1 1 1 0 2 0 1 1 0 1 2 0 2 1 2 2 1 2 2 2 1 0 0 2 1 1 2 0 2 2 1 1 1 0 2 0 1 1 0 1 2 0 2 1 2 2 1 2 2 2 1 0 0 2 1 1 2 0
-0.43749445868654 0.531167730071199 -0.310393641493115 -1.21241999219623 -1.22560682009171 1 1 2 2 2 2 2 2 1 0 1 0 1 2 2 1 1 1 2 0 2 2 1 1 0 1 2 0 0 2 0 1 2 2 2 2 2 2 1 0 1 0 1 2 2 1 1 1 2 0 2 2 1 1 0 1 2 0 0 2 0
-0.582225890020576 -0.0367943326848938 -0.830088105866088 0.296251870528329 1.56281832623291 -1 1 0 1 0 1 1 2 1 2 2 0 2 2 1 2 1 2 1 0 2 2 1 2 1 0 1 0 0 1 0 -1 0 -1 0 -1 -1 -2 -1 -2 -2 0 -2 -2 -1 -2 -1 -2 -1 0 -2 -2 -1 -2 -1 0 -1 0 0 -1 0
-1.1513019252254 -0.692787889649165 -1.03776872681438 -0.292560814629489 1.11869853540274 1 2 2 2 1 2 1 0 0 1 2 1 2 2 1 2 1 1 2 2 2 2 2 1 0 1 2 1 0 2 2 2 2 2 1 2 1 0 0 1 2 1 2 2 1 2 1 1 2 2 2 2 2 1 0 1 2 1 0 2 2
-0.0855249175824253 -1.40803969217806 2.3436324452344 -0.976432348729357 -0.445873222977686 1 2 1 1 2 2 2 1 1 2 0 0 2 2 1 1 1 2 2 1 2 2 2 2 1 2 2 1 1 2 1 2 1 1 2 2 2 1 1 2 0 0 2 2 1 1 1 2 2 1 2 2 2 2 1 2 2 1 1 2 1
-1.46869688919336 0.0782213789315695 -2.47640348209284 -2.0485068668066 -0.729252343068607 -1 2 2 1 1 1 0 1 0 1 2 1 2 2 2 2 2 2 1 1 2 2 2 2 1 0 2 1 1 2 0 -2 -2 -1 -1 -1 0 -1 0 -1 -2 -1 -2 -2 -2 -2 -2 -2 -1 -1 -2 -2 -2 -2 -1 0 -2 -1 -1 -2 0
1.72035479305497 0.912727981678947 -0.910452231878424 -0.00704193119051208 0.27210809574663 -1 1 1 2 1 1 0 0 1 2 2 1 2 2 1 1 2 1 0 0 2 2 2 2 1 0 1 1 0 2 1 -1 -1 -2 -1 -1 0 0 -1 -2 -2 -1 -2 -2 -1 -1 -2 -1 0 0 -2 -2 -2 -2 -1 0 -1 -1 0 -2 -1
-0.648731145678235 -0.380619463833181 0.958069350392574 -0.425399878155161 -0.102375536455772 -1 2 1 2 1 1 1 1 0 1 2 0 2 2 2 0 0 0 1 1 2 2 2 2 1 1 2 0 0 1 0 -2 -1 -2 -1 -1 -1 -1 0 -1 -2 0 -2 -2 -2 0 0 0 -1 -1 -2 -2 -2 -2 -1 -1 -2 0 0 -1 0
1.76659126408877 -0.54381753327115 -0.0873566572528834 0.476346904718215 1.08738870270088 -1 2 1 1 1 1 0 1 1 1 2 0 2 2 1 2 2 2 2 1 2 2 2 2 0 0 2 1 1 1 0 -2 -1 -1 -1 -1 0 -1 -1 -1 -2 0 -2 -2 -1 -2 -2 -2 -2 -1 -2 -2 -2 -2 0 0 -2 -1 -1 -1 0
0.506621581322607 0.245713980010972 1.40543656788184 -0.476799087278461 0.19628282032546 1 1 1 2 1 1 1 2 0 1 1 0 2 2 2 1 1 2 2 1 2 2 1 1 0 1 2 1 0 1 1 1 1 2 1 1 1 2 0 1 1 0 2 2 2 1 1 2 2 1 2 2 1 1 0 1 2 1 0 1 1
0.53063383036226 0.230149311007001 0.581336252001216 -0.205645687147349 -0.301540750872499 1 1 2 2 1 0 0 1 1 1 2 1 2 2 2 2 2 2 2 0 2 2 2 2 2 1 2 2 1 2 0 1 2 2 1 0 0 1 1 1 2 1 2 2 2 2 2 2 2 0 2 2 2 2 2 1 2 2 1 2 0
-1.23162095447131 -0.24091870863668 -0.0747349628364422 -1.759735590151 0.673422732680628 1 1 0 2 2 1 0 2 1 1 1 0 1 2 1 2 2 2 2 1 2 2 2 2 0 0 2 0 0 2 2 1 0 2 2 1 0 2 1 1 1 0 1 2 1 2 2 2 2 1 2 2 2 2 0 0 2 0 0 2 2
-0.446300725287826 -0.87992866473379 -0.78456998204843 -0.945550988471578 -0.773332815073987 -1 2 2 2 2 1 1 1 1 1 1 0 0 2 1 0 0 1 1 0 2 2 1 0 1 1 2 1 1 1 0 -2 -2 -2 -2 -1 -1 -1 -1 -1 -1 0 0 -2 -1 0 0 -1 -1 0 -2 -2 -1 0 -1 -1 -2 -1 -1 -1 0
-1.39349597222787 -0.143358866949381 -0.330163522657056 -2.57770308841883 -0.0875115066472214 -1 2 2 2 1 1 1 1 0 1 1 0 2 2 2 2 1 2 2 1 2 2 0 0 0 0 2 0 0 2 0 -2 -2 -2 -1 -1 -1 -1 0 -1 -1 0 -2 -2 -2 -2 -1 -2 -2 -1 -2 -2 0 0 0 0 -2 0 0 -2 0
-0.550007949109294 -1.84529685874572 0.930187934571456 0.00064540050357416 0.686337996491558 -1 2 1 2 1 1 1 1 0 1 1 0 2 2 2 2 1 2 2 0 2 2 1 2 0 1 2 1 1 2 1 -2 -1 -2 -1 -1 -1 -1 0 -1 -1 0 -2 -2 -2 -2 -1 -2 -2 0 -2 -2 -1 -2 0 -1 -2 -1 -1 -2 -1
0.372744223193204 -1.00182758124679 0.0238055818388824 0.549643194705155 0.125761801627289 1 1 2 2 1 0 1 1 0 1 1 0 1 2 1 2 2 2 2 1 2 2 2 2 2 1 2 1 1 2 0 1 2 2 1 0 1 1 0 1 1 0 1 2 1 2 2 2 2 1 2 2 2 2 2 1 2 1 1 2 0
-0.460565477711946 0.358314447367171 -1.27934901393908 0.832961752127259 0.981895314840889 -1 2 2 2 2 0 0 0 0 1 1 0 2 2 2 1 1 1 2 0 2 1 1 1 0 0 1 0 0 0 0 -2 -2 -2 -2 0 0 0 0 -1 -1 0 -2 -2 -2 -1 -1 -1 -2 0 -2 -1 -1 -1 0 0 -1 0 0 0 0
1.13335919498339 0.850867334649838 -0.969118495206931 -0.745529208726895 -1.42995771909559 -1 2 2 2 2 2 1 1 0 1 2 0 2 2 0 2 2 2 1 0 2 2 2 2 1 0 2 1 0 2 1 -2 -2 -2 -2 -2 -1 -1 0 -1 -2 0 -2 -2 0 -2 -2 -2 -1 0 -2 -2 -2 -2 -1 0 -2 -1 0 -2 -1
1.60079353751291 -0.0119695940222446 -0.663394888300096 -0.867992430515473 -0.261586183213533 1 1 1 2 1 0 1 1 0 2 2 0 2 2 2 2 1 2 1 1 2 2 2 1 0 0 2 0 0 2 0 1 1 2 1 0 1 1 0 2 2 0 2 2 2 2 1 2 1 1 2 2 2 1 0 0 2 0 0 2 0
-0.0758673543724851 -1.71121887473419 -0.573312603880664 -0.0552645573808877 -0.848185646178573 -1 1 0 1 1 1 2 1 0 1 2 1 2 2 2 1 0 1 2 0 2 2 2 2 0 0 1 0 0 1 0 -1 0 -1 -1 -1 -2 -1 0 -1 -2 -1 -2 -2 -2 -1 0 -1 -2 0 -2 -2 -2 -2 0 0 -1 0 0 -1 0
0.964312201242655 0.237945547163264 0.531852587375887 -1.35718474063576 0.0495577608476352 1 2 2 2 1 1 2 1 0 1 2 0 2 2 1 2 1 1 0 0 2 1 0 0 0 0 2 2 1 2 1 2 2 2 1 1 2 1 0 1 2 0 2 2 1 2 1 1 0 0 2 1 0 0 0 0 2 2 1 2 1
-1.65703649263305 1.36671870208821 0.0744461847283946 0.413072620555497 1.07754693775653 -1 1 1 2 2 1 1 1 1 2 0 0 1 2 1 1 1 1 2 0 2 2 2 1 0 0 1 0 0 2 2 -1 -1 -2 -2 -1 -1 -1 -1 -2 0 0 -1 -2 -1 -1 -1 -1 -2 0 -2 -2 -2 -1 0 0 -1 0 0 -2 -2
0.385147858499495 0.874700858775048 -0.831412231376513 0.820330188894156 -0.614589031114299 1 1 0 1 1 0 0 0 0 0 2 0 1 2 2 1 1 1 2 1 2 2 1 0 0 1 2 1 0 2 1 1 0 1 1 0 0 0 0 0 2 0 1 2 2 1 1 1 2 1 2 2 1 0 0 1 2 1 0 2 1
1.98279296828464 -2.03303049634656 0.00605971372139901 1.32640050438207 1.30904871764624 -1 1 1 2 1 0 0 1 0 1 2 1 2 2 2 2 1 2 1 2 2 2 2 1 1 0 2 2 1 1 2 -1 -1 -2 -1 0 0 -1 0 -1 -2 -1 -2 -2 -2 -2 -1 -2 -1 -2 -2 -2 -2 -1 -1 0 -2 -2 -1 -1 -2
0.193419089633247 -0.454851104510751 1.0929536131018 1.64067490869482 -0.844295295287591 -1 2 0 1 1 2 0 1 0 1 1 0 2 2 0 0 1 1 2 0 2 2 0 0 0 1 2 1 0 1 0 -2 0 -1 -1 -2 0 -1 0 -1 -1 0 -2 -2 0 0 -1 -1 -2 0 -2 -2 0 0 0 -1 -2 -1 0 -1 0
1.24937052604576 -0.787165849169153 0.235006512778596 -1.66654767131112 -0.585027834560217 -1 2 2 2 2 2 0 0 0 0 1 0 2 2 2 2 2 2 2 1 2 2 2 1 1 1 2 0 0 2 0 -2 -2 -2 -2 -2 0 0 0 0 -1 0 -2 -2 -2 -2 -2 -2 -2 -1 -2 -2 -2 -1 -1 -1 -2 0 0 -2 0
1.65089793941305 -0.608062626476569 1.47668486671943 2.35392320500656 -1.18701877120604 -1 2 2 2 2 1 0 2 1 2 2 0 2 2 2 1 1 2 2 2 2 2 1 0 0 1 2 1 0 2 1 -2 -2 -2 -2 -1 0 -2 -1 -2 -2 0 -2 -2 -2 -1 -1 -2 -2 -2 -2 -2 -1 0 0 -1 -2 -1 0 -2 -1
-1.11302402379898 -0.0496201758708977 -1.77825108445297 -0.435932307335029 -0.913177530271266 1 1 0 1 1 0 0 0 1 2 2 0 2 2 2 2 1 2 2 1 2 2 2 2 1 0 2 1 1 2 1 1 0 1 1 0 0 0 1 2 2 0 2 2 2 2 1 2 2 1 2 2 2 2 1 0 2 1 1 2 1
0.0821220282550392 -0.717971141382909 0.527020940329487 -1.06140519427902 0.654443312181861 -1 0 1 2 1 1 0 0 0 1 1 0 1 2 2 0 1 1 2 0 2 2 0 1 0 1 2 1 0 2 2 0 -1 -2 -1 -1 0 0 0 -1 -1 0 -1 -2 -2 0 -1 -1 -2 0 -2 -2 0 -1 0 -1 -2 -1 0 -2 -2
-0.5818940929661 0.541496406227401 1.71559004309849 0.543047835547467 -1.22611139897397 1 1 2 1 0 0 0 1 0 1 2 0 2 2 2 2 1 2 2 0 2 2 0 1 1 0 2 0 0 1 1 1 2 1 0 0 0 1 0 1 2 0 2 2 2 2 1 2 2 0 2 2 0 1 1 0 2 0 0 1 1
-0.550751447268843 -0.373994795890984 0.442327506409973 0.202091016813645 1.67269914159614 1 1 0 2 2 1 0 2 0 1 2 0 2 2 2 1 2 2 1 0 1 0 1 1 1 0 2 1 2 2 1 1 0 2 2 1 0 2 0 1 2 0 2 2 2 1 2 2 1 0 1 0 1 1 1 0 2 1 2 2 1
-0.218004030255487 0.640792688496697 -0.534379359572989 -1.67211666689376 0.440724298588671 1 2 1 2 2 2 1 2 1 2 2 0 1 2 2 1 1 2 2 0 2 2 2 2 1 0 1 0 0 1 0 2 1 2 2 2 1 2 1 2 2 0 1 2 2 1 1 2 2 0 2 2 2 2 1 0 1 0 0 1 0
1.36138470696643 0.161561665008167 -0.408446379354782 -1.74047622446701 0.038599152252088 -1 2 2 1 2 2 1 1 0 2 1 1 2 2 2 1 0 2 1 0 1 2 1 1 0 1 2 1 2 2 2 -2 -2 -1 -2 -2 -1 -1 0 -2 -1 -1 -2 -2 -2 -1 0 -2 -1 0 -1 -2 -1 -1 0 -1 -2 -1 -2 -2 -2
0.0826555737539659 -1.52219913349646 0.444231325894751 0.863861728488829 0.0416413284872684 -1 2 2 2 2 2 1 0 1 1 2 0 2 2 2 2 2 1 1 1 2 2 2 2 0 0 2 0 0 2 0 -2 -2 -2 -2 -2 -1 0 -1 -1 -2 0 -2 -2 -2 -2 -2 -1 -1 -1 -2 -2 -2 -2 0 0 -2 0 0 -2 0
0.0946173988104147 -1.01103863081208 -1.29669701628883 0.91939545379784 0.402582109948452 1 2 1 2 2 2 1 0 0 1 1 0 1 2 2 2 2 2 1 0 1 2 1 2 1 0 2 0 0 2 0 2 1 2 2 2 1 0 0 1 1 0 1 2 2 2 2 2 1 0 1 2 1 2 1 0 2 0 0 2 0
0.648449553544102 0.84377826001557 -1.61761977119158 0.615007352855246 -0.0729378814175077 1 2 2 2 0 0 0 0 0 1 2 0 2 2 2 2 1 1 1 0 2 2 1 0 0 0 1 0 0 2 1 2 2 2 0 0 0 0 0 1 2 0 2 2 2 2 1 1 1 0 2 2 1 0 0 0 1 0 0 2 1
-0.260706498879654 0.251547849030466 0.821692830832138 -1.00631973690535 -1.67856610521179 -1 2 2 2 2 1 1 1 0 0 2 1 2 2 1 2 1 1 1 0 1 1 2 2 2 0 2 1 1 2 2 -2 -2 -2 -2 -1 -1 -1 0 0 -2 -1 -2 -2 -1 -2 -1 -1 -1 0 -1 -1 -2 -2 -2 0 -2 -1 -1 -2 -2
0.346412628332067 0.327232981447178 -1.10046405945633 0.661109795989502 -1.2170329398239 -1 2 2 2 0 1 0 0 0 1 1 0 2 2 2 1 1 1 1 0 2 2 2 1 1 0 2 0 0 1 0 -2 -2 -2 0 -1 0 0 0 -1 -1 0 -2 -2 -2 -1 -1 -1 -1 0 -2 -2 -2 -1 -1 0 -2 0 0 -1 0
-0.683527212713758 0.474992600422235 -0.3137148754537 1.00280214585374 0.0635490813944652 1 2 1 2 2 1 1 1 1 2 1 0 2 2 0 1 1 2 2 1 2 2 2 2 0 0 2 0 1 2 1 2 1 2 2 1 1 1 1 2 1 0 2 2 0 1 1 2 2 1 2 2 2 2 0 0 2 0 1 2 1
1.7834847507475 0.218686598720199 -1.49176384384627 -0.853097244570922 -0.0765791677296752 -1 1 2 2 1 2 0 0 0 0 1 0 1 2 1 1 1 2 2 0 2 2 2 2 0 0 2 0 0 2 0 -1 -2 -2 -1 -2 0 0 0 0 -1 0 -1 -2 -1 -1 -1 -2 -2 0 -2 -2 -2 -2 0 0 -2 0 0 -2 0
0.0458328144995025 -0.11430609984667 -0.459894391986934 -0.746955915740086 0.303725408846165 -1 2 1 2 1 0 1 1 0 2 2 0 2 2 1 2 1 2 2 1 2 2 2 1 0 1 1 0 1 2 1 -2 -1 -2 -1 0 -1 -1 0 -2 -2 0 -2 -2 -1 -2 -1 -2 -2 -1 -2 -2 -2 -1 0 -1 -1 0 -1 -2 -1
0.0993789078401881 0.684158489107469 0.35395774539732 -1.19970271092369 1.6200294213157 -1 1 1 1 2 2 1 0 0 0 2 1 2 2 2 1 1 2 2 1 2 2 2 2 0 0 2 0 1 2 1 -1 -1 -1 -2 -2 -1 0 0 0 -2 -1 -2 -2 -2 -1 -1 -2 -2 -1 -2 -2 -2 -2 0 0 -2 0 -1 -2 -1
-0.64882685221516 -0.96803813462146 0.806774020048927 1.64967822181609 -0.482061433219363 1 2 0 1 1 1 0 1 0 1 1 0 0 2 2 2 2 2 2 1 2 2 1 2 1 0 2 1 0 2 1 2 0 1 1 1 0 1 0 1 1 0 0 2 2 2 2 2 2 1 2 2 1 2 1 0 2 1 0 2 1
-0.899285646869212 -0.299293880540837 0.801466108138057 -1.86350896847188 -0.533392549929828 -1 2 1 1 0 0 0 0 0 2 2 0 2 2 2 1 1 2 2 0 2 2 1 1 0 1 2 1 0 1 0 -2 -1 -1 0 0 0 0 0 -2 -2 0 -2 -2 -2 -1 -1 -2 -2 0 -2 -2 -1 -1 0 -1 -2 -1 0 -1 0
-1.05226117323403 0.781907412926097 0.863601604999294 -0.936103797514338 -0.301434593464082 1 2 2 2 2 2 0 0 0 1 2 0 1 2 2 1 2 2 1 0 2 2 1 1 0 0 2 1 0 2 1 2 2 2 2 2 0 0 0 1 2 0 1 2 2 1 2 2 1 0 2 2 1 1 0 0 2 1 0 2 1
1.0544738309806 0.0637189158751376 0.154800854804422 -0.703790401059529 -1.65704788886249 -1 2 1 1 1 0 1 0 0 1 2 1 2 2 2 2 2 2 1 0 2 2 2 1 0 0 2 1 1 2 0 -2 -1 -1 -1 0 -1 0 0 -1 -2 -1 -2 -2 -2 -2 -2 -2 -1 0 -2 -2 -2 -1 0 0 -2 -1 -1 -2 0
-0.557371249317012 1.06559506896452 -0.0370030047697861 1.01208682444061 -0.276709814429777 -1 2 2 1 1 1 1 0 0 1 2 0 2 2 2 0 0 1 0 0 2 2 2 2 2 0 1 1 0 1 0 -2 -2 -1 -1 -1 -1 0 0 -1 -2 0 -2 -2 -2 0 0 -1 0 0 -2 -2 -2 -2 -2 0 -1 -1 0 -1 0
0.241344194111388 -0.768632403295143 2.28960191884318 -0.81829255852185 -0.0819247417649064 1 2 1 2 2 1 1 2 1 1 2 1 2 2 2 1 1 2 1 0 2 2 1 1 0 0 1 0 0 2 1 2 1 2 2 1 1 2 1 1 2 1 2 2 2 1 1 2 1 0 2 2 1 1 0 0 1 0 0 2 1
1.11339979948772 1.30144490023268 1.28931316825318 1.59185659275818 -1.74510653717996 -1 2 2 2 2 2 2 2 1 1 1 0 1 2 2 2 2 2 1 1 2 2 1 1 0 0 2 2 1 2 2 -2 -2 -2 -2 -2 -2 -2 -1 -1 -1 0 -1 -2 -2 -2 -2 -2 -1 -1 -2 -2 -1 -1 0 0 -2 -2 -1 -2 -2
-1.46039437795925 -0.922316191025489 0.19908173863767 1.67644281894252 0.149452856392332 -1 0 0 1 2 0 2 1 0 0 2 0 2 2 2 0 0 2 1 0 2 2 2 1 0 1 2 1 0 2 1 0 0 -1 -2 0 -2 -1 0 0 -2 0 -2 -2 -2 0 0 -2 -1 0 -2 -2 -2 -1 0 -1 -2 -1 0 -2 -1
-1.77433569106742 -0.328854720632503 -1.01561244700399 -0.991663522279005 2.01247059508376 -1 2 2 2 2 2 2 2 1 1 2 0 1 2 2 2 1 2 2 2 2 2 2 2 2 0 2 0 0 2 1 -2 -2 -2 -2 -2 -2 -2 -1 -1 -2 0 -1 -2 -2 -2 -1 -2 -2 -2 -2 -2 -2 -2 -2 0 -2 0 0 -2 -1
-0.0141139685811253 0.426653368281051 -1.86271995106689 1.5257216718665 1.39719568596571 1 2 2 2 2 2 1 1 0 0 0 0 1 2 2 2 1 2 2 1 2 2 2 2 1 0 2 1 1 2 1 2 2 2 2 2 1 1 0 0 0 0 1 2 2 2 1 2 2 1 2 2 2 2 1 0 2 1 1 2 1
1.51419264560287 0.340872975078764 0.339406652514902 0.554788534697325 -0.827735582562781 -1 2 2 2 2 1 0 1 0 1 1 0 2 2 1 2 1 2 2 1 2 2 1 1 0 0 2 0 0 2 0 -2 -2 -2 -2 -1 0 -1 0 -1 -1 0 -2 -2 -1 -2 -1 -2 -2 -1 -2 -2 -1 -1 0 0 -2 0 0 -2 0
-0.211558671776614 0.587247586689106 0.506600393015609 1.7705909494344 1.54970876500162 -1 2 2 2 1 1 0 2 1 1 2 0 2 2 1 2 2 2 2 1 2 2 0 2 1 0 2 0 0 2 1 -2 -2 -2 -1 -1 0 -2 -1 -1 -2 0 -2 -2 -1 -2 -2 -2 -2 -1 -2 -2 0 -2 -1 0 -2 0 0 -2 -1
1.50789592834052 -1.70246068996906 1.43696514762556 -0.984292725805139 -0.297780668127623 1 1 0 0 0 0 1 0 0 0 1 0 2 2 1 1 1 2 1 0 2 2 2 1 1 1 2 1 1 2 2 1 0 0 0 0 1 0 0 0 1 0 2 2 1 1 1 2 1 0 2 2 2 1 1 1 2 1 1 2 2
