-0.182555178694907 -0.234218397283898 -0.76309987250233 1.64059654310197 0.40677044105527 1 1 1 2 1 0 1 1 1 0 0 1 2 1 2 2 1 1 2 2 1 2 2 0 0 0 2 0 1 1 2 1 1 2 1 0 1 1 1 0 0 1 2 1 2 2 1 1 2 2 1 2 2 0 0 0 2 0 1 1 2
0.596115477594284 -0.96370968736932 0.920636794186383 0.865548024342954 0.717585751573115 1 1 0 2 2 0 2 1 1 0 0 1 0 1 0 1 1 1 2 2 1 2 2 1 1 0 2 0 2 1 1 1 0 2 2 0 2 1 1 0 0 1 0 1 0 1 1 1 2 2 1 2 2 1 1 0 2 0 2 1 1
0.375601806155594 1.34650996580147 0.566225674268588 -1.14031234331879 -1.30792588227395 -1 1 0 1 0 0 0 0 2 2 2 2 2 2 1 1 1 0 2 2 1 2 2 1 0 0 0 0 1 1 2 -1 0 -1 0 0 0 0 -2 -2 -2 -2 -2 -2 -1 -1 -1 0 -2 -2 -1 -2 -2 -1 0 0 0 0 -1 -1 -2
0.545473368953159 2.66697491686245 -0.880040841399907 3.16424802437192 0.40990466462374 -1 1 0 2 0 0 0 0 2 0 0 1 1 2 2 1 0 1 2 2 0 2 2 0 0 0 1 0 1 1 1 -1 0 -2 0 0 0 0 -2 0 0 -1 -1 -2 -2 -1 0 -1 -2 -2 0 -2 -2 0 0 0 -1 0 -1 -1 -1
-1.10278160184988 -1.3160509833245 -1.19713384591251 -0.235520768608118 -1.50302287215316 1 1 2 2 2 0 2 2 0 1 0 2 0 1 0 1 2 2 2 1 1 2 2 0 1 0 2 0 0 0 1 1 2 2 2 0 2 2 0 1 0 2 0 1 0 1 2 2 2 1 1 2 2 0 1 0 2 0 0 0 1
-0.755076359794651 -0.577758992772727 -1.92720895906225 1.15477304118296 -1.12261430610392 -1 1 1 1 1 0 1 1 2 1 0 1 1 0 1 1 1 0 1 2 0 2 2 1 2 1 1 0 2 2 2 -1 -1 -1 -1 0 -1 -1 -2 -1 0 -1 -1 0 -1 -1 -1 0 -1 -2 0 -2 -2 -1 -2 -1 -1 0 -2 -2 -2
0.00668254857613098 0.359156505836737 -0.268786618342815 0.167592456987938 0.588110189043017 1 0 0 1 1 0 1 1 0 0 0 2 0 1 0 2 2 1 2 2 0 1 2 1 0 0 0 0 1 2 1 0 0 1 1 0 1 1 0 0 0 2 0 1 0 2 2 1 2 2 0 1 2 1 0 0 0 0 1 2 1
0.132224132621501 -0.655857939019065 0.893315729797478 -1.27627303620576 0.843092447208223 1 0 0 2 2 0 1 0 1 0 0 1 0 0 0 1 1 1 1 1 0 1 2 0 0 2 1 0 2 2 2 0 0 2 2 0 1 0 1 0 0 1 0 0 0 1 1 1 1 1 0 1 2 0 0 2 1 0 2 2 2
-1.22484080066238 0.22406616444535 -0.214312477815747 0.954492032822221 0.924486746964623 -1 1 0 1 1 1 2 1 0 0 0 1 1 1 0 2 1 0 2 1 0 1 2 2 0 0 1 0 2 1 2 -1 0 -1 -1 -1 -2 -1 0 0 0 -1 -1 -1 0 -2 -1 0 -2 -1 0 -1 -2 -2 0 0 -1 0 -2 -1 -2
-1.5519850431699 2.22598315807258 -0.781227305321802 0.414807464377713 -0.8584252222665 -1 0 0 2 0 0 1 0 2 1 0 2 1 2 1 1 1 2 2 2 1 2 2 2 2 0 2 0 1 1 1 0 0 -2 0 0 -1 0 -2 -1 0 -2 -1 -2 -1 -1 -1 -2 -2 -2 -1 -2 -2 -2 -2 0 -2 0 -1 -1 -1
-0.356762604404441 -0.17005500686884 -0.337185421034363 0.785961706271035 -1.84268279464347 1 0 0 0 0 0 2 0 1 0 0 2 1 1 0 1 1 0 2 2 0 1 2 2 1 1 1 0 2 2 2 0 0 0 0 0 2 0 1 0 0 2 1 1 0 1 1 0 2 2 0 1 2 2 1 1 1 0 2 2 2
1.33191300476375 0.644037022556462 -0.465442878144598 0.801697854425579 -0.941046333739213 -1 1 0 1 0 0 1 1 1 1 0 2 2 1 1 2 2 0 2 2 0 2 2 2 2 1 1 0 1 2 2 -1 0 -1 0 0 -1 -1 -1 -1 0 -2 -2 -1 -1 -2 -2 0 -2 -2 0 -2 -2 -2 -2 -1 -1 0 -1 -2 -2
0.565089039280808 -0.845190148660977 0.977371218994234 1.03459074763949 -0.130840651786086 1 1 1 2 1 0 2 0 0 0 0 1 2 2 0 1 0 0 2 1 0 2 2 1 2 0 1 0 1 1 0 1 1 2 1 0 2 0 0 0 0 1 2 2 0 1 0 0 2 1 0 2 2 1 2 0 1 0 1 1 0
-0.0607226843059673 0.671676088065225 -0.759352089951227 -0.234034443492332 -1.01255788739632 -1 0 0 1 0 0 1 1 1 0 0 1 0 0 0 1 1 1 2 1 0 0 1 1 0 0 2 0 1 1 2 0 0 -1 0 0 -1 -1 -1 0 0 -1 0 0 0 -1 -1 -1 -2 -1 0 0 -1 -1 0 0 -2 0 -1 -1 -2
0.458349768925337 -0.363398589287876 0.868860545455555 -0.463982182046688 -1.44675743162396 -1 1 0 2 1 0 1 0 0 0 0 2 0 1 0 2 1 0 1 1 1 2 2 1 2 2 1 0 2 2 2 -1 0 -2 -1 0 -1 0 0 0 0 -2 0 -1 0 -2 -1 0 -1 -1 -1 -2 -2 -1 -2 -2 -1 0 -2 -2 -2
1.44926057764372 -0.350125399512107 -1.05460481540819 0.60956126608918 0.617137613449199 1 1 0 2 1 0 2 1 1 0 0 1 2 2 1 1 1 0 1 2 0 2 2 1 1 0 0 0 0 0 1 1 0 2 1 0 2 1 1 0 0 1 2 2 1 1 1 0 1 2 0 2 2 1 1 0 0 0 0 0 1
0.709663779296144 0.199527820964709 -1.34609882512294 -0.579794487691646 0.845362270517456 1 1 0 1 2 0 2 1 0 0 0 2 1 2 0 2 1 1 2 2 0 1 2 2 1 0 0 0 2 2 1 1 0 1 2 0 2 1 0 0 0 2 1 2 0 2 1 1 2 2 0 1 2 2 1 0 0 0 2 2 1
-0.519669159032558 -0.900268801673441 1.61886717996535 -0.74684020191145 1.6106403627583 -1 1 1 2 0 0 2 1 2 0 0 2 1 2 0 2 1 1 2 2 1 1 2 1 1 0 1 0 1 2 2 -1 -1 -2 0 0 -2 -1 -2 0 0 -2 -1 -2 0 -2 -1 -1 -2 -2 -1 -1 -2 -1 -1 0 -1 0 -1 -2 -2
0.496477613817779 -0.802678917978728 -0.170585348553325 2.44733328391571 0.391272314663605 -1 1 1 2 1 0 0 0 0 0 0 1 1 2 1 1 1 1 1 2 0 1 2 1 0 1 1 0 2 1 2 -1 -1 -2 -1 0 0 0 0 0 0 -1 -1 -2 -1 -1 -1 -1 -1 -2 0 -1 -2 -1 0 -1 -1 0 -2 -1 -2
-0.844688753262949 -0.356792653808744 0.93151513865506 1.00547895589248 0.842310643552914 -1 0 0 2 0 0 0 0 0 0 0 1 0 1 0 1 1 1 2 2 1 0 2 0 0 0 2 0 1 2 2 0 0 -2 0 0 0 0 0 0 0 -1 0 -1 0 -1 -1 -1 -2 -2 -1 0 -2 0 0 0 -2 0 -1 -2 -2
0.0401066908988929 -0.659511898945103 0.818630165994657 0.994660705756912 -2.06491433922582 1 2 1 2 1 0 2 1 2 2 1 2 0 1 0 1 0 0 1 1 0 2 2 0 1 1 1 0 0 1 1 2 1 2 1 0 2 1 2 2 1 2 0 1 0 1 0 0 1 1 0 2 2 0 1 1 1 0 0 1 1
1.40319335150653 -1.84766335716537 1.75104634753269 0.707281569042562 -1.76738981422772 -1 0 0 1 0 0 1 0 1 1 0 2 2 1 0 0 1 2 2 2 1 2 2 2 1 1 1 0 1 2 2 0 0 -1 0 0 -1 0 -1 -1 0 -2 -2 -1 0 0 -1 -2 -2 -2 -1 -2 -2 -2 -1 -1 -1 0 -1 -2 -2
-0.28859108474454 2.2049014137749 -0.667852425339205 0.222446897034179 -1.14837898916414 1 0 0 2 0 0 1 0 0 0 0 2 1 1 0 1 1 0 2 2 0 1 2 0 1 0 1 0 2 1 2 0 0 2 0 0 1 0 0 0 0 2 1 1 0 1 1 0 2 2 0 1 2 0 1 0 1 0 2 1 2
-1.82380118395207 0.514640959919713 -0.306003050880915 -1.09709834043563 -0.758284289674644 -1 0 0 2 1 0 1 1 1 1 0 2 0 2 2 2 0 0 1 1 0 1 2 1 1 0 0 0 2 1 1 0 0 -2 -1 0 -1 -1 -1 -1 0 -2 0 -2 -2 -2 0 0 -1 -1 0 -1 -2 -1 -1 0 0 0 -2 -1 -1
-0.32457867421058 -0.846098794121437 1.02697963453799 -1.3570681519831 0.088453016998356 1 0 0 1 2 0 1 0 0 0 0 1 0 0 0 1 1 1 2 2 1 2 2 0 0 1 0 0 1 1 2 0 0 1 2 0 1 0 0 0 0 1 0 0 0 1 1 1 2 2 1 2 2 0 0 1 0 0 1 1 2
-0.184623376613184 0.690407480502257 -0.0531916412524003 -0.929652675074155 0.354960839046872 -1 0 0 2 0 0 1 0 0 0 0 1 1 1 0 2 2 1 2 2 0 1 2 1 1 0 2 0 1 1 1 0 0 -2 0 0 -1 0 0 0 0 -1 -1 -1 0 -2 -2 -1 -2 -2 0 -1 -2 -1 -1 0 -2 0 -1 -1 -1
0.278692099859024 -0.473571419559872 0.34524478704559 0.0760835013572323 -0.190739950183394 1 1 0 1 0 0 1 0 1 0 0 1 1 2 0 0 0 0 2 2 1 1 2 0 0 0 0 0 1 0 1 1 0 1 0 0 1 0 1 0 0 1 1 2 0 0 0 0 2 2 1 1 2 0 0 0 0 0 1 0 1
-0.523393400161927 0.3898014447222 -1.0655428912534 -2.0992701267559 -0.328981795454454 -1 1 1 2 1 0 1 1 1 0 0 2 2 2 1 1 1 0 2 2 0 0 2 0 0 0 2 1 2 2 2 -1 -1 -2 -1 0 -1 -1 -1 0 0 -2 -2 -2 -1 -1 -1 0 -2 -2 0 0 -2 0 0 0 -2 -1 -2 -2 -2
-0.110698086268504 -1.40049446549536 -0.950718212093175 0.0548193465724369 -0.581284167579555 1 1 0 2 1 0 2 1 0 0 0 1 0 1 1 1 1 1 2 2 1 1 2 1 1 0 0 0 0 1 0 1 0 2 1 0 2 1 0 0 0 1 0 1 1 1 1 1 2 2 1 1 2 1 1 0 0 0 0 1 0
-0.108964851096775 2.61184422171655 -0.016381471312068 -0.220404774589468 -1.06439981382044 1 0 0 1 0 0 1 0 2 0 0 2 2 2 2 2 2 1 1 2 2 2 2 2 2 1 2 0 1 1 2 0 0 1 0 0 1 0 2 0 0 2 2 2 2 2 2 1 1 2 2 2 2 2 2 1 2 0 1 1 2
-0.287895945468958 -0.0144822725461352 0.29943468265213 1.2698215693514 -1.32578369905843 -1 2 0 1 1 0 1 0 0 0 0 2 1 2 1 1 0 1 2 2 0 1 2 1 1 0 1 0 0 2 1 -2 0 -1 -1 0 -1 0 0 0 0 -2 -1 -2 -1 -1 0 -1 -2 -2 0 -1 -2 -1 -1 0 -1 0 0 -2 -1
1.3552071293908 0.200632279476287 -1.75460635031254 -0.72986124788573 1.11109393339637 -1 1 0 2 2 0 1 0 0 1 1 2 1 1 0 2 2 1 2 1 0 2 2 0 1 1 1 0 0 0 0 -1 0 -2 -2 0 -1 0 0 -1 -1 -2 -1 -1 0 -2 -2 -1 -2 -1 0 -2 -2 0 -1 -1 -1 0 0 0 0
0.409808104217911 0.34299206016901 1.46837261385841 -0.159507482989316 0.888930877137539 -1 1 0 1 0 0 1 1 2 1 0 2 1 2 1 1 1 0 2 2 0 1 2 2 2 0 1 0 1 2 2 -1 0 -1 0 0 -1 -1 -2 -1 0 -2 -1 -2 -1 -1 -1 0 -2 -2 0 -1 -2 -2 -2 0 -1 0 -1 -2 -2
2.40775133378883 -1.12843164573422 -1.06753562592855 -0.609389876148332 0.316792039670077 1 0 0 2 0 0 0 0 0 0 0 2 1 1 1 1 1 1 2 2 1 1 0 1 0 0 2 0 2 2 2 0 0 2 0 0 0 0 0 0 0 2 1 1 1 1 1 1 2 2 1 1 0 1 0 0 2 0 2 2 2
-0.705346359844535 0.155417595602479 -0.514724057079887 0.735668402694855 -1.27202313311744 1 1 0 2 1 0 1 0 1 0 0 2 0 1 0 2 1 1 2 2 1 2 2 1 0 0 1 0 1 0 1 1 0 2 1 0 1 0 1 0 0 2 0 1 0 2 1 1 2 2 1 2 2 1 0 0 1 0 1 0 1
1.67869209057037 1.01646650469637 0.408770867781191 1.19349834133789 0.786578236778733 -1 1 0 2 0 0 1 1 2 2 0 2 1 2 0 2 1 1 2 2 1 1 2 1 1 1 2 1 2 2 2 -1 0 -2 0 0 -1 -1 -2 -2 0 -2 -1 -2 0 -2 -1 -1 -2 -2 -1 -1 -2 -1 -1 -1 -2 -1 -2 -2 -2
0.69827130957377 -0.504767681143591 -1.07046127489653 -0.272200443681843 0.986991382879906 -1 0 0 2 1 1 1 0 2 2 1 2 2 1 1 1 0 0 2 2 1 0 1 1 1 0 1 0 2 2 2 0 0 -2 -1 -1 -1 0 -2 -2 -1 -2 -2 -1 -1 -1 0 0 -2 -2 -1 0 -1 -1 -1 0 -1 0 -2 -2 -2
1.36751061544837 -2.85092231132235 -1.4801044783524 -1.29164787492719 2.00794374019537 1 0 0 2 1 0 1 0 0 1 0 2 2 2 2 2 2 1 2 1 0 1 2 1 1 1 2 0 2 2 2 0 0 2 1 0 1 0 0 1 0 2 2 2 2 2 2 1 2 1 0 1 2 1 1 1 2 0 2 2 2
1.49932052562057 -0.83895659476783 -0.165159498876782 0.61586507671454 1.25026437374673 -1 1 0 1 1 0 2 2 1 0 0 1 1 2 2 1 0 0 1 2 0 1 2 2 1 0 2 0 2 2 2 -1 0 -1 -1 0 -2 -2 -1 0 0 -1 -1 -2 -2 -1 0 0 -1 -2 0 -1 -2 -2 -1 0 -2 0 -2 -2 -2
0.638056323951615 -1.29750662245382 1.83694570516281 -0.260046349043056 3.07531109685167 -1 0 0 1 1 0 0 0 1 1 0 2 1 1 1 1 2 2 2 2 1 1 1 2 1 0 2 0 0 0 1 0 0 -1 -1 0 0 0 -1 -1 0 -2 -1 -1 -1 -1 -2 -2 -2 -2 -1 -1 -1 -2 -1 0 -2 0 0 0 -1
1.7087209934603 0.51604685952199 -1.02585579738604 0.134400305837849 -1.46554557954127 -1 1 0 1 1 0 1 0 1 0 0 2 1 1 0 2 1 1 1 2 0 1 2 1 2 1 1 0 1 0 2 -1 0 -1 -1 0 -1 0 -1 0 0 -2 -1 -1 0 -2 -1 -1 -1 -2 0 -1 -2 -1 -2 -1 -1 0 -1 0 -2
-0.514706250949166 -0.644348618075248 -0.585780233803637 1.0947173719417 0.184715867882264 1 2 1 2 1 0 0 0 0 0 0 1 0 1 0 2 1 1 2 2 1 1 2 0 0 0 0 0 0 1 2 2 1 2 1 0 0 0 0 0 0 1 0 1 0 2 1 1 2 2 1 1 2 0 0 0 0 0 0 1 2
-1.7136637318667 -0.560753026903502 0.152187222331346 0.395956359034345 0.744474393003996 -1 0 1 1 2 0 1 1 1 0 1 2 2 2 1 2 1 1 2 2 1 2 2 1 2 0 2 0 2 2 2 0 -1 -1 -2 0 -1 -1 -1 0 -1 -2 -2 -2 -1 -2 -1 -1 -2 -2 -1 -2 -2 -1 -2 0 -2 0 -2 -2 -2
-0.226165772935042 0.112126510718108 0.876817517536297 0.697988712307276 -0.663742191314684 1 2 1 2 2 0 1 0 2 0 0 0 0 1 0 1 2 0 2 1 0 1 2 1 1 1 1 0 1 0 0 2 1 2 2 0 1 0 2 0 0 0 0 1 0 1 2 0 2 1 0 1 2 1 1 1 1 0 1 0 0
-0.404181457825838 -0.996139185814455 0.285770773292199 0.240097039809717 0.856115555412217 1 2 1 2 1 0 1 0 1 1 0 0 0 0 0 2 1 2 2 2 2 2 2 2 1 1 1 0 2 1 2 2 1 2 1 0 1 0 1 1 0 0 0 0 0 2 1 2 2 2 2 2 2 2 1 1 1 0 2 1 2
1.07206568443376 2.35921278588805 0.191837820424156 0.754635488465022 1.77613094225121 -1 0 1 2 1 0 2 1 0 0 0 0 0 1 0 1 0 0 2 2 1 1 2 2 2 1 1 0 0 1 2 0 -1 -2 -1 0 -2 -1 0 0 0 0 0 -1 0 -1 0 0 -2 -2 -1 -1 -2 -2 -2 -1 -1 0 0 -1 -2
1.21897823386554 0.466207625144471 -0.965787083096468 -1.19569238901982 -0.69525065318716 1 2 1 2 1 1 2 2 1 1 1 2 1 1 0 0 0 0 1 1 0 0 1 1 1 0 1 0 2 1 2 2 1 2 1 1 2 2 1 1 1 2 1 1 0 0 0 0 1 1 0 0 1 1 1 0 1 0 2 1 2
-1.10086149832832 -1.37122017452392 1.97111345754983 0.349246241907216 -0.87919721179374 1 2 1 2 2 0 2 0 2 1 0 2 1 1 0 2 1 2 2 2 0 0 2 0 0 0 2 0 2 2 2 2 1 2 2 0 2 0 2 1 0 2 1 1 0 2 1 2 2 2 0 0 2 0 0 0 2 0 2 2 2
1.23579101696456 0.0526768306830299 -1.19724194048347 -0.904879520872604 0.974529070627021 -1 0 0 1 0 0 1 1 2 1 0 2 1 1 0 1 1 1 2 1 0 1 2 0 0 0 1 0 0 0 1 0 0 -1 0 0 -1 -1 -2 -1 0 -2 -1 -1 0 -1 -1 -1 -2 -1 0 -1 -2 0 0 0 -1 0 0 0 -1
-0.179756756488758 0.0865232294272143 -0.14477855066236 0.435943660702035 -0.0479443124376311 1 0 0 1 1 0 1 1 0 0 0 2 2 0 0 2 2 2 2 2 1 2 2 1 0 0 2 0 2 2 2 0 0 1 1 0 1 1 0 0 0 2 2 0 0 2 2 2 2 2 1 2 2 1 0 0 2 0 2 2 2
0.285583714263911 -0.34384086378026 -0.263145695849351 0.404558618537385 1.24262371160828 -1 0 0 1 1 0 2 1 0 1 0 1 1 1 1 2 1 1 2 2 1 2 2 0 0 0 1 0 2 2 2 0 0 -1 -1 0 -2 -1 0 -1 0 -1 -1 -1 -1 -2 -1 -1 -2 -2 -1 -2 -2 0 0 0 -1 0 -2 -2 -2
-0.0159196722663346 -0.380455847137875 0.0684084819225204 1.12657302976007 0.313408181210101 -1 1 0 2 1 1 2 1 1 0 0 1 0 1 0 2 2 1 2 2 1 2 1 1 1 0 2 0 2 2 2 -1 0 -2 -1 -1 -2 -1 -1 0 0 -1 0 -1 0 -2 -2 -1 -2 -2 -1 -2 -1 -1 -1 0 -2 0 -2 -2 -2
-0.198003629610623 0.80036246365938 -1.4303831560034 0.224173358945294 -0.882587283610403 -1 1 1 2 1 0 1 0 1 2 1 2 1 2 0 1 2 1 2 2 0 2 2 2 2 1 1 0 2 2 2 -1 -1 -2 -1 0 -1 0 -1 -2 -1 -2 -1 -2 0 -1 -2 -1 -2 -2 0 -2 -2 -2 -2 -1 -1 0 -2 -2 -2
-0.734459416999272 -1.09855710706768 0.137832053851454 0.428618962916177 1.14243695042052 1 1 1 2 1 0 0 1 1 1 1 2 2 2 1 2 1 0 2 1 0 2 2 1 0 1 2 0 2 2 0 1 1 2 1 0 0 1 1 1 1 2 2 2 1 2 1 0 2 1 0 2 2 1 0 1 2 0 2 2 0
0.544856654984044 1.25392773730136 0.771156097862042 -1.70085934400114 1.33735950164636 -1 0 0 1 1 0 2 1 2 0 0 1 2 2 0 2 1 0 1 2 0 2 2 1 1 1 2 0 1 1 2 0 0 -1 -1 0 -2 -1 -2 0 0 -1 -2 -2 0 -2 -1 0 -1 -2 0 -2 -2 -1 -1 -1 -2 0 -1 -1 -2
0.768111329335182 1.00449364297068 0.0301231861235027 -0.238439670227544 -1.40286954857245 1 0 0 2 2 0 2 1 1 1 0 2 1 1 1 2 1 1 2 2 2 1 2 1 1 1 1 0 1 2 2 0 0 2 2 0 2 1 1 1 0 2 1 1 1 2 1 1 2 2 2 1 2 1 1 1 1 0 1 2 2
0.305917612742047 -1.21859712053076 -0.302691058570536 0.473274341006037 -0.651048539932709 -1 2 1 1 1 0 1 0 0 0 0 1 0 1 0 2 2 2 2 2 0 1 2 2 1 1 0 0 1 1 0 -2 -1 -1 -1 0 -1 0 0 0 0 -1 0 -1 0 -2 -2 -2 -2 -2 0 -1 -2 -2 -1 -1 0 0 -1 -1 0
0.376912125623715 0.0699121322037481 -0.49901162336724 -1.16013633257091 0.26038333852473 -1 1 0 2 0 0 1 0 1 1 0 2 1 2 1 2 1 0 2 2 1 1 2 1 1 1 2 1 2 2 2 -1 0 -2 0 0 -1 0 -1 -1 0 -2 -1 -2 -1 -2 -1 0 -2 -2 -1 -1 -2 -1 -1 -1 -2 -1 -2 -2 -2
0.877520720258823 -0.582371224548909 -0.0421787646861932 -0.392485270614899 0.77763749107354 -1 0 1 2 1 0 2 0 1 0 0 1 0 1 1 2 1 1 2 2 0 1 2 0 0 1 1 0 0 0 1 0 -1 -2 -1 0 -2 0 -1 0 0 -1 0 -1 -1 -2 -1 -1 -2 -2 0 -1 -2 0 0 -1 -1 0 0 0 -1
0.0381365609727434 -0.107891608261557 -0.413555278846338 -1.35072362790792 -0.928757359268716 1 1 0 1 0 0 1 1 0 1 0 2 2 1 1 2 1 2 2 2 0 2 2 1 0 0 1 0 2 1 1 1 0 1 0 0 1 1 0 1 0 2 2 1 1 2 1 2 2 2 0 2 2 1 0 0 1 0 2 1 1
-0.0429912491483174 1.57174049553417 -0.453985653644466 -0.713925786679274 -0.66856447932282 -1 2 0 1 1 0 2 2 1 1 0 2 1 2 0 2 2 0 2 1 1 2 2 0 1 0 2 0 1 1 1 -2 0 -1 -1 0 -2 -2 -1 -1 0 -2 -1 -2 0 -2 -2 0 -2 -1 -1 -2 -2 0 -1 0 -2 0 -1 -1 -1
0.232185724751002 -1.44199245888618 0.316601938020568 1.02699619418117 1.18891109482953 -1 0 0 2 1 0 1 1 0 0 0 2 2 2 1 1 1 0 2 2 0 1 2 1 1 0 2 1 2 1 2 0 0 -2 -1 0 -1 -1 0 0 0 -2 -2 -2 -1 -1 -1 0 -2 -2 0 -1 -2 -1 -1 0 -2 -1 -2 -1 -2
-0.564740566921557 0.182728734968018 0.743152920762372 -0.844730637798279 0.334908731490701 1 0 0 1 0 0 2 1 1 0 0 1 1 1 0 1 0 0 2 2 0 2 2 2 2 1 1 0 1 1 1 0 0 1 0 0 2 1 1 0 0 1 1 1 0 1 0 0 2 2 0 2 2 2 2 1 1 0 1 1 1
1.67473743502075 0.824081322994318 1.476968851368 0.79444220808539 0.598113443911667 -1 1 0 1 1 0 1 0 0 0 0 1 2 2 0 1 1 0 2 2 2 1 2 1 1 0 1 0 1 2 2 -1 0 -1 -1 0 -1 0 0 0 0 -1 -2 -2 0 -1 -1 0 -2 -2 -2 -1 -2 -1 -1 0 -1 0 -1 -2 -2
2.16295232011651 -0.975916123609113 1.02627868526627 -0.58578410300909 0.663325608817414 1 0 0 2 2 0 1 0 0 0 1 1 1 2 1 1 1 1 2 1 0 0 2 2 2 1 2 0 1 1 1 0 0 2 2 0 1 0 0 0 1 1 1 2 1 1 1 1 2 1 0 0 2 2 2 1 2 0 1 1 1
-1.3029998080026 -1.15213459868189 -0.876427800936298 0.589317370453259 -0.992106136893268 1 2 1 1 0 0 0 0 2 1 0 1 0 1 1 1 0 1 2 2 0 1 2 1 0 0 2 0 0 2 2 2 1 1 0 0 0 0 2 1 0 1 0 1 1 1 0 1 2 2 0 1 2 1 0 0 2 0 0 2 2
1.80035797449102 -0.578981658740913 -0.638583845598761 0.531009497942487 0.762044878320092 1 0 0 0 0 0 2 0 1 0 1 2 2 2 0 1 0 0 1 2 0 2 1 1 1 0 1 0 2 2 2 0 0 0 0 0 2 0 1 0 1 2 2 2 0 1 0 0 1 2 0 2 1 1 1 0 1 0 2 2 2
-0.0710761257332877 1.50221831415118 0.75048120876778 -0.0196801091383952 -0.331629645869457 1 0 0 1 0 0 1 0 1 1 0 2 1 2 1 2 2 1 2 2 1 1 2 1 1 1 2 0 2 2 2 0 0 1 0 0 1 0 1 1 0 2 1 2 1 2 2 1 2 2 1 1 2 1 1 1 2 0 2 2 2
2.30955500216753 1.03690347544821 -1.09289328800493 -0.658638375968674 0.054174199949756 1 0 0 1 0 0 1 1 1 0 0 2 1 1 0 2 1 0 1 2 0 2 2 1 1 1 0 0 1 1 2 0 0 1 0 0 1 1 1 0 0 2 1 1 0 2 1 0 1 2 0 2 2 1 1 1 0 0 1 1 2
-0.925795308585821 -0.980636326932694 -0.254656412995918 -0.102816935412332 0.0468706314087036 -1 1 0 1 0 0 2 2 1 0 0 2 2 1 1 1 2 2 2 1 0 2 2 2 2 1 2 0 2 1 1 -1 0 -1 0 0 -2 -2 -1 0 0 -2 -2 -1 -1 -1 -2 -2 -2 -1 0 -2 -2 -2 -2 -1 -2 0 -2 -1 -1
0.582858755923227 0.353434572646569 -0.470115465827376 -1.58928422695312 -0.307995182880746 -1 1 1 1 1 0 2 1 0 0 0 1 0 0 0 1 0 0 2 2 1 2 2 1 2 1 1 0 2 2 2 -1 -1 -1 -1 0 -2 -1 0 0 0 -1 0 0 0 -1 0 0 -2 -2 -1 -2 -2 -1 -2 -1 -1 0 -2 -2 -2
-0.128166675252359 -0.480207541686658 -0.894238826925529 0.77163945546656 0.37295055826121 1 1 0 2 1 0 2 1 0 0 0 2 1 2 0 0 0 0 1 2 0 1 2 2 0 0 0 0 1 2 2 1 0 2 1 0 2 1 0 0 0 2 1 2 0 0 0 0 1 2 0 1 2 2 0 0 0 0 1 2 2
-0.342863045742911 -0.440510495284756 -1.22979892982637 -1.40896320478913 0.937067487685527 1 1 0 1 1 0 2 1 1 1 0 2 1 2 1 2 0 0 2 2 1 1 2 1 0 0 2 0 1 2 2 1 0 1 1 0 2 1 1 1 0 2 1 2 1 2 0 0 2 2 1 1 2 1 0 0 2 0 1 2 2
0.903827812865696 0.417424787175078 0.709074654158998 -0.450287436739904 1.37106831347157 1 1 0 2 2 0 2 2 0 0 0 2 0 0 1 2 0 1 2 2 1 2 2 1 0 0 2 0 2 2 1 1 0 2 2 0 2 2 0 0 0 2 0 0 1 2 0 1 2 2 1 2 2 1 0 0 2 0 2 2 1
-1.04635840662297 0.416600859317344 -0.660542893820875 -0.924695729877505 0.0139035293369803 -1 2 1 2 2 0 2 1 0 0 0 2 0 2 1 1 2 1 2 2 1 1 2 1 1 0 2 0 0 2 2 -2 -1 -2 -2 0 -2 -1 0 0 0 -2 0 -2 -1 -1 -2 -1 -2 -2 -1 -1 -2 -1 -1 0 -2 0 0 -2 -2
0.425202987996087 -0.0248147668291924 0.0889895671045456 -1.33485148936756 -1.07709877801114 1 1 1 2 0 0 1 0 1 1 0 2 1 0 1 2 0 0 2 2 0 1 2 2 2 1 1 0 2 1 2 1 1 2 0 0 1 0 1 1 0 2 1 0 1 2 0 0 2 2 0 1 2 2 2 1 1 0 2 1 2
0.693813964040146 -0.748708189896552 -0.217862393105415 0.114229339609531 -0.901627394619951 -1 1 0 1 1 0 2 0 2 1 1 2 2 2 1 1 1 0 2 2 1 1 2 1 1 0 1 0 2 2 1 -1 0 -1 -1 0 -2 0 -2 -1 -1 -2 -2 -2 -1 -1 -1 0 -2 -2 -1 -1 -2 -1 -1 0 -1 0 -2 -2 -1
-0.629735004689296 -0.89475355793971 -1.47693587623671 1.35059202115133 0.0882010230408493 -1 0 1 2 1 0 1 1 1 0 0 1 1 2 0 1 1 2 2 2 1 1 2 2 2 0 1 0 2 2 1 0 -1 -2 -1 0 -1 -1 -1 0 0 -1 -1 -2 0 -1 -1 -2 -2 -2 -1 -1 -2 -2 -2 0 -1 0 -2 -2 -1
-0.754035866737852 -1.05496925199737 -1.71473331132763 0.207354905857344 -0.680536162179035 1 1 0 1 0 0 0 1 0 1 0 1 0 2 1 0 1 1 2 2 0 2 2 1 1 1 1 0 1 1 2 1 0 1 0 0 0 1 0 1 0 1 0 2 1 0 1 1 2 2 0 2 2 1 1 1 1 0 1 1 2
-1.14379676896811 -0.317629850930137 0.0673085470187148 0.978032570039301 0.12628165651747 1 1 0 2 1 0 2 0 0 0 0 2 2 2 2 2 2 2 2 2 0 0 1 1 0 0 1 0 0 1 1 1 0 2 1 0 2 0 0 0 0 2 2 2 2 2 2 2 2 2 0 0 1 1 0 0 1 0 0 1 1
-0.315661194803336 0.553955354051309 0.908947224795737 0.306483012351705 -1.13162912775783 -1 1 1 1 1 0 1 0 1 1 0 2 2 2 0 2 1 0 2 2 0 2 2 2 2 0 1 0 1 1 1 -1 -1 -1 -1 0 -1 0 -1 -1 0 -2 -2 -2 0 -2 -1 0 -2 -2 0 -2 -2 -2 -2 0 -1 0 -1 -1 -1
0.990276814070885 -0.829080456177733 -0.426406641284121 0.970491883629986 -1.05535074822178 1 2 0 1 0 0 0 0 1 1 0 2 0 1 1 2 1 1 2 2 1 2 2 2 1 1 1 0 1 1 2 2 0 1 0 0 0 0 1 1 0 2 0 1 1 2 1 1 2 2 1 2 2 2 1 1 1 0 1 1 2
-2.33251971767644 0.7044508734931 -0.669737761653426 0.489748845451189 0.886760312201498 1 1 0 0 0 0 0 0 0 0 0 2 0 1 0 2 1 1 2 2 1 2 2 1 0 0 2 1 2 2 1 1 0 0 0 0 0 0 0 0 0 2 0 1 0 2 1 1 2 2 1 2 2 1 0 0 2 1 2 2 1
-1.9596088217772 1.10079111274538 -0.259237255479873 1.80475415990274 -0.943919282546112 -1 2 2 2 1 0 1 0 1 0 0 2 1 1 0 2 1 0 2 2 0 1 2 2 2 1 2 0 2 2 2 -2 -2 -2 -1 0 -1 0 -1 0 0 -2 -1 -1 0 -2 -1 0 -2 -2 0 -1 -2 -2 -2 -1 -2 0 -2 -2 -2
0.858875769544002 -0.238718529772788 -0.566571199606413 -1.45230355569012 -0.204928812278142 -1 0 0 1 0 0 1 1 1 2 2 2 1 1 0 2 1 1 2 2 0 2 2 2 2 1 1 0 1 0 2 0 0 -1 0 0 -1 -1 -1 -2 -2 -2 -1 -1 0 -2 -1 -1 -2 -2 0 -2 -2 -2 -2 -1 -1 0 -1 0 -2
1.07154554887499 0.524331406740499 0.578921158342306 0.687438651816888 -0.685266126699788 -1 1 0 1 1 0 0 1 1 0 0 1 0 1 1 2 1 0 2 2 0 0 2 1 1 0 1 0 1 1 1 -1 0 -1 -1 0 0 -1 -1 0 0 -1 0 -1 -1 -2 -1 0 -2 -2 0 0 -2 -1 -1 0 -1 0 -1 -1 -1
-0.765911021055768 -1.24750395762959 -0.275413955503093 0.923292793497604 -0.603339393893364 -1 0 0 2 0 0 2 2 1 0 0 1 0 1 2 1 0 0 2 2 0 2 2 1 0 0 1 0 0 1 2 0 0 -2 0 0 -2 -2 -1 0 0 -1 0 -1 -2 -1 0 0 -2 -2 0 -2 -2 -1 0 0 -1 0 0 -1 -2
0.192848558960584 0.329807988182511 0.0751564589132762 0.676895226356339 0.101186875837124 -1 1 0 0 0 0 1 1 2 1 0 0 0 1 1 1 1 1 1 2 0 1 1 1 0 0 1 0 0 1 2 -1 0 0 0 0 -1 -1 -2 -1 0 0 0 -1 -1 -1 -1 -1 -1 -2 0 -1 -1 -1 0 0 -1 0 0 -1 -2
0.643819556135136 -1.79182872130924 0.109168048932234 -1.80870539790288 -0.215892463752696 -1 0 0 1 2 0 1 1 1 1 0 1 1 2 0 2 1 1 1 2 0 0 2 1 1 0 2 0 1 2 2 0 0 -1 -2 0 -1 -1 -1 -1 0 -1 -1 -2 0 -2 -1 -1 -1 -2 0 0 -2 -1 -1 0 -2 0 -1 -2 -2
-1.32963751992332 0.0538462017560878 0.188578166535215 0.926465102515042 1.13642127496922 1 0 0 2 1 0 2 0 1 0 0 2 2 2 1 2 0 0 2 2 0 2 2 1 1 0 1 0 1 2 2 0 0 2 1 0 2 0 1 0 0 2 2 2 1 2 0 0 2 2 0 2 2 1 1 0 1 0 1 2 2
-0.856338908698864 0.30120244210427 -0.823125278802883 0.343227788178228 0.844474997895572 -1 0 0 2 1 0 1 1 0 0 0 2 1 2 2 1 1 2 2 1 0 0 1 1 1 1 2 0 1 2 2 0 0 -2 -1 0 -1 -1 0 0 0 -2 -1 -2 -2 -1 -1 -2 -2 -1 0 0 -1 -1 -1 -1 -2 0 -1 -2 -2
-0.60809318826231 -0.0459832654403635 -0.668671306765298 1.09746276256211 1.01811550689794 1 1 0 1 1 0 2 0 1 1 0 2 1 1 0 2 1 1 2 2 2 1 2 1 0 0 1 0 1 1 2 1 0 1 1 0 2 0 1 1 0 2 1 1 0 2 1 1 2 2 2 1 2 1 0 0 1 0 1 1 2
-1.31046734211691 -0.489473293975835 -0.369062914581689 0.516641975671159 -1.44092652326914 1 1 1 2 1 0 0 1 1 0 0 1 1 1 0 2 1 0 2 2 1 1 2 1 0 0 2 1 1 2 2 1 1 2 1 0 0 1 1 0 0 1 1 1 0 2 1 0 2 2 1 1 2 1 0 0 2 1 1 2 2
1.12553564641513 -0.959392235763196 -0.209304217360246 -1.40573591172735 -0.93722081705133 -1 1 0 2 2 0 0 0 1 0 0 2 1 1 0 1 1 1 2 2 1 2 2 1 1 0 2 0 2 2 2 -1 0 -2 -2 0 0 0 -1 0 0 -2 -1 -1 0 -1 -1 -1 -2 -2 -1 -2 -2 -1 -1 0 -2 0 -2 -2 -2
2.98347892729499 0.238019527247213 -0.772439772751768 0.42808652872652 0.139499130306193 1 1 0 1 1 0 1 0 1 0 0 1 1 2 1 2 2 1 2 1 0 2 2 2 1 0 2 1 2 2 1 1 0 1 1 0 1 0 1 0 0 1 1 2 1 2 2 1 2 1 0 2 2 2 1 0 2 1 2 2 1
-0.0688266977706612 1.16307901339187 0.221671839928416 0.442695588306552 0.641505126917062 1 0 0 2 1 0 2 1 1 1 0 2 2 2 2 1 0 1 2 2 0 2 2 1 2 2 2 0 0 1 2 0 0 2 1 0 2 1 1 1 0 2 2 2 2 1 0 1 2 2 0 2 2 1 2 2 2 0 0 1 2
0.0751687175780303 2.30269863695412 1.22483141550374 0.255605075759953 -0.521624192075313 1 0 1 2 1 0 1 0 1 0 0 1 2 1 1 2 1 1 2 2 1 2 2 1 1 0 1 0 1 0 0 0 1 2 1 0 1 0 1 0 0 1 2 1 1 2 1 1 2 2 1 2 2 1 1 0 1 0 1 0 0
0.787795704302075 -1.52348398942356 -0.0371900990364808 0.507298881277929 -0.561133311980152 1 0 0 2 2 0 1 2 0 0 0 2 1 1 1 2 2 2 2 2 1 0 1 0 1 2 1 0 1 2 2 0 0 2 2 0 1 2 0 0 0 2 1 1 1 2 2 2 2 2 1 0 1 0 1 2 1 0 1 2 2
1.17764889135648 1.32383070424843 -1.6583100559908 0.957534033041762 0.391223538560311 1 1 2 2 1 0 1 1 1 0 0 2 1 2 0 2 1 1 2 2 1 1 2 0 0 0 1 0 2 2 2 1 2 2 1 0 1 1 1 0 0 2 1 2 0 2 1 1 2 2 1 1 2 0 0 0 1 0 2 2 2
0.202582575681035 -1.60166928618849 -0.316241289599177 1.5553655075861 -1.43391580558507 -1 1 0 2 2 0 1 1 2 2 0 2 2 2 2 0 0 0 2 2 0 0 2 1 1 0 1 0 1 2 2 -1 0 -2 -2 0 -1 -1 -2 -2 0 -2 -2 -2 -2 0 0 0 -2 -2 0 0 -2 -1 -1 0 -1 0 -1 -2 -2
