1.3117796350562 0.310871361724713 -0.605850566345061 1.23128125963405 -1.71049005851099 -1 0 1 0 0 1 2 2 0 1 0 2 2 0 1 1 2 2 1 1 0 1 1 1 0 1 0 0 1 1 1 0 -1 0 0 -1 -2 -2 0 -1 0 -2 -2 0 -1 -1 -2 -2 -1 -1 0 -1 -1 -1 0 -1 0 0 -1 -1 -1
-0.849419541962372 1.00260824559591 0.0723206565899695 -1.4977721911982 -0.144946840211672 1 1 2 0 1 1 1 2 0 2 0 2 2 0 0 2 2 1 1 1 1 2 2 2 0 0 0 1 1 2 1 1 2 0 1 1 1 2 0 2 0 2 2 0 0 2 2 1 1 1 1 2 2 2 0 0 0 1 1 2 1
1.07959829881861 -0.721527897371069 0.0555907132229443 0.175444028014817 -0.226716807077121 -1 1 2 2 2 1 1 2 0 0 0 2 2 0 1 1 2 1 1 2 0 1 1 2 0 1 0 1 1 1 0 -1 -2 -2 -2 -1 -1 -2 0 0 0 -2 -2 0 -1 -1 -2 -1 -1 -2 0 -1 -1 -2 0 -1 0 -1 -1 -1 0
0.518088486640907 0.434654866223467 0.601108050961467 -1.18441166749461 -1.3770749167139 -1 0 2 1 1 1 0 1 1 0 0 2 2 0 1 0 2 2 2 2 0 1 2 2 1 2 1 2 1 2 0 0 -2 -1 -1 -1 0 -1 -1 0 0 -2 -2 0 -1 0 -2 -2 -2 -2 0 -1 -2 -2 -1 -2 -1 -2 -1 -2 0
0.284655348791302 1.93777868757018 -0.26196826362114 0.236253225569829 -1.32843315561425 -1 1 2 1 2 2 0 1 0 1 0 2 1 1 2 2 2 2 2 1 0 1 2 2 0 2 0 1 2 2 1 -1 -2 -1 -2 -2 0 -1 0 -1 0 -2 -1 -1 -2 -2 -2 -2 -2 -1 0 -1 -2 -2 0 -2 0 -1 -2 -2 -1
0.0517284680721468 0.339281123544778 -0.460004151151541 0.417676367959387 0.355404218425253 -1 0 1 0 0 0 0 0 0 1 0 2 1 0 1 2 2 2 2 2 0 2 2 1 0 2 1 1 0 1 1 0 -1 0 0 0 0 0 0 -1 0 -2 -1 0 -1 -2 -2 -2 -2 -2 0 -2 -2 -1 0 -2 -1 -1 0 -1 -1
-0.169574257410028 0.405456346552836 0.400533550493808 -1.08314623720151 0.0868789032415404 1 1 2 0 0 0 0 2 0 0 0 2 2 0 1 2 2 1 0 1 0 1 2 2 0 1 1 1 0 1 0 1 2 0 0 0 0 2 0 0 0 2 2 0 1 2 2 1 0 1 0 1 2 2 0 1 1 1 0 1 0
0.620258257083032 -1.53078065581187 1.10227209550927 -0.328501582504951 1.32071633752676 -1 2 2 0 1 2 1 2 0 0 0 2 2 0 1 1 2 0 0 1 0 1 2 1 0 1 0 2 1 2 1 -2 -2 0 -1 -2 -1 -2 0 0 0 -2 -2 0 -1 -1 -2 0 0 -1 0 -1 -2 -1 0 -1 0 -2 -1 -2 -1
-1.68934161165003 -1.55949405601221 -0.0736617750947315 1.61964470199915 1.01794952708829 1 0 2 1 1 0 0 1 0 1 0 2 2 0 1 1 2 2 0 2 0 1 2 2 1 2 0 2 1 2 2 0 2 1 1 0 0 1 0 1 0 2 2 0 1 1 2 2 0 2 0 1 2 2 1 2 0 2 1 2 2
-1.27503613447931 -0.22849170944512 0.00372234905826851 -0.484621455579024 0.89850736594642 1 2 2 1 1 1 1 2 0 1 0 2 1 1 2 1 2 1 0 1 0 1 2 2 0 1 0 0 1 2 0 2 2 1 1 1 1 2 0 1 0 2 1 1 2 1 2 1 0 1 0 1 2 2 0 1 0 0 1 2 0
0.260564655625075 -0.257404104686162 1.95462875663461 -1.46259681734231 0.667060600254946 -1 1 2 0 1 1 0 2 0 1 0 2 0 0 1 1 2 1 0 0 0 0 2 1 0 2 1 1 1 2 2 -1 -2 0 -1 -1 0 -2 0 -1 0 -2 0 0 -1 -1 -2 -1 0 0 0 0 -2 -1 0 -2 -1 -1 -1 -2 -2
-0.233273512928642 -0.277922842322282 0.296712114639368 -1.10869450257119 0.805175666618718 -1 1 2 0 2 0 0 0 0 1 0 2 2 0 1 0 1 1 1 2 0 0 2 1 0 2 0 1 1 2 1 -1 -2 0 -2 0 0 0 0 -1 0 -2 -2 0 -1 0 -1 -1 -1 -2 0 0 -2 -1 0 -2 0 -1 -1 -2 -1
1.01296232741404 0.123102463146835 -0.83715518024139 0.799950970967942 -0.622166222138539 -1 1 2 0 0 0 0 0 0 1 0 2 2 0 2 2 2 1 1 2 0 1 1 0 0 1 0 1 0 2 1 -1 -2 0 0 0 0 0 0 -1 0 -2 -2 0 -2 -2 -2 -1 -1 -2 0 -1 -1 0 0 -1 0 -1 0 -2 -1
-1.0130260228508 0.245274992807947 -1.45467843918085 -0.139489099166108 -1.12105794896074 1 0 2 1 2 1 0 0 0 0 0 2 1 0 0 1 1 0 0 2 0 2 1 1 0 1 0 1 1 2 2 0 2 1 2 1 0 0 0 0 0 2 1 0 0 1 1 0 0 2 0 2 1 1 0 1 0 1 1 2 2
-0.146469608429481 -1.51001000224685 0.420715663964851 0.0423339017328383 -1.50267132869798 1 0 1 0 0 0 0 1 0 0 0 1 1 0 0 1 2 2 2 2 0 2 2 2 0 1 1 2 2 2 2 0 1 0 0 0 0 1 0 0 0 1 1 0 0 1 2 2 2 2 0 2 2 2 0 1 1 2 2 2 2
0.743433497608196 0.492371898686018 -1.56203028127303 -0.542715903886997 0.54239113680028 1 1 2 2 1 1 0 2 0 0 0 2 2 0 1 1 2 1 2 2 0 2 2 2 0 2 0 1 1 2 2 1 2 2 1 1 0 2 0 0 0 2 2 0 1 1 2 1 2 2 0 2 2 2 0 2 0 1 1 2 2
-1.21414315223003 0.704023861889916 -0.396908191687446 1.48673676963214 -0.998942985108624 1 1 2 1 1 1 1 2 0 0 0 2 1 0 0 1 2 1 1 2 0 2 2 2 0 1 0 0 1 2 2 1 2 1 1 1 1 2 0 0 0 2 1 0 0 1 2 1 1 2 0 2 2 2 0 1 0 0 1 2 2
-0.913999391674042 3.00609349240491 -0.107649166204549 0.521926639143079 -0.545676168149316 -1 0 2 2 1 0 0 1 0 1 0 2 0 0 2 2 2 0 1 2 1 1 2 1 0 1 0 1 0 1 0 0 -2 -2 -1 0 0 -1 0 -1 0 -2 0 0 -2 -2 -2 0 -1 -2 -1 -1 -2 -1 0 -1 0 -1 0 -1 0
-1.66503510403178 0.303014102892413 -0.228710657046267 -0.94231562312151 -0.488460567755204 1 0 1 0 1 1 0 2 0 1 0 2 1 0 0 1 2 2 2 2 0 1 2 2 0 1 0 1 1 2 2 0 1 0 1 1 0 2 0 1 0 2 1 0 0 1 2 2 2 2 0 1 2 2 0 1 0 1 1 2 2
-1.27988925584315 -0.741812276406231 1.31623637836569 -0.244991632377763 -0.761465996564448 1 1 1 0 0 0 0 0 0 0 0 2 1 0 1 2 1 1 1 1 0 1 2 2 0 2 1 2 2 1 0 1 1 0 0 0 0 0 0 0 0 2 1 0 1 2 1 1 1 1 0 1 2 2 0 2 1 2 2 1 0
-0.246262240333032 -0.108311480177292 -0.156578396614979 1.01729386148325 0.767311622566419 1 2 2 1 2 2 0 1 0 1 0 2 1 0 2 2 2 1 2 2 0 1 2 1 1 1 0 1 1 2 2 2 2 1 2 2 0 1 0 1 0 2 1 0 2 2 2 1 2 2 0 1 2 1 1 1 0 1 1 2 2
0.971870113555892 1.19676245702008 1.36190592391975 0.207195491914737 -0.624709792413086 -1 1 2 0 1 1 1 2 0 0 0 2 1 0 2 0 2 2 1 1 0 0 2 2 0 2 0 2 2 2 1 -1 -2 0 -1 -1 -1 -2 0 0 0 -2 -1 0 -2 0 -2 -2 -1 -1 0 0 -2 -2 0 -2 0 -2 -2 -2 -1
0.984914816646632 1.54963082275722 1.85012579762049 2.2106690973664 -1.13691054419979 -1 2 2 0 1 0 0 2 0 0 0 2 1 0 1 2 2 2 1 2 0 0 2 2 0 2 1 2 1 2 1 -2 -2 0 -1 0 0 -2 0 0 0 -2 -1 0 -1 -2 -2 -2 -1 -2 0 0 -2 -2 0 -2 -1 -2 -1 -2 -1
0.0493948472333165 0.708182436914417 -0.0607820002398748 0.0903362313993589 -1.22103557393123 -1 0 2 0 0 0 0 1 0 1 0 2 1 0 2 0 1 1 0 1 0 1 1 1 0 1 1 1 1 1 0 0 -2 0 0 0 0 -1 0 -1 0 -2 -1 0 -2 0 -1 -1 0 -1 0 -1 -1 -1 0 -1 -1 -1 -1 -1 0
0.805695245524871 0.455333292224272 -0.0456048156560047 -0.900172047310176 -0.281847705116482 1 2 2 1 2 0 0 0 0 1 0 2 1 1 2 2 1 1 0 1 0 1 2 1 0 1 0 1 2 2 1 2 2 1 2 0 0 0 0 1 0 2 1 1 2 2 1 1 0 1 0 1 2 1 0 1 0 1 2 2 1
1.29607332627583 0.504997937154708 -0.475606586568704 0.757799840554908 1.7487110252678 -1 1 2 2 1 1 1 2 0 1 0 2 2 0 2 2 2 2 0 1 0 1 1 1 0 0 0 1 1 2 1 -1 -2 -2 -1 -1 -1 -2 0 -1 0 -2 -2 0 -2 -2 -2 -2 0 -1 0 -1 -1 -1 0 0 0 -1 -1 -2 -1
0.747060722004894 -0.212982708873543 0.951312810218586 0.589420901426828 -0.80062012355075 1 1 2 2 2 0 0 1 0 0 0 2 2 0 1 0 1 1 0 2 0 1 1 1 0 2 1 2 2 2 1 1 2 2 2 0 0 1 0 0 0 2 2 0 1 0 1 1 0 2 0 1 1 1 0 2 1 2 2 2 1
0.0811860799840766 0.385537689683978 0.984021037882652 -0.0296559878014003 -2.43654625760846 -1 1 2 0 2 1 0 1 0 1 0 2 1 0 0 1 2 1 0 2 0 0 2 2 0 2 0 0 0 2 1 -1 -2 0 -2 -1 0 -1 0 -1 0 -2 -1 0 0 -1 -2 -1 0 -2 0 0 -2 -2 0 -2 0 0 0 -2 -1
1.26996028752278 -0.496453775084647 -1.59586903006778 0.972380056105627 -0.834958966107201 1 0 1 0 0 0 1 2 0 0 1 2 1 0 1 1 2 1 1 2 0 0 2 1 0 2 0 2 1 2 0 0 1 0 0 0 1 2 0 0 1 2 1 0 1 1 2 1 1 2 0 0 2 1 0 2 0 2 1 2 0
-0.524622146564155 -1.64530709081363 -1.35650363936101 -0.721262512786155 -0.3057920942789 -1 0 2 1 1 0 0 2 0 1 0 2 2 0 1 2 2 0 1 1 0 0 2 2 0 0 1 1 2 2 1 0 -2 -1 -1 0 0 -2 0 -1 0 -2 -2 0 -1 -2 -2 0 -1 -1 0 0 -2 -2 0 0 -1 -1 -2 -2 -1
-0.262248740785634 0.472483435873485 -1.66836668133299 0.561548256026234 -0.312749730366261 -1 1 2 2 2 1 1 2 0 0 0 2 1 0 0 2 2 2 1 1 0 0 1 1 0 1 0 1 1 2 1 -1 -2 -2 -2 -1 -1 -2 0 0 0 -2 -1 0 0 -2 -2 -2 -1 -1 0 0 -1 -1 0 -1 0 -1 -1 -2 -1
-0.627940369231565 1.78389862298225 0.670982126722372 1.21706844776249 0.933997548203867 -1 1 2 1 2 1 2 1 0 1 0 2 1 0 1 0 1 1 0 2 0 0 2 2 0 0 0 1 0 1 1 -1 -2 -1 -2 -1 -2 -1 0 -1 0 -2 -1 0 -1 0 -1 -1 0 -2 0 0 -2 -2 0 0 0 -1 0 -1 -1
2.27122128878371 0.284180825983239 0.910805957086564 -0.135462470265733 1.41742689820644 -1 0 1 0 0 0 0 2 1 1 0 1 0 0 2 1 1 1 1 2 0 1 2 2 0 0 0 1 0 2 0 0 -1 0 0 0 0 -2 -1 -1 0 -1 0 0 -2 -1 -1 -1 -1 -2 0 -1 -2 -2 0 0 0 -1 0 -2 0
0.508728191869154 -0.417179669576257 -0.599270383236312 0.589102280513339 -0.0488485882460743 1 1 2 0 0 0 0 1 0 0 0 2 1 0 1 2 2 1 2 2 0 2 2 2 0 2 1 1 0 1 1 1 2 0 0 0 0 1 0 0 0 2 1 0 1 2 2 1 2 2 0 2 2 2 0 2 1 1 0 1 1
0.557177265293142 0.773642132603301 0.816578425474142 0.921406950644346 0.571264313783583 -1 2 2 1 1 0 0 2 0 0 0 2 2 0 1 2 2 2 1 2 0 0 2 1 0 0 0 1 2 2 1 -2 -2 -1 -1 0 0 -2 0 0 0 -2 -2 0 -1 -2 -2 -2 -1 -2 0 0 -2 -1 0 0 0 -1 -2 -2 -1
0.670329598607013 0.627272771928624 -0.481045979530366 1.79162822501032 0.0373223144080168 -1 1 2 1 2 1 1 2 0 1 0 2 0 0 1 1 1 2 1 2 0 2 2 2 1 2 1 2 1 2 1 -1 -2 -1 -2 -1 -1 -2 0 -1 0 -2 0 0 -1 -1 -1 -2 -1 -2 0 -2 -2 -2 -1 -2 -1 -2 -1 -2 -1
0.574568234819932 0.904303629390361 -1.98259557753115 2.18620224421197 0.300963872441053 -1 1 2 1 1 1 0 2 1 1 0 1 0 0 2 1 2 0 1 2 0 1 2 2 0 2 0 1 1 2 2 -1 -2 -1 -1 -1 0 -2 -1 -1 0 -1 0 0 -2 -1 -2 0 -1 -2 0 -1 -2 -2 0 -2 0 -1 -1 -2 -2
1.04536438695057 -0.285590023394599 0.545322030871481 -0.11813272478276 0.167959016077268 -1 1 2 1 2 2 1 2 1 1 0 2 2 0 2 2 2 0 2 2 0 1 2 2 0 1 1 1 0 2 1 -1 -2 -1 -2 -2 -1 -2 -1 -1 0 -2 -2 0 -2 -2 -2 0 -2 -2 0 -1 -2 -2 0 -1 -1 -1 0 -2 -1
0.0221212963131216 2.7741056556101 1.12756166704334 0.288974645482598 -0.199481940660782 1 1 2 0 1 1 1 2 0 1 0 2 1 0 1 1 1 0 0 1 0 2 1 2 0 2 1 1 0 2 2 1 2 0 1 1 1 2 0 1 0 2 1 0 1 1 1 0 0 1 0 2 1 2 0 2 1 1 0 2 2
0.651917639104172 -0.286308553644414 -0.611046715439645 0.450180300302289 2.31417800095109 1 1 2 1 2 0 0 2 0 1 0 2 2 0 0 0 1 1 0 1 0 1 2 2 0 1 0 2 1 2 0 1 2 1 2 0 0 2 0 1 0 2 2 0 0 0 1 1 0 1 0 1 2 2 0 1 0 2 1 2 0
0.469339129629476 -2.56275058605795 -0.454902716956287 0.399653343360977 -0.109887699865446 1 1 2 1 0 0 0 2 0 0 0 2 2 0 1 0 1 2 1 2 1 2 1 1 0 1 1 2 1 1 1 1 2 1 0 0 0 2 0 0 0 2 2 0 1 0 1 2 1 2 1 2 1 1 0 1 1 2 1 1 1
-1.52782131421047 -0.403972191215596 -0.0594504119266078 -0.538898993476878 0.0124617413637901 1 0 2 2 2 0 0 2 0 0 0 2 1 0 2 2 2 2 2 2 0 2 1 1 0 0 0 1 0 2 2 0 2 2 2 0 0 2 0 0 0 2 1 0 2 2 2 2 2 2 0 2 1 1 0 0 0 1 0 2 2
0.240762372917435 -0.0229545424945013 0.50074795156918 0.461388424817693 0.0659339572169176 1 1 2 0 0 0 0 0 0 0 0 2 1 0 1 1 2 2 2 2 0 1 2 2 0 0 0 1 0 2 0 1 2 0 0 0 0 0 0 0 0 2 1 0 1 1 2 2 2 2 0 1 2 2 0 0 0 1 0 2 0
0.31906628892234 -0.767887006282507 1.81309551087202 -0.315447858793467 0.980941033410771 -1 1 2 0 1 0 0 1 0 0 0 2 1 0 1 1 2 1 1 2 0 2 2 2 0 1 0 1 0 1 0 -1 -2 0 -1 0 0 -1 0 0 0 -2 -1 0 -1 -1 -2 -1 -1 -2 0 -2 -2 -2 0 -1 0 -1 0 -1 0
-0.338474928827544 0.357947231629466 1.06392140437122 -0.174556171363241 0.434782283506941 -1 1 1 0 1 0 0 0 0 1 0 2 1 0 0 1 2 1 1 1 0 0 2 2 0 1 1 1 1 2 1 -1 -1 0 -1 0 0 0 0 -1 0 -2 -1 0 0 -1 -2 -1 -1 -1 0 0 -2 -2 0 -1 -1 -1 -1 -2 -1
-1.84912546002234 -0.879233014299561 0.48963419899211 0.600061085977362 1.28424648792177 1 2 2 0 1 0 0 1 0 1 0 2 2 0 2 0 1 0 0 0 0 1 2 2 1 1 0 1 1 1 0 2 2 0 1 0 0 1 0 1 0 2 2 0 2 0 1 0 0 0 0 1 2 2 1 1 0 1 1 1 0
0.199998988456364 -0.99999528186006 0.960811316491528 0.325305592829261 -0.131549623901071 -1 1 2 0 2 2 0 2 0 0 1 2 2 0 0 2 2 2 2 1 0 1 2 1 1 2 1 1 0 2 2 -1 -2 0 -2 -2 0 -2 0 0 -1 -2 -2 0 0 -2 -2 -2 -2 -1 0 -1 -2 -1 -1 -2 -1 -1 0 -2 -2
-2.20237259236721 -0.882044201595452 -0.381209205289478 -0.340555626407783 -0.0239994668599829 -1 0 2 1 1 1 0 1 0 0 1 2 1 0 2 1 0 0 1 2 0 2 2 1 0 1 0 2 1 1 0 0 -2 -1 -1 -1 0 -1 0 0 -1 -2 -1 0 -2 -1 0 0 -1 -2 0 -2 -2 -1 0 -1 0 -2 -1 -1 0
-1.15334846694053 0.448232445132006 -0.557459418638321 0.920167101452902 0.5313379942951 -1 0 2 1 2 0 0 2 0 1 0 2 1 0 1 1 2 1 1 2 0 2 2 2 0 1 0 1 2 2 1 0 -2 -1 -2 0 0 -2 0 -1 0 -2 -1 0 -1 -1 -2 -1 -1 -2 0 -2 -2 -2 0 -1 0 -1 -2 -2 -1
-0.178080519150986 -0.914233152187615 -0.940831266275972 -0.249423705840563 -0.223813883808008 1 1 2 1 2 2 0 2 0 1 0 2 2 0 1 1 1 0 0 1 0 2 2 1 0 0 0 1 2 1 1 1 2 1 2 2 0 2 0 1 0 2 2 0 1 1 1 0 0 1 0 2 2 1 0 0 0 1 2 1 1
-0.00981597424220102 0.0662145565683293 -2.46544281481776 0.00900721073093865 0.756570597981426 -1 1 2 0 1 1 0 2 0 0 0 2 1 0 1 1 1 1 1 2 0 1 2 1 0 1 1 0 1 2 0 -1 -2 0 -1 -1 0 -2 0 0 0 -2 -1 0 -1 -1 -1 -1 -1 -2 0 -1 -2 -1 0 -1 -1 0 -1 -2 0
0.516125784277532 -1.52424960057276 -0.855078824109279 -0.0318211411395185 1.71299874322992 1 1 1 1 1 0 0 1 0 1 1 2 1 0 0 1 2 0 0 2 0 2 1 1 0 1 1 1 2 2 2 1 1 1 1 0 0 1 0 1 1 2 1 0 0 1 2 0 0 2 0 2 1 1 0 1 1 1 2 2 2
0.114341220061152 -0.02238281606161 0.595579734357177 0.93763141733205 1.02266286845684 1 1 2 2 2 2 0 1 0 0 0 1 1 0 1 1 1 1 2 2 0 2 2 1 0 1 0 1 1 2 1 1 2 2 2 2 0 1 0 0 0 1 1 0 1 1 1 1 2 2 0 2 2 1 0 1 0 1 1 2 1
0.324734380379754 -0.411212107989494 2.20234539936047 0.603357392258288 0.655317210142788 1 0 0 0 0 0 0 2 0 0 0 2 1 0 1 0 2 1 1 2 0 2 2 2 0 1 1 1 2 2 1 0 0 0 0 0 0 2 0 0 0 2 1 0 1 0 2 1 1 2 0 2 2 2 0 1 1 1 2 2 1
-1.16482234590735 -0.199811164537527 2.19048075474059 -0.400097392284792 -0.41429150942421 1 1 2 1 1 1 0 1 0 1 1 2 1 1 2 1 2 1 2 2 0 2 2 1 0 0 0 2 1 2 2 1 2 1 1 1 0 1 0 1 1 2 1 1 2 1 2 1 2 2 0 2 2 1 0 0 0 2 1 2 2
-0.793133484822148 0.583597763638484 -0.758214273872031 0.349702423163933 0.12358224466601 -1 2 2 1 1 0 0 1 0 0 0 2 2 1 2 2 2 2 1 2 0 0 2 1 0 1 0 1 0 2 1 -2 -2 -1 -1 0 0 -1 0 0 0 -2 -2 -1 -2 -2 -2 -2 -1 -2 0 0 -2 -1 0 -1 0 -1 0 -2 -1
-0.164910457034943 1.18814652881406 0.955107788289069 0.238303610651728 -0.831631107703624 1 1 2 0 1 1 0 1 1 0 0 2 1 0 1 2 2 2 1 2 0 2 2 2 1 2 0 2 2 2 2 1 2 0 1 1 0 1 1 0 0 2 1 0 1 2 2 2 1 2 0 2 2 2 1 2 0 2 2 2 2
0.311363728914659 -0.458789649458346 -0.125956991866086 0.0622662563469817 2.22419904505691 1 0 2 1 2 2 1 2 0 0 0 2 0 0 1 1 1 1 0 2 0 1 2 2 1 1 0 2 1 2 1 0 2 1 2 2 1 2 0 0 0 2 0 0 1 1 1 1 0 2 0 1 2 2 1 1 0 2 1 2 1
-0.654208136585427 -0.122269497535666 0.337343912160346 -0.021490373299682 0.071557314817476 1 1 2 1 0 0 0 1 0 0 0 2 1 0 0 1 2 2 1 1 0 2 2 2 0 0 0 2 1 2 1 1 2 1 0 0 0 1 0 0 0 2 1 0 0 1 2 2 1 1 0 2 2 2 0 0 0 2 1 2 1
-0.0331577885433927 0.725709939913667 1.33719686095583 -0.358719868065341 -0.142635525581589 1 1 2 1 0 0 0 1 0 0 0 1 0 1 2 2 1 1 1 1 0 1 2 2 0 1 1 2 2 2 2 1 2 1 0 0 0 1 0 0 0 1 0 1 2 2 1 1 1 1 0 1 2 2 0 1 1 2 2 2 2
0.503934886328504 1.12525671335949 2.22358656229007 2.0723970978853 -1.47469442653326 -1 1 2 0 0 2 0 2 1 0 0 2 1 0 2 2 2 1 1 2 0 2 2 1 0 0 0 1 1 2 1 -1 -2 0 0 -2 0 -2 -1 0 0 -2 -1 0 -2 -2 -2 -1 -1 -2 0 -2 -2 -1 0 0 0 -1 -1 -2 -1
1.945328318434 -0.503835110902271 0.311798819315381 0.400698462326105 0.742683706040217 1 0 2 1 1 0 0 1 0 0 0 2 1 0 2 2 1 0 0 2 0 1 1 1 0 2 1 2 2 2 0 0 2 1 1 0 0 1 0 0 0 2 1 0 2 2 1 0 0 2 0 1 1 1 0 2 1 2 2 2 0
1.53488577492232 -0.715252827945479 0.585990776420936 1.15788664826862 -0.71007235889404 -1 1 2 1 1 1 0 1 0 1 0 2 0 0 1 1 1 2 2 2 0 2 2 1 0 0 0 0 0 2 0 -1 -2 -1 -1 -1 0 -1 0 -1 0 -2 0 0 -1 -1 -1 -2 -2 -2 0 -2 -2 -1 0 0 0 0 0 -2 0
0.746616708254989 0.713807692052661 -1.04611828214735 0.915437893448746 -0.953699651222359 -1 0 2 1 1 0 0 2 0 1 0 2 1 1 2 1 1 1 1 1 1 2 2 2 0 2 1 2 2 2 1 0 -2 -1 -1 0 0 -2 0 -1 0 -2 -1 -1 -2 -1 -1 -1 -1 -1 -1 -2 -2 -2 0 -2 -1 -2 -2 -2 -1
-1.06112786638197 -1.2258609756886 2.57915454201996 0.571513632088201 0.769459413901275 1 0 2 0 0 0 0 2 0 1 0 2 1 1 2 1 1 1 1 2 0 1 2 1 0 0 0 1 2 2 1 0 2 0 0 0 0 2 0 1 0 2 1 1 2 1 1 1 1 2 0 1 2 1 0 0 0 1 2 2 1
1.20976580423306 0.477757732877114 -0.0904751086284881 0.244621365435106 -0.579425228416476 -1 1 1 1 1 0 0 2 0 1 1 2 1 0 0 1 1 1 1 1 0 1 2 1 0 1 0 0 0 1 1 -1 -1 -1 -1 0 0 -2 0 -1 -1 -2 -1 0 0 -1 -1 -1 -1 -1 0 -1 -2 -1 0 -1 0 0 0 -1 -1
1.14282618302152 -0.614353687153147 2.12104224748069 1.42882893297548 0.456709271676734 -1 2 2 1 2 0 1 1 0 0 0 2 1 0 2 0 1 1 1 2 0 1 1 0 0 0 0 1 1 2 1 -2 -2 -1 -2 0 -1 -1 0 0 0 -2 -1 0 -2 0 -1 -1 -1 -2 0 -1 -1 0 0 0 0 -1 -1 -2 -1
-0.0359521924516863 -1.47164077849686 0.335454113950514 0.701925056010725 0.0182763723509182 1 1 2 1 1 1 1 2 0 1 0 2 0 1 2 1 1 2 1 2 0 1 2 2 1 1 0 1 0 0 1 1 2 1 1 1 1 2 0 1 0 2 0 1 2 1 1 2 1 2 0 1 2 2 1 1 0 1 0 0 1
-0.926384448284832 2.19099692054071 0.820659477553209 -0.769050637609207 2.17557402275536 1 0 2 1 1 1 1 2 1 0 0 2 2 0 1 0 1 1 1 1 0 1 2 2 0 0 0 0 1 2 2 0 2 1 1 1 1 2 1 0 0 2 2 0 1 0 1 1 1 1 0 1 2 2 0 0 0 0 1 2 2
1.18688021774969 0.0579292313941301 -0.43289843990924 -1.25075490796509 -3.35057626188401 -1 1 2 1 2 0 0 1 1 1 0 2 0 0 1 1 2 2 1 2 0 0 2 2 1 1 0 1 2 2 2 -1 -2 -1 -2 0 0 -1 -1 -1 0 -2 0 0 -1 -1 -2 -2 -1 -2 0 0 -2 -2 -1 -1 0 -1 -2 -2 -2
1.24460932190037 -0.166577861680974 0.281565839941847 -1.21305426593145 -0.724624227365486 -1 2 2 1 1 0 0 2 0 0 0 2 2 1 2 2 2 1 1 1 0 1 2 2 0 2 0 1 1 2 1 -2 -2 -1 -1 0 0 -2 0 0 0 -2 -2 -1 -2 -2 -2 -1 -1 -1 0 -1 -2 -2 0 -2 0 -1 -1 -2 -1
0.0239468686062704 1.36508574197969 0.69824145912839 0.611634164005185 0.0778120568288385 -1 0 2 2 2 1 2 2 0 0 0 2 2 0 1 1 2 1 1 2 0 2 2 2 1 1 0 2 2 2 2 0 -2 -2 -2 -1 -2 -2 0 0 0 -2 -2 0 -1 -1 -2 -1 -1 -2 0 -2 -2 -2 -1 -1 0 -2 -2 -2 -2
-1.90321454468404 1.43100373009491 0.4067383211126 0.251425101969484 -0.494085459561591 1 0 1 0 1 0 0 2 0 1 1 2 2 0 1 2 2 1 1 2 0 1 2 1 0 2 1 1 0 1 1 0 1 0 1 0 0 2 0 1 1 2 2 0 1 2 2 1 1 2 0 1 2 1 0 2 1 1 0 1 1
-0.455244150772884 -0.91040475916415 0.38492411614211 -1.90424228131585 0.071395621543859 1 0 1 0 1 1 1 2 0 1 0 2 1 0 2 1 2 1 0 0 0 0 2 2 1 1 1 0 1 1 0 0 1 0 1 1 1 2 0 1 0 2 1 0 2 1 2 1 0 0 0 0 2 2 1 1 1 0 1 1 0
-0.298199735953013 -0.730894356171699 -0.377737326930138 1.08523592486586 -1.63701448519875 1 0 2 1 2 1 0 2 0 0 0 2 2 0 1 0 1 0 0 1 0 0 2 1 0 1 0 1 1 1 1 0 2 1 2 1 0 2 0 0 0 2 2 0 1 0 1 0 0 1 0 0 2 1 0 1 0 1 1 1 1
1.99619859561754 -1.98428795945554 1.14253314153984 0.521641008313316 -1.32273538584256 1 2 2 2 2 1 1 2 0 0 0 2 2 0 0 1 2 2 1 2 0 1 1 1 0 2 1 1 2 2 1 2 2 2 2 1 1 2 0 0 0 2 2 0 0 1 2 2 1 2 0 1 1 1 0 2 1 1 2 2 1
2.30112480697295 0.751922803798165 -0.0758715433269431 -0.510493795237732 1.48731451615167 -1 2 2 0 1 0 0 0 0 0 0 2 2 1 2 2 2 2 1 2 0 0 2 1 0 1 0 2 1 2 2 -2 -2 0 -1 0 0 0 0 0 0 -2 -2 -1 -2 -2 -2 -2 -1 -2 0 0 -2 -1 0 -1 0 -2 -1 -2 -2
-0.386672543216354 -1.55036560698488 0.0922091371396945 1.58952896092578 -1.45489804391769 -1 1 2 0 2 1 1 2 0 1 0 2 2 0 1 2 2 2 0 0 0 1 1 2 0 1 0 1 2 2 1 -1 -2 0 -2 -1 -1 -2 0 -1 0 -2 -2 0 -1 -2 -2 -2 0 0 0 -1 -1 -2 0 -1 0 -1 -2 -2 -1
0.287971287996084 -0.8255198036992 -2.60939191075572 -1.30220498177615 -0.140592703965649 -1 0 2 2 1 1 1 1 0 0 0 2 1 0 2 0 2 1 2 2 0 1 2 2 1 1 0 1 0 2 2 0 -2 -2 -1 -1 -1 -1 0 0 0 -2 -1 0 -2 0 -2 -1 -2 -2 0 -1 -2 -2 -1 -1 0 -1 0 -2 -2
0.356238910976546 -1.48657977845447 -1.48830834186107 -0.708494326870262 0.720610210691091 1 0 2 0 0 0 0 1 0 0 1 2 1 0 1 2 2 1 0 1 0 1 2 2 0 0 0 2 1 2 1 0 2 0 0 0 0 1 0 0 1 2 1 0 1 2 2 1 0 1 0 1 2 2 0 0 0 2 1 2 1
-1.05850830193321 -0.91402419640174 0.0440436471356423 0.391206272440694 -0.81089064850983 1 0 2 1 2 2 2 2 0 1 0 2 2 0 1 0 1 1 0 2 0 1 1 1 0 1 0 1 1 2 1 0 2 1 2 2 2 2 0 1 0 2 2 0 1 0 1 1 0 2 0 1 1 1 0 1 0 1 1 2 1
-0.708470202727918 -0.912245689004288 -0.599258248360337 -0.123867174147094 0.99864710193171 1 1 2 0 1 1 0 2 0 0 0 2 2 1 2 1 2 1 0 2 0 1 2 2 0 0 0 0 1 2 2 1 2 0 1 1 0 2 0 0 0 2 2 1 2 1 2 1 0 2 0 1 2 2 0 0 0 0 1 2 2
0.511856655925822 0.190394281713048 1.70780317246681 1.19864373503804 -0.96937608285816 1 0 1 0 1 0 0 2 0 0 0 1 1 0 2 2 2 1 0 1 0 1 1 1 1 0 0 0 1 2 2 0 1 0 1 0 0 2 0 0 0 1 1 0 2 2 2 1 0 1 0 1 1 1 1 0 0 0 1 2 2
-0.156895210869126 0.808574613909926 0.2416557291508 -1.48011971557727 0.183664680724964 -1 2 2 1 2 2 0 1 0 0 0 2 0 0 1 1 2 2 1 2 1 2 2 2 0 1 0 2 1 2 1 -2 -2 -1 -2 -2 0 -1 0 0 0 -2 0 0 -1 -1 -2 -2 -1 -2 -1 -2 -2 -2 0 -1 0 -2 -1 -2 -1
0.155735110111228 -1.39798793812161 -0.983807152805577 -1.27369842690978 1.02224389121286 -1 1 2 1 1 0 0 1 0 2 1 2 1 0 1 1 2 2 1 2 0 1 2 1 0 2 1 1 2 2 2 -1 -2 -1 -1 0 0 -1 0 -2 -1 -2 -1 0 -1 -1 -2 -2 -1 -2 0 -1 -2 -1 0 -2 -1 -1 -2 -2 -2
-0.440408334281767 0.777881005015269 -0.58331034677687 -1.9363500286967 0.919325427792496 -1 0 2 0 0 0 0 1 0 1 0 2 1 0 2 2 2 1 1 2 0 1 2 2 0 1 0 2 2 1 0 0 -2 0 0 0 0 -1 0 -1 0 -2 -1 0 -2 -2 -2 -1 -1 -2 0 -1 -2 -2 0 -1 0 -2 -2 -1 0
0.418145802710689 -1.10810760515362 0.152107121541332 -1.06651850483095 -2.48281902403794 1 2 2 0 1 1 0 2 0 2 1 2 1 0 1 0 0 0 1 1 0 0 1 2 0 2 0 0 0 1 1 2 2 0 1 1 0 2 0 2 1 2 1 0 1 0 0 0 1 1 0 0 1 2 0 2 0 0 0 1 1
-0.974124539686361 1.04111359441186 2.24954209209875 1.3743280446349 -0.135252838660211 1 2 2 1 1 0 0 0 0 1 0 2 1 0 2 1 1 2 1 2 0 2 0 2 0 1 1 0 1 1 1 2 2 1 1 0 0 0 0 1 0 2 1 0 2 1 1 2 1 2 0 2 0 2 0 1 1 0 1 1 1
-0.287615698705542 1.49463227034998 -2.63643715007323 0.932514454706072 0.271248567991562 -1 0 1 0 0 0 0 2 1 0 1 2 2 1 2 0 1 1 1 1 0 1 2 2 1 2 0 2 1 1 1 0 -1 0 0 0 0 -2 -1 0 -1 -2 -2 -1 -2 0 -1 -1 -1 -1 0 -1 -2 -2 -1 -2 0 -2 -1 -1 -1
0.0355290065625011 -1.36782315563555 -1.98493048864712 0.368388307472222 1.78425220603103 1 0 2 1 2 1 0 1 0 0 0 2 1 1 1 2 2 1 1 2 0 0 2 2 0 2 2 1 0 1 0 0 2 1 2 1 0 1 0 0 0 2 1 1 1 2 2 1 1 2 0 0 2 2 0 2 2 1 0 1 0
1.15577323325808 0.242868022003743 -0.887594863394982 -0.334915963734102 0.580064770837013 -1 1 2 2 1 1 1 2 0 1 0 2 2 0 1 1 2 2 1 1 0 0 2 1 0 1 0 0 0 1 0 -1 -2 -2 -1 -1 -1 -2 0 -1 0 -2 -2 0 -1 -1 -2 -2 -1 -1 0 0 -2 -1 0 -1 0 0 0 -1 0
-2.059830325689 -0.202651458182424 -2.25527734859555 -0.167949385470094 -0.0889540674624182 -1 1 2 0 0 0 0 2 1 0 0 2 2 0 1 2 1 2 1 2 0 0 2 2 0 1 1 1 1 1 0 -1 -2 0 0 0 0 -2 -1 0 0 -2 -2 0 -1 -2 -1 -2 -1 -2 0 0 -2 -2 0 -1 -1 -1 -1 -1 0
-0.411279715094762 -1.3257979401979 -0.451413898334019 0.783555720578472 -1.78567977137794 -1 1 2 1 2 1 0 1 0 2 1 2 1 0 2 2 1 0 1 1 0 0 2 2 0 1 0 1 0 2 1 -1 -2 -1 -2 -1 0 -1 0 -2 -1 -2 -1 0 -2 -2 -1 0 -1 -1 0 0 -2 -2 0 -1 0 -1 0 -2 -1
1.94963574761067 -1.97174774720555 -0.896372123259147 -0.189239690914752 1.63877831799143 -1 1 2 1 1 0 0 1 0 0 0 2 1 0 1 1 2 0 0 1 0 1 2 0 0 0 0 2 1 2 1 -1 -2 -1 -1 0 0 -1 0 0 0 -2 -1 0 -1 -1 -2 0 0 -1 0 -1 -2 0 0 0 0 -2 -1 -2 -1
-1.72196699504698 -1.21895442274871 0.201960152100997 0.93508499058813 0.766131435545918 1 2 2 2 1 0 0 1 0 0 0 2 0 0 2 2 2 0 0 1 0 0 2 2 0 2 0 2 1 2 0 2 2 2 1 0 0 1 0 0 0 2 0 0 2 2 2 0 0 1 0 0 2 2 0 2 0 2 1 2 0
0.748344930111101 0.894266637299302 0.773411195850469 0.368923393119387 -1.11146836815897 -1 0 2 2 2 1 0 1 0 0 0 1 1 1 2 2 2 1 1 2 0 1 2 1 0 1 0 1 1 2 1 0 -2 -2 -2 -1 0 -1 0 0 0 -1 -1 -1 -2 -2 -2 -1 -1 -2 0 -1 -2 -1 0 -1 0 -1 -1 -2 -1
1.59934092014246 0.634258882046183 -2.50065519187952 -1.33227631379867 0.190948955327091 -1 0 2 1 2 2 1 2 0 1 0 2 2 0 2 1 2 2 1 2 0 2 2 1 0 1 0 1 0 1 1 0 -2 -1 -2 -2 -1 -2 0 -1 0 -2 -2 0 -2 -1 -2 -2 -1 -2 0 -2 -2 -1 0 -1 0 -1 0 -1 -1
-0.950431409988123 -1.13102070531426 -0.855337417467475 0.609105669885559 0.0477185490006108 1 0 2 0 2 0 0 1 0 0 0 2 0 0 2 1 1 1 1 2 0 2 2 2 0 2 1 0 0 2 0 0 2 0 2 0 0 1 0 0 0 2 0 0 2 1 1 1 1 2 0 2 2 2 0 2 1 0 0 2 0
0.199791382642781 -0.959032052049281 0.613922298398351 1.99084862072609 0.201516569802197 -1 0 2 1 0 0 0 2 0 1 0 2 1 0 2 1 1 1 1 1 0 1 2 2 0 1 0 2 1 2 1 0 -2 -1 0 0 0 -2 0 -1 0 -2 -1 0 -2 -1 -1 -1 -1 -1 0 -1 -2 -2 0 -1 0 -2 -1 -2 -1
0.501845111954396 -0.815307716007341 0.931373838941215 -1.085400881502 0.0802264492063644 1 1 2 0 0 1 1 2 0 0 0 2 2 0 2 2 2 2 1 2 0 2 2 2 1 1 2 1 1 2 1 1 2 0 0 1 1 2 0 0 0 2 2 0 2 2 2 2 1 2 0 2 2 2 1 1 2 1 1 2 1
