-0.920982109046741 1.00942317671327 1.76849581003119 -0.345341009457714 0.520644642595289 -1 0 0 1 2 0 2 2 2 0 0 0 0 2 1 0 1 2 0 1 1 2 0 1 0 1 2 1 1 1 1 0 0 -1 -2 0 -2 -2 -2 0 0 0 0 -2 -1 0 -1 -2 0 -1 -1 -2 0 -1 0 -1 -2 -1 -1 -1 -1
-1.17655859302713 0.772476949341738 -1.13841794818568 -0.789234451511887 -0.455907132928511 1 0 0 1 2 0 2 2 2 0 0 0 0 2 2 0 2 2 0 0 2 2 0 1 1 2 0 0 0 0 0 0 0 1 2 0 2 2 2 0 0 0 0 2 2 0 2 2 0 0 2 2 0 1 1 2 0 0 0 0 0
-0.0321964998212575 0.0846582193297836 -0.473877674808119 -0.698621232033767 -0.0219441574905982 -1 0 0 1 2 0 2 1 2 0 0 1 0 2 2 0 2 2 0 2 2 1 0 0 1 1 0 0 2 2 0 0 0 -1 -2 0 -2 -1 -2 0 0 -1 0 -2 -2 0 -2 -2 0 -2 -2 -1 0 0 -1 -1 0 0 -2 -2 0
0.477970265222113 1.56888061248996 2.435824740077 1.02320872497727 -0.346342719142544 -1 0 0 0 1 1 2 1 2 0 0 1 0 2 0 0 2 2 0 1 1 1 0 2 1 2 0 0 2 1 0 0 0 0 -1 -1 -2 -1 -2 0 0 -1 0 -2 0 0 -2 -2 0 -1 -1 -1 0 -2 -1 -2 0 0 -2 -1 0
-0.86715275791849 -0.467753307907416 -0.16456053718511 -0.742657598581727 -0.522442021606275 -1 0 0 0 2 0 1 1 2 1 0 0 0 2 2 1 2 2 0 1 1 1 0 2 0 1 0 0 1 2 1 0 0 0 -2 0 -1 -1 -2 -1 0 0 0 -2 -2 -1 -2 -2 0 -1 -1 -1 0 -2 0 -1 0 0 -1 -2 -1
0.513409933021304 1.4172385595442 1.43332084002587 0.0773736669191216 -1.02797276572037 1 0 0 1 2 0 2 2 2 0 0 0 0 2 1 0 2 2 1 1 1 2 0 1 1 2 0 0 1 1 0 0 0 1 2 0 2 2 2 0 0 0 0 2 1 0 2 2 1 1 1 2 0 1 1 2 0 0 1 1 0
-0.255884362470722 0.961017732982456 -0.832946047344866 0.513985758822099 -0.104404059512784 1 1 0 1 2 0 2 2 2 0 1 1 0 2 2 0 2 0 0 0 0 1 0 1 0 1 0 0 1 2 1 1 0 1 2 0 2 2 2 0 1 1 0 2 2 0 2 0 0 0 0 1 0 1 0 1 0 0 1 2 1
-0.804955263961824 0.435447081853326 -0.214501777901933 -0.881890386932459 -0.653767390736242 1 0 0 0 2 0 2 2 2 0 0 0 0 2 1 1 1 2 0 1 1 0 0 0 0 2 2 1 2 2 1 0 0 0 2 0 2 2 2 0 0 0 0 2 1 1 1 2 0 1 1 0 0 0 0 2 2 1 2 2 1
0.0933558918321347 0.0750620528975022 1.16222424340603 0.198902946972604 1.47114723342334 1 0 0 1 2 0 1 2 2 0 1 0 0 2 2 0 1 1 1 2 2 2 0 2 0 1 0 0 1 1 0 0 0 1 2 0 1 2 2 0 1 0 0 2 2 0 1 1 1 2 2 2 0 2 0 1 0 0 1 1 0
1.85412495556259 -1.2074289783335 0.119504289892167 0.0127900092280559 -0.17710105393033 -1 2 1 1 2 1 2 2 2 0 0 0 0 2 1 0 2 2 0 1 2 2 0 1 0 1 0 0 1 2 1 -2 -1 -1 -2 -1 -2 -2 -2 0 0 0 0 -2 -1 0 -2 -2 0 -1 -2 -2 0 -1 0 -1 0 0 -1 -2 -1
0.32695929314932 0.215900180474831 1.71650402098681 1.18269646479708 -0.464731372286917 1 0 0 0 2 0 1 2 2 0 0 0 0 2 2 0 2 1 0 0 1 2 0 2 1 2 0 0 0 2 0 0 0 0 2 0 1 2 2 0 0 0 0 2 2 0 2 1 0 0 1 2 0 2 1 2 0 0 0 2 0
0.278912956360231 0.929212147445134 2.01529728707256 0.494839701035837 0.787928264803156 1 0 0 1 2 0 1 2 2 0 0 1 0 2 2 0 1 1 0 1 2 2 0 2 0 2 0 1 2 1 0 0 0 1 2 0 1 2 2 0 0 1 0 2 2 0 1 1 0 1 2 2 0 2 0 2 0 1 2 1 0
0.677563466417836 0.153353313911311 -0.703185806816883 0.363268527320668 0.678500193492135 -1 0 0 2 2 0 2 2 2 0 0 0 0 1 1 0 1 2 0 1 1 1 0 1 0 1 0 0 1 1 0 0 0 -2 -2 0 -2 -2 -2 0 0 0 0 -1 -1 0 -1 -2 0 -1 -1 -1 0 -1 0 -1 0 0 -1 -1 0
1.16305895589023 0.630364912410718 0.476642257498019 -0.142587742644496 -2.66480563818627 -1 1 0 0 2 0 1 2 2 0 2 0 0 2 1 0 1 2 1 1 1 1 0 1 0 1 0 0 1 0 1 -1 0 0 -2 0 -1 -2 -2 0 -2 0 0 -2 -1 0 -1 -2 -1 -1 -1 -1 0 -1 0 -1 0 0 -1 0 -1
-1.37918757270393 -0.104127767795846 -0.427957741695891 0.425294183850599 1.86508203908486 -1 1 1 2 2 0 2 2 2 0 0 0 0 2 2 1 2 2 0 0 1 0 0 0 0 2 1 0 1 2 1 -1 -1 -2 -2 0 -2 -2 -2 0 0 0 0 -2 -2 -1 -2 -2 0 0 -1 0 0 0 0 -2 -1 0 -1 -2 -1
-1.10403158659844 0.385557084192412 -0.794894855376109 0.49596830794089 -0.953223120606965 1 0 0 0 2 1 2 2 2 0 1 1 0 2 1 0 2 2 1 1 2 2 0 1 0 2 0 0 2 2 2 0 0 0 2 1 2 2 2 0 1 1 0 2 1 0 2 2 1 1 2 2 0 1 0 2 0 0 2 2 2
1.07901279247912 -1.25021917647696 0.8778419132465 -1.32839140134881 -0.0640893393703222 1 0 0 0 2 1 2 2 2 0 0 1 0 2 1 0 2 2 0 0 1 1 0 2 1 2 0 0 1 2 2 0 0 0 2 1 2 2 2 0 0 1 0 2 1 0 2 2 0 0 1 1 0 2 1 2 0 0 1 2 2
-0.481097633584488 -1.09536322289205 -0.27542590165509 -1.37383569377409 2.52118658587707 -1 1 0 0 1 0 2 2 1 0 0 0 0 2 2 0 0 2 0 1 2 2 0 1 0 1 0 0 1 1 0 -1 0 0 -1 0 -2 -2 -1 0 0 0 0 -2 -2 0 0 -2 0 -1 -2 -2 0 -1 0 -1 0 0 -1 -1 0
-1.48954505987911 -0.40075778724592 -0.0523888732770358 -0.178714694072554 0.202215883505267 -1 0 0 1 2 0 1 2 2 1 0 0 0 2 2 2 2 1 0 0 2 1 0 1 0 2 2 2 2 1 0 0 0 -1 -2 0 -1 -2 -2 -1 0 0 0 -2 -2 -2 -2 -1 0 0 -2 -1 0 -1 0 -2 -2 -2 -2 -1 0
0.0784413072972716 -0.169567622462414 -1.09957135366559 -0.882620970348777 0.708325910409609 1 0 1 2 2 0 2 2 2 0 0 0 0 2 2 1 2 2 0 0 1 1 0 2 0 1 1 1 2 2 1 0 1 2 2 0 2 2 2 0 0 0 0 2 2 1 2 2 0 0 1 1 0 2 0 1 1 1 2 2 1
-1.10946674109972 0.850335160696159 -1.74948715142485 0.569626852805452 0.160191368945126 1 0 0 1 2 0 2 2 2 0 0 0 0 2 1 0 2 0 0 1 1 2 0 1 1 1 0 0 1 2 0 0 0 1 2 0 2 2 2 0 0 0 0 2 1 0 2 0 0 1 1 2 0 1 1 1 0 0 1 2 0
-1.14841984934972 -0.266234106780896 0.514136843300077 -1.62311832284323 1.25464592705648 -1 1 1 2 2 1 2 1 2 0 0 0 0 2 1 1 2 2 1 2 1 1 0 1 1 2 1 0 2 2 1 -1 -1 -2 -2 -1 -2 -1 -2 0 0 0 0 -2 -1 -1 -2 -2 -1 -2 -1 -1 0 -1 -1 -2 -1 0 -2 -2 -1
-0.918035618731132 0.697219131181027 -0.470032966414142 1.24055593441123 -1.19381900452762 1 0 0 1 2 0 1 1 2 0 1 1 1 2 2 0 2 2 1 2 2 2 0 1 0 1 1 0 0 0 0 0 0 1 2 0 1 1 2 0 1 1 1 2 2 0 2 2 1 2 2 2 0 1 0 1 1 0 0 0 0
-0.202631544700116 0.416141402753345 -1.25341508719481 -1.09491139182591 -0.138485596507633 -1 0 0 2 2 0 1 2 2 1 0 0 0 2 0 0 1 1 0 0 2 1 0 1 0 1 1 0 2 2 1 0 0 -2 -2 0 -1 -2 -2 -1 0 0 0 -2 0 0 -1 -1 0 0 -2 -1 0 -1 0 -1 -1 0 -2 -2 -1
-0.290350887611511 0.436717950962501 -0.38143357868747 -1.03211284407479 -2.28045827838466 -1 0 0 1 2 1 2 2 2 0 0 1 0 2 1 0 2 1 0 0 0 2 0 1 0 2 0 0 2 2 1 0 0 -1 -2 -1 -2 -2 -2 0 0 -1 0 -2 -1 0 -2 -1 0 0 0 -2 0 -1 0 -2 0 0 -2 -2 -1
1.42000159867455 0.864419448348646 -0.822002978129352 -0.713234849072151 -0.0944694480837158 1 1 1 1 2 1 2 2 2 1 0 0 0 2 2 0 2 2 0 1 2 2 0 2 2 2 2 0 2 1 0 1 1 1 2 1 2 2 2 1 0 0 0 2 2 0 2 2 0 1 2 2 0 2 2 2 2 0 2 1 0
-0.425571526804487 1.17090204624479 1.2318480357543 -0.804589383454772 -0.785860033137409 1 0 0 0 2 0 2 2 2 0 0 1 0 2 2 1 2 1 0 0 1 1 0 1 0 1 0 0 1 2 1 0 0 0 2 0 2 2 2 0 0 1 0 2 2 1 2 1 0 0 1 1 0 1 0 1 0 0 1 2 1
-0.0733572357399135 0.985813642986399 -1.49057184071282 0.910094244628519 0.23653208613312 1 0 0 1 2 1 2 2 2 0 0 0 0 2 1 0 2 2 0 0 0 1 0 2 0 1 1 0 1 2 0 0 0 1 2 1 2 2 2 0 0 0 0 2 1 0 2 2 0 0 0 1 0 2 0 1 1 0 1 2 0
-0.808970734738723 1.76117349402843 -1.48161311016049 -2.07578966308123 0.219999260924753 1 0 0 1 2 0 1 2 2 0 0 1 0 2 2 0 1 2 0 0 0 1 0 1 1 1 0 0 2 2 1 0 0 1 2 0 1 2 2 0 0 1 0 2 2 0 1 2 0 0 0 1 0 1 1 1 0 0 2 2 1
0.481327774385426 0.768379358822161 0.374731711216378 2.38997215067042 -0.230211847209186 -1 0 0 1 2 0 1 2 2 1 1 0 0 2 1 0 2 2 0 2 2 2 0 2 0 2 1 0 0 1 1 0 0 -1 -2 0 -1 -2 -2 -1 -1 0 0 -2 -1 0 -2 -2 0 -2 -2 -2 0 -2 0 -2 -1 0 0 -1 -1
-1.30427519572833 0.720628291286978 -1.02812359312757 -1.37537007036107 -1.10701216212847 1 1 0 0 2 0 2 1 2 0 0 0 0 2 1 0 2 1 0 2 2 1 0 2 0 1 1 1 1 2 2 1 0 0 2 0 2 1 2 0 0 0 0 2 1 0 2 1 0 2 2 1 0 2 0 1 1 1 1 2 2
-0.214011774106824 -1.09152181426558 -0.780127552385824 -0.711687912781745 0.118903828514605 1 1 0 0 2 0 1 2 2 0 0 1 0 2 2 1 2 1 0 0 0 1 0 2 0 1 1 0 1 1 1 1 0 0 2 0 1 2 2 0 0 1 0 2 2 1 2 1 0 0 0 1 0 2 0 1 1 0 1 1 1
-0.50368354694674 1.19783309886945 1.74060142941931 -0.291834763378909 0.143805784144887 1 0 0 0 1 0 1 2 2 0 1 0 0 2 1 0 2 0 0 0 1 1 0 1 0 1 0 0 0 1 0 0 0 0 1 0 1 2 2 0 1 0 0 2 1 0 2 0 0 0 1 1 0 1 0 1 0 0 0 1 0
-1.68863483166515 -0.461575833594626 0.978436065881169 0.391994072598405 -1.0853516797837 -1 0 1 0 1 0 1 1 2 0 0 0 0 2 0 0 1 0 0 1 1 1 0 1 1 2 1 0 1 2 1 0 -1 0 -1 0 -1 -1 -2 0 0 0 0 -2 0 0 -1 0 0 -1 -1 -1 0 -1 -1 -2 -1 0 -1 -2 -1
-2.57979103944629 -1.10041061367808 0.190942639161921 -1.62943036964944 0.756806652442188 -1 1 0 0 2 1 2 2 2 0 0 0 0 2 2 0 1 1 0 0 1 1 0 1 0 1 0 0 1 1 0 -1 0 0 -2 -1 -2 -2 -2 0 0 0 0 -2 -2 0 -1 -1 0 0 -1 -1 0 -1 0 -1 0 0 -1 -1 0
-0.172699862995085 -1.78451204602498 -0.212599661678196 -0.89482030634109 1.08356661742543 -1 0 0 1 0 0 1 2 2 0 0 1 0 1 1 1 2 2 1 1 2 2 0 2 0 2 1 0 2 1 0 0 0 -1 0 0 -1 -2 -2 0 0 -1 0 -1 -1 -1 -2 -2 -1 -1 -2 -2 0 -2 0 -2 -1 0 -2 -1 0
1.25218669981657 0.178214388758074 -1.79898814473767 0.171633147993019 0.418036018838211 -1 0 0 1 2 0 1 1 2 1 1 1 1 2 2 0 1 1 0 1 0 0 0 0 0 2 1 0 1 2 1 0 0 -1 -2 0 -1 -1 -2 -1 -1 -1 -1 -2 -2 0 -1 -1 0 -1 0 0 0 0 0 -2 -1 0 -1 -2 -1
0.821024720150466 -0.157938998864675 -1.17748858938607 0.052070441269855 -0.638677620759759 1 0 0 1 1 0 2 1 2 0 0 0 0 2 2 0 1 0 0 0 1 0 0 2 0 0 0 0 2 2 0 0 0 1 1 0 2 1 2 0 0 0 0 2 2 0 1 0 0 0 1 0 0 2 0 0 0 0 2 2 0
0.193450923723722 1.56036697988641 0.225667703269933 -1.53800355330192 0.0170136395862727 -1 0 0 1 2 0 1 1 2 0 1 0 0 2 1 0 1 1 0 0 0 0 0 0 0 2 0 1 1 2 1 0 0 -1 -2 0 -1 -1 -2 0 -1 0 0 -2 -1 0 -1 -1 0 0 0 0 0 0 0 -2 0 -1 -1 -2 -1
0.764552929385854 -0.839065222860284 -0.298422656657772 0.918094338638579 -0.133321579772824 1 0 0 0 2 1 2 2 2 1 0 0 0 2 1 0 2 0 0 0 0 0 0 0 1 2 1 1 2 2 1 0 0 0 2 1 2 2 2 1 0 0 0 2 1 0 2 0 0 0 0 0 0 0 1 2 1 1 2 2 1
1.7139574066654 0.553461799372148 0.855809595994452 0.718917854849631 1.16022610498573 1 0 0 1 1 0 2 2 1 0 0 0 0 2 1 0 2 2 0 1 2 2 0 2 1 2 1 0 0 0 2 0 0 1 1 0 2 2 1 0 0 0 0 2 1 0 2 2 0 1 2 2 0 2 1 2 1 0 0 0 2
-0.463200377072596 0.255795992043986 1.63941579427887 -1.04147118573751 0.330927153565615 1 0 0 1 1 1 2 2 2 0 0 0 0 2 2 0 2 1 0 1 2 2 0 1 0 1 1 0 2 2 2 0 0 1 1 1 2 2 2 0 0 0 0 2 2 0 2 1 0 1 2 2 0 1 0 1 1 0 2 2 2
1.34642923773258 0.205953768201028 -0.568375545682511 -1.70292947110291 -1.13611757941146 -1 1 0 0 2 0 2 2 2 0 0 0 0 2 0 0 2 2 0 0 0 1 0 2 0 1 0 0 2 2 1 -1 0 0 -2 0 -2 -2 -2 0 0 0 0 -2 0 0 -2 -2 0 0 0 -1 0 -2 0 -1 0 0 -2 -2 -1
-0.583700965113502 -0.169578031421447 -0.999020739206134 1.75243709159923 1.17425925967265 -1 0 1 2 2 1 2 2 2 0 0 0 0 2 2 1 2 1 0 0 2 2 0 2 1 2 1 1 2 1 0 0 -1 -2 -2 -1 -2 -2 -2 0 0 0 0 -2 -2 -1 -2 -1 0 0 -2 -2 0 -2 -1 -2 -1 -1 -2 -1 0
-0.719318949859911 -1.26308539541705 1.31797254632449 -1.83035003077799 1.38354634136968 1 1 1 0 1 0 2 2 2 0 0 0 0 2 2 0 2 2 0 1 2 1 0 0 0 1 1 0 2 2 0 1 1 0 1 0 2 2 2 0 0 0 0 2 2 0 2 2 0 1 2 1 0 0 0 1 1 0 2 2 0
1.11657198020036 0.959080088553442 -1.42660974944011 0.873993060376145 0.152877750424036 1 0 0 1 1 0 1 2 2 0 1 1 1 2 0 0 1 2 0 1 2 2 0 1 0 2 1 0 0 0 0 0 0 1 1 0 1 2 2 0 1 1 1 2 0 0 1 2 0 1 2 2 0 1 0 2 1 0 0 0 0
-2.17631309598644 -0.0679222800433603 1.17588468198421 -0.736017645342192 -0.131905112040545 -1 1 0 1 2 1 2 2 2 0 0 0 0 1 0 0 2 2 0 0 1 1 0 1 0 1 1 0 0 1 1 -1 0 -1 -2 -1 -2 -2 -2 0 0 0 0 -1 0 0 -2 -2 0 0 -1 -1 0 -1 0 -1 -1 0 0 -1 -1
-1.2287005517278 -0.388715670740403 0.777515970281964 0.0631791247254341 1.45705762442065 -1 0 0 2 1 0 2 2 2 0 0 0 0 2 2 0 2 2 0 2 2 2 0 2 1 2 0 0 2 1 0 0 0 -2 -1 0 -2 -2 -2 0 0 0 0 -2 -2 0 -2 -2 0 -2 -2 -2 0 -2 -1 -2 0 0 -2 -1 0
-0.572610415918779 1.34300359397346 2.97620997338455 0.884847145653439 -0.790312017964711 -1 0 0 0 2 1 2 2 2 0 1 0 0 2 2 0 1 1 0 0 1 1 0 1 0 1 0 0 1 1 1 0 0 0 -2 -1 -2 -2 -2 0 -1 0 0 -2 -2 0 -1 -1 0 0 -1 -1 0 -1 0 -1 0 0 -1 -1 -1
-0.284160253437856 1.20264552407215 0.627897702215341 -0.636138717267929 -0.0422874512802898 1 1 0 0 2 0 2 2 2 0 0 0 0 1 1 0 2 1 0 1 1 0 0 1 0 2 0 0 1 0 0 1 0 0 2 0 2 2 2 0 0 0 0 1 1 0 2 1 0 1 1 0 0 1 0 2 0 0 1 0 0
-0.436116942231386 0.149376000654626 0.700874172375161 1.05335729763215 -1.9275131221976 -1 0 0 0 2 0 2 2 2 0 1 0 0 2 2 0 2 2 0 1 2 1 0 1 0 1 0 1 2 2 1 0 0 0 -2 0 -2 -2 -2 0 -1 0 0 -2 -2 0 -2 -2 0 -1 -2 -1 0 -1 0 -1 0 -1 -2 -2 -1
-1.58616339668139 -2.06434171334143 -0.272298249177604 -0.578553325555155 -0.925100758353028 1 1 0 1 2 0 2 2 2 0 0 2 0 2 1 0 2 2 0 1 1 2 0 1 1 1 1 0 1 1 2 1 0 1 2 0 2 2 2 0 0 2 0 2 1 0 2 2 0 1 1 2 0 1 1 1 1 0 1 1 2
-0.130689732800636 0.0241451719032473 -1.01092569202543 0.946186950564014 0.481468678841975 1 0 0 1 1 0 2 2 2 1 0 0 0 1 2 2 2 2 0 1 2 2 0 2 0 1 1 1 2 2 2 0 0 1 1 0 2 2 2 1 0 0 0 1 2 2 2 2 0 1 2 2 0 2 0 1 1 1 2 2 2
0.642827724617985 1.09023348441126 -0.615156822253323 -1.14941187341877 1.0132233446244 1 1 2 1 2 0 2 2 2 1 0 1 0 2 2 0 2 2 0 1 1 0 0 1 1 2 1 1 1 2 1 1 2 1 2 0 2 2 2 1 0 1 0 2 2 0 2 2 0 1 1 0 0 1 1 2 1 1 1 2 1
-1.19353936897886 -0.304499791860646 1.43106624751155 1.48911997368712 0.689986049062026 1 1 0 1 2 0 0 2 2 0 0 1 0 2 2 0 2 0 0 1 1 1 0 2 0 2 0 1 0 1 0 1 0 1 2 0 0 2 2 0 0 1 0 2 2 0 2 0 0 1 1 1 0 2 0 2 0 1 0 1 0
0.291369536982856 0.163564211537225 -0.495559511142819 0.865075476872203 0.586345288389093 -1 1 1 0 2 0 2 2 1 0 0 0 0 2 0 0 1 1 0 0 1 2 0 1 0 1 1 1 2 2 2 -1 -1 0 -2 0 -2 -2 -1 0 0 0 0 -2 0 0 -1 -1 0 0 -1 -2 0 -1 0 -1 -1 -1 -2 -2 -2
-1.28389223512386 -0.133605731117486 2.16207783536364 0.0769770757130227 1.32445746228146 -1 1 1 1 2 0 2 2 2 0 1 1 0 2 2 1 2 2 0 1 2 2 0 2 1 2 1 0 2 2 1 -1 -1 -1 -2 0 -2 -2 -2 0 -1 -1 0 -2 -2 -1 -2 -2 0 -1 -2 -2 0 -2 -1 -2 -1 0 -2 -2 -1
0.0878617410303358 -0.639271438232386 0.332489343934174 -0.489576635259859 -0.218842108502869 -1 0 0 0 2 1 2 2 2 0 0 0 0 2 2 0 2 2 0 2 2 2 0 2 0 2 1 1 2 1 1 0 0 0 -2 -1 -2 -2 -2 0 0 0 0 -2 -2 0 -2 -2 0 -2 -2 -2 0 -2 0 -2 -1 -1 -2 -1 -1
-1.37352869752639 -0.904307315534483 0.50365397540599 0.817415331795442 1.7565688744198 -1 0 0 1 2 0 1 1 1 0 0 0 0 2 2 0 1 2 0 1 2 2 0 2 0 2 1 1 1 1 1 0 0 -1 -2 0 -1 -1 -1 0 0 0 0 -2 -2 0 -1 -2 0 -1 -2 -2 0 -2 0 -2 -1 -1 -1 -1 -1
0.124271172725299 0.664326293969483 0.595408953705592 -1.19303354415902 0.460525088923519 1 1 1 1 1 0 2 1 2 0 0 0 0 2 2 0 1 2 0 1 2 2 0 2 0 2 0 0 2 1 1 1 1 1 1 0 2 1 2 0 0 0 0 2 2 0 1 2 0 1 2 2 0 2 0 2 0 0 2 1 1
-1.95356535134517 1.90725184435448 -0.109956842701421 0.375845306671774 -0.542073090396309 1 0 0 1 2 0 2 2 2 0 0 0 0 1 0 0 1 2 0 0 2 2 0 0 0 2 1 1 1 2 1 0 0 1 2 0 2 2 2 0 0 0 0 1 0 0 1 2 0 0 2 2 0 0 0 2 1 1 1 2 1
0.218238673420694 1.42936623620188 -0.008866899151392 -0.152831287905933 -1.77067098584109 1 0 0 1 2 0 1 2 2 1 0 0 0 1 2 1 2 0 0 1 1 1 0 0 0 2 1 0 1 1 1 0 0 1 2 0 1 2 2 1 0 0 0 1 2 1 2 0 0 1 1 1 0 0 0 2 1 0 1 1 1
0.444076765665754 -2.13284335952603 1.68042248750679 0.471169018752303 -0.714980508559346 -1 0 0 1 2 0 2 2 2 0 0 1 1 2 2 0 2 2 0 1 2 2 0 2 0 1 0 0 1 1 0 0 0 -1 -2 0 -2 -2 -2 0 0 -1 -1 -2 -2 0 -2 -2 0 -1 -2 -2 0 -2 0 -1 0 0 -1 -1 0
1.35903083383912 -0.128059439192692 -0.883099746622363 0.864398894892773 0.559870584218527 1 0 0 1 2 1 2 1 2 0 1 1 0 2 2 0 1 2 0 0 0 0 0 1 0 1 1 0 2 2 0 0 0 1 2 1 2 1 2 0 1 1 0 2 2 0 1 2 0 0 0 0 0 1 0 1 1 0 2 2 0
-0.394532658009962 -0.0428997663385107 -1.82848567488713 1.05398133403627 -0.691856297157674 1 0 1 0 1 0 1 2 2 0 0 0 0 2 1 0 1 2 0 2 2 2 0 1 1 2 1 1 1 1 0 0 1 0 1 0 1 2 2 0 0 0 0 2 1 0 1 2 0 2 2 2 0 1 1 2 1 1 1 1 0
-0.478287627458746 0.593109331343249 -0.634798271600735 0.00254071144470772 0.346403858044716 -1 1 0 1 1 0 2 2 2 0 1 0 0 2 1 0 2 2 0 0 0 0 0 1 0 1 1 0 0 1 0 -1 0 -1 -1 0 -2 -2 -2 0 -1 0 0 -2 -1 0 -2 -2 0 0 0 0 0 -1 0 -1 -1 0 0 -1 0
0.148000644599236 -1.1996478465361 0.163612561850029 2.14266679766623 -1.28686174983618 -1 0 0 0 2 0 2 2 2 1 0 0 0 1 2 0 1 2 0 0 1 1 0 2 0 0 0 0 1 2 1 0 0 0 -2 0 -2 -2 -2 -1 0 0 0 -1 -2 0 -1 -2 0 0 -1 -1 0 -2 0 0 0 0 -1 -2 -1
-0.790426089539984 0.692903392247605 -1.15414692899501 0.110340186499244 -0.224394327100088 -1 0 0 1 2 0 2 2 2 0 1 1 0 2 1 0 1 2 0 1 1 1 0 0 0 1 1 0 1 2 0 0 0 -1 -2 0 -2 -2 -2 0 -1 -1 0 -2 -1 0 -1 -2 0 -1 -1 -1 0 0 0 -1 -1 0 -1 -2 0
1.1926210895073 -1.13984514012484 1.99798921035576 0.615674739222516 1.39979980520482 1 0 0 1 2 0 1 2 2 0 1 0 0 2 2 0 2 2 0 1 1 1 0 2 0 1 0 0 2 2 2 0 0 1 2 0 1 2 2 0 1 0 0 2 2 0 2 2 0 1 1 1 0 2 0 1 0 0 2 2 2
-0.412424444056003 -0.104955516463422 0.141153611302514 0.22757475148219 0.288438819273275 -1 0 0 2 2 1 2 1 2 0 1 1 0 2 2 0 2 1 0 2 2 2 0 1 0 1 0 0 0 2 1 0 0 -2 -2 -1 -2 -1 -2 0 -1 -1 0 -2 -2 0 -2 -1 0 -2 -2 -2 0 -1 0 -1 0 0 0 -2 -1
-0.752503667443253 2.45406171394715 0.978364979112204 1.34935242090344 0.348396777439814 -1 0 0 2 2 2 2 2 2 0 0 0 0 1 1 0 2 2 0 1 2 2 0 1 1 2 1 1 2 2 2 0 0 -2 -2 -2 -2 -2 -2 0 0 0 0 -1 -1 0 -2 -2 0 -1 -2 -2 0 -1 -1 -2 -1 -1 -2 -2 -2
0.258557650130142 0.00933798385078353 1.86697696420954 -0.197909424005537 -0.858956109878942 1 0 0 1 2 1 2 2 2 0 0 0 0 2 1 0 0 2 0 2 1 1 0 1 0 1 0 0 2 2 1 0 0 1 2 1 2 2 2 0 0 0 0 2 1 0 0 2 0 2 1 1 0 1 0 1 0 0 2 2 1
-1.59636363135764 0.360349321752814 -0.365215952386763 0.128954735681897 0.631574074939783 -1 1 1 1 1 0 2 2 2 0 1 0 0 1 1 0 2 1 0 1 2 2 0 1 0 0 0 0 2 1 1 -1 -1 -1 -1 0 -2 -2 -2 0 -1 0 0 -1 -1 0 -2 -1 0 -1 -2 -2 0 -1 0 0 0 0 -2 -1 -1
-1.88052967968709 1.99908212358585 -1.27390830094106 1.94081140514012 -1.11167106174269 -1 0 1 1 2 0 2 2 2 1 1 0 1 2 2 0 2 0 0 2 2 2 0 1 1 2 1 0 1 0 0 0 -1 -1 -2 0 -2 -2 -2 -1 -1 0 -1 -2 -2 0 -2 0 0 -2 -2 -2 0 -1 -1 -2 -1 0 -1 0 0
-0.116099260233913 0.779118546125169 1.71309937286332 -0.815797120548024 2.37799034263041 -1 0 0 0 1 0 2 2 2 1 0 1 0 2 2 1 2 2 0 0 1 0 0 0 0 2 1 1 2 2 1 0 0 0 -1 0 -2 -2 -2 -1 0 -1 0 -2 -2 -1 -2 -2 0 0 -1 0 0 0 0 -2 -1 -1 -2 -2 -1
-0.915241392109007 -0.647774256328794 0.0335642814917992 0.809322154073844 0.98570420906066 1 0 0 1 2 1 2 2 2 1 1 0 0 2 2 0 0 1 0 0 1 1 0 1 0 2 1 0 2 2 0 0 0 1 2 1 2 2 2 1 1 0 0 2 2 0 0 1 0 0 1 1 0 1 0 2 1 0 2 2 0
0.683892918655595 1.0710596175147 0.147056063105358 1.27722260418725 0.619788793298872 1 0 1 1 2 0 2 2 2 1 0 0 0 2 1 2 2 2 0 1 1 1 0 2 1 2 0 0 1 1 0 0 1 1 2 0 2 2 2 1 0 0 0 2 1 2 2 2 0 1 1 1 0 2 1 2 0 0 1 1 0
-0.0376851940929396 -1.85046998049715 0.137119107008226 -1.08292000288676 0.482426244358577 -1 0 0 1 2 1 2 1 1 0 0 0 1 2 1 0 2 1 0 0 0 0 0 2 0 1 0 0 0 1 0 0 0 -1 -2 -1 -2 -1 -1 0 0 0 -1 -2 -1 0 -2 -1 0 0 0 0 0 -2 0 -1 0 0 0 -1 0
-1.56407743083719 -0.207418374375466 -1.16676522677005 1.07874562564896 -0.854299971041034 -1 1 0 1 2 0 1 2 2 1 1 1 1 2 2 0 1 1 0 1 2 1 0 2 1 2 2 1 2 2 2 -1 0 -1 -2 0 -1 -2 -2 -1 -1 -1 -1 -2 -2 0 -1 -1 0 -1 -2 -1 0 -2 -1 -2 -2 -1 -2 -2 -2
-0.662924010142897 -1.27295394311188 -0.27674049009533 0.123796821492027 -1.76776586843046 -1 0 0 1 2 0 1 2 2 1 1 1 0 2 1 0 2 2 0 0 1 2 0 2 0 1 0 0 2 2 1 0 0 -1 -2 0 -1 -2 -2 -1 -1 -1 0 -2 -1 0 -2 -2 0 0 -1 -2 0 -2 0 -1 0 0 -2 -2 -1
-0.269805183828522 0.389276063265205 -0.753385225837805 1.71156144971375 -0.911243450602693 -1 0 0 1 2 0 2 1 2 1 0 1 0 2 1 1 2 2 1 2 1 1 0 1 0 1 2 0 1 2 1 0 0 -1 -2 0 -2 -1 -2 -1 0 -1 0 -2 -1 -1 -2 -2 -1 -2 -1 -1 0 -1 0 -1 -2 0 -1 -2 -1
0.827551083169884 -0.670627578060637 -0.407194848024786 1.27607340288171 1.50138519529218 1 0 0 1 2 0 1 2 2 1 1 0 0 2 1 1 2 2 0 0 1 1 0 2 0 0 0 0 1 1 0 0 0 1 2 0 1 2 2 1 1 0 0 2 1 1 2 2 0 0 1 1 0 2 0 0 0 0 1 1 0
0.125199837270227 0.799259330593982 -0.465445769881826 0.461550354783765 -0.365913833048211 1 1 0 2 2 0 0 1 2 0 0 0 0 2 1 0 1 1 0 0 1 1 0 1 0 2 0 0 1 0 0 1 0 2 2 0 0 1 2 0 0 0 0 2 1 0 1 1 0 0 1 1 0 1 0 2 0 0 1 0 0
0.533201122731614 -0.631794108480746 0.563196631169785 0.474451685902298 1.55672086688952 -1 0 0 0 1 0 2 2 2 0 1 0 0 2 2 0 2 2 0 2 2 2 0 1 0 1 1 0 0 1 0 0 0 0 -1 0 -2 -2 -2 0 -1 0 0 -2 -2 0 -2 -2 0 -2 -2 -2 0 -1 0 -1 -1 0 0 -1 0
-2.33133207889234 -1.22180501289452 1.6099128903909 -1.00768887098597 -0.152621020642885 -1 2 1 2 2 0 2 2 2 1 1 0 0 2 1 0 2 0 0 1 1 1 0 2 0 2 0 0 2 1 1 -2 -1 -2 -2 0 -2 -2 -2 -1 -1 0 0 -2 -1 0 -2 0 0 -1 -1 -1 0 -2 0 -2 0 0 -2 -1 -1
2.53457875040698 -0.824931914448866 2.41917185331408 1.99949164670101 -0.713763755276976 1 0 1 1 2 0 1 1 2 0 0 0 0 2 1 0 1 2 0 2 1 1 0 2 0 2 2 2 2 2 2 0 1 1 2 0 1 1 2 0 0 0 0 2 1 0 1 2 0 2 1 1 0 2 0 2 2 2 2 2 2
0.310303403772704 1.40073867808544 0.103661691305108 -1.78936652078511 1.65098241779606 -1 0 0 2 2 0 2 1 2 1 1 1 0 2 1 1 2 2 0 1 2 2 0 2 0 1 0 0 1 0 1 0 0 -2 -2 0 -2 -1 -2 -1 -1 -1 0 -2 -1 -1 -2 -2 0 -1 -2 -2 0 -2 0 -1 0 0 -1 0 -1
-0.48833414911644 0.613369758233471 0.671549696542659 -1.68846781675018 -0.457104800253069 -1 0 0 0 2 0 2 2 2 0 0 0 0 1 0 0 1 2 0 1 2 2 0 1 1 2 1 0 1 1 1 0 0 0 -2 0 -2 -2 -2 0 0 0 0 -1 0 0 -1 -2 0 -1 -2 -2 0 -1 -1 -2 -1 0 -1 -1 -1
-0.545255081537852 -0.715981184052017 -0.260652611053202 0.330665305588711 0.322077619021234 1 1 0 0 1 0 2 2 2 0 0 0 0 2 0 0 2 0 0 1 2 0 0 0 1 2 2 1 2 2 2 1 0 0 1 0 2 2 2 0 0 0 0 2 0 0 2 0 0 1 2 0 0 0 1 2 2 1 2 2 2
3.01514924772334 -0.213125368499113 -1.35851724900935 2.40112336079516 -0.399321010422566 1 0 0 1 1 0 2 2 1 0 0 0 0 2 2 0 2 1 0 1 1 1 0 2 0 1 1 1 2 1 0 0 0 1 1 0 2 2 1 0 0 0 0 2 2 0 2 1 0 1 1 1 0 2 0 1 1 1 2 1 0
-1.01791033901594 0.0868687726862632 -1.11082196851472 0.157030558583538 -0.697060258252263 -1 0 0 0 2 0 2 2 2 0 0 0 0 2 1 0 1 2 0 1 1 2 0 1 0 1 0 1 2 2 0 0 0 0 -2 0 -2 -2 -2 0 0 0 0 -2 -1 0 -1 -2 0 -1 -1 -2 0 -1 0 -1 0 -1 -2 -2 0
1.63411831867789 0.53163350131025 0.153450369991624 -1.22414215927855 -0.483014078426035 1 1 0 0 2 0 1 2 1 1 0 1 1 2 2 0 2 2 0 2 2 2 0 2 0 2 2 0 1 2 2 1 0 0 2 0 1 2 1 1 0 1 1 2 2 0 2 2 0 2 2 2 0 2 0 2 2 0 1 2 2
0.998783857596516 -0.215315993186762 -0.319074037528603 -0.262319913788414 1.55019458851031 -1 0 0 1 2 0 2 2 1 0 0 1 0 2 1 0 1 1 0 0 1 1 0 2 0 2 1 1 1 2 1 0 0 -1 -2 0 -2 -2 -1 0 0 -1 0 -2 -1 0 -1 -1 0 0 -1 -1 0 -2 0 -2 -1 -1 -1 -2 -1
0.154210579388835 -0.923326506298963 -1.39904980811072 -0.729310859675779 -0.34934976144172 1 0 0 0 2 0 2 2 2 0 0 1 1 2 2 0 2 2 0 1 2 0 0 1 1 1 1 0 0 1 0 0 0 0 2 0 2 2 2 0 0 1 1 2 2 0 2 2 0 1 2 0 0 1 1 1 1 0 0 1 0
0.425078704792889 0.623342842791515 -1.49216545474843 1.14935619854527 0.505497072486976 -1 0 0 2 2 1 2 2 2 0 0 1 1 2 2 0 2 2 0 0 1 1 0 1 0 2 1 1 2 2 1 0 0 -2 -2 -1 -2 -2 -2 0 0 -1 -1 -2 -2 0 -2 -2 0 0 -1 -1 0 -1 0 -2 -1 -1 -2 -2 -1
-1.99232417116948 -0.279154863982543 -0.336790555879383 0.987391396906752 -0.136317829017074 -1 0 1 2 2 1 2 2 2 0 0 0 0 2 1 0 1 2 0 2 2 1 0 2 0 2 0 0 2 2 0 0 -1 -2 -2 -1 -2 -2 -2 0 0 0 0 -2 -1 0 -1 -2 0 -2 -2 -1 0 -2 0 -2 0 0 -2 -2 0
-1.08344350549415 0.761657801616365 0.67511404954068 -0.504310802874734 1.10197064560654 1 0 0 2 2 0 2 2 2 0 0 1 0 2 1 0 1 1 0 1 1 1 0 0 2 2 2 1 2 2 1 0 0 2 2 0 2 2 2 0 0 1 0 2 1 0 1 1 0 1 1 1 0 0 2 2 2 1 2 2 1
-0.529949591955651 1.19698945619136 0.229895043581305 -0.793647060853743 -0.11416070268805 1 0 0 0 2 0 2 2 2 0 0 0 0 2 1 0 2 1 0 1 2 2 0 1 0 2 0 0 2 2 0 0 0 0 2 0 2 2 2 0 0 0 0 2 1 0 2 1 0 1 2 2 0 1 0 2 0 0 2 2 0
1.70863109898788 1.33119543866275 -0.0223687269797717 -0.790155104242501 -0.204409541645294 -1 1 0 2 1 0 1 2 2 0 0 0 0 2 2 1 1 2 0 1 2 2 0 2 0 2 0 0 0 2 1 -1 0 -2 -1 0 -1 -2 -2 0 0 0 0 -2 -2 -1 -1 -2 0 -1 -2 -2 0 -2 0 -2 0 0 0 -2 -1
2.7074963913095 0.966025740771991 2.61581988066521 -0.657108938789671 2.40262172918585 -1 0 0 2 2 1 2 2 2 0 0 0 0 2 1 0 1 0 0 1 2 2 0 1 0 2 1 0 2 2 1 0 0 -2 -2 -1 -2 -2 -2 0 0 0 0 -2 -1 0 -1 0 0 -1 -2 -2 0 -1 0 -2 -1 0 -2 -2 -1
